[name]
unknown

[dist]
# distance from previous block
# <min> <max>
0	3

[block]
# block no. 0 follows, 21 sequences, length 14
# corresponding to MSA columns:
# 3-16
name=unknown_A
#
# <colnr> <probs for GDERKNQSTAVLIFYWHMCP>
#	G	D	E	R	K	N	Q	S	T	A	V	L	I	F	Y	W	H	M	C	P
0	0.01079	0.00772	0.01031	0.01199	0.01276	0.00724	0.00833	0.01273	0.01740	0.02337	0.11311	0.58240	0.05843	0.02541	0.01083	0.00340	0.00504	0.06356	0.00806	0.00710
1	0.02692	0.01595	0.01892	0.01544	0.02057	0.01628	0.01240	0.18594	0.12390	0.23253	0.19523	0.03654	0.03614	0.01247	0.00896	0.00266	0.00684	0.01034	0.00940	0.01258
2	0.01740	0.01259	0.01415	0.01247	0.01500	0.01270	0.00872	0.15724	0.02009	0.02731	0.02693	0.13635	0.02869	0.36162	0.02622	0.00542	0.00781	0.01217	0.00634	0.09079
3	0.01146	0.00865	0.01043	0.01153	0.01276	0.00834	0.00788	0.01490	0.07066	0.02265	0.05053	0.46980	0.15109	0.09076	0.01372	0.00378	0.00531	0.02069	0.00770	0.00736
4	0.01612	0.01203	0.01362	0.01295	0.01565	0.01212	0.00957	0.17045	0.02305	0.03010	0.04865	0.33778	0.18828	0.05400	0.01163	0.00331	0.00610	0.01778	0.00793	0.00887
5	0.01089	0.00763	0.00972	0.01118	0.01154	0.00726	0.00718	0.01199	0.01527	0.02036	0.04166	0.52852	0.04967	0.20253	0.01933	0.00471	0.00580	0.02111	0.00718	0.00645
6	0.02121	0.02200	0.01528	0.01434	0.01729	0.28944	0.01060	0.02332	0.02010	0.02330	0.03266	0.03599	0.14575	0.05070	0.01140	0.05292	0.00937	0.00916	0.18701	0.00817
7	0.01974	0.01113	0.01324	0.01159	0.01559	0.00998	0.00908	0.02418	0.06738	0.21692	0.15894	0.05908	0.31572	0.01678	0.00950	0.00277	0.00533	0.01406	0.00900	0.01000
8	0.01388	0.01027	0.01405	0.01326	0.01464	0.01164	0.01001	0.01573	0.01371	0.02025	0.02108	0.03325	0.02040	0.14854	0.33233	0.08433	0.09675	0.00890	0.05993	0.05703
9	0.01194	0.00901	0.01037	0.01050	0.01212	0.00861	0.00724	0.01538	0.06353	0.02412	0.16611	0.19283	0.20983	0.19825	0.01879	0.00436	0.00559	0.01666	0.00752	0.00723
10	0.02314	0.01643	0.01848	0.04933	0.02200	0.01732	0.01261	0.23277	0.12364	0.10651	0.08538	0.04238	0.18584	0.01384	0.00905	0.00272	0.00712	0.01130	0.00842	0.01170
11	0.01361	0.01152	0.01291	0.01225	0.01506	0.01212	0.00936	0.02096	0.16315	0.02500	0.05701	0.05773	0.33520	0.06137	0.11271	0.00486	0.04547	0.01376	0.00720	0.00875
12	0.01438	0.00841	0.01023	0.01023	0.01203	0.00901	0.00782	0.01798	0.01618	0.02694	0.02578	0.03241	0.02160	0.03146	0.27020	0.00666	0.01149	0.00841	0.45100	0.00780
13	0.01425	0.01123	0.01409	0.01463	0.04829	0.01136	0.01041	0.02211	0.14915	0.03161	0.35048	0.12812	0.08760	0.01730	0.00987	0.00289	0.00527	0.05345	0.00861	0.00927

[dist]
# distance from previous block
# <min> <max>
0	1

[block]
# block no. 1 follows, 21 sequences, length 22
# corresponding to MSA columns:
# 18-39
name=unknown_B
#
# <colnr> <probs for GDERKNQSTAVLIFYWHMCP>
#	G	D	E	R	K	N	Q	S	T	A	V	L	I	F	Y	W	H	M	C	P
0	0.11385	0.01173	0.01471	0.01848	0.15290	0.01207	0.01098	0.02118	0.01719	0.03029	0.02200	0.02654	0.01774	0.01076	0.00868	0.06440	0.00596	0.00738	0.42418	0.00898
1	0.12252	0.01395	0.02010	0.44278	0.04263	0.01647	0.01795	0.02022	0.01715	0.02438	0.02956	0.03383	0.14382	0.01116	0.00836	0.00281	0.00918	0.00932	0.00486	0.00894
2	0.02127	0.02308	0.02562	0.05974	0.02525	0.16181	0.01844	0.02342	0.01562	0.02063	0.01182	0.01816	0.01114	0.01323	0.02252	0.00335	0.50457	0.00704	0.00387	0.00944
3	0.01865	0.01778	0.15685	0.01465	0.01997	0.01158	0.01418	0.02382	0.02278	0.16249	0.37560	0.04616	0.05239	0.01388	0.00929	0.00267	0.00660	0.01193	0.00833	0.01040
4	0.01601	0.01483	0.02197	0.15760	0.02765	0.01960	0.01710	0.01905	0.01408	0.02051	0.01574	0.02424	0.01446	0.02930	0.22951	0.00674	0.33083	0.00801	0.00400	0.00879
5	0.01411	0.01091	0.01204	0.01164	0.01442	0.01050	0.00866	0.11964	0.02201	0.02799	0.06143	0.27593	0.33637	0.02125	0.01005	0.00301	0.00542	0.01822	0.00801	0.00838
6	0.01902	0.06113	0.02737	0.03533	0.37946	0.01791	0.01946	0.06420	0.02072	0.02789	0.03366	0.03918	0.15627	0.01194	0.00883	0.00266	0.00855	0.04930	0.00555	0.01160
7	0.02211	0.01924	0.05804	0.08211	0.20339	0.01924	0.01865	0.11014	0.17369	0.07818	0.05857	0.02743	0.02127	0.01361	0.05333	0.00343	0.00971	0.00865	0.00660	0.01259
8	0.02513	0.08765	0.15985	0.02582	0.13424	0.19270	0.02053	0.15848	0.02471	0.03059	0.01929	0.02124	0.04429	0.00927	0.00801	0.00244	0.01147	0.00705	0.00522	0.01202
9	0.12331	0.02502	0.01923	0.01706	0.02125	0.26989	0.01326	0.14002	0.02335	0.03041	0.01768	0.02112	0.01442	0.01881	0.12414	0.00433	0.01311	0.00670	0.08685	0.01005
10	0.01204	0.00830	0.00919	0.00919	0.00960	0.00810	0.00535	0.01235	0.01339	0.01744	0.03540	0.05948	0.11963	0.60270	0.03851	0.00747	0.00768	0.01318	0.00555	0.00545
11	0.01039	0.00836	0.00926	0.00962	0.01184	0.00724	0.00699	0.01264	0.01933	0.02418	0.15100	0.21607	0.43898	0.02214	0.01023	0.00298	0.00441	0.01901	0.00810	0.00724
12	0.02867	0.03495	0.02269	0.01987	0.02495	0.52220	0.01504	0.03121	0.02269	0.02235	0.01359	0.01585	0.01132	0.00823	0.00737	0.00199	0.01335	0.00538	0.00453	0.17376
13	0.01616	0.01238	0.01389	0.01204	0.01572	0.01199	0.00940	0.14933	0.02563	0.03418	0.27386	0.05802	0.26192	0.01668	0.00951	0.00264	0.00543	0.01403	0.00843	0.04873
14	0.02287	0.02578	0.02458	0.02164	0.02329	0.25210	0.01734	0.02493	0.01700	0.02056	0.01262	0.01841	0.01174	0.01586	0.06171	0.00382	0.40549	0.00686	0.00401	0.00940
15	0.02544	0.02973	0.02412	0.02656	0.15436	0.39424	0.01726	0.02841	0.02094	0.02207	0.01576	0.02032	0.01364	0.02001	0.14545	0.00466	0.01580	0.00668	0.00438	0.01015
16	0.01817	0.01265	0.01478	0.01341	0.01583	0.01308	0.00968	0.18674	0.02144	0.02885	0.02819	0.22002	0.02994	0.17165	0.02088	0.12670	0.00741	0.01323	0.00665	0.04072
17	0.22191	0.02145	0.18308	0.07828	0.02526	0.01627	0.01681	0.05052	0.01814	0.03141	0.02107	0.03110	0.01804	0.01073	0.00752	0.00274	0.00845	0.09078	0.13652	0.00994
18	0.01547	0.01357	0.01976	0.02323	0.15599	0.01550	0.01437	0.01755	0.01525	0.02163	0.02584	0.22217	0.02885	0.16056	0.02189	0.00433	0.19668	0.01334	0.00534	0.00868
19	0.13704	0.01427	0.06011	0.04884	0.01978	0.01260	0.05184	0.01971	0.04838	0.05438	0.04358	0.04474	0.25373	0.01703	0.01280	0.12832	0.00709	0.01124	0.00616	0.00838
20	0.07200	0.02187	0.03039	0.13634	0.43892	0.10404	0.02335	0.02643	0.01932	0.02672	0.01523	0.02006	0.01255	0.00789	0.00812	0.00254	0.01073	0.00710	0.00424	0.01214
21	0.02492	0.02683	0.02854	0.08529	0.03192	0.24398	0.14179	0.10318	0.05115	0.02828	0.01643	0.01943	0.01282	0.00828	0.00816	0.00231	0.01201	0.00702	0.00514	0.14252

[dist]
# distance from previous block
# <min> <max>
8	27

[block]
# block no. 2 follows, 21 sequences, length 6
# corresponding to MSA columns:
# 69-74
name=unknown_C
#
# <colnr> <probs for GDERKNQSTAVLIFYWHMCP>
#	G	D	E	R	K	N	Q	S	T	A	V	L	I	F	Y	W	H	M	C	P
0	0.02008	0.02015	0.05196	0.07619	0.32042	0.07072	0.02058	0.02629	0.09161	0.02555	0.01806	0.02310	0.01511	0.01486	0.06090	0.07277	0.04798	0.00769	0.00466	0.01132
1	0.08879	0.02381	0.13555	0.04381	0.48831	0.02004	0.02544	0.02615	0.01869	0.02862	0.01550	0.01988	0.01264	0.00770	0.00808	0.00257	0.01019	0.00709	0.00421	0.01294
2	0.10926	0.01912	0.03076	0.12667	0.49761	0.01992	0.02377	0.02543	0.01849	0.02828	0.01540	0.02040	0.01270	0.00774	0.00806	0.00258	0.00984	0.00722	0.00428	0.01246
3	0.01987	0.01795	0.02146	0.02661	0.20975	0.09922	0.01581	0.02673	0.13048	0.06051	0.03019	0.24545	0.02998	0.01492	0.00918	0.00286	0.00831	0.01322	0.00661	0.01090
4	0.01387	0.01111	0.01481	0.01383	0.01657	0.01116	0.04065	0.06115	0.04873	0.02511	0.04232	0.23185	0.15659	0.03192	0.19325	0.00595	0.01077	0.01501	0.00671	0.04866
5	0.02003	0.01488	0.01790	0.10323	0.02268	0.01670	0.01251	0.18574	0.02209	0.03146	0.02144	0.03107	0.01899	0.17634	0.01833	0.00391	0.07947	0.00869	0.14921	0.04533

[dist]
# distance from previous block
# <min> <max>
0	1

[block]
# block no. 3 follows, 21 sequences, length 55
# corresponding to MSA columns:
# 76-130
name=unknown_D
#
# <colnr> <probs for GDERKNQSTAVLIFYWHMCP>
#	G	D	E	R	K	N	Q	S	T	A	V	L	I	F	Y	W	H	M	C	P
0	0.01488	0.11666	0.01823	0.01301	0.01574	0.04251	0.01051	0.01819	0.02004	0.02711	0.32785	0.04593	0.07893	0.02479	0.14142	0.00480	0.05233	0.01168	0.00689	0.00850
1	0.12077	0.01776	0.06353	0.02164	0.02713	0.01662	0.22778	0.02293	0.01743	0.06357	0.02540	0.03101	0.07754	0.05496	0.13639	0.00518	0.04576	0.00958	0.00519	0.00982
2	0.02080	0.01481	0.04174	0.01513	0.05350	0.04995	0.01150	0.02435	0.02189	0.19006	0.19134	0.04727	0.18201	0.01406	0.00898	0.00254	0.00652	0.01180	0.00807	0.08368
3	0.23789	0.02434	0.02350	0.02629	0.18181	0.18730	0.01690	0.06190	0.04572	0.03008	0.01464	0.01768	0.01196	0.00902	0.00926	0.00261	0.07694	0.00626	0.00495	0.01096
4	0.02199	0.15583	0.03665	0.04225	0.45865	0.06165	0.05207	0.02652	0.01929	0.02583	0.01508	0.01936	0.01280	0.00757	0.00788	0.00239	0.01043	0.00698	0.00412	0.01266
5	0.01707	0.04402	0.65683	0.02426	0.03683	0.01976	0.03144	0.02695	0.01797	0.02695	0.01527	0.01797	0.01078	0.00809	0.00809	0.00270	0.01258	0.00629	0.00359	0.01258
6	0.01006	0.00862	0.00862	0.00862	0.01149	0.00718	0.00647	0.01221	0.01940	0.02299	0.08621	0.08190	0.64438	0.02155	0.01006	0.00287	0.00431	0.01796	0.00790	0.00718
7	0.01006	0.00862	0.00862	0.00862	0.01149	0.00718	0.00647	0.01221	0.01940	0.02299	0.08621	0.08190	0.64438	0.02155	0.01006	0.00287	0.00431	0.01796	0.00790	0.00718
8	0.01006	0.00862	0.00862	0.00862	0.01149	0.00718	0.00647	0.01221	0.01940	0.02299	0.08621	0.08190	0.64438	0.02155	0.01006	0.00287	0.00431	0.01796	0.00790	0.00718
9	0.76103	0.01646	0.01251	0.01119	0.01646	0.01909	0.00922	0.02502	0.01448	0.03818	0.01185	0.01382	0.00922	0.00790	0.00527	0.00263	0.00658	0.00461	0.00527	0.00922
10	0.02117	0.01828	0.01924	0.01732	0.02213	0.02117	0.01347	0.04522	0.63246	0.03560	0.03464	0.03175	0.02598	0.01155	0.00866	0.00289	0.00673	0.00962	0.00866	0.01347
11	0.01607	0.01513	0.02552	0.68047	0.05861	0.01891	0.02363	0.02174	0.01702	0.02174	0.01513	0.02269	0.01134	0.00851	0.00851	0.00284	0.01134	0.00756	0.00378	0.00945
12	0.02468	0.56435	0.04023	0.01613	0.02279	0.16847	0.01496	0.02729	0.01874	0.02019	0.01211	0.01401	0.01093	0.00760	0.00593	0.00190	0.01043	0.00475	0.00380	0.01070
13	0.03235	0.02384	0.02554	0.01958	0.02639	0.02639	0.01618	0.61946	0.04001	0.05363	0.02043	0.02043	0.01447	0.01022	0.00851	0.00255	0.00936	0.00766	0.00851	0.01447
14	0.01765	0.01513	0.01765	0.01260	0.02017	0.01134	0.01008	0.02143	0.01765	0.02773	0.01513	0.01765	0.01260	0.00630	0.00630	0.00126	0.00630	0.00504	0.00504	0.75295
15	0.01037	0.00741	0.00987	0.01185	0.01234	0.00691	0.00790	0.01185	0.01629	0.02172	0.04690	0.69537	0.05629	0.02666	0.01086	0.00346	0.00494	0.02419	0.00790	0.00691
16	0.03818	0.01448	0.01975	0.01514	0.02172	0.01251	0.01251	0.04147	0.02436	0.65373	0.03357	0.02897	0.02107	0.01053	0.00856	0.00263	0.00724	0.00856	0.01053	0.01448
17	0.01017	0.00819	0.00907	0.00977	0.01180	0.00709	0.00697	0.01208	0.01830	0.02254	0.07228	0.29934	0.43594	0.02336	0.01034	0.00308	0.00453	0.02017	0.00790	0.00709
18	0.02106	0.02022	0.03454	0.05223	0.64784	0.02022	0.02612	0.02612	0.01938	0.02780	0.01601	0.02106	0.01348	0.00758	0.00842	0.00253	0.01011	0.00758	0.00421	0.01348
19	0.02009	0.02296	0.05022	0.03587	0.04448	0.02152	0.61693	0.02726	0.02009	0.02726	0.01722	0.02296	0.01291	0.00717	0.01004	0.00287	0.01435	0.01004	0.00430	0.01148
20	0.03265	0.02335	0.02524	0.01935	0.02615	0.02567	0.01598	0.58949	0.03920	0.08475	0.02111	0.02087	0.01481	0.01023	0.00852	0.00256	0.00925	0.00771	0.00862	0.01447
21	0.01734	0.07527	0.62793	0.02380	0.03612	0.02042	0.03065	0.02688	0.01794	0.02662	0.01511	0.01776	0.01079	0.00805	0.00796	0.00265	0.01241	0.00621	0.00360	0.01250
22	0.02043	0.01956	0.03306	0.04974	0.61149	0.01948	0.02499	0.02532	0.01938	0.02753	0.02002	0.02454	0.04952	0.00838	0.00852	0.00255	0.00978	0.00818	0.00442	0.01312
23	0.01204	0.00870	0.01138	0.01071	0.01271	0.00803	0.00803	0.01606	0.02409	0.03413	0.64335	0.06357	0.08030	0.01740	0.01004	0.00268	0.00401	0.01539	0.00937	0.00803
24	0.01958	0.01963	0.03617	0.20453	0.35229	0.02021	0.17132	0.02531	0.01896	0.02616	0.01609	0.02193	0.01281	0.00771	0.00885	0.00269	0.01146	0.00818	0.00413	0.01198
25	0.02022	0.01876	0.02828	0.07046	0.40516	0.01968	0.02128	0.03054	0.19336	0.02945	0.02526	0.02765	0.05289	0.00955	0.00859	0.00266	0.00888	0.00875	0.00566	0.01292
26	0.02076	0.01991	0.03400	0.08987	0.61254	0.02014	0.02597	0.02586	0.01924	0.02744	0.01595	0.02116	0.01335	0.00764	0.00843	0.00255	0.01018	0.00758	0.00419	0.01324
27	0.01034	0.00752	0.00976	0.01154	0.01226	0.00694	0.00776	0.01188	0.01659	0.02184	0.05063	0.63729	0.11197	0.02618	0.01079	0.00340	0.00488	0.02360	0.00790	0.00694
28	0.01283	0.01680	0.16612	0.01580	0.01957	0.01073	0.01504	0.01695	0.01754	0.02394	0.03884	0.37955	0.04350	0.02140	0.01042	0.00339	0.00751	0.16470	0.00685	0.00851
29	0.03147	0.02047	0.02152	0.01753	0.02348	0.08301	0.01409	0.18952	0.19248	0.27094	0.02848	0.02619	0.01971	0.01055	0.00849	0.00264	0.00845	0.00831	0.00890	0.01375
30	0.01316	0.01059	0.01560	0.01502	0.01630	0.01303	0.01187	0.01601	0.01358	0.01987	0.02099	0.03114	0.01971	0.05625	0.56818	0.01214	0.12542	0.00886	0.00443	0.00786
31	0.01238	0.00825	0.00928	0.00928	0.00928	0.00825	0.00516	0.01238	0.01238	0.01650	0.02681	0.05569	0.03094	0.70092	0.04331	0.00825	0.00825	0.01238	0.00516	0.00516
32	0.02106	0.02022	0.03454	0.05223	0.64784	0.02022	0.02612	0.02612	0.01938	0.02780	0.01601	0.02106	0.01348	0.00758	0.00842	0.00253	0.01011	0.00758	0.00421	0.01348
33	0.02106	0.02022	0.03454	0.05223	0.64784	0.02022	0.02612	0.02612	0.01938	0.02780	0.01601	0.02106	0.01348	0.00758	0.00842	0.00253	0.01011	0.00758	0.00421	0.01348
34	0.01148	0.00898	0.01060	0.01107	0.01353	0.00810	0.00889	0.01447	0.02023	0.02557	0.16623	0.08307	0.37325	0.02145	0.01056	0.00315	0.00531	0.18841	0.00813	0.00752
35	0.03003	0.03749	0.02488	0.02369	0.06140	0.57423	0.01718	0.03236	0.02288	0.02120	0.01314	0.01596	0.01112	0.00923	0.00948	0.00234	0.07326	0.00577	0.00432	0.01002
36	0.02057	0.02264	0.08839	0.04715	0.49480	0.02040	0.12721	0.02638	0.01938	0.02764	0.01615	0.02113	0.01316	0.00755	0.00867	0.00260	0.01103	0.00790	0.00418	0.01306
37	0.03073	0.03855	0.02515	0.02492	0.08769	0.60290	0.01740	0.03321	0.02365	0.02152	0.01344	0.01591	0.01121	0.00865	0.00775	0.00223	0.01483	0.00569	0.00437	0.01022
38	0.01111	0.00866	0.01008	0.00973	0.01214	0.00763	0.00730	0.01426	0.02189	0.02891	0.38228	0.07216	0.34462	0.01934	0.01005	0.00277	0.00415	0.01659	0.00868	0.00763
39	0.02600	0.02958	0.02974	0.03828	0.36180	0.31777	0.02166	0.02974	0.02156	0.02459	0.01469	0.01843	0.01232	0.00813	0.00808	0.00237	0.01252	0.00662	0.00429	0.01182
40	0.01152	0.00868	0.01064	0.01015	0.01239	0.00780	0.00761	0.01504	0.02284	0.03116	0.49510	0.06845	0.23039	0.01850	0.01004	0.00273	0.00409	0.01607	0.00898	0.00780
41	0.01490	0.01283	0.01325	0.01241	0.01613	0.01328	0.00952	0.02659	0.28645	0.02848	0.06374	0.06005	0.37501	0.01719	0.00945	0.00288	0.00537	0.01433	0.00823	0.00992
42	0.01079	0.00758	0.00975	0.01131	0.01170	0.00720	0.00732	0.01196	0.01546	0.02062	0.04265	0.55994	0.05092	0.16941	0.01773	0.00447	0.00564	0.02169	0.00732	0.00654
43	0.02033	0.01947	0.03322	0.14459	0.56122	0.02003	0.02575	0.02547	0.01903	0.02691	0.01588	0.02130	0.01317	0.00772	0.00844	0.00257	0.01029	0.00758	0.00415	0.01289
44	0.01731	0.01461	0.01881	0.01470	0.02058	0.01301	0.04219	0.05157	0.05293	0.02742	0.01857	0.02290	0.01569	0.02155	0.17571	0.00468	0.01111	0.00674	0.00526	0.44464
45	0.01029	0.00870	0.00894	0.00907	0.01188	0.00735	0.00693	0.01256	0.01941	0.02315	0.08360	0.08279	0.60656	0.02168	0.01017	0.00294	0.00453	0.05434	0.00790	0.00723
46	0.02106	0.02022	0.03454	0.05223	0.64784	0.02022	0.02612	0.02612	0.01938	0.02780	0.01601	0.02106	0.01348	0.00758	0.00842	0.00253	0.01011	0.00758	0.00421	0.01348
47	0.02117	0.01828	0.01924	0.01732	0.02213	0.02117	0.01347	0.04522	0.63246	0.03560	0.03464	0.03175	0.02598	0.01155	0.00866	0.00289	0.00673	0.00962	0.00866	0.01347
48	0.01968	0.01659	0.01814	0.01699	0.02123	0.01890	0.01352	0.03972	0.51034	0.03358	0.03671	0.04455	0.03056	0.01393	0.00928	0.00309	0.00695	0.12538	0.00850	0.01235
49	0.76103	0.01646	0.01251	0.01119	0.01646	0.01909	0.00922	0.02502	0.01448	0.03818	0.01185	0.01382	0.00922	0.00790	0.00527	0.00263	0.00658	0.00461	0.00527	0.00922
50	0.02275	0.70604	0.04459	0.01456	0.02184	0.03367	0.01456	0.02548	0.01729	0.02002	0.01183	0.01365	0.01092	0.00728	0.00546	0.00182	0.00910	0.00455	0.00364	0.01092
51	0.02551	0.02927	0.02990	0.06754	0.27589	0.31334	0.05497	0.02929	0.02118	0.02400	0.01453	0.01856	0.01210	0.00846	0.00901	0.00246	0.04161	0.00676	0.00425	0.01135
52	0.01008	0.00854	0.00870	0.00883	0.01155	0.00717	0.00656	0.01219	0.01920	0.02291	0.08371	0.12087	0.60702	0.02188	0.01011	0.00291	0.00435	0.01836	0.00790	0.00717
53	0.01037	0.00741	0.00987	0.01185	0.01234	0.00691	0.00790	0.01185	0.01629	0.02172	0.04690	0.69537	0.05629	0.02666	0.01086	0.00346	0.00494	0.02419	0.00790	0.00691
54	0.02275	0.70604	0.04459	0.01456	0.02184	0.03367	0.01456	0.02548	0.01729	0.02002	0.01183	0.01365	0.01092	0.00728	0.00546	0.00182	0.00910	0.00455	0.00364	0.01092

[dist]
# distance from previous block
# <min> <max>
0	1

[block]
# block no. 4 follows, 21 sequences, length 72
# corresponding to MSA columns:
# 132-203
name=unknown_E
#
# <colnr> <probs for GDERKNQSTAVLIFYWHMCP>
#	G	D	E	R	K	N	Q	S	T	A	V	L	I	F	Y	W	H	M	C	P
0	0.02123	0.02103	0.03444	0.08417	0.55370	0.04997	0.05827	0.02630	0.01951	0.02712	0.01590	0.02099	0.01322	0.00766	0.00848	0.00255	0.01065	0.00762	0.00420	0.01298
1	0.02718	0.02511	0.02604	0.02728	0.17241	0.15060	0.01800	0.24069	0.15842	0.03718	0.02098	0.02199	0.01600	0.00959	0.00836	0.00255	0.01016	0.00763	0.00671	0.01311
2	0.01204	0.00870	0.01138	0.01071	0.01271	0.00803	0.00803	0.01606	0.02409	0.03413	0.64335	0.06357	0.08030	0.01740	0.01004	0.00268	0.00401	0.01539	0.00937	0.00803
3	0.53695	0.09055	0.01833	0.01345	0.01902	0.07963	0.01120	0.09312	0.01853	0.03650	0.01294	0.01469	0.01014	0.00818	0.00587	0.00250	0.00794	0.00503	0.00539	0.01005
4	0.01516	0.01096	0.01319	0.01337	0.01518	0.01114	0.00952	0.14155	0.02115	0.02826	0.04021	0.51799	0.04604	0.05829	0.01205	0.00351	0.00605	0.02005	0.00789	0.00843
5	0.01232	0.00846	0.01033	0.01033	0.01070	0.00882	0.00647	0.01305	0.01269	0.01728	0.02585	0.05037	0.02863	0.54864	0.19243	0.00955	0.01173	0.01160	0.00501	0.00574
6	0.76103	0.01646	0.01251	0.01119	0.01646	0.01909	0.00922	0.02502	0.01448	0.03818	0.01185	0.01382	0.00922	0.00790	0.00527	0.00263	0.00658	0.00461	0.00527	0.00922
7	0.76103	0.01646	0.01251	0.01119	0.01646	0.01909	0.00922	0.02502	0.01448	0.03818	0.01185	0.01382	0.00922	0.00790	0.00527	0.00263	0.00658	0.00461	0.00527	0.00922
8	0.02106	0.02022	0.03454	0.05223	0.64784	0.02022	0.02612	0.02612	0.01938	0.02780	0.01601	0.02106	0.01348	0.00758	0.00842	0.00253	0.01011	0.00758	0.00421	0.01348
9	0.76103	0.01646	0.01251	0.01119	0.01646	0.01909	0.00922	0.02502	0.01448	0.03818	0.01185	0.01382	0.00922	0.00790	0.00527	0.00263	0.00658	0.00461	0.00527	0.00922
10	0.01006	0.00862	0.00862	0.00862	0.01149	0.00718	0.00647	0.01221	0.01940	0.02299	0.08621	0.08190	0.64438	0.02155	0.01006	0.00287	0.00431	0.01796	0.00790	0.00718
11	0.01238	0.00825	0.00928	0.00928	0.00928	0.00825	0.00516	0.01238	0.01238	0.01650	0.02681	0.05569	0.03094	0.70092	0.04331	0.00825	0.00825	0.01238	0.00516	0.00516
12	0.02117	0.01828	0.01924	0.01732	0.02213	0.02117	0.01347	0.04522	0.63246	0.03560	0.03464	0.03175	0.02598	0.01155	0.00866	0.00289	0.00673	0.00962	0.00866	0.01347
13	0.02106	0.02022	0.03454	0.05223	0.64784	0.02022	0.02612	0.02612	0.01938	0.02780	0.01601	0.02106	0.01348	0.00758	0.00842	0.00253	0.01011	0.00758	0.00421	0.01348
14	0.01707	0.04402	0.65683	0.02426	0.03683	0.01976	0.03144	0.02695	0.01797	0.02695	0.01527	0.01797	0.01078	0.00809	0.00809	0.00270	0.01258	0.00629	0.00359	0.01258
15	0.01037	0.00741	0.00987	0.01185	0.01234	0.00691	0.00790	0.01185	0.01629	0.02172	0.04690	0.69537	0.05629	0.02666	0.01086	0.00346	0.00494	0.02419	0.00790	0.00691
16	0.02275	0.70604	0.04459	0.01456	0.02184	0.03367	0.01456	0.02548	0.01729	0.02002	0.01183	0.01365	0.01092	0.00728	0.00546	0.00182	0.00910	0.00455	0.00364	0.01092
17	0.01811	0.16518	0.54478	0.02248	0.03409	0.02231	0.02835	0.02668	0.01784	0.02568	0.01464	0.01718	0.01081	0.00794	0.00760	0.00253	0.01194	0.00597	0.00360	0.01227
18	0.01927	0.02862	0.21328	0.03275	0.04242	0.02105	0.45954	0.02718	0.01952	0.02718	0.01669	0.02161	0.01234	0.00742	0.00952	0.00282	0.01387	0.00903	0.00411	0.01177
19	0.01046	0.00748	0.00996	0.01178	0.01236	0.00698	0.00791	0.01209	0.01674	0.02243	0.08093	0.65932	0.05766	0.02613	0.01081	0.00341	0.00488	0.02369	0.00798	0.00698
20	0.01018	0.00851	0.00887	0.00904	0.01164	0.00720	0.00668	0.01236	0.01932	0.02340	0.10894	0.14095	0.56003	0.02185	0.01014	0.00292	0.00436	0.01845	0.00797	0.00720
21	0.02344	0.02619	0.06102	0.04369	0.47084	0.17473	0.02405	0.02804	0.02044	0.02610	0.01529	0.01955	0.01275	0.00789	0.00823	0.00246	0.01148	0.00702	0.00422	0.01257
22	0.27900	0.02961	0.02156	0.02234	0.10655	0.35896	0.01528	0.02987	0.02019	0.02768	0.01309	0.01560	0.01071	0.00831	0.00695	0.00239	0.01165	0.00547	0.00466	0.01013
23	0.03120	0.03943	0.02469	0.02360	0.06074	0.63094	0.01698	0.03355	0.02385	0.02121	0.01331	0.01566	0.01110	0.00870	0.00771	0.00221	0.01506	0.00560	0.00438	0.01007
24	0.01204	0.00870	0.01138	0.01071	0.01271	0.00803	0.00803	0.01606	0.02409	0.03413	0.64335	0.06357	0.08030	0.01740	0.01004	0.00268	0.00401	0.01539	0.00937	0.00803
25	0.02096	0.40740	0.03654	0.01794	0.02206	0.03037	0.01632	0.02331	0.01544	0.02022	0.01154	0.01581	0.01103	0.01059	0.01522	0.00265	0.30289	0.00581	0.00368	0.01022
26	0.01066	0.00850	0.00965	0.01040	0.01258	0.00749	0.00785	0.01290	0.01868	0.02304	0.07091	0.23055	0.41838	0.02305	0.01049	0.00316	0.00497	0.10161	0.00789	0.00721
27	0.01586	0.00793	0.00793	0.00793	0.00991	0.00793	0.00595	0.01983	0.01785	0.03173	0.02776	0.03173	0.02181	0.00991	0.00595	0.00198	0.00397	0.00793	0.74817	0.00793
28	0.01204	0.00870	0.01138	0.01071	0.01271	0.00803	0.00803	0.01606	0.02409	0.03413	0.64335	0.06357	0.08030	0.01740	0.01004	0.00268	0.00401	0.01539	0.00937	0.00803
29	0.01862	0.01862	0.02607	0.02234	0.02234	0.02607	0.01862	0.02048	0.01303	0.02048	0.01117	0.01862	0.01117	0.01489	0.02793	0.00372	0.68535	0.00745	0.00372	0.00931
30	0.03235	0.02384	0.02554	0.01958	0.02639	0.02639	0.01618	0.61946	0.04001	0.05363	0.02043	0.02043	0.01447	0.01022	0.00851	0.00255	0.00936	0.00766	0.00851	0.01447
31	0.01037	0.00741	0.00987	0.01185	0.01234	0.00691	0.00790	0.01185	0.01629	0.02172	0.04690	0.69537	0.05629	0.02666	0.01086	0.00346	0.00494	0.02419	0.00790	0.00691
32	0.02106	0.02022	0.03454	0.05223	0.64784	0.02022	0.02612	0.02612	0.01938	0.02780	0.01601	0.02106	0.01348	0.00758	0.00842	0.00253	0.01011	0.00758	0.00421	0.01348
33	0.02275	0.70604	0.04459	0.01456	0.02184	0.03367	0.01456	0.02548	0.01729	0.02002	0.01183	0.01365	0.01092	0.00728	0.00546	0.00182	0.00910	0.00455	0.00364	0.01092
34	0.01143	0.00867	0.01052	0.01006	0.01233	0.00777	0.00754	0.01486	0.02263	0.03066	0.47002	0.06927	0.25579	0.01869	0.01004	0.00274	0.00411	0.01619	0.00891	0.00777
35	0.01765	0.01513	0.01765	0.01260	0.02017	0.01134	0.01008	0.02143	0.01765	0.02773	0.01513	0.01765	0.01260	0.00630	0.00630	0.00126	0.00630	0.00504	0.00504	0.75295
36	0.01520	0.01211	0.01431	0.01469	0.01764	0.01271	0.01202	0.02494	0.21007	0.02798	0.04959	0.10082	0.15344	0.01957	0.01043	0.00338	0.00670	0.27687	0.00811	0.00942
37	0.01288	0.01866	0.19850	0.01469	0.01950	0.01108	0.01463	0.01779	0.01991	0.02781	0.25502	0.20339	0.11815	0.01737	0.00967	0.00289	0.00676	0.01514	0.00717	0.00899
38	0.01037	0.00741	0.00987	0.01185	0.01234	0.00691	0.00790	0.01185	0.01629	0.02172	0.04690	0.69537	0.05629	0.02666	0.01086	0.00346	0.00494	0.02419	0.00790	0.00691
39	0.01765	0.01513	0.01765	0.01260	0.02017	0.01134	0.01008	0.02143	0.01765	0.02773	0.01513	0.01765	0.01260	0.00630	0.00630	0.00126	0.00630	0.00504	0.00504	0.75295
40	0.02142	0.21384	0.37595	0.02117	0.03092	0.11484	0.02415	0.05880	0.01982	0.02570	0.01435	0.01661	0.01104	0.00809	0.00737	0.00239	0.01190	0.00580	0.00398	0.01187
41	0.02632	0.13689	0.03391	0.02428	0.02976	0.35223	0.16495	0.02980	0.02108	0.02226	0.01378	0.01726	0.01146	0.00869	0.00973	0.00244	0.07396	0.00664	0.00419	0.01038
42	0.01053	0.00864	0.00927	0.00911	0.01178	0.00738	0.00684	0.01312	0.02051	0.02562	0.21795	0.07757	0.51100	0.02057	0.01005	0.00283	0.00424	0.01735	0.00825	0.00738
43	0.01849	0.02569	0.18105	0.02500	0.03042	0.05241	0.16215	0.02368	0.01648	0.02356	0.01499	0.02101	0.01262	0.01668	0.09031	0.00433	0.25886	0.00788	0.00396	0.01044
44	0.01052	0.00760	0.00996	0.01157	0.01233	0.00704	0.00784	0.01228	0.01722	0.02300	0.10724	0.60131	0.08963	0.02549	0.01074	0.00335	0.00481	0.02300	0.00804	0.00704
45	0.03182	0.02288	0.02481	0.01897	0.02581	0.02486	0.01565	0.55713	0.03798	0.08208	0.02079	0.02070	0.01470	0.01001	0.00839	0.00249	0.00909	0.00756	0.00842	0.05588
46	0.01586	0.00793	0.00793	0.00793	0.00991	0.00793	0.00595	0.01983	0.01785	0.03173	0.02776	0.03173	0.02181	0.00991	0.00595	0.00198	0.00397	0.00793	0.74817	0.00793
47	0.01238	0.00825	0.00928	0.00928	0.00928	0.00825	0.00516	0.01238	0.01238	0.01650	0.02681	0.05569	0.03094	0.70092	0.04331	0.00825	0.00825	0.01238	0.00516	0.00516
48	0.01037	0.00741	0.00987	0.01185	0.01234	0.00691	0.00790	0.01185	0.01629	0.02172	0.04690	0.69537	0.05629	0.02666	0.01086	0.00346	0.00494	0.02419	0.00790	0.00691
49	0.02046	0.01959	0.03313	0.04986	0.61316	0.01951	0.02505	0.02536	0.01938	0.02754	0.01983	0.02438	0.04786	0.00834	0.00851	0.00255	0.00979	0.00815	0.00441	0.01314
50	0.01607	0.01513	0.02552	0.68047	0.05861	0.01891	0.02363	0.02174	0.01702	0.02174	0.01513	0.02269	0.01134	0.00851	0.00851	0.00284	0.01134	0.00756	0.00378	0.00945
51	0.02275	0.70604	0.04459	0.01456	0.02184	0.03367	0.01456	0.02548	0.01729	0.02002	0.01183	0.01365	0.01092	0.00728	0.00546	0.00182	0.00910	0.00455	0.00364	0.01092
52	0.02117	0.01828	0.01924	0.01732	0.02213	0.02117	0.01347	0.04522	0.63246	0.03560	0.03464	0.03175	0.02598	0.01155	0.00866	0.00289	0.00673	0.00962	0.00866	0.01347
53	0.01088	0.00923	0.00949	0.00948	0.01242	0.00812	0.00724	0.01438	0.05439	0.02384	0.08112	0.07977	0.57807	0.02108	0.01007	0.00293	0.00463	0.04732	0.00794	0.00758
54	0.03179	0.04056	0.02412	0.02192	0.02631	0.66676	0.01644	0.03398	0.02412	0.02083	0.01315	0.01535	0.01096	0.00877	0.00767	0.00219	0.01535	0.00548	0.00438	0.00987
55	0.02275	0.70604	0.04459	0.01456	0.02184	0.03367	0.01456	0.02548	0.01729	0.02002	0.01183	0.01365	0.01092	0.00728	0.00546	0.00182	0.00910	0.00455	0.00364	0.01092
56	0.03005	0.01268	0.01714	0.01376	0.01892	0.01111	0.01111	0.03357	0.02427	0.46096	0.22328	0.03973	0.03949	0.01267	0.00902	0.00265	0.00624	0.01068	0.01017	0.01248
57	0.01238	0.00825	0.00928	0.00928	0.00928	0.00825	0.00516	0.01238	0.01238	0.01650	0.02681	0.05569	0.03094	0.70092	0.04331	0.00825	0.00825	0.01238	0.00516	0.00516
58	0.01037	0.00741	0.00987	0.01185	0.01234	0.00691	0.00790	0.01185	0.01629	0.02172	0.04690	0.69537	0.05629	0.02666	0.01086	0.00346	0.00494	0.02419	0.00790	0.00691
59	0.03235	0.02384	0.02554	0.01958	0.02639	0.02639	0.01618	0.61946	0.04001	0.05363	0.02043	0.02043	0.01447	0.01022	0.00851	0.00255	0.00936	0.00766	0.00851	0.01447
60	0.01091	0.00869	0.00985	0.01001	0.01245	0.00763	0.00764	0.01365	0.02035	0.02580	0.21158	0.11398	0.41773	0.02106	0.01027	0.00297	0.00463	0.07514	0.00824	0.00743
61	0.02106	0.02022	0.03454	0.05223	0.64784	0.02022	0.02612	0.02612	0.01938	0.02780	0.01601	0.02106	0.01348	0.00758	0.00842	0.00253	0.01011	0.00758	0.00421	0.01348
62	0.01216	0.00912	0.01368	0.01368	0.01520	0.01064	0.01064	0.01520	0.01368	0.01976	0.02279	0.03343	0.02127	0.06382	0.66720	0.01368	0.02279	0.00912	0.00456	0.00760
63	0.06440	0.01820	0.02927	0.13885	0.40983	0.01856	0.02234	0.02817	0.01965	0.14078	0.01882	0.02234	0.01429	0.00828	0.00829	0.00260	0.00958	0.00759	0.00535	0.01281
64	0.02904	0.02390	0.02356	0.01916	0.02514	0.08937	0.01541	0.39341	0.21079	0.04508	0.02383	0.02321	0.01747	0.01046	0.00847	0.00261	0.00920	0.00801	0.00814	0.01372
65	0.01029	0.00770	0.00957	0.01108	0.01214	0.00698	0.00756	0.01194	0.01704	0.02203	0.05630	0.54874	0.19685	0.02544	0.01067	0.00332	0.00479	0.02270	0.00790	0.00698
66	0.06423	0.06142	0.17395	0.07682	0.03007	0.21254	0.01999	0.09059	0.08136	0.02805	0.01637	0.01883	0.01270	0.00941	0.00951	0.00261	0.06878	0.00656	0.00495	0.01126
67	0.02260	0.66774	0.04491	0.01576	0.02311	0.03299	0.04834	0.02558	0.01745	0.02043	0.01213	0.01417	0.01103	0.00727	0.00572	0.00188	0.00940	0.00486	0.00368	0.01095
68	0.01223	0.00912	0.01177	0.01321	0.01519	0.00866	0.01090	0.01531	0.01904	0.02424	0.05636	0.18229	0.20959	0.02346	0.01117	0.00357	0.00646	0.35204	0.00786	0.00752
69	0.03179	0.04056	0.02412	0.02192	0.02631	0.66676	0.01644	0.03398	0.02412	0.02083	0.01315	0.01535	0.01096	0.00877	0.00767	0.00219	0.01535	0.00548	0.00438	0.00987
70	0.01924	0.01770	0.02808	0.12266	0.39374	0.01857	0.02199	0.02678	0.10531	0.02762	0.02275	0.06024	0.02036	0.01067	0.00890	0.00280	0.00934	0.06584	0.00530	0.01211
71	0.01883	0.01698	0.09655	0.04591	0.04913	0.01429	0.01485	0.13258	0.02310	0.06452	0.11713	0.10376	0.06172	0.01597	0.01073	0.04566	0.00773	0.10179	0.04874	0.01003

[dist]
# distance from previous block
# <min> <max>
0	35

[block]
# block no. 5 follows, 21 sequences, length 78
# corresponding to MSA columns:
# 239-316
name=unknown_F
#
# <colnr> <probs for GDERKNQSTAVLIFYWHMCP>
#	G	D	E	R	K	N	Q	S	T	A	V	L	I	F	Y	W	H	M	C	P
0	0.02590	0.02510	0.02733	0.02804	0.16787	0.17039	0.05302	0.18933	0.09434	0.03323	0.01889	0.02150	0.01489	0.01257	0.04749	0.00322	0.04110	0.00758	0.00592	0.01228
1	0.01578	0.01389	0.02022	0.02223	0.12843	0.01649	0.01488	0.01858	0.01567	0.02292	0.06035	0.07042	0.05461	0.06569	0.16684	0.00584	0.22897	0.01015	0.03902	0.00903
2	0.01765	0.08627	0.22363	0.02268	0.09811	0.05228	0.04583	0.02461	0.05379	0.02758	0.14983	0.03370	0.02942	0.01433	0.04833	0.00332	0.01043	0.04180	0.00553	0.01087
3	0.18232	0.01889	0.01784	0.01997	0.12833	0.13291	0.01282	0.04987	0.02001	0.02848	0.06895	0.03882	0.18475	0.04938	0.00999	0.00290	0.00827	0.01000	0.00600	0.00951
4	0.06635	0.62572	0.04149	0.01481	0.02180	0.07098	0.01436	0.02597	0.01754	0.02113	0.01191	0.01376	0.01082	0.00741	0.00558	0.00189	0.00933	0.00461	0.00378	0.01076
5	0.01875	0.02493	0.17586	0.03153	0.18757	0.02190	0.09005	0.02393	0.01661	0.02457	0.01457	0.02026	0.01233	0.01286	0.04595	0.00355	0.25200	0.00758	0.00392	0.01129
6	0.02045	0.17609	0.09708	0.02104	0.02714	0.13509	0.15146	0.02501	0.01895	0.02373	0.04850	0.02332	0.01720	0.01808	0.12256	0.00433	0.01364	0.00764	0.03851	0.01017
7	0.08728	0.08965	0.02347	0.02208	0.13133	0.16660	0.01492	0.09303	0.05048	0.05538	0.03140	0.03191	0.14548	0.01138	0.00806	0.00249	0.00932	0.00887	0.00602	0.01087
8	0.08593	0.32398	0.05945	0.01961	0.05731	0.27964	0.01620	0.02888	0.01988	0.02252	0.01272	0.01491	0.01093	0.00797	0.00658	0.00211	0.01155	0.00516	0.00409	0.01058
9	0.01894	0.01490	0.01716	0.01552	0.01824	0.01683	0.01170	0.15386	0.16099	0.03083	0.03073	0.20660	0.03064	0.13767	0.01751	0.00401	0.08335	0.01327	0.00725	0.01003
10	0.01615	0.01224	0.01399	0.01304	0.01616	0.01198	0.00974	0.15709	0.02273	0.03010	0.04653	0.34203	0.17190	0.01989	0.00974	0.00293	0.00597	0.01725	0.00780	0.07275
11	0.01888	0.01214	0.01569	0.15828	0.02467	0.01176	0.01167	0.02310	0.01834	0.09836	0.02231	0.02573	0.01700	0.00873	0.00690	0.00205	0.00657	0.00716	0.30616	0.20449
12	0.02117	0.01828	0.01924	0.01732	0.02213	0.02117	0.01347	0.04522	0.63246	0.03560	0.03464	0.03175	0.02598	0.01155	0.00866	0.00289	0.00673	0.00962	0.00866	0.01347
13	0.01063	0.00864	0.00942	0.00922	0.01185	0.00743	0.00692	0.01332	0.02075	0.02621	0.24722	0.07660	0.48137	0.02035	0.01005	0.00282	0.00423	0.01722	0.00833	0.00743
14	0.40069	0.01547	0.01612	0.01316	0.01908	0.01581	0.01086	0.03322	0.01941	0.34504	0.02268	0.02137	0.01512	0.00921	0.00691	0.00263	0.00691	0.00658	0.00789	0.01184
15	0.02117	0.01828	0.01924	0.01732	0.02213	0.02117	0.01347	0.04522	0.63246	0.03560	0.03464	0.03175	0.02598	0.01155	0.00866	0.00289	0.00673	0.00962	0.00866	0.01347
16	0.03235	0.02384	0.02554	0.01958	0.02639	0.02639	0.01618	0.61946	0.04001	0.05363	0.02043	0.02043	0.01447	0.01022	0.00851	0.00255	0.00936	0.00766	0.00851	0.01447
17	0.03235	0.02384	0.02554	0.01958	0.02639	0.02639	0.01618	0.61946	0.04001	0.05363	0.02043	0.02043	0.01447	0.01022	0.00851	0.00255	0.00936	0.00766	0.00851	0.01447
18	0.01037	0.00741	0.00987	0.01185	0.01234	0.00691	0.00790	0.01185	0.01629	0.02172	0.04690	0.69537	0.05629	0.02666	0.01086	0.00346	0.00494	0.02419	0.00790	0.00691
19	0.01607	0.01513	0.02552	0.68047	0.05861	0.01891	0.02363	0.02174	0.01702	0.02174	0.01513	0.02269	0.01134	0.00851	0.00851	0.00284	0.01134	0.00756	0.00378	0.00945
20	0.01607	0.01513	0.02552	0.68047	0.05861	0.01891	0.02363	0.02174	0.01702	0.02174	0.01513	0.02269	0.01134	0.00851	0.00851	0.00284	0.01134	0.00756	0.00378	0.00945
21	0.02128	0.01827	0.02522	0.32565	0.11008	0.02117	0.02014	0.15856	0.15128	0.03234	0.02048	0.02391	0.01534	0.00942	0.00853	0.00275	0.00980	0.00802	0.00589	0.01185
22	0.03235	0.02384	0.02554	0.01958	0.02639	0.02639	0.01618	0.61946	0.04001	0.05363	0.02043	0.02043	0.01447	0.01022	0.00851	0.00255	0.00936	0.00766	0.00851	0.01447
23	0.02009	0.02296	0.05022	0.03587	0.04448	0.02152	0.61693	0.02726	0.02009	0.02726	0.01722	0.02296	0.01291	0.00717	0.01004	0.00287	0.01435	0.01004	0.00430	0.01148
24	0.01006	0.00862	0.00862	0.00862	0.01149	0.00718	0.00647	0.01221	0.01940	0.02299	0.08621	0.08190	0.64438	0.02155	0.01006	0.00287	0.00431	0.01796	0.00790	0.00718
25	0.10315	0.01873	0.03018	0.17925	0.45345	0.01982	0.02370	0.02508	0.01833	0.02770	0.01536	0.02059	0.01255	0.00781	0.00809	0.00260	0.00997	0.00724	0.00424	0.01216
26	0.01682	0.01630	0.01765	0.01886	0.07602	0.13991	0.01321	0.01988	0.01625	0.02071	0.02028	0.02875	0.01853	0.04784	0.47708	0.01040	0.02016	0.00826	0.00449	0.00859
27	0.04996	0.01600	0.02297	0.14985	0.21298	0.01713	0.01820	0.02750	0.14143	0.06271	0.03099	0.03863	0.08500	0.01202	0.00892	0.00286	0.00850	0.07683	0.00622	0.01130
28	0.01216	0.00912	0.01368	0.01368	0.01520	0.01064	0.01064	0.01520	0.01368	0.01976	0.02279	0.03343	0.02127	0.06382	0.66720	0.01368	0.02279	0.00912	0.00456	0.00760
29	0.02106	0.02022	0.03454	0.05223	0.64784	0.02022	0.02612	0.02612	0.01938	0.02780	0.01601	0.02106	0.01348	0.00758	0.00842	0.00253	0.01011	0.00758	0.00421	0.01348
30	0.03179	0.04056	0.02412	0.02192	0.02631	0.66676	0.01644	0.03398	0.02412	0.02083	0.01315	0.01535	0.01096	0.00877	0.00767	0.00219	0.01535	0.00548	0.00438	0.00987
31	0.01059	0.00838	0.00954	0.00979	0.01196	0.00733	0.00714	0.01305	0.01986	0.02536	0.20979	0.20609	0.38770	0.02164	0.01022	0.00295	0.00437	0.01866	0.00825	0.00733
32	0.02194	0.05786	0.06241	0.02969	0.26041	0.01752	0.01859	0.02820	0.07784	0.13701	0.02217	0.02570	0.01750	0.02133	0.15855	0.00509	0.01225	0.00805	0.00577	0.01211
33	0.01108	0.00812	0.01040	0.01097	0.01241	0.00744	0.00779	0.01378	0.02014	0.02742	0.31856	0.34253	0.13397	0.02193	0.01040	0.00304	0.00445	0.01954	0.00856	0.00744
34	0.02282	0.02545	0.07010	0.04490	0.49515	0.14072	0.02463	0.02763	0.02018	0.02645	0.01543	0.01981	0.01285	0.00783	0.00826	0.00248	0.01123	0.00711	0.00421	0.01275
35	0.02626	0.02810	0.02170	0.01881	0.02277	0.34670	0.04557	0.12804	0.02378	0.02649	0.01833	0.02603	0.01648	0.15401	0.01531	0.00355	0.01212	0.00768	0.04862	0.00964
36	0.01057	0.00869	0.00933	0.00930	0.01198	0.00745	0.00706	0.01313	0.02023	0.02505	0.18187	0.07932	0.51896	0.02091	0.01013	0.00289	0.00442	0.04319	0.00816	0.00736
37	0.01607	0.01513	0.02552	0.68047	0.05861	0.01891	0.02363	0.02174	0.01702	0.02174	0.01513	0.02269	0.01134	0.00851	0.00851	0.00284	0.01134	0.00756	0.00378	0.00945
38	0.76103	0.01646	0.01251	0.01119	0.01646	0.01909	0.00922	0.02502	0.01448	0.03818	0.01185	0.01382	0.00922	0.00790	0.00527	0.00263	0.00658	0.00461	0.00527	0.00922
39	0.03179	0.04056	0.02412	0.02192	0.02631	0.66676	0.01644	0.03398	0.02412	0.02083	0.01315	0.01535	0.01096	0.00877	0.00767	0.00219	0.01535	0.00548	0.00438	0.00987
40	0.01006	0.00862	0.00862	0.00862	0.01149	0.00718	0.00647	0.01221	0.01940	0.02299	0.08621	0.08190	0.64438	0.02155	0.01006	0.00287	0.00431	0.01796	0.00790	0.00718
41	0.03179	0.04056	0.02412	0.02192	0.02631	0.66676	0.01644	0.03398	0.02412	0.02083	0.01315	0.01535	0.01096	0.00877	0.00767	0.00219	0.01535	0.00548	0.00438	0.00987
42	0.02117	0.01828	0.01924	0.01732	0.02213	0.02117	0.01347	0.04522	0.63246	0.03560	0.03464	0.03175	0.02598	0.01155	0.00866	0.00289	0.00673	0.00962	0.00866	0.01347
43	0.01607	0.01513	0.02552	0.68047	0.05861	0.01891	0.02363	0.02174	0.01702	0.02174	0.01513	0.02269	0.01134	0.00851	0.00851	0.00284	0.01134	0.00756	0.00378	0.00945
44	0.01009	0.00848	0.00877	0.00900	0.01159	0.00715	0.00663	0.01217	0.01904	0.02284	0.08164	0.15329	0.57594	0.02215	0.01015	0.00294	0.00438	0.01869	0.00790	0.00715
45	0.02857	0.02094	0.16404	0.01693	0.02416	0.01453	0.01640	0.03559	0.08538	0.37511	0.10047	0.03077	0.02612	0.01088	0.00863	0.00268	0.00803	0.00894	0.00862	0.01319
46	0.02081	0.01996	0.03408	0.08429	0.61778	0.02015	0.02599	0.02589	0.01926	0.02749	0.01596	0.02115	0.01337	0.00763	0.00843	0.00254	0.01017	0.00758	0.00419	0.01327
47	0.01065	0.00762	0.01012	0.01166	0.01240	0.00710	0.00792	0.01255	0.01759	0.02378	0.14584	0.59056	0.06027	0.02512	0.01073	0.00333	0.00478	0.02273	0.00814	0.00710
48	0.01308	0.00842	0.01022	0.01022	0.01109	0.00885	0.00687	0.01481	0.01394	0.02076	0.02589	0.04415	0.02621	0.36957	0.21081	0.00840	0.01140	0.01048	0.16834	0.00645
49	0.03179	0.04056	0.02412	0.02192	0.02631	0.66676	0.01644	0.03398	0.02412	0.02083	0.01315	0.01535	0.01096	0.00877	0.00767	0.00219	0.01535	0.00548	0.00438	0.00987
50	0.60583	0.02207	0.11868	0.01382	0.02025	0.04871	0.01319	0.02574	0.01549	0.03555	0.01247	0.01457	0.00955	0.00797	0.00584	0.00262	0.00797	0.00492	0.00495	0.00980
51	0.01907	0.09458	0.14218	0.02265	0.02904	0.02125	0.16012	0.05420	0.11892	0.02705	0.01965	0.02377	0.01579	0.01864	0.12271	0.00465	0.08133	0.00821	0.00500	0.01120
52	0.01302	0.00857	0.01092	0.01076	0.01218	0.00892	0.00782	0.01586	0.01673	0.02509	0.16632	0.04458	0.03689	0.17439	0.23534	0.00736	0.01116	0.01096	0.17586	0.00726
53	0.02275	0.70604	0.04459	0.01456	0.02184	0.03367	0.01456	0.02548	0.01729	0.02002	0.01183	0.01365	0.01092	0.00728	0.00546	0.00182	0.00910	0.00455	0.00364	0.01092
54	0.03562	0.01860	0.02230	0.01709	0.02378	0.01861	0.01412	0.29562	0.03124	0.38987	0.02780	0.02521	0.01817	0.01039	0.00854	0.00260	0.00817	0.00816	0.00964	0.01448
55	0.01024	0.00835	0.00906	0.00948	0.01176	0.00717	0.00688	0.01235	0.01896	0.02333	0.10884	0.22079	0.47824	0.02248	0.01024	0.00300	0.00444	0.01924	0.00799	0.00717
56	0.01065	0.00864	0.00944	0.00924	0.01186	0.00743	0.00693	0.01335	0.02079	0.02629	0.25133	0.07647	0.47721	0.02032	0.01005	0.00282	0.00422	0.01720	0.00834	0.00743
57	0.01006	0.00862	0.00862	0.00862	0.01149	0.00718	0.00647	0.01221	0.01940	0.02299	0.08621	0.08190	0.64438	0.02155	0.01006	0.00287	0.00431	0.01796	0.00790	0.00718
58	0.03818	0.01448	0.01975	0.01514	0.02172	0.01251	0.01251	0.04147	0.02436	0.65373	0.03357	0.02897	0.02107	0.01053	0.00856	0.00263	0.00724	0.00856	0.01053	0.01448
59	0.01467	0.01177	0.01759	0.02345	0.18696	0.01166	0.01397	0.01752	0.01726	0.02336	0.03372	0.20532	0.03718	0.16181	0.01725	0.00434	0.00788	0.17939	0.00630	0.00860
60	0.01586	0.00793	0.00793	0.00793	0.00991	0.00793	0.00595	0.01983	0.01785	0.03173	0.02776	0.03173	0.02181	0.00991	0.00595	0.00198	0.00397	0.00793	0.74817	0.00793
61	0.76103	0.01646	0.01251	0.01119	0.01646	0.01909	0.00922	0.02502	0.01448	0.03818	0.01185	0.01382	0.00922	0.00790	0.00527	0.00263	0.00658	0.00461	0.00527	0.00922
62	0.01047	0.00774	0.00982	0.01144	0.01243	0.00710	0.00791	0.01218	0.01701	0.02213	0.05397	0.55609	0.16288	0.02559	0.01076	0.00337	0.00496	0.04927	0.00790	0.00700
63	0.01707	0.04402	0.65683	0.02426	0.03683	0.01976	0.03144	0.02695	0.01797	0.02695	0.01527	0.01797	0.01078	0.00809	0.00809	0.00270	0.01258	0.00629	0.00359	0.01258
64	0.01607	0.01513	0.02552	0.68047	0.05861	0.01891	0.02363	0.02174	0.01702	0.02174	0.01513	0.02269	0.01134	0.00851	0.00851	0.00284	0.01134	0.00756	0.00378	0.00945
65	0.01037	0.00741	0.00987	0.01185	0.01234	0.00691	0.00790	0.01185	0.01629	0.02172	0.04690	0.69537	0.05629	0.02666	0.01086	0.00346	0.00494	0.02419	0.00790	0.00691
66	0.01410	0.00998	0.01149	0.01129	0.01421	0.00922	0.00872	0.01858	0.07371	0.07981	0.12356	0.13781	0.35116	0.02007	0.01008	0.00301	0.00521	0.08115	0.00833	0.00849
