[name]
unknown

[dist]
# distance from previous block
# <min> <max>
3	88

[block]
# block no. 0 follows, 22 sequences, length 14
# corresponding to MSA columns:
# 95-108
name=unknown_A
#
# <colnr> <probs for GDERKNQSTAVLIFYWHMCP>
#	G	D	E	R	K	N	Q	S	T	A	V	L	I	F	Y	W	H	M	C	P
0	0.02317	0.48181	0.12930	0.01702	0.02431	0.15905	0.01696	0.02674	0.01831	0.02068	0.01229	0.01427	0.01065	0.00751	0.00613	0.00197	0.01059	0.00487	0.00369	0.01069
1	0.01502	0.00912	0.01181	0.01103	0.01351	0.00823	0.00830	0.01830	0.02202	0.12131	0.41994	0.14946	0.12427	0.01770	0.00971	0.00273	0.00453	0.01553	0.00896	0.00851
2	0.02273	0.16027	0.03099	0.06742	0.28065	0.15316	0.01946	0.02937	0.10919	0.02506	0.01684	0.01961	0.01382	0.00818	0.00754	0.00233	0.01028	0.00669	0.00464	0.01175
3	0.01028	0.00747	0.00973	0.01147	0.01226	0.00693	0.00790	0.01192	0.01638	0.02153	0.04938	0.60852	0.11203	0.02537	0.01058	0.00334	0.00492	0.05545	0.00771	0.00682
4	0.17779	0.02187	0.06372	0.03867	0.43636	0.07224	0.02156	0.02593	0.01821	0.02867	0.01451	0.01846	0.01194	0.00759	0.00750	0.00247	0.00969	0.00656	0.00431	0.01195
5	0.03103	0.03959	0.02354	0.02140	0.02568	0.67469	0.01605	0.03317	0.02354	0.02033	0.01284	0.01498	0.01070	0.00856	0.00749	0.00214	0.01498	0.00535	0.00428	0.00963
6	0.02017	0.02083	0.04000	0.04444	0.40480	0.02026	0.27189	0.02595	0.01920	0.02692	0.01611	0.02132	0.01293	0.00724	0.00887	0.00260	0.01157	0.00839	0.00415	0.01236
7	0.09615	0.06664	0.02122	0.01785	0.02207	0.43316	0.01371	0.02929	0.02232	0.05561	0.12260	0.02344	0.02257	0.00993	0.00759	0.00226	0.01158	0.00702	0.00545	0.00954
8	0.01773	0.24235	0.25017	0.08910	0.08973	0.02169	0.02094	0.02314	0.01714	0.02302	0.01837	0.11593	0.01729	0.01026	0.00756	0.00247	0.00978	0.00838	0.00421	0.01075
9	0.01187	0.00890	0.01335	0.01335	0.01483	0.01038	0.01038	0.01483	0.01335	0.01928	0.02225	0.03264	0.02077	0.06231	0.67512	0.01335	0.02225	0.00890	0.00445	0.00742
10	0.01853	0.01809	0.01731	0.11185	0.02375	0.14570	0.01285	0.05371	0.14160	0.02851	0.19809	0.04162	0.12829	0.01323	0.00880	0.00260	0.00796	0.01093	0.00700	0.00959
11	0.02088	0.02059	0.03438	0.23859	0.13324	0.05245	0.22832	0.11606	0.02170	0.02859	0.01628	0.02133	0.01234	0.00799	0.00877	0.00266	0.01180	0.00813	0.00465	0.01124
12	0.01810	0.01665	0.02490	0.36631	0.16648	0.01935	0.02068	0.02872	0.19814	0.02633	0.02046	0.02440	0.01563	0.00898	0.00833	0.00272	0.00953	0.00797	0.00516	0.01115
13	0.02314	0.01297	0.01579	0.01350	0.01774	0.01258	0.01061	0.09398	0.09721	0.24405	0.16166	0.11722	0.11429	0.01481	0.00908	0.00272	0.00601	0.01257	0.00901	0.01105

[dist]
# distance from previous block
# <min> <max>
0	3

[block]
# block no. 1 follows, 22 sequences, length 11
# corresponding to MSA columns:
# 112-122
name=unknown_B
#
# <colnr> <probs for GDERKNQSTAVLIFYWHMCP>
#	G	D	E	R	K	N	Q	S	T	A	V	L	I	F	Y	W	H	M	C	P
0	0.02155	0.02168	0.03152	0.03738	0.34131	0.08336	0.07688	0.06261	0.01911	0.02622	0.01455	0.01956	0.01237	0.00944	0.01311	0.00276	0.18323	0.00740	0.00428	0.01168
1	0.02072	0.48093	0.18279	0.01987	0.06848	0.02834	0.04955	0.02533	0.01730	0.02193	0.01284	0.01522	0.01090	0.00730	0.00633	0.00207	0.00997	0.00529	0.00361	0.01122
2	0.52847	0.01862	0.08415	0.12016	0.02500	0.01833	0.01372	0.02497	0.01541	0.06690	0.01356	0.01609	0.01011	0.00796	0.00611	0.00261	0.00782	0.00534	0.00501	0.00966
3	0.01081	0.00845	0.00979	0.00946	0.01183	0.00744	0.00709	0.01385	0.02128	0.02802	0.37526	0.07077	0.35827	0.01896	0.00981	0.00271	0.00406	0.01625	0.00845	0.00744
4	0.02247	0.02583	0.07411	0.07283	0.40967	0.17298	0.05073	0.02719	0.01982	0.02518	0.01494	0.01921	0.01228	0.00773	0.00811	0.00243	0.01147	0.00694	0.00409	0.01199
5	0.01104	0.00870	0.01010	0.01065	0.01271	0.00800	0.00791	0.01448	0.05241	0.02423	0.13243	0.25728	0.32383	0.02166	0.01012	0.00304	0.00479	0.07129	0.00791	0.00742
6	0.01187	0.00890	0.01335	0.01335	0.01483	0.01038	0.01038	0.01483	0.01335	0.01928	0.02225	0.03264	0.02077	0.06231	0.67512	0.01335	0.02225	0.00890	0.00445	0.00742
7	0.01666	0.04297	0.66500	0.02368	0.03596	0.01929	0.03069	0.02631	0.01754	0.02631	0.01491	0.01754	0.01052	0.00789	0.00789	0.00263	0.01228	0.00614	0.00351	0.01228
8	0.01797	0.02077	0.07137	0.03059	0.09074	0.01925	0.38694	0.02366	0.01861	0.02533	0.02573	0.02987	0.10507	0.00992	0.01143	0.00285	0.08444	0.01025	0.00461	0.01060
9	0.01619	0.07217	0.01491	0.01121	0.01436	0.01062	0.00889	0.01971	0.02250	0.12202	0.44816	0.05461	0.12156	0.01554	0.00919	0.00255	0.00485	0.01337	0.00867	0.00892
10	0.02179	0.02694	0.09296	0.21691	0.07450	0.23524	0.02042	0.02698	0.05186	0.02237	0.01461	0.01905	0.01176	0.00944	0.01101	0.00267	0.12057	0.00667	0.00414	0.01012

[dist]
# distance from previous block
# <min> <max>
0	2

[block]
# block no. 2 follows, 22 sequences, length 20
# corresponding to MSA columns:
# 125-144
name=unknown_C
#
# <colnr> <probs for GDERKNQSTAVLIFYWHMCP>
#	G	D	E	R	K	N	Q	S	T	A	V	L	I	F	Y	W	H	M	C	P
0	0.02560	0.02929	0.02882	0.03675	0.35281	0.33490	0.02095	0.02919	0.02114	0.02386	0.01429	0.01788	0.01198	0.00796	0.00787	0.00231	0.01233	0.00641	0.00419	0.01146
1	0.01937	0.01693	0.02764	0.04086	0.50480	0.01693	0.02088	0.02406	0.01857	0.02804	0.01831	0.02300	0.01506	0.00794	0.00766	0.00234	0.00846	0.00748	0.17977	0.01189
2	0.02279	0.01622	0.02024	0.05435	0.13802	0.01734	0.01440	0.17605	0.12457	0.08084	0.02410	0.02571	0.01813	0.00956	0.00760	0.00240	0.00730	0.00791	0.22074	0.01172
3	0.01991	0.01907	0.03254	0.13632	0.57599	0.01957	0.02517	0.02492	0.01861	0.02635	0.01551	0.02077	0.01288	0.00752	0.00824	0.00251	0.01003	0.00740	0.00406	0.01263
4	0.01130	0.00847	0.01047	0.00997	0.01213	0.00765	0.00748	0.01480	0.02244	0.03077	0.51889	0.06625	0.21292	0.01793	0.00980	0.00266	0.00399	0.01561	0.00881	0.00765
5	0.01222	0.00942	0.01403	0.01382	0.01522	0.01123	0.01082	0.01512	0.01332	0.01932	0.02162	0.03183	0.02022	0.05964	0.63893	0.01281	0.05971	0.00881	0.00440	0.00751
6	0.01259	0.00801	0.00887	0.00887	0.00915	0.00801	0.00515	0.01316	0.01287	0.01831	0.02631	0.05089	0.02888	0.60444	0.03687	0.00715	0.00743	0.01144	0.11617	0.00544
7	0.01012	0.00723	0.00964	0.01157	0.01205	0.00675	0.00771	0.01157	0.01591	0.02121	0.04579	0.70262	0.05495	0.02603	0.01060	0.00337	0.00482	0.02362	0.00771	0.00675
8	0.01723	0.01477	0.01723	0.01230	0.01969	0.01107	0.00984	0.02092	0.01723	0.02707	0.01477	0.01723	0.01230	0.00615	0.00615	0.00123	0.00615	0.00492	0.00492	0.75883
9	0.01008	0.00741	0.00946	0.01110	0.01193	0.00679	0.00750	0.01162	0.01635	0.02139	0.05148	0.61024	0.14365	0.02529	0.01049	0.00329	0.00473	0.02271	0.00771	0.00679
10	0.01075	0.00845	0.00971	0.00940	0.01180	0.00741	0.00705	0.01373	0.02115	0.02769	0.35805	0.07132	0.37569	0.01908	0.00981	0.00271	0.00407	0.01632	0.00840	0.00741
11	0.01244	0.00746	0.01026	0.01090	0.01114	0.00739	0.00717	0.01152	0.01287	0.01725	0.02735	0.25538	0.03102	0.15026	0.06351	0.33263	0.00742	0.01361	0.00527	0.00512
12	0.01893	0.02121	0.12507	0.02774	0.20280	0.01675	0.07718	0.08718	0.02014	0.02888	0.01974	0.10644	0.01793	0.00980	0.00815	0.00235	0.00905	0.00893	0.00512	0.18661
13	0.02060	0.01910	0.02431	0.12945	0.29352	0.11010	0.01861	0.05169	0.01978	0.02736	0.01806	0.02248	0.01450	0.00837	0.00755	0.00234	0.00930	0.00719	0.18488	0.01081
14	0.20314	0.12535	0.02195	0.01588	0.02057	0.19454	0.01291	0.11297	0.02052	0.02875	0.01525	0.01862	0.01279	0.01905	0.13974	0.00447	0.01261	0.00603	0.00500	0.00985
15	0.05652	0.03888	0.30656	0.02165	0.02960	0.32561	0.02204	0.03010	0.02049	0.05379	0.01464	0.01667	0.01101	0.00831	0.00761	0.00240	0.01305	0.00580	0.00426	0.01099
16	0.02358	0.02549	0.02771	0.07042	0.35526	0.24751	0.02056	0.02748	0.02030	0.02475	0.01549	0.01949	0.01282	0.00803	0.00779	0.00233	0.01126	0.00671	0.06172	0.01131
17	0.23673	0.07873	0.12772	0.08031	0.14773	0.11692	0.01831	0.02562	0.01784	0.02810	0.04119	0.01857	0.01362	0.00821	0.00702	0.00245	0.00979	0.00615	0.00448	0.01053
18	0.16864	0.18487	0.05578	0.01640	0.02248	0.14730	0.06047	0.02584	0.04523	0.02588	0.01993	0.02151	0.06615	0.00879	0.00680	0.00219	0.00930	0.00652	0.00479	0.10113
19	0.02036	0.05108	0.04954	0.01780	0.02269	0.15143	0.06614	0.04830	0.13902	0.02876	0.16723	0.03031	0.02981	0.01085	0.00910	0.00241	0.03967	0.00887	0.00633	0.10031

[dist]
# distance from previous block
# <min> <max>
18	57

[block]
# block no. 3 follows, 22 sequences, length 74
# corresponding to MSA columns:
# 204-277
name=unknown_D
#
# <colnr> <probs for GDERKNQSTAVLIFYWHMCP>
#	G	D	E	R	K	N	Q	S	T	A	V	L	I	F	Y	W	H	M	C	P
0	0.02264	0.02824	0.12434	0.15382	0.07702	0.21628	0.11891	0.02755	0.01949	0.05372	0.01514	0.01921	0.01171	0.00866	0.00981	0.00261	0.06897	0.00702	0.00426	0.01061
1	0.02451	0.17697	0.02505	0.05949	0.02348	0.05254	0.01361	0.13094	0.11004	0.13968	0.02684	0.02678	0.07061	0.01195	0.03092	0.00273	0.00865	0.00787	0.00672	0.05058
2	0.16587	0.10315	0.05532	0.02241	0.13564	0.20034	0.01584	0.02804	0.01955	0.08444	0.04459	0.01915	0.01493	0.00841	0.00706	0.00227	0.00990	0.00619	0.00510	0.05177
3	0.05817	0.12524	0.09050	0.08527	0.02771	0.18951	0.03976	0.05677	0.09220	0.02558	0.01995	0.02194	0.04890	0.00941	0.00842	0.00241	0.04215	0.00696	0.00495	0.04420
4	0.23683	0.01640	0.01970	0.09562	0.13705	0.01765	0.01459	0.07682	0.09360	0.03192	0.01975	0.08585	0.01724	0.00995	0.00737	0.00252	0.00763	0.00810	0.00569	0.09571
5	0.16944	0.15260	0.02255	0.01603	0.02075	0.27276	0.01298	0.02774	0.06742	0.02508	0.02291	0.02661	0.07826	0.01040	0.00717	0.00237	0.01004	0.04014	0.00517	0.00959
6	0.05698	0.15334	0.02920	0.03034	0.28376	0.12991	0.01826	0.02469	0.01807	0.02363	0.01538	0.02007	0.01344	0.01740	0.12705	0.00424	0.01259	0.00662	0.00414	0.01086
7	0.01979	0.03632	0.45672	0.02458	0.03526	0.02071	0.11834	0.13440	0.02171	0.03103	0.01610	0.01871	0.01149	0.00813	0.00826	0.00263	0.01198	0.00694	0.00447	0.01245
8	0.02525	0.02304	0.02119	0.01809	0.02335	0.13892	0.01422	0.19558	0.34317	0.03647	0.02553	0.02458	0.01917	0.01021	0.00814	0.00254	0.00874	0.00796	0.00751	0.04633
9	0.02551	0.01956	0.02254	0.01723	0.02371	0.10845	0.07196	0.06722	0.02127	0.18990	0.01949	0.02045	0.01428	0.00819	0.00818	0.00203	0.03387	0.00659	0.00630	0.31327
10	0.01206	0.00814	0.00950	0.00950	0.00965	0.00829	0.00558	0.01236	0.01221	0.01643	0.02577	0.05213	0.02923	0.64166	0.10734	0.00860	0.00951	0.01175	0.00497	0.00528
11	0.01666	0.04297	0.66500	0.02368	0.03596	0.01929	0.03069	0.02631	0.01754	0.02631	0.01491	0.01754	0.01052	0.00789	0.00789	0.00263	0.01228	0.00614	0.00351	0.01228
12	0.01187	0.00890	0.01335	0.01335	0.01483	0.01038	0.01038	0.01483	0.01335	0.01928	0.02225	0.03264	0.02077	0.06231	0.67512	0.01335	0.02225	0.00890	0.00445	0.00742
13	0.01017	0.00761	0.00926	0.01053	0.01162	0.00691	0.00715	0.01170	0.01649	0.02121	0.05512	0.48778	0.21875	0.06943	0.01247	0.00352	0.00486	0.02118	0.00754	0.00671
14	0.01750	0.03716	0.49084	0.02688	0.03807	0.01978	0.19902	0.02639	0.01812	0.02639	0.01545	0.01892	0.01111	0.00764	0.00843	0.00268	0.01277	0.00718	0.00370	0.01197
15	0.02637	0.03174	0.02495	0.17835	0.10033	0.45333	0.01868	0.02960	0.02145	0.02127	0.01358	0.01723	0.01105	0.00838	0.00776	0.00232	0.01353	0.00604	0.00413	0.00992
16	0.03103	0.03959	0.02354	0.02140	0.02568	0.67469	0.01605	0.03317	0.02354	0.02033	0.01284	0.01498	0.01070	0.00856	0.00749	0.00214	0.01498	0.00535	0.00428	0.00963
17	0.01010	0.00729	0.00957	0.01139	0.01200	0.00676	0.00763	0.01159	0.01607	0.02127	0.04789	0.66850	0.08771	0.02575	0.01056	0.00334	0.00479	0.02328	0.00771	0.00676
18	0.19511	0.01612	0.01646	0.05131	0.02008	0.07907	0.03871	0.05547	0.05830	0.02798	0.03458	0.15320	0.14757	0.01454	0.00951	0.00282	0.05236	0.01167	0.00620	0.00893
19	0.01968	0.11918	0.08856	0.05367	0.13734	0.14976	0.01776	0.02350	0.01740	0.02176	0.01601	0.02151	0.01400	0.02364	0.19782	0.00549	0.05198	0.00687	0.00406	0.00999
20	0.01338	0.01041	0.01248	0.01245	0.01467	0.01063	0.00925	0.02117	0.16945	0.02908	0.26445	0.24916	0.08713	0.01880	0.00979	0.00295	0.00501	0.04261	0.00841	0.00874
21	0.02056	0.01974	0.03372	0.05099	0.65622	0.01974	0.02550	0.02550	0.01892	0.02714	0.01563	0.02056	0.01316	0.00740	0.00822	0.00247	0.00987	0.00740	0.00411	0.01316
22	0.02364	0.10953	0.02937	0.02803	0.18170	0.24765	0.04750	0.02679	0.01904	0.02265	0.01384	0.01786	0.01192	0.00922	0.01125	0.00249	0.14280	0.00644	0.03777	0.01052
23	0.02124	0.02819	0.19103	0.09863	0.28559	0.11418	0.02433	0.06579	0.02011	0.02678	0.01507	0.01902	0.01192	0.00821	0.00873	0.00253	0.03571	0.00678	0.00420	0.01196
24	0.01128	0.00850	0.01067	0.01186	0.01366	0.00789	0.00932	0.01390	0.01838	0.02347	0.08541	0.25635	0.24311	0.02292	0.01063	0.00332	0.00560	0.22877	0.00776	0.00721
25	0.01770	0.03675	0.49783	0.02925	0.16920	0.01945	0.02873	0.02699	0.04762	0.02689	0.01597	0.01883	0.01180	0.00795	0.00799	0.00260	0.01149	0.00657	0.00387	0.01251
26	0.01957	0.01663	0.02077	0.02380	0.18701	0.05166	0.01491	0.16023	0.02510	0.03361	0.20224	0.04257	0.11029	0.01316	0.00900	0.00261	0.00754	0.04150	0.00710	0.01069
27	0.01110	0.00806	0.00958	0.01039	0.01141	0.00758	0.00710	0.01247	0.01566	0.02015	0.04784	0.26330	0.18618	0.25986	0.02145	0.00491	0.00611	0.08375	0.00678	0.00632
28	0.03182	0.01649	0.01979	0.01570	0.02161	0.01650	0.01280	0.17842	0.12760	0.37545	0.02955	0.02693	0.01987	0.01033	0.00820	0.00255	0.00727	0.00828	0.05730	0.01356
29	0.02795	0.02121	0.05431	0.01999	0.02654	0.02136	0.08895	0.34330	0.09104	0.13519	0.02277	0.02330	0.01628	0.01313	0.05228	0.00329	0.01017	0.00811	0.00765	0.01316
30	0.01438	0.01259	0.01816	0.01671	0.01761	0.01637	0.01348	0.01689	0.01310	0.01957	0.01774	0.02689	0.01685	0.04332	0.41758	0.00949	0.28882	0.00825	0.00413	0.00808
31	0.01011	0.00843	0.00882	0.00873	0.01140	0.00714	0.00654	0.01249	0.01963	0.02410	0.17048	0.07723	0.56550	0.02042	0.00982	0.00278	0.00416	0.01715	0.00793	0.00714
32	0.02951	0.03329	0.09744	0.02257	0.05964	0.40919	0.04576	0.03308	0.02248	0.14419	0.01721	0.01845	0.01278	0.00868	0.00785	0.00233	0.01285	0.00633	0.00533	0.01105
33	0.02008	0.16473	0.17827	0.03104	0.15685	0.04596	0.23492	0.02621	0.01862	0.02502	0.01497	0.01891	0.01180	0.00735	0.00810	0.00247	0.01183	0.00731	0.00391	0.01166
34	0.02964	0.02140	0.02286	0.01774	0.02382	0.02359	0.01459	0.55501	0.03645	0.04978	0.02081	0.02128	0.01499	0.00994	0.00801	0.00243	0.00851	0.00751	0.09831	0.01336
35	0.02192	0.67816	0.07589	0.01471	0.02208	0.03216	0.01507	0.02495	0.01691	0.01990	0.01172	0.01355	0.01065	0.00715	0.00546	0.00182	0.00906	0.00453	0.00355	0.01075
36	0.01425	0.00874	0.01104	0.01059	0.01213	0.00820	0.00732	0.01641	0.01855	0.09041	0.28670	0.15102	0.05267	0.25124	0.02075	0.00456	0.00577	0.01462	0.00766	0.00738
37	0.01118	0.00870	0.01024	0.01050	0.01249	0.00807	0.00762	0.01502	0.06022	0.02603	0.23375	0.25632	0.26799	0.02070	0.00996	0.00292	0.00446	0.01808	0.00818	0.00758
38	0.01025	0.00836	0.00907	0.00905	0.01153	0.00717	0.00673	0.01270	0.01972	0.02468	0.20288	0.11612	0.49182	0.02049	0.00986	0.00280	0.00419	0.01739	0.00802	0.00717
39	0.01134	0.00848	0.01052	0.01001	0.01215	0.00766	0.00751	0.01486	0.02252	0.03094	0.52812	0.06595	0.20358	0.01787	0.00980	0.00265	0.00398	0.01557	0.00883	0.00766
40	0.01723	0.01477	0.01723	0.01230	0.01969	0.01107	0.00984	0.02092	0.01723	0.02707	0.01477	0.01723	0.01230	0.00615	0.00615	0.00123	0.00615	0.00492	0.00492	0.75883
41	0.01089	0.00853	0.01005	0.01095	0.01308	0.00769	0.00858	0.01337	0.01845	0.02291	0.06581	0.19559	0.37286	0.02248	0.01043	0.00320	0.00530	0.18499	0.00770	0.00715
42	0.03110	0.03762	0.02371	0.02113	0.02569	0.59638	0.01602	0.10501	0.02541	0.02420	0.01370	0.01558	0.01111	0.00873	0.00759	0.00218	0.01428	0.00561	0.00477	0.01017
43	0.01187	0.00890	0.01335	0.01335	0.01483	0.01038	0.01038	0.01483	0.01335	0.01928	0.02225	0.03264	0.02077	0.06231	0.67512	0.01335	0.02225	0.00890	0.00445	0.00742
44	0.02439	0.02852	0.02453	0.02161	0.02368	0.33907	0.01715	0.02636	0.01795	0.02016	0.01184	0.01663	0.01081	0.01165	0.01771	0.00291	0.36539	0.00634	0.00395	0.00935
45	0.02221	0.71304	0.04353	0.01421	0.02132	0.03287	0.01421	0.02488	0.01688	0.01955	0.01155	0.01333	0.01066	0.00711	0.00533	0.00178	0.00888	0.00444	0.00355	0.01066
46	0.01023	0.00848	0.00898	0.00900	0.01166	0.00724	0.00684	0.01263	0.01950	0.02387	0.15070	0.07846	0.55405	0.02064	0.00990	0.00283	0.00434	0.04562	0.00788	0.00714
47	0.01012	0.00723	0.00964	0.01157	0.01205	0.00675	0.00771	0.01157	0.01591	0.02121	0.04579	0.70262	0.05495	0.02603	0.01060	0.00337	0.00482	0.02362	0.00771	0.00675
48	0.03103	0.03959	0.02354	0.02140	0.02568	0.67469	0.01605	0.03317	0.02354	0.02033	0.01284	0.01498	0.01070	0.00856	0.00749	0.00214	0.01498	0.00535	0.00428	0.00963
49	0.02021	0.02702	0.19520	0.03952	0.39629	0.06273	0.04927	0.02727	0.05299	0.02688	0.01630	0.02006	0.01297	0.00780	0.00817	0.00252	0.01081	0.00715	0.00421	0.01262
50	0.01818	0.01818	0.02545	0.02181	0.02181	0.02545	0.01818	0.01999	0.01272	0.01999	0.01091	0.01818	0.01091	0.01454	0.02726	0.00364	0.69284	0.00727	0.00364	0.00909
51	0.01006	0.00747	0.00940	0.01094	0.01188	0.00680	0.00743	0.01164	0.01651	0.02145	0.05344	0.57842	0.17420	0.02503	0.01045	0.00326	0.00470	0.02240	0.00771	0.00680
52	0.01058	0.00766	0.00927	0.01034	0.01111	0.00714	0.00675	0.01177	0.01544	0.02008	0.04750	0.41997	0.15569	0.20497	0.01882	0.00451	0.00556	0.01948	0.00701	0.00634
53	0.02126	0.59881	0.14948	0.01583	0.02382	0.03056	0.01702	0.02512	0.01699	0.02070	0.01212	0.01404	0.01064	0.00724	0.00577	0.00192	0.00946	0.00473	0.00355	0.01094
54	0.00982	0.00842	0.00842	0.00842	0.01122	0.00701	0.00631	0.01192	0.01894	0.02244	0.08416	0.07995	0.65285	0.02104	0.00982	0.00281	0.00421	0.01753	0.00771	0.00701
55	0.09663	0.01859	0.02047	0.02153	0.14648	0.09569	0.01412	0.09305	0.02203	0.15257	0.03091	0.03096	0.12869	0.01074	0.00795	0.00240	0.00816	0.00864	0.00662	0.08375
56	0.02142	0.01940	0.02976	0.02172	0.02915	0.01819	0.21933	0.16030	0.05322	0.03296	0.01754	0.02025	0.01345	0.00755	0.00798	0.00212	0.00949	0.00736	0.00561	0.30319
57	0.01208	0.00805	0.00906	0.00906	0.00906	0.00805	0.00503	0.01208	0.01208	0.01611	0.02618	0.05436	0.03020	0.70804	0.04228	0.00805	0.00805	0.01208	0.00503	0.00503
58	0.07952	0.03254	0.02327	0.01994	0.02508	0.41258	0.01550	0.23354	0.02816	0.03225	0.01516	0.01656	0.01175	0.00898	0.00761	0.00229	0.01245	0.00601	0.00570	0.01111
59	0.03032	0.03699	0.02287	0.02059	0.02492	0.59998	0.01554	0.07160	0.02427	0.02295	0.01399	0.01608	0.01144	0.00871	0.00746	0.00215	0.01406	0.00561	0.04064	0.00984
60	0.01155	0.00807	0.00898	0.00911	0.00964	0.00778	0.00544	0.01202	0.01356	0.01757	0.03784	0.10059	0.14350	0.54098	0.03442	0.00681	0.00716	0.01380	0.00569	0.00550
61	0.01062	0.00804	0.00980	0.01022	0.01193	0.00722	0.00734	0.01316	0.01957	0.02596	0.27693	0.28363	0.24286	0.02125	0.01008	0.00293	0.00431	0.01868	0.00823	0.00722
62	0.03103	0.03959	0.02354	0.02140	0.02568	0.67469	0.01605	0.03317	0.02354	0.02033	0.01284	0.01498	0.01070	0.00856	0.00749	0.00214	0.01498	0.00535	0.00428	0.00963
63	0.02806	0.01675	0.01963	0.01571	0.02109	0.01723	0.01272	0.25834	0.08957	0.23584	0.16013	0.03259	0.03093	0.01169	0.00866	0.00257	0.00713	0.00955	0.00911	0.01269
64	0.01033	0.00778	0.00963	0.01100	0.01228	0.00708	0.00782	0.01218	0.01707	0.02190	0.05670	0.46728	0.22697	0.02431	0.01046	0.00325	0.00490	0.07443	0.00771	0.00691
65	0.02266	0.68010	0.04264	0.01445	0.02153	0.03253	0.01429	0.05370	0.01794	0.02111	0.01195	0.01364	0.01083	0.00724	0.00547	0.00181	0.00890	0.00459	0.00378	0.01083
66	0.01319	0.00985	0.01160	0.01180	0.01303	0.01042	0.00798	0.01860	0.13882	0.02165	0.03310	0.23895	0.03559	0.30267	0.08987	0.00616	0.00823	0.01463	0.00645	0.00740
67	0.00998	0.00777	0.00908	0.01013	0.01167	0.00687	0.00708	0.01173	0.01728	0.02177	0.06323	0.41954	0.32676	0.02376	0.01025	0.00312	0.00454	0.02085	0.00771	0.00687
68	0.01152	0.00782	0.00923	0.00978	0.00991	0.00768	0.00580	0.01193	0.01317	0.01756	0.03177	0.23942	0.03727	0.51335	0.03324	0.00672	0.00713	0.01537	0.00580	0.00552
69	0.01157	0.00886	0.01237	0.01258	0.01393	0.00966	0.00949	0.01416	0.01555	0.02163	0.10404	0.19445	0.08901	0.04300	0.35857	0.00847	0.04567	0.01367	0.00598	0.00735
70	0.01186	0.00933	0.01380	0.01290	0.01474	0.00871	0.06742	0.01451	0.01848	0.02517	0.24722	0.28607	0.09444	0.11895	0.01476	0.00370	0.00583	0.01731	0.00747	0.00732
71	0.07661	0.03577	0.10126	0.02376	0.08763	0.45873	0.01826	0.05863	0.02247	0.02431	0.01361	0.01597	0.01097	0.00838	0.00749	0.00228	0.01333	0.00569	0.00441	0.01046
72	0.01945	0.02485	0.14342	0.03843	0.24329	0.02031	0.33290	0.02620	0.01905	0.02674	0.01611	0.02102	0.01245	0.00728	0.00898	0.00266	0.01237	0.00842	0.00406	0.01202
73	0.02189	0.02871	0.17358	0.02489	0.06595	0.13794	0.14072	0.05976	0.20263	0.02898	0.02072	0.02227	0.01562	0.00889	0.00840	0.00262	0.01116	0.00781	0.00548	0.01198

[dist]
# distance from previous block
# <min> <max>
0	40

[block]
# block no. 4 follows, 22 sequences, length 15
# corresponding to MSA columns:
# 318-332
name=unknown_E
#
# <colnr> <probs for GDERKNQSTAVLIFYWHMCP>
#	G	D	E	R	K	N	Q	S	T	A	V	L	I	F	Y	W	H	M	C	P
0	0.02547	0.07410	0.02857	0.10612	0.22769	0.22006	0.01965	0.14667	0.02390	0.02886	0.01526	0.01843	0.01219	0.00834	0.00783	0.00236	0.01134	0.00659	0.00491	0.01166
1	0.18589	0.10829	0.02356	0.09883	0.02693	0.38168	0.01518	0.02891	0.01993	0.02398	0.01265	0.01534	0.01038	0.00818	0.00684	0.00227	0.01198	0.00531	0.00431	0.00956
2	0.02309	0.12562	0.02458	0.08046	0.05985	0.29259	0.01533	0.05134	0.02078	0.02241	0.02601	0.02785	0.12675	0.01099	0.00912	0.00240	0.05841	0.00794	0.00486	0.00962
3	0.01396	0.01187	0.01696	0.01577	0.01664	0.01513	0.01249	0.01630	0.01304	0.01925	0.01885	0.02971	0.01832	0.10070	0.40942	0.00972	0.24124	0.00863	0.00423	0.00777
4	0.03110	0.03762	0.02371	0.02113	0.02569	0.59634	0.01602	0.10506	0.02542	0.02420	0.01370	0.01558	0.01111	0.00873	0.00759	0.00218	0.01428	0.00561	0.00477	0.01017
5	0.01117	0.00830	0.01041	0.01025	0.01214	0.00753	0.00755	0.01441	0.02159	0.02961	0.46206	0.15774	0.17853	0.01902	0.00992	0.00276	0.00410	0.01672	0.00868	0.00753
6	0.01005	0.00842	0.00874	0.00866	0.01136	0.00711	0.00650	0.01238	0.01949	0.02375	0.15270	0.07779	0.58349	0.02055	0.00982	0.00278	0.00417	0.01723	0.00789	0.00711
7	0.01187	0.00809	0.00900	0.00900	0.00926	0.00796	0.00515	0.01207	0.01272	0.01670	0.03156	0.05674	0.08798	0.64429	0.03927	0.00757	0.00770	0.01259	0.00528	0.00522
8	0.01129	0.00809	0.01034	0.01087	0.01165	0.00824	0.00735	0.01268	0.01406	0.01892	0.03540	0.23052	0.08663	0.28481	0.20363	0.00776	0.01071	0.01487	0.00584	0.00633
9	0.00995	0.00842	0.00859	0.00855	0.01130	0.00707	0.00641	0.01217	0.01924	0.02316	0.12152	0.07877	0.61505	0.02077	0.00982	0.00279	0.00419	0.01737	0.00781	0.00707
10	0.01287	0.01031	0.01499	0.01442	0.01559	0.01261	0.01129	0.01548	0.01318	0.01921	0.02071	0.03166	0.01978	0.09313	0.53596	0.01151	0.12658	0.00883	0.00436	0.00754
11	0.03103	0.03959	0.02354	0.02140	0.02568	0.67469	0.01605	0.03317	0.02354	0.02033	0.01284	0.01498	0.01070	0.00856	0.00749	0.00214	0.01498	0.00535	0.00428	0.00963
12	0.01216	0.00855	0.01160	0.01160	0.01263	0.00946	0.00835	0.01420	0.01318	0.01895	0.02383	0.03967	0.02390	0.27113	0.42679	0.01092	0.01648	0.00987	0.05007	0.00665
13	0.08477	0.13731	0.02599	0.09951	0.02631	0.22147	0.01628	0.02503	0.01731	0.02158	0.01275	0.01730	0.01121	0.01282	0.04927	0.00322	0.19836	0.00610	0.00400	0.00943
14	0.02244	0.33616	0.24292	0.01900	0.02714	0.17793	0.02005	0.02728	0.01865	0.02195	0.01295	0.01510	0.01063	0.00770	0.00667	0.00214	0.01142	0.00521	0.00371	0.01095

[dist]
# distance from previous block
# <min> <max>
3	25

[block]
# block no. 5 follows, 22 sequences, length 20
# corresponding to MSA columns:
# 358-377
name=unknown_F
#
# <colnr> <probs for GDERKNQSTAVLIFYWHMCP>
#	G	D	E	R	K	N	Q	S	T	A	V	L	I	F	Y	W	H	M	C	P
0	0.02244	0.02664	0.18048	0.02480	0.12959	0.11498	0.02018	0.09117	0.02069	0.08609	0.02003	0.02290	0.04087	0.01410	0.06414	0.00350	0.09341	0.00743	0.00514	0.01141
1	0.02054	0.02552	0.15278	0.04377	0.49504	0.06485	0.02583	0.02618	0.01897	0.02651	0.01530	0.01960	0.01249	0.00757	0.00811	0.00248	0.01068	0.00702	0.00401	0.01275
2	0.01666	0.04297	0.66500	0.02368	0.03596	0.01929	0.03069	0.02631	0.01754	0.02631	0.01491	0.01754	0.01052	0.00789	0.00789	0.00263	0.01228	0.00614	0.00351	0.01228
3	0.02013	0.01930	0.03294	0.10729	0.60328	0.01963	0.02528	0.02512	0.01871	0.02662	0.01555	0.02070	0.01297	0.00748	0.00823	0.00249	0.00998	0.00740	0.00407	0.01281
4	0.02250	0.01616	0.04752	0.01816	0.07858	0.01538	0.01346	0.13167	0.12055	0.15776	0.06099	0.08415	0.09148	0.06444	0.01133	0.00313	0.00736	0.03626	0.00778	0.01134
5	0.02104	0.03308	0.35645	0.02536	0.03530	0.02130	0.17392	0.17371	0.02331	0.03276	0.01661	0.01933	0.01192	0.00818	0.00847	0.00264	0.01194	0.00737	0.00485	0.01247
6	0.00984	0.00833	0.00851	0.00865	0.01128	0.00699	0.00641	0.01190	0.01871	0.02235	0.08133	0.12581	0.60881	0.02141	0.00988	0.00285	0.00425	0.01798	0.00771	0.00699
7	0.01474	0.01009	0.01295	0.01249	0.01503	0.00972	0.01006	0.05942	0.02313	0.06306	0.37776	0.06721	0.09443	0.01804	0.01009	0.00295	0.00548	0.17620	0.00865	0.00849
8	0.02473	0.06128	0.02749	0.02760	0.16627	0.25519	0.01865	0.08266	0.02061	0.02470	0.01353	0.01750	0.01163	0.01001	0.01310	0.00264	0.20076	0.00650	0.00440	0.01074
9	0.01046	0.00828	0.00941	0.00947	0.01170	0.00723	0.00697	0.01303	0.01994	0.02563	0.25393	0.15884	0.39474	0.02047	0.00992	0.00282	0.00420	0.01758	0.00815	0.00723
10	0.01116	0.00844	0.00981	0.00969	0.01161	0.00766	0.00705	0.01363	0.01929	0.02530	0.27493	0.06950	0.29083	0.15003	0.01607	0.00379	0.00505	0.05144	0.00772	0.00697
11	0.01937	0.01954	0.03629	0.16742	0.37269	0.01985	0.19153	0.02499	0.01867	0.02587	0.01579	0.02137	0.01261	0.00746	0.00868	0.00262	0.01124	0.00806	0.00406	0.01187
12	0.02395	0.06375	0.02446	0.02418	0.14930	0.11112	0.01668	0.23362	0.02647	0.03378	0.02585	0.03676	0.05524	0.01224	0.00870	0.00267	0.00952	0.12382	0.00645	0.01143
13	0.01208	0.00805	0.00906	0.00906	0.00906	0.00805	0.00503	0.01208	0.01208	0.01611	0.02618	0.05436	0.03020	0.70804	0.04228	0.00805	0.00805	0.01208	0.00503	0.00503
14	0.01078	0.00770	0.01039	0.01232	0.01309	0.00731	0.00885	0.01270	0.01655	0.02194	0.04543	0.58039	0.05351	0.02541	0.01078	0.00346	0.00539	0.13938	0.00770	0.00693
15	0.02056	0.02108	0.03140	0.20220	0.39188	0.09795	0.06521	0.02545	0.01895	0.02484	0.01516	0.02041	0.01232	0.00773	0.00827	0.00252	0.01106	0.00732	0.00404	0.01164
16	0.02492	0.16799	0.02515	0.05792	0.02386	0.23683	0.01416	0.15489	0.02405	0.02829	0.02220	0.02370	0.07209	0.00981	0.00732	0.00222	0.01017	0.00710	0.07694	0.01036
17	0.01818	0.01818	0.02545	0.02181	0.02181	0.02545	0.01818	0.01999	0.01272	0.01999	0.01091	0.01818	0.01091	0.01454	0.02726	0.00364	0.69284	0.00727	0.00364	0.00909
18	0.01360	0.00763	0.01139	0.01148	0.01187	0.00798	0.00802	0.01185	0.01168	0.01594	0.01779	0.05791	0.01784	0.03698	0.19002	0.54015	0.01082	0.00838	0.00400	0.00469
19	0.02277	0.02686	0.09154	0.04108	0.44139	0.18127	0.02366	0.02747	0.01993	0.02538	0.01487	0.01890	0.01230	0.00773	0.00801	0.00240	0.01136	0.00678	0.00410	0.01220

[dist]
# distance from previous block
# <min> <max>
4	8

[block]
# block no. 6 follows, 22 sequences, length 7
# corresponding to MSA columns:
# 387-393
name=unknown_G
#
# <colnr> <probs for GDERKNQSTAVLIFYWHMCP>
#	G	D	E	R	K	N	Q	S	T	A	V	L	I	F	Y	W	H	M	C	P
0	0.01746	0.01873	0.08765	0.03485	0.37418	0.01645	0.02019	0.02363	0.07225	0.02632	0.02899	0.13149	0.08806	0.01207	0.00874	0.00269	0.00845	0.01100	0.00536	0.01144
1	0.01505	0.00990	0.01253	0.01196	0.01411	0.01097	0.00932	0.07627	0.01727	0.02658	0.02371	0.03082	0.02030	0.03889	0.37726	0.00832	0.01458	0.00836	0.26560	0.00819
2	0.01096	0.00838	0.01015	0.01064	0.01262	0.00758	0.00808	0.01369	0.01963	0.02556	0.22665	0.19893	0.28562	0.02119	0.01022	0.00302	0.00477	0.10692	0.00810	0.00729
3	0.02363	0.02555	0.03074	0.04233	0.47167	0.21144	0.02273	0.02774	0.02027	0.02515	0.01481	0.01893	0.01244	0.00774	0.00801	0.00237	0.01137	0.00680	0.00416	0.01213
4	0.01715	0.27328	0.27183	0.01662	0.02445	0.02106	0.01867	0.02262	0.01837	0.02456	0.11929	0.02959	0.08993	0.01042	0.00748	0.00234	0.00891	0.00812	0.00484	0.01045
5	0.02182	0.02382	0.02031	0.12003	0.07576	0.28744	0.01494	0.02580	0.06310	0.02129	0.01962	0.03103	0.01853	0.17166	0.01603	0.00377	0.01139	0.03990	0.00483	0.00893
6	0.01205	0.00818	0.00972	0.00972	0.00994	0.00841	0.00585	0.01250	0.01227	0.01659	0.02558	0.05105	0.02876	0.60955	0.13881	0.00886	0.01022	0.01160	0.00494	0.00540

[dist]
# distance from previous block
# <min> <max>
0	2

[block]
# block no. 7 follows, 22 sequences, length 22
# corresponding to MSA columns:
# 396-417
name=unknown_H
#
# <colnr> <probs for GDERKNQSTAVLIFYWHMCP>
#	G	D	E	R	K	N	Q	S	T	A	V	L	I	F	Y	W	H	M	C	P
0	0.01122	0.00826	0.01047	0.04858	0.01377	0.00799	0.00772	0.01305	0.01671	0.02224	0.15505	0.29607	0.12537	0.20372	0.01863	0.00437	0.00579	0.01729	0.00704	0.00667
1	0.01208	0.00805	0.00906	0.00906	0.00906	0.00805	0.00503	0.01208	0.01208	0.01611	0.02618	0.05436	0.03020	0.70804	0.04228	0.00805	0.00805	0.01208	0.00503	0.00503
2	0.02298	0.02864	0.28824	0.02244	0.03134	0.01902	0.12103	0.08584	0.11340	0.15035	0.02186	0.02258	0.01529	0.00889	0.00841	0.00266	0.01045	0.00776	0.00607	0.01275
3	0.02168	0.02290	0.02931	0.20092	0.36989	0.16404	0.02281	0.02614	0.01937	0.02418	0.01480	0.01972	0.01210	0.00788	0.00808	0.00247	0.01129	0.00694	0.00405	0.01141
4	0.05937	0.27900	0.18081	0.02034	0.06904	0.07179	0.01904	0.15664	0.02232	0.02966	0.01452	0.01636	0.01147	0.00806	0.00691	0.00224	0.01011	0.00576	0.00474	0.01181
5	0.03112	0.03711	0.02375	0.02105	0.02569	0.57594	0.01601	0.12377	0.02590	0.02521	0.01392	0.01574	0.01122	0.00878	0.00762	0.00219	0.01409	0.00567	0.00489	0.01032
6	0.01977	0.06229	0.01729	0.01318	0.01763	0.01656	0.01066	0.21715	0.09875	0.03456	0.04459	0.04343	0.24089	0.01378	0.00831	0.00252	0.00636	0.01107	0.11084	0.01039
7	0.00991	0.00805	0.00880	0.00940	0.01148	0.00693	0.00675	0.01181	0.01799	0.02206	0.07217	0.27440	0.46613	0.02260	0.01006	0.00298	0.00440	0.01943	0.00771	0.00693
8	0.02355	0.61054	0.04049	0.01531	0.02199	0.13056	0.01449	0.02614	0.01789	0.01966	0.01175	0.01358	0.01067	0.00733	0.00566	0.00183	0.00981	0.00458	0.00366	0.01050
9	0.01067	0.00847	0.00937	0.00934	0.01165	0.00745	0.00696	0.01308	0.01931	0.02437	0.19984	0.07455	0.43323	0.08346	0.01290	0.00331	0.00471	0.05249	0.00778	0.00705
10	0.02542	0.29032	0.09370	0.02009	0.02719	0.16127	0.11623	0.02941	0.01984	0.11926	0.01622	0.01783	0.01248	0.00795	0.00721	0.00222	0.01104	0.00626	0.00483	0.01121
11	0.01909	0.01781	0.02919	0.15256	0.44666	0.01866	0.02301	0.02547	0.06728	0.02653	0.01951	0.02837	0.01695	0.00929	0.00855	0.00267	0.00961	0.06209	0.00471	0.01199
12	0.01168	0.00815	0.00996	0.01043	0.01210	0.00743	0.00777	0.01239	0.01642	0.02046	0.05504	0.12403	0.32745	0.02397	0.01647	0.21404	0.00563	0.10390	0.00656	0.00613
13	0.11637	0.12792	0.05011	0.13318	0.02868	0.23216	0.01648	0.06001	0.01949	0.02454	0.01463	0.04785	0.01277	0.00960	0.00904	0.00248	0.07378	0.00662	0.00447	0.00981
14	0.09179	0.18591	0.10287	0.02783	0.22152	0.12240	0.01930	0.02830	0.07825	0.02592	0.01554	0.01803	0.01269	0.00797	0.00714	0.00232	0.01005	0.00618	0.00445	0.01155
15	0.02042	0.12582	0.13786	0.02498	0.08715	0.02118	0.18772	0.12284	0.02085	0.02819	0.01755	0.02455	0.01495	0.11437	0.01338	0.00334	0.01088	0.00815	0.00478	0.01102
16	0.01158	0.01053	0.01482	0.01264	0.01607	0.00926	0.10065	0.01442	0.01893	0.02343	0.10903	0.06839	0.47779	0.06107	0.01182	0.00312	0.00592	0.01585	0.00711	0.00758
17	0.18242	0.08604	0.15731	0.01634	0.02262	0.13007	0.01559	0.02776	0.12039	0.02791	0.02678	0.02721	0.10676	0.01038	0.00738	0.00252	0.00905	0.00770	0.00543	0.01034
18	0.01758	0.01954	0.10006	0.09372	0.31337	0.01636	0.04032	0.02253	0.01809	0.02572	0.02248	0.07076	0.06261	0.00960	0.00818	0.00241	0.00902	0.00878	0.00465	0.13420
19	0.02132	0.02685	0.13286	0.11787	0.29512	0.16056	0.02284	0.02641	0.01927	0.02478	0.01473	0.01881	0.01187	0.00776	0.00787	0.00237	0.01125	0.00657	0.00406	0.06684
20	0.01868	0.01704	0.02505	0.16757	0.26939	0.04004	0.01934	0.07688	0.02056	0.02802	0.11525	0.02963	0.04793	0.01242	0.03586	0.00305	0.04823	0.00894	0.00531	0.01081
21	0.01345	0.01090	0.01552	0.01795	0.10525	0.01124	0.01194	0.01666	0.01874	0.02588	0.22350	0.11597	0.10224	0.05309	0.07657	0.00422	0.06132	0.10037	0.00687	0.00832

[dist]
# distance from previous block
# <min> <max>
10	51

[block]
# block no. 8 follows, 22 sequences, length 54
# corresponding to MSA columns:
# 470-523
name=unknown_I
#
# <colnr> <probs for GDERKNQSTAVLIFYWHMCP>
#	G	D	E	R	K	N	Q	S	T	A	V	L	I	F	Y	W	H	M	C	P
0	0.11792	0.02126	0.05076	0.10986	0.02639	0.17492	0.05862	0.05153	0.01959	0.02622	0.09327	0.02861	0.04543	0.04845	0.08875	0.00406	0.01167	0.00832	0.00522	0.00916
1	0.10964	0.24160	0.02663	0.01572	0.02004	0.07093	0.01343	0.10402	0.01918	0.02650	0.01952	0.09617	0.03899	0.01366	0.03619	0.00297	0.12160	0.00819	0.00510	0.00990
2	0.01883	0.02142	0.10436	0.15783	0.33881	0.04335	0.02370	0.02393	0.01789	0.02482	0.01686	0.02536	0.01466	0.00952	0.01034	0.00275	0.07973	0.05027	0.00418	0.01139
3	0.02221	0.03383	0.28286	0.12132	0.08679	0.18719	0.02372	0.09599	0.02151	0.02709	0.01499	0.01808	0.01128	0.00832	0.00793	0.00250	0.01223	0.00638	0.00433	0.01144
4	0.02283	0.05894	0.15096	0.05104	0.10256	0.15319	0.04473	0.16009	0.02393	0.03001	0.02457	0.02619	0.09480	0.01008	0.00817	0.00248	0.01067	0.00803	0.00539	0.01133
5	0.02226	0.19393	0.02474	0.01656	0.02045	0.28343	0.01330	0.02452	0.01849	0.01973	0.01890	0.02428	0.04726	0.07017	0.13735	0.00470	0.03962	0.00700	0.00434	0.00897
6	0.02203	0.01705	0.01984	0.01646	0.02069	0.01902	0.01338	0.19486	0.13088	0.06074	0.05416	0.02946	0.04508	0.01186	0.01176	0.00265	0.13765	0.03094	0.06135	0.10013
7	0.01137	0.00812	0.00891	0.00900	0.00979	0.00771	0.00551	0.01201	0.01415	0.01809	0.04309	0.09061	0.20345	0.48742	0.03188	0.00639	0.00685	0.01411	0.00590	0.00566
8	0.01208	0.00805	0.00906	0.00906	0.00906	0.00805	0.00503	0.01208	0.01208	0.01611	0.02618	0.05436	0.03020	0.70804	0.04228	0.00805	0.00805	0.01208	0.00503	0.00503
9	0.02272	0.02224	0.11736	0.03493	0.34892	0.01930	0.02181	0.11962	0.05444	0.08199	0.01921	0.02185	0.01467	0.00844	0.00806	0.00249	0.00933	0.00744	0.05228	0.01292
10	0.02656	0.02865	0.02529	0.02752	0.17931	0.31266	0.01778	0.10406	0.14194	0.02855	0.01836	0.01999	0.01450	0.00896	0.00795	0.00239	0.01143	0.00688	0.00551	0.01170
11	0.01298	0.01020	0.01483	0.01430	0.01559	0.01245	0.01129	0.01582	0.01347	0.01999	0.02084	0.03043	0.01935	0.05258	0.54554	0.01134	0.11958	0.00860	0.04313	0.00768
12	0.02124	0.02218	0.02941	0.21718	0.37452	0.14419	0.02304	0.02581	0.01918	0.02425	0.01486	0.01993	0.01213	0.00787	0.00811	0.00249	0.01117	0.00701	0.00403	0.01143
13	0.01657	0.01405	0.01652	0.01217	0.01891	0.01068	0.00963	0.02016	0.01748	0.02709	0.04934	0.05516	0.01794	0.00775	0.00657	0.00141	0.00597	0.00642	0.00529	0.68088
14	0.02606	0.42253	0.03516	0.01698	0.02320	0.21988	0.01497	0.10894	0.02183	0.02421	0.01306	0.01471	0.01114	0.00792	0.00637	0.00198	0.01070	0.00512	0.00441	0.01083
15	0.02196	0.01457	0.01665	0.01455	0.01902	0.01534	0.01141	0.03558	0.34014	0.17650	0.13742	0.04017	0.09455	0.01292	0.00878	0.00273	0.00603	0.01086	0.00891	0.01192
16	0.01011	0.00729	0.00958	0.01142	0.01201	0.00676	0.00764	0.01158	0.01605	0.02127	0.04761	0.67300	0.08339	0.02579	0.01057	0.00335	0.00479	0.02333	0.00771	0.00676
17	0.02013	0.01930	0.03295	0.10676	0.60379	0.01963	0.02528	0.02512	0.01871	0.02662	0.01555	0.02070	0.01298	0.00748	0.00823	0.00249	0.00997	0.00740	0.00408	0.01281
18	0.03044	0.03847	0.02412	0.02307	0.06132	0.63768	0.01659	0.03274	0.02328	0.02072	0.01300	0.01530	0.01084	0.00850	0.00753	0.00216	0.01469	0.00547	0.00427	0.00983
19	0.01186	0.00809	0.01035	0.01158	0.01298	0.00742	0.00835	0.01380	0.01727	0.05503	0.05221	0.47679	0.16624	0.02390	0.01044	0.00328	0.00516	0.09013	0.00784	0.00729
20	0.02185	0.01746	0.01926	0.01697	0.02155	0.01973	0.01362	0.19206	0.35037	0.03677	0.03029	0.03568	0.02464	0.01707	0.07086	0.00383	0.00884	0.07900	0.00795	0.01222
21	0.02706	0.02595	0.02535	0.06021	0.14671	0.21557	0.01770	0.26088	0.02758	0.03403	0.01691	0.01963	0.01325	0.01278	0.05654	0.00319	0.01207	0.00693	0.00579	0.01187
22	0.01822	0.08443	0.41437	0.02976	0.15411	0.02060	0.11081	0.02609	0.01804	0.02602	0.01506	0.01848	0.01132	0.00762	0.00803	0.00256	0.01181	0.00676	0.00372	0.01218
23	0.03042	0.08772	0.02507	0.02076	0.02537	0.59430	0.01590	0.06351	0.02386	0.02194	0.01312	0.01512	0.01088	0.00853	0.00738	0.00213	0.01423	0.00540	0.00444	0.00994
24	0.01187	0.00890	0.01335	0.01335	0.01483	0.01038	0.01038	0.01483	0.01335	0.01928	0.02225	0.03264	0.02077	0.06231	0.67512	0.01335	0.02225	0.00890	0.00445	0.00742
25	0.01208	0.00805	0.00906	0.00906	0.00906	0.00805	0.00503	0.01208	0.01208	0.01611	0.02618	0.05436	0.03020	0.70804	0.04228	0.00805	0.00805	0.01208	0.00503	0.00503
26	0.01060	0.00791	0.00974	0.01038	0.01182	0.00718	0.00729	0.01285	0.01863	0.02472	0.22668	0.34136	0.20409	0.05311	0.01162	0.00323	0.00456	0.01919	0.00800	0.00704
27	0.01187	0.00890	0.01335	0.01335	0.01483	0.01038	0.01038	0.01483	0.01335	0.01928	0.02225	0.03264	0.02077	0.06231	0.67512	0.01335	0.02225	0.00890	0.00445	0.00742
28	0.03103	0.03959	0.02354	0.02140	0.02568	0.67469	0.01605	0.03317	0.02354	0.02033	0.01284	0.01498	0.01070	0.00856	0.00749	0.00214	0.01498	0.00535	0.00428	0.00963
29	0.01208	0.00805	0.00906	0.00906	0.00906	0.00805	0.00503	0.01208	0.01208	0.01611	0.02618	0.05436	0.03020	0.70804	0.04228	0.00805	0.00805	0.01208	0.00503	0.00503
30	0.01167	0.00793	0.00938	0.00977	0.00994	0.00790	0.00583	0.01210	0.01292	0.01729	0.02998	0.18524	0.03480	0.53951	0.06503	0.00735	0.00805	0.01428	0.00555	0.00549
31	0.03158	0.02327	0.02493	0.01911	0.02576	0.02576	0.01579	0.62852	0.03906	0.05236	0.01995	0.01995	0.01413	0.00997	0.00831	0.00249	0.00914	0.00748	0.00831	0.01413
32	0.03114	0.03627	0.02382	0.02094	0.02570	0.54268	0.01600	0.15429	0.02670	0.02685	0.01429	0.01599	0.01140	0.00885	0.00766	0.00221	0.01379	0.00578	0.00510	0.01055
33	0.01062	0.00779	0.01020	0.01132	0.01224	0.00764	0.00784	0.01232	0.01539	0.02049	0.04373	0.43203	0.11667	0.09633	0.14865	0.00577	0.00859	0.01883	0.00680	0.00676
34	0.02029	0.01946	0.03322	0.08699	0.62237	0.01967	0.02536	0.02525	0.01879	0.02681	0.01558	0.02065	0.01304	0.00745	0.00823	0.00248	0.00994	0.00740	0.00409	0.01294
35	0.01161	0.00986	0.01210	0.01205	0.01342	0.01048	0.00898	0.01335	0.01643	0.02128	0.05475	0.27540	0.30243	0.05238	0.01487	0.00339	0.13580	0.01737	0.00682	0.00723
36	0.02529	0.33797	0.11974	0.01774	0.02513	0.08852	0.01712	0.21989	0.02472	0.03108	0.01482	0.01618	0.01176	0.00827	0.00684	0.00216	0.00999	0.00573	0.00514	0.01190
37	0.00997	0.00837	0.00866	0.00870	0.01134	0.00706	0.00648	0.01218	0.01914	0.02318	0.12377	0.10567	0.58513	0.02096	0.00985	0.00282	0.00421	0.01761	0.00782	0.00706
38	0.01012	0.00723	0.00964	0.01157	0.01205	0.00675	0.00771	0.01157	0.01591	0.02121	0.04579	0.70262	0.05495	0.02603	0.01060	0.00337	0.00482	0.02362	0.00771	0.00675
39	0.01934	0.02050	0.03833	0.03402	0.16114	0.02218	0.30847	0.02426	0.01725	0.02459	0.01467	0.02067	0.01217	0.00951	0.01509	0.00300	0.23138	0.00850	0.00400	0.01092
40	0.01666	0.04297	0.66500	0.02368	0.03596	0.01929	0.03069	0.02631	0.01754	0.02631	0.01491	0.01754	0.01052	0.00789	0.00789	0.00263	0.01228	0.00614	0.00351	0.01228
41	0.01187	0.00890	0.01335	0.01335	0.01483	0.01038	0.01038	0.01483	0.01335	0.01928	0.02225	0.03264	0.02077	0.06231	0.67512	0.01335	0.02225	0.00890	0.00445	0.00742
42	0.01018	0.00752	0.00935	0.01077	0.01169	0.00688	0.00726	0.01167	0.01628	0.02114	0.05237	0.53542	0.17503	0.06765	0.01242	0.00355	0.00490	0.02166	0.00754	0.00669
43	0.01852	0.01725	0.02908	0.07914	0.49208	0.01776	0.02229	0.02309	0.01765	0.02521	0.01693	0.02311	0.01459	0.01862	0.14390	0.00470	0.01246	0.00771	0.00416	0.01177
44	0.01186	0.01058	0.01122	0.01274	0.04867	0.04938	0.00850	0.01389	0.01814	0.02213	0.06218	0.29428	0.36384	0.02127	0.00986	0.00295	0.00542	0.01837	0.00730	0.00743
45	0.03323	0.01849	0.02171	0.01688	0.02324	0.01894	0.01387	0.29867	0.08798	0.33625	0.02725	0.02488	0.01819	0.01024	0.00834	0.00256	0.00793	0.00807	0.00925	0.01404
46	0.02779	0.02661	0.02745	0.03026	0.23378	0.20278	0.01906	0.26531	0.02813	0.03520	0.01656	0.01878	0.01286	0.00873	0.00806	0.00239	0.01099	0.00687	0.00581	0.01257
47	0.02190	0.27511	0.03793	0.02202	0.02851	0.10155	0.21078	0.07150	0.01982	0.02439	0.01531	0.01924	0.01276	0.01402	0.08677	0.00358	0.01286	0.00704	0.00432	0.01059
