[name]
unknown

[dist]
# distance from previous block
# <min> <max>
0	7

[block]
# block no. 0 follows, 22 sequences, length 88
# corresponding to MSA columns:
# 7-94
name=unknown_A
#
# <colnr> <probs for GDERKNQSTAVLIFYWHMCP>
#	G	D	E	R	K	N	Q	S	T	A	V	L	I	F	Y	W	H	M	C	P
0	0.01339	0.00956	0.01339	0.01530	0.01721	0.00956	0.01339	0.01721	0.01912	0.02486	0.04399	0.09371	0.04781	0.02295	0.01147	0.00382	0.00765	0.60031	0.00765	0.00765
1	0.18813	0.02708	0.26476	0.02014	0.06208	0.01920	0.01988	0.11287	0.02056	0.08859	0.05024	0.02051	0.01537	0.00918	0.00855	0.00264	0.04632	0.00677	0.00550	0.01162
2	0.26510	0.26192	0.12265	0.01682	0.04557	0.08424	0.01563	0.05840	0.01797	0.02845	0.01278	0.01478	0.01038	0.00772	0.00612	0.00226	0.00920	0.00507	0.00441	0.01054
3	0.14801	0.10083	0.17672	0.01848	0.02587	0.10192	0.01793	0.21650	0.05993	0.03534	0.01641	0.01764	0.01228	0.00871	0.00728	0.00244	0.00997	0.00620	0.00566	0.01187
4	0.15703	0.05532	0.02493	0.09742	0.16813	0.25405	0.01757	0.08350	0.02125	0.02789	0.01405	0.01713	0.01130	0.00819	0.00731	0.00237	0.01110	0.00604	0.00467	0.01072
5	0.01569	0.01477	0.02492	0.68808	0.05722	0.01846	0.02307	0.02123	0.01661	0.02123	0.01477	0.02215	0.01107	0.00831	0.00831	0.00277	0.01107	0.00738	0.00369	0.00923
6	0.01187	0.00890	0.01335	0.01335	0.01483	0.01038	0.01038	0.01483	0.01335	0.01928	0.02225	0.03264	0.02077	0.06231	0.67512	0.01335	0.02225	0.00890	0.00445	0.00742
7	0.01028	0.00843	0.00906	0.00890	0.01150	0.00721	0.00668	0.01282	0.02003	0.02503	0.21937	0.07569	0.51602	0.02007	0.00981	0.00276	0.00414	0.01694	0.00806	0.00721
8	0.02752	0.02086	0.02275	0.01719	0.02404	0.02160	0.01411	0.45653	0.03288	0.04520	0.01848	0.01918	0.01361	0.00889	0.00770	0.00214	0.00830	0.00676	0.00735	0.22493
9	0.03033	0.03827	0.02422	0.02338	0.06775	0.63100	0.01668	0.03266	0.02323	0.02079	0.01303	0.01535	0.01086	0.00848	0.00754	0.00216	0.01464	0.00549	0.00427	0.00987
10	0.07514	0.08739	0.14372	0.02142	0.09159	0.02158	0.01813	0.19924	0.10843	0.12128	0.02084	0.02115	0.01509	0.00912	0.00776	0.00251	0.00897	0.00712	0.00662	0.01289
11	0.01172	0.00870	0.01210	0.01210	0.01343	0.00964	0.00902	0.01406	0.01363	0.01899	0.02866	0.04100	0.08051	0.17818	0.49681	0.01140	0.01797	0.01028	0.00486	0.00694
12	0.01012	0.00723	0.00964	0.01157	0.01205	0.00675	0.00771	0.01157	0.01591	0.02121	0.04579	0.70262	0.05495	0.02603	0.01060	0.00337	0.00482	0.02362	0.00771	0.00675
13	0.01886	0.07692	0.45287	0.02510	0.03561	0.08053	0.14231	0.02691	0.01845	0.02543	0.01489	0.01800	0.01095	0.00774	0.00808	0.00257	0.01266	0.00667	0.00371	0.01174
14	0.01926	0.10512	0.51408	0.02246	0.03310	0.11540	0.02703	0.02717	0.01835	0.02481	0.01430	0.01678	0.01056	0.00792	0.00759	0.00248	0.01235	0.00587	0.00362	0.01174
15	0.01214	0.00801	0.00903	0.00910	0.00920	0.00799	0.00517	0.01235	0.01244	0.01689	0.02696	0.07826	0.03080	0.65437	0.03963	0.00763	0.00777	0.01235	0.03470	0.00521
16	0.01930	0.03852	0.46313	0.02202	0.03170	0.13684	0.02544	0.02838	0.06809	0.02628	0.05050	0.02055	0.01540	0.00877	0.00797	0.00256	0.01186	0.00673	0.00434	0.01163
17	0.01749	0.14272	0.57249	0.02227	0.03378	0.02131	0.02824	0.02610	0.01744	0.02530	0.01441	0.01691	0.01054	0.00778	0.00751	0.00250	0.01177	0.00589	0.00351	0.01204
18	0.03120	0.03448	0.02398	0.02069	0.02571	0.47153	0.01597	0.21956	0.02840	0.03036	0.01507	0.01654	0.01177	0.00900	0.00775	0.00225	0.01315	0.00602	0.00554	0.01104
19	0.01904	0.33046	0.39836	0.01962	0.02968	0.02512	0.02362	0.02569	0.01726	0.02341	0.01347	0.01573	0.01058	0.00756	0.00679	0.00226	0.01082	0.00541	0.00353	0.01158
20	0.02309	0.03451	0.22576	0.02139	0.02771	0.30207	0.04204	0.05101	0.02034	0.02350	0.01619	0.05410	0.01419	0.04697	0.01116	0.00282	0.06124	0.00728	0.00436	0.01027
21	0.02899	0.19533	0.02816	0.01974	0.02467	0.52627	0.01563	0.03125	0.02200	0.02015	0.01254	0.01460	0.01069	0.00822	0.00699	0.00206	0.01357	0.00514	0.00411	0.00987
22	0.05412	0.01917	0.18288	0.17486	0.02901	0.01358	0.01701	0.01875	0.01775	0.02455	0.07961	0.11058	0.19773	0.01413	0.00879	0.00279	0.00810	0.01193	0.00562	0.00904
23	0.02029	0.02350	0.02650	0.02133	0.02634	0.24056	0.20378	0.02406	0.02103	0.02375	0.07647	0.03845	0.19373	0.01209	0.00901	0.00256	0.01095	0.01077	0.00553	0.00928
24	0.01154	0.00858	0.01099	0.01227	0.01378	0.00821	0.00932	0.01482	0.04248	0.02394	0.10003	0.36138	0.14155	0.02311	0.01058	0.00333	0.00552	0.18333	0.00784	0.00738
25	0.00982	0.00842	0.00842	0.00842	0.01122	0.00701	0.00631	0.01192	0.01894	0.02244	0.08416	0.07995	0.65285	0.02104	0.00982	0.00281	0.00421	0.01753	0.00771	0.00701
26	0.01874	0.02180	0.12232	0.21203	0.41182	0.01934	0.02562	0.02451	0.01812	0.02549	0.01530	0.02054	0.01224	0.00771	0.00820	0.00257	0.01053	0.00722	0.00392	0.01201
27	0.02026	0.02066	0.02927	0.27044	0.36143	0.10729	0.02338	0.02503	0.01873	0.02415	0.01495	0.02037	0.01210	0.00787	0.00815	0.00253	0.01098	0.00712	0.00399	0.01131
28	0.02028	0.01946	0.03322	0.08730	0.62208	0.01967	0.02536	0.02525	0.01878	0.02680	0.01558	0.02065	0.01304	0.00745	0.00823	0.00248	0.00994	0.00740	0.00409	0.01293
29	0.01033	0.00858	0.00913	0.00941	0.01208	0.00738	0.00733	0.01268	0.01896	0.02279	0.07837	0.08193	0.56572	0.02131	0.01006	0.00295	0.00470	0.10145	0.00771	0.00710
30	0.02997	0.03711	0.02283	0.02061	0.02494	0.60562	0.01553	0.06381	0.02413	0.02215	0.01690	0.01860	0.04405	0.00928	0.00765	0.00219	0.01411	0.00609	0.00467	0.00974
31	0.01666	0.04297	0.66500	0.02368	0.03596	0.01929	0.03069	0.02631	0.01754	0.02631	0.01491	0.01754	0.01052	0.00789	0.00789	0.00263	0.01228	0.00614	0.00351	0.01228
32	0.01182	0.00874	0.01275	0.01283	0.01412	0.00999	0.00971	0.01441	0.01332	0.01903	0.02361	0.06196	0.02314	0.12862	0.58188	0.01239	0.02006	0.00983	0.00464	0.00714
33	0.09526	0.01635	0.01828	0.01479	0.01965	0.01710	0.01167	0.24253	0.05952	0.20005	0.05406	0.03067	0.02202	0.14380	0.01461	0.00361	0.00776	0.00877	0.00795	0.01157
34	0.01575	0.01100	0.01281	0.04323	0.01513	0.01161	0.00839	0.05955	0.10635	0.05183	0.02870	0.11400	0.02968	0.42374	0.02862	0.00593	0.00767	0.01220	0.00621	0.00762
35	0.02061	0.02446	0.12210	0.09179	0.42484	0.08135	0.02446	0.02707	0.05445	0.02635	0.01623	0.02032	0.01308	0.00787	0.00813	0.00250	0.01060	0.00714	0.00426	0.01239
36	0.01012	0.00723	0.00964	0.01157	0.01205	0.00675	0.00771	0.01157	0.01591	0.02121	0.04579	0.70262	0.05495	0.02603	0.01060	0.00337	0.00482	0.02362	0.00771	0.00675
37	0.03103	0.03959	0.02354	0.02140	0.02568	0.67469	0.01605	0.03317	0.02354	0.02033	0.01284	0.01498	0.01070	0.00856	0.00749	0.00214	0.01498	0.00535	0.00428	0.00963
38	0.02801	0.02998	0.02088	0.01836	0.02261	0.40677	0.01400	0.15893	0.02547	0.02858	0.01706	0.02024	0.01390	0.04265	0.00910	0.00247	0.01179	0.00648	0.11261	0.01011
39	0.01842	0.16906	0.51598	0.02178	0.03269	0.05447	0.02686	0.02638	0.01771	0.02474	0.01417	0.01662	0.01056	0.00778	0.00739	0.00245	0.01177	0.00578	0.00355	0.01184
40	0.01496	0.01419	0.01315	0.01394	0.01603	0.13145	0.01076	0.01741	0.01892	0.02243	0.04667	0.26207	0.16213	0.02085	0.01014	0.00317	0.00747	0.19958	0.00706	0.00762
41	0.01967	0.06477	0.44494	0.02702	0.13370	0.02087	0.02701	0.11281	0.02083	0.02991	0.01561	0.01819	0.01147	0.00808	0.00790	0.00255	0.01129	0.00646	0.00430	0.01262
42	0.01744	0.01869	0.06581	0.17041	0.18127	0.08531	0.01916	0.02178	0.01693	0.02241	0.01787	0.02621	0.01567	0.02467	0.20402	0.00579	0.04339	0.02914	0.00421	0.00983
43	0.01783	0.01767	0.02479	0.02135	0.02143	0.02463	0.01775	0.01971	0.01276	0.01995	0.01152	0.01896	0.01144	0.01713	0.06233	0.00416	0.65654	0.00736	0.00368	0.00900
44	0.02553	0.01780	0.02355	0.29237	0.03758	0.01998	0.01797	0.23902	0.05962	0.15161	0.02095	0.02299	0.01468	0.00942	0.00832	0.00264	0.00941	0.00771	0.00679	0.01207
45	0.03124	0.03339	0.02407	0.02053	0.02571	0.42823	0.01595	0.25928	0.02944	0.03249	0.01554	0.01687	0.01200	0.00910	0.00780	0.00227	0.01276	0.00616	0.00581	0.01134
46	0.02173	0.02095	0.03813	0.03042	0.09244	0.02091	0.36097	0.16864	0.02352	0.03202	0.01802	0.02273	0.01388	0.01355	0.07913	0.00380	0.01333	0.00894	0.00520	0.01168
47	0.03158	0.02327	0.02493	0.01911	0.02576	0.02576	0.01579	0.62852	0.03906	0.05236	0.01995	0.01995	0.01413	0.00997	0.00831	0.00249	0.00914	0.00748	0.00831	0.01413
48	0.01013	0.00843	0.00884	0.00874	0.01141	0.00714	0.00655	0.01252	0.01966	0.02417	0.17447	0.07710	0.56146	0.02039	0.00982	0.00277	0.00416	0.01713	0.00794	0.00714
49	0.01187	0.00890	0.01335	0.01335	0.01483	0.01038	0.01038	0.01483	0.01335	0.01928	0.02225	0.03264	0.02077	0.06231	0.67512	0.01335	0.02225	0.00890	0.00445	0.00742
50	0.01549	0.00774	0.00774	0.00774	0.00968	0.00774	0.00581	0.01936	0.01742	0.03097	0.02710	0.03097	0.02129	0.00968	0.00581	0.00194	0.00387	0.00774	0.75416	0.00774
51	0.76672	0.01607	0.01221	0.01092	0.01607	0.01864	0.00900	0.02442	0.01414	0.03727	0.01157	0.01350	0.00900	0.00771	0.00514	0.00257	0.00643	0.00450	0.00514	0.00900
52	0.01026	0.00811	0.00925	0.00964	0.01167	0.00710	0.00697	0.01253	0.01898	0.02414	0.17987	0.24404	0.38479	0.02162	0.01003	0.00292	0.00432	0.01870	0.00798	0.00710
53	0.69779	0.01530	0.01180	0.01063	0.01548	0.01764	0.00870	0.02396	0.01444	0.03669	0.01299	0.01510	0.01013	0.00789	0.00520	0.00251	0.00619	0.00480	0.07387	0.00888
54	0.76672	0.01607	0.01221	0.01092	0.01607	0.01864	0.00900	0.02442	0.01414	0.03727	0.01157	0.01350	0.00900	0.00771	0.00514	0.00257	0.00643	0.00450	0.00514	0.00900
55	0.00982	0.00842	0.00842	0.00842	0.01122	0.00701	0.00631	0.01192	0.01894	0.02244	0.08416	0.07995	0.65285	0.02104	0.00982	0.00281	0.00421	0.01753	0.00771	0.00701
56	0.01016	0.00739	0.00959	0.01123	0.01199	0.00682	0.00759	0.01177	0.01651	0.02183	0.07497	0.61836	0.11080	0.02519	0.01050	0.00329	0.00473	0.02269	0.00777	0.00682
57	0.01187	0.00890	0.01335	0.01335	0.01483	0.01038	0.01038	0.01483	0.01335	0.01928	0.02225	0.03264	0.02077	0.06231	0.67512	0.01335	0.02225	0.00890	0.00445	0.00742
58	0.01339	0.00956	0.01339	0.01530	0.01721	0.00956	0.01339	0.01721	0.01912	0.02486	0.04399	0.09371	0.04781	0.02295	0.01147	0.00382	0.00765	0.60031	0.00765	0.00765
59	0.02527	0.47946	0.03660	0.01671	0.02283	0.25548	0.01485	0.02775	0.01919	0.01982	0.01200	0.01390	0.01067	0.00761	0.00608	0.00190	0.01100	0.00476	0.00381	0.01030
60	0.01069	0.00861	0.00968	0.01027	0.01270	0.00760	0.00809	0.01316	0.01878	0.02294	0.07203	0.12477	0.46885	0.02183	0.01027	0.00309	0.00507	0.15675	0.00770	0.00715
61	0.01022	0.00835	0.00903	0.00903	0.01151	0.00716	0.00671	0.01264	0.01964	0.02451	0.19414	0.11794	0.49907	0.02057	0.00987	0.00281	0.00419	0.01744	0.00800	0.00716
62	0.01012	0.00723	0.00964	0.01157	0.01205	0.00675	0.00771	0.01157	0.01591	0.02121	0.04579	0.70262	0.05495	0.02603	0.01060	0.00337	0.00482	0.02362	0.00771	0.00675
63	0.01187	0.00890	0.01335	0.01335	0.01483	0.01038	0.01038	0.01483	0.01335	0.01928	0.02225	0.03264	0.02077	0.06231	0.67512	0.01335	0.02225	0.00890	0.00445	0.00742
64	0.01666	0.04297	0.66500	0.02368	0.03596	0.01929	0.03069	0.02631	0.01754	0.02631	0.01491	0.01754	0.01052	0.00789	0.00789	0.00263	0.01228	0.00614	0.00351	0.01228
65	0.18526	0.01920	0.01562	0.01414	0.01763	0.17178	0.01104	0.08007	0.01940	0.02968	0.01827	0.02202	0.01490	0.01683	0.10418	0.00390	0.03804	0.00658	0.20238	0.00907
66	0.03124	0.03335	0.02407	0.02053	0.02571	0.42649	0.01595	0.26089	0.02948	0.03258	0.01556	0.01688	0.01201	0.00910	0.00780	0.00228	0.01275	0.00616	0.00582	0.01135
67	0.02256	0.30515	0.07694	0.02708	0.21026	0.14590	0.01894	0.02632	0.01887	0.02264	0.01477	0.01991	0.01318	0.00828	0.00705	0.00220	0.01047	0.03424	0.00405	0.01117
68	0.02280	0.66811	0.04220	0.01469	0.02161	0.07569	0.01434	0.02543	0.01732	0.01960	0.01164	0.01344	0.01066	0.00720	0.00547	0.00180	0.00929	0.00450	0.00360	0.01059
69	0.01480	0.01333	0.01665	0.01882	0.10618	0.07542	0.01253	0.01801	0.01656	0.02218	0.09061	0.03546	0.06693	0.04183	0.40199	0.00890	0.01667	0.00956	0.00510	0.00846
70	0.01970	0.01729	0.02260	0.02725	0.23786	0.01832	0.01638	0.08992	0.25245	0.03161	0.03552	0.03539	0.13633	0.01162	0.00861	0.00266	0.00752	0.01003	0.00681	0.01211
71	0.01193	0.00864	0.01201	0.01201	0.01303	0.00965	0.00871	0.01397	0.01295	0.01829	0.02348	0.03944	0.02372	0.26447	0.47700	0.01169	0.01781	0.00990	0.00463	0.00667
72	0.01012	0.00723	0.00964	0.01157	0.01205	0.00675	0.00771	0.01157	0.01591	0.02121	0.04579	0.70262	0.05495	0.02603	0.01060	0.00337	0.00482	0.02362	0.00771	0.00675
73	0.01834	0.16305	0.32253	0.02485	0.03437	0.02184	0.21286	0.02544	0.01798	0.02487	0.01631	0.05037	0.01328	0.00831	0.00813	0.00256	0.01182	0.00778	0.00393	0.01137
74	0.01167	0.00803	0.01021	0.01072	0.01131	0.00827	0.00710	0.01297	0.01366	0.01894	0.03041	0.21864	0.03396	0.33528	0.18908	0.00784	0.01052	0.01413	0.04104	0.00620
75	0.58779	0.01408	0.01115	0.01017	0.01454	0.01604	0.00824	0.02321	0.01492	0.03577	0.01527	0.01766	0.01193	0.00818	0.00530	0.00242	0.00582	0.00527	0.18355	0.00870
76	0.09825	0.03187	0.08381	0.02446	0.12073	0.37790	0.01779	0.05459	0.02134	0.02486	0.01426	0.01731	0.01171	0.01188	0.05199	0.00304	0.01336	0.00598	0.00445	0.01040
77	0.02679	0.22569	0.02883	0.02022	0.05725	0.42166	0.01548	0.02922	0.02116	0.02059	0.01669	0.01852	0.04742	0.00880	0.00706	0.00209	0.01238	0.00590	0.00426	0.00996
78	0.00982	0.00842	0.00842	0.00842	0.01122	0.00701	0.00631	0.01192	0.01894	0.02244	0.08416	0.07995	0.65285	0.02104	0.00982	0.00281	0.00421	0.01753	0.00771	0.00701
79	0.01023	0.00834	0.00905	0.00907	0.01153	0.00716	0.00673	0.01265	0.01963	0.02454	0.19582	0.12468	0.49042	0.02061	0.00988	0.00281	0.00420	0.01750	0.00800	0.00716
80	0.01909	0.01876	0.02940	0.32004	0.36573	0.05653	0.02393	0.02412	0.01820	0.02424	0.01510	0.02092	0.01213	0.00785	0.00822	0.00258	0.01067	0.00728	0.00394	0.01129
81	0.01894	0.01705	0.02397	0.15076	0.22622	0.05242	0.01851	0.09050	0.04823	0.02659	0.01857	0.02447	0.01552	0.02401	0.20151	0.00568	0.01372	0.00782	0.00481	0.01069
82	0.01055	0.00840	0.00959	0.01033	0.01251	0.00744	0.00792	0.01285	0.01837	0.02265	0.06904	0.20503	0.42123	0.02238	0.01028	0.00311	0.00498	0.12854	0.00770	0.00708
83	0.02519	0.16044	0.05915	0.02205	0.08481	0.35346	0.01676	0.02817	0.02007	0.02156	0.01393	0.01709	0.01188	0.01103	0.03873	0.00273	0.05824	0.00582	0.03881	0.01007
84	0.02843	0.03036	0.02478	0.07217	0.09177	0.35694	0.01730	0.18628	0.06002	0.03016	0.01624	0.01822	0.01266	0.00894	0.00789	0.00235	0.01221	0.00648	0.00549	0.01131
85	0.01235	0.00933	0.01374	0.01355	0.01498	0.01105	0.01059	0.01529	0.01349	0.01982	0.02187	0.03182	0.02028	0.05760	0.61321	0.01236	0.05610	0.00877	0.03627	0.00752
86	0.01932	0.01810	0.02867	0.20965	0.38351	0.01958	0.02258	0.02785	0.13363	0.02702	0.01877	0.02291	0.01488	0.00835	0.00829	0.00261	0.00957	0.00777	0.00481	0.01214
87	0.26136	0.02365	0.17218	0.01708	0.02367	0.07685	0.07917	0.02588	0.01754	0.06643	0.01712	0.01961	0.01283	0.00827	0.00681	0.00245	0.00896	0.00635	0.14366	0.01013

[dist]
# distance from previous block
# <min> <max>
0	1

[block]
# block no. 1 follows, 22 sequences, length 30
# corresponding to MSA columns:
# 96-125
name=unknown_B
#
# <colnr> <probs for GDERKNQSTAVLIFYWHMCP>
#	G	D	E	R	K	N	Q	S	T	A	V	L	I	F	Y	W	H	M	C	P
0	0.02056	0.01974	0.03372	0.05099	0.65622	0.01974	0.02550	0.02550	0.01892	0.02714	0.01563	0.02056	0.01316	0.00740	0.00822	0.00247	0.00987	0.00740	0.00411	0.01316
1	0.02874	0.21489	0.02875	0.01953	0.02455	0.50763	0.01557	0.03101	0.02181	0.02013	0.01250	0.01455	0.01069	0.00818	0.00693	0.00205	0.01339	0.00511	0.00409	0.00990
2	0.10754	0.01592	0.01681	0.01424	0.01898	0.01733	0.01138	0.16330	0.20758	0.12136	0.02654	0.02625	0.01946	0.01007	0.00740	0.00247	0.00654	0.00789	0.18721	0.01173
3	0.01024	0.00843	0.00900	0.00885	0.01148	0.00719	0.00664	0.01273	0.01992	0.02479	0.20657	0.07609	0.52897	0.02016	0.00981	0.00276	0.00415	0.01699	0.00802	0.00719
4	0.02831	0.02164	0.02309	0.01845	0.02452	0.02423	0.01500	0.45347	0.21943	0.04708	0.02410	0.02326	0.01749	0.01036	0.00835	0.00259	0.00837	0.00805	0.00835	0.01383
5	0.01208	0.00805	0.00906	0.00906	0.00906	0.00805	0.00503	0.01208	0.01208	0.01611	0.02618	0.05436	0.03020	0.70804	0.04228	0.00805	0.00805	0.01208	0.00503	0.00503
6	0.01012	0.00723	0.00964	0.01157	0.01205	0.00675	0.00771	0.01157	0.01591	0.02121	0.04579	0.70262	0.05495	0.02603	0.01060	0.00337	0.00482	0.02362	0.00771	0.00675
7	0.01666	0.04297	0.66500	0.02368	0.03596	0.01929	0.03069	0.02631	0.01754	0.02631	0.01491	0.01754	0.01052	0.00789	0.00789	0.00263	0.01228	0.00614	0.00351	0.01228
8	0.76672	0.01607	0.01221	0.01092	0.01607	0.01864	0.00900	0.02442	0.01414	0.03727	0.01157	0.01350	0.00900	0.00771	0.00514	0.00257	0.00643	0.00450	0.00514	0.00900
9	0.01882	0.05389	0.01658	0.01310	0.01762	0.17002	0.01020	0.02178	0.01891	0.02449	0.02999	0.03166	0.13728	0.01283	0.03774	0.00246	0.00838	0.00810	0.13472	0.23141
10	0.01986	0.01627	0.01709	0.01491	0.01948	0.01779	0.01173	0.16101	0.32985	0.03497	0.04548	0.04287	0.20572	0.01384	0.00882	0.00274	0.00644	0.01135	0.00821	0.01157
11	0.76672	0.01607	0.01221	0.01092	0.01607	0.01864	0.00900	0.02442	0.01414	0.03727	0.01157	0.01350	0.00900	0.00771	0.00514	0.00257	0.00643	0.00450	0.00514	0.00900
12	0.01037	0.00808	0.00942	0.00984	0.01175	0.00713	0.00709	0.01272	0.01913	0.02468	0.20895	0.26072	0.33733	0.02155	0.01005	0.00293	0.00432	0.01874	0.00806	0.00713
13	0.01164	0.00879	0.01254	0.01245	0.01413	0.00969	0.00962	0.01466	0.01533	0.02155	0.11581	0.04151	0.09277	0.05184	0.51550	0.01079	0.01788	0.01062	0.00543	0.00743
14	0.03158	0.02327	0.02493	0.01911	0.02576	0.02576	0.01579	0.62852	0.03906	0.05236	0.01995	0.01995	0.01413	0.00997	0.00831	0.00249	0.00914	0.00748	0.00831	0.01413
15	0.01020	0.00737	0.00965	0.01133	0.01202	0.00682	0.00764	0.01182	0.01650	0.02195	0.08186	0.63191	0.08973	0.02524	0.01051	0.00330	0.00474	0.02280	0.00779	0.00682
16	0.02954	0.01750	0.01970	0.01550	0.02106	0.01829	0.01267	0.34223	0.03035	0.20636	0.02485	0.02453	0.01737	0.00999	0.00777	0.00239	0.00745	0.00776	0.17194	0.01273
17	0.02440	0.01726	0.01850	0.01499	0.01982	0.01870	0.01211	0.37151	0.05858	0.04328	0.08160	0.02976	0.05324	0.01112	0.00792	0.00240	0.00706	0.00879	0.18731	0.01165
18	0.01183	0.00884	0.01122	0.01161	0.01377	0.00822	0.00937	0.01526	0.02086	0.02768	0.30024	0.07744	0.21193	0.02005	0.01038	0.00308	0.00528	0.21711	0.00827	0.00757
19	0.01032	0.00770	0.00961	0.01070	0.01193	0.00698	0.00743	0.01232	0.01781	0.02345	0.15316	0.46183	0.18953	0.02346	0.01030	0.00313	0.00454	0.02088	0.00795	0.00698
20	0.01937	0.02054	0.02137	0.01918	0.02065	0.17670	0.01533	0.02161	0.01551	0.01986	0.01477	0.02174	0.01381	0.02741	0.21659	0.00619	0.32933	0.00730	0.00403	0.00872
21	0.01366	0.01517	0.10424	0.01821	0.05187	0.01330	0.04838	0.01779	0.01451	0.02106	0.02013	0.02880	0.01812	0.04707	0.48655	0.01035	0.04945	0.00843	0.00426	0.00864
22	0.01187	0.00890	0.01335	0.01335	0.01483	0.01038	0.01038	0.01483	0.01335	0.01928	0.02225	0.03264	0.02077	0.06231	0.67512	0.01335	0.02225	0.00890	0.00445	0.00742
23	0.01049	0.00788	0.00981	0.01120	0.01253	0.00721	0.00810	0.01244	0.01720	0.02206	0.05633	0.44367	0.22209	0.02420	0.01050	0.00328	0.00504	0.10133	0.00770	0.00695
24	0.26467	0.03408	0.44916	0.01946	0.02938	0.01908	0.02352	0.02568	0.01641	0.02993	0.01380	0.01620	0.01002	0.00783	0.00698	0.00261	0.01034	0.00560	0.00405	0.01119
25	0.03103	0.03959	0.02354	0.02140	0.02568	0.67469	0.01605	0.03317	0.02354	0.02033	0.01284	0.01498	0.01070	0.00856	0.00749	0.00214	0.01498	0.00535	0.00428	0.00963
26	0.05363	0.12321	0.19608	0.06021	0.08415	0.08894	0.02088	0.05924	0.01837	0.04858	0.01422	0.01772	0.01141	0.00946	0.01165	0.00266	0.15793	0.00634	0.00427	0.01104
27	0.02384	0.02069	0.03034	0.03977	0.43624	0.02158	0.02198	0.20567	0.05687	0.03503	0.01784	0.02091	0.01407	0.00836	0.00826	0.00249	0.00948	0.00753	0.00558	0.01345
28	0.09891	0.02065	0.02276	0.01817	0.02335	0.02369	0.01498	0.43680	0.03095	0.04376	0.01815	0.02020	0.01379	0.01493	0.06884	0.00360	0.09972	0.00729	0.00705	0.01239
29	0.01179	0.00850	0.01099	0.01085	0.01260	0.00795	0.00815	0.01516	0.02146	0.02980	0.47315	0.10135	0.09650	0.07422	0.01266	0.00324	0.00473	0.08090	0.00850	0.00749

[dist]
# distance from previous block
# <min> <max>
0	1

[block]
# block no. 2 follows, 22 sequences, length 49
# corresponding to MSA columns:
# 127-175
name=unknown_C
#
# <colnr> <probs for GDERKNQSTAVLIFYWHMCP>
#	G	D	E	R	K	N	Q	S	T	A	V	L	I	F	Y	W	H	M	C	P
0	0.02045	0.02425	0.16423	0.02673	0.19533	0.04842	0.01977	0.14387	0.07900	0.03146	0.03003	0.03104	0.12762	0.01084	0.00844	0.00259	0.00918	0.00903	0.00585	0.01190
1	0.01905	0.01877	0.01727	0.01613	0.01888	0.19593	0.01247	0.07812	0.01861	0.02271	0.01943	0.02654	0.01735	0.04245	0.42687	0.00921	0.01899	0.00778	0.00477	0.00867
2	0.00991	0.00804	0.00880	0.00941	0.01148	0.00693	0.00675	0.01181	0.01798	0.02205	0.07210	0.27566	0.46492	0.02261	0.01007	0.00298	0.00440	0.01945	0.00771	0.00693
3	0.02155	0.06253	0.21446	0.03094	0.15231	0.16272	0.18428	0.02766	0.01962	0.02494	0.01495	0.01866	0.01162	0.00767	0.00826	0.00250	0.01272	0.00711	0.00398	0.01151
4	0.04948	0.01214	0.01452	0.01483	0.04442	0.01271	0.01055	0.07824	0.10568	0.05700	0.03414	0.17029	0.05837	0.17050	0.04802	0.00463	0.00776	0.09086	0.00697	0.00887
5	0.01012	0.00723	0.00964	0.01157	0.01205	0.00675	0.00771	0.01157	0.01591	0.02121	0.04579	0.70262	0.05495	0.02603	0.01060	0.00337	0.00482	0.02362	0.00771	0.00675
6	0.01127	0.00895	0.01019	0.00979	0.01231	0.00811	0.00737	0.01534	0.05398	0.02804	0.33964	0.06922	0.35839	0.01868	0.00974	0.00272	0.00420	0.01596	0.00840	0.00771
7	0.02463	0.02794	0.02914	0.02616	0.08850	0.28704	0.15749	0.03385	0.18662	0.02627	0.01961	0.02149	0.01528	0.00881	0.00835	0.00250	0.01203	0.00765	0.00536	0.01127
8	0.01922	0.02029	0.02129	0.01912	0.02057	0.17123	0.01529	0.02146	0.01542	0.01985	0.01483	0.02187	0.01388	0.02781	0.22143	0.00627	0.33009	0.00733	0.00403	0.00870
9	0.01025	0.00740	0.00974	0.01157	0.01224	0.00689	0.00789	0.01184	0.01621	0.02144	0.04776	0.64152	0.08671	0.02562	0.01060	0.00336	0.00492	0.04951	0.00771	0.00680
10	0.01623	0.01521	0.02403	0.15672	0.33904	0.01545	0.01894	0.02038	0.01849	0.02454	0.03725	0.03974	0.21612	0.01191	0.00875	0.00263	0.00830	0.01062	0.00518	0.01047
11	0.01906	0.30111	0.21213	0.02326	0.13355	0.02408	0.02042	0.02401	0.01712	0.02290	0.01716	0.02014	0.04235	0.01114	0.04063	0.00285	0.04666	0.00642	0.00388	0.01113
12	0.02404	0.02757	0.02401	0.02751	0.19115	0.35454	0.01732	0.02710	0.02007	0.02191	0.01565	0.02034	0.01356	0.02005	0.15421	0.00469	0.01522	0.00668	0.00427	0.01008
13	0.02365	0.02176	0.02971	0.03912	0.42106	0.07800	0.02178	0.16543	0.02400	0.03226	0.01788	0.02380	0.01500	0.00892	0.00835	0.00252	0.01003	0.03864	0.00529	0.01278
14	0.02124	0.19530	0.28668	0.02622	0.14796	0.13810	0.02326	0.02703	0.01870	0.02382	0.01389	0.01667	0.01109	0.00773	0.00728	0.00231	0.01150	0.00584	0.00377	0.01160
15	0.01860	0.15975	0.52541	0.02160	0.03269	0.02136	0.02693	0.02672	0.01771	0.05469	0.01515	0.01730	0.01101	0.00787	0.00746	0.00248	0.01144	0.00594	0.00383	0.01208
16	0.01012	0.00723	0.00964	0.01157	0.01205	0.00675	0.00771	0.01157	0.01591	0.02121	0.04579	0.70262	0.05495	0.02603	0.01060	0.00337	0.00482	0.02362	0.00771	0.00675
17	0.01256	0.00996	0.01382	0.14475	0.02185	0.01054	0.01123	0.01736	0.07186	0.02560	0.19999	0.34052	0.05001	0.01887	0.00975	0.00300	0.00596	0.01691	0.00737	0.00808
18	0.02730	0.02402	0.03156	0.02723	0.11352	0.08016	0.15847	0.35740	0.03053	0.04027	0.01803	0.02017	0.01335	0.00882	0.00857	0.00253	0.01087	0.00782	0.00645	0.01293
19	0.01090	0.00851	0.00992	0.00971	0.01208	0.00753	0.00738	0.01393	0.02106	0.02759	0.34409	0.07241	0.35622	0.01927	0.00990	0.00277	0.00425	0.04669	0.00837	0.00743
20	0.03118	0.03525	0.02391	0.02079	0.02570	0.50194	0.01598	0.19166	0.02767	0.02886	0.01473	0.01630	0.01161	0.00894	0.00771	0.00223	0.01343	0.00592	0.00535	0.01083
21	0.25559	0.02307	0.08619	0.01707	0.02383	0.02292	0.01522	0.38189	0.02922	0.04508	0.01686	0.01772	0.01219	0.00907	0.00730	0.00253	0.00863	0.00643	0.00685	0.01237
22	0.01999	0.04219	0.51640	0.02315	0.03358	0.17112	0.02730	0.02790	0.01893	0.02492	0.01443	0.01695	0.01056	0.00805	0.00780	0.00252	0.01290	0.00596	0.00369	0.01166
23	0.01549	0.00774	0.00774	0.00774	0.00968	0.00774	0.00581	0.01936	0.01742	0.03097	0.02710	0.03097	0.02129	0.00968	0.00581	0.00194	0.00387	0.00774	0.75416	0.00774
24	0.01666	0.04297	0.66500	0.02368	0.03596	0.01929	0.03069	0.02631	0.01754	0.02631	0.01491	0.01754	0.01052	0.00789	0.00789	0.00263	0.01228	0.00614	0.00351	0.01228
25	0.01012	0.00723	0.00964	0.01157	0.01205	0.00675	0.00771	0.01157	0.01591	0.02121	0.04579	0.70262	0.05495	0.02603	0.01060	0.00337	0.00482	0.02362	0.00771	0.00675
26	0.01012	0.00723	0.00964	0.01157	0.01205	0.00675	0.00771	0.01157	0.01591	0.02121	0.04579	0.70262	0.05495	0.02603	0.01060	0.00337	0.00482	0.02362	0.00771	0.00675
27	0.01187	0.00890	0.01335	0.01335	0.01483	0.01038	0.01038	0.01483	0.01335	0.01928	0.02225	0.03264	0.02077	0.06231	0.67512	0.01335	0.02225	0.00890	0.00445	0.00742
28	0.76672	0.01607	0.01221	0.01092	0.01607	0.01864	0.00900	0.02442	0.01414	0.03727	0.01157	0.01350	0.00900	0.00771	0.00514	0.00257	0.00643	0.00450	0.00514	0.00900
29	0.02056	0.01974	0.03372	0.05099	0.65622	0.01974	0.02550	0.02550	0.01892	0.02714	0.01563	0.02056	0.01316	0.00740	0.00822	0.00247	0.00987	0.00740	0.00411	0.01316
30	0.01921	0.01134	0.01172	0.01038	0.01340	0.01192	0.00812	0.16048	0.02243	0.03593	0.02544	0.02842	0.01963	0.00975	0.00639	0.00206	0.00509	0.00768	0.58138	0.00922
31	0.76672	0.01607	0.01221	0.01092	0.01607	0.01864	0.00900	0.02442	0.01414	0.03727	0.01157	0.01350	0.00900	0.00771	0.00514	0.00257	0.00643	0.00450	0.00514	0.00900
32	0.01298	0.00855	0.01163	0.01163	0.01325	0.00957	0.00898	0.01622	0.01460	0.02287	0.02374	0.03213	0.02093	0.04616	0.46979	0.00985	0.01661	0.00855	0.23444	0.00752
33	0.01003	0.00836	0.00879	0.00907	0.01161	0.00712	0.00681	0.01216	0.01866	0.02245	0.07843	0.13972	0.56467	0.02161	0.00998	0.00291	0.00444	0.04843	0.00771	0.00702
34	0.01187	0.00890	0.01335	0.01335	0.01483	0.01038	0.01038	0.01483	0.01335	0.01928	0.02225	0.03264	0.02077	0.06231	0.67512	0.01335	0.02225	0.00890	0.00445	0.00742
35	0.03158	0.02327	0.02493	0.01911	0.02576	0.02576	0.01579	0.62852	0.03906	0.05236	0.01995	0.01995	0.01413	0.00997	0.00831	0.00249	0.00914	0.00748	0.00831	0.01413
36	0.01153	0.00785	0.00933	0.00982	0.01006	0.00769	0.00591	0.01213	0.01374	0.01842	0.06510	0.23164	0.03954	0.48488	0.03190	0.00649	0.00695	0.01539	0.00598	0.00565
37	0.01012	0.00723	0.00964	0.01157	0.01205	0.00675	0.00771	0.01157	0.01591	0.02121	0.04579	0.70262	0.05495	0.02603	0.01060	0.00337	0.00482	0.02362	0.00771	0.00675
38	0.01182	0.00794	0.00914	0.00940	0.00947	0.00788	0.00540	0.01201	0.01260	0.01680	0.02883	0.14216	0.03355	0.61568	0.03799	0.00742	0.00762	0.01364	0.00540	0.00527
39	0.01549	0.00774	0.00774	0.00774	0.00968	0.00774	0.00581	0.01936	0.01742	0.03097	0.02710	0.03097	0.02129	0.00968	0.00581	0.00194	0.00387	0.00774	0.75416	0.00774
40	0.01877	0.01791	0.03048	0.28542	0.43580	0.01927	0.02460	0.02392	0.01807	0.02496	0.01531	0.02115	0.01239	0.00773	0.00825	0.00258	0.01031	0.00739	0.00396	0.01171
41	0.03103	0.03959	0.02354	0.02140	0.02568	0.67469	0.01605	0.03317	0.02354	0.02033	0.01284	0.01498	0.01070	0.00856	0.00749	0.00214	0.01498	0.00535	0.00428	0.00963
42	0.01330	0.01043	0.01108	0.01047	0.01371	0.00985	0.00799	0.01955	0.13397	0.05628	0.12384	0.06686	0.45525	0.01836	0.00950	0.00278	0.00475	0.01537	0.00810	0.00856
43	0.01443	0.00722	0.01082	0.01082	0.01082	0.00722	0.00722	0.01082	0.01082	0.01443	0.01443	0.02525	0.01443	0.02886	0.03247	0.75830	0.00722	0.00722	0.00361	0.00361
44	0.01077	0.00848	0.00974	0.01045	0.01257	0.00759	0.00803	0.01306	0.01819	0.02249	0.06669	0.17346	0.39924	0.05610	0.01190	0.00338	0.00525	0.14802	0.00757	0.00702
45	0.02518	0.02896	0.02890	0.03391	0.27933	0.32529	0.04638	0.02863	0.02055	0.02331	0.01396	0.01783	0.01179	0.00856	0.00966	0.00243	0.07357	0.00654	0.00415	0.01107
46	0.02623	0.02062	0.02178	0.01784	0.02314	0.05333	0.01441	0.39070	0.14108	0.04201	0.02247	0.02385	0.01710	0.01911	0.12267	0.00440	0.01121	0.00796	0.00748	0.01259
47	0.01983	0.17145	0.05928	0.03797	0.43024	0.02153	0.02159	0.02423	0.01815	0.02484	0.01836	0.02232	0.04410	0.01062	0.03914	0.00285	0.01006	0.00727	0.00416	0.01200
48	0.01465	0.01865	0.15860	0.01688	0.01999	0.01581	0.01568	0.01809	0.01381	0.02028	0.01853	0.03051	0.01808	0.18724	0.20962	0.00718	0.19529	0.00860	0.00416	0.00838

[dist]
# distance from previous block
# <min> <max>
0	1

[block]
# block no. 3 follows, 22 sequences, length 84
# corresponding to MSA columns:
# 177-260
name=unknown_D
#
# <colnr> <probs for GDERKNQSTAVLIFYWHMCP>
#	G	D	E	R	K	N	Q	S	T	A	V	L	I	F	Y	W	H	M	C	P
0	0.01958	0.01873	0.03194	0.17972	0.53518	0.01948	0.02501	0.02463	0.01845	0.02595	0.01545	0.02088	0.01274	0.00758	0.00824	0.00253	0.01011	0.00740	0.00403	0.01236
1	0.01733	0.01735	0.01561	0.01489	0.01673	0.18938	0.01101	0.01936	0.01578	0.01887	0.02015	0.03224	0.01980	0.19291	0.32488	0.00873	0.04434	0.00860	0.00450	0.00754
2	0.01760	0.01274	0.01406	0.01296	0.01620	0.01337	0.00972	0.02799	0.26724	0.08981	0.04356	0.05007	0.16505	0.17257	0.01660	0.00404	0.00650	0.04249	0.00765	0.00976
3	0.00982	0.00842	0.00842	0.00842	0.01122	0.00701	0.00631	0.01192	0.01894	0.02244	0.08416	0.07995	0.65285	0.02104	0.00982	0.00281	0.00421	0.01753	0.00771	0.00701
4	0.01012	0.00723	0.00964	0.01157	0.01205	0.00675	0.00771	0.01157	0.01591	0.02121	0.04579	0.70262	0.05495	0.02603	0.01060	0.00337	0.00482	0.02362	0.00771	0.00675
5	0.01979	0.01978	0.03597	0.04513	0.48180	0.01938	0.16332	0.02506	0.01908	0.02678	0.01938	0.02401	0.04556	0.00800	0.00867	0.00256	0.01054	0.00847	0.00432	0.01239
6	0.02684	0.03218	0.02136	0.01954	0.02330	0.50230	0.01480	0.05336	0.02193	0.02140	0.01520	0.01906	0.01305	0.02043	0.15424	0.00462	0.01634	0.00622	0.00448	0.00933
7	0.01021	0.00729	0.00971	0.01151	0.01207	0.00680	0.00772	0.01178	0.01630	0.02183	0.07697	0.66967	0.05615	0.02556	0.01056	0.00333	0.00477	0.02317	0.00779	0.00680
8	0.01187	0.00890	0.01335	0.01335	0.01483	0.01038	0.01038	0.01483	0.01335	0.01928	0.02225	0.03264	0.02077	0.06231	0.67512	0.01335	0.02225	0.00890	0.00445	0.00742
9	0.01595	0.01599	0.01426	0.04765	0.01787	0.16068	0.01070	0.01832	0.01784	0.02065	0.04065	0.04989	0.21221	0.10838	0.15941	0.00568	0.01171	0.05883	0.00569	0.00763
10	0.01058	0.00889	0.00926	0.00925	0.01205	0.00778	0.00706	0.01379	0.04631	0.02366	0.10878	0.07762	0.56469	0.02051	0.00984	0.00285	0.00448	0.04743	0.00782	0.00736
11	0.01312	0.00944	0.01302	0.01467	0.01663	0.00933	0.01270	0.01688	0.01941	0.02533	0.08676	0.09097	0.07626	0.02246	0.01129	0.00370	0.00725	0.53539	0.00775	0.00763
12	0.02608	0.05866	0.02216	0.01987	0.05131	0.36589	0.01465	0.05520	0.17574	0.02638	0.01977	0.02089	0.01561	0.00928	0.00753	0.00230	0.01109	0.00672	0.08017	0.01068
13	0.03158	0.02327	0.02493	0.01911	0.02576	0.02576	0.01579	0.62852	0.03906	0.05236	0.01995	0.01995	0.01413	0.00997	0.00831	0.00249	0.00914	0.00748	0.00831	0.01413
14	0.00982	0.00842	0.00842	0.00842	0.01122	0.00701	0.00631	0.01192	0.01894	0.02244	0.08416	0.07995	0.65285	0.02104	0.00982	0.00281	0.00421	0.01753	0.00771	0.00701
15	0.01197	0.00807	0.00903	0.00903	0.00916	0.00800	0.00509	0.01207	0.01241	0.01641	0.02894	0.05558	0.05989	0.67529	0.04074	0.00780	0.00787	0.01234	0.00516	0.00513
16	0.01845	0.25877	0.46485	0.02063	0.03124	0.02367	0.02539	0.02585	0.01733	0.02413	0.01383	0.01618	0.01057	0.00764	0.00707	0.00236	0.01118	0.00559	0.00352	0.01176
17	0.01187	0.00890	0.01335	0.01335	0.01483	0.01038	0.01038	0.01483	0.01335	0.01928	0.02225	0.03264	0.02077	0.06231	0.67512	0.01335	0.02225	0.00890	0.00445	0.00742
18	0.76672	0.01607	0.01221	0.01092	0.01607	0.01864	0.00900	0.02442	0.01414	0.03727	0.01157	0.01350	0.00900	0.00771	0.00514	0.00257	0.00643	0.00450	0.00514	0.00900
19	0.01005	0.00749	0.00937	0.01087	0.01187	0.00681	0.00740	0.01165	0.01657	0.02148	0.05422	0.56578	0.18634	0.02493	0.01043	0.00325	0.00469	0.02228	0.00771	0.00681
20	0.01632	0.01556	0.05092	0.01801	0.02210	0.01493	0.11751	0.04995	0.20992	0.02898	0.09504	0.25591	0.03718	0.01582	0.00951	0.00296	0.00738	0.01455	0.00730	0.01014
21	0.02180	0.02423	0.06305	0.04256	0.42782	0.11853	0.12794	0.02688	0.01967	0.02599	0.01538	0.01990	0.01258	0.00753	0.00837	0.00248	0.01146	0.00745	0.00413	0.01225
22	0.47498	0.01606	0.01510	0.01261	0.01806	0.01747	0.01037	0.10006	0.01947	0.18030	0.01817	0.01851	0.01286	0.00867	0.00628	0.00253	0.00677	0.00590	0.04511	0.01071
23	0.02350	0.02726	0.16986	0.16721	0.03456	0.09895	0.02054	0.22706	0.08966	0.03397	0.01825	0.02044	0.01339	0.00910	0.00813	0.00258	0.01071	0.00710	0.00574	0.01200
24	0.01990	0.02130	0.08206	0.02689	0.16877	0.05319	0.06887	0.03294	0.28853	0.02924	0.02522	0.07061	0.02076	0.01074	0.00945	0.00276	0.04115	0.00934	0.00618	0.01211
25	0.01449	0.01174	0.01456	0.01502	0.01633	0.04121	0.01220	0.01708	0.01663	0.02181	0.03313	0.06836	0.03597	0.17344	0.04968	0.00507	0.10371	0.33600	0.00623	0.00735
26	0.01460	0.01095	0.01591	0.09388	0.01920	0.01326	0.01175	0.01498	0.01256	0.01757	0.01683	0.02897	0.01673	0.13066	0.14319	0.25848	0.16184	0.00827	0.00399	0.00637
27	0.02686	0.13217	0.02660	0.01976	0.02408	0.37965	0.01581	0.07951	0.02169	0.02321	0.01302	0.01582	0.01110	0.00938	0.01059	0.00233	0.13012	0.00571	0.00444	0.04816
28	0.01516	0.01527	0.01275	0.01254	0.01497	0.15916	0.00919	0.01755	0.02038	0.02420	0.19069	0.19786	0.24248	0.01836	0.00946	0.00273	0.00673	0.01552	0.00726	0.00774
29	0.02066	0.01785	0.01878	0.01691	0.02160	0.02066	0.01315	0.04414	0.64121	0.03475	0.03381	0.03099	0.02536	0.01127	0.00845	0.00282	0.00657	0.00939	0.00845	0.01315
30	0.02714	0.01981	0.02132	0.01683	0.02196	0.02173	0.01334	0.48817	0.03292	0.04410	0.02136	0.02778	0.01779	0.16891	0.01605	0.00376	0.00889	0.00853	0.00756	0.01206
31	0.01012	0.00723	0.00964	0.01157	0.01205	0.00675	0.00771	0.01157	0.01591	0.02121	0.04579	0.70262	0.05495	0.02603	0.01060	0.00337	0.00482	0.02362	0.00771	0.00675
32	0.03049	0.02273	0.02432	0.01889	0.02535	0.02525	0.01553	0.57027	0.09909	0.05060	0.02133	0.02105	0.01525	0.01010	0.00832	0.00253	0.00889	0.00767	0.00832	0.01403
33	0.01012	0.00723	0.00964	0.01157	0.01205	0.00675	0.00771	0.01157	0.01591	0.02121	0.04579	0.70262	0.05495	0.02603	0.01060	0.00337	0.00482	0.02362	0.00771	0.00675
34	0.01229	0.00953	0.01417	0.01392	0.01531	0.01140	0.01091	0.01518	0.01331	0.01933	0.02149	0.03166	0.02010	0.05908	0.63140	0.01270	0.06751	0.00879	0.00440	0.00753
35	0.01203	0.00824	0.01000	0.01000	0.01033	0.00857	0.00621	0.01269	0.01236	0.01681	0.02531	0.04959	0.02813	0.56613	0.18136	0.00922	0.01117	0.01138	0.00491	0.00556
36	0.01686	0.04179	0.63285	0.02507	0.06755	0.01932	0.03043	0.02627	0.01761	0.02635	0.01494	0.01769	0.01066	0.00787	0.00791	0.00262	0.01215	0.00620	0.00354	0.01232
37	0.01443	0.00722	0.01082	0.01082	0.01082	0.00722	0.00722	0.01082	0.01082	0.01443	0.01443	0.02525	0.01443	0.02886	0.03247	0.75830	0.00722	0.00722	0.00361	0.00361
38	0.01818	0.01818	0.02545	0.02181	0.02181	0.02545	0.01818	0.01999	0.01272	0.01999	0.01091	0.01818	0.01091	0.01454	0.02726	0.00364	0.69284	0.00727	0.00364	0.00909
39	0.05630	0.07871	0.38204	0.09484	0.17729	0.02019	0.02653	0.02542	0.01754	0.02610	0.01466	0.01819	0.01111	0.00776	0.00770	0.00255	0.01108	0.00635	0.00375	0.01190
40	0.01973	0.02090	0.04046	0.03853	0.24778	0.02121	0.33563	0.02528	0.01839	0.02584	0.01556	0.02118	0.01255	0.00822	0.01177	0.00281	0.10988	0.00863	0.00409	0.01156
41	0.01000	0.00842	0.00866	0.00860	0.01133	0.00709	0.00645	0.01227	0.01936	0.02344	0.13639	0.07830	0.60000	0.02067	0.00982	0.00279	0.00418	0.01730	0.00785	0.00709
42	0.01187	0.00890	0.01335	0.01335	0.01483	0.01038	0.01038	0.01483	0.01335	0.01928	0.02225	0.03264	0.02077	0.06231	0.67512	0.01335	0.02225	0.00890	0.00445	0.00742
43	0.01012	0.00723	0.00964	0.01157	0.01205	0.00675	0.00771	0.01157	0.01591	0.02121	0.04579	0.70262	0.05495	0.02603	0.01060	0.00337	0.00482	0.02362	0.00771	0.00675
44	0.76672	0.01607	0.01221	0.01092	0.01607	0.01864	0.00900	0.02442	0.01414	0.03727	0.01157	0.01350	0.00900	0.00771	0.00514	0.00257	0.00643	0.00450	0.00514	0.00900
45	0.03598	0.01622	0.02057	0.01577	0.02224	0.01530	0.01303	0.17437	0.02726	0.52318	0.02985	0.02638	0.01910	0.01021	0.00834	0.00255	0.00754	0.00816	0.00983	0.01414
46	0.03727	0.01414	0.01928	0.01478	0.02121	0.01221	0.01221	0.04049	0.02378	0.66198	0.03277	0.02828	0.02056	0.01028	0.00835	0.00257	0.00707	0.00835	0.01028	0.01414
47	0.01818	0.01818	0.02545	0.02181	0.02181	0.02545	0.01818	0.01999	0.01272	0.01999	0.01091	0.01818	0.01091	0.01454	0.02726	0.00364	0.69284	0.00727	0.00364	0.00909
48	0.76672	0.01607	0.01221	0.01092	0.01607	0.01864	0.00900	0.02442	0.01414	0.03727	0.01157	0.01350	0.00900	0.00771	0.00514	0.00257	0.00643	0.00450	0.00514	0.00900
49	0.01187	0.00890	0.01335	0.01335	0.01483	0.01038	0.01038	0.01483	0.01335	0.01928	0.02225	0.03264	0.02077	0.06231	0.67512	0.01335	0.02225	0.00890	0.00445	0.00742
50	0.03689	0.01475	0.01966	0.01507	0.02151	0.01312	0.01245	0.08017	0.02481	0.62083	0.03191	0.02771	0.02013	0.01026	0.00835	0.00257	0.00721	0.00830	0.01015	0.01414
51	0.76672	0.01607	0.01221	0.01092	0.01607	0.01864	0.00900	0.02442	0.01414	0.03727	0.01157	0.01350	0.00900	0.00771	0.00514	0.00257	0.00643	0.00450	0.00514	0.00900
52	0.00982	0.00842	0.00842	0.00842	0.01122	0.00701	0.00631	0.01192	0.01894	0.02244	0.08416	0.07995	0.65285	0.02104	0.00982	0.00281	0.00421	0.01753	0.00771	0.00701
53	0.01185	0.00796	0.00913	0.00936	0.00942	0.00790	0.00535	0.01202	0.01254	0.01671	0.02850	0.13137	0.03314	0.62703	0.03852	0.00750	0.00767	0.01345	0.00535	0.00524
54	0.01088	0.00755	0.00941	0.01059	0.01089	0.00726	0.00667	0.01177	0.01442	0.01922	0.03815	0.45019	0.04531	0.29160	0.02294	0.00520	0.00608	0.01912	0.00667	0.00608
55	0.01112	0.00847	0.01022	0.00978	0.01202	0.00757	0.00734	0.01445	0.02202	0.02975	0.46600	0.06791	0.26645	0.01831	0.00980	0.00268	0.00401	0.01585	0.00868	0.00757
56	0.01012	0.00723	0.00964	0.01157	0.01205	0.00675	0.00771	0.01157	0.01591	0.02121	0.04579	0.70262	0.05495	0.02603	0.01060	0.00337	0.00482	0.02362	0.00771	0.00675
57	0.01196	0.00853	0.01146	0.01146	0.01229	0.00936	0.00803	0.01362	0.01279	0.01788	0.02398	0.04221	0.02493	0.34697	0.39614	0.01102	0.01599	0.01030	0.00471	0.00637
58	0.02252	0.02469	0.05861	0.04227	0.47278	0.15241	0.02325	0.02793	0.04784	0.02607	0.01585	0.01977	0.01310	0.00783	0.00807	0.00242	0.01086	0.00702	0.00432	0.01241
59	0.01088	0.00777	0.01051	0.01243	0.01324	0.00740	0.00902	0.01287	0.01665	0.02205	0.04537	0.56189	0.05330	0.02532	0.01080	0.00348	0.00547	0.15690	0.00770	0.00696
60	0.00982	0.00842	0.00842	0.00842	0.01122	0.00701	0.00631	0.01192	0.01894	0.02244	0.08416	0.07995	0.65285	0.02104	0.00982	0.00281	0.00421	0.01753	0.00771	0.00701
61	0.01423	0.01338	0.01868	0.01684	0.01983	0.05589	0.11644	0.01741	0.01841	0.02318	0.04608	0.21039	0.19016	0.01907	0.01105	0.00317	0.04006	0.15099	0.00667	0.00810
62	0.01208	0.00805	0.00906	0.00906	0.00906	0.00805	0.00503	0.01208	0.01208	0.01611	0.02618	0.05436	0.03020	0.70804	0.04228	0.00805	0.00805	0.01208	0.00503	0.00503
63	0.01191	0.00798	0.00911	0.00928	0.00933	0.00794	0.00527	0.01204	0.01242	0.01656	0.02792	0.11209	0.03241	0.64732	0.03946	0.00764	0.00777	0.01311	0.00527	0.00519
64	0.01636	0.01418	0.02023	0.02299	0.15649	0.01637	0.01448	0.04868	0.01578	0.02241	0.02198	0.13170	0.02343	0.18628	0.05627	0.00486	0.20270	0.01104	0.00498	0.00881
65	0.02561	0.06467	0.02598	0.02579	0.13953	0.35755	0.01752	0.05700	0.02095	0.02296	0.01408	0.01788	0.01209	0.01312	0.05984	0.00323	0.10126	0.00629	0.00434	0.01031
66	0.02400	0.02800	0.02330	0.02077	0.02306	0.34940	0.01634	0.02609	0.01821	0.02009	0.01299	0.01800	0.01178	0.01625	0.08124	0.00384	0.28693	0.00647	0.00404	0.00920
67	0.00997	0.00782	0.00903	0.01000	0.01164	0.00688	0.00701	0.01174	0.01742	0.02182	0.06492	0.39207	0.35314	0.02354	0.01021	0.00309	0.00451	0.02058	0.00771	0.00688
68	0.02259	0.33365	0.03552	0.09298	0.20466	0.13666	0.01859	0.02609	0.01856	0.02199	0.01324	0.01653	0.01141	0.00756	0.00681	0.00213	0.01042	0.00572	0.00385	0.01105
69	0.02027	0.47859	0.26098	0.01753	0.02644	0.02812	0.01998	0.02538	0.01711	0.02191	0.01272	0.01480	0.01061	0.00738	0.00623	0.00208	0.01007	0.00504	0.00354	0.01123
70	0.01022	0.00727	0.00961	0.01144	0.01189	0.00682	0.00757	0.01159	0.01571	0.02094	0.04477	0.66883	0.05366	0.06158	0.01225	0.00362	0.00499	0.02302	0.00757	0.00666
71	0.02075	0.01283	0.01337	0.01147	0.01494	0.01364	0.00908	0.21878	0.02451	0.03797	0.02476	0.02736	0.01895	0.00977	0.00663	0.00212	0.00560	0.00766	0.50999	0.00983
