[name]
unknown

[dist]
# distance from previous block
# <min> <max>
0	0

[block]
# block no. 0 follows, 22 sequences, length 46
# corresponding to MSA columns:
# 0-45
name=unknown_A
#
# <colnr> <probs for GDERKNQSTAVLIFYWHMCP>
#	G	D	E	R	K	N	Q	S	T	A	V	L	I	F	Y	W	H	M	C	P
0	0.01339	0.00956	0.01339	0.01530	0.01721	0.00956	0.01339	0.01721	0.01912	0.02486	0.04399	0.09371	0.04781	0.02295	0.01147	0.00382	0.00765	0.60031	0.00765	0.00765
1	0.01841	0.19929	0.38275	0.07923	0.11279	0.02256	0.02544	0.02544	0.01748	0.02437	0.01418	0.01728	0.01094	0.00767	0.00735	0.00242	0.01106	0.00599	0.00361	0.01175
2	0.03084	0.02818	0.02417	0.01973	0.02552	0.23174	0.01574	0.40898	0.06537	0.04126	0.01841	0.01894	0.01362	0.00959	0.00806	0.00240	0.01086	0.00690	0.00704	0.01265
3	0.01059	0.00743	0.00950	0.01096	0.01133	0.00706	0.00707	0.01169	0.01498	0.01998	0.04106	0.54631	0.04898	0.19048	0.01824	0.00450	0.00560	0.02084	0.00707	0.00633
4	0.01844	0.01758	0.02990	0.32779	0.39597	0.01918	0.02444	0.02364	0.01791	0.02457	0.01525	0.02125	0.01225	0.00779	0.00826	0.00260	0.01039	0.00739	0.00393	0.01145
5	0.00982	0.00842	0.00842	0.00842	0.01122	0.00701	0.00631	0.01192	0.01894	0.02244	0.08416	0.07995	0.65285	0.02104	0.00982	0.00281	0.00421	0.01753	0.00771	0.00701
6	0.01012	0.00723	0.00964	0.01157	0.01205	0.00675	0.00771	0.01157	0.01591	0.02121	0.04579	0.70262	0.05495	0.02603	0.01060	0.00337	0.00482	0.02362	0.00771	0.00675
7	0.01176	0.00849	0.01110	0.01045	0.01241	0.00784	0.00784	0.01568	0.02352	0.03331	0.65184	0.06206	0.07839	0.01698	0.00980	0.00261	0.00392	0.01502	0.00914	0.00784
8	0.01012	0.00723	0.00964	0.01157	0.01205	0.00675	0.00771	0.01157	0.01591	0.02121	0.04579	0.70262	0.05495	0.02603	0.01060	0.00337	0.00482	0.02362	0.00771	0.00675
9	0.76672	0.01607	0.01221	0.01092	0.01607	0.01864	0.00900	0.02442	0.01414	0.03727	0.01157	0.01350	0.00900	0.00771	0.00514	0.00257	0.00643	0.00450	0.00514	0.00900
10	0.02221	0.71304	0.04353	0.01421	0.02132	0.03287	0.01421	0.02488	0.01688	0.01955	0.01155	0.01333	0.01066	0.00711	0.00533	0.00178	0.00888	0.00444	0.00355	0.01066
11	0.01063	0.00762	0.01009	0.01122	0.01216	0.00709	0.00775	0.01284	0.01827	0.02496	0.23386	0.50384	0.06222	0.02322	0.01035	0.00314	0.00454	0.02095	0.00816	0.00709
12	0.76672	0.01607	0.01221	0.01092	0.01607	0.01864	0.00900	0.02442	0.01414	0.03727	0.01157	0.01350	0.00900	0.00771	0.00514	0.00257	0.00643	0.00450	0.00514	0.00900
13	0.01176	0.00849	0.01110	0.01045	0.01241	0.00784	0.00784	0.01568	0.02352	0.03331	0.65184	0.06206	0.07839	0.01698	0.00980	0.00261	0.00392	0.01502	0.00914	0.00784
14	0.76672	0.01607	0.01221	0.01092	0.01607	0.01864	0.00900	0.02442	0.01414	0.03727	0.01157	0.01350	0.00900	0.00771	0.00514	0.00257	0.00643	0.00450	0.00514	0.00900
15	0.02056	0.01974	0.03372	0.05099	0.65622	0.01974	0.02550	0.02550	0.01892	0.02714	0.01563	0.02056	0.01316	0.00740	0.00822	0.00247	0.00987	0.00740	0.00411	0.01316
16	0.03158	0.02327	0.02493	0.01911	0.02576	0.02576	0.01579	0.62852	0.03906	0.05236	0.01995	0.01995	0.01413	0.00997	0.00831	0.00249	0.00914	0.00748	0.00831	0.01413
17	0.03158	0.02327	0.02493	0.01911	0.02576	0.02576	0.01579	0.62852	0.03906	0.05236	0.01995	0.01995	0.01413	0.00997	0.00831	0.00249	0.00914	0.00748	0.00831	0.01413
18	0.01208	0.00805	0.00906	0.00906	0.00906	0.00805	0.00503	0.01208	0.01208	0.01611	0.02618	0.05436	0.03020	0.70804	0.04228	0.00805	0.00805	0.01208	0.00503	0.00503
19	0.01012	0.00723	0.00964	0.01157	0.01205	0.00675	0.00771	0.01157	0.01591	0.02121	0.04579	0.70262	0.05495	0.02603	0.01060	0.00337	0.00482	0.02362	0.00771	0.00675
20	0.01906	0.01821	0.03101	0.24676	0.47216	0.01934	0.02475	0.02418	0.01821	0.02532	0.01536	0.02105	0.01252	0.00768	0.00825	0.00256	0.01024	0.00740	0.00398	0.01195
21	0.01012	0.00723	0.00964	0.01157	0.01205	0.00675	0.00771	0.01157	0.01591	0.02121	0.04579	0.70262	0.05495	0.02603	0.01060	0.00337	0.00482	0.02362	0.00771	0.00675
22	0.00982	0.00842	0.00842	0.00842	0.01122	0.00701	0.00631	0.01192	0.01894	0.02244	0.08416	0.07995	0.65285	0.02104	0.00982	0.00281	0.00421	0.01753	0.00771	0.00701
23	0.02819	0.02159	0.02302	0.01843	0.02447	0.02418	0.01497	0.44717	0.22592	0.04689	0.02425	0.02337	0.01761	0.01038	0.00835	0.00259	0.00834	0.00807	0.00835	0.01382
24	0.01682	0.04185	0.63127	0.02430	0.03636	0.01939	0.06330	0.02633	0.01765	0.02633	0.01501	0.01781	0.01064	0.00784	0.00800	0.00264	0.01237	0.00634	0.00355	0.01222
25	0.01716	0.01675	0.02607	0.56479	0.13894	0.05272	0.02304	0.02244	0.01729	0.02200	0.01479	0.02156	0.01134	0.00819	0.00825	0.00269	0.01111	0.00728	0.00378	0.00980
26	0.01207	0.00810	0.00930	0.00930	0.00939	0.00819	0.00534	0.01224	0.01215	0.01629	0.02595	0.05314	0.02967	0.67165	0.07795	0.00835	0.00885	0.01190	0.00500	0.00517
27	0.02560	0.16898	0.02614	0.01761	0.02267	0.20917	0.01448	0.21260	0.02497	0.02990	0.01662	0.01964	0.01373	0.01923	0.13821	0.00437	0.01332	0.00652	0.00541	0.01081
28	0.01829	0.23929	0.48292	0.02091	0.03167	0.02327	0.02587	0.02589	0.01735	0.02433	0.01392	0.01630	0.01056	0.00766	0.00714	0.00238	0.01128	0.00564	0.00352	0.01180
29	0.01013	0.00831	0.00892	0.00902	0.01147	0.00711	0.00667	0.01243	0.01930	0.02388	0.16192	0.13813	0.51204	0.02094	0.00989	0.00283	0.00423	0.01777	0.00792	0.00711
30	0.01187	0.00890	0.01335	0.01335	0.01483	0.01038	0.01038	0.01483	0.01335	0.01928	0.02225	0.03264	0.02077	0.06231	0.67512	0.01335	0.02225	0.00890	0.00445	0.00742
31	0.01723	0.01477	0.01723	0.01230	0.01969	0.01107	0.00984	0.02092	0.01723	0.02707	0.01477	0.01723	0.01230	0.00615	0.00615	0.00123	0.00615	0.00492	0.00492	0.75883
32	0.00982	0.00842	0.00842	0.00842	0.01122	0.00701	0.00631	0.01192	0.01894	0.02244	0.08416	0.07995	0.65285	0.02104	0.00982	0.00281	0.00421	0.01753	0.00771	0.00701
33	0.02891	0.20198	0.02836	0.01967	0.02463	0.51993	0.01561	0.03117	0.02194	0.02014	0.01253	0.01458	0.01069	0.00821	0.00697	0.00205	0.01351	0.00513	0.00411	0.00988
34	0.01199	0.00837	0.01066	0.01064	0.01124	0.00887	0.00704	0.01321	0.01303	0.01798	0.05224	0.04704	0.02899	0.44992	0.26412	0.00968	0.01288	0.01109	0.00501	0.00600
35	0.01208	0.00805	0.00906	0.00906	0.00906	0.00805	0.00503	0.01208	0.01208	0.01611	0.02618	0.05436	0.03020	0.70804	0.04228	0.00805	0.00805	0.01208	0.00503	0.00503
36	0.02221	0.71304	0.04353	0.01421	0.02132	0.03287	0.01421	0.02488	0.01688	0.01955	0.01155	0.01333	0.01066	0.00711	0.00533	0.00178	0.00888	0.00444	0.00355	0.01066
37	0.01187	0.00890	0.01335	0.01335	0.01483	0.01038	0.01038	0.01483	0.01335	0.01928	0.02225	0.03264	0.02077	0.06231	0.67512	0.01335	0.02225	0.00890	0.00445	0.00742
38	0.01201	0.00832	0.01039	0.01039	0.01085	0.00878	0.00669	0.01294	0.01248	0.01709	0.02496	0.04762	0.02727	0.50765	0.23867	0.00970	0.01246	0.01109	0.00485	0.00577
39	0.01193	0.00901	0.01135	0.01222	0.01444	0.00843	0.01013	0.01518	0.01974	0.02535	0.15184	0.08414	0.25737	0.02138	0.01065	0.00329	0.00591	0.31227	0.00790	0.00746
40	0.01595	0.01427	0.01995	0.01780	0.01845	0.01903	0.01454	0.01833	0.01338	0.02086	0.01602	0.02392	0.01499	0.02886	0.22593	0.00648	0.41702	0.00782	0.07796	0.00844
41	0.01163	0.00858	0.01074	0.01201	0.01312	0.00835	0.00828	0.04135	0.04957	0.02340	0.04615	0.60161	0.08525	0.02425	0.01034	0.00327	0.00507	0.02180	0.00778	0.00743
42	0.02070	0.53102	0.21235	0.01679	0.02530	0.02918	0.01869	0.02526	0.01706	0.02138	0.01246	0.01447	0.01062	0.00732	0.00603	0.00201	0.00981	0.00490	0.00354	0.01110
43	0.01657	0.04019	0.60183	0.08925	0.03805	0.01921	0.02994	0.02581	0.01745	0.02581	0.01489	0.01799	0.01058	0.00793	0.00793	0.00264	0.01216	0.00626	0.00353	0.01198
44	0.01882	0.02995	0.30843	0.03839	0.35825	0.01960	0.05594	0.02590	0.01835	0.02675	0.01537	0.01934	0.01199	0.00760	0.00815	0.00255	0.01111	0.00697	0.00385	0.01268
45	0.05555	0.04158	0.63115	0.02302	0.03492	0.01926	0.02957	0.02621	0.01736	0.02688	0.01474	0.01733	0.01044	0.00788	0.00775	0.00263	0.01197	0.00605	0.00359	0.01211

[dist]
# distance from previous block
# <min> <max>
1	13

[block]
# block no. 1 follows, 22 sequences, length 75
# corresponding to MSA columns:
# 59-133
name=unknown_B
#
# <colnr> <probs for GDERKNQSTAVLIFYWHMCP>
#	G	D	E	R	K	N	Q	S	T	A	V	L	I	F	Y	W	H	M	C	P
0	0.05440	0.02441	0.10111	0.14990	0.35844	0.12017	0.02348	0.02599	0.01887	0.02545	0.01479	0.01931	0.01194	0.00780	0.00795	0.00249	0.01098	0.00681	0.00404	0.01166
1	0.02256	0.03012	0.15564	0.10822	0.26432	0.22744	0.02326	0.02761	0.01985	0.02414	0.01450	0.01837	0.01162	0.00797	0.00793	0.00243	0.01211	0.00650	0.00400	0.01142
2	0.02049	0.17514	0.04290	0.03551	0.23481	0.02324	0.29760	0.02587	0.01878	0.02521	0.01526	0.01980	0.01235	0.00715	0.00830	0.00247	0.01154	0.00784	0.00403	0.01171
3	0.01155	0.00796	0.00908	0.00938	0.00974	0.00775	0.00558	0.01199	0.01337	0.01754	0.03508	0.15709	0.09716	0.53303	0.03410	0.00680	0.00716	0.01442	0.00572	0.00550
4	0.01142	0.00854	0.01063	0.01027	0.01242	0.00775	0.00782	0.01492	0.02223	0.03038	0.48905	0.06791	0.20585	0.01824	0.00990	0.00273	0.00420	0.04937	0.00874	0.00764
5	0.02637	0.01965	0.02105	0.08451	0.02537	0.04886	0.01432	0.40593	0.03131	0.04307	0.02071	0.02241	0.01526	0.00968	0.00772	0.00238	0.00842	0.00744	0.17353	0.01202
6	0.03515	0.01730	0.05748	0.01600	0.02280	0.01484	0.01386	0.13583	0.02592	0.52559	0.02964	0.02629	0.01893	0.01009	0.00832	0.00256	0.00771	0.00808	0.00957	0.01403
7	0.01979	0.01895	0.03233	0.15166	0.56157	0.01954	0.02511	0.02482	0.01855	0.02621	0.01549	0.02081	0.01283	0.00754	0.00824	0.00251	0.01006	0.00740	0.00405	0.01254
8	0.02221	0.71304	0.04353	0.01421	0.02132	0.03287	0.01421	0.02488	0.01688	0.01955	0.01155	0.01333	0.01066	0.00711	0.00533	0.00178	0.00888	0.00444	0.00355	0.01066
9	0.01012	0.00723	0.00964	0.01157	0.01205	0.00675	0.00771	0.01157	0.01591	0.02121	0.04579	0.70262	0.05495	0.02603	0.01060	0.00337	0.00482	0.02362	0.00771	0.00675
10	0.03727	0.01414	0.01928	0.01478	0.02121	0.01221	0.01221	0.04049	0.02378	0.66198	0.03277	0.02828	0.02056	0.01028	0.00835	0.00257	0.00707	0.00835	0.01028	0.01414
11	0.02228	0.02951	0.21148	0.02592	0.03433	0.08733	0.23682	0.16060	0.02392	0.03189	0.04273	0.02138	0.01488	0.00848	0.00870	0.00261	0.01213	0.00803	0.00513	0.01186
12	0.03103	0.03959	0.02354	0.02140	0.02568	0.67469	0.01605	0.03317	0.02354	0.02033	0.01284	0.01498	0.01070	0.00856	0.00749	0.00214	0.01498	0.00535	0.00428	0.00963
13	0.02873	0.03476	0.02248	0.02040	0.02477	0.52925	0.01541	0.03561	0.16090	0.02354	0.01750	0.01854	0.01396	0.00916	0.00770	0.00229	0.01311	0.00625	0.00521	0.01041
14	0.02177	0.01383	0.01466	0.01254	0.01640	0.01484	0.00994	0.19833	0.10718	0.06590	0.02620	0.02769	0.01975	0.01000	0.00699	0.00224	0.00589	0.00791	0.40736	0.01058
15	0.02198	0.01876	0.02521	0.03075	0.27889	0.02021	0.01826	0.07016	0.32742	0.06008	0.02560	0.02601	0.01956	0.00959	0.00835	0.00265	0.00808	0.00843	0.00677	0.01325
16	0.02248	0.02126	0.03154	0.03898	0.39155	0.05513	0.08293	0.10779	0.10683	0.03108	0.01865	0.02180	0.01477	0.00829	0.00839	0.00254	0.01001	0.00782	0.00527	0.01290
17	0.01960	0.02059	0.03876	0.03732	0.23969	0.02158	0.29381	0.02477	0.01785	0.02531	0.01511	0.02086	0.01241	0.00881	0.01317	0.00288	0.16361	0.00845	0.00405	0.01138
18	0.02698	0.03109	0.02407	0.19976	0.03414	0.42546	0.01790	0.09733	0.02344	0.02419	0.01416	0.01746	0.01119	0.00865	0.00780	0.00235	0.01327	0.00614	0.00458	0.01003
19	0.01176	0.00849	0.01110	0.01045	0.01241	0.00784	0.00784	0.01568	0.02352	0.03331	0.65184	0.06206	0.07839	0.01698	0.00980	0.00261	0.00392	0.01502	0.00914	0.00784
20	0.01761	0.03638	0.46767	0.02731	0.03835	0.01984	0.22142	0.02641	0.01820	0.02641	0.01552	0.01910	0.01119	0.00761	0.00850	0.00269	0.01283	0.00731	0.00373	0.01193
21	0.03017	0.02107	0.02006	0.01698	0.02234	0.16244	0.01339	0.04012	0.23621	0.30344	0.02870	0.02625	0.02002	0.01024	0.00820	0.00256	0.00866	0.00804	0.00832	0.01280
22	0.01035	0.00805	0.00941	0.00988	0.01175	0.00711	0.00710	0.01264	0.01898	0.02446	0.19811	0.27544	0.33356	0.02174	0.01007	0.00294	0.00434	0.01892	0.00803	0.00711
23	0.01165	0.00849	0.01095	0.01033	0.01234	0.00779	0.00775	0.01546	0.02325	0.03269	0.61907	0.06309	0.11154	0.01722	0.00980	0.00262	0.00394	0.01517	0.00906	0.00779
24	0.01666	0.04297	0.66500	0.02368	0.03596	0.01929	0.03069	0.02631	0.01754	0.02631	0.01491	0.01754	0.01052	0.00789	0.00789	0.00263	0.01228	0.00614	0.00351	0.01228
25	0.02961	0.02302	0.02377	0.01882	0.02502	0.05345	0.01533	0.49808	0.14575	0.04781	0.02210	0.02170	0.01598	0.01014	0.00830	0.00254	0.00894	0.00773	0.00816	0.01376
26	0.01259	0.00931	0.01228	0.01377	0.01588	0.00900	0.01181	0.01604	0.01908	0.02432	0.05292	0.09065	0.18236	0.02252	0.01111	0.00360	0.00688	0.47071	0.00766	0.00751
27	0.01208	0.00805	0.00906	0.00906	0.00906	0.00805	0.00503	0.01208	0.01208	0.01611	0.02618	0.05436	0.03020	0.70804	0.04228	0.00805	0.00805	0.01208	0.00503	0.00503
28	0.01208	0.00805	0.00906	0.00906	0.00906	0.00805	0.00503	0.01208	0.01208	0.01611	0.02618	0.05436	0.03020	0.70804	0.04228	0.00805	0.00805	0.01208	0.00503	0.00503
29	0.01961	0.02241	0.04902	0.03501	0.04342	0.02101	0.62605	0.02661	0.01961	0.02661	0.01681	0.02241	0.01261	0.00700	0.00980	0.00280	0.01401	0.00980	0.00420	0.01120
30	0.03727	0.01414	0.01928	0.01478	0.02121	0.01221	0.01221	0.04049	0.02378	0.66198	0.03277	0.02828	0.02056	0.01028	0.00835	0.00257	0.00707	0.00835	0.01028	0.01414
31	0.02056	0.01974	0.03372	0.05099	0.65622	0.01974	0.02550	0.02550	0.01892	0.02714	0.01563	0.02056	0.01316	0.00740	0.00822	0.00247	0.00987	0.00740	0.00411	0.01316
32	0.02027	0.01959	0.03389	0.08373	0.59948	0.01972	0.05019	0.02532	0.01882	0.02681	0.01563	0.02072	0.01303	0.00743	0.00829	0.00250	0.01010	0.00750	0.00409	0.01287
33	0.03103	0.03959	0.02354	0.02140	0.02568	0.67469	0.01605	0.03317	0.02354	0.02033	0.01284	0.01498	0.01070	0.00856	0.00749	0.00214	0.01498	0.00535	0.00428	0.00963
34	0.01208	0.00805	0.00906	0.00906	0.00906	0.00805	0.00503	0.01208	0.01208	0.01611	0.02618	0.05436	0.03020	0.70804	0.04228	0.00805	0.00805	0.01208	0.00503	0.00503
35	0.01012	0.00723	0.00964	0.01157	0.01205	0.00675	0.00771	0.01157	0.01591	0.02121	0.04579	0.70262	0.05495	0.02603	0.01060	0.00337	0.00482	0.02362	0.00771	0.00675
36	0.01912	0.03603	0.42460	0.02638	0.03683	0.05584	0.19131	0.06209	0.01969	0.02759	0.01561	0.01887	0.01131	0.00781	0.00842	0.00264	0.01271	0.00717	0.00402	0.01195
37	0.01208	0.00805	0.00906	0.00906	0.00906	0.00805	0.00503	0.01208	0.01208	0.01611	0.02618	0.05436	0.03020	0.70804	0.04228	0.00805	0.00805	0.01208	0.00503	0.00503
38	0.00982	0.00842	0.00842	0.00842	0.01122	0.00701	0.00631	0.01192	0.01894	0.02244	0.08416	0.07995	0.65285	0.02104	0.00982	0.00281	0.00421	0.01753	0.00771	0.00701
39	0.01666	0.04297	0.66500	0.02368	0.03596	0.01929	0.03069	0.02631	0.01754	0.02631	0.01491	0.01754	0.01052	0.00789	0.00789	0.00263	0.01228	0.00614	0.00351	0.01228
40	0.02932	0.02887	0.02348	0.01971	0.02453	0.29792	0.01558	0.29220	0.02907	0.03490	0.01654	0.01828	0.01278	0.00976	0.00950	0.00242	0.07141	0.00658	0.04570	0.01145
41	0.02056	0.01974	0.03372	0.05099	0.65622	0.01974	0.02550	0.02550	0.01892	0.02714	0.01563	0.02056	0.01316	0.00740	0.00822	0.00247	0.00987	0.00740	0.00411	0.01316
42	0.01339	0.00956	0.01339	0.01530	0.01721	0.00956	0.01339	0.01721	0.01912	0.02486	0.04399	0.09371	0.04781	0.02295	0.01147	0.00382	0.00765	0.60031	0.00765	0.00765
43	0.02912	0.03544	0.02425	0.08439	0.06026	0.54679	0.01716	0.06321	0.02349	0.02245	0.01353	0.01619	0.01104	0.00855	0.00765	0.00223	0.01405	0.00575	0.00443	0.01001
44	0.22477	0.01676	0.01747	0.01491	0.02025	0.01834	0.01195	0.06892	0.29178	0.18861	0.02688	0.02507	0.01923	0.01001	0.00754	0.00267	0.00679	0.00773	0.00800	0.01233
45	0.02123	0.02401	0.06233	0.03386	0.28666	0.16480	0.07042	0.02540	0.01859	0.02381	0.01548	0.02067	0.01321	0.01557	0.09767	0.00398	0.07992	0.00726	0.00412	0.01101
46	0.02882	0.03290	0.02666	0.02448	0.07799	0.43096	0.06412	0.13317	0.02503	0.02683	0.01450	0.01700	0.01164	0.00886	0.00876	0.00235	0.04392	0.00631	0.00492	0.01078
47	0.01186	0.00796	0.00913	0.00934	0.00940	0.00791	0.00534	0.01202	0.01251	0.01668	0.02839	0.12770	0.03300	0.63088	0.03870	0.00752	0.00769	0.01339	0.00534	0.00523
48	0.01158	0.00813	0.00892	0.00892	0.00954	0.00782	0.00532	0.01205	0.01361	0.01752	0.03907	0.06005	0.16867	0.55527	0.03506	0.00689	0.00720	0.01329	0.00563	0.00547
49	0.05102	0.00848	0.00938	0.00918	0.01053	0.00854	0.00628	0.01594	0.01629	0.02566	0.15060	0.04518	0.03541	0.27603	0.04901	0.00489	0.00637	0.01072	0.25368	0.00679
50	0.01682	0.04188	0.63238	0.02428	0.03635	0.01938	0.06222	0.02632	0.01765	0.02632	0.01501	0.01780	0.01063	0.00785	0.00799	0.00264	0.01237	0.00633	0.00354	0.01222
51	0.01807	0.03391	0.40644	0.03157	0.16151	0.01975	0.15764	0.02621	0.01826	0.02654	0.01546	0.01919	0.01150	0.00760	0.00837	0.00263	0.01217	0.00718	0.00378	0.01222
52	0.01663	0.01547	0.02462	0.56163	0.08763	0.01882	0.02190	0.02452	0.09964	0.02337	0.01734	0.02323	0.01309	0.00865	0.00832	0.00276	0.01041	0.00765	0.00435	0.00998
53	0.01818	0.01818	0.02545	0.02181	0.02181	0.02545	0.01818	0.01999	0.01272	0.01999	0.01091	0.01818	0.01091	0.01454	0.02726	0.00364	0.69284	0.00727	0.00364	0.00909
54	0.02056	0.01974	0.03372	0.05099	0.65622	0.01974	0.02550	0.02550	0.01892	0.02714	0.01563	0.02056	0.01316	0.00740	0.00822	0.00247	0.00987	0.00740	0.00411	0.01316
55	0.01187	0.00890	0.01335	0.01335	0.01483	0.01038	0.01038	0.01483	0.01335	0.01928	0.02225	0.03264	0.02077	0.06231	0.67512	0.01335	0.02225	0.00890	0.00445	0.00742
56	0.02066	0.01785	0.01878	0.01691	0.02160	0.02066	0.01315	0.04414	0.64121	0.03475	0.03381	0.03099	0.02536	0.01127	0.00845	0.00282	0.00657	0.00939	0.00845	0.01315
57	0.01187	0.00890	0.01335	0.01335	0.01483	0.01038	0.01038	0.01483	0.01335	0.01928	0.02225	0.03264	0.02077	0.06231	0.67512	0.01335	0.02225	0.00890	0.00445	0.00742
58	0.76672	0.01607	0.01221	0.01092	0.01607	0.01864	0.00900	0.02442	0.01414	0.03727	0.01157	0.01350	0.00900	0.00771	0.00514	0.00257	0.00643	0.00450	0.00514	0.00900
59	0.01186	0.00796	0.00913	0.00934	0.00940	0.00791	0.00534	0.01202	0.01251	0.01668	0.02839	0.12770	0.03300	0.63088	0.03870	0.00752	0.00769	0.01339	0.00534	0.00523
60	0.01666	0.04297	0.66500	0.02368	0.03596	0.01929	0.03069	0.02631	0.01754	0.02631	0.01491	0.01754	0.01052	0.00789	0.00789	0.00263	0.01228	0.00614	0.00351	0.01228
61	0.00992	0.00842	0.00856	0.00852	0.01128	0.00706	0.00639	0.01212	0.01918	0.02301	0.11392	0.07901	0.62273	0.02083	0.00982	0.00280	0.00419	0.01740	0.00779	0.00706
62	0.01198	0.00845	0.01106	0.01106	0.01175	0.00914	0.00753	0.01336	0.01267	0.01759	0.02435	0.04424	0.02581	0.40720	0.33711	0.01052	0.01467	0.01060	0.00476	0.00614
63	0.01959	0.01688	0.01830	0.01547	0.02100	0.01766	0.01211	0.03688	0.44593	0.03235	0.02785	0.02669	0.02127	0.00967	0.00773	0.00232	0.00644	0.00799	0.00735	0.24652
64	0.01165	0.00787	0.00919	0.00962	0.00973	0.00776	0.00563	0.01197	0.01293	0.01724	0.03054	0.19853	0.03570	0.55637	0.03524	0.00701	0.00733	0.01465	0.00563	0.00541
65	0.01011	0.00728	0.00959	0.01143	0.01201	0.00676	0.00765	0.01158	0.01604	0.02126	0.04745	0.67561	0.08088	0.02581	0.01057	0.00335	0.00479	0.02335	0.00771	0.00676
66	0.01443	0.00722	0.01082	0.01082	0.01082	0.00722	0.00722	0.01082	0.01082	0.01443	0.01443	0.02525	0.01443	0.02886	0.03247	0.75830	0.00722	0.00722	0.00361	0.00361
67	0.02488	0.10359	0.02451	0.01866	0.02269	0.24703	0.01504	0.15946	0.02289	0.02713	0.01573	0.01957	0.01333	0.01937	0.13233	0.00443	0.10742	0.00663	0.00504	0.01027
68	0.01626	0.01458	0.02397	0.35270	0.19236	0.01639	0.02107	0.02119	0.01785	0.02364	0.02280	0.04093	0.02142	0.01201	0.00913	0.00298	0.00986	0.16624	0.00485	0.00976
69	0.02760	0.30160	0.03132	0.01861	0.02399	0.42499	0.01534	0.02994	0.02095	0.02003	0.01234	0.01434	0.01069	0.00800	0.00665	0.00200	0.01261	0.00500	0.00400	0.01003
70	0.02829	0.03243	0.02643	0.02907	0.19462	0.42580	0.01855	0.09847	0.02406	0.02578	0.01439	0.01704	0.01175	0.00841	0.00778	0.00227	0.01295	0.00614	0.00469	0.01108
71	0.02586	0.05722	0.26432	0.01921	0.02772	0.01943	0.02007	0.15240	0.09404	0.20248	0.02270	0.02224	0.01562	0.00930	0.00805	0.00257	0.00946	0.00730	0.00684	0.01317
72	0.01187	0.00890	0.01335	0.01335	0.01483	0.01038	0.01038	0.01483	0.01335	0.01928	0.02225	0.03264	0.02077	0.06231	0.67512	0.01335	0.02225	0.00890	0.00445	0.00742
73	0.02963	0.03720	0.02359	0.02252	0.05685	0.61152	0.01627	0.03195	0.02285	0.02063	0.01341	0.01607	0.01128	0.01095	0.03797	0.00267	0.01506	0.00562	0.00428	0.00971
74	0.02932	0.03635	0.02520	0.02623	0.12868	0.56771	0.01759	0.03192	0.02279	0.02144	0.01330	0.01589	0.01110	0.00837	0.00761	0.00219	0.01415	0.00569	0.00425	0.01021

[dist]
# distance from previous block
# <min> <max>
0	1

[block]
# block no. 2 follows, 22 sequences, length 13
# corresponding to MSA columns:
# 135-147
name=unknown_C
#
# <colnr> <probs for GDERKNQSTAVLIFYWHMCP>
#	G	D	E	R	K	N	Q	S	T	A	V	L	I	F	Y	W	H	M	C	P
0	0.01746	0.01607	0.02589	0.03760	0.43842	0.01581	0.02006	0.02170	0.01895	0.02591	0.03277	0.04279	0.13829	0.01232	0.00902	0.00274	0.00847	0.09924	0.00532	0.01117
1	0.01206	0.00813	0.00943	0.00943	0.00956	0.00825	0.00549	0.01232	0.01219	0.01638	0.02584	0.05249	0.02939	0.65244	0.09678	0.00851	0.00928	0.01181	0.00498	0.00524
2	0.01831	0.03255	0.42565	0.02592	0.13960	0.01737	0.02544	0.02573	0.01847	0.07990	0.02446	0.02610	0.08519	0.00951	0.00821	0.00262	0.01050	0.00785	0.00467	0.01199
3	0.02056	0.01974	0.03372	0.05099	0.65622	0.01974	0.02550	0.02550	0.01892	0.02714	0.01563	0.02056	0.01316	0.00740	0.00822	0.00247	0.00987	0.00740	0.00411	0.01316
4	0.02983	0.03667	0.02296	0.02075	0.02499	0.59430	0.01567	0.06641	0.02378	0.02212	0.01386	0.01641	0.01155	0.01211	0.05063	0.00288	0.01511	0.00570	0.00452	0.00975
5	0.01350	0.01383	0.01104	0.01067	0.01373	0.12296	0.00800	0.01561	0.01974	0.02208	0.07177	0.06867	0.54133	0.01887	0.00941	0.00269	0.00608	0.01542	0.00712	0.00747
6	0.01723	0.01477	0.01723	0.01230	0.01969	0.01107	0.00984	0.02092	0.01723	0.02707	0.01477	0.01723	0.01230	0.00615	0.00615	0.00123	0.00615	0.00492	0.00492	0.75883
7	0.01029	0.00757	0.00970	0.01134	0.01227	0.00698	0.00788	0.01200	0.01658	0.02164	0.05149	0.56746	0.14517	0.02506	0.01054	0.00332	0.00492	0.06124	0.00771	0.00685
8	0.03103	0.03959	0.02354	0.02140	0.02568	0.67469	0.01605	0.03317	0.02354	0.02033	0.01284	0.01498	0.01070	0.00856	0.00749	0.00214	0.01498	0.00535	0.00428	0.00963
9	0.01077	0.00872	0.00974	0.01025	0.01281	0.00769	0.00819	0.01333	0.01899	0.02309	0.07348	0.08361	0.49197	0.02155	0.01026	0.00308	0.00512	0.17249	0.00770	0.00718
10	0.01249	0.01098	0.01557	0.20773	0.08013	0.01134	0.01305	0.01569	0.01766	0.02225	0.05071	0.18219	0.29460	0.01720	0.00940	0.00288	0.00679	0.01496	0.00625	0.00813
11	0.02019	0.02033	0.03717	0.04535	0.46600	0.02037	0.17797	0.02548	0.01876	0.02662	0.01567	0.02090	0.01290	0.00769	0.00965	0.00262	0.04778	0.00801	0.00411	0.01244
12	0.02725	0.02854	0.02534	0.12345	0.05687	0.30565	0.04391	0.18911	0.06610	0.03043	0.01666	0.01897	0.01280	0.00896	0.00802	0.00242	0.01205	0.00676	0.00552	0.01120

[dist]
# distance from previous block
# <min> <max>
0	1

[block]
# block no. 3 follows, 22 sequences, length 8
# corresponding to MSA columns:
# 149-156
name=unknown_D
#
# <colnr> <probs for GDERKNQSTAVLIFYWHMCP>
#	G	D	E	R	K	N	Q	S	T	A	V	L	I	F	Y	W	H	M	C	P
0	0.20609	0.03137	0.26925	0.09085	0.03065	0.14669	0.02071	0.06526	0.01914	0.02899	0.01399	0.01669	0.01047	0.00816	0.00720	0.00253	0.01102	0.00580	0.00439	0.01074
1	0.27113	0.02266	0.15651	0.02124	0.11825	0.06824	0.01724	0.02369	0.01717	0.02909	0.02016	0.07839	0.01903	0.01130	0.00769	0.00277	0.00893	0.09137	0.00511	0.01002
2	0.06624	0.01908	0.02238	0.02329	0.11697	0.12978	0.04716	0.02144	0.01675	0.02283	0.02113	0.17961	0.02208	0.01696	0.05076	0.00357	0.19491	0.01085	0.00495	0.00926
3	0.01880	0.01536	0.01601	0.01478	0.01786	0.06399	0.01119	0.13787	0.15812	0.03000	0.02962	0.18339	0.02824	0.06660	0.11692	0.00479	0.00970	0.01198	0.05493	0.00983
4	0.02107	0.01845	0.01855	0.01587	0.01936	0.10872	0.01265	0.10972	0.06816	0.05309	0.02881	0.03047	0.11197	0.01222	0.01213	0.00259	0.16059	0.00866	0.11229	0.07464
5	0.02410	0.30530	0.08757	0.02493	0.15718	0.22521	0.01853	0.02766	0.01940	0.02195	0.01308	0.01571	0.01119	0.00768	0.00681	0.00210	0.01124	0.00548	0.00389	0.01101
6	0.12275	0.01921	0.11295	0.01509	0.01958	0.08672	0.01381	0.02284	0.06869	0.02936	0.20202	0.04760	0.06660	0.01423	0.00881	0.00281	0.00772	0.12321	0.00677	0.00922
7	0.01533	0.01143	0.01379	0.01297	0.01556	0.01187	0.00986	0.14654	0.02183	0.02934	0.12199	0.22465	0.13249	0.02868	0.15826	0.00522	0.00943	0.01476	0.00731	0.00868

[dist]
# distance from previous block
# <min> <max>
3	61

[block]
# block no. 4 follows, 22 sequences, length 86
# corresponding to MSA columns:
# 229-314
name=unknown_E
#
# <colnr> <probs for GDERKNQSTAVLIFYWHMCP>
#	G	D	E	R	K	N	Q	S	T	A	V	L	I	F	Y	W	H	M	C	P
0	0.02063	0.25608	0.16831	0.02467	0.08701	0.08799	0.15106	0.02585	0.01824	0.02322	0.01449	0.01808	0.01186	0.01056	0.04540	0.00293	0.01214	0.00657	0.00386	0.01105
1	0.08738	0.21285	0.08769	0.01540	0.02067	0.12997	0.01399	0.05253	0.01903	0.02428	0.02923	0.06909	0.14354	0.01200	0.00855	0.00244	0.04774	0.00887	0.00514	0.00961
2	0.09077	0.22438	0.21864	0.01915	0.02666	0.24353	0.01926	0.02805	0.01907	0.02342	0.01298	0.01515	0.01048	0.00788	0.00680	0.00222	0.01172	0.00526	0.00393	0.01064
3	0.02605	0.11040	0.02971	0.03174	0.26333	0.35268	0.01940	0.02931	0.02102	0.02281	0.01374	0.01690	0.01162	0.00795	0.00752	0.00222	0.01234	0.00602	0.00413	0.01108
4	0.01973	0.01008	0.01296	0.01146	0.01392	0.00950	0.00823	0.02171	0.01788	0.21774	0.14260	0.04581	0.03523	0.30887	0.08306	0.00585	0.00828	0.01119	0.00735	0.00856
5	0.01048	0.00757	0.01039	0.01193	0.01261	0.00749	0.00825	0.01223	0.01539	0.02082	0.04102	0.56677	0.04802	0.03338	0.14535	0.00540	0.00835	0.02063	0.00705	0.00688
6	0.01058	0.00788	0.01040	0.01160	0.01273	0.00769	0.00830	0.01256	0.01597	0.02114	0.04683	0.43177	0.14405	0.03295	0.15448	0.00546	0.00861	0.04301	0.00700	0.00697
7	0.01122	0.00847	0.01035	0.00988	0.01208	0.00761	0.00741	0.01463	0.02223	0.03027	0.49310	0.06706	0.23902	0.01812	0.00980	0.00267	0.00400	0.01573	0.00874	0.00761
8	0.01666	0.04297	0.66500	0.02368	0.03596	0.01929	0.03069	0.02631	0.01754	0.02631	0.01491	0.01754	0.01052	0.00789	0.00789	0.00263	0.01228	0.00614	0.00351	0.01228
9	0.01208	0.00805	0.00906	0.00906	0.00906	0.00805	0.00503	0.01208	0.01208	0.01611	0.02618	0.05436	0.03020	0.70804	0.04228	0.00805	0.00805	0.01208	0.00503	0.00503
10	0.01106	0.00765	0.00944	0.01041	0.01074	0.00737	0.00653	0.01197	0.01453	0.01945	0.06239	0.38858	0.04496	0.32792	0.02461	0.00542	0.00622	0.01815	0.00658	0.00603
11	0.01666	0.04297	0.66500	0.02368	0.03596	0.01929	0.03069	0.02631	0.01754	0.02631	0.01491	0.01754	0.01052	0.00789	0.00789	0.00263	0.01228	0.00614	0.00351	0.01228
12	0.00982	0.00842	0.00842	0.00842	0.01122	0.00701	0.00631	0.01192	0.01894	0.02244	0.08416	0.07995	0.65285	0.02104	0.00982	0.00281	0.00421	0.01753	0.00771	0.00701
13	0.76672	0.01607	0.01221	0.01092	0.01607	0.01864	0.00900	0.02442	0.01414	0.03727	0.01157	0.01350	0.00900	0.00771	0.00514	0.00257	0.00643	0.00450	0.00514	0.00900
14	0.76672	0.01607	0.01221	0.01092	0.01607	0.01864	0.00900	0.02442	0.01414	0.03727	0.01157	0.01350	0.00900	0.00771	0.00514	0.00257	0.00643	0.00450	0.00514	0.00900
15	0.01068	0.00845	0.00961	0.00932	0.01175	0.00738	0.00699	0.01359	0.02097	0.02726	0.33576	0.07202	0.39824	0.01924	0.00981	0.00272	0.00408	0.01642	0.00835	0.00738
16	0.01948	0.02331	0.07597	0.03452	0.04309	0.02093	0.60000	0.02660	0.01952	0.02660	0.01672	0.02220	0.01251	0.00704	0.00972	0.00279	0.01393	0.00964	0.00417	0.01125
17	0.02131	0.01817	0.01915	0.01704	0.02185	0.02097	0.01331	0.07885	0.60545	0.03580	0.03299	0.03034	0.02469	0.01119	0.00844	0.00280	0.00673	0.00928	0.00844	0.01321
18	0.01187	0.00890	0.01335	0.01335	0.01483	0.01038	0.01038	0.01483	0.01335	0.01928	0.02225	0.03264	0.02077	0.06231	0.67512	0.01335	0.02225	0.00890	0.00445	0.00742
19	0.03158	0.02327	0.02493	0.01911	0.02576	0.02576	0.01579	0.62852	0.03906	0.05236	0.01995	0.01995	0.01413	0.00997	0.00831	0.00249	0.00914	0.00748	0.00831	0.01413
20	0.01315	0.00849	0.01137	0.01137	0.01301	0.00945	0.00876	0.01644	0.01479	0.02342	0.02397	0.03205	0.02095	0.04367	0.43817	0.00931	0.01574	0.00849	0.26987	0.00753
21	0.01044	0.00895	0.00901	0.00890	0.01181	0.00779	0.00670	0.01376	0.05433	0.02314	0.08129	0.07716	0.61716	0.02048	0.00974	0.00281	0.00434	0.01707	0.00776	0.00736
22	0.01569	0.01477	0.02492	0.68808	0.05722	0.01846	0.02307	0.02123	0.01661	0.02123	0.01477	0.02215	0.01107	0.00831	0.00831	0.00277	0.01107	0.00738	0.00369	0.00923
23	0.03103	0.03959	0.02354	0.02140	0.02568	0.67469	0.01605	0.03317	0.02354	0.02033	0.01284	0.01498	0.01070	0.00856	0.00749	0.00214	0.01498	0.00535	0.00428	0.00963
24	0.00982	0.00842	0.00842	0.00842	0.01122	0.00701	0.00631	0.01192	0.01894	0.02244	0.08416	0.07995	0.65285	0.02104	0.00982	0.00281	0.00421	0.01753	0.00771	0.00701
25	0.01208	0.00805	0.00906	0.00906	0.00906	0.00805	0.00503	0.01208	0.01208	0.01611	0.02618	0.05436	0.03020	0.70804	0.04228	0.00805	0.00805	0.01208	0.00503	0.00503
26	0.01187	0.00890	0.01335	0.01335	0.01483	0.01038	0.01038	0.01483	0.01335	0.01928	0.02225	0.03264	0.02077	0.06231	0.67512	0.01335	0.02225	0.00890	0.00445	0.00742
27	0.01761	0.03556	0.47439	0.02231	0.03266	0.01919	0.05564	0.02945	0.13752	0.02799	0.01863	0.02035	0.01358	0.00840	0.00800	0.00260	0.01093	0.00688	0.00457	0.05375
28	0.02034	0.02103	0.06869	0.04948	0.62186	0.01971	0.02578	0.02554	0.01884	0.02709	0.01559	0.02039	0.01301	0.00743	0.00821	0.00248	0.01000	0.00733	0.00408	0.01311
29	0.01551	0.01420	0.01992	0.01767	0.01839	0.01861	0.01439	0.01800	0.01505	0.02254	0.14333	0.03021	0.02673	0.02538	0.16408	0.00553	0.40786	0.00920	0.00493	0.00847
30	0.02221	0.71304	0.04353	0.01421	0.02132	0.03287	0.01421	0.02488	0.01688	0.01955	0.01155	0.01333	0.01066	0.00711	0.00533	0.00178	0.00888	0.00444	0.00355	0.01066
31	0.76672	0.01607	0.01221	0.01092	0.01607	0.01864	0.00900	0.02442	0.01414	0.03727	0.01157	0.01350	0.00900	0.00771	0.00514	0.00257	0.00643	0.00450	0.00514	0.00900
32	0.00982	0.00842	0.00842	0.00842	0.01122	0.00701	0.00631	0.01192	0.01894	0.02244	0.08416	0.07995	0.65285	0.02104	0.00982	0.00281	0.00421	0.01753	0.00771	0.00701
33	0.01012	0.00723	0.00964	0.01157	0.01205	0.00675	0.00771	0.01157	0.01591	0.02121	0.04579	0.70262	0.05495	0.02603	0.01060	0.00337	0.00482	0.02362	0.00771	0.00675
34	0.01012	0.00723	0.00964	0.01157	0.01205	0.00675	0.00771	0.01157	0.01591	0.02121	0.04579	0.70262	0.05495	0.02603	0.01060	0.00337	0.00482	0.02362	0.00771	0.00675
35	0.01183	0.00840	0.01066	0.01015	0.01169	0.00789	0.00723	0.01490	0.02104	0.02959	0.51629	0.06039	0.06795	0.16670	0.01684	0.00379	0.00482	0.01439	0.00825	0.00723
36	0.01187	0.00890	0.01335	0.01335	0.01483	0.01038	0.01038	0.01483	0.01335	0.01928	0.02225	0.03264	0.02077	0.06231	0.67512	0.01335	0.02225	0.00890	0.00445	0.00742
37	0.02221	0.71304	0.04353	0.01421	0.02132	0.03287	0.01421	0.02488	0.01688	0.01955	0.01155	0.01333	0.01066	0.00711	0.00533	0.00178	0.00888	0.00444	0.00355	0.01066
38	0.03158	0.02327	0.02493	0.01911	0.02576	0.02576	0.01579	0.62852	0.03906	0.05236	0.01995	0.01995	0.01413	0.00997	0.00831	0.00249	0.00914	0.00748	0.00831	0.01413
39	0.03098	0.02297	0.02459	0.01899	0.02553	0.02548	0.01564	0.59615	0.07242	0.05138	0.02071	0.02056	0.01475	0.01004	0.00832	0.00251	0.00900	0.00759	0.00832	0.01407
40	0.03103	0.03959	0.02354	0.02140	0.02568	0.67469	0.01605	0.03317	0.02354	0.02033	0.01284	0.01498	0.01070	0.00856	0.00749	0.00214	0.01498	0.00535	0.00428	0.00963
41	0.03103	0.03959	0.02354	0.02140	0.02568	0.67469	0.01605	0.03317	0.02354	0.02033	0.01284	0.01498	0.01070	0.00856	0.00749	0.00214	0.01498	0.00535	0.00428	0.00963
42	0.02008	0.01925	0.03285	0.11394	0.59703	0.01961	0.02526	0.02507	0.01869	0.02656	0.01554	0.02072	0.01295	0.00749	0.00823	0.00250	0.00999	0.00740	0.00407	0.01277
43	0.03158	0.02327	0.02493	0.01911	0.02576	0.02576	0.01579	0.62852	0.03906	0.05236	0.01995	0.01995	0.01413	0.00997	0.00831	0.00249	0.00914	0.00748	0.00831	0.01413
44	0.01187	0.00890	0.01335	0.01335	0.01483	0.01038	0.01038	0.01483	0.01335	0.01928	0.02225	0.03264	0.02077	0.06231	0.67512	0.01335	0.02225	0.00890	0.00445	0.00742
45	0.01818	0.01818	0.02545	0.02181	0.02181	0.02545	0.01818	0.01999	0.01272	0.01999	0.01091	0.01818	0.01091	0.01454	0.02726	0.00364	0.69284	0.00727	0.00364	0.00909
46	0.03103	0.03959	0.02354	0.02140	0.02568	0.67469	0.01605	0.03317	0.02354	0.02033	0.01284	0.01498	0.01070	0.00856	0.00749	0.00214	0.01498	0.00535	0.00428	0.00963
47	0.01012	0.00723	0.00964	0.01157	0.01205	0.00675	0.00771	0.01157	0.01591	0.02121	0.04579	0.70262	0.05495	0.02603	0.01060	0.00337	0.00482	0.02362	0.00771	0.00675
48	0.02568	0.01157	0.01557	0.01281	0.01721	0.01022	0.01022	0.02922	0.02366	0.37642	0.31397	0.04362	0.04683	0.01333	0.00901	0.00259	0.00564	0.01138	0.00977	0.01128
49	0.01995	0.01933	0.02840	0.04059	0.46083	0.07668	0.02202	0.02439	0.01938	0.02603	0.02152	0.03590	0.02044	0.01087	0.00886	0.00273	0.00985	0.13567	0.00489	0.01165
50	0.01443	0.00722	0.01082	0.01082	0.01082	0.00722	0.00722	0.01082	0.01082	0.01443	0.01443	0.02525	0.01443	0.02886	0.03247	0.75830	0.00722	0.00722	0.00361	0.00361
51	0.01069	0.00766	0.01019	0.01147	0.01239	0.00716	0.00802	0.01286	0.01795	0.02439	0.19590	0.51384	0.06040	0.02363	0.01045	0.00321	0.00474	0.04992	0.00806	0.00706
52	0.01187	0.00890	0.01335	0.01335	0.01483	0.01038	0.01038	0.01483	0.01335	0.01928	0.02225	0.03264	0.02077	0.06231	0.67512	0.01335	0.02225	0.00890	0.00445	0.00742
53	0.01666	0.04297	0.66500	0.02368	0.03596	0.01929	0.03069	0.02631	0.01754	0.02631	0.01491	0.01754	0.01052	0.00789	0.00789	0.00263	0.01228	0.00614	0.00351	0.01228
54	0.01061	0.00760	0.01007	0.01124	0.01216	0.00707	0.00775	0.01279	0.01817	0.02480	0.22587	0.51228	0.06191	0.02334	0.01036	0.00315	0.00455	0.02106	0.00814	0.00707
55	0.01206	0.00884	0.01306	0.01306	0.01457	0.01025	0.01015	0.01507	0.01356	0.01989	0.02250	0.03255	0.02080	0.05958	0.64042	0.01276	0.02130	0.00884	0.04332	0.00743
56	0.01297	0.05779	0.20702	0.01374	0.01942	0.01229	0.01436	0.01775	0.01940	0.02579	0.18245	0.05374	0.30100	0.01546	0.00899	0.00265	0.00681	0.01286	0.00654	0.00897
57	0.02712	0.03307	0.02412	0.02153	0.02450	0.47699	0.01670	0.02916	0.02025	0.02023	0.01225	0.01595	0.01076	0.01038	0.01351	0.00260	0.22140	0.00594	0.00408	0.00947
58	0.02168	0.01721	0.01942	0.08147	0.02500	0.01969	0.01402	0.04160	0.52519	0.09009	0.03188	0.02990	0.02355	0.01090	0.00843	0.00279	0.00705	0.00910	0.00816	0.01286
59	0.02116	0.02087	0.03314	0.04931	0.62036	0.05699	0.02496	0.02593	0.01918	0.02675	0.01547	0.02024	0.01302	0.00747	0.00818	0.00245	0.01016	0.00729	0.00412	0.01296
60	0.01762	0.01405	0.01664	0.01237	0.01907	0.01074	0.00977	0.02108	0.01745	0.05945	0.01852	0.08023	0.01662	0.00818	0.00667	0.00150	0.00608	0.00680	0.00545	0.65172
61	0.01723	0.01477	0.01723	0.01230	0.01969	0.01107	0.00984	0.02092	0.01723	0.02707	0.01477	0.01723	0.01230	0.00615	0.00615	0.00123	0.00615	0.00492	0.00492	0.75883
62	0.03158	0.02327	0.02493	0.01911	0.02576	0.02576	0.01579	0.62852	0.03906	0.05236	0.01995	0.01995	0.01413	0.00997	0.00831	0.00249	0.00914	0.00748	0.00831	0.01413
63	0.02150	0.56443	0.07520	0.01816	0.02574	0.03022	0.11732	0.02524	0.01737	0.02106	0.01259	0.01505	0.01098	0.00713	0.00621	0.00199	0.00991	0.00542	0.00366	0.01083
64	0.01131	0.00862	0.01048	0.01043	0.01268	0.00779	0.00809	0.01457	0.02127	0.02827	0.36463	0.07289	0.27674	0.01927	0.01004	0.00285	0.00455	0.09956	0.00843	0.00752
65	0.01208	0.00805	0.00906	0.00906	0.00906	0.00805	0.00503	0.01208	0.01208	0.01611	0.02618	0.05436	0.03020	0.70804	0.04228	0.00805	0.00805	0.01208	0.00503	0.00503
66	0.01549	0.00774	0.00774	0.00774	0.00968	0.00774	0.00581	0.01936	0.01742	0.03097	0.02710	0.03097	0.02129	0.00968	0.00581	0.00194	0.00387	0.00774	0.75416	0.00774
67	0.17482	0.01867	0.02075	0.05892	0.08067	0.02086	0.01454	0.24179	0.16012	0.03989	0.06911	0.02445	0.02019	0.01000	0.00780	0.00260	0.00781	0.00786	0.00711	0.01201
68	0.02330	0.01782	0.14708	0.01492	0.02082	0.01197	0.01428	0.02809	0.02241	0.29179	0.26676	0.03906	0.04072	0.01237	0.00881	0.00260	0.00692	0.01046	0.00847	0.01134
69	0.01969	0.02184	0.05541	0.03081	0.29967	0.15798	0.01797	0.02324	0.01924	0.02368	0.02984	0.03430	0.14375	0.07372	0.01145	0.00298	0.00978	0.00937	0.00493	0.01037
70	0.01884	0.01798	0.03060	0.27653	0.44416	0.01928	0.02464	0.02398	0.01810	0.02505	0.01532	0.02112	0.01242	0.00772	0.00825	0.00257	0.01030	0.00740	0.00396	0.01177
71	0.28440	0.02006	0.06498	0.03374	0.33741	0.01944	0.07420	0.02526	0.01721	0.03063	0.01425	0.01805	0.01148	0.00750	0.00726	0.00254	0.00917	0.00652	0.00445	0.01146
72	0.01805	0.02168	0.11298	0.26806	0.17165	0.01964	0.21775	0.02444	0.01815	0.02477	0.01561	0.02134	0.01192	0.00765	0.00872	0.00270	0.01192	0.00801	0.00392	0.01103
73	0.03015	0.03819	0.02307	0.02103	0.02518	0.64422	0.01579	0.03233	0.02307	0.02028	0.01327	0.01579	0.01116	0.01103	0.03811	0.00265	0.01531	0.00551	0.00429	0.00953
74	0.05052	0.01846	0.05780	0.07053	0.27754	0.01794	0.06666	0.07850	0.06682	0.02776	0.01939	0.02796	0.01717	0.15006	0.01514	0.00369	0.00956	0.00852	0.00501	0.01099
75	0.01119	0.00788	0.00913	0.00966	0.01022	0.00753	0.00598	0.01191	0.01418	0.01849	0.04040	0.23949	0.13097	0.41379	0.02853	0.00595	0.00657	0.01613	0.00619	0.00581
76	0.01443	0.00722	0.01082	0.01082	0.01082	0.00722	0.00722	0.01082	0.01082	0.01443	0.01443	0.02525	0.01443	0.02886	0.03247	0.75830	0.00722	0.00722	0.00361	0.00361
77	0.02967	0.03872	0.06141	0.02131	0.02609	0.60341	0.01678	0.03331	0.05374	0.02140	0.01400	0.01593	0.01142	0.00866	0.00756	0.00220	0.01440	0.00560	0.00444	0.00996
78	0.01080	0.00792	0.00903	0.00961	0.01061	0.00735	0.00622	0.01188	0.01532	0.01957	0.04980	0.25484	0.22868	0.29450	0.02290	0.00505	0.00591	0.01718	0.00665	0.00615
79	0.01208	0.00805	0.00906	0.00906	0.00906	0.00805	0.00503	0.01208	0.01208	0.01611	0.02618	0.05436	0.03020	0.70804	0.04228	0.00805	0.00805	0.01208	0.00503	0.00503
80	0.02029	0.02163	0.03766	0.03692	0.24349	0.05867	0.26674	0.02527	0.01820	0.02509	0.01499	0.02051	0.01234	0.00875	0.01268	0.00282	0.15032	0.00823	0.00406	0.01134
81	0.24340	0.01814	0.02180	0.02525	0.20643	0.01993	0.01576	0.11708	0.14631	0.03494	0.01914	0.02120	0.01499	0.01192	0.04698	0.00322	0.00881	0.00704	0.00594	0.01172
82	0.02318	0.05276	0.02854	0.02582	0.13132	0.12991	0.13932	0.02838	0.05754	0.12030	0.08495	0.02833	0.05234	0.01019	0.00964	0.00258	0.04890	0.00891	0.00596	0.01113
83	0.05683	0.09470	0.16974	0.03940	0.42659	0.02092	0.02466	0.02555	0.01818	0.02669	0.01486	0.01883	0.01213	0.00749	0.00771	0.00244	0.01012	0.00669	0.00398	0.01251
84	0.02037	0.01831	0.02412	0.05157	0.07584	0.07624	0.11379	0.06020	0.17479	0.05990	0.03132	0.04273	0.06169	0.01289	0.00928	0.00291	0.00924	0.13721	0.00670	0.01089
85	0.02524	0.02778	0.05902	0.03586	0.33836	0.23428	0.02138	0.10724	0.02301	0.02819	0.01525	0.01852	0.01236	0.00814	0.00798	0.00237	0.01156	0.00668	0.00469	0.01209

[dist]
# distance from previous block
# <min> <max>
25	91

[block]
# block no. 5 follows, 22 sequences, length 10
# corresponding to MSA columns:
# 424-433
name=unknown_F
#
# <colnr> <probs for GDERKNQSTAVLIFYWHMCP>
#	G	D	E	R	K	N	Q	S	T	A	V	L	I	F	Y	W	H	M	C	P
0	0.02241	0.44249	0.09062	0.01733	0.02330	0.12681	0.01654	0.02545	0.01726	0.02031	0.01193	0.01472	0.01069	0.00859	0.00942	0.00220	0.12067	0.00518	0.00367	0.01039
1	0.08407	0.24056	0.20432	0.01859	0.02662	0.08293	0.03926	0.10847	0.02107	0.07948	0.01561	0.01704	0.01183	0.00814	0.00701	0.00230	0.01022	0.00590	0.00494	0.01164
2	0.02042	0.41651	0.14205	0.07712	0.11836	0.02707	0.04688	0.02498	0.01738	0.02219	0.01318	0.01618	0.01112	0.00737	0.00661	0.00214	0.00999	0.00562	0.00367	0.01119
3	0.01599	0.20175	0.02059	0.01151	0.01537	0.01548	0.00899	0.01778	0.01503	0.02028	0.02094	0.08898	0.02241	0.27934	0.02027	0.00420	0.00752	0.00915	0.00483	0.19957
4	0.01751	0.16896	0.01937	0.01184	0.01452	0.01649	0.00884	0.11462	0.01752	0.02274	0.02188	0.03958	0.02321	0.43765	0.02849	0.00574	0.00842	0.00962	0.00523	0.00777
5	0.06118	0.01073	0.01258	0.01111	0.01433	0.00964	0.00803	0.01974	0.01684	0.14842	0.03552	0.14132	0.11160	0.22140	0.01847	0.00414	0.00646	0.01221	0.00682	0.12946
6	0.02905	0.02114	0.02266	0.01765	0.02347	0.02328	0.01434	0.54323	0.03559	0.04811	0.02086	0.02348	0.01589	0.06973	0.01109	0.00294	0.00877	0.00789	0.04782	0.01301
7	0.05642	0.58479	0.07654	0.01523	0.02231	0.08640	0.01509	0.02565	0.01736	0.02081	0.01186	0.01372	0.01058	0.00730	0.00566	0.00189	0.00949	0.00462	0.00369	0.01059
