[name]
unknown

[dist]
# distance from previous block
# <min> <max>
0	0

[block]
# block no. 0 follows, 22 sequences, length 56
# corresponding to MSA columns:
# 0-55
name=unknown_A
#
# <colnr> <probs for GDERKNQSTAVLIFYWHMCP>
#	G	D	E	R	K	N	Q	S	T	A	V	L	I	F	Y	W	H	M	C	P
0	0.01339	0.00956	0.01339	0.01530	0.01721	0.00956	0.01339	0.01721	0.01912	0.02486	0.04399	0.09371	0.04781	0.02295	0.01147	0.00382	0.00765	0.60031	0.00765	0.00765
1	0.01991	0.02549	0.17608	0.15627	0.33991	0.05744	0.02525	0.05372	0.01940	0.02668	0.01535	0.01980	0.01208	0.00787	0.00812	0.00254	0.01090	0.00699	0.00410	0.01209
2	0.02372	0.02149	0.02494	0.17379	0.03175	0.09380	0.01823	0.23638	0.02407	0.03173	0.01519	0.01937	0.01206	0.01085	0.01410	0.00287	0.22217	0.00716	0.00537	0.01096
3	0.02056	0.01974	0.03372	0.05099	0.65622	0.01974	0.02550	0.02550	0.01892	0.02714	0.01563	0.02056	0.01316	0.00740	0.00822	0.00247	0.00987	0.00740	0.00411	0.01316
4	0.01187	0.00890	0.01335	0.01335	0.01483	0.01038	0.01038	0.01483	0.01335	0.01928	0.02225	0.03264	0.02077	0.06231	0.67512	0.01335	0.02225	0.00890	0.00445	0.00742
5	0.02769	0.03402	0.02404	0.02151	0.02468	0.50582	0.01660	0.02974	0.02073	0.02024	0.01234	0.01581	0.01075	0.01012	0.01263	0.00253	0.19130	0.00585	0.00411	0.00949
6	0.01103	0.00846	0.01010	0.00969	0.01196	0.00753	0.00727	0.01427	0.02180	0.02924	0.43890	0.06877	0.29387	0.01850	0.00981	0.00269	0.00403	0.01596	0.00861	0.00753
7	0.01056	0.00810	0.01145	0.01238	0.01350	0.00748	0.03801	0.01235	0.01641	0.02161	0.04849	0.60214	0.11718	0.02455	0.01048	0.00328	0.00521	0.02228	0.00754	0.00700
8	0.01612	0.00973	0.01091	0.00988	0.01351	0.00821	0.00767	0.01848	0.02005	0.16928	0.07236	0.06808	0.50767	0.01857	0.00948	0.00275	0.00486	0.01543	0.00830	0.00865
9	0.01187	0.00890	0.01335	0.01335	0.01483	0.01038	0.01038	0.01483	0.01335	0.01928	0.02225	0.03264	0.02077	0.06231	0.67512	0.01335	0.02225	0.00890	0.00445	0.00742
10	0.01844	0.01757	0.02988	0.32854	0.39527	0.01918	0.02444	0.02364	0.01791	0.02456	0.01525	0.02125	0.01225	0.00780	0.00826	0.00260	0.01039	0.00739	0.00393	0.01145
11	0.02056	0.01974	0.03372	0.05099	0.65622	0.01974	0.02550	0.02550	0.01892	0.02714	0.01563	0.02056	0.01316	0.00740	0.00822	0.00247	0.00987	0.00740	0.00411	0.01316
12	0.01831	0.01744	0.02965	0.34584	0.37899	0.01915	0.02437	0.02352	0.01785	0.02440	0.01523	0.02130	0.01219	0.00782	0.00826	0.00261	0.01043	0.00739	0.00392	0.01134
13	0.02056	0.01974	0.03372	0.05099	0.65622	0.01974	0.02550	0.02550	0.01892	0.02714	0.01563	0.02056	0.01316	0.00740	0.00822	0.00247	0.00987	0.00740	0.00411	0.01316
14	0.02041	0.01813	0.02246	0.05586	0.16742	0.02035	0.01642	0.03884	0.47080	0.03239	0.02880	0.02821	0.02192	0.01025	0.00839	0.00274	0.00753	0.00885	0.00725	0.01297
15	0.01673	0.01605	0.02267	0.01987	0.02021	0.02199	0.01639	0.01881	0.01287	0.01983	0.01351	0.02150	0.01317	0.02551	0.17602	0.00587	0.53887	0.00764	0.00382	0.00870
16	0.01107	0.00744	0.00933	0.01068	0.01123	0.00710	0.00700	0.01250	0.01534	0.02129	0.04005	0.50724	0.04663	0.15381	0.01610	0.00411	0.00533	0.01972	0.08751	0.00653
17	0.01569	0.01477	0.02492	0.68808	0.05722	0.01846	0.02307	0.02123	0.01661	0.02123	0.01477	0.02215	0.01107	0.00831	0.00831	0.00277	0.01107	0.00738	0.00369	0.00923
18	0.01012	0.00723	0.00964	0.01157	0.01205	0.00675	0.00771	0.01157	0.01591	0.02121	0.04579	0.70262	0.05495	0.02603	0.01060	0.00337	0.00482	0.02362	0.00771	0.00675
19	0.02221	0.71304	0.04353	0.01421	0.02132	0.03287	0.01421	0.02488	0.01688	0.01955	0.01155	0.01333	0.01066	0.00711	0.00533	0.00178	0.00888	0.00444	0.00355	0.01066
20	0.01176	0.00849	0.01110	0.01045	0.01241	0.00784	0.00784	0.01568	0.02352	0.03331	0.65184	0.06206	0.07839	0.01698	0.00980	0.00261	0.00392	0.01502	0.00914	0.00784
21	0.01012	0.00723	0.00964	0.01157	0.01205	0.00675	0.00771	0.01157	0.01591	0.02121	0.04579	0.70262	0.05495	0.02603	0.01060	0.00337	0.00482	0.02362	0.00771	0.00675
22	0.01012	0.00723	0.00964	0.01157	0.01205	0.00675	0.00771	0.01157	0.01591	0.02121	0.04579	0.70262	0.05495	0.02603	0.01060	0.00337	0.00482	0.02362	0.00771	0.00675
23	0.01208	0.00805	0.00906	0.00906	0.00906	0.00805	0.00503	0.01208	0.01208	0.01611	0.02618	0.05436	0.03020	0.70804	0.04228	0.00805	0.00805	0.01208	0.00503	0.00503
24	0.01126	0.00801	0.00900	0.00930	0.01002	0.00761	0.00574	0.01197	0.01424	0.01834	0.04250	0.15971	0.17696	0.44565	0.02997	0.00613	0.00667	0.01510	0.00606	0.00575
25	0.01205	0.00809	0.00924	0.00918	0.00935	0.00804	0.00528	0.01240	0.01308	0.01761	0.08082	0.05504	0.03441	0.64769	0.03945	0.00758	0.00769	0.01234	0.00539	0.00528
26	0.01187	0.00890	0.01335	0.01335	0.01483	0.01038	0.01038	0.01483	0.01335	0.01928	0.02225	0.03264	0.02077	0.06231	0.67512	0.01335	0.02225	0.00890	0.00445	0.00742
27	0.02902	0.01248	0.01666	0.01394	0.01871	0.01118	0.01102	0.03288	0.05279	0.45415	0.06626	0.18326	0.03146	0.01424	0.00894	0.00277	0.00638	0.01220	0.00955	0.01210
28	0.01141	0.00851	0.01073	0.01053	0.01219	0.00839	0.00767	0.01393	0.01759	0.02384	0.23567	0.05666	0.18427	0.15743	0.19766	0.00659	0.00976	0.01338	0.00678	0.00702
29	0.01206	0.00815	0.00952	0.00952	0.00968	0.00830	0.00561	0.01238	0.01222	0.01645	0.02575	0.05203	0.02919	0.63858	0.11036	0.00862	0.00958	0.01174	0.00497	0.00529
30	0.01011	0.00729	0.00958	0.01141	0.01201	0.00676	0.00764	0.01159	0.01606	0.02127	0.04770	0.67154	0.08479	0.02578	0.01056	0.00335	0.00479	0.02331	0.00771	0.00676
31	0.02311	0.02640	0.02471	0.02165	0.02330	0.27475	0.01736	0.02505	0.01688	0.02012	0.01165	0.01695	0.01083	0.01224	0.01967	0.00306	0.43255	0.00653	0.00388	0.00930
32	0.01056	0.00748	0.00945	0.01084	0.01132	0.00706	0.00703	0.01170	0.01517	0.02009	0.04306	0.52390	0.07729	0.18309	0.01787	0.00443	0.00554	0.02067	0.00709	0.00636
33	0.00992	0.00840	0.00844	0.00844	0.01112	0.00706	0.00625	0.01193	0.01863	0.02216	0.08154	0.07880	0.62477	0.05202	0.01128	0.00304	0.00438	0.01729	0.00759	0.00692
34	0.01040	0.00735	0.00956	0.01121	0.01162	0.00693	0.00733	0.01164	0.01536	0.02048	0.04300	0.61046	0.05143	0.12299	0.01511	0.00404	0.00528	0.02198	0.00733	0.00650
35	0.02065	0.02185	0.03987	0.04263	0.35995	0.05185	0.28562	0.02635	0.01944	0.02658	0.01600	0.02109	0.01280	0.00728	0.00887	0.00260	0.01191	0.00835	0.00416	0.01214
36	0.03103	0.03959	0.02354	0.02140	0.02568	0.67469	0.01605	0.03317	0.02354	0.02033	0.01284	0.01498	0.01070	0.00856	0.00749	0.00214	0.01498	0.00535	0.00428	0.00963
37	0.01945	0.05483	0.20590	0.04003	0.38267	0.02033	0.10547	0.02584	0.01855	0.02653	0.01542	0.01969	0.01227	0.00747	0.00822	0.00253	0.01102	0.00726	0.00394	0.01256
38	0.02056	0.01974	0.03372	0.05099	0.65622	0.01974	0.02550	0.02550	0.01892	0.02714	0.01563	0.02056	0.01316	0.00740	0.00822	0.00247	0.00987	0.00740	0.00411	0.01316
39	0.01208	0.00805	0.00906	0.00906	0.00906	0.00805	0.00503	0.01208	0.01208	0.01611	0.02618	0.05436	0.03020	0.70804	0.04228	0.00805	0.00805	0.01208	0.00503	0.00503
40	0.01691	0.03770	0.52751	0.02464	0.03540	0.01940	0.10778	0.02557	0.01742	0.02577	0.01530	0.01886	0.01126	0.01043	0.03793	0.00316	0.04272	0.00679	0.00365	0.01179
41	0.03727	0.01414	0.01928	0.01478	0.02121	0.01221	0.01221	0.04049	0.02378	0.66198	0.03277	0.02828	0.02056	0.01028	0.00835	0.00257	0.00707	0.00835	0.01028	0.01414
42	0.01942	0.02041	0.03998	0.12470	0.22086	0.02029	0.34401	0.02643	0.04896	0.02645	0.01702	0.02226	0.01318	0.00749	0.00909	0.00270	0.01207	0.00877	0.00431	0.01160
43	0.01628	0.01405	0.01800	0.04386	0.02137	0.01128	0.03912	0.01999	0.01747	0.02647	0.04796	0.09074	0.01978	0.00886	0.00705	0.00166	0.00650	0.00767	0.00532	0.57659
44	0.18391	0.02429	0.13975	0.02700	0.20010	0.02140	0.01970	0.22333	0.02425	0.03745	0.01604	0.01830	0.01211	0.00840	0.00753	0.00253	0.00932	0.00658	0.00560	0.01242
45	0.02221	0.71304	0.04353	0.01421	0.02132	0.03287	0.01421	0.02488	0.01688	0.01955	0.01155	0.01333	0.01066	0.00711	0.00533	0.00178	0.00888	0.00444	0.00355	0.01066
46	0.01187	0.00890	0.01335	0.01335	0.01483	0.01038	0.01038	0.01483	0.01335	0.01928	0.02225	0.03264	0.02077	0.06231	0.67512	0.01335	0.02225	0.00890	0.00445	0.00742
47	0.01843	0.03961	0.58427	0.02436	0.06569	0.01877	0.02902	0.02735	0.01808	0.07491	0.01631	0.01851	0.01142	0.00805	0.00794	0.00262	0.01176	0.00637	0.00406	0.01246
48	0.01187	0.00890	0.01335	0.01335	0.01483	0.01038	0.01038	0.01483	0.01335	0.01928	0.02225	0.03264	0.02077	0.06231	0.67512	0.01335	0.02225	0.00890	0.00445	0.00742
49	0.01008	0.00782	0.00905	0.01000	0.01152	0.00693	0.00694	0.01176	0.01712	0.02153	0.06251	0.38469	0.32901	0.05663	0.01177	0.00334	0.00469	0.02026	0.00758	0.00679
50	0.02212	0.03533	0.49394	0.02132	0.03205	0.01742	0.02580	0.03006	0.01919	0.19471	0.01964	0.02038	0.01318	0.00853	0.00801	0.00261	0.01090	0.00673	0.00530	0.01277
51	0.01936	0.01934	0.02767	0.07717	0.44439	0.08087	0.02098	0.02355	0.01924	0.02529	0.02765	0.03081	0.12802	0.01002	0.00845	0.00251	0.00941	0.00903	0.00475	0.01148
52	0.01114	0.00817	0.01024	0.01154	0.01262	0.00772	0.00793	0.04199	0.01743	0.02290	0.04936	0.59046	0.12835	0.02461	0.01039	0.00326	0.00496	0.02205	0.00774	0.00714
53	0.02001	0.02236	0.09213	0.04505	0.46559	0.01998	0.15981	0.02581	0.01895	0.02695	0.01583	0.02071	0.01281	0.00736	0.00855	0.00256	0.01100	0.00783	0.00408	0.01265
54	0.02449	0.02880	0.01941	0.01811	0.02175	0.42009	0.01351	0.02961	0.11124	0.02274	0.02727	0.12534	0.07797	0.01268	0.00830	0.00248	0.01127	0.00976	0.00571	0.00947
55	0.01775	0.03645	0.48938	0.02968	0.17873	0.01946	0.02869	0.02694	0.04646	0.02689	0.01594	0.01886	0.01181	0.00793	0.00800	0.00260	0.01146	0.00658	0.00387	0.01252

[dist]
# distance from previous block
# <min> <max>
38	108

[block]
# block no. 1 follows, 22 sequences, length 90
# corresponding to MSA columns:
# 171-260
name=unknown_B
#
# <colnr> <probs for GDERKNQSTAVLIFYWHMCP>
#	G	D	E	R	K	N	Q	S	T	A	V	L	I	F	Y	W	H	M	C	P
0	0.16464	0.14235	0.17534	0.08845	0.10294	0.01993	0.01845	0.02395	0.04369	0.02658	0.01854	0.10575	0.01699	0.01019	0.00736	0.00257	0.00892	0.00820	0.00468	0.01048
1	0.02467	0.10658	0.02561	0.08902	0.09227	0.15717	0.01608	0.22010	0.02523	0.03119	0.01876	0.06958	0.01663	0.05892	0.01031	0.00281	0.01021	0.00813	0.00572	0.01101
2	0.02647	0.10740	0.08821	0.02726	0.16284	0.40268	0.01928	0.02998	0.02126	0.02229	0.01350	0.01625	0.01121	0.00809	0.00746	0.00222	0.01297	0.00577	0.00409	0.01075
3	0.05267	0.16774	0.07511	0.12938	0.21939	0.09781	0.01950	0.02463	0.01884	0.02485	0.07869	0.02232	0.01828	0.00864	0.00754	0.00236	0.00986	0.00709	0.00446	0.01083
4	0.05103	0.09455	0.18309	0.02633	0.19954	0.06522	0.01947	0.02417	0.04663	0.02439	0.01866	0.05633	0.01722	0.12347	0.01337	0.00339	0.00989	0.00814	0.00449	0.01062
5	0.14061	0.07990	0.17643	0.02591	0.15914	0.20505	0.02024	0.05386	0.01987	0.02718	0.01393	0.01662	0.01106	0.00798	0.00725	0.00238	0.01123	0.00586	0.00432	0.01117
6	0.05198	0.02656	0.10846	0.14320	0.20635	0.18351	0.02112	0.08100	0.02133	0.02726	0.04138	0.02044	0.01448	0.00855	0.00796	0.00247	0.01122	0.00693	0.00463	0.01119
7	0.01852	0.26686	0.45735	0.02052	0.03107	0.02383	0.02519	0.02583	0.01732	0.02405	0.01379	0.01613	0.01057	0.00763	0.00704	0.00235	0.01114	0.00557	0.00352	0.01174
8	0.02749	0.03261	0.02507	0.02706	0.15801	0.45238	0.01767	0.03297	0.10220	0.02363	0.01613	0.01822	0.01311	0.00867	0.00777	0.00230	0.01282	0.00630	0.00478	0.01083
9	0.02590	0.02058	0.02532	0.02009	0.02617	0.02251	0.09325	0.29068	0.27770	0.06848	0.02567	0.02506	0.01872	0.01012	0.00856	0.00267	0.00865	0.00859	0.00792	0.01336
10	0.01163	0.00786	0.00919	0.00964	0.00975	0.00775	0.00565	0.01196	0.01296	0.01728	0.03070	0.20376	0.03590	0.55086	0.03498	0.00698	0.00731	0.01474	0.00565	0.00543
11	0.02056	0.01974	0.03372	0.05099	0.65622	0.01974	0.02550	0.02550	0.01892	0.02714	0.01563	0.02056	0.01316	0.00740	0.00822	0.00247	0.00987	0.00740	0.00411	0.01316
12	0.01723	0.01477	0.01723	0.01230	0.01969	0.01107	0.00984	0.02092	0.01723	0.02707	0.01477	0.01723	0.01230	0.00615	0.00615	0.00123	0.00615	0.00492	0.00492	0.75883
13	0.00982	0.00842	0.00842	0.00842	0.01122	0.00701	0.00631	0.01192	0.01894	0.02244	0.08416	0.07995	0.65285	0.02104	0.00982	0.00281	0.00421	0.01753	0.00771	0.00701
14	0.00984	0.00833	0.00850	0.00864	0.01128	0.00699	0.00641	0.01190	0.01872	0.02235	0.08142	0.12443	0.61014	0.02140	0.00987	0.00285	0.00425	0.01797	0.00771	0.00699
15	0.01054	0.00829	0.00952	0.00954	0.01175	0.00727	0.00703	0.01319	0.02015	0.02610	0.27841	0.15394	0.37419	0.02026	0.00991	0.00281	0.00419	0.01744	0.00822	0.00727
16	0.76672	0.01607	0.01221	0.01092	0.01607	0.01864	0.00900	0.02442	0.01414	0.03727	0.01157	0.01350	0.00900	0.00771	0.00514	0.00257	0.00643	0.00450	0.00514	0.00900
17	0.02056	0.01974	0.03372	0.05099	0.65622	0.01974	0.02550	0.02550	0.01892	0.02714	0.01563	0.02056	0.01316	0.00740	0.00822	0.00247	0.00987	0.00740	0.00411	0.01316
18	0.01187	0.00890	0.01335	0.01335	0.01483	0.01038	0.01038	0.01483	0.01335	0.01928	0.02225	0.03264	0.02077	0.06231	0.67512	0.01335	0.02225	0.00890	0.00445	0.00742
19	0.03103	0.03959	0.02354	0.02140	0.02568	0.67469	0.01605	0.03317	0.02354	0.02033	0.01284	0.01498	0.01070	0.00856	0.00749	0.00214	0.01498	0.00535	0.00428	0.00963
20	0.01026	0.00739	0.00975	0.01160	0.01225	0.00689	0.00791	0.01184	0.01618	0.02143	0.04739	0.64798	0.08079	0.02567	0.01061	0.00337	0.00492	0.04930	0.00771	0.00680
21	0.00991	0.00842	0.00855	0.00852	0.01128	0.00705	0.00639	0.01211	0.01916	0.02298	0.11204	0.07907	0.62463	0.02084	0.00982	0.00280	0.00419	0.01741	0.00778	0.00705
22	0.01187	0.00890	0.01335	0.01335	0.01483	0.01038	0.01038	0.01483	0.01335	0.01928	0.02225	0.03264	0.02077	0.06231	0.67512	0.01335	0.02225	0.00890	0.00445	0.00742
23	0.00995	0.00819	0.00876	0.00911	0.01143	0.00699	0.00664	0.01199	0.01851	0.02260	0.09771	0.20158	0.51408	0.02187	0.00997	0.00291	0.00432	0.01863	0.00777	0.00699
24	0.01208	0.00805	0.00906	0.00906	0.00906	0.00805	0.00503	0.01208	0.01208	0.01611	0.02618	0.05436	0.03020	0.70804	0.04228	0.00805	0.00805	0.01208	0.00503	0.00503
25	0.01187	0.00890	0.01335	0.01335	0.01483	0.01038	0.01038	0.01483	0.01335	0.01928	0.02225	0.03264	0.02077	0.06231	0.67512	0.01335	0.02225	0.00890	0.00445	0.00742
26	0.03158	0.02327	0.02493	0.01911	0.02576	0.02576	0.01579	0.62852	0.03906	0.05236	0.01995	0.01995	0.01413	0.00997	0.00831	0.00249	0.00914	0.00748	0.00831	0.01413
27	0.01180	0.00962	0.01005	0.00960	0.01257	0.00864	0.00728	0.06414	0.02082	0.02567	0.11682	0.10072	0.53279	0.02004	0.00972	0.00279	0.00463	0.01677	0.00786	0.00766
28	0.01666	0.04297	0.66500	0.02368	0.03596	0.01929	0.03069	0.02631	0.01754	0.02631	0.01491	0.01754	0.01052	0.00789	0.00789	0.00263	0.01228	0.00614	0.00351	0.01228
29	0.01208	0.00805	0.00906	0.00906	0.00906	0.00805	0.00503	0.01208	0.01208	0.01611	0.02618	0.05436	0.03020	0.70804	0.04228	0.00805	0.00805	0.01208	0.00503	0.00503
30	0.01127	0.00838	0.01036	0.01003	0.01199	0.00761	0.00739	0.01449	0.02161	0.02957	0.47001	0.10231	0.19597	0.04860	0.01127	0.00294	0.00421	0.01592	0.00858	0.00748
31	0.13342	0.01213	0.01187	0.01052	0.01392	0.01294	0.00830	0.14044	0.02129	0.03572	0.02631	0.02869	0.05121	0.01003	0.00641	0.00219	0.00532	0.00771	0.45242	0.00916
32	0.01046	0.00737	0.00954	0.01114	0.01154	0.00697	0.00725	0.01166	0.01525	0.02033	0.04242	0.59141	0.05070	0.14303	0.01604	0.00418	0.00537	0.02164	0.00725	0.00645
33	0.01012	0.00723	0.00964	0.01157	0.01205	0.00675	0.00771	0.01157	0.01591	0.02121	0.04579	0.70262	0.05495	0.02603	0.01060	0.00337	0.00482	0.02362	0.00771	0.00675
34	0.01026	0.00756	0.00932	0.01065	0.01157	0.00694	0.00714	0.01169	0.01616	0.02095	0.05191	0.50509	0.17890	0.09423	0.01365	0.00373	0.00502	0.02116	0.00744	0.00663
35	0.01208	0.00805	0.00906	0.00906	0.00906	0.00805	0.00503	0.01208	0.01208	0.01611	0.02618	0.05436	0.03020	0.70804	0.04228	0.00805	0.00805	0.01208	0.00503	0.00503
36	0.01027	0.00850	0.00904	0.00910	0.01176	0.00728	0.00696	0.01267	0.01941	0.02372	0.13899	0.07910	0.55216	0.02076	0.00993	0.00286	0.00442	0.05808	0.00786	0.00714
37	0.01424	0.00854	0.01024	0.01000	0.01097	0.00823	0.00639	0.01537	0.01525	0.07806	0.10488	0.13248	0.03781	0.44373	0.02963	0.00603	0.00687	0.01333	0.04141	0.00654
38	0.01165	0.00790	0.00927	0.00965	0.00984	0.00777	0.00572	0.01213	0.01340	0.01796	0.05846	0.19130	0.03758	0.53325	0.03415	0.00682	0.00719	0.01464	0.00578	0.00552
39	0.01818	0.01818	0.02545	0.02181	0.02181	0.02545	0.01818	0.01999	0.01272	0.01999	0.01091	0.01818	0.01091	0.01454	0.02726	0.00364	0.69284	0.00727	0.00364	0.00909
40	0.01088	0.00775	0.00996	0.01114	0.01194	0.00732	0.00764	0.01261	0.01664	0.02229	0.12441	0.44204	0.07835	0.13618	0.01572	0.00405	0.00541	0.06153	0.00746	0.00669
41	0.01054	0.00753	0.01012	0.01205	0.01271	0.00711	0.00844	0.01230	0.01632	0.02168	0.04556	0.62412	0.05403	0.02563	0.01072	0.00343	0.00518	0.09796	0.00770	0.00686
42	0.01642	0.01374	0.01499	0.01424	0.01761	0.01507	0.01075	0.03114	0.38600	0.03023	0.08690	0.18097	0.11538	0.01603	0.00918	0.00292	0.00571	0.01383	0.00825	0.01064
43	0.01208	0.00805	0.00906	0.00906	0.00906	0.00805	0.00503	0.01208	0.01208	0.01611	0.02618	0.05436	0.03020	0.70804	0.04228	0.00805	0.00805	0.01208	0.00503	0.00503
44	0.01012	0.00723	0.00964	0.01157	0.01205	0.00675	0.00771	0.01157	0.01591	0.02121	0.04579	0.70262	0.05495	0.02603	0.01060	0.00337	0.00482	0.02362	0.00771	0.00675
45	0.01010	0.00731	0.00955	0.01135	0.01199	0.00677	0.00761	0.01159	0.01612	0.02129	0.04847	0.65903	0.09681	0.02568	0.01055	0.00333	0.00478	0.02319	0.00771	0.00677
46	0.03158	0.02327	0.02493	0.01911	0.02576	0.02576	0.01579	0.62852	0.03906	0.05236	0.01995	0.01995	0.01413	0.00997	0.00831	0.00249	0.00914	0.00748	0.00831	0.01413
47	0.01961	0.02241	0.04902	0.03501	0.04342	0.02101	0.62605	0.02661	0.01961	0.02661	0.01681	0.02241	0.01261	0.00700	0.00980	0.00280	0.01401	0.00980	0.00420	0.01120
48	0.01443	0.00722	0.01082	0.01082	0.01082	0.00722	0.00722	0.01082	0.01082	0.01443	0.01443	0.02525	0.01443	0.02886	0.03247	0.75830	0.00722	0.00722	0.00361	0.00361
49	0.03106	0.03882	0.02361	0.02129	0.02569	0.64404	0.01604	0.06130	0.02427	0.02184	0.01318	0.01522	0.01086	0.00863	0.00753	0.00216	0.01471	0.00545	0.00447	0.00984
50	0.01015	0.00748	0.00951	0.01100	0.01193	0.00684	0.00749	0.01183	0.01677	0.02200	0.08176	0.57054	0.15271	0.02478	0.01044	0.00324	0.00468	0.02221	0.00778	0.00684
51	0.02624	0.05171	0.02573	0.05443	0.15841	0.18025	0.01738	0.24475	0.02679	0.03384	0.01723	0.01991	0.01352	0.01164	0.04293	0.00293	0.01122	0.00691	0.04236	0.01182
52	0.01084	0.00842	0.00966	0.00937	0.01160	0.00745	0.00690	0.01360	0.02048	0.02682	0.33232	0.07017	0.35305	0.06831	0.01213	0.00309	0.00435	0.01603	0.00816	0.00724
53	0.02856	0.03564	0.02223	0.02036	0.02428	0.58905	0.01532	0.03081	0.02223	0.02020	0.01405	0.01726	0.01200	0.01549	0.09356	0.00359	0.01592	0.00581	0.00430	0.00935
54	0.01012	0.00723	0.00964	0.01157	0.01205	0.00675	0.00771	0.01157	0.01591	0.02121	0.04579	0.70262	0.05495	0.02603	0.01060	0.00337	0.00482	0.02362	0.00771	0.00675
55	0.01157	0.00807	0.00940	0.00952	0.01018	0.00776	0.00594	0.01260	0.01511	0.02018	0.13755	0.13396	0.10427	0.44463	0.02993	0.00608	0.00660	0.01447	0.00630	0.00590
56	0.01062	0.00845	0.00953	0.00926	0.01172	0.00736	0.00695	0.01348	0.02084	0.02696	0.32012	0.07251	0.41406	0.01935	0.00981	0.00273	0.00409	0.01649	0.00831	0.00736
57	0.03239	0.01907	0.02180	0.01684	0.02309	0.01989	0.01387	0.38569	0.03234	0.25839	0.02481	0.02355	0.01682	0.01006	0.00815	0.00248	0.00807	0.00780	0.06120	0.01368
58	0.01195	0.00856	0.01161	0.01161	0.01249	0.00944	0.00821	0.01372	0.01284	0.01799	0.02385	0.04146	0.02460	0.32462	0.41805	0.01120	0.01648	0.01019	0.00469	0.00645
59	0.02597	0.02615	0.02495	0.02722	0.19316	0.24110	0.01741	0.19587	0.02614	0.03139	0.02367	0.02524	0.08516	0.01006	0.00818	0.00240	0.01075	0.00788	0.00576	0.01154
60	0.02178	0.02060	0.02584	0.33753	0.11645	0.10524	0.02058	0.15115	0.02224	0.02830	0.01544	0.02029	0.01191	0.00902	0.00952	0.00265	0.05876	0.00714	0.00479	0.01078
61	0.01012	0.00723	0.00964	0.01157	0.01205	0.00675	0.00771	0.01157	0.01591	0.02121	0.04579	0.70262	0.05495	0.02603	0.01060	0.00337	0.00482	0.02362	0.00771	0.00675
62	0.02742	0.02953	0.02230	0.01954	0.02374	0.37518	0.01516	0.17656	0.02520	0.02805	0.01605	0.01925	0.01321	0.01800	0.11804	0.00413	0.04646	0.00655	0.00527	0.01035
63	0.03020	0.02888	0.02313	0.01924	0.02458	0.29167	0.01518	0.33987	0.03112	0.03764	0.01753	0.01869	0.01323	0.00937	0.00779	0.00231	0.01117	0.00662	0.05993	0.01182
64	0.02607	0.02422	0.02797	0.03281	0.29165	0.13491	0.01975	0.23020	0.07003	0.03495	0.01787	0.02012	0.01391	0.00873	0.00814	0.00244	0.01028	0.00721	0.00585	0.01287
65	0.14856	0.41789	0.06092	0.01567	0.02188	0.14548	0.01454	0.02617	0.01749	0.02298	0.01191	0.01403	0.01039	0.00780	0.00666	0.00209	0.03659	0.00480	0.00395	0.01020
66	0.01876	0.01815	0.03165	0.27703	0.39974	0.01937	0.06668	0.02405	0.01814	0.02499	0.01540	0.02126	0.01238	0.00770	0.00836	0.00260	0.01059	0.00756	0.00397	0.01162
67	0.02426	0.33895	0.13805	0.01996	0.05494	0.25097	0.01808	0.02800	0.01938	0.02128	0.01274	0.01493	0.01077	0.00775	0.00663	0.00207	0.01159	0.00517	0.00382	0.01069
68	0.02109	0.01950	0.03176	0.12476	0.51980	0.02020	0.02422	0.08621	0.02068	0.02899	0.01596	0.02069	0.01301	0.00777	0.00824	0.00251	0.00994	0.00741	0.00449	0.01278
69	0.01187	0.00890	0.01335	0.01335	0.01483	0.01038	0.01038	0.01483	0.01335	0.01928	0.02225	0.03264	0.02077	0.06231	0.67512	0.01335	0.02225	0.00890	0.00445	0.00742
70	0.01003	0.00794	0.00903	0.00978	0.01161	0.00694	0.00694	0.01194	0.01791	0.02242	0.09347	0.33110	0.38580	0.02288	0.01014	0.00303	0.00444	0.01988	0.00778	0.00694
71	0.01187	0.00890	0.01335	0.01335	0.01483	0.01038	0.01038	0.01483	0.01335	0.01928	0.02225	0.03264	0.02077	0.06231	0.67512	0.01335	0.02225	0.00890	0.00445	0.00742
72	0.03103	0.03959	0.02354	0.02140	0.02568	0.67469	0.01605	0.03317	0.02354	0.02033	0.01284	0.01498	0.01070	0.00856	0.00749	0.00214	0.01498	0.00535	0.00428	0.00963
73	0.01065	0.00770	0.01010	0.01132	0.01234	0.00715	0.00795	0.01282	0.01800	0.02428	0.18926	0.49046	0.09152	0.02350	0.01042	0.00319	0.00472	0.04952	0.00804	0.00706
74	0.01943	0.02230	0.07841	0.08550	0.21600	0.02037	0.38017	0.02590	0.01908	0.02636	0.01622	0.02159	0.01253	0.00726	0.00914	0.00270	0.01254	0.00875	0.00410	0.01167
75	0.02559	0.02983	0.02646	0.03033	0.22184	0.37421	0.01896	0.02861	0.02054	0.02238	0.01394	0.01784	0.01194	0.01122	0.03977	0.00290	0.08254	0.00635	0.00417	0.01058
76	0.01287	0.01037	0.01538	0.04422	0.11049	0.01018	0.03796	0.01487	0.01560	0.02094	0.03503	0.32707	0.06736	0.21694	0.01916	0.00450	0.00713	0.01633	0.00609	0.00752
77	0.01549	0.00774	0.00774	0.00774	0.00968	0.00774	0.00581	0.01936	0.01742	0.03097	0.02710	0.03097	0.02129	0.00968	0.00581	0.00194	0.00387	0.00774	0.75416	0.00774
78	0.02066	0.01785	0.01878	0.01691	0.02160	0.02066	0.01315	0.04414	0.64121	0.03475	0.03381	0.03099	0.02536	0.01127	0.00845	0.00282	0.00657	0.00939	0.00845	0.01315
79	0.01818	0.01818	0.02545	0.02181	0.02181	0.02545	0.01818	0.01999	0.01272	0.01999	0.01091	0.01818	0.01091	0.01454	0.02726	0.00364	0.69284	0.00727	0.00364	0.00909
80	0.01125	0.00847	0.01039	0.00991	0.01210	0.00762	0.00744	0.01469	0.02231	0.03044	0.50191	0.06678	0.23011	0.01805	0.00980	0.00266	0.00400	0.01569	0.00877	0.00762
81	0.01212	0.00882	0.01296	0.01296	0.01447	0.01020	0.01006	0.01515	0.01364	0.02010	0.02259	0.03252	0.02081	0.05862	0.62826	0.01255	0.02097	0.00882	0.05694	0.00744
82	0.00982	0.00842	0.00842	0.00842	0.01122	0.00701	0.00631	0.01192	0.01894	0.02244	0.08416	0.07995	0.65285	0.02104	0.00982	0.00281	0.00421	0.01753	0.00771	0.00701
83	0.01974	0.02463	0.16673	0.04524	0.52553	0.01964	0.02659	0.02567	0.01863	0.02697	0.01548	0.01992	0.01260	0.00751	0.00815	0.00250	0.01038	0.00714	0.00398	0.01297
84	0.01723	0.01477	0.01723	0.01230	0.01969	0.01107	0.00984	0.02092	0.01723	0.02707	0.01477	0.01723	0.01230	0.00615	0.00615	0.00123	0.00615	0.00492	0.00492	0.75883
85	0.01106	0.00796	0.01002	0.03455	0.01343	0.00766	0.00796	0.01322	0.01653	0.02249	0.04844	0.40544	0.17272	0.02557	0.06876	0.00394	0.00634	0.01851	0.09829	0.00707
86	0.01341	0.01179	0.01734	0.01718	0.07499	0.01113	0.08430	0.01834	0.06345	0.02682	0.19381	0.10528	0.26189	0.01694	0.00972	0.00283	0.00625	0.04846	0.00735	0.00872
87	0.05071	0.01695	0.02526	0.12894	0.32476	0.01761	0.01928	0.07850	0.04514	0.05358	0.02885	0.03132	0.12297	0.01038	0.00840	0.00259	0.00863	0.00914	0.00551	0.01149
88	0.04768	0.02170	0.13771	0.28348	0.23652	0.01924	0.04792	0.02509	0.05341	0.02558	0.01611	0.02104	0.01243	0.00805	0.00815	0.00265	0.01058	0.00727	0.00414	0.01127
89	0.06401	0.06464	0.02461	0.04770	0.02603	0.14096	0.01551	0.38072	0.08632	0.04112	0.01880	0.01945	0.01394	0.00949	0.00786	0.00243	0.00990	0.00695	0.00698	0.01258

[dist]
# distance from previous block
# <min> <max>
2	21

[block]
# block no. 2 follows, 22 sequences, length 76
# corresponding to MSA columns:
# 282-357
name=unknown_C
#
# <colnr> <probs for GDERKNQSTAVLIFYWHMCP>
#	G	D	E	R	K	N	Q	S	T	A	V	L	I	F	Y	W	H	M	C	P
0	0.06893	0.02358	0.02063	0.01727	0.02234	0.18104	0.01365	0.30422	0.02910	0.06873	0.02721	0.07931	0.08407	0.01196	0.00827	0.00252	0.00946	0.00918	0.00713	0.01140
1	0.39951	0.15691	0.02138	0.01332	0.01927	0.02143	0.01149	0.10891	0.01962	0.13674	0.01613	0.01672	0.01190	0.00831	0.00613	0.00240	0.00739	0.00551	0.00608	0.01086
2	0.01224	0.00943	0.01025	0.00978	0.01272	0.00850	0.00742	0.01648	0.07033	0.05238	0.19327	0.07020	0.45904	0.01898	0.00964	0.00276	0.00446	0.01598	0.00817	0.00797
3	0.02303	0.02422	0.02370	0.02635	0.17573	0.24675	0.01701	0.08681	0.02085	0.02497	0.01649	0.02145	0.01418	0.02223	0.17624	0.00515	0.05275	0.00706	0.00466	0.01036
4	0.02692	0.19728	0.03185	0.02387	0.12609	0.09269	0.04222	0.29511	0.02789	0.03576	0.01629	0.01798	0.01269	0.00858	0.00753	0.00229	0.00999	0.00658	0.00587	0.01252
5	0.01979	0.01895	0.03233	0.15165	0.56158	0.01954	0.02511	0.02482	0.01855	0.02621	0.01549	0.02081	0.01283	0.00754	0.00824	0.00251	0.01006	0.00740	0.00405	0.01254
6	0.02083	0.11059	0.44067	0.02214	0.03188	0.18500	0.02534	0.02788	0.01898	0.02412	0.01405	0.01647	0.01058	0.00798	0.00753	0.00242	0.01261	0.00577	0.00371	0.01145
7	0.01569	0.01477	0.02492	0.68808	0.05722	0.01846	0.02307	0.02123	0.01661	0.02123	0.01477	0.02215	0.01107	0.00831	0.00831	0.00277	0.01107	0.00738	0.00369	0.00923
8	0.01203	0.00827	0.01014	0.01014	0.01051	0.00864	0.00638	0.01277	0.01240	0.01690	0.02519	0.04892	0.02784	0.54614	0.20095	0.00938	0.01161	0.01128	0.00489	0.00563
9	0.03103	0.03959	0.02354	0.02140	0.02568	0.67469	0.01605	0.03317	0.02354	0.02033	0.01284	0.01498	0.01070	0.00856	0.00749	0.00214	0.01498	0.00535	0.00428	0.00963
10	0.01810	0.01492	0.01688	0.01634	0.02005	0.01675	0.01323	0.03464	0.42168	0.03126	0.03740	0.05313	0.03328	0.01539	0.00952	0.00317	0.00695	0.21792	0.00817	0.01121
11	0.02221	0.71304	0.04353	0.01421	0.02132	0.03287	0.01421	0.02488	0.01688	0.01955	0.01155	0.01333	0.01066	0.00711	0.00533	0.00178	0.00888	0.00444	0.00355	0.01066
12	0.01532	0.01106	0.01466	0.01374	0.01608	0.01257	0.01081	0.11221	0.01779	0.02559	0.02234	0.03048	0.01977	0.04916	0.50771	0.01058	0.01848	0.00857	0.07458	0.00851
13	0.03103	0.03959	0.02354	0.02140	0.02568	0.67469	0.01605	0.03317	0.02354	0.02033	0.01284	0.01498	0.01070	0.00856	0.00749	0.00214	0.01498	0.00535	0.00428	0.00963
14	0.01083	0.00753	0.00943	0.01067	0.01098	0.00722	0.00675	0.01175	0.01453	0.01937	0.03874	0.46969	0.04605	0.27109	0.02199	0.00506	0.00598	0.01947	0.00675	0.00613
15	0.01187	0.00890	0.01335	0.01335	0.01483	0.01038	0.01038	0.01483	0.01335	0.01928	0.02225	0.03264	0.02077	0.06231	0.67512	0.01335	0.02225	0.00890	0.00445	0.00742
16	0.02056	0.01974	0.03372	0.05099	0.65622	0.01974	0.02550	0.02550	0.01892	0.02714	0.01563	0.02056	0.01316	0.00740	0.00822	0.00247	0.00987	0.00740	0.00411	0.01316
17	0.01723	0.01477	0.01723	0.01230	0.01969	0.01107	0.00984	0.02092	0.01723	0.02707	0.01477	0.01723	0.01230	0.00615	0.00615	0.00123	0.00615	0.00492	0.00492	0.75883
18	0.02056	0.01974	0.03372	0.05099	0.65622	0.01974	0.02550	0.02550	0.01892	0.02714	0.01563	0.02056	0.01316	0.00740	0.00822	0.00247	0.00987	0.00740	0.00411	0.01316
19	0.03439	0.01877	0.02214	0.01698	0.02352	0.01908	0.01402	0.33856	0.03152	0.35296	0.02627	0.02405	0.01730	0.01013	0.00833	0.00253	0.00812	0.00791	0.00928	0.01413
20	0.01630	0.06780	0.43769	0.02215	0.03175	0.01799	0.08817	0.02401	0.01803	0.02551	0.02403	0.03204	0.06711	0.01063	0.00855	0.00276	0.01108	0.07887	0.00442	0.01110
21	0.01012	0.00723	0.00964	0.01157	0.01205	0.00675	0.00771	0.01157	0.01591	0.02121	0.04579	0.70262	0.05495	0.02603	0.01060	0.00337	0.00482	0.02362	0.00771	0.00675
22	0.01127	0.00847	0.01043	0.00994	0.01211	0.00763	0.00746	0.01474	0.02237	0.03059	0.50951	0.06654	0.22242	0.01800	0.00980	0.00266	0.00399	0.01565	0.00879	0.00763
23	0.01682	0.03503	0.48256	0.02047	0.03137	0.01698	0.02482	0.02479	0.01745	0.02652	0.01487	0.01745	0.01103	0.00740	0.00740	0.00224	0.01055	0.00580	0.00391	0.22254
24	0.01012	0.00723	0.00964	0.01157	0.01205	0.00675	0.00771	0.01157	0.01591	0.02121	0.04579	0.70262	0.05495	0.02603	0.01060	0.00337	0.00482	0.02362	0.00771	0.00675
25	0.02056	0.01974	0.03372	0.05099	0.65622	0.01974	0.02550	0.02550	0.01892	0.02714	0.01563	0.02056	0.01316	0.00740	0.00822	0.00247	0.00987	0.00740	0.00411	0.01316
26	0.01939	0.01854	0.03160	0.20455	0.51184	0.01943	0.02491	0.02447	0.01836	0.02571	0.01542	0.02094	0.01266	0.00762	0.00824	0.00254	0.01016	0.00740	0.00401	0.01221
27	0.26768	0.02142	0.20946	0.01449	0.02065	0.01481	0.01501	0.02125	0.01766	0.03078	0.15310	0.07115	0.08797	0.01201	0.00770	0.00267	0.00738	0.00952	0.00586	0.00943
28	0.05538	0.16459	0.03015	0.02836	0.21135	0.29236	0.01832	0.02820	0.01990	0.02287	0.01326	0.01642	0.01136	0.00821	0.00824	0.00226	0.04801	0.00585	0.00409	0.01083
29	0.03103	0.03959	0.02354	0.02140	0.02568	0.67469	0.01605	0.03317	0.02354	0.02033	0.01284	0.01498	0.01070	0.00856	0.00749	0.00214	0.01498	0.00535	0.00428	0.00963
30	0.02117	0.44663	0.03356	0.01499	0.02048	0.09287	0.01359	0.05318	0.01784	0.02118	0.01458	0.01831	0.01318	0.02022	0.16129	0.00454	0.01263	0.00572	0.00407	0.00997
31	0.01080	0.00912	0.00945	0.00948	0.01222	0.00819	0.00706	0.01472	0.07336	0.02340	0.07581	0.13926	0.53657	0.02069	0.00978	0.00286	0.00448	0.01744	0.00778	0.00753
32	0.01197	0.00850	0.01134	0.01134	0.01212	0.00929	0.00787	0.01354	0.01275	0.01779	0.02409	0.04284	0.02520	0.36558	0.37790	0.01086	0.01558	0.01039	0.00472	0.00630
33	0.01195	0.00807	0.00902	0.00902	0.00918	0.00800	0.00510	0.01207	0.01246	0.01646	0.02941	0.05579	0.06491	0.66975	0.04047	0.00776	0.00784	0.01238	0.00518	0.00514
34	0.01208	0.00805	0.00906	0.00906	0.00906	0.00805	0.00503	0.01208	0.01208	0.01611	0.02618	0.05436	0.03020	0.70804	0.04228	0.00805	0.00805	0.01208	0.00503	0.00503
35	0.01187	0.00890	0.01335	0.01335	0.01483	0.01038	0.01038	0.01483	0.01335	0.01928	0.02225	0.03264	0.02077	0.06231	0.67512	0.01335	0.02225	0.00890	0.00445	0.00742
36	0.02056	0.01974	0.03372	0.05099	0.65622	0.01974	0.02550	0.02550	0.01892	0.02714	0.01563	0.02056	0.01316	0.00740	0.00822	0.00247	0.00987	0.00740	0.00411	0.01316
37	0.01921	0.02122	0.04241	0.03131	0.03736	0.02225	0.45555	0.02475	0.01768	0.02475	0.01515	0.02122	0.01213	0.00912	0.01470	0.00304	0.20441	0.00909	0.00404	0.01061
38	0.02056	0.01974	0.03372	0.05099	0.65622	0.01974	0.02550	0.02550	0.01892	0.02714	0.01563	0.02056	0.01316	0.00740	0.00822	0.00247	0.00987	0.00740	0.00411	0.01316
39	0.02056	0.01974	0.03372	0.05099	0.65622	0.01974	0.02550	0.02550	0.01892	0.02714	0.01563	0.02056	0.01316	0.00740	0.00822	0.00247	0.00987	0.00740	0.00411	0.01316
40	0.01187	0.00890	0.01335	0.01335	0.01483	0.01038	0.01038	0.01483	0.01335	0.01928	0.02225	0.03264	0.02077	0.06231	0.67512	0.01335	0.02225	0.00890	0.00445	0.00742
41	0.00985	0.00829	0.00855	0.00876	0.01131	0.00698	0.00646	0.01188	0.01861	0.02231	0.07999	0.14757	0.58792	0.02158	0.00990	0.00287	0.00427	0.01819	0.00771	0.00698
42	0.01208	0.00805	0.00906	0.00906	0.00906	0.00805	0.00503	0.01208	0.01208	0.01611	0.02618	0.05436	0.03020	0.70804	0.04228	0.00805	0.00805	0.01208	0.00503	0.00503
43	0.03007	0.11273	0.02571	0.02062	0.02521	0.60499	0.01585	0.03227	0.02282	0.02025	0.01270	0.01480	0.01070	0.00840	0.00726	0.00210	0.01432	0.00525	0.00420	0.00974
44	0.01187	0.00890	0.01335	0.01335	0.01483	0.01038	0.01038	0.01483	0.01335	0.01928	0.02225	0.03264	0.02077	0.06231	0.67512	0.01335	0.02225	0.00890	0.00445	0.00742
45	0.01976	0.03752	0.42991	0.02910	0.16574	0.12294	0.02728	0.02722	0.01878	0.02554	0.01473	0.01778	0.01111	0.00789	0.00790	0.00252	0.01219	0.00628	0.00376	0.01205
46	0.02005	0.01723	0.01825	0.01660	0.02105	0.01985	0.01283	0.04225	0.60484	0.03396	0.03451	0.07006	0.02708	0.01213	0.00858	0.00285	0.00647	0.01022	0.00841	0.01278
47	0.01079	0.00757	0.00965	0.01082	0.01134	0.00719	0.00705	0.01214	0.01577	0.02124	0.10669	0.47052	0.05129	0.19604	0.01846	0.00446	0.00553	0.01979	0.00720	0.00644
48	0.02040	0.25464	0.02794	0.01909	0.08873	0.15333	0.01432	0.02308	0.01879	0.02191	0.06221	0.03064	0.13978	0.01146	0.00944	0.00236	0.07891	0.00838	0.00489	0.00970
49	0.01208	0.00805	0.00906	0.00906	0.00906	0.00805	0.00503	0.01208	0.01208	0.01611	0.02618	0.05436	0.03020	0.70804	0.04228	0.00805	0.00805	0.01208	0.00503	0.00503
50	0.01666	0.04297	0.66500	0.02368	0.03596	0.01929	0.03069	0.02631	0.01754	0.02631	0.01491	0.01754	0.01052	0.00789	0.00789	0.00263	0.01228	0.00614	0.00351	0.01228
51	0.03216	0.02234	0.02435	0.01867	0.02530	0.02438	0.01542	0.56844	0.03750	0.11464	0.02126	0.02080	0.01479	0.01000	0.00831	0.00250	0.00893	0.00757	0.00851	0.01413
52	0.01117	0.00804	0.01058	0.01085	0.01228	0.00745	0.00779	0.01420	0.02078	0.02896	0.43407	0.29223	0.06996	0.02023	0.01009	0.00289	0.00424	0.01811	0.00863	0.00745
53	0.02056	0.01974	0.03372	0.05099	0.65622	0.01974	0.02550	0.02550	0.01892	0.02714	0.01563	0.02056	0.01316	0.00740	0.00822	0.00247	0.00987	0.00740	0.00411	0.01316
54	0.01818	0.01818	0.02545	0.02181	0.02181	0.02545	0.01818	0.01999	0.01272	0.01999	0.01091	0.01818	0.01091	0.01454	0.02726	0.00364	0.69284	0.00727	0.00364	0.00909
55	0.01208	0.00805	0.00906	0.00906	0.00906	0.00805	0.00503	0.01208	0.01208	0.01611	0.02618	0.05436	0.03020	0.70804	0.04228	0.00805	0.00805	0.01208	0.00503	0.00503
56	0.02221	0.71304	0.04353	0.01421	0.02132	0.03287	0.01421	0.02488	0.01688	0.01955	0.01155	0.01333	0.01066	0.00711	0.00533	0.00178	0.00888	0.00444	0.00355	0.01066
57	0.02131	0.02406	0.01711	0.01580	0.01962	0.30622	0.01194	0.02749	0.13940	0.02385	0.04290	0.04177	0.24817	0.01364	0.00852	0.00251	0.00944	0.01057	0.00633	0.00934
58	0.01208	0.00805	0.00906	0.00906	0.00906	0.00805	0.00503	0.01208	0.01208	0.01611	0.02618	0.05436	0.03020	0.70804	0.04228	0.00805	0.00805	0.01208	0.00503	0.00503
59	0.03040	0.03854	0.02364	0.02142	0.02549	0.64265	0.01616	0.03252	0.02301	0.02031	0.01275	0.01514	0.01071	0.00886	0.00847	0.00221	0.04844	0.00545	0.00425	0.00960
60	0.01026	0.00754	0.00963	0.01099	0.01197	0.00691	0.00752	0.01209	0.01721	0.02277	0.12053	0.53981	0.14371	0.02428	0.01040	0.00321	0.00463	0.02176	0.00788	0.00691
61	0.06923	0.02051	0.02196	0.01681	0.02333	0.02166	0.01380	0.44719	0.03237	0.04554	0.01873	0.01949	0.01377	0.00907	0.00759	0.00222	0.00817	0.00681	0.03839	0.16335
62	0.01208	0.00805	0.00906	0.00906	0.00906	0.00805	0.00503	0.01208	0.01208	0.01611	0.02618	0.05436	0.03020	0.70804	0.04228	0.00805	0.00805	0.01208	0.00503	0.00503
63	0.01187	0.00890	0.01335	0.01335	0.01483	0.01038	0.01038	0.01483	0.01335	0.01928	0.02225	0.03264	0.02077	0.06231	0.67512	0.01335	0.02225	0.00890	0.00445	0.00742
64	0.01345	0.01198	0.02144	0.01861	0.02169	0.01130	0.18272	0.01707	0.01821	0.02451	0.09928	0.35458	0.04435	0.01928	0.01043	0.00320	0.00774	0.10504	0.00686	0.00825
65	0.02529	0.02871	0.02912	0.03762	0.37132	0.31568	0.02123	0.02896	0.02101	0.02406	0.01437	0.01804	0.01205	0.00793	0.00789	0.00232	0.01218	0.00647	0.00419	0.01156
66	0.01443	0.00722	0.01082	0.01082	0.01082	0.00722	0.00722	0.01082	0.01082	0.01443	0.01443	0.02525	0.01443	0.02886	0.03247	0.75830	0.00722	0.00722	0.00361	0.00361
67	0.02114	0.02085	0.03315	0.04934	0.62108	0.05624	0.02497	0.02592	0.01917	0.02676	0.01547	0.02025	0.01302	0.00747	0.00818	0.00245	0.01015	0.00729	0.00412	0.01296
68	0.76672	0.01607	0.01221	0.01092	0.01607	0.01864	0.00900	0.02442	0.01414	0.03727	0.01157	0.01350	0.00900	0.00771	0.00514	0.00257	0.00643	0.00450	0.00514	0.00900
69	0.01012	0.00723	0.00964	0.01157	0.01205	0.00675	0.00771	0.01157	0.01591	0.02121	0.04579	0.70262	0.05495	0.02603	0.01060	0.00337	0.00482	0.02362	0.00771	0.00675
70	0.00988	0.00818	0.00865	0.00903	0.01138	0.00696	0.00658	0.01185	0.01835	0.02220	0.07669	0.20117	0.53645	0.02201	0.00997	0.00292	0.00433	0.01872	0.00771	0.00696
71	0.01750	0.17348	0.50758	0.02126	0.03194	0.02150	0.02636	0.02541	0.01719	0.02460	0.01464	0.01751	0.01110	0.01064	0.04292	0.00303	0.01214	0.00595	0.00357	0.01170
72	0.01504	0.00947	0.01152	0.01106	0.01307	0.01028	0.00847	0.06491	0.01712	0.02692	0.02445	0.03211	0.02101	0.07068	0.28856	0.00710	0.01222	0.00845	0.33960	0.00796
73	0.01957	0.03075	0.26331	0.02520	0.05806	0.12158	0.17556	0.02597	0.01894	0.02531	0.01668	0.05408	0.01373	0.00847	0.00824	0.00245	0.01186	0.00775	0.00423	0.10825
74	0.01868	0.01793	0.02552	0.02872	0.21369	0.06794	0.07767	0.02390	0.05317	0.02552	0.02316	0.03846	0.02197	0.01406	0.03696	0.00322	0.06688	0.15029	0.00529	0.08698
75	0.31195	0.06157	0.11506	0.05587	0.15156	0.05863	0.01754	0.08701	0.01896	0.03243	0.01395	0.01666	0.01087	0.00795	0.00679	0.00249	0.00910	0.00581	0.00481	0.01097

[dist]
# distance from previous block
# <min> <max>
19	43

[block]
# block no. 3 follows, 22 sequences, length 24
# corresponding to MSA columns:
# 403-426
name=unknown_D
#
# <colnr> <probs for GDERKNQSTAVLIFYWHMCP>
#	G	D	E	R	K	N	Q	S	T	A	V	L	I	F	Y	W	H	M	C	P
0	0.24909	0.01446	0.01305	0.04007	0.01704	0.04900	0.00953	0.07433	0.06021	0.03212	0.03369	0.03442	0.15829	0.01164	0.00709	0.00248	0.00626	0.00889	0.16929	0.00904
1	0.18489	0.02936	0.08137	0.01775	0.02254	0.35113	0.01479	0.02725	0.01932	0.02450	0.01674	0.01981	0.03559	0.01635	0.10115	0.00388	0.01350	0.00620	0.00454	0.00934
2	0.06862	0.06897	0.05643	0.01963	0.02497	0.40168	0.01590	0.11695	0.07307	0.05413	0.01630	0.01746	0.01265	0.00889	0.00750	0.00229	0.01225	0.00604	0.00540	0.01089
3	0.01137	0.00775	0.00995	0.01048	0.01167	0.00714	0.00732	0.01234	0.01703	0.02250	0.17487	0.27945	0.18103	0.02367	0.01518	0.17300	0.00504	0.01679	0.00709	0.00633
4	0.02405	0.03259	0.16604	0.02910	0.18224	0.27765	0.02176	0.05373	0.02066	0.02463	0.01408	0.01744	0.01143	0.00880	0.00980	0.00249	0.08180	0.00631	0.00418	0.01121
5	0.08417	0.09942	0.04727	0.01608	0.02129	0.08880	0.01367	0.18868	0.06558	0.07433	0.03045	0.03039	0.13269	0.01173	0.00926	0.00255	0.05734	0.00866	0.00660	0.01102
6	0.01084	0.00777	0.00990	0.01072	0.01168	0.00725	0.00729	0.01281	0.01767	0.02395	0.21500	0.39556	0.09292	0.11927	0.01479	0.00379	0.00499	0.01923	0.00774	0.00683
7	0.01140	0.00862	0.00943	0.00960	0.01101	0.00817	0.00636	0.01373	0.05018	0.02031	0.05183	0.15430	0.27467	0.30714	0.02337	0.00507	0.00603	0.01567	0.00664	0.00649
8	0.02323	0.02108	0.02143	0.02349	0.15855	0.14994	0.01514	0.14042	0.11083	0.03211	0.02212	0.05169	0.01804	0.00992	0.00772	0.00238	0.00882	0.00804	0.16383	0.01122
9	0.02123	0.02132	0.03190	0.03402	0.26847	0.08744	0.17253	0.09738	0.02201	0.02867	0.02581	0.02874	0.10299	0.00965	0.00878	0.00257	0.01056	0.00923	0.00517	0.01155
10	0.01000	0.00769	0.00916	0.01034	0.01173	0.00685	0.00717	0.01171	0.01708	0.02169	0.06069	0.46080	0.28715	0.02409	0.01030	0.00315	0.00458	0.02125	0.00771	0.00685
11	0.02100	0.51509	0.15891	0.01983	0.09041	0.02896	0.01848	0.02521	0.01722	0.02161	0.01260	0.01487	0.01090	0.00729	0.00611	0.00201	0.00962	0.00507	0.00360	0.01122
12	0.20621	0.02392	0.25096	0.01555	0.02276	0.01559	0.01670	0.02412	0.05385	0.07067	0.03412	0.03403	0.17647	0.01158	0.00775	0.00267	0.00805	0.00898	0.00574	0.01027
13	0.01012	0.00723	0.00964	0.01157	0.01205	0.00675	0.00771	0.01157	0.01591	0.02121	0.04579	0.70262	0.05495	0.02603	0.01060	0.00337	0.00482	0.02362	0.00771	0.00675
14	0.01187	0.00890	0.01335	0.01335	0.01483	0.01038	0.01038	0.01483	0.01335	0.01928	0.02225	0.03264	0.02077	0.06231	0.67512	0.01335	0.02225	0.00890	0.00445	0.00742
15	0.12227	0.01943	0.16011	0.01528	0.02050	0.01461	0.01441	0.08076	0.07642	0.05431	0.03320	0.24288	0.08202	0.01540	0.00865	0.00288	0.00734	0.01299	0.00663	0.00993
16	0.11300	0.23544	0.11739	0.01607	0.02302	0.02338	0.01550	0.18196	0.02303	0.08349	0.02099	0.04752	0.04673	0.00975	0.00713	0.00236	0.00859	0.00722	0.00590	0.01153
