[name]
unknown

[dist]
# distance from previous block
# <min> <max>
0	11

[block]
# block no. 0 follows, 21 sequences, length 71
# corresponding to MSA columns:
# 11-81
name=unknown_A
#
# <colnr> <probs for GDERKNQSTAVLIFYWHMCP>
#	G	D	E	R	K	N	Q	S	T	A	V	L	I	F	Y	W	H	M	C	P
0	0.02050	0.02722	0.23802	0.05447	0.13065	0.01914	0.05112	0.13763	0.02254	0.03192	0.01902	0.02610	0.01560	0.00948	0.00841	0.00257	0.01034	0.05748	0.00523	0.11255
1	0.02198	0.21610	0.28749	0.02160	0.05634	0.14261	0.02207	0.05614	0.02035	0.02566	0.04449	0.01879	0.01450	0.00853	0.00744	0.00235	0.01148	0.00624	0.00430	0.01155
2	0.02458	0.27592	0.17411	0.02172	0.06914	0.21106	0.01977	0.06664	0.02101	0.02450	0.01382	0.01605	0.01130	0.00810	0.00708	0.00222	0.01176	0.00561	0.00420	0.01139
3	0.02611	0.29450	0.03083	0.01708	0.02284	0.18528	0.01462	0.16506	0.02408	0.02876	0.01585	0.01804	0.01310	0.01215	0.04947	0.00286	0.01127	0.00601	0.05098	0.01109
4	0.17360	0.09075	0.02190	0.01573	0.02106	0.02189	0.01310	0.29644	0.02652	0.03962	0.01857	0.02134	0.01465	0.01951	0.13137	0.00456	0.01106	0.00700	0.03988	0.01145
5	0.06982	0.25785	0.20533	0.01916	0.02714	0.15386	0.01949	0.10609	0.02167	0.02766	0.01418	0.01609	0.01125	0.00823	0.00702	0.00228	0.01118	0.00563	0.00452	0.01153
6	0.05931	0.34286	0.03321	0.07503	0.02661	0.25895	0.01586	0.05679	0.02069	0.02290	0.01301	0.01538	0.01107	0.00809	0.00666	0.00211	0.01144	0.00530	0.00423	0.01051
7	0.02201	0.01638	0.01802	0.01508	0.01955	0.01727	0.01195	0.32844	0.03046	0.04054	0.13638	0.12782	0.14881	0.01566	0.00936	0.00275	0.00697	0.01302	0.00846	0.01107
8	0.01820	0.07332	0.01700	0.01281	0.01639	0.01527	0.00991	0.18937	0.02372	0.03070	0.07069	0.10474	0.20736	0.15415	0.01598	0.00381	0.00702	0.01311	0.00722	0.00923
9	0.01973	0.01324	0.01547	0.01261	0.01740	0.01194	0.00974	0.07665	0.04324	0.12624	0.03563	0.03967	0.14354	0.11738	0.05586	0.00382	0.00771	0.00993	0.00692	0.23332
10	0.01382	0.01035	0.01283	0.01209	0.01232	0.01194	0.00825	0.01464	0.01293	0.01845	0.02349	0.04533	0.02579	0.47873	0.08017	0.00733	0.14362	0.01090	0.05070	0.00632
11	0.02689	0.02068	0.02259	0.01720	0.02411	0.02123	0.01404	0.38938	0.07295	0.04413	0.01970	0.02031	0.01465	0.00905	0.00782	0.00216	0.00821	0.00696	0.00741	0.25053
12	0.01601	0.01095	0.01229	0.01146	0.01393	0.01079	0.00826	0.10737	0.01981	0.02849	0.03419	0.21216	0.07101	0.15224	0.01537	0.00370	0.00612	0.01347	0.17980	0.07257
13	0.01777	0.03911	0.51539	0.02696	0.03861	0.02017	0.16796	0.02702	0.01846	0.02702	0.01573	0.01913	0.01128	0.00787	0.00854	0.00274	0.01299	0.00716	0.00376	0.01232
14	0.02158	0.02836	0.15276	0.18769	0.20187	0.17062	0.02355	0.02825	0.05748	0.02504	0.01614	0.02016	0.01262	0.00843	0.00822	0.00258	0.01191	0.00696	0.00430	0.01149
15	0.02071	0.43212	0.23806	0.01965	0.02873	0.02813	0.07746	0.02611	0.01777	0.02290	0.01343	0.01590	0.01107	0.00752	0.00673	0.00220	0.01070	0.00562	0.00369	0.01150
16	0.01177	0.01067	0.01007	0.00982	0.01264	0.04935	0.00736	0.01424	0.02048	0.02471	0.17452	0.07460	0.50991	0.02004	0.00990	0.00280	0.00496	0.01674	0.00792	0.00750
17	0.02612	0.01772	0.02010	0.01642	0.02102	0.01920	0.01304	0.37857	0.02984	0.07061	0.02201	0.06469	0.01807	0.01760	0.04437	0.15223	0.00899	0.00875	0.03939	0.01126
18	0.03170	0.03148	0.02463	0.02481	0.11679	0.41897	0.01695	0.03457	0.02347	0.16943	0.01834	0.01936	0.01369	0.00901	0.00799	0.00234	0.01269	0.00651	0.00579	0.01147
19	0.01030	0.00769	0.00958	0.01110	0.01215	0.00698	0.00757	0.01193	0.01702	0.02202	0.05607	0.55233	0.19341	0.02547	0.01067	0.00332	0.00479	0.02274	0.00790	0.00698
20	0.01216	0.00912	0.01368	0.01368	0.01520	0.01064	0.01064	0.01520	0.01368	0.01976	0.02279	0.03343	0.02127	0.06382	0.66720	0.01368	0.02279	0.00912	0.00456	0.00760
21	0.01953	0.01866	0.03178	0.24499	0.46705	0.01982	0.02536	0.02478	0.01865	0.02594	0.01574	0.02156	0.01282	0.00787	0.00845	0.00262	0.01049	0.00758	0.00408	0.01224
22	0.02106	0.02022	0.03454	0.05223	0.64784	0.02022	0.02612	0.02612	0.01938	0.02780	0.01601	0.02106	0.01348	0.00758	0.00842	0.00253	0.01011	0.00758	0.00421	0.01348
23	0.02275	0.70604	0.04459	0.01456	0.02184	0.03367	0.01456	0.02548	0.01729	0.02002	0.01183	0.01365	0.01092	0.00728	0.00546	0.00182	0.00910	0.00455	0.00364	0.01092
24	0.02719	0.14750	0.02849	0.02019	0.02460	0.25379	0.01657	0.16578	0.02398	0.02825	0.01415	0.01702	0.01182	0.01031	0.01233	0.00258	0.17309	0.00630	0.00506	0.01099
25	0.01216	0.00912	0.01368	0.01368	0.01520	0.01064	0.01064	0.01520	0.01368	0.01976	0.02279	0.03343	0.02127	0.06382	0.66720	0.01368	0.02279	0.00912	0.00456	0.00760
26	0.01371	0.00980	0.01371	0.01567	0.01763	0.00980	0.01371	0.01763	0.01959	0.02547	0.04506	0.09599	0.04898	0.02351	0.01175	0.00392	0.00784	0.59056	0.00784	0.00784
27	0.02106	0.02022	0.03454	0.05223	0.64784	0.02022	0.02612	0.02612	0.01938	0.02780	0.01601	0.02106	0.01348	0.00758	0.00842	0.00253	0.01011	0.00758	0.00421	0.01348
28	0.01780	0.01742	0.02450	0.02125	0.02144	0.02412	0.01761	0.01981	0.01311	0.02039	0.01264	0.02049	0.01245	0.02107	0.10866	0.00498	0.60167	0.00766	0.00383	0.00909
29	0.01586	0.00793	0.00793	0.00793	0.00991	0.00793	0.00595	0.01983	0.01785	0.03173	0.02776	0.03173	0.02181	0.00991	0.00595	0.00198	0.00397	0.00793	0.74817	0.00793
30	0.01332	0.01117	0.01443	0.01402	0.01490	0.01299	0.01061	0.01512	0.01577	0.02192	0.04128	0.28340	0.15561	0.06258	0.01762	0.00362	0.21372	0.01604	0.05424	0.00766
31	0.01204	0.00870	0.01138	0.01071	0.01271	0.00803	0.00803	0.01606	0.02409	0.03413	0.64335	0.06357	0.08030	0.01740	0.01004	0.00268	0.00401	0.01539	0.00937	0.00803
32	0.02296	0.02111	0.02969	0.19842	0.32786	0.06496	0.02273	0.15195	0.02351	0.03134	0.01654	0.02094	0.01299	0.00845	0.00841	0.00259	0.01061	0.00745	0.00503	0.01245
33	0.02824	0.30198	0.03216	0.01903	0.02455	0.41807	0.01570	0.03064	0.02144	0.02051	0.01263	0.01468	0.01095	0.00818	0.00680	0.00205	0.01289	0.00512	0.00409	0.01028
34	0.02316	0.02471	0.02432	0.02111	0.02295	0.21051	0.01687	0.07391	0.01845	0.02308	0.01358	0.02033	0.01272	0.05915	0.02148	0.00349	0.38891	0.00723	0.00441	0.00962
35	0.01006	0.00862	0.00862	0.00862	0.01149	0.00718	0.00647	0.01221	0.01940	0.02299	0.08621	0.08190	0.64438	0.02155	0.01006	0.00287	0.00431	0.01796	0.00790	0.00718
36	0.01726	0.04268	0.61818	0.02500	0.03732	0.01988	0.06875	0.02697	0.01810	0.02697	0.01540	0.01828	0.01092	0.00803	0.00821	0.00271	0.01269	0.00653	0.00364	0.01251
37	0.01765	0.01513	0.01765	0.01260	0.02017	0.01134	0.01008	0.02143	0.01765	0.02773	0.01513	0.01765	0.01260	0.00630	0.00630	0.00126	0.00630	0.00504	0.00504	0.75295
38	0.01006	0.00862	0.00862	0.00862	0.01149	0.00718	0.00647	0.01221	0.01940	0.02299	0.08621	0.08190	0.64438	0.02155	0.01006	0.00287	0.00431	0.01796	0.00790	0.00718
39	0.03213	0.01641	0.06214	0.01530	0.02197	0.01307	0.01330	0.06121	0.02394	0.46846	0.08618	0.02996	0.02473	0.01058	0.00844	0.00251	0.00731	0.00866	0.00934	0.08435
40	0.01037	0.00741	0.00987	0.01185	0.01234	0.00691	0.00790	0.01185	0.01629	0.02172	0.04690	0.69537	0.05629	0.02666	0.01086	0.00346	0.00494	0.02419	0.00790	0.00691
41	0.02147	0.46860	0.23139	0.01792	0.02667	0.06205	0.01984	0.02637	0.01785	0.02219	0.01296	0.01506	0.01088	0.00760	0.00638	0.00211	0.01049	0.00513	0.00366	0.01137
42	0.02204	0.36832	0.16598	0.02150	0.03009	0.02664	0.15823	0.02727	0.01856	0.06597	0.01524	0.01772	0.01204	0.00764	0.00726	0.00229	0.01089	0.00645	0.00425	0.01162
43	0.01707	0.04402	0.65683	0.02426	0.03683	0.01976	0.03144	0.02695	0.01797	0.02695	0.01527	0.01797	0.01078	0.00809	0.00809	0.00270	0.01258	0.00629	0.00359	0.01258
44	0.01121	0.00867	0.01022	0.00983	0.01220	0.00767	0.00737	0.01444	0.02212	0.02944	0.40895	0.07128	0.31762	0.01915	0.01005	0.00276	0.00414	0.01647	0.00875	0.00767
45	0.01862	0.01862	0.02607	0.02234	0.02234	0.02607	0.01862	0.02048	0.01303	0.02048	0.01117	0.01862	0.01117	0.01489	0.02793	0.00372	0.68535	0.00745	0.00372	0.00931
46	0.01198	0.01057	0.00976	0.00962	0.01192	0.04946	0.00680	0.01364	0.01806	0.02134	0.06771	0.07155	0.46099	0.17914	0.01766	0.00408	0.00593	0.01586	0.00704	0.00688
47	0.01035	0.00748	0.00979	0.01164	0.01229	0.00693	0.00781	0.01187	0.01649	0.02180	0.04941	0.65628	0.09375	0.02634	0.01081	0.00342	0.00490	0.02380	0.00790	0.00693
48	0.02356	0.02496	0.03211	0.04517	0.50292	0.17097	0.02386	0.02795	0.02048	0.02618	0.01534	0.01973	0.01289	0.00786	0.00825	0.00245	0.01133	0.00709	0.00425	0.01264
49	0.01973	0.01964	0.03103	0.29911	0.34517	0.06150	0.05236	0.02494	0.01878	0.02492	0.01553	0.02143	0.01244	0.00801	0.00849	0.00264	0.01114	0.00755	0.00406	0.01155
50	0.01737	0.03401	0.43022	0.02907	0.17625	0.01839	0.02724	0.02538	0.01907	0.02806	0.09476	0.02445	0.02019	0.00914	0.00841	0.00265	0.01092	0.00774	0.00447	0.01221
51	0.01725	0.04294	0.62866	0.02552	0.06449	0.01978	0.03120	0.02691	0.01803	0.02699	0.01531	0.01811	0.01090	0.00806	0.00810	0.00269	0.01247	0.00635	0.00362	0.01262
52	0.16644	0.02571	0.17934	0.02555	0.03271	0.02153	0.24018	0.02539	0.01707	0.02801	0.01449	0.01911	0.01133	0.00907	0.01221	0.00295	0.14627	0.00757	0.00421	0.01085
53	0.01787	0.05603	0.11004	0.02794	0.15369	0.01796	0.16145	0.02337	0.01981	0.02817	0.16188	0.03021	0.02823	0.01018	0.01006	0.00260	0.05266	0.00945	0.00537	0.07303
54	0.02444	0.01991	0.02109	0.01798	0.02338	0.02270	0.01426	0.21340	0.45895	0.04088	0.03048	0.02844	0.02261	0.01116	0.00862	0.00279	0.00751	0.00905	0.00862	0.01376
55	0.01238	0.00825	0.00928	0.00928	0.00928	0.00825	0.00516	0.01238	0.01238	0.01650	0.02681	0.05569	0.03094	0.70092	0.04331	0.00825	0.00825	0.01238	0.00516	0.00516
56	0.02251	0.02296	0.03314	0.04815	0.56402	0.10741	0.02481	0.02718	0.02002	0.02686	0.01562	0.02029	0.01314	0.00774	0.00832	0.00248	0.01082	0.00730	0.00424	0.01299
57	0.01037	0.00741	0.00987	0.01185	0.01234	0.00691	0.00790	0.01185	0.01629	0.02172	0.04690	0.69537	0.05629	0.02666	0.01086	0.00346	0.00494	0.02419	0.00790	0.00691
58	0.07679	0.02197	0.02185	0.01818	0.02387	0.06317	0.01455	0.29469	0.29358	0.04276	0.02555	0.02457	0.01888	0.01055	0.00830	0.00268	0.00841	0.00817	0.00810	0.01340
59	0.02030	0.42003	0.30910	0.01875	0.02832	0.02766	0.02185	0.02612	0.01758	0.02302	0.01332	0.01552	0.01086	0.00763	0.00659	0.00220	0.01060	0.00530	0.00362	0.01164
60	0.01006	0.00862	0.00862	0.00862	0.01149	0.00718	0.00647	0.01221	0.01940	0.02299	0.08621	0.08190	0.64438	0.02155	0.01006	0.00287	0.00431	0.01796	0.00790	0.00718
61	0.01037	0.00741	0.00987	0.01185	0.01234	0.00691	0.00790	0.01185	0.01629	0.02172	0.04690	0.69537	0.05629	0.02666	0.01086	0.00346	0.00494	0.02419	0.00790	0.00691
62	0.01941	0.02702	0.22308	0.09819	0.41086	0.01997	0.02752	0.02599	0.01874	0.02702	0.01571	0.02026	0.01247	0.00782	0.00833	0.00261	0.01097	0.00719	0.00399	0.01286
63	0.03187	0.02360	0.02527	0.01948	0.02621	0.02616	0.01606	0.59456	0.06571	0.05285	0.02105	0.02092	0.01497	0.01027	0.00852	0.00257	0.00925	0.00775	0.00852	0.01443
64	0.01037	0.00741	0.00987	0.01185	0.01234	0.00691	0.00790	0.01185	0.01629	0.02172	0.04690	0.69537	0.05629	0.02666	0.01086	0.00346	0.00494	0.02419	0.00790	0.00691
65	0.01736	0.07816	0.62526	0.02376	0.03606	0.02048	0.03057	0.02687	0.01793	0.02659	0.01509	0.01774	0.01079	0.00804	0.00795	0.00265	0.01240	0.00620	0.00360	0.01249
66	0.02541	0.02803	0.02432	0.15257	0.08787	0.30906	0.01805	0.05997	0.15800	0.02641	0.01890	0.02117	0.01476	0.00929	0.00816	0.00252	0.01191	0.00710	0.00539	0.01112
67	0.01736	0.01787	0.06651	0.03067	0.30796	0.01500	0.01804	0.02176	0.01888	0.02658	0.03254	0.03461	0.16398	0.01066	0.00830	0.00233	0.00800	0.00938	0.00525	0.18433
68	0.02080	0.02176	0.07472	0.05043	0.60839	0.02019	0.02646	0.02617	0.01929	0.02775	0.01596	0.02086	0.01331	0.00761	0.00840	0.00254	0.01027	0.00750	0.00417	0.01342
69	0.01784	0.03864	0.50190	0.02722	0.03878	0.02021	0.18097	0.02703	0.01851	0.02703	0.01577	0.01924	0.01132	0.00785	0.00859	0.00274	0.01303	0.00725	0.00377	0.01230
70	0.08306	0.03685	0.44980	0.02844	0.15307	0.05095	0.02776	0.02696	0.01823	0.02779	0.01502	0.01808	0.01118	0.00800	0.00789	0.00263	0.01171	0.00635	0.00390	0.01233

[dist]
# distance from previous block
# <min> <max>
1	9

[block]
# block no. 1 follows, 21 sequences, length 15
# corresponding to MSA columns:
# 91-105
name=unknown_B
#
# <colnr> <probs for GDERKNQSTAVLIFYWHMCP>
#	G	D	E	R	K	N	Q	S	T	A	V	L	I	F	Y	W	H	M	C	P
0	0.02258	0.07589	0.02890	0.03474	0.34907	0.06776	0.01972	0.06345	0.07184	0.06959	0.02628	0.02821	0.08531	0.00989	0.00834	0.00252	0.00925	0.00858	0.00564	0.01242
1	0.02660	0.21173	0.16142	0.01920	0.02733	0.02698	0.01890	0.33679	0.02933	0.03906	0.01705	0.01810	0.01275	0.00898	0.00760	0.00239	0.00996	0.00654	0.00618	0.01312
2	0.02275	0.70604	0.04459	0.01456	0.02184	0.03367	0.01456	0.02548	0.01729	0.02002	0.01183	0.01365	0.01092	0.00728	0.00546	0.00182	0.00910	0.00455	0.00364	0.01092
3	0.01283	0.01046	0.01157	0.01098	0.01391	0.01010	0.00833	0.01975	0.13604	0.02924	0.27081	0.06610	0.33168	0.01823	0.00979	0.00281	0.00466	0.01550	0.00856	0.00866
4	0.01583	0.01201	0.01352	0.01210	0.01537	0.01182	0.00933	0.15156	0.02544	0.03368	0.25964	0.11212	0.25875	0.01797	0.00977	0.00278	0.00541	0.01525	0.00855	0.00911
5	0.01602	0.01063	0.01297	0.01298	0.01483	0.01059	0.00918	0.11170	0.02013	0.06812	0.03913	0.45895	0.04391	0.11100	0.01457	0.00388	0.00624	0.01895	0.00781	0.00840
6	0.01720	0.01409	0.01653	0.01301	0.01890	0.01158	0.01009	0.06848	0.01918	0.02850	0.02279	0.17196	0.02269	0.01125	0.00752	0.00187	0.00624	0.00961	0.00598	0.52255
7	0.01752	0.04105	0.57443	0.02666	0.06875	0.01993	0.07996	0.02693	0.01822	0.02702	0.01547	0.01854	0.01110	0.00798	0.00827	0.00270	0.01260	0.00667	0.00368	0.01253
8	0.01216	0.00912	0.01368	0.01368	0.01520	0.01064	0.01064	0.01520	0.01368	0.01976	0.02279	0.03343	0.02127	0.06382	0.66720	0.01368	0.02279	0.00912	0.00456	0.00760
9	0.01363	0.01472	0.11774	0.01247	0.01635	0.01001	0.01134	0.01759	0.02036	0.05537	0.29833	0.05753	0.18741	0.11326	0.01436	0.00351	0.00624	0.01374	0.00753	0.00847
10	0.01793	0.03869	0.51375	0.02966	0.13855	0.01996	0.06917	0.02683	0.01834	0.02711	0.01552	0.01881	0.01137	0.00794	0.00827	0.00268	0.01229	0.00675	0.00374	0.01265
11	0.01917	0.02175	0.06964	0.04998	0.02719	0.07771	0.09136	0.02248	0.01537	0.02175	0.01347	0.02022	0.01219	0.01681	0.07521	0.00422	0.42021	0.00766	0.00391	0.00970
12	0.01830	0.08485	0.44827	0.05986	0.17002	0.02082	0.02871	0.02642	0.01818	0.02640	0.01518	0.01855	0.01141	0.00794	0.00799	0.00260	0.01173	0.00651	0.00374	0.01251
13	0.01790	0.01792	0.03247	0.06326	0.28390	0.01733	0.19714	0.02297	0.01971	0.02670	0.05993	0.03606	0.14473	0.01080	0.00932	0.00272	0.00996	0.01079	0.00521	0.01118
14	0.01829	0.01722	0.02112	0.02151	0.11807	0.06929	0.05649	0.02727	0.17255	0.02994	0.16617	0.03939	0.10411	0.01227	0.00885	0.00255	0.00760	0.01074	0.00698	0.08959

[dist]
# distance from previous block
# <min> <max>
0	4

[block]
# block no. 2 follows, 21 sequences, length 28
# corresponding to MSA columns:
# 110-137
name=unknown_C
#
# <colnr> <probs for GDERKNQSTAVLIFYWHMCP>
#	G	D	E	R	K	N	Q	S	T	A	V	L	I	F	Y	W	H	M	C	P
0	0.02473	0.07011	0.15853	0.02461	0.03168	0.31224	0.14767	0.02962	0.02096	0.02369	0.01439	0.01764	0.01142	0.00834	0.00885	0.00244	0.03918	0.00663	0.00417	0.04311
1	0.01831	0.07135	0.38836	0.02031	0.02926	0.10061	0.02312	0.02628	0.05170	0.02643	0.07511	0.02861	0.08392	0.01049	0.00829	0.00261	0.01086	0.00824	0.00489	0.01125
2	0.01650	0.03697	0.50990	0.02481	0.09171	0.01811	0.02756	0.02488	0.01829	0.02650	0.02492	0.02690	0.09662	0.00986	0.00838	0.00270	0.01122	0.00799	0.00423	0.01193
3	0.01672	0.03716	0.50983	0.05941	0.06301	0.01864	0.05495	0.02527	0.01792	0.02625	0.01827	0.08045	0.01518	0.00974	0.00846	0.00277	0.01179	0.00822	0.00406	0.01189
4	0.02446	0.22218	0.14959	0.02169	0.08157	0.11781	0.01899	0.16958	0.02418	0.03040	0.01914	0.02069	0.04624	0.00915	0.00752	0.00234	0.01055	0.00676	0.00520	0.01196
5	0.02183	0.02733	0.20105	0.05074	0.12237	0.05472	0.06977	0.16367	0.02429	0.03348	0.07151	0.02340	0.01847	0.00915	0.00841	0.00251	0.01044	0.00780	0.00556	0.07349
6	0.16794	0.20873	0.21167	0.01654	0.02363	0.02125	0.01755	0.02343	0.01608	0.02568	0.01540	0.01957	0.01295	0.02082	0.16036	0.00501	0.01281	0.00614	0.00417	0.01029
7	0.01802	0.01712	0.02905	0.43472	0.28910	0.01942	0.02461	0.02345	0.01794	0.02411	0.01547	0.02205	0.01218	0.00815	0.00848	0.00272	0.01086	0.00757	0.00395	0.01103
8	0.01201	0.00976	0.01081	0.01083	0.01336	0.00924	0.00799	0.01742	0.10634	0.02627	0.15877	0.19599	0.34893	0.02051	0.01002	0.00296	0.00473	0.01763	0.00824	0.00815
9	0.02464	0.02891	0.02247	0.02036	0.02310	0.37952	0.01579	0.02693	0.01933	0.02053	0.01463	0.01979	0.01310	0.02138	0.14596	0.00488	0.17845	0.00669	0.00426	0.00927
10	0.01961	0.01632	0.01252	0.01196	0.01452	0.17563	0.00900	0.02304	0.01910	0.02797	0.02364	0.02770	0.01901	0.01407	0.06095	0.00300	0.00841	0.00741	0.49775	0.00840
11	0.76103	0.01646	0.01251	0.01119	0.01646	0.01909	0.00922	0.02502	0.01448	0.03818	0.01185	0.01382	0.00922	0.00790	0.00527	0.00263	0.00658	0.00461	0.00527	0.00922
12	0.01156	0.00868	0.01071	0.01020	0.01242	0.00782	0.00765	0.01512	0.02295	0.03142	0.50787	0.06803	0.21746	0.01841	0.01004	0.00272	0.00409	0.01602	0.00901	0.00782
13	0.01217	0.00905	0.01335	0.01335	0.01476	0.01046	0.01023	0.01499	0.01358	0.01952	0.02309	0.03507	0.02199	0.11084	0.62116	0.01328	0.02172	0.00936	0.00460	0.00742
14	0.01037	0.00741	0.00987	0.01185	0.01234	0.00691	0.00790	0.01185	0.01629	0.02172	0.04690	0.69537	0.05629	0.02666	0.01086	0.00346	0.00494	0.02419	0.00790	0.00691
15	0.01862	0.01862	0.02607	0.02234	0.02234	0.02607	0.01862	0.02048	0.01303	0.02048	0.01117	0.01862	0.01117	0.01489	0.02793	0.00372	0.68535	0.00745	0.00372	0.00931
16	0.01800	0.13232	0.54190	0.02356	0.03521	0.02174	0.06028	0.02677	0.01799	0.02603	0.01491	0.01765	0.01091	0.00793	0.00783	0.00259	0.01220	0.00625	0.00364	0.01229
17	0.01184	0.00869	0.01109	0.01049	0.01259	0.00794	0.00787	0.01566	0.02360	0.03296	0.58498	0.06549	0.13939	0.01783	0.01004	0.00270	0.00405	0.01566	0.00921	0.00794
18	0.03179	0.04056	0.02412	0.02192	0.02631	0.66676	0.01644	0.03398	0.02412	0.02083	0.01315	0.01535	0.01096	0.00877	0.00767	0.00219	0.01535	0.00548	0.00438	0.00987
19	0.01006	0.00862	0.00862	0.00862	0.01149	0.00718	0.00647	0.01221	0.01940	0.02299	0.08621	0.08190	0.64438	0.02155	0.01006	0.00287	0.00431	0.01796	0.00790	0.00718
20	0.01243	0.01069	0.01089	0.01048	0.01377	0.01018	0.00796	0.01928	0.15057	0.02569	0.07518	0.07117	0.51207	0.01941	0.00976	0.00288	0.00483	0.01618	0.00806	0.00853
21	0.02191	0.60790	0.13536	0.01600	0.02406	0.03161	0.01706	0.02570	0.01739	0.02105	0.01234	0.01429	0.01090	0.00740	0.00585	0.00195	0.00962	0.00481	0.00363	0.01117
22	0.02929	0.03582	0.02655	0.02899	0.17111	0.51613	0.01870	0.03215	0.02301	0.02245	0.01382	0.01668	0.01155	0.00849	0.00785	0.00227	0.01413	0.00597	0.00434	0.01071
23	0.02593	0.02041	0.02168	0.01792	0.02358	0.02290	0.01438	0.32028	0.31208	0.04358	0.03070	0.02913	0.05541	0.01147	0.00867	0.00273	0.00787	0.00915	0.00855	0.01360
24	0.02288	0.01959	0.02161	0.02197	0.11365	0.10094	0.01508	0.22049	0.02475	0.03275	0.02016	0.02585	0.01698	0.05576	0.21001	0.00611	0.01404	0.00803	0.03840	0.01096
25	0.01557	0.01267	0.01464	0.01404	0.01599	0.05997	0.01053	0.07896	0.01725	0.02306	0.02481	0.09876	0.02471	0.14896	0.38929	0.00983	0.01685	0.01067	0.00538	0.00804
26	0.02743	0.06379	0.02514	0.02029	0.02425	0.28018	0.01623	0.17906	0.02481	0.02967	0.01526	0.01823	0.01249	0.01060	0.01256	0.00262	0.17447	0.00660	0.04546	0.01086
27	0.02520	0.09257	0.08770	0.01794	0.02398	0.02311	0.01597	0.35327	0.02934	0.03933	0.02316	0.02645	0.05374	0.06444	0.04653	0.00358	0.04652	0.00825	0.00677	0.01214

[dist]
# distance from previous block
# <min> <max>
0	5

[block]
# block no. 3 follows, 21 sequences, length 168
# corresponding to MSA columns:
# 143-310
name=unknown_D
#
# <colnr> <probs for GDERKNQSTAVLIFYWHMCP>
#	G	D	E	R	K	N	Q	S	T	A	V	L	I	F	Y	W	H	M	C	P
0	0.06243	0.25471	0.02979	0.01857	0.02399	0.36799	0.01520	0.03185	0.07911	0.02279	0.01470	0.01628	0.01229	0.00851	0.00693	0.00216	0.01207	0.00553	0.00459	0.01052
1	0.02536	0.17742	0.03292	0.03291	0.28350	0.25996	0.02005	0.02886	0.02066	0.02355	0.01405	0.01735	0.01200	0.00795	0.00750	0.00225	0.01181	0.00615	0.00415	0.01160
2	0.01069	0.00865	0.01005	0.01033	0.01263	0.00800	0.00781	0.01304	0.01786	0.02227	0.06687	0.13555	0.42531	0.03118	0.15039	0.00528	0.00847	0.04114	0.00719	0.00727
3	0.13935	0.01032	0.01106	0.01062	0.01339	0.01042	0.00800	0.01558	0.01613	0.02414	0.04669	0.05176	0.27148	0.11455	0.18276	0.00622	0.01004	0.01215	0.00612	0.03922
4	0.02468	0.56409	0.04023	0.01613	0.02279	0.16872	0.01496	0.02730	0.01875	0.02019	0.01211	0.01401	0.01093	0.00760	0.00593	0.00190	0.01043	0.00475	0.00380	0.01070
5	0.01820	0.20557	0.18181	0.02080	0.10174	0.02105	0.01825	0.02607	0.11088	0.02567	0.03250	0.03292	0.14860	0.01120	0.00794	0.00251	0.00870	0.00898	0.00537	0.01123
6	0.02337	0.02484	0.01855	0.01711	0.02041	0.32293	0.01305	0.06445	0.02099	0.02429	0.01881	0.02373	0.01601	0.02602	0.21096	0.00573	0.01554	0.00712	0.11691	0.00918
7	0.02588	0.01954	0.02080	0.01670	0.02222	0.02121	0.01347	0.41356	0.09364	0.04405	0.03541	0.03549	0.14361	0.04226	0.01033	0.00290	0.00803	0.01014	0.00826	0.01250
8	0.02670	0.11935	0.02398	0.01866	0.02261	0.45270	0.01421	0.02868	0.02094	0.02002	0.01553	0.02209	0.01448	0.11442	0.04791	0.00366	0.01389	0.00658	0.00441	0.00918
9	0.01817	0.01680	0.02459	0.01757	0.02535	0.01352	0.13953	0.02267	0.01817	0.02763	0.01557	0.01878	0.01267	0.00649	0.00710	0.00160	0.00802	0.00611	0.00488	0.59478
10	0.01017	0.00863	0.00878	0.00874	0.01156	0.00723	0.00655	0.01243	0.01966	0.02361	0.11743	0.08087	0.61278	0.02132	0.01006	0.00286	0.00429	0.01782	0.00798	0.00723
11	0.02572	0.02017	0.02280	0.18493	0.03204	0.05751	0.01653	0.34527	0.02997	0.04044	0.01979	0.02242	0.01459	0.00966	0.00808	0.00252	0.00938	0.00756	0.11867	0.01196
12	0.01006	0.00862	0.00862	0.00862	0.01149	0.00718	0.00647	0.01221	0.01940	0.02299	0.08621	0.08190	0.64438	0.02155	0.01006	0.00287	0.00431	0.01796	0.00790	0.00718
13	0.01869	0.01786	0.02968	0.04139	0.46101	0.01792	0.04918	0.02307	0.01894	0.02638	0.02792	0.06608	0.10942	0.01101	0.00982	0.00270	0.04197	0.01012	0.00494	0.01190
14	0.76103	0.01646	0.01251	0.01119	0.01646	0.01909	0.00922	0.02502	0.01448	0.03818	0.01185	0.01382	0.00922	0.00790	0.00527	0.00263	0.00658	0.00461	0.00527	0.00922
15	0.02275	0.70604	0.04459	0.01456	0.02184	0.03367	0.01456	0.02548	0.01729	0.02002	0.01183	0.01365	0.01092	0.00728	0.00546	0.00182	0.00910	0.00455	0.00364	0.01092
16	0.01506	0.01000	0.01392	0.01532	0.01755	0.00984	0.01327	0.01895	0.02017	0.06350	0.08362	0.08987	0.04937	0.02233	0.01145	0.00376	0.00755	0.51812	0.00810	0.00825
17	0.01217	0.00906	0.01339	0.01339	0.01481	0.01048	0.01028	0.01501	0.01359	0.01954	0.02306	0.03489	0.02191	0.10561	0.62628	0.01332	0.02184	0.00933	0.00460	0.00744
18	0.01093	0.00866	0.00982	0.00953	0.01203	0.00755	0.00715	0.01389	0.02145	0.02786	0.32965	0.07389	0.39791	0.01974	0.01005	0.00279	0.00418	0.01684	0.00854	0.00755
19	0.02609	0.02947	0.02842	0.09623	0.27452	0.32536	0.02093	0.05254	0.02219	0.02494	0.01475	0.01850	0.01213	0.00833	0.00808	0.00240	0.01267	0.00659	0.00442	0.01143
20	0.03179	0.04056	0.02412	0.02192	0.02631	0.66676	0.01644	0.03398	0.02412	0.02083	0.01315	0.01535	0.01096	0.00877	0.00767	0.00219	0.01535	0.00548	0.00438	0.00987
21	0.01131	0.00924	0.01008	0.00992	0.01266	0.00828	0.00756	0.01520	0.05483	0.02635	0.20816	0.07559	0.45311	0.02014	0.01006	0.00288	0.00455	0.04407	0.00828	0.00776
22	0.01111	0.00866	0.01008	0.00972	0.01214	0.00763	0.00729	0.01425	0.02188	0.02888	0.38071	0.07221	0.34622	0.01936	0.01005	0.00277	0.00415	0.01660	0.00868	0.00763
23	0.01856	0.02378	0.14161	0.02471	0.02823	0.02427	0.11056	0.02264	0.01497	0.02264	0.01280	0.01915	0.01136	0.01253	0.02173	0.00341	0.46542	0.00763	0.00379	0.01021
24	0.01238	0.00825	0.00928	0.00928	0.00928	0.00825	0.00516	0.01238	0.01238	0.01650	0.02681	0.05569	0.03094	0.70092	0.04331	0.00825	0.00825	0.01238	0.00516	0.00516
25	0.01881	0.03182	0.32428	0.03303	0.16156	0.02072	0.19290	0.02648	0.01855	0.02682	0.01572	0.02002	0.01194	0.00814	0.00988	0.00277	0.05269	0.00767	0.00392	0.01226
26	0.02250	0.67705	0.07140	0.01499	0.02250	0.03306	0.01530	0.02555	0.01732	0.02033	0.01198	0.01384	0.01091	0.00732	0.00558	0.00186	0.00925	0.00463	0.00364	0.01099
27	0.02194	0.01845	0.01844	0.01582	0.01986	0.11200	0.04514	0.20245	0.02557	0.03392	0.03245	0.13750	0.09337	0.01368	0.00847	0.00257	0.00807	0.01135	0.16879	0.01016
28	0.03235	0.02384	0.02554	0.01958	0.02639	0.02639	0.01618	0.61946	0.04001	0.05363	0.02043	0.02043	0.01447	0.01022	0.00851	0.00255	0.00936	0.00766	0.00851	0.01447
29	0.01974	0.01801	0.02536	0.01912	0.02614	0.01677	0.14069	0.05477	0.18242	0.03084	0.02098	0.02264	0.01630	0.00805	0.00782	0.00209	0.00827	0.00744	0.00599	0.36656
30	0.01275	0.00955	0.01396	0.01376	0.01523	0.01128	0.01076	0.01578	0.01392	0.02058	0.02250	0.03253	0.02077	0.05768	0.58969	0.01238	0.05694	0.00895	0.05329	0.00771
31	0.02459	0.02506	0.02565	0.19068	0.09231	0.23121	0.01934	0.06282	0.02060	0.06512	0.01530	0.01960	0.01221	0.01003	0.01216	0.00275	0.14834	0.00694	0.00473	0.01057
32	0.02809	0.02051	0.02207	0.01738	0.02274	0.02252	0.01382	0.48996	0.03412	0.04571	0.02179	0.02795	0.01798	0.15755	0.01594	0.00377	0.00913	0.00867	0.00780	0.01249
33	0.01247	0.00919	0.01084	0.01117	0.01318	0.00864	0.00820	0.05324	0.02027	0.02697	0.15225	0.30187	0.22701	0.02144	0.01009	0.00303	0.00497	0.04508	0.05232	0.00777
34	0.01260	0.00947	0.01331	0.01308	0.01413	0.01095	0.00973	0.01480	0.01331	0.01898	0.02312	0.03817	0.02311	0.22187	0.47145	0.01171	0.05863	0.00984	0.00466	0.00708
35	0.02240	0.06470	0.21276	0.03610	0.32221	0.01980	0.05026	0.02855	0.01959	0.11614	0.01811	0.02096	0.01361	0.00811	0.00825	0.00257	0.01054	0.00728	0.00491	0.01313
36	0.01193	0.00869	0.01122	0.01059	0.01265	0.00798	0.00794	0.01584	0.02383	0.03350	0.61221	0.06459	0.11182	0.01763	0.01004	0.00269	0.00403	0.01553	0.00929	0.00798
37	0.01693	0.04767	0.02350	0.04783	0.02191	0.02188	0.01646	0.01932	0.01358	0.02031	0.01456	0.02263	0.01394	0.02770	0.20149	0.00633	0.44332	0.00778	0.00395	0.00892
38	0.01980	0.01893	0.03226	0.21096	0.49897	0.01989	0.02549	0.02501	0.01878	0.02627	0.01578	0.02147	0.01294	0.00782	0.00845	0.00261	0.01042	0.00758	0.00410	0.01246
39	0.01137	0.00867	0.01044	0.01000	0.01230	0.00774	0.00750	0.01476	0.02250	0.03036	0.45473	0.06977	0.27126	0.01880	0.01004	0.00274	0.00411	0.01626	0.00887	0.00774
40	0.01707	0.04402	0.65683	0.02426	0.03683	0.01976	0.03144	0.02695	0.01797	0.02695	0.01527	0.01797	0.01078	0.00809	0.00809	0.00270	0.01258	0.00629	0.00359	0.01258
41	0.01478	0.00739	0.01109	0.01109	0.01109	0.00739	0.00739	0.01109	0.01109	0.01478	0.01478	0.02587	0.01478	0.02956	0.03326	0.75240	0.00739	0.00739	0.00370	0.00370
42	0.01238	0.00825	0.00928	0.00928	0.00928	0.00825	0.00516	0.01238	0.01238	0.01650	0.02681	0.05569	0.03094	0.70092	0.04331	0.00825	0.00825	0.01238	0.00516	0.00516
43	0.01028	0.00773	0.00954	0.01098	0.01211	0.00699	0.00751	0.01195	0.01713	0.02206	0.05749	0.53013	0.21469	0.02529	0.01065	0.00330	0.00477	0.02251	0.00790	0.00699
44	0.64828	0.01760	0.01452	0.01249	0.01799	0.02022	0.01029	0.11700	0.01843	0.04057	0.01318	0.01485	0.01003	0.00826	0.00577	0.00262	0.00701	0.00508	0.00577	0.01003
45	0.01051	0.00773	0.00986	0.01124	0.01226	0.00708	0.00770	0.01238	0.01764	0.02331	0.12017	0.53275	0.14643	0.02485	0.01065	0.00328	0.00474	0.02227	0.00807	0.00708
46	0.02100	0.50169	0.23358	0.01755	0.02647	0.02938	0.01977	0.02594	0.01750	0.02216	0.01289	0.01498	0.01088	0.00753	0.00627	0.00209	0.01017	0.00509	0.00363	0.01143
47	0.01006	0.00862	0.00862	0.00862	0.01149	0.00718	0.00647	0.01221	0.01940	0.02299	0.08621	0.08190	0.64438	0.02155	0.01006	0.00287	0.00431	0.01796	0.00790	0.00718
48	0.03179	0.04056	0.02412	0.02192	0.02631	0.66676	0.01644	0.03398	0.02412	0.02083	0.01315	0.01535	0.01096	0.00877	0.00767	0.00219	0.01535	0.00548	0.00438	0.00987
49	0.01985	0.36791	0.35729	0.01951	0.02950	0.02657	0.02318	0.02623	0.01764	0.02356	0.01359	0.01586	0.01085	0.00769	0.00680	0.00227	0.01088	0.00544	0.00362	0.01177
50	0.02627	0.13069	0.02885	0.14554	0.10911	0.31210	0.01867	0.08500	0.02271	0.02486	0.01437	0.01764	0.01167	0.00849	0.00767	0.00233	0.01246	0.00619	0.00453	0.01083
51	0.01839	0.01744	0.02825	0.37046	0.15766	0.01985	0.07829	0.02781	0.14210	0.02617	0.01943	0.02425	0.01484	0.00883	0.00867	0.00279	0.01047	0.00822	0.00490	0.01119
52	0.01019	0.00863	0.00880	0.00876	0.01157	0.00724	0.00657	0.01247	0.01971	0.02372	0.12275	0.08070	0.60738	0.02128	0.01006	0.00286	0.00429	0.01779	0.00800	0.00724
53	0.01730	0.01667	0.02353	0.02057	0.02088	0.02291	0.01698	0.01940	0.01316	0.02033	0.01355	0.02165	0.01324	0.02491	0.15879	0.00576	0.54972	0.00779	0.00389	0.00896
54	0.01707	0.04402	0.65683	0.02426	0.03683	0.01976	0.03144	0.02695	0.01797	0.02695	0.01527	0.01797	0.01078	0.00809	0.00809	0.00270	0.01258	0.00629	0.00359	0.01258
55	0.01006	0.00862	0.00862	0.00862	0.01149	0.00718	0.00647	0.01221	0.01940	0.02299	0.08621	0.08190	0.64438	0.02155	0.01006	0.00287	0.00431	0.01796	0.00790	0.00718
56	0.01128	0.01013	0.04075	0.01079	0.01335	0.00809	0.00855	0.01447	0.02078	0.02766	0.31102	0.17514	0.27686	0.02003	0.01009	0.00288	0.00468	0.01738	0.00832	0.00775
57	0.01765	0.01513	0.01765	0.01260	0.02017	0.01134	0.01008	0.02143	0.01765	0.02773	0.01513	0.01765	0.01260	0.00630	0.00630	0.00126	0.00630	0.00504	0.00504	0.75295
58	0.01352	0.01169	0.01887	0.01581	0.01893	0.01137	0.13744	0.01664	0.01659	0.02226	0.04019	0.04897	0.19341	0.16579	0.18257	0.00664	0.01190	0.01235	0.04722	0.00784
59	0.02677	0.02152	0.02262	0.01853	0.02350	0.05947	0.01501	0.33704	0.15816	0.04188	0.02251	0.02331	0.01694	0.01097	0.01070	0.00270	0.09331	0.00795	0.07433	0.01277
60	0.01983	0.02038	0.04280	0.03102	0.03853	0.01903	0.49412	0.02632	0.02091	0.06100	0.11190	0.02936	0.02344	0.00888	0.00996	0.00283	0.01243	0.01077	0.00539	0.01112
61	0.76103	0.01646	0.01251	0.01119	0.01646	0.01909	0.00922	0.02502	0.01448	0.03818	0.01185	0.01382	0.00922	0.00790	0.00527	0.00263	0.00658	0.00461	0.00527	0.00922
62	0.01709	0.01451	0.02136	0.09669	0.19122	0.01536	0.01779	0.02483	0.12067	0.02777	0.06004	0.05598	0.03310	0.01538	0.00993	0.00320	0.00846	0.24954	0.00664	0.01046
63	0.02524	0.02263	0.01768	0.01545	0.01944	0.22823	0.01197	0.17596	0.02550	0.03369	0.02113	0.02351	0.01641	0.00962	0.00716	0.00220	0.00905	0.00706	0.31786	0.01022
64	0.01191	0.00833	0.00915	0.00915	0.00973	0.00803	0.00542	0.01234	0.01379	0.01781	0.03882	0.06099	0.15490	0.56364	0.03659	0.00716	0.00745	0.01350	0.00571	0.00557
65	0.01907	0.02098	0.04398	0.19873	0.04805	0.02086	0.46703	0.02587	0.01931	0.02587	0.01669	0.02289	0.01252	0.00751	0.00966	0.00286	0.01359	0.00942	0.00417	0.01097
66	0.01006	0.00862	0.00862	0.00862	0.01149	0.00718	0.00647	0.01221	0.01940	0.02299	0.08621	0.08190	0.64438	0.02155	0.01006	0.00287	0.00431	0.01796	0.00790	0.00718
67	0.01765	0.01513	0.01765	0.01260	0.02017	0.01134	0.01008	0.02143	0.01765	0.02773	0.01513	0.01765	0.01260	0.00630	0.00630	0.00126	0.00630	0.00504	0.00504	0.75295
68	0.01238	0.00825	0.00928	0.00928	0.00928	0.00825	0.00516	0.01238	0.01238	0.01650	0.02681	0.05569	0.03094	0.70092	0.04331	0.00825	0.00825	0.01238	0.00516	0.00516
69	0.01758	0.10382	0.60153	0.02338	0.03548	0.02102	0.02992	0.02682	0.01791	0.02632	0.01496	0.01758	0.01079	0.00801	0.00785	0.00262	0.01226	0.00613	0.00360	0.01243
70	0.03488	0.01978	0.02303	0.01765	0.02437	0.02037	0.01458	0.36867	0.03322	0.31402	0.02613	0.02413	0.01733	0.01035	0.00853	0.00259	0.00844	0.00805	0.00939	0.01448
71	0.01037	0.00741	0.00987	0.01185	0.01234	0.00691	0.00790	0.01185	0.01629	0.02172	0.04690	0.69537	0.05629	0.02666	0.01086	0.00346	0.00494	0.02419	0.00790	0.00691
72	0.76103	0.01646	0.01251	0.01119	0.01646	0.01909	0.00922	0.02502	0.01448	0.03818	0.01185	0.01382	0.00922	0.00790	0.00527	0.00263	0.00658	0.00461	0.00527	0.00922
73	0.02106	0.02022	0.03454	0.05223	0.64784	0.02022	0.02612	0.02612	0.01938	0.02780	0.01601	0.02106	0.01348	0.00758	0.00842	0.00253	0.01011	0.00758	0.00421	0.01348
74	0.01216	0.00912	0.01368	0.01368	0.01520	0.01064	0.01064	0.01520	0.01368	0.01976	0.02279	0.03343	0.02127	0.06382	0.66720	0.01368	0.02279	0.00912	0.00456	0.00760
75	0.01006	0.00862	0.00862	0.00862	0.01149	0.00718	0.00647	0.01221	0.01940	0.02299	0.08621	0.08190	0.64438	0.02155	0.01006	0.00287	0.00431	0.01796	0.00790	0.00718
76	0.01238	0.00825	0.00928	0.00928	0.00928	0.00825	0.00516	0.01238	0.01238	0.01650	0.02681	0.05569	0.03094	0.70092	0.04331	0.00825	0.00825	0.01238	0.00516	0.00516
77	0.01586	0.00793	0.00793	0.00793	0.00991	0.00793	0.00595	0.01983	0.01785	0.03173	0.02776	0.03173	0.02181	0.00991	0.00595	0.00198	0.00397	0.00793	0.74817	0.00793
78	0.02106	0.02022	0.03454	0.05223	0.64784	0.02022	0.02612	0.02612	0.01938	0.02780	0.01601	0.02106	0.01348	0.00758	0.00842	0.00253	0.01011	0.00758	0.00421	0.01348
79	0.03818	0.01448	0.01975	0.01514	0.02172	0.01251	0.01251	0.04147	0.02436	0.65373	0.03357	0.02897	0.02107	0.01053	0.00856	0.00263	0.00724	0.00856	0.01053	0.01448
80	0.01216	0.00912	0.01368	0.01368	0.01520	0.01064	0.01064	0.01520	0.01368	0.01976	0.02279	0.03343	0.02127	0.06382	0.66720	0.01368	0.02279	0.00912	0.00456	0.00760
81	0.01607	0.01513	0.02552	0.68047	0.05861	0.01891	0.02363	0.02174	0.01702	0.02174	0.01513	0.02269	0.01134	0.00851	0.00851	0.00284	0.01134	0.00756	0.00378	0.00945
82	0.02009	0.02141	0.02480	0.39851	0.09543	0.18191	0.02079	0.02458	0.01869	0.02183	0.01543	0.02172	0.01237	0.01374	0.07075	0.00368	0.01334	0.00719	0.00404	0.00972
83	0.01109	0.00866	0.01006	0.00971	0.01213	0.00763	0.00728	0.01422	0.02185	0.02880	0.37703	0.07233	0.34993	0.01938	0.01005	0.00277	0.00416	0.01662	0.00867	0.00763
84	0.01409	0.01196	0.01738	0.01627	0.01733	0.01525	0.01302	0.01678	0.01348	0.01997	0.01932	0.02900	0.01825	0.04920	0.47610	0.01070	0.22085	0.00862	0.00431	0.00811
85	0.01644	0.01481	0.02331	0.03289	0.35583	0.01438	0.01753	0.02050	0.02010	0.02779	0.16024	0.09529	0.13869	0.01356	0.00924	0.00269	0.00744	0.01233	0.00621	0.01074
86	0.03179	0.04056	0.02412	0.02192	0.02631	0.66676	0.01644	0.03398	0.02412	0.02083	0.01315	0.01535	0.01096	0.00877	0.00767	0.00219	0.01535	0.00548	0.00438	0.00987
87	0.02680	0.02292	0.02162	0.01804	0.02310	0.11870	0.01412	0.30323	0.19148	0.03928	0.02391	0.02709	0.01906	0.09685	0.01278	0.00330	0.00942	0.00845	0.00751	0.01235
88	0.01572	0.02563	0.27676	0.02062	0.06372	0.01494	0.07702	0.02199	0.01880	0.02672	0.05821	0.03647	0.16616	0.01147	0.00854	0.00255	0.00914	0.00984	0.04673	0.08898
89	0.01630	0.01220	0.01522	0.01403	0.01625	0.01357	0.01065	0.13655	0.01930	0.02641	0.02832	0.09961	0.05932	0.16027	0.29172	0.00840	0.04615	0.01126	0.00593	0.00854
90	0.02021	0.02219	0.04588	0.03852	0.16532	0.02148	0.46848	0.02670	0.01960	0.02704	0.01668	0.02236	0.01294	0.00763	0.01058	0.00284	0.04608	0.00942	0.00426	0.01178
91	0.01976	0.02801	0.23821	0.04308	0.44786	0.02007	0.02786	0.02639	0.01892	0.02752	0.01577	0.02005	0.01260	0.00775	0.00831	0.00258	0.01092	0.00716	0.00401	0.01318
92	0.11241	0.02136	0.08324	0.15065	0.30695	0.02028	0.10076	0.05426	0.01933	0.02915	0.01565	0.02041	0.01233	0.00790	0.00823	0.00265	0.01061	0.00743	0.00444	0.01196
93	0.40374	0.18817	0.09571	0.01402	0.02079	0.02191	0.01350	0.02742	0.01681	0.10963	0.01496	0.01616	0.01130	0.00810	0.00605	0.00244	0.00797	0.00528	0.00534	0.01068
94	0.02279	0.01806	0.02874	0.21059	0.33808	0.01903	0.02233	0.05356	0.05238	0.12150	0.01957	0.02321	0.01474	0.00859	0.00848	0.00265	0.00980	0.00783	0.00546	0.01260
95	0.03109	0.03834	0.02431	0.02181	0.02609	0.59276	0.01655	0.06814	0.02444	0.02276	0.01348	0.01583	0.01118	0.00920	0.00886	0.00230	0.05244	0.00572	0.00459	0.01011
96	0.02257	0.01898	0.02003	0.01760	0.02266	0.02182	0.01381	0.11713	0.55827	0.03786	0.03286	0.03033	0.02454	0.01138	0.00864	0.00284	0.00706	0.00938	0.00864	0.01360
97	0.01196	0.00907	0.01107	0.01050	0.01282	0.00837	0.00789	0.01636	0.04774	0.03164	0.49119	0.06647	0.20710	0.01811	0.00999	0.00273	0.00419	0.01574	0.00900	0.00806
98	0.01212	0.00829	0.00921	0.00921	0.00953	0.00813	0.00530	0.01236	0.01316	0.01723	0.03346	0.05862	0.09960	0.62488	0.03959	0.00765	0.00781	0.01300	0.00546	0.00538
99	0.02275	0.70604	0.04459	0.01456	0.02184	0.03367	0.01456	0.02548	0.01729	0.02002	0.01183	0.01365	0.01092	0.00728	0.00546	0.00182	0.00910	0.00455	0.00364	0.01092
100	0.01765	0.01513	0.01765	0.01260	0.02017	0.01134	0.01008	0.02143	0.01765	0.02773	0.01513	0.01765	0.01260	0.00630	0.00630	0.00126	0.00630	0.00504	0.00504	0.75295
101	0.01862	0.01862	0.02607	0.02234	0.02234	0.02607	0.01862	0.02048	0.01303	0.02048	0.01117	0.01862	0.01117	0.01489	0.02793	0.00372	0.68535	0.00745	0.00372	0.00931
102	0.02117	0.01828	0.01924	0.01732	0.02213	0.02117	0.01347	0.04522	0.63246	0.03560	0.03464	0.03175	0.02598	0.01155	0.00866	0.00289	0.00673	0.00962	0.00866	0.01347
103	0.01307	0.00924	0.01230	0.01274	0.01422	0.00983	0.00939	0.05385	0.01691	0.02395	0.03334	0.31322	0.03573	0.03943	0.28287	0.00750	0.01255	0.01530	0.07674	0.00779
104	0.02355	0.11363	0.02472	0.01735	0.02214	0.05717	0.03940	0.15377	0.10068	0.09132	0.08757	0.03197	0.08824	0.01229	0.01093	0.00269	0.09477	0.00935	0.00705	0.01142
105	0.02459	0.02611	0.02540	0.02925	0.21053	0.23090	0.01822	0.03585	0.25129	0.02846	0.02208	0.02322	0.01736	0.00946	0.00827	0.00255	0.01055	0.00766	0.00594	0.01230
106	0.02023	0.01922	0.03242	0.04859	0.59007	0.01915	0.02467	0.02511	0.01939	0.02748	0.02046	0.02728	0.04279	0.00895	0.00865	0.00261	0.00975	0.03569	0.00455	0.01294
107	0.01765	0.01513	0.01765	0.01260	0.02017	0.01134	0.01008	0.02143	0.01765	0.02773	0.01513	0.01765	0.01260	0.00630	0.00630	0.00126	0.00630	0.00504	0.00504	0.75295
108	0.01137	0.00867	0.01044	0.01000	0.01230	0.00774	0.00750	0.01476	0.02250	0.03036	0.45473	0.06977	0.27126	0.01880	0.01004	0.00274	0.00411	0.01626	0.00887	0.00774
109	0.02005	0.01919	0.03272	0.17918	0.52877	0.01995	0.02562	0.02523	0.01890	0.02658	0.01583	0.02139	0.01305	0.00777	0.00844	0.00259	0.01036	0.00758	0.00413	0.01267
110	0.01238	0.00825	0.00928	0.00928	0.00928	0.00825	0.00516	0.01238	0.01238	0.01650	0.02681	0.05569	0.03094	0.70092	0.04331	0.00825	0.00825	0.01238	0.00516	0.00516
111	0.01976	0.01887	0.03185	0.13644	0.53091	0.01931	0.02467	0.02473	0.01905	0.02670	0.01982	0.02470	0.04854	0.00849	0.00853	0.00259	0.00996	0.00816	0.00436	0.01257
112	0.01924	0.01254	0.01553	0.09607	0.02152	0.01295	0.01140	0.02753	0.15124	0.12132	0.16775	0.03877	0.06059	0.01217	0.00833	0.00253	0.00609	0.01029	0.15770	0.04643
113	0.02286	0.16224	0.19691	0.16125	0.03515	0.13883	0.02156	0.11490	0.02201	0.02737	0.01496	0.01804	0.01151	0.00846	0.00766	0.00245	0.01166	0.00628	0.00452	0.01139
114	0.01790	0.01543	0.01824	0.05048	0.02251	0.01272	0.01117	0.02374	0.07692	0.02815	0.01701	0.01929	0.01382	0.00693	0.00665	0.00151	0.00663	0.00562	0.00532	0.63996
115	0.01868	0.03442	0.40574	0.03555	0.28337	0.01995	0.02929	0.02661	0.01854	0.02729	0.01557	0.01922	0.01187	0.00788	0.00822	0.00263	0.01158	0.00681	0.00384	0.01294
116	0.01330	0.00875	0.01190	0.01190	0.01357	0.00980	0.00919	0.01663	0.01496	0.02345	0.02433	0.03291	0.02144	0.04718	0.46308	0.01007	0.01698	0.00875	0.23410	0.00770
117	0.01120	0.00867	0.01020	0.00982	0.01219	0.00767	0.00736	0.01442	0.02209	0.02938	0.40602	0.07138	0.32058	0.01917	0.01005	0.00276	0.00414	0.01649	0.00874	0.00767
118	0.01735	0.04202	0.59931	0.02536	0.03756	0.01993	0.08696	0.02698	0.01817	0.02698	0.01546	0.01844	0.01098	0.00800	0.00827	0.00271	0.01274	0.00664	0.00366	0.01247
119	0.01679	0.01523	0.02383	0.03388	0.37230	0.01483	0.01797	0.02070	0.01938	0.02645	0.09360	0.04457	0.16775	0.05789	0.01138	0.00306	0.00798	0.03591	0.00577	0.01073
120	0.01481	0.00877	0.01023	0.01004	0.01157	0.00948	0.00748	0.01798	0.01605	0.02677	0.02575	0.03439	0.02229	0.10780	0.14783	0.00526	0.04395	0.00871	0.46326	0.00759
121	0.03268	0.02331	0.02522	0.01933	0.02613	0.02561	0.01597	0.58716	0.03914	0.08717	0.02117	0.02091	0.01484	0.01023	0.00852	0.00256	0.00925	0.00771	0.00863	0.01447
122	0.01042	0.00843	0.00929	0.00974	0.01203	0.00731	0.00719	0.01264	0.01909	0.02358	0.11291	0.20531	0.46099	0.02240	0.01030	0.00303	0.00458	0.04555	0.00800	0.00721
123	0.02438	0.01834	0.01991	0.01726	0.02249	0.02059	0.01361	0.10014	0.49916	0.11475	0.03313	0.03031	0.02425	0.01129	0.00863	0.00282	0.00705	0.00930	0.00888	0.01369
124	0.02727	0.02012	0.02052	0.01653	0.02176	0.05685	0.01338	0.40916	0.03237	0.04477	0.02196	0.02357	0.01642	0.01254	0.03831	0.00291	0.00897	0.00767	0.19265	0.01226
