[name]
unknown

[dist]
# distance from previous block
# <min> <max>
20	28

[block]
# block no. 0 follows, 22 sequences, length 24
# corresponding to MSA columns:
# 29-52
name=unknown_A
#
# <colnr> <probs for GDERKNQSTAVLIFYWHMCP>
#	G	D	E	R	K	N	Q	S	T	A	V	L	I	F	Y	W	H	M	C	P
0	0.09057	0.01161	0.05772	0.01133	0.01422	0.00948	0.00939	0.01486	0.01708	0.02372	0.05332	0.19512	0.28450	0.08494	0.01262	0.00350	0.00593	0.08577	0.00687	0.00744
1	0.01825	0.01408	0.01481	0.01369	0.01677	0.06055	0.01052	0.15191	0.02351	0.06077	0.11690	0.20031	0.13948	0.05050	0.01112	0.00313	0.00684	0.06996	0.00776	0.00913
2	0.02090	0.01838	0.01863	0.01455	0.02082	0.08348	0.01166	0.14712	0.02264	0.03114	0.02232	0.02636	0.06130	0.00921	0.00730	0.00185	0.00764	0.03926	0.00591	0.42953
3	0.02124	0.02225	0.02000	0.05738	0.04781	0.20710	0.01429	0.03047	0.21848	0.02587	0.05828	0.03134	0.08063	0.04348	0.01187	0.00292	0.08123	0.00898	0.00611	0.01027
4	0.18173	0.02848	0.30438	0.02116	0.02958	0.01859	0.12108	0.06842	0.01854	0.03013	0.01811	0.08964	0.01547	0.00976	0.00792	0.00271	0.01027	0.00832	0.00477	0.01094
5	0.01370	0.01148	0.01638	0.01533	0.01623	0.01447	0.01206	0.01603	0.01304	0.01915	0.01940	0.03076	0.01893	0.11645	0.42240	0.01000	0.21350	0.00877	0.00428	0.00765
6	0.01216	0.00896	0.01125	0.01133	0.01327	0.00845	0.00854	0.04189	0.02131	0.02890	0.33684	0.21828	0.14625	0.02001	0.01010	0.00294	0.00480	0.07859	0.00841	0.00773
7	0.01549	0.00774	0.00774	0.00774	0.00968	0.00774	0.00581	0.01936	0.01742	0.03097	0.02710	0.03097	0.02129	0.00968	0.00581	0.00194	0.00387	0.00774	0.75416	0.00774
8	0.02221	0.71304	0.04353	0.01421	0.02132	0.03287	0.01421	0.02488	0.01688	0.01955	0.01155	0.01333	0.01066	0.00711	0.00533	0.00178	0.00888	0.00444	0.00355	0.01066
9	0.01208	0.00805	0.00906	0.00906	0.00906	0.00805	0.00503	0.01208	0.01208	0.01611	0.02618	0.05436	0.03020	0.70804	0.04228	0.00805	0.00805	0.01208	0.00503	0.00503
10	0.02094	0.01394	0.02040	0.02285	0.15789	0.01470	0.01497	0.02649	0.08213	0.17049	0.02485	0.03102	0.02031	0.02850	0.23883	0.00640	0.05071	0.03742	0.00624	0.01091
11	0.01177	0.00792	0.00915	0.00946	0.00953	0.00785	0.00546	0.01200	0.01268	0.01691	0.02927	0.15659	0.03410	0.60050	0.03729	0.00732	0.00754	0.01390	0.00546	0.00530
12	0.03103	0.03959	0.02354	0.02140	0.02568	0.67469	0.01605	0.03317	0.02354	0.02033	0.01284	0.01498	0.01070	0.00856	0.00749	0.00214	0.01498	0.00535	0.00428	0.00963
13	0.01723	0.01477	0.01723	0.01230	0.01969	0.01107	0.00984	0.02092	0.01723	0.02707	0.01477	0.01723	0.01230	0.00615	0.00615	0.00123	0.00615	0.00492	0.00492	0.75883
14	0.01686	0.01227	0.01631	0.01540	0.01682	0.01409	0.01178	0.06213	0.01751	0.09048	0.03250	0.38511	0.03569	0.01990	0.01499	0.00330	0.20313	0.01613	0.00685	0.00874
15	0.02151	0.01754	0.01998	0.01936	0.08728	0.01908	0.01378	0.20327	0.26674	0.03683	0.06580	0.03659	0.13101	0.01244	0.00869	0.00268	0.00713	0.01030	0.00786	0.01213
16	0.03137	0.02955	0.02440	0.01999	0.02573	0.27532	0.01589	0.39957	0.03309	0.04004	0.01721	0.01804	0.01281	0.00943	0.00800	0.00236	0.01139	0.00666	0.00676	0.01240
17	0.01100	0.00846	0.01005	0.00965	0.01194	0.00751	0.00724	0.01420	0.02172	0.02905	0.42901	0.06908	0.30388	0.01858	0.00981	0.00269	0.00403	0.01601	0.00858	0.00751
18	0.01848	0.02029	0.08763	0.03814	0.42174	0.05298	0.02157	0.02295	0.01838	0.02539	0.02201	0.16926	0.02192	0.01159	0.00867	0.00266	0.00927	0.01072	0.00485	0.01148
19	0.01723	0.01477	0.01723	0.01230	0.01969	0.01107	0.00984	0.02092	0.01723	0.02707	0.01477	0.01723	0.01230	0.00615	0.00615	0.00123	0.00615	0.00492	0.00492	0.75883
20	0.01930	0.01497	0.01661	0.01429	0.01834	0.01600	0.01124	0.19064	0.18809	0.03776	0.25812	0.04431	0.10735	0.01400	0.00904	0.00265	0.00607	0.01175	0.00859	0.01086
21	0.01039	0.00775	0.00967	0.01065	0.01194	0.00703	0.00743	0.01249	0.01813	0.02396	0.17827	0.43517	0.19062	0.02308	0.01027	0.00309	0.00450	0.02053	0.00801	0.00703
22	0.07691	0.02220	0.02206	0.02591	0.20480	0.21708	0.01584	0.02598	0.02151	0.06416	0.18774	0.03001	0.03019	0.01054	0.00821	0.00242	0.00941	0.00868	0.00596	0.01039
23	0.30935	0.06559	0.23402	0.04911	0.02595	0.02002	0.01794	0.02829	0.12252	0.03138	0.01663	0.01824	0.01250	0.00837	0.00679	0.00260	0.00877	0.00602	0.00500	0.01091

[dist]
# distance from previous block
# <min> <max>
3	8

[block]
# block no. 1 follows, 22 sequences, length 25
# corresponding to MSA columns:
# 61-85
name=unknown_B
#
# <colnr> <probs for GDERKNQSTAVLIFYWHMCP>
#	G	D	E	R	K	N	Q	S	T	A	V	L	I	F	Y	W	H	M	C	P
0	0.05729	0.14771	0.02197	0.01477	0.01911	0.09733	0.04151	0.02258	0.05318	0.04395	0.02700	0.03109	0.09982	0.05516	0.16769	0.00513	0.01187	0.00841	0.00520	0.06922
1	0.05619	0.07293	0.55384	0.02456	0.07996	0.01996	0.02837	0.02608	0.01743	0.02661	0.01462	0.01734	0.01065	0.00781	0.00765	0.00257	0.01163	0.00606	0.00364	0.01209
2	0.01897	0.09104	0.51170	0.02323	0.03396	0.10087	0.05539	0.02706	0.01832	0.02509	0.01449	0.01714	0.01065	0.00788	0.00774	0.00252	0.01244	0.00609	0.00364	0.01178
3	0.01125	0.00847	0.01039	0.00991	0.01210	0.00762	0.00743	0.01468	0.02230	0.03044	0.50178	0.06679	0.23024	0.01806	0.00980	0.00266	0.00400	0.01569	0.00877	0.00762
4	0.39759	0.01226	0.01220	0.01119	0.01431	0.01340	0.00852	0.02009	0.01354	0.07794	0.01445	0.01954	0.01217	0.01665	0.01668	0.31462	0.00680	0.00593	0.00492	0.00718
5	0.01549	0.00774	0.00774	0.00774	0.00968	0.00774	0.00581	0.01936	0.01742	0.03097	0.02710	0.03097	0.02129	0.00968	0.00581	0.00194	0.00387	0.00774	0.75416	0.00774
6	0.02062	0.01703	0.01831	0.01630	0.02071	0.01928	0.01267	0.11750	0.46505	0.03591	0.07852	0.08567	0.03014	0.01270	0.00871	0.00280	0.00658	0.01069	0.00843	0.01237
7	0.01405	0.00915	0.01095	0.01010	0.01298	0.00802	0.00772	0.01710	0.02157	0.10583	0.33077	0.06563	0.31925	0.01791	0.00963	0.00269	0.00443	0.01529	0.00867	0.00826
8	0.02661	0.11675	0.02649	0.02063	0.02414	0.42750	0.01638	0.02874	0.01992	0.02015	0.01218	0.01561	0.01075	0.00993	0.01235	0.00248	0.19002	0.00574	0.00402	0.00962
9	0.03103	0.03959	0.02354	0.02140	0.02568	0.67469	0.01605	0.03317	0.02354	0.02033	0.01284	0.01498	0.01070	0.00856	0.00749	0.00214	0.01498	0.00535	0.00428	0.00963
10	0.01635	0.01384	0.01629	0.01221	0.01875	0.01054	0.00958	0.01977	0.01706	0.02635	0.01858	0.10140	0.01754	0.00859	0.00670	0.00149	0.00599	0.00722	0.00526	0.66646
11	0.06061	0.02095	0.02097	0.01771	0.02178	0.10164	0.01424	0.22121	0.12438	0.03406	0.02787	0.02870	0.10267	0.01236	0.01218	0.00278	0.14938	0.00872	0.00664	0.01114
12	0.01276	0.01134	0.01122	0.01241	0.01351	0.08887	0.00849	0.01427	0.01689	0.02094	0.04373	0.53782	0.09443	0.05746	0.01174	0.00341	0.00618	0.02033	0.00716	0.00704
13	0.24443	0.01832	0.01687	0.01504	0.01953	0.06930	0.01176	0.13708	0.20152	0.03545	0.02493	0.12671	0.02192	0.01206	0.00770	0.00272	0.00737	0.00948	0.00700	0.01082
14	0.02145	0.62064	0.12923	0.01552	0.02334	0.03100	0.01649	0.02507	0.01697	0.02048	0.01201	0.01391	0.01064	0.00722	0.00568	0.00189	0.00935	0.00468	0.00355	0.01088
15	0.01250	0.01030	0.01438	0.01380	0.01529	0.01218	0.01088	0.01513	0.01428	0.01998	0.03185	0.03904	0.13576	0.04703	0.44842	0.00985	0.12657	0.01023	0.00492	0.00761
16	0.01094	0.00846	0.00997	0.00960	0.01191	0.00749	0.00720	0.01410	0.02159	0.02874	0.41306	0.06958	0.32002	0.01869	0.00981	0.00269	0.00404	0.01608	0.00854	0.00749
17	0.02970	0.01239	0.01656	0.01330	0.01812	0.01094	0.01052	0.03259	0.02212	0.47200	0.13124	0.03730	0.03118	0.10757	0.01326	0.00333	0.00670	0.00994	0.00938	0.01187
18	0.01191	0.00849	0.01158	0.01342	0.01463	0.00828	0.01057	0.01454	0.01743	0.02291	0.04402	0.35669	0.05017	0.05305	0.01239	0.00381	0.00644	0.32499	0.00757	0.00715
19	0.01076	0.00845	0.00972	0.00940	0.01180	0.00741	0.00705	0.01374	0.02115	0.02770	0.35851	0.07130	0.37522	0.01908	0.00981	0.00271	0.00407	0.01632	0.00841	0.00741
20	0.01549	0.00774	0.00774	0.00774	0.00968	0.00774	0.00581	0.01936	0.01742	0.03097	0.02710	0.03097	0.02129	0.00968	0.00581	0.00194	0.00387	0.00774	0.75416	0.00774
21	0.01723	0.01477	0.01723	0.01230	0.01969	0.01107	0.00984	0.02092	0.01723	0.02707	0.01477	0.01723	0.01230	0.00615	0.00615	0.00123	0.00615	0.00492	0.00492	0.75883
22	0.02185	0.02218	0.03247	0.04736	0.57878	0.10018	0.02434	0.02644	0.01948	0.02630	0.01528	0.01988	0.01286	0.00754	0.00813	0.00243	0.01050	0.00715	0.00413	0.01273
23	0.01953	0.01869	0.03186	0.18584	0.52943	0.01947	0.02498	0.02459	0.01843	0.02589	0.01544	0.02090	0.01272	0.00759	0.00824	0.00253	0.01012	0.00740	0.00402	0.01233
24	0.06245	0.02748	0.07398	0.03295	0.29168	0.23293	0.02039	0.03036	0.09882	0.02635	0.01676	0.01948	0.01349	0.00832	0.00783	0.00242	0.01111	0.00674	0.00473	0.01173

[dist]
# distance from previous block
# <min> <max>
0	6

[block]
# block no. 2 follows, 22 sequences, length 38
# corresponding to MSA columns:
# 92-129
name=unknown_C
#
# <colnr> <probs for GDERKNQSTAVLIFYWHMCP>
#	G	D	E	R	K	N	Q	S	T	A	V	L	I	F	Y	W	H	M	C	P
0	0.53875	0.05871	0.09606	0.01385	0.02006	0.05266	0.01285	0.07333	0.01716	0.03533	0.01271	0.01457	0.00977	0.00792	0.00586	0.00251	0.00792	0.00498	0.00506	0.00993
1	0.02215	0.52095	0.03933	0.07308	0.10289	0.07848	0.01645	0.02529	0.01761	0.02068	0.01241	0.01505	0.01101	0.00735	0.00609	0.00197	0.00964	0.00511	0.00369	0.01078
2	0.01191	0.00875	0.01260	0.01260	0.01382	0.00998	0.00945	0.01435	0.01313	0.01873	0.02294	0.03645	0.02242	0.17558	0.56411	0.01242	0.01976	0.00946	0.00455	0.00700
3	0.12706	0.02171	0.08147	0.06188	0.05709	0.04545	0.03850	0.19391	0.12382	0.13450	0.02163	0.02198	0.01547	0.00934	0.00789	0.00259	0.00889	0.00739	0.00697	0.01247
4	0.02414	0.18113	0.18664	0.02281	0.07742	0.29215	0.02012	0.02845	0.01974	0.02216	0.01320	0.01586	0.01086	0.00829	0.00817	0.00228	0.04630	0.00561	0.00389	0.01076
5	0.01055	0.00819	0.00970	0.01053	0.01239	0.00734	0.00784	0.01282	0.01834	0.02323	0.11156	0.28317	0.33076	0.02260	0.01030	0.00311	0.00485	0.09782	0.00782	0.00708
6	0.01775	0.04272	0.61664	0.02351	0.03518	0.06870	0.02959	0.02683	0.01799	0.02586	0.01475	0.01735	0.01054	0.00794	0.00786	0.00259	0.01248	0.00608	0.00357	0.01208
7	0.01571	0.04390	0.01716	0.01915	0.14218	0.01225	0.01190	0.02020	0.07026	0.07421	0.07553	0.19296	0.23818	0.01695	0.00924	0.00279	0.00609	0.01475	0.00713	0.00945
8	0.01176	0.00849	0.01110	0.01045	0.01241	0.00784	0.00784	0.01568	0.02352	0.03331	0.65184	0.06206	0.07839	0.01698	0.00980	0.00261	0.00392	0.01502	0.00914	0.00784
9	0.01723	0.01477	0.01723	0.01230	0.01969	0.01107	0.00984	0.02092	0.01723	0.02707	0.01477	0.01723	0.01230	0.00615	0.00615	0.00123	0.00615	0.00492	0.00492	0.75883
10	0.03176	0.01798	0.02105	0.01669	0.02281	0.01856	0.01361	0.23693	0.16356	0.32232	0.02873	0.02610	0.01947	0.01039	0.00836	0.00260	0.00765	0.00829	0.00923	0.01392
11	0.02661	0.03148	0.05639	0.02778	0.17381	0.37203	0.01860	0.06451	0.10058	0.02576	0.01661	0.01869	0.01330	0.00867	0.00785	0.00234	0.01228	0.00649	0.00494	0.01127
12	0.01549	0.00774	0.00774	0.00774	0.00968	0.00774	0.00581	0.01936	0.01742	0.03097	0.02710	0.03097	0.02129	0.00968	0.00581	0.00194	0.00387	0.00774	0.75416	0.00774
13	0.01208	0.00805	0.00906	0.00906	0.00906	0.00805	0.00503	0.01208	0.01208	0.01611	0.02618	0.05436	0.03020	0.70804	0.04228	0.00805	0.00805	0.01208	0.00503	0.00503
14	0.02509	0.02706	0.21428	0.01957	0.02743	0.02141	0.01930	0.25886	0.17180	0.09568	0.02284	0.02256	0.01626	0.00968	0.00822	0.00262	0.00929	0.00760	0.00709	0.01335
15	0.02683	0.02344	0.07489	0.02726	0.18401	0.02336	0.01913	0.38554	0.08046	0.04268	0.01959	0.02080	0.01451	0.00928	0.00827	0.00252	0.00936	0.00751	0.00691	0.01367
16	0.02076	0.02175	0.02513	0.02163	0.02259	0.12719	0.01774	0.04806	0.01554	0.02143	0.01159	0.01775	0.01101	0.01341	0.02335	0.00335	0.55741	0.00698	0.00394	0.00939
17	0.01012	0.00723	0.00964	0.01157	0.01205	0.00675	0.00771	0.01157	0.01591	0.02121	0.04579	0.70262	0.05495	0.02603	0.01060	0.00337	0.00482	0.02362	0.00771	0.00675
18	0.01187	0.00890	0.01335	0.01335	0.01483	0.01038	0.01038	0.01483	0.01335	0.01928	0.02225	0.03264	0.02077	0.06231	0.67512	0.01335	0.02225	0.00890	0.00445	0.00742
19	0.03158	0.02327	0.02493	0.01911	0.02576	0.02576	0.01579	0.62852	0.03906	0.05236	0.01995	0.01995	0.01413	0.00997	0.00831	0.00249	0.00914	0.00748	0.00831	0.01413
20	0.02074	0.01466	0.01759	0.01274	0.01995	0.01127	0.01026	0.02435	0.01838	0.13845	0.01792	0.01916	0.01375	0.00688	0.00654	0.00147	0.00631	0.00552	0.00586	0.62819
21	0.01187	0.00890	0.01335	0.01335	0.01483	0.01038	0.01038	0.01483	0.01335	0.01928	0.02225	0.03264	0.02077	0.06231	0.67512	0.01335	0.02225	0.00890	0.00445	0.00742
22	0.02124	0.30070	0.03626	0.03280	0.33772	0.02515	0.01973	0.02704	0.07795	0.02479	0.01572	0.01863	0.01332	0.00765	0.00707	0.00222	0.00915	0.00639	0.00430	0.01215
23	0.06099	0.04885	0.02341	0.01817	0.02412	0.11377	0.01475	0.35343	0.12956	0.09696	0.02164	0.02123	0.01566	0.00981	0.00798	0.00248	0.00924	0.00733	0.00764	0.01300
24	0.09127	0.15313	0.35993	0.02224	0.03200	0.02155	0.12347	0.02661	0.01774	0.05693	0.01518	0.01774	0.01123	0.00771	0.00752	0.00250	0.01115	0.00640	0.00412	0.01159
25	0.02386	0.16530	0.20909	0.02483	0.13849	0.02369	0.02119	0.20651	0.02437	0.06200	0.01669	0.01844	0.01255	0.00838	0.00759	0.00239	0.01000	0.00652	0.00537	0.01275
26	0.02882	0.08462	0.02725	0.02484	0.12726	0.29815	0.01734	0.23262	0.02751	0.03220	0.01559	0.01743	0.01225	0.00873	0.00771	0.00228	0.01169	0.00633	0.00556	0.01180
27	0.08258	0.02783	0.32220	0.01867	0.02775	0.01602	0.02065	0.03261	0.02012	0.31615	0.02278	0.02212	0.01497	0.00897	0.00790	0.00260	0.00947	0.00702	0.00671	0.01288
28	0.01932	0.06055	0.02844	0.03448	0.33909	0.06142	0.02011	0.02298	0.01687	0.02345	0.01543	0.02141	0.01374	0.01851	0.12879	0.00455	0.14851	0.00733	0.00405	0.01097
29	0.02023	0.33005	0.03589	0.02077	0.05571	0.06097	0.10670	0.02352	0.01658	0.02107	0.01382	0.01837	0.01237	0.01530	0.09279	0.00374	0.13166	0.00649	0.00384	0.01013
30	0.01188	0.00883	0.01110	0.01220	0.01372	0.00858	0.00921	0.01545	0.05508	0.02357	0.08685	0.31105	0.13708	0.07743	0.01308	0.00371	0.00582	0.18039	0.00762	0.00735
31	0.01796	0.07920	0.45025	0.02817	0.10975	0.02048	0.12634	0.02617	0.01800	0.02603	0.01509	0.01843	0.01118	0.00764	0.00808	0.00259	0.01206	0.00678	0.00370	0.01210
32	0.01630	0.02055	0.15260	0.03150	0.28574	0.01552	0.05682	0.02122	0.01793	0.02510	0.02827	0.19527	0.07128	0.01317	0.00897	0.00277	0.00891	0.01212	0.00517	0.01080
33	0.01008	0.00738	0.00949	0.01118	0.01195	0.00678	0.00754	0.01161	0.01628	0.02136	0.05052	0.62576	0.12875	0.02541	0.01051	0.00330	0.00474	0.02287	0.00771	0.00678
34	0.16951	0.29933	0.16287	0.02076	0.10549	0.07076	0.01816	0.02575	0.01720	0.02550	0.01286	0.01528	0.01063	0.00753	0.00635	0.00223	0.00965	0.00525	0.00398	0.01091
35	0.01016	0.00807	0.00900	0.00949	0.01145	0.00705	0.00677	0.01213	0.01815	0.02268	0.11611	0.25282	0.41118	0.05232	0.01147	0.00318	0.00453	0.01881	0.00771	0.00692
36	0.02009	0.43759	0.16461	0.01576	0.02397	0.02576	0.01669	0.02438	0.01708	0.02242	0.01287	0.01496	0.01096	0.00708	0.00602	0.00184	0.00903	0.00488	0.00382	0.16019
37	0.01939	0.06145	0.15956	0.03584	0.32474	0.01960	0.09787	0.02608	0.04579	0.02683	0.01611	0.01989	0.01287	0.00747	0.00798	0.00238	0.01025	0.00710	0.00425	0.09453

[dist]
# distance from previous block
# <min> <max>
0	1

[block]
# block no. 3 follows, 22 sequences, length 41
# corresponding to MSA columns:
# 131-171
name=unknown_D
#
# <colnr> <probs for GDERKNQSTAVLIFYWHMCP>
#	G	D	E	R	K	N	Q	S	T	A	V	L	I	F	Y	W	H	M	C	P
0	0.05166	0.01748	0.02579	0.07283	0.36473	0.01838	0.01949	0.02822	0.17114	0.02852	0.02588	0.05860	0.06086	0.01020	0.00837	0.00264	0.00836	0.00920	0.00561	0.01204
1	0.01110	0.00816	0.01171	0.01256	0.01360	0.00878	0.00920	0.01339	0.01448	0.02013	0.03266	0.32889	0.03588	0.04626	0.38128	0.00894	0.01454	0.01541	0.00589	0.00712
2	0.03082	0.01951	0.02200	0.01741	0.02357	0.02082	0.01420	0.33522	0.16551	0.22103	0.02659	0.02470	0.01839	0.01034	0.00835	0.00259	0.00800	0.00814	0.00890	0.01392
3	0.01146	0.00984	0.01122	0.01063	0.01264	0.00995	0.00805	0.01340	0.01753	0.02208	0.10476	0.06656	0.44668	0.09846	0.01615	0.00352	0.10783	0.01520	0.00689	0.00715
4	0.05789	0.02650	0.02412	0.01957	0.02516	0.21449	0.04661	0.34735	0.03121	0.03942	0.07026	0.02189	0.01822	0.00990	0.00815	0.00242	0.01057	0.00749	0.00686	0.01193
5	0.02095	0.01833	0.02815	0.09509	0.35866	0.01909	0.04454	0.13993	0.02161	0.02982	0.01801	0.02572	0.01569	0.11296	0.01342	0.00335	0.00973	0.00821	0.00503	0.01170
6	0.02465	0.05679	0.13084	0.01884	0.02574	0.02315	0.01725	0.28577	0.25455	0.04002	0.02378	0.02327	0.01747	0.00996	0.00815	0.00260	0.00872	0.00781	0.00734	0.01330
7	0.01204	0.00822	0.00990	0.00990	0.01019	0.00851	0.00608	0.01262	0.01233	0.01673	0.02541	0.05010	0.02835	0.58126	0.16653	0.00909	0.01084	0.01146	0.00492	0.00550
8	0.02575	0.17454	0.03110	0.02780	0.21165	0.13382	0.01827	0.19590	0.04947	0.03170	0.01620	0.01830	0.01296	0.00840	0.00751	0.00228	0.01018	0.00652	0.00536	0.01230
9	0.02313	0.57831	0.07748	0.01579	0.02280	0.12269	0.01545	0.02613	0.01786	0.02006	0.01193	0.01381	0.01066	0.00736	0.00579	0.00188	0.00995	0.00467	0.00365	0.01061
10	0.01205	0.00818	0.00970	0.00970	0.00993	0.00840	0.00584	0.01249	0.01227	0.01658	0.02559	0.05111	0.02879	0.61127	0.13712	0.00885	0.01018	0.01160	0.00495	0.00539
11	0.01898	0.23447	0.24819	0.01726	0.02476	0.02097	0.01868	0.05942	0.01900	0.05517	0.08670	0.02390	0.02017	0.01630	0.09808	0.00382	0.01125	0.00717	0.00487	0.01083
12	0.01008	0.00741	0.00946	0.01110	0.01193	0.00679	0.00750	0.01162	0.01636	0.02139	0.05154	0.60931	0.14455	0.02528	0.01049	0.00329	0.00473	0.02271	0.00771	0.00679
13	0.02200	0.02371	0.02836	0.22908	0.30874	0.19847	0.02220	0.02635	0.01951	0.02355	0.01461	0.01950	0.01188	0.00798	0.00805	0.00247	0.01162	0.00684	0.00404	0.01105
14	0.01290	0.01065	0.01168	0.01153	0.01454	0.01045	0.00906	0.02007	0.15447	0.02635	0.11067	0.07016	0.37428	0.01891	0.00979	0.00296	0.00526	0.10979	0.00798	0.00851
15	0.01053	0.00768	0.00924	0.01029	0.01116	0.00712	0.00677	0.01177	0.01564	0.02025	0.04932	0.41415	0.17716	0.18807	0.01801	0.00437	0.00546	0.01955	0.00707	0.00639
16	0.01161	0.00909	0.01236	0.11196	0.01884	0.00901	0.00984	0.01483	0.01976	0.02659	0.30654	0.22601	0.15506	0.01870	0.00979	0.00287	0.00527	0.01653	0.00772	0.00763
17	0.00997	0.00832	0.00870	0.00881	0.01137	0.00705	0.00653	0.01214	0.01898	0.02306	0.11849	0.13089	0.56480	0.02119	0.00988	0.00284	0.00424	0.01788	0.00781	0.00705
18	0.01723	0.01477	0.01723	0.01230	0.01969	0.01107	0.00984	0.02092	0.01723	0.02707	0.01477	0.01723	0.01230	0.00615	0.00615	0.00123	0.00615	0.00492	0.00492	0.75883
19	0.20550	0.02679	0.02141	0.04927	0.02461	0.26164	0.01476	0.19660	0.02459	0.03338	0.01449	0.01657	0.01129	0.00914	0.00853	0.00247	0.05675	0.00597	0.00555	0.01069
20	0.01426	0.01690	0.13983	0.01511	0.01881	0.01328	0.01390	0.05787	0.01703	0.02375	0.05701	0.10644	0.09529	0.10496	0.20444	0.00646	0.06938	0.01125	0.00543	0.00859
21	0.01336	0.01125	0.01465	0.01431	0.01588	0.05055	0.01117	0.01622	0.01392	0.01939	0.02104	0.03076	0.01961	0.05638	0.59835	0.01213	0.06040	0.00860	0.00439	0.00764
22	0.02328	0.02490	0.03107	0.04330	0.49231	0.19000	0.02304	0.02749	0.02012	0.02537	0.01490	0.01911	0.01252	0.00770	0.00803	0.00238	0.01120	0.00687	0.00416	0.01224
23	0.04830	0.01770	0.02348	0.02205	0.09207	0.05276	0.07113	0.11452	0.02063	0.02876	0.09264	0.03124	0.08688	0.01672	0.06922	0.00375	0.18308	0.00940	0.00566	0.01005
24	0.02725	0.12306	0.02649	0.05996	0.02646	0.46486	0.01651	0.02961	0.02081	0.02024	0.01253	0.01562	0.01075	0.00916	0.00992	0.00233	0.10512	0.00561	0.00406	0.00967
25	0.02056	0.01974	0.03372	0.05099	0.65622	0.01974	0.02550	0.02550	0.01892	0.02714	0.01563	0.02056	0.01316	0.00740	0.00822	0.00247	0.00987	0.00740	0.00411	0.01316
26	0.01933	0.01669	0.01751	0.01587	0.02033	0.01899	0.01231	0.04019	0.56494	0.03324	0.03998	0.03700	0.10228	0.01247	0.00862	0.00282	0.00628	0.01039	0.00836	0.01240
27	0.00982	0.00842	0.00842	0.00842	0.01122	0.00701	0.00631	0.01192	0.01894	0.02244	0.08416	0.07995	0.65285	0.02104	0.00982	0.00281	0.00421	0.01753	0.00771	0.00701
28	0.01187	0.00890	0.01335	0.01335	0.01483	0.01038	0.01038	0.01483	0.01335	0.01928	0.02225	0.03264	0.02077	0.06231	0.67512	0.01335	0.02225	0.00890	0.00445	0.00742
29	0.01549	0.00774	0.00774	0.00774	0.00968	0.00774	0.00581	0.01936	0.01742	0.03097	0.02710	0.03097	0.02129	0.00968	0.00581	0.00194	0.00387	0.00774	0.75416	0.00774
30	0.01569	0.01477	0.02492	0.68808	0.05722	0.01846	0.02307	0.02123	0.01661	0.02123	0.01477	0.02215	0.01107	0.00831	0.00831	0.00277	0.01107	0.00738	0.00369	0.00923
31	0.01549	0.00774	0.00774	0.00774	0.00968	0.00774	0.00581	0.01936	0.01742	0.03097	0.02710	0.03097	0.02129	0.00968	0.00581	0.00194	0.00387	0.00774	0.75416	0.00774
32	0.02221	0.71304	0.04353	0.01421	0.02132	0.03287	0.01421	0.02488	0.01688	0.01955	0.01155	0.01333	0.01066	0.00711	0.00533	0.00178	0.00888	0.00444	0.00355	0.01066
33	0.03103	0.03959	0.02354	0.02140	0.02568	0.67469	0.01605	0.03317	0.02354	0.02033	0.01284	0.01498	0.01070	0.00856	0.00749	0.00214	0.01498	0.00535	0.00428	0.00963
34	0.02360	0.01923	0.02539	0.29235	0.09457	0.02201	0.01946	0.29877	0.05943	0.03660	0.01818	0.02146	0.01339	0.00914	0.00831	0.00262	0.00985	0.00753	0.00608	0.01201
35	0.02030	0.02130	0.07622	0.04915	0.61446	0.01971	0.02585	0.02555	0.01882	0.02708	0.01558	0.02036	0.01298	0.00743	0.00820	0.00248	0.01003	0.00732	0.00407	0.01310
36	0.02066	0.01785	0.01878	0.01691	0.02160	0.02066	0.01315	0.04414	0.64121	0.03475	0.03381	0.03099	0.02536	0.01127	0.00845	0.00282	0.00657	0.00939	0.00845	0.01315
37	0.01809	0.03426	0.42503	0.03318	0.23735	0.01954	0.06326	0.02606	0.01810	0.02660	0.01525	0.01880	0.01150	0.00768	0.00811	0.00259	0.01160	0.00676	0.00374	0.01250
38	0.01933	0.01990	0.05734	0.07061	0.44918	0.06172	0.02171	0.02357	0.01813	0.02481	0.01826	0.06309	0.01706	0.08575	0.01205	0.00313	0.00989	0.00865	0.00438	0.01143
39	0.21158	0.02733	0.17977	0.02829	0.22046	0.10779	0.02072	0.06213	0.01918	0.03009	0.01430	0.01724	0.01119	0.00791	0.00727	0.00249	0.01022	0.00608	0.00450	0.01147
40	0.04304	0.01558	0.08855	0.05171	0.04944	0.01409	0.03649	0.01716	0.01663	0.02301	0.04180	0.18389	0.21595	0.01705	0.01286	0.00304	0.14150	0.01377	0.00584	0.00858

[dist]
# distance from previous block
# <min> <max>
1	10

[block]
# block no. 4 follows, 22 sequences, length 17
# corresponding to MSA columns:
# 182-198
name=unknown_E
#
# <colnr> <probs for GDERKNQSTAVLIFYWHMCP>
#	G	D	E	R	K	N	Q	S	T	A	V	L	I	F	Y	W	H	M	C	P
0	0.11233	0.20134	0.10678	0.02283	0.13155	0.16136	0.01752	0.06652	0.01961	0.02596	0.01430	0.01816	0.01219	0.04656	0.00881	0.00257	0.01044	0.00598	0.00439	0.01079
1	0.02011	0.02450	0.13265	0.02997	0.22797	0.12850	0.07607	0.02496	0.01982	0.04863	0.07411	0.08967	0.04503	0.01080	0.00861	0.00258	0.01024	0.00963	0.00516	0.01099
2	0.01691	0.07384	0.02289	0.02708	0.27029	0.06115	0.01553	0.02047	0.01977	0.02558	0.13202	0.04346	0.21218	0.01295	0.00864	0.00251	0.00756	0.01117	0.00591	0.01007
3	0.01352	0.01656	0.14205	0.01578	0.01958	0.01217	0.04169	0.01970	0.09421	0.02360	0.03261	0.32556	0.03459	0.06615	0.09792	0.00471	0.00939	0.01514	0.00623	0.00883
4	0.01787	0.02419	0.18235	0.03135	0.18563	0.01820	0.21032	0.02530	0.05358	0.02739	0.07465	0.02862	0.06330	0.00936	0.00889	0.00266	0.01065	0.00931	0.00491	0.01147
5	0.76672	0.01607	0.01221	0.01092	0.01607	0.01864	0.00900	0.02442	0.01414	0.03727	0.01157	0.01350	0.00900	0.00771	0.00514	0.00257	0.00643	0.00450	0.00514	0.00900
6	0.02056	0.01974	0.03372	0.05099	0.65622	0.01974	0.02550	0.02550	0.01892	0.02714	0.01563	0.02056	0.01316	0.00740	0.00822	0.00247	0.00987	0.00740	0.00411	0.01316
7	0.01319	0.01001	0.01197	0.01189	0.01401	0.00991	0.00870	0.05772	0.08759	0.02885	0.24540	0.29758	0.13162	0.01979	0.00986	0.00294	0.00493	0.01744	0.00830	0.00832
8	0.76672	0.01607	0.01221	0.01092	0.01607	0.01864	0.00900	0.02442	0.01414	0.03727	0.01157	0.01350	0.00900	0.00771	0.00514	0.00257	0.00643	0.00450	0.00514	0.00900
9	0.01008	0.00741	0.00946	0.01109	0.01192	0.00679	0.00750	0.01162	0.01636	0.02139	0.05155	0.60909	0.14475	0.02528	0.01049	0.00329	0.00473	0.02270	0.00771	0.00679
10	0.01176	0.00849	0.01110	0.01045	0.01241	0.00784	0.00784	0.01568	0.02352	0.03331	0.65184	0.06206	0.07839	0.01698	0.00980	0.00261	0.00392	0.01502	0.00914	0.00784
11	0.02056	0.01974	0.03372	0.05099	0.65622	0.01974	0.02550	0.02550	0.01892	0.02714	0.01563	0.02056	0.01316	0.00740	0.00822	0.00247	0.00987	0.00740	0.00411	0.01316
12	0.00982	0.00842	0.00842	0.00842	0.01122	0.00701	0.00631	0.01192	0.01894	0.02244	0.08416	0.07995	0.65285	0.02104	0.00982	0.00281	0.00421	0.01753	0.00771	0.00701
13	0.01042	0.00844	0.00925	0.00904	0.01159	0.00727	0.00678	0.01308	0.02035	0.02580	0.25957	0.07442	0.47534	0.01979	0.00981	0.00275	0.00412	0.01676	0.00816	0.00727
14	0.01024	0.00728	0.00960	0.01142	0.01187	0.00683	0.00755	0.01160	0.01567	0.02090	0.04460	0.66342	0.05345	0.06727	0.01252	0.00366	0.00502	0.02292	0.00755	0.00664
15	0.02858	0.03441	0.02428	0.07264	0.05369	0.51325	0.01710	0.06745	0.02302	0.02261	0.01340	0.01628	0.01105	0.00900	0.00902	0.00233	0.06162	0.00585	0.00443	0.00998
16	0.02568	0.03274	0.12078	0.02937	0.17162	0.32100	0.07104	0.08135	0.02264	0.02603	0.01472	0.01766	0.01169	0.00819	0.00798	0.00237	0.01285	0.00648	0.00447	0.01133

[dist]
# distance from previous block
# <min> <max>
3	7

[block]
# block no. 5 follows, 22 sequences, length 11
# corresponding to MSA columns:
# 206-216
name=unknown_F
#
# <colnr> <probs for GDERKNQSTAVLIFYWHMCP>
#	G	D	E	R	K	N	Q	S	T	A	V	L	I	F	Y	W	H	M	C	P
0	0.02624	0.02807	0.02521	0.02729	0.18139	0.29831	0.01759	0.10879	0.10920	0.02854	0.01746	0.01935	0.01387	0.00868	0.00783	0.00231	0.01127	0.00667	0.00537	0.05656
1	0.01683	0.01414	0.01606	0.01204	0.01846	0.01137	0.00959	0.06473	0.01920	0.02805	0.02893	0.02988	0.13961	0.00939	0.00704	0.00164	0.00599	0.00762	0.00573	0.55368
2	0.01930	0.02136	0.06037	0.20876	0.23048	0.10479	0.06886	0.02395	0.01839	0.02362	0.02021	0.02482	0.06333	0.00947	0.00994	0.00266	0.06675	0.00806	0.00425	0.01062
3	0.28946	0.02636	0.14444	0.01602	0.02185	0.19187	0.01487	0.02532	0.01862	0.02907	0.08183	0.02452	0.06499	0.00990	0.00713	0.00249	0.00945	0.00708	0.00518	0.00955
4	0.01022	0.00806	0.00897	0.00946	0.01132	0.00709	0.00667	0.01206	0.01774	0.02215	0.10140	0.24688	0.39797	0.08594	0.01305	0.00344	0.00472	0.01854	0.00755	0.00680
5	0.02059	0.32875	0.12977	0.01919	0.05335	0.02637	0.01783	0.07945	0.01807	0.02404	0.01375	0.01735	0.01192	0.01324	0.06282	0.00326	0.13934	0.00600	0.00410	0.01079
6	0.01508	0.01323	0.01969	0.02182	0.14268	0.01453	0.04711	0.01715	0.01489	0.02074	0.02627	0.12400	0.06131	0.25473	0.02452	0.00480	0.15243	0.01183	0.00501	0.00819
7	0.01679	0.01434	0.01517	0.01415	0.01795	0.01573	0.01082	0.03252	0.41713	0.03021	0.04836	0.10640	0.19554	0.01525	0.00902	0.00287	0.00578	0.01288	0.00819	0.01092
8	0.11538	0.12100	0.15856	0.02420	0.15032	0.02225	0.01916	0.10074	0.15128	0.03177	0.01874	0.02016	0.01443	0.00862	0.00742	0.00249	0.00901	0.00679	0.00545	0.01222
9	0.02253	0.06334	0.06701	0.07014	0.02610	0.02088	0.01593	0.19452	0.07984	0.05362	0.01775	0.01993	0.01374	0.00950	0.01062	0.00240	0.11696	0.00678	0.00589	0.18250
10	0.02570	0.07197	0.02268	0.01982	0.06181	0.34959	0.01454	0.12993	0.02458	0.02661	0.02831	0.02897	0.13893	0.01112	0.00800	0.00233	0.01114	0.00820	0.00560	0.01017

[dist]
# distance from previous block
# <min> <max>
0	6

[block]
# block no. 6 follows, 22 sequences, length 26
# corresponding to MSA columns:
# 223-248
name=unknown_G
#
# <colnr> <probs for GDERKNQSTAVLIFYWHMCP>
#	G	D	E	R	K	N	Q	S	T	A	V	L	I	F	Y	W	H	M	C	P
0	0.07879	0.24269	0.11318	0.01784	0.02362	0.09602	0.01677	0.05311	0.06740	0.06604	0.01550	0.01760	0.01251	0.00943	0.01047	0.00249	0.13476	0.00606	0.00478	0.01092
1	0.01531	0.01954	0.10409	0.01422	0.01864	0.13172	0.04075	0.01852	0.01903	0.02225	0.05335	0.05449	0.36261	0.07514	0.01191	0.00311	0.00809	0.01289	0.00611	0.00825
2	0.01645	0.01561	0.05692	0.02065	0.13198	0.01479	0.01422	0.02707	0.21973	0.03141	0.25147	0.04409	0.07142	0.01332	0.00904	0.00271	0.00650	0.03435	0.00756	0.01071
3	0.24105	0.01634	0.02386	0.05986	0.14028	0.01655	0.12997	0.02263	0.01785	0.03004	0.08922	0.02776	0.06871	0.00947	0.00773	0.00251	0.00828	0.00840	0.00531	0.07416
4	0.02811	0.20885	0.02878	0.01855	0.02426	0.27755	0.01528	0.19778	0.07246	0.03013	0.01606	0.01713	0.01275	0.00878	0.00723	0.00219	0.01113	0.00601	0.00553	0.01142
5	0.30615	0.06681	0.01703	0.01552	0.06667	0.01705	0.01117	0.02568	0.12875	0.05640	0.02710	0.14954	0.05673	0.01252	0.00740	0.00271	0.00651	0.01003	0.00637	0.00988
6	0.12465	0.05504	0.01843	0.01590	0.01936	0.24876	0.01219	0.02607	0.08556	0.02355	0.01856	0.02466	0.01647	0.08749	0.18272	0.00570	0.01382	0.00717	0.00493	0.00898
7	0.02492	0.32939	0.03447	0.02465	0.15984	0.25309	0.01729	0.02789	0.01963	0.02146	0.01288	0.01546	0.01121	0.00768	0.00671	0.00205	0.01122	0.00540	0.00393	0.01084
8	0.01624	0.01473	0.02409	0.15986	0.30265	0.01576	0.01911	0.02050	0.01685	0.02333	0.02275	0.02903	0.06495	0.02468	0.20317	0.00573	0.01328	0.00863	0.00441	0.01024
9	0.01451	0.14449	0.13694	0.01341	0.01866	0.01519	0.01308	0.02003	0.06749	0.02522	0.14056	0.07814	0.25152	0.01490	0.00857	0.00258	0.00672	0.01229	0.00646	0.00925
10	0.01006	0.00828	0.00885	0.00902	0.01145	0.00707	0.00664	0.01227	0.01903	0.02341	0.13809	0.15596	0.51866	0.02124	0.00991	0.00286	0.00425	0.01803	0.00786	0.00707
11	0.02104	0.13555	0.17090	0.03327	0.24706	0.09796	0.12673	0.02665	0.01896	0.02490	0.01472	0.01846	0.01183	0.00753	0.00789	0.00241	0.01153	0.00685	0.00393	0.01184
12	0.01352	0.00851	0.01087	0.01113	0.01303	0.00767	0.00801	0.01587	0.01914	0.09636	0.19728	0.36745	0.15711	0.02123	0.01002	0.00300	0.00475	0.01880	0.00835	0.00789
13	0.01949	0.01872	0.02893	0.04178	0.50116	0.05344	0.02167	0.02408	0.02003	0.02792	0.13452	0.02802	0.02523	0.00926	0.00848	0.00248	0.00904	0.00872	0.00506	0.01197
14	0.01666	0.04297	0.66500	0.02368	0.03596	0.01929	0.03069	0.02631	0.01754	0.02631	0.01491	0.01754	0.01052	0.00789	0.00789	0.00263	0.01228	0.00614	0.00351	0.01228
15	0.16791	0.03162	0.02174	0.01895	0.02391	0.40971	0.01468	0.16277	0.02521	0.03054	0.01417	0.01580	0.01114	0.00871	0.00723	0.00230	0.01210	0.00566	0.00533	0.01050
16	0.02037	0.27995	0.34732	0.02122	0.05588	0.09558	0.02302	0.02651	0.01802	0.02329	0.01352	0.01589	0.01070	0.00767	0.00695	0.00227	0.01126	0.00550	0.00363	0.01145
17	0.01109	0.00940	0.00969	0.00945	0.01238	0.00849	0.00713	0.01554	0.08365	0.02453	0.12152	0.07354	0.54485	0.01972	0.00968	0.00279	0.00443	0.01650	0.00790	0.00771
18	0.01039	0.00817	0.00908	0.00935	0.01130	0.00719	0.00664	0.01240	0.01827	0.02304	0.14979	0.18869	0.39558	0.09627	0.01350	0.00345	0.00470	0.01770	0.00762	0.00686
19	0.01864	0.01909	0.07314	0.02047	0.02250	0.02209	0.01802	0.08631	0.01714	0.02491	0.01826	0.03215	0.01798	0.01506	0.02079	0.00347	0.43968	0.11579	0.00487	0.00962
20	0.01416	0.00844	0.01037	0.01053	0.01140	0.00806	0.00672	0.01500	0.01465	0.08824	0.03354	0.27129	0.03754	0.40078	0.02785	0.00587	0.00685	0.01559	0.00651	0.00661
21	0.01776	0.01809	0.06465	0.17112	0.38207	0.01774	0.02254	0.02273	0.01735	0.02446	0.01662	0.02292	0.01398	0.01767	0.13034	0.00453	0.01252	0.00760	0.00405	0.01126
22	0.01169	0.00872	0.01121	0.01156	0.01312	0.00890	0.00877	0.01396	0.01550	0.02039	0.04224	0.06015	0.18254	0.18597	0.25256	0.00787	0.01206	0.12000	0.00596	0.00684
23	0.02257	0.15540	0.09856	0.06414	0.16616	0.19080	0.01900	0.02818	0.06597	0.02410	0.01530	0.01801	0.01249	0.00793	0.00729	0.00220	0.01075	0.00610	0.00436	0.08070
24	0.11221	0.18805	0.20446	0.04481	0.05251	0.09298	0.01864	0.05308	0.01859	0.02656	0.01373	0.01616	0.01092	0.00762	0.00673	0.00218	0.00996	0.00546	0.00424	0.11111
25	0.02066	0.02906	0.18984	0.02475	0.14238	0.19984	0.01948	0.02705	0.07559	0.02438	0.02457	0.02817	0.08390	0.06224	0.01068	0.00291	0.01087	0.00814	0.00486	0.01067

[dist]
# distance from previous block
# <min> <max>
3	5

[block]
# block no. 7 follows, 22 sequences, length 16
# corresponding to MSA columns:
# 254-269
name=unknown_H
#
# <colnr> <probs for GDERKNQSTAVLIFYWHMCP>
#	G	D	E	R	K	N	Q	S	T	A	V	L	I	F	Y	W	H	M	C	P
0	0.02200	0.04451	0.06034	0.01922	0.07594	0.11200	0.01466	0.20739	0.02475	0.03131	0.02966	0.03906	0.10169	0.10281	0.01300	0.00333	0.00929	0.07235	0.00633	0.01037
1	0.13262	0.08543	0.14401	0.02082	0.12273	0.07013	0.01605	0.02359	0.05270	0.02482	0.01813	0.02734	0.01681	0.19313	0.01639	0.00392	0.00945	0.00763	0.00461	0.00969
2	0.07004	0.11878	0.18390	0.02256	0.02981	0.29519	0.11453	0.02893	0.02008	0.02370	0.01372	0.01647	0.01085	0.00793	0.00754	0.00234	0.01290	0.00607	0.00405	0.01060
3	0.01629	0.11022	0.01321	0.00896	0.01162	0.01152	0.00725	0.01994	0.01715	0.02874	0.02461	0.02849	0.01972	0.01186	0.03824	0.00247	0.00549	0.00732	0.60875	0.00815
4	0.02211	0.18534	0.27933	0.02542	0.14043	0.10695	0.02272	0.02787	0.01892	0.07511	0.01545	0.01767	0.01185	0.00791	0.00737	0.00234	0.01103	0.00606	0.00427	0.01188
5	0.02416	0.15441	0.26868	0.02085	0.02881	0.26638	0.02123	0.07688	0.02139	0.02501	0.01397	0.01606	0.01090	0.00817	0.00734	0.00229	0.01246	0.00566	0.00419	0.01116
6	0.01137	0.00910	0.01035	0.01087	0.01314	0.00850	0.00821	0.01546	0.07239	0.02395	0.08733	0.22431	0.35610	0.02147	0.01010	0.00307	0.00499	0.09386	0.00782	0.00760
7	0.01039	0.00816	0.00964	0.01035	0.01221	0.00741	0.00761	0.01254	0.01768	0.02235	0.08612	0.27313	0.34904	0.02616	0.06787	0.00396	0.00617	0.05472	0.00748	0.00704
8	0.02854	0.03561	0.02222	0.02036	0.02427	0.58841	0.01532	0.03079	0.02222	0.02020	0.01406	0.01727	0.01201	0.01554	0.09420	0.00360	0.01593	0.00581	0.00430	0.00934
9	0.01322	0.01044	0.01234	0.01265	0.01526	0.01041	0.01014	0.01995	0.13204	0.02680	0.13342	0.10967	0.23220	0.01966	0.01016	0.00315	0.00576	0.20632	0.00801	0.00842
10	0.01975	0.01891	0.03225	0.15729	0.55627	0.01952	0.02509	0.02478	0.01853	0.02615	0.01548	0.02083	0.01281	0.00755	0.00824	0.00252	0.01007	0.00740	0.00404	0.01250
11	0.01149	0.00853	0.01094	0.01106	0.01244	0.00878	0.00803	0.01350	0.01495	0.01999	0.06382	0.07534	0.16265	0.22044	0.28702	0.00851	0.01267	0.03742	0.00574	0.00670
12	0.30285	0.02653	0.01973	0.01692	0.02215	0.25860	0.01338	0.18942	0.02423	0.03517	0.01427	0.01576	0.01099	0.00863	0.00684	0.00239	0.01026	0.00561	0.00568	0.01060
13	0.01473	0.01155	0.01451	0.01616	0.09674	0.01132	0.01020	0.09201	0.02060	0.02733	0.14642	0.13825	0.20315	0.14177	0.01538	0.00371	0.00629	0.01434	0.00708	0.00845
14	0.01185	0.00935	0.01132	0.01115	0.01381	0.00789	0.00798	0.01399	0.01682	0.02292	0.04534	0.41060	0.15891	0.02007	0.00933	0.00273	0.00504	0.01774	0.00701	0.19616
15	0.02165	0.10857	0.02899	0.02026	0.02580	0.02090	0.15786	0.20289	0.10144	0.03296	0.02467	0.14410	0.02257	0.03675	0.00991	0.00287	0.00913	0.01092	0.00651	0.01122

[dist]
# distance from previous block
# <min> <max>
0	1

[block]
# block no. 8 follows, 22 sequences, length 23
# corresponding to MSA columns:
# 271-293
name=unknown_I
#
# <colnr> <probs for GDERKNQSTAVLIFYWHMCP>
#	G	D	E	R	K	N	Q	S	T	A	V	L	I	F	Y	W	H	M	C	P
0	0.02163	0.02251	0.02181	0.05598	0.07901	0.21424	0.01580	0.06331	0.08752	0.02422	0.01799	0.02274	0.01529	0.02302	0.17633	0.00529	0.11109	0.00737	0.00489	0.00996
1	0.01846	0.10137	0.04326	0.02183	0.14285	0.11616	0.01476	0.02185	0.01921	0.02501	0.16632	0.06559	0.03084	0.04437	0.04419	0.00320	0.05003	0.00945	0.00550	0.05573
2	0.01094	0.00785	0.00969	0.01035	0.01129	0.00735	0.00692	0.01265	0.01699	0.02278	0.18048	0.32971	0.11970	0.19330	0.01823	0.00431	0.00536	0.01816	0.00737	0.00659
3	0.02754	0.02175	0.02092	0.01720	0.02189	0.14244	0.01360	0.27625	0.02841	0.12434	0.09349	0.02797	0.02305	0.07212	0.01235	0.00300	0.04637	0.00847	0.00738	0.01148
4	0.01085	0.00794	0.00989	0.01104	0.01216	0.00740	0.00781	0.01267	0.01681	0.02193	0.08625	0.38157	0.16419	0.11746	0.01485	0.00392	0.00545	0.09364	0.00742	0.00674
5	0.01663	0.01573	0.02662	0.56466	0.17325	0.01871	0.02354	0.02205	0.01706	0.02237	0.01493	0.02184	0.01148	0.00813	0.00829	0.00271	0.01084	0.00739	0.00377	0.00999
6	0.01402	0.01035	0.01253	0.01306	0.01468	0.01082	0.00993	0.01978	0.12667	0.02315	0.03560	0.09838	0.03759	0.27781	0.02244	0.00521	0.00747	0.24610	0.00681	0.00760
7	0.01723	0.01477	0.01723	0.01230	0.01969	0.01107	0.00984	0.02092	0.01723	0.02707	0.01477	0.01723	0.01230	0.00615	0.00615	0.00123	0.00615	0.00492	0.00492	0.75883
8	0.02584	0.01868	0.02041	0.01716	0.02260	0.02073	0.01368	0.19171	0.39899	0.13026	0.03015	0.02780	0.02182	0.01080	0.00840	0.00270	0.00730	0.00876	0.00868	0.01354
9	0.01127	0.00847	0.01043	0.00994	0.01211	0.00763	0.00746	0.01474	0.02237	0.03060	0.51001	0.06653	0.22191	0.01800	0.00980	0.00266	0.00399	0.01565	0.00879	0.00763
10	0.01208	0.00805	0.00906	0.00906	0.00906	0.00805	0.00503	0.01208	0.01208	0.01611	0.02618	0.05436	0.03020	0.70804	0.04228	0.00805	0.00805	0.01208	0.00503	0.00503
11	0.01038	0.00745	0.00945	0.01093	0.01155	0.00696	0.00721	0.01167	0.01562	0.02058	0.04628	0.55552	0.10303	0.12377	0.01510	0.00400	0.00523	0.02143	0.00733	0.00652
12	0.02776	0.02812	0.06325	0.06487	0.07423	0.20680	0.07276	0.29309	0.02893	0.03587	0.01676	0.01881	0.01257	0.00891	0.00818	0.00244	0.01157	0.00700	0.00596	0.01212
13	0.02428	0.17667	0.06560	0.01801	0.02378	0.22160	0.01533	0.06315	0.22347	0.02709	0.01995	0.02034	0.01570	0.00905	0.00734	0.00229	0.01009	0.00660	0.00566	0.04399
14	0.01336	0.01795	0.16624	0.01299	0.01839	0.01158	0.01295	0.06950	0.02037	0.02599	0.06203	0.05982	0.44378	0.01694	0.00923	0.00274	0.00656	0.01394	0.00676	0.00889
15	0.02955	0.03644	0.02699	0.02308	0.02803	0.55306	0.09667	0.06462	0.02386	0.02290	0.01375	0.01623	0.01114	0.00843	0.00784	0.00225	0.01454	0.00605	0.00449	0.01008
16	0.01502	0.00779	0.00792	0.00792	0.00959	0.00779	0.00570	0.01836	0.01669	0.02894	0.02697	0.03417	0.02251	0.10511	0.01079	0.00277	0.00444	0.00834	0.65180	0.00737
17	0.01892	0.01693	0.06138	0.02693	0.22719	0.01580	0.01733	0.08033	0.07877	0.05454	0.11324	0.04338	0.03125	0.05052	0.01094	0.00310	0.00818	0.12373	0.00654	0.01098
18	0.01225	0.00841	0.00989	0.01018	0.01185	0.00765	0.00714	0.01395	0.01713	0.05732	0.09003	0.22875	0.25752	0.18073	0.01754	0.00419	0.00557	0.04560	0.00732	0.00697
19	0.02263	0.02348	0.09336	0.02196	0.07970	0.07912	0.01747	0.14875	0.24653	0.03291	0.02232	0.02348	0.01721	0.01219	0.03292	0.00310	0.09642	0.00785	0.00639	0.01223
20	0.01475	0.01118	0.01208	0.01095	0.01371	0.01095	0.00807	0.13177	0.02165	0.02787	0.11459	0.08386	0.31020	0.17192	0.01680	0.00392	0.00602	0.01434	0.00738	0.00802
21	0.01735	0.02160	0.14890	0.02425	0.11321	0.01696	0.13527	0.05644	0.11784	0.02813	0.03708	0.03779	0.18512	0.01180	0.00893	0.00271	0.00907	0.01064	0.00587	0.01102
22	0.01757	0.15850	0.23612	0.04855	0.06409	0.01923	0.01854	0.05670	0.04536	0.02524	0.05871	0.02953	0.05101	0.12151	0.01321	0.00334	0.00941	0.00822	0.00484	0.01033

[dist]
# distance from previous block
# <min> <max>
1	7

[block]
# block no. 9 follows, 22 sequences, length 40
# corresponding to MSA columns:
# 301-340
name=unknown_J
#
# <colnr> <probs for GDERKNQSTAVLIFYWHMCP>
#	G	D	E	R	K	N	Q	S	T	A	V	L	I	F	Y	W	H	M	C	P
0	0.25618	0.02343	0.02407	0.02949	0.26801	0.17143	0.01751	0.06790	0.01987	0.03043	0.01401	0.01703	0.01136	0.00794	0.00710	0.00243	0.00993	0.00603	0.00476	0.01111
1	0.17386	0.02157	0.11435	0.02290	0.13797	0.01824	0.04854	0.09889	0.05699	0.03258	0.01616	0.01853	0.01254	0.00776	0.00716	0.00226	0.00855	0.00629	0.00521	0.18965
2	0.01730	0.01602	0.01873	0.02153	0.15845	0.05305	0.01351	0.02679	0.21092	0.02794	0.07195	0.04338	0.21561	0.01321	0.00869	0.00259	0.00692	0.01121	0.00685	0.05535
3	0.01804	0.01149	0.01436	0.01310	0.01580	0.03576	0.01025	0.02101	0.01915	0.15539	0.18926	0.04635	0.09311	0.06528	0.18065	0.00574	0.04716	0.04192	0.00728	0.00892
4	0.02038	0.02276	0.06079	0.06783	0.21822	0.18253	0.01830	0.02527	0.05251	0.02319	0.01778	0.02385	0.01539	0.05149	0.15848	0.00511	0.01388	0.00746	0.00445	0.01034
5	0.00982	0.00842	0.00842	0.00842	0.01122	0.00701	0.00631	0.01192	0.01894	0.02244	0.08416	0.07995	0.65285	0.02104	0.00982	0.00281	0.00421	0.01753	0.00771	0.00701
6	0.01598	0.01530	0.01365	0.01275	0.01563	0.12724	0.00954	0.02179	0.11151	0.02770	0.27757	0.05336	0.20044	0.04823	0.01073	0.00286	0.00652	0.01299	0.00763	0.00859
7	0.01164	0.00837	0.01098	0.01251	0.01372	0.00806	0.00957	0.01394	0.01703	0.02220	0.04619	0.32552	0.10233	0.10351	0.01456	0.00405	0.00629	0.25519	0.00738	0.00694
8	0.02030	0.01964	0.03402	0.07864	0.60203	0.01974	0.05236	0.02536	0.01884	0.02685	0.01564	0.02071	0.01304	0.00742	0.00830	0.00250	0.01011	0.00751	0.00410	0.01290
