[name]
unknown

[dist]
# distance from previous block
# <min> <max>
0	22

[block]
# block no. 0 follows, 19 sequences, length 10
# corresponding to MSA columns:
# 22-31
name=unknown_A
#
# <colnr> <probs for GDERKNQSTAVLIFYWHMCP>
#	G	D	E	R	K	N	Q	S	T	A	V	L	I	F	Y	W	H	M	C	P
0	0.01665	0.02109	0.17833	0.01719	0.02282	0.01437	0.01704	0.09902	0.02248	0.03006	0.04493	0.16306	0.15707	0.01866	0.01034	0.00327	0.00848	0.13774	0.00719	0.01020
1	0.02040	0.01930	0.03127	0.04588	0.50162	0.01924	0.02357	0.02640	0.05441	0.02893	0.02911	0.03245	0.10742	0.01043	0.00913	0.00273	0.00950	0.00974	0.00528	0.01317
2	0.02121	0.02682	0.17039	0.04837	0.49834	0.02115	0.02870	0.02765	0.02004	0.02903	0.01666	0.02142	0.01354	0.00809	0.00878	0.00270	0.01121	0.00767	0.00428	0.01396
3	0.02109	0.02008	0.03080	0.04449	0.45841	0.05581	0.02396	0.02596	0.02071	0.02825	0.02344	0.03931	0.02231	0.01177	0.00959	0.00296	0.01042	0.13273	0.00529	0.01263
4	0.01775	0.01414	0.02044	0.11186	0.15013	0.01516	0.01575	0.08737	0.02032	0.02849	0.02742	0.17362	0.02713	0.05701	0.11929	0.00515	0.01105	0.01242	0.07538	0.01014
5	0.02392	0.02107	0.02360	0.02561	0.15726	0.12363	0.01658	0.05832	0.09090	0.08624	0.02197	0.02542	0.01766	0.02125	0.14218	0.00491	0.01304	0.00792	0.00606	0.11246
6	0.01556	0.01164	0.01507	0.15636	0.02303	0.01273	0.01091	0.06588	0.01685	0.02227	0.02612	0.08433	0.02802	0.43795	0.03222	0.00659	0.00929	0.01219	0.00557	0.00738
7	0.01441	0.01129	0.01577	0.02039	0.14852	0.01108	0.01107	0.01608	0.01604	0.02167	0.03422	0.19676	0.06923	0.34311	0.02740	0.00583	0.00806	0.01513	0.00604	0.00792
8	0.01336	0.01096	0.01597	0.02143	0.15002	0.01042	0.01236	0.01585	0.01830	0.02444	0.04778	0.45170	0.12730	0.02283	0.01073	0.00333	0.00631	0.02065	0.00744	0.00884
9	0.02732	0.02655	0.11481	0.03422	0.25642	0.02434	0.02316	0.30515	0.03068	0.04227	0.01898	0.02137	0.01429	0.00939	0.00885	0.00269	0.01061	0.00782	0.00653	0.01455

[dist]
# distance from previous block
# <min> <max>
3	16

[block]
# block no. 1 follows, 19 sequences, length 10
# corresponding to MSA columns:
# 48-57
name=unknown_B
#
# <colnr> <probs for GDERKNQSTAVLIFYWHMCP>
#	G	D	E	R	K	N	Q	S	T	A	V	L	I	F	Y	W	H	M	C	P
0	0.02921	0.10723	0.02933	0.05686	0.12731	0.25086	0.01854	0.15040	0.02635	0.06308	0.01746	0.02002	0.01380	0.01183	0.03695	0.00299	0.01283	0.00694	0.00572	0.01228
1	0.02700	0.06792	0.03178	0.02760	0.10004	0.29845	0.14056	0.06149	0.02359	0.02736	0.01723	0.02076	0.01381	0.00885	0.00839	0.00247	0.01314	0.00741	0.09087	0.01126
2	0.02080	0.01885	0.02610	0.19966	0.18835	0.02137	0.02040	0.03584	0.30342	0.03145	0.02595	0.02797	0.01986	0.01022	0.00900	0.00292	0.00928	0.00899	0.00654	0.01304
3	0.02336	0.02509	0.16014	0.02226	0.02941	0.01996	0.13284	0.19515	0.02518	0.06649	0.02195	0.03064	0.01849	0.16831	0.01778	0.00420	0.01122	0.00946	0.00623	0.01186
4	0.01606	0.08926	0.01515	0.01143	0.01399	0.01260	0.00918	0.01971	0.01704	0.02717	0.02525	0.03179	0.02137	0.03143	0.24852	0.00669	0.01226	0.00839	0.37414	0.00858
5	0.02095	0.01439	0.01688	0.01499	0.01918	0.01520	0.01182	0.08823	0.17476	0.12047	0.04426	0.04456	0.16483	0.02834	0.17309	0.00585	0.01116	0.01166	0.00809	0.01130
6	0.02439	0.02414	0.02597	0.21767	0.10772	0.15567	0.01993	0.10003	0.17262	0.03100	0.02139	0.02413	0.01636	0.00990	0.00879	0.00278	0.01120	0.00804	0.00604	0.01221
7	0.01713	0.01673	0.02883	0.25811	0.16737	0.01750	0.12041	0.02229	0.01962	0.02556	0.03556	0.03943	0.16952	0.01199	0.00962	0.00293	0.01031	0.01120	0.00527	0.01060
8	0.02790	0.02202	0.02690	0.19519	0.03648	0.02558	0.01939	0.38445	0.03261	0.04374	0.01897	0.02193	0.01397	0.01076	0.01104	0.00289	0.07788	0.00800	0.00709	0.01323
9	0.16947	0.05799	0.02447	0.02590	0.16417	0.13961	0.01685	0.05493	0.01961	0.02874	0.01661	0.02164	0.01428	0.02142	0.14558	0.00514	0.05066	0.00709	0.00493	0.01089

[dist]
# distance from previous block
# <min> <max>
0	1

[block]
# block no. 2 follows, 19 sequences, length 7
# corresponding to MSA columns:
# 59-65
name=unknown_C
#
# <colnr> <probs for GDERKNQSTAVLIFYWHMCP>
#	G	D	E	R	K	N	Q	S	T	A	V	L	I	F	Y	W	H	M	C	P
0	0.12389	0.00938	0.01086	0.01212	0.01347	0.00938	0.00835	0.01487	0.01708	0.02594	0.07728	0.50332	0.05153	0.06427	0.01253	0.00376	0.00561	0.02097	0.00780	0.00760
1	0.02034	0.02158	0.11578	0.17024	0.03360	0.01981	0.01902	0.12436	0.18597	0.03326	0.02823	0.13779	0.02472	0.01333	0.00935	0.00304	0.00929	0.01136	0.00692	0.01202
2	0.01859	0.02879	0.26225	0.03502	0.24587	0.01889	0.08266	0.02542	0.01935	0.02777	0.02204	0.13010	0.02049	0.01145	0.00931	0.00292	0.01115	0.01061	0.00483	0.01246
3	0.02169	0.02122	0.03616	0.04164	0.34542	0.02116	0.15767	0.03102	0.12669	0.03056	0.02058	0.02439	0.01633	0.00853	0.00916	0.00272	0.01078	0.00879	0.00534	0.06015
4	0.02124	0.02034	0.03469	0.15937	0.53236	0.02102	0.02701	0.02667	0.01995	0.02814	0.01667	0.02244	0.01379	0.00814	0.00887	0.00271	0.01085	0.00797	0.00435	0.01345
5	0.02349	0.02508	0.03548	0.04161	0.33695	0.13024	0.11148	0.02808	0.02023	0.02661	0.01567	0.02099	0.01322	0.00939	0.01238	0.00286	0.12141	0.00796	0.00439	0.01247
6	0.02007	0.02128	0.08908	0.03869	0.36985	0.01910	0.02262	0.02874	0.11175	0.03157	0.12719	0.03143	0.02831	0.01048	0.00916	0.00276	0.00921	0.00961	0.00604	0.01306

[dist]
# distance from previous block
# <min> <max>
5	7

[block]
# block no. 3 follows, 19 sequences, length 7
# corresponding to MSA columns:
# 73-79
name=unknown_D
#
# <colnr> <probs for GDERKNQSTAVLIFYWHMCP>
#	G	D	E	R	K	N	Q	S	T	A	V	L	I	F	Y	W	H	M	C	P
0	0.02856	0.03382	0.02864	0.03192	0.19379	0.39751	0.02039	0.03165	0.02251	0.02388	0.01440	0.01823	0.01228	0.00968	0.01096	0.00260	0.09671	0.00663	0.00447	0.01135
1	0.19597	0.02758	0.27970	0.02027	0.05905	0.01779	0.02066	0.02468	0.01711	0.02999	0.01774	0.02238	0.01418	0.02099	0.14392	0.00521	0.01324	0.00700	0.05157	0.01098
2	0.02072	0.08389	0.18134	0.21914	0.15733	0.10035	0.02512	0.02684	0.01972	0.02539	0.01717	0.02443	0.01414	0.00937	0.00861	0.00276	0.01214	0.03557	0.00430	0.01168
3	0.02704	0.20878	0.03486	0.06413	0.19049	0.06078	0.01980	0.22508	0.02738	0.03560	0.01701	0.01953	0.01352	0.00896	0.00799	0.00246	0.01043	0.00700	0.00581	0.01335
4	0.01707	0.01479	0.02305	0.20009	0.19765	0.01578	0.01855	0.05200	0.02044	0.02779	0.08898	0.22202	0.03418	0.01539	0.00982	0.00305	0.00867	0.01399	0.00626	0.01045
5	0.01966	0.14469	0.02225	0.01521	0.01922	0.01831	0.01216	0.16067	0.02331	0.03090	0.03149	0.30114	0.03369	0.02199	0.06277	0.00384	0.00882	0.01480	0.00715	0.04792
6	0.01190	0.00892	0.01095	0.01171	0.01329	0.00796	0.00796	0.01362	0.01723	0.02299	0.04916	0.44838	0.13258	0.10772	0.01509	0.00394	0.00568	0.02086	0.00763	0.08242

[dist]
# distance from previous block
# <min> <max>
0	2

[block]
# block no. 4 follows, 19 sequences, length 67
# corresponding to MSA columns:
# 82-148
name=unknown_E
#
# <colnr> <probs for GDERKNQSTAVLIFYWHMCP>
#	G	D	E	R	K	N	Q	S	T	A	V	L	I	F	Y	W	H	M	C	P
0	0.02542	0.02607	0.02497	0.02838	0.17921	0.23284	0.01778	0.12514	0.02504	0.02992	0.02411	0.17180	0.02384	0.01350	0.00920	0.00277	0.01111	0.01127	0.00616	0.01146
1	0.02867	0.02919	0.02449	0.10166	0.03034	0.28702	0.01730	0.20833	0.02814	0.03268	0.01789	0.02141	0.01423	0.01768	0.09737	0.00418	0.01472	0.00729	0.00592	0.01151
2	0.02520	0.19852	0.03650	0.03737	0.33463	0.16997	0.02198	0.02919	0.02096	0.02543	0.01501	0.01875	0.01287	0.00818	0.00787	0.00238	0.01163	0.00664	0.00432	0.01260
3	0.02281	0.02240	0.02873	0.06796	0.32450	0.09970	0.02164	0.03297	0.17763	0.03000	0.02368	0.02984	0.01976	0.01042	0.00907	0.00283	0.01028	0.04678	0.00593	0.01308
4	0.02502	0.02776	0.16403	0.01866	0.02712	0.10920	0.01779	0.09253	0.02312	0.10721	0.01869	0.02010	0.01389	0.00845	0.00783	0.00215	0.01002	0.00644	0.00598	0.29401
5	0.19763	0.02713	0.02330	0.06583	0.02777	0.18543	0.01596	0.28050	0.02982	0.04133	0.01702	0.01867	0.01275	0.00966	0.00793	0.00263	0.01094	0.00672	0.00668	0.01231
6	0.01444	0.01113	0.01343	0.01173	0.01529	0.00987	0.00899	0.04541	0.02412	0.03380	0.40080	0.05885	0.15313	0.01648	0.00976	0.00257	0.00498	0.01423	0.00873	0.14227
7	0.01340	0.01116	0.01789	0.02067	0.10151	0.01062	0.06536	0.01603	0.01795	0.02426	0.04193	0.52812	0.04873	0.02336	0.01098	0.00344	0.00686	0.02164	0.00742	0.00867
8	0.02312	0.14348	0.02058	0.01411	0.01798	0.20924	0.01128	0.02648	0.02067	0.02761	0.02143	0.02462	0.01735	0.00955	0.00671	0.00212	0.00881	0.00690	0.37843	0.00953
9	0.01938	0.03560	0.40901	0.15430	0.07774	0.02035	0.06873	0.02803	0.01929	0.05972	0.01724	0.02104	0.01235	0.00863	0.00878	0.00286	0.01264	0.00735	0.00430	0.01265
10	0.01287	0.00923	0.01259	0.01259	0.01357	0.01021	0.00896	0.01483	0.01385	0.01945	0.02560	0.04418	0.02629	0.30591	0.41669	0.01218	0.01806	0.01091	0.00504	0.00700
11	0.02529	0.02806	0.02900	0.03732	0.32005	0.26235	0.02142	0.02918	0.02231	0.02593	0.02217	0.02882	0.05312	0.01043	0.00888	0.00264	0.01223	0.04391	0.00498	0.01192
12	0.01266	0.00914	0.01196	0.01126	0.01337	0.00844	0.00844	0.01688	0.02532	0.03588	0.62506	0.06683	0.08441	0.01829	0.01055	0.00281	0.00422	0.01618	0.00985	0.00844
13	0.02331	0.62553	0.10701	0.01634	0.02456	0.03392	0.01711	0.02695	0.01825	0.02179	0.01280	0.01481	0.01147	0.00774	0.00602	0.00201	0.00994	0.00497	0.00382	0.01166
14	0.02629	0.19034	0.05825	0.01543	0.02185	0.01987	0.01379	0.03358	0.12563	0.22952	0.03860	0.03628	0.12906	0.01234	0.00844	0.00264	0.00776	0.00977	0.00797	0.01258
15	0.01648	0.08344	0.43414	0.02053	0.03072	0.01843	0.02501	0.02423	0.01922	0.02673	0.03498	0.03585	0.16954	0.01208	0.00883	0.00281	0.01072	0.00964	0.00495	0.01164
16	0.02214	0.02126	0.03631	0.05491	0.62978	0.02126	0.02746	0.02746	0.02037	0.02923	0.01683	0.02214	0.01417	0.00797	0.00886	0.00266	0.01063	0.00797	0.00443	0.01417
17	0.02468	0.02639	0.03284	0.08849	0.43588	0.18286	0.02466	0.02927	0.02148	0.02690	0.01599	0.02071	0.01334	0.00836	0.00866	0.00259	0.01213	0.00740	0.00444	0.01290
18	0.01057	0.00906	0.00906	0.00906	0.01208	0.00755	0.00680	0.01284	0.02039	0.02417	0.09063	0.08610	0.62615	0.02266	0.01057	0.00302	0.00453	0.01888	0.00831	0.00755
19	0.01214	0.00876	0.01206	0.01282	0.01372	0.00929	0.00906	0.01414	0.01513	0.02089	0.03400	0.27461	0.03768	0.16803	0.30457	0.00940	0.01427	0.01600	0.00619	0.00725
20	0.18287	0.01067	0.01054	0.01022	0.01150	0.01130	0.00641	0.01608	0.01352	0.02261	0.02456	0.04839	0.02725	0.52923	0.03630	0.00731	0.00827	0.01113	0.00545	0.00641
21	0.01983	0.01824	0.02705	0.02250	0.02490	0.02269	0.08688	0.09368	0.01834	0.02658	0.01688	0.02437	0.01513	0.02730	0.18425	0.00634	0.34127	0.00864	0.00485	0.01028
22	0.03265	0.04103	0.02500	0.02272	0.02736	0.60664	0.01707	0.03653	0.06570	0.02296	0.01538	0.01732	0.01261	0.00942	0.00814	0.00235	0.01551	0.00606	0.00492	0.01063
23	0.01090	0.00779	0.01038	0.01246	0.01298	0.00727	0.00830	0.01246	0.01713	0.02284	0.04931	0.67975	0.05917	0.02803	0.01142	0.00363	0.00519	0.02543	0.00830	0.00727
24	0.01220	0.00833	0.01000	0.01079	0.01099	0.00813	0.00653	0.01280	0.01459	0.01945	0.03628	0.29654	0.04273	0.43366	0.03246	0.00674	0.00734	0.01777	0.00653	0.00613
25	0.03014	0.03718	0.02584	0.02315	0.02667	0.50238	0.01783	0.03236	0.02259	0.02181	0.01334	0.01695	0.01158	0.01074	0.01311	0.00269	0.17072	0.00625	0.00445	0.01023
26	0.01264	0.00852	0.00987	0.01024	0.01033	0.00842	0.00593	0.01291	0.01374	0.01832	0.03193	0.16873	0.03725	0.56896	0.03948	0.00778	0.00806	0.01521	0.00593	0.00575
27	0.06648	0.11398	0.02771	0.05435	0.02807	0.25828	0.01663	0.23001	0.02905	0.03517	0.01647	0.01823	0.01282	0.00936	0.00793	0.00240	0.01195	0.00649	0.00608	0.04854
28	0.01090	0.00779	0.01038	0.01246	0.01298	0.00727	0.00830	0.01246	0.01713	0.02284	0.04931	0.67975	0.05917	0.02803	0.01142	0.00363	0.00519	0.02543	0.00830	0.00727
29	0.01398	0.01754	0.14431	0.01444	0.01914	0.01174	0.01375	0.02043	0.06063	0.03193	0.34766	0.08945	0.14613	0.01700	0.01007	0.00291	0.00640	0.01466	0.00821	0.00962
30	0.02392	0.69097	0.04688	0.01531	0.02296	0.03540	0.01531	0.02679	0.01818	0.02105	0.01244	0.01435	0.01148	0.00765	0.00574	0.00191	0.00957	0.00478	0.00383	0.01148
31	0.01185	0.00905	0.01087	0.01055	0.01290	0.00807	0.00786	0.01526	0.02321	0.03116	0.41054	0.10318	0.27245	0.02029	0.01060	0.00293	0.00438	0.01757	0.00924	0.00807
32	0.01090	0.00779	0.01038	0.01246	0.01298	0.00727	0.00830	0.01246	0.01713	0.02284	0.04931	0.67975	0.05917	0.02803	0.01142	0.00363	0.00519	0.02543	0.00830	0.00727
33	0.02637	0.02815	0.02254	0.02032	0.02495	0.26140	0.01562	0.04173	0.35928	0.03071	0.02657	0.02611	0.02051	0.01120	0.00973	0.00280	0.04403	0.00834	0.00713	0.01250
34	0.01126	0.00966	0.00972	0.00960	0.01274	0.00842	0.00723	0.01488	0.05529	0.02495	0.08744	0.08300	0.59092	0.02204	0.01049	0.00302	0.00468	0.01837	0.00835	0.00794
35	0.01395	0.00859	0.00939	0.00939	0.00993	0.00859	0.00564	0.01503	0.01449	0.02147	0.02845	0.05206	0.03006	0.51186	0.03543	0.00698	0.00751	0.01181	0.19321	0.00617
36	0.02214	0.02126	0.03631	0.05491	0.62978	0.02126	0.02746	0.02746	0.02037	0.02923	0.01683	0.02214	0.01417	0.00797	0.00886	0.00266	0.01063	0.00797	0.00443	0.01417
37	0.01078	0.00827	0.00988	0.01116	0.01263	0.00738	0.00773	0.01260	0.01838	0.02335	0.06514	0.45237	0.27634	0.02597	0.01110	0.00340	0.00494	0.02292	0.00831	0.00738
38	0.01090	0.00779	0.01038	0.01246	0.01298	0.00727	0.00830	0.01246	0.01713	0.02284	0.04931	0.67975	0.05917	0.02803	0.01142	0.00363	0.00519	0.02543	0.00830	0.00727
39	0.01090	0.00779	0.01038	0.01246	0.01298	0.00727	0.00830	0.01246	0.01713	0.02284	0.04931	0.67975	0.05917	0.02803	0.01142	0.00363	0.00519	0.02543	0.00830	0.00727
40	0.01747	0.01771	0.03189	0.02506	0.02930	0.01932	0.23909	0.02191	0.01756	0.02444	0.02694	0.03329	0.09214	0.02528	0.16305	0.00587	0.18412	0.01068	0.00491	0.00997
41	0.01180	0.00843	0.01142	0.01349	0.01441	0.00805	0.00988	0.01402	0.01802	0.02385	0.04881	0.53081	0.05719	0.02718	0.01166	0.00376	0.00597	0.16544	0.00829	0.00752
42	0.01984	0.01890	0.03215	0.32255	0.38016	0.02065	0.02631	0.02544	0.01928	0.02643	0.01642	0.02289	0.01318	0.00840	0.00890	0.00280	0.01120	0.00796	0.00423	0.01231
43	0.02520	0.02224	0.03388	0.04608	0.47487	0.02293	0.02477	0.17476	0.02595	0.03622	0.01803	0.02197	0.01444	0.00868	0.00888	0.00266	0.01043	0.00799	0.00559	0.01444
44	0.01098	0.00908	0.00962	0.00949	0.01233	0.00772	0.00712	0.01362	0.02135	0.02643	0.19398	0.08237	0.52138	0.02181	0.01057	0.00298	0.00447	0.01836	0.00861	0.00772
45	0.01927	0.01663	0.01738	0.01587	0.02041	0.01850	0.01228	0.03869	0.46228	0.03404	0.05024	0.04683	0.18008	0.01482	0.00948	0.00303	0.00643	0.01235	0.00890	0.01247
46	0.01090	0.00779	0.01038	0.01246	0.01298	0.00727	0.00830	0.01246	0.01713	0.02284	0.04931	0.67975	0.05917	0.02803	0.01142	0.00363	0.00519	0.02543	0.00830	0.00727
47	0.01428	0.01198	0.01517	0.01501	0.01682	0.05747	0.01163	0.01741	0.01517	0.02085	0.02323	0.03377	0.02158	0.06290	0.60359	0.01350	0.02340	0.00931	0.00478	0.00816
48	0.02093	0.02002	0.03413	0.19555	0.49861	0.02094	0.02685	0.02640	0.01980	0.02776	0.01661	0.02254	0.01365	0.00820	0.00888	0.00273	0.01093	0.00797	0.00432	0.01319
49	0.01838	0.01817	0.02153	0.01950	0.02077	0.09864	0.01567	0.02092	0.01546	0.02125	0.01728	0.02586	0.01630	0.03704	0.29442	0.00823	0.30881	0.00833	0.00438	0.00908
50	0.12276	0.03820	0.02355	0.02137	0.02612	0.53706	0.01616	0.03517	0.05545	0.02502	0.01486	0.01685	0.01214	0.00926	0.00780	0.00240	0.01449	0.00588	0.00497	0.01049
51	0.08065	0.16628	0.02868	0.02078	0.02604	0.48769	0.01638	0.03335	0.02327	0.02298	0.01347	0.01568	0.01139	0.00885	0.00744	0.00226	0.01423	0.00551	0.00452	0.01054
52	0.03055	0.03842	0.02331	0.02129	0.02570	0.56894	0.01597	0.03285	0.02473	0.02218	0.02348	0.02493	0.08879	0.01091	0.00838	0.00239	0.01468	0.00741	0.00507	0.01002
53	0.01148	0.00921	0.01032	0.01035	0.01305	0.00805	0.00797	0.01442	0.02164	0.02735	0.21956	0.08278	0.43341	0.02177	0.01075	0.00308	0.00483	0.07345	0.00869	0.00784
54	0.03242	0.02387	0.02572	0.02003	0.02673	0.02634	0.01641	0.55965	0.04035	0.05408	0.02339	0.06663	0.01823	0.01193	0.00912	0.00275	0.00953	0.00925	0.00891	0.01467
55	0.01147	0.00885	0.00952	0.00964	0.01148	0.00793	0.00656	0.01307	0.01809	0.02251	0.09463	0.11953	0.37193	0.23074	0.02160	0.00483	0.00586	0.01738	0.00748	0.00691
56	0.02559	0.02662	0.03228	0.03113	0.15002	0.18320	0.15218	0.03599	0.18325	0.05486	0.02245	0.02446	0.01726	0.00946	0.00912	0.00276	0.01198	0.00863	0.00605	0.01275
57	0.01256	0.00934	0.01035	0.01005	0.01296	0.00802	0.00755	0.01527	0.02154	0.05819	0.19908	0.10873	0.45177	0.02140	0.01053	0.00299	0.00466	0.01812	0.00878	0.00812
58	0.02146	0.02431	0.07070	0.23681	0.22540	0.10007	0.13879	0.02734	0.02028	0.02614	0.01637	0.02213	0.01285	0.00838	0.00910	0.00280	0.01276	0.00812	0.00429	0.01189
59	0.09182	0.03768	0.42575	0.02727	0.03865	0.02118	0.17590	0.02821	0.01910	0.02960	0.01622	0.01980	0.01175	0.00823	0.00873	0.00287	0.01307	0.00745	0.00415	0.01257
60	0.05682	0.01516	0.01667	0.01411	0.01907	0.01476	0.01125	0.13948	0.06483	0.03442	0.08252	0.04861	0.15777	0.04952	0.01097	0.00294	0.00697	0.06767	0.00761	0.17887
61	0.01739	0.01656	0.02252	0.03100	0.28480	0.06006	0.01698	0.02083	0.01999	0.02592	0.04310	0.18998	0.18183	0.01647	0.00983	0.00295	0.00820	0.01465	0.00633	0.01060
62	0.02237	0.02158	0.03356	0.16182	0.46582	0.05379	0.02594	0.05560	0.02126	0.02905	0.01674	0.02211	0.01368	0.00835	0.00884	0.00270	0.01111	0.00786	0.00458	0.01326
63	0.28558	0.03386	0.36651	0.02261	0.07373	0.02055	0.02410	0.02753	0.01766	0.03272	0.01480	0.01753	0.01094	0.00839	0.00744	0.00280	0.01073	0.00606	0.00447	0.01200
64	0.02744	0.29567	0.03622	0.02611	0.14530	0.23489	0.01850	0.07142	0.02271	0.02551	0.01442	0.01700	0.01230	0.00846	0.00736	0.00225	0.01197	0.00598	0.00458	0.01192
65	0.09524	0.14388	0.15306	0.02020	0.02741	0.24977	0.01892	0.10164	0.02374	0.02925	0.01872	0.02041	0.04241	0.00959	0.00777	0.00248	0.01221	0.00663	0.00513	0.01154
66	0.03008	0.02501	0.02734	0.02884	0.18117	0.13929	0.01884	0.23491	0.02928	0.11323	0.02077	0.02277	0.01565	0.01387	0.05525	0.00346	0.01196	0.00783	0.00694	0.01352

[dist]
# distance from previous block
# <min> <max>
3	19

[block]
# block no. 5 follows, 19 sequences, length 22
# corresponding to MSA columns:
# 168-189
name=unknown_F
#
# <colnr> <probs for GDERKNQSTAVLIFYWHMCP>
#	G	D	E	R	K	N	Q	S	T	A	V	L	I	F	Y	W	H	M	C	P
0	0.01919	0.01516	0.01673	0.01581	0.01960	0.01662	0.01195	0.03520	0.37717	0.06280	0.04434	0.20702	0.08628	0.01714	0.00983	0.00318	0.00640	0.01482	0.00893	0.01185
1	0.01057	0.00906	0.00906	0.00906	0.01208	0.00755	0.00680	0.01284	0.02039	0.02417	0.09063	0.08610	0.62615	0.02266	0.01057	0.00302	0.00453	0.01888	0.00831	0.00755
2	0.02041	0.02159	0.02291	0.21596	0.03402	0.18339	0.01814	0.02404	0.01823	0.02181	0.01711	0.02450	0.01483	0.02688	0.19799	0.00625	0.11028	0.00784	0.00437	0.00946
3	0.02630	0.13567	0.15368	0.01965	0.02753	0.02473	0.01889	0.18455	0.19219	0.09093	0.02430	0.02391	0.01781	0.01020	0.00838	0.00269	0.00952	0.00788	0.00728	0.01390
4	0.01229	0.00911	0.01333	0.01387	0.01519	0.01016	0.01043	0.01505	0.01510	0.02131	0.03060	0.20399	0.03201	0.05686	0.48283	0.01156	0.01905	0.01374	0.00571	0.00780
5	0.16339	0.01043	0.01150	0.01150	0.01395	0.01043	0.00851	0.01722	0.02051	0.03206	0.29023	0.22963	0.11001	0.01935	0.00977	0.00305	0.00508	0.01668	0.00839	0.00829
6	0.01650	0.01006	0.01281	0.01277	0.01548	0.00885	0.00940	0.01883	0.01935	0.12396	0.05057	0.38815	0.13939	0.02232	0.01051	0.00322	0.00578	0.04989	0.00849	0.07367
7	0.01301	0.00867	0.00976	0.00976	0.00976	0.00867	0.00542	0.01301	0.01301	0.01735	0.02819	0.05855	0.03253	0.68559	0.04554	0.00867	0.00867	0.01301	0.00542	0.00542
8	0.01164	0.00810	0.01016	0.01151	0.01185	0.00776	0.00729	0.01265	0.01568	0.02091	0.04190	0.46194	0.04983	0.25858	0.02338	0.00540	0.00641	0.02108	0.00729	0.00662
9	0.02508	0.02027	0.03377	0.04854	0.53066	0.01993	0.02512	0.03009	0.02123	0.12832	0.01984	0.02350	0.01547	0.00848	0.00888	0.00268	0.01014	0.00814	0.00551	0.01434
10	0.02215	0.02113	0.03528	0.05255	0.59079	0.02132	0.02660	0.02875	0.05851	0.02976	0.01809	0.02286	0.01502	0.00824	0.00887	0.00268	0.01040	0.00811	0.00473	0.01417
11	0.01278	0.00959	0.01438	0.01438	0.01598	0.01118	0.01118	0.01598	0.01438	0.02077	0.02396	0.03515	0.02237	0.06710	0.65013	0.01438	0.02396	0.00959	0.00479	0.00799
12	0.01138	0.00799	0.01024	0.01185	0.01225	0.00758	0.00765	0.01258	0.01620	0.02160	0.04455	0.53978	0.05317	0.17619	0.01911	0.00477	0.00598	0.02263	0.00765	0.00685
13	0.03029	0.02255	0.02903	0.02771	0.14815	0.02387	0.05432	0.37290	0.03379	0.09905	0.02288	0.05375	0.01760	0.01084	0.00915	0.00275	0.00991	0.00910	0.00793	0.01444
14	0.01797	0.01700	0.02878	0.53879	0.17848	0.02016	0.02538	0.02380	0.01840	0.02417	0.01609	0.02350	0.01239	0.00874	0.00893	0.00291	0.01166	0.00795	0.00407	0.01081
15	0.02801	0.03398	0.02248	0.02078	0.02460	0.48242	0.01569	0.03055	0.02248	0.02160	0.01648	0.02111	0.01436	0.02438	0.17625	0.00547	0.01818	0.00676	0.00466	0.00975
16	0.02112	0.02734	0.18290	0.04776	0.48608	0.02114	0.02882	0.02767	0.02001	0.02901	0.01664	0.02135	0.01348	0.00810	0.00877	0.00270	0.01126	0.00764	0.00427	0.01394
17	0.14020	0.02964	0.18322	0.02082	0.02635	0.15034	0.01993	0.02629	0.01779	0.02633	0.01501	0.01989	0.01264	0.01797	0.09660	0.00448	0.17072	0.00683	0.00440	0.01056
18	0.19005	0.08851	0.26079	0.02495	0.12678	0.02096	0.02251	0.02965	0.01913	0.11270	0.01764	0.01958	0.01289	0.00864	0.00770	0.00270	0.01027	0.00659	0.00528	0.01268
19	0.01797	0.02741	0.25290	0.16222	0.19411	0.01870	0.02588	0.02511	0.02012	0.02867	0.11568	0.02859	0.02413	0.01005	0.00902	0.00281	0.01081	0.00881	0.00498	0.01201
20	0.02525	0.42817	0.13839	0.01885	0.02668	0.18224	0.01869	0.02921	0.02004	0.02244	0.01337	0.01553	0.01147	0.00817	0.00676	0.00216	0.01176	0.00532	0.00401	0.01150
21	0.02142	0.02160	0.16666	0.07526	0.02759	0.01591	0.01790	0.03076	0.14203	0.15229	0.03287	0.19777	0.02941	0.01493	0.00953	0.00308	0.00860	0.01287	0.00757	0.01197

[dist]
# distance from previous block
# <min> <max>
0	3

[block]
# block no. 6 follows, 19 sequences, length 10
# corresponding to MSA columns:
# 193-202
name=unknown_G
#
# <colnr> <probs for GDERKNQSTAVLIFYWHMCP>
#	G	D	E	R	K	N	Q	S	T	A	V	L	I	F	Y	W	H	M	C	P
0	0.01229	0.00842	0.01014	0.01076	0.01110	0.00819	0.00661	0.01314	0.01536	0.02065	0.08353	0.26224	0.04544	0.41653	0.03155	0.00655	0.00717	0.01733	0.00672	0.00627
1	0.01436	0.01125	0.01694	0.01442	0.01594	0.01100	0.10425	0.01562	0.01436	0.01924	0.02650	0.05280	0.02936	0.57236	0.03970	0.00773	0.00974	0.01260	0.00527	0.00653
2	0.11008	0.02427	0.02823	0.21801	0.25089	0.16871	0.02219	0.02794	0.02021	0.02697	0.01533	0.02031	0.01236	0.00859	0.00830	0.00268	0.01186	0.00707	0.00447	0.01152
3	0.05218	0.01620	0.01902	0.24712	0.03280	0.09028	0.01574	0.02060	0.01942	0.02507	0.09590	0.15921	0.10791	0.01566	0.01052	0.00305	0.04109	0.01313	0.00613	0.00900
4	0.01703	0.00959	0.01202	0.01195	0.01380	0.00883	0.00821	0.01856	0.01786	0.13757	0.04477	0.30957	0.10439	0.21916	0.02098	0.00490	0.00661	0.01794	0.00797	0.00826
5	0.02272	0.18168	0.11012	0.02418	0.03188	0.02432	0.18551	0.13477	0.02404	0.03177	0.02205	0.03352	0.01946	0.01116	0.00917	0.00286	0.01143	0.10160	0.00573	0.01202
6	0.01510	0.01148	0.01387	0.01339	0.01516	0.01277	0.00953	0.02220	0.15494	0.02330	0.02862	0.04428	0.02768	0.30648	0.25251	0.00938	0.01375	0.01111	0.00606	0.00839
7	0.01900	0.02668	0.20752	0.03099	0.17348	0.01829	0.13200	0.02585	0.02037	0.02964	0.08934	0.02632	0.02148	0.00905	0.00891	0.00257	0.01079	0.00860	0.00505	0.13406
8	0.01690	0.01955	0.12461	0.02774	0.19727	0.01469	0.01940	0.02179	0.01919	0.02710	0.03003	0.19097	0.03126	0.01580	0.00980	0.00303	0.00885	0.11799	0.00606	0.09799
9	0.01641	0.02182	0.14523	0.02583	0.07874	0.01605	0.20668	0.02207	0.01980	0.02661	0.03990	0.14705	0.16507	0.01474	0.01018	0.00306	0.01023	0.01404	0.00590	0.01059

[dist]
# distance from previous block
# <min> <max>
6	32

[block]
# block no. 7 follows, 19 sequences, length 8
# corresponding to MSA columns:
# 242-249
name=unknown_H
#
# <colnr> <probs for GDERKNQSTAVLIFYWHMCP>
#	G	D	E	R	K	N	Q	S	T	A	V	L	I	F	Y	W	H	M	C	P
0	0.01526	0.01240	0.01463	0.04938	0.01874	0.01294	0.01075	0.02531	0.19770	0.03274	0.28726	0.09665	0.15631	0.01733	0.01009	0.00298	0.00561	0.01498	0.00893	0.00999
1	0.01896	0.01373	0.01561	0.01487	0.01839	0.01445	0.01117	0.03112	0.27748	0.09586	0.04775	0.24872	0.11767	0.01857	0.01004	0.00320	0.00619	0.01612	0.00895	0.01116
2	0.02891	0.02076	0.02095	0.01737	0.02296	0.10042	0.01372	0.19394	0.08019	0.17789	0.03163	0.11100	0.05391	0.01321	0.00906	0.00271	0.00877	0.01070	0.00847	0.07342
3	0.05581	0.07002	0.02184	0.09034	0.02523	0.01948	0.01447	0.20336	0.02445	0.03357	0.02666	0.03136	0.07068	0.03105	0.23423	0.00680	0.01442	0.00912	0.00629	0.01083
4	0.14875	0.22034	0.03736	0.02456	0.08211	0.02693	0.15223	0.14806	0.02359	0.03426	0.01606	0.01887	0.01269	0.00842	0.00779	0.00255	0.01056	0.00712	0.00542	0.01234
5	0.31549	0.02744	0.02039	0.01989	0.06312	0.27370	0.01447	0.02903	0.01986	0.02978	0.01799	0.02038	0.04822	0.01003	0.00875	0.00267	0.05700	0.00649	0.00514	0.01015
6	0.01851	0.23367	0.02643	0.08910	0.02416	0.02120	0.01404	0.02588	0.13661	0.02523	0.02964	0.17480	0.02981	0.05034	0.01070	0.00319	0.00822	0.06181	0.00635	0.01031
7	0.11788	0.07294	0.02472	0.06211	0.02579	0.06061	0.13490	0.02222	0.01936	0.02736	0.03680	0.11362	0.14375	0.01433	0.00911	0.00291	0.00906	0.04078	0.05221	0.00954

[dist]
# distance from previous block
# <min> <max>
0	6

[block]
# block no. 8 follows, 19 sequences, length 7
# corresponding to MSA columns:
# 256-262
name=unknown_I
#
# <colnr> <probs for GDERKNQSTAVLIFYWHMCP>
#	G	D	E	R	K	N	Q	S	T	A	V	L	I	F	Y	W	H	M	C	P
0	0.02218	0.39490	0.12278	0.01840	0.02530	0.03008	0.01824	0.02952	0.11213	0.02474	0.01665	0.01878	0.01401	0.00967	0.01015	0.00252	0.10706	0.00634	0.00467	0.01190
1	0.18600	0.12504	0.14150	0.01820	0.02416	0.12133	0.01733	0.02588	0.01768	0.02689	0.01550	0.01995	0.01315	0.02023	0.13148	0.00489	0.06935	0.00648	0.00452	0.01042
2	0.01680	0.01567	0.01521	0.01477	0.01650	0.13286	0.01077	0.01894	0.01610	0.02004	0.02319	0.03795	0.02309	0.22637	0.36054	0.01049	0.01825	0.00980	0.00493	0.00774
3	0.01988	0.01247	0.01477	0.01355	0.01730	0.01186	0.01070	0.10578	0.02427	0.13747	0.08557	0.16186	0.24042	0.01975	0.01041	0.00315	0.00641	0.08529	0.00896	0.01012
4	0.05307	0.12068	0.08632	0.15168	0.12513	0.02058	0.11136	0.02415	0.01871	0.02615	0.02065	0.11783	0.01936	0.01099	0.00873	0.00275	0.01043	0.01004	0.00489	0.05649
5	0.02624	0.14329	0.12275	0.03158	0.20686	0.26985	0.02230	0.03072	0.02175	0.02488	0.01482	0.01803	0.01227	0.00849	0.00798	0.00242	0.01300	0.00638	0.00430	0.01210
6	0.40314	0.01766	0.02145	0.20398	0.14718	0.02024	0.01737	0.02555	0.01696	0.03318	0.01427	0.01862	0.01118	0.00842	0.00713	0.00281	0.00904	0.00632	0.00488	0.01062

[dist]
# distance from previous block
# <min> <max>
2	10

[block]
# block no. 9 follows, 19 sequences, length 127
# corresponding to MSA columns:
# 273-399
name=unknown_J
#
# <colnr> <probs for GDERKNQSTAVLIFYWHMCP>
#	G	D	E	R	K	N	Q	S	T	A	V	L	I	F	Y	W	H	M	C	P
0	0.02363	0.02143	0.03277	0.04525	0.46576	0.02221	0.02420	0.10131	0.11056	0.03380	0.02029	0.02372	0.01624	0.00893	0.00890	0.00272	0.01001	0.00830	0.00568	0.01430
1	0.02408	0.02616	0.06176	0.10128	0.24915	0.14225	0.06927	0.06084	0.11873	0.02977	0.01964	0.02296	0.01543	0.00912	0.00888	0.00272	0.01170	0.00804	0.00538	0.01284
2	0.02052	0.02475	0.07935	0.02655	0.16150	0.18359	0.04524	0.02440	0.02120	0.02515	0.03792	0.11727	0.16701	0.01437	0.00943	0.00281	0.01039	0.01219	0.00584	0.01051
3	0.02014	0.01446	0.01776	0.01561	0.01911	0.01577	0.01227	0.19975	0.02339	0.03263	0.02340	0.05938	0.02074	0.03805	0.29284	0.07978	0.01517	0.00939	0.04289	0.04747
4	0.02395	0.02281	0.01950	0.01742	0.02129	0.17131	0.01294	0.10389	0.24037	0.03066	0.02690	0.03443	0.02338	0.19062	0.01854	0.00432	0.01004	0.00958	0.00701	0.01105
5	0.01486	0.01305	0.01920	0.10314	0.18306	0.01287	0.01499	0.01870	0.02069	0.02743	0.15834	0.11574	0.22965	0.01675	0.00999	0.00294	0.00708	0.01475	0.00703	0.00975
6	0.01766	0.01350	0.02020	0.05512	0.18189	0.01339	0.01611	0.02167	0.02025	0.07612	0.07181	0.05785	0.14508	0.02293	0.08954	0.00456	0.01003	0.14505	0.00692	0.01032
7	0.01495	0.01231	0.01812	0.17225	0.02794	0.01466	0.01486	0.02155	0.08944	0.02334	0.02355	0.03219	0.02045	0.04620	0.41542	0.01021	0.01896	0.00925	0.00513	0.00922
8	0.01135	0.00963	0.00988	0.00988	0.01296	0.00843	0.00754	0.01486	0.05031	0.02496	0.08581	0.08416	0.56829	0.02223	0.01059	0.00307	0.00484	0.04496	0.00834	0.00792
9	0.01092	0.00817	0.01000	0.01141	0.01257	0.00742	0.00775	0.01259	0.01778	0.02290	0.05920	0.48894	0.20877	0.06122	0.01299	0.00374	0.00520	0.02303	0.00815	0.00725
10	0.02075	0.01983	0.03379	0.21715	0.47846	0.02089	0.02676	0.02623	0.01971	0.02753	0.01658	0.02260	0.01357	0.00823	0.00888	0.00274	0.01097	0.00797	0.00431	0.01304
11	0.21497	0.01969	0.02982	0.11798	0.36634	0.02084	0.05168	0.02664	0.01873	0.03132	0.01561	0.02043	0.01267	0.00816	0.00807	0.00275	0.01003	0.00727	0.00467	0.01235
12	0.01212	0.01032	0.01059	0.01031	0.01353	0.00942	0.00779	0.01734	0.09410	0.02640	0.11076	0.07860	0.52478	0.02114	0.01039	0.00301	0.00483	0.01766	0.00848	0.00842
13	0.01085	0.00878	0.00967	0.01032	0.01263	0.00761	0.00756	0.01301	0.01953	0.02394	0.07755	0.24492	0.44755	0.02419	0.01088	0.00324	0.00489	0.04707	0.00830	0.00751
14	0.01930	0.02593	0.19265	0.19057	0.25821	0.02074	0.02676	0.02580	0.01876	0.02699	0.01651	0.02196	0.01305	0.00908	0.01034	0.00286	0.06503	0.00761	0.03555	0.01228
15	0.02618	0.02891	0.03239	0.04351	0.41430	0.24614	0.02382	0.03042	0.02215	0.02660	0.01575	0.01999	0.01322	0.00842	0.00857	0.00253	0.01260	0.00718	0.00449	0.01281
16	0.01293	0.01000	0.01343	0.08518	0.01970	0.01038	0.01106	0.01758	0.07962	0.02457	0.04418	0.51004	0.05024	0.02409	0.01095	0.00352	0.00629	0.05001	0.00791	0.00833
17	0.02632	0.06926	0.02449	0.02077	0.02422	0.38302	0.01618	0.02880	0.02082	0.02155	0.01566	0.02069	0.01392	0.02273	0.15143	0.00516	0.11380	0.00685	0.00450	0.00983
18	0.01120	0.00898	0.01000	0.00997	0.01252	0.00778	0.00739	0.01397	0.02154	0.02741	0.24015	0.12897	0.42496	0.02185	0.01064	0.00301	0.00450	0.01864	0.00875	0.00778
19	0.02550	0.37905	0.08524	0.01723	0.02431	0.10623	0.01634	0.12071	0.02307	0.02877	0.01611	0.01807	0.01327	0.00871	0.00683	0.00218	0.01016	0.00595	0.08048	0.01177
20	0.01113	0.00902	0.00988	0.00981	0.01246	0.00777	0.00730	0.01386	0.02149	0.02711	0.22595	0.11239	0.45693	0.02182	0.01061	0.00300	0.00449	0.01853	0.00870	0.00777
21	0.02064	0.01972	0.03360	0.22918	0.46724	0.02086	0.02671	0.02614	0.01966	0.02741	0.01656	0.02263	0.01353	0.00825	0.00888	0.00275	0.01100	0.00797	0.00430	0.01296
22	0.02162	0.03186	0.28994	0.03543	0.19674	0.02072	0.16301	0.02942	0.02036	0.07817	0.01831	0.02193	0.01350	0.00834	0.00912	0.00282	0.01251	0.00810	0.00472	0.01337
23	0.05903	0.05875	0.14976	0.14306	0.36192	0.02159	0.02656	0.02679	0.01930	0.02820	0.01608	0.02100	0.01289	0.00823	0.00847	0.00271	0.01109	0.00738	0.00426	0.01293
24	0.22988	0.01670	0.01912	0.20548	0.03120	0.01924	0.01502	0.14659	0.02247	0.03711	0.01883	0.02263	0.01425	0.00945	0.00742	0.00267	0.00846	0.00716	0.15564	0.01066
25	0.01297	0.00952	0.01408	0.01408	0.01570	0.01104	0.01094	0.01622	0.01460	0.02139	0.02422	0.03506	0.02239	0.06428	0.61813	0.01377	0.02298	0.00952	0.04110	0.00801
26	0.01186	0.01212	0.06137	0.01112	0.01468	0.00892	0.00948	0.01543	0.02189	0.02836	0.26020	0.07429	0.39799	0.02007	0.01040	0.00294	0.00514	0.01699	0.00844	0.00831
27	0.03342	0.04264	0.02535	0.02305	0.02766	0.64967	0.01729	0.03572	0.02535	0.02190	0.01383	0.01613	0.01152	0.00922	0.00807	0.00230	0.01613	0.00576	0.00461	0.01037
28	0.03286	0.04042	0.02602	0.02457	0.05936	0.57782	0.01780	0.07046	0.02613	0.02443	0.01446	0.01678	0.01189	0.00925	0.00816	0.00235	0.01545	0.00602	0.00487	0.01087
29	0.01202	0.00931	0.01107	0.01117	0.01369	0.00836	0.00874	0.01533	0.02224	0.02893	0.27948	0.08162	0.32618	0.02141	0.01088	0.00314	0.00507	0.11452	0.00886	0.00800
30	0.02295	0.02447	0.03017	0.27111	0.27507	0.17299	0.02403	0.02777	0.02067	0.02511	0.01576	0.02132	0.01270	0.00863	0.00870	0.00269	0.01244	0.00743	0.00431	0.01169
31	0.02392	0.69097	0.04688	0.01531	0.02296	0.03540	0.01531	0.02679	0.01818	0.02105	0.01244	0.01435	0.01148	0.00765	0.00574	0.00191	0.00957	0.00478	0.00383	0.01148
32	0.02214	0.02126	0.03631	0.05491	0.62978	0.02126	0.02746	0.02746	0.02037	0.02923	0.01683	0.02214	0.01417	0.00797	0.00886	0.00266	0.01063	0.00797	0.00443	0.01417
33	0.02398	0.01858	0.01984	0.01679	0.02144	0.02060	0.01295	0.24139	0.24396	0.03940	0.03201	0.03715	0.05538	0.15622	0.01692	0.00411	0.00830	0.01044	0.00822	0.01233
34	0.01212	0.00882	0.00950	0.00950	0.01061	0.00826	0.00592	0.01295	0.01571	0.01984	0.05105	0.06863	0.24985	0.44289	0.03274	0.00660	0.00716	0.01516	0.00648	0.00620
35	0.01090	0.00779	0.01038	0.01246	0.01298	0.00727	0.00830	0.01246	0.01713	0.02284	0.04931	0.67975	0.05917	0.02803	0.01142	0.00363	0.00519	0.02543	0.00830	0.00727
36	0.01242	0.00877	0.00959	0.00959	0.01032	0.00840	0.00575	0.01297	0.01480	0.01900	0.04332	0.06522	0.17634	0.52499	0.03707	0.00730	0.00767	0.01443	0.00612	0.00594
37	0.01729	0.02348	0.18761	0.03083	0.24654	0.01633	0.02178	0.02332	0.02118	0.02997	0.17311	0.04002	0.10622	0.01243	0.00939	0.00279	0.00901	0.01095	0.00605	0.01171
38	0.01301	0.00867	0.00976	0.00976	0.00976	0.00867	0.00542	0.01301	0.01301	0.01735	0.02819	0.05855	0.03253	0.68559	0.04554	0.00867	0.00867	0.01301	0.00542	0.00542
39	0.01451	0.01151	0.01688	0.18078	0.02708	0.01313	0.01383	0.04727	0.01729	0.02340	0.02827	0.19010	0.02908	0.09011	0.24726	0.00776	0.01432	0.01322	0.00571	0.00848
40	0.01266	0.00914	0.01196	0.01126	0.01337	0.00844	0.00844	0.01688	0.02532	0.03588	0.62506	0.06683	0.08441	0.01829	0.01055	0.00281	0.00422	0.01618	0.00985	0.00844
41	0.03089	0.21531	0.03109	0.02099	0.02641	0.48607	0.01676	0.03334	0.02344	0.02167	0.01346	0.01566	0.01151	0.00880	0.00745	0.00220	0.01438	0.00550	0.00440	0.01067
42	0.16499	0.10882	0.02948	0.03128	0.24618	0.18973	0.01912	0.03018	0.02071	0.05952	0.01560	0.01855	0.01269	0.00849	0.00763	0.00250	0.01110	0.00644	0.00496	0.01202
43	0.01906	0.01801	0.02906	0.04270	0.46527	0.01761	0.02195	0.02356	0.02038	0.02788	0.03648	0.03918	0.17716	0.01188	0.00931	0.00275	0.00900	0.01088	0.00546	0.01241
44	0.02271	0.02352	0.03847	0.04698	0.42420	0.07309	0.14783	0.02807	0.02058	0.02810	0.01659	0.02194	0.01370	0.00839	0.01024	0.00277	0.04687	0.00834	0.00444	0.01318
45	0.01301	0.00867	0.00976	0.00976	0.00976	0.00867	0.00542	0.01301	0.01301	0.01735	0.02819	0.05855	0.03253	0.68559	0.04554	0.00867	0.00867	0.01301	0.00542	0.00542
46	0.05842	0.01658	0.02087	0.20104	0.03175	0.01882	0.01603	0.17387	0.02510	0.03411	0.09093	0.04007	0.15386	0.01382	0.01094	0.00296	0.06233	0.01098	0.00688	0.01065
47	0.01066	0.00872	0.00941	0.00997	0.01232	0.00748	0.00720	0.01274	0.01952	0.02381	0.07963	0.24421	0.47514	0.02409	0.01080	0.00318	0.00471	0.02063	0.00831	0.00748
48	0.02148	0.02292	0.14925	0.02060	0.05920	0.01839	0.01776	0.23171	0.02681	0.03663	0.03031	0.26294	0.03050	0.01647	0.00976	0.00306	0.00888	0.01414	0.00737	0.01182
49	0.02519	0.01656	0.01743	0.01436	0.01893	0.01787	0.01154	0.30542	0.03021	0.04467	0.02540	0.02752	0.01914	0.01058	0.00758	0.00238	0.00696	0.00820	0.37834	0.01172
50	0.01308	0.00825	0.00966	0.01047	0.01117	0.00804	0.00675	0.01469	0.01601	0.02337	0.03667	0.29482	0.04060	0.26547	0.02271	0.00511	0.00622	0.01673	0.18335	0.00685
51	0.01278	0.00959	0.01438	0.01438	0.01598	0.01118	0.01118	0.01598	0.01438	0.02077	0.02396	0.03515	0.02237	0.06710	0.65013	0.01438	0.02396	0.00959	0.00479	0.00799
52	0.02214	0.02126	0.03631	0.05491	0.62978	0.02126	0.02746	0.02746	0.02037	0.02923	0.01683	0.02214	0.01417	0.00797	0.00886	0.00266	0.01063	0.00797	0.00443	0.01417
53	0.02214	0.02126	0.03631	0.05491	0.62978	0.02126	0.02746	0.02746	0.02037	0.02923	0.01683	0.02214	0.01417	0.00797	0.00886	0.00266	0.01063	0.00797	0.00443	0.01417
54	0.01113	0.00908	0.00983	0.00965	0.01243	0.00779	0.00724	0.01392	0.02171	0.02729	0.23296	0.08097	0.48187	0.02149	0.01057	0.00297	0.00445	0.01816	0.00872	0.00779
55	0.05772	0.14811	0.03465	0.20738	0.33117	0.02354	0.02354	0.02605	0.01903	0.02651	0.01552	0.02072	0.01283	0.00819	0.00812	0.00261	0.01058	0.00720	0.00425	0.01230
56	0.61001	0.01704	0.01574	0.13545	0.02570	0.02003	0.01256	0.02565	0.01573	0.03686	0.01311	0.01630	0.01011	0.00843	0.00618	0.00281	0.00787	0.00543	0.00524	0.00974
57	0.01435	0.06628	0.01513	0.01225	0.01560	0.01250	0.00977	0.02079	0.10914	0.02947	0.22505	0.06837	0.27829	0.01883	0.01013	0.00298	0.00558	0.06785	0.00849	0.00917
58	0.01278	0.00959	0.01438	0.01438	0.01598	0.01118	0.01118	0.01598	0.01438	0.02077	0.02396	0.03515	0.02237	0.06710	0.65013	0.01438	0.02396	0.00959	0.00479	0.00799
59	0.01284	0.00934	0.01315	0.01315	0.01432	0.01051	0.00965	0.01519	0.01401	0.01986	0.02509	0.04138	0.02507	0.23182	0.48911	0.01286	0.01989	0.01050	0.00496	0.00730
60	0.01090	0.00779	0.01038	0.01246	0.01298	0.00727	0.00830	0.01246	0.01713	0.02284	0.04931	0.67975	0.05917	0.02803	0.01142	0.00363	0.00519	0.02543	0.00830	0.00727
61	0.01355	0.00927	0.01284	0.01284	0.01440	0.01043	0.00976	0.01667	0.01511	0.02292	0.02531	0.03671	0.02330	0.10658	0.47671	0.01154	0.01890	0.00962	0.14569	0.00785
62	0.01817	0.01720	0.02913	0.51651	0.19926	0.02021	0.02548	0.02397	0.01849	0.02440	0.01613	0.02344	0.01247	0.00871	0.00892	0.00290	0.01161	0.00796	0.00409	0.01096
63	0.03342	0.04264	0.02535	0.02305	0.02766	0.64967	0.01729	0.03572	0.02535	0.02190	0.01383	0.01613	0.01152	0.00922	0.00807	0.00230	0.01613	0.00576	0.00461	0.01037
64	0.01479	0.01217	0.01338	0.01254	0.01589	0.01230	0.00956	0.02467	0.20217	0.03193	0.24487	0.06393	0.27120	0.01807	0.01012	0.00296	0.00521	0.01536	0.00904	0.00984
65	0.01356	0.00971	0.01332	0.01471	0.01659	0.00947	0.01221	0.01738	0.02131	0.02849	0.18756	0.16434	0.06042	0.02357	0.01180	0.00374	0.00689	0.36812	0.00864	0.00817
66	0.01278	0.00959	0.01438	0.01438	0.01598	0.01118	0.01118	0.01598	0.01438	0.02077	0.02396	0.03515	0.02237	0.06710	0.65013	0.01438	0.02396	0.00959	0.00479	0.00799
67	0.01202	0.00923	0.01107	0.01091	0.01337	0.00828	0.00839	0.01547	0.02293	0.03041	0.35971	0.07770	0.29254	0.02063	0.01074	0.00302	0.00474	0.07168	0.00909	0.00807
68	0.02209	0.02847	0.18519	0.03605	0.19583	0.02284	0.18989	0.09843	0.02237	0.03158	0.01717	0.02163	0.01324	0.00895	0.01094	0.00291	0.06611	0.00838	0.00482	0.01311
69	0.01218	0.00958	0.01108	0.01082	0.01336	0.00876	0.00806	0.01657	0.05636	0.02994	0.31777	0.12303	0.30872	0.02058	0.01055	0.00298	0.00460	0.01773	0.00903	0.00830
70	0.02857	0.03304	0.02130	0.05035	0.02512	0.46398	0.01498	0.03150	0.02340	0.02472	0.01765	0.02068	0.01431	0.00950	0.00767	0.00228	0.01303	0.00649	0.18158	0.00986
71	0.02496	0.19300	0.19461	0.10569	0.03396	0.10372	0.02194	0.16296	0.02485	0.03167	0.01616	0.01871	0.01239	0.00897	0.00794	0.00253	0.01173	0.00658	0.00514	0.01248
72	0.02066	0.19878	0.02836	0.02025	0.07058	0.10106	0.01553	0.02444	0.04990	0.02348	0.03073	0.06412	0.13152	0.01386	0.01324	0.00285	0.16508	0.00986	0.00534	0.01035
73	0.01128	0.00873	0.01096	0.01173	0.01345	0.00841	0.00852	0.01353	0.01759	0.02277	0.05769	0.29074	0.25694	0.03647	0.18122	0.00627	0.00995	0.01881	0.00737	0.00756
74	0.02112	0.02097	0.03833	0.04717	0.43784	0.02054	0.16440	0.02689	0.02096	0.02963	0.06671	0.02627	0.01975	0.00871	0.00941	0.00276	0.01119	0.00927	0.00489	0.01319
75	0.01841	0.01735	0.02788	0.11814	0.39491	0.01744	0.02163	0.02299	0.02007	0.02709	0.03637	0.03939	0.17688	0.01200	0.00933	0.00279	0.00917	0.01087	0.00541	0.01188
76	0.02175	0.43134	0.11269	0.01602	0.02444	0.02734	0.01625	0.02585	0.01837	0.02411	0.01381	0.01603	0.01193	0.00748	0.00632	0.00187	0.00924	0.00515	0.00421	0.20580
77	0.01074	0.00907	0.00930	0.00924	0.01219	0.00763	0.00693	0.01317	0.02079	0.02512	0.13419	0.08453	0.58200	0.02230	0.01057	0.00300	0.00451	0.01866	0.00843	0.00763
78	0.04014	0.01523	0.02076	0.01592	0.02284	0.01315	0.01315	0.04360	0.02561	0.63597	0.03530	0.03045	0.02215	0.01107	0.00900	0.00277	0.00761	0.00900	0.01107	0.01523
79	0.01172	0.00898	0.01074	0.01057	0.01286	0.00800	0.00783	0.01496	0.02270	0.03029	0.37187	0.13514	0.28022	0.02086	0.01065	0.00297	0.00443	0.01809	0.00913	0.00800
80	0.01156	0.00890	0.01071	0.01169	0.01367	0.00805	0.00883	0.01411	0.01980	0.02519	0.11308	0.27490	0.29585	0.02438	0.01117	0.00340	0.00540	0.12323	0.00842	0.00766
81	0.03353	0.03933	0.02563	0.02258	0.02767	0.53253	0.01723	0.14200	0.02850	0.02839	0.01527	0.01714	0.01222	0.00951	0.00823	0.00238	0.01495	0.00619	0.00543	0.01128
