[name]
unknown

[dist]
# distance from previous block
# <min> <max>
0	2

[block]
# block no. 0 follows, 22 sequences, length 6
# corresponding to MSA columns:
# 2-7
name=unknown_A
#
# <colnr> <probs for GDERKNQSTAVLIFYWHMCP>
#	G	D	E	R	K	N	Q	S	T	A	V	L	I	F	Y	W	H	M	C	P
0	0.01846	0.01053	0.01464	0.01519	0.01806	0.01012	0.01314	0.02215	0.02011	0.16013	0.04161	0.07982	0.04203	0.02026	0.01081	0.00356	0.00753	0.47462	0.00821	0.00903
1	0.01955	0.01243	0.01576	0.01557	0.06776	0.01190	0.01117	0.08081	0.05079	0.15788	0.20717	0.05310	0.18901	0.01535	0.00930	0.00272	0.00599	0.05518	0.00840	0.01016
2	0.02239	0.09118	0.03695	0.06944	0.23197	0.16113	0.21556	0.02721	0.01981	0.02448	0.01497	0.01935	0.01211	0.00754	0.00830	0.00245	0.01226	0.00745	0.00410	0.01133
3	0.02308	0.32828	0.22005	0.01881	0.02683	0.15794	0.01953	0.07299	0.02011	0.02419	0.01343	0.01540	0.01089	0.00785	0.00674	0.00215	0.01113	0.00535	0.00405	0.01119
4	0.01114	0.00871	0.01031	0.01099	0.01328	0.00788	0.00879	0.01390	0.01917	0.02404	0.11652	0.12549	0.37103	0.02165	0.01040	0.00315	0.00532	0.20315	0.00781	0.00727
5	0.15038	0.02049	0.02632	0.16377	0.29737	0.08571	0.02020	0.08906	0.02023	0.02970	0.01493	0.01903	0.01189	0.00802	0.00764	0.00251	0.00995	0.00670	0.00467	0.01141

[dist]
# distance from previous block
# <min> <max>
0	2

[block]
# block no. 1 follows, 22 sequences, length 8
# corresponding to MSA columns:
# 10-17
name=unknown_B
#
# <colnr> <probs for GDERKNQSTAVLIFYWHMCP>
#	G	D	E	R	K	N	Q	S	T	A	V	L	I	F	Y	W	H	M	C	P
0	0.06414	0.02422	0.15135	0.17451	0.03273	0.12290	0.05372	0.06648	0.01988	0.02591	0.02584	0.06781	0.09018	0.01136	0.00842	0.00269	0.01040	0.03251	0.00506	0.00990
1	0.01238	0.01011	0.01275	0.01282	0.01440	0.01072	0.01012	0.01472	0.01733	0.02263	0.08720	0.14502	0.24313	0.07703	0.01579	0.00368	0.11661	0.15930	0.00691	0.00736
2	0.02940	0.02650	0.02199	0.05687	0.02577	0.28590	0.01506	0.11498	0.14958	0.15713	0.02214	0.02196	0.01612	0.00963	0.00801	0.00245	0.01070	0.00717	0.00683	0.01182
3	0.01094	0.00766	0.00931	0.01029	0.01072	0.00732	0.00648	0.01181	0.01448	0.01912	0.04000	0.38522	0.08426	0.31596	0.02403	0.00533	0.00616	0.01830	0.00657	0.00604
4	0.02574	0.01860	0.02034	0.01712	0.02254	0.02064	0.01365	0.18415	0.40521	0.13161	0.03032	0.02794	0.02195	0.01081	0.00840	0.00270	0.00726	0.00878	0.00869	0.01353
5	0.01907	0.01633	0.02409	0.34124	0.14864	0.01859	0.01973	0.06339	0.13562	0.05589	0.02362	0.02701	0.05180	0.00963	0.00841	0.00270	0.00933	0.00840	0.00547	0.01104
6	0.02419	0.01910	0.02232	0.12501	0.02883	0.02001	0.01508	0.31880	0.06538	0.03893	0.01844	0.02018	0.01378	0.00867	0.00769	0.00219	0.00843	0.00684	0.00659	0.22955
7	0.33829	0.08851	0.02145	0.01520	0.02127	0.02348	0.01279	0.31599	0.02644	0.04280	0.01561	0.01659	0.01164	0.00874	0.00669	0.00245	0.00798	0.00593	0.00651	0.01164

[dist]
# distance from previous block
# <min> <max>
0	1

[block]
# block no. 2 follows, 22 sequences, length 45
# corresponding to MSA columns:
# 19-63
name=unknown_C
#
# <colnr> <probs for GDERKNQSTAVLIFYWHMCP>
#	G	D	E	R	K	N	Q	S	T	A	V	L	I	F	Y	W	H	M	C	P
0	0.01038	0.00785	0.00959	0.01040	0.01188	0.00706	0.00732	0.01255	0.01842	0.02414	0.18583	0.38253	0.23666	0.02263	0.01020	0.00304	0.00445	0.01999	0.00802	0.00706
1	0.01758	0.10282	0.53365	0.02498	0.06805	0.02069	0.06745	0.02615	0.01769	0.02574	0.01476	0.01762	0.01081	0.00774	0.00780	0.00255	0.01195	0.00629	0.00359	0.01210
2	0.02816	0.01681	0.01916	0.01553	0.02100	0.01749	0.01255	0.21883	0.16223	0.23852	0.03164	0.02971	0.05828	0.01100	0.00821	0.00255	0.00712	0.00881	0.07951	0.01288
3	0.01027	0.00741	0.00976	0.01158	0.01226	0.00690	0.00791	0.01186	0.01622	0.02145	0.04774	0.63971	0.08638	0.02561	0.01060	0.00337	0.00493	0.05152	0.00771	0.00681
4	0.03053	0.08117	0.02501	0.02065	0.02541	0.55193	0.01590	0.10712	0.02505	0.02429	0.01365	0.01550	0.01113	0.00864	0.00745	0.00216	0.01386	0.00556	0.00474	0.01026
5	0.01819	0.02280	0.15452	0.24903	0.31317	0.01930	0.05551	0.02434	0.01794	0.02506	0.01527	0.02057	0.01195	0.00777	0.00826	0.00261	0.01093	0.00727	0.00386	0.01163
6	0.02640	0.03082	0.02804	0.03448	0.30439	0.38520	0.02023	0.02978	0.02150	0.02334	0.01407	0.01745	0.01179	0.00805	0.00781	0.00228	0.01272	0.00626	0.00421	0.01119
7	0.06158	0.06705	0.06688	0.03456	0.21826	0.02180	0.27306	0.10170	0.02129	0.03010	0.01615	0.02027	0.01255	0.00758	0.00853	0.00258	0.01136	0.00801	0.00467	0.01204
8	0.01649	0.01604	0.06155	0.02602	0.21396	0.01479	0.01712	0.02408	0.12351	0.02696	0.03766	0.05385	0.12045	0.01498	0.00950	0.00301	0.00794	0.19519	0.00645	0.01046
9	0.01277	0.01053	0.01353	0.01367	0.01458	0.03528	0.01012	0.01475	0.01442	0.01979	0.02912	0.26745	0.03206	0.10290	0.27607	0.00772	0.09841	0.01403	0.00554	0.00725
10	0.01808	0.01202	0.01436	0.01365	0.01624	0.01227	0.01003	0.15133	0.05546	0.08865	0.03699	0.41156	0.03957	0.06394	0.01180	0.00338	0.00628	0.01713	0.00795	0.00930
11	0.02101	0.02060	0.03328	0.04971	0.62895	0.04807	0.02509	0.02583	0.01912	0.02685	0.01551	0.02032	0.01305	0.00745	0.00819	0.00245	0.01009	0.00731	0.00412	0.01301
12	0.05960	0.01958	0.02662	0.26190	0.29475	0.10035	0.02135	0.02405	0.01845	0.02449	0.01920	0.02388	0.05335	0.00876	0.00810	0.00256	0.01037	0.00764	0.00428	0.01074
13	0.02600	0.02931	0.10691	0.05598	0.19457	0.21604	0.02059	0.19240	0.02553	0.03166	0.01585	0.01842	0.01228	0.00855	0.00799	0.00241	0.01154	0.00665	0.00522	0.01210
14	0.02078	0.03542	0.34245	0.02254	0.02984	0.16629	0.02383	0.04905	0.01851	0.02443	0.01366	0.01722	0.01079	0.00974	0.01255	0.00276	0.17896	0.00629	0.00389	0.01098
15	0.01877	0.01791	0.03049	0.28476	0.43642	0.01927	0.02461	0.02393	0.01807	0.02497	0.01531	0.02114	0.01239	0.00773	0.00825	0.00258	0.01031	0.00739	0.00396	0.01172
16	0.01862	0.01776	0.03022	0.30413	0.41821	0.01923	0.02453	0.02380	0.01800	0.02479	0.01528	0.02119	0.01233	0.00776	0.00826	0.00259	0.01035	0.00739	0.00394	0.01160
17	0.01544	0.01220	0.01317	0.01232	0.01589	0.01243	0.00957	0.02559	0.24583	0.05946	0.09750	0.05918	0.32355	0.01680	0.00934	0.00284	0.00538	0.04563	0.00820	0.00969
18	0.01098	0.00798	0.00930	0.00972	0.01077	0.00743	0.00638	0.01235	0.01614	0.02107	0.12158	0.22995	0.19455	0.27899	0.02217	0.00489	0.00577	0.01677	0.00688	0.00630
19	0.01835	0.01713	0.02869	0.12391	0.47238	0.01749	0.02220	0.02302	0.01889	0.02662	0.08207	0.07115	0.02234	0.00975	0.00856	0.00258	0.00907	0.00927	0.00481	0.01169
20	0.01084	0.00955	0.00937	0.00970	0.01206	0.03701	0.00706	0.01280	0.01847	0.02207	0.07237	0.21617	0.49034	0.02159	0.00989	0.00290	0.00483	0.01834	0.00756	0.00707
21	0.01561	0.00844	0.00906	0.00885	0.01090	0.00872	0.00674	0.04058	0.01769	0.03027	0.02624	0.03079	0.02097	0.01627	0.08963	0.00338	0.00636	0.00788	0.63369	0.00793
22	0.01769	0.01108	0.01322	0.01250	0.01585	0.01061	0.00977	0.02373	0.12183	0.15363	0.08273	0.15510	0.23166	0.01805	0.00962	0.00296	0.00567	0.08636	0.00841	0.00953
23	0.01189	0.00882	0.01295	0.01295	0.01429	0.01016	0.00988	0.01457	0.01323	0.01898	0.02262	0.03469	0.02166	0.12341	0.61524	0.01285	0.02091	0.00920	0.00451	0.00719
24	0.03292	0.01482	0.01893	0.01490	0.02084	0.01380	0.01218	0.09407	0.07873	0.49294	0.06405	0.03148	0.04892	0.01110	0.00849	0.00260	0.00695	0.00906	0.00978	0.01345
25	0.01075	0.00816	0.00901	0.00920	0.01075	0.00738	0.00622	0.01226	0.01679	0.02125	0.11186	0.14814	0.32924	0.23901	0.02020	0.00452	0.00548	0.01634	0.00699	0.00643
26	0.01290	0.01030	0.01188	0.01227	0.01449	0.01042	0.00902	0.02016	0.16996	0.02574	0.08870	0.32194	0.18820	0.02054	0.00989	0.00308	0.00520	0.04886	0.00798	0.00849
27	0.02369	0.01657	0.01836	0.01602	0.02099	0.01815	0.01260	0.04172	0.47643	0.16941	0.03615	0.03290	0.05620	0.01155	0.00850	0.00276	0.00656	0.00958	0.00881	0.01305
28	0.01306	0.00840	0.00949	0.00927	0.00992	0.00814	0.00554	0.01347	0.01347	0.04888	0.03337	0.05610	0.10352	0.59202	0.03675	0.00716	0.00755	0.01254	0.00561	0.00572
29	0.08981	0.01083	0.01270	0.01127	0.01508	0.00990	0.00895	0.02228	0.02087	0.20674	0.18643	0.05587	0.25341	0.01595	0.00905	0.00273	0.00535	0.04483	0.00851	0.00943
30	0.01103	0.00842	0.01034	0.01151	0.01335	0.00773	0.00895	0.01348	0.01809	0.02283	0.06014	0.26943	0.28520	0.02312	0.01057	0.00329	0.00547	0.20220	0.00769	0.00713
31	0.01484	0.00861	0.00911	0.00883	0.01019	0.00873	0.00596	0.04534	0.01624	0.02585	0.02638	0.04012	0.02463	0.29834	0.02100	0.00449	0.00585	0.00952	0.40904	0.00693
32	0.25239	0.01237	0.01162	0.01049	0.01354	0.01349	0.00787	0.09538	0.01779	0.03199	0.02111	0.02982	0.01871	0.17965	0.01482	0.00370	0.00635	0.00775	0.24288	0.00827
33	0.01204	0.00854	0.01023	0.01035	0.01257	0.00758	0.00771	0.01462	0.01973	0.05912	0.21808	0.21013	0.30594	0.02061	0.01000	0.00292	0.00461	0.04941	0.00822	0.00758
34	0.26698	0.01183	0.01183	0.01108	0.01423	0.01259	0.00847	0.02063	0.07743	0.03241	0.27008	0.08256	0.08274	0.05169	0.00992	0.00297	0.00531	0.01147	0.00733	0.00846
35	0.13809	0.00946	0.01005	0.01009	0.01193	0.00958	0.00707	0.01455	0.01553	0.02345	0.08696	0.15322	0.17177	0.22395	0.07482	0.00527	0.00730	0.01378	0.00633	0.00682
36	0.01080	0.00793	0.00987	0.01042	0.01175	0.00728	0.00726	0.01305	0.01860	0.02498	0.25277	0.32170	0.16195	0.08670	0.01320	0.00347	0.00472	0.01862	0.00794	0.00699
37	0.01283	0.00850	0.01139	0.01139	0.01281	0.00942	0.00856	0.01568	0.01426	0.02194	0.02398	0.03479	0.02203	0.12558	0.42610	0.00976	0.01579	0.00898	0.19901	0.00722
38	0.01180	0.00797	0.00930	0.00957	0.00969	0.00796	0.00561	0.01211	0.01266	0.01694	0.02877	0.14414	0.03331	0.58866	0.06146	0.00760	0.00813	0.01357	0.00539	0.00536
39	0.02109	0.01952	0.02295	0.05027	0.17815	0.06026	0.01671	0.03807	0.42851	0.03151	0.02739	0.02714	0.02096	0.01005	0.00833	0.00269	0.00806	0.00859	0.00696	0.01279
40	0.02652	0.02654	0.02001	0.01790	0.02225	0.33474	0.01371	0.03393	0.16773	0.11048	0.04992	0.02678	0.05281	0.01331	0.04393	0.00301	0.01133	0.00792	0.00645	0.01073
41	0.01895	0.01918	0.02682	0.02598	0.13219	0.09856	0.16401	0.02610	0.11227	0.02632	0.05950	0.03988	0.07933	0.04884	0.01098	0.00306	0.00987	0.08200	0.00585	0.01033
42	0.02913	0.01979	0.02193	0.01752	0.02336	0.02153	0.01420	0.36947	0.17534	0.14363	0.02495	0.02410	0.01778	0.01122	0.00950	0.03855	0.00812	0.00805	0.00843	0.01340
43	0.02741	0.06440	0.02493	0.07839	0.06810	0.26120	0.01645	0.24779	0.02768	0.03267	0.02029	0.02185	0.05330	0.00970	0.00794	0.00237	0.01116	0.00717	0.00588	0.01136
44	0.09455	0.02545	0.10120	0.08860	0.06120	0.19756	0.01678	0.09068	0.02229	0.09271	0.06935	0.02587	0.05880	0.01008	0.00794	0.00248	0.01019	0.00774	0.00582	0.01068

[dist]
# distance from previous block
# <min> <max>
0	23

[block]
# block no. 3 follows, 22 sequences, length 31
# corresponding to MSA columns:
# 87-117
name=unknown_D
#
# <colnr> <probs for GDERKNQSTAVLIFYWHMCP>
#	G	D	E	R	K	N	Q	S	T	A	V	L	I	F	Y	W	H	M	C	P
0	0.22064	0.02037	0.05054	0.06006	0.12480	0.10805	0.01475	0.09157	0.02036	0.03040	0.02892	0.03022	0.14561	0.01087	0.00763	0.00255	0.00857	0.00841	0.00559	0.01010
1	0.06178	0.28215	0.05618	0.01764	0.02332	0.18863	0.01546	0.09913	0.08205	0.02626	0.01513	0.01679	0.01245	0.00884	0.00828	0.00227	0.06207	0.00580	0.00486	0.01092
2	0.27043	0.15054	0.33680	0.01773	0.02670	0.02144	0.02051	0.02542	0.01628	0.02883	0.01320	0.01544	0.01003	0.00769	0.00652	0.00246	0.00971	0.00529	0.00407	0.01089
3	0.05605	0.12798	0.04753	0.01470	0.01872	0.07157	0.01221	0.02407	0.06872	0.10463	0.02740	0.21978	0.02696	0.01899	0.07193	0.00367	0.03204	0.01161	0.00629	0.03515
4	0.01606	0.01487	0.06706	0.01246	0.01662	0.01277	0.01057	0.16400	0.02314	0.02982	0.08126	0.05632	0.34503	0.09746	0.01309	0.00332	0.00652	0.01338	0.00726	0.00899
5	0.01046	0.00737	0.00954	0.01113	0.01153	0.00698	0.00725	0.01166	0.01524	0.02032	0.04237	0.58978	0.05064	0.14474	0.01612	0.00419	0.00538	0.02161	0.00725	0.00645
6	0.02520	0.02670	0.02302	0.02438	0.12606	0.30538	0.01685	0.11274	0.05471	0.02760	0.02186	0.03388	0.02009	0.01172	0.00861	0.00263	0.01138	0.13086	0.00573	0.01059
7	0.02642	0.02750	0.02840	0.03429	0.30979	0.25447	0.02026	0.14452	0.02445	0.02957	0.01547	0.01845	0.01247	0.00831	0.00798	0.00236	0.01155	0.00669	0.00498	0.01209
8	0.02444	0.17473	0.19012	0.05387	0.13139	0.02157	0.02038	0.09902	0.02138	0.15847	0.01855	0.01982	0.01350	0.00840	0.00755	0.00240	0.00966	0.00665	0.00558	0.01253
9	0.01666	0.04297	0.66500	0.02368	0.03596	0.01929	0.03069	0.02631	0.01754	0.02631	0.01491	0.01754	0.01052	0.00789	0.00789	0.00263	0.01228	0.00614	0.00351	0.01228
10	0.00985	0.00830	0.00854	0.00873	0.01130	0.00699	0.00645	0.01189	0.01864	0.02232	0.08039	0.14113	0.59411	0.02153	0.00990	0.00286	0.00427	0.01813	0.00771	0.00699
11	0.10941	0.06421	0.36094	0.02254	0.09076	0.01844	0.02297	0.02891	0.01855	0.16055	0.01817	0.01941	0.01271	0.00829	0.00757	0.00255	0.01010	0.00645	0.00518	0.01229
12	0.01591	0.01278	0.01560	0.01473	0.01698	0.01452	0.01128	0.02438	0.20217	0.05199	0.09733	0.22317	0.08359	0.01933	0.04019	0.00352	0.12156	0.01412	0.00736	0.00949
13	0.01046	0.00737	0.00954	0.01113	0.01153	0.00698	0.00725	0.01166	0.01524	0.02032	0.04237	0.58978	0.05064	0.14474	0.01612	0.00419	0.00538	0.02161	0.00725	0.00645
14	0.01793	0.01705	0.02897	0.39500	0.33277	0.01905	0.02419	0.02319	0.01767	0.02395	0.01516	0.02142	0.01203	0.00789	0.00827	0.00263	0.01052	0.00739	0.00388	0.01104
15	0.01589	0.22231	0.18892	0.01473	0.02047	0.01799	0.01507	0.02002	0.01739	0.02326	0.12500	0.08712	0.06014	0.12245	0.01323	0.00331	0.00827	0.00999	0.00522	0.00923
16	0.00996	0.00788	0.00897	0.00984	0.01160	0.00689	0.00695	0.01176	0.01756	0.02188	0.06676	0.36227	0.38176	0.02330	0.01017	0.00306	0.00449	0.02029	0.00771	0.00689
17	0.01088	0.00761	0.00964	0.01071	0.01123	0.00725	0.00695	0.01220	0.01569	0.02115	0.11105	0.44082	0.05056	0.22155	0.01964	0.00463	0.00565	0.01929	0.00711	0.00638
18	0.02527	0.02864	0.13155	0.03125	0.24334	0.15694	0.02159	0.20103	0.02546	0.03286	0.01618	0.01874	0.01250	0.00846	0.00804	0.00243	0.01111	0.00679	0.00526	0.01256
19	0.02173	0.02270	0.03023	0.15619	0.43054	0.14563	0.02325	0.02623	0.01941	0.02480	0.01494	0.01976	0.01232	0.00778	0.00810	0.00246	0.01106	0.00700	0.00407	0.01180
20	0.01187	0.00890	0.01335	0.01335	0.01483	0.01038	0.01038	0.01483	0.01335	0.01928	0.02225	0.03264	0.02077	0.06231	0.67512	0.01335	0.02225	0.00890	0.00445	0.00742
21	0.01897	0.01772	0.02822	0.13976	0.40407	0.01737	0.02120	0.02369	0.01814	0.02621	0.01528	0.01997	0.01262	0.00723	0.00772	0.00220	0.00912	0.00678	0.00425	0.19948
22	0.02203	0.02663	0.17048	0.10394	0.10313	0.10410	0.09722	0.05593	0.07089	0.07862	0.01785	0.02085	0.01340	0.00899	0.00992	0.00268	0.06938	0.00739	0.00497	0.01158
23	0.27820	0.10465	0.16095	0.02240	0.10608	0.02102	0.08852	0.02688	0.06793	0.03015	0.01522	0.01770	0.01181	0.00785	0.00695	0.00252	0.00928	0.00623	0.00464	0.01101
24	0.02432	0.11468	0.05424	0.02613	0.18462	0.19442	0.01759	0.08773	0.07128	0.05577	0.02280	0.02418	0.06788	0.00954	0.00781	0.00236	0.01026	0.00749	0.00540	0.01148
25	0.02342	0.13711	0.02818	0.05575	0.21021	0.22238	0.01767	0.07170	0.02144	0.02492	0.02242	0.02464	0.08684	0.00954	0.00773	0.00231	0.01062	0.00748	0.00480	0.01085
26	0.13982	0.18496	0.16783	0.02172	0.12757	0.04807	0.01784	0.02326	0.01703	0.02550	0.01899	0.13554	0.01848	0.01078	0.00736	0.00250	0.00895	0.00869	0.00465	0.01044
27	0.10573	0.16654	0.02553	0.01799	0.06859	0.04509	0.09479	0.02179	0.01808	0.05040	0.05738	0.05674	0.14820	0.04604	0.00950	0.00270	0.00809	0.00976	0.00553	0.04153
28	0.02488	0.05450	0.02355	0.01897	0.02377	0.23928	0.08483	0.06956	0.07217	0.11095	0.02860	0.09315	0.07627	0.01211	0.00855	0.00257	0.01029	0.02912	0.00640	0.01048
29	0.20640	0.17820	0.23500	0.01945	0.05650	0.12844	0.01915	0.02661	0.01760	0.02665	0.01306	0.01537	0.01033	0.00776	0.00661	0.00235	0.01042	0.00530	0.00408	0.01073
30	0.01802	0.22632	0.15981	0.02083	0.11564	0.04773	0.01726	0.02226	0.01735	0.02300	0.07855	0.02694	0.02098	0.10222	0.06651	0.00390	0.01049	0.00765	0.00447	0.01006

[dist]
# distance from previous block
# <min> <max>
11	68

[block]
# block no. 4 follows, 22 sequences, length 17
# corresponding to MSA columns:
# 186-202
name=unknown_E
#
# <colnr> <probs for GDERKNQSTAVLIFYWHMCP>
#	G	D	E	R	K	N	Q	S	T	A	V	L	I	F	Y	W	H	M	C	P
0	0.13875	0.07178	0.05808	0.01901	0.02458	0.35155	0.01563	0.17146	0.02510	0.03067	0.01436	0.01597	0.01125	0.00865	0.00723	0.00229	0.01184	0.00572	0.00527	0.01080
1	0.01771	0.02365	0.18872	0.28930	0.27009	0.01913	0.02587	0.02406	0.01768	0.02466	0.01511	0.02041	0.01170	0.00787	0.00817	0.00262	0.01094	0.00708	0.00380	0.01143
2	0.01810	0.03361	0.39767	0.02835	0.13961	0.04885	0.06591	0.02538	0.01752	0.02528	0.01499	0.01897	0.01160	0.01078	0.03875	0.00315	0.07921	0.00679	0.00374	0.01172
3	0.01757	0.08448	0.35502	0.15270	0.04059	0.02057	0.16291	0.02529	0.01778	0.02488	0.01505	0.01920	0.01111	0.00771	0.00821	0.00263	0.01218	0.00708	0.00370	0.01133
4	0.01027	0.00729	0.00959	0.01137	0.01182	0.00685	0.00751	0.01161	0.01561	0.02081	0.04428	0.65273	0.05304	0.07852	0.01304	0.00373	0.00507	0.02273	0.00751	0.00662
5	0.02614	0.01460	0.01757	0.01479	0.01919	0.01461	0.01152	0.19530	0.04899	0.25315	0.03195	0.19740	0.02838	0.07197	0.01172	0.00321	0.00715	0.01229	0.00858	0.01149
6	0.01898	0.02444	0.14678	0.03082	0.26820	0.12823	0.02042	0.02347	0.01869	0.02433	0.02258	0.19015	0.02272	0.01237	0.00863	0.00267	0.00994	0.01088	0.00493	0.01078
7	0.01209	0.00915	0.01159	0.01281	0.01504	0.00864	0.01082	0.01530	0.01906	0.02399	0.05854	0.08872	0.26695	0.02226	0.01087	0.00346	0.00640	0.38923	0.00767	0.00742
8	0.01033	0.00732	0.00958	0.01130	0.01172	0.00689	0.00742	0.01162	0.01549	0.02065	0.04366	0.63222	0.05226	0.10010	0.01404	0.00388	0.00517	0.02236	0.00742	0.00656
9	0.01885	0.15086	0.02977	0.12319	0.09908	0.02517	0.01898	0.02174	0.01480	0.02090	0.01214	0.01811	0.01114	0.01138	0.01807	0.00302	0.38248	0.00676	0.00368	0.00987
10	0.05518	0.08439	0.19670	0.03255	0.29242	0.09087	0.02277	0.02569	0.01902	0.02650	0.06357	0.02142	0.01682	0.00838	0.00779	0.00243	0.01036	0.00705	0.00436	0.01173
11	0.01056	0.00748	0.00979	0.01127	0.01173	0.00720	0.00744	0.01187	0.01510	0.02023	0.04098	0.55062	0.04858	0.14230	0.05927	0.00481	0.00650	0.02073	0.00705	0.00651
12	0.01012	0.00723	0.00964	0.01157	0.01205	0.00675	0.00771	0.01157	0.01591	0.02121	0.04579	0.70262	0.05495	0.02603	0.01060	0.00337	0.00482	0.02362	0.00771	0.00675
13	0.01955	0.02366	0.14231	0.07948	0.46713	0.01970	0.07599	0.02550	0.01861	0.02663	0.01555	0.02028	0.01255	0.00750	0.00830	0.00254	0.01069	0.00738	0.00399	0.01263
14	0.02265	0.02525	0.02558	0.03263	0.30974	0.26306	0.01868	0.02606	0.02065	0.02379	0.02628	0.02861	0.12147	0.01017	0.00822	0.00240	0.01082	0.00836	0.00479	0.01079
15	0.02540	0.02620	0.02932	0.03722	0.37026	0.21583	0.02117	0.12160	0.02343	0.02903	0.01547	0.01880	0.01258	0.00815	0.00802	0.00237	0.01128	0.00680	0.00482	0.01226
16	0.06375	0.01589	0.01769	0.01965	0.12576	0.08464	0.01275	0.06168	0.02002	0.10650	0.03614	0.07547	0.14256	0.10854	0.01336	0.00345	0.00805	0.06792	0.00657	0.00961

[dist]
# distance from previous block
# <min> <max>
21	47

[block]
# block no. 5 follows, 22 sequences, length 54
# corresponding to MSA columns:
# 251-304
name=unknown_F
#
# <colnr> <probs for GDERKNQSTAVLIFYWHMCP>
#	G	D	E	R	K	N	Q	S	T	A	V	L	I	F	Y	W	H	M	C	P
0	0.01845	0.06517	0.08477	0.01487	0.01926	0.01585	0.01304	0.19053	0.02383	0.03190	0.10829	0.13084	0.08424	0.08733	0.01252	0.00333	0.00757	0.07141	0.00705	0.00976
1	0.02103	0.08134	0.10533	0.06301	0.14077	0.07068	0.01789	0.14641	0.05161	0.03230	0.15728	0.02873	0.02746	0.01039	0.00826	0.00247	0.00895	0.00862	0.00613	0.01134
2	0.01863	0.02239	0.17540	0.02530	0.10069	0.01671	0.16256	0.02571	0.05746	0.07816	0.05253	0.02583	0.01854	0.01840	0.13060	0.00457	0.01278	0.00846	0.00513	0.04016
3	0.02174	0.02085	0.03468	0.03699	0.29424	0.05431	0.19334	0.02781	0.05814	0.07047	0.01763	0.02172	0.01390	0.00859	0.01078	0.00270	0.08712	0.00816	0.00480	0.01203
4	0.01264	0.01044	0.01435	0.01824	0.13027	0.01000	0.01093	0.01621	0.05026	0.02423	0.09604	0.34809	0.18645	0.01998	0.00981	0.00299	0.00562	0.01782	0.00720	0.00840
5	0.01645	0.09091	0.52969	0.02118	0.03169	0.01884	0.02638	0.02479	0.01828	0.02671	0.09901	0.02311	0.01952	0.00904	0.00794	0.00256	0.01090	0.00718	0.00426	0.01156
6	0.17424	0.17601	0.02579	0.01694	0.02266	0.20081	0.01405	0.18884	0.05422	0.03274	0.01522	0.01642	0.01198	0.00858	0.00682	0.00227	0.01000	0.00575	0.00557	0.01110
7	0.01328	0.01025	0.01289	0.01316	0.01581	0.00955	0.01028	0.01767	0.06634	0.02458	0.04059	0.29615	0.07360	0.01998	0.00986	0.00305	0.00608	0.20444	0.00724	0.14519
8	0.01326	0.01155	0.01802	0.04535	0.01936	0.01214	0.10182	0.01586	0.01535	0.02055	0.03455	0.10531	0.13930	0.18651	0.15912	0.00637	0.07020	0.01251	0.00534	0.00752
9	0.02219	0.29917	0.02778	0.01516	0.01968	0.18320	0.01261	0.06563	0.01950	0.02219	0.04693	0.02770	0.01941	0.14839	0.01387	0.00328	0.00995	0.02929	0.00478	0.00928
10	0.03103	0.03959	0.02354	0.02140	0.02568	0.67469	0.01605	0.03317	0.02354	0.02033	0.01284	0.01498	0.01070	0.00856	0.00749	0.00214	0.01498	0.00535	0.00428	0.00963
11	0.01014	0.00795	0.00922	0.01017	0.01190	0.00703	0.00730	0.01204	0.01760	0.02202	0.06507	0.35654	0.35651	0.02335	0.01025	0.00311	0.00466	0.05052	0.00771	0.00693
12	0.02056	0.01974	0.03372	0.05099	0.65622	0.01974	0.02550	0.02550	0.01892	0.02714	0.01563	0.02056	0.01316	0.00740	0.00822	0.00247	0.00987	0.00740	0.00411	0.01316
13	0.01187	0.00890	0.01335	0.01335	0.01483	0.01038	0.01038	0.01483	0.01335	0.01928	0.02225	0.03264	0.02077	0.06231	0.67512	0.01335	0.02225	0.00890	0.00445	0.00742
14	0.03389	0.01339	0.01820	0.01421	0.02004	0.01163	0.01163	0.03720	0.02374	0.57871	0.11477	0.03275	0.02822	0.01117	0.00855	0.00258	0.00665	0.00924	0.01013	0.01330
15	0.03207	0.02249	0.02445	0.01874	0.02537	0.02460	0.01548	0.57825	0.03775	0.10447	0.02104	0.02066	0.01468	0.01000	0.00831	0.00250	0.00896	0.00755	0.00848	0.01413
16	0.02049	0.01983	0.03398	0.04760	0.56829	0.01990	0.07178	0.02676	0.05811	0.02758	0.01686	0.02136	0.01388	0.00761	0.00836	0.00252	0.00999	0.00772	0.00439	0.01301
17	0.01208	0.00805	0.00906	0.00906	0.00906	0.00805	0.00503	0.01208	0.01208	0.01611	0.02618	0.05436	0.03020	0.70804	0.04228	0.00805	0.00805	0.01208	0.00503	0.00503
18	0.01326	0.01055	0.01099	0.01109	0.01174	0.06050	0.00716	0.01412	0.01372	0.01767	0.02717	0.13674	0.03049	0.45119	0.14134	0.00784	0.01053	0.01261	0.00524	0.00603
19	0.02254	0.05102	0.07604	0.04143	0.45951	0.10332	0.02347	0.07375	0.02090	0.02790	0.01541	0.01932	0.01264	0.00777	0.00800	0.00241	0.01059	0.00695	0.00440	0.01263
20	0.01201	0.00832	0.01041	0.01041	0.01088	0.00879	0.00672	0.01295	0.01248	0.01711	0.02494	0.04752	0.02723	0.50474	0.24153	0.00972	0.01252	0.01108	0.00485	0.00578
21	0.01339	0.00956	0.01339	0.01530	0.01721	0.00956	0.01339	0.01721	0.01912	0.02486	0.04399	0.09371	0.04781	0.02295	0.01147	0.00382	0.00765	0.60031	0.00765	0.00765
22	0.02256	0.02353	0.03178	0.04534	0.53582	0.14481	0.02369	0.02696	0.01980	0.02584	0.01509	0.01950	0.01269	0.00762	0.00808	0.00240	0.01085	0.00701	0.00414	0.01249
23	0.01824	0.03346	0.40412	0.03433	0.26762	0.01953	0.05332	0.02602	0.01814	0.02663	0.01525	0.01887	0.01159	0.00767	0.00810	0.00258	0.01145	0.00676	0.00376	0.01256
24	0.01500	0.01365	0.01777	0.01650	0.01768	0.05460	0.01318	0.01755	0.01376	0.01957	0.01811	0.02703	0.01706	0.04404	0.43109	0.00962	0.23337	0.00818	0.00418	0.00808
25	0.03054	0.03865	0.02402	0.02280	0.05556	0.64365	0.01650	0.03281	0.02332	0.02065	0.01297	0.01525	0.01082	0.00851	0.00753	0.00216	0.01474	0.00545	0.00427	0.00980
26	0.01918	0.01833	0.03122	0.23206	0.48598	0.01937	0.02481	0.02428	0.01826	0.02546	0.01538	0.02101	0.01257	0.00766	0.00825	0.00255	0.01021	0.00740	0.00399	0.01204
27	0.02413	0.02552	0.05525	0.02694	0.19181	0.21698	0.01772	0.14635	0.02511	0.03120	0.13204	0.02620	0.02442	0.01004	0.00829	0.00241	0.01030	0.00813	0.00589	0.01127
28	0.01187	0.00890	0.01335	0.01335	0.01483	0.01038	0.01038	0.01483	0.01335	0.01928	0.02225	0.03264	0.02077	0.06231	0.67512	0.01335	0.02225	0.00890	0.00445	0.00742
29	0.02137	0.02445	0.09817	0.04473	0.51877	0.09549	0.02494	0.02647	0.01931	0.02627	0.01523	0.01960	0.01260	0.00759	0.00810	0.00245	0.01071	0.00703	0.00407	0.01266
30	0.02750	0.31193	0.03184	0.01822	0.02392	0.33950	0.01527	0.09757	0.02260	0.02366	0.01312	0.01487	0.01107	0.00813	0.00670	0.00203	0.01183	0.00522	0.00444	0.01056
31	0.01155	0.00914	0.01069	0.01141	0.01385	0.00845	0.00923	0.01506	0.04225	0.02374	0.06578	0.11075	0.38010	0.02160	0.01041	0.00321	0.00559	0.23200	0.00772	0.00747
32	0.02378	0.23775	0.10543	0.02276	0.10849	0.22158	0.01804	0.03045	0.11043	0.02380	0.01613	0.01786	0.01313	0.00829	0.00712	0.00223	0.01092	0.00603	0.00456	0.01123
33	0.01666	0.04297	0.66500	0.02368	0.03596	0.01929	0.03069	0.02631	0.01754	0.02631	0.01491	0.01754	0.01052	0.00789	0.00789	0.00263	0.01228	0.00614	0.00351	0.01228
34	0.01973	0.02206	0.04699	0.03713	0.12459	0.02084	0.54650	0.02646	0.01952	0.02668	0.01665	0.02216	0.01268	0.00706	0.00959	0.00276	0.01346	0.00949	0.00419	0.01146
35	0.01196	0.00880	0.01158	0.01315	0.01489	0.00843	0.01074	0.01490	0.01833	0.02355	0.05182	0.23517	0.16108	0.02332	0.01096	0.00353	0.00635	0.35645	0.00768	0.00732
36	0.01666	0.03415	0.45590	0.14676	0.06937	0.01883	0.06354	0.02495	0.01779	0.02570	0.03925	0.02051	0.01346	0.00824	0.00817	0.00266	0.01173	0.00698	0.00383	0.01153
37	0.01893	0.01807	0.03077	0.26418	0.45577	0.01931	0.02468	0.02407	0.01814	0.02516	0.01534	0.02109	0.01246	0.00770	0.00825	0.00257	0.01027	0.00740	0.00397	0.01184
38	0.01196	0.00855	0.01155	0.01155	0.01241	0.00941	0.00814	0.01368	0.01282	0.01795	0.02390	0.04175	0.02473	0.33319	0.40965	0.01113	0.01630	0.01023	0.00470	0.00642
39	0.01713	0.04017	0.58883	0.02697	0.11079	0.01935	0.03007	0.02621	0.01771	0.02641	0.01499	0.01790	0.01084	0.00783	0.00793	0.00261	0.01199	0.00629	0.00358	0.01238
40	0.02715	0.03389	0.02077	0.01903	0.02304	0.55250	0.01427	0.02928	0.02270	0.02072	0.02589	0.02687	0.12822	0.01084	0.00792	0.00226	0.01301	0.00758	0.00491	0.00915
41	0.01208	0.00805	0.00906	0.00906	0.00906	0.00805	0.00503	0.01208	0.01208	0.01611	0.02618	0.05436	0.03020	0.70804	0.04228	0.00805	0.00805	0.01208	0.00503	0.00503
42	0.02056	0.01974	0.03372	0.05099	0.65622	0.01974	0.02550	0.02550	0.01892	0.02714	0.01563	0.02056	0.01316	0.00740	0.00822	0.00247	0.00987	0.00740	0.00411	0.01316
43	0.01296	0.01189	0.04227	0.09657	0.02072	0.01095	0.01218	0.01832	0.07279	0.02520	0.10969	0.06789	0.26934	0.01818	0.00988	0.00306	0.00655	0.17607	0.00720	0.00831
44	0.02967	0.03559	0.02352	0.06058	0.02737	0.54523	0.01630	0.08701	0.05439	0.02399	0.01461	0.01663	0.01174	0.00880	0.00766	0.00224	0.01381	0.00586	0.00481	0.01018
45	0.01244	0.00974	0.01445	0.01412	0.01547	0.01175	0.01109	0.01530	0.01329	0.01935	0.02122	0.03132	0.01987	0.05797	0.61634	0.01247	0.08310	0.00875	0.00438	0.00757
46	0.01129	0.00876	0.01149	0.06941	0.01690	0.00849	0.00998	0.01383	0.01757	0.02242	0.05338	0.32730	0.21578	0.02240	0.01039	0.00327	0.00585	0.15691	0.00735	0.00725
47	0.02233	0.02342	0.11504	0.06424	0.41047	0.02098	0.02392	0.16034	0.02315	0.03245	0.01646	0.02008	0.01295	0.00808	0.00820	0.00251	0.01007	0.00725	0.00496	0.01311
48	0.01088	0.00899	0.00961	0.00936	0.01209	0.00800	0.00705	0.01465	0.05689	0.02552	0.20371	0.07318	0.49157	0.01958	0.00973	0.00276	0.00429	0.01651	0.00807	0.00756
49	0.02015	0.02184	0.08480	0.04716	0.54292	0.01984	0.08931	0.02568	0.01888	0.02702	0.01569	0.02052	0.01289	0.00740	0.00837	0.00252	0.01049	0.00756	0.00407	0.01288
50	0.02268	0.02563	0.08482	0.03827	0.38003	0.14499	0.04752	0.05524	0.06936	0.02746	0.01670	0.02011	0.01344	0.00807	0.00814	0.00246	0.01093	0.00716	0.00462	0.01237
51	0.01768	0.01745	0.02450	0.02115	0.02126	0.02427	0.01756	0.01959	0.01277	0.01994	0.01179	0.01931	0.01168	0.01828	0.07803	0.00440	0.64029	0.00740	0.00370	0.00896
52	0.03103	0.03959	0.02354	0.02140	0.02568	0.67469	0.01605	0.03317	0.02354	0.02033	0.01284	0.01498	0.01070	0.00856	0.00749	0.00214	0.01498	0.00535	0.00428	0.00963
53	0.01979	0.03014	0.32766	0.03354	0.28141	0.01912	0.02624	0.02812	0.06186	0.06721	0.01763	0.02036	0.01324	0.00808	0.00809	0.00257	0.01059	0.00701	0.00452	0.01281

[dist]
# distance from previous block
# <min> <max>
1	5

[block]
# block no. 6 follows, 22 sequences, length 50
# corresponding to MSA columns:
# 310-359
name=unknown_G
#
# <colnr> <probs for GDERKNQSTAVLIFYWHMCP>
#	G	D	E	R	K	N	Q	S	T	A	V	L	I	F	Y	W	H	M	C	P
0	0.21537	0.10046	0.02276	0.01793	0.02283	0.41338	0.01408	0.05927	0.02127	0.02608	0.01274	0.01468	0.01044	0.00827	0.00672	0.00223	0.01193	0.00515	0.00462	0.00979
1	0.01968	0.05439	0.02463	0.01828	0.02294	0.01488	0.16033	0.02338	0.01972	0.15723	0.10679	0.07829	0.16748	0.01377	0.01102	0.00279	0.07544	0.01204	0.00691	0.01001
2	0.01560	0.01244	0.01471	0.01503	0.01787	0.01341	0.01208	0.02677	0.26533	0.02811	0.04224	0.16063	0.07028	0.01869	0.01006	0.00331	0.00662	0.24920	0.00798	0.00966
3	0.01187	0.00890	0.01335	0.01335	0.01483	0.01038	0.01038	0.01483	0.01335	0.01928	0.02225	0.03264	0.02077	0.06231	0.67512	0.01335	0.02225	0.00890	0.00445	0.00742
4	0.01811	0.01666	0.02760	0.07196	0.46484	0.01668	0.02093	0.02281	0.01996	0.02841	0.17574	0.03108	0.02948	0.00986	0.00862	0.00252	0.00843	0.00932	0.00536	0.01163
5	0.01825	0.01748	0.03172	0.03669	0.31792	0.01713	0.17319	0.02339	0.01915	0.02635	0.02409	0.04209	0.02300	0.01178	0.00956	0.00294	0.01027	0.17876	0.00515	0.01108
6	0.01954	0.01870	0.03188	0.18443	0.53076	0.01947	0.02499	0.02460	0.01843	0.02590	0.01545	0.02089	0.01272	0.00759	0.00824	0.00253	0.01012	0.00740	0.00402	0.01234
7	0.01106	0.00816	0.01034	0.01044	0.01215	0.00744	0.00759	0.01408	0.02090	0.02863	0.41401	0.22929	0.15539	0.01989	0.01001	0.00284	0.00419	0.01760	0.00857	0.00744
8	0.03103	0.03959	0.02354	0.02140	0.02568	0.67469	0.01605	0.03317	0.02354	0.02033	0.01284	0.01498	0.01070	0.00856	0.00749	0.00214	0.01498	0.00535	0.00428	0.00963
9	0.02008	0.02267	0.04437	0.03378	0.07344	0.05410	0.49746	0.02616	0.01902	0.02561	0.01591	0.02148	0.01236	0.00791	0.01148	0.00284	0.08701	0.00918	0.00414	0.01100
10	0.01205	0.00820	0.00978	0.00978	0.01003	0.00844	0.00593	0.01254	0.01229	0.01664	0.02552	0.05072	0.02862	0.59973	0.14843	0.00894	0.01044	0.01155	0.00494	0.00543
11	0.17486	0.02187	0.02245	0.01752	0.02387	0.02437	0.01447	0.51078	0.03420	0.04942	0.01831	0.01869	0.01313	0.00953	0.00769	0.00251	0.00861	0.00690	0.00769	0.01313
12	0.02221	0.71304	0.04353	0.01421	0.02132	0.03287	0.01421	0.02488	0.01688	0.01955	0.01155	0.01333	0.01066	0.00711	0.00533	0.00178	0.00888	0.00444	0.00355	0.01066
13	0.01192	0.00869	0.01227	0.01227	0.01338	0.00980	0.00904	0.01414	0.01303	0.01849	0.02324	0.03811	0.02314	0.22486	0.51582	0.01202	0.01868	0.00970	0.00460	0.00682
14	0.03158	0.02327	0.02493	0.01911	0.02576	0.02576	0.01579	0.62852	0.03906	0.05236	0.01995	0.01995	0.01413	0.00997	0.00831	0.00249	0.00914	0.00748	0.00831	0.01413
15	0.01975	0.02457	0.16504	0.04531	0.52719	0.01965	0.02658	0.02566	0.01863	0.02697	0.01548	0.01993	0.01261	0.00750	0.00816	0.00250	0.01037	0.00714	0.00399	0.01298
16	0.01905	0.06457	0.29229	0.03795	0.37030	0.02023	0.02705	0.02580	0.01825	0.02641	0.01513	0.01896	0.01195	0.00759	0.00794	0.00250	0.01080	0.00673	0.00384	0.01267
17	0.01904	0.33014	0.39866	0.01962	0.02968	0.02511	0.02363	0.02569	0.01726	0.02341	0.01347	0.01573	0.01058	0.00756	0.00679	0.00226	0.01082	0.00541	0.00353	0.01158
18	0.01118	0.00767	0.00933	0.01021	0.01043	0.00745	0.00626	0.01184	0.01384	0.01845	0.03519	0.35240	0.04158	0.39449	0.02772	0.00590	0.00657	0.01738	0.00626	0.00582
19	0.02006	0.16188	0.25735	0.03117	0.22448	0.06185	0.07853	0.02623	0.01839	0.02494	0.01453	0.01795	0.01156	0.00755	0.00765	0.00240	0.01120	0.00649	0.00381	0.01198
20	0.02813	0.03266	0.07814	0.02475	0.08249	0.35007	0.07067	0.17755	0.02613	0.02980	0.01533	0.01753	0.01190	0.00862	0.00799	0.00235	0.01281	0.00650	0.00519	0.01139
21	0.01187	0.00890	0.01335	0.01335	0.01483	0.01038	0.01038	0.01483	0.01335	0.01928	0.02225	0.03264	0.02077	0.06231	0.67512	0.01335	0.02225	0.00890	0.00445	0.00742
22	0.01208	0.00805	0.00906	0.00906	0.00906	0.00805	0.00503	0.01208	0.01208	0.01611	0.02618	0.05436	0.03020	0.70804	0.04228	0.00805	0.00805	0.01208	0.00503	0.00503
23	0.01996	0.01913	0.03264	0.12919	0.58270	0.01958	0.02520	0.02497	0.01863	0.02641	0.01552	0.02076	0.01290	0.00751	0.00823	0.00250	0.01002	0.00740	0.00406	0.01268
24	0.02103	0.01966	0.03153	0.04549	0.55232	0.02010	0.02358	0.05301	0.09577	0.02913	0.01803	0.02181	0.01469	0.00798	0.00826	0.00251	0.00944	0.00765	0.00482	0.01320
25	0.01024	0.00728	0.00960	0.01142	0.01187	0.00683	0.00755	0.01160	0.01567	0.02090	0.04460	0.66339	0.05345	0.06730	0.01252	0.00366	0.00502	0.02292	0.00755	0.00664
26	0.01082	0.00791	0.01024	0.01181	0.01262	0.00761	0.00803	0.01366	0.05223	0.02264	0.07797	0.62931	0.05452	0.02469	0.01044	0.00330	0.00487	0.02233	0.00783	0.00717
27	0.02054	0.01697	0.01965	0.01464	0.02123	0.01559	0.01188	0.15765	0.02176	0.03217	0.01561	0.01792	0.01260	0.00772	0.00841	0.00172	0.06457	0.00570	0.00558	0.52810
28	0.01086	0.00846	0.00986	0.00951	0.01186	0.00746	0.00713	0.01394	0.02140	0.02828	0.38924	0.07033	0.34412	0.01886	0.00981	0.00270	0.00405	0.01618	0.00848	0.00746
29	0.01810	0.01591	0.02076	0.01489	0.02234	0.01272	0.07195	0.04841	0.01843	0.02814	0.01520	0.01787	0.01242	0.00641	0.00661	0.00144	0.00707	0.00553	0.00500	0.65080
30	0.02277	0.20193	0.08619	0.02017	0.05168	0.18629	0.01721	0.05822	0.01922	0.02328	0.01469	0.02049	0.01319	0.01000	0.01107	0.00246	0.14424	0.03921	0.00434	0.05334
31	0.02136	0.25883	0.03136	0.01916	0.02219	0.11891	0.01652	0.02351	0.01566	0.01989	0.01140	0.01607	0.01079	0.01116	0.01699	0.00279	0.36398	0.00603	0.00370	0.00970
32	0.01080	0.00771	0.01042	0.01234	0.01312	0.00733	0.00889	0.01274	0.01657	0.02197	0.04541	0.57595	0.05346	0.02539	0.01078	0.00347	0.00541	0.14358	0.00770	0.00694
33	0.01713	0.01612	0.02563	0.03738	0.45002	0.01567	0.01936	0.02116	0.01892	0.02564	0.03754	0.03955	0.21767	0.01176	0.00873	0.00258	0.00806	0.01064	0.00526	0.01119
34	0.02061	0.02757	0.24589	0.03119	0.21050	0.01983	0.09898	0.06329	0.10985	0.06166	0.01928	0.02163	0.01439	0.00837	0.00835	0.00262	0.01054	0.00761	0.00510	0.01272
35	0.02056	0.01974	0.03372	0.05099	0.65622	0.01974	0.02550	0.02550	0.01892	0.02714	0.01563	0.02056	0.01316	0.00740	0.00822	0.00247	0.00987	0.00740	0.00411	0.01316
36	0.01342	0.01119	0.01633	0.01544	0.01656	0.01410	0.01231	0.01611	0.01320	0.01946	0.01945	0.02907	0.01834	0.05052	0.51534	0.01095	0.18764	0.00850	0.00425	0.00783
37	0.01322	0.00965	0.01203	0.01113	0.01344	0.00923	0.00841	0.06675	0.02410	0.03357	0.53009	0.09829	0.10388	0.01717	0.00972	0.00266	0.00443	0.01505	0.00891	0.00825
38	0.01532	0.01297	0.01892	0.02392	0.21904	0.01281	0.01391	0.02132	0.08017	0.03093	0.36147	0.04676	0.08146	0.01358	0.00917	0.00260	0.00609	0.01218	0.00740	0.01000
39	0.01723	0.01477	0.01723	0.01230	0.01969	0.01107	0.00984	0.02092	0.01723	0.02707	0.01477	0.01723	0.01230	0.00615	0.00615	0.00123	0.00615	0.00492	0.00492	0.75883
40	0.01134	0.00774	0.00928	0.01000	0.01018	0.00756	0.00604	0.01189	0.01352	0.01802	0.03354	0.29789	0.03950	0.45184	0.03038	0.00630	0.00684	0.01641	0.00604	0.00568
41	0.08695	0.02553	0.15989	0.03164	0.27400	0.05757	0.02183	0.13133	0.02238	0.08569	0.01717	0.01956	0.01291	0.00828	0.00788	0.00250	0.01001	0.00687	0.00533	0.01267
42	0.02725	0.02539	0.06171	0.02066	0.06017	0.15744	0.01623	0.26253	0.14542	0.07300	0.02243	0.05174	0.01745	0.01039	0.00824	0.00253	0.00979	0.00808	0.00706	0.01251
43	0.01710	0.01678	0.01978	0.01823	0.01933	0.08414	0.01468	0.02003	0.04078	0.02158	0.02626	0.15084	0.05864	0.01723	0.01867	0.00339	0.35316	0.08544	0.00533	0.00860
44	0.01453	0.01385	0.01414	0.04210	0.03982	0.11396	0.01092	0.01657	0.01753	0.02151	0.04029	0.41859	0.10219	0.02068	0.01073	0.00310	0.04137	0.04373	0.00667	0.00772
45	0.02588	0.08290	0.05744	0.03342	0.31552	0.17906	0.02025	0.02986	0.02063	0.13129	0.01745	0.01976	0.01348	0.00816	0.00781	0.00235	0.01067	0.00676	0.00511	0.01222
46	0.13150	0.14100	0.05685	0.01969	0.07566	0.18372	0.01528	0.09543	0.08364	0.02913	0.04736	0.02034	0.01626	0.01129	0.03687	0.00282	0.01044	0.00656	0.00534	0.01081
47	0.02473	0.02998	0.11546	0.02902	0.20752	0.28293	0.02000	0.03009	0.05612	0.06150	0.05092	0.02117	0.01645	0.00884	0.00799	0.00239	0.01160	0.00698	0.00497	0.01138
48	0.14605	0.07306	0.05547	0.05458	0.20568	0.12775	0.01658	0.02379	0.01875	0.02631	0.05062	0.02920	0.11913	0.01031	0.00767	0.00246	0.00908	0.00825	0.00501	0.01024
49	0.10064	0.01726	0.01834	0.05368	0.11977	0.13210	0.03752	0.02026	0.01834	0.02424	0.03604	0.21078	0.14822	0.01526	0.00876	0.00275	0.00819	0.01307	0.00590	0.00889

[dist]
# distance from previous block
# <min> <max>
2	30

[block]
# block no. 7 follows, 22 sequences, length 47
# corresponding to MSA columns:
# 390-436
name=unknown_H
#
# <colnr> <probs for GDERKNQSTAVLIFYWHMCP>
#	G	D	E	R	K	N	Q	S	T	A	V	L	I	F	Y	W	H	M	C	P
0	0.02583	0.09310	0.07278	0.03248	0.30403	0.11602	0.02024	0.05204	0.02104	0.15622	0.01843	0.02036	0.01392	0.00826	0.00783	0.00238	0.01008	0.00691	0.00546	0.01256
1	0.02473	0.38784	0.11256	0.01785	0.02469	0.23041	0.01688	0.05713	0.02012	0.02222	0.01277	0.01468	0.01083	0.00780	0.00646	0.00203	0.01121	0.00508	0.00401	0.01071
2	0.05763	0.05390	0.01406	0.01418	0.07771	0.01071	0.00940	0.01513	0.01768	0.02351	0.05579	0.22051	0.33201	0.01864	0.00914	0.00277	0.00544	0.01593	0.00682	0.03906
3	0.01354	0.00954	0.01113	0.01076	0.01201	0.00952	0.00719	0.07481	0.01797	0.02425	0.15211	0.16837	0.06806	0.35502	0.02563	0.00540	0.00663	0.01446	0.00674	0.00688
4	0.16365	0.04229	0.02043	0.01926	0.08452	0.09624	0.01381	0.15223	0.10318	0.07746	0.02347	0.10609	0.02056	0.01161	0.00792	0.00264	0.00833	0.02839	0.00672	0.01118
5	0.02258	0.40337	0.03645	0.02331	0.16479	0.02771	0.01678	0.08738	0.09584	0.02638	0.01602	0.01777	0.01336	0.00797	0.00666	0.00213	0.00885	0.00602	0.00475	0.01187
6	0.01178	0.00843	0.01124	0.01142	0.01264	0.00854	0.00830	0.01428	0.01711	0.02378	0.23012	0.13567	0.04773	0.18003	0.18915	0.00676	0.00996	0.05936	0.00674	0.00697
7	0.01723	0.01477	0.01723	0.01230	0.01969	0.01107	0.00984	0.02092	0.01723	0.02707	0.01477	0.01723	0.01230	0.00615	0.00615	0.00123	0.00615	0.00492	0.00492	0.75883
8	0.01894	0.26102	0.38685	0.01979	0.02950	0.02392	0.02327	0.02786	0.08804	0.02504	0.01594	0.01768	0.01225	0.00802	0.00711	0.00237	0.01051	0.00595	0.00408	0.01184
9	0.02108	0.02168	0.02009	0.01718	0.02102	0.19777	0.04949	0.12525	0.02288	0.02691	0.03986	0.04022	0.24393	0.01401	0.01119	0.00268	0.09852	0.01064	0.00612	0.00948
10	0.01214	0.00996	0.01517	0.25640	0.02840	0.01099	0.01327	0.01506	0.01616	0.02121	0.03456	0.45635	0.03907	0.01961	0.00977	0.00315	0.00708	0.01774	0.00626	0.00765
11	0.02221	0.71304	0.04353	0.01421	0.02132	0.03287	0.01421	0.02488	0.01688	0.01955	0.01155	0.01333	0.01066	0.00711	0.00533	0.00178	0.00888	0.00444	0.00355	0.01066
12	0.01187	0.00890	0.01335	0.01335	0.01483	0.01038	0.01038	0.01483	0.01335	0.01928	0.02225	0.03264	0.02077	0.06231	0.67512	0.01335	0.02225	0.00890	0.00445	0.00742
13	0.01569	0.01477	0.02492	0.68808	0.05722	0.01846	0.02307	0.02123	0.01661	0.02123	0.01477	0.02215	0.01107	0.00831	0.00831	0.00277	0.01107	0.00738	0.00369	0.00923
14	0.07151	0.08341	0.47035	0.02244	0.03304	0.02094	0.06695	0.08680	0.01956	0.02926	0.01508	0.01754	0.01093	0.00798	0.00770	0.00257	0.01144	0.00629	0.00416	0.01205
15	0.01981	0.01820	0.03091	0.04607	0.57713	0.01820	0.02326	0.02370	0.01792	0.02558	0.01548	0.02114	0.01331	0.01003	0.01120	0.09509	0.00954	0.00738	0.00405	0.01199
16	0.49537	0.05907	0.01439	0.01162	0.01570	0.05666	0.00917	0.02222	0.01447	0.03031	0.01486	0.02183	0.01362	0.12993	0.05871	0.00418	0.00848	0.00614	0.00492	0.00836
17	0.01286	0.01225	0.01101	0.01066	0.01366	0.07550	0.00805	0.01653	0.06280	0.02288	0.06920	0.06673	0.50086	0.02191	0.05488	0.00346	0.00669	0.01514	0.00720	0.00774
18	0.01136	0.00812	0.01052	0.01060	0.01198	0.00758	0.00752	0.01424	0.02038	0.02842	0.43053	0.22854	0.06741	0.08900	0.01328	0.00336	0.00457	0.01697	0.00836	0.00727
19	0.01469	0.01355	0.01857	0.01719	0.01756	0.01743	0.01358	0.01640	0.01430	0.02060	0.02850	0.27007	0.07042	0.01914	0.02005	0.00348	0.39710	0.01388	0.00539	0.00810
20	0.01767	0.12964	0.34072	0.01819	0.02795	0.01828	0.02077	0.02415	0.01733	0.02561	0.01437	0.01682	0.01119	0.00715	0.00689	0.00200	0.00957	0.00545	0.00403	0.28223
21	0.01723	0.01477	0.01723	0.01230	0.01969	0.01107	0.00984	0.02092	0.01723	0.02707	0.01477	0.01723	0.01230	0.00615	0.00615	0.00123	0.00615	0.00492	0.00492	0.75883
