[name]
unknown

[dist]
# distance from previous block
# <min> <max>
0	0

[block]
# block no. 0 follows, 21 sequences, length 254
# corresponding to MSA columns:
# 0-253
name=unknown_A
#
# <colnr> <probs for GDERKNQSTAVLIFYWHMCP>
#	G	D	E	R	K	N	Q	S	T	A	V	L	I	F	Y	W	H	M	C	P
0	0.01371	0.00980	0.01371	0.01567	0.01763	0.00980	0.01371	0.01763	0.01959	0.02547	0.04506	0.09599	0.04898	0.02351	0.01175	0.00392	0.00784	0.59056	0.00784	0.00784
1	0.01773	0.03941	0.52398	0.02680	0.03851	0.02015	0.15966	0.02702	0.01843	0.02702	0.01570	0.01906	0.01125	0.00789	0.00851	0.00273	0.01296	0.00711	0.00375	0.01234
2	0.01114	0.00866	0.01012	0.00975	0.01216	0.00764	0.00732	0.01430	0.02195	0.02904	0.38893	0.07194	0.33788	0.01929	0.01005	0.00277	0.00415	0.01656	0.00870	0.00764
3	0.02078	0.01993	0.03403	0.08800	0.61429	0.02015	0.02598	0.02587	0.01924	0.02746	0.01596	0.02115	0.01336	0.00764	0.00843	0.00255	0.01018	0.00758	0.00419	0.01325
4	0.03179	0.04056	0.02412	0.02192	0.02631	0.66676	0.01644	0.03398	0.02412	0.02083	0.01315	0.01535	0.01096	0.00877	0.00767	0.00219	0.01535	0.00548	0.00438	0.00987
5	0.02106	0.02022	0.03454	0.05223	0.64784	0.02022	0.02612	0.02612	0.01938	0.02780	0.01601	0.02106	0.01348	0.00758	0.00842	0.00253	0.01011	0.00758	0.00421	0.01348
6	0.03186	0.02069	0.06367	0.01772	0.02448	0.01971	0.01529	0.30538	0.06957	0.26976	0.05392	0.02606	0.02034	0.01060	0.00858	0.00262	0.00839	0.00837	0.00898	0.01400
7	0.01741	0.01630	0.02578	0.19851	0.32693	0.01709	0.02051	0.02300	0.05175	0.02565	0.03216	0.03537	0.15178	0.01109	0.00882	0.00270	0.00897	0.00996	0.00515	0.01109
8	0.03235	0.02384	0.02554	0.01958	0.02639	0.02639	0.01618	0.61946	0.04001	0.05363	0.02043	0.02043	0.01447	0.01022	0.00851	0.00255	0.00936	0.00766	0.00851	0.01447
9	0.01238	0.00825	0.00928	0.00928	0.00928	0.00825	0.00516	0.01238	0.01238	0.01650	0.02681	0.05569	0.03094	0.70092	0.04331	0.00825	0.00825	0.01238	0.00516	0.00516
10	0.01197	0.00812	0.01054	0.01145	0.01277	0.00744	0.00800	0.01415	0.01865	0.05328	0.18057	0.46979	0.11452	0.02343	0.01050	0.00319	0.00478	0.02098	0.00834	0.00753
11	0.61212	0.01570	0.01359	0.01190	0.01710	0.01763	0.00976	0.02665	0.01580	0.12208	0.01557	0.01720	0.01164	0.01192	0.04902	0.00336	0.00773	0.00545	0.00595	0.00984
12	0.01182	0.00869	0.01107	0.01048	0.01258	0.00794	0.00786	0.01563	0.02357	0.03290	0.58177	0.06559	0.14264	0.01786	0.01004	0.00270	0.00405	0.01567	0.00921	0.00794
13	0.01144	0.00890	0.01054	0.01077	0.01319	0.00800	0.00851	0.01452	0.02080	0.02677	0.23913	0.07966	0.35004	0.02077	0.01042	0.00305	0.00500	0.14261	0.00831	0.00757
14	0.01048	0.00745	0.00984	0.01170	0.01217	0.00699	0.00774	0.01188	0.01607	0.02143	0.04576	0.65895	0.05484	0.06505	0.01271	0.00373	0.00513	0.02352	0.00774	0.00681
15	0.02217	0.01916	0.01914	0.01716	0.02194	0.06242	0.01333	0.04294	0.53964	0.06200	0.03534	0.03265	0.05059	0.01174	0.00865	0.00283	0.00722	0.00965	0.00843	0.01302
16	0.02275	0.70604	0.04459	0.01456	0.02184	0.03367	0.01456	0.02548	0.01729	0.02002	0.01183	0.01365	0.01092	0.00728	0.00546	0.00182	0.00910	0.00455	0.00364	0.01092
17	0.01765	0.01513	0.01765	0.01260	0.02017	0.01134	0.01008	0.02143	0.01765	0.02773	0.01513	0.01765	0.01260	0.00630	0.00630	0.00126	0.00630	0.00504	0.00504	0.75295
18	0.03235	0.02384	0.02554	0.01958	0.02639	0.02639	0.01618	0.61946	0.04001	0.05363	0.02043	0.02043	0.01447	0.01022	0.00851	0.00255	0.00936	0.00766	0.00851	0.01447
19	0.01102	0.00774	0.00999	0.01153	0.01201	0.00739	0.00767	0.01233	0.01564	0.02082	0.04239	0.51738	0.05027	0.17412	0.01803	0.00454	0.00585	0.05741	0.00729	0.00659
20	0.01905	0.01817	0.03091	0.30534	0.41045	0.01969	0.02512	0.02436	0.01843	0.02536	0.01565	0.02172	0.01262	0.00796	0.00846	0.00265	0.01061	0.00757	0.00404	0.01186
21	0.01571	0.01464	0.02454	0.63819	0.05569	0.01815	0.02264	0.02112	0.01697	0.02174	0.01714	0.06522	0.01419	0.00966	0.00866	0.00288	0.01094	0.00861	0.00404	0.00929
22	0.01419	0.00988	0.01141	0.01127	0.01223	0.01004	0.00728	0.08517	0.01684	0.02248	0.03189	0.23737	0.03633	0.42196	0.02970	0.00617	0.00742	0.01524	0.00636	0.00679
23	0.01014	0.00832	0.00894	0.00943	0.01171	0.00712	0.00683	0.01212	0.01862	0.02267	0.07634	0.23590	0.49675	0.02283	0.01026	0.00302	0.00447	0.01952	0.00790	0.00712
24	0.01447	0.01401	0.01148	0.01110	0.01340	0.12096	0.00780	0.01601	0.01817	0.02073	0.05638	0.06283	0.35713	0.21681	0.01931	0.00432	0.00735	0.01419	0.00650	0.00706
25	0.01238	0.00825	0.00928	0.00928	0.00928	0.00825	0.00516	0.01238	0.01238	0.01650	0.02681	0.05569	0.03094	0.70092	0.04331	0.00825	0.00825	0.01238	0.00516	0.00516
26	0.09255	0.01004	0.01000	0.00992	0.01275	0.00986	0.00745	0.01821	0.07400	0.02752	0.05609	0.13218	0.31383	0.01724	0.00861	0.00272	0.00477	0.01432	0.16981	0.00810
27	0.01066	0.00804	0.00952	0.01035	0.01172	0.00727	0.00709	0.01242	0.01757	0.02264	0.11197	0.35345	0.25297	0.10659	0.01449	0.00378	0.00505	0.01985	0.00770	0.00689
28	0.01391	0.01145	0.01257	0.01180	0.01497	0.01151	0.00899	0.02302	0.19905	0.03015	0.24631	0.06156	0.28738	0.01734	0.00964	0.00282	0.00492	0.01473	0.00858	0.00928
29	0.03297	0.02284	0.02492	0.01911	0.02589	0.02491	0.01578	0.55776	0.03834	0.11770	0.02183	0.02134	0.01518	0.01025	0.00852	0.00256	0.00914	0.00776	0.00873	0.01447
30	0.38690	0.01515	0.01500	0.01307	0.01791	0.01619	0.01044	0.08966	0.01970	0.17161	0.02397	0.14317	0.02103	0.01217	0.00736	0.00278	0.00672	0.00940	0.00725	0.01051
31	0.04495	0.00901	0.00989	0.00956	0.01220	0.00806	0.00721	0.01432	0.02103	0.02809	0.30334	0.07155	0.39228	0.01929	0.00983	0.00278	0.00430	0.01634	0.00836	0.00761
32	0.01006	0.00862	0.00862	0.00862	0.01149	0.00718	0.00647	0.01221	0.01940	0.02299	0.08621	0.08190	0.64438	0.02155	0.01006	0.00287	0.00431	0.01796	0.00790	0.00718
33	0.01498	0.00749	0.01051	0.01051	0.01087	0.00749	0.00713	0.01269	0.01233	0.01790	0.01717	0.02695	0.01607	0.02595	0.02824	0.61441	0.00676	0.00749	0.14059	0.00447
34	0.01311	0.00818	0.00900	0.00900	0.00941	0.00818	0.00532	0.01394	0.01352	0.01969	0.02701	0.05068	0.02903	0.55631	0.03549	0.00694	0.00735	0.01145	0.16066	0.00574
35	0.01041	0.00778	0.00950	0.01083	0.01192	0.00707	0.00734	0.01198	0.01687	0.02173	0.05609	0.49176	0.21110	0.06793	0.01270	0.00360	0.00498	0.02179	0.00773	0.00687
36	0.01765	0.01513	0.01765	0.01260	0.02017	0.01134	0.01008	0.02143	0.01765	0.02773	0.01513	0.01765	0.01260	0.00630	0.00630	0.00126	0.00630	0.00504	0.00504	0.75295
37	0.01063	0.00798	0.00933	0.01026	0.01148	0.00725	0.00690	0.01207	0.01664	0.02119	0.05671	0.36538	0.25413	0.15002	0.01661	0.00415	0.00534	0.01985	0.00739	0.00668
38	0.01250	0.00963	0.01434	0.01414	0.01558	0.01147	0.01107	0.01548	0.01364	0.01979	0.02217	0.03264	0.02073	0.06119	0.63283	0.01314	0.05842	0.00903	0.00451	0.00769
39	0.02341	0.02467	0.03226	0.04560	0.51172	0.16181	0.02400	0.02784	0.02042	0.02627	0.01538	0.01981	0.01293	0.00784	0.00826	0.00245	0.01126	0.00712	0.00425	0.01269
40	0.02131	0.01077	0.01426	0.01221	0.01589	0.00960	0.00957	0.02499	0.02399	0.25536	0.40167	0.05196	0.08289	0.01512	0.00951	0.00267	0.00518	0.01305	0.00972	0.01030
41	0.01088	0.00813	0.01068	0.01186	0.01310	0.00793	0.00855	0.01296	0.01647	0.02173	0.04875	0.40537	0.15637	0.03369	0.15450	0.00561	0.00889	0.05019	0.00717	0.00716
42	0.01335	0.01096	0.01429	0.13480	0.02245	0.01144	0.01175	0.01928	0.09269	0.02681	0.17989	0.13624	0.19652	0.01787	0.00988	0.00301	0.00628	0.07637	0.00755	0.00857
43	0.01321	0.01081	0.01424	0.01412	0.01579	0.04591	0.01095	0.01621	0.01424	0.01981	0.02228	0.03246	0.02072	0.06087	0.63174	0.01306	0.02239	0.00892	0.00455	0.00772
44	0.01257	0.00990	0.01155	0.01171	0.01391	0.00971	0.00854	0.01874	0.12510	0.02754	0.20423	0.27092	0.20242	0.02047	0.01008	0.00302	0.00486	0.01793	0.00840	0.00839
45	0.01146	0.00827	0.00994	0.01015	0.01135	0.00772	0.00684	0.01337	0.01798	0.02410	0.22994	0.19725	0.15567	0.23415	0.02064	0.00462	0.00559	0.01674	0.00749	0.00675
46	0.01728	0.01261	0.02138	0.01764	0.02105	0.01177	0.16081	0.02035	0.01825	0.11054	0.09233	0.22649	0.03716	0.17162	0.01762	0.00421	0.00828	0.01492	0.00688	0.00882
47	0.02293	0.02722	0.09279	0.04120	0.38952	0.16191	0.08758	0.02804	0.02036	0.02614	0.01544	0.01972	0.01261	0.00785	0.00840	0.00251	0.01194	0.00726	0.00420	0.01239
48	0.02453	0.07573	0.14562	0.03313	0.25845	0.26800	0.02267	0.02924	0.02080	0.02449	0.01452	0.01784	0.01186	0.00811	0.00789	0.00239	0.01250	0.00635	0.00413	0.01177
49	0.01378	0.01150	0.01679	0.01585	0.01699	0.01451	0.01264	0.01652	0.01352	0.01994	0.01988	0.02971	0.01874	0.05154	0.50672	0.01118	0.18912	0.00870	0.00435	0.00803
50	0.15992	0.01872	0.02131	0.16186	0.03000	0.02145	0.01556	0.26776	0.09129	0.03894	0.01957	0.02290	0.01501	0.03994	0.03712	0.00337	0.00953	0.00754	0.00659	0.01163
51	0.16246	0.02914	0.02306	0.02152	0.05705	0.33071	0.01609	0.06725	0.02070	0.02646	0.01311	0.01642	0.01105	0.00998	0.01176	0.00265	0.15979	0.00601	0.00466	0.01012
52	0.01268	0.01074	0.01433	0.01445	0.01509	0.01239	0.01078	0.01435	0.01574	0.02152	0.04146	0.42918	0.11412	0.02270	0.01562	0.00346	0.19837	0.01868	0.00671	0.00763
53	0.02754	0.02024	0.02211	0.01789	0.02331	0.02213	0.01436	0.48640	0.03482	0.04665	0.02623	0.16824	0.02363	0.01382	0.00903	0.00275	0.00839	0.01128	0.00838	0.01282
54	0.02659	0.02000	0.02298	0.01848	0.02428	0.02162	0.04155	0.34814	0.16458	0.07128	0.02658	0.09534	0.02160	0.01196	0.00877	0.00268	0.00831	0.00988	0.00822	0.04716
55	0.01629	0.01056	0.01308	0.03875	0.01590	0.01029	0.00906	0.02129	0.08126	0.10885	0.29698	0.05511	0.12499	0.14178	0.01577	0.00375	0.00581	0.01338	0.00826	0.00882
56	0.02365	0.33835	0.03332	0.01818	0.02276	0.19953	0.01573	0.02607	0.01797	0.02032	0.01266	0.01632	0.01158	0.01256	0.04865	0.00301	0.15964	0.00569	0.00391	0.01010
57	0.02757	0.19755	0.02922	0.01900	0.02369	0.21343	0.01588	0.08824	0.02159	0.11119	0.01593	0.01802	0.01274	0.01012	0.01176	0.00253	0.15879	0.00632	0.00531	0.01110
58	0.01905	0.01803	0.02983	0.04437	0.53086	0.01781	0.02257	0.02354	0.01924	0.02686	0.02707	0.06107	0.10187	0.01039	0.00876	0.00262	0.00907	0.00978	0.00489	0.01231
59	0.01061	0.00836	0.00922	0.00952	0.01151	0.00735	0.00674	0.01258	0.01848	0.02317	0.13132	0.18960	0.40231	0.10368	0.01420	0.00361	0.00487	0.01816	0.00773	0.00698
60	0.01216	0.00912	0.01368	0.01368	0.01520	0.01064	0.01064	0.01520	0.01368	0.01976	0.02279	0.03343	0.02127	0.06382	0.66720	0.01368	0.02279	0.00912	0.00456	0.00760
61	0.01833	0.15332	0.43544	0.02223	0.03159	0.02332	0.02618	0.02551	0.01694	0.02457	0.01393	0.01734	0.01088	0.00920	0.01128	0.00273	0.13569	0.00620	0.00363	0.01169
62	0.01299	0.00885	0.01238	0.01238	0.01400	0.01003	0.00958	0.01624	0.01462	0.02246	0.02392	0.03305	0.02140	0.05166	0.51800	0.01104	0.01855	0.00885	0.17234	0.00767
63	0.05994	0.00876	0.00978	0.01012	0.01193	0.00819	0.00711	0.01363	0.01799	0.02457	0.15645	0.23781	0.25637	0.12136	0.01486	0.00377	0.00516	0.01753	0.00757	0.00709
64	0.02117	0.01828	0.01924	0.01732	0.02213	0.02117	0.01347	0.04522	0.63246	0.03560	0.03464	0.03175	0.02598	0.01155	0.00866	0.00289	0.00673	0.00962	0.00866	0.01347
65	0.03017	0.03726	0.02407	0.02280	0.05391	0.56866	0.01656	0.03483	0.08885	0.02272	0.01558	0.01736	0.01268	0.00901	0.00781	0.00228	0.01419	0.00602	0.00483	0.01041
66	0.17452	0.01034	0.00947	0.00918	0.01258	0.00979	0.00707	0.01502	0.01832	0.02632	0.06993	0.06699	0.50528	0.01856	0.00901	0.00282	0.00481	0.01504	0.00733	0.00763
67	0.01816	0.01429	0.01509	0.01302	0.01725	0.01458	0.01027	0.20106	0.09143	0.03438	0.09588	0.05665	0.35071	0.01677	0.00944	0.00277	0.00609	0.01377	0.00826	0.01013
68	0.01215	0.00885	0.01038	0.00998	0.01251	0.00777	0.00749	0.01515	0.02156	0.05450	0.33091	0.10030	0.33860	0.01947	0.01002	0.00280	0.00433	0.01671	0.00867	0.00786
69	0.01006	0.00862	0.00862	0.00862	0.01149	0.00718	0.00647	0.01221	0.01940	0.02299	0.08621	0.08190	0.64438	0.02155	0.01006	0.00287	0.00431	0.01796	0.00790	0.00718
70	0.01331	0.00959	0.01108	0.01085	0.01348	0.00883	0.00806	0.01764	0.07112	0.06747	0.19228	0.18906	0.31539	0.02008	0.00999	0.00293	0.00476	0.01730	0.00846	0.00832
71	0.02004	0.01630	0.01732	0.01560	0.02015	0.01813	0.01213	0.03895	0.48704	0.06651	0.04406	0.04082	0.13943	0.01333	0.00891	0.00287	0.00632	0.01110	0.00862	0.01237
72	0.01225	0.00877	0.01191	0.01191	0.01281	0.00968	0.00843	0.01406	0.01315	0.01844	0.02441	0.04240	0.02517	0.32050	0.41585	0.01149	0.01694	0.01043	0.00480	0.00661
73	0.01216	0.00912	0.01368	0.01368	0.01520	0.01064	0.01064	0.01520	0.01368	0.01976	0.02279	0.03343	0.02127	0.06382	0.66720	0.01368	0.02279	0.00912	0.00456	0.00760
74	0.01169	0.00866	0.01103	0.01112	0.01242	0.00897	0.00790	0.01352	0.01464	0.01953	0.03896	0.08101	0.16159	0.25158	0.29972	0.00917	0.01342	0.01274	0.00563	0.00672
75	0.01439	0.00925	0.01172	0.01195	0.01424	0.00847	0.00923	0.01716	0.01989	0.09239	0.16335	0.20408	0.19506	0.04860	0.01178	0.00338	0.00563	0.14297	0.00833	0.00812
76	0.01046	0.00745	0.00985	0.01173	0.01220	0.00698	0.00777	0.01187	0.01611	0.02148	0.04596	0.66532	0.05509	0.05833	0.01239	0.00368	0.00509	0.02364	0.00777	0.00683
77	0.01435	0.01069	0.01561	0.28116	0.03032	0.01208	0.01367	0.01828	0.01706	0.02478	0.02821	0.22095	0.02760	0.01421	0.00841	0.00276	0.00723	0.01251	0.23186	0.00825
78	0.05793	0.01636	0.02640	0.06955	0.36066	0.01639	0.04723	0.02261	0.02021	0.02935	0.17705	0.03479	0.06380	0.01084	0.00883	0.00262	0.00834	0.01005	0.00574	0.01124
79	0.02047	0.01903	0.03024	0.04333	0.49039	0.01952	0.02296	0.02863	0.12249	0.02892	0.02155	0.02907	0.01852	0.00957	0.00874	0.00270	0.00935	0.05624	0.00526	0.01301
80	0.03109	0.03923	0.02480	0.02391	0.06696	0.62447	0.01708	0.03347	0.02381	0.02128	0.01334	0.01572	0.01113	0.00869	0.00772	0.00221	0.01500	0.00562	0.00437	0.01010
81	0.01069	0.00865	0.00950	0.00929	0.01188	0.00745	0.00697	0.01344	0.02090	0.02655	0.26443	0.07604	0.46394	0.02022	0.01005	0.00281	0.00422	0.01714	0.00837	0.00745
82	0.76103	0.01646	0.01251	0.01119	0.01646	0.01909	0.00922	0.02502	0.01448	0.03818	0.01185	0.01382	0.00922	0.00790	0.00527	0.00263	0.00658	0.00461	0.00527	0.00922
83	0.76103	0.01646	0.01251	0.01119	0.01646	0.01909	0.00922	0.02502	0.01448	0.03818	0.01185	0.01382	0.00922	0.00790	0.00527	0.00263	0.00658	0.00461	0.00527	0.00922
84	0.02190	0.01864	0.01965	0.01747	0.02241	0.02151	0.01365	0.08278	0.59371	0.03678	0.03371	0.03101	0.02523	0.01146	0.00865	0.00286	0.00691	0.00949	0.00865	0.01354
85	0.02322	0.01519	0.01728	0.01450	0.01911	0.01571	0.01153	0.17695	0.13909	0.14313	0.17014	0.04154	0.10958	0.01346	0.00893	0.00266	0.00644	0.01114	0.04876	0.01164
86	0.02176	0.02155	0.03386	0.05025	0.60718	0.06251	0.02548	0.02663	0.01969	0.02735	0.01582	0.02069	0.01332	0.00766	0.00838	0.00251	0.01045	0.00745	0.00422	0.01324
87	0.08440	0.24587	0.15075	0.04527	0.02652	0.06534	0.01774	0.14101	0.02219	0.07065	0.01592	0.01780	0.01229	0.00935	0.00818	0.03396	0.00991	0.00605	0.00521	0.01159
88	0.01375	0.00908	0.01192	0.01100	0.01330	0.00832	0.00832	0.01772	0.02411	0.07465	0.60346	0.06131	0.07642	0.01695	0.00994	0.00267	0.00423	0.01494	0.00944	0.00845
89	0.06044	0.00889	0.01104	0.01253	0.01411	0.00863	0.00956	0.01452	0.01761	0.02412	0.04948	0.38329	0.13229	0.02377	0.01066	0.00346	0.00584	0.19467	0.00771	0.00738
90	0.01715	0.01567	0.02480	0.06837	0.34846	0.01595	0.01904	0.02140	0.01966	0.02721	0.12588	0.04155	0.11937	0.01267	0.01020	0.00277	0.04475	0.04846	0.00575	0.01089
91	0.03179	0.04056	0.02412	0.02192	0.02631	0.66676	0.01644	0.03398	0.02412	0.02083	0.01315	0.01535	0.01096	0.00877	0.00767	0.00219	0.01535	0.00548	0.00438	0.00987
92	0.02469	0.01787	0.02969	0.19598	0.24589	0.01825	0.08457	0.05336	0.02102	0.19258	0.02074	0.02373	0.01493	0.00866	0.00866	0.00267	0.01008	0.00810	0.00596	0.01257
93	0.02162	0.02322	0.02017	0.01862	0.02142	0.23738	0.01441	0.02730	0.11744	0.02388	0.02456	0.14908	0.02431	0.01465	0.01287	0.00293	0.15140	0.04825	0.00583	0.04067
94	0.01779	0.01652	0.02521	0.03622	0.38592	0.04357	0.01933	0.02156	0.01866	0.02549	0.02720	0.23124	0.02874	0.01449	0.00935	0.00289	0.00861	0.05068	0.00558	0.01095
95	0.01037	0.00741	0.00987	0.01185	0.01234	0.00691	0.00790	0.01185	0.01629	0.02172	0.04690	0.69537	0.05629	0.02666	0.01086	0.00346	0.00494	0.02419	0.00790	0.00691
96	0.01872	0.01783	0.03030	0.34752	0.37089	0.01960	0.02495	0.02406	0.01827	0.02495	0.01559	0.02183	0.01248	0.00802	0.00846	0.00267	0.01069	0.00757	0.00401	0.01159
97	0.76103	0.01646	0.01251	0.01119	0.01646	0.01909	0.00922	0.02502	0.01448	0.03818	0.01185	0.01382	0.00922	0.00790	0.00527	0.00263	0.00658	0.00461	0.00527	0.00922
98	0.02106	0.02022	0.03454	0.05223	0.64784	0.02022	0.02612	0.02612	0.01938	0.02780	0.01601	0.02106	0.01348	0.00758	0.00842	0.00253	0.01011	0.00758	0.00421	0.01348
99	0.01505	0.00896	0.01080	0.08935	0.01638	0.00927	0.00853	0.01923	0.01911	0.03105	0.16105	0.03761	0.03336	0.01138	0.00715	0.00224	0.00486	0.00952	0.49692	0.00814
100	0.01162	0.00868	0.01079	0.01026	0.01245	0.00785	0.00770	0.01524	0.02309	0.03175	0.52469	0.06747	0.20043	0.01828	0.01004	0.00272	0.00408	0.01594	0.00906	0.00785
101	0.01065	0.00856	0.00955	0.00980	0.01219	0.00746	0.00736	0.01314	0.01979	0.02479	0.16823	0.15359	0.44423	0.02163	0.01026	0.00298	0.00457	0.05575	0.00813	0.00733
102	0.01161	0.00868	0.01077	0.01025	0.01245	0.00784	0.00769	0.01522	0.02306	0.03169	0.52134	0.06758	0.20383	0.01831	0.01004	0.00272	0.00408	0.01595	0.00905	0.00784
103	0.02117	0.01828	0.01924	0.01732	0.02213	0.02117	0.01347	0.04522	0.63246	0.03560	0.03464	0.03175	0.02598	0.01155	0.00866	0.00289	0.00673	0.00962	0.00866	0.01347
104	0.76103	0.01646	0.01251	0.01119	0.01646	0.01909	0.00922	0.02502	0.01448	0.03818	0.01185	0.01382	0.00922	0.00790	0.00527	0.00263	0.00658	0.00461	0.00527	0.00922
105	0.76103	0.01646	0.01251	0.01119	0.01646	0.01909	0.00922	0.02502	0.01448	0.03818	0.01185	0.01382	0.00922	0.00790	0.00527	0.00263	0.00658	0.00461	0.00527	0.00922
106	0.01216	0.00912	0.01368	0.01368	0.01520	0.01064	0.01064	0.01520	0.01368	0.01976	0.02279	0.03343	0.02127	0.06382	0.66720	0.01368	0.02279	0.00912	0.00456	0.00760
107	0.01982	0.01895	0.03229	0.20885	0.50095	0.01989	0.02550	0.02503	0.01879	0.02629	0.01579	0.02147	0.01295	0.00781	0.00845	0.00260	0.01042	0.00758	0.00411	0.01248
108	0.76103	0.01646	0.01251	0.01119	0.01646	0.01909	0.00922	0.02502	0.01448	0.03818	0.01185	0.01382	0.00922	0.00790	0.00527	0.00263	0.00658	0.00461	0.00527	0.00922
109	0.01009	0.00849	0.00875	0.00897	0.01159	0.00716	0.00662	0.01217	0.01907	0.02285	0.08201	0.14739	0.58160	0.02210	0.01014	0.00294	0.00438	0.01863	0.00790	0.00716
110	0.76103	0.01646	0.01251	0.01119	0.01646	0.01909	0.00922	0.02502	0.01448	0.03818	0.01185	0.01382	0.00922	0.00790	0.00527	0.00263	0.00658	0.00461	0.00527	0.00922
111	0.01055	0.00753	0.01008	0.01206	0.01263	0.00707	0.00821	0.01216	0.01647	0.02193	0.04681	0.66314	0.05589	0.02649	0.01091	0.00348	0.00509	0.05464	0.00790	0.00696
112	0.03818	0.01448	0.01975	0.01514	0.02172	0.01251	0.01251	0.04147	0.02436	0.65373	0.03357	0.02897	0.02107	0.01053	0.00856	0.00263	0.00724	0.00856	0.01053	0.01448
113	0.03749	0.01464	0.01973	0.01523	0.02174	0.01286	0.01255	0.04162	0.04896	0.62872	0.03362	0.02908	0.02126	0.01057	0.00856	0.00264	0.00722	0.00860	0.01046	0.01444
114	0.01204	0.00870	0.01138	0.01071	0.01271	0.00803	0.00803	0.01606	0.02409	0.03413	0.64335	0.06357	0.08030	0.01740	0.01004	0.00268	0.00401	0.01539	0.00937	0.00803
115	0.01687	0.01582	0.02297	0.06617	0.15909	0.01676	0.07002	0.02492	0.14758	0.02676	0.04236	0.04314	0.22089	0.01366	0.01097	0.00288	0.07065	0.01160	0.00628	0.01061
116	0.01707	0.04402	0.65683	0.02426	0.03683	0.01976	0.03144	0.02695	0.01797	0.02695	0.01527	0.01797	0.01078	0.00809	0.00809	0.00270	0.01258	0.00629	0.00359	0.01258
117	0.01233	0.00844	0.01024	0.01024	0.01058	0.00877	0.00636	0.01299	0.01266	0.01721	0.02593	0.05082	0.02882	0.56140	0.17994	0.00944	0.01144	0.01166	0.00503	0.00569
118	0.01116	0.00801	0.01058	0.01131	0.01252	0.00744	0.00796	0.01383	0.01996	0.02755	0.32725	0.39841	0.06757	0.02231	0.01047	0.00309	0.00450	0.02006	0.00859	0.00744
119	0.02026	0.01940	0.03309	0.15308	0.55326	0.02001	0.02572	0.02542	0.01900	0.02683	0.01587	0.02132	0.01314	0.00773	0.00844	0.00258	0.01031	0.00758	0.00414	0.01283
120	0.01205	0.00860	0.01159	0.01180	0.01262	0.00932	0.00824	0.01376	0.01346	0.01872	0.02692	0.11289	0.02873	0.30398	0.35779	0.01050	0.01531	0.01198	0.00515	0.00659
121	0.62423	0.02153	0.13099	0.01359	0.02020	0.01921	0.01330	0.02537	0.01512	0.03612	0.01248	0.01459	0.00950	0.00793	0.00578	0.00264	0.00769	0.00492	0.00496	0.00983
122	0.01586	0.00793	0.00793	0.00793	0.00991	0.00793	0.00595	0.01983	0.01785	0.03173	0.02776	0.03173	0.02181	0.00991	0.00595	0.00198	0.00397	0.00793	0.74817	0.00793
123	0.01735	0.03935	0.54084	0.02390	0.03417	0.02092	0.02908	0.02576	0.01706	0.02576	0.01452	0.01809	0.01085	0.00934	0.01173	0.00288	0.13629	0.00650	0.00362	0.01198
124	0.01103	0.00866	0.00996	0.00964	0.01209	0.00760	0.00723	0.01409	0.02168	0.02842	0.35785	0.07296	0.36935	0.01953	0.01005	0.00278	0.00417	0.01671	0.00862	0.00760
125	0.01124	0.00867	0.01026	0.00986	0.01222	0.00769	0.00740	0.01450	0.02219	0.02962	0.41795	0.07098	0.30851	0.01908	0.01005	0.00276	0.00413	0.01643	0.00878	0.00769
126	0.01037	0.00741	0.00987	0.01185	0.01234	0.00691	0.00790	0.01185	0.01629	0.02172	0.04690	0.69537	0.05629	0.02666	0.01086	0.00346	0.00494	0.02419	0.00790	0.00691
127	0.03818	0.01448	0.01975	0.01514	0.02172	0.01251	0.01251	0.04147	0.02436	0.65373	0.03357	0.02897	0.02107	0.01053	0.00856	0.00263	0.00724	0.00856	0.01053	0.01448
128	0.01586	0.00793	0.00793	0.00793	0.00991	0.00793	0.00595	0.01983	0.01785	0.03173	0.02776	0.03173	0.02181	0.00991	0.00595	0.00198	0.00397	0.00793	0.74817	0.00793
129	0.01639	0.01545	0.02609	0.64075	0.09587	0.01899	0.02379	0.02202	0.01717	0.02213	0.01518	0.02259	0.01148	0.00845	0.00850	0.00282	0.01127	0.00756	0.00381	0.00971
130	0.02874	0.02035	0.02168	0.01703	0.02278	0.02235	0.01394	0.48814	0.03516	0.04884	0.02204	0.02291	0.01608	0.01015	0.00795	0.00243	0.00818	0.00772	0.17050	0.01304
131	0.01256	0.00991	0.01137	0.01059	0.01360	0.00875	0.00796	0.04285	0.02123	0.02817	0.24053	0.14162	0.30347	0.01875	0.00968	0.00270	0.00475	0.01608	0.00807	0.08737
132	0.02186	0.02832	0.22358	0.03663	0.30787	0.02130	0.06456	0.13555	0.02279	0.03226	0.01668	0.02013	0.01280	0.00819	0.00844	0.00261	0.01100	0.00736	0.00482	0.01326
133	0.01769	0.01731	0.02524	0.16598	0.02988	0.02362	0.01926	0.02046	0.01394	0.02072	0.01270	0.02035	0.01178	0.01628	0.06007	0.00410	0.50002	0.00757	0.00378	0.00924
134	0.01371	0.00980	0.01371	0.01567	0.01763	0.00980	0.01371	0.01763	0.01959	0.02547	0.04506	0.09599	0.04898	0.02351	0.01175	0.00392	0.00784	0.59056	0.00784	0.00784
135	0.01836	0.19452	0.51765	0.02205	0.03342	0.02293	0.02760	0.02662	0.01781	0.02538	0.01449	0.01699	0.01081	0.00790	0.00749	0.00250	0.01179	0.00589	0.00360	0.01220
136	0.01464	0.01730	0.15288	0.01431	0.01796	0.01203	0.01287	0.07095	0.01798	0.02479	0.06967	0.22428	0.03537	0.25233	0.02114	0.00480	0.00809	0.01413	0.00617	0.00831
137	0.01159	0.00841	0.01092	0.01086	0.01258	0.00775	0.00793	0.01496	0.02217	0.03090	0.48719	0.20277	0.10090	0.01962	0.01022	0.00286	0.00423	0.01744	0.00898	0.00775
138	0.01845	0.01714	0.02827	0.45419	0.23651	0.01970	0.02400	0.05455	0.01895	0.02527	0.01567	0.02207	0.01216	0.00832	0.00848	0.00273	0.01086	0.00757	0.00416	0.01095
139	0.02791	0.01770	0.02317	0.02433	0.15928	0.01821	0.01607	0.07601	0.24422	0.25512	0.02928	0.02770	0.02076	0.01023	0.00856	0.00270	0.00782	0.00867	0.00834	0.01390
140	0.02399	0.55361	0.03959	0.01577	0.02239	0.11977	0.01473	0.05345	0.01912	0.02166	0.01287	0.01503	0.01152	0.01000	0.03373	0.00240	0.01055	0.00501	0.00401	0.01080
141	0.01037	0.00741	0.00987	0.01185	0.01234	0.00691	0.00790	0.01185	0.01629	0.02172	0.04690	0.69537	0.05629	0.02666	0.01086	0.00346	0.00494	0.02419	0.00790	0.00691
142	0.01056	0.00754	0.01009	0.01207	0.01264	0.00708	0.00823	0.01218	0.01648	0.02194	0.04680	0.66124	0.05587	0.02648	0.01091	0.00348	0.00510	0.05644	0.00790	0.00696
143	0.02552	0.02081	0.02452	0.02462	0.13885	0.02304	0.01685	0.26633	0.28798	0.04122	0.02565	0.02536	0.01918	0.01030	0.00856	0.00269	0.00838	0.00848	0.00778	0.01386
144	0.01982	0.01883	0.03141	0.20795	0.46430	0.01994	0.02477	0.02611	0.05369	0.02673	0.01685	0.02208	0.01366	0.00804	0.00846	0.00263	0.01023	0.00769	0.00436	0.01247
145	0.01252	0.00930	0.01296	0.01279	0.01379	0.01064	0.00940	0.01461	0.01327	0.01884	0.02344	0.03926	0.02364	0.24783	0.45565	0.01164	0.04878	0.00999	0.00470	0.00696
146	0.01765	0.01513	0.01765	0.01260	0.02017	0.01134	0.01008	0.02143	0.01765	0.02773	0.01513	0.01765	0.01260	0.00630	0.00630	0.00126	0.00630	0.00504	0.00504	0.75295
147	0.02296	0.51131	0.03781	0.01591	0.02191	0.12734	0.01464	0.02560	0.01781	0.02014	0.01304	0.01598	0.01192	0.01316	0.06922	0.00307	0.03870	0.00524	0.00384	0.01038
148	0.03818	0.01448	0.01975	0.01514	0.02172	0.01251	0.01251	0.04147	0.02436	0.65373	0.03357	0.02897	0.02107	0.01053	0.00856	0.00263	0.00724	0.00856	0.01053	0.01448
149	0.02106	0.02022	0.03454	0.05223	0.64784	0.02022	0.02612	0.02612	0.01938	0.02780	0.01601	0.02106	0.01348	0.00758	0.00842	0.00253	0.01011	0.00758	0.00421	0.01348
150	0.01006	0.00862	0.00862	0.00862	0.01149	0.00718	0.00647	0.01221	0.01940	0.02299	0.08621	0.08190	0.64438	0.02155	0.01006	0.00287	0.00431	0.01796	0.00790	0.00718
151	0.01962	0.02039	0.02071	0.01868	0.02071	0.16081	0.01483	0.02423	0.08216	0.02216	0.02189	0.02710	0.05662	0.02572	0.17824	0.00570	0.25790	0.00835	0.00488	0.00931
152	0.01806	0.01071	0.01099	0.01020	0.01298	0.01131	0.00785	0.07844	0.09771	0.03424	0.02795	0.03069	0.02166	0.01015	0.00653	0.00215	0.00482	0.00812	0.58620	0.00924
153	0.01183	0.00869	0.01108	0.01048	0.01258	0.00794	0.00786	0.01565	0.02359	0.03294	0.58387	0.06553	0.14052	0.01784	0.01004	0.00270	0.00405	0.01566	0.00921	0.00794
154	0.01868	0.03274	0.33203	0.03047	0.04093	0.02070	0.34493	0.02712	0.01910	0.02712	0.01631	0.02064	0.01192	0.00760	0.00913	0.00279	0.01352	0.00830	0.00397	0.01199
155	0.01037	0.00741	0.00987	0.01185	0.01234	0.00691	0.00790	0.01185	0.01629	0.02172	0.04690	0.69537	0.05629	0.02666	0.01086	0.00346	0.00494	0.02419	0.00790	0.00691
156	0.02215	0.63537	0.10995	0.01560	0.02344	0.03219	0.01636	0.02564	0.01736	0.02076	0.01220	0.01411	0.01091	0.00737	0.00574	0.00191	0.00947	0.00474	0.00364	0.01110
157	0.01037	0.00741	0.00987	0.01185	0.01234	0.00691	0.00790	0.01185	0.01629	0.02172	0.04690	0.69537	0.05629	0.02666	0.01086	0.00346	0.00494	0.02419	0.00790	0.00691
158	0.41976	0.01796	0.01741	0.01420	0.02014	0.01960	0.01171	0.18271	0.02319	0.17181	0.01865	0.01873	0.01308	0.00906	0.00680	0.00261	0.00744	0.00623	0.00722	0.01169
159	0.03229	0.02550	0.02540	0.01981	0.02638	0.08990	0.01620	0.56139	0.03844	0.05038	0.01971	0.01993	0.01412	0.01007	0.00843	0.00252	0.00996	0.00745	0.00810	0.01402
160	0.01217	0.00906	0.01340	0.01340	0.01482	0.01049	0.01029	0.01502	0.01359	0.01955	0.02305	0.03484	0.02189	0.10411	0.62775	0.01333	0.02188	0.00932	0.00460	0.00744
161	0.01990	0.02696	0.20724	0.04348	0.44109	0.02018	0.06494	0.02642	0.01903	0.02753	0.01588	0.02033	0.01270	0.00770	0.00843	0.00260	0.01106	0.00738	0.00405	0.01310
162	0.03235	0.02384	0.02554	0.01958	0.02639	0.02639	0.01618	0.61946	0.04001	0.05363	0.02043	0.02043	0.01447	0.01022	0.00851	0.00255	0.00936	0.00766	0.00851	0.01447
163	0.01056	0.00864	0.00931	0.00914	0.01180	0.00740	0.00686	0.01318	0.02058	0.02579	0.22607	0.07730	0.50278	0.02051	0.01005	0.00282	0.00424	0.01732	0.00827	0.00740
164	0.01707	0.04402	0.65683	0.02426	0.03683	0.01976	0.03144	0.02695	0.01797	0.02695	0.01527	0.01797	0.01078	0.00809	0.00809	0.00270	0.01258	0.00629	0.00359	0.01258
165	0.02887	0.03035	0.02603	0.02733	0.16170	0.33133	0.01802	0.18166	0.02687	0.03125	0.01630	0.01864	0.01290	0.00893	0.00798	0.00235	0.01215	0.00661	0.03897	0.01175
166	0.01586	0.00793	0.00793	0.00793	0.00991	0.00793	0.00595	0.01983	0.01785	0.03173	0.02776	0.03173	0.02181	0.00991	0.00595	0.00198	0.00397	0.00793	0.74817	0.00793
167	0.03781	0.01507	0.02012	0.01542	0.02202	0.01339	0.01274	0.07802	0.02535	0.61579	0.03274	0.02843	0.02065	0.01051	0.00856	0.00263	0.00738	0.00850	0.01041	0.01448
168	0.02938	0.03525	0.02654	0.02870	0.16735	0.49331	0.01863	0.05664	0.02370	0.02378	0.01411	0.01686	0.01168	0.00856	0.00788	0.00228	0.01391	0.00605	0.00452	0.01088
169	0.01949	0.02125	0.05012	0.02066	0.02513	0.15797	0.14032	0.02578	0.08377	0.02420	0.02074	0.02637	0.01736	0.02910	0.25186	0.00666	0.01624	0.00839	0.04484	0.00976
170	0.01006	0.00862	0.00862	0.00862	0.01149	0.00718	0.00647	0.01221	0.01940	0.02299	0.08621	0.08190	0.64438	0.02155	0.01006	0.00287	0.00431	0.01796	0.00790	0.00718
171	0.01059	0.00756	0.01013	0.01210	0.01269	0.00710	0.00828	0.01223	0.01651	0.02197	0.04678	0.65617	0.05581	0.02646	0.01092	0.00349	0.00513	0.06124	0.00790	0.00697
172	0.02689	0.02136	0.02742	0.14234	0.21028	0.06233	0.01994	0.24716	0.02744	0.10270	0.01919	0.02159	0.01413	0.00911	0.00844	0.00258	0.01007	0.00758	0.00642	0.01303
173	0.02339	0.02281	0.03105	0.04238	0.45848	0.09856	0.02288	0.08287	0.07873	0.03004	0.01780	0.02131	0.01443	0.00833	0.00836	0.00252	0.01036	0.00753	0.00504	0.01314
174	0.01210	0.00829	0.00920	0.00920	0.00955	0.00812	0.00531	0.01236	0.01321	0.01727	0.03389	0.05881	0.10404	0.61996	0.03935	0.00761	0.00778	0.01304	0.00548	0.00540
175	0.01941	0.01617	0.01860	0.01344	0.02092	0.01315	0.01082	0.09329	0.02033	0.03084	0.01576	0.01798	0.01283	0.00677	0.00657	0.00142	0.00667	0.00536	0.00546	0.66421
176	0.02084	0.01999	0.03413	0.08077	0.62108	0.02016	0.02600	0.02592	0.01927	0.02753	0.01597	0.02114	0.01338	0.00762	0.00843	0.00254	0.01017	0.00758	0.00419	0.01330
177	0.01023	0.00863	0.00887	0.00881	0.01160	0.00726	0.00661	0.01256	0.01982	0.02398	0.13587	0.08027	0.59410	0.02118	0.01006	0.00286	0.00428	0.01773	0.00803	0.00726
178	0.02275	0.70604	0.04459	0.01456	0.02184	0.03367	0.01456	0.02548	0.01729	0.02002	0.01183	0.01365	0.01092	0.00728	0.00546	0.00182	0.00910	0.00455	0.00364	0.01092
179	0.01006	0.00862	0.00862	0.00862	0.01149	0.00718	0.00647	0.01221	0.01940	0.02299	0.08621	0.08190	0.64438	0.02155	0.01006	0.00287	0.00431	0.01796	0.00790	0.00718
180	0.01015	0.00825	0.00900	0.00961	0.01175	0.00710	0.00690	0.01210	0.01845	0.02260	0.07423	0.26888	0.46514	0.02311	0.01030	0.00305	0.00450	0.01986	0.00790	0.00710
181	0.01183	0.00869	0.01108	0.01048	0.01258	0.00794	0.00786	0.01565	0.02359	0.03294	0.58387	0.06553	0.14052	0.01784	0.01004	0.00270	0.00405	0.01566	0.00921	0.00794
182	0.03179	0.04056	0.02412	0.02192	0.02631	0.66676	0.01644	0.03398	0.02412	0.02083	0.01315	0.01535	0.01096	0.00877	0.00767	0.00219	0.01535	0.00548	0.00438	0.00987
183	0.03179	0.04056	0.02412	0.02192	0.02631	0.66676	0.01644	0.03398	0.02412	0.02083	0.01315	0.01535	0.01096	0.00877	0.00767	0.00219	0.01535	0.00548	0.00438	0.00987
184	0.03818	0.01448	0.01975	0.01514	0.02172	0.01251	0.01251	0.04147	0.02436	0.65373	0.03357	0.02897	0.02107	0.01053	0.00856	0.00263	0.00724	0.00856	0.01053	0.01448
185	0.76103	0.01646	0.01251	0.01119	0.01646	0.01909	0.00922	0.02502	0.01448	0.03818	0.01185	0.01382	0.00922	0.00790	0.00527	0.00263	0.00658	0.00461	0.00527	0.00922
186	0.01369	0.01054	0.01129	0.01087	0.01268	0.01080	0.00732	0.01953	0.15002	0.02239	0.04415	0.05734	0.19122	0.37125	0.02698	0.00566	0.00688	0.01324	0.00665	0.00751
187	0.01088	0.00780	0.01033	0.01150	0.01246	0.00725	0.00794	0.01313	0.01867	0.02550	0.22870	0.50280	0.06360	0.02384	0.01061	0.00322	0.00466	0.02151	0.00835	0.00725
188	0.03191	0.03683	0.02443	0.02140	0.02633	0.52379	0.01638	0.16469	0.02766	0.02815	0.01478	0.01648	0.01175	0.00909	0.00786	0.00227	0.01401	0.00597	0.00531	0.01089
189	0.01967	0.02086	0.04058	0.12145	0.11730	0.02128	0.37068	0.02757	0.07490	0.02691	0.01798	0.02320	0.01385	0.00831	0.01068	0.00288	0.05662	0.00920	0.00458	0.01149
190	0.02055	0.01925	0.03023	0.11166	0.44790	0.02029	0.02308	0.02983	0.15339	0.02886	0.01999	0.02358	0.01599	0.00855	0.00849	0.00264	0.00950	0.00803	0.00514	0.01305
191	0.01092	0.00810	0.01090	0.05521	0.01521	0.00784	0.00874	0.01281	0.01684	0.02235	0.08390	0.54870	0.08725	0.05389	0.01202	0.00354	0.00541	0.02168	0.00760	0.00709
192	0.01780	0.11384	0.56677	0.02369	0.03554	0.02132	0.05348	0.02681	0.01798	0.02622	0.01498	0.01771	0.01088	0.00796	0.00788	0.00261	0.01228	0.00626	0.00363	0.01236
193	0.01216	0.00912	0.01368	0.01368	0.01520	0.01064	0.01064	0.01520	0.01368	0.01976	0.02279	0.03343	0.02127	0.06382	0.66720	0.01368	0.02279	0.00912	0.00456	0.00760
194	0.01108	0.00916	0.00977	0.00953	0.01233	0.00812	0.00717	0.01481	0.05355	0.02601	0.20053	0.07533	0.49235	0.02014	0.00998	0.00283	0.00438	0.01697	0.00825	0.00770
195	0.03179	0.04056	0.02412	0.02192	0.02631	0.66676	0.01644	0.03398	0.02412	0.02083	0.01315	0.01535	0.01096	0.00877	0.00767	0.00219	0.01535	0.00548	0.00438	0.00987
196	0.67180	0.01659	0.01459	0.05585	0.05507	0.01914	0.01109	0.02487	0.01492	0.03655	0.01229	0.01480	0.00959	0.00792	0.00565	0.00264	0.00708	0.00496	0.00511	0.00947
197	0.01084	0.00783	0.01033	0.01195	0.01285	0.00732	0.00841	0.01283	0.01752	0.02332	0.10460	0.54385	0.08963	0.02521	0.01083	0.00340	0.00510	0.07904	0.00803	0.00712
198	0.01707	0.04402	0.65683	0.02426	0.03683	0.01976	0.03144	0.02695	0.01797	0.02695	0.01527	0.01797	0.01078	0.00809	0.00809	0.00270	0.01258	0.00629	0.00359	0.01258
199	0.02405	0.01944	0.02499	0.18704	0.06634	0.02268	0.01838	0.30585	0.02728	0.03691	0.01791	0.02200	0.01384	0.01519	0.07182	0.00380	0.09673	0.00774	0.00612	0.01187
200	0.02135	0.01809	0.01919	0.01709	0.02186	0.02075	0.01333	0.07987	0.56037	0.03666	0.06840	0.03285	0.02834	0.01179	0.00873	0.00285	0.00675	0.00983	0.00869	0.01322
201	0.01238	0.00825	0.00928	0.00928	0.00928	0.00825	0.00516	0.01238	0.01238	0.01650	0.02681	0.05569	0.03094	0.70092	0.04331	0.00825	0.00825	0.01238	0.00516	0.00516
202	0.01238	0.00825	0.00928	0.00928	0.00928	0.00825	0.00516	0.01238	0.01238	0.01650	0.02681	0.05569	0.03094	0.70092	0.04331	0.00825	0.00825	0.01238	0.00516	0.00516
203	0.01076	0.00865	0.00960	0.00936	0.01193	0.00748	0.00702	0.01358	0.02107	0.02695	0.28441	0.07538	0.44371	0.02007	0.01005	0.00280	0.00421	0.01705	0.00842	0.00748
204	0.03179	0.04056	0.02412	0.02192	0.02631	0.66676	0.01644	0.03398	0.02412	0.02083	0.01315	0.01535	0.01096	0.00877	0.00767	0.00219	0.01535	0.00548	0.00438	0.00987
205	0.01216	0.00912	0.01368	0.01368	0.01520	0.01064	0.01064	0.01520	0.01368	0.01976	0.02279	0.03343	0.02127	0.06382	0.66720	0.01368	0.02279	0.00912	0.00456	0.00760
206	0.01160	0.00816	0.01059	0.01130	0.01185	0.00837	0.00750	0.01289	0.01410	0.01918	0.03300	0.27901	0.03760	0.30086	0.18723	0.00789	0.01069	0.01579	0.00599	0.00639
207	0.76103	0.01646	0.01251	0.01119	0.01646	0.01909	0.00922	0.02502	0.01448	0.03818	0.01185	0.01382	0.00922	0.00790	0.00527	0.00263	0.00658	0.00461	0.00527	0.00922
208	0.01862	0.01862	0.02607	0.02234	0.02234	0.02607	0.01862	0.02048	0.01303	0.02048	0.01117	0.01862	0.01117	0.01489	0.02793	0.00372	0.68535	0.00745	0.00372	0.00931
209	0.01238	0.00825	0.00928	0.00928	0.00928	0.00825	0.00516	0.01238	0.01238	0.01650	0.02681	0.05569	0.03094	0.70092	0.04331	0.00825	0.00825	0.01238	0.00516	0.00516
210	0.01216	0.00912	0.01368	0.01368	0.01520	0.01064	0.01064	0.01520	0.01368	0.01976	0.02279	0.03343	0.02127	0.06382	0.66720	0.01368	0.02279	0.00912	0.00456	0.00760
211	0.01037	0.00741	0.00987	0.01185	0.01234	0.00691	0.00790	0.01185	0.01629	0.02172	0.04690	0.69537	0.05629	0.02666	0.01086	0.00346	0.00494	0.02419	0.00790	0.00691
212	0.01596	0.01376	0.01427	0.01325	0.01715	0.01462	0.01019	0.02976	0.34537	0.02969	0.05879	0.05523	0.31557	0.01623	0.00931	0.00288	0.00560	0.01353	0.00830	0.01053
213	0.02474	0.02761	0.02949	0.03684	0.33054	0.26269	0.02148	0.02829	0.02029	0.02420	0.01428	0.01859	0.01223	0.00902	0.01079	0.00256	0.10379	0.00678	0.00421	0.01156
214	0.01037	0.00741	0.00987	0.01185	0.01234	0.00691	0.00790	0.01185	0.01629	0.02172	0.04690	0.69537	0.05629	0.02666	0.01086	0.00346	0.00494	0.02419	0.00790	0.00691
215	0.01076	0.00775	0.01028	0.01216	0.01294	0.00727	0.00853	0.01256	0.01683	0.02223	0.04846	0.59567	0.08194	0.02605	0.01093	0.00349	0.00526	0.09197	0.00789	0.00704
216	0.01349	0.01107	0.01623	0.01546	0.01667	0.01381	0.01228	0.01628	0.01354	0.01990	0.02040	0.03038	0.01919	0.05375	0.53557	0.01163	0.15922	0.00877	0.00439	0.00795
217	0.02256	0.02682	0.10740	0.04330	0.46013	0.13905	0.02498	0.02766	0.02008	0.02642	0.01539	0.01964	0.01269	0.00786	0.00825	0.00249	0.01137	0.00704	0.00417	0.01271
218	0.01539	0.01420	0.02364	0.60013	0.05305	0.01747	0.02174	0.02055	0.01693	0.02174	0.01894	0.10352	0.01674	0.01069	0.00879	0.00291	0.01057	0.00956	0.00428	0.00915
219	0.01006	0.00862	0.00862	0.00862	0.01149	0.00718	0.00647	0.01221	0.01940	0.02299	0.08621	0.08190	0.64438	0.02155	0.01006	0.00287	0.00431	0.01796	0.00790	0.00718
220	0.01095	0.00793	0.01034	0.01127	0.01243	0.00733	0.00787	0.01338	0.01925	0.02623	0.26242	0.43634	0.09649	0.02307	0.01052	0.00315	0.00457	0.02071	0.00843	0.00733
221	0.02980	0.01645	0.01962	0.01621	0.02181	0.01679	0.01298	0.11028	0.23514	0.32740	0.03323	0.07249	0.02427	0.01190	0.00874	0.00276	0.00717	0.00984	0.00947	0.01364
222	0.02811	0.06497	0.02293	0.01670	0.02249	0.02282	0.01383	0.44929	0.03367	0.04664	0.02147	0.02246	0.01585	0.00996	0.00775	0.00238	0.00816	0.00752	0.17018	0.01281
223	0.15807	0.50585	0.03672	0.01477	0.02091	0.03018	0.01401	0.02486	0.01632	0.02341	0.01176	0.01421	0.01063	0.00821	0.00782	0.00217	0.08083	0.00487	0.00395	0.01044
224	0.02117	0.01828	0.01924	0.01732	0.02213	0.02117	0.01347	0.04522	0.63246	0.03560	0.03464	0.03175	0.02598	0.01155	0.00866	0.00289	0.00673	0.00962	0.00866	0.01347
225	0.01037	0.00741	0.00987	0.01185	0.01234	0.00691	0.00790	0.01185	0.01629	0.02172	0.04690	0.69537	0.05629	0.02666	0.01086	0.00346	0.00494	0.02419	0.00790	0.00691
226	0.01144	0.00868	0.01053	0.01007	0.01234	0.00777	0.00755	0.01488	0.02266	0.03072	0.47310	0.06917	0.25267	0.01867	0.01004	0.00274	0.00411	0.01618	0.00892	0.00777
227	0.01161	0.00868	0.01077	0.01025	0.01245	0.00784	0.00769	0.01522	0.02306	0.03169	0.52134	0.06758	0.20383	0.01831	0.01004	0.00272	0.00408	0.01595	0.00905	0.00784
228	0.03179	0.04056	0.02412	0.02192	0.02631	0.66676	0.01644	0.03398	0.02412	0.02083	0.01315	0.01535	0.01096	0.00877	0.00767	0.00219	0.01535	0.00548	0.00438	0.00987
229	0.01110	0.00793	0.01072	0.01269	0.01350	0.00754	0.00917	0.01312	0.01702	0.02254	0.04650	0.56411	0.05468	0.02597	0.01106	0.00356	0.00557	0.14823	0.00789	0.00711
230	0.03235	0.02384	0.02554	0.01958	0.02639	0.02639	0.01618	0.61946	0.04001	0.05363	0.02043	0.02043	0.01447	0.01022	0.00851	0.00255	0.00936	0.00766	0.00851	0.01447
231	0.03235	0.02384	0.02554	0.01958	0.02639	0.02639	0.01618	0.61946	0.04001	0.05363	0.02043	0.02043	0.01447	0.01022	0.00851	0.00255	0.00936	0.00766	0.00851	0.01447
232	0.01006	0.00862	0.00862	0.00862	0.01149	0.00718	0.00647	0.01221	0.01940	0.02299	0.08621	0.08190	0.64438	0.02155	0.01006	0.00287	0.00431	0.01796	0.00790	0.00718
233	0.03818	0.01448	0.01975	0.01514	0.02172	0.01251	0.01251	0.04147	0.02436	0.65373	0.03357	0.02897	0.02107	0.01053	0.00856	0.00263	0.00724	0.00856	0.01053	0.01448
234	0.01862	0.01862	0.02607	0.02234	0.02234	0.02607	0.01862	0.02048	0.01303	0.02048	0.01117	0.01862	0.01117	0.01489	0.02793	0.00372	0.68535	0.00745	0.00372	0.00931
235	0.03057	0.01884	0.02100	0.01645	0.02231	0.01993	0.01347	0.38161	0.03247	0.18099	0.02467	0.02440	0.01728	0.01023	0.00805	0.00247	0.00790	0.00791	0.14621	0.01326
236	0.01287	0.00928	0.01269	0.01452	0.01627	0.00910	0.01219	0.01623	0.01897	0.02462	0.04800	0.20532	0.08797	0.02396	0.01148	0.00377	0.00708	0.45021	0.00785	0.00763
237	0.01037	0.00741	0.00987	0.01185	0.01234	0.00691	0.00790	0.01185	0.01629	0.02172	0.04690	0.69537	0.05629	0.02666	0.01086	0.00346	0.00494	0.02419	0.00790	0.00691
238	0.02242	0.02328	0.02975	0.06650	0.39436	0.16051	0.04582	0.02663	0.01989	0.02559	0.01660	0.02239	0.01420	0.04550	0.01009	0.00276	0.01106	0.00750	0.04346	0.01170
239	0.01832	0.07381	0.56461	0.02499	0.06426	0.05544	0.02959	0.02722	0.01833	0.02633	0.01503	0.01777	0.01092	0.00806	0.00796	0.00262	0.01245	0.00622	0.00367	0.01239
240	0.02988	0.02304	0.02751	0.02673	0.16249	0.02504	0.01835	0.48952	0.03549	0.04798	0.01946	0.02057	0.01426	0.00964	0.00849	0.00255	0.00953	0.00764	0.00757	0.01426
241	0.02275	0.70604	0.04459	0.01456	0.02184	0.03367	0.01456	0.02548	0.01729	0.02002	0.01183	0.01365	0.01092	0.00728	0.00546	0.00182	0.00910	0.00455	0.00364	0.01092
