[name]
unknown

[dist]
# distance from previous block
# <min> <max>
0	3

[block]
# block no. 0 follows, 20 sequences, length 53
# corresponding to MSA columns:
# 3-55
name=unknown_A
#
# <colnr> <probs for GDERKNQSTAVLIFYWHMCP>
#	G	D	E	R	K	N	Q	S	T	A	V	L	I	F	Y	W	H	M	C	P
0	0.01787	0.01326	0.01557	0.01557	0.01877	0.01432	0.01287	0.06159	0.20694	0.03200	0.03863	0.06320	0.03648	0.01733	0.00994	0.00330	0.00715	0.28092	0.12407	0.01022
1	0.01916	0.01951	0.03543	0.24322	0.04460	0.02076	0.26616	0.02797	0.10416	0.02694	0.01902	0.02418	0.01448	0.00879	0.01028	0.00288	0.04572	0.00896	0.00488	0.05288
2	0.01267	0.00928	0.01369	0.01369	0.01528	0.01075	0.01064	0.01584	0.01425	0.02093	0.02365	0.03417	0.02184	0.06237	0.62289	0.01336	0.02230	0.00928	0.04532	0.00781
3	0.03237	0.06387	0.02601	0.02146	0.02680	0.44952	0.01669	0.20118	0.02915	0.03106	0.01559	0.01717	0.01228	0.00936	0.00802	0.00234	0.01369	0.00623	0.00569	0.01153
4	0.02834	0.02076	0.02255	0.01791	0.02381	0.02242	0.01449	0.46220	0.03514	0.04781	0.02456	0.10769	0.02070	0.01239	0.00875	0.00262	0.00850	0.00990	0.05110	0.05839
5	0.02173	0.09398	0.10328	0.12747	0.02864	0.05857	0.01689	0.15030	0.02351	0.03265	0.02136	0.02750	0.01722	0.01020	0.00780	0.00251	0.00920	0.04108	0.19522	0.01090
6	0.07001	0.01737	0.01913	0.01608	0.02066	0.01881	0.01275	0.27968	0.06788	0.04084	0.09171	0.14419	0.03024	0.01413	0.00963	0.00277	0.03361	0.01149	0.04690	0.05214
7	0.02351	0.24010	0.02957	0.05906	0.02537	0.20403	0.01510	0.02654	0.01929	0.02259	0.01405	0.01742	0.01222	0.01152	0.04504	0.00272	0.05250	0.00569	0.00433	0.16933
8	0.01257	0.00841	0.00955	0.00967	0.00970	0.00838	0.00545	0.01265	0.01292	0.01722	0.02868	0.09375	0.03322	0.65472	0.04246	0.00817	0.00826	0.01339	0.00545	0.00539
9	0.02026	0.02257	0.04613	0.03377	0.04069	0.02306	0.48033	0.02644	0.01903	0.02644	0.01631	0.02257	0.01285	0.00906	0.01425	0.00313	0.15782	0.00972	0.00428	0.01128
10	0.01298	0.00920	0.01135	0.01114	0.01146	0.00992	0.00716	0.01372	0.01299	0.01781	0.02579	0.05040	0.02861	0.52906	0.16930	0.00935	0.04690	0.01173	0.00508	0.00602
11	0.01031	0.00884	0.00884	0.00884	0.01178	0.00736	0.00663	0.01252	0.01988	0.02356	0.08837	0.08395	0.63549	0.02209	0.01031	0.00295	0.00442	0.01841	0.00810	0.00736
12	0.03052	0.02359	0.02829	0.02772	0.16686	0.02561	0.01891	0.47672	0.03618	0.04893	0.01991	0.02109	0.01460	0.00985	0.00871	0.00261	0.00977	0.00783	0.00772	0.01460
13	0.02222	0.21487	0.23238	0.02969	0.20003	0.06547	0.02398	0.06557	0.02051	0.02732	0.01511	0.01809	0.01212	0.00811	0.00765	0.00243	0.01118	0.00637	0.00426	0.01264
14	0.02636	0.25343	0.03212	0.02008	0.02450	0.30430	0.01674	0.02871	0.01975	0.02099	0.01256	0.01594	0.01127	0.00996	0.01198	0.00249	0.16863	0.00577	0.00408	0.01034
15	0.01134	0.00888	0.01026	0.00992	0.01241	0.00780	0.00744	0.01451	0.02231	0.02933	0.36408	0.07446	0.35618	0.01994	0.01030	0.00284	0.00427	0.01708	0.00886	0.00780
16	0.01271	0.00869	0.01055	0.01107	0.01153	0.00872	0.00728	0.01368	0.01435	0.01910	0.03226	0.12052	0.03666	0.48952	0.06714	0.00755	0.00883	0.10783	0.00597	0.00603
17	0.01626	0.00813	0.00813	0.00813	0.01016	0.00813	0.00610	0.02033	0.01829	0.03252	0.02846	0.03252	0.02236	0.01016	0.00610	0.00203	0.00407	0.00813	0.74187	0.00813
18	0.01222	0.00830	0.00985	0.01029	0.01047	0.00826	0.00615	0.01269	0.01363	0.01824	0.03186	0.19553	0.03702	0.51868	0.06393	0.00761	0.00836	0.01522	0.00588	0.00579
19	0.01055	0.00788	0.00983	0.01139	0.01245	0.00715	0.00776	0.01223	0.01743	0.02256	0.05728	0.54981	0.18969	0.02613	0.01095	0.00341	0.00491	0.02334	0.00810	0.00715
20	0.02133	0.02205	0.03715	0.04433	0.40607	0.06198	0.17435	0.02669	0.02037	0.02757	0.02113	0.02569	0.05319	0.00866	0.00912	0.00268	0.01145	0.00896	0.00460	0.01263
21	0.21015	0.36535	0.02865	0.01248	0.01817	0.02464	0.01150	0.02467	0.01711	0.02806	0.01586	0.01827	0.01329	0.00824	0.00566	0.00212	0.00746	0.00547	0.17279	0.01004
22	0.21476	0.02866	0.02229	0.01876	0.02446	0.25107	0.01488	0.25702	0.02859	0.03895	0.01606	0.01737	0.01219	0.00934	0.00758	0.00251	0.01107	0.00627	0.00637	0.01179
23	0.01495	0.01108	0.01290	0.01276	0.01465	0.05246	0.00981	0.01830	0.01604	0.02410	0.02429	0.03252	0.02128	0.04469	0.41504	0.00955	0.01692	0.00873	0.23189	0.00805
24	0.01033	0.00876	0.00891	0.00903	0.01183	0.00735	0.00671	0.01250	0.01970	0.02349	0.08602	0.11909	0.60186	0.02240	0.01036	0.00298	0.00446	0.01878	0.00810	0.00735
25	0.01626	0.00813	0.00813	0.00813	0.01016	0.00813	0.00610	0.02033	0.01829	0.03252	0.02846	0.03252	0.02236	0.01016	0.00610	0.00203	0.00407	0.00813	0.74187	0.00813
26	0.01176	0.00824	0.00962	0.01024	0.01075	0.00790	0.00631	0.01250	0.01479	0.01936	0.04117	0.25471	0.11248	0.40723	0.03004	0.00628	0.00692	0.01711	0.00649	0.00609
27	0.01223	0.00906	0.01224	0.01332	0.01447	0.00907	0.01002	0.01490	0.01907	0.02593	0.17961	0.38139	0.05915	0.02380	0.01210	0.00348	0.04256	0.14174	0.00819	0.00769
28	0.03062	0.12529	0.02755	0.02152	0.02614	0.54195	0.01673	0.03292	0.02317	0.02122	0.01319	0.01570	0.01124	0.00915	0.00875	0.00229	0.05238	0.00561	0.00436	0.01022
29	0.01063	0.00759	0.01012	0.01215	0.01265	0.00709	0.00810	0.01215	0.01670	0.02227	0.04808	0.68775	0.05769	0.02733	0.01113	0.00354	0.00506	0.02480	0.00810	0.00709
30	0.01365	0.01004	0.01225	0.01224	0.01427	0.00971	0.00890	0.08007	0.02237	0.03017	0.23938	0.33879	0.13140	0.02175	0.01049	0.00311	0.00518	0.01922	0.00865	0.00835
31	0.03120	0.03786	0.02619	0.02635	0.10614	0.53863	0.01812	0.06778	0.02505	0.02426	0.01430	0.01680	0.01178	0.00892	0.00802	0.00231	0.01467	0.00603	0.00472	0.01087
32	0.03004	0.03566	0.02315	0.02098	0.02528	0.51181	0.01578	0.09525	0.02556	0.02515	0.01841	0.09608	0.01715	0.01133	0.00835	0.00244	0.01379	0.00814	0.00539	0.01027
33	0.01750	0.04512	0.64825	0.02486	0.03775	0.02026	0.03223	0.02762	0.01842	0.02762	0.01565	0.01842	0.01105	0.00829	0.00829	0.00276	0.01289	0.00645	0.00368	0.01289
34	0.02027	0.01938	0.03303	0.21293	0.48994	0.02038	0.02611	0.02562	0.01924	0.02690	0.01617	0.02202	0.01325	0.00802	0.00866	0.00267	0.01069	0.00777	0.00420	0.01275
35	0.02127	0.02040	0.03484	0.09155	0.60348	0.02064	0.02661	0.02649	0.01971	0.02812	0.01635	0.02169	0.01368	0.00783	0.00864	0.00261	0.01044	0.00777	0.00429	0.01356
36	0.01243	0.00903	0.01266	0.01276	0.01387	0.01008	0.00931	0.01466	0.01381	0.01949	0.02568	0.07328	0.02618	0.22522	0.46779	0.01206	0.01860	0.01099	0.00500	0.00711
37	0.01075	0.00764	0.01008	0.01199	0.01246	0.00717	0.00793	0.01218	0.01646	0.02194	0.04683	0.64955	0.05612	0.06768	0.01315	0.00384	0.00527	0.02406	0.00793	0.00698
38	0.18289	0.01056	0.01126	0.01095	0.01300	0.01161	0.00795	0.01787	0.01459	0.02582	0.02302	0.03638	0.02214	0.23562	0.19878	0.00749	0.01138	0.00909	0.14213	0.00746
39	0.01077	0.00885	0.00948	0.00932	0.01207	0.00756	0.00699	0.01342	0.02098	0.02617	0.21312	0.07965	0.50911	0.02112	0.01030	0.00290	0.00435	0.01781	0.00844	0.00756
40	0.02273	0.01763	0.01889	0.01578	0.02078	0.01895	0.01260	0.27493	0.15970	0.04100	0.10813	0.04393	0.17874	0.01446	0.00932	0.00279	0.00713	0.01177	0.00870	0.01203
41	0.02231	0.01396	0.01459	0.01240	0.01621	0.01490	0.00985	0.23129	0.02642	0.04055	0.02577	0.02838	0.01967	0.01027	0.00704	0.00224	0.00604	0.00803	0.47955	0.01053
42	0.02854	0.02821	0.02085	0.01811	0.02266	0.31586	0.01401	0.19059	0.02758	0.03355	0.01941	0.02150	0.01510	0.00970	0.00765	0.00229	0.01103	0.00688	0.19556	0.01091
43	0.02040	0.31258	0.30441	0.02262	0.03262	0.02645	0.11577	0.02705	0.01847	0.02473	0.01451	0.01739	0.01145	0.00780	0.00749	0.00242	0.01170	0.00631	0.00382	0.01201
44	0.02707	0.21592	0.02932	0.01864	0.02449	0.25309	0.01531	0.09578	0.14530	0.02818	0.01848	0.01934	0.01482	0.00916	0.00746	0.00227	0.01100	0.00643	0.00566	0.05228
45	0.01560	0.01741	0.14971	0.01514	0.01935	0.01173	0.01392	0.05210	0.02032	0.06526	0.15719	0.29813	0.04638	0.06185	0.01219	0.00342	0.00718	0.01629	0.00747	0.00937
46	0.32682	0.17448	0.02604	0.01980	0.10060	0.05891	0.04375	0.02750	0.05456	0.03138	0.01543	0.01785	0.01251	0.00827	0.00650	0.00246	0.00857	0.00595	0.04786	0.01076
47	0.01507	0.06368	0.33335	0.01833	0.02622	0.01605	0.02086	0.02149	0.01776	0.02473	0.03374	0.03658	0.15604	0.02373	0.14909	0.00519	0.01303	0.00971	0.00491	0.01044
48	0.01686	0.01637	0.01449	0.01349	0.01615	0.15673	0.01012	0.02045	0.02444	0.03126	0.46368	0.05486	0.09533	0.01604	0.00974	0.00264	0.00678	0.01359	0.00836	0.00861
49	0.01793	0.01499	0.02423	0.40591	0.04480	0.01643	0.05758	0.02285	0.01821	0.07004	0.02114	0.10626	0.01843	0.01080	0.00881	0.00275	0.00996	0.00976	0.00514	0.11399
50	0.01792	0.01850	0.06224	0.02555	0.12841	0.05224	0.14244	0.02169	0.01712	0.02361	0.02080	0.03381	0.01982	0.22351	0.06360	0.00525	0.05258	0.00975	0.05169	0.00946
51	0.01526	0.02922	0.36641	0.02004	0.02790	0.01610	0.02275	0.02227	0.01646	0.02435	0.01908	0.02546	0.01583	0.03368	0.29740	0.00776	0.01755	0.00773	0.00412	0.01062
52	0.01623	0.01975	0.16133	0.01784	0.02273	0.01450	0.05195	0.09474	0.01967	0.02733	0.02879	0.23098	0.02954	0.06553	0.15187	0.00575	0.01217	0.01350	0.00605	0.00975

[dist]
# distance from previous block
# <min> <max>
19	56

[block]
# block no. 1 follows, 20 sequences, length 40
# corresponding to MSA columns:
# 114-153
name=unknown_B
#
# <colnr> <probs for GDERKNQSTAVLIFYWHMCP>
#	G	D	E	R	K	N	Q	S	T	A	V	L	I	F	Y	W	H	M	C	P
0	0.09477	0.03044	0.28708	0.03736	0.32633	0.02041	0.02726	0.02701	0.01875	0.02922	0.01566	0.01952	0.01222	0.00802	0.00816	0.00267	0.01104	0.00691	0.00417	0.01299
1	0.20544	0.01871	0.02508	0.03249	0.30392	0.02031	0.01864	0.02886	0.12461	0.03187	0.02200	0.02462	0.04598	0.00976	0.00919	0.00278	0.05016	0.00790	0.00555	0.01213
2	0.01417	0.01230	0.01803	0.14939	0.06381	0.01253	0.04639	0.01930	0.04907	0.02805	0.22611	0.05694	0.21053	0.01598	0.00989	0.00291	0.00703	0.04120	0.00729	0.00908
3	0.02369	0.10063	0.02595	0.02449	0.12448	0.28161	0.01674	0.02671	0.01976	0.02213	0.01644	0.02172	0.01456	0.02432	0.18674	0.00555	0.04292	0.00697	0.00440	0.01019
4	0.02357	0.03054	0.16440	0.06137	0.02894	0.19699	0.01966	0.12783	0.02359	0.02893	0.02515	0.02726	0.09531	0.01162	0.01112	0.00276	0.09614	0.00829	0.00541	0.01110
5	0.01712	0.01418	0.01619	0.01480	0.01899	0.01424	0.01128	0.02863	0.25983	0.02972	0.03475	0.22410	0.03358	0.01570	0.00911	0.00277	0.00632	0.04510	0.00767	0.19595
6	0.01504	0.01124	0.01599	0.01465	0.01634	0.01312	0.03950	0.01824	0.01536	0.02401	0.02281	0.03214	0.02044	0.07709	0.30124	0.00807	0.12462	0.00897	0.21293	0.00821
7	0.02037	0.02092	0.02067	0.01766	0.02148	0.16362	0.01397	0.02325	0.01760	0.02324	0.01589	0.02144	0.01421	0.02242	0.15963	0.00497	0.16652	0.00678	0.00459	0.24077
8	0.01106	0.00887	0.00988	0.00963	0.01224	0.00768	0.00722	0.01398	0.02166	0.02779	0.29051	0.07699	0.43071	0.02051	0.01030	0.00287	0.00431	0.01743	0.00866	0.00768
9	0.01851	0.01763	0.02885	0.30403	0.25563	0.02066	0.02349	0.02327	0.01739	0.02414	0.01556	0.02256	0.01294	0.01269	0.04845	0.00357	0.12774	0.00783	0.00407	0.01102
10	0.02443	0.02491	0.03278	0.04547	0.48321	0.14164	0.02423	0.06657	0.02217	0.02888	0.01615	0.02044	0.01340	0.00818	0.00850	0.00253	0.01133	0.00737	0.00464	0.01318
11	0.01216	0.00856	0.00948	0.00944	0.01017	0.00821	0.00572	0.01284	0.01482	0.01924	0.07091	0.06323	0.16326	0.51613	0.03540	0.00699	0.00738	0.01406	0.00610	0.00588
12	0.01721	0.01267	0.01404	0.01234	0.01524	0.01283	0.00910	0.16379	0.02419	0.03211	0.17729	0.05599	0.17772	0.21426	0.01986	0.00443	0.00683	0.01349	0.00778	0.00883
13	0.01841	0.01141	0.01173	0.01096	0.01391	0.01223	0.00841	0.05812	0.15653	0.03463	0.02964	0.03190	0.02292	0.01056	0.00687	0.00227	0.00501	0.00851	0.53620	0.00978
14	0.03120	0.14483	0.02845	0.02073	0.02624	0.42200	0.01648	0.15630	0.02706	0.02840	0.01486	0.01656	0.01200	0.00906	0.00768	0.00226	0.01338	0.00594	0.00527	0.01130
15	0.01936	0.03399	0.36872	0.03794	0.31201	0.02047	0.02974	0.02723	0.01908	0.02802	0.01600	0.01986	0.01231	0.00805	0.00845	0.00268	0.01174	0.00705	0.00397	0.01331
16	0.02172	0.02408	0.02480	0.05282	0.19395	0.22904	0.05307	0.02517	0.02123	0.02432	0.03385	0.07767	0.15651	0.01271	0.00903	0.00265	0.01077	0.01074	0.00547	0.01040
17	0.02168	0.12839	0.12256	0.02076	0.06280	0.13165	0.01767	0.05992	0.12681	0.02685	0.02033	0.02370	0.01667	0.02193	0.15529	0.00510	0.01382	0.00745	0.00528	0.01132
18	0.02144	0.02292	0.02679	0.06708	0.05858	0.13780	0.01943	0.02383	0.01598	0.02154	0.01234	0.01890	0.01155	0.01333	0.02259	0.00341	0.48137	0.00729	0.00397	0.00988
19	0.03202	0.02177	0.02312	0.01854	0.02485	0.06074	0.01502	0.30367	0.16867	0.19719	0.02720	0.02547	0.01900	0.01077	0.00872	0.00269	0.00881	0.00841	0.00902	0.01431
20	0.01147	0.00829	0.01103	0.01293	0.01396	0.00785	0.00950	0.01366	0.01775	0.02331	0.05011	0.50179	0.09185	0.02619	0.01131	0.00362	0.00577	0.16418	0.00808	0.00734
21	0.02037	0.01066	0.01322	0.01158	0.01485	0.00952	0.00864	0.02288	0.02095	0.21983	0.18304	0.05651	0.17895	0.16961	0.01754	0.00407	0.00621	0.01348	0.00865	0.00944
22	0.01127	0.00843	0.01047	0.01090	0.01261	0.00763	0.00781	0.01403	0.02076	0.02786	0.30178	0.28940	0.20078	0.02217	0.01059	0.00307	0.00452	0.01957	0.00873	0.00763
23	0.01222	0.00891	0.01149	0.01084	0.01296	0.00818	0.00813	0.01622	0.02440	0.03428	0.60114	0.06630	0.11603	0.01809	0.01029	0.00276	0.00413	0.01594	0.00951	0.00818
24	0.01040	0.00849	0.00919	0.00975	0.01202	0.00729	0.00703	0.01242	0.01900	0.02321	0.07722	0.25095	0.47568	0.02354	0.01054	0.00311	0.00460	0.02018	0.00810	0.00729
25	0.02521	0.02806	0.02755	0.11423	0.09853	0.28057	0.05222	0.06712	0.02153	0.02478	0.01491	0.01965	0.01246	0.01258	0.04237	0.00327	0.13265	0.00709	0.00456	0.01066
26	0.02102	0.02078	0.03238	0.20724	0.45318	0.06224	0.02548	0.02617	0.01957	0.02647	0.01599	0.02162	0.01310	0.00809	0.00861	0.00265	0.01103	0.00763	0.00422	0.01254
27	0.05537	0.02813	0.02283	0.01996	0.02370	0.31318	0.01554	0.03129	0.05824	0.09660	0.01759	0.02124	0.01447	0.04386	0.01435	0.00297	0.16293	0.00700	0.00546	0.04527
28	0.02477	0.06035	0.06006	0.01746	0.02252	0.09688	0.01461	0.27104	0.02725	0.03572	0.02081	0.02710	0.01761	0.10565	0.12042	0.00514	0.01239	0.00819	0.04076	0.01126
29	0.20155	0.02153	0.16117	0.01659	0.02168	0.01787	0.01621	0.02162	0.01730	0.02901	0.09123	0.03470	0.13618	0.01341	0.01275	0.00302	0.15935	0.00950	0.00559	0.00974
30	0.02744	0.24329	0.03341	0.02097	0.02634	0.31570	0.05614	0.06244	0.02193	0.02338	0.01354	0.01637	0.01158	0.00916	0.00962	0.00237	0.08517	0.00598	0.00441	0.01077
31	0.01084	0.00829	0.00963	0.01042	0.01197	0.00743	0.00719	0.01265	0.01809	0.02306	0.10167	0.32878	0.29302	0.09843	0.01443	0.00379	0.00511	0.02023	0.00789	0.00708
32	0.01074	0.00768	0.01022	0.01207	0.01268	0.00716	0.00811	0.01244	0.01724	0.02312	0.08746	0.64593	0.05935	0.02669	0.01108	0.00349	0.00500	0.02419	0.00820	0.00716
33	0.01474	0.00858	0.01030	0.01030	0.01206	0.00913	0.00777	0.01827	0.01650	0.02741	0.02659	0.03430	0.02260	0.06211	0.24072	0.00661	0.01116	0.00878	0.44420	0.00787
34	0.01944	0.01620	0.01930	0.01713	0.01971	0.05331	0.01360	0.15202	0.02053	0.02810	0.02044	0.02897	0.01844	0.07948	0.32804	0.00866	0.13277	0.00871	0.00547	0.00967
35	0.01055	0.00788	0.00983	0.01139	0.01245	0.00715	0.00776	0.01223	0.01743	0.02257	0.05733	0.54909	0.19038	0.02613	0.01094	0.00341	0.00491	0.02333	0.00810	0.00715
36	0.01798	0.01261	0.01470	0.01349	0.01678	0.01270	0.01026	0.10939	0.10037	0.08024	0.19522	0.20313	0.14126	0.01836	0.00996	0.00297	0.00582	0.01587	0.00888	0.01002
37	0.01268	0.00846	0.00951	0.00951	0.00951	0.00846	0.00529	0.01268	0.01268	0.01691	0.02748	0.05708	0.03171	0.69345	0.04440	0.00846	0.00846	0.01268	0.00529	0.00529
38	0.02452	0.31832	0.17835	0.02174	0.06484	0.20886	0.02020	0.02900	0.02002	0.02289	0.01359	0.01598	0.01133	0.00811	0.00705	0.00223	0.01205	0.00554	0.00397	0.01144
39	0.02216	0.04247	0.42769	0.02373	0.03368	0.20676	0.02661	0.03087	0.05723	0.02633	0.01623	0.01850	0.01206	0.00871	0.00820	0.00262	0.01335	0.00641	0.00424	0.01214

[dist]
# distance from previous block
# <min> <max>
0	1

[block]
# block no. 2 follows, 20 sequences, length 36
# corresponding to MSA columns:
# 155-190
name=unknown_C
#
# <colnr> <probs for GDERKNQSTAVLIFYWHMCP>
#	G	D	E	R	K	N	Q	S	T	A	V	L	I	F	Y	W	H	M	C	P
0	0.02848	0.23906	0.08592	0.02042	0.02654	0.41503	0.01763	0.03158	0.02207	0.02165	0.01327	0.01545	0.01121	0.00847	0.00722	0.00218	0.01356	0.00540	0.00419	0.01068
1	0.22989	0.10052	0.02381	0.01837	0.02373	0.33901	0.01459	0.10401	0.02334	0.03039	0.01392	0.01578	0.01120	0.00877	0.00706	0.00238	0.01183	0.00556	0.00520	0.01064
2	0.01132	0.00788	0.00992	0.01126	0.01159	0.00755	0.00715	0.01233	0.01534	0.02046	0.04113	0.47486	0.04892	0.25219	0.02236	0.00520	0.00621	0.02071	0.00715	0.00648
3	0.02576	0.03901	0.25418	0.02592	0.07104	0.29383	0.05628	0.08194	0.02331	0.02742	0.01535	0.01798	0.01176	0.00869	0.00828	0.00253	0.01376	0.00652	0.00456	0.01187
4	0.02557	0.01937	0.02104	0.01713	0.02255	0.02114	0.01383	0.36718	0.11644	0.04468	0.09165	0.03551	0.10158	0.01571	0.04297	0.00331	0.00875	0.01032	0.00854	0.01274
5	0.01240	0.00825	0.00958	0.01003	0.01025	0.00813	0.00595	0.01294	0.01386	0.01888	0.03214	0.19701	0.03706	0.51052	0.03506	0.00704	0.00748	0.01517	0.04240	0.00583
6	0.02198	0.07300	0.35727	0.02946	0.15285	0.16390	0.02683	0.02899	0.02008	0.02603	0.01514	0.01821	0.01164	0.00830	0.00812	0.00257	0.01285	0.00643	0.00399	0.01236
7	0.01375	0.01109	0.01252	0.01177	0.01477	0.01095	0.00894	0.02183	0.15704	0.03148	0.31691	0.06417	0.25572	0.01792	0.00998	0.00286	0.00484	0.01534	0.00893	0.00919
8	0.09033	0.02994	0.02583	0.05339	0.06680	0.35394	0.07523	0.02891	0.02108	0.02413	0.01724	0.08236	0.01597	0.01095	0.01001	0.00266	0.06804	0.00826	0.00482	0.01010
9	0.01321	0.00907	0.01057	0.01080	0.01131	0.00907	0.00666	0.04427	0.01530	0.02041	0.03281	0.22877	0.03797	0.47379	0.03335	0.00679	0.00758	0.01576	0.00624	0.00629
10	0.01605	0.01346	0.01452	0.01345	0.01713	0.01423	0.01032	0.02913	0.30192	0.03207	0.18249	0.05592	0.23166	0.01639	0.00964	0.00291	0.00551	0.01386	0.00879	0.01055
11	0.02026	0.01957	0.03136	0.04118	0.39953	0.02221	0.02335	0.02424	0.01737	0.02555	0.01512	0.02142	0.01345	0.01335	0.04988	0.00361	0.23452	0.00781	0.00417	0.01206
12	0.02009	0.02131	0.09186	0.23729	0.22768	0.02075	0.02316	0.05624	0.15495	0.02943	0.02052	0.02421	0.01575	0.00916	0.00868	0.00279	0.01022	0.00810	0.00533	0.01246
13	0.01177	0.00862	0.01010	0.01007	0.01154	0.00797	0.00686	0.01381	0.01881	0.02499	0.24182	0.12808	0.20475	0.23806	0.02139	0.00472	0.00569	0.01633	0.00768	0.00695
14	0.18985	0.05474	0.15411	0.06330	0.32125	0.02092	0.02324	0.02646	0.01821	0.03015	0.01504	0.01897	0.01204	0.00798	0.00769	0.00263	0.01005	0.00666	0.00439	0.01232
15	0.19055	0.02799	0.22398	0.01901	0.02752	0.02101	0.01949	0.20417	0.02539	0.13220	0.01931	0.01994	0.01343	0.00928	0.00785	0.00270	0.00970	0.00684	0.00666	0.01300
16	0.02232	0.05069	0.05820	0.02285	0.12548	0.01892	0.01627	0.09823	0.19037	0.08805	0.05927	0.06276	0.02457	0.01607	0.06592	0.00368	0.00947	0.00956	0.00717	0.05015
17	0.01049	0.00884	0.00909	0.00902	0.01189	0.00744	0.00677	0.01287	0.02031	0.02457	0.13644	0.08229	0.58679	0.02172	0.01031	0.00293	0.00439	0.01818	0.00823	0.00744
18	0.02159	0.02073	0.03541	0.05354	0.63903	0.02073	0.02677	0.02677	0.01986	0.02850	0.01641	0.02159	0.01382	0.00777	0.00864	0.00259	0.01036	0.00777	0.00432	0.01382
19	0.02413	0.41193	0.03394	0.01474	0.02103	0.02765	0.01356	0.15564	0.02305	0.03059	0.01731	0.01919	0.01421	0.00867	0.00640	0.00207	0.00835	0.00606	0.15007	0.01141
20	0.01181	0.00904	0.01092	0.01087	0.01326	0.00815	0.00844	0.01518	0.02220	0.02936	0.34243	0.07704	0.28966	0.02035	0.01054	0.00300	0.00478	0.09630	0.00881	0.00787
21	0.02472	0.02219	0.14271	0.01777	0.02463	0.01793	0.01658	0.06632	0.25995	0.18988	0.03605	0.03377	0.08459	0.01186	0.00887	0.00284	0.00809	0.00969	0.00826	0.01328
22	0.01281	0.00871	0.01045	0.01145	0.01301	0.00842	0.00831	0.01652	0.04916	0.02646	0.07905	0.35512	0.11291	0.02132	0.00983	0.00311	0.00507	0.06802	0.17243	0.00784
23	0.22882	0.01913	0.04409	0.01631	0.02165	0.02067	0.01351	0.06861	0.36073	0.03728	0.02789	0.02984	0.02181	0.01125	0.00804	0.00292	0.00732	0.04025	0.00762	0.01227
24	0.02553	0.21272	0.03751	0.08138	0.03349	0.26717	0.17087	0.02957	0.02111	0.02293	0.01438	0.01795	0.01178	0.00813	0.00796	0.00238	0.01337	0.00677	0.00421	0.01080
25	0.22488	0.20224	0.15183	0.01946	0.05393	0.16655	0.01787	0.02827	0.01874	0.02761	0.01334	0.01567	0.01082	0.00816	0.00673	0.00239	0.01081	0.00540	0.00438	0.01093
26	0.02416	0.02798	0.03056	0.06901	0.08876	0.28462	0.15377	0.02819	0.02071	0.02342	0.01615	0.02138	0.01348	0.01687	0.10255	0.00425	0.05161	0.00768	0.00441	0.01045
27	0.01087	0.00886	0.00961	0.00942	0.01212	0.00760	0.00707	0.01360	0.02120	0.02670	0.23816	0.07879	0.48374	0.02092	0.01030	0.00289	0.00434	0.01769	0.00851	0.00760
28	0.01260	0.00880	0.01126	0.01126	0.01187	0.00941	0.00747	0.01381	0.01320	0.01821	0.02589	0.04823	0.02787	0.44971	0.28287	0.01062	0.01424	0.01139	0.00505	0.00626
29	0.01360	0.00893	0.01184	0.01189	0.01375	0.00825	0.00877	0.01684	0.02195	0.06948	0.38148	0.26128	0.06905	0.02070	0.01055	0.00306	0.00482	0.04635	0.00912	0.00828
30	0.01063	0.00759	0.01012	0.01215	0.01265	0.00709	0.00810	0.01215	0.01670	0.02227	0.04808	0.68775	0.05769	0.02733	0.01113	0.00354	0.00506	0.02480	0.00810	0.00709
31	0.01235	0.00863	0.01056	0.01104	0.01295	0.00771	0.00791	0.01472	0.01979	0.05719	0.18276	0.33539	0.24119	0.02286	0.01058	0.00315	0.00478	0.02010	0.00855	0.00781
32	0.02159	0.02073	0.03541	0.05354	0.63903	0.02073	0.02677	0.02677	0.01986	0.02850	0.01641	0.02159	0.01382	0.00777	0.00864	0.00259	0.01036	0.00777	0.00432	0.01382
33	0.01962	0.01871	0.03184	0.29228	0.41571	0.02021	0.02579	0.02504	0.01893	0.02610	0.01606	0.02223	0.01297	0.00814	0.00867	0.00271	0.01085	0.00776	0.00415	0.01223
34	0.06737	0.02163	0.09347	0.24562	0.29558	0.02072	0.02451	0.07668	0.02047	0.02940	0.01616	0.02127	0.01263	0.00839	0.00843	0.00272	0.01074	0.00744	0.00457	0.01219
35	0.08247	0.01801	0.05768	0.18302	0.26612	0.01799	0.02073	0.02262	0.01833	0.02656	0.02777	0.05778	0.10892	0.01140	0.00970	0.00284	0.04240	0.00974	0.00498	0.01095

[dist]
# distance from previous block
# <min> <max>
22	186

[block]
# block no. 3 follows, 20 sequences, length 20
# corresponding to MSA columns:
# 397-416
name=unknown_D
#
# <colnr> <probs for GDERKNQSTAVLIFYWHMCP>
#	G	D	E	R	K	N	Q	S	T	A	V	L	I	F	Y	W	H	M	C	P
0	0.15727	0.05105	0.06095	0.04928	0.07010	0.07932	0.01516	0.11628	0.02186	0.03293	0.04826	0.02163	0.01653	0.01313	0.05763	0.00320	0.01013	0.00680	0.00562	0.16286
1	0.05369	0.09524	0.08039	0.02060	0.09989	0.11573	0.01537	0.05132	0.02083	0.05836	0.07164	0.16134	0.02822	0.01329	0.00843	0.00264	0.00883	0.01105	0.07270	0.01044
2	0.08018	0.08652	0.05391	0.01852	0.07507	0.15241	0.01362	0.02457	0.06482	0.02579	0.07763	0.07513	0.11364	0.08728	0.01234	0.00325	0.00912	0.01055	0.00598	0.00967
3	0.02091	0.11716	0.02390	0.05437	0.10426	0.05653	0.01462	0.14023	0.02290	0.03049	0.02629	0.20842	0.02635	0.01403	0.00857	0.00265	0.00828	0.01191	0.06312	0.04501
4	0.02030	0.01981	0.02562	0.12196	0.08805	0.08058	0.05437	0.05069	0.01880	0.02600	0.01541	0.02061	0.01297	0.01270	0.05043	0.00319	0.14856	0.00705	0.00463	0.21825
5	0.14832	0.02222	0.05832	0.05437	0.05270	0.09162	0.01585	0.14820	0.06006	0.03314	0.01828	0.02366	0.01527	0.07609	0.01429	0.00335	0.10776	0.00755	0.03805	0.01090
6	0.02608	0.21290	0.02772	0.01749	0.02236	0.26254	0.01408	0.11265	0.02334	0.02605	0.04664	0.02479	0.01837	0.11452	0.01311	0.00318	0.01139	0.00727	0.00528	0.01027
7	0.02074	0.01546	0.07752	0.05303	0.08877	0.01247	0.01381	0.02436	0.02016	0.18384	0.12362	0.04541	0.11255	0.15096	0.01635	0.00391	0.00782	0.01150	0.00737	0.01035
8	0.01970	0.18620	0.35098	0.02689	0.07379	0.02387	0.14660	0.02730	0.01880	0.02615	0.01532	0.01868	0.01171	0.00788	0.00812	0.00259	0.01230	0.00692	0.00388	0.01234
9	0.01296	0.01008	0.01497	0.01468	0.01613	0.01209	0.01152	0.01598	0.01397	0.02030	0.02247	0.03313	0.02103	0.06166	0.61166	0.01325	0.07238	0.00922	0.00461	0.00792
10	0.01775	0.01431	0.01524	0.01448	0.01674	0.06567	0.01057	0.13591	0.02100	0.02741	0.03095	0.24886	0.03317	0.15519	0.14553	0.00626	0.01114	0.01444	0.00672	0.00871
11	0.01053	0.00844	0.00942	0.01004	0.01214	0.00732	0.00720	0.01263	0.01913	0.02381	0.10741	0.27863	0.41561	0.02354	0.01058	0.00313	0.00461	0.02033	0.00819	0.00732
12	0.01517	0.01181	0.01962	0.01664	0.01967	0.01220	0.12996	0.01915	0.01641	0.02490	0.02394	0.03349	0.02104	0.09008	0.29765	0.00802	0.01508	0.00948	0.20720	0.00848
13	0.02005	0.01330	0.01468	0.01285	0.01727	0.01296	0.01010	0.07765	0.14138	0.14712	0.06175	0.05795	0.34414	0.01690	0.00960	0.00287	0.00594	0.01396	0.00882	0.01071
14	0.01200	0.00823	0.00998	0.01064	0.01090	0.00815	0.00654	0.01268	0.01408	0.01887	0.03400	0.26277	0.03965	0.43754	0.06991	0.00717	0.00823	0.01646	0.00617	0.00602
15	0.07892	0.03085	0.27153	0.03134	0.19953	0.02183	0.05565	0.14735	0.02331	0.03441	0.01678	0.01975	0.01258	0.00853	0.00835	0.00269	0.01114	0.00717	0.00507	0.01322
16	0.01278	0.01020	0.01170	0.01234	0.01444	0.01012	0.00884	0.01918	0.14049	0.02552	0.05695	0.38390	0.21514	0.02270	0.01044	0.00326	0.00525	0.01996	0.00826	0.00853
17	0.01970	0.01840	0.14307	0.01601	0.02101	0.01299	0.01473	0.08301	0.02200	0.14068	0.10627	0.29014	0.04024	0.01761	0.00978	0.00304	0.00743	0.01536	0.00793	0.01060
18	0.08604	0.03118	0.02511	0.05639	0.09124	0.33501	0.01748	0.16817	0.05315	0.03207	0.01650	0.01855	0.01290	0.00925	0.00804	0.00247	0.01245	0.00659	0.00570	0.01170
19	0.11853	0.02784	0.07685	0.03739	0.34455	0.19573	0.02224	0.02891	0.02044	0.02783	0.01500	0.01878	0.01233	0.00819	0.00798	0.00252	0.01157	0.00669	0.00446	0.01217

[dist]
# distance from previous block
# <min> <max>
4	8

[block]
# block no. 4 follows, 20 sequences, length 6
# corresponding to MSA columns:
# 425-430
name=unknown_E
#
# <colnr> <probs for GDERKNQSTAVLIFYWHMCP>
#	G	D	E	R	K	N	Q	S	T	A	V	L	I	F	Y	W	H	M	C	P
0	0.02055	0.02690	0.19049	0.04628	0.48687	0.02061	0.02815	0.02699	0.01950	0.02828	0.01622	0.02079	0.01312	0.00790	0.00855	0.00263	0.01100	0.00744	0.00416	0.01358
1	0.01865	0.01681	0.02536	0.03446	0.34552	0.01704	0.01885	0.02665	0.12278	0.03093	0.16442	0.03807	0.07945	0.01183	0.00918	0.00271	0.00791	0.01075	0.00657	0.01206
2	0.01214	0.01505	0.11759	0.01240	0.01680	0.00987	0.01172	0.01615	0.02053	0.02650	0.17311	0.07040	0.39100	0.01911	0.01008	0.00295	0.00603	0.05244	0.00762	0.00850
3	0.05886	0.01445	0.01921	0.01600	0.02010	0.01464	0.05852	0.08771	0.02168	0.18447	0.04055	0.12771	0.14931	0.06376	0.01387	0.00339	0.07455	0.01287	0.00779	0.01056
4	0.01534	0.01291	0.01377	0.01230	0.01632	0.01255	0.00927	0.02437	0.20131	0.02752	0.05303	0.05417	0.27632	0.09407	0.01317	0.00331	0.00598	0.01293	0.00751	0.13385
5	0.02521	0.02345	0.02393	0.01995	0.02402	0.13033	0.01605	0.20348	0.05755	0.03316	0.01845	0.05603	0.01595	0.01220	0.01448	0.00283	0.21195	0.00813	0.00609	0.09677

[dist]
# distance from previous block
# <min> <max>
0	1

[block]
# block no. 5 follows, 20 sequences, length 34
# corresponding to MSA columns:
# 432-465
name=unknown_F
#
# <colnr> <probs for GDERKNQSTAVLIFYWHMCP>
#	G	D	E	R	K	N	Q	S	T	A	V	L	I	F	Y	W	H	M	C	P
0	0.02541	0.02046	0.01960	0.01627	0.02151	0.09538	0.01297	0.27619	0.06424	0.07949	0.04369	0.04204	0.21724	0.01417	0.00915	0.00270	0.00835	0.01119	0.00816	0.01178
1	0.02764	0.02086	0.02229	0.01777	0.02384	0.02274	0.01442	0.40102	0.14019	0.04664	0.02903	0.02850	0.06694	0.01142	0.00863	0.00261	0.00826	0.00893	0.04665	0.05163
2	0.01659	0.01231	0.01435	0.01379	0.01645	0.01259	0.01024	0.16922	0.02344	0.03094	0.04610	0.37747	0.13835	0.02422	0.04723	0.00380	0.00719	0.01843	0.00807	0.00920
3	0.05110	0.02079	0.02577	0.09402	0.23856	0.09169	0.01875	0.09802	0.02195	0.03004	0.01969	0.02355	0.03969	0.01246	0.05014	0.00312	0.01079	0.00752	0.00521	0.13713
4	0.01121	0.00817	0.00978	0.01066	0.01166	0.00758	0.00705	0.01265	0.01686	0.02197	0.08931	0.35078	0.17813	0.20032	0.01963	0.00465	0.00575	0.01965	0.00746	0.00675
5	0.02191	0.02287	0.06576	0.04825	0.53859	0.05135	0.02574	0.02847	0.05899	0.02863	0.01746	0.02185	0.01438	0.00812	0.00860	0.00261	0.01053	0.00773	0.00459	0.01359
6	0.02151	0.02094	0.03666	0.05223	0.59256	0.02083	0.07223	0.02686	0.01992	0.02845	0.01650	0.02174	0.01377	0.00774	0.00877	0.00262	0.01070	0.00797	0.00433	0.01366
7	0.01282	0.00932	0.01253	0.01431	0.01607	0.00904	0.01180	0.01604	0.01926	0.02491	0.05147	0.23598	0.11906	0.02463	0.01163	0.00378	0.00692	0.38466	0.00806	0.00773
8	0.01397	0.00973	0.01200	0.01241	0.01514	0.00890	0.01019	0.01719	0.02083	0.06776	0.12699	0.08403	0.29989	0.02167	0.01090	0.00334	0.00603	0.24237	0.00842	0.00823
9	0.01123	0.00873	0.01021	0.01015	0.01243	0.00771	0.00749	0.01419	0.02161	0.02839	0.32175	0.14497	0.32816	0.02084	0.01039	0.00293	0.00436	0.01799	0.00875	0.00771
10	0.01626	0.00813	0.00813	0.00813	0.01016	0.00813	0.00610	0.02033	0.01829	0.03252	0.02846	0.03252	0.02236	0.01016	0.00610	0.00203	0.00407	0.00813	0.74187	0.00813
11	0.01809	0.01550	0.01809	0.01292	0.02067	0.01163	0.01034	0.02196	0.01809	0.02842	0.01550	0.01809	0.01292	0.00646	0.00646	0.00129	0.00646	0.00517	0.00517	0.74677
12	0.01246	0.00935	0.01402	0.01402	0.01558	0.01090	0.01090	0.01558	0.01402	0.02025	0.02336	0.03427	0.02181	0.06542	0.65888	0.01402	0.02336	0.00935	0.00467	0.00779
13	0.02338	0.62565	0.08364	0.01592	0.02360	0.06287	0.01613	0.02663	0.01810	0.02102	0.01242	0.01436	0.01119	0.00759	0.00588	0.00194	0.00986	0.00482	0.00376	0.01125
14	0.18198	0.03812	0.36230	0.02138	0.03065	0.17088	0.02363	0.02889	0.01913	0.02865	0.01438	0.01686	0.01074	0.00841	0.00756	0.00263	0.01222	0.00587	0.00425	0.01148
15	0.02749	0.02448	0.03049	0.03655	0.32366	0.09187	0.02155	0.26545	0.02901	0.03853	0.01794	0.02070	0.01395	0.00900	0.00859	0.00256	0.01063	0.00757	0.00613	0.01383
16	0.01918	0.01819	0.02974	0.04401	0.50526	0.01788	0.02247	0.02373	0.01987	0.02745	0.03175	0.03489	0.14640	0.01083	0.00899	0.00267	0.00909	0.01004	0.00512	0.01244
17	0.01031	0.00884	0.00884	0.00884	0.01178	0.00736	0.00663	0.01252	0.01988	0.02356	0.08837	0.08395	0.63549	0.02209	0.01031	0.00295	0.00442	0.01841	0.00810	0.00736
18	0.01090	0.00891	0.00966	0.00963	0.01235	0.00767	0.00732	0.01357	0.02083	0.02591	0.19223	0.08105	0.49774	0.02137	0.01040	0.00296	0.00455	0.04701	0.00839	0.00757
19	0.01069	0.00794	0.00978	0.01119	0.01223	0.00724	0.00756	0.01227	0.01718	0.02221	0.05621	0.50253	0.19245	0.07105	0.01318	0.00373	0.00514	0.02247	0.00791	0.00703
20	0.01099	0.00787	0.01045	0.01190	0.01273	0.00733	0.00813	0.01305	0.01838	0.02494	0.17151	0.55669	0.06287	0.02533	0.01096	0.00337	0.00486	0.02290	0.00841	0.00733
21	0.03316	0.02443	0.02618	0.02007	0.02705	0.02705	0.01658	0.60995	0.04101	0.05497	0.02094	0.02094	0.01483	0.01047	0.00873	0.00262	0.00960	0.00785	0.00873	0.01483
22	0.02074	0.02024	0.03450	0.08331	0.44935	0.02112	0.07717	0.02570	0.01891	0.02715	0.01582	0.02141	0.01331	0.00866	0.01116	0.00274	0.09274	0.00787	0.00427	0.04384
23	0.01979	0.01889	0.03216	0.27061	0.43598	0.02025	0.02588	0.02520	0.01901	0.02632	0.01609	0.02217	0.01305	0.00810	0.00867	0.00270	0.01081	0.00776	0.00416	0.01237
24	0.08965	0.02486	0.02505	0.01954	0.02625	0.06396	0.01604	0.53004	0.03800	0.05174	0.01981	0.02010	0.01420	0.01020	0.00841	0.00260	0.00974	0.00748	0.00821	0.01413
25	0.01086	0.00879	0.00965	0.00958	0.01216	0.00758	0.00713	0.01353	0.02096	0.02649	0.22934	0.11314	0.45773	0.02127	0.01035	0.00293	0.00438	0.01808	0.00849	0.00758
26	0.01170	0.00861	0.01028	0.01029	0.01187	0.00792	0.00715	0.01405	0.01966	0.02632	0.28295	0.15431	0.19783	0.17702	0.01833	0.00423	0.00533	0.01693	0.00804	0.00718
27	0.01262	0.00871	0.01078	0.01078	0.01122	0.00914	0.00686	0.01350	0.01306	0.01785	0.02633	0.05068	0.02893	0.51712	0.21692	0.01002	0.01264	0.01175	0.00511	0.00599
28	0.01524	0.01247	0.01321	0.01213	0.01507	0.04710	0.00923	0.08425	0.02487	0.03276	0.35115	0.08998	0.22315	0.01809	0.01001	0.00279	0.00553	0.01542	0.00873	0.00880
29	0.02339	0.07146	0.01916	0.01495	0.01947	0.11663	0.01189	0.07750	0.08257	0.13621	0.04368	0.04670	0.19370	0.05835	0.01131	0.00310	0.00828	0.04347	0.00761	0.01060
30	0.01963	0.01539	0.01704	0.01550	0.01943	0.01656	0.01212	0.16449	0.20652	0.03551	0.07682	0.16192	0.12117	0.01712	0.00980	0.00306	0.00679	0.06145	0.00856	0.01113
31	0.02726	0.02744	0.02744	0.08089	0.19988	0.23067	0.01967	0.18128	0.02665	0.03229	0.01821	0.05428	0.01535	0.00997	0.00854	0.00256	0.01175	0.00797	0.00569	0.01220
32	0.02846	0.03022	0.02911	0.03396	0.26251	0.29042	0.02062	0.14342	0.02601	0.03063	0.01606	0.01900	0.01293	0.00881	0.00833	0.00245	0.01247	0.00688	0.00525	0.01245
33	0.02278	0.03158	0.22238	0.02987	0.18492	0.14438	0.02349	0.09750	0.02222	0.02906	0.01695	0.02084	0.01349	0.01518	0.08375	0.00391	0.01362	0.00713	0.00472	0.01223

[dist]
# distance from previous block
# <min> <max>
0	25

[block]
# block no. 6 follows, 20 sequences, length 48
# corresponding to MSA columns:
# 491-538
name=unknown_G
#
# <colnr> <probs for GDERKNQSTAVLIFYWHMCP>
#	G	D	E	R	K	N	Q	S	T	A	V	L	I	F	Y	W	H	M	C	P
0	0.07543	0.11184	0.02325	0.01802	0.05293	0.15641	0.01358	0.11969	0.02296	0.02974	0.02455	0.12220	0.05614	0.01205	0.00799	0.00239	0.00923	0.00948	0.00600	0.12611
1	0.05539	0.13199	0.05284	0.01535	0.02037	0.01967	0.01324	0.11911	0.10502	0.03335	0.15821	0.06652	0.07588	0.01319	0.00950	0.00264	0.04146	0.01049	0.00718	0.04859
2	0.02545	0.24033	0.03542	0.03201	0.26027	0.21755	0.02005	0.02900	0.02066	0.02383	0.01418	0.01743	0.01221	0.00804	0.00745	0.00226	0.01166	0.00614	0.00419	0.01187
3	0.08089	0.01440	0.08275	0.01417	0.01731	0.01187	0.01175	0.04890	0.06205	0.02850	0.10375	0.40271	0.04645	0.02045	0.00992	0.00320	0.00634	0.01801	0.00762	0.00895
4	0.02414	0.02577	0.03229	0.07321	0.45845	0.18198	0.02415	0.02861	0.02098	0.02641	0.01563	0.02018	0.01307	0.00812	0.00844	0.00252	0.01178	0.00723	0.00434	0.01270
5	0.02326	0.14861	0.02370	0.01705	0.02115	0.29575	0.01361	0.02632	0.02311	0.02579	0.20950	0.03674	0.03620	0.01255	0.00851	0.00246	0.01039	0.04954	0.00620	0.00957
6	0.19091	0.01416	0.01526	0.05542	0.02032	0.01571	0.01183	0.02750	0.19882	0.03268	0.11067	0.10149	0.06977	0.01506	0.00891	0.00305	0.00665	0.08407	0.00761	0.01010
7	0.02275	0.11687	0.05128	0.01696	0.02126	0.23615	0.01355	0.02939	0.13916	0.02371	0.02552	0.03222	0.05805	0.15862	0.01586	0.00375	0.01069	0.00871	0.00562	0.00990
8	0.01482	0.00968	0.01241	0.01175	0.01446	0.00909	0.00913	0.01816	0.02123	0.09466	0.27843	0.06268	0.20988	0.02723	0.12816	0.00492	0.00829	0.04806	0.00834	0.00862
9	0.02223	0.01824	0.05837	0.01733	0.05027	0.01730	0.01379	0.23518	0.05827	0.07314	0.07200	0.04332	0.18516	0.04835	0.04413	0.00360	0.00857	0.01143	0.00784	0.01148
10	0.02127	0.02040	0.03482	0.09254	0.60255	0.02064	0.02661	0.02649	0.01971	0.02811	0.01635	0.02169	0.01368	0.00783	0.00864	0.00261	0.01044	0.00777	0.00429	0.01356
11	0.01750	0.04512	0.64825	0.02486	0.03775	0.02026	0.03223	0.02762	0.01842	0.02762	0.01565	0.01842	0.01105	0.00829	0.00829	0.00276	0.01289	0.00645	0.00368	0.01289
12	0.01063	0.00759	0.01012	0.01215	0.01265	0.00709	0.00810	0.01215	0.01670	0.02227	0.04808	0.68775	0.05769	0.02733	0.01113	0.00354	0.00506	0.02480	0.00810	0.00709
13	0.01396	0.01074	0.01189	0.01139	0.01384	0.01052	0.00825	0.07605	0.05109	0.02646	0.08818	0.14724	0.28612	0.15300	0.04814	0.00458	0.00685	0.01605	0.00757	0.00809
14	0.01225	0.00830	0.00974	0.01012	0.01033	0.00816	0.00600	0.01275	0.01408	0.01888	0.06071	0.18687	0.03946	0.52449	0.03594	0.00718	0.00755	0.01532	0.00607	0.00580
15	0.03180	0.04009	0.02548	0.02468	0.07055	0.61302	0.01756	0.03426	0.02437	0.02186	0.01369	0.01615	0.01142	0.00890	0.00792	0.00227	0.01535	0.00577	0.00448	0.01038
16	0.06612	0.06494	0.02653	0.01962	0.02630	0.09358	0.01618	0.48842	0.03673	0.04870	0.01924	0.01968	0.01399	0.01003	0.00830	0.00254	0.01010	0.00729	0.00784	0.01388
17	0.02088	0.02013	0.01949	0.01556	0.02154	0.13053	0.01220	0.05648	0.02005	0.02747	0.01756	0.05754	0.01573	0.01200	0.04380	0.00249	0.04196	0.00689	0.00532	0.45238
18	0.01052	0.00884	0.00913	0.00906	0.01191	0.00745	0.00679	0.01292	0.02038	0.02474	0.14454	0.08201	0.57859	0.02165	0.01031	0.00292	0.00439	0.01814	0.00825	0.00745
19	0.01167	0.00889	0.01072	0.01027	0.01262	0.00794	0.00770	0.01516	0.02310	0.03120	0.45357	0.07138	0.26552	0.01924	0.01030	0.00281	0.00422	0.01665	0.00910	0.00794
20	0.02958	0.01698	0.01996	0.01674	0.02249	0.01768	0.01336	0.04461	0.35283	0.31158	0.03501	0.03125	0.02435	0.01137	0.00883	0.00284	0.00714	0.00937	0.00974	0.01428
21	0.02552	0.01888	0.02068	0.01782	0.02320	0.02103	0.01420	0.14698	0.41557	0.11294	0.03325	0.03331	0.02503	0.01206	0.00899	0.00292	0.00751	0.03725	0.00904	0.01384
22	0.02545	0.02036	0.02159	0.01814	0.02374	0.02294	0.01447	0.26060	0.36596	0.04285	0.03290	0.03099	0.05642	0.01189	0.00890	0.00283	0.00780	0.00957	0.00877	0.01384
23	0.01515	0.00758	0.01136	0.01136	0.01136	0.00758	0.00758	0.01136	0.01136	0.01515	0.01515	0.02652	0.01515	0.03030	0.03409	0.74621	0.00758	0.00758	0.00379	0.00379
24	0.01052	0.00800	0.00970	0.01105	0.01236	0.00718	0.00761	0.01227	0.01775	0.02270	0.06142	0.48777	0.24906	0.02559	0.01086	0.00334	0.00485	0.02268	0.00810	0.00718
25	0.02332	0.69869	0.04571	0.01493	0.02239	0.03451	0.01493	0.02612	0.01772	0.02052	0.01213	0.01399	0.01119	0.00746	0.00560	0.00187	0.00933	0.00466	0.00373	0.01119
26	0.01700	0.01564	0.01281	0.01232	0.01330	0.14945	0.00779	0.01749	0.01530	0.01788	0.02445	0.04811	0.02727	0.54497	0.03647	0.00711	0.01003	0.01115	0.00511	0.00633
27	0.01532	0.01356	0.01951	0.01786	0.01874	0.01774	0.01444	0.01792	0.01373	0.02057	0.01821	0.02770	0.01733	0.04373	0.38635	0.00961	0.30621	0.00861	0.00430	0.00855
28	0.01082	0.00886	0.00955	0.00938	0.01210	0.00758	0.00703	0.01352	0.02110	0.02645	0.22652	0.07919	0.49554	0.02101	0.01030	0.00289	0.00434	0.01774	0.00848	0.00758
29	0.01267	0.00852	0.00983	0.00983	0.00995	0.00863	0.00569	0.01289	0.01278	0.01715	0.02719	0.05546	0.03101	0.64873	0.08815	0.00885	0.00952	0.01245	0.00524	0.00546
30	0.01458	0.01162	0.01345	0.01316	0.01580	0.01203	0.00975	0.02420	0.20897	0.03077	0.22911	0.22261	0.12159	0.01897	0.01007	0.00305	0.00527	0.01663	0.00880	0.00957
31	0.01054	0.00885	0.00916	0.00908	0.01192	0.00746	0.00681	0.01297	0.02043	0.02486	0.15057	0.08181	0.57247	0.02161	0.01031	0.00292	0.00438	0.01811	0.00827	0.00746
32	0.01851	0.01136	0.01269	0.01158	0.01441	0.01217	0.00905	0.12650	0.02150	0.03394	0.02598	0.03079	0.02087	0.02221	0.14818	0.00474	0.00926	0.00834	0.44865	0.00927
33	0.01141	0.00792	0.00989	0.01115	0.01146	0.00761	0.00703	0.01235	0.01517	0.02023	0.04025	0.44804	0.04782	0.28051	0.02378	0.00541	0.00635	0.02019	0.00703	0.00640
34	0.02667	0.02167	0.05778	0.01877	0.02432	0.02232	0.01575	0.41731	0.03305	0.04460	0.02604	0.16536	0.02374	0.01425	0.01024	0.00289	0.04298	0.01144	0.00805	0.01277
35	0.03258	0.04157	0.02472	0.02247	0.02697	0.65843	0.01685	0.03483	0.02472	0.02135	0.01348	0.01573	0.01124	0.00899	0.00787	0.00225	0.01573	0.00562	0.00449	0.01011
36	0.03258	0.04157	0.02472	0.02247	0.02697	0.65843	0.01685	0.03483	0.02472	0.02135	0.01348	0.01573	0.01124	0.00899	0.00787	0.00225	0.01573	0.00562	0.00449	0.01011
37	0.01894	0.08494	0.42681	0.02960	0.10680	0.02165	0.13494	0.02748	0.01893	0.02728	0.01585	0.01939	0.01177	0.00800	0.00850	0.00271	0.01268	0.00717	0.00389	0.01267
38	0.01143	0.00839	0.01064	0.01197	0.01297	0.00800	0.00816	0.01430	0.04713	0.02403	0.10713	0.52568	0.09159	0.05940	0.01259	0.00365	0.00519	0.02217	0.00814	0.00745
39	0.01072	0.00798	0.01003	0.01161	0.01272	0.00729	0.00806	0.01251	0.01756	0.02273	0.05679	0.52794	0.18360	0.02603	0.01100	0.00343	0.00506	0.04967	0.00809	0.00719
40	0.01268	0.00846	0.00951	0.00951	0.00951	0.00846	0.00529	0.01268	0.01268	0.01691	0.02748	0.05708	0.03171	0.69345	0.04440	0.00846	0.00846	0.01268	0.00529	0.00529
41	0.01211	0.00827	0.00995	0.01050	0.01073	0.00823	0.00639	0.01271	0.01386	0.01857	0.03287	0.22808	0.03822	0.47413	0.07178	0.00744	0.00841	0.01580	0.00602	0.00593
42	0.02963	0.21138	0.03110	0.02177	0.05917	0.35214	0.01684	0.12905	0.02535	0.02719	0.01454	0.01647	0.01197	0.00877	0.00745	0.00223	0.01271	0.00586	0.00500	0.01140
43	0.01190	0.00812	0.00975	0.01052	0.01072	0.00793	0.00636	0.01248	0.01422	0.01897	0.03538	0.29896	0.04168	0.43797	0.03164	0.00657	0.00715	0.01733	0.00636	0.00598
44	0.03112	0.02365	0.05984	0.02257	0.03013	0.02342	0.12412	0.38031	0.03350	0.14822	0.02236	0.02277	0.01550	0.00985	0.00900	0.00270	0.01032	0.00838	0.00805	0.01418
