[name]
unknown

[dist]
# distance from previous block
# <min> <max>
0	0

[block]
# block no. 0 follows, 20 sequences, length 20
# corresponding to MSA columns:
# 0-19
name=unknown_A
#
# <colnr> <probs for GDERKNQSTAVLIFYWHMCP>
#	G	D	E	R	K	N	Q	S	T	A	V	L	I	F	Y	W	H	M	C	P
0	0.01406	0.01004	0.01406	0.01606	0.01807	0.01004	0.01406	0.01807	0.02008	0.02610	0.04618	0.09839	0.05020	0.02410	0.01205	0.00402	0.00803	0.58032	0.00803	0.00803
1	0.01235	0.00892	0.01166	0.01097	0.01303	0.00823	0.00823	0.01646	0.02469	0.03498	0.63443	0.06516	0.08230	0.01783	0.01029	0.00274	0.00412	0.01578	0.00960	0.00823
2	0.01246	0.00935	0.01402	0.01402	0.01558	0.01090	0.01090	0.01558	0.01402	0.02025	0.02336	0.03427	0.02181	0.06542	0.65888	0.01402	0.02336	0.00935	0.00467	0.00779
3	0.03914	0.01484	0.02024	0.01552	0.02227	0.01282	0.01282	0.04251	0.02497	0.64507	0.03441	0.02969	0.02159	0.01080	0.00877	0.00270	0.00742	0.00877	0.01080	0.01484
4	0.01068	0.00885	0.00936	0.00923	0.01201	0.00752	0.00692	0.01324	0.02077	0.02566	0.18865	0.08050	0.53390	0.02131	0.01031	0.00291	0.00436	0.01793	0.00838	0.00752
5	0.01043	0.00884	0.00900	0.00896	0.01186	0.00741	0.00672	0.01275	0.02016	0.02423	0.12040	0.08284	0.60304	0.02184	0.01031	0.00293	0.00440	0.01825	0.00819	0.00741
6	0.01045	0.00830	0.00939	0.01025	0.01215	0.00724	0.00726	0.01236	0.01852	0.02301	0.07111	0.34258	0.38800	0.02433	0.01066	0.00320	0.00469	0.02115	0.00810	0.00724
7	0.02106	0.02019	0.03445	0.11749	0.57922	0.02059	0.02651	0.02631	0.01961	0.02786	0.01631	0.02176	0.01359	0.00787	0.00864	0.00262	0.01049	0.00777	0.00427	0.01339
8	0.10212	0.29724	0.03105	0.01761	0.02306	0.28346	0.01486	0.02907	0.02009	0.02342	0.01349	0.01590	0.01162	0.00862	0.00752	0.00220	0.04048	0.00536	0.04246	0.01035
9	0.20306	0.08371	0.18837	0.02110	0.02926	0.02055	0.12663	0.02954	0.01888	0.14391	0.01815	0.02005	0.01304	0.00876	0.00868	0.00274	0.03903	0.00706	0.00556	0.01191
10	0.02251	0.09959	0.17617	0.01908	0.02563	0.18406	0.01819	0.07839	0.07282	0.03002	0.15710	0.02924	0.02887	0.01102	0.00844	0.00254	0.01049	0.00856	0.00610	0.01119
11	0.02194	0.17226	0.02730	0.02159	0.12464	0.02223	0.01521	0.14541	0.11970	0.03236	0.03387	0.03391	0.14078	0.01173	0.00825	0.00251	0.00806	0.00945	0.00661	0.04218
12	0.01891	0.17102	0.03025	0.09372	0.17571	0.02272	0.01872	0.02249	0.01651	0.02269	0.01590	0.02237	0.01431	0.02221	0.15746	0.00526	0.14767	0.00739	0.00412	0.01059
13	0.10150	0.02894	0.02401	0.02619	0.15007	0.32206	0.01711	0.03057	0.07070	0.02607	0.02209	0.02418	0.06653	0.01031	0.00908	0.00256	0.04449	0.00751	0.00519	0.01084
14	0.01856	0.01847	0.02153	0.02802	0.25072	0.11629	0.01561	0.02149	0.01930	0.02383	0.03790	0.04452	0.18862	0.13984	0.01565	0.00373	0.00922	0.01129	0.00557	0.00985
15	0.02046	0.01629	0.08311	0.07210	0.07613	0.01362	0.01516	0.05516	0.04533	0.15384	0.15781	0.18360	0.03980	0.01536	0.00956	0.00292	0.00745	0.01346	0.00789	0.01094
16	0.02404	0.07850	0.03263	0.03011	0.16614	0.07987	0.08319	0.13822	0.02228	0.02999	0.01530	0.01978	0.01279	0.01061	0.01461	0.00292	0.21449	0.00758	0.00499	0.01196
17	0.08140	0.02063	0.02749	0.18078	0.28420	0.07534	0.02140	0.03017	0.13684	0.02890	0.01932	0.02299	0.01524	0.00891	0.00837	0.00271	0.01014	0.00774	0.00521	0.01220
18	0.02424	0.02891	0.13071	0.23865	0.07395	0.17621	0.02237	0.14613	0.02431	0.02996	0.01620	0.02005	0.01221	0.00902	0.00844	0.00265	0.01235	0.00704	0.00501	0.01161
19	0.17194	0.02451	0.02763	0.03622	0.34407	0.16321	0.02037	0.02938	0.05184	0.02947	0.01590	0.01936	0.01304	0.00832	0.00782	0.00256	0.01065	0.00679	0.00482	0.01211

[dist]
# distance from previous block
# <min> <max>
4	40

[block]
# block no. 1 follows, 20 sequences, length 11
# corresponding to MSA columns:
# 61-71
name=unknown_B
#
# <colnr> <probs for GDERKNQSTAVLIFYWHMCP>
#	G	D	E	R	K	N	Q	S	T	A	V	L	I	F	Y	W	H	M	C	P
0	0.01692	0.02508	0.24064	0.02996	0.21609	0.01633	0.02315	0.02293	0.01877	0.02663	0.02671	0.16176	0.02677	0.01417	0.00950	0.00305	0.00987	0.09497	0.00538	0.01133
1	0.02350	0.02574	0.02802	0.03687	0.34804	0.22568	0.02059	0.02729	0.02144	0.02545	0.02606	0.02887	0.10455	0.01028	0.00863	0.00253	0.01123	0.00864	0.00493	0.01166
2	0.02205	0.07812	0.10887	0.12380	0.18224	0.02229	0.02125	0.11839	0.13999	0.03240	0.02020	0.02267	0.01553	0.00909	0.00831	0.00261	0.00981	0.00764	0.00572	0.04901
3	0.18142	0.02987	0.14991	0.02624	0.14640	0.15585	0.02025	0.13346	0.02334	0.03385	0.01555	0.01802	0.01197	0.00869	0.00773	0.00258	0.01109	0.00642	0.00525	0.01210
4	0.01839	0.02023	0.11239	0.02347	0.14569	0.01739	0.01710	0.03094	0.24598	0.03073	0.03848	0.03829	0.14019	0.01236	0.00879	0.00278	0.00777	0.01047	0.06660	0.01196
5	0.02878	0.02885	0.02704	0.02763	0.14945	0.24550	0.01866	0.20777	0.07658	0.03420	0.01799	0.02008	0.01411	0.00984	0.00972	0.00259	0.05540	0.00721	0.00605	0.01255
6	0.02230	0.01813	0.02103	0.02367	0.14426	0.09836	0.01521	0.02967	0.13753	0.11762	0.02913	0.14604	0.02621	0.02116	0.10463	0.00449	0.01091	0.01135	0.00692	0.01139
7	0.01869	0.06065	0.02597	0.02504	0.14622	0.01768	0.10192	0.02720	0.13603	0.02844	0.02367	0.02815	0.01928	0.02106	0.14524	0.00497	0.01186	0.00874	0.13813	0.01105
8	0.02147	0.23926	0.15689	0.02416	0.13596	0.02418	0.01988	0.11071	0.02149	0.02864	0.02092	0.02367	0.05415	0.01423	0.06546	0.00344	0.01119	0.00737	0.00493	0.01199
9	0.02028	0.02254	0.10148	0.15382	0.47592	0.02045	0.02695	0.02612	0.01930	0.02736	0.01617	0.02152	0.01315	0.00799	0.00861	0.00266	0.01085	0.00762	0.00417	0.01303
10	0.15613	0.02458	0.02901	0.03918	0.39340	0.15965	0.02149	0.02833	0.02002	0.02885	0.01500	0.01897	0.01247	0.00810	0.00788	0.00254	0.01088	0.00675	0.00455	0.01222

[dist]
# distance from previous block
# <min> <max>
0	1

[block]
# block no. 2 follows, 20 sequences, length 34
# corresponding to MSA columns:
# 73-106
name=unknown_C
#
# <colnr> <probs for GDERKNQSTAVLIFYWHMCP>
#	G	D	E	R	K	N	Q	S	T	A	V	L	I	F	Y	W	H	M	C	P
0	0.11910	0.28243	0.17408	0.01666	0.02465	0.02341	0.01741	0.02907	0.01936	0.14890	0.05465	0.02121	0.01725	0.00902	0.00710	0.00240	0.00913	0.00656	0.00568	0.01191
1	0.12267	0.02761	0.02383	0.02016	0.02570	0.23333	0.05045	0.16470	0.18027	0.03544	0.02087	0.02147	0.01587	0.00984	0.00814	0.00261	0.01087	0.00737	0.00668	0.01213
2	0.02798	0.02418	0.02381	0.02266	0.10343	0.16220	0.01590	0.22403	0.02797	0.08348	0.02086	0.05785	0.01689	0.01021	0.00824	0.00239	0.00998	0.00801	0.03949	0.11043
3	0.02909	0.02401	0.02311	0.02078	0.05859	0.14895	0.01552	0.22240	0.16296	0.11676	0.02602	0.06864	0.02046	0.01151	0.00875	0.00269	0.00968	0.00911	0.00789	0.01308
4	0.01791	0.01672	0.01988	0.02325	0.15629	0.09216	0.01470	0.05990	0.01962	0.02523	0.03348	0.03825	0.14136	0.03328	0.26052	0.00704	0.01480	0.01026	0.00553	0.00981
5	0.02412	0.02411	0.01776	0.01636	0.01979	0.28358	0.01230	0.09661	0.02377	0.02903	0.04997	0.12917	0.02490	0.01275	0.00813	0.00246	0.00980	0.01000	0.19575	0.00962
6	0.26094	0.01391	0.01541	0.01517	0.05098	0.01523	0.01095	0.06090	0.01886	0.06414	0.12597	0.07563	0.03005	0.08486	0.08886	0.00469	0.03753	0.00997	0.00658	0.00938
7	0.02041	0.01880	0.02919	0.04086	0.43442	0.01930	0.02177	0.02936	0.14152	0.03094	0.10019	0.02942	0.02525	0.00989	0.00890	0.00268	0.00886	0.00923	0.00592	0.01309
8	0.02589	0.02950	0.02876	0.03637	0.31734	0.31204	0.02090	0.02953	0.02209	0.02490	0.01980	0.02301	0.05352	0.00927	0.00839	0.00246	0.01243	0.00748	0.00465	0.01170
9	0.03266	0.03936	0.02491	0.02216	0.02698	0.57675	0.01682	0.10923	0.02683	0.02570	0.01445	0.01640	0.01170	0.00918	0.00798	0.00230	0.01494	0.00591	0.00504	0.01072
10	0.02379	0.02611	0.03716	0.04228	0.34938	0.16357	0.17412	0.02887	0.02113	0.02676	0.01607	0.02078	0.01309	0.00794	0.00889	0.00260	0.01268	0.00794	0.00438	0.01246
11	0.01286	0.00993	0.01478	0.01455	0.01602	0.01185	0.01139	0.01590	0.01398	0.02029	0.02265	0.03336	0.02119	0.06241	0.62110	0.01341	0.06257	0.00924	0.00462	0.00789
12	0.03316	0.02443	0.02618	0.02007	0.02705	0.02705	0.01658	0.60995	0.04101	0.05497	0.02094	0.02094	0.01483	0.01047	0.00873	0.00262	0.00960	0.00785	0.00873	0.01483
13	0.01031	0.00884	0.00884	0.00884	0.01178	0.00736	0.00663	0.01252	0.01988	0.02356	0.08837	0.08395	0.63549	0.02209	0.01031	0.00295	0.00442	0.01841	0.00810	0.00736
14	0.01063	0.00759	0.01012	0.01215	0.01265	0.00709	0.00810	0.01215	0.01670	0.02227	0.04808	0.68775	0.05769	0.02733	0.01113	0.00354	0.00506	0.02480	0.00810	0.00709
15	0.02932	0.27342	0.03212	0.01981	0.02535	0.43830	0.01617	0.03176	0.02225	0.02106	0.01300	0.01512	0.01122	0.00845	0.00706	0.00211	0.01347	0.00528	0.00423	0.01049
16	0.01246	0.00935	0.01402	0.01402	0.01558	0.01090	0.01090	0.01558	0.01402	0.02025	0.02336	0.03427	0.02181	0.06542	0.65888	0.01402	0.02336	0.00935	0.00467	0.00779
17	0.01268	0.00846	0.00951	0.00951	0.00951	0.00846	0.00529	0.01268	0.01268	0.01691	0.02748	0.05708	0.03171	0.69345	0.04440	0.00846	0.00846	0.01268	0.00529	0.00529
18	0.02702	0.49321	0.03868	0.01635	0.02319	0.14281	0.01500	0.02979	0.01991	0.10147	0.01525	0.01633	0.01255	0.00817	0.00641	0.00204	0.01022	0.00537	0.00478	0.01147
19	0.01091	0.00809	0.01018	0.01129	0.01256	0.00736	0.00785	0.01307	0.01888	0.02503	0.17160	0.45057	0.17175	0.02446	0.01081	0.00327	0.00475	0.02181	0.00840	0.00736
20	0.02093	0.02005	0.03421	0.13361	0.56414	0.02055	0.02644	0.02619	0.01955	0.02769	0.01629	0.02180	0.01353	0.00789	0.00865	0.00263	0.01053	0.00777	0.00426	0.01328
21	0.02131	0.02002	0.03334	0.15792	0.50794	0.02082	0.02580	0.05633	0.02055	0.02881	0.01649	0.02184	0.01349	0.00808	0.00865	0.00265	0.01054	0.00777	0.00447	0.01316
22	0.02137	0.02135	0.03900	0.04979	0.50642	0.02102	0.15651	0.02703	0.02002	0.02837	0.01668	0.02202	0.01369	0.00768	0.00901	0.00267	0.01133	0.00834	0.00434	0.01336
23	0.01983	0.19882	0.36458	0.02885	0.16837	0.02383	0.02680	0.02707	0.01857	0.02609	0.01496	0.01805	0.01170	0.00797	0.00771	0.00251	0.01146	0.00631	0.00384	0.01268
24	0.02182	0.10830	0.03571	0.04619	0.51873	0.02257	0.02439	0.02797	0.05927	0.02799	0.01711	0.02133	0.01432	0.00800	0.00826	0.00252	0.01000	0.00751	0.00454	0.01348
25	0.02137	0.02135	0.03900	0.04979	0.50642	0.02102	0.15651	0.02703	0.02002	0.02837	0.01668	0.02202	0.01369	0.00768	0.00901	0.00267	0.01133	0.00834	0.00434	0.01336
26	0.11424	0.01740	0.02365	0.03113	0.29500	0.01811	0.01759	0.02814	0.15405	0.03067	0.03456	0.03558	0.14081	0.01159	0.00861	0.00276	0.00793	0.00998	0.00623	0.01195
27	0.02018	0.24792	0.23049	0.01824	0.02586	0.10474	0.01928	0.02558	0.02041	0.02616	0.15250	0.02708	0.02704	0.01024	0.00781	0.00240	0.01015	0.00785	0.00513	0.01094
28	0.02216	0.22443	0.14121	0.01984	0.02655	0.18603	0.06482	0.02648	0.01954	0.02276	0.02014	0.02333	0.05483	0.01648	0.09186	0.00385	0.01352	0.00721	0.00439	0.01056
29	0.02418	0.15350	0.03018	0.13010	0.15316	0.20690	0.01899	0.05984	0.02119	0.02484	0.01529	0.01941	0.01279	0.01221	0.05164	0.00313	0.01261	0.00657	0.00449	0.03898
30	0.02231	0.24856	0.07533	0.02690	0.18180	0.05456	0.01911	0.03172	0.17290	0.02718	0.01946	0.02127	0.01581	0.00912	0.00848	0.00249	0.03819	0.00708	0.00523	0.01253
31	0.02282	0.10589	0.08538	0.04278	0.44118	0.10090	0.02459	0.02776	0.02009	0.02660	0.01548	0.01970	0.01296	0.00793	0.00815	0.00248	0.01111	0.00703	0.00422	0.01297
32	0.02061	0.25373	0.13048	0.02757	0.16337	0.02612	0.04757	0.02511	0.01742	0.02380	0.01424	0.01869	0.01237	0.01175	0.04047	0.00313	0.14135	0.00667	0.00394	0.01159
33	0.11571	0.05047	0.08947	0.01518	0.01948	0.09282	0.01283	0.06246	0.01922	0.08631	0.02610	0.16150	0.02612	0.16562	0.01646	0.00406	0.00897	0.01144	0.00628	0.00949

[dist]
# distance from previous block
# <min> <max>
1	21

[block]
# block no. 3 follows, 20 sequences, length 18
# corresponding to MSA columns:
# 128-145
name=unknown_D
#
# <colnr> <probs for GDERKNQSTAVLIFYWHMCP>
#	G	D	E	R	K	N	Q	S	T	A	V	L	I	F	Y	W	H	M	C	P
0	0.01894	0.02288	0.12539	0.03345	0.27904	0.06389	0.02178	0.02357	0.01827	0.02534	0.02122	0.12983	0.02069	0.01650	0.06223	0.00378	0.08676	0.01029	0.00482	0.01135
1	0.08432	0.06101	0.15131	0.01977	0.02544	0.32265	0.01768	0.02787	0.02077	0.02426	0.02040	0.14484	0.01995	0.01222	0.00828	0.00262	0.01209	0.00935	0.00506	0.01010
2	0.01899	0.02007	0.07465	0.02909	0.23949	0.06233	0.01827	0.02724	0.12337	0.03092	0.19779	0.03756	0.05916	0.01200	0.00913	0.00270	0.00836	0.01055	0.00670	0.01164
3	0.02255	0.29305	0.05823	0.02331	0.14039	0.15644	0.01696	0.02590	0.01997	0.02301	0.02579	0.02738	0.11334	0.01025	0.00753	0.00230	0.01020	0.00777	0.00471	0.01092
4	0.02200	0.07282	0.02113	0.01805	0.05445	0.14068	0.01331	0.12130	0.11488	0.02951	0.03547	0.03797	0.14629	0.06573	0.06473	0.00396	0.01036	0.01014	0.00660	0.01062
5	0.01291	0.00862	0.01034	0.01034	0.01082	0.00894	0.00651	0.01387	0.01339	0.01880	0.02670	0.05046	0.02894	0.51072	0.16888	0.00912	0.01121	0.01164	0.06174	0.00602
6	0.01773	0.01651	0.02688	0.03670	0.38105	0.01603	0.04733	0.02223	0.02067	0.02848	0.12973	0.04155	0.15360	0.01232	0.00932	0.00271	0.00834	0.01137	0.00595	0.01149
7	0.02483	0.59171	0.04229	0.01615	0.02313	0.13609	0.01524	0.02754	0.01886	0.02066	0.01235	0.01428	0.01120	0.00771	0.00597	0.00193	0.01037	0.00482	0.00386	0.01102
8	0.02975	0.24668	0.03161	0.01968	0.02553	0.35431	0.01620	0.12920	0.02526	0.02677	0.01431	0.01606	0.01183	0.00876	0.00729	0.00219	0.01267	0.00569	0.00497	0.01125
9	0.01268	0.00846	0.00951	0.00951	0.00951	0.00846	0.00529	0.01268	0.01268	0.01691	0.02748	0.05708	0.03171	0.69345	0.04440	0.00846	0.00846	0.01268	0.00529	0.00529
10	0.01301	0.00992	0.01413	0.01384	0.01498	0.01165	0.01046	0.01544	0.01371	0.01967	0.02324	0.03747	0.02291	0.18189	0.49273	0.01217	0.07076	0.00985	0.00472	0.00744
11	0.02550	0.07304	0.02744	0.02112	0.02564	0.16801	0.06465	0.19157	0.02481	0.03115	0.01711	0.02132	0.01418	0.01943	0.11770	0.00457	0.12849	0.00752	0.00555	0.01119
12	0.01656	0.01105	0.01282	0.01099	0.01530	0.00916	0.00855	0.01958	0.02110	0.12190	0.15501	0.05993	0.33178	0.01667	0.00933	0.00256	0.00522	0.01396	0.00820	0.15032
13	0.01868	0.03710	0.42963	0.03006	0.07097	0.02085	0.21243	0.02768	0.01917	0.02777	0.01632	0.02018	0.01188	0.00797	0.00893	0.00281	0.01333	0.00772	0.00394	0.01259
14	0.02045	0.03576	0.36156	0.02078	0.02968	0.14992	0.02306	0.02705	0.02037	0.05965	0.03017	0.03104	0.13131	0.01122	0.00861	0.00269	0.01156	0.00869	0.00509	0.01136
15	0.05003	0.20877	0.02941	0.02505	0.18911	0.07400	0.01634	0.07282	0.02057	0.02856	0.01787	0.02145	0.01487	0.01166	0.04304	0.00289	0.00983	0.00678	0.14566	0.01128
16	0.01800	0.07664	0.14444	0.02695	0.19796	0.01768	0.01943	0.02483	0.06289	0.02892	0.14613	0.03094	0.02879	0.01481	0.06143	0.00345	0.00996	0.00899	0.00567	0.07210
17	0.02944	0.03243	0.02331	0.02055	0.02513	0.40949	0.01582	0.16243	0.02668	0.02881	0.01679	0.01993	0.01377	0.01851	0.11405	0.00425	0.01558	0.00673	0.00549	0.01081

[dist]
# distance from previous block
# <min> <max>
4	11

[block]
# block no. 4 follows, 20 sequences, length 17
# corresponding to MSA columns:
# 157-173
name=unknown_E
#
# <colnr> <probs for GDERKNQSTAVLIFYWHMCP>
#	G	D	E	R	K	N	Q	S	T	A	V	L	I	F	Y	W	H	M	C	P
0	0.01328	0.01082	0.01357	0.01275	0.01394	0.01189	0.00943	0.01531	0.01770	0.02417	0.19219	0.10598	0.17051	0.18582	0.02263	0.00448	0.14657	0.01457	0.00689	0.00750
1	0.01094	0.00841	0.01001	0.01056	0.01241	0.00748	0.00756	0.01338	0.01996	0.02599	0.21212	0.29481	0.28923	0.02288	0.01060	0.00311	0.00457	0.02002	0.00848	0.00748
2	0.01120	0.00791	0.01031	0.01201	0.01255	0.00752	0.00808	0.01266	0.01631	0.02170	0.04468	0.54514	0.05303	0.13262	0.01647	0.00436	0.00581	0.06312	0.00765	0.00687
3	0.02098	0.02340	0.09822	0.03954	0.32221	0.02116	0.14791	0.03121	0.14644	0.02997	0.02060	0.02397	0.01610	0.00859	0.00900	0.00276	0.01082	0.00861	0.00523	0.01328
4	0.01246	0.00935	0.01402	0.01402	0.01558	0.01090	0.01090	0.01558	0.01402	0.02025	0.02336	0.03427	0.02181	0.06542	0.65888	0.01402	0.02336	0.00935	0.00467	0.00779
5	0.01031	0.00884	0.00884	0.00884	0.01178	0.00736	0.00663	0.01252	0.01988	0.02356	0.08837	0.08395	0.63549	0.02209	0.01031	0.00295	0.00442	0.01841	0.00810	0.00736
6	0.02495	0.01910	0.03152	0.09020	0.46621	0.01895	0.02362	0.02979	0.02077	0.15899	0.02017	0.02343	0.01531	0.00848	0.00867	0.00264	0.00983	0.00798	0.00566	0.01374
7	0.01270	0.00892	0.01246	0.01258	0.01410	0.00947	0.00956	0.01425	0.01496	0.02017	0.03560	0.04606	0.14117	0.04721	0.36386	0.16487	0.01547	0.04438	0.00535	0.00688
8	0.01047	0.00884	0.00906	0.00900	0.01188	0.00743	0.00675	0.01283	0.02026	0.02445	0.13090	0.08248	0.59241	0.02176	0.01031	0.00293	0.00439	0.01820	0.00822	0.00743
9	0.02081	0.01516	0.01707	0.01506	0.01892	0.01696	0.01190	0.17131	0.17582	0.03585	0.02704	0.03013	0.02143	0.02518	0.17896	0.00556	0.01122	0.00882	0.18166	0.01113
10	0.01978	0.03557	0.40323	0.03163	0.18801	0.02134	0.02876	0.06912	0.02005	0.02935	0.01592	0.01945	0.01205	0.00882	0.00988	0.00278	0.06004	0.00697	0.00422	0.01302
11	0.31392	0.02513	0.18259	0.02361	0.10424	0.01950	0.08972	0.02829	0.01811	0.09551	0.01651	0.01889	0.01210	0.00829	0.00747	0.00273	0.00979	0.00663	0.00526	0.01170
12	0.01662	0.01529	0.02407	0.09953	0.33048	0.01524	0.01870	0.02059	0.01919	0.02572	0.03942	0.12913	0.18181	0.01428	0.00942	0.00285	0.00822	0.01287	0.00578	0.01079
13	0.01939	0.01829	0.02931	0.04274	0.48098	0.01817	0.02209	0.02510	0.05444	0.02799	0.03158	0.03442	0.13620	0.01081	0.00898	0.00268	0.00900	0.00997	0.00532	0.01255
14	0.02655	0.03169	0.02447	0.16121	0.06366	0.42435	0.01831	0.02979	0.02183	0.02180	0.01507	0.01952	0.01253	0.01464	0.07468	0.00361	0.01537	0.00656	0.00437	0.00997
15	0.01961	0.23233	0.41067	0.02491	0.09480	0.02444	0.02665	0.02710	0.01836	0.02565	0.01471	0.01746	0.01137	0.00800	0.00754	0.00248	0.01160	0.00606	0.00376	0.01249
16	0.08099	0.02500	0.02790	0.03067	0.21739	0.18107	0.06943	0.03105	0.10787	0.02862	0.01809	0.02084	0.01451	0.00849	0.00809	0.00243	0.01083	0.00718	0.00522	0.10432

[dist]
# distance from previous block
# <min> <max>
0	1

[block]
# block no. 5 follows, 20 sequences, length 38
# corresponding to MSA columns:
# 175-212
name=unknown_F
#
# <colnr> <probs for GDERKNQSTAVLIFYWHMCP>
#	G	D	E	R	K	N	Q	S	T	A	V	L	I	F	Y	W	H	M	C	P
0	0.02573	0.03070	0.02245	0.02353	0.10757	0.41146	0.01580	0.02847	0.02312	0.02348	0.06098	0.03223	0.13512	0.01180	0.00857	0.00245	0.01221	0.00890	0.00543	0.01000
1	0.01088	0.00897	0.00963	0.00979	0.01257	0.00772	0.00757	0.01343	0.02028	0.02473	0.12603	0.08408	0.52847	0.02198	0.01050	0.00305	0.00479	0.07982	0.00821	0.00750
2	0.02159	0.02073	0.03541	0.05354	0.63903	0.02073	0.02677	0.02677	0.01986	0.02850	0.01641	0.02159	0.01382	0.00777	0.00864	0.00259	0.01036	0.00777	0.00432	0.01382
3	0.01750	0.04512	0.64825	0.02486	0.03775	0.02026	0.03223	0.02762	0.01842	0.02762	0.01565	0.01842	0.01105	0.00829	0.00829	0.00276	0.01289	0.00645	0.00368	0.01289
4	0.02155	0.02258	0.02857	0.03034	0.17416	0.11220	0.02066	0.02431	0.01651	0.02288	0.01294	0.01924	0.01200	0.01257	0.02088	0.00330	0.42323	0.00739	0.00403	0.01067
5	0.01031	0.00884	0.00884	0.00884	0.01178	0.00736	0.00663	0.01252	0.01988	0.02356	0.08837	0.08395	0.63549	0.02209	0.01031	0.00295	0.00442	0.01841	0.00810	0.00736
6	0.01063	0.00759	0.01012	0.01215	0.01265	0.00709	0.00810	0.01215	0.01670	0.02227	0.04808	0.68775	0.05769	0.02733	0.01113	0.00354	0.00506	0.02480	0.00810	0.00709
7	0.02159	0.02073	0.03541	0.05354	0.63903	0.02073	0.02677	0.02677	0.01986	0.02850	0.01641	0.02159	0.01382	0.00777	0.00864	0.00259	0.01036	0.00777	0.00432	0.01382
8	0.01063	0.00759	0.01012	0.01215	0.01265	0.00709	0.00810	0.01215	0.01670	0.02227	0.04808	0.68775	0.05769	0.02733	0.01113	0.00354	0.00506	0.02480	0.00810	0.00709
9	0.01063	0.00759	0.01012	0.01215	0.01265	0.00709	0.00810	0.01215	0.01670	0.02227	0.04808	0.68775	0.05769	0.02733	0.01113	0.00354	0.00506	0.02480	0.00810	0.00709
10	0.01089	0.00923	0.00946	0.00950	0.01237	0.00804	0.00708	0.01415	0.04914	0.02411	0.08301	0.12300	0.56598	0.02195	0.01030	0.00299	0.00458	0.01843	0.00814	0.00766
11	0.01063	0.00759	0.01012	0.01215	0.01265	0.00709	0.00810	0.01215	0.01670	0.02227	0.04808	0.68775	0.05769	0.02733	0.01113	0.00354	0.00506	0.02480	0.00810	0.00709
12	0.01063	0.00759	0.01012	0.01215	0.01265	0.00709	0.00810	0.01215	0.01670	0.02227	0.04808	0.68775	0.05769	0.02733	0.01113	0.00354	0.00506	0.02480	0.00810	0.00709
13	0.02159	0.02073	0.03541	0.05354	0.63903	0.02073	0.02677	0.02677	0.01986	0.02850	0.01641	0.02159	0.01382	0.00777	0.00864	0.00259	0.01036	0.00777	0.00432	0.01382
14	0.02063	0.01953	0.03044	0.04064	0.40310	0.02147	0.02266	0.02776	0.10136	0.02772	0.01847	0.02330	0.01556	0.01287	0.04756	0.00349	0.13777	0.00812	0.00487	0.01268
15	0.07441	0.03701	0.47466	0.15331	0.04060	0.02003	0.02886	0.02640	0.01794	0.02745	0.01535	0.01905	0.01104	0.00836	0.00815	0.00279	0.01216	0.00657	0.00385	0.01198
16	0.02332	0.69869	0.04571	0.01493	0.02239	0.03451	0.01493	0.02612	0.01772	0.02052	0.01213	0.01399	0.01119	0.00746	0.00560	0.00187	0.00933	0.00466	0.00373	0.01119
17	0.01058	0.00876	0.00928	0.00933	0.01200	0.00745	0.00693	0.01298	0.02026	0.02490	0.15365	0.12315	0.52679	0.02192	0.01036	0.00296	0.00442	0.01852	0.00829	0.00745
18	0.01246	0.00935	0.01402	0.01402	0.01558	0.01090	0.01090	0.01558	0.01402	0.02025	0.02336	0.03427	0.02181	0.06542	0.65888	0.01402	0.02336	0.00935	0.00467	0.00779
19	0.01063	0.00759	0.01012	0.01215	0.01265	0.00709	0.00810	0.01215	0.01670	0.02227	0.04808	0.68775	0.05769	0.02733	0.01113	0.00354	0.00506	0.02480	0.00810	0.00709
20	0.02130	0.02043	0.03489	0.08808	0.60673	0.02065	0.02663	0.02652	0.01973	0.02815	0.01636	0.02168	0.01369	0.00782	0.00864	0.00261	0.01043	0.00777	0.00429	0.01359
21	0.02063	0.01917	0.03118	0.16630	0.44324	0.01998	0.02420	0.06506	0.02086	0.02879	0.02150	0.02616	0.05626	0.00912	0.00877	0.00268	0.01014	0.00851	0.00480	0.01265
22	0.01256	0.00894	0.01195	0.01195	0.01279	0.00978	0.00832	0.01425	0.01341	0.01872	0.02526	0.04476	0.02636	0.35411	0.37641	0.01146	0.01651	0.01088	0.00495	0.00664
23	0.02017	0.01286	0.01362	0.01188	0.01481	0.01360	0.00888	0.18635	0.02335	0.03497	0.02607	0.03543	0.02258	0.18307	0.01653	0.00382	0.00675	0.00920	0.34673	0.00932
24	0.02001	0.02084	0.07735	0.06786	0.38380	0.01795	0.02224	0.02522	0.01912	0.02812	0.01604	0.02039	0.01324	0.00747	0.00797	0.00224	0.00947	0.00690	0.00450	0.22929
25	0.02159	0.02073	0.03541	0.05354	0.63903	0.02073	0.02677	0.02677	0.01986	0.02850	0.01641	0.02159	0.01382	0.00777	0.00864	0.00259	0.01036	0.00777	0.00432	0.01382
26	0.01147	0.00888	0.01045	0.01006	0.01249	0.00786	0.00754	0.01477	0.02263	0.03008	0.39994	0.07323	0.31985	0.01966	0.01030	0.00283	0.00425	0.01691	0.00896	0.00786
27	0.01252	0.00913	0.01292	0.01292	0.01409	0.01030	0.00953	0.01487	0.01369	0.01943	0.02437	0.03985	0.02423	0.21903	0.50859	0.01266	0.01972	0.01016	0.00482	0.00718
28	0.01772	0.01727	0.01540	0.01535	0.01737	0.16974	0.01115	0.04748	0.01892	0.02276	0.03082	0.28771	0.03366	0.07707	0.16979	0.00606	0.01259	0.01466	0.00621	0.00825
29	0.02155	0.01492	0.01699	0.01477	0.01804	0.01586	0.01102	0.24874	0.02527	0.06278	0.02900	0.16383	0.02902	0.21903	0.06448	0.00531	0.00922	0.01275	0.00741	0.01001
30	0.01750	0.04512	0.64825	0.02486	0.03775	0.02026	0.03223	0.02762	0.01842	0.02762	0.01565	0.01842	0.01105	0.00829	0.00829	0.00276	0.01289	0.00645	0.00368	0.01289
31	0.01345	0.01178	0.01942	0.05381	0.02246	0.01125	0.12424	0.01693	0.01874	0.02433	0.04776	0.29587	0.15518	0.02086	0.01086	0.00337	0.00772	0.12646	0.00715	0.00836
32	0.02166	0.02006	0.03042	0.07862	0.45419	0.04901	0.02297	0.02797	0.06790	0.05380	0.02417	0.02755	0.06409	0.00946	0.00876	0.00265	0.00982	0.00872	0.00523	0.01295
33	0.01773	0.01679	0.02844	0.51993	0.20277	0.01971	0.02485	0.02339	0.01804	0.02382	0.01573	0.02284	0.01217	0.00849	0.00870	0.00283	0.01132	0.00776	0.00398	0.01071
34	0.02119	0.02032	0.03469	0.10148	0.59419	0.02062	0.02657	0.02642	0.01967	0.02802	0.01634	0.02172	0.01365	0.00785	0.00864	0.00262	0.01046	0.00777	0.00428	0.01350
35	0.02373	0.02713	0.02881	0.02778	0.11919	0.28325	0.12964	0.02760	0.02059	0.02341	0.01713	0.02263	0.01459	0.02230	0.16767	0.00531	0.01660	0.00774	0.00450	0.01041
36	0.20306	0.02633	0.05762	0.02615	0.16929	0.22563	0.01744	0.02761	0.01932	0.02760	0.01533	0.01945	0.01286	0.01621	0.09708	0.00409	0.01315	0.00647	0.00465	0.01067
37	0.16180	0.02201	0.05186	0.06331	0.20387	0.11214	0.01768	0.02897	0.10235	0.03025	0.02243	0.02490	0.04754	0.00959	0.00782	0.00261	0.00937	0.00769	0.06244	0.01139

[dist]
# distance from previous block
# <min> <max>
0	16

[block]
# block no. 6 follows, 20 sequences, length 17
# corresponding to MSA columns:
# 229-245
name=unknown_G
#
# <colnr> <probs for GDERKNQSTAVLIFYWHMCP>
#	G	D	E	R	K	N	Q	S	T	A	V	L	I	F	Y	W	H	M	C	P
0	0.12322	0.05878	0.02359	0.13853	0.06724	0.18082	0.01681	0.02888	0.09775	0.02742	0.06786	0.02377	0.01912	0.01041	0.01009	0.00273	0.07954	0.00756	0.00538	0.01050
1	0.02106	0.02255	0.02298	0.02892	0.22503	0.21358	0.01694	0.02405	0.02040	0.02412	0.02893	0.22682	0.05874	0.01488	0.00925	0.00279	0.01010	0.01287	0.00573	0.01027
2	0.01693	0.08396	0.15172	0.01562	0.02161	0.01656	0.01498	0.05514	0.12887	0.02802	0.04161	0.10432	0.18082	0.04375	0.01040	0.00298	0.00776	0.01203	0.00662	0.05630
3	0.02452	0.23481	0.02876	0.01803	0.02270	0.26961	0.01484	0.02856	0.05812	0.02319	0.07331	0.02278	0.01982	0.01511	0.06893	0.00340	0.05127	0.00700	0.00499	0.01025
4	0.01251	0.00931	0.01074	0.07116	0.01602	0.00894	0.00833	0.01540	0.01873	0.02519	0.08821	0.06229	0.34706	0.07315	0.04132	0.00368	0.00618	0.01428	0.15987	0.00764
5	0.02400	0.12979	0.12715	0.03565	0.30238	0.18360	0.02335	0.02884	0.02055	0.02538	0.01492	0.01851	0.01236	0.00811	0.00794	0.00242	0.01195	0.00657	0.00418	0.01235
6	0.01788	0.04284	0.59093	0.02754	0.09400	0.02030	0.03172	0.02754	0.01855	0.02771	0.01572	0.01871	0.01131	0.00824	0.00832	0.00275	0.01265	0.00657	0.00374	0.01298
7	0.02231	0.02210	0.03470	0.05150	0.59880	0.06265	0.02612	0.02730	0.02018	0.02803	0.01622	0.02120	0.01365	0.00785	0.00858	0.00257	0.01072	0.00763	0.00433	0.01357
8	0.01038	0.00857	0.00911	0.00954	0.01197	0.00730	0.00694	0.01244	0.01921	0.02329	0.07981	0.21220	0.51276	0.02320	0.01048	0.00307	0.00455	0.01977	0.00810	0.00730
9	0.01248	0.00928	0.01366	0.01366	0.01510	0.01071	0.01046	0.01535	0.01391	0.01999	0.02369	0.03607	0.02259	0.11503	0.61034	0.01358	0.02219	0.00961	0.00472	0.00759
10	0.01089	0.00886	0.00965	0.00945	0.01214	0.00761	0.00709	0.01365	0.02126	0.02684	0.24497	0.07856	0.47685	0.02087	0.01030	0.00289	0.00433	0.01765	0.00853	0.00761
11	0.03258	0.04157	0.02472	0.02247	0.02697	0.65843	0.01685	0.03483	0.02472	0.02135	0.01348	0.01573	0.01124	0.00899	0.00787	0.00225	0.01573	0.00562	0.00449	0.01011
12	0.03258	0.04157	0.02472	0.02247	0.02697	0.65843	0.01685	0.03483	0.02472	0.02135	0.01348	0.01573	0.01124	0.00899	0.00787	0.00225	0.01573	0.00562	0.00449	0.01011
13	0.01031	0.00884	0.00884	0.00884	0.01178	0.00736	0.00663	0.01252	0.01988	0.02356	0.08837	0.08395	0.63549	0.02209	0.01031	0.00295	0.00442	0.01841	0.00810	0.00736
14	0.01246	0.00935	0.01402	0.01402	0.01558	0.01090	0.01090	0.01558	0.01402	0.02025	0.02336	0.03427	0.02181	0.06542	0.65888	0.01402	0.02336	0.00935	0.00467	0.00779
15	0.03258	0.04157	0.02472	0.02247	0.02697	0.65843	0.01685	0.03483	0.02472	0.02135	0.01348	0.01573	0.01124	0.00899	0.00787	0.00225	0.01573	0.00562	0.00449	0.01011
16	0.02248	0.02370	0.03046	0.22438	0.34179	0.15704	0.02391	0.02721	0.02021	0.02518	0.01552	0.02081	0.01264	0.00830	0.00849	0.00261	0.01188	0.00730	0.00423	0.01184

[dist]
# distance from previous block
# <min> <max>
0	23

[block]
# block no. 7 follows, 20 sequences, length 12
# corresponding to MSA columns:
# 269-280
name=unknown_H
#
# <colnr> <probs for GDERKNQSTAVLIFYWHMCP>
#	G	D	E	R	K	N	Q	S	T	A	V	L	I	F	Y	W	H	M	C	P
0	0.02461	0.02776	0.02729	0.03444	0.29772	0.28423	0.01986	0.02816	0.02189	0.02484	0.02513	0.02776	0.09860	0.01026	0.00855	0.00250	0.01178	0.00834	0.00491	0.01138
1	0.01362	0.01151	0.01209	0.01199	0.01412	0.05364	0.00869	0.01781	0.06256	0.02795	0.27378	0.20416	0.17429	0.05916	0.01221	0.00328	0.00564	0.01706	0.00831	0.00814
2	0.02061	0.01936	0.03086	0.16770	0.41853	0.02063	0.02401	0.02932	0.12499	0.02869	0.01957	0.02383	0.01563	0.00867	0.00869	0.00272	0.01000	0.00813	0.00503	0.01301
3	0.07373	0.02039	0.01949	0.15177	0.07948	0.17093	0.01502	0.04850	0.02104	0.02609	0.03802	0.03956	0.20366	0.01290	0.00863	0.00266	0.00952	0.01031	0.03871	0.00957
4	0.01791	0.01519	0.01624	0.01487	0.01895	0.01667	0.01147	0.03478	0.40690	0.03358	0.13795	0.04817	0.16119	0.01487	0.00939	0.00292	0.00596	0.01253	0.00883	0.01162
5	0.02159	0.02073	0.03541	0.05354	0.63903	0.02073	0.02677	0.02677	0.01986	0.02850	0.01641	0.02159	0.01382	0.00777	0.00864	0.00259	0.01036	0.00777	0.00432	0.01382
6	0.01262	0.00873	0.01090	0.01090	0.01137	0.00921	0.00701	0.01357	0.01309	0.01794	0.02622	0.05008	0.02867	0.50069	0.23299	0.01016	0.01303	0.01166	0.00510	0.00605
7	0.01264	0.00922	0.01308	0.01325	0.01453	0.01032	0.01000	0.01519	0.01426	0.02005	0.02616	0.04446	0.02628	0.19266	0.47608	0.01201	0.01896	0.05847	0.00509	0.00729
8	0.02571	0.01830	0.01977	0.01601	0.02156	0.01927	0.01295	0.32759	0.08247	0.09700	0.04409	0.04205	0.20694	0.01418	0.00923	0.00275	0.00758	0.01135	0.00873	0.01246
9	0.03097	0.09843	0.02747	0.02394	0.07138	0.52254	0.01739	0.06343	0.02458	0.02355	0.01396	0.01627	0.01161	0.00884	0.00776	0.00226	0.01444	0.00581	0.00463	0.01073
10	0.01726	0.01889	0.01387	0.01314	0.01651	0.20724	0.00985	0.01959	0.02163	0.02352	0.09564	0.06197	0.41324	0.01783	0.00956	0.00272	0.00787	0.01434	0.00708	0.00826
11	0.01144	0.00952	0.01077	0.01034	0.01284	0.00885	0.00787	0.01416	0.02079	0.02656	0.23462	0.07456	0.44208	0.02047	0.01148	0.00295	0.04772	0.01699	0.00824	0.00774

[dist]
# distance from previous block
# <min> <max>
0	1

[block]
# block no. 8 follows, 20 sequences, length 56
# corresponding to MSA columns:
# 282-337
name=unknown_I
#
# <colnr> <probs for GDERKNQSTAVLIFYWHMCP>
#	G	D	E	R	K	N	Q	S	T	A	V	L	I	F	Y	W	H	M	C	P
0	0.03140	0.03932	0.02587	0.02583	0.09316	0.58946	0.01793	0.03396	0.02419	0.02212	0.01380	0.01636	0.01152	0.00886	0.00795	0.00228	0.01515	0.00585	0.00448	0.01051
1	0.16567	0.14872	0.02607	0.01914	0.02431	0.43324	0.01515	0.03164	0.02169	0.02452	0.01300	0.01514	0.01090	0.00856	0.00702	0.00227	0.01297	0.00529	0.00453	0.01017
2	0.03112	0.02702	0.02226	0.01919	0.02456	0.26621	0.01494	0.08254	0.19898	0.18430	0.02564	0.02447	0.01854	0.01037	0.00845	0.00259	0.01065	0.00780	0.00765	0.01271
3	0.01038	0.00854	0.00914	0.00962	0.01199	0.00730	0.00698	0.01243	0.01913	0.02326	0.07879	0.22749	0.49813	0.02334	0.01051	0.00309	0.00457	0.01993	0.00810	0.00730
4	0.01246	0.00935	0.01402	0.01402	0.01558	0.01090	0.01090	0.01558	0.01402	0.02025	0.02336	0.03427	0.02181	0.06542	0.65888	0.01402	0.02336	0.00935	0.00467	0.00779
5	0.01750	0.04512	0.64825	0.02486	0.03775	0.02026	0.03223	0.02762	0.01842	0.02762	0.01565	0.01842	0.01105	0.00829	0.00829	0.00276	0.01289	0.00645	0.00368	0.01289
6	0.01246	0.00935	0.01402	0.01402	0.01558	0.01090	0.01090	0.01558	0.01402	0.02025	0.02336	0.03427	0.02181	0.06542	0.65888	0.01402	0.02336	0.00935	0.00467	0.00779
7	0.02159	0.02073	0.03541	0.05354	0.63903	0.02073	0.02677	0.02677	0.01986	0.02850	0.01641	0.02159	0.01382	0.00777	0.00864	0.00259	0.01036	0.00777	0.00432	0.01382
8	0.01141	0.00840	0.01068	0.01113	0.01272	0.00767	0.00796	0.01427	0.02096	0.02854	0.33466	0.30716	0.14807	0.02206	0.01062	0.00308	0.00452	0.01960	0.00882	0.00767
9	0.02168	0.01897	0.02159	0.02200	0.09586	0.02158	0.01535	0.04403	0.55163	0.03554	0.03324	0.03124	0.02511	0.01135	0.00885	0.00291	0.00731	0.00961	0.00833	0.01381
10	0.01248	0.00928	0.01369	0.01369	0.01513	0.01072	0.01049	0.01536	0.01392	0.02000	0.02367	0.03595	0.02254	0.11178	0.61351	0.01361	0.02226	0.00959	0.00472	0.00760
11	0.01751	0.00933	0.00946	0.00901	0.01141	0.00953	0.00687	0.06385	0.01997	0.03418	0.02790	0.03167	0.02180	0.01019	0.00629	0.00208	0.00447	0.00811	0.68775	0.00863
12	0.02132	0.02045	0.03493	0.08561	0.60903	0.02066	0.02664	0.02654	0.01974	0.02818	0.01636	0.02168	0.01370	0.00782	0.00864	0.00261	0.01043	0.00777	0.00429	0.01360
13	0.01843	0.03903	0.48648	0.02987	0.10403	0.02060	0.12367	0.02758	0.01892	0.02777	0.01605	0.01958	0.01170	0.00808	0.00865	0.00277	0.01291	0.00720	0.00387	0.01281
14	0.03258	0.04157	0.02472	0.02247	0.02697	0.65843	0.01685	0.03483	0.02472	0.02135	0.01348	0.01573	0.01124	0.00899	0.00787	0.00225	0.01573	0.00562	0.00449	0.01011
15	0.02908	0.03738	0.14438	0.05211	0.03056	0.37170	0.02007	0.15626	0.02668	0.02981	0.01559	0.01771	0.01199	0.00916	0.00817	0.00246	0.01368	0.00635	0.00522	0.01164
16	0.01077	0.00770	0.01025	0.01205	0.01268	0.00718	0.00811	0.01250	0.01736	0.02331	0.09617	0.63669	0.05971	0.02655	0.01106	0.00348	0.00498	0.02406	0.00822	0.00718
17	0.01111	0.00865	0.01024	0.01128	0.01324	0.00777	0.00850	0.01343	0.01886	0.02361	0.06713	0.28712	0.33455	0.02420	0.01091	0.00334	0.00531	0.12526	0.00809	0.00740
18	0.02068	0.01578	0.01699	0.01507	0.01887	0.01746	0.01146	0.14195	0.27719	0.03558	0.06336	0.07473	0.02947	0.11859	0.01425	0.00366	0.00706	0.01091	0.09564	0.01131
19	0.01255	0.00840	0.00955	0.00968	0.00971	0.00837	0.00546	0.01265	0.01294	0.01726	0.02880	0.09736	0.03337	0.65090	0.04227	0.00814	0.00824	0.01346	0.00546	0.00540
20	0.01946	0.02386	0.10988	0.02838	0.03325	0.02419	0.24325	0.02441	0.01669	0.02441	0.01429	0.02069	0.01208	0.01144	0.01927	0.00336	0.34778	0.00850	0.00403	0.01078
21	0.01322	0.01041	0.01523	0.01480	0.01610	0.01257	0.01154	0.01604	0.01388	0.02016	0.02222	0.03372	0.02114	0.09197	0.55582	0.01258	0.09682	0.00932	0.00461	0.00786
22	0.01246	0.00935	0.01402	0.01402	0.01558	0.01090	0.01090	0.01558	0.01402	0.02025	0.02336	0.03427	0.02181	0.06542	0.65888	0.01402	0.02336	0.00935	0.00467	0.00779
23	0.02332	0.69869	0.04571	0.01493	0.02239	0.03451	0.01493	0.02612	0.01772	0.02052	0.01213	0.01399	0.01119	0.00746	0.00560	0.00187	0.00933	0.00466	0.00373	0.01119
24	0.75506	0.01687	0.01282	0.01147	0.01687	0.01957	0.00945	0.02564	0.01484	0.03914	0.01215	0.01417	0.00945	0.00810	0.00540	0.00270	0.00675	0.00472	0.00540	0.00945
25	0.01436	0.01261	0.02112	0.01940	0.06046	0.01253	0.13096	0.01772	0.01696	0.02302	0.06422	0.07749	0.10901	0.16055	0.21238	0.00734	0.01340	0.01242	0.00561	0.00844
26	0.02074	0.02204	0.07124	0.16111	0.30747	0.02113	0.18177	0.05624	0.02061	0.02850	0.01676	0.02221	0.01315	0.00800	0.00908	0.00275	0.01186	0.00838	0.00445	0.01250
27	0.02117	0.02324	0.09853	0.05059	0.57710	0.02068	0.02733	0.02686	0.01971	0.02841	0.01633	0.02126	0.01353	0.00783	0.00860	0.00261	0.01062	0.00764	0.00425	0.01372
28	0.03145	0.02135	0.02346	0.01825	0.02437	0.02308	0.01477	0.46888	0.03566	0.12311	0.02338	0.02633	0.01768	0.09191	0.01298	0.00332	0.00919	0.00854	0.00857	0.01370
29	0.01263	0.00867	0.01058	0.01058	0.01095	0.00904	0.00662	0.01337	0.01300	0.01771	0.02650	0.05166	0.02936	0.54417	0.19045	0.00978	0.01200	0.01189	0.00514	0.00588
30	0.02159	0.02073	0.03541	0.05354	0.63903	0.02073	0.02677	0.02677	0.01986	0.02850	0.01641	0.02159	0.01382	0.00777	0.00864	0.00259	0.01036	0.00777	0.00432	0.01382
31	0.01143	0.00942	0.01012	0.00997	0.01276	0.00843	0.00746	0.01539	0.05915	0.02645	0.18470	0.10816	0.46383	0.02091	0.01026	0.00294	0.00455	0.01770	0.00843	0.00792
32	0.03312	0.02555	0.02608	0.02023	0.02705	0.06832	0.01660	0.57235	0.03995	0.05278	0.02045	0.02060	0.01460	0.01037	0.00867	0.00259	0.01000	0.00771	0.00845	0.01453
33	0.02953	0.03329	0.03132	0.02674	0.06366	0.36645	0.14415	0.14337	0.02670	0.02960	0.01597	0.01872	0.01249	0.00886	0.00859	0.00249	0.01405	0.00717	0.00528	0.01157
34	0.16365	0.10896	0.06498	0.01958	0.02477	0.30492	0.01648	0.07246	0.02152	0.02741	0.01352	0.01619	0.01118	0.00946	0.00971	0.00253	0.09156	0.00580	0.00475	0.01057
35	0.02602	0.01826	0.02021	0.01742	0.02285	0.02016	0.01377	0.07896	0.46378	0.16471	0.03441	0.03126	0.02488	0.01154	0.00885	0.00288	0.00717	0.00952	0.00927	0.01408
36	0.01268	0.00846	0.00951	0.00951	0.00951	0.00846	0.00529	0.01268	0.01268	0.01691	0.02748	0.05708	0.03171	0.69345	0.04440	0.00846	0.00846	0.01268	0.00529	0.00529
37	0.01262	0.00870	0.01072	0.01072	0.01114	0.00911	0.00679	0.01346	0.01304	0.01781	0.02638	0.05096	0.02906	0.52503	0.20918	0.00995	0.01245	0.01179	0.00512	0.00596
38	0.01246	0.00935	0.01402	0.01402	0.01558	0.01090	0.01090	0.01558	0.01402	0.02025	0.02336	0.03427	0.02181	0.06542	0.65888	0.01402	0.02336	0.00935	0.00467	0.00779
39	0.01098	0.00780	0.01033	0.01222	0.01279	0.00736	0.00829	0.01256	0.01665	0.02216	0.04661	0.60899	0.05552	0.07066	0.01337	0.00389	0.00547	0.05939	0.00791	0.00703
40	0.01309	0.01057	0.01192	0.01206	0.01454	0.01045	0.00883	0.02012	0.14874	0.02727	0.12898	0.26391	0.25445	0.02106	0.01026	0.00312	0.00512	0.01831	0.00844	0.00876
41	0.03028	0.02272	0.02463	0.01870	0.02583	0.02410	0.01538	0.49746	0.03663	0.04989	0.01990	0.02040	0.01447	0.00970	0.00829	0.00236	0.00900	0.00734	0.00805	0.15486
42	0.02802	0.24099	0.03178	0.02112	0.05504	0.29463	0.01665	0.09998	0.05567	0.02622	0.01517	0.01715	0.01261	0.00907	0.00832	0.00230	0.04297	0.00601	0.00495	0.01136
43	0.02449	0.64821	0.04383	0.01497	0.02238	0.03291	0.01477	0.02733	0.01826	0.06663	0.01377	0.01515	0.01196	0.00771	0.00583	0.00193	0.00919	0.00497	0.00425	0.01146
44	0.02454	0.02632	0.03254	0.04521	0.47490	0.19173	0.02411	0.02893	0.02116	0.02658	0.01562	0.02002	0.01312	0.00810	0.00843	0.00250	0.01180	0.00719	0.00437	0.01282
45	0.02867	0.02612	0.03049	0.02533	0.06972	0.14064	0.13644	0.31038	0.03104	0.04014	0.01908	0.02129	0.01426	0.00937	0.00871	0.00258	0.01146	0.00795	0.05348	0.01285
46	0.01125	0.00854	0.01037	0.01063	0.01254	0.00765	0.00770	0.01408	0.02106	0.02803	0.30789	0.23794	0.24721	0.02170	0.01052	0.00302	0.00446	0.01901	0.00873	0.00765
47	0.01268	0.00846	0.00951	0.00951	0.00951	0.00846	0.00529	0.01268	0.01268	0.01691	0.02748	0.05708	0.03171	0.69345	0.04440	0.00846	0.00846	0.01268	0.00529	0.00529
48	0.01793	0.01758	0.02052	0.25293	0.03359	0.12608	0.01684	0.02178	0.01743	0.02204	0.01952	0.05634	0.01735	0.02703	0.20350	0.00614	0.05760	0.00866	0.04816	0.00897
49	0.02277	0.27543	0.03301	0.14137	0.03038	0.10253	0.01761	0.06832	0.01938	0.02398	0.01361	0.01765	0.01169	0.00958	0.01124	0.00252	0.14121	0.00620	0.00431	0.04721
50	0.01938	0.01501	0.01589	0.01414	0.01775	0.04432	0.01111	0.17583	0.05219	0.03341	0.07756	0.04700	0.15402	0.05973	0.10573	0.00469	0.00957	0.04500	0.08777	0.00990
51	0.02919	0.02112	0.02296	0.01921	0.05768	0.06058	0.01469	0.30449	0.03045	0.12759	0.02149	0.02204	0.01559	0.00944	0.00805	0.00230	0.00874	0.00731	0.05461	0.16249
52	0.01699	0.14564	0.02232	0.01586	0.01937	0.09120	0.05511	0.01958	0.01857	0.02287	0.03491	0.32969	0.06400	0.01835	0.00940	0.00291	0.00809	0.05176	0.00641	0.04698
53	0.02752	0.02954	0.02457	0.02135	0.02503	0.30882	0.01683	0.14067	0.05165	0.02831	0.01606	0.01954	0.01337	0.01466	0.05580	0.00351	0.17955	0.00699	0.00535	0.01089
54	0.02554	0.06298	0.07416	0.02843	0.15138	0.33437	0.05765	0.02934	0.02155	0.02363	0.01698	0.05571	0.01510	0.01312	0.04975	0.00320	0.01397	0.00767	0.00457	0.01091
55	0.02092	0.02667	0.13904	0.02138	0.05444	0.17569	0.01822	0.02545	0.04615	0.02377	0.01858	0.06387	0.01674	0.01662	0.05585	0.05846	0.14717	0.00825	0.05279	0.00994

[dist]
# distance from previous block
# <min> <max>
6	59

[block]
# block no. 9 follows, 20 sequences, length 14
# corresponding to MSA columns:
# 400-413
name=unknown_J
#
# <colnr> <probs for GDERKNQSTAVLIFYWHMCP>
#	G	D	E	R	K	N	Q	S	T	A	V	L	I	F	Y	W	H	M	C	P
0	0.02056	0.06708	0.02547	0.01965	0.02306	0.07984	0.06610	0.10572	0.02072	0.02698	0.03048	0.03360	0.14456	0.01689	0.05035	0.00365	0.23973	0.00987	0.00558	0.01011
1	0.02597	0.11997	0.03328	0.03625	0.32907	0.11565	0.02143	0.15673	0.02493	0.03220	0.01639	0.01954	0.01330	0.00850	0.00812	0.00245	0.01082	0.00704	0.00523	0.01314
2	0.09569	0.03399	0.02323	0.02059	0.02493	0.45882	0.01582	0.03103	0.02176	0.02362	0.01331	0.01623	0.01126	0.00944	0.01007	0.00239	0.09579	0.00574	0.00456	0.08175
3	0.02276	0.02172	0.02591	0.07612	0.26032	0.13399	0.01866	0.02681	0.02053	0.06716	0.02237	0.02522	0.06165	0.00908	0.00816	0.00230	0.00992	0.00769	0.00523	0.17441
4	0.01396	0.01135	0.01606	0.01522	0.01617	0.01398	0.01176	0.01628	0.01365	0.01985	0.02143	0.03477	0.02119	0.16050	0.41571	0.01082	0.16541	0.00953	0.00459	0.00775
5	0.01049	0.00884	0.00908	0.00902	0.01189	0.00744	0.00677	0.01286	0.02030	0.02455	0.13565	0.08232	0.58759	0.02172	0.01031	0.00293	0.00439	0.01818	0.00823	0.00744
6	0.01246	0.00935	0.01402	0.01402	0.01558	0.01090	0.01090	0.01558	0.01402	0.02025	0.02336	0.03427	0.02181	0.06542	0.65888	0.01402	0.02336	0.00935	0.00467	0.00779
