[name]
unknown

[dist]
# distance from previous block
# <min> <max>
0	4

[block]
# block no. 0 follows, 21 sequences, length 17
# corresponding to MSA columns:
# 4-20
name=unknown_A
#
# <colnr> <probs for GDERKNQSTAVLIFYWHMCP>
#	G	D	E	R	K	N	Q	S	T	A	V	L	I	F	Y	W	H	M	C	P
0	0.01491	0.01149	0.01711	0.02163	0.12028	0.01149	0.01573	0.01901	0.01956	0.02585	0.04033	0.08379	0.04319	0.02091	0.01121	0.00369	0.00821	0.49561	0.00725	0.00876
1	0.02028	0.08092	0.03324	0.04513	0.53730	0.02032	0.02340	0.02488	0.01919	0.02669	0.02161	0.02558	0.06702	0.00875	0.00830	0.00249	0.00952	0.00819	0.00448	0.01271
2	0.45166	0.05293	0.19826	0.07525	0.02627	0.01987	0.01706	0.02529	0.01582	0.03275	0.01312	0.01579	0.00992	0.00798	0.00637	0.00264	0.00882	0.00535	0.00459	0.01026
3	0.02738	0.03124	0.02131	0.01900	0.02337	0.42841	0.01450	0.11999	0.02529	0.02619	0.02659	0.02781	0.11463	0.01380	0.04091	0.00293	0.01300	0.00802	0.00560	0.01003
4	0.01585	0.01366	0.01520	0.01479	0.01691	0.08532	0.01127	0.07103	0.01772	0.02330	0.02608	0.15599	0.02615	0.04573	0.40888	0.00944	0.01735	0.01144	0.00553	0.00834
5	0.14352	0.38871	0.03199	0.01531	0.02106	0.14899	0.01361	0.02586	0.01772	0.02310	0.01332	0.01623	0.01182	0.01404	0.08046	0.00336	0.01142	0.00525	0.00415	0.01007
6	0.02642	0.01927	0.02144	0.01729	0.02244	0.02136	0.01399	0.43630	0.03216	0.04377	0.02159	0.02543	0.01706	0.05657	0.14447	0.00509	0.01179	0.00821	0.04309	0.01228
7	0.01862	0.01328	0.01467	0.01279	0.01551	0.01407	0.00933	0.20515	0.02233	0.03013	0.03110	0.04409	0.09262	0.31019	0.08260	0.00598	0.00923	0.01096	0.04866	0.00871
8	0.02844	0.13208	0.02611	0.01710	0.02330	0.02494	0.01445	0.43764	0.03317	0.04506	0.02008	0.02095	0.01494	0.00970	0.00765	0.00235	0.00855	0.00720	0.11331	0.01296
9	0.02143	0.02112	0.03351	0.08144	0.58354	0.05687	0.02545	0.02635	0.01953	0.02711	0.01580	0.02082	0.01323	0.00770	0.00839	0.00252	0.01047	0.00746	0.00420	0.01308
10	0.01814	0.13434	0.26805	0.02016	0.02728	0.07035	0.05026	0.02385	0.01758	0.02393	0.05347	0.02307	0.01712	0.01970	0.13479	0.00470	0.07110	0.00733	0.00424	0.01056
11	0.05901	0.02960	0.02452	0.02558	0.14261	0.33400	0.01703	0.14680	0.02543	0.03030	0.01633	0.01877	0.01299	0.00889	0.00773	0.00233	0.01183	0.00648	0.06850	0.01127
12	0.10654	0.01842	0.01760	0.01479	0.01880	0.07303	0.01124	0.26722	0.02561	0.03521	0.02593	0.03496	0.06760	0.22480	0.01898	0.00432	0.00882	0.00939	0.00671	0.01003
13	0.01894	0.26254	0.45475	0.02106	0.03188	0.02435	0.02587	0.02647	0.01774	0.02466	0.01414	0.01654	0.01083	0.00782	0.00722	0.00241	0.01143	0.00571	0.00361	0.01203
14	0.11199	0.15046	0.05319	0.02194	0.09388	0.26907	0.01643	0.07401	0.02127	0.02621	0.01461	0.01764	0.01223	0.01330	0.06649	0.00330	0.01270	0.00598	0.00464	0.01065
15	0.25969	0.31629	0.18878	0.01592	0.02389	0.02545	0.01710	0.02570	0.01656	0.02763	0.01271	0.01480	0.01034	0.00768	0.00606	0.00230	0.00917	0.00501	0.00415	0.01079
16	0.02077	0.29928	0.26022	0.02447	0.09839	0.05863	0.07673	0.02667	0.01837	0.02404	0.01407	0.01693	0.01134	0.00767	0.00725	0.00232	0.01124	0.00605	0.00379	0.01179

[dist]
# distance from previous block
# <min> <max>
0	6

[block]
# block no. 1 follows, 21 sequences, length 30
# corresponding to MSA columns:
# 27-56
name=unknown_B
#
# <colnr> <probs for GDERKNQSTAVLIFYWHMCP>
#	G	D	E	R	K	N	Q	S	T	A	V	L	I	F	Y	W	H	M	C	P
0	0.02702	0.03180	0.02965	0.03422	0.26216	0.38317	0.05677	0.03060	0.02208	0.02385	0.01448	0.01797	0.01203	0.00822	0.00810	0.00236	0.01331	0.00655	0.00431	0.01133
1	0.01962	0.01919	0.01966	0.04781	0.11137	0.11192	0.01432	0.03133	0.27142	0.02848	0.04137	0.04042	0.18149	0.01304	0.00884	0.00273	0.00804	0.01080	0.00700	0.01115
2	0.02093	0.02154	0.02184	0.01897	0.02152	0.19283	0.05094	0.02381	0.01760	0.02325	0.01670	0.02219	0.01447	0.01749	0.09437	0.00406	0.23134	0.00728	0.14141	0.03748
3	0.02923	0.18543	0.02908	0.04701	0.02666	0.36140	0.01626	0.15624	0.02567	0.02767	0.01449	0.01635	0.01172	0.00873	0.00739	0.00221	0.01250	0.00582	0.00507	0.01107
4	0.02363	0.03805	0.30682	0.02678	0.10172	0.24137	0.04789	0.06657	0.02170	0.02665	0.01503	0.01777	0.01146	0.00836	0.00809	0.00250	0.01311	0.00639	0.00427	0.01183
5	0.02106	0.02022	0.03454	0.05223	0.64784	0.02022	0.02612	0.02612	0.01938	0.02780	0.01601	0.02106	0.01348	0.00758	0.00842	0.00253	0.01011	0.00758	0.00421	0.01348
6	0.10930	0.02904	0.02732	0.03383	0.29421	0.31396	0.01982	0.02957	0.02098	0.02580	0.01424	0.01765	0.01186	0.00816	0.00773	0.00239	0.01209	0.00629	0.00441	0.01136
7	0.02080	0.06637	0.09317	0.04721	0.55081	0.02104	0.02587	0.02615	0.01911	0.02722	0.01567	0.02030	0.01306	0.00761	0.00820	0.00250	0.01028	0.00727	0.00412	0.01323
8	0.01122	0.00899	0.01023	0.01086	0.01344	0.00801	0.00876	0.01393	0.01946	0.02377	0.07317	0.08637	0.45567	0.02217	0.01060	0.00320	0.00543	0.19944	0.00788	0.00739
9	0.01186	0.00920	0.01113	0.01209	0.01452	0.00847	0.01004	0.01488	0.01949	0.02421	0.06594	0.08884	0.35111	0.02252	0.01089	0.00339	0.00605	0.30000	0.00787	0.00751
10	0.01465	0.01253	0.01876	0.13154	0.16101	0.01273	0.01555	0.01875	0.01986	0.02634	0.14647	0.05869	0.16809	0.01603	0.00982	0.00299	0.00750	0.14281	0.00665	0.00924
11	0.02206	0.02211	0.03357	0.04941	0.58993	0.08046	0.02522	0.02685	0.01982	0.02715	0.01574	0.02053	0.01325	0.00769	0.00835	0.00250	0.01060	0.00739	0.00423	0.01314
12	0.01216	0.00912	0.01368	0.01368	0.01520	0.01064	0.01064	0.01520	0.01368	0.01976	0.02279	0.03343	0.02127	0.06382	0.66720	0.01368	0.02279	0.00912	0.00456	0.00760
13	0.01298	0.00927	0.01287	0.01483	0.01647	0.00916	0.01243	0.01636	0.01886	0.02464	0.04546	0.22797	0.05059	0.02420	0.01156	0.00382	0.00720	0.46585	0.00785	0.00763
14	0.03212	0.03058	0.02497	0.02053	0.02636	0.28461	0.01628	0.38338	0.03360	0.04040	0.01750	0.01838	0.01306	0.00963	0.00817	0.00241	0.01178	0.00678	0.00685	0.01261
15	0.01938	0.01554	0.01652	0.01493	0.01935	0.01699	0.01159	0.03643	0.43477	0.07193	0.04792	0.04456	0.18579	0.01407	0.00901	0.00287	0.00614	0.01171	0.00858	0.01191
16	0.01405	0.00922	0.01156	0.01067	0.01329	0.00826	0.00811	0.01760	0.02310	0.08945	0.46609	0.06431	0.19672	0.01766	0.00990	0.00272	0.00438	0.01531	0.00916	0.00845
17	0.14749	0.03919	0.54388	0.02197	0.03326	0.01965	0.02755	0.02661	0.01736	0.02892	0.01467	0.01724	0.01051	0.00805	0.00759	0.00268	0.01153	0.00599	0.00389	0.01199
18	0.02408	0.14216	0.27720	0.02241	0.03181	0.02050	0.13170	0.03055	0.01991	0.18943	0.01984	0.02104	0.01388	0.00842	0.00813	0.00257	0.01093	0.00729	0.00554	0.01260
19	0.39231	0.13424	0.23636	0.01616	0.02422	0.02161	0.01760	0.02575	0.01611	0.03151	0.01301	0.01520	0.01002	0.00787	0.00625	0.00253	0.00901	0.00517	0.00444	0.01063
20	0.01310	0.00935	0.01301	0.01497	0.01666	0.00926	0.01264	0.01656	0.01898	0.02478	0.04540	0.20655	0.05032	0.02409	0.01159	0.00383	0.00730	0.48609	0.00785	0.00767
21	0.02015	0.02225	0.10334	0.04679	0.53952	0.01952	0.02594	0.02568	0.01923	0.02756	0.01774	0.02541	0.01540	0.00864	0.00860	0.00263	0.01025	0.04396	0.00437	0.01302
22	0.01986	0.08492	0.51360	0.02326	0.03415	0.12788	0.02790	0.02802	0.01894	0.02550	0.01471	0.01726	0.01082	0.00815	0.00785	0.00256	0.01282	0.00605	0.00373	0.01202
23	0.06465	0.22277	0.33513	0.02290	0.03282	0.02392	0.13338	0.02648	0.01796	0.02576	0.01446	0.01743	0.01112	0.00768	0.00754	0.00248	0.01157	0.00639	0.00384	0.01171
24	0.01800	0.02936	0.33725	0.01919	0.02743	0.01752	0.02120	0.12229	0.06034	0.03071	0.03206	0.10561	0.11710	0.01287	0.00882	0.00280	0.00952	0.01058	0.00589	0.01146
25	0.01926	0.22730	0.17258	0.01950	0.08122	0.06104	0.01758	0.02401	0.01977	0.04935	0.13498	0.03176	0.08660	0.01094	0.00788	0.00240	0.00893	0.00872	0.00544	0.01072
26	0.02870	0.03332	0.03008	0.02703	0.08758	0.40707	0.12808	0.10555	0.02493	0.02678	0.01508	0.01792	0.01200	0.00855	0.00829	0.00239	0.01392	0.00679	0.00487	0.01108
27	0.01752	0.01235	0.01414	0.01268	0.01525	0.01312	0.00940	0.16824	0.02149	0.02976	0.05668	0.06953	0.07640	0.21734	0.13986	0.00622	0.01009	0.01116	0.09013	0.00865
28	0.02265	0.01648	0.01829	0.01563	0.01947	0.01772	0.01194	0.34228	0.02854	0.03821	0.02918	0.22239	0.02935	0.12948	0.01496	0.00376	0.00789	0.01325	0.00778	0.01073
29	0.06785	0.31704	0.14904	0.01996	0.06259	0.08740	0.01845	0.02540	0.01732	0.02303	0.01342	0.01679	0.01159	0.01181	0.04780	0.00302	0.08703	0.00574	0.00390	0.01080

[dist]
# distance from previous block
# <min> <max>
0	1

[block]
# block no. 2 follows, 21 sequences, length 9
# corresponding to MSA columns:
# 58-66
name=unknown_C
#
# <colnr> <probs for GDERKNQSTAVLIFYWHMCP>
#	G	D	E	R	K	N	Q	S	T	A	V	L	I	F	Y	W	H	M	C	P
0	0.02186	0.02183	0.02000	0.05726	0.06318	0.21175	0.01429	0.11441	0.02369	0.02880	0.14035	0.03269	0.05788	0.02120	0.12852	0.00452	0.01251	0.00924	0.00613	0.00989
1	0.01941	0.02358	0.14565	0.04349	0.48337	0.01905	0.02544	0.02511	0.01912	0.02724	0.02175	0.02559	0.06578	0.00884	0.00850	0.00259	0.01007	0.00822	0.00441	0.01279
2	0.01865	0.01408	0.01780	0.01904	0.08384	0.01463	0.01327	0.19655	0.02429	0.03256	0.03542	0.32087	0.03803	0.01920	0.01005	0.00317	0.00730	0.11353	0.00769	0.01002
3	0.02761	0.24089	0.03175	0.02370	0.10738	0.38787	0.01715	0.03035	0.02141	0.02151	0.01313	0.01559	0.01128	0.00816	0.00710	0.00212	0.01275	0.00548	0.00413	0.01067
4	0.02685	0.09593	0.15705	0.05499	0.06216	0.02507	0.02003	0.37747	0.03098	0.04184	0.01801	0.01939	0.01315	0.00926	0.00811	0.00252	0.01013	0.00706	0.00655	0.01342
5	0.07487	0.22120	0.02883	0.01818	0.02347	0.26560	0.01508	0.12855	0.02362	0.02797	0.04722	0.01838	0.01512	0.00935	0.00832	0.00229	0.04986	0.00617	0.00516	0.01077
6	0.01308	0.13566	0.01619	0.01133	0.01426	0.01266	0.00883	0.01628	0.05100	0.02268	0.05575	0.28736	0.28421	0.02025	0.00943	0.00289	0.00554	0.01731	0.00717	0.00811
7	0.03235	0.02384	0.02554	0.01958	0.02639	0.02639	0.01618	0.61946	0.04001	0.05363	0.02043	0.02043	0.01447	0.01022	0.00851	0.00255	0.00936	0.00766	0.00851	0.01447
8	0.02390	0.23546	0.02967	0.02145	0.10183	0.19927	0.01575	0.08784	0.02143	0.02487	0.01914	0.02212	0.04763	0.01631	0.09477	0.00372	0.01251	0.00685	0.00478	0.01069

[dist]
# distance from previous block
# <min> <max>
0	3

[block]
# block no. 3 follows, 21 sequences, length 21
# corresponding to MSA columns:
# 70-90
name=unknown_D
#
# <colnr> <probs for GDERKNQSTAVLIFYWHMCP>
#	G	D	E	R	K	N	Q	S	T	A	V	L	I	F	Y	W	H	M	C	P
0	0.02418	0.16453	0.17619	0.02006	0.02658	0.31251	0.01891	0.02839	0.02008	0.02199	0.01459	0.01786	0.01218	0.01509	0.08836	0.00365	0.01442	0.00594	0.00408	0.01043
1	0.08829	0.06591	0.35160	0.02766	0.07397	0.02091	0.19891	0.02674	0.01831	0.02781	0.01540	0.01901	0.01143	0.00773	0.00829	0.00269	0.01221	0.00722	0.00400	0.01192
2	0.05366	0.01255	0.01353	0.01207	0.01492	0.01327	0.00895	0.12582	0.08984	0.03260	0.14262	0.04273	0.05700	0.18673	0.01704	0.00396	0.00646	0.01080	0.14640	0.00905
3	0.19219	0.12115	0.38688	0.02073	0.03065	0.02151	0.06315	0.02633	0.01721	0.02871	0.01416	0.01678	0.01057	0.00788	0.00722	0.00258	0.01085	0.00592	0.00404	0.01150
4	0.05794	0.17298	0.35211	0.02520	0.06539	0.02293	0.13638	0.02656	0.01812	0.02622	0.01479	0.01796	0.01127	0.00771	0.00778	0.00254	0.01176	0.00662	0.00386	0.01190
5	0.27491	0.02607	0.13889	0.04148	0.02576	0.09988	0.01668	0.16460	0.02314	0.08994	0.01662	0.01793	0.01203	0.00882	0.00724	0.00258	0.00965	0.00618	0.00599	0.01160
6	0.03139	0.02698	0.02528	0.02024	0.02613	0.15912	0.01638	0.46133	0.03506	0.04480	0.01835	0.01927	0.01354	0.01020	0.00953	0.00255	0.05210	0.00720	0.00736	0.01320
7	0.01257	0.00874	0.01179	0.01179	0.01289	0.00965	0.00852	0.01477	0.01367	0.01988	0.02449	0.04009	0.02429	0.25400	0.41392	0.01092	0.01657	0.01000	0.07457	0.00688
8	0.01430	0.01078	0.01292	0.01219	0.01494	0.01013	0.00902	0.08874	0.02184	0.02983	0.20682	0.29247	0.12271	0.01925	0.00975	0.00282	0.00531	0.01690	0.00806	0.09121
9	0.09177	0.60583	0.07438	0.01476	0.02214	0.03156	0.01496	0.02552	0.01706	0.02210	0.01202	0.01390	0.01075	0.00738	0.00558	0.00194	0.00905	0.00465	0.00379	0.01085
10	0.03235	0.02384	0.02554	0.01958	0.02639	0.02639	0.01618	0.61946	0.04001	0.05363	0.02043	0.02043	0.01447	0.01022	0.00851	0.00255	0.00936	0.00766	0.00851	0.01447
11	0.02052	0.04321	0.50868	0.02371	0.03437	0.17125	0.02793	0.02860	0.01941	0.02552	0.01478	0.01735	0.01082	0.00825	0.00799	0.00258	0.01323	0.00610	0.00378	0.01194
12	0.02078	0.47647	0.25690	0.01792	0.02704	0.02885	0.02042	0.02599	0.01753	0.02242	0.01302	0.01515	0.01087	0.00756	0.00637	0.00212	0.01031	0.00515	0.00362	0.01150
13	0.02396	0.35308	0.03560	0.01917	0.02416	0.18971	0.04486	0.02657	0.01818	0.02067	0.01227	0.01563	0.01108	0.00935	0.01126	0.00239	0.16217	0.00569	0.00388	0.01032
14	0.01012	0.00839	0.00886	0.00923	0.01165	0.00713	0.00673	0.01214	0.01881	0.02275	0.07884	0.19697	0.53407	0.02251	0.01021	0.00298	0.00443	0.01913	0.00790	0.00713
15	0.01061	0.00871	0.00938	0.00941	0.01208	0.00749	0.00718	0.01316	0.02014	0.02488	0.17005	0.07997	0.51791	0.02103	0.01017	0.00291	0.00449	0.05495	0.00813	0.00736
16	0.01037	0.00741	0.00987	0.01185	0.01234	0.00691	0.00790	0.01185	0.01629	0.02172	0.04690	0.69537	0.05629	0.02666	0.01086	0.00346	0.00494	0.02419	0.00790	0.00691
17	0.02337	0.01863	0.02025	0.01751	0.02244	0.02104	0.01393	0.22388	0.35060	0.03933	0.03044	0.06032	0.02446	0.01544	0.04769	0.00349	0.00850	0.03749	0.00830	0.01289
18	0.09208	0.64129	0.04158	0.01424	0.02134	0.03230	0.01406	0.02544	0.01703	0.02173	0.01183	0.01367	0.01076	0.00734	0.00544	0.00190	0.00886	0.00456	0.00379	0.01076
19	0.09072	0.27444	0.20372	0.06595	0.12012	0.02433	0.02082	0.02663	0.01792	0.06224	0.01488	0.01743	0.01173	0.00787	0.00697	0.00235	0.00999	0.00591	0.00428	0.01170
20	0.02398	0.44358	0.13722	0.01784	0.02528	0.18089	0.01769	0.02772	0.01901	0.02132	0.01269	0.01474	0.01091	0.00776	0.00640	0.00205	0.01113	0.00505	0.00381	0.01094

[dist]
# distance from previous block
# <min> <max>
97	296

[block]
# block no. 4 follows, 21 sequences, length 213
# corresponding to MSA columns:
# 418-630
name=unknown_E
#
# <colnr> <probs for GDERKNQSTAVLIFYWHMCP>
#	G	D	E	R	K	N	Q	S	T	A	V	L	I	F	Y	W	H	M	C	P
0	0.01888	0.01629	0.02269	0.01896	0.05386	0.01500	0.09790	0.10182	0.06282	0.03043	0.02400	0.15831	0.02278	0.01153	0.00833	0.00228	0.00779	0.01045	0.00619	0.30969
1	0.04692	0.01485	0.04735	0.01443	0.01720	0.01524	0.01181	0.10252	0.02068	0.02909	0.16911	0.04602	0.14467	0.12531	0.01852	0.00380	0.14518	0.01176	0.00670	0.00887
2	0.02094	0.27587	0.10145	0.01839	0.02440	0.13843	0.07187	0.02482	0.01827	0.02218	0.01709	0.05270	0.01542	0.01743	0.10901	0.00400	0.01278	0.00725	0.03759	0.01012
3	0.01840	0.01561	0.01757	0.01723	0.05034	0.01728	0.01273	0.03542	0.42188	0.03314	0.12036	0.04456	0.09216	0.01389	0.00917	0.00291	0.00639	0.05079	0.00841	0.01177
4	0.01871	0.02112	0.11318	0.04063	0.43725	0.01820	0.02367	0.02400	0.01803	0.02605	0.01730	0.02318	0.01471	0.01914	0.14291	0.00483	0.01303	0.00772	0.00420	0.01216
5	0.01932	0.28605	0.37121	0.05043	0.03159	0.02493	0.02399	0.02704	0.04705	0.02457	0.01492	0.01725	0.01158	0.00797	0.00716	0.00239	0.01096	0.00586	0.00386	0.01186
6	0.02450	0.07458	0.02530	0.02602	0.18629	0.18883	0.01663	0.13888	0.02421	0.03032	0.02375	0.02585	0.07289	0.00995	0.00789	0.00236	0.01000	0.00784	0.09262	0.01129
7	0.01418	0.01084	0.01427	0.01618	0.09778	0.01013	0.01041	0.01847	0.04938	0.05867	0.28911	0.10368	0.23941	0.01742	0.00975	0.00278	0.00526	0.01516	0.00815	0.00897
8	0.01907	0.01470	0.01660	0.01479	0.01836	0.01619	0.01130	0.13173	0.22127	0.03165	0.02814	0.07053	0.02461	0.12013	0.13961	0.00556	0.01021	0.01009	0.05078	0.04467
9	0.09353	0.02745	0.01828	0.01691	0.01999	0.38404	0.01228	0.02602	0.01933	0.02119	0.01740	0.02750	0.01697	0.20464	0.05629	0.00460	0.01299	0.00753	0.00469	0.00836
10	0.01413	0.01410	0.05677	0.01648	0.02102	0.01148	0.13368	0.01811	0.01865	0.02536	0.04608	0.15562	0.21838	0.01621	0.00944	0.00279	0.00737	0.05694	0.07596	0.08142
11	0.07240	0.07954	0.40055	0.02204	0.03163	0.17390	0.02474	0.05316	0.02007	0.02698	0.01455	0.01691	0.01088	0.00828	0.00766	0.00251	0.01248	0.00594	0.00410	0.01169
12	0.01915	0.01832	0.03178	0.02469	0.03040	0.01849	0.28630	0.08282	0.14592	0.02995	0.02708	0.15388	0.02451	0.01530	0.04710	0.00357	0.01100	0.01239	0.00629	0.01107
13	0.01247	0.00919	0.01209	0.01353	0.01547	0.00881	0.01123	0.01573	0.01937	0.02499	0.08717	0.17129	0.16581	0.02321	0.01121	0.00359	0.00656	0.37273	0.00794	0.00760
14	0.06333	0.16477	0.15561	0.02366	0.02990	0.02493	0.16103	0.02461	0.01660	0.02427	0.01356	0.01822	0.01134	0.00980	0.01398	0.00287	0.21977	0.00708	0.00391	0.01077
15	0.01759	0.04658	0.01643	0.01516	0.01775	0.10874	0.01189	0.02382	0.12550	0.02470	0.05908	0.08318	0.03563	0.15674	0.01667	0.00420	0.00861	0.21224	0.00681	0.00868
16	0.02765	0.07979	0.02587	0.05122	0.02708	0.45131	0.04522	0.05822	0.02299	0.02284	0.01902	0.02128	0.05824	0.00990	0.00889	0.00237	0.04653	0.00686	0.00473	0.00999
17	0.01809	0.03318	0.39959	0.02564	0.11357	0.01931	0.02546	0.02983	0.14406	0.02932	0.06227	0.02431	0.01900	0.00936	0.00838	0.00271	0.01047	0.00776	0.00511	0.01257
18	0.02162	0.02290	0.06675	0.06953	0.39867	0.08088	0.02283	0.03060	0.14483	0.02841	0.01946	0.02260	0.01554	0.00858	0.00839	0.00259	0.01011	0.00772	0.00508	0.01290
19	0.02157	0.02138	0.03341	0.07907	0.57822	0.06437	0.02534	0.02645	0.01959	0.02705	0.01577	0.02075	0.01321	0.00771	0.00838	0.00252	0.01052	0.00744	0.00420	0.01305
20	0.03131	0.07721	0.02538	0.02135	0.02606	0.58701	0.01632	0.07353	0.02482	0.02302	0.01358	0.01560	0.01120	0.00878	0.00761	0.00220	0.01458	0.00558	0.00462	0.01024
21	0.05699	0.15723	0.02529	0.01750	0.05820	0.01991	0.01375	0.14392	0.05070	0.23964	0.06039	0.07467	0.02301	0.01116	0.00804	0.00252	0.00780	0.00895	0.00782	0.01252
22	0.01252	0.00864	0.01038	0.01128	0.01267	0.00831	0.00798	0.04328	0.01801	0.02474	0.04663	0.40815	0.12551	0.06871	0.01221	0.00348	0.00532	0.05159	0.11318	0.00740
23	0.01238	0.00825	0.00928	0.00928	0.00928	0.00825	0.00516	0.01238	0.01238	0.01650	0.02681	0.05569	0.03094	0.70092	0.04331	0.00825	0.00825	0.01238	0.00516	0.00516
24	0.01879	0.27222	0.11093	0.01543	0.02054	0.08847	0.01440	0.02196	0.01642	0.02030	0.01754	0.02650	0.01686	0.15200	0.14843	0.00563	0.01285	0.00731	0.00419	0.00925
25	0.01429	0.01033	0.01371	0.01462	0.01690	0.01028	0.01243	0.05127	0.02162	0.02865	0.16245	0.08475	0.07868	0.02147	0.01116	0.00355	0.00702	0.42038	0.00818	0.00822
26	0.01823	0.17922	0.53180	0.02228	0.03377	0.02260	0.02799	0.02665	0.01783	0.02554	0.01457	0.01709	0.01081	0.00792	0.00755	0.00252	0.01187	0.00593	0.00360	0.01224
27	0.01046	0.00864	0.00918	0.00905	0.01174	0.00736	0.00679	0.01300	0.02036	0.02526	0.19999	0.07816	0.52919	0.02070	0.01005	0.00283	0.00425	0.01744	0.00820	0.00736
28	0.02078	0.02174	0.07194	0.04988	0.58575	0.02025	0.05192	0.02622	0.01932	0.02773	0.01602	0.02096	0.01330	0.00759	0.00847	0.00255	0.01044	0.00761	0.00418	0.01334
29	0.02498	0.54222	0.03955	0.01637	0.02294	0.18952	0.01502	0.02757	0.01897	0.02022	0.01216	0.01407	0.01093	0.00765	0.00601	0.00191	0.01064	0.00478	0.00382	0.01066
30	0.01020	0.00839	0.00898	0.00933	0.01171	0.00717	0.00681	0.01231	0.01900	0.02322	0.10258	0.19866	0.50750	0.02235	0.01021	0.00298	0.00442	0.01904	0.00796	0.00717
31	0.03184	0.03899	0.02425	0.02170	0.02632	0.60678	0.01642	0.08882	0.02560	0.02390	0.01384	0.01582	0.01129	0.00890	0.00775	0.00223	0.01479	0.00569	0.00477	0.01030
32	0.01892	0.26005	0.45704	0.02109	0.03194	0.02430	0.02593	0.02647	0.01775	0.02469	0.01415	0.01656	0.01083	0.00782	0.00723	0.00241	0.01144	0.00572	0.00361	0.01204
33	0.01478	0.00739	0.01109	0.01109	0.01109	0.00739	0.00739	0.01109	0.01109	0.01478	0.01478	0.02587	0.01478	0.02956	0.03326	0.75240	0.00739	0.00739	0.00370	0.00370
34	0.02106	0.02022	0.03454	0.05223	0.64784	0.02022	0.02612	0.02612	0.01938	0.02780	0.01601	0.02106	0.01348	0.00758	0.00842	0.00253	0.01011	0.00758	0.00421	0.01348
35	0.02202	0.02185	0.14069	0.01709	0.02343	0.01794	0.01604	0.20961	0.10794	0.07916	0.09235	0.03921	0.12660	0.01307	0.00898	0.00275	0.00809	0.03358	0.00768	0.01191
36	0.02106	0.02022	0.03454	0.05223	0.64784	0.02022	0.02612	0.02612	0.01938	0.02780	0.01601	0.02106	0.01348	0.00758	0.00842	0.00253	0.01011	0.00758	0.00421	0.01348
37	0.01400	0.01183	0.01721	0.01615	0.01723	0.01504	0.01291	0.01670	0.01349	0.01996	0.01948	0.02921	0.01839	0.04987	0.48484	0.01084	0.21180	0.00864	0.00432	0.00809
38	0.01580	0.01466	0.02324	0.55892	0.05083	0.01781	0.02103	0.02246	0.06293	0.02291	0.02423	0.02974	0.08060	0.01014	0.00869	0.00284	0.01024	0.00884	0.00459	0.00951
39	0.01460	0.01281	0.01935	0.01749	0.01884	0.01611	0.04111	0.01745	0.01376	0.02033	0.01880	0.02818	0.01764	0.04547	0.43116	0.00998	0.23570	0.00862	0.00428	0.00833
40	0.01037	0.00741	0.00987	0.01185	0.01234	0.00691	0.00790	0.01185	0.01629	0.02172	0.04690	0.69537	0.05629	0.02666	0.01086	0.00346	0.00494	0.02419	0.00790	0.00691
41	0.02034	0.01756	0.01845	0.01667	0.02134	0.02013	0.01295	0.04277	0.58698	0.03466	0.03846	0.03547	0.07186	0.01229	0.00876	0.00289	0.00656	0.01024	0.00860	0.01300
42	0.03235	0.02384	0.02554	0.01958	0.02639	0.02639	0.01618	0.61946	0.04001	0.05363	0.02043	0.02043	0.01447	0.01022	0.00851	0.00255	0.00936	0.00766	0.00851	0.01447
43	0.03235	0.02384	0.02554	0.01958	0.02639	0.02639	0.01618	0.61946	0.04001	0.05363	0.02043	0.02043	0.01447	0.01022	0.00851	0.00255	0.00936	0.00766	0.00851	0.01447
44	0.01235	0.00835	0.00980	0.00980	0.00998	0.00853	0.00580	0.01271	0.01253	0.01688	0.02634	0.05308	0.02981	0.62621	0.11648	0.00889	0.00996	0.01199	0.00509	0.00544
45	0.01607	0.01513	0.02552	0.68047	0.05861	0.01891	0.02363	0.02174	0.01702	0.02174	0.01513	0.02269	0.01134	0.00851	0.00851	0.00284	0.01134	0.00756	0.00378	0.00945
46	0.02011	0.01924	0.03281	0.17261	0.53494	0.01997	0.02564	0.02528	0.01893	0.02664	0.01584	0.02137	0.01307	0.00776	0.00844	0.00259	0.01035	0.00758	0.00413	0.01271
47	0.01192	0.00932	0.01439	0.01483	0.01637	0.00883	0.06605	0.01440	0.01728	0.02296	0.04377	0.51755	0.05082	0.02423	0.01096	0.00349	0.00637	0.13139	0.00755	0.00752
48	0.01970	0.35027	0.37361	0.01977	0.02990	0.02620	0.02363	0.02627	0.01765	0.02375	0.01368	0.01597	0.01085	0.00771	0.00687	0.00229	0.01097	0.00548	0.00362	0.01181
49	0.02069	0.01984	0.03387	0.09884	0.60412	0.02012	0.02593	0.02579	0.01920	0.02735	0.01594	0.02118	0.01332	0.00765	0.00843	0.00255	0.01020	0.00758	0.00418	0.01318
50	0.01783	0.03946	0.53759	0.02962	0.15391	0.01985	0.03042	0.02679	0.01824	0.02711	0.01541	0.01856	0.01130	0.00799	0.00815	0.00266	0.01210	0.00654	0.00371	0.01275
51	0.01106	0.00862	0.01022	0.01120	0.01325	0.00777	0.00865	0.01349	0.01867	0.02330	0.06607	0.23784	0.34818	0.02331	0.01069	0.00328	0.00536	0.16388	0.00789	0.00728
52	0.03182	0.03957	0.02420	0.02179	0.02631	0.62896	0.01643	0.06854	0.02505	0.02276	0.01358	0.01565	0.01117	0.00885	0.00772	0.00221	0.01499	0.00561	0.00463	0.01014
53	0.02043	0.01958	0.03341	0.13129	0.57369	0.02005	0.02580	0.02557	0.01908	0.02704	0.01590	0.02127	0.01321	0.00770	0.00844	0.00257	0.01027	0.00758	0.00416	0.01297
54	0.01571	0.01229	0.01375	0.01341	0.01679	0.01263	0.01062	0.02560	0.22568	0.05352	0.05639	0.09559	0.26064	0.01838	0.00991	0.00311	0.00600	0.13201	0.00825	0.00972
55	0.01035	0.00868	0.00903	0.00909	0.01187	0.00736	0.00691	0.01270	0.01968	0.02377	0.11709	0.08150	0.58212	0.02140	0.01014	0.00291	0.00446	0.04567	0.00799	0.00727
56	0.03179	0.04056	0.02412	0.02192	0.02631	0.66676	0.01644	0.03398	0.02412	0.02083	0.01315	0.01535	0.01096	0.00877	0.00767	0.00219	0.01535	0.00548	0.00438	0.00987
57	0.02992	0.02689	0.02706	0.02678	0.15328	0.17041	0.01827	0.36546	0.03219	0.04092	0.01788	0.01941	0.01347	0.00935	0.00830	0.00247	0.01087	0.00715	0.00670	0.01322
58	0.01823	0.17922	0.53180	0.02228	0.03377	0.02260	0.02799	0.02665	0.01783	0.02554	0.01457	0.01709	0.01081	0.00792	0.00755	0.00252	0.01187	0.00593	0.00360	0.01224
59	0.02250	0.02436	0.02723	0.02303	0.02499	0.17721	0.05889	0.05342	0.01745	0.02265	0.01251	0.01823	0.01140	0.01269	0.02097	0.00325	0.44805	0.00717	0.00415	0.00984
60	0.01036	0.00872	0.00904	0.00921	0.01200	0.00740	0.00707	0.01266	0.01941	0.02320	0.08279	0.08307	0.59497	0.02171	0.01020	0.00296	0.00460	0.06548	0.00790	0.00724
61	0.02511	0.15665	0.10880	0.02098	0.02588	0.31539	0.01853	0.02830	0.01943	0.02138	0.01271	0.01616	0.01098	0.00988	0.01219	0.00256	0.17492	0.00589	0.00399	0.01027
62	0.01326	0.01185	0.02084	0.01820	0.02115	0.01096	0.16812	0.01634	0.01735	0.02346	0.03764	0.48740	0.04287	0.02060	0.01044	0.00320	0.00747	0.01959	0.00682	0.04245
63	0.15418	0.00960	0.01003	0.01060	0.01287	0.00939	0.00768	0.01469	0.01733	0.02587	0.08066	0.33247	0.24320	0.02095	0.00949	0.00307	0.00500	0.01797	0.00746	0.00750
64	0.02334	0.02283	0.02024	0.01826	0.02298	0.15301	0.01408	0.04293	0.50823	0.03258	0.03025	0.02840	0.02291	0.01098	0.00846	0.00274	0.00849	0.00878	0.00779	0.01273
65	0.01607	0.01513	0.02552	0.68047	0.05861	0.01891	0.02363	0.02174	0.01702	0.02174	0.01513	0.02269	0.01134	0.00851	0.00851	0.00284	0.01134	0.00756	0.00378	0.00945
66	0.01607	0.01513	0.02552	0.68047	0.05861	0.01891	0.02363	0.02174	0.01702	0.02174	0.01513	0.02269	0.01134	0.00851	0.00851	0.00284	0.01134	0.00756	0.00378	0.00945
67	0.03232	0.02479	0.02546	0.01971	0.02639	0.06276	0.01619	0.58621	0.03911	0.05177	0.02002	0.02014	0.01427	0.01013	0.00847	0.00253	0.00970	0.00754	0.00828	0.01421
68	0.01012	0.00839	0.00886	0.00924	0.01166	0.00713	0.00674	0.01214	0.01880	0.02275	0.07868	0.19945	0.53170	0.02253	0.01021	0.00299	0.00443	0.01915	0.00790	0.00713
69	0.02106	0.02022	0.03454	0.05223	0.64784	0.02022	0.02612	0.02612	0.01938	0.02780	0.01601	0.02106	0.01348	0.00758	0.00842	0.00253	0.01011	0.00758	0.00421	0.01348
70	0.02009	0.02296	0.05022	0.03587	0.04448	0.02152	0.61693	0.02726	0.02009	0.02726	0.01722	0.02296	0.01291	0.00717	0.01004	0.00287	0.01435	0.01004	0.00430	0.01148
71	0.01862	0.01862	0.02607	0.02234	0.02234	0.02607	0.01862	0.02048	0.01303	0.02048	0.01117	0.01862	0.01117	0.01489	0.02793	0.00372	0.68535	0.00745	0.00372	0.00931
72	0.02106	0.02022	0.03454	0.05223	0.64784	0.02022	0.02612	0.02612	0.01938	0.02780	0.01601	0.02106	0.01348	0.00758	0.00842	0.00253	0.01011	0.00758	0.00421	0.01348
73	0.02275	0.70604	0.04459	0.01456	0.02184	0.03367	0.01456	0.02548	0.01729	0.02002	0.01183	0.01365	0.01092	0.00728	0.00546	0.00182	0.00910	0.00455	0.00364	0.01092
74	0.01238	0.00825	0.00928	0.00928	0.00928	0.00825	0.00516	0.01238	0.01238	0.01650	0.02681	0.05569	0.03094	0.70092	0.04331	0.00825	0.00825	0.01238	0.00516	0.00516
75	0.01037	0.00741	0.00987	0.01185	0.01234	0.00691	0.00790	0.01185	0.01629	0.02172	0.04690	0.69537	0.05629	0.02666	0.01086	0.00346	0.00494	0.02419	0.00790	0.00691
76	0.02275	0.70604	0.04459	0.01456	0.02184	0.03367	0.01456	0.02548	0.01729	0.02002	0.01183	0.01365	0.01092	0.00728	0.00546	0.00182	0.00910	0.00455	0.00364	0.01092
77	0.03117	0.08606	0.02552	0.02142	0.02600	0.62347	0.01631	0.03340	0.02365	0.02077	0.01306	0.01523	0.01096	0.00867	0.00752	0.00217	0.01492	0.00542	0.00433	0.00994
78	0.01707	0.04402	0.65683	0.02426	0.03683	0.01976	0.03144	0.02695	0.01797	0.02695	0.01527	0.01797	0.01078	0.00809	0.00809	0.00270	0.01258	0.00629	0.00359	0.01258
79	0.01216	0.00912	0.01368	0.01368	0.01520	0.01064	0.01064	0.01520	0.01368	0.01976	0.02279	0.03343	0.02127	0.06382	0.66720	0.01368	0.02279	0.00912	0.00456	0.00760
80	0.02106	0.02022	0.03454	0.05223	0.64784	0.02022	0.02612	0.02612	0.01938	0.02780	0.01601	0.02106	0.01348	0.00758	0.00842	0.00253	0.01011	0.00758	0.00421	0.01348
81	0.01707	0.04402	0.65683	0.02426	0.03683	0.01976	0.03144	0.02695	0.01797	0.02695	0.01527	0.01797	0.01078	0.00809	0.00809	0.00270	0.01258	0.00629	0.00359	0.01258
82	0.01478	0.00739	0.01109	0.01109	0.01109	0.00739	0.00739	0.01109	0.01109	0.01478	0.01478	0.02587	0.01478	0.02956	0.03326	0.75240	0.00739	0.00739	0.00370	0.00370
83	0.01037	0.00741	0.00987	0.01185	0.01234	0.00691	0.00790	0.01185	0.01629	0.02172	0.04690	0.69537	0.05629	0.02666	0.01086	0.00346	0.00494	0.02419	0.00790	0.00691
84	0.07069	0.01371	0.01504	0.01311	0.01645	0.01499	0.01018	0.20349	0.02288	0.03446	0.02327	0.03055	0.01979	0.11293	0.14671	0.00543	0.01023	0.00846	0.21804	0.00960
85	0.01378	0.03924	0.01356	0.01162	0.01467	0.01152	0.00897	0.02131	0.14672	0.03069	0.33509	0.06022	0.22637	0.01697	0.00957	0.00274	0.00486	0.01450	0.00857	0.00902
86	0.01330	0.00959	0.01196	0.01288	0.01421	0.00951	0.00900	0.09279	0.01945	0.02597	0.04338	0.60546	0.05072	0.02447	0.01055	0.00334	0.00553	0.02199	0.00798	0.00792
87	0.01810	0.01973	0.04176	0.03075	0.03771	0.01848	0.48837	0.02418	0.01960	0.02660	0.04793	0.13901	0.02305	0.01091	0.01018	0.00296	0.01232	0.01267	0.00512	0.01056
88	0.02106	0.02022	0.03454	0.05223	0.64784	0.02022	0.02612	0.02612	0.01938	0.02780	0.01601	0.02106	0.01348	0.00758	0.00842	0.00253	0.01011	0.00758	0.00421	0.01348
89	0.01904	0.01643	0.01721	0.01565	0.02009	0.01849	0.01213	0.03890	0.51499	0.03318	0.04452	0.04136	0.14447	0.01346	0.00893	0.00288	0.00627	0.01122	0.00851	0.01227
90	0.01137	0.00867	0.01045	0.01000	0.01230	0.00774	0.00750	0.01476	0.02251	0.03037	0.45535	0.06975	0.27064	0.01880	0.01004	0.00274	0.00411	0.01626	0.00887	0.00774
91	0.03235	0.02384	0.02554	0.01958	0.02639	0.02639	0.01618	0.61946	0.04001	0.05363	0.02043	0.02043	0.01447	0.01022	0.00851	0.00255	0.00936	0.00766	0.00851	0.01447
92	0.01707	0.04402	0.65683	0.02426	0.03683	0.01976	0.03144	0.02695	0.01797	0.02695	0.01527	0.01797	0.01078	0.00809	0.00809	0.00270	0.01258	0.00629	0.00359	0.01258
93	0.01229	0.00859	0.01102	0.01102	0.01162	0.00920	0.00733	0.01349	0.01289	0.01779	0.02522	0.04688	0.02711	0.44874	0.29026	0.01040	0.01401	0.01109	0.00492	0.00612
94	0.02072	0.01987	0.03393	0.09519	0.60755	0.02013	0.02595	0.02582	0.01922	0.02739	0.01595	0.02117	0.01333	0.00765	0.00843	0.00255	0.01019	0.00758	0.00418	0.01320
95	0.02106	0.02022	0.03454	0.05223	0.64784	0.02022	0.02612	0.02612	0.01938	0.02780	0.01601	0.02106	0.01348	0.00758	0.00842	0.00253	0.01011	0.00758	0.00421	0.01348
96	0.03179	0.04056	0.02412	0.02192	0.02631	0.66676	0.01644	0.03398	0.02412	0.02083	0.01315	0.01535	0.01096	0.00877	0.00767	0.00219	0.01535	0.00548	0.00438	0.00987
97	0.01006	0.00862	0.00862	0.00862	0.01149	0.00718	0.00647	0.01221	0.01940	0.02299	0.08621	0.08190	0.64438	0.02155	0.01006	0.00287	0.00431	0.01796	0.00790	0.00718
98	0.56922	0.01840	0.01594	0.01340	0.01907	0.02101	0.01105	0.18149	0.02120	0.04225	0.01411	0.01556	0.01060	0.00851	0.00612	0.00261	0.00732	0.00541	0.00612	0.01060
99	0.03533	0.01731	0.02129	0.01651	0.02303	0.01693	0.01358	0.19931	0.07374	0.44429	0.03007	0.02685	0.01963	0.01052	0.00855	0.00263	0.00778	0.00839	0.00984	0.01440
100	0.02179	0.02077	0.03201	0.02517	0.02872	0.02499	0.16807	0.14450	0.02031	0.02895	0.01458	0.02008	0.01228	0.01200	0.01948	0.00327	0.37913	0.00814	0.00485	0.01091
101	0.01204	0.00870	0.01138	0.01071	0.01271	0.00803	0.00803	0.01606	0.02409	0.03413	0.64335	0.06357	0.08030	0.01740	0.01004	0.00268	0.00401	0.01539	0.00937	0.00803
102	0.03235	0.02384	0.02554	0.01958	0.02639	0.02639	0.01618	0.61946	0.04001	0.05363	0.02043	0.02043	0.01447	0.01022	0.00851	0.00255	0.00936	0.00766	0.00851	0.01447
103	0.01823	0.17922	0.53180	0.02228	0.03377	0.02260	0.02799	0.02665	0.01783	0.02554	0.01457	0.01709	0.01081	0.00792	0.00755	0.00252	0.01187	0.00593	0.00360	0.01224
104	0.01037	0.00741	0.00987	0.01185	0.01234	0.00691	0.00790	0.01185	0.01629	0.02172	0.04690	0.69537	0.05629	0.02666	0.01086	0.00346	0.00494	0.02419	0.00790	0.00691
105	0.03179	0.04056	0.02412	0.02192	0.02631	0.66676	0.01644	0.03398	0.02412	0.02083	0.01315	0.01535	0.01096	0.00877	0.00767	0.00219	0.01535	0.00548	0.00438	0.00987
106	0.01707	0.04402	0.65683	0.02426	0.03683	0.01976	0.03144	0.02695	0.01797	0.02695	0.01527	0.01797	0.01078	0.00809	0.00809	0.00270	0.01258	0.00629	0.00359	0.01258
107	0.02072	0.01987	0.03393	0.09519	0.60755	0.02013	0.02595	0.02582	0.01922	0.02739	0.01595	0.02117	0.01333	0.00765	0.00843	0.00255	0.01019	0.00758	0.00418	0.01320
108	0.01707	0.04402	0.65683	0.02426	0.03683	0.01976	0.03144	0.02695	0.01797	0.02695	0.01527	0.01797	0.01078	0.00809	0.00809	0.00270	0.01258	0.00629	0.00359	0.01258
109	0.01216	0.00912	0.01368	0.01368	0.01520	0.01064	0.01064	0.01520	0.01368	0.01976	0.02279	0.03343	0.02127	0.06382	0.66720	0.01368	0.02279	0.00912	0.00456	0.00760
110	0.01194	0.00899	0.01288	0.01276	0.01371	0.00861	0.05567	0.01329	0.01505	0.02010	0.03657	0.38822	0.04277	0.29199	0.02364	0.00531	0.00700	0.01838	0.00653	0.00658
111	0.01006	0.00862	0.00862	0.00862	0.01149	0.00718	0.00647	0.01221	0.01940	0.02299	0.08621	0.08190	0.64438	0.02155	0.01006	0.00287	0.00431	0.01796	0.00790	0.00718
112	0.01037	0.00741	0.00987	0.01185	0.01234	0.00691	0.00790	0.01185	0.01629	0.02172	0.04690	0.69537	0.05629	0.02666	0.01086	0.00346	0.00494	0.02419	0.00790	0.00691
113	0.03235	0.02384	0.02554	0.01958	0.02639	0.02639	0.01618	0.61946	0.04001	0.05363	0.02043	0.02043	0.01447	0.01022	0.00851	0.00255	0.00936	0.00766	0.00851	0.01447
114	0.02072	0.01987	0.03393	0.09519	0.60755	0.02013	0.02595	0.02582	0.01922	0.02739	0.01595	0.02117	0.01333	0.00765	0.00843	0.00255	0.01019	0.00758	0.00418	0.01320
115	0.03179	0.04056	0.02412	0.02192	0.02631	0.66676	0.01644	0.03398	0.02412	0.02083	0.01315	0.01535	0.01096	0.00877	0.00767	0.00219	0.01535	0.00548	0.00438	0.00987
116	0.01006	0.00862	0.00862	0.00862	0.01149	0.00718	0.00647	0.01221	0.01940	0.02299	0.08621	0.08190	0.64438	0.02155	0.01006	0.00287	0.00431	0.01796	0.00790	0.00718
117	0.01289	0.00842	0.01016	0.01016	0.01087	0.00880	0.00666	0.01429	0.01359	0.01978	0.02596	0.04623	0.02704	0.42928	0.19362	0.00859	0.01120	0.01084	0.12540	0.00622
118	0.01887	0.25366	0.46295	0.02119	0.03209	0.02417	0.02610	0.02649	0.01775	0.02476	0.01418	0.01660	0.01082	0.00783	0.00725	0.00242	0.01148	0.00574	0.00361	0.01205
119	0.02342	0.65667	0.04307	0.01511	0.02217	0.08064	0.01470	0.02611	0.01780	0.02008	0.01193	0.01378	0.01092	0.00739	0.00562	0.00185	0.00956	0.00462	0.00370	0.01084
120	0.01223	0.00819	0.00933	0.00947	0.00951	0.00815	0.00536	0.01234	0.01267	0.01689	0.02830	0.10315	0.03282	0.65090	0.04091	0.00789	0.00800	0.01325	0.00536	0.00529
121	0.01980	0.01894	0.03227	0.21063	0.49928	0.01989	0.02549	0.02501	0.01878	0.02627	0.01579	0.02147	0.01294	0.00782	0.00845	0.00261	0.01042	0.00758	0.00410	0.01246
122	0.15962	0.03874	0.53337	0.02175	0.03293	0.01963	0.02718	0.02658	0.01730	0.02910	0.01462	0.01717	0.01048	0.00805	0.00755	0.00268	0.01143	0.00597	0.00391	0.01193
123	0.02391	0.02563	0.03177	0.04418	0.48263	0.19207	0.02355	0.02821	0.02064	0.02595	0.01525	0.01954	0.01281	0.00790	0.00823	0.00244	0.01150	0.00702	0.00426	0.01252
124	0.02358	0.02159	0.02136	0.01843	0.02184	0.15040	0.01472	0.20026	0.02374	0.03088	0.01820	0.02298	0.01526	0.02432	0.17799	0.00548	0.14317	0.00756	0.04778	0.01045
125	0.01024	0.00790	0.00937	0.01054	0.01200	0.00702	0.00732	0.01200	0.01755	0.02224	0.06285	0.44642	0.29494	0.02459	0.01054	0.00322	0.00468	0.02166	0.00790	0.00702
126	0.01707	0.04402	0.65683	0.02426	0.03683	0.01976	0.03144	0.02695	0.01797	0.02695	0.01527	0.01797	0.01078	0.00809	0.00809	0.00270	0.01258	0.00629	0.00359	0.01258
127	0.01707	0.04402	0.65683	0.02426	0.03683	0.01976	0.03144	0.02695	0.01797	0.02695	0.01527	0.01797	0.01078	0.00809	0.00809	0.00270	0.01258	0.00629	0.00359	0.01258
128	0.07444	0.02342	0.01923	0.04301	0.02258	0.22427	0.01340	0.16706	0.04994	0.03090	0.02961	0.15444	0.08496	0.01388	0.00863	0.00267	0.00970	0.01104	0.00661	0.01022
129	0.02802	0.03450	0.02594	0.02267	0.02668	0.49383	0.06622	0.03063	0.02177	0.02126	0.01378	0.01742	0.01174	0.01255	0.04793	0.00310	0.10156	0.00632	0.00430	0.00980
130	0.01015	0.00825	0.00901	0.00962	0.01176	0.00710	0.00691	0.01210	0.01844	0.02260	0.07407	0.27142	0.46270	0.02313	0.01031	0.00305	0.00450	0.01989	0.00790	0.00710
131	0.03190	0.03735	0.02439	0.02147	0.02632	0.54406	0.01639	0.14616	0.02716	0.02711	0.01455	0.01632	0.01163	0.00905	0.00783	0.00226	0.01420	0.00590	0.00518	0.01075
132	0.05907	0.01624	0.01374	0.01299	0.01606	0.13591	0.00979	0.06279	0.02137	0.02653	0.11515	0.11522	0.26222	0.05769	0.01132	0.00310	0.00734	0.03805	0.00712	0.00833
133	0.01326	0.01043	0.01222	0.01185	0.01434	0.01037	0.00882	0.02060	0.14618	0.03030	0.31653	0.16293	0.17249	0.01849	0.00989	0.00288	0.00478	0.01613	0.00871	0.00880
134	0.01037	0.00741	0.00987	0.01185	0.01234	0.00691	0.00790	0.01185	0.01629	0.02172	0.04690	0.69537	0.05629	0.02666	0.01086	0.00346	0.00494	0.02419	0.00790	0.00691
135	0.01220	0.00895	0.01283	0.01283	0.01406	0.01018	0.00959	0.01466	0.01343	0.01913	0.02356	0.03770	0.02313	0.18590	0.54766	0.01264	0.02001	0.00974	0.00467	0.00713
136	0.01105	0.00789	0.01066	0.01263	0.01342	0.00750	0.00909	0.01303	0.01697	0.02249	0.04653	0.57297	0.05479	0.02602	0.01104	0.00355	0.00553	0.13985	0.00789	0.00710
137	0.01610	0.01040	0.01275	0.01293	0.01491	0.01041	0.00913	0.02176	0.13017	0.10252	0.04031	0.40480	0.04293	0.11168	0.01449	0.00389	0.00600	0.01798	0.00800	0.00883
138	0.01154	0.00913	0.01044	0.01003	0.01259	0.00827	0.00755	0.01565	0.05176	0.02885	0.34606	0.07080	0.34831	0.01910	0.00998	0.00278	0.00429	0.01634	0.00863	0.00789
139	0.01796	0.01404	0.01603	0.01552	0.01921	0.01519	0.01258	0.03158	0.32284	0.05710	0.04489	0.05947	0.11572	0.01678	0.00986	0.00321	0.00680	0.20204	0.00837	0.01082
140	0.02106	0.02022	0.03454	0.05223	0.64784	0.02022	0.02612	0.02612	0.01938	0.02780	0.01601	0.02106	0.01348	0.00758	0.00842	0.00253	0.01011	0.00758	0.00421	0.01348
141	0.01845	0.01853	0.02733	0.02297	0.02368	0.02507	0.06267	0.02076	0.01358	0.02095	0.01212	0.01958	0.01173	0.01642	0.05402	0.00409	0.60714	0.00771	0.00380	0.00940
142	0.01963	0.27046	0.32746	0.02311	0.03308	0.02494	0.13775	0.02650	0.01814	0.02460	0.01445	0.01742	0.01124	0.00763	0.00755	0.00242	0.01171	0.00640	0.00375	0.01179
143	0.01049	0.00855	0.00928	0.00929	0.01181	0.00734	0.00689	0.01297	0.02013	0.02517	0.19707	0.12367	0.48555	0.02108	0.01011	0.00288	0.00430	0.01790	0.00820	0.00734
144	0.02342	0.02365	0.11570	0.02150	0.05790	0.02060	0.07328	0.22412	0.13247	0.03748	0.02053	0.02173	0.01536	0.00890	0.00815	0.00239	0.00922	0.00747	0.00650	0.16963
145	0.01224	0.00898	0.01007	0.00961	0.01244	0.00774	0.00727	0.01501	0.02106	0.06210	0.24772	0.07348	0.44243	0.01970	0.00997	0.00280	0.00439	0.01667	0.00848	0.00785
146	0.02355	0.57360	0.08377	0.01619	0.02345	0.11565	0.01596	0.02670	0.01823	0.02060	0.01224	0.01417	0.01092	0.00753	0.00593	0.00193	0.01016	0.00479	0.00373	0.01090
147	0.08893	0.28187	0.32940	0.01935	0.02845	0.02522	0.02231	0.02579	0.01706	0.02503	0.01341	0.01604	0.01071	0.00824	0.00822	0.00244	0.05675	0.00557	0.00378	0.01143
148	0.28850	0.20956	0.02541	0.01567	0.02085	0.13034	0.01340	0.07001	0.01882	0.02942	0.01402	0.01837	0.01219	0.00931	0.00822	0.00248	0.06869	0.02971	0.00489	0.01013
149	0.01074	0.00848	0.00967	0.00972	0.01200	0.00742	0.00716	0.01340	0.02049	0.02639	0.25954	0.15774	0.38525	0.02090	0.01016	0.00289	0.00430	0.01797	0.00837	0.00742
150	0.17397	0.01120	0.01316	0.01312	0.01613	0.01128	0.01055	0.02108	0.01918	0.11591	0.12691	0.18686	0.04291	0.01814	0.00950	0.00319	0.00632	0.18378	0.00791	0.00889
151	0.02244	0.15197	0.03563	0.04196	0.46969	0.02338	0.02297	0.08157	0.02091	0.02873	0.01562	0.01958	0.01308	0.00777	0.00787	0.00239	0.00985	0.00701	0.00451	0.01308
152	0.01216	0.00912	0.01368	0.01368	0.01520	0.01064	0.01064	0.01520	0.01368	0.01976	0.02279	0.03343	0.02127	0.06382	0.66720	0.01368	0.02279	0.00912	0.00456	0.00760
153	0.01037	0.00741	0.00987	0.01185	0.01234	0.00691	0.00790	0.01185	0.01629	0.02172	0.04690	0.69537	0.05629	0.02666	0.01086	0.00346	0.00494	0.02419	0.00790	0.00691
154	0.01777	0.03853	0.50287	0.02662	0.03783	0.02040	0.15396	0.02674	0.01821	0.02674	0.01551	0.01904	0.01124	0.00818	0.00933	0.00277	0.04118	0.00713	0.00375	0.01221
155	0.17880	0.29993	0.03540	0.02079	0.06102	0.08592	0.12960	0.02723	0.01829	0.05233	0.01414	0.01669	0.01152	0.00768	0.00680	0.00230	0.01014	0.00604	0.00450	0.01087
156	0.02179	0.01717	0.01409	0.01268	0.01593	0.14547	0.00975	0.11988	0.02272	0.03305	0.02359	0.02655	0.01841	0.00973	0.00672	0.00212	0.00716	0.00739	0.47642	0.00939
157	0.01216	0.00912	0.01368	0.01368	0.01520	0.01064	0.01064	0.01520	0.01368	0.01976	0.02279	0.03343	0.02127	0.06382	0.66720	0.01368	0.02279	0.00912	0.00456	0.00760
158	0.01724	0.02705	0.33567	0.01941	0.02692	0.01465	0.02170	0.02376	0.01879	0.08455	0.02932	0.13050	0.02822	0.01499	0.00950	0.00312	0.00977	0.16815	0.00597	0.01071
159	0.03045	0.02238	0.02409	0.01896	0.02538	0.02481	0.01550	0.48527	0.15288	0.07526	0.02370	0.02296	0.01695	0.01048	0.00854	0.00262	0.00877	0.00807	0.00863	0.01428
