[name]
unknown

[dist]
# distance from previous block
# <min> <max>
0	23

[block]
# block no. 0 follows, 22 sequences, length 119
# corresponding to MSA columns:
# 23-141
name=unknown_A
#
# <colnr> <probs for GDERKNQSTAVLIFYWHMCP>
#	G	D	E	R	K	N	Q	S	T	A	V	L	I	F	Y	W	H	M	C	P
0	0.23351	0.06815	0.12497	0.01523	0.02020	0.04015	0.01464	0.02154	0.01638	0.02716	0.02233	0.03805	0.02142	0.02141	0.12769	0.00476	0.01105	0.15705	0.00524	0.00906
1	0.09453	0.05767	0.31866	0.02227	0.07188	0.09390	0.02215	0.05552	0.13092	0.02915	0.01788	0.01942	0.01340	0.00858	0.00762	0.00255	0.01055	0.00655	0.00489	0.01189
2	0.07373	0.13304	0.08862	0.07870	0.27148	0.17019	0.02078	0.02684	0.01903	0.02462	0.01396	0.01753	0.01154	0.00775	0.00737	0.00233	0.01095	0.00616	0.00405	0.01133
3	0.02576	0.02994	0.02204	0.08692	0.05395	0.42802	0.01575	0.06601	0.02321	0.02426	0.08790	0.05920	0.02116	0.01049	0.00809	0.00236	0.01219	0.00787	0.00521	0.00967
4	0.06130	0.22085	0.02824	0.01774	0.02333	0.27376	0.01470	0.17881	0.02487	0.02937	0.01484	0.01641	0.01194	0.00852	0.00691	0.00214	0.01093	0.00570	0.03870	0.01093
5	0.02238	0.39344	0.09730	0.01710	0.02311	0.16153	0.01617	0.02564	0.01838	0.02137	0.05606	0.01789	0.01533	0.00887	0.00841	0.00217	0.07471	0.00579	0.00409	0.01027
6	0.01618	0.01989	0.11244	0.06478	0.04889	0.13040	0.01473	0.02009	0.01962	0.02484	0.16014	0.20083	0.07270	0.01582	0.00921	0.00279	0.00834	0.04316	0.00632	0.00883
7	0.02801	0.03037	0.02483	0.12719	0.07623	0.36930	0.01777	0.17339	0.02584	0.02864	0.01505	0.01769	0.01176	0.00878	0.00787	0.00235	0.01260	0.00633	0.00514	0.01090
8	0.01980	0.02130	0.07401	0.04327	0.51513	0.05427	0.02343	0.02462	0.01908	0.02624	0.02222	0.02594	0.07632	0.00885	0.00832	0.00249	0.00975	0.00821	0.00444	0.01230
9	0.02310	0.02159	0.02295	0.02597	0.19738	0.16168	0.01631	0.13120	0.02304	0.03070	0.05774	0.02367	0.01830	0.00966	0.00907	0.00239	0.05798	0.00750	0.14887	0.01089
10	0.07952	0.09380	0.17878	0.04411	0.02808	0.06448	0.09856	0.06682	0.01916	0.02739	0.04100	0.06930	0.01700	0.00981	0.00901	0.00250	0.05304	0.00797	0.00481	0.08486
11	0.18833	0.03466	0.45460	0.02275	0.06567	0.01924	0.05131	0.02585	0.01693	0.02887	0.01427	0.01699	0.01041	0.00779	0.00737	0.00262	0.01088	0.00599	0.00394	0.01153
12	0.00982	0.00842	0.00842	0.00842	0.01122	0.00701	0.00631	0.01192	0.01894	0.02244	0.08416	0.07995	0.65285	0.02104	0.00982	0.00281	0.00421	0.01753	0.00771	0.00701
13	0.02151	0.02298	0.06220	0.04650	0.55876	0.09075	0.02471	0.02637	0.01935	0.02636	0.01529	0.01981	0.01277	0.00755	0.00813	0.00244	0.01054	0.00712	0.00410	0.01274
14	0.02434	0.02189	0.07087	0.10468	0.23827	0.11776	0.01953	0.05135	0.02142	0.15476	0.07509	0.02488	0.01967	0.00925	0.00827	0.00250	0.00984	0.00787	0.00590	0.01187
15	0.00984	0.00833	0.00850	0.00864	0.01128	0.00699	0.00641	0.01190	0.01872	0.02235	0.08142	0.12429	0.61027	0.02139	0.00987	0.00285	0.00425	0.01797	0.00771	0.00699
16	0.01041	0.00735	0.00956	0.01120	0.01162	0.00694	0.00732	0.01164	0.01535	0.02047	0.04294	0.60843	0.05135	0.12512	0.01521	0.00405	0.00529	0.02194	0.00732	0.00650
17	0.01906	0.02040	0.08242	0.20378	0.46055	0.01939	0.02532	0.02452	0.01824	0.02563	0.01536	0.02070	0.01244	0.00766	0.00822	0.00255	0.01036	0.00730	0.00396	0.01213
18	0.02502	0.02617	0.02439	0.28724	0.03830	0.27327	0.01880	0.15617	0.02410	0.02756	0.01513	0.01891	0.01159	0.00876	0.00799	0.00247	0.01217	0.00662	0.00491	0.01044
19	0.00982	0.00842	0.00842	0.00842	0.01122	0.00701	0.00631	0.01192	0.01894	0.02244	0.08416	0.07995	0.65285	0.02104	0.00982	0.00281	0.00421	0.01753	0.00771	0.00701
20	0.01997	0.01914	0.03266	0.12800	0.58381	0.01958	0.02520	0.02498	0.01864	0.02643	0.01552	0.02075	0.01291	0.00751	0.00823	0.00250	0.01001	0.00740	0.00406	0.01268
21	0.02238	0.27216	0.21840	0.02354	0.11180	0.17292	0.02094	0.02726	0.01886	0.02271	0.01337	0.01590	0.01097	0.00771	0.00695	0.00220	0.01139	0.00554	0.00378	0.01123
22	0.03043	0.02216	0.02371	0.01830	0.02462	0.02448	0.01508	0.58514	0.03752	0.05083	0.02045	0.02073	0.01464	0.00995	0.00813	0.00245	0.00877	0.00750	0.06143	0.01367
23	0.01931	0.36327	0.36794	0.01915	0.02896	0.02578	0.02282	0.02562	0.01722	0.02308	0.01330	0.01553	0.01059	0.00752	0.00667	0.00222	0.01066	0.00533	0.00353	0.01150
24	0.03103	0.03959	0.02354	0.02140	0.02568	0.67469	0.01605	0.03317	0.02354	0.02033	0.01284	0.01498	0.01070	0.00856	0.00749	0.00214	0.01498	0.00535	0.00428	0.00963
25	0.02171	0.01761	0.01882	0.01677	0.02158	0.02013	0.01309	0.04391	0.60230	0.07428	0.03375	0.03082	0.02506	0.01121	0.00845	0.00280	0.00661	0.00933	0.00857	0.01321
26	0.02056	0.01974	0.03372	0.05099	0.65622	0.01974	0.02550	0.02550	0.01892	0.02714	0.01563	0.02056	0.01316	0.00740	0.00822	0.00247	0.00987	0.00740	0.00411	0.01316
27	0.02272	0.55600	0.10801	0.01614	0.02345	0.11222	0.01622	0.02607	0.01779	0.02037	0.01207	0.01399	0.01065	0.00737	0.00588	0.00191	0.01002	0.00474	0.00364	0.01071
28	0.02056	0.01974	0.03372	0.05099	0.65622	0.01974	0.02550	0.02550	0.01892	0.02714	0.01563	0.02056	0.01316	0.00740	0.00822	0.00247	0.00987	0.00740	0.00411	0.01316
29	0.01208	0.00805	0.00906	0.00906	0.00906	0.00805	0.00503	0.01208	0.01208	0.01611	0.02618	0.05436	0.03020	0.70804	0.04228	0.00805	0.00805	0.01208	0.00503	0.00503
30	0.20298	0.01150	0.01244	0.01157	0.01529	0.01145	0.00943	0.02230	0.01898	0.14571	0.10027	0.04991	0.14955	0.01459	0.00829	0.00278	0.00584	0.11612	0.08194	0.00908
31	0.03106	0.03876	0.02361	0.02129	0.02569	0.64161	0.01604	0.06352	0.02433	0.02196	0.01320	0.01523	0.01088	0.00863	0.00753	0.00216	0.01468	0.00546	0.00449	0.00986
32	0.00982	0.00842	0.00842	0.00842	0.01122	0.00701	0.00631	0.01192	0.01894	0.02244	0.08416	0.07995	0.65285	0.02104	0.00982	0.00281	0.00421	0.01753	0.00771	0.00701
33	0.01012	0.00723	0.00964	0.01157	0.01205	0.00675	0.00771	0.01157	0.01591	0.02121	0.04579	0.70262	0.05495	0.02603	0.01060	0.00337	0.00482	0.02362	0.00771	0.00675
34	0.01952	0.01849	0.03132	0.04707	0.59214	0.01845	0.02373	0.02411	0.01862	0.02655	0.01863	0.08841	0.01732	0.00925	0.00846	0.00256	0.00937	0.00902	0.00447	0.01252
35	0.01012	0.00723	0.00964	0.01157	0.01205	0.00675	0.00771	0.01157	0.01591	0.02121	0.04579	0.70262	0.05495	0.02603	0.01060	0.00337	0.00482	0.02362	0.00771	0.00675
36	0.02411	0.01956	0.02073	0.01760	0.02292	0.02228	0.01398	0.22887	0.45087	0.04032	0.02943	0.02750	0.02181	0.01086	0.00841	0.00272	0.00739	0.00879	0.00841	0.01346
37	0.01915	0.01830	0.03117	0.23583	0.48243	0.01937	0.02479	0.02426	0.01825	0.02542	0.01538	0.02102	0.01255	0.00766	0.00825	0.00255	0.01022	0.00740	0.00399	0.01202
38	0.02158	0.02434	0.01979	0.01828	0.02083	0.31747	0.01412	0.02400	0.01794	0.01987	0.01628	0.02243	0.01471	0.03070	0.27457	0.00679	0.11635	0.00703	0.00425	0.00868
39	0.01595	0.01375	0.01428	0.01322	0.01709	0.01473	0.01018	0.03014	0.37077	0.02940	0.05569	0.05227	0.29807	0.01552	0.00905	0.00281	0.00555	0.01293	0.00813	0.01048
40	0.02841	0.02896	0.02672	0.02857	0.19431	0.28784	0.01849	0.22536	0.02737	0.03260	0.01590	0.01809	0.01248	0.00871	0.00795	0.00234	0.01171	0.00659	0.00555	0.01204
41	0.07308	0.25982	0.10220	0.01527	0.02077	0.02139	0.01456	0.08128	0.01768	0.02480	0.01665	0.02147	0.01452	0.02747	0.24795	0.00619	0.01396	0.00656	0.00446	0.00990
42	0.01009	0.00735	0.00952	0.01125	0.01197	0.00677	0.00757	0.01160	0.01621	0.02133	0.04959	0.64083	0.11428	0.02553	0.01053	0.00332	0.00476	0.02301	0.00771	0.00677
43	0.02072	0.02638	0.13852	0.05763	0.24898	0.12149	0.06103	0.02548	0.01794	0.02408	0.01405	0.01882	0.01171	0.00929	0.01248	0.00274	0.16648	0.00699	0.00392	0.01127
44	0.01682	0.04185	0.63130	0.02430	0.03636	0.01939	0.06326	0.02633	0.01765	0.02633	0.01501	0.01781	0.01064	0.00784	0.00800	0.00264	0.01237	0.00634	0.00355	0.01222
45	0.29564	0.06302	0.02147	0.06647	0.06752	0.24041	0.01451	0.09193	0.02062	0.03039	0.01340	0.01578	0.01064	0.00823	0.00672	0.00238	0.01029	0.00551	0.00493	0.01015
46	0.02060	0.51863	0.22384	0.01696	0.02557	0.02893	0.01900	0.02529	0.01707	0.02151	0.01252	0.01455	0.01062	0.00734	0.00607	0.00202	0.00987	0.00493	0.00354	0.01113
47	0.02056	0.01974	0.03372	0.05099	0.65622	0.01974	0.02550	0.02550	0.01892	0.02714	0.01563	0.02056	0.01316	0.00740	0.00822	0.00247	0.00987	0.00740	0.00411	0.01316
48	0.01018	0.00785	0.00954	0.01053	0.01201	0.00721	0.00744	0.01203	0.01682	0.02149	0.05826	0.39580	0.28233	0.02770	0.07624	0.00414	0.00631	0.01981	0.00739	0.00692
49	0.02420	0.02491	0.02657	0.03213	0.28074	0.19887	0.01914	0.07372	0.17880	0.02894	0.01976	0.02163	0.01564	0.00887	0.00809	0.00247	0.01038	0.00735	0.00554	0.01226
50	0.01090	0.00846	0.00992	0.00955	0.01188	0.00747	0.00716	0.01402	0.02149	0.02850	0.40073	0.06997	0.33249	0.01878	0.00981	0.00270	0.00405	0.01613	0.00851	0.00747
51	0.01672	0.01157	0.01381	0.01340	0.01563	0.01181	0.00972	0.16674	0.02173	0.05462	0.03741	0.45872	0.04160	0.06995	0.01220	0.00345	0.00622	0.01815	0.00777	0.00877
52	0.02050	0.01991	0.03468	0.04998	0.61760	0.01982	0.06335	0.02557	0.01896	0.02711	0.01570	0.02068	0.01312	0.00738	0.00832	0.00249	0.01013	0.00755	0.00412	0.01304
53	0.02931	0.01491	0.01756	0.01399	0.01917	0.01481	0.01138	0.20356	0.02633	0.30349	0.02744	0.02666	0.01892	0.01002	0.00760	0.00236	0.00674	0.00793	0.22554	0.01228
54	0.00990	0.00842	0.00853	0.00850	0.01127	0.00705	0.00638	0.01208	0.01913	0.02290	0.10823	0.07919	0.62849	0.02087	0.00982	0.00280	0.00420	0.01743	0.00778	0.00705
55	0.06181	0.55602	0.03866	0.01491	0.02184	0.03089	0.01423	0.13117	0.02065	0.02623	0.01303	0.01450	0.01119	0.00764	0.00585	0.00194	0.00880	0.00498	0.00447	0.01119
56	0.01543	0.01097	0.01344	0.01153	0.01507	0.01001	0.00894	0.06138	0.02242	0.05948	0.37024	0.04680	0.07867	0.01618	0.04171	0.00284	0.00578	0.01171	0.04503	0.15237
57	0.01684	0.06575	0.43370	0.04888	0.03159	0.02033	0.02545	0.02400	0.01692	0.02500	0.05929	0.02083	0.01546	0.00987	0.01185	0.00280	0.14942	0.00697	0.00394	0.01112
58	0.01208	0.00805	0.00906	0.00906	0.00906	0.00805	0.00503	0.01208	0.01208	0.01611	0.02618	0.05436	0.03020	0.70804	0.04228	0.00805	0.00805	0.01208	0.00503	0.00503
59	0.00998	0.00778	0.00908	0.01011	0.01167	0.00687	0.00707	0.01173	0.01730	0.02178	0.06347	0.41567	0.33048	0.02373	0.01024	0.00311	0.00454	0.02081	0.00771	0.00687
60	0.02065	0.01272	0.01326	0.01139	0.01484	0.01352	0.00901	0.21476	0.02436	0.03783	0.02481	0.02743	0.01899	0.00977	0.00661	0.00211	0.00556	0.00766	0.51491	0.00979
61	0.01034	0.00732	0.00957	0.01129	0.01171	0.00689	0.00741	0.01163	0.01547	0.02063	0.04358	0.62963	0.05216	0.10282	0.01417	0.00390	0.00518	0.02232	0.00741	0.00655
62	0.01012	0.00723	0.00964	0.01157	0.01205	0.00675	0.00771	0.01157	0.01591	0.02121	0.04579	0.70262	0.05495	0.02603	0.01060	0.00337	0.00482	0.02362	0.00771	0.00675
63	0.01012	0.00723	0.00964	0.01157	0.01205	0.00675	0.00771	0.01157	0.01591	0.02121	0.04579	0.70262	0.05495	0.02603	0.01060	0.00337	0.00482	0.02362	0.00771	0.00675
64	0.01569	0.01477	0.02492	0.68808	0.05722	0.01846	0.02307	0.02123	0.01661	0.02123	0.01477	0.02215	0.01107	0.00831	0.00831	0.00277	0.01107	0.00738	0.00369	0.00923
65	0.03158	0.02327	0.02493	0.01911	0.02576	0.02576	0.01579	0.62852	0.03906	0.05236	0.01995	0.01995	0.01413	0.00997	0.00831	0.00249	0.00914	0.00748	0.00831	0.01413
66	0.02099	0.27075	0.04001	0.03483	0.31669	0.02471	0.12933	0.02547	0.01830	0.02430	0.01437	0.01828	0.01216	0.00722	0.00746	0.00228	0.01026	0.00676	0.00393	0.01191
67	0.02972	0.03749	0.02284	0.02085	0.02494	0.62907	0.01566	0.03191	0.02284	0.02026	0.01349	0.01619	0.01139	0.01225	0.05334	0.00291	0.01548	0.00559	0.00429	0.00948
68	0.02002	0.03427	0.43208	0.02083	0.03083	0.01945	0.02426	0.16225	0.02240	0.03257	0.01681	0.01891	0.01215	0.00835	0.00773	0.00246	0.01060	0.00646	0.05201	0.06558
69	0.01207	0.00809	0.00925	0.00925	0.00932	0.00816	0.00528	0.01221	0.01214	0.01625	0.02600	0.05338	0.02978	0.67883	0.07092	0.00829	0.00870	0.01194	0.00501	0.00514
70	0.01980	0.02002	0.03729	0.10957	0.41899	0.01998	0.19950	0.02540	0.01889	0.02640	0.01588	0.02125	0.01279	0.00738	0.00869	0.00259	0.01119	0.00810	0.00410	0.01220
71	0.01012	0.00723	0.00964	0.01157	0.01205	0.00675	0.00771	0.01157	0.01591	0.02121	0.04579	0.70262	0.05495	0.02603	0.01060	0.00337	0.00482	0.02362	0.00771	0.00675
72	0.01208	0.00805	0.00906	0.00906	0.00906	0.00805	0.00503	0.01208	0.01208	0.01611	0.02618	0.05436	0.03020	0.70804	0.04228	0.00805	0.00805	0.01208	0.00503	0.00503
73	0.02548	0.01677	0.01893	0.01629	0.02149	0.01821	0.01288	0.04308	0.46207	0.21673	0.03351	0.03021	0.02397	0.01098	0.00842	0.00275	0.00672	0.00909	0.00898	0.01344
74	0.01010	0.00733	0.00954	0.01131	0.01198	0.00677	0.00760	0.01160	0.01615	0.02131	0.04888	0.65247	0.10310	0.02562	0.01054	0.00333	0.00477	0.02313	0.00771	0.00677
75	0.01569	0.01477	0.02492	0.68808	0.05722	0.01846	0.02307	0.02123	0.01661	0.02123	0.01477	0.02215	0.01107	0.00831	0.00831	0.00277	0.01107	0.00738	0.00369	0.00923
76	0.01012	0.00723	0.00964	0.01157	0.01205	0.00675	0.00771	0.01157	0.01591	0.02121	0.04579	0.70262	0.05495	0.02603	0.01060	0.00337	0.00482	0.02362	0.00771	0.00675
77	0.01038	0.00844	0.00920	0.00901	0.01157	0.00725	0.00675	0.01301	0.02026	0.02560	0.24886	0.07476	0.48618	0.01986	0.00981	0.00275	0.00412	0.01680	0.00813	0.00725
78	0.03103	0.03959	0.02354	0.02140	0.02568	0.67469	0.01605	0.03317	0.02354	0.02033	0.01284	0.01498	0.01070	0.00856	0.00749	0.00214	0.01498	0.00535	0.00428	0.00963
79	0.03158	0.02327	0.02493	0.01911	0.02576	0.02576	0.01579	0.62852	0.03906	0.05236	0.01995	0.01995	0.01413	0.00997	0.00831	0.00249	0.00914	0.00748	0.00831	0.01413
80	0.01012	0.00723	0.00964	0.01157	0.01205	0.00675	0.00771	0.01157	0.01591	0.02121	0.04579	0.70262	0.05495	0.02603	0.01060	0.00337	0.00482	0.02362	0.00771	0.00675
81	0.01051	0.00844	0.00937	0.00914	0.01164	0.00731	0.00685	0.01325	0.02056	0.02629	0.28517	0.07361	0.44944	0.01960	0.00981	0.00274	0.00411	0.01664	0.00822	0.00731
82	0.19868	0.01829	0.01999	0.01568	0.02191	0.01917	0.01295	0.27637	0.02784	0.27348	0.02279	0.02157	0.01535	0.00958	0.00762	0.00254	0.00777	0.00713	0.00833	0.01298
83	0.02368	0.08086	0.21156	0.02346	0.09031	0.17919	0.02062	0.11801	0.11790	0.02955	0.01788	0.01934	0.01364	0.00877	0.00779	0.00244	0.01112	0.00665	0.00521	0.01202
84	0.03158	0.02327	0.02493	0.01911	0.02576	0.02576	0.01579	0.62852	0.03906	0.05236	0.01995	0.01995	0.01413	0.00997	0.00831	0.00249	0.00914	0.00748	0.00831	0.01413
85	0.02066	0.01785	0.01878	0.01691	0.02160	0.02066	0.01315	0.04414	0.64121	0.03475	0.03381	0.03099	0.02536	0.01127	0.00845	0.00282	0.00657	0.00939	0.00845	0.01315
86	0.01717	0.01592	0.05715	0.01949	0.02415	0.01476	0.20147	0.08061	0.01940	0.02806	0.06451	0.03130	0.02205	0.08835	0.13322	0.00503	0.01174	0.00942	0.14687	0.00936
87	0.01818	0.01227	0.01428	0.01261	0.01614	0.01215	0.00977	0.12404	0.07481	0.10473	0.23676	0.11619	0.18179	0.01636	0.00935	0.00272	0.00554	0.01393	0.00862	0.00977
88	0.01270	0.00997	0.01376	0.01325	0.01424	0.01176	0.00998	0.01475	0.01323	0.01877	0.02469	0.03820	0.05305	0.20929	0.39884	0.01019	0.11174	0.00987	0.00464	0.00706
89	0.01010	0.00731	0.00955	0.01134	0.01199	0.00677	0.00761	0.01159	0.01612	0.02129	0.04852	0.65828	0.09753	0.02567	0.01055	0.00333	0.00478	0.02318	0.00771	0.00677
90	0.02003	0.01919	0.03275	0.12100	0.59039	0.01960	0.02523	0.02503	0.01866	0.02649	0.01553	0.02074	0.01293	0.00750	0.00823	0.00250	0.01000	0.00740	0.00407	0.01273
91	0.02037	0.01705	0.02542	0.30829	0.22064	0.04265	0.02053	0.04710	0.04078	0.09453	0.02269	0.02642	0.05901	0.00934	0.00837	0.00263	0.00972	0.00821	0.00517	0.01108
92	0.01549	0.00774	0.00774	0.00774	0.00968	0.00774	0.00581	0.01936	0.01742	0.03097	0.02710	0.03097	0.02129	0.00968	0.00581	0.00194	0.00387	0.00774	0.75416	0.00774
93	0.01174	0.00865	0.01072	0.01153	0.01320	0.00818	0.00893	0.01420	0.01793	0.02313	0.11174	0.14049	0.20586	0.14526	0.01633	0.00415	0.00617	0.22750	0.00735	0.00694
94	0.01723	0.01477	0.01723	0.01230	0.01969	0.01107	0.00984	0.02092	0.01723	0.02707	0.01477	0.01723	0.01230	0.00615	0.00615	0.00123	0.00615	0.00492	0.00492	0.75883
95	0.01204	0.00822	0.00988	0.00988	0.01017	0.00850	0.00606	0.01261	0.01232	0.01672	0.02542	0.05020	0.02840	0.58433	0.16352	0.00907	0.01077	0.01147	0.00492	0.00549
96	0.01087	0.00840	0.00991	0.00965	0.01190	0.00744	0.00719	0.01391	0.02124	0.02819	0.38555	0.09957	0.31802	0.01911	0.00984	0.00273	0.00408	0.01648	0.00848	0.00744
97	0.02958	0.03745	0.02250	0.02051	0.02469	0.62884	0.01538	0.03171	0.02323	0.02048	0.01774	0.01944	0.05480	0.00942	0.00765	0.00219	0.01424	0.00619	0.00452	0.00945
98	0.03088	0.02222	0.02411	0.01843	0.02511	0.02406	0.01520	0.55682	0.03678	0.08170	0.02024	0.02018	0.01433	0.00973	0.00816	0.00241	0.00883	0.00735	0.00818	0.06527
99	0.01067	0.05681	0.01083	0.00881	0.01191	0.00879	0.00685	0.01281	0.01879	0.02224	0.07917	0.07537	0.60875	0.02008	0.00951	0.00273	0.00453	0.01663	0.00743	0.00726
100	0.00997	0.00837	0.00866	0.00870	0.01134	0.00706	0.00648	0.01216	0.01911	0.02313	0.12141	0.10689	0.58634	0.02099	0.00985	0.00282	0.00422	0.01764	0.00781	0.00706
101	0.01238	0.00907	0.01180	0.01143	0.01222	0.00989	0.00800	0.01407	0.01455	0.02039	0.13640	0.04694	0.03479	0.34830	0.21961	0.00831	0.05847	0.01135	0.00551	0.00651
102	0.01795	0.01474	0.01731	0.01566	0.01841	0.06028	0.01241	0.15412	0.01979	0.02682	0.02047	0.02778	0.01805	0.04425	0.44416	0.00961	0.05549	0.00825	0.00526	0.00917
103	0.01187	0.00890	0.01335	0.01335	0.01483	0.01038	0.01038	0.01483	0.01335	0.01928	0.02225	0.03264	0.02077	0.06231	0.67512	0.01335	0.02225	0.00890	0.00445	0.00742
104	0.01600	0.01036	0.01177	0.01149	0.01367	0.01058	0.00848	0.12544	0.02099	0.03093	0.06443	0.30551	0.03661	0.01679	0.00842	0.00266	0.00521	0.01456	0.27762	0.00849
105	0.02072	0.26745	0.02662	0.01467	0.01940	0.02321	0.01272	0.08724	0.15753	0.02839	0.02283	0.02410	0.04070	0.01005	0.00875	0.00233	0.07519	0.00722	0.14015	0.01074
106	0.01418	0.08024	0.01711	0.01351	0.01473	0.01466	0.01032	0.01582	0.01312	0.01830	0.02043	0.03580	0.02128	0.28102	0.25587	0.00843	0.14427	0.00930	0.00442	0.00720
107	0.01088	0.00833	0.00998	0.00984	0.01194	0.00742	0.00728	0.01388	0.02105	0.02809	0.38213	0.13771	0.28251	0.01942	0.00989	0.00276	0.00412	0.01685	0.00848	0.00742
108	0.02434	0.02691	0.03004	0.04030	0.42837	0.25641	0.02208	0.02827	0.02059	0.02468	0.01462	0.01854	0.01227	0.00782	0.00796	0.00235	0.01172	0.00666	0.00417	0.01188
109	0.02362	0.03637	0.25622	0.09032	0.07583	0.30306	0.02268	0.05164	0.02096	0.02427	0.01424	0.01719	0.01097	0.00827	0.00780	0.00242	0.01304	0.00606	0.00408	0.01096
110	0.01445	0.00881	0.01171	0.01125	0.01275	0.00860	0.00810	0.01645	0.06171	0.05273	0.26211	0.08438	0.06528	0.02182	0.01891	0.31008	0.00566	0.01178	0.00675	0.00668
111	0.03018	0.03374	0.02370	0.02075	0.02506	0.48107	0.01601	0.11755	0.02470	0.05998	0.01476	0.01674	0.01175	0.00945	0.00962	0.00236	0.08098	0.00601	0.00512	0.01047
112	0.02034	0.02933	0.21166	0.14072	0.18847	0.16574	0.02340	0.02598	0.01877	0.02382	0.01512	0.01956	0.01203	0.01187	0.05547	0.00327	0.01280	0.00668	0.00393	0.01104
113	0.01875	0.02083	0.09503	0.22495	0.38883	0.01942	0.06319	0.02446	0.01818	0.02537	0.01539	0.02082	0.01228	0.00768	0.00831	0.00259	0.01071	0.00742	0.00394	0.01185
114	0.01060	0.00794	0.00984	0.01043	0.01197	0.00718	0.00742	0.01305	0.01922	0.02562	0.26091	0.33590	0.20604	0.02176	0.01014	0.00298	0.00437	0.01924	0.00820	0.00718
115	0.06793	0.02757	0.17304	0.10803	0.30246	0.12956	0.02378	0.02643	0.01882	0.02579	0.01464	0.01867	0.01165	0.00783	0.00784	0.00249	0.01119	0.00658	0.00402	0.01167
116	0.16297	0.04082	0.02246	0.02764	0.27866	0.01611	0.01590	0.02409	0.01929	0.09719	0.13826	0.03162	0.07060	0.01049	0.00794	0.00252	0.00738	0.00896	0.00613	0.01096
117	0.09080	0.11420	0.01966	0.01532	0.05691	0.01550	0.04170	0.02176	0.08545	0.04719	0.08847	0.04404	0.13408	0.14603	0.01470	0.00364	0.00719	0.03815	0.00623	0.00898
118	0.05574	0.02810	0.33760	0.06422	0.07354	0.01669	0.05085	0.02460	0.01818	0.07281	0.08511	0.02510	0.01977	0.01438	0.07434	0.00369	0.01154	0.00778	0.00487	0.01111

[dist]
# distance from previous block
# <min> <max>
8	95

[block]
# block no. 1 follows, 22 sequences, length 38
# corresponding to MSA columns:
# 244-281
name=unknown_B
#
# <colnr> <probs for GDERKNQSTAVLIFYWHMCP>
#	G	D	E	R	K	N	Q	S	T	A	V	L	I	F	Y	W	H	M	C	P
0	0.12716	0.16504	0.26184	0.04476	0.02739	0.07623	0.02002	0.02572	0.01749	0.05175	0.04118	0.01849	0.01371	0.00883	0.00871	0.00250	0.06794	0.00612	0.00435	0.01077
1	0.02161	0.02128	0.08382	0.02018	0.07500	0.09325	0.01584	0.22076	0.02408	0.03181	0.02116	0.08151	0.01872	0.02584	0.20036	0.00567	0.01359	0.00889	0.00586	0.01078
2	0.01916	0.27117	0.22567	0.01800	0.02499	0.08707	0.01888	0.02393	0.01686	0.02167	0.01479	0.01881	0.01263	0.01870	0.13932	0.00444	0.04374	0.00606	0.00379	0.01035
3	0.05403	0.14277	0.02644	0.02150	0.11870	0.08266	0.06507	0.02509	0.02023	0.10819	0.16190	0.03129	0.05527	0.01087	0.00892	0.00246	0.03898	0.00900	0.00614	0.01051
4	0.01912	0.01301	0.04383	0.01289	0.01647	0.01135	0.01015	0.09019	0.02093	0.14258	0.15540	0.15046	0.03812	0.15747	0.01580	0.00372	0.00666	0.01253	0.00756	0.07176
5	0.18626	0.02461	0.24399	0.01653	0.02341	0.01732	0.01732	0.12267	0.01950	0.03216	0.01674	0.02007	0.01291	0.01317	0.04454	0.07141	0.00955	0.00642	0.09112	0.01029
6	0.26356	0.29640	0.02641	0.01356	0.01861	0.02349	0.01211	0.02371	0.01628	0.05459	0.06705	0.01949	0.01675	0.01146	0.03761	0.00284	0.07545	0.00600	0.00489	0.00973
7	0.02345	0.02778	0.16187	0.02216	0.05295	0.19311	0.09218	0.02938	0.07141	0.10305	0.01883	0.02162	0.01439	0.01368	0.05172	0.06711	0.01219	0.00724	0.00515	0.01074
8	0.07933	0.33027	0.02723	0.01372	0.01822	0.05619	0.01210	0.02134	0.01573	0.02144	0.01625	0.02131	0.01472	0.02766	0.25191	0.00613	0.01370	0.00628	0.03731	0.00915
9	0.02574	0.24094	0.13310	0.01960	0.02668	0.21219	0.04079	0.15599	0.02371	0.02810	0.01444	0.01622	0.01146	0.00825	0.00716	0.00221	0.01142	0.00582	0.00479	0.01138
10	0.01594	0.01310	0.01474	0.01453	0.01766	0.01424	0.01129	0.02890	0.32905	0.02878	0.04416	0.18073	0.11177	0.01749	0.00959	0.00311	0.00614	0.12059	0.00807	0.01014
11	0.02015	0.18175	0.09821	0.09201	0.39864	0.02262	0.02321	0.02508	0.01812	0.02482	0.01454	0.01872	0.01215	0.00746	0.00753	0.00235	0.00998	0.00659	0.00389	0.01217
12	0.22172	0.48426	0.07378	0.01392	0.02082	0.02821	0.01384	0.02484	0.01618	0.02472	0.01176	0.01363	0.01021	0.00732	0.00544	0.00204	0.00844	0.00456	0.00398	0.01031
13	0.01012	0.00851	0.00884	0.00900	0.01173	0.00723	0.00691	0.01237	0.01895	0.02265	0.08076	0.08111	0.60167	0.02120	0.00996	0.00289	0.00450	0.06683	0.00771	0.00707
14	0.03103	0.03959	0.02354	0.02140	0.02568	0.67469	0.01605	0.03317	0.02354	0.02033	0.01284	0.01498	0.01070	0.00856	0.00749	0.00214	0.01498	0.00535	0.00428	0.00963
15	0.01623	0.20133	0.06121	0.01274	0.01760	0.01668	0.01136	0.06949	0.01993	0.02572	0.10031	0.12578	0.20238	0.01459	0.00817	0.00242	0.00659	0.01198	0.00630	0.06918
16	0.01007	0.00814	0.00872	0.00912	0.01121	0.00705	0.00649	0.01186	0.01773	0.02165	0.07135	0.20602	0.47705	0.08018	0.01273	0.00337	0.00466	0.01832	0.00749	0.00679
17	0.01187	0.00890	0.01335	0.01335	0.01483	0.01038	0.01038	0.01483	0.01335	0.01928	0.02225	0.03264	0.02077	0.06231	0.67512	0.01335	0.02225	0.00890	0.00445	0.00742
18	0.02244	0.02529	0.01708	0.01608	0.01899	0.37290	0.01179	0.02450	0.01991	0.02117	0.02540	0.08858	0.07291	0.09652	0.04852	0.00359	0.01157	0.00924	0.08524	0.00829
19	0.01666	0.04297	0.66500	0.02368	0.03596	0.01929	0.03069	0.02631	0.01754	0.02631	0.01491	0.01754	0.01052	0.00789	0.00789	0.00263	0.01228	0.00614	0.00351	0.01228
20	0.01851	0.01097	0.01139	0.01020	0.01294	0.01148	0.00780	0.14419	0.02143	0.03412	0.02555	0.03068	0.02057	0.06881	0.00941	0.00257	0.00531	0.00806	0.53720	0.00883
21	0.01007	0.00741	0.00945	0.01107	0.01192	0.00679	0.00749	0.01162	0.01638	0.02140	0.05178	0.60531	0.14838	0.02525	0.01048	0.00328	0.00472	0.02267	0.00771	0.00679
22	0.01752	0.02279	0.19027	0.01710	0.02347	0.01769	0.01655	0.03320	0.35483	0.03013	0.03836	0.03674	0.14134	0.01223	0.00856	0.00277	0.00765	0.01008	0.00698	0.01174
23	0.01202	0.00828	0.01021	0.01021	0.01061	0.00868	0.00647	0.01282	0.01242	0.01696	0.02512	0.04853	0.02767	0.53470	0.21216	0.00948	0.01187	0.01123	0.00488	0.00567
24	0.01155	0.00783	0.00922	0.00973	0.00986	0.00770	0.00575	0.01194	0.01311	0.01748	0.03144	0.22838	0.03684	0.52497	0.03378	0.00680	0.00719	0.01518	0.00575	0.00549
25	0.01030	0.00736	0.00985	0.01177	0.01233	0.00690	0.00802	0.01188	0.01608	0.02141	0.04569	0.66920	0.05455	0.02586	0.01065	0.00340	0.00498	0.05527	0.00771	0.00680
26	0.02056	0.01974	0.03372	0.05099	0.65622	0.01974	0.02550	0.02550	0.01892	0.02714	0.01563	0.02056	0.01316	0.00740	0.00822	0.00247	0.00987	0.00740	0.00411	0.01316
27	0.01296	0.01029	0.01208	0.01265	0.01526	0.01016	0.01024	0.01910	0.11798	0.02527	0.05810	0.11624	0.27997	0.02054	0.01029	0.00324	0.00596	0.24363	0.00781	0.00822
28	0.01525	0.02473	0.26438	0.02194	0.02848	0.01602	0.14915	0.02098	0.01705	0.02417	0.02520	0.24515	0.02569	0.01424	0.01079	0.00300	0.06598	0.01279	0.00506	0.00996
29	0.01826	0.01685	0.05410	0.01487	0.02256	0.01237	0.06157	0.02251	0.01772	0.05436	0.01572	0.01814	0.01259	0.00649	0.00664	0.00149	0.00716	0.00553	0.00502	0.62604
30	0.01159	0.00785	0.00921	0.00969	0.00981	0.00772	0.00571	0.01195	0.01304	0.01739	0.03112	0.21772	0.03644	0.53618	0.03430	0.00687	0.00724	0.01499	0.00571	0.00547
31	0.01012	0.00723	0.00964	0.01157	0.01205	0.00675	0.00771	0.01157	0.01591	0.02121	0.04579	0.70262	0.05495	0.02603	0.01060	0.00337	0.00482	0.02362	0.00771	0.00675
32	0.02355	0.02541	0.03081	0.04253	0.47600	0.20693	0.02280	0.02769	0.02024	0.02519	0.01483	0.01897	0.01246	0.00773	0.00801	0.00237	0.01133	0.00682	0.00416	0.01215
33	0.01998	0.03363	0.36153	0.02356	0.08294	0.10052	0.02359	0.07711	0.08200	0.02918	0.07009	0.02271	0.01818	0.00919	0.00812	0.00256	0.01090	0.00732	0.00500	0.01189
34	0.05161	0.11967	0.34524	0.12058	0.15446	0.02098	0.02553	0.02517	0.01743	0.02537	0.01444	0.01804	0.01105	0.00775	0.00756	0.00251	0.01095	0.00626	0.00373	0.01166
35	0.01823	0.20233	0.43391	0.02045	0.03025	0.04984	0.02442	0.02532	0.01729	0.02384	0.01461	0.01764	0.01140	0.01217	0.06172	0.00328	0.01239	0.00592	0.00363	0.01138
36	0.01090	0.00848	0.00944	0.00985	0.01182	0.00765	0.00730	0.01283	0.01741	0.02148	0.06369	0.10449	0.39570	0.16401	0.01686	0.00409	0.00561	0.11456	0.00715	0.00670
37	0.01052	0.00837	0.00944	0.00933	0.01169	0.00729	0.00694	0.01322	0.02036	0.02619	0.28149	0.11239	0.41355	0.01992	0.00986	0.00277	0.00414	0.01703	0.00822	0.00729

[dist]
# distance from previous block
# <min> <max>
0	1

[block]
# block no. 2 follows, 22 sequences, length 26
# corresponding to MSA columns:
# 283-308
name=unknown_C
#
# <colnr> <probs for GDERKNQSTAVLIFYWHMCP>
#	G	D	E	R	K	N	Q	S	T	A	V	L	I	F	Y	W	H	M	C	P
0	0.02168	0.22269	0.08092	0.07814	0.16735	0.16695	0.01845	0.02566	0.01957	0.02360	0.08384	0.02172	0.01872	0.00874	0.00739	0.00225	0.01035	0.00684	0.00446	0.01069
1	0.02829	0.03053	0.02250	0.01973	0.02458	0.37199	0.01521	0.14931	0.19592	0.03037	0.01994	0.02032	0.01537	0.00957	0.00791	0.00239	0.01157	0.00686	0.00619	0.01145
2	0.02478	0.01983	0.01945	0.01653	0.02107	0.09139	0.01277	0.20437	0.24476	0.08453	0.02615	0.02984	0.02098	0.12942	0.01407	0.00352	0.00853	0.00878	0.00751	0.01173
3	0.01195	0.00859	0.01178	0.01178	0.01273	0.00953	0.00843	0.01383	0.01289	0.01813	0.02368	0.04057	0.02421	0.29803	0.44411	0.01142	0.01707	0.01006	0.00466	0.00655
4	0.01202	0.00836	0.01022	0.01028	0.01102	0.00840	0.00684	0.01335	0.01471	0.01992	0.11801	0.05684	0.06313	0.44337	0.11585	0.00741	0.00912	0.05925	0.00586	0.00603
5	0.02615	0.10543	0.02405	0.01783	0.02349	0.36286	0.01405	0.07575	0.02223	0.02470	0.01381	0.01583	0.01143	0.00782	0.00693	0.00187	0.01132	0.00530	0.00470	0.22445
6	0.01980	0.05148	0.02185	0.20838	0.03080	0.04513	0.01596	0.19028	0.02210	0.02918	0.01854	0.02438	0.01521	0.02718	0.23607	0.00623	0.01440	0.00770	0.00527	0.01007
7	0.01709	0.04041	0.59542	0.02669	0.10432	0.01934	0.03012	0.02622	0.01769	0.02640	0.01499	0.01787	0.01081	0.00784	0.00793	0.00261	0.01201	0.00628	0.00357	0.01237
8	0.29828	0.13153	0.02239	0.01650	0.02152	0.33940	0.01320	0.02874	0.01911	0.02640	0.01218	0.01419	0.01007	0.00803	0.00631	0.00224	0.01095	0.00490	0.00449	0.00955
9	0.02859	0.06304	0.02334	0.02007	0.02431	0.53275	0.01533	0.06947	0.02315	0.02226	0.01429	0.01718	0.01203	0.01452	0.08104	0.00338	0.01515	0.00584	0.00453	0.00972
10	0.02560	0.46230	0.03665	0.01615	0.02294	0.07242	0.01481	0.20657	0.02397	0.02944	0.01415	0.01542	0.01170	0.00806	0.00637	0.00202	0.00936	0.00541	0.00503	0.01163
11	0.01060	0.00815	0.00970	0.00995	0.01186	0.00725	0.00722	0.01320	0.01985	0.02610	0.28178	0.22936	0.29340	0.02081	0.01001	0.00288	0.00426	0.01814	0.00824	0.00725
12	0.02563	0.46124	0.03674	0.01600	0.02294	0.03028	0.01479	0.24524	0.02498	0.03152	0.01461	0.01574	0.01193	0.00815	0.00642	0.00204	0.00898	0.00555	0.00529	0.01193
13	0.01188	0.00833	0.01036	0.00994	0.01119	0.00792	0.00681	0.01436	0.01934	0.02703	0.42344	0.05925	0.06080	0.26925	0.02166	0.00460	0.00543	0.01395	0.00764	0.00681
14	0.02221	0.71304	0.04353	0.01421	0.02132	0.03287	0.01421	0.02488	0.01688	0.01955	0.01155	0.01333	0.01066	0.00711	0.00533	0.00178	0.00888	0.00444	0.00355	0.01066
15	0.02107	0.01055	0.01409	0.01203	0.01562	0.00943	0.00943	0.02473	0.02361	0.26281	0.42585	0.04972	0.05728	0.01454	0.00927	0.00260	0.00507	0.01259	0.00956	0.01014
16	0.01856	0.23285	0.43736	0.02313	0.08074	0.02321	0.02557	0.02583	0.01746	0.02444	0.01400	0.01657	0.01077	0.00763	0.00719	0.00237	0.01112	0.00575	0.00357	0.01188
17	0.01339	0.00956	0.01339	0.01530	0.01721	0.00956	0.01339	0.01721	0.01912	0.02486	0.04399	0.09371	0.04781	0.02295	0.01147	0.00382	0.00765	0.60031	0.00765	0.00765
18	0.01187	0.00890	0.01335	0.01335	0.01483	0.01038	0.01038	0.01483	0.01335	0.01928	0.02225	0.03264	0.02077	0.06231	0.67512	0.01335	0.02225	0.00890	0.00445	0.00742
19	0.01208	0.00805	0.00906	0.00906	0.00906	0.00805	0.00503	0.01208	0.01208	0.01611	0.02618	0.05436	0.03020	0.70804	0.04228	0.00805	0.00805	0.01208	0.00503	0.00503
20	0.01137	0.00775	0.00927	0.00998	0.01015	0.00758	0.00601	0.01189	0.01348	0.01797	0.03333	0.29101	0.03923	0.45908	0.03072	0.00635	0.00687	0.01629	0.00601	0.00566
21	0.02342	0.02490	0.03049	0.03283	0.24797	0.20960	0.13923	0.05778	0.02125	0.02675	0.01653	0.02042	0.01328	0.00804	0.00806	0.00238	0.01148	0.00732	0.08706	0.01120
22	0.02056	0.01974	0.03372	0.05099	0.65622	0.01974	0.02550	0.02550	0.01892	0.02714	0.01563	0.02056	0.01316	0.00740	0.00822	0.00247	0.00987	0.00740	0.00411	0.01316
23	0.02157	0.01860	0.02749	0.31435	0.22344	0.02088	0.02174	0.19273	0.02358	0.03168	0.01647	0.02107	0.01254	0.00851	0.00828	0.00260	0.01018	0.00742	0.00511	0.01175
24	0.01012	0.00723	0.00964	0.01157	0.01205	0.00675	0.00771	0.01157	0.01591	0.02121	0.04579	0.70262	0.05495	0.02603	0.01060	0.00337	0.00482	0.02362	0.00771	0.00675
25	0.02002	0.01919	0.03275	0.12121	0.59020	0.01960	0.02523	0.02502	0.01866	0.02649	0.01553	0.02074	0.01293	0.00750	0.00823	0.00250	0.01000	0.00740	0.00407	0.01273

[dist]
# distance from previous block
# <min> <max>
50	104

[block]
# block no. 3 follows, 22 sequences, length 25
# corresponding to MSA columns:
# 426-450
name=unknown_D
#
# <colnr> <probs for GDERKNQSTAVLIFYWHMCP>
#	G	D	E	R	K	N	Q	S	T	A	V	L	I	F	Y	W	H	M	C	P
0	0.01742	0.09706	0.56487	0.02498	0.08221	0.02046	0.02892	0.02613	0.01759	0.02581	0.01468	0.01742	0.01074	0.00779	0.00770	0.00255	0.01181	0.00609	0.00356	0.01221
1	0.08541	0.02267	0.03015	0.16115	0.22156	0.14967	0.12852	0.02610	0.01903	0.02540	0.01473	0.01934	0.01177	0.00771	0.00802	0.00248	0.01140	0.00706	0.00420	0.04363
2	0.01094	0.00846	0.00997	0.00959	0.01191	0.00749	0.00720	0.01410	0.02159	0.02874	0.41279	0.06959	0.32029	0.01869	0.00981	0.00269	0.00404	0.01608	0.00854	0.00749
3	0.02200	0.01543	0.01463	0.01257	0.01623	0.06919	0.00990	0.21806	0.02495	0.03702	0.02359	0.02606	0.01809	0.00968	0.00676	0.00213	0.00651	0.00746	0.44977	0.00997
4	0.01007	0.00742	0.00944	0.01105	0.01191	0.00679	0.00748	0.01163	0.01640	0.02141	0.05207	0.60072	0.15279	0.02521	0.01047	0.00328	0.00472	0.02262	0.00771	0.00679
5	0.01069	0.00845	0.00962	0.00933	0.01175	0.00738	0.00699	0.01360	0.02098	0.02730	0.33800	0.07195	0.39598	0.01923	0.00981	0.00272	0.00408	0.01641	0.00835	0.00738
6	0.01929	0.12920	0.50061	0.02194	0.03271	0.05002	0.02661	0.07809	0.01956	0.02740	0.01481	0.01708	0.01086	0.00800	0.00757	0.00249	0.01168	0.00600	0.00396	0.01211
7	0.01012	0.00723	0.00964	0.01157	0.01205	0.00675	0.00771	0.01157	0.01591	0.02121	0.04579	0.70262	0.05495	0.02603	0.01060	0.00337	0.00482	0.02362	0.00771	0.00675
8	0.01045	0.00801	0.00931	0.00983	0.01148	0.00716	0.00689	0.01243	0.01804	0.02320	0.15823	0.27654	0.30652	0.08743	0.01316	0.00346	0.00473	0.01858	0.00769	0.00687
9	0.01160	0.00785	0.00920	0.00968	0.00980	0.00773	0.00569	0.01195	0.01302	0.01736	0.03100	0.21383	0.03629	0.54027	0.03449	0.00690	0.00726	0.01492	0.00569	0.00546
10	0.11746	0.42096	0.03302	0.01485	0.02123	0.02809	0.01355	0.10013	0.12828	0.02836	0.01644	0.01722	0.01343	0.00825	0.00621	0.00214	0.00820	0.00568	0.00518	0.01130
11	0.01915	0.01015	0.01263	0.01127	0.01480	0.00883	0.00870	0.02190	0.02107	0.23190	0.17804	0.13378	0.26004	0.01732	0.00943	0.00276	0.00515	0.01477	0.00884	0.00946
12	0.01012	0.00723	0.00964	0.01157	0.01205	0.00675	0.00771	0.01157	0.01591	0.02121	0.04579	0.70262	0.05495	0.02603	0.01060	0.00337	0.00482	0.02362	0.00771	0.00675
13	0.02264	0.02104	0.02869	0.17214	0.32806	0.07690	0.02176	0.14544	0.04801	0.03064	0.01680	0.02071	0.01320	0.00835	0.00820	0.00252	0.01028	0.00732	0.00505	0.01224
14	0.01666	0.04297	0.66500	0.02368	0.03596	0.01929	0.03069	0.02631	0.01754	0.02631	0.01491	0.01754	0.01052	0.00789	0.00789	0.00263	0.01228	0.00614	0.00351	0.01228
15	0.03103	0.03959	0.02354	0.02140	0.02568	0.67469	0.01605	0.03317	0.02354	0.02033	0.01284	0.01498	0.01070	0.00856	0.00749	0.00214	0.01498	0.00535	0.00428	0.00963
16	0.01012	0.00851	0.00884	0.00901	0.01174	0.00723	0.00692	0.01238	0.01895	0.02265	0.08071	0.08113	0.60093	0.02120	0.00996	0.00289	0.00450	0.06754	0.00771	0.00707
17	0.09032	0.02083	0.02103	0.17681	0.03028	0.15616	0.01548	0.09373	0.07376	0.17570	0.02090	0.02322	0.01537	0.03958	0.00936	0.00278	0.00986	0.00731	0.00641	0.01109
18	0.01096	0.00844	0.01018	0.01097	0.01297	0.00766	0.00848	0.01355	0.01888	0.02405	0.13402	0.21483	0.31197	0.02208	0.01038	0.00315	0.00512	0.15722	0.00787	0.00721
19	0.01636	0.01848	0.10369	0.10646	0.18837	0.01627	0.07692	0.02155	0.01951	0.02769	0.22148	0.03381	0.03350	0.01123	0.01044	0.00270	0.06569	0.00993	0.00559	0.01033
20	0.01549	0.03544	0.52202	0.02068	0.03075	0.01675	0.02562	0.02379	0.01861	0.02728	0.12502	0.02818	0.05472	0.01009	0.00831	0.00264	0.01047	0.00821	0.00467	0.01127
21	0.01805	0.01757	0.15554	0.01482	0.01969	0.01198	0.01385	0.02379	0.07238	0.14956	0.11371	0.20687	0.07368	0.05634	0.01110	0.00315	0.00708	0.01347	0.00738	0.01000
22	0.01475	0.01226	0.01908	0.02625	0.23384	0.01210	0.01563	0.01816	0.01798	0.02442	0.03490	0.27209	0.03835	0.01866	0.01007	0.00321	0.00746	0.20509	0.00646	0.00923
23	0.02267	0.02363	0.02756	0.21848	0.24727	0.18694	0.02128	0.07629	0.02086	0.02554	0.01483	0.01943	0.01193	0.00848	0.00889	0.00252	0.04109	0.00687	0.00437	0.01106
24	0.26292	0.01957	0.04853	0.08496	0.13213	0.07401	0.01548	0.05361	0.04588	0.10318	0.01985	0.02159	0.04039	0.00886	0.00718	0.00251	0.00854	0.00678	0.00566	0.03838

[dist]
# distance from previous block
# <min> <max>
3	4

[block]
# block no. 4 follows, 22 sequences, length 6
# corresponding to MSA columns:
# 455-460
name=unknown_E
#
# <colnr> <probs for GDERKNQSTAVLIFYWHMCP>
#	G	D	E	R	K	N	Q	S	T	A	V	L	I	F	Y	W	H	M	C	P
0	0.02210	0.02414	0.12245	0.03217	0.28590	0.06351	0.02122	0.13831	0.02224	0.03106	0.01634	0.01971	0.01297	0.00845	0.00895	0.00242	0.04893	0.00690	0.03996	0.07228
1	0.12406	0.02767	0.12028	0.08879	0.17540	0.20452	0.02035	0.02665	0.01848	0.02517	0.01359	0.01746	0.01107	0.00869	0.00960	0.00257	0.08462	0.00622	0.00412	0.01067
2	0.26941	0.10072	0.15239	0.02149	0.11060	0.11412	0.01774	0.07544	0.01914	0.03060	0.01366	0.01600	0.01071	0.00795	0.00673	0.00242	0.00977	0.00558	0.00464	0.01091
3	0.23761	0.02127	0.06565	0.02212	0.10346	0.10697	0.10548	0.02582	0.05457	0.03053	0.12504	0.02557	0.02331	0.00950	0.00772	0.00256	0.00912	0.00798	0.00553	0.01020
4	0.02465	0.02682	0.15921	0.02323	0.10600	0.12874	0.01894	0.06885	0.19937	0.12481	0.02303	0.02310	0.01685	0.00939	0.00812	0.00256	0.00983	0.00751	0.00642	0.01258
5	0.07277	0.11972	0.19395	0.05427	0.08998	0.02136	0.01937	0.11706	0.09934	0.03101	0.01741	0.01924	0.01333	0.00829	0.00735	0.00235	0.00926	0.00646	0.00519	0.09229

[dist]
# distance from previous block
# <min> <max>
6	149

[block]
# block no. 5 follows, 22 sequences, length 64
# corresponding to MSA columns:
# 612-675
name=unknown_F
#
# <colnr> <probs for GDERKNQSTAVLIFYWHMCP>
#	G	D	E	R	K	N	Q	S	T	A	V	L	I	F	Y	W	H	M	C	P
0	0.02178	0.18652	0.15080	0.01641	0.02282	0.12905	0.01588	0.05944	0.02107	0.08833	0.09446	0.03075	0.10762	0.01097	0.00777	0.00236	0.00923	0.00844	0.00578	0.01054
1	0.13817	0.02240	0.07059	0.02057	0.09833	0.14015	0.01536	0.03275	0.12804	0.17050	0.06388	0.02450	0.01998	0.00966	0.00777	0.00253	0.00891	0.00754	0.00671	0.01166
2	0.01921	0.09666	0.06581	0.05082	0.07086	0.12388	0.01554	0.02355	0.05044	0.02331	0.02623	0.02860	0.11691	0.01137	0.01134	0.00252	0.13811	0.00817	0.03345	0.08323
3	0.10412	0.01881	0.01966	0.01951	0.10195	0.09363	0.01349	0.05535	0.16179	0.12127	0.02813	0.02786	0.07779	0.01011	0.00775	0.00240	0.00786	0.00808	0.00675	0.11369
4	0.01933	0.02017	0.14325	0.01961	0.06944	0.01560	0.04486	0.09623	0.08141	0.08129	0.09251	0.10751	0.02701	0.01518	0.05305	0.00329	0.00911	0.01016	0.00649	0.08450
5	0.04909	0.24434	0.08930	0.01679	0.02262	0.18484	0.01530	0.08776	0.02141	0.02563	0.04648	0.02851	0.06752	0.01063	0.00744	0.00233	0.01000	0.05463	0.00516	0.01022
6	0.01459	0.04181	0.07528	0.01988	0.12848	0.01321	0.01409	0.02012	0.06610	0.02657	0.18170	0.08799	0.10476	0.02224	0.11559	0.00441	0.00929	0.03802	0.00642	0.00944
7	0.02181	0.01460	0.02209	0.02800	0.27562	0.01379	0.01628	0.02561	0.02053	0.19401	0.07769	0.04211	0.14254	0.01255	0.00891	0.00267	0.00750	0.05519	0.00702	0.01149
8	0.06249	0.02137	0.07926	0.02885	0.24306	0.02047	0.01868	0.25726	0.02547	0.03594	0.01838	0.02404	0.01529	0.09856	0.01245	0.00321	0.00938	0.00778	0.00586	0.01220
9	0.01871	0.01851	0.03258	0.03687	0.32890	0.01829	0.17335	0.02434	0.04460	0.02633	0.02271	0.06401	0.05847	0.00970	0.00966	0.00263	0.04215	0.00955	0.00479	0.05386
10	0.01743	0.01555	0.01401	0.01378	0.01634	0.13535	0.01051	0.02353	0.11285	0.02758	0.13763	0.14602	0.03853	0.01531	0.00872	0.00270	0.00704	0.09240	0.15595	0.00876
11	0.01302	0.12418	0.01572	0.01136	0.01443	0.01222	0.00929	0.01639	0.04330	0.02347	0.10031	0.15084	0.30580	0.01904	0.00939	0.00286	0.00567	0.10758	0.00716	0.00798
12	0.09437	0.27272	0.12450	0.01944	0.07175	0.06225	0.01718	0.10193	0.04608	0.02781	0.01718	0.01902	0.03644	0.00888	0.00795	0.00233	0.04800	0.00623	0.00476	0.01118
13	0.01687	0.07918	0.19663	0.15838	0.03098	0.08820	0.01934	0.02186	0.01789	0.02276	0.02756	0.09191	0.09471	0.01264	0.00930	0.00276	0.03860	0.05599	0.00484	0.00960
14	0.02146	0.01207	0.01531	0.01355	0.01712	0.01185	0.01054	0.11242	0.02213	0.20916	0.09596	0.19020	0.08127	0.02385	0.11828	0.00453	0.00882	0.01317	0.00814	0.01018
15	0.01928	0.09428	0.02525	0.19999	0.15609	0.11486	0.01774	0.02495	0.07832	0.02305	0.02125	0.02644	0.05080	0.04989	0.06047	0.00360	0.01104	0.00790	0.00466	0.01012
16	0.08915	0.07020	0.12450	0.01795	0.08025	0.01543	0.01458	0.01895	0.01531	0.02296	0.02479	0.08043	0.06780	0.12503	0.14696	0.00561	0.05684	0.00962	0.00478	0.00886
17	0.02600	0.08168	0.20705	0.06390	0.02914	0.14947	0.01940	0.09571	0.02231	0.16485	0.01864	0.01959	0.01326	0.00866	0.00771	0.00238	0.01072	0.00650	0.00574	0.04728
18	0.02205	0.09138	0.10026	0.02819	0.20373	0.14218	0.05116	0.02730	0.04589	0.06725	0.02264	0.03046	0.04249	0.01035	0.00831	0.00257	0.01042	0.07696	0.00518	0.01122
19	0.01373	0.01011	0.01106	0.01076	0.01301	0.01010	0.00786	0.04223	0.10292	0.02596	0.09199	0.10009	0.21570	0.16001	0.01589	0.00384	0.00568	0.04442	0.10674	0.00789
20	0.01012	0.00723	0.00964	0.01157	0.01205	0.00675	0.00771	0.01157	0.01591	0.02121	0.04579	0.70262	0.05495	0.02603	0.01060	0.00337	0.00482	0.02362	0.00771	0.00675
21	0.01012	0.00723	0.00964	0.01157	0.01205	0.00675	0.00771	0.01157	0.01591	0.02121	0.04579	0.70262	0.05495	0.02603	0.01060	0.00337	0.00482	0.02362	0.00771	0.00675
