[name]
unknown

[dist]
# distance from previous block
# <min> <max>
0	6

[block]
# block no. 0 follows, 21 sequences, length 8
# corresponding to MSA columns:
# 6-13
name=unknown_A
#
# <colnr> <probs for GDERKNQSTAVLIFYWHMCP>
#	G	D	E	R	K	N	Q	S	T	A	V	L	I	F	Y	W	H	M	C	P
0	0.02367	0.02658	0.02165	0.02017	0.02299	0.31914	0.01606	0.02758	0.05842	0.02283	0.02201	0.03723	0.02143	0.01399	0.01329	0.00301	0.16287	0.15224	0.00536	0.00946
1	0.01222	0.00797	0.00985	0.01096	0.01225	0.00758	0.00792	0.01486	0.01797	0.02593	0.10510	0.37315	0.08095	0.02095	0.00960	0.00302	0.00485	0.07463	0.19285	0.00739
2	0.02816	0.03998	0.18220	0.02230	0.02894	0.45007	0.02016	0.08266	0.02395	0.02518	0.01431	0.01644	0.01122	0.00872	0.00785	0.00235	0.01414	0.00587	0.00454	0.01094
3	0.02597	0.01991	0.01902	0.01631	0.02096	0.13963	0.01276	0.09896	0.16247	0.17275	0.18069	0.03468	0.03429	0.01210	0.00878	0.00261	0.00810	0.00982	0.00842	0.01176
4	0.01109	0.00794	0.00943	0.01029	0.01101	0.00748	0.00659	0.01212	0.01532	0.01993	0.04600	0.34079	0.14925	0.28652	0.02327	0.00521	0.00611	0.01853	0.00684	0.00628
5	0.03342	0.03293	0.02312	0.02007	0.02517	0.46065	0.01544	0.07496	0.02524	0.18102	0.01874	0.01909	0.01372	0.00931	0.00795	0.00233	0.01292	0.00639	0.00620	0.01133
6	0.02236	0.53434	0.03827	0.01525	0.02191	0.03055	0.01429	0.03041	0.17087	0.02391	0.01752	0.01817	0.01468	0.00835	0.00626	0.00209	0.00851	0.00582	0.00489	0.01156
7	0.01446	0.01410	0.01225	0.01188	0.01452	0.12266	0.00881	0.01709	0.02126	0.02570	0.23061	0.12775	0.31031	0.01864	0.00972	0.00276	0.00622	0.01567	0.00771	0.00787

[dist]
# distance from previous block
# <min> <max>
3	5

[block]
# block no. 1 follows, 21 sequences, length 13
# corresponding to MSA columns:
# 19-31
name=unknown_B
#
# <colnr> <probs for GDERKNQSTAVLIFYWHMCP>
#	G	D	E	R	K	N	Q	S	T	A	V	L	I	F	Y	W	H	M	C	P
0	0.01644	0.09428	0.45748	0.02035	0.03008	0.01834	0.02468	0.02437	0.01929	0.02796	0.15655	0.02787	0.02646	0.01011	0.00829	0.00261	0.01034	0.00819	0.00490	0.01141
1	0.01624	0.11540	0.43734	0.02029	0.02951	0.01854	0.02410	0.02337	0.01751	0.02494	0.02199	0.17015	0.02106	0.01218	0.00840	0.00276	0.01044	0.01012	0.00457	0.01110
2	0.08273	0.01900	0.02097	0.01620	0.02287	0.01922	0.01321	0.27153	0.08807	0.13630	0.02181	0.02163	0.01573	0.00919	0.00771	0.00226	0.00776	0.00707	0.00768	0.20906
3	0.01817	0.01868	0.03669	0.03508	0.20787	0.01786	0.31255	0.02346	0.01903	0.02617	0.02357	0.17400	0.02285	0.01168	0.00977	0.00290	0.01103	0.01254	0.00509	0.01101
4	0.02451	0.02115	0.02773	0.02224	0.02578	0.02585	0.06442	0.27278	0.02493	0.03495	0.01554	0.01972	0.01270	0.01232	0.01837	0.00317	0.34869	0.00774	0.00578	0.01165
5	0.02824	0.03190	0.02058	0.01859	0.02262	0.46848	0.01406	0.07629	0.02394	0.02583	0.01701	0.01943	0.01368	0.00914	0.00735	0.00217	0.01232	0.00620	0.17237	0.00979
6	0.01671	0.01244	0.01635	0.01501	0.01772	0.01419	0.01189	0.15141	0.01961	0.02739	0.02226	0.03050	0.01974	0.05174	0.51871	0.01117	0.01977	0.00879	0.00545	0.00915
7	0.01653	0.01247	0.01448	0.01319	0.01659	0.01224	0.01029	0.15112	0.02432	0.03260	0.17004	0.17648	0.16232	0.01812	0.00974	0.00285	0.00603	0.07551	0.00812	0.06697
8	0.13194	0.03219	0.02296	0.01974	0.02498	0.38384	0.01537	0.21023	0.02761	0.03315	0.01518	0.01668	0.01179	0.00909	0.00760	0.00236	0.01233	0.00602	0.00576	0.01117
9	0.03394	0.02129	0.02396	0.01837	0.02512	0.02261	0.01518	0.46189	0.03574	0.21723	0.02401	0.02276	0.01627	0.01030	0.00853	0.00258	0.00879	0.00791	0.00906	0.01448
10	0.08571	0.02977	0.02348	0.01975	0.02528	0.29058	0.01555	0.28767	0.07789	0.03748	0.01789	0.01872	0.01353	0.00955	0.00793	0.00244	0.01143	0.00668	0.00657	0.01209
11	0.06839	0.00892	0.01010	0.00998	0.01215	0.00857	0.00742	0.01649	0.02028	0.03070	0.30106	0.13986	0.13592	0.01681	0.00887	0.00265	0.00436	0.01444	0.17521	0.00783
12	0.02381	0.42322	0.15963	0.01758	0.02579	0.02932	0.01822	0.15967	0.02255	0.02895	0.01444	0.01602	0.01169	0.00810	0.00666	0.00216	0.00984	0.00559	0.00473	0.01204

[dist]
# distance from previous block
# <min> <max>
0	1

[block]
# block no. 2 follows, 21 sequences, length 7
# corresponding to MSA columns:
# 33-39
name=unknown_C
#
# <colnr> <probs for GDERKNQSTAVLIFYWHMCP>
#	G	D	E	R	K	N	Q	S	T	A	V	L	I	F	Y	W	H	M	C	P
0	0.03205	0.03280	0.02478	0.02084	0.02635	0.36944	0.01632	0.30581	0.03150	0.03606	0.01653	0.01771	0.01259	0.00944	0.00806	0.00236	0.01257	0.00649	0.00630	0.01200
1	0.01605	0.01259	0.01634	0.01456	0.01682	0.01421	0.01153	0.10279	0.02217	0.03139	0.30866	0.04313	0.04605	0.02657	0.16297	0.00535	0.12100	0.01155	0.00722	0.00906
2	0.01610	0.01427	0.02309	0.03348	0.35279	0.01404	0.01766	0.01949	0.01795	0.02498	0.03035	0.33413	0.03335	0.01644	0.00956	0.00296	0.00771	0.01529	0.00592	0.01043
3	0.01226	0.00872	0.01164	0.01164	0.01245	0.00953	0.00809	0.01389	0.01307	0.01824	0.02466	0.04377	0.02576	0.35962	0.37754	0.01116	0.01604	0.01063	0.00484	0.00646
4	0.01366	0.00779	0.01025	0.01025	0.01025	0.00779	0.00635	0.01168	0.01168	0.01558	0.02037	0.03971	0.02228	0.34127	0.03793	0.40690	0.00779	0.00971	0.00437	0.00437
5	0.01557	0.01574	0.03149	0.02472	0.02956	0.01474	0.33417	0.02010	0.01833	0.02469	0.03100	0.33515	0.03305	0.01622	0.01042	0.00314	0.00998	0.01661	0.00597	0.00936
6	0.01226	0.00872	0.01164	0.01164	0.01245	0.00953	0.00809	0.01389	0.01307	0.01824	0.02466	0.04377	0.02576	0.35962	0.37754	0.01116	0.01604	0.01063	0.00484	0.00646

[dist]
# distance from previous block
# <min> <max>
0	1

[block]
# block no. 3 follows, 21 sequences, length 23
# corresponding to MSA columns:
# 41-63
name=unknown_D
#
# <colnr> <probs for GDERKNQSTAVLIFYWHMCP>
#	G	D	E	R	K	N	Q	S	T	A	V	L	I	F	Y	W	H	M	C	P
0	0.01793	0.01488	0.01645	0.01497	0.01879	0.01650	0.01154	0.03487	0.41656	0.03508	0.25066	0.04304	0.04525	0.01362	0.00915	0.00281	0.00577	0.01167	0.00891	0.01154
1	0.01023	0.00794	0.00932	0.01042	0.01197	0.00703	0.00727	0.01201	0.01767	0.02228	0.06430	0.42387	0.31656	0.02440	0.01051	0.00320	0.00466	0.02143	0.00790	0.00703
2	0.01108	0.00771	0.00966	0.01094	0.01126	0.00739	0.00693	0.01204	0.01490	0.01987	0.03977	0.46836	0.04729	0.26594	0.02238	0.00516	0.00611	0.02000	0.00693	0.00629
3	0.01108	0.00771	0.00966	0.01094	0.01126	0.00739	0.00693	0.01204	0.01490	0.01987	0.03977	0.46836	0.04729	0.26594	0.02238	0.00516	0.00611	0.02000	0.00693	0.00629
4	0.01152	0.00851	0.01233	0.01303	0.01418	0.00932	0.00967	0.01401	0.01461	0.02045	0.03135	0.26834	0.03370	0.05064	0.43428	0.01005	0.01646	0.01447	0.00574	0.00735
5	0.02614	0.02898	0.01837	0.01696	0.02049	0.43295	0.01272	0.02896	0.02189	0.02470	0.01834	0.02116	0.01481	0.00918	0.00706	0.00212	0.01131	0.00635	0.26834	0.00918
6	0.01136	0.00817	0.01077	0.01117	0.01256	0.00758	0.00798	0.01435	0.02092	0.02908	0.40084	0.32045	0.07053	0.02116	0.01037	0.00299	0.00439	0.01897	0.00877	0.00758
7	0.01076	0.00865	0.00960	0.00936	0.01193	0.00748	0.00702	0.01358	0.02106	0.02694	0.28393	0.07539	0.44420	0.02008	0.01005	0.00280	0.00421	0.01705	0.00842	0.00748
8	0.01253	0.00895	0.01235	0.01432	0.01575	0.00877	0.01165	0.01558	0.01842	0.02414	0.04571	0.30870	0.05157	0.02463	0.01144	0.00375	0.00681	0.38957	0.00786	0.00751
9	0.01305	0.01100	0.01225	0.01053	0.01497	0.00885	0.00823	0.01598	0.01903	0.02538	0.08753	0.05892	0.35832	0.01603	0.00882	0.00235	0.00520	0.04468	0.00696	0.27192
10	0.01152	0.00851	0.01233	0.01303	0.01418	0.00932	0.00967	0.01401	0.01461	0.02045	0.03135	0.26834	0.03370	0.05064	0.43428	0.01005	0.01646	0.01447	0.00574	0.00735
11	0.02649	0.02340	0.02244	0.04523	0.02571	0.11773	0.01527	0.24642	0.30835	0.03928	0.02566	0.02496	0.01911	0.01055	0.00846	0.00266	0.00912	0.00824	0.00779	0.01314
12	0.01586	0.00793	0.00793	0.00793	0.00991	0.00793	0.00595	0.01983	0.01785	0.03173	0.02776	0.03173	0.02181	0.00991	0.00595	0.00198	0.00397	0.00793	0.74817	0.00793
13	0.02280	0.07321	0.39918	0.02206	0.03230	0.02288	0.02510	0.23714	0.02575	0.03604	0.01691	0.01860	0.01210	0.00880	0.00809	0.00260	0.01125	0.00668	0.00534	0.01316
14	0.02102	0.01323	0.01622	0.01410	0.01652	0.01413	0.01051	0.22699	0.02135	0.02857	0.01679	0.02394	0.01467	0.02270	0.02448	0.48630	0.00809	0.00749	0.00541	0.00752
15	0.02286	0.01822	0.02045	0.01508	0.02238	0.01668	0.01225	0.23366	0.02558	0.03692	0.01701	0.01863	0.01327	0.00769	0.00709	0.00172	0.00739	0.00597	0.00627	0.49088
16	0.02514	0.01846	0.02051	0.01643	0.02154	0.01987	0.01328	0.40533	0.03436	0.04671	0.24149	0.03574	0.03783	0.01276	0.00905	0.00260	0.00747	0.01040	0.00882	0.01219
17	0.01037	0.00741	0.00987	0.01185	0.01234	0.00691	0.00790	0.01185	0.01629	0.02172	0.04690	0.69537	0.05629	0.02666	0.01086	0.00346	0.00494	0.02419	0.00790	0.00691
18	0.01238	0.00825	0.00928	0.00928	0.00928	0.00825	0.00516	0.01238	0.01238	0.01650	0.02681	0.05569	0.03094	0.70092	0.04331	0.00825	0.00825	0.01238	0.00516	0.00516
19	0.01136	0.00851	0.00952	0.00936	0.01100	0.00777	0.00638	0.01320	0.01804	0.02338	0.19974	0.06817	0.29040	0.26164	0.02185	0.00473	0.00564	0.01536	0.00728	0.00667
20	0.01469	0.03103	0.42724	0.01985	0.02814	0.01520	0.02309	0.02159	0.01737	0.02510	0.02650	0.25836	0.02693	0.01468	0.00907	0.00297	0.00987	0.01264	0.00512	0.01057
21	0.01517	0.00758	0.00997	0.00997	0.01067	0.00758	0.00688	0.01419	0.01349	0.02080	0.01939	0.02795	0.01728	0.02259	0.02357	0.48609	0.00618	0.00758	0.26789	0.00520
22	0.01131	0.00819	0.01082	0.01213	0.01335	0.00769	0.00892	0.01380	0.01868	0.02502	0.16985	0.41672	0.09695	0.02387	0.01081	0.00335	0.00525	0.12776	0.00819	0.00733

[dist]
# distance from previous block
# <min> <max>
0	2

[block]
# block no. 4 follows, 21 sequences, length 16
# corresponding to MSA columns:
# 66-81
name=unknown_E
#
# <colnr> <probs for GDERKNQSTAVLIFYWHMCP>
#	G	D	E	R	K	N	Q	S	T	A	V	L	I	F	Y	W	H	M	C	P
0	0.01765	0.01513	0.01765	0.01260	0.02017	0.01134	0.01008	0.02143	0.01765	0.02773	0.01513	0.01765	0.01260	0.00630	0.00630	0.00126	0.00630	0.00504	0.00504	0.75295
1	0.02453	0.02514	0.02252	0.02406	0.12950	0.25652	0.01585	0.14469	0.02448	0.02886	0.02382	0.19291	0.02380	0.01348	0.00879	0.00265	0.01056	0.01111	0.00609	0.01065
2	0.01714	0.01260	0.01483	0.01284	0.01615	0.01271	0.01002	0.17155	0.02785	0.03833	0.44094	0.05380	0.10542	0.01585	0.00965	0.00266	0.00542	0.01359	0.00904	0.00963
3	0.01464	0.00881	0.01092	0.01075	0.01239	0.00969	0.00824	0.01784	0.01586	0.02625	0.02468	0.03146	0.02082	0.02994	0.24022	0.03977	0.04188	0.00830	0.41984	0.00769
4	0.02269	0.01984	0.02989	0.20588	0.33539	0.02147	0.02291	0.17817	0.02410	0.03291	0.01692	0.02132	0.01319	0.00850	0.00847	0.00261	0.01024	0.00760	0.00521	0.01270
5	0.08282	0.02422	0.02282	0.10528	0.02853	0.15693	0.01588	0.32177	0.02977	0.03909	0.01907	0.04970	0.01511	0.01024	0.00809	0.00254	0.01024	0.00771	0.03835	0.01184
6	0.02687	0.41144	0.03621	0.01693	0.02381	0.08251	0.01528	0.23563	0.02586	0.03194	0.01497	0.01618	0.01218	0.00844	0.00672	0.00211	0.00970	0.00572	0.00542	0.01209
7	0.02261	0.15503	0.24298	0.02273	0.03190	0.02391	0.12618	0.17942	0.02389	0.03266	0.01631	0.01867	0.01223	0.00824	0.00797	0.00246	0.01111	0.00692	0.00507	0.04972
8	0.07937	0.36470	0.14246	0.01727	0.02519	0.02831	0.01748	0.17904	0.02306	0.03125	0.01464	0.01616	0.01169	0.00822	0.00669	0.00222	0.00958	0.00566	0.00501	0.01200
9	0.01302	0.00864	0.01119	0.01102	0.01276	0.00902	0.00832	0.01636	0.01759	0.02651	0.18672	0.04368	0.06019	0.06833	0.27131	0.00715	0.01167	0.01092	0.19793	0.00766
10	0.02184	0.01384	0.01778	0.01545	0.01921	0.01503	0.01239	0.17571	0.02231	0.13742	0.02404	0.02931	0.01948	0.04083	0.38400	0.00891	0.01666	0.00865	0.00661	0.01056
11	0.02602	0.02237	0.02162	0.01819	0.02293	0.13893	0.01452	0.32590	0.02898	0.03718	0.01983	0.02351	0.01593	0.02647	0.21135	0.00592	0.01460	0.00771	0.00654	0.01151
12	0.02325	0.02318	0.04384	0.03166	0.03981	0.02278	0.46184	0.18015	0.02523	0.03407	0.01805	0.02230	0.01332	0.00796	0.00965	0.00279	0.01306	0.00943	0.00539	0.01225
13	0.02523	0.52992	0.03967	0.01586	0.02302	0.03179	0.01498	0.17883	0.02316	0.02870	0.01405	0.01540	0.01184	0.00804	0.00625	0.00201	0.00917	0.00535	0.00490	0.01184
14	0.01604	0.01165	0.01392	0.01385	0.01597	0.01194	0.01004	0.16871	0.02242	0.02996	0.04007	0.52112	0.04549	0.02242	0.01026	0.00322	0.00608	0.01993	0.00806	0.00886
15	0.01156	0.00844	0.00844	0.00844	0.01109	0.00738	0.00633	0.01418	0.01900	0.02525	0.07112	0.06895	0.48366	0.01855	0.00900	0.00264	0.00422	0.01537	0.19901	0.00738

[dist]
# distance from previous block
# <min> <max>
3	11

[block]
# block no. 5 follows, 21 sequences, length 36
# corresponding to MSA columns:
# 93-128
name=unknown_F
#
# <colnr> <probs for GDERKNQSTAVLIFYWHMCP>
#	G	D	E	R	K	N	Q	S	T	A	V	L	I	F	Y	W	H	M	C	P
0	0.01319	0.01024	0.01442	0.01348	0.01613	0.01077	0.01053	0.01636	0.01442	0.02125	0.02136	0.03047	0.01965	0.05304	0.54330	0.01135	0.01970	0.00835	0.00465	0.14732
1	0.02726	0.01901	0.02097	0.01750	0.02316	0.02090	0.01399	0.19378	0.36447	0.15616	0.03075	0.02829	0.02207	0.01101	0.00860	0.00275	0.00751	0.00891	0.00897	0.01392
2	0.02436	0.01757	0.01934	0.01691	0.02205	0.01954	0.01329	0.04452	0.51847	0.15148	0.03444	0.03123	0.02506	0.01136	0.00864	0.00284	0.00683	0.00942	0.00901	0.01366
3	0.01581	0.03716	0.53555	0.02193	0.03224	0.01735	0.02703	0.02412	0.01765	0.02597	0.02120	0.14496	0.01931	0.01157	0.00861	0.00284	0.01114	0.00964	0.00440	0.01151
4	0.02088	0.02073	0.03748	0.04917	0.53473	0.02046	0.13687	0.02633	0.01951	0.02770	0.01623	0.02142	0.01337	0.00751	0.00873	0.00259	0.01090	0.00804	0.00423	0.01310
5	0.02883	0.03361	0.02115	0.01918	0.02324	0.51135	0.01446	0.06050	0.02373	0.02451	0.01626	0.01867	0.01317	0.00906	0.00739	0.00217	0.01292	0.00605	0.14402	0.00973
6	0.03299	0.03567	0.02330	0.02065	0.02545	0.54411	0.01571	0.03539	0.02416	0.13947	0.01698	0.01790	0.01286	0.00910	0.00784	0.00228	0.01383	0.00606	0.00554	0.01073
7	0.01214	0.00904	0.01325	0.01312	0.01473	0.01015	0.01015	0.01536	0.01563	0.02245	0.13913	0.03908	0.03234	0.05512	0.54400	0.01161	0.01927	0.01029	0.00546	0.00768
8	0.01119	0.00984	0.01179	0.13457	0.02033	0.00938	0.00968	0.01400	0.01895	0.02276	0.07288	0.07080	0.52571	0.01911	0.00977	0.00287	0.00563	0.01601	0.00713	0.00761
9	0.01074	0.00756	0.00976	0.01137	0.01177	0.00716	0.00739	0.01195	0.01556	0.02074	0.04314	0.57545	0.05153	0.15306	0.01695	0.00435	0.00556	0.02198	0.00739	0.00658
10	0.01191	0.00986	0.01091	0.00982	0.01338	0.00815	0.00748	0.01477	0.02008	0.02629	0.19342	0.06589	0.40391	0.01779	0.00935	0.00253	0.00462	0.01498	0.00768	0.14717
11	0.01037	0.00741	0.00987	0.01185	0.01234	0.00691	0.00790	0.01185	0.01629	0.02172	0.04690	0.69537	0.05629	0.02666	0.01086	0.00346	0.00494	0.02419	0.00790	0.00691
12	0.01763	0.04007	0.54311	0.02643	0.03827	0.02009	0.14120	0.02701	0.01836	0.02701	0.01564	0.01890	0.01118	0.00791	0.00845	0.00273	0.01291	0.00699	0.00373	0.01237
13	0.01204	0.00870	0.01138	0.01071	0.01271	0.00803	0.00803	0.01606	0.02409	0.03413	0.64335	0.06357	0.08030	0.01740	0.01004	0.00268	0.00401	0.01539	0.00937	0.00803
14	0.03026	0.02419	0.02427	0.01936	0.02561	0.07767	0.01570	0.46694	0.14681	0.04767	0.02243	0.02208	0.01629	0.01034	0.00847	0.00259	0.00937	0.00784	0.00820	0.01391
15	0.01037	0.00741	0.00987	0.01185	0.01234	0.00691	0.00790	0.01185	0.01629	0.02172	0.04690	0.69537	0.05629	0.02666	0.01086	0.00346	0.00494	0.02419	0.00790	0.00691
16	0.01765	0.01513	0.01765	0.01260	0.02017	0.01134	0.01008	0.02143	0.01765	0.02773	0.01513	0.01765	0.01260	0.00630	0.00630	0.00126	0.00630	0.00504	0.00504	0.75295
17	0.03235	0.02384	0.02554	0.01958	0.02639	0.02639	0.01618	0.61946	0.04001	0.05363	0.02043	0.02043	0.01447	0.01022	0.00851	0.00255	0.00936	0.00766	0.00851	0.01447
18	0.01707	0.04402	0.65683	0.02426	0.03683	0.01976	0.03144	0.02695	0.01797	0.02695	0.01527	0.01797	0.01078	0.00809	0.00809	0.00270	0.01258	0.00629	0.00359	0.01258
19	0.01876	0.19437	0.44025	0.02345	0.03432	0.02320	0.10005	0.02665	0.01807	0.02539	0.01472	0.01759	0.01108	0.00779	0.00772	0.00251	0.01199	0.00635	0.00369	0.01206
20	0.01097	0.00766	0.00970	0.01108	0.01143	0.00731	0.00708	0.01201	0.01512	0.02016	0.04088	0.50365	0.04869	0.22875	0.02059	0.00489	0.00593	0.02065	0.00708	0.00639
21	0.03235	0.02384	0.02554	0.01958	0.02639	0.02639	0.01618	0.61946	0.04001	0.05363	0.02043	0.02043	0.01447	0.01022	0.00851	0.00255	0.00936	0.00766	0.00851	0.01447
22	0.01726	0.01700	0.02769	0.02265	0.02479	0.02085	0.14553	0.02034	0.01462	0.02150	0.01585	0.02522	0.01497	0.07688	0.14192	0.00572	0.36528	0.00871	0.00412	0.00913
23	0.03263	0.02339	0.02526	0.01937	0.02617	0.02573	0.01600	0.59179	0.03926	0.08236	0.02106	0.02084	0.01479	0.01023	0.00852	0.00256	0.00926	0.00770	0.00861	0.01447
24	0.03209	0.03151	0.02489	0.02066	0.02635	0.32022	0.01630	0.35082	0.03272	0.03858	0.01709	0.01810	0.01286	0.00955	0.00813	0.00239	0.01211	0.00666	0.00662	0.01236
25	0.01142	0.00816	0.00925	0.00966	0.01043	0.00773	0.00603	0.01223	0.01481	0.01908	0.04469	0.19408	0.17792	0.40447	0.02892	0.00602	0.00665	0.01611	0.00636	0.00599
26	0.01216	0.00912	0.01368	0.01368	0.01520	0.01064	0.01064	0.01520	0.01368	0.01976	0.02279	0.03343	0.02127	0.06382	0.66720	0.01368	0.02279	0.00912	0.00456	0.00760
27	0.01216	0.00912	0.01368	0.01368	0.01520	0.01064	0.01064	0.01520	0.01368	0.01976	0.02279	0.03343	0.02127	0.06382	0.66720	0.01368	0.02279	0.00912	0.00456	0.00760
28	0.01830	0.18724	0.52438	0.02216	0.03359	0.02277	0.02779	0.02663	0.01782	0.02545	0.01453	0.01703	0.01081	0.00791	0.00752	0.00251	0.01182	0.00591	0.00360	0.01222
29	0.02106	0.02022	0.03454	0.05223	0.64784	0.02022	0.02612	0.02612	0.01938	0.02780	0.01601	0.02106	0.01348	0.00758	0.00842	0.00253	0.01011	0.00758	0.00421	0.01348
30	0.01006	0.00862	0.00862	0.00862	0.01149	0.00718	0.00647	0.01221	0.01940	0.02299	0.08621	0.08190	0.64438	0.02155	0.01006	0.00287	0.00431	0.01796	0.00790	0.00718
31	0.12668	0.03389	0.02128	0.01922	0.02363	0.49748	0.01459	0.05741	0.02302	0.02548	0.01454	0.01675	0.01180	0.00882	0.00725	0.00225	0.01297	0.00567	0.06747	0.00982
32	0.02457	0.57326	0.04059	0.01592	0.02273	0.13128	0.01492	0.05279	0.01934	0.02162	0.01241	0.01421	0.01108	0.00764	0.00594	0.00191	0.01008	0.00483	0.00397	0.01091
33	0.01227	0.00869	0.01150	0.01150	0.01227	0.00946	0.00792	0.01380	0.01303	0.01814	0.02479	0.04446	0.02606	0.37936	0.35821	0.01099	0.01559	0.01073	0.00485	0.00639
34	0.01607	0.01513	0.02552	0.68047	0.05861	0.01891	0.02363	0.02174	0.01702	0.02174	0.01513	0.02269	0.01134	0.00851	0.00851	0.00284	0.01134	0.00756	0.00378	0.00945
35	0.01862	0.01862	0.02607	0.02234	0.02234	0.02607	0.01862	0.02048	0.01303	0.02048	0.01117	0.01862	0.01117	0.01489	0.02793	0.00372	0.68535	0.00745	0.00372	0.00931

[dist]
# distance from previous block
# <min> <max>
0	1

[block]
# block no. 6 follows, 21 sequences, length 53
# corresponding to MSA columns:
# 130-182
name=unknown_G
#
# <colnr> <probs for GDERKNQSTAVLIFYWHMCP>
#	G	D	E	R	K	N	Q	S	T	A	V	L	I	F	Y	W	H	M	C	P
0	0.02026	0.01500	0.01637	0.01424	0.01745	0.01617	0.01051	0.22975	0.10685	0.03296	0.03028	0.11191	0.05226	0.26289	0.02146	0.00478	0.00791	0.01188	0.00722	0.00983
1	0.02008	0.01244	0.01297	0.01138	0.01461	0.01322	0.00884	0.17087	0.05341	0.03663	0.02622	0.03012	0.02065	0.04539	0.00863	0.00249	0.00567	0.00817	0.48850	0.00970
2	0.03179	0.04056	0.02412	0.02192	0.02631	0.66676	0.01644	0.03398	0.02412	0.02083	0.01315	0.01535	0.01096	0.00877	0.00767	0.00219	0.01535	0.00548	0.00438	0.00987
3	0.02275	0.70604	0.04459	0.01456	0.02184	0.03367	0.01456	0.02548	0.01729	0.02002	0.01183	0.01365	0.01092	0.00728	0.00546	0.00182	0.00910	0.00455	0.00364	0.01092
4	0.02117	0.01828	0.01924	0.01732	0.02213	0.02117	0.01347	0.04522	0.63246	0.03560	0.03464	0.03175	0.02598	0.01155	0.00866	0.00289	0.00673	0.00962	0.00866	0.01347
5	0.03059	0.02557	0.02438	0.01960	0.02574	0.12379	0.01581	0.44366	0.12634	0.04590	0.02144	0.02135	0.01566	0.01019	0.00841	0.00255	0.00989	0.00762	0.00790	0.01362
6	0.02363	0.02530	0.03137	0.07526	0.45601	0.18949	0.02346	0.02796	0.02050	0.02568	0.01522	0.01965	0.01272	0.00794	0.00823	0.00245	0.01154	0.00703	0.00424	0.01233
7	0.02898	0.03523	0.02685	0.02986	0.18910	0.49742	0.01898	0.03192	0.02288	0.02265	0.01390	0.01684	0.01162	0.00846	0.00787	0.00228	0.01398	0.00603	0.00434	0.01081
8	0.01238	0.00825	0.00928	0.00928	0.00928	0.00825	0.00516	0.01238	0.01238	0.01650	0.02681	0.05569	0.03094	0.70092	0.04331	0.00825	0.00825	0.01238	0.00516	0.00516
9	0.01988	0.01901	0.03241	0.20093	0.50838	0.01991	0.02553	0.02508	0.01882	0.02637	0.01580	0.02145	0.01297	0.00780	0.00844	0.00260	0.01040	0.00758	0.00411	0.01253
10	0.01112	0.00893	0.01010	0.01057	0.01316	0.00791	0.00844	0.01384	0.01972	0.02428	0.10797	0.08449	0.45686	0.02182	0.01050	0.00313	0.00521	0.16656	0.00797	0.00740
11	0.02106	0.02022	0.03454	0.05223	0.64784	0.02022	0.02612	0.02612	0.01938	0.02780	0.01601	0.02106	0.01348	0.00758	0.00842	0.00253	0.01011	0.00758	0.00421	0.01348
12	0.02848	0.03428	0.02733	0.03128	0.21808	0.46727	0.01943	0.03156	0.02265	0.02298	0.01403	0.01711	0.01174	0.00840	0.00791	0.00230	0.01373	0.00613	0.00433	0.01098
13	0.02106	0.02022	0.03454	0.05223	0.64784	0.02022	0.02612	0.02612	0.01938	0.02780	0.01601	0.02106	0.01348	0.00758	0.00842	0.00253	0.01011	0.00758	0.00421	0.01348
14	0.01006	0.00862	0.00862	0.00862	0.01149	0.00718	0.00647	0.01221	0.01940	0.02299	0.08621	0.08190	0.64438	0.02155	0.01006	0.00287	0.00431	0.01796	0.00790	0.00718
15	0.01287	0.01017	0.01505	0.01464	0.01599	0.01234	0.01152	0.01578	0.01361	0.01984	0.02151	0.03179	0.02016	0.05841	0.59647	0.01258	0.09610	0.00893	0.00447	0.00779
16	0.01862	0.01862	0.02607	0.02234	0.02234	0.02607	0.01862	0.02048	0.01303	0.02048	0.01117	0.01862	0.01117	0.01489	0.02793	0.00372	0.68535	0.00745	0.00372	0.00931
17	0.01751	0.04139	0.58798	0.02735	0.10443	0.01981	0.03085	0.02686	0.01812	0.02704	0.01535	0.01831	0.01108	0.00803	0.00812	0.00268	0.01230	0.00643	0.00366	0.01268
18	0.01977	0.01170	0.01210	0.01069	0.01381	0.01230	0.00837	0.16175	0.02309	0.03691	0.02603	0.02905	0.02008	0.00999	0.00656	0.00212	0.00524	0.00787	0.57310	0.00948
19	0.01707	0.04402	0.65683	0.02426	0.03683	0.01976	0.03144	0.02695	0.01797	0.02695	0.01527	0.01797	0.01078	0.00809	0.00809	0.00270	0.01258	0.00629	0.00359	0.01258
20	0.01006	0.00862	0.00862	0.00862	0.01149	0.00718	0.00647	0.01221	0.01940	0.02299	0.08621	0.08190	0.64438	0.02155	0.01006	0.00287	0.00431	0.01796	0.00790	0.00718
21	0.03179	0.04056	0.02412	0.02192	0.02631	0.66676	0.01644	0.03398	0.02412	0.02083	0.01315	0.01535	0.01096	0.00877	0.00767	0.00219	0.01535	0.00548	0.00438	0.00987
22	0.02106	0.02022	0.03454	0.05223	0.64784	0.02022	0.02612	0.02612	0.01938	0.02780	0.01601	0.02106	0.01348	0.00758	0.00842	0.00253	0.01011	0.00758	0.00421	0.01348
23	0.01028	0.00863	0.00893	0.00885	0.01163	0.00728	0.00664	0.01264	0.01992	0.02422	0.14785	0.07987	0.58198	0.02109	0.01006	0.00285	0.00428	0.01768	0.00806	0.00728
24	0.02940	0.02180	0.02345	0.01872	0.02494	0.02424	0.01522	0.42685	0.21019	0.07642	0.02514	0.02409	0.01810	0.01061	0.00856	0.00265	0.00851	0.00827	0.00865	0.01418
25	0.01564	0.00800	0.00828	0.00828	0.01024	0.00810	0.00623	0.01955	0.01759	0.03100	0.02746	0.03183	0.02178	0.01320	0.04627	0.00270	0.00511	0.00800	0.70283	0.00791
26	0.02738	0.02614	0.02224	0.01899	0.02371	0.24439	0.01496	0.27371	0.02827	0.03426	0.01847	0.02175	0.01487	0.02240	0.16412	0.00506	0.01461	0.00725	0.00615	0.01125
27	0.01765	0.01513	0.01765	0.01260	0.02017	0.01134	0.01008	0.02143	0.01765	0.02773	0.01513	0.01765	0.01260	0.00630	0.00630	0.00126	0.00630	0.00504	0.00504	0.75295
28	0.01871	0.03309	0.35056	0.03229	0.12209	0.02047	0.24527	0.02695	0.01893	0.02718	0.01608	0.02021	0.01193	0.00768	0.00885	0.00274	0.01289	0.00784	0.00394	0.01230
29	0.02898	0.03523	0.02685	0.02986	0.18910	0.49742	0.01898	0.03192	0.02288	0.02265	0.01390	0.01684	0.01162	0.00846	0.00787	0.00228	0.01398	0.00603	0.00434	0.01081
30	0.02678	0.02189	0.02741	0.03248	0.28428	0.08622	0.01943	0.14665	0.11394	0.12211	0.02178	0.02304	0.01632	0.00921	0.00842	0.00257	0.00960	0.00782	0.00661	0.01345
31	0.02411	0.60634	0.04153	0.01566	0.02251	0.12852	0.01484	0.02676	0.01831	0.02014	0.01203	0.01391	0.01093	0.00750	0.00579	0.00188	0.01004	0.00469	0.00375	0.01076
32	0.01116	0.00866	0.01014	0.00977	0.01217	0.00765	0.00733	0.01434	0.02199	0.02914	0.39404	0.07177	0.33272	0.01926	0.01005	0.00276	0.00415	0.01654	0.00871	0.00765
33	0.01053	0.00864	0.00927	0.00911	0.01178	0.00738	0.00684	0.01312	0.02051	0.02563	0.21808	0.07756	0.51087	0.02057	0.01005	0.00283	0.00424	0.01735	0.00825	0.00738
34	0.03818	0.01448	0.01975	0.01514	0.02172	0.01251	0.01251	0.04147	0.02436	0.65373	0.03357	0.02897	0.02107	0.01053	0.00856	0.00263	0.00724	0.00856	0.01053	0.01448
35	0.01586	0.00793	0.00793	0.00793	0.00991	0.00793	0.00595	0.01983	0.01785	0.03173	0.02776	0.03173	0.02181	0.00991	0.00595	0.00198	0.00397	0.00793	0.74817	0.00793
36	0.01238	0.00825	0.00928	0.00928	0.00928	0.00825	0.00516	0.01238	0.01238	0.01650	0.02681	0.05569	0.03094	0.70092	0.04331	0.00825	0.00825	0.01238	0.00516	0.00516
37	0.02845	0.02007	0.02137	0.01682	0.02249	0.02202	0.01375	0.47754	0.03477	0.04845	0.02217	0.02311	0.01621	0.01014	0.00791	0.00242	0.00809	0.00773	0.18358	0.01292
38	0.03265	0.02336	0.02525	0.01936	0.02615	0.02569	0.01599	0.59021	0.03922	0.08400	0.02110	0.02086	0.01481	0.01023	0.00852	0.00256	0.00926	0.00771	0.00862	0.01447
39	0.02515	0.53072	0.03932	0.01635	0.02302	0.16044	0.01504	0.06341	0.02005	0.02223	0.01262	0.01441	0.01115	0.00776	0.00609	0.00194	0.01037	0.00493	0.00409	0.01093
40	0.76103	0.01646	0.01251	0.01119	0.01646	0.01909	0.00922	0.02502	0.01448	0.03818	0.01185	0.01382	0.00922	0.00790	0.00527	0.00263	0.00658	0.00461	0.00527	0.00922
41	0.03179	0.04056	0.02412	0.02192	0.02631	0.66676	0.01644	0.03398	0.02412	0.02083	0.01315	0.01535	0.01096	0.00877	0.00767	0.00219	0.01535	0.00548	0.00438	0.00987
42	0.01006	0.00862	0.00862	0.00862	0.01149	0.00718	0.00647	0.01221	0.01940	0.02299	0.08621	0.08190	0.64438	0.02155	0.01006	0.00287	0.00431	0.01796	0.00790	0.00718
43	0.02897	0.03587	0.02453	0.02201	0.02546	0.52977	0.01691	0.03110	0.02175	0.02075	0.01273	0.01605	0.01101	0.01008	0.01200	0.00252	0.15860	0.00590	0.00424	0.00975
44	0.01006	0.00862	0.00862	0.00862	0.01149	0.00718	0.00647	0.01221	0.01940	0.02299	0.08621	0.08190	0.64438	0.02155	0.01006	0.00287	0.00431	0.01796	0.00790	0.00718
45	0.01084	0.00761	0.00973	0.01124	0.01162	0.00723	0.00725	0.01197	0.01537	0.02049	0.04215	0.54397	0.05029	0.18625	0.01854	0.00459	0.00572	0.02140	0.00725	0.00650
46	0.03179	0.04056	0.02412	0.02192	0.02631	0.66676	0.01644	0.03398	0.02412	0.02083	0.01315	0.01535	0.01096	0.00877	0.00767	0.00219	0.01535	0.00548	0.00438	0.00987
47	0.01029	0.00769	0.00958	0.01109	0.01214	0.00698	0.00756	0.01194	0.01703	0.02202	0.05621	0.55017	0.19548	0.02545	0.01067	0.00332	0.00479	0.02272	0.00790	0.00698
48	0.09222	0.03184	0.02345	0.01996	0.02533	0.37054	0.01559	0.22977	0.02866	0.06068	0.01637	0.01752	0.01243	0.00926	0.00780	0.00237	0.01227	0.00627	0.00611	0.01156
49	0.02728	0.37237	0.03433	0.01825	0.02408	0.35110	0.01550	0.02974	0.02071	0.02043	0.01249	0.01450	0.01094	0.00803	0.00657	0.00201	0.01223	0.00502	0.00401	0.01039
50	0.01216	0.00912	0.01368	0.01368	0.01520	0.01064	0.01064	0.01520	0.01368	0.01976	0.02279	0.03343	0.02127	0.06382	0.66720	0.01368	0.02279	0.00912	0.00456	0.00760
51	0.01766	0.02430	0.19175	0.05972	0.13405	0.04710	0.09569	0.02352	0.01766	0.02497	0.01730	0.02285	0.01422	0.02094	0.16420	0.00511	0.01418	0.00754	0.00422	0.09304
52	0.01680	0.01656	0.01615	0.01563	0.01783	0.16593	0.01201	0.01964	0.01615	0.02001	0.02051	0.02915	0.01883	0.05079	0.51110	0.01096	0.02103	0.00826	0.00452	0.00813

[dist]
# distance from previous block
# <min> <max>
0	2

[block]
# block no. 7 follows, 21 sequences, length 8
# corresponding to MSA columns:
# 185-192
name=unknown_H
#
# <colnr> <probs for GDERKNQSTAVLIFYWHMCP>
#	G	D	E	R	K	N	Q	S	T	A	V	L	I	F	Y	W	H	M	C	P
0	0.02053	0.32114	0.35371	0.02002	0.02978	0.07325	0.02326	0.02685	0.01814	0.02360	0.01367	0.01597	0.01085	0.00780	0.00696	0.00229	0.01132	0.00550	0.00367	0.01168
1	0.01707	0.04402	0.65683	0.02426	0.03683	0.01976	0.03144	0.02695	0.01797	0.02695	0.01527	0.01797	0.01078	0.00809	0.00809	0.00270	0.01258	0.00629	0.00359	0.01258
2	0.02752	0.16115	0.02695	0.01922	0.02444	0.34199	0.01534	0.07765	0.17208	0.02665	0.01866	0.01939	0.01487	0.00927	0.00755	0.00232	0.01162	0.00647	0.00558	0.01128
3	0.01707	0.04402	0.65683	0.02426	0.03683	0.01976	0.03144	0.02695	0.01797	0.02695	0.01527	0.01797	0.01078	0.00809	0.00809	0.00270	0.01258	0.00629	0.00359	0.01258
4	0.12494	0.01110	0.01254	0.01205	0.01533	0.01061	0.00913	0.02037	0.04516	0.11247	0.04484	0.27360	0.15682	0.01838	0.00918	0.00295	0.00569	0.04424	0.00770	0.06291
5	0.02216	0.02230	0.03348	0.04913	0.58425	0.08636	0.02513	0.02692	0.01986	0.02709	0.01572	0.02048	0.01322	0.00770	0.00835	0.00249	0.01065	0.00737	0.00423	0.01311
6	0.02891	0.08052	0.02535	0.02280	0.07395	0.49458	0.01640	0.06300	0.02383	0.02324	0.01858	0.02042	0.05381	0.00951	0.00779	0.00226	0.01345	0.00654	0.00478	0.01029
7	0.02964	0.20341	0.02947	0.01967	0.02521	0.39525	0.01593	0.13588	0.02524	0.02645	0.01412	0.01583	0.01158	0.00866	0.00727	0.00216	0.01273	0.00564	0.00493	0.01095

[dist]
# distance from previous block
# <min> <max>
0	1

[block]
# block no. 8 follows, 21 sequences, length 44
# corresponding to MSA columns:
# 194-237
name=unknown_I
#
# <colnr> <probs for GDERKNQSTAVLIFYWHMCP>
#	G	D	E	R	K	N	Q	S	T	A	V	L	I	F	Y	W	H	M	C	P
0	0.01366	0.00925	0.01078	0.01006	0.01299	0.00804	0.00766	0.01662	0.02164	0.09134	0.28749	0.06971	0.37171	0.01889	0.00990	0.00278	0.00450	0.01605	0.00871	0.00824
1	0.09389	0.05542	0.01321	0.01125	0.01358	0.01094	0.00859	0.01708	0.01909	0.02915	0.26722	0.18571	0.04985	0.02170	0.07757	0.00385	0.00679	0.01391	0.09315	0.00805
2	0.02825	0.03080	0.02265	0.02005	0.02490	0.36369	0.01540	0.11436	0.23287	0.03014	0.02140	0.02158	0.01652	0.00990	0.00812	0.00248	0.01164	0.00717	0.00638	0.01169
3	0.01238	0.00825	0.00928	0.00928	0.00928	0.00825	0.00516	0.01238	0.01238	0.01650	0.02681	0.05569	0.03094	0.70092	0.04331	0.00825	0.00825	0.01238	0.00516	0.00516
4	0.02275	0.70604	0.04459	0.01456	0.02184	0.03367	0.01456	0.02548	0.01729	0.02002	0.01183	0.01365	0.01092	0.00728	0.00546	0.00182	0.00910	0.00455	0.00364	0.01092
5	0.01401	0.01146	0.01772	0.02157	0.15250	0.01242	0.01348	0.01726	0.01512	0.02147	0.02464	0.03442	0.05050	0.08742	0.45454	0.01040	0.01827	0.00941	0.00468	0.00871
6	0.02051	0.01771	0.01861	0.01680	0.02150	0.02034	0.01305	0.04326	0.59598	0.03485	0.03771	0.03473	0.06277	0.01214	0.00874	0.00289	0.00659	0.01012	0.00861	0.01310
7	0.01037	0.00741	0.00987	0.01185	0.01234	0.00691	0.00790	0.01185	0.01629	0.02172	0.04690	0.69537	0.05629	0.02666	0.01086	0.00346	0.00494	0.02419	0.00790	0.00691
8	0.02106	0.02022	0.03454	0.05223	0.64784	0.02022	0.02612	0.02612	0.01938	0.02780	0.01601	0.02106	0.01348	0.00758	0.00842	0.00253	0.01011	0.00758	0.00421	0.01348
9	0.67746	0.01623	0.01335	0.01165	0.01707	0.01833	0.00960	0.02692	0.01562	0.10935	0.01436	0.01558	0.01059	0.00820	0.00565	0.00263	0.00666	0.00506	0.00588	0.00983
10	0.01862	0.01862	0.02607	0.02234	0.02234	0.02607	0.01862	0.02048	0.01303	0.02048	0.01117	0.01862	0.01117	0.01489	0.02793	0.00372	0.68535	0.00745	0.00372	0.00931
11	0.01666	0.01211	0.01436	0.01406	0.01637	0.01249	0.01027	0.18583	0.02308	0.03086	0.03932	0.50211	0.04431	0.02195	0.01019	0.00320	0.00620	0.01946	0.00808	0.00908
12	0.22659	0.01122	0.01334	0.01297	0.01556	0.01306	0.01023	0.01801	0.01391	0.02503	0.01966	0.02782	0.01782	0.04781	0.47766	0.01051	0.01815	0.00783	0.00476	0.00806
13	0.01922	0.02899	0.22391	0.03254	0.04229	0.02102	0.44928	0.02717	0.01948	0.02717	0.01666	0.02153	0.01230	0.00743	0.00948	0.00282	0.01384	0.00897	0.00410	0.01179
14	0.76103	0.01646	0.01251	0.01119	0.01646	0.01909	0.00922	0.02502	0.01448	0.03818	0.01185	0.01382	0.00922	0.00790	0.00527	0.00263	0.00658	0.00461	0.00527	0.00922
15	0.01478	0.00739	0.01109	0.01109	0.01109	0.00739	0.00739	0.01109	0.01109	0.01478	0.01478	0.02587	0.01478	0.02956	0.03326	0.75240	0.00739	0.00739	0.00370	0.00370
16	0.76103	0.01646	0.01251	0.01119	0.01646	0.01909	0.00922	0.02502	0.01448	0.03818	0.01185	0.01382	0.00922	0.00790	0.00527	0.00263	0.00658	0.00461	0.00527	0.00922
17	0.01059	0.00799	0.00987	0.01126	0.01259	0.00726	0.00803	0.01250	0.01751	0.02245	0.05826	0.45893	0.22809	0.02487	0.01071	0.00333	0.00503	0.07575	0.00789	0.00708
18	0.01926	0.02921	0.23775	0.03414	0.11185	0.02082	0.36586	0.02703	0.01934	0.02723	0.01647	0.02118	0.01231	0.00751	0.00924	0.00278	0.01330	0.00859	0.00407	0.01205
19	0.01478	0.00739	0.01109	0.01109	0.01109	0.00739	0.00739	0.01109	0.01109	0.01478	0.01478	0.02587	0.01478	0.02956	0.03326	0.75240	0.00739	0.00739	0.00370	0.00370
20	0.21017	0.46753	0.03469	0.01418	0.02091	0.02930	0.01336	0.08135	0.01872	0.02778	0.01265	0.01433	0.01083	0.00771	0.00570	0.00209	0.00849	0.00486	0.00451	0.01083
21	0.09019	0.16938	0.09617	0.02552	0.20052	0.02038	0.01782	0.04879	0.02035	0.05947	0.14394	0.02748	0.02630	0.00986	0.00778	0.00244	0.00841	0.00815	0.00565	0.01140
22	0.10813	0.17736	0.31304	0.02671	0.16431	0.02276	0.02401	0.02622	0.01771	0.02700	0.01429	0.01722	0.01121	0.00778	0.00726	0.00246	0.01058	0.00600	0.00394	0.01202
23	0.02875	0.03418	0.02272	0.02061	0.02511	0.48190	0.01559	0.03720	0.19831	0.02506	0.01931	0.02004	0.01526	0.00956	0.00796	0.00239	0.01288	0.00667	0.00561	0.01090
24	0.02957	0.11022	0.02754	0.02463	0.09769	0.52350	0.01736	0.03215	0.02283	0.02155	0.01334	0.01582	0.01125	0.00847	0.00752	0.00219	0.01407	0.00562	0.00428	0.01040
25	0.01098	0.00794	0.01096	0.01250	0.01332	0.00791	0.00888	0.01296	0.01594	0.02154	0.04153	0.51143	0.04817	0.03455	0.15392	0.00571	0.00902	0.05844	0.00717	0.00712
26	0.01006	0.00862	0.00862	0.00862	0.01149	0.00718	0.00647	0.01221	0.01940	0.02299	0.08621	0.08190	0.64438	0.02155	0.01006	0.00287	0.00431	0.01796	0.00790	0.00718
27	0.03335	0.02224	0.02455	0.01882	0.02559	0.02402	0.01555	0.52079	0.03734	0.15608	0.02268	0.02189	0.01560	0.01027	0.00852	0.00257	0.00900	0.00781	0.00886	0.01447
28	0.03235	0.02384	0.02554	0.01958	0.02639	0.02639	0.01618	0.61946	0.04001	0.05363	0.02043	0.02043	0.01447	0.01022	0.00851	0.00255	0.00936	0.00766	0.00851	0.01447
29	0.01586	0.00793	0.00793	0.00793	0.00991	0.00793	0.00595	0.01983	0.01785	0.03173	0.02776	0.03173	0.02181	0.00991	0.00595	0.00198	0.00397	0.00793	0.74817	0.00793
30	0.22522	0.01499	0.01788	0.01412	0.02036	0.01421	0.01166	0.03721	0.02180	0.49445	0.02795	0.02505	0.01800	0.00985	0.00771	0.00263	0.00707	0.00754	0.00917	0.01312
31	0.02275	0.70604	0.04459	0.01456	0.02184	0.03367	0.01456	0.02548	0.01729	0.02002	0.01183	0.01365	0.01092	0.00728	0.00546	0.00182	0.00910	0.00455	0.00364	0.01092
32	0.02275	0.70604	0.04459	0.01456	0.02184	0.03367	0.01456	0.02548	0.01729	0.02002	0.01183	0.01365	0.01092	0.00728	0.00546	0.00182	0.00910	0.00455	0.00364	0.01092
33	0.03235	0.02384	0.02554	0.01958	0.02639	0.02639	0.01618	0.61946	0.04001	0.05363	0.02043	0.02043	0.01447	0.01022	0.00851	0.00255	0.00936	0.00766	0.00851	0.01447
34	0.01216	0.00912	0.01368	0.01368	0.01520	0.01064	0.01064	0.01520	0.01368	0.01976	0.02279	0.03343	0.02127	0.06382	0.66720	0.01368	0.02279	0.00912	0.00456	0.00760
35	0.01037	0.00741	0.00987	0.01185	0.01234	0.00691	0.00790	0.01185	0.01629	0.02172	0.04690	0.69537	0.05629	0.02666	0.01086	0.00346	0.00494	0.02419	0.00790	0.00691
36	0.01586	0.00793	0.00793	0.00793	0.00991	0.00793	0.00595	0.01983	0.01785	0.03173	0.02776	0.03173	0.02181	0.00991	0.00595	0.00198	0.00397	0.00793	0.74817	0.00793
37	0.01040	0.00863	0.00909	0.00898	0.01170	0.00733	0.00673	0.01287	0.02020	0.02489	0.18132	0.07877	0.54809	0.02084	0.01005	0.00284	0.00426	0.01752	0.00815	0.00733
38	0.01478	0.00739	0.01109	0.01109	0.01109	0.00739	0.00739	0.01109	0.01109	0.01478	0.01478	0.02587	0.01478	0.02956	0.03326	0.75240	0.00739	0.00739	0.00370	0.00370
39	0.02275	0.70604	0.04459	0.01456	0.02184	0.03367	0.01456	0.02548	0.01729	0.02002	0.01183	0.01365	0.01092	0.00728	0.00546	0.00182	0.00910	0.00455	0.00364	0.01092
40	0.01085	0.00888	0.00973	0.01016	0.01283	0.00775	0.00804	0.01339	0.01944	0.02353	0.07724	0.08497	0.51466	0.02198	0.01043	0.00310	0.00508	0.14272	0.00789	0.00733
41	0.03179	0.04056	0.02412	0.02192	0.02631	0.66676	0.01644	0.03398	0.02412	0.02083	0.01315	0.01535	0.01096	0.00877	0.00767	0.00219	0.01535	0.00548	0.00438	0.00987
42	0.03116	0.02062	0.02293	0.01814	0.02446	0.02228	0.01480	0.37053	0.16574	0.17826	0.02634	0.02473	0.01839	0.01057	0.00855	0.00264	0.00834	0.00828	0.00898	0.01426
43	0.17257	0.02247	0.02175	0.01743	0.02345	0.06625	0.01421	0.40823	0.06143	0.04652	0.01932	0.01991	0.01413	0.00972	0.00771	0.00253	0.00883	0.00703	0.04374	0.01278

[dist]
# distance from previous block
# <min> <max>
0	138

[block]
# block no. 9 follows, 21 sequences, length 51
# corresponding to MSA columns:
# 382-432
name=unknown_J
#
# <colnr> <probs for GDERKNQSTAVLIFYWHMCP>
#	G	D	E	R	K	N	Q	S	T	A	V	L	I	F	Y	W	H	M	C	P
0	0.44183	0.01848	0.02107	0.02540	0.22195	0.02025	0.01545	0.09034	0.01886	0.03651	0.01413	0.01689	0.01117	0.00805	0.00664	0.00259	0.00803	0.00590	0.00528	0.01117
1	0.01112	0.00877	0.01009	0.01006	0.01254	0.00774	0.00775	0.01409	0.02103	0.02707	0.27342	0.07705	0.38945	0.02033	0.01022	0.00291	0.00457	0.07584	0.00840	0.00754
2	0.01163	0.00892	0.01081	0.01100	0.01334	0.00809	0.00870	0.01488	0.02120	0.02773	0.28566	0.07823	0.29784	0.02044	0.01044	0.00304	0.00500	0.14697	0.00844	0.00765
3	0.01997	0.02147	0.02830	0.02340	0.02613	0.13066	0.13584	0.02316	0.01643	0.02176	0.01481	0.02160	0.01331	0.02115	0.13632	0.00509	0.31904	0.00793	0.00410	0.00953
4	0.01765	0.01513	0.01765	0.01260	0.02017	0.01134	0.01008	0.02143	0.01765	0.02773	0.01513	0.01765	0.01260	0.00630	0.00630	0.00126	0.00630	0.00504	0.00504	0.75295
5	0.01091	0.00816	0.01014	0.01070	0.01229	0.00738	0.00762	0.01348	0.01986	0.02657	0.27488	0.32408	0.19860	0.02210	0.01038	0.00304	0.00446	0.01955	0.00844	0.00738
6	0.01119	0.00877	0.01019	0.01012	0.01257	0.00777	0.00778	0.01424	0.02125	0.02759	0.30051	0.07608	0.36577	0.02011	0.01021	0.00290	0.00454	0.07236	0.00847	0.00758
7	0.02075	0.01990	0.03397	0.09206	0.61048	0.02014	0.02596	0.02584	0.01923	0.02742	0.01595	0.02117	0.01334	0.00764	0.00843	0.00255	0.01019	0.00758	0.00419	0.01322
8	0.01233	0.00845	0.01028	0.01028	0.01062	0.00879	0.00640	0.01302	0.01267	0.01724	0.02590	0.05064	0.02875	0.55631	0.18493	0.00948	0.01155	0.01164	0.00502	0.00571
9	0.01238	0.00825	0.00928	0.00928	0.00928	0.00825	0.00516	0.01238	0.01238	0.01650	0.02681	0.05569	0.03094	0.70092	0.04331	0.00825	0.00825	0.01238	0.00516	0.00516
10	0.03179	0.04056	0.02412	0.02192	0.02631	0.66676	0.01644	0.03398	0.02412	0.02083	0.01315	0.01535	0.01096	0.00877	0.00767	0.00219	0.01535	0.00548	0.00438	0.00987
11	0.02560	0.27139	0.03181	0.01941	0.02383	0.29700	0.01627	0.02791	0.01918	0.02046	0.01224	0.01549	0.01099	0.00963	0.01149	0.00241	0.16522	0.00560	0.00397	0.01011
12	0.03179	0.04056	0.02412	0.02192	0.02631	0.66676	0.01644	0.03398	0.02412	0.02083	0.01315	0.01535	0.01096	0.00877	0.00767	0.00219	0.01535	0.00548	0.00438	0.00987
13	0.01084	0.00865	0.00971	0.00944	0.01198	0.00752	0.00708	0.01373	0.02125	0.02739	0.30634	0.07466	0.42151	0.01991	0.01005	0.00280	0.00419	0.01694	0.00848	0.00752
14	0.01765	0.01513	0.01765	0.01260	0.02017	0.01134	0.01008	0.02143	0.01765	0.02773	0.01513	0.01765	0.01260	0.00630	0.00630	0.00126	0.00630	0.00504	0.00504	0.75295
15	0.01037	0.00741	0.00987	0.01185	0.01234	0.00691	0.00790	0.01185	0.01629	0.02172	0.04690	0.69537	0.05629	0.02666	0.01086	0.00346	0.00494	0.02419	0.00790	0.00691
16	0.01924	0.02888	0.22076	0.03260	0.04233	0.02103	0.45232	0.02717	0.01949	0.02717	0.01667	0.02155	0.01231	0.00743	0.00949	0.00282	0.01385	0.00899	0.00410	0.01179
17	0.02275	0.70604	0.04459	0.01456	0.02184	0.03367	0.01456	0.02548	0.01729	0.02002	0.01183	0.01365	0.01092	0.00728	0.00546	0.00182	0.00910	0.00455	0.00364	0.01092
18	0.01586	0.00793	0.00793	0.00793	0.00991	0.00793	0.00595	0.01983	0.01785	0.03173	0.02776	0.03173	0.02181	0.00991	0.00595	0.00198	0.00397	0.00793	0.74817	0.00793
19	0.01586	0.00793	0.00793	0.00793	0.00991	0.00793	0.00595	0.01983	0.01785	0.03173	0.02776	0.03173	0.02181	0.00991	0.00595	0.00198	0.00397	0.00793	0.74817	0.00793
20	0.01478	0.00739	0.01109	0.01109	0.01109	0.00739	0.00739	0.01109	0.01109	0.01478	0.01478	0.02587	0.01478	0.02956	0.03326	0.75240	0.00739	0.00739	0.00370	0.00370
21	0.02154	0.02284	0.02864	0.29136	0.27602	0.16646	0.02295	0.02619	0.01953	0.02385	0.01501	0.02040	0.01207	0.00821	0.00829	0.00257	0.01178	0.00710	0.00408	0.01108
