[name]
unknown

[dist]
# distance from previous block
# <min> <max>
0	13

[block]
# block no. 0 follows, 21 sequences, length 19
# corresponding to MSA columns:
# 13-31
name=unknown_A
#
# <colnr> <probs for GDERKNQSTAVLIFYWHMCP>
#	G	D	E	R	K	N	Q	S	T	A	V	L	I	F	Y	W	H	M	C	P
0	0.01707	0.04402	0.65683	0.02426	0.03683	0.01976	0.03144	0.02695	0.01797	0.02695	0.01527	0.01797	0.01078	0.00809	0.00809	0.00270	0.01258	0.00629	0.00359	0.01258
1	0.01607	0.01513	0.02552	0.68047	0.05861	0.01891	0.02363	0.02174	0.01702	0.02174	0.01513	0.02269	0.01134	0.00851	0.00851	0.00284	0.01134	0.00756	0.00378	0.00945
2	0.01607	0.01513	0.02552	0.68047	0.05861	0.01891	0.02363	0.02174	0.01702	0.02174	0.01513	0.02269	0.01134	0.00851	0.00851	0.00284	0.01134	0.00756	0.00378	0.00945
3	0.02054	0.01969	0.03360	0.11779	0.58635	0.02008	0.02586	0.02566	0.01913	0.02717	0.01592	0.02123	0.01326	0.00768	0.00843	0.00256	0.01024	0.00758	0.00417	0.01306
4	0.01037	0.00741	0.00987	0.01185	0.01234	0.00691	0.00790	0.01185	0.01629	0.02172	0.04690	0.69537	0.05629	0.02666	0.01086	0.00346	0.00494	0.02419	0.00790	0.00691
5	0.01169	0.00844	0.01133	0.01317	0.01440	0.00808	0.01013	0.01419	0.01781	0.02330	0.04867	0.41647	0.09086	0.02507	0.01117	0.00360	0.00606	0.25037	0.00787	0.00730
6	0.01607	0.01513	0.02552	0.68047	0.05861	0.01891	0.02363	0.02174	0.01702	0.02174	0.01513	0.02269	0.01134	0.00851	0.00851	0.00284	0.01134	0.00756	0.00378	0.00945
7	0.02027	0.19542	0.43486	0.02173	0.03204	0.10634	0.02564	0.02752	0.01860	0.02457	0.01421	0.01664	0.01084	0.00799	0.00743	0.00243	0.01214	0.00579	0.00371	0.01185
8	0.01776	0.03919	0.51769	0.02692	0.03859	0.02017	0.16573	0.02702	0.01845	0.02702	0.01572	0.01911	0.01127	0.00788	0.00853	0.00274	0.01298	0.00715	0.00376	0.01232
9	0.02281	0.02454	0.02965	0.18883	0.34425	0.19447	0.02293	0.02723	0.02011	0.02452	0.01503	0.01989	0.01231	0.00812	0.00824	0.00251	0.01181	0.00701	0.00416	0.01158
10	0.01972	0.01863	0.03156	0.14954	0.50710	0.01923	0.02480	0.02479	0.01902	0.02666	0.01803	0.02690	0.01578	0.00892	0.00869	0.00268	0.01014	0.05099	0.00441	0.01242
11	0.01971	0.01947	0.02870	0.04145	0.47714	0.06581	0.02155	0.02398	0.01973	0.02634	0.02952	0.03253	0.13664	0.01040	0.00869	0.00257	0.00937	0.00946	0.00495	0.01198
12	0.02592	0.02106	0.06832	0.08000	0.25424	0.02030	0.02045	0.16641	0.08515	0.13965	0.02171	0.02323	0.01589	0.00918	0.00847	0.00262	0.00937	0.00788	0.00663	0.01352
13	0.01707	0.04402	0.65683	0.02426	0.03683	0.01976	0.03144	0.02695	0.01797	0.02695	0.01527	0.01797	0.01078	0.00809	0.00809	0.00270	0.01258	0.00629	0.00359	0.01258
14	0.02166	0.02284	0.03734	0.07645	0.38577	0.08798	0.18878	0.02703	0.01995	0.02662	0.01600	0.02107	0.01295	0.00764	0.00880	0.00260	0.01189	0.00804	0.00423	0.01234
15	0.01841	0.03071	0.28285	0.01866	0.02572	0.16390	0.01951	0.02421	0.02094	0.02665	0.16533	0.03587	0.10813	0.01207	0.00868	0.00260	0.01022	0.00966	0.00563	0.01024
16	0.02077	0.01918	0.02989	0.04170	0.47206	0.01916	0.02205	0.05642	0.07521	0.02954	0.02138	0.02477	0.04659	0.00866	0.00834	0.00246	0.00913	0.00807	0.00509	0.07950
17	0.01758	0.02655	0.24210	0.19738	0.14622	0.01909	0.12911	0.02455	0.01823	0.02548	0.01776	0.06468	0.01472	0.00916	0.00877	0.00278	0.01165	0.00865	0.00415	0.01137
18	0.02116	0.12886	0.11412	0.03530	0.33710	0.02081	0.04731	0.02632	0.01892	0.05642	0.01605	0.01954	0.01296	0.00756	0.00773	0.00230	0.00983	0.00677	0.00446	0.10648

[dist]
# distance from previous block
# <min> <max>
0	43

[block]
# block no. 1 follows, 21 sequences, length 24
# corresponding to MSA columns:
# 86-109
name=unknown_B
#
# <colnr> <probs for GDERKNQSTAVLIFYWHMCP>
#	G	D	E	R	K	N	Q	S	T	A	V	L	I	F	Y	W	H	M	C	P
0	0.02154	0.16292	0.11960	0.02168	0.02814	0.18328	0.13877	0.02590	0.01971	0.02313	0.02474	0.02700	0.10539	0.01033	0.00936	0.00252	0.05272	0.00831	0.00459	0.01035
1	0.21366	0.02200	0.09062	0.02489	0.03283	0.01921	0.31433	0.02578	0.01806	0.03016	0.01532	0.01932	0.01170	0.00732	0.00806	0.00255	0.01096	0.00753	0.00460	0.12108
2	0.02535	0.34558	0.06586	0.02278	0.11703	0.15512	0.01769	0.11024	0.02215	0.02636	0.01408	0.01624	0.01180	0.00807	0.00689	0.00214	0.01069	0.00570	0.00455	0.01167
3	0.02199	0.15749	0.03101	0.16301	0.22481	0.11874	0.02013	0.02894	0.10477	0.02509	0.01718	0.02057	0.01391	0.00844	0.00778	0.00245	0.01047	0.00695	0.00466	0.01162
4	0.01077	0.00757	0.00976	0.01134	0.01174	0.00718	0.00736	0.01195	0.01552	0.02069	0.04293	0.56894	0.05128	0.15993	0.01728	0.00440	0.00559	0.02186	0.00736	0.00657
5	0.01720	0.01278	0.01484	0.01314	0.01449	0.01432	0.00921	0.13350	0.01793	0.02440	0.02337	0.04355	0.02492	0.46864	0.03429	0.00649	0.10299	0.01076	0.00562	0.00758
6	0.01037	0.00741	0.00987	0.01185	0.01234	0.00691	0.00790	0.01185	0.01629	0.02172	0.04690	0.69537	0.05629	0.02666	0.01086	0.00346	0.00494	0.02419	0.00790	0.00691
7	0.02534	0.02833	0.03039	0.04015	0.40003	0.27800	0.02226	0.02925	0.02127	0.02502	0.01487	0.01878	0.01248	0.00806	0.00813	0.00239	0.01220	0.00674	0.00428	0.01204
8	0.01006	0.00862	0.00862	0.00862	0.01149	0.00718	0.00647	0.01221	0.01940	0.02299	0.08621	0.08190	0.64438	0.02155	0.01006	0.00287	0.00431	0.01796	0.00790	0.00718
9	0.02042	0.02203	0.04493	0.04139	0.24795	0.02108	0.41768	0.02687	0.01985	0.02744	0.01681	0.02232	0.01310	0.00731	0.00950	0.00275	0.01292	0.00921	0.00427	0.01215
10	0.02831	0.03397	0.02750	0.03175	0.22775	0.45721	0.01958	0.03143	0.02258	0.02309	0.01408	0.01720	0.01178	0.00838	0.00792	0.00230	0.01365	0.00616	0.00433	0.01104
11	0.03179	0.04056	0.02412	0.02192	0.02631	0.66676	0.01644	0.03398	0.02412	0.02083	0.01315	0.01535	0.01096	0.00877	0.00767	0.00219	0.01535	0.00548	0.00438	0.00987
12	0.02104	0.01965	0.01988	0.01772	0.02066	0.14567	0.01402	0.14237	0.02100	0.02695	0.01879	0.02515	0.01644	0.03523	0.31383	0.00776	0.11108	0.00787	0.00521	0.00968
13	0.01786	0.13643	0.57137	0.02290	0.03474	0.02171	0.02909	0.02675	0.01787	0.02598	0.01479	0.01736	0.01080	0.00797	0.00772	0.00257	0.01209	0.00605	0.00360	0.01235
14	0.02254	0.03090	0.14821	0.05196	0.02748	0.27779	0.01940	0.02646	0.01870	0.02186	0.01458	0.01944	0.01243	0.01764	0.10426	0.00426	0.16140	0.00667	0.00408	0.00994
15	0.17548	0.12150	0.02297	0.01700	0.02213	0.24560	0.01362	0.06788	0.14489	0.02933	0.02101	0.02163	0.04434	0.00965	0.00724	0.00243	0.01006	0.00674	0.00574	0.01076
16	0.02315	0.12916	0.14976	0.01799	0.02468	0.05279	0.01721	0.14897	0.10913	0.07881	0.06308	0.02796	0.06551	0.01099	0.00910	0.00259	0.04219	0.00837	0.00654	0.01201
17	0.07013	0.02489	0.27399	0.02092	0.09846	0.01500	0.01955	0.02160	0.01908	0.02820	0.14407	0.03837	0.13572	0.01449	0.03685	0.00317	0.00924	0.01018	0.00566	0.01043
18	0.02071	0.07460	0.09628	0.02073	0.02673	0.10980	0.11483	0.05682	0.15295	0.02737	0.02097	0.02426	0.01681	0.01975	0.13849	0.00472	0.01329	0.00795	0.00542	0.04752
19	0.01689	0.02750	0.30171	0.02133	0.05417	0.01646	0.09131	0.06694	0.02027	0.02838	0.03459	0.03589	0.17078	0.01162	0.00870	0.00269	0.00974	0.00993	0.06016	0.01093
20	0.02075	0.06204	0.03118	0.04228	0.48380	0.06725	0.02214	0.02493	0.01908	0.02573	0.01991	0.02586	0.04649	0.06009	0.01087	0.00290	0.01000	0.00813	0.00445	0.01212
21	0.01949	0.05632	0.06512	0.01604	0.01973	0.23279	0.01315	0.02268	0.02013	0.02360	0.14826	0.03625	0.07546	0.06470	0.14437	0.00506	0.01281	0.00958	0.00564	0.00880
22	0.02513	0.13119	0.20361	0.02435	0.07584	0.28801	0.05001	0.05969	0.02173	0.02490	0.01433	0.01688	0.01137	0.00828	0.00769	0.00236	0.01297	0.00606	0.00426	0.01134
23	0.02539	0.08445	0.15364	0.02302	0.05721	0.36238	0.01979	0.02932	0.02052	0.02226	0.01382	0.01716	0.01151	0.01148	0.03805	0.00294	0.08641	0.00605	0.00410	0.01051

[dist]
# distance from previous block
# <min> <max>
5	25

[block]
# block no. 2 follows, 21 sequences, length 51
# corresponding to MSA columns:
# 257-307
name=unknown_C
#
# <colnr> <probs for GDERKNQSTAVLIFYWHMCP>
#	G	D	E	R	K	N	Q	S	T	A	V	L	I	F	Y	W	H	M	C	P
0	0.01834	0.01816	0.01992	0.05348	0.15923	0.14452	0.01539	0.02246	0.04943	0.02454	0.05471	0.24412	0.03419	0.01650	0.00955	0.00297	0.00889	0.08777	0.00628	0.00956
1	0.01897	0.08807	0.17179	0.03137	0.21489	0.02027	0.12776	0.02686	0.08078	0.02706	0.02520	0.02773	0.08252	0.00951	0.00856	0.00263	0.01034	0.00879	0.00489	0.01200
2	0.02105	0.01931	0.03076	0.07266	0.49491	0.01963	0.02310	0.08926	0.02152	0.02990	0.02295	0.02670	0.07195	0.00921	0.00859	0.00258	0.00955	0.00855	0.00500	0.01283
3	0.10988	0.02089	0.01960	0.01957	0.08794	0.13914	0.01330	0.13764	0.10761	0.03096	0.02348	0.03050	0.04228	0.16307	0.01576	0.00381	0.00943	0.00860	0.00614	0.01040
4	0.15108	0.05255	0.02353	0.02343	0.14784	0.05330	0.01573	0.17956	0.15964	0.03733	0.02088	0.02202	0.01601	0.00936	0.00764	0.00255	0.00842	0.00732	0.04942	0.01238
5	0.02149	0.17690	0.15259	0.01702	0.02304	0.08628	0.01616	0.13958	0.02127	0.02729	0.01830	0.02648	0.01663	0.16515	0.05342	0.00429	0.01109	0.00760	0.00505	0.01038
6	0.02651	0.02916	0.02221	0.02322	0.11403	0.37885	0.01559	0.05674	0.05259	0.02624	0.01789	0.02052	0.01441	0.00903	0.00752	0.00225	0.01160	0.00658	0.15468	0.01039
7	0.02433	0.02390	0.02868	0.17894	0.27015	0.15146	0.02167	0.14305	0.02385	0.03012	0.01610	0.02015	0.01269	0.00854	0.00831	0.00253	0.01129	0.00717	0.00499	0.01205
8	0.02086	0.02585	0.15819	0.01687	0.02274	0.17970	0.01584	0.04928	0.02161	0.08315	0.04234	0.04393	0.23097	0.01390	0.00889	0.00267	0.00960	0.03723	0.00632	0.01007
9	0.02215	0.07712	0.02063	0.01545	0.02007	0.04049	0.03931	0.15430	0.02376	0.12393	0.03605	0.21708	0.10062	0.01552	0.00900	0.00272	0.00747	0.01323	0.00759	0.05353
10	0.02253	0.02360	0.03094	0.07504	0.46778	0.14995	0.02324	0.02692	0.02022	0.02590	0.01826	0.02247	0.03863	0.00844	0.00834	0.00249	0.01099	0.00758	0.00438	0.01230
11	0.01745	0.02198	0.15447	0.34442	0.20696	0.01890	0.02529	0.02371	0.01798	0.02460	0.01712	0.02554	0.01397	0.00905	0.00859	0.00279	0.01107	0.04099	0.00409	0.01105
12	0.09408	0.01282	0.07131	0.01201	0.01536	0.01032	0.01033	0.01804	0.02248	0.03390	0.51637	0.05393	0.06611	0.01550	0.00934	0.00267	0.00509	0.01337	0.00839	0.00858
13	0.02109	0.01842	0.02401	0.04970	0.02389	0.02352	0.01698	0.17515	0.02042	0.02913	0.01647	0.05177	0.01505	0.01847	0.08047	0.00429	0.38711	0.00843	0.00524	0.01039
14	0.01267	0.00832	0.00964	0.00964	0.00998	0.00848	0.00583	0.01337	0.01302	0.01827	0.02646	0.05105	0.02904	0.56751	0.10780	0.00826	0.00944	0.01161	0.07394	0.00568
15	0.02451	0.17610	0.15376	0.02509	0.15149	0.02258	0.02009	0.12270	0.04591	0.11760	0.02010	0.02357	0.01566	0.00930	0.00789	0.00250	0.00962	0.03289	0.00586	0.01278
16	0.01707	0.04402	0.65683	0.02426	0.03683	0.01976	0.03144	0.02695	0.01797	0.02695	0.01527	0.01797	0.01078	0.00809	0.00809	0.00270	0.01258	0.00629	0.00359	0.01258
17	0.01765	0.01513	0.01765	0.01260	0.02017	0.01134	0.01008	0.02143	0.01765	0.02773	0.01513	0.01765	0.01260	0.00630	0.00630	0.00126	0.00630	0.00504	0.00504	0.75295
18	0.02125	0.01668	0.04732	0.02385	0.15933	0.01618	0.01603	0.03178	0.21347	0.12690	0.09273	0.07692	0.03155	0.01313	0.00917	0.00288	0.00755	0.07356	0.00769	0.01205
19	0.03405	0.01541	0.01963	0.01567	0.02182	0.01461	0.01274	0.04238	0.17213	0.50352	0.03383	0.02964	0.02226	0.01078	0.00858	0.00269	0.00712	0.00882	0.01008	0.01424
20	0.01765	0.01513	0.01765	0.01260	0.02017	0.01134	0.01008	0.02143	0.01765	0.02773	0.01513	0.01765	0.01260	0.00630	0.00630	0.00126	0.00630	0.00504	0.00504	0.75295
21	0.01097	0.00806	0.01028	0.01099	0.01237	0.00738	0.00776	0.01351	0.01968	0.02663	0.28012	0.37317	0.14276	0.02245	0.01044	0.00308	0.00450	0.02001	0.00846	0.00738
22	0.03179	0.04056	0.02412	0.02192	0.02631	0.66676	0.01644	0.03398	0.02412	0.02083	0.01315	0.01535	0.01096	0.00877	0.00767	0.00219	0.01535	0.00548	0.00438	0.00987
23	0.01818	0.01728	0.02934	0.41462	0.30796	0.01946	0.02468	0.02359	0.01802	0.02431	0.01550	0.02200	0.01225	0.00812	0.00847	0.00271	0.01082	0.00757	0.00396	0.01116
24	0.01031	0.00764	0.00963	0.01122	0.01218	0.00697	0.00762	0.01192	0.01690	0.02197	0.05461	0.57510	0.17158	0.02566	0.01070	0.00334	0.00481	0.02297	0.00790	0.00697
25	0.03179	0.04056	0.02412	0.02192	0.02631	0.66676	0.01644	0.03398	0.02412	0.02083	0.01315	0.01535	0.01096	0.00877	0.00767	0.00219	0.01535	0.00548	0.00438	0.00987
26	0.02079	0.01995	0.03406	0.08604	0.61613	0.02015	0.02598	0.02588	0.01925	0.02748	0.01596	0.02115	0.01337	0.00763	0.00843	0.00254	0.01018	0.00758	0.00419	0.01326
27	0.02911	0.23809	0.03019	0.01974	0.02498	0.47885	0.01588	0.03146	0.02209	0.02059	0.01276	0.01484	0.01095	0.00833	0.00702	0.00208	0.01349	0.00520	0.00416	0.01018
28	0.03005	0.03701	0.02235	0.02040	0.02452	0.59500	0.01530	0.03244	0.02343	0.02201	0.01475	0.01713	0.01214	0.00889	0.00749	0.00217	0.01411	0.00575	0.08539	0.00966
29	0.02979	0.18803	0.02865	0.02029	0.02532	0.52646	0.01603	0.03210	0.02260	0.02065	0.01286	0.01497	0.01095	0.00844	0.00718	0.00211	0.01396	0.00527	0.00422	0.01010
30	0.01113	0.00773	0.00965	0.01087	0.01118	0.00742	0.00686	0.01205	0.01480	0.01974	0.03925	0.45179	0.04663	0.28341	0.02322	0.00528	0.00620	0.01969	0.00686	0.00624
31	0.02051	0.02092	0.03946	0.07481	0.41678	0.02060	0.22642	0.02631	0.01951	0.02735	0.01638	0.02178	0.01319	0.00749	0.00898	0.00266	0.01160	0.00842	0.00422	0.01262
32	0.02461	0.29320	0.16020	0.02176	0.07131	0.24890	0.01944	0.02876	0.01994	0.02226	0.01328	0.01564	0.01109	0.00798	0.00697	0.00218	0.01203	0.00544	0.00393	0.01107
33	0.03818	0.01448	0.01975	0.01514	0.02172	0.01251	0.01251	0.04147	0.02436	0.65373	0.03357	0.02897	0.02107	0.01053	0.00856	0.00263	0.00724	0.00856	0.01053	0.01448
34	0.01238	0.00825	0.00928	0.00928	0.00928	0.00825	0.00516	0.01238	0.01238	0.01650	0.02681	0.05569	0.03094	0.70092	0.04331	0.00825	0.00825	0.01238	0.00516	0.00516
35	0.01545	0.01119	0.01378	0.01416	0.01621	0.01140	0.01071	0.13546	0.02172	0.02889	0.04121	0.44182	0.04642	0.02273	0.01056	0.00336	0.00640	0.13189	0.00801	0.00862
36	0.02021	0.35658	0.29760	0.02269	0.09624	0.02643	0.02283	0.02616	0.01780	0.02374	0.01371	0.01625	0.01114	0.00765	0.00687	0.00226	0.01065	0.00560	0.00368	0.01189
37	0.01216	0.00912	0.01368	0.01368	0.01520	0.01064	0.01064	0.01520	0.01368	0.01976	0.02279	0.03343	0.02127	0.06382	0.66720	0.01368	0.02279	0.00912	0.00456	0.00760
38	0.18685	0.02044	0.01754	0.05331	0.02096	0.14804	0.01185	0.15499	0.02162	0.03073	0.01865	0.02854	0.01731	0.21433	0.01795	0.00421	0.00974	0.00794	0.00569	0.00932
39	0.02796	0.26313	0.03058	0.01911	0.02436	0.42727	0.01558	0.03036	0.02140	0.02051	0.01310	0.01551	0.01137	0.01050	0.03360	0.00253	0.01355	0.00532	0.00414	0.01013
40	0.01916	0.10771	0.39095	0.02456	0.09823	0.09511	0.02503	0.02615	0.01889	0.02523	0.02132	0.02347	0.06982	0.00927	0.00798	0.00254	0.01150	0.00723	0.00416	0.01169
41	0.02013	0.16193	0.23413	0.02807	0.18909	0.02292	0.02277	0.03050	0.15437	0.02773	0.01908	0.02098	0.01488	0.00856	0.00779	0.00252	0.00996	0.00702	0.00489	0.01268
42	0.02204	0.23845	0.17824	0.02550	0.06263	0.12183	0.18429	0.02760	0.01934	0.02404	0.01447	0.01778	0.01157	0.00767	0.00778	0.00239	0.01230	0.00673	0.00395	0.01141
43	0.02667	0.10122	0.15137	0.08655	0.03119	0.02513	0.01974	0.37838	0.03090	0.04153	0.01795	0.01944	0.01305	0.00931	0.00810	0.00253	0.01017	0.00704	0.00654	0.01321
44	0.01787	0.24557	0.33429	0.01907	0.02775	0.02231	0.02193	0.02412	0.01689	0.02332	0.01570	0.01972	0.01294	0.01907	0.14012	0.00463	0.01354	0.00631	0.00380	0.01105
45	0.02410	0.10480	0.02261	0.01743	0.02133	0.30243	0.01359	0.08516	0.02179	0.02375	0.02382	0.02858	0.08318	0.07998	0.07702	0.00402	0.04372	0.00804	0.00516	0.00947
46	0.02480	0.15356	0.02600	0.08312	0.02530	0.02341	0.01439	0.32041	0.02767	0.03635	0.01950	0.02644	0.01678	0.14869	0.01493	0.00359	0.00929	0.00799	0.00640	0.01139
47	0.01556	0.13411	0.28919	0.01634	0.02338	0.01695	0.01804	0.02060	0.01690	0.02276	0.03119	0.03818	0.13948	0.16413	0.01586	0.00382	0.00945	0.00965	0.00479	0.00961
48	0.18542	0.02352	0.07923	0.02050	0.09043	0.15986	0.03891	0.02507	0.01894	0.02826	0.05336	0.08176	0.01935	0.01005	0.00756	0.00239	0.00943	0.00799	0.00520	0.13278
49	0.02607	0.25805	0.17010	0.01846	0.02606	0.15358	0.01824	0.03161	0.05565	0.13938	0.01818	0.01882	0.01364	0.00860	0.00724	0.00230	0.01065	0.00615	0.00534	0.01188
50	0.02489	0.02938	0.15281	0.02655	0.14893	0.16390	0.02044	0.19315	0.02640	0.03396	0.07969	0.02328	0.01939	0.00967	0.00838	0.00251	0.01094	0.00766	0.00585	0.01223

[dist]
# distance from previous block
# <min> <max>
4	16

[block]
# block no. 3 follows, 21 sequences, length 28
# corresponding to MSA columns:
# 324-351
name=unknown_D
#
# <colnr> <probs for GDERKNQSTAVLIFYWHMCP>
#	G	D	E	R	K	N	Q	S	T	A	V	L	I	F	Y	W	H	M	C	P
0	0.05799	0.08701	0.06169	0.01684	0.02163	0.29045	0.01400	0.05882	0.02226	0.02511	0.06059	0.03661	0.16941	0.01262	0.00826	0.00248	0.01042	0.02851	0.00574	0.00956
1	0.02488	0.10840	0.11413	0.11209	0.10700	0.16800	0.02043	0.15995	0.02403	0.02986	0.01544	0.01846	0.01209	0.00892	0.00877	0.00249	0.04176	0.00659	0.00498	0.01175
2	0.02089	0.02648	0.11523	0.06804	0.19156	0.14976	0.16060	0.02620	0.02019	0.02524	0.02390	0.02725	0.08728	0.00950	0.00880	0.00262	0.01187	0.00879	0.00460	0.01119
3	0.02539	0.20869	0.03021	0.02305	0.09774	0.31069	0.01691	0.02809	0.01987	0.02133	0.01362	0.01719	0.01200	0.01275	0.05573	0.00310	0.08322	0.00595	0.00411	0.01035
4	0.02193	0.06542	0.15144	0.10886	0.07001	0.20369	0.01906	0.02679	0.02125	0.06105	0.14128	0.02756	0.02559	0.01026	0.00832	0.00250	0.01084	0.00816	0.00544	0.01055
5	0.02311	0.24333	0.20512	0.02023	0.02781	0.22014	0.04801	0.02794	0.02013	0.02344	0.05459	0.01905	0.01551	0.00861	0.00737	0.00228	0.01188	0.00628	0.00426	0.01089
6	0.02306	0.13776	0.07035	0.02961	0.24577	0.15108	0.01909	0.02720	0.02090	0.06644	0.10662	0.02514	0.02253	0.00942	0.00800	0.00238	0.01010	0.00776	0.00527	0.01154
7	0.09340	0.38541	0.03387	0.01694	0.02308	0.23422	0.01478	0.06753	0.02072	0.02416	0.01283	0.01466	0.01101	0.00801	0.00635	0.00206	0.01089	0.00506	0.00435	0.01066
8	0.01195	0.00801	0.01035	0.01159	0.01278	0.00731	0.00799	0.01374	0.01750	0.05737	0.08064	0.55416	0.12539	0.02470	0.01060	0.00330	0.00494	0.02215	0.00812	0.00742
9	0.01765	0.01513	0.01765	0.01260	0.02017	0.01134	0.01008	0.02143	0.01765	0.02773	0.01513	0.01765	0.01260	0.00630	0.00630	0.00126	0.00630	0.00504	0.00504	0.75295
10	0.02827	0.02532	0.10156	0.03083	0.24786	0.14860	0.02041	0.03275	0.02177	0.22779	0.02100	0.02208	0.01509	0.00883	0.00828	0.00251	0.01054	0.00732	0.00621	0.01296
11	0.02536	0.51398	0.03868	0.01669	0.02313	0.21638	0.01510	0.02794	0.01926	0.02025	0.01221	0.01414	0.01093	0.00771	0.00610	0.00193	0.01090	0.00482	0.00386	0.01062
12	0.01238	0.00825	0.00928	0.00928	0.00928	0.00825	0.00516	0.01238	0.01238	0.01650	0.02681	0.05569	0.03094	0.70092	0.04331	0.00825	0.00825	0.01238	0.00516	0.00516
13	0.01238	0.00825	0.00928	0.00928	0.00928	0.00825	0.00516	0.01238	0.01238	0.01650	0.02681	0.05569	0.03094	0.70092	0.04331	0.00825	0.00825	0.01238	0.00516	0.00516
14	0.02275	0.70604	0.04459	0.01456	0.02184	0.03367	0.01456	0.02548	0.01729	0.02002	0.01183	0.01365	0.01092	0.00728	0.00546	0.00182	0.00910	0.00455	0.00364	0.01092
15	0.02321	0.01743	0.01877	0.01523	0.02027	0.01840	0.01229	0.36371	0.03194	0.04218	0.12224	0.04393	0.20533	0.01445	0.00916	0.00266	0.00719	0.01167	0.00845	0.01151
16	0.01577	0.01294	0.01604	0.01373	0.01766	0.01220	0.04867	0.08156	0.07224	0.02746	0.04255	0.16666	0.18192	0.09731	0.01316	0.00328	0.00666	0.01371	0.00693	0.14957
17	0.06200	0.06344	0.02114	0.02173	0.13368	0.19220	0.01411	0.02362	0.02176	0.02788	0.24224	0.07785	0.03920	0.01268	0.00859	0.00251	0.00875	0.01054	0.00638	0.00971
18	0.02443	0.02138	0.01936	0.01666	0.02142	0.13009	0.01308	0.20271	0.21553	0.03654	0.03097	0.03056	0.07986	0.01145	0.00822	0.00255	0.00836	0.00894	0.10610	0.01179
19	0.02216	0.02108	0.14665	0.01662	0.02240	0.01695	0.01532	0.12718	0.15906	0.11497	0.02709	0.06216	0.02232	0.12267	0.01404	0.00359	0.00840	0.00951	0.05627	0.01156
20	0.08019	0.11381	0.02531	0.02072	0.05356	0.43268	0.01551	0.06715	0.02309	0.02447	0.01822	0.01993	0.05214	0.00939	0.00748	0.00226	0.01265	0.00635	0.00484	0.01023
21	0.02547	0.02460	0.02303	0.01929	0.02378	0.22667	0.04850	0.12940	0.02356	0.07715	0.02441	0.02649	0.07988	0.01464	0.05359	0.00329	0.10315	0.00814	0.00591	0.05904
22	0.15871	0.11250	0.08937	0.01798	0.06342	0.04257	0.01508	0.17706	0.02375	0.06220	0.02882	0.02915	0.12382	0.01097	0.00771	0.00253	0.00842	0.00832	0.00631	0.01133
23	0.02675	0.16655	0.02752	0.02045	0.06381	0.28620	0.01552	0.14183	0.02548	0.02918	0.09823	0.02276	0.02101	0.00982	0.00775	0.00227	0.01109	0.00716	0.00568	0.01095
24	0.12436	0.02952	0.14958	0.01886	0.02556	0.18017	0.01741	0.21787	0.02608	0.03596	0.01716	0.01890	0.01287	0.00909	0.00754	0.00245	0.01060	0.00647	0.07793	0.01162
25	0.07402	0.02669	0.20048	0.03206	0.26306	0.02071	0.02313	0.15840	0.02327	0.03383	0.02019	0.02275	0.04576	0.00907	0.00821	0.00261	0.01007	0.00758	0.00527	0.01282
26	0.01713	0.01822	0.10554	0.06693	0.15418	0.01530	0.04506	0.08584	0.01943	0.02659	0.02770	0.17128	0.05064	0.13993	0.01546	0.00385	0.00897	0.01232	0.00568	0.00995
27	0.02451	0.07325	0.14225	0.01967	0.02666	0.18455	0.06417	0.06691	0.02246	0.10196	0.08318	0.02362	0.02000	0.00932	0.00803	0.00233	0.01068	0.00742	0.00579	0.10325

[dist]
# distance from previous block
# <min> <max>
19	38

[block]
# block no. 4 follows, 21 sequences, length 12
# corresponding to MSA columns:
# 396-407
name=unknown_E
#
# <colnr> <probs for GDERKNQSTAVLIFYWHMCP>
#	G	D	E	R	K	N	Q	S	T	A	V	L	I	F	Y	W	H	M	C	P
0	0.02275	0.35857	0.03230	0.01572	0.02195	0.07118	0.01395	0.02895	0.11481	0.05370	0.01705	0.01833	0.01407	0.00854	0.00787	0.00208	0.05262	0.00587	0.00505	0.13464
1	0.01564	0.01397	0.02091	0.01791	0.02169	0.01415	0.13404	0.02513	0.19434	0.02861	0.12147	0.23203	0.09044	0.01668	0.00989	0.00302	0.00720	0.01543	0.00758	0.00989
2	0.01934	0.01991	0.02845	0.05322	0.02718	0.06368	0.10940	0.02372	0.05533	0.02254	0.01460	0.02098	0.01298	0.01568	0.05905	0.00398	0.42793	0.00797	0.00423	0.00985
3	0.01396	0.01125	0.01715	0.05833	0.12770	0.01215	0.01305	0.01723	0.01601	0.02265	0.09962	0.03740	0.02804	0.13031	0.34699	0.00898	0.01559	0.00998	0.00514	0.00847
4	0.25186	0.19539	0.02570	0.01748	0.06495	0.05654	0.01368	0.13327	0.07300	0.03427	0.04832	0.01963	0.01607	0.00897	0.00677	0.00240	0.00830	0.00637	0.00581	0.01122
5	0.01384	0.01127	0.01434	0.10214	0.02108	0.01141	0.01140	0.01963	0.10104	0.02513	0.06510	0.22084	0.13627	0.04637	0.01109	0.00321	0.00655	0.09049	0.00710	0.08168
6	0.02764	0.02874	0.02246	0.01920	0.02458	0.30252	0.01489	0.15478	0.16881	0.03186	0.01991	0.02051	0.01540	0.00940	0.00790	0.00231	0.01097	0.00684	0.00631	0.10496
7	0.02353	0.03051	0.21976	0.02628	0.08340	0.08625	0.09445	0.18649	0.02427	0.03284	0.01624	0.01932	0.01233	0.00943	0.01092	0.00274	0.09647	0.00729	0.00515	0.01235
8	0.11081	0.10413	0.26929	0.02411	0.13209	0.01946	0.02158	0.02399	0.01682	0.02625	0.01612	0.02065	0.01321	0.01929	0.14239	0.00481	0.01310	0.00668	0.00411	0.01110
9	0.11644	0.16782	0.09462	0.02695	0.14580	0.18191	0.09980	0.02802	0.01946	0.02564	0.01402	0.01718	0.01146	0.00785	0.00742	0.00238	0.01156	0.00628	0.00422	0.01117
10	0.02097	0.14778	0.10745	0.17827	0.10862	0.11754	0.02087	0.02687	0.06144	0.02349	0.01525	0.01934	0.01241	0.00918	0.01023	0.00262	0.09584	0.00669	0.00421	0.01091
11	0.01195	0.00956	0.01095	0.01134	0.01400	0.00886	0.00909	0.01612	0.05797	0.02539	0.11720	0.08127	0.39043	0.02114	0.01045	0.00315	0.00544	0.17980	0.00805	0.00783

[dist]
# distance from previous block
# <min> <max>
2	28

[block]
# block no. 5 follows, 21 sequences, length 13
# corresponding to MSA columns:
# 439-451
name=unknown_F
#
# <colnr> <probs for GDERKNQSTAVLIFYWHMCP>
#	G	D	E	R	K	N	Q	S	T	A	V	L	I	F	Y	W	H	M	C	P
0	0.09545	0.02237	0.02289	0.01888	0.02404	0.17298	0.09477	0.02907	0.12321	0.04743	0.02692	0.02808	0.09140	0.01060	0.00935	0.00251	0.05280	0.00840	0.00586	0.11301
1	0.02400	0.18160	0.03091	0.09961	0.02937	0.04947	0.09671	0.17200	0.02352	0.07008	0.01820	0.02313	0.01485	0.07711	0.01130	0.00294	0.01005	0.00753	0.00565	0.05196
2	0.01969	0.02419	0.09801	0.10570	0.09767	0.19076	0.01774	0.02471	0.04837	0.02402	0.03188	0.07996	0.11909	0.01328	0.00895	0.00277	0.01035	0.06744	0.00551	0.00990
3	0.13061	0.10985	0.10870	0.01555	0.02018	0.06798	0.01432	0.02119	0.01570	0.02371	0.01785	0.02421	0.01577	0.03560	0.33363	0.00797	0.01648	0.00714	0.00440	0.00916
4	0.11107	0.01361	0.01966	0.05806	0.11659	0.01453	0.07344	0.02104	0.01719	0.02835	0.02399	0.13574	0.02231	0.01213	0.00940	0.00267	0.06203	0.01031	0.23855	0.00933
5	0.01943	0.01747	0.02350	0.09158	0.02745	0.10018	0.14831	0.02330	0.02059	0.10095	0.07350	0.08028	0.20946	0.01390	0.00943	0.00277	0.00920	0.01244	0.00657	0.00968
6	0.16083	0.02869	0.13425	0.01862	0.02523	0.17179	0.01693	0.18803	0.07320	0.03520	0.02111	0.02200	0.04891	0.00983	0.00775	0.00255	0.01033	0.00709	0.00605	0.01160
7	0.21005	0.17401	0.15953	0.10029	0.07733	0.05885	0.01866	0.02517	0.01703	0.02700	0.01398	0.01750	0.01129	0.01104	0.04387	0.00308	0.01067	0.00585	0.00420	0.01061
8	0.02558	0.03058	0.02173	0.02251	0.08456	0.44425	0.01535	0.02789	0.02177	0.02173	0.02154	0.17918	0.02209	0.01295	0.00851	0.00253	0.01233	0.01018	0.00521	0.00951
9	0.01867	0.02503	0.17181	0.02550	0.13855	0.10375	0.05203	0.02599	0.09356	0.02587	0.02542	0.18326	0.02453	0.01469	0.02993	0.00316	0.01038	0.01142	0.00553	0.01091
10	0.01334	0.01001	0.01244	0.01147	0.01372	0.00942	0.00802	0.01518	0.01444	0.02063	0.02547	0.11911	0.02726	0.29574	0.18342	0.00732	0.01094	0.01126	0.00532	0.18551
11	0.11546	0.14359	0.06386	0.02137	0.07330	0.13236	0.01715	0.16877	0.02305	0.03152	0.01454	0.01722	0.01181	0.00962	0.01058	0.00257	0.12036	0.00627	0.00519	0.01142
12	0.02170	0.09845	0.02224	0.01969	0.08222	0.18933	0.01385	0.09654	0.05414	0.02666	0.03154	0.18561	0.09476	0.01448	0.00868	0.00264	0.00924	0.01190	0.00624	0.01009

[dist]
# distance from previous block
# <min> <max>
0	1

[block]
# block no. 6 follows, 21 sequences, length 19
# corresponding to MSA columns:
# 453-471
name=unknown_G
#
# <colnr> <probs for GDERKNQSTAVLIFYWHMCP>
#	G	D	E	R	K	N	Q	S	T	A	V	L	I	F	Y	W	H	M	C	P
0	0.12319	0.03378	0.22736	0.02812	0.16990	0.22497	0.02247	0.02873	0.01977	0.02672	0.01431	0.01728	0.01124	0.00816	0.00765	0.00249	0.01208	0.00610	0.00421	0.01147
1	0.02421	0.02659	0.03002	0.03838	0.36206	0.23035	0.02197	0.02790	0.02005	0.02455	0.01443	0.01888	0.01235	0.00896	0.01082	0.00258	0.10306	0.00688	0.00420	0.01175
2	0.02390	0.14518	0.32462	0.02123	0.03024	0.17439	0.02291	0.06939	0.02123	0.06856	0.01581	0.01757	0.01179	0.00843	0.00763	0.00242	0.01210	0.00607	0.00459	0.01193
3	0.01816	0.10788	0.39219	0.01997	0.03020	0.01948	0.02326	0.02702	0.06791	0.02707	0.01644	0.01854	0.01245	0.00787	0.00744	0.00229	0.01029	0.00609	0.00434	0.18109
4	0.02543	0.12888	0.11295	0.02131	0.02617	0.33986	0.01872	0.02866	0.01972	0.02146	0.01279	0.01623	0.01098	0.00991	0.01219	0.00257	0.17197	0.00592	0.00402	0.01025
5	0.01204	0.00870	0.01138	0.01071	0.01271	0.00803	0.00803	0.01606	0.02409	0.03413	0.64335	0.06357	0.08030	0.01740	0.01004	0.00268	0.00401	0.01539	0.00937	0.00803
6	0.01707	0.04402	0.65683	0.02426	0.03683	0.01976	0.03144	0.02695	0.01797	0.02695	0.01527	0.01797	0.01078	0.00809	0.00809	0.00270	0.01258	0.00629	0.00359	0.01258
7	0.01109	0.00866	0.01005	0.00970	0.01213	0.00762	0.00728	0.01421	0.02184	0.02878	0.37573	0.07237	0.35125	0.01939	0.01005	0.00277	0.00416	0.01662	0.00866	0.00762
8	0.01050	0.00827	0.00949	0.00997	0.01197	0.00725	0.00718	0.01278	0.01929	0.02458	0.17302	0.26462	0.36615	0.02237	0.01030	0.00302	0.00445	0.01939	0.00816	0.00725
9	0.01707	0.04402	0.65683	0.02426	0.03683	0.01976	0.03144	0.02695	0.01797	0.02695	0.01527	0.01797	0.01078	0.00809	0.00809	0.00270	0.01258	0.00629	0.00359	0.01258
10	0.02117	0.01828	0.01924	0.01732	0.02213	0.02117	0.01347	0.04522	0.63246	0.03560	0.03464	0.03175	0.02598	0.01155	0.00866	0.00289	0.00673	0.00962	0.00866	0.01347
11	0.01216	0.00912	0.01368	0.01368	0.01520	0.01064	0.01064	0.01520	0.01368	0.01976	0.02279	0.03343	0.02127	0.06382	0.66720	0.01368	0.02279	0.00912	0.00456	0.00760
12	0.01707	0.04402	0.65683	0.02426	0.03683	0.01976	0.03144	0.02695	0.01797	0.02695	0.01527	0.01797	0.01078	0.00809	0.00809	0.00270	0.01258	0.00629	0.00359	0.01258
13	0.01006	0.00862	0.00862	0.00862	0.01149	0.00718	0.00647	0.01221	0.01940	0.02299	0.08621	0.08190	0.64438	0.02155	0.01006	0.00287	0.00431	0.01796	0.00790	0.00718
14	0.01214	0.01043	0.01061	0.01025	0.01349	0.00981	0.00778	0.01840	0.13432	0.02535	0.07654	0.07250	0.52846	0.01968	0.00980	0.00288	0.00476	0.01640	0.00804	0.00836
15	0.01826	0.18329	0.52803	0.02222	0.03368	0.02269	0.02789	0.02664	0.01782	0.02549	0.01455	0.01706	0.01081	0.00792	0.00753	0.00251	0.01185	0.00592	0.00360	0.01223
16	0.02117	0.26958	0.03480	0.01897	0.02639	0.07502	0.13989	0.02515	0.01856	0.02427	0.01421	0.01713	0.01192	0.00704	0.00690	0.00188	0.00975	0.00595	0.00432	0.26710
17	0.02059	0.02070	0.01789	0.01562	0.02041	0.16814	0.01201	0.03045	0.22208	0.02853	0.08250	0.03472	0.11292	0.01170	0.00824	0.00236	0.00810	0.00935	0.00684	0.16684
18	0.01553	0.01934	0.16444	0.01519	0.01991	0.04974	0.01437	0.02109	0.05172	0.05718	0.21743	0.19214	0.09482	0.01653	0.00949	0.00286	0.00722	0.01426	0.00728	0.00947

[dist]
# distance from previous block
# <min> <max>
0	1

[block]
# block no. 7 follows, 21 sequences, length 29
# corresponding to MSA columns:
# 473-477,479-502
name=unknown_H
#
# <colnr> <probs for GDERKNQSTAVLIFYWHMCP>
#	G	D	E	R	K	N	Q	S	T	A	V	L	I	F	Y	W	H	M	C	P
0	0.02667	0.26701	0.03380	0.02453	0.14561	0.13024	0.01758	0.20039	0.02542	0.03148	0.01537	0.01734	0.01246	0.00843	0.00728	0.00223	0.01037	0.00620	0.00529	0.01229
1	0.02030	0.01088	0.01357	0.01261	0.01587	0.01003	0.00944	0.02430	0.07049	0.22727	0.04822	0.27364	0.15547	0.05271	0.01139	0.00327	0.00587	0.01613	0.00868	0.00987
2	0.02044	0.24329	0.29014	0.02784	0.17778	0.05306	0.02427	0.02661	0.01837	0.02473	0.01429	0.01725	0.01148	0.00775	0.00733	0.00236	0.01103	0.00602	0.00379	0.01216
3	0.01216	0.00948	0.01216	0.01474	0.08388	0.00895	0.00870	0.01376	0.01624	0.02107	0.04775	0.24014	0.20635	0.24207	0.02090	0.00475	0.00643	0.01672	0.00659	0.00717
4	0.01749	0.18647	0.18070	0.09812	0.12751	0.02008	0.01981	0.02271	0.01868	0.02512	0.09541	0.05842	0.07408	0.01089	0.00808	0.00252	0.00918	0.00905	0.00495	0.01074
5	0.10215	0.03170	0.40412	0.02260	0.08190	0.01732	0.02376	0.02357	0.01635	0.02594	0.01485	0.01929	0.01161	0.01220	0.01269	0.14845	0.01067	0.00642	0.00386	0.01054
6	0.17359	0.03587	0.02186	0.01984	0.02439	0.54082	0.01504	0.03224	0.02224	0.02420	0.01290	0.01505	0.01062	0.00860	0.00721	0.00228	0.01364	0.00531	0.00456	0.00974
7	0.01921	0.25729	0.41176	0.02318	0.07733	0.02432	0.02556	0.02641	0.01785	0.02476	0.01421	0.01680	0.01103	0.00779	0.00726	0.00240	0.01126	0.00582	0.00365	0.01211
8	0.02429	0.36315	0.07253	0.02472	0.15343	0.18514	0.01838	0.02778	0.01943	0.02223	0.01322	0.01585	0.01145	0.00775	0.00677	0.00211	0.01104	0.00551	0.00394	0.01129
9	0.01218	0.00828	0.00923	0.00923	0.00947	0.00816	0.00527	0.01236	0.01298	0.01706	0.03191	0.05794	0.08355	0.64266	0.04046	0.00779	0.00791	0.01285	0.00539	0.00533
10	0.01663	0.01611	0.02531	0.22512	0.03379	0.02041	0.06815	0.02005	0.01537	0.02163	0.01861	0.12853	0.01859	0.01416	0.01771	0.00334	0.31250	0.01038	0.00446	0.00915
11	0.01938	0.01817	0.03064	0.15360	0.47668	0.01881	0.02428	0.02441	0.01901	0.02652	0.01919	0.02992	0.01719	0.00956	0.00882	0.00274	0.01006	0.07433	0.00455	0.01216
12	0.02049	0.02041	0.03715	0.09547	0.47803	0.02039	0.14936	0.02603	0.01935	0.02724	0.01619	0.02158	0.01320	0.00757	0.00877	0.00262	0.01109	0.00810	0.00420	0.01276
13	0.01198	0.01048	0.01299	0.01577	0.11342	0.00934	0.00974	0.01475	0.01977	0.02465	0.11954	0.07070	0.49831	0.01898	0.00979	0.00280	0.00521	0.01609	0.00743	0.00826
14	0.01660	0.01564	0.02775	0.03294	0.27690	0.01516	0.13373	0.02065	0.01828	0.02527	0.02857	0.29053	0.03045	0.01512	0.00971	0.00296	0.00887	0.01469	0.00570	0.01047
15	0.02275	0.02865	0.13120	0.07053	0.37333	0.17464	0.02454	0.02792	0.02017	0.02571	0.01517	0.01928	0.01234	0.00799	0.00819	0.00249	0.01182	0.00687	0.00413	0.01228
16	0.02106	0.02022	0.03454	0.05223	0.64784	0.02022	0.02612	0.02612	0.01938	0.02780	0.01601	0.02106	0.01348	0.00758	0.00842	0.00253	0.01011	0.00758	0.00421	0.01348
17	0.01607	0.01513	0.02552	0.68047	0.05861	0.01891	0.02363	0.02174	0.01702	0.02174	0.01513	0.02269	0.01134	0.00851	0.00851	0.00284	0.01134	0.00756	0.00378	0.00945
18	0.01987	0.01900	0.03239	0.20241	0.50698	0.01991	0.02552	0.02507	0.01881	0.02635	0.01580	0.02145	0.01297	0.00780	0.00844	0.00260	0.01041	0.00758	0.00411	0.01252
19	0.16315	0.01611	0.02190	0.06026	0.23951	0.01700	0.01673	0.08994	0.02004	0.03101	0.02453	0.16676	0.02455	0.01330	0.00861	0.00288	0.00813	0.05890	0.00596	0.01072
20	0.01367	0.00991	0.01108	0.01088	0.01361	0.00906	0.00806	0.06586	0.02054	0.06138	0.06608	0.25271	0.38295	0.02144	0.01007	0.00300	0.00509	0.01836	0.00810	0.00815
21	0.02088	0.03014	0.28279	0.02520	0.03422	0.02063	0.18600	0.16510	0.02358	0.03284	0.01992	0.08208	0.01641	0.01004	0.00898	0.00278	0.01160	0.00928	0.00534	0.01220
22	0.08249	0.02821	0.15482	0.02618	0.17339	0.19499	0.01935	0.02566	0.01998	0.02564	0.02838	0.03008	0.13455	0.01076	0.00820	0.00255	0.01064	0.00851	0.00494	0.01072
23	0.26260	0.02694	0.07088	0.01704	0.02184	0.27597	0.01422	0.02685	0.01846	0.02674	0.01478	0.01859	0.01239	0.01914	0.13517	0.00461	0.01373	0.00597	0.00464	0.00944
24	0.02059	0.04319	0.50558	0.02370	0.03432	0.17443	0.02786	0.02863	0.01944	0.02549	0.01477	0.01734	0.01082	0.00825	0.00799	0.00257	0.01324	0.00610	0.00378	0.01193
25	0.01693	0.14926	0.02045	0.01473	0.01758	0.11922	0.01167	0.01940	0.01668	0.02045	0.02488	0.18493	0.02598	0.03514	0.27609	0.00709	0.01467	0.01125	0.00515	0.00844
26	0.10486	0.02518	0.12510	0.02222	0.05627	0.14191	0.06770	0.02441	0.01711	0.02439	0.01528	0.02071	0.01307	0.02035	0.14017	0.00495	0.15498	0.00711	0.00424	0.00998
27	0.01751	0.19237	0.32235	0.01854	0.02670	0.02023	0.02088	0.04739	0.01893	0.02610	0.07214	0.13464	0.02438	0.01187	0.00810	0.00261	0.00962	0.00969	0.00501	0.01093
28	0.02038	0.27558	0.08104	0.09235	0.02591	0.14758	0.01578	0.02374	0.01871	0.02185	0.04471	0.15337	0.02276	0.01204	0.00772	0.00244	0.00983	0.00957	0.00487	0.00977

[dist]
# distance from previous block
# <min> <max>
11	56

[block]
# block no. 8 follows, 21 sequences, length 9
# corresponding to MSA columns:
# 572-580
name=unknown_I
#
# <colnr> <probs for GDERKNQSTAVLIFYWHMCP>
#	G	D	E	R	K	N	Q	S	T	A	V	L	I	F	Y	W	H	M	C	P
0	0.02869	0.02461	0.02614	0.02856	0.20421	0.17402	0.01820	0.14983	0.09336	0.13581	0.02118	0.02207	0.01572	0.00931	0.00831	0.00251	0.01036	0.00749	0.00664	0.01298
1	0.16950	0.09850	0.02828	0.02033	0.02552	0.10730	0.11020	0.14032	0.02206	0.03205	0.04254	0.01974	0.01473	0.00986	0.01095	0.00269	0.12211	0.00712	0.00537	0.01083
2	0.02218	0.23135	0.02616	0.01612	0.02091	0.21798	0.01330	0.02746	0.09923	0.02273	0.02815	0.02941	0.11466	0.01641	0.07575	0.00347	0.01135	0.00810	0.00529	0.00999
3	0.07074	0.05853	0.20772	0.02757	0.12305	0.13225	0.12524	0.02661	0.01888	0.02573	0.01581	0.02009	0.01265	0.01410	0.08116	0.00379	0.01358	0.00712	0.00417	0.01120
4	0.02636	0.13921	0.02928	0.02247	0.07941	0.17938	0.05386	0.16936	0.12738	0.03212	0.01881	0.02007	0.01469	0.00901	0.00782	0.00236	0.01056	0.00698	0.00595	0.04491
5	0.01888	0.30215	0.25825	0.02144	0.09526	0.02376	0.02084	0.02436	0.01804	0.02375	0.02319	0.02488	0.09344	0.00946	0.00733	0.00235	0.00984	0.00725	0.00424	0.01131
6	0.15346	0.02871	0.12460	0.02559	0.14612	0.17669	0.01920	0.12755	0.06431	0.03260	0.01647	0.01855	0.01271	0.00871	0.00767	0.00252	0.01080	0.00651	0.00535	0.01189
7	0.02275	0.12039	0.18138	0.13545	0.13242	0.21826	0.02255	0.02790	0.01982	0.02346	0.01427	0.01788	0.01138	0.00818	0.00774	0.00243	0.01237	0.00623	0.00397	0.01116
8	0.12998	0.10733	0.27784	0.02055	0.02864	0.24900	0.02121	0.02900	0.01956	0.02569	0.01368	0.01600	0.01063	0.00822	0.00726	0.00242	0.01233	0.00558	0.00412	0.01097

[dist]
# distance from previous block
# <min> <max>
0	1

[block]
# block no. 9 follows, 21 sequences, length 76
# corresponding to MSA columns:
# 582-657
name=unknown_J
#
# <colnr> <probs for GDERKNQSTAVLIFYWHMCP>
#	G	D	E	R	K	N	Q	S	T	A	V	L	I	F	Y	W	H	M	C	P
0	0.06144	0.03111	0.31903	0.02575	0.03382	0.02171	0.16454	0.02529	0.01703	0.02606	0.01450	0.01906	0.01129	0.00956	0.01334	0.00299	0.18091	0.00736	0.00389	0.01131
1	0.02811	0.03934	0.13736	0.02445	0.05825	0.49058	0.04916	0.03204	0.02261	0.02255	0.01386	0.01645	0.01114	0.00851	0.00790	0.00233	0.01456	0.00595	0.00423	0.01059
2	0.32587	0.02472	0.08802	0.04958	0.02506	0.10418	0.01539	0.20986	0.02410	0.03872	0.01520	0.01694	0.01134	0.00878	0.00704	0.00257	0.00944	0.00599	0.00590	0.01130
3	0.02934	0.18269	0.02829	0.02012	0.02515	0.50005	0.01590	0.03268	0.05139	0.02135	0.01388	0.01576	0.01166	0.00858	0.00724	0.00215	0.01360	0.00548	0.00443	0.01026
4	0.15831	0.09689	0.05130	0.04644	0.02321	0.18061	0.01418	0.02509	0.01785	0.02535	0.01443	0.01825	0.01227	0.01536	0.09228	0.00368	0.05150	0.00585	0.00450	0.14264
5	0.01025	0.00835	0.00907	0.00949	0.01176	0.00717	0.00689	0.01236	0.01896	0.02335	0.10995	0.22198	0.47587	0.02248	0.01024	0.00300	0.00444	0.01924	0.00799	0.00717
6	0.01263	0.01013	0.01417	0.01416	0.01684	0.00947	0.05260	0.01605	0.01965	0.02503	0.09049	0.11208	0.25677	0.02150	0.01091	0.00339	0.00671	0.29190	0.00770	0.00783
7	0.02823	0.06746	0.07118	0.02774	0.14964	0.46477	0.01931	0.03155	0.02244	0.02260	0.01380	0.01658	0.01144	0.00842	0.00775	0.00228	0.01383	0.00591	0.00426	0.01082
8	0.01089	0.00861	0.01117	0.08283	0.01706	0.00829	0.00915	0.01303	0.01733	0.02212	0.05563	0.43342	0.23314	0.02313	0.01036	0.00321	0.00543	0.02048	0.00746	0.00727
9	0.01155	0.00839	0.00941	0.00950	0.01052	0.00803	0.00607	0.01250	0.01482	0.01897	0.04581	0.09173	0.22096	0.41558	0.07499	0.00675	0.00789	0.01442	0.00609	0.00603
10	0.02876	0.12085	0.02593	0.02005	0.02499	0.44051	0.01566	0.06215	0.13286	0.02489	0.01717	0.01830	0.01381	0.00914	0.00761	0.00229	0.01273	0.00620	0.00525	0.01086
11	0.02784	0.03162	0.02214	0.01986	0.02447	0.40833	0.01514	0.07703	0.19948	0.02744	0.02300	0.02330	0.04306	0.01022	0.00812	0.00245	0.01198	0.00736	0.00605	0.01110
12	0.02846	0.03956	0.16985	0.02221	0.02874	0.44896	0.01987	0.09539	0.02441	0.02577	0.01442	0.01650	0.01130	0.00877	0.00786	0.00235	0.01407	0.00590	0.00465	0.01099
13	0.01089	0.00811	0.01026	0.01178	0.01308	0.00748	0.00859	0.01295	0.01759	0.02267	0.05562	0.44862	0.19031	0.02493	0.01083	0.00340	0.00530	0.12254	0.00789	0.00714
14	0.02040	0.18372	0.14047	0.01787	0.02344	0.18170	0.01678	0.02440	0.01790	0.02139	0.01649	0.02154	0.01440	0.02690	0.22999	0.00608	0.01592	0.00664	0.00413	0.00984
15	0.02275	0.70604	0.04459	0.01456	0.02184	0.03367	0.01456	0.02548	0.01729	0.02002	0.01183	0.01365	0.01092	0.00728	0.00546	0.00182	0.00910	0.00455	0.00364	0.01092
16	0.01627	0.01183	0.01408	0.01344	0.01592	0.01205	0.01016	0.15319	0.02350	0.03158	0.16057	0.26500	0.07765	0.07675	0.01292	0.00351	0.00633	0.07829	0.00810	0.00884
17	0.01847	0.02615	0.23887	0.02352	0.11174	0.01883	0.02058	0.03238	0.25955	0.03073	0.07083	0.03069	0.05880	0.01080	0.00861	0.00276	0.00887	0.00909	0.00632	0.01242
18	0.01947	0.02084	0.01988	0.01849	0.02006	0.20148	0.01430	0.02149	0.01708	0.02080	0.02216	0.18884	0.02369	0.02235	0.09960	0.00449	0.23998	0.01129	0.00506	0.00865
19	0.01221	0.00892	0.01267	0.01267	0.01384	0.01009	0.00938	0.01455	0.01338	0.01901	0.02372	0.03855	0.02350	0.21042	0.52365	0.01243	0.01945	0.00987	0.00470	0.00704
20	0.02106	0.02022	0.03454	0.05223	0.64784	0.02022	0.02612	0.02612	0.01938	0.02780	0.01601	0.02106	0.01348	0.00758	0.00842	0.00253	0.01011	0.00758	0.00421	0.01348
21	0.01526	0.00984	0.01304	0.01340	0.01588	0.00891	0.01035	0.01793	0.01829	0.09161	0.04087	0.36384	0.04480	0.02141	0.01029	0.00322	0.00620	0.18371	0.00780	0.10334
22	0.01430	0.01165	0.01687	0.02218	0.17204	0.01139	0.01284	0.05079	0.01866	0.02519	0.04037	0.44474	0.08410	0.02058	0.01006	0.00313	0.00644	0.01864	0.00701	0.00901
23	0.02275	0.70604	0.04459	0.01456	0.02184	0.03367	0.01456	0.02548	0.01729	0.02002	0.01183	0.01365	0.01092	0.00728	0.00546	0.00182	0.00910	0.00455	0.00364	0.01092
24	0.02396	0.01967	0.02082	0.01788	0.02320	0.02247	0.01415	0.18884	0.48429	0.04011	0.03108	0.02892	0.02310	0.01121	0.00862	0.00280	0.00739	0.00913	0.00862	0.01372
25	0.03818	0.01448	0.01975	0.01514	0.02172	0.01251	0.01251	0.04147	0.02436	0.65373	0.03357	0.02897	0.02107	0.01053	0.00856	0.00263	0.00724	0.00856	0.01053	0.01448
