[name]
unknown

[dist]
# distance from previous block
# <min> <max>
1	21

[block]
# block no. 0 follows, 19 sequences, length 26
# corresponding to MSA columns:
# 21-46
name=unknown_A
#
# <colnr> <probs for GDERKNQSTAVLIFYWHMCP>
#	G	D	E	R	K	N	Q	S	T	A	V	L	I	F	Y	W	H	M	C	P
0	0.06612	0.01088	0.01302	0.04970	0.01729	0.01156	0.01028	0.01847	0.05489	0.02654	0.04611	0.21837	0.16444	0.02412	0.07222	0.00424	0.04017	0.04449	0.09862	0.00846
1	0.02001	0.09418	0.27777	0.02067	0.06487	0.08454	0.02078	0.02652	0.01956	0.02861	0.01971	0.02298	0.01525	0.00907	0.00750	0.00244	0.01012	0.00698	0.23716	0.01126
2	0.02279	0.27701	0.15424	0.02816	0.16880	0.08648	0.02221	0.02753	0.01903	0.02450	0.01422	0.01778	0.01212	0.00889	0.00974	0.00252	0.08148	0.00630	0.00404	0.01216
3	0.01676	0.01833	0.08977	0.01414	0.01983	0.05228	0.01221	0.02054	0.01907	0.02675	0.09258	0.07104	0.08947	0.10973	0.01368	0.00309	0.00777	0.01024	0.00605	0.30665
4	0.15632	0.17930	0.05992	0.01850	0.07983	0.07448	0.01437	0.02342	0.01841	0.02639	0.03118	0.03428	0.14650	0.05509	0.01120	0.00301	0.04329	0.00905	0.00535	0.01008
5	0.05774	0.01303	0.01626	0.05483	0.02009	0.01402	0.01164	0.07128	0.08203	0.10894	0.02977	0.12609	0.02784	0.14080	0.17801	0.00686	0.01196	0.01189	0.00702	0.00989
6	0.01366	0.01617	0.13744	0.01345	0.01631	0.01089	0.01162	0.01622	0.01546	0.02136	0.05859	0.14917	0.03501	0.41146	0.03091	0.00640	0.00882	0.01384	0.00576	0.00744
7	0.12924	0.06484	0.02597	0.02317	0.06239	0.32448	0.01736	0.02964	0.02014	0.02478	0.01320	0.01711	0.01149	0.01065	0.01332	0.00280	0.18825	0.00627	0.00450	0.01041
8	0.01698	0.01111	0.01331	0.01287	0.01582	0.01067	0.00957	0.02306	0.11293	0.11374	0.14398	0.25640	0.18352	0.02043	0.01039	0.00315	0.00552	0.01780	0.00906	0.00970
9	0.01685	0.01512	0.01992	0.05851	0.11834	0.05478	0.01460	0.01936	0.01590	0.02163	0.02220	0.06697	0.02267	0.20727	0.17833	0.00738	0.11608	0.01042	0.00488	0.00880
10	0.01242	0.00934	0.01157	0.01164	0.01363	0.00878	0.00848	0.01683	0.05582	0.03069	0.35617	0.23162	0.15715	0.02121	0.01070	0.00308	0.00469	0.01872	0.00916	0.00832
11	0.22375	0.03812	0.46292	0.02163	0.03269	0.02058	0.02647	0.02776	0.01786	0.03166	0.01504	0.01766	0.01087	0.00844	0.00767	0.00281	0.01145	0.00611	0.00427	0.01223
12	0.07918	0.28290	0.07581	0.02155	0.06449	0.29043	0.01775	0.03066	0.02117	0.02380	0.01356	0.01593	0.01153	0.00844	0.00709	0.00225	0.01246	0.00553	0.00431	0.01118
13	0.02632	0.37045	0.03558	0.01781	0.02435	0.13848	0.01560	0.09451	0.14259	0.02833	0.01851	0.01928	0.01510	0.00917	0.00717	0.00229	0.01023	0.00639	0.00559	0.01223
14	0.01109	0.00833	0.00986	0.01096	0.01223	0.00756	0.00740	0.01266	0.01762	0.02250	0.05991	0.39736	0.24160	0.11883	0.01594	0.00414	0.00546	0.02153	0.00790	0.00710
15	0.29508	0.02116	0.07418	0.20084	0.06815	0.02170	0.01842	0.14174	0.02201	0.03695	0.01581	0.01936	0.01183	0.00898	0.00763	0.00281	0.00967	0.00669	0.00558	0.01143
16	0.02012	0.01506	0.01720	0.01483	0.01890	0.01494	0.01114	0.20191	0.02479	0.03404	0.03070	0.24849	0.03210	0.11075	0.01446	0.00357	0.00746	0.01407	0.00750	0.15799
17	0.01370	0.00932	0.01065	0.01065	0.01106	0.00937	0.00637	0.04054	0.01496	0.01996	0.03085	0.14425	0.03546	0.56128	0.03901	0.00768	0.00824	0.01453	0.00599	0.00614
18	0.01267	0.00881	0.01114	0.01142	0.01193	0.00919	0.00742	0.01377	0.01394	0.01904	0.02979	0.13404	0.03319	0.42453	0.21129	0.00961	0.01252	0.01369	0.00563	0.00639
19	0.02351	0.25562	0.27822	0.02093	0.03032	0.02750	0.02298	0.15149	0.02342	0.03165	0.01581	0.01797	0.01224	0.00906	0.00871	0.00255	0.04382	0.00637	0.00492	0.01290
20	0.02875	0.02832	0.02710	0.06146	0.15076	0.22684	0.01903	0.21580	0.05090	0.03527	0.01991	0.05808	0.01660	0.01063	0.00879	0.00264	0.01179	0.00836	0.00633	0.01266
21	0.01223	0.00835	0.00999	0.01076	0.01095	0.00815	0.00649	0.01281	0.01453	0.01938	0.03600	0.28837	0.04238	0.44231	0.03291	0.00681	0.00738	0.01761	0.00649	0.00610
22	0.02298	0.03525	0.22841	0.11786	0.04091	0.19823	0.17345	0.02973	0.02114	0.02583	0.01594	0.02017	0.01205	0.00852	0.00897	0.00275	0.01434	0.00758	0.00423	0.01166
23	0.01987	0.01853	0.03106	0.04632	0.50486	0.01842	0.02358	0.02442	0.01971	0.02793	0.02341	0.15532	0.02328	0.01203	0.00938	0.00285	0.00953	0.01151	0.00521	0.01277
24	0.01935	0.03462	0.37097	0.03646	0.27134	0.02038	0.02967	0.02744	0.01978	0.02904	0.04525	0.02245	0.01592	0.00876	0.00874	0.00276	0.01177	0.00760	0.00432	0.01337
25	0.01833	0.02000	0.05884	0.32389	0.04196	0.10627	0.04880	0.02333	0.01817	0.02273	0.01800	0.02568	0.01486	0.02527	0.18944	0.00609	0.01614	0.00816	0.00431	0.00974

[dist]
# distance from previous block
# <min> <max>
0	7

[block]
# block no. 1 follows, 19 sequences, length 32
# corresponding to MSA columns:
# 54-85
name=unknown_B
#
# <colnr> <probs for GDERKNQSTAVLIFYWHMCP>
#	G	D	E	R	K	N	Q	S	T	A	V	L	I	F	Y	W	H	M	C	P
0	0.10723	0.06896	0.03169	0.08972	0.12406	0.12127	0.12242	0.08245	0.02305	0.11748	0.01878	0.02148	0.01399	0.00890	0.00850	0.00268	0.01144	0.00768	0.00587	0.01235
1	0.02422	0.17636	0.03173	0.14639	0.12776	0.02551	0.01907	0.16488	0.10312	0.03365	0.01929	0.02181	0.01506	0.00923	0.00810	0.00254	0.00978	0.00740	0.00594	0.04818
2	0.05975	0.09710	0.08020	0.01875	0.02374	0.08239	0.01625	0.03252	0.21686	0.02864	0.02209	0.02553	0.01826	0.05665	0.01442	0.00324	0.13068	0.00798	0.00597	0.05899
3	0.34339	0.08390	0.02285	0.01675	0.02195	0.02505	0.01411	0.18958	0.02291	0.03960	0.01491	0.01742	0.01181	0.01027	0.01085	0.00287	0.12798	0.00630	0.00606	0.01146
4	0.02480	0.02575	0.03083	0.03555	0.26215	0.16902	0.04940	0.07949	0.02199	0.02807	0.01611	0.02106	0.01365	0.01328	0.04935	0.00350	0.13141	0.00766	0.00481	0.01213
5	0.01574	0.01418	0.01396	0.01349	0.01555	0.09507	0.00980	0.01919	0.05164	0.02250	0.07224	0.04893	0.12873	0.20283	0.22849	0.00807	0.01361	0.01194	0.00607	0.00796
6	0.01208	0.00898	0.01125	0.01098	0.01309	0.00815	0.00812	0.01565	0.02351	0.03228	0.46316	0.13804	0.18131	0.02017	0.01065	0.00294	0.00438	0.01770	0.00939	0.00815
7	0.01147	0.00916	0.01031	0.01018	0.01285	0.00799	0.00775	0.01449	0.02205	0.02822	0.26693	0.08044	0.41509	0.02131	0.01066	0.00301	0.00462	0.04678	0.00882	0.00789
8	0.01130	0.00854	0.00968	0.01038	0.01179	0.00774	0.00695	0.01275	0.01743	0.02199	0.06095	0.27775	0.28575	0.19272	0.01973	0.00466	0.00580	0.01958	0.00757	0.00692
9	0.02046	0.01536	0.01717	0.01540	0.01970	0.01655	0.01195	0.03625	0.35481	0.09267	0.19062	0.04636	0.09547	0.01455	0.00959	0.00295	0.00617	0.01234	0.00941	0.01221
10	0.02392	0.69097	0.04688	0.01531	0.02296	0.03540	0.01531	0.02679	0.01818	0.02105	0.01244	0.01435	0.01148	0.00765	0.00574	0.00191	0.00957	0.00478	0.00383	0.01148
11	0.01510	0.01451	0.05907	0.05577	0.02462	0.01392	0.11103	0.01971	0.01640	0.02387	0.02253	0.03149	0.01967	0.04482	0.40582	0.00995	0.01925	0.00935	0.07400	0.00914
12	0.06647	0.01801	0.02109	0.02326	0.13250	0.07578	0.01523	0.03199	0.12856	0.16787	0.03221	0.16397	0.02891	0.01450	0.00936	0.00300	0.00837	0.03898	0.00786	0.01209
13	0.01520	0.01196	0.01339	0.01337	0.01552	0.01267	0.00939	0.02437	0.21599	0.02645	0.04356	0.24942	0.09558	0.18911	0.01922	0.00465	0.00664	0.01653	0.00784	0.00913
14	0.01233	0.00839	0.00996	0.01062	0.01079	0.00822	0.00634	0.01283	0.01433	0.01910	0.03495	0.25737	0.04105	0.47512	0.03462	0.00706	0.00756	0.01699	0.00634	0.00601
15	0.01600	0.01155	0.01361	0.01328	0.01525	0.01157	0.00926	0.11952	0.02067	0.02784	0.03724	0.36978	0.04215	0.19073	0.01939	0.00463	0.00699	0.01813	0.00754	0.04487
16	0.02544	0.02769	0.03245	0.04335	0.41047	0.21365	0.02389	0.02964	0.02151	0.02654	0.01562	0.02016	0.01322	0.00880	0.00981	0.00262	0.05066	0.00729	0.00445	0.01275
17	0.01906	0.03449	0.34619	0.02754	0.13977	0.08786	0.02547	0.02614	0.02015	0.02702	0.02967	0.03154	0.12500	0.01109	0.00890	0.00278	0.01147	0.00902	0.00482	0.01204
18	0.02058	0.01897	0.03133	0.40021	0.16010	0.02147	0.08502	0.10084	0.02189	0.02909	0.01704	0.02325	0.01295	0.00885	0.00910	0.00289	0.01175	0.00824	0.00478	0.01164
19	0.01949	0.01701	0.02368	0.12833	0.13950	0.01723	0.01714	0.07689	0.02038	0.02920	0.02065	0.10812	0.01934	0.01130	0.01034	0.00251	0.06872	0.00938	0.00554	0.25523
20	0.01915	0.02362	0.17720	0.05331	0.08178	0.01832	0.01949	0.03192	0.22285	0.05294	0.03167	0.07540	0.06174	0.01754	0.06915	0.00404	0.01050	0.01044	0.00665	0.01229
21	0.01144	0.00821	0.01002	0.01123	0.01196	0.00770	0.00729	0.01266	0.01646	0.02151	0.04935	0.42391	0.13235	0.20882	0.02072	0.00494	0.00606	0.02107	0.00751	0.00680
22	0.01447	0.01065	0.01206	0.01192	0.01381	0.01045	0.00827	0.09061	0.02011	0.02609	0.05022	0.26849	0.18982	0.20780	0.02039	0.00476	0.00661	0.01800	0.00759	0.00788
23	0.02728	0.02201	0.02394	0.02646	0.16371	0.14678	0.01696	0.03470	0.12953	0.17347	0.02760	0.08798	0.02257	0.01439	0.03893	0.00332	0.01050	0.00988	0.00729	0.01270
24	0.01509	0.01140	0.01262	0.01240	0.01548	0.01113	0.00922	0.02243	0.15340	0.06413	0.06456	0.22152	0.31061	0.02095	0.01036	0.00316	0.00546	0.01797	0.00865	0.00944
25	0.01076	0.00835	0.00980	0.01097	0.01259	0.00739	0.00764	0.01262	0.01856	0.02342	0.06740	0.41983	0.30741	0.02568	0.01105	0.00337	0.00490	0.02256	0.00831	0.00739
26	0.02410	0.01736	0.02375	0.02806	0.22389	0.01724	0.01693	0.10454	0.08055	0.14397	0.04144	0.04088	0.17236	0.01303	0.00935	0.00281	0.00809	0.01114	0.00768	0.01282
27	0.01288	0.00868	0.01000	0.01003	0.01025	0.00859	0.00584	0.01335	0.01437	0.01936	0.08585	0.08831	0.03870	0.59155	0.04062	0.00788	0.00809	0.01389	0.00598	0.00579
28	0.01141	0.00804	0.01036	0.01187	0.01239	0.00760	0.00777	0.01283	0.01685	0.02260	0.08043	0.52490	0.05567	0.15177	0.01782	0.00454	0.00579	0.02252	0.00785	0.00699
29	0.01110	0.00823	0.00996	0.01124	0.01232	0.00753	0.00754	0.01263	0.01741	0.02245	0.05700	0.44669	0.19955	0.11386	0.01573	0.00415	0.00549	0.02212	0.00792	0.00709
30	0.11670	0.02000	0.02040	0.16464	0.02956	0.13391	0.01571	0.02637	0.07692	0.02952	0.17119	0.03256	0.03140	0.01230	0.01092	0.00289	0.07935	0.00942	0.00627	0.00999
31	0.02037	0.12409	0.02823	0.02731	0.18666	0.07693	0.01771	0.02498	0.04847	0.02665	0.11348	0.03149	0.05693	0.01548	0.05121	0.00350	0.12063	0.00928	0.00555	0.01108

[dist]
# distance from previous block
# <min> <max>
5	7

[block]
# block no. 2 follows, 19 sequences, length 7
# corresponding to MSA columns:
# 93-99
name=unknown_C
#
# <colnr> <probs for GDERKNQSTAVLIFYWHMCP>
#	G	D	E	R	K	N	Q	S	T	A	V	L	I	F	Y	W	H	M	C	P
0	0.03158	0.08159	0.02830	0.02286	0.08267	0.10027	0.01721	0.35569	0.03345	0.08960	0.02011	0.02082	0.01478	0.00983	0.00844	0.00250	0.01030	0.00741	0.00753	0.05503
1	0.10093	0.01713	0.06112	0.06388	0.02582	0.01649	0.10166	0.07567	0.02010	0.02930	0.03393	0.24242	0.08486	0.01689	0.01145	0.00322	0.06414	0.01464	0.00652	0.00984
2	0.07562	0.01859	0.02248	0.11284	0.08265	0.01969	0.01593	0.23996	0.02809	0.03943	0.08254	0.03214	0.08542	0.01155	0.00875	0.00262	0.00854	0.00939	0.00717	0.09660
3	0.02314	0.02380	0.02743	0.02409	0.08533	0.16188	0.10858	0.06656	0.02187	0.02836	0.01717	0.02133	0.01417	0.01466	0.08117	0.00353	0.01275	0.00719	0.00513	0.25187
4	0.02653	0.02675	0.11452	0.02590	0.03451	0.02384	0.19875	0.29654	0.03044	0.04169	0.01923	0.02170	0.01402	0.00909	0.00918	0.00269	0.01163	0.00840	0.00657	0.07801
5	0.10466	0.02361	0.04630	0.08133	0.08039	0.15461	0.01683	0.08554	0.07701	0.09546	0.02832	0.03330	0.06929	0.01188	0.00878	0.00282	0.01022	0.05133	0.00670	0.01163
6	0.18372	0.01701	0.02323	0.01875	0.02368	0.01837	0.12668	0.05510	0.07956	0.03300	0.02070	0.02473	0.01651	0.01526	0.07151	0.00385	0.06831	0.00804	0.13504	0.05694

[dist]
# distance from previous block
# <min> <max>
0	24

[block]
# block no. 3 follows, 19 sequences, length 6
# corresponding to MSA columns:
# 124-129
name=unknown_D
#
# <colnr> <probs for GDERKNQSTAVLIFYWHMCP>
#	G	D	E	R	K	N	Q	S	T	A	V	L	I	F	Y	W	H	M	C	P
0	0.07850	0.08821	0.15779	0.02892	0.19553	0.12477	0.02121	0.02706	0.02113	0.02907	0.11953	0.02680	0.02456	0.01006	0.00840	0.00260	0.01061	0.00819	0.00528	0.01176
1	0.01901	0.01739	0.01903	0.02091	0.11966	0.06957	0.01364	0.07486	0.14318	0.03133	0.10383	0.05153	0.24891	0.01552	0.00964	0.00285	0.00748	0.01300	0.00770	0.01097
2	0.01523	0.01876	0.12523	0.07185	0.17413	0.01408	0.01801	0.01980	0.01940	0.02582	0.04715	0.15296	0.22922	0.01647	0.00981	0.00300	0.00819	0.01436	0.00625	0.01030
3	0.01982	0.01658	0.01576	0.01436	0.01715	0.11764	0.01057	0.08537	0.01988	0.02540	0.02703	0.06771	0.07185	0.08009	0.07630	0.19100	0.01017	0.00982	0.05912	0.06438
4	0.02433	0.01916	0.02387	0.15751	0.07880	0.02164	0.01760	0.24517	0.12468	0.03923	0.02327	0.02611	0.01767	0.01469	0.05817	0.00365	0.01047	0.00851	0.07281	0.01267
5	0.12452	0.08701	0.02617	0.02037	0.02547	0.29478	0.01632	0.16966	0.02620	0.03257	0.01516	0.01746	0.01221	0.01006	0.01014	0.00260	0.08583	0.00635	0.00564	0.01149

[dist]
# distance from previous block
# <min> <max>
22	107

[block]
# block no. 4 follows, 19 sequences, length 17
# corresponding to MSA columns:
# 270-286
name=unknown_E
#
# <colnr> <probs for GDERKNQSTAVLIFYWHMCP>
#	G	D	E	R	K	N	Q	S	T	A	V	L	I	F	Y	W	H	M	C	P
0	0.02550	0.38463	0.03547	0.01715	0.02336	0.14587	0.01517	0.10440	0.02288	0.02686	0.05200	0.02047	0.01728	0.01369	0.05762	0.00313	0.01164	0.00648	0.00511	0.01132
1	0.02080	0.01520	0.01732	0.01552	0.01920	0.05230	0.01217	0.13330	0.02439	0.08726	0.13388	0.12693	0.03757	0.02739	0.15020	0.00540	0.01121	0.04944	0.00778	0.05273
2	0.13434	0.06915	0.09494	0.01795	0.02288	0.15596	0.05980	0.02549	0.04092	0.02526	0.01944	0.03004	0.01831	0.20007	0.04607	0.00480	0.01174	0.00839	0.00500	0.00947
3	0.02026	0.03116	0.26500	0.02008	0.02713	0.13522	0.02066	0.06015	0.02011	0.02676	0.01941	0.02576	0.01624	0.06779	0.15151	0.00560	0.01500	0.00774	0.05361	0.01080
4	0.01658	0.02328	0.23401	0.01959	0.05461	0.01427	0.01915	0.02231	0.01891	0.06657	0.05810	0.07923	0.11018	0.02622	0.15008	0.00552	0.01265	0.05221	0.00599	0.01055
5	0.02716	0.03290	0.03826	0.03186	0.08048	0.32680	0.27381	0.03200	0.02312	0.02542	0.01593	0.02010	0.01262	0.00839	0.00922	0.00264	0.01526	0.00804	0.00456	0.01140
6	0.01626	0.02529	0.22791	0.02138	0.02910	0.01627	0.13501	0.02419	0.06674	0.02763	0.04477	0.04802	0.22153	0.01421	0.00986	0.00302	0.00993	0.04188	0.00611	0.01089
7	0.01340	0.01045	0.01215	0.01189	0.01470	0.00939	0.00868	0.05404	0.02063	0.02719	0.09562	0.31639	0.24146	0.02183	0.01033	0.00303	0.00540	0.01902	0.00809	0.09628
8	0.01593	0.01312	0.01283	0.01252	0.01406	0.07177	0.00844	0.06152	0.01888	0.02392	0.07641	0.19079	0.09217	0.31828	0.02605	0.00558	0.00805	0.01539	0.00681	0.00747
9	0.02050	0.03850	0.46142	0.03124	0.16716	0.02032	0.03036	0.02927	0.01971	0.07334	0.01764	0.02045	0.01275	0.00857	0.00861	0.00279	0.01224	0.00709	0.00446	0.01358
10	0.02325	0.02336	0.03523	0.05178	0.57048	0.08314	0.02646	0.02827	0.02086	0.02851	0.01653	0.02155	0.01391	0.00809	0.00878	0.00262	0.01117	0.00775	0.00445	0.01380
11	0.01444	0.01336	0.04512	0.01773	0.02052	0.01348	0.09028	0.01802	0.01525	0.02170	0.02289	0.03552	0.02166	0.13904	0.42793	0.01114	0.04870	0.00998	0.00476	0.00848
12	0.01948	0.03666	0.39983	0.03482	0.19180	0.02117	0.11285	0.02815	0.01959	0.02861	0.01655	0.02048	0.01239	0.00823	0.00889	0.00281	0.01282	0.00753	0.00405	0.01330
13	0.08004	0.02518	0.03608	0.09639	0.07720	0.14036	0.23881	0.02781	0.01970	0.02642	0.01538	0.02088	0.01242	0.00958	0.01287	0.00300	0.13413	0.00827	0.00444	0.01106
14	0.01824	0.01390	0.01521	0.01345	0.01729	0.01395	0.01043	0.19707	0.02737	0.03564	0.13526	0.14792	0.28097	0.01910	0.01018	0.00298	0.00625	0.01606	0.00872	0.01003
15	0.01068	0.00866	0.00948	0.01013	0.01236	0.00746	0.00727	0.01272	0.01937	0.02375	0.07770	0.27188	0.44871	0.02434	0.01084	0.00321	0.00474	0.02093	0.00831	0.00746
16	0.06132	0.02170	0.11220	0.03552	0.28930	0.01810	0.08925	0.02502	0.02102	0.03098	0.14726	0.03432	0.02997	0.01091	0.00932	0.00282	0.00982	0.03335	0.00573	0.01207

[dist]
# distance from previous block
# <min> <max>
0	1

[block]
# block no. 5 follows, 19 sequences, length 25
# corresponding to MSA columns:
# 288-312
name=unknown_F
#
# <colnr> <probs for GDERKNQSTAVLIFYWHMCP>
#	G	D	E	R	K	N	Q	S	T	A	V	L	I	F	Y	W	H	M	C	P
0	0.02036	0.09330	0.16200	0.03938	0.34304	0.02152	0.07346	0.02641	0.01991	0.02773	0.02271	0.02637	0.06614	0.00928	0.00876	0.00268	0.01091	0.00853	0.00458	0.01295
1	0.02007	0.01311	0.01543	0.01395	0.01763	0.01310	0.01084	0.07540	0.12260	0.12557	0.16259	0.09145	0.14536	0.06990	0.01289	0.00349	0.00651	0.06056	0.00900	0.01056
2	0.01603	0.01472	0.01829	0.05443	0.15120	0.04625	0.01372	0.02152	0.07274	0.02850	0.16584	0.05703	0.27231	0.01630	0.00985	0.00286	0.00700	0.01398	0.00742	0.01001
3	0.01973	0.08512	0.02344	0.17923	0.08167	0.11777	0.01561	0.02277	0.01797	0.02218	0.01891	0.03111	0.01820	0.20692	0.01895	0.00422	0.01069	0.00847	0.00468	0.09235
4	0.02133	0.08011	0.02199	0.08342	0.05207	0.18079	0.01460	0.02920	0.15088	0.02630	0.04136	0.04117	0.19413	0.01355	0.00895	0.00272	0.00954	0.01077	0.00653	0.01060
5	0.02179	0.26194	0.03420	0.02587	0.17731	0.02492	0.01764	0.02723	0.06591	0.02626	0.01617	0.01922	0.01384	0.00854	0.00898	0.00223	0.06438	0.00639	0.00473	0.17245
6	0.08163	0.02021	0.03068	0.03228	0.19166	0.02471	0.06697	0.02413	0.01626	0.02578	0.01371	0.02022	0.01239	0.01228	0.02022	0.00340	0.38022	0.00784	0.00424	0.01117
7	0.01538	0.01275	0.01411	0.01345	0.01690	0.01287	0.01007	0.02555	0.22081	0.02952	0.09186	0.20397	0.20241	0.01881	0.00996	0.00302	0.00570	0.01622	0.00844	0.06819
8	0.07928	0.01638	0.01382	0.01309	0.01487	0.12265	0.00873	0.02157	0.07601	0.02208	0.02520	0.04492	0.02642	0.44289	0.03197	0.00650	0.00966	0.01077	0.00566	0.00752
9	0.02543	0.02274	0.11813	0.02227	0.08570	0.01975	0.01809	0.10676	0.23471	0.14601	0.08014	0.03091	0.02604	0.01133	0.00907	0.00286	0.00858	0.00943	0.00821	0.01384
10	0.01437	0.01238	0.01671	0.01510	0.01652	0.01429	0.03324	0.01635	0.01564	0.02125	0.03863	0.04968	0.17578	0.19971	0.14436	0.00684	0.18327	0.01242	0.00561	0.00784
11	0.01892	0.03683	0.40940	0.08163	0.09339	0.02115	0.15595	0.02789	0.01943	0.02805	0.01656	0.02072	0.01212	0.00828	0.00902	0.00287	0.01330	0.00770	0.00401	0.01279
12	0.01404	0.01835	0.13842	0.01510	0.02059	0.01261	0.04589	0.02076	0.08060	0.02789	0.12559	0.06180	0.34893	0.01745	0.01001	0.00296	0.00707	0.01479	0.00745	0.00970
13	0.08336	0.02951	0.17980	0.05451	0.13419	0.13641	0.02111	0.08447	0.02257	0.03023	0.02759	0.02950	0.10760	0.01097	0.00862	0.00272	0.01103	0.00865	0.00543	0.01174
14	0.02687	0.08480	0.02300	0.01873	0.02332	0.40298	0.01444	0.06007	0.02443	0.02430	0.03371	0.03412	0.16838	0.01260	0.00857	0.00248	0.01231	0.00915	0.00573	0.01001
15	0.01353	0.01040	0.01254	0.01192	0.01447	0.01009	0.00895	0.02012	0.10274	0.03358	0.43311	0.09947	0.15765	0.01867	0.01041	0.00292	0.00470	0.01630	0.00943	0.00901
16	0.01162	0.00890	0.01198	0.07617	0.01769	0.00867	0.00974	0.01398	0.01848	0.02434	0.10990	0.47072	0.13576	0.02442	0.01097	0.00340	0.00567	0.02186	0.00803	0.00769
17	0.01741	0.01320	0.01482	0.01324	0.01690	0.01312	0.01043	0.16400	0.02721	0.03582	0.22000	0.08673	0.25824	0.01871	0.01030	0.00297	0.00607	0.05215	0.00890	0.00979
18	0.01125	0.00909	0.01000	0.00977	0.01250	0.00784	0.00733	0.01414	0.02198	0.02794	0.26286	0.07989	0.45157	0.02125	0.01057	0.00295	0.00443	0.01801	0.00880	0.00784
19	0.01139	0.00892	0.01001	0.01004	0.01227	0.00787	0.00723	0.01386	0.02061	0.02638	0.21826	0.13744	0.37075	0.08811	0.01414	0.00359	0.00493	0.01825	0.00842	0.00754
20	0.02544	0.01926	0.02121	0.01751	0.02312	0.02039	0.01421	0.33573	0.08017	0.04337	0.03350	0.09144	0.07988	0.01442	0.00944	0.00284	0.00826	0.06713	0.00842	0.08429
21	0.02979	0.03656	0.02634	0.13682	0.07354	0.49826	0.01928	0.03293	0.02372	0.02255	0.01439	0.01788	0.01177	0.00909	0.00827	0.00245	0.01504	0.00629	0.00449	0.01055
22	0.01302	0.00977	0.01144	0.01124	0.01322	0.00936	0.00815	0.01708	0.05963	0.02763	0.25459	0.07007	0.19717	0.18958	0.01953	0.00448	0.00596	0.06210	0.00816	0.00782
23	0.02182	0.06287	0.19737	0.03777	0.23141	0.07650	0.18689	0.02870	0.02052	0.02781	0.01651	0.02096	0.01291	0.00808	0.00902	0.00274	0.01297	0.00800	0.00427	0.01288
24	0.02106	0.09744	0.15898	0.09328	0.39978	0.02256	0.02709	0.02720	0.01964	0.02767	0.01613	0.02079	0.01313	0.00812	0.00846	0.00264	0.01114	0.00735	0.00420	0.01335

[dist]
# distance from previous block
# <min> <max>
0	3

[block]
# block no. 6 follows, 19 sequences, length 10
# corresponding to MSA columns:
# 316-325
name=unknown_G
#
# <colnr> <probs for GDERKNQSTAVLIFYWHMCP>
#	G	D	E	R	K	N	Q	S	T	A	V	L	I	F	Y	W	H	M	C	P
0	0.09282	0.01341	0.01918	0.04923	0.15636	0.01430	0.01440	0.02096	0.04833	0.02711	0.11429	0.03307	0.02755	0.02833	0.16945	0.13502	0.01185	0.00940	0.00561	0.00932
1	0.01920	0.23091	0.22525	0.08102	0.03266	0.02402	0.07823	0.02509	0.01805	0.02433	0.01743	0.05479	0.01522	0.01503	0.06914	0.00376	0.04244	0.00789	0.00422	0.01131
2	0.02383	0.20593	0.03636	0.02802	0.14127	0.17626	0.12407	0.02781	0.02113	0.02455	0.02372	0.02638	0.08378	0.00982	0.00834	0.00248	0.01179	0.00832	0.00478	0.01137
3	0.02176	0.02351	0.09064	0.05226	0.57652	0.02121	0.02796	0.02754	0.02024	0.02915	0.01676	0.02185	0.01392	0.00802	0.00882	0.00267	0.01086	0.00785	0.00437	0.01409
4	0.02018	0.01938	0.01666	0.01529	0.01823	0.17787	0.01135	0.08196	0.02514	0.03137	0.29049	0.10815	0.05085	0.07800	0.01307	0.00329	0.00843	0.01322	0.00782	0.00926
5	0.01998	0.26545	0.43785	0.02203	0.03336	0.02575	0.02702	0.02781	0.01865	0.02586	0.01483	0.01735	0.01138	0.00821	0.00756	0.00252	0.01198	0.00599	0.00379	0.01263
6	0.01884	0.01780	0.03055	0.03563	0.28801	0.01808	0.11593	0.02351	0.02030	0.02880	0.14947	0.03531	0.03079	0.07368	0.01471	0.00342	0.06750	0.01064	0.00567	0.01138
7	0.09778	0.01287	0.01429	0.01300	0.01669	0.01318	0.01001	0.07687	0.07650	0.14378	0.03312	0.17638	0.02936	0.01450	0.00835	0.00277	0.00608	0.01211	0.23174	0.01063
8	0.02125	0.02882	0.17627	0.03782	0.22099	0.05835	0.19608	0.02783	0.01980	0.02758	0.01629	0.02136	0.01293	0.00889	0.01152	0.00292	0.08613	0.00829	0.00426	0.01263
9	0.02339	0.25831	0.15977	0.02542	0.03411	0.12499	0.19917	0.02907	0.02035	0.02494	0.01511	0.01853	0.01211	0.00803	0.00813	0.00249	0.01301	0.00708	0.00416	0.01182

[dist]
# distance from previous block
# <min> <max>
0	1

[block]
# block no. 7 follows, 19 sequences, length 14
# corresponding to MSA columns:
# 327-340
name=unknown_H
#
# <colnr> <probs for GDERKNQSTAVLIFYWHMCP>
#	G	D	E	R	K	N	Q	S	T	A	V	L	I	F	Y	W	H	M	C	P
0	0.01131	0.00815	0.01007	0.01141	0.01216	0.00761	0.00747	0.01263	0.01668	0.02183	0.05038	0.46381	0.13091	0.16995	0.01870	0.00464	0.00586	0.02184	0.00768	0.00691
1	0.06705	0.01418	0.01194	0.01192	0.01485	0.09985	0.00880	0.01699	0.02008	0.02473	0.06586	0.18880	0.38170	0.02078	0.01002	0.00302	0.00649	0.01730	0.00758	0.00805
2	0.02287	0.17608	0.24665	0.02916	0.13442	0.06939	0.10305	0.02937	0.02017	0.06400	0.01671	0.01969	0.01283	0.00831	0.00824	0.00259	0.01211	0.00707	0.00451	0.01277
3	0.01698	0.01503	0.01545	0.05503	0.02006	0.09367	0.01209	0.07411	0.02184	0.02721	0.06670	0.31665	0.10554	0.02130	0.01061	0.00330	0.00782	0.10012	0.00767	0.00882
4	0.01190	0.00838	0.01082	0.01182	0.01241	0.00830	0.00781	0.01334	0.01591	0.02154	0.06959	0.36669	0.04720	0.23680	0.10929	0.00662	0.00879	0.01893	0.00701	0.00685
5	0.06906	0.13712	0.11206	0.02493	0.11363	0.05813	0.06058	0.08064	0.02031	0.02844	0.01735	0.02228	0.01459	0.02131	0.14612	0.00513	0.04454	0.00745	0.00482	0.01150
6	0.01952	0.07868	0.20896	0.21362	0.21102	0.02192	0.06870	0.02645	0.01913	0.02651	0.01610	0.02123	0.01247	0.00834	0.00866	0.00277	0.01198	0.00752	0.00407	0.01235
7	0.01559	0.08263	0.01795	0.01693	0.07592	0.06331	0.01120	0.01786	0.01835	0.02306	0.06522	0.22928	0.14063	0.11402	0.06394	0.00463	0.00882	0.01557	0.00656	0.00853
8	0.02528	0.05229	0.02593	0.07419	0.14219	0.08089	0.01733	0.14814	0.06453	0.07898	0.07825	0.02632	0.02190	0.01003	0.00853	0.00247	0.00940	0.00824	0.00677	0.11833
9	0.01507	0.01338	0.01326	0.01267	0.01586	0.05295	0.00954	0.02268	0.14966	0.02931	0.18604	0.10901	0.29875	0.01895	0.01015	0.00298	0.00582	0.01602	0.00857	0.00934
10	0.16173	0.01657	0.01730	0.01518	0.01946	0.01801	0.01185	0.25097	0.02690	0.04058	0.02918	0.22665	0.02862	0.01564	0.00881	0.00294	0.00728	0.01289	0.07841	0.01101
11	0.02301	0.11190	0.05511	0.13894	0.11277	0.02267	0.01901	0.19017	0.02479	0.03344	0.01845	0.02291	0.01483	0.01822	0.11000	0.00441	0.01249	0.00760	0.00565	0.05364
12	0.02234	0.08021	0.21590	0.03576	0.21681	0.10651	0.13944	0.02901	0.02059	0.02728	0.01614	0.02022	0.01267	0.00819	0.00876	0.00268	0.01293	0.00756	0.00424	0.01277
13	0.03085	0.21489	0.03012	0.01780	0.02456	0.07048	0.01522	0.18366	0.11107	0.17891	0.02373	0.02286	0.01724	0.01002	0.00800	0.00250	0.00930	0.00746	0.00769	0.01364

[dist]
# distance from previous block
# <min> <max>
4	135

[block]
# block no. 8 follows, 19 sequences, length 70
# corresponding to MSA columns:
# 498-567
name=unknown_I
#
# <colnr> <probs for GDERKNQSTAVLIFYWHMCP>
#	G	D	E	R	K	N	Q	S	T	A	V	L	I	F	Y	W	H	M	C	P
0	0.01875	0.01423	0.01574	0.01395	0.01801	0.01469	0.01086	0.10301	0.18437	0.06323	0.20433	0.05569	0.21379	0.01656	0.00988	0.00291	0.00599	0.01392	0.00914	0.01094
1	0.01480	0.01204	0.01643	0.01558	0.01628	0.01478	0.01188	0.01686	0.01463	0.02149	0.02529	0.13306	0.02670	0.15440	0.21729	0.00781	0.20922	0.01202	0.05147	0.00797
2	0.01133	0.00909	0.01011	0.00985	0.01255	0.00787	0.00739	0.01430	0.02217	0.02839	0.28344	0.07915	0.43070	0.02108	0.01057	0.00295	0.00442	0.01791	0.00886	0.00787
3	0.01872	0.01199	0.01613	0.12864	0.02390	0.01242	0.01250	0.02188	0.01963	0.14190	0.04670	0.17067	0.18553	0.01737	0.01125	0.00307	0.05964	0.01448	0.07394	0.00965
4	0.05664	0.01712	0.02165	0.11022	0.12644	0.01900	0.01659	0.03358	0.29059	0.03236	0.06277	0.03918	0.08534	0.01273	0.00922	0.00299	0.00798	0.03608	0.00737	0.01216
5	0.15910	0.02580	0.07389	0.01755	0.02346	0.14646	0.01506	0.22161	0.02734	0.03966	0.01932	0.02120	0.01462	0.00974	0.00760	0.00252	0.00978	0.00694	0.14662	0.01175
6	0.01182	0.00845	0.01144	0.01351	0.01444	0.00806	0.00991	0.01405	0.01804	0.02387	0.04880	0.52766	0.05715	0.02716	0.01167	0.00376	0.00599	0.16840	0.00829	0.00752
7	0.01185	0.00825	0.01003	0.01106	0.01146	0.00793	0.00691	0.01273	0.01540	0.02038	0.04160	0.36616	0.07416	0.32954	0.02704	0.00592	0.00676	0.01942	0.00698	0.00643
8	0.02335	0.01822	0.02094	0.01925	0.05978	0.01978	0.01422	0.23329	0.18880	0.04254	0.18517	0.06912	0.03875	0.01378	0.00953	0.00286	0.00744	0.01160	0.00891	0.01269
9	0.02306	0.01716	0.01880	0.01531	0.02110	0.01715	0.01223	0.18188	0.14266	0.08527	0.04261	0.04095	0.17828	0.01338	0.00896	0.00259	0.00711	0.01085	0.00828	0.15237
10	0.01518	0.00959	0.01242	0.01330	0.01486	0.00912	0.00932	0.05231	0.01951	0.08435	0.04621	0.57556	0.05283	0.02530	0.01103	0.00349	0.00572	0.02275	0.00861	0.00854
11	0.02783	0.09868	0.02946	0.11630	0.13442	0.33999	0.01973	0.05804	0.04683	0.02540	0.01573	0.01898	0.01282	0.00900	0.00817	0.00247	0.01330	0.00662	0.00479	0.01144
12	0.02081	0.18035	0.44459	0.02418	0.06354	0.02344	0.02775	0.02892	0.01923	0.06493	0.01653	0.01881	0.01218	0.00845	0.00796	0.00262	0.01196	0.00644	0.00428	0.01302
13	0.15518	0.13643	0.22639	0.03117	0.23013	0.02316	0.02401	0.02742	0.01859	0.02964	0.01507	0.01844	0.01200	0.00815	0.00763	0.00261	0.01060	0.00645	0.00433	0.01261
14	0.01985	0.25181	0.45038	0.02225	0.03370	0.02544	0.02740	0.02784	0.01866	0.02601	0.01490	0.01744	0.01138	0.00823	0.00762	0.00254	0.01206	0.00603	0.00379	0.01267
15	0.01469	0.00966	0.01301	0.01277	0.01430	0.01100	0.00983	0.01756	0.01554	0.02449	0.02422	0.03295	0.02134	0.04257	0.35272	0.06767	0.05669	0.00892	0.24216	0.00789
16	0.02216	0.02096	0.03396	0.04955	0.54108	0.02140	0.02551	0.03039	0.10713	0.03043	0.01969	0.02379	0.01609	0.00858	0.00889	0.00271	0.01011	0.00828	0.00511	0.01417
17	0.25622	0.01212	0.01309	0.05274	0.01742	0.01367	0.00984	0.01938	0.01516	0.02779	0.02272	0.07861	0.02219	0.15558	0.18329	0.00698	0.01170	0.00962	0.06372	0.00815
18	0.21050	0.01350	0.01485	0.01274	0.01775	0.01294	0.01017	0.02843	0.02088	0.27054	0.04548	0.09323	0.18438	0.01484	0.00873	0.00291	0.00641	0.01191	0.00870	0.01111
19	0.01177	0.00831	0.01040	0.01173	0.01236	0.00793	0.00779	0.01309	0.01634	0.02155	0.04534	0.41470	0.08527	0.22528	0.02170	0.00515	0.00642	0.06065	0.00743	0.00680
20	0.02986	0.02088	0.02299	0.01867	0.02484	0.02285	0.01507	0.29917	0.24015	0.13368	0.05450	0.02892	0.02344	0.01160	0.00908	0.00283	0.00830	0.00926	0.00935	0.01456
21	0.01893	0.03819	0.43262	0.02862	0.03967	0.02180	0.18373	0.02788	0.01907	0.02788	0.01626	0.02035	0.01197	0.00881	0.01072	0.00297	0.06613	0.00777	0.00399	0.01264
22	0.02766	0.01427	0.01762	0.01490	0.02009	0.01349	0.01209	0.06885	0.09535	0.31299	0.07719	0.05033	0.15214	0.01524	0.00974	0.00298	0.00694	0.06582	0.00980	0.01250
23	0.01088	0.00788	0.01029	0.01221	0.01291	0.00729	0.00820	0.01248	0.01736	0.02293	0.05230	0.63681	0.10018	0.02764	0.01136	0.00359	0.00514	0.02496	0.00831	0.00729
24	0.02418	0.02115	0.03188	0.17113	0.35479	0.02268	0.02417	0.17693	0.02556	0.03505	0.01786	0.02232	0.01398	0.00890	0.00890	0.00273	0.01069	0.00799	0.00552	0.01358
25	0.01397	0.01003	0.01195	0.01242	0.01375	0.00992	0.00844	0.07799	0.01915	0.02532	0.04430	0.40576	0.09300	0.18796	0.01950	0.00472	0.00652	0.01991	0.00767	0.00772
26	0.17484	0.01682	0.01989	0.01571	0.02229	0.01642	0.01293	0.09701	0.05460	0.43270	0.02956	0.02663	0.01930	0.01056	0.00833	0.00277	0.00768	0.00816	0.00969	0.01411
27	0.01112	0.00880	0.01006	0.01061	0.01280	0.00773	0.00778	0.01355	0.02020	0.02551	0.14901	0.24022	0.37703	0.02359	0.01088	0.00321	0.00484	0.04692	0.00851	0.00763
28	0.01081	0.00812	0.01003	0.01157	0.01274	0.00734	0.00791	0.01256	0.01799	0.02319	0.06017	0.52377	0.20814	0.02662	0.01120	0.00347	0.00502	0.02371	0.00831	0.00734
29	0.03342	0.04264	0.02535	0.02305	0.02766	0.64967	0.01729	0.03572	0.02535	0.02190	0.01383	0.01613	0.01152	0.00922	0.00807	0.00230	0.01613	0.00576	0.00461	0.01037
30	0.02535	0.59352	0.04365	0.01647	0.02367	0.12773	0.01561	0.02813	0.01926	0.02118	0.01265	0.01462	0.01149	0.00789	0.00609	0.00197	0.01055	0.00493	0.00394	0.01131
31	0.02205	0.02012	0.03118	0.07221	0.41994	0.01965	0.02277	0.07188	0.02158	0.03108	0.01695	0.02138	0.01394	0.00794	0.00838	0.00238	0.00974	0.00739	0.00496	0.17449
32	0.02141	0.02094	0.02924	0.04153	0.43025	0.08792	0.02179	0.02575	0.02046	0.02757	0.02535	0.03050	0.07754	0.04354	0.01061	0.00292	0.01011	0.00911	0.05121	0.01227
33	0.01204	0.00860	0.01169	0.01377	0.01479	0.00825	0.01029	0.01444	0.01826	0.02412	0.04868	0.49137	0.05667	0.02695	0.01172	0.00379	0.00618	0.20252	0.00828	0.00758
34	0.01291	0.00909	0.01186	0.01186	0.01259	0.00982	0.00804	0.01436	0.01363	0.01890	0.02627	0.04790	0.02790	0.40419	0.32061	0.01127	0.01563	0.01145	0.00514	0.00659
35	0.01835	0.01272	0.01524	0.04782	0.01956	0.01267	0.01169	0.09543	0.05318	0.08244	0.05498	0.06525	0.26120	0.01994	0.01239	0.06204	0.00705	0.13044	0.00808	0.00954
36	0.02351	0.02782	0.09190	0.12025	0.33756	0.16352	0.02504	0.02858	0.02075	0.02635	0.01574	0.02057	0.01290	0.00876	0.00953	0.00269	0.04038	0.00733	0.00433	0.01250
37	0.01109	0.00923	0.00978	0.01005	0.01295	0.00792	0.00781	0.01360	0.02042	0.02452	0.08486	0.08808	0.54945	0.02293	0.01081	0.00317	0.00503	0.09238	0.00830	0.00764
38	0.02269	0.02229	0.03578	0.05337	0.60060	0.05170	0.02696	0.02786	0.02061	0.02887	0.01668	0.02185	0.01404	0.00803	0.00882	0.00264	0.01090	0.00786	0.00444	0.01399
39	0.02324	0.03166	0.23000	0.06182	0.27668	0.07891	0.02680	0.10770	0.02325	0.03179	0.01691	0.02051	0.01306	0.00868	0.00869	0.00270	0.01191	0.00734	0.00484	0.01349
40	0.02436	0.02503	0.02655	0.02873	0.16356	0.17220	0.01900	0.06113	0.15022	0.02858	0.02006	0.02344	0.01649	0.01460	0.05345	0.00365	0.14328	0.00799	0.00564	0.01205
41	0.02575	0.56898	0.04311	0.01641	0.02384	0.06575	0.01564	0.10375	0.02173	0.02581	0.01372	0.01539	0.01198	0.00815	0.00629	0.00204	0.00994	0.00527	0.00455	0.01192
42	0.05763	0.01193	0.05728	0.01461	0.01683	0.00997	0.01208	0.01634	0.01822	0.02552	0.04405	0.41140	0.05030	0.02438	0.01114	0.00367	0.00682	0.19191	0.00779	0.00815
43	0.03046	0.07350	0.02481	0.02152	0.05448	0.37006	0.01578	0.03532	0.08466	0.11361	0.02053	0.02359	0.01653	0.06367	0.01120	0.00295	0.01266	0.00731	0.00603	0.01134
44	0.01487	0.01335	0.02439	0.02050	0.02402	0.01395	0.16859	0.01911	0.01641	0.02306	0.02441	0.08368	0.02294	0.04796	0.42708	0.01046	0.02008	0.01111	0.00500	0.00903
45	0.01301	0.00867	0.00976	0.00976	0.00976	0.00867	0.00542	0.01301	0.01301	0.01735	0.02819	0.05855	0.03253	0.68559	0.04554	0.00867	0.00867	0.01301	0.00542	0.00542
46	0.02025	0.01955	0.03421	0.18988	0.40464	0.02027	0.08088	0.02586	0.02019	0.02813	0.05488	0.02553	0.01800	0.00880	0.00915	0.00278	0.01096	0.00873	0.00467	0.01264
47	0.02324	0.02333	0.03525	0.05183	0.57143	0.08215	0.02647	0.02826	0.02085	0.02852	0.01654	0.02156	0.01391	0.00809	0.00878	0.00262	0.01116	0.00776	0.00445	0.01380
48	0.02269	0.02503	0.02711	0.40679	0.09596	0.22495	0.02259	0.02741	0.02052	0.02305	0.01530	0.02120	0.01197	0.00896	0.00865	0.00274	0.01319	0.00724	0.00422	0.01042
49	0.01551	0.01088	0.01246	0.01151	0.01472	0.00962	0.00839	0.04353	0.01977	0.07389	0.05504	0.18956	0.26030	0.11981	0.01528	0.00374	0.00606	0.01627	0.00772	0.10594
50	0.01934	0.01856	0.03187	0.04129	0.39029	0.01810	0.09882	0.02433	0.02050	0.02808	0.03219	0.04065	0.11917	0.01197	0.00971	0.00291	0.00998	0.06458	0.00545	0.01222
51	0.01351	0.00930	0.01297	0.01297	0.01456	0.01050	0.00991	0.01669	0.01510	0.02287	0.02519	0.03630	0.02311	0.09583	0.49300	0.01175	0.01934	0.00957	0.13963	0.00789
52	0.01226	0.00863	0.00971	0.00998	0.01063	0.00827	0.00607	0.01290	0.01498	0.01939	0.04301	0.14676	0.15019	0.47039	0.03426	0.00691	0.00741	0.01580	0.00636	0.00608
53	0.01120	0.00851	0.01040	0.01177	0.01332	0.00771	0.00850	0.01329	0.01864	0.02375	0.06309	0.41137	0.25051	0.02582	0.01124	0.00348	0.00532	0.08629	0.00830	0.00748
54	0.01972	0.02426	0.11793	0.19332	0.07427	0.10927	0.04965	0.02483	0.01838	0.02427	0.01703	0.02340	0.01401	0.01807	0.10284	0.00455	0.10527	0.00780	0.04063	0.01049
55	0.02051	0.01959	0.03336	0.24482	0.45266	0.02083	0.02664	0.02602	0.01960	0.02724	0.01654	0.02268	0.01347	0.00827	0.00888	0.00276	0.01103	0.00796	0.00429	0.01285
56	0.01381	0.00854	0.01059	0.01115	0.01252	0.00882	0.00803	0.01668	0.01671	0.02594	0.03315	0.20969	0.03330	0.08399	0.17996	0.00626	0.01000	0.01364	0.28950	0.00773
57	0.01463	0.00944	0.01108	0.01116	0.01383	0.00820	0.00817	0.01681	0.01995	0.10536	0.06883	0.28577	0.34774	0.02299	0.01066	0.00320	0.00517	0.01985	0.00868	0.00848
58	0.01418	0.01241	0.01876	0.07815	0.13826	0.01207	0.04265	0.01748	0.01915	0.02495	0.05065	0.25938	0.21109	0.01971	0.01046	0.00320	0.00728	0.04397	0.00699	0.00921
59	0.02854	0.03524	0.02255	0.02068	0.02464	0.49974	0.01557	0.03078	0.02367	0.02223	0.02571	0.05821	0.09591	0.01227	0.00969	0.00255	0.04837	0.00859	0.00525	0.00981
60	0.02385	0.02007	0.02822	0.23847	0.19598	0.02221	0.02166	0.22476	0.02713	0.03631	0.02278	0.02648	0.05217	0.01017	0.00903	0.00280	0.01040	0.00868	0.00610	0.01274
61	0.01875	0.02177	0.14414	0.15486	0.19154	0.01753	0.06784	0.02504	0.01923	0.02887	0.01992	0.02503	0.01549	0.00889	0.00824	0.00263	0.01000	0.00801	0.20079	0.01142
62	0.02397	0.13387	0.02827	0.02619	0.15874	0.19508	0.01726	0.06783	0.02130	0.02539	0.01776	0.02406	0.01587	0.06320	0.13831	0.00516	0.01446	0.00749	0.00484	0.01097
63	0.01097	0.00857	0.00996	0.01069	0.01260	0.00755	0.00761	0.01321	0.01974	0.02515	0.14333	0.31882	0.33149	0.02422	0.01091	0.00324	0.00475	0.02113	0.00851	0.00755
64	0.01561	0.01284	0.01538	0.11737	0.02251	0.01346	0.01157	0.09634	0.02168	0.02739	0.05680	0.06017	0.33309	0.10693	0.01566	0.00377	0.03922	0.01429	0.00710	0.00882
65	0.02243	0.01977	0.03177	0.18147	0.23843	0.02106	0.09895	0.05401	0.13936	0.06884	0.02204	0.02554	0.01674	0.00927	0.00917	0.00286	0.01059	0.00881	0.00587	0.01302
66	0.01994	0.02693	0.19144	0.16925	0.24604	0.05012	0.06131	0.02605	0.01912	0.02628	0.01627	0.02184	0.01289	0.01002	0.01074	0.05608	0.01191	0.00765	0.00414	0.01198
67	0.41608	0.06418	0.14009	0.01517	0.02150	0.01906	0.01497	0.02458	0.01631	0.03292	0.01680	0.02485	0.01468	0.01207	0.00964	0.07427	0.00855	0.05931	0.00518	0.00981
68	0.02052	0.02029	0.06510	0.12280	0.18039	0.02186	0.02104	0.05585	0.09827	0.02906	0.01933	0.02405	0.01567	0.01109	0.01402	0.00304	0.18289	0.00817	0.07470	0.01184
69	0.07947	0.02065	0.05474	0.16782	0.05986	0.05971	0.07362	0.12919	0.02208	0.03089	0.01828	0.02410	0.01476	0.02176	0.14627	0.00532	0.04705	0.00811	0.00528	0.01103

[dist]
# distance from previous block
# <min> <max>
0	256

[block]
# block no. 9 follows, 19 sequences, length 18
# corresponding to MSA columns:
# 828-845
name=unknown_J
#
# <colnr> <probs for GDERKNQSTAVLIFYWHMCP>
#	G	D	E	R	K	N	Q	S	T	A	V	L	I	F	Y	W	H	M	C	P
0	0.02411	0.06076	0.02419	0.02050	0.02333	0.29373	0.01620	0.02650	0.01944	0.02166	0.01893	0.02404	0.04499	0.02213	0.13033	0.00496	0.20226	0.00766	0.00460	0.00969
1	0.01555	0.01298	0.01413	0.01365	0.01723	0.01341	0.01074	0.02666	0.23850	0.03007	0.09366	0.06791	0.29018	0.01886	0.01030	0.00318	0.00601	0.09818	0.00867	0.01013
2	0.01360	0.01097	0.01628	0.25107	0.03008	0.01223	0.01370	0.01641	0.01644	0.02156	0.03210	0.29340	0.03558	0.17506	0.01850	0.00457	0.00848	0.01610	0.00604	0.00782
3	0.01907	0.01827	0.02564	0.14072	0.06177	0.07564	0.09801	0.05430	0.02093	0.02722	0.06892	0.11601	0.03017	0.01530	0.01241	0.00326	0.08505	0.11119	0.00609	0.01004
4	0.02068	0.01594	0.01593	0.01391	0.01636	0.06007	0.00969	0.18823	0.02248	0.02922	0.02518	0.04456	0.02591	0.43770	0.03204	0.00645	0.00955	0.01103	0.00641	0.00867
5	0.48203	0.01801	0.01575	0.01413	0.01949	0.02087	0.01133	0.03410	0.23493	0.03914	0.02125	0.02145	0.01616	0.00971	0.00685	0.00287	0.00698	0.00678	0.00685	0.01133
6	0.02411	0.06380	0.02128	0.01752	0.02168	0.25238	0.01356	0.08320	0.08940	0.03192	0.24131	0.03699	0.04032	0.01292	0.00904	0.00258	0.00981	0.01021	0.00738	0.01059
7	0.02427	0.02574	0.02026	0.01844	0.02278	0.24973	0.01405	0.03669	0.27651	0.03079	0.12090	0.03493	0.06179	0.01256	0.00902	0.00273	0.00983	0.00990	0.00753	0.01155
8	0.01149	0.00922	0.01033	0.01040	0.01310	0.00807	0.00803	0.01441	0.02155	0.02716	0.20880	0.08333	0.43692	0.02188	0.01077	0.00310	0.00488	0.08008	0.00865	0.00783
9	0.74878	0.01730	0.01315	0.01177	0.01730	0.02007	0.00969	0.02630	0.01523	0.04014	0.01246	0.01453	0.00969	0.00830	0.00554	0.00277	0.00692	0.00484	0.00554	0.00969
10	0.02445	0.02885	0.07928	0.01982	0.02442	0.28558	0.01650	0.09171	0.02261	0.02600	0.01863	0.02398	0.01590	0.03057	0.24395	0.00683	0.01802	0.00751	0.00509	0.01031
11	0.08031	0.02131	0.02149	0.01733	0.02356	0.13204	0.01396	0.10792	0.02692	0.38875	0.05489	0.02739	0.02140	0.01085	0.00868	0.00268	0.00925	0.00836	0.00923	0.01369
12	0.01057	0.00906	0.00906	0.00906	0.01208	0.00755	0.00680	0.01284	0.02039	0.02417	0.09063	0.08610	0.62615	0.02266	0.01057	0.00302	0.00453	0.01888	0.00831	0.00755
13	0.02155	0.02066	0.03525	0.12330	0.56600	0.02110	0.02716	0.02694	0.02009	0.02851	0.01672	0.02233	0.01392	0.00808	0.00887	0.00269	0.01077	0.00797	0.00438	0.01370
14	0.02892	0.18572	0.07202	0.05779	0.05547	0.28715	0.01869	0.13884	0.02581	0.02903	0.01535	0.01761	0.01234	0.00903	0.00781	0.00238	0.01277	0.00625	0.00515	0.01187
15	0.02760	0.01371	0.01765	0.01443	0.01930	0.01276	0.01155	0.09453	0.02733	0.31212	0.28808	0.04513	0.04822	0.01415	0.00966	0.00278	0.00640	0.01199	0.01031	0.01230
16	0.01496	0.01279	0.01625	0.07130	0.10728	0.01291	0.01208	0.02083	0.10413	0.02531	0.05307	0.05839	0.27804	0.15407	0.01716	0.00413	0.00725	0.01392	0.00691	0.00923
17	0.39431	0.05905	0.07857	0.01811	0.05605	0.08291	0.01506	0.10130	0.02109	0.07739	0.01583	0.01745	0.01189	0.00885	0.00692	0.00267	0.00917	0.00595	0.00593	0.01150

[dist]
# distance from previous block
# <min> <max>
8	17

[block]
# block no. 10 follows, 19 sequences, length 66
# corresponding to MSA columns:
# 864-929
name=unknown_K
#
# <colnr> <probs for GDERKNQSTAVLIFYWHMCP>
#	G	D	E	R	K	N	Q	S	T	A	V	L	I	F	Y	W	H	M	C	P
0	0.01870	0.10604	0.22942	0.03070	0.21471	0.02032	0.02388	0.02486	0.01816	0.02590	0.01780	0.02333	0.01492	0.02253	0.16482	0.00549	0.01460	0.00754	0.00423	0.01203
1	0.02467	0.03767	0.22230	0.14305	0.03866	0.29348	0.06097	0.03055	0.02165	0.02455	0.01519	0.01895	0.01167	0.00883	0.00853	0.00264	0.01437	0.00674	0.00422	0.01131
2	0.08915	0.18696	0.20227	0.01846	0.05283	0.02027	0.01835	0.02347	0.01941	0.02773	0.08854	0.03831	0.12013	0.01253	0.00834	0.00271	0.00899	0.04516	0.00560	0.01080
