[name]
unknown

[dist]
# distance from previous block
# <min> <max>
0	1

[block]
# block no. 0 follows, 22 sequences, length 99
# corresponding to MSA columns:
# 1-99
name=unknown_A
#
# <colnr> <probs for GDERKNQSTAVLIFYWHMCP>
#	G	D	E	R	K	N	Q	S	T	A	V	L	I	F	Y	W	H	M	C	P
0	0.01339	0.00956	0.01339	0.01530	0.01721	0.00956	0.01339	0.01721	0.01912	0.02486	0.04399	0.09371	0.04781	0.02295	0.01147	0.00382	0.00765	0.60031	0.00765	0.00765
1	0.01467	0.01154	0.01546	0.01386	0.01666	0.01249	0.01098	0.04562	0.01552	0.02316	0.01988	0.02751	0.01788	0.04100	0.40939	0.00883	0.07984	0.00782	0.04978	0.15811
2	0.30266	0.01458	0.01631	0.01317	0.01892	0.01435	0.01083	0.03345	0.02024	0.40416	0.05409	0.02446	0.01905	0.00966	0.00725	0.00257	0.00669	0.00726	0.00835	0.01196
3	0.02221	0.71304	0.04353	0.01421	0.02132	0.03287	0.01421	0.02488	0.01688	0.01955	0.01155	0.01333	0.01066	0.00711	0.00533	0.00178	0.00888	0.00444	0.00355	0.01066
4	0.01920	0.01835	0.03126	0.22880	0.48905	0.01938	0.02482	0.02430	0.01827	0.02549	0.01539	0.02100	0.01258	0.00765	0.00825	0.00255	0.01021	0.00740	0.00399	0.01206
5	0.01004	0.00756	0.00930	0.01069	0.01182	0.00682	0.00732	0.01167	0.01675	0.02155	0.05650	0.52884	0.22181	0.02463	0.01038	0.00322	0.00465	0.02192	0.00771	0.00682
6	0.02145	0.01818	0.02478	0.27375	0.03717	0.04771	0.08256	0.19927	0.02392	0.03242	0.01812	0.02226	0.01358	0.00877	0.00800	0.00249	0.00981	0.00754	0.10921	0.03899
7	0.01033	0.00844	0.00912	0.00895	0.01153	0.00723	0.00671	0.01291	0.02014	0.02530	0.23317	0.07525	0.50206	0.01997	0.00981	0.00275	0.00413	0.01687	0.00809	0.00723
8	0.03508	0.01489	0.01958	0.01520	0.02136	0.01369	0.01252	0.10788	0.02494	0.55182	0.03064	0.02756	0.01982	0.01338	0.04848	0.00321	0.00823	0.00828	0.00970	0.01373
9	0.01549	0.00774	0.00774	0.00774	0.00968	0.00774	0.00581	0.01936	0.01742	0.03097	0.02710	0.03097	0.02129	0.00968	0.00581	0.00194	0.00387	0.00774	0.75416	0.00774
10	0.01225	0.00946	0.01408	0.01386	0.01525	0.01129	0.01085	0.01515	0.01331	0.01933	0.02157	0.03177	0.02017	0.05943	0.63613	0.01277	0.06262	0.00880	0.00440	0.00752
11	0.76672	0.01607	0.01221	0.01092	0.01607	0.01864	0.00900	0.02442	0.01414	0.03727	0.01157	0.01350	0.00900	0.00771	0.00514	0.00257	0.00643	0.00450	0.00514	0.00900
12	0.02180	0.66370	0.08930	0.01491	0.02240	0.03187	0.01543	0.02498	0.01693	0.02004	0.01180	0.01364	0.01065	0.00717	0.00552	0.00184	0.00913	0.00457	0.00355	0.01078
13	0.02219	0.02322	0.03088	0.10452	0.47516	0.14967	0.02339	0.02662	0.01962	0.02524	0.01499	0.01960	0.01248	0.00772	0.00809	0.00243	0.01100	0.00699	0.00411	0.01209
14	0.02279	0.02427	0.03056	0.09060	0.45646	0.18132	0.02299	0.02708	0.01989	0.02502	0.01488	0.01930	0.01240	0.00775	0.00805	0.00241	0.01122	0.00689	0.00412	0.01200
15	0.00988	0.00818	0.00866	0.00904	0.01139	0.00696	0.00659	0.01185	0.01833	0.02220	0.07654	0.20359	0.53412	0.02203	0.00997	0.00292	0.00433	0.01874	0.00771	0.00696
16	0.01238	0.00945	0.01168	0.01143	0.01377	0.00814	0.00794	0.01425	0.01574	0.02214	0.03441	0.42146	0.03961	0.11504	0.01375	0.00342	0.00564	0.01680	0.00656	0.21641
17	0.14420	0.02126	0.02327	0.15161	0.06158	0.06196	0.01665	0.34738	0.02875	0.04065	0.01696	0.01909	0.01246	0.00907	0.00775	0.00254	0.00948	0.00686	0.00645	0.01203
18	0.02315	0.02464	0.03121	0.04369	0.50057	0.18141	0.02316	0.02739	0.02006	0.02546	0.01494	0.01918	0.01255	0.00769	0.00804	0.00239	0.01113	0.00690	0.00415	0.01229
19	0.01154	0.00782	0.01002	0.01121	0.01241	0.00712	0.00774	0.01329	0.01713	0.05461	0.08069	0.54540	0.14196	0.02405	0.01033	0.00321	0.00480	0.02152	0.00791	0.00722
20	0.02168	0.02942	0.18753	0.03837	0.37790	0.14968	0.02490	0.02722	0.01949	0.02558	0.01490	0.01871	0.01202	0.00775	0.00800	0.00244	0.01148	0.00668	0.00400	0.01224
21	0.01456	0.01209	0.01485	0.01432	0.01634	0.06030	0.01115	0.05608	0.01577	0.02151	0.02141	0.03051	0.01960	0.05495	0.58261	0.01182	0.02086	0.00855	0.00469	0.00802
22	0.01208	0.00805	0.00906	0.00906	0.00906	0.00805	0.00503	0.01208	0.01208	0.01611	0.02618	0.05436	0.03020	0.70804	0.04228	0.00805	0.00805	0.01208	0.00503	0.00503
23	0.01199	0.00802	0.00909	0.00917	0.00920	0.00799	0.00515	0.01206	0.01225	0.01634	0.02706	0.08372	0.03132	0.67716	0.04085	0.00784	0.00791	0.01260	0.00515	0.00511
24	0.02104	0.02182	0.05707	0.04817	0.59472	0.05915	0.02512	0.02599	0.01914	0.02670	0.01543	0.02011	0.01291	0.00749	0.00817	0.00245	0.01027	0.00723	0.00410	0.01291
25	0.01706	0.20153	0.38175	0.01872	0.02767	0.02037	0.02209	0.02384	0.01856	0.02603	0.14056	0.02534	0.02403	0.00950	0.00764	0.00242	0.00978	0.00748	0.00464	0.01100
26	0.02221	0.71304	0.04353	0.01421	0.02132	0.03287	0.01421	0.02488	0.01688	0.01955	0.01155	0.01333	0.01066	0.00711	0.00533	0.00178	0.00888	0.00444	0.00355	0.01066
27	0.01147	0.00804	0.01022	0.01081	0.01157	0.00787	0.00732	0.01315	0.01606	0.02188	0.15732	0.25901	0.04786	0.26914	0.07069	0.00565	0.00724	0.05144	0.00680	0.00646
28	0.01187	0.00890	0.01335	0.01335	0.01483	0.01038	0.01038	0.01483	0.01335	0.01928	0.02225	0.03264	0.02077	0.06231	0.67512	0.01335	0.02225	0.00890	0.00445	0.00742
29	0.01776	0.17603	0.54159	0.02180	0.03305	0.02199	0.02742	0.02602	0.01741	0.02497	0.01424	0.01670	0.01055	0.00774	0.00738	0.00246	0.01160	0.00580	0.00352	0.01196
30	0.01005	0.00752	0.00934	0.01079	0.01184	0.00681	0.00737	0.01165	0.01665	0.02151	0.05526	0.54892	0.20254	0.02480	0.01041	0.00323	0.00467	0.02211	0.00771	0.00681
31	0.02709	0.02176	0.02388	0.01922	0.02397	0.05730	0.01577	0.42175	0.03071	0.04130	0.01803	0.02053	0.01394	0.01568	0.07416	0.00371	0.14462	0.00746	0.00683	0.01229
32	0.02221	0.71304	0.04353	0.01421	0.02132	0.03287	0.01421	0.02488	0.01688	0.01955	0.01155	0.01333	0.01066	0.00711	0.00533	0.00178	0.00888	0.00444	0.00355	0.01066
33	0.01137	0.00848	0.01057	0.01005	0.01217	0.00767	0.00754	0.01493	0.02261	0.03115	0.53911	0.06561	0.19246	0.01779	0.00980	0.00265	0.00398	0.01552	0.00886	0.00767
34	0.02056	0.01974	0.03372	0.05099	0.65622	0.01974	0.02550	0.02550	0.01892	0.02714	0.01563	0.02056	0.01316	0.00740	0.00822	0.00247	0.00987	0.00740	0.00411	0.01316
35	0.01012	0.00723	0.00964	0.01157	0.01205	0.00675	0.00771	0.01157	0.01591	0.02121	0.04579	0.70262	0.05495	0.02603	0.01060	0.00337	0.00482	0.02362	0.00771	0.00675
36	0.09329	0.52145	0.03685	0.01526	0.02165	0.15220	0.01407	0.02639	0.01788	0.02135	0.01179	0.01365	0.01051	0.00744	0.00572	0.00192	0.00980	0.00462	0.00384	0.01031
37	0.01666	0.04297	0.66500	0.02368	0.03596	0.01929	0.03069	0.02631	0.01754	0.02631	0.01491	0.01754	0.01052	0.00789	0.00789	0.00263	0.01228	0.00614	0.00351	0.01228
38	0.01666	0.01576	0.02668	0.56073	0.17696	0.01871	0.02356	0.02208	0.01707	0.02241	0.01494	0.02183	0.01149	0.00812	0.00829	0.00271	0.01083	0.00739	0.00378	0.01001
39	0.00982	0.00842	0.00842	0.00842	0.01122	0.00701	0.00631	0.01192	0.01894	0.02244	0.08416	0.07995	0.65285	0.02104	0.00982	0.00281	0.00421	0.01753	0.00771	0.00701
40	0.02838	0.07943	0.02686	0.02681	0.15061	0.50291	0.01781	0.03111	0.02219	0.02163	0.01331	0.01598	0.01119	0.00824	0.00750	0.00218	0.01357	0.00570	0.00420	0.01040
41	0.01842	0.01688	0.01823	0.02020	0.11141	0.09489	0.01319	0.07155	0.16895	0.02818	0.06075	0.24867	0.06250	0.01578	0.00911	0.00283	0.00748	0.01372	0.00705	0.01019
42	0.01005	0.00752	0.00934	0.01079	0.01184	0.00681	0.00737	0.01165	0.01665	0.02151	0.05526	0.54892	0.20254	0.02480	0.01041	0.00323	0.00467	0.02211	0.00771	0.00681
43	0.01705	0.01661	0.02438	0.59531	0.05254	0.06128	0.02188	0.02369	0.06306	0.02216	0.01604	0.02233	0.01210	0.00854	0.00826	0.00273	0.01100	0.00740	0.00408	0.00954
44	0.01062	0.00845	0.00953	0.00926	0.01171	0.00735	0.00694	0.01348	0.02083	0.02694	0.31903	0.07255	0.41518	0.01936	0.00981	0.00273	0.00409	0.01649	0.00831	0.00735
45	0.02744	0.03362	0.02407	0.02152	0.02460	0.49349	0.01664	0.02949	0.02052	0.02024	0.01230	0.01587	0.01076	0.01023	0.01301	0.00256	0.20416	0.00589	0.00410	0.00948
46	0.01012	0.00723	0.00964	0.01157	0.01205	0.00675	0.00771	0.01157	0.01591	0.02121	0.04579	0.70262	0.05495	0.02603	0.01060	0.00337	0.00482	0.02362	0.00771	0.00675
47	0.02077	0.02039	0.03657	0.07398	0.43988	0.02036	0.17305	0.06188	0.02019	0.02826	0.01614	0.02105	0.01299	0.00750	0.00862	0.00256	0.01090	0.00800	0.00437	0.01256
48	0.01187	0.00890	0.01335	0.01335	0.01483	0.01038	0.01038	0.01483	0.01335	0.01928	0.02225	0.03264	0.02077	0.06231	0.67512	0.01335	0.02225	0.00890	0.00445	0.00742
49	0.01373	0.01828	0.17293	0.01412	0.01921	0.01224	0.01385	0.02134	0.10657	0.02915	0.27145	0.05109	0.19340	0.01493	0.00915	0.00269	0.00642	0.01266	0.00731	0.00947
50	0.01220	0.00827	0.01019	0.01019	0.01070	0.00869	0.00656	0.01322	0.01271	0.01775	0.02513	0.04713	0.02713	0.49298	0.21635	0.00922	0.01179	0.01098	0.04301	0.00583
51	0.01218	0.00937	0.01396	0.01378	0.01519	0.01114	0.01078	0.01509	0.01332	0.01932	0.02168	0.03191	0.02027	0.05991	0.64257	0.01286	0.05594	0.00882	0.00441	0.00750
52	0.02910	0.18701	0.02792	0.01983	0.02473	0.53420	0.01565	0.03136	0.02208	0.02016	0.01256	0.01462	0.01069	0.00824	0.00702	0.00206	0.01365	0.00515	0.00412	0.00986
53	0.07743	0.03575	0.02293	0.08289	0.02800	0.57085	0.01625	0.03149	0.02228	0.02152	0.01294	0.01555	0.01062	0.00848	0.00741	0.00223	0.01406	0.00548	0.00428	0.00955
54	0.01933	0.01601	0.01836	0.01330	0.02058	0.01323	0.01072	0.10995	0.02043	0.03078	0.01552	0.01762	0.01257	0.00671	0.00647	0.00142	0.00659	0.00530	0.00542	0.64971
55	0.00988	0.00816	0.00868	0.00911	0.01140	0.00696	0.00662	0.01184	0.01827	0.02217	0.07576	0.21625	0.52197	0.02213	0.00999	0.00293	0.00434	0.01886	0.00771	0.00696
56	0.03050	0.02058	0.02278	0.01786	0.02398	0.02223	0.01460	0.47105	0.06501	0.14120	0.02424	0.06612	0.01830	0.01113	0.00847	0.00258	0.00842	0.00875	0.00858	0.01360
57	0.01801	0.20573	0.51404	0.02138	0.03240	0.02259	0.02669	0.02596	0.01738	0.02467	0.01409	0.01652	0.01056	0.00770	0.00727	0.00242	0.01145	0.00573	0.00352	0.01188
58	0.01187	0.00890	0.01335	0.01335	0.01483	0.01038	0.01038	0.01483	0.01335	0.01928	0.02225	0.03264	0.02077	0.06231	0.67512	0.01335	0.02225	0.00890	0.00445	0.00742
59	0.01200	0.00802	0.00908	0.00916	0.00918	0.00800	0.00514	0.01206	0.01223	0.01631	0.02694	0.07979	0.03117	0.68129	0.04104	0.00787	0.00793	0.01253	0.00514	0.00510
60	0.02056	0.01974	0.03372	0.05099	0.65622	0.01974	0.02550	0.02550	0.01892	0.02714	0.01563	0.02056	0.01316	0.00740	0.00822	0.00247	0.00987	0.00740	0.00411	0.01316
61	0.03103	0.03959	0.02354	0.02140	0.02568	0.67469	0.01605	0.03317	0.02354	0.02033	0.01284	0.01498	0.01070	0.00856	0.00749	0.00214	0.01498	0.00535	0.00428	0.00963
62	0.01666	0.04297	0.66500	0.02368	0.03596	0.01929	0.03069	0.02631	0.01754	0.02631	0.01491	0.01754	0.01052	0.00789	0.00789	0.00263	0.01228	0.00614	0.00351	0.01228
63	0.22655	0.10219	0.42093	0.01918	0.02895	0.02046	0.02300	0.02564	0.01652	0.02870	0.01364	0.01599	0.01011	0.00776	0.00687	0.00253	0.01031	0.00551	0.00397	0.01120
64	0.03123	0.03363	0.02405	0.02057	0.02571	0.43754	0.01596	0.25075	0.02921	0.03204	0.01544	0.01680	0.01195	0.00908	0.00779	0.00227	0.01285	0.00613	0.00575	0.01127
65	0.19773	0.01021	0.01092	0.01152	0.01357	0.01053	0.00819	0.01654	0.04255	0.02568	0.03447	0.43833	0.03921	0.06116	0.01090	0.00335	0.00554	0.01688	0.00684	0.03588
66	0.01539	0.01130	0.01330	0.01314	0.01536	0.01147	0.00958	0.16390	0.02190	0.02901	0.04299	0.47604	0.10062	0.02160	0.00996	0.00310	0.00583	0.01907	0.00786	0.00859
67	0.02649	0.02086	0.02142	0.01692	0.02286	0.05443	0.01373	0.42233	0.06304	0.04311	0.02919	0.02878	0.10793	0.01123	0.00830	0.00242	0.00831	0.00870	0.00771	0.08225
68	0.01666	0.04297	0.66500	0.02368	0.03596	0.01929	0.03069	0.02631	0.01754	0.02631	0.01491	0.01754	0.01052	0.00789	0.00789	0.00263	0.01228	0.00614	0.00351	0.01228
69	0.01796	0.01708	0.02902	0.39136	0.33620	0.01905	0.02420	0.02321	0.01768	0.02398	0.01517	0.02141	0.01205	0.00788	0.00827	0.00263	0.01051	0.00739	0.00389	0.01106
70	0.03344	0.01839	0.02176	0.01663	0.02322	0.01839	0.01372	0.31043	0.03043	0.34268	0.02578	0.02377	0.01710	0.00989	0.00820	0.00245	0.00797	0.00774	0.00905	0.05896
71	0.01061	0.00743	0.00950	0.01095	0.01131	0.00707	0.00705	0.01169	0.01496	0.01995	0.04095	0.54260	0.04884	0.19438	0.01842	0.00453	0.00562	0.02077	0.00705	0.00632
72	0.00982	0.00842	0.00842	0.00842	0.01122	0.00701	0.00631	0.01192	0.01894	0.02244	0.08416	0.07995	0.65285	0.02104	0.00982	0.00281	0.00421	0.01753	0.00771	0.00701
73	0.01221	0.00879	0.01283	0.01283	0.01435	0.01014	0.00996	0.01526	0.01373	0.02037	0.02270	0.03248	0.02082	0.05740	0.61271	0.01229	0.02054	0.00879	0.07436	0.00745
74	0.00982	0.00842	0.00842	0.00842	0.01122	0.00701	0.00631	0.01192	0.01894	0.02244	0.08416	0.07995	0.65285	0.02104	0.00982	0.00281	0.00421	0.01753	0.00771	0.00701
75	0.01187	0.00890	0.01335	0.01335	0.01483	0.01038	0.01038	0.01483	0.01335	0.01928	0.02225	0.03264	0.02077	0.06231	0.67512	0.01335	0.02225	0.00890	0.00445	0.00742
76	0.01208	0.00805	0.00906	0.00906	0.00906	0.00805	0.00503	0.01208	0.01208	0.01611	0.02618	0.05436	0.03020	0.70804	0.04228	0.00805	0.00805	0.01208	0.00503	0.00503
77	0.01012	0.00723	0.00964	0.01157	0.01205	0.00675	0.00771	0.01157	0.01591	0.02121	0.04579	0.70262	0.05495	0.02603	0.01060	0.00337	0.00482	0.02362	0.00771	0.00675
78	0.01679	0.01143	0.01409	0.01293	0.01557	0.01270	0.01018	0.13796	0.01959	0.02911	0.02315	0.02965	0.01960	0.03723	0.35591	0.00801	0.01452	0.00830	0.21445	0.00884
79	0.01540	0.01128	0.01332	0.01320	0.01537	0.01146	0.00960	0.16389	0.02184	0.02899	0.04223	0.48825	0.08890	0.02170	0.00998	0.00311	0.00584	0.01919	0.00786	0.00859
80	0.02754	0.03891	0.18202	0.02175	0.02823	0.45240	0.01964	0.08699	0.02351	0.02479	0.01401	0.01608	0.01098	0.00853	0.00767	0.00229	0.01377	0.00574	0.00447	0.01070
81	0.02981	0.13296	0.02631	0.02041	0.02508	0.58571	0.01580	0.03202	0.02262	0.02022	0.01266	0.01475	0.01070	0.00836	0.00719	0.00209	0.01414	0.00522	0.00418	0.00977
82	0.01006	0.00747	0.00940	0.01094	0.01188	0.00680	0.00743	0.01164	0.01651	0.02145	0.05341	0.57898	0.17367	0.02504	0.01045	0.00326	0.00470	0.02241	0.00771	0.00680
83	0.01828	0.23851	0.48365	0.02092	0.03169	0.02326	0.02588	0.02589	0.01735	0.02434	0.01393	0.01631	0.01056	0.00766	0.00714	0.00238	0.01129	0.00564	0.00352	0.01181
84	0.01584	0.03819	0.57414	0.02169	0.03260	0.01764	0.02741	0.02456	0.01803	0.02648	0.06141	0.02503	0.06223	0.00945	0.00816	0.00264	0.01114	0.00756	0.00418	0.01160
85	0.01187	0.00890	0.01335	0.01335	0.01483	0.01038	0.01038	0.01483	0.01335	0.01928	0.02225	0.03264	0.02077	0.06231	0.67512	0.01335	0.02225	0.00890	0.00445	0.00742
86	0.01920	0.01835	0.03126	0.22880	0.48905	0.01938	0.02482	0.02430	0.01827	0.02549	0.01539	0.02100	0.01258	0.00765	0.00825	0.00255	0.01021	0.00740	0.00399	0.01206
87	0.03006	0.03775	0.02449	0.02415	0.08428	0.61382	0.01693	0.03246	0.02311	0.02096	0.01310	0.01550	0.01093	0.00845	0.00756	0.00217	0.01451	0.00554	0.00426	0.00996
88	0.01666	0.04297	0.66500	0.02368	0.03596	0.01929	0.03069	0.02631	0.01754	0.02631	0.01491	0.01754	0.01052	0.00789	0.00789	0.00263	0.01228	0.00614	0.00351	0.01228
89	0.02056	0.01974	0.03372	0.05099	0.65622	0.01974	0.02550	0.02550	0.01892	0.02714	0.01563	0.02056	0.01316	0.00740	0.00822	0.00247	0.00987	0.00740	0.00411	0.01316
90	0.01720	0.03975	0.57748	0.02746	0.12195	0.01935	0.02997	0.02620	0.01773	0.02642	0.01501	0.01796	0.01089	0.00782	0.00794	0.00261	0.01194	0.00631	0.00359	0.01240
91	0.01538	0.01378	0.01527	0.01472	0.01681	0.10316	0.01141	0.04413	0.01588	0.02087	0.02085	0.02964	0.01908	0.05257	0.55349	0.01132	0.02067	0.00835	0.00460	0.00802
92	0.01018	0.00813	0.00916	0.00991	0.01192	0.00712	0.00727	0.01220	0.01800	0.02223	0.06923	0.27515	0.42184	0.02274	0.01019	0.00306	0.00465	0.06234	0.00771	0.00698
93	0.01012	0.00723	0.00964	0.01157	0.01205	0.00675	0.00771	0.01157	0.01591	0.02121	0.04579	0.70262	0.05495	0.02603	0.01060	0.00337	0.00482	0.02362	0.00771	0.00675
94	0.02961	0.03586	0.02504	0.02537	0.11311	0.54483	0.01735	0.06794	0.02383	0.02320	0.01365	0.01605	0.01125	0.00849	0.00764	0.00221	0.01392	0.00576	0.00450	0.01039
95	0.01569	0.01477	0.02492	0.68808	0.05722	0.01846	0.02307	0.02123	0.01661	0.02123	0.01477	0.02215	0.01107	0.00831	0.00831	0.00277	0.01107	0.00738	0.00369	0.00923
96	0.01294	0.00844	0.01189	0.01189	0.01325	0.00942	0.00904	0.01518	0.01381	0.02093	0.02213	0.03128	0.01999	0.04722	0.45311	0.11437	0.01652	0.00844	0.15321	0.00695
97	0.01915	0.01802	0.02908	0.23218	0.39344	0.01949	0.02308	0.02683	0.10452	0.02647	0.01790	0.02247	0.01424	0.00820	0.00828	0.00260	0.00976	0.00767	0.00459	0.01201
98	0.02010	0.45787	0.28020	0.01782	0.02689	0.02770	0.02049	0.02542	0.01713	0.02212	0.01283	0.01493	0.01061	0.00741	0.00631	0.00210	0.01018	0.00509	0.00354	0.01128

[dist]
# distance from previous block
# <min> <max>
0	1

[block]
# block no. 1 follows, 22 sequences, length 28
# corresponding to MSA columns:
# 101-128
name=unknown_B
#
# <colnr> <probs for GDERKNQSTAVLIFYWHMCP>
#	G	D	E	R	K	N	Q	S	T	A	V	L	I	F	Y	W	H	M	C	P
0	0.02685	0.01890	0.02066	0.01642	0.02182	0.02050	0.01335	0.42407	0.06216	0.07509	0.11388	0.02807	0.02502	0.01104	0.00829	0.00247	0.00764	0.00873	0.08249	0.01253
1	0.16730	0.01062	0.01129	0.01142	0.01411	0.01075	0.00857	0.01860	0.06508	0.05646	0.07402	0.27864	0.17712	0.01871	0.00904	0.00299	0.00535	0.04430	0.00743	0.00820
2	0.03103	0.03959	0.02354	0.02140	0.02568	0.67469	0.01605	0.03317	0.02354	0.02033	0.01284	0.01498	0.01070	0.00856	0.00749	0.00214	0.01498	0.00535	0.00428	0.00963
3	0.02068	0.52769	0.21544	0.01683	0.02537	0.02912	0.01877	0.02527	0.01706	0.02142	0.01248	0.01449	0.01062	0.00732	0.00604	0.00201	0.00982	0.00491	0.00354	0.01111
4	0.01666	0.04297	0.66500	0.02368	0.03596	0.01929	0.03069	0.02631	0.01754	0.02631	0.01491	0.01754	0.01052	0.00789	0.00789	0.00263	0.01228	0.00614	0.00351	0.01228
5	0.02853	0.03472	0.02334	0.02096	0.02468	0.53292	0.01603	0.05733	0.02240	0.02167	0.01338	0.01646	0.01137	0.01199	0.04258	0.00289	0.09885	0.00586	0.00439	0.00966
6	0.01827	0.23704	0.48501	0.02094	0.03172	0.02323	0.02592	0.02589	0.01735	0.02435	0.01394	0.01632	0.01056	0.00767	0.00715	0.00238	0.01129	0.00565	0.00352	0.01181
7	0.01797	0.20089	0.51854	0.02145	0.03251	0.02249	0.02681	0.02597	0.01738	0.02471	0.01412	0.01655	0.01056	0.00771	0.00729	0.00243	0.01148	0.00574	0.00352	0.01190
8	0.01429	0.00785	0.00821	0.00821	0.00946	0.00785	0.00554	0.01680	0.01555	0.02575	0.02678	0.03919	0.02442	0.25489	0.01861	0.00408	0.00534	0.00927	0.49113	0.00679
9	0.00986	0.00824	0.00859	0.00887	0.01134	0.00697	0.00652	0.01187	0.01849	0.02226	0.07857	0.17058	0.56582	0.02177	0.00993	0.00289	0.00430	0.01842	0.00771	0.00697
10	0.01035	0.00833	0.00857	0.00857	0.01071	0.00726	0.00601	0.01196	0.01732	0.02095	0.07049	0.07392	0.50611	0.18294	0.01747	0.00404	0.00511	0.01625	0.00708	0.00655
11	0.01019	0.00843	0.00893	0.00881	0.01145	0.00717	0.00661	0.01265	0.01982	0.02454	0.19374	0.07650	0.54196	0.02026	0.00981	0.00277	0.00415	0.01705	0.00799	0.00717
12	0.01216	0.00881	0.01290	0.01290	0.01442	0.01017	0.01001	0.01520	0.01368	0.02023	0.02265	0.03250	0.02081	0.05803	0.62072	0.01242	0.02076	0.00881	0.06539	0.00744
13	0.02788	0.01245	0.01644	0.01392	0.01852	0.01133	0.01095	0.03237	0.07209	0.41958	0.07572	0.18959	0.03277	0.01450	0.00899	0.00278	0.00630	0.01246	0.00945	0.01191
14	0.01187	0.00890	0.01335	0.01335	0.01483	0.01038	0.01038	0.01483	0.01335	0.01928	0.02225	0.03264	0.02077	0.06231	0.67512	0.01335	0.02225	0.00890	0.00445	0.00742
15	0.03103	0.03959	0.02354	0.02140	0.02568	0.67469	0.01605	0.03317	0.02354	0.02033	0.01284	0.01498	0.01070	0.00856	0.00749	0.00214	0.01498	0.00535	0.00428	0.00963
16	0.01006	0.00747	0.00939	0.01092	0.01188	0.00680	0.00742	0.01164	0.01653	0.02146	0.05367	0.57463	0.17785	0.02500	0.01044	0.00326	0.00469	0.02237	0.00771	0.00680
17	0.01904	0.23073	0.32575	0.01855	0.02727	0.02221	0.02110	0.08406	0.02035	0.02795	0.10714	0.02303	0.02080	0.00919	0.00747	0.00237	0.00976	0.00707	0.00482	0.01135
18	0.02221	0.71304	0.04353	0.01421	0.02132	0.03287	0.01421	0.02488	0.01688	0.01955	0.01155	0.01333	0.01066	0.00711	0.00533	0.00178	0.00888	0.00444	0.00355	0.01066
19	0.03103	0.03959	0.02354	0.02140	0.02568	0.67469	0.01605	0.03317	0.02354	0.02033	0.01284	0.01498	0.01070	0.00856	0.00749	0.00214	0.01498	0.00535	0.00428	0.00963
20	0.01087	0.00818	0.01012	0.01065	0.01239	0.00743	0.00787	0.01354	0.01957	0.02592	0.25891	0.26265	0.22759	0.02135	0.01019	0.00300	0.00460	0.06970	0.00819	0.00727
21	0.03103	0.03959	0.02354	0.02140	0.02568	0.67469	0.01605	0.03317	0.02354	0.02033	0.01284	0.01498	0.01070	0.00856	0.00749	0.00214	0.01498	0.00535	0.00428	0.00963
22	0.01666	0.04297	0.66500	0.02368	0.03596	0.01929	0.03069	0.02631	0.01754	0.02631	0.01491	0.01754	0.01052	0.00789	0.00789	0.00263	0.01228	0.00614	0.00351	0.01228
23	0.00988	0.00817	0.00867	0.00906	0.01139	0.00696	0.00660	0.01185	0.01831	0.02219	0.07627	0.20794	0.52995	0.02206	0.00998	0.00292	0.00433	0.01878	0.00771	0.00696
24	0.02056	0.01974	0.03372	0.05099	0.65622	0.01974	0.02550	0.02550	0.01892	0.02714	0.01563	0.02056	0.01316	0.00740	0.00822	0.00247	0.00987	0.00740	0.00411	0.01316
25	0.03103	0.03959	0.02354	0.02140	0.02568	0.67469	0.01605	0.03317	0.02354	0.02033	0.01284	0.01498	0.01070	0.00856	0.00749	0.00214	0.01498	0.00535	0.00428	0.00963
26	0.00982	0.00842	0.00842	0.00842	0.01122	0.00701	0.00631	0.01192	0.01894	0.02244	0.08416	0.07995	0.65285	0.02104	0.00982	0.00281	0.00421	0.01753	0.00771	0.00701
27	0.02056	0.01974	0.03372	0.05099	0.65622	0.01974	0.02550	0.02550	0.01892	0.02714	0.01563	0.02056	0.01316	0.00740	0.00822	0.00247	0.00987	0.00740	0.00411	0.01316

[dist]
# distance from previous block
# <min> <max>
0	4

[block]
# block no. 2 follows, 22 sequences, length 28
# corresponding to MSA columns:
# 133-160
name=unknown_C
#
# <colnr> <probs for GDERKNQSTAVLIFYWHMCP>
#	G	D	E	R	K	N	Q	S	T	A	V	L	I	F	Y	W	H	M	C	P
0	0.02056	0.01974	0.03372	0.05099	0.65622	0.01974	0.02550	0.02550	0.01892	0.02714	0.01563	0.02056	0.01316	0.00740	0.00822	0.00247	0.00987	0.00740	0.00411	0.01316
1	0.00982	0.00842	0.00842	0.00842	0.01122	0.00701	0.00631	0.01192	0.01894	0.02244	0.08416	0.07995	0.65285	0.02104	0.00982	0.00281	0.00421	0.01753	0.00771	0.00701
2	0.02056	0.01974	0.03372	0.05099	0.65622	0.01974	0.02550	0.02550	0.01892	0.02714	0.01563	0.02056	0.01316	0.00740	0.00822	0.00247	0.00987	0.00740	0.00411	0.01316
3	0.03345	0.02028	0.02308	0.01769	0.02427	0.02132	0.01462	0.43573	0.03405	0.25223	0.02415	0.02268	0.01624	0.01007	0.00832	0.00252	0.00846	0.00777	0.00896	0.01413
4	0.02221	0.71304	0.04353	0.01421	0.02132	0.03287	0.01421	0.02488	0.01688	0.01955	0.01155	0.01333	0.01066	0.00711	0.00533	0.00178	0.00888	0.00444	0.00355	0.01066
5	0.01208	0.00805	0.00906	0.00906	0.00906	0.00805	0.00503	0.01208	0.01208	0.01611	0.02618	0.05436	0.03020	0.70804	0.04228	0.00805	0.00805	0.01208	0.00503	0.00503
6	0.03155	0.02429	0.02484	0.01926	0.02576	0.06629	0.01581	0.59134	0.03809	0.05036	0.01950	0.01964	0.01391	0.00988	0.00826	0.00247	0.00951	0.00735	0.00806	0.01385
7	0.02045	0.01856	0.02449	0.02067	0.02212	0.02445	0.01714	0.14285	0.01810	0.02650	0.01353	0.01955	0.01225	0.01697	0.06894	0.00409	0.50729	0.00743	0.00464	0.00999
8	0.03103	0.03959	0.02354	0.02140	0.02568	0.67469	0.01605	0.03317	0.02354	0.02033	0.01284	0.01498	0.01070	0.00856	0.00749	0.00214	0.01498	0.00535	0.00428	0.00963
9	0.02664	0.02239	0.02103	0.01707	0.02250	0.11870	0.01371	0.40165	0.03224	0.04088	0.03323	0.03261	0.15633	0.01223	0.00852	0.00251	0.00891	0.00941	0.00757	0.01187
10	0.01222	0.00927	0.01326	0.01337	0.01453	0.01073	0.01021	0.01480	0.01409	0.02042	0.02680	0.18099	0.02758	0.04717	0.43380	0.00965	0.07530	0.01198	0.04638	0.00743
11	0.02056	0.01974	0.03372	0.05099	0.65622	0.01974	0.02550	0.02550	0.01892	0.02714	0.01563	0.02056	0.01316	0.00740	0.00822	0.00247	0.00987	0.00740	0.00411	0.01316
12	0.02933	0.02325	0.02360	0.01882	0.02491	0.06758	0.01527	0.47088	0.15996	0.04668	0.02228	0.02185	0.01618	0.01014	0.00829	0.00254	0.00901	0.00773	0.00807	0.01363
13	0.01283	0.01284	0.01056	0.01026	0.01327	0.10172	0.00769	0.01494	0.01959	0.02214	0.07404	0.07073	0.56176	0.01927	0.00949	0.00271	0.00574	0.01580	0.00723	0.00738
14	0.02056	0.01974	0.03372	0.05099	0.65622	0.01974	0.02550	0.02550	0.01892	0.02714	0.01563	0.02056	0.01316	0.00740	0.00822	0.00247	0.00987	0.00740	0.00411	0.01316
15	0.00982	0.00842	0.00842	0.00842	0.01122	0.00701	0.00631	0.01192	0.01894	0.02244	0.08416	0.07995	0.65285	0.02104	0.00982	0.00281	0.00421	0.01753	0.00771	0.00701
16	0.01012	0.00723	0.00964	0.01157	0.01205	0.00675	0.00771	0.01157	0.01591	0.02121	0.04579	0.70262	0.05495	0.02603	0.01060	0.00337	0.00482	0.02362	0.00771	0.00675
17	0.03158	0.02327	0.02493	0.01911	0.02576	0.02576	0.01579	0.62852	0.03906	0.05236	0.01995	0.01995	0.01413	0.00997	0.00831	0.00249	0.00914	0.00748	0.00831	0.01413
18	0.01096	0.00779	0.01009	0.01085	0.01180	0.00730	0.00742	0.01311	0.01815	0.02491	0.26097	0.39046	0.06023	0.10915	0.01433	0.00369	0.00491	0.01907	0.00789	0.00692
19	0.01723	0.01477	0.01723	0.01230	0.01969	0.01107	0.00984	0.02092	0.01723	0.02707	0.01477	0.01723	0.01230	0.00615	0.00615	0.00123	0.00615	0.00492	0.00492	0.75883
20	0.00985	0.00827	0.00856	0.00879	0.01132	0.00698	0.00648	0.01188	0.01858	0.02230	0.07960	0.15388	0.58186	0.02163	0.00991	0.00287	0.00428	0.01826	0.00771	0.00698
21	0.01077	0.00831	0.01048	0.01149	0.01237	0.00823	0.00799	0.01228	0.01602	0.02101	0.04968	0.48200	0.17112	0.07211	0.01386	0.00361	0.05418	0.02040	0.00723	0.00685
22	0.01935	0.02953	0.26666	0.03483	0.24146	0.04615	0.15960	0.02714	0.04531	0.02677	0.01629	0.02009	0.01250	0.00770	0.00843	0.00260	0.01173	0.00748	0.00410	0.01226
23	0.02721	0.18573	0.02768	0.01933	0.02397	0.40260	0.01563	0.07132	0.02213	0.02263	0.01463	0.01952	0.01299	0.00956	0.00870	0.00228	0.06133	0.03819	0.00454	0.01003
24	0.01802	0.04107	0.62236	0.02309	0.03498	0.01883	0.02947	0.02724	0.01795	0.06828	0.01609	0.01825	0.01119	0.00805	0.00792	0.00263	0.01193	0.00629	0.00396	0.01240
25	0.02294	0.25722	0.19962	0.01933	0.02633	0.23427	0.01917	0.02726	0.01886	0.02160	0.01330	0.01605	0.01110	0.01057	0.03750	0.00272	0.04231	0.00551	0.00382	0.01054
26	0.01187	0.00890	0.01335	0.01335	0.01483	0.01038	0.01038	0.01483	0.01335	0.01928	0.02225	0.03264	0.02077	0.06231	0.67512	0.01335	0.02225	0.00890	0.00445	0.00742
27	0.01955	0.40360	0.07164	0.01517	0.02068	0.08081	0.01426	0.02270	0.01645	0.01996	0.01505	0.01947	0.01366	0.02370	0.20485	0.00530	0.01360	0.00595	0.00388	0.00971

[dist]
# distance from previous block
# <min> <max>
0	1

[block]
# block no. 3 follows, 22 sequences, length 50
# corresponding to MSA columns:
# 162-211
name=unknown_D
#
# <colnr> <probs for GDERKNQSTAVLIFYWHMCP>
#	G	D	E	R	K	N	Q	S	T	A	V	L	I	F	Y	W	H	M	C	P
0	0.02727	0.01940	0.02122	0.01745	0.02315	0.02140	0.01403	0.26876	0.31987	0.13231	0.02832	0.02634	0.02034	0.01063	0.00838	0.00266	0.00764	0.00851	0.00866	0.01367
1	0.03103	0.03959	0.02354	0.02140	0.02568	0.67469	0.01605	0.03317	0.02354	0.02033	0.01284	0.01498	0.01070	0.00856	0.00749	0.00214	0.01498	0.00535	0.00428	0.00963
2	0.02236	0.02969	0.16085	0.03275	0.27961	0.20471	0.02223	0.02736	0.01976	0.02503	0.01459	0.01799	0.01182	0.00770	0.00773	0.00228	0.01143	0.00629	0.00412	0.09171
3	0.02056	0.01974	0.03372	0.05099	0.65622	0.01974	0.02550	0.02550	0.01892	0.02714	0.01563	0.02056	0.01316	0.00740	0.00822	0.00247	0.00987	0.00740	0.00411	0.01316
4	0.01313	0.01021	0.01230	0.01234	0.01491	0.01010	0.00987	0.01958	0.11568	0.02856	0.25004	0.07055	0.19707	0.01877	0.01008	0.00304	0.00546	0.18165	0.00828	0.00840
5	0.02296	0.02333	0.03149	0.04416	0.51341	0.13203	0.02334	0.06031	0.02083	0.02738	0.01539	0.01957	0.01279	0.00774	0.00810	0.00241	0.01070	0.00706	0.00437	0.01261
6	0.01666	0.04297	0.66500	0.02368	0.03596	0.01929	0.03069	0.02631	0.01754	0.02631	0.01491	0.01754	0.01052	0.00789	0.00789	0.00263	0.01228	0.00614	0.00351	0.01228
7	0.01012	0.00723	0.00964	0.01157	0.01205	0.00675	0.00771	0.01157	0.01591	0.02121	0.04579	0.70262	0.05495	0.02603	0.01060	0.00337	0.00482	0.02362	0.00771	0.00675
8	0.01187	0.00890	0.01335	0.01335	0.01483	0.01038	0.01038	0.01483	0.01335	0.01928	0.02225	0.03264	0.02077	0.06231	0.67512	0.01335	0.02225	0.00890	0.00445	0.00742
9	0.01701	0.08556	0.62550	0.02308	0.03503	0.02016	0.02965	0.02622	0.01750	0.02588	0.01469	0.01727	0.01053	0.00784	0.00773	0.00258	0.01206	0.00603	0.00351	0.01217
10	0.01906	0.01986	0.02810	0.02334	0.02456	0.06100	0.08930	0.02150	0.01413	0.02079	0.01170	0.01849	0.01109	0.01332	0.02412	0.00345	0.57562	0.00746	0.00374	0.00937
11	0.01208	0.00805	0.00906	0.00906	0.00906	0.00805	0.00503	0.01208	0.01208	0.01611	0.02618	0.05436	0.03020	0.70804	0.04228	0.00805	0.00805	0.01208	0.00503	0.00503
12	0.02035	0.02034	0.03719	0.04737	0.51742	0.02003	0.16152	0.02575	0.01907	0.02702	0.01589	0.02098	0.01303	0.00731	0.00858	0.00254	0.01081	0.00795	0.00413	0.01272
13	0.01292	0.01095	0.01149	0.01119	0.01426	0.01085	0.00841	0.02100	0.19477	0.02578	0.06541	0.13907	0.40511	0.01886	0.00952	0.00288	0.00495	0.01594	0.00792	0.00872
14	0.01569	0.01477	0.02492	0.68808	0.05722	0.01846	0.02307	0.02123	0.01661	0.02123	0.01477	0.02215	0.01107	0.00831	0.00831	0.00277	0.01107	0.00738	0.00369	0.00923
15	0.01187	0.00890	0.01335	0.01335	0.01483	0.01038	0.01038	0.01483	0.01335	0.01928	0.02225	0.03264	0.02077	0.06231	0.67512	0.01335	0.02225	0.00890	0.00445	0.00742
16	0.01603	0.01140	0.01300	0.01277	0.01573	0.01170	0.01045	0.09112	0.08756	0.03002	0.04464	0.06127	0.16176	0.01677	0.00915	0.00292	0.00614	0.21177	0.17691	0.00889
17	0.02221	0.71304	0.04353	0.01421	0.02132	0.03287	0.01421	0.02488	0.01688	0.01955	0.01155	0.01333	0.01066	0.00711	0.00533	0.00178	0.00888	0.00444	0.00355	0.01066
18	0.01645	0.01646	0.02435	0.02032	0.02194	0.02075	0.08673	0.01894	0.01494	0.02132	0.02819	0.03266	0.15651	0.01513	0.02127	0.00335	0.45730	0.00989	0.00463	0.00887
19	0.01004	0.00754	0.00931	0.01073	0.01183	0.00682	0.00734	0.01166	0.01671	0.02153	0.05597	0.53737	0.21362	0.02470	0.01040	0.00322	0.00466	0.02200	0.00771	0.00682
20	0.02056	0.01974	0.03372	0.05099	0.65622	0.01974	0.02550	0.02550	0.01892	0.02714	0.01563	0.02056	0.01316	0.00740	0.00822	0.00247	0.00987	0.00740	0.00411	0.01316
21	0.00982	0.00842	0.00842	0.00842	0.01122	0.00701	0.00631	0.01192	0.01894	0.02244	0.08416	0.07995	0.65285	0.02104	0.00982	0.00281	0.00421	0.01753	0.00771	0.00701
22	0.01549	0.00774	0.00774	0.00774	0.00968	0.00774	0.00581	0.01936	0.01742	0.03097	0.02710	0.03097	0.02129	0.00968	0.00581	0.00194	0.00387	0.00774	0.75416	0.00774
23	0.00982	0.00842	0.00842	0.00842	0.01122	0.00701	0.00631	0.01192	0.01894	0.02244	0.08416	0.07995	0.65285	0.02104	0.00982	0.00281	0.00421	0.01753	0.00771	0.00701
24	0.01639	0.04106	0.62874	0.02294	0.03465	0.01866	0.02943	0.02572	0.01787	0.02670	0.05023	0.02001	0.01429	0.00840	0.00800	0.00263	0.01181	0.00663	0.00382	0.01203
25	0.02056	0.01974	0.03372	0.05099	0.65622	0.01974	0.02550	0.02550	0.01892	0.02714	0.01563	0.02056	0.01316	0.00740	0.00822	0.00247	0.00987	0.00740	0.00411	0.01316
26	0.02029	0.01946	0.03323	0.08632	0.62300	0.01967	0.02536	0.02526	0.01879	0.02681	0.01558	0.02065	0.01304	0.00745	0.00823	0.00248	0.00994	0.00740	0.00409	0.01294
27	0.01189	0.00881	0.01289	0.01289	0.01422	0.01014	0.00981	0.01454	0.01322	0.01895	0.02267	0.03496	0.02178	0.13136	0.60745	0.01278	0.02073	0.00924	0.00451	0.00716
28	0.02277	0.02209	0.02370	0.02023	0.02263	0.13801	0.01643	0.15843	0.02061	0.02725	0.01449	0.01956	0.01265	0.01757	0.08881	0.00415	0.34845	0.00715	0.00489	0.01014
29	0.01521	0.01133	0.01333	0.01321	0.01579	0.01136	0.01026	0.14160	0.02208	0.02874	0.04862	0.29474	0.17896	0.02092	0.01013	0.00316	0.00617	0.13803	0.00782	0.00853
30	0.00982	0.00842	0.00842	0.00842	0.01122	0.00701	0.00631	0.01192	0.01894	0.02244	0.08416	0.07995	0.65285	0.02104	0.00982	0.00281	0.00421	0.01753	0.00771	0.00701
31	0.01935	0.01851	0.03154	0.20883	0.50781	0.01942	0.02489	0.02444	0.01835	0.02567	0.01541	0.02095	0.01264	0.00763	0.00824	0.00254	0.01017	0.00740	0.00401	0.01219
32	0.03130	0.03155	0.02423	0.02027	0.02572	0.35494	0.01592	0.32652	0.03119	0.03611	0.01634	0.01743	0.01239	0.00926	0.00789	0.00231	0.01210	0.00640	0.00627	0.01185
33	0.61326	0.01757	0.01487	0.01263	0.01809	0.02012	0.01041	0.15053	0.01934	0.04042	0.01332	0.01484	0.01007	0.00818	0.00580	0.00255	0.00699	0.00512	0.00580	0.01007
34	0.01188	0.00885	0.01311	0.01311	0.01451	0.01025	0.01008	0.01468	0.01328	0.01911	0.02247	0.03387	0.02130	0.09887	0.63928	0.01305	0.02145	0.00908	0.00448	0.00728
35	0.02812	0.03249	0.02227	0.02000	0.02453	0.45221	0.01521	0.07000	0.19983	0.02624	0.01920	0.01981	0.01506	0.00941	0.00781	0.00235	0.01226	0.00662	0.00569	0.01088
36	0.02056	0.01974	0.03372	0.05099	0.65622	0.01974	0.02550	0.02550	0.01892	0.02714	0.01563	0.02056	0.01316	0.00740	0.00822	0.00247	0.00987	0.00740	0.00411	0.01316
37	0.02811	0.01993	0.02123	0.01667	0.02230	0.02188	0.01364	0.49732	0.03440	0.04775	0.02149	0.02232	0.01567	0.00991	0.00777	0.00237	0.00801	0.00754	0.16895	0.01275
38	0.01176	0.00853	0.01140	0.01283	0.01433	0.00817	0.01015	0.01463	0.01855	0.02445	0.12360	0.29790	0.10512	0.02310	0.01083	0.00343	0.00592	0.28013	0.00786	0.00731
39	0.02718	0.02278	0.02016	0.01762	0.02260	0.19232	0.01371	0.04040	0.33744	0.17299	0.02801	0.02613	0.02038	0.01033	0.00818	0.00258	0.00892	0.00808	0.00776	0.01244
40	0.02660	0.03308	0.02038	0.01869	0.02266	0.53531	0.01402	0.02874	0.02258	0.02077	0.02773	0.02854	0.14475	0.01117	0.00798	0.00228	0.01273	0.00789	0.00500	0.00908
41	0.01208	0.00805	0.00906	0.00906	0.00906	0.00805	0.00503	0.01208	0.01208	0.01611	0.02618	0.05436	0.03020	0.70804	0.04228	0.00805	0.00805	0.01208	0.00503	0.00503
42	0.01035	0.00733	0.00957	0.01127	0.01170	0.00690	0.00740	0.01163	0.01546	0.02061	0.04349	0.62664	0.05205	0.10596	0.01432	0.00392	0.00520	0.02226	0.00740	0.00655
43	0.02963	0.02918	0.02294	0.01954	0.02477	0.31464	0.01527	0.22955	0.14007	0.06292	0.01986	0.02010	0.01492	0.00959	0.00797	0.00240	0.01120	0.00691	0.00662	0.01194
44	0.01286	0.00830	0.01059	0.01066	0.01187	0.00893	0.00769	0.01530	0.01429	0.02186	0.02552	0.06464	0.02460	0.20327	0.30662	0.00846	0.01294	0.00995	0.21475	0.00690
45	0.01642	0.01121	0.01360	0.01229	0.01538	0.01118	0.00944	0.02462	0.16326	0.10040	0.42147	0.05217	0.08467	0.01515	0.00934	0.00266	0.00487	0.01314	0.00905	0.00968
46	0.02043	0.49806	0.24292	0.01725	0.02602	0.02851	0.01950	0.02534	0.01709	0.02172	0.01263	0.01468	0.01062	0.00736	0.00615	0.00205	0.00997	0.00499	0.00354	0.01118
47	0.01395	0.01186	0.01474	0.01352	0.01507	0.01349	0.01044	0.04958	0.01780	0.02399	0.12046	0.12700	0.22543	0.09210	0.01825	0.00363	0.20049	0.01386	0.00648	0.00787
48	0.02317	0.02021	0.03028	0.11006	0.41313	0.02131	0.02248	0.19628	0.02439	0.03367	0.01676	0.02056	0.01321	0.00823	0.00826	0.00251	0.00979	0.00742	0.00526	0.01301
49	0.02056	0.01974	0.03372	0.05099	0.65622	0.01974	0.02550	0.02550	0.01892	0.02714	0.01563	0.02056	0.01316	0.00740	0.00822	0.00247	0.00987	0.00740	0.00411	0.01316

[dist]
# distance from previous block
# <min> <max>
13	91

[block]
# block no. 4 follows, 22 sequences, length 226
# corresponding to MSA columns:
# 313-538
name=unknown_E
#
# <colnr> <probs for GDERKNQSTAVLIFYWHMCP>
#	G	D	E	R	K	N	Q	S	T	A	V	L	I	F	Y	W	H	M	C	P
0	0.02506	0.10553	0.05133	0.01950	0.05850	0.17659	0.01530	0.15132	0.14556	0.05902	0.08911	0.02503	0.02218	0.01010	0.00794	0.00241	0.00951	0.00779	0.00656	0.01164
1	0.20734	0.03193	0.19080	0.01947	0.02553	0.25578	0.01846	0.02750	0.01824	0.02606	0.01283	0.01570	0.01026	0.00894	0.00955	0.00257	0.09915	0.00559	0.00421	0.01011
2	0.02507	0.05795	0.06849	0.02592	0.05828	0.21179	0.20575	0.13417	0.07673	0.02964	0.01726	0.01981	0.01322	0.00840	0.00839	0.00249	0.01232	0.00753	0.00523	0.01154
3	0.01460	0.02976	0.40568	0.01880	0.02710	0.01549	0.02211	0.02138	0.01760	0.02468	0.03427	0.03848	0.17549	0.01472	0.03801	0.00325	0.03910	0.04428	0.00486	0.01033
4	0.01563	0.10285	0.33079	0.01768	0.02475	0.01754	0.01971	0.02100	0.01617	0.02255	0.02528	0.03231	0.09684	0.14631	0.01620	0.00370	0.06793	0.00867	0.00436	0.00974
5	0.02569	0.03108	0.09847	0.02063	0.02582	0.36054	0.06339	0.03086	0.09032	0.05654	0.01699	0.01956	0.01343	0.01114	0.01080	0.09094	0.01232	0.00662	0.00489	0.00999
6	0.22984	0.08108	0.07077	0.02627	0.07100	0.04886	0.30408	0.02604	0.01785	0.02875	0.01454	0.01843	0.01126	0.00735	0.00781	0.00259	0.01113	0.00731	0.00437	0.01065
7	0.01405	0.01131	0.01163	0.01050	0.01405	0.01066	0.00816	0.13191	0.02285	0.02826	0.07166	0.06827	0.52856	0.01889	0.00952	0.00274	0.00517	0.01558	0.00783	0.00840
8	0.02372	0.02375	0.05512	0.01745	0.02169	0.21591	0.01394	0.17304	0.05072	0.05691	0.02664	0.23047	0.02627	0.01447	0.00876	0.00268	0.00956	0.01187	0.00672	0.01033
9	0.01750	0.03737	0.50107	0.02761	0.07353	0.01967	0.15338	0.02632	0.01805	0.02642	0.01534	0.01872	0.01111	0.00768	0.00831	0.00266	0.01249	0.00697	0.00369	0.01211
10	0.01208	0.00805	0.00906	0.00906	0.00906	0.00805	0.00503	0.01208	0.01208	0.01611	0.02618	0.05436	0.03020	0.70804	0.04228	0.00805	0.00805	0.01208	0.00503	0.00503
11	0.01120	0.00840	0.01038	0.01003	0.01211	0.00758	0.00746	0.01455	0.02199	0.03003	0.48161	0.10222	0.21499	0.01846	0.00985	0.00270	0.00404	0.01611	0.00872	0.00758
12	0.02582	0.28799	0.16337	0.01805	0.02542	0.18509	0.01774	0.02990	0.01984	0.13113	0.01620	0.01717	0.01234	0.00817	0.00691	0.00218	0.01078	0.00569	0.00488	0.01134
13	0.01208	0.00805	0.00906	0.00906	0.00906	0.00805	0.00503	0.01208	0.01208	0.01611	0.02618	0.05436	0.03020	0.70804	0.04228	0.00805	0.00805	0.01208	0.00503	0.00503
14	0.01187	0.00890	0.01335	0.01335	0.01483	0.01038	0.01038	0.01483	0.01335	0.01928	0.02225	0.03264	0.02077	0.06231	0.67512	0.01335	0.02225	0.00890	0.00445	0.00742
15	0.01977	0.02046	0.06804	0.12410	0.55131	0.01956	0.02550	0.02504	0.01857	0.02640	0.01549	0.02058	0.01277	0.00754	0.00822	0.00251	0.01015	0.00733	0.00403	0.01265
16	0.02358	0.02905	0.10430	0.03797	0.37427	0.23707	0.02297	0.02814	0.02029	0.02478	0.01462	0.01835	0.01203	0.00784	0.00794	0.00238	0.01185	0.00657	0.00410	0.01188
17	0.01818	0.01818	0.02545	0.02181	0.02181	0.02545	0.01818	0.01999	0.01272	0.01999	0.01091	0.01818	0.01091	0.01454	0.02726	0.00364	0.69284	0.00727	0.00364	0.00909
18	0.03138	0.03817	0.02330	0.02103	0.02543	0.63759	0.01584	0.03358	0.02356	0.05627	0.01396	0.01573	0.01125	0.00866	0.00754	0.00216	0.01454	0.00552	0.00462	0.00988
19	0.01134	0.00848	0.01053	0.01002	0.01216	0.00766	0.00751	0.01488	0.02254	0.03099	0.53070	0.06587	0.20097	0.01785	0.00980	0.00265	0.00398	0.01556	0.00884	0.00766
20	0.01208	0.00805	0.00906	0.00906	0.00906	0.00805	0.00503	0.01208	0.01208	0.01611	0.02618	0.05436	0.03020	0.70804	0.04228	0.00805	0.00805	0.01208	0.00503	0.00503
21	0.02059	0.01532	0.01740	0.01504	0.01910	0.01579	0.01159	0.28976	0.02646	0.03588	0.03055	0.31570	0.03162	0.01649	0.00905	0.00273	0.00692	0.01418	0.00765	0.09818
22	0.01185	0.00796	0.00913	0.00935	0.00941	0.00790	0.00535	0.01202	0.01253	0.01671	0.02847	0.13031	0.03310	0.62814	0.03857	0.00751	0.00768	0.01343	0.00535	0.00523
23	0.01549	0.00774	0.00774	0.00774	0.00968	0.00774	0.00581	0.01936	0.01742	0.03097	0.02710	0.03097	0.02129	0.00968	0.00581	0.00194	0.00387	0.00774	0.75416	0.00774
24	0.03017	0.10517	0.02549	0.02070	0.02526	0.61220	0.01587	0.03236	0.02289	0.02026	0.01272	0.01482	0.01070	0.00842	0.00728	0.00210	0.01439	0.00526	0.00421	0.00973
25	0.01776	0.15804	0.52864	0.02257	0.03377	0.02172	0.05563	0.02607	0.01752	0.02515	0.01442	0.01704	0.01064	0.00772	0.00754	0.00249	0.01177	0.00602	0.00355	0.01195
26	0.01272	0.00827	0.01021	0.01018	0.01116	0.00869	0.00700	0.01469	0.01427	0.02125	0.06152	0.04315	0.02821	0.32080	0.22673	0.00806	0.01128	0.01035	0.16495	0.00651
27	0.01142	0.00836	0.01071	0.01037	0.01226	0.00765	0.00768	0.01492	0.02234	0.03111	0.53931	0.12606	0.13032	0.01825	0.00988	0.00271	0.00403	0.01610	0.00887	0.00765
28	0.02312	0.64390	0.04148	0.01495	0.02177	0.09877	0.01440	0.02573	0.01756	0.01963	0.01168	0.01350	0.01067	0.00726	0.00555	0.00181	0.00951	0.00454	0.00363	0.01056
29	0.00996	0.00846	0.00861	0.00868	0.01145	0.00711	0.00659	0.01213	0.01894	0.02254	0.08260	0.08048	0.62937	0.02111	0.00988	0.00284	0.00434	0.04015	0.00771	0.00704
30	0.02646	0.03162	0.02550	0.02588	0.11814	0.42519	0.01795	0.02894	0.02032	0.02126	0.01280	0.01656	0.01111	0.00979	0.01224	0.00254	0.17347	0.00611	0.00410	0.01003
31	0.01317	0.00994	0.01016	0.01003	0.01037	0.04692	0.00599	0.01347	0.01282	0.01654	0.02517	0.05079	0.02851	0.62927	0.07764	0.00802	0.00930	0.01150	0.00496	0.00544
