[name]
unknown

[dist]
# distance from previous block
# <min> <max>
4	28

[block]
# block no. 0 follows, 21 sequences, length 6
# corresponding to MSA columns:
# 28-33
name=unknown_A
#
# <colnr> <probs for GDERKNQSTAVLIFYWHMCP>
#	G	D	E	R	K	N	Q	S	T	A	V	L	I	F	Y	W	H	M	C	P
0	0.08560	0.01213	0.01409	0.01354	0.01628	0.01317	0.01028	0.07528	0.11871	0.02945	0.10312	0.20713	0.06333	0.02840	0.16410	0.00549	0.00986	0.01365	0.00721	0.00919
1	0.11220	0.01873	0.02272	0.07162	0.02468	0.11072	0.08269	0.02143	0.01583	0.02268	0.01614	0.07537	0.01548	0.01540	0.01819	0.13992	0.19488	0.00848	0.00442	0.00841
2	0.50458	0.01640	0.01731	0.12368	0.08144	0.01854	0.01341	0.02614	0.01627	0.09269	0.01481	0.01735	0.01107	0.00822	0.00639	0.00266	0.00774	0.00573	0.00543	0.01014
3	0.10509	0.02568	0.02418	0.30109	0.08359	0.27490	0.01938	0.02725	0.01971	0.02364	0.01405	0.01869	0.01111	0.00848	0.00781	0.00254	0.01231	0.00641	0.00422	0.00988
4	0.09065	0.03265	0.39461	0.09406	0.03425	0.01931	0.02470	0.02967	0.10196	0.07103	0.01881	0.02072	0.01347	0.00875	0.00797	0.00273	0.01070	0.00688	0.00494	0.01216
5	0.01818	0.02560	0.21740	0.25666	0.26573	0.01964	0.02687	0.02488	0.01816	0.02550	0.01549	0.02069	0.01195	0.00805	0.00835	0.00268	0.01127	0.00719	0.00388	0.01185

[dist]
# distance from previous block
# <min> <max>
0	18

[block]
# block no. 1 follows, 21 sequences, length 16
# corresponding to MSA columns:
# 52-67
name=unknown_B
#
# <colnr> <probs for GDERKNQSTAVLIFYWHMCP>
#	G	D	E	R	K	N	Q	S	T	A	V	L	I	F	Y	W	H	M	C	P
0	0.01171	0.00890	0.01197	0.01285	0.01336	0.00955	0.00902	0.01324	0.01513	0.02069	0.03762	0.46126	0.04400	0.11502	0.09893	0.00537	0.07860	0.01907	0.00670	0.00703
1	0.01903	0.22044	0.14809	0.01995	0.06974	0.07662	0.06084	0.02359	0.01914	0.02429	0.06234	0.03071	0.12463	0.01055	0.00780	0.00234	0.00946	0.00854	0.00494	0.05695
2	0.02560	0.02020	0.02376	0.02605	0.18795	0.09476	0.01639	0.17981	0.02450	0.11549	0.02123	0.02706	0.01750	0.10783	0.07021	0.00425	0.01100	0.00827	0.00635	0.01180
3	0.01037	0.00741	0.00987	0.01185	0.01234	0.00691	0.00790	0.01185	0.01629	0.02172	0.04690	0.69537	0.05629	0.02666	0.01086	0.00346	0.00494	0.02419	0.00790	0.00691
4	0.02046	0.01960	0.03345	0.12838	0.57642	0.02006	0.02582	0.02559	0.01909	0.02707	0.01590	0.02126	0.01322	0.00769	0.00844	0.00256	0.01026	0.00758	0.00416	0.01299
5	0.02057	0.02047	0.02844	0.09384	0.40147	0.10349	0.02210	0.02498	0.01969	0.02578	0.02094	0.06194	0.01978	0.01086	0.00890	0.00274	0.01036	0.08721	0.00486	0.01160
6	0.01054	0.00786	0.00986	0.01138	0.01253	0.00719	0.00799	0.01236	0.01726	0.02229	0.05592	0.50869	0.19260	0.02524	0.01074	0.00335	0.00500	0.06425	0.00790	0.00704
7	0.03235	0.02384	0.02554	0.01958	0.02639	0.02639	0.01618	0.61946	0.04001	0.05363	0.02043	0.02043	0.01447	0.01022	0.00851	0.00255	0.00936	0.00766	0.00851	0.01447
8	0.01216	0.00912	0.01368	0.01368	0.01520	0.01064	0.01064	0.01520	0.01368	0.01976	0.02279	0.03343	0.02127	0.06382	0.66720	0.01368	0.02279	0.00912	0.00456	0.00760
9	0.02407	0.36311	0.17788	0.01889	0.02654	0.21355	0.01894	0.02827	0.01942	0.02183	0.01300	0.01512	0.01090	0.00789	0.00670	0.00213	0.01170	0.00521	0.00384	0.01099
10	0.01238	0.00825	0.00928	0.00928	0.00928	0.00825	0.00516	0.01238	0.01238	0.01650	0.02681	0.05569	0.03094	0.70092	0.04331	0.00825	0.00825	0.01238	0.00516	0.00516
11	0.01216	0.00912	0.01368	0.01368	0.01520	0.01064	0.01064	0.01520	0.01368	0.01976	0.02279	0.03343	0.02127	0.06382	0.66720	0.01368	0.02279	0.00912	0.00456	0.00760
12	0.01977	0.01888	0.03183	0.12566	0.53663	0.01925	0.02459	0.02472	0.01909	0.02677	0.02029	0.02506	0.05266	0.00857	0.00854	0.00259	0.00990	0.00823	0.00439	0.01260
13	0.11304	0.02029	0.02869	0.26223	0.25380	0.08719	0.06542	0.02536	0.01849	0.02622	0.01497	0.02027	0.01190	0.00804	0.00810	0.00264	0.01096	0.00716	0.00422	0.01102
14	0.03115	0.02268	0.02426	0.01873	0.02519	0.02505	0.01543	0.57593	0.03840	0.05204	0.02096	0.02125	0.01501	0.01019	0.00833	0.00251	0.00897	0.00768	0.06220	0.01400
15	0.02056	0.02164	0.04268	0.04373	0.33444	0.02090	0.33300	0.02671	0.01975	0.02752	0.01664	0.02205	0.01319	0.00737	0.00927	0.00271	0.01231	0.00886	0.00426	0.01244

[dist]
# distance from previous block
# <min> <max>
2	42

[block]
# block no. 2 follows, 21 sequences, length 20
# corresponding to MSA columns:
# 110-129
name=unknown_C
#
# <colnr> <probs for GDERKNQSTAVLIFYWHMCP>
#	G	D	E	R	K	N	Q	S	T	A	V	L	I	F	Y	W	H	M	C	P
0	0.17351	0.12306	0.09141	0.01755	0.02326	0.23613	0.01543	0.07884	0.02108	0.02829	0.04494	0.01937	0.01511	0.01343	0.06183	0.00329	0.01196	0.00623	0.00499	0.01030
1	0.01807	0.04046	0.53229	0.02292	0.03356	0.08833	0.02777	0.02639	0.01848	0.02584	0.01780	0.07673	0.01477	0.00978	0.00828	0.00271	0.01221	0.00776	0.00405	0.01179
2	0.02276	0.02382	0.05287	0.17457	0.23707	0.13437	0.05279	0.09641	0.02200	0.02824	0.01581	0.02007	0.01249	0.00821	0.00824	0.00247	0.01126	0.00712	0.00470	0.06472
3	0.02064	0.02085	0.01643	0.01568	0.01862	0.23254	0.01158	0.09646	0.02235	0.02611	0.03538	0.27936	0.09722	0.01711	0.00914	0.00277	0.00890	0.01426	0.04567	0.00895
4	0.01216	0.00912	0.01368	0.01368	0.01520	0.01064	0.01064	0.01520	0.01368	0.01976	0.02279	0.03343	0.02127	0.06382	0.66720	0.01368	0.02279	0.00912	0.00456	0.00760
5	0.01776	0.03497	0.41882	0.17755	0.03972	0.07527	0.02704	0.02553	0.01819	0.02491	0.01674	0.05503	0.01336	0.00924	0.00830	0.00273	0.01212	0.00747	0.00394	0.01130
6	0.02146	0.20169	0.25099	0.02129	0.02955	0.13190	0.07299	0.02929	0.08503	0.02487	0.01662	0.01900	0.01309	0.01055	0.03427	0.00287	0.01212	0.00652	0.00438	0.01151
7	0.03356	0.01346	0.01827	0.01436	0.02013	0.01172	0.01172	0.03698	0.02431	0.54420	0.14136	0.03508	0.03154	0.01175	0.00882	0.00264	0.00667	0.00977	0.01033	0.01334
8	0.01095	0.00877	0.00986	0.00991	0.01246	0.00768	0.00764	0.01377	0.02060	0.02606	0.22219	0.07880	0.43809	0.02072	0.01024	0.00294	0.00462	0.07898	0.00826	0.00747
9	0.10361	0.02098	0.02253	0.02431	0.15216	0.10939	0.01597	0.08518	0.18282	0.07677	0.05096	0.05019	0.02113	0.01071	0.00896	0.00268	0.03432	0.00856	0.00671	0.01202
10	0.01094	0.00866	0.00984	0.00954	0.01203	0.00756	0.00716	0.01391	0.02147	0.02791	0.33252	0.07380	0.39500	0.01972	0.01005	0.00279	0.00418	0.01682	0.00855	0.00756
11	0.02946	0.02927	0.02509	0.02102	0.02557	0.27345	0.01675	0.27680	0.02862	0.03451	0.01582	0.01812	0.01247	0.01057	0.01197	0.00264	0.14340	0.00678	0.00599	0.01169
12	0.01936	0.02518	0.16421	0.03500	0.23742	0.02203	0.12590	0.02486	0.01738	0.02542	0.01467	0.02004	0.01216	0.00973	0.01425	0.00297	0.20604	0.00769	0.00396	0.01175
13	0.02635	0.02353	0.02459	0.02592	0.16398	0.14406	0.01690	0.20133	0.12763	0.06084	0.02152	0.02492	0.01721	0.06978	0.01139	0.00303	0.01005	0.00800	0.00657	0.01239
14	0.01266	0.00906	0.01024	0.00971	0.01259	0.00782	0.00737	0.01546	0.02116	0.07135	0.24956	0.07262	0.43070	0.01952	0.00994	0.00280	0.00443	0.01652	0.00853	0.00796
15	0.02304	0.03127	0.26014	0.02071	0.02850	0.11117	0.02116	0.19456	0.05321	0.03420	0.05098	0.02953	0.02002	0.01105	0.00866	0.00272	0.01087	0.07008	0.00606	0.01204
16	0.01991	0.02151	0.06001	0.07937	0.19208	0.11800	0.08593	0.05495	0.02083	0.02631	0.02856	0.08290	0.08616	0.01251	0.00919	0.00280	0.01037	0.07253	0.00545	0.01064
17	0.01192	0.00839	0.01105	0.01261	0.01350	0.00817	0.00930	0.01392	0.01659	0.02190	0.04209	0.35866	0.04852	0.16621	0.01793	0.00461	0.00661	0.21384	0.00731	0.00686
18	0.01204	0.00856	0.01142	0.01165	0.01242	0.00922	0.00805	0.01364	0.01345	0.01864	0.02727	0.12000	0.02936	0.32258	0.33284	0.01024	0.01470	0.01223	0.00520	0.00651
19	0.02092	0.02122	0.03068	0.22970	0.40256	0.09825	0.02423	0.02581	0.01927	0.02521	0.01541	0.02084	0.01256	0.00799	0.00836	0.00258	0.01110	0.00732	0.00411	0.01188

[dist]
# distance from previous block
# <min> <max>
0	1

[block]
# block no. 3 follows, 21 sequences, length 26
# corresponding to MSA columns:
# 131-156
name=unknown_D
#
# <colnr> <probs for GDERKNQSTAVLIFYWHMCP>
#	G	D	E	R	K	N	Q	S	T	A	V	L	I	F	Y	W	H	M	C	P
0	0.02053	0.07541	0.46183	0.02503	0.07166	0.14894	0.02728	0.02822	0.01924	0.02544	0.01472	0.01742	0.01099	0.00815	0.00789	0.00254	0.01280	0.00612	0.00379	0.01201
1	0.02251	0.29021	0.03658	0.08988	0.28002	0.06556	0.02026	0.05603	0.01969	0.02509	0.01434	0.01792	0.01218	0.00775	0.00723	0.00226	0.01011	0.00627	0.00418	0.01195
2	0.01055	0.00864	0.00930	0.00913	0.01179	0.00739	0.00685	0.01316	0.02055	0.02573	0.22310	0.07740	0.50579	0.02053	0.01005	0.00283	0.00424	0.01733	0.00826	0.00739
3	0.01216	0.00912	0.01368	0.01368	0.01520	0.01064	0.01064	0.01520	0.01368	0.01976	0.02279	0.03343	0.02127	0.06382	0.66720	0.01368	0.02279	0.00912	0.00456	0.00760
4	0.03183	0.03938	0.02422	0.02176	0.02631	0.62161	0.01642	0.07526	0.02524	0.02314	0.01367	0.01571	0.01121	0.00887	0.00773	0.00222	0.01492	0.00563	0.00468	0.01019
5	0.03201	0.03400	0.02467	0.02100	0.02634	0.41558	0.01634	0.26363	0.03035	0.03370	0.01601	0.01734	0.01234	0.00934	0.00800	0.00233	0.01300	0.00634	0.00600	0.01167
6	0.02009	0.02296	0.05022	0.03587	0.04448	0.02152	0.61693	0.02726	0.02009	0.02726	0.01722	0.02296	0.01291	0.00717	0.01004	0.00287	0.01435	0.01004	0.00430	0.01148
7	0.03235	0.02384	0.02554	0.01958	0.02639	0.02639	0.01618	0.61946	0.04001	0.05363	0.02043	0.02043	0.01447	0.01022	0.00851	0.00255	0.00936	0.00766	0.00851	0.01447
8	0.01216	0.00912	0.01368	0.01368	0.01520	0.01064	0.01064	0.01520	0.01368	0.01976	0.02279	0.03343	0.02127	0.06382	0.66720	0.01368	0.02279	0.00912	0.00456	0.00760
9	0.01073	0.00865	0.00955	0.00932	0.01191	0.00747	0.00699	0.01351	0.02098	0.02674	0.27383	0.07573	0.45442	0.02015	0.01005	0.00281	0.00421	0.01709	0.00840	0.00747
10	0.01037	0.00741	0.00987	0.01185	0.01234	0.00691	0.00790	0.01185	0.01629	0.02172	0.04690	0.69537	0.05629	0.02666	0.01086	0.00346	0.00494	0.02419	0.00790	0.00691
11	0.01006	0.00862	0.00862	0.00862	0.01149	0.00718	0.00647	0.01221	0.01940	0.02299	0.08621	0.08190	0.64438	0.02155	0.01006	0.00287	0.00431	0.01796	0.00790	0.00718
12	0.01089	0.00763	0.00972	0.01118	0.01155	0.00726	0.00719	0.01199	0.01527	0.02037	0.04168	0.52894	0.04969	0.20209	0.01931	0.00470	0.00580	0.02112	0.00719	0.00646
13	0.02106	0.02022	0.03454	0.05223	0.64784	0.02022	0.02612	0.02612	0.01938	0.02780	0.01601	0.02106	0.01348	0.00758	0.00842	0.00253	0.01011	0.00758	0.00421	0.01348
14	0.76103	0.01646	0.01251	0.01119	0.01646	0.01909	0.00922	0.02502	0.01448	0.03818	0.01185	0.01382	0.00922	0.00790	0.00527	0.00263	0.00658	0.00461	0.00527	0.00922
15	0.01101	0.00768	0.00968	0.01102	0.01136	0.00734	0.00702	0.01202	0.01503	0.02004	0.04044	0.48968	0.04813	0.24347	0.02130	0.00500	0.00600	0.02039	0.00702	0.00635
16	0.01317	0.00944	0.01296	0.01406	0.01604	0.00922	0.01187	0.01712	0.02105	0.02827	0.23878	0.08549	0.05912	0.02153	0.01120	0.00352	0.00660	0.40433	0.00833	0.00790
17	0.03179	0.04056	0.02412	0.02192	0.02631	0.66676	0.01644	0.03398	0.02412	0.02083	0.01315	0.01535	0.01096	0.00877	0.00767	0.00219	0.01535	0.00548	0.00438	0.00987
18	0.01387	0.01176	0.01235	0.01166	0.01507	0.01180	0.00890	0.02331	0.21840	0.02825	0.12862	0.06372	0.38430	0.01787	0.00960	0.00286	0.00506	0.01499	0.00830	0.00931
19	0.01187	0.00853	0.01095	0.01238	0.01330	0.00825	0.00847	0.05344	0.01792	0.02391	0.04509	0.64917	0.05342	0.02554	0.01070	0.00339	0.00524	0.02306	0.00794	0.00743
20	0.06700	0.01159	0.01368	0.01355	0.01614	0.01243	0.01010	0.02422	0.17243	0.07104	0.03553	0.29209	0.03544	0.02593	0.12032	0.00486	0.00864	0.01478	0.04082	0.00943
21	0.01902	0.01895	0.03286	0.03587	0.27250	0.02073	0.14834	0.02330	0.01729	0.02486	0.01738	0.06755	0.01603	0.01355	0.04638	0.00354	0.19704	0.00928	0.00437	0.01117
22	0.01319	0.01047	0.01215	0.01194	0.01471	0.01025	0.00936	0.01993	0.12442	0.02914	0.25104	0.06985	0.25816	0.01884	0.01010	0.00299	0.00521	0.11112	0.00849	0.00863
23	0.02008	0.01966	0.03134	0.23923	0.44154	0.05058	0.02491	0.02518	0.01889	0.02565	0.01561	0.02128	0.01272	0.00792	0.00841	0.00260	0.01073	0.00748	0.00409	0.01210
24	0.06393	0.04228	0.61625	0.02343	0.03555	0.01972	0.03004	0.02683	0.01775	0.02766	0.01506	0.01771	0.01068	0.00807	0.00791	0.00269	0.01220	0.00618	0.00370	0.01237
25	0.01894	0.03272	0.35821	0.03680	0.29704	0.02006	0.06203	0.02661	0.01869	0.02733	0.01569	0.01956	0.01205	0.00782	0.00834	0.00263	0.01163	0.00705	0.00390	0.01290

[dist]
# distance from previous block
# <min> <max>
0	21

[block]
# block no. 4 follows, 21 sequences, length 57
# corresponding to MSA columns:
# 178-234
name=unknown_E
#
# <colnr> <probs for GDERKNQSTAVLIFYWHMCP>
#	G	D	E	R	K	N	Q	S	T	A	V	L	I	F	Y	W	H	M	C	P
0	0.05102	0.02382	0.12292	0.20460	0.24505	0.07328	0.02329	0.07339	0.02016	0.02768	0.01591	0.02074	0.01255	0.01068	0.03700	0.00310	0.01159	0.00716	0.00443	0.01163
1	0.02139	0.02107	0.03349	0.08390	0.58246	0.05564	0.02545	0.02632	0.01951	0.02710	0.01580	0.02083	0.01323	0.00770	0.00839	0.00253	0.01046	0.00747	0.00420	0.01307
2	0.01811	0.01838	0.05558	0.40114	0.29391	0.01947	0.02496	0.02371	0.01800	0.02439	0.01549	0.02184	0.01218	0.00812	0.00846	0.00271	0.01090	0.00752	0.00395	0.01120
3	0.05883	0.02508	0.05953	0.09022	0.20572	0.20804	0.01900	0.02902	0.02095	0.11351	0.02319	0.02522	0.06587	0.00964	0.00820	0.00252	0.01085	0.00776	0.00544	0.01141
4	0.01800	0.01767	0.02161	0.02376	0.13857	0.09253	0.01613	0.02115	0.01886	0.02506	0.12921	0.04255	0.09573	0.01499	0.01497	0.00308	0.20869	0.08212	0.00579	0.00955
5	0.01043	0.00781	0.00969	0.01096	0.01216	0.00707	0.00756	0.01229	0.01771	0.02307	0.10633	0.49137	0.20335	0.02463	0.01059	0.00325	0.00471	0.02192	0.00802	0.00707
6	0.01750	0.01669	0.02444	0.15433	0.22367	0.06938	0.05554	0.02115	0.01832	0.02403	0.04813	0.19692	0.02655	0.01429	0.01047	0.04197	0.00933	0.01214	0.00528	0.00987
7	0.02728	0.08893	0.02947	0.03191	0.24328	0.38789	0.01967	0.03052	0.02189	0.02320	0.01404	0.01720	0.01184	0.00823	0.00775	0.00228	0.01299	0.00614	0.00426	0.01122
8	0.01119	0.00847	0.01044	0.01118	0.01301	0.00772	0.00841	0.01385	0.01959	0.02557	0.19586	0.26154	0.24566	0.02242	0.01056	0.00317	0.00499	0.11075	0.00823	0.00740
9	0.01217	0.00930	0.01157	0.01270	0.01505	0.00870	0.01066	0.01535	0.01951	0.02442	0.06238	0.09006	0.29962	0.02269	0.01104	0.00348	0.00635	0.34951	0.00786	0.00756
10	0.02770	0.03066	0.02414	0.02318	0.07694	0.35872	0.01668	0.09588	0.16354	0.02817	0.01893	0.02030	0.01498	0.00984	0.00932	0.00251	0.05439	0.00695	0.00573	0.01143
11	0.02389	0.01900	0.02010	0.01687	0.02218	0.02108	0.01346	0.26816	0.30262	0.04082	0.03695	0.03499	0.11681	0.01256	0.00882	0.00275	0.00741	0.01013	0.00848	0.01290
12	0.01343	0.00914	0.01044	0.01012	0.01058	0.00938	0.00610	0.04514	0.01394	0.01870	0.02621	0.05236	0.02943	0.62269	0.08175	0.00830	0.00925	0.01191	0.00530	0.00581
13	0.01183	0.00869	0.01108	0.01048	0.01258	0.00794	0.00786	0.01565	0.02359	0.03294	0.58419	0.06551	0.14019	0.01784	0.01004	0.00270	0.00405	0.01566	0.00921	0.00794
14	0.27470	0.01194	0.01210	0.01226	0.01495	0.01280	0.00905	0.06711	0.01764	0.03014	0.03244	0.40077	0.03634	0.01873	0.00871	0.00309	0.00588	0.01597	0.00703	0.00835
15	0.01289	0.00918	0.01169	0.01145	0.01203	0.01014	0.00780	0.01418	0.01312	0.01858	0.02458	0.04500	0.02613	0.41882	0.23790	0.00935	0.05637	0.01079	0.04367	0.00634
16	0.01238	0.00825	0.00928	0.00928	0.00928	0.00825	0.00516	0.01238	0.01238	0.01650	0.02681	0.05569	0.03094	0.70092	0.04331	0.00825	0.00825	0.01238	0.00516	0.00516
17	0.02053	0.02230	0.07728	0.04080	0.34401	0.02071	0.19962	0.02913	0.10352	0.02866	0.01887	0.02289	0.01485	0.00804	0.00891	0.00269	0.01106	0.00851	0.00481	0.01283
18	0.01983	0.32161	0.07644	0.19074	0.06762	0.02498	0.06839	0.02439	0.01764	0.02271	0.01391	0.01784	0.01149	0.00756	0.00704	0.00221	0.01011	0.00611	0.00390	0.08547
19	0.01393	0.01172	0.01707	0.01605	0.01715	0.01486	0.01282	0.01664	0.01350	0.01995	0.01961	0.02938	0.01851	0.05043	0.49216	0.01095	0.20420	0.00866	0.00433	0.00807
20	0.01096	0.00866	0.00988	0.00957	0.01205	0.00757	0.00718	0.01397	0.02154	0.02807	0.34019	0.07354	0.38724	0.01966	0.01005	0.00278	0.00418	0.01679	0.00857	0.00757
21	0.02196	0.02424	0.02267	0.01997	0.02234	0.24034	0.01586	0.02429	0.01729	0.02108	0.01408	0.01985	0.01287	0.02011	0.12397	0.00463	0.29217	0.00685	0.00420	0.07122
22	0.01225	0.00919	0.01132	0.01173	0.01338	0.00912	0.00842	0.05193	0.01771	0.02325	0.04811	0.31130	0.18776	0.08828	0.14944	0.00578	0.00905	0.01749	0.00702	0.00746
23	0.01371	0.00980	0.01371	0.01567	0.01763	0.00980	0.01371	0.01763	0.01959	0.02547	0.04506	0.09599	0.04898	0.02351	0.01175	0.00392	0.00784	0.59056	0.00784	0.00784
24	0.03179	0.04056	0.02412	0.02192	0.02631	0.66676	0.01644	0.03398	0.02412	0.02083	0.01315	0.01535	0.01096	0.00877	0.00767	0.00219	0.01535	0.00548	0.00438	0.00987
25	0.01707	0.04402	0.65683	0.02426	0.03683	0.01976	0.03144	0.02695	0.01797	0.02695	0.01527	0.01797	0.01078	0.00809	0.00809	0.00270	0.01258	0.00629	0.00359	0.01258
26	0.02009	0.02296	0.05022	0.03587	0.04448	0.02152	0.61693	0.02726	0.02009	0.02726	0.01722	0.02296	0.01291	0.00717	0.01004	0.00287	0.01435	0.01004	0.00430	0.01148
27	0.02275	0.70604	0.04459	0.01456	0.02184	0.03367	0.01456	0.02548	0.01729	0.02002	0.01183	0.01365	0.01092	0.00728	0.00546	0.00182	0.00910	0.00455	0.00364	0.01092
28	0.01108	0.00866	0.01003	0.00969	0.01212	0.00762	0.00727	0.01418	0.02180	0.02869	0.37147	0.07251	0.35557	0.01943	0.01005	0.00277	0.00416	0.01664	0.00865	0.00762
29	0.02117	0.01828	0.01924	0.01732	0.02213	0.02117	0.01347	0.04522	0.63246	0.03560	0.03464	0.03175	0.02598	0.01155	0.00866	0.00289	0.00673	0.00962	0.00866	0.01347
30	0.01037	0.00741	0.00987	0.01185	0.01234	0.00691	0.00790	0.01185	0.01629	0.02172	0.04690	0.69537	0.05629	0.02666	0.01086	0.00346	0.00494	0.02419	0.00790	0.00691
31	0.01037	0.00741	0.00987	0.01185	0.01234	0.00691	0.00790	0.01185	0.01629	0.02172	0.04690	0.69537	0.05629	0.02666	0.01086	0.00346	0.00494	0.02419	0.00790	0.00691
32	0.01037	0.00741	0.00987	0.01185	0.01234	0.00691	0.00790	0.01185	0.01629	0.02172	0.04690	0.69537	0.05629	0.02666	0.01086	0.00346	0.00494	0.02419	0.00790	0.00691
33	0.02275	0.70604	0.04459	0.01456	0.02184	0.03367	0.01456	0.02548	0.01729	0.02002	0.01183	0.01365	0.01092	0.00728	0.00546	0.00182	0.00910	0.00455	0.00364	0.01092
34	0.01276	0.01048	0.01146	0.01089	0.01388	0.01010	0.00826	0.01964	0.13753	0.02869	0.24131	0.06692	0.35965	0.01842	0.00979	0.00282	0.00468	0.01561	0.00848	0.00863
35	0.02099	0.02132	0.02616	0.03067	0.23292	0.14077	0.06701	0.02788	0.10368	0.02678	0.02737	0.04026	0.04981	0.01233	0.00923	0.00285	0.01025	0.13277	0.00579	0.01115
36	0.50826	0.01577	0.01504	0.01257	0.01830	0.01679	0.01037	0.03077	0.01794	0.25343	0.01945	0.01912	0.01336	0.00882	0.00642	0.00263	0.00681	0.00599	0.00711	0.01106
37	0.02106	0.02022	0.03454	0.05223	0.64784	0.02022	0.02612	0.02612	0.01938	0.02780	0.01601	0.02106	0.01348	0.00758	0.00842	0.00253	0.01011	0.00758	0.00421	0.01348
38	0.01586	0.00793	0.00793	0.00793	0.00991	0.00793	0.00595	0.01983	0.01785	0.03173	0.02776	0.03173	0.02181	0.00991	0.00595	0.00198	0.00397	0.00793	0.74817	0.00793
39	0.09187	0.08551	0.02507	0.01928	0.02491	0.30917	0.01539	0.23185	0.02818	0.06731	0.01651	0.01754	0.01255	0.00916	0.00763	0.00235	0.01165	0.00624	0.00613	0.01171
40	0.01006	0.00862	0.00862	0.00862	0.01149	0.00718	0.00647	0.01221	0.01940	0.02299	0.08621	0.08190	0.64438	0.02155	0.01006	0.00287	0.00431	0.01796	0.00790	0.00718
41	0.02096	0.02190	0.02606	0.22690	0.20208	0.16890	0.02041	0.02477	0.01914	0.02352	0.05514	0.02300	0.01644	0.01046	0.01122	0.03941	0.06747	0.00757	0.00439	0.01025
42	0.02854	0.07725	0.02801	0.02905	0.18162	0.46516	0.01875	0.03148	0.02250	0.02252	0.01379	0.01667	0.01159	0.00838	0.00772	0.00225	0.01364	0.00595	0.00429	0.01084
43	0.02073	0.01682	0.02467	0.03184	0.32271	0.01624	0.01784	0.05717	0.05446	0.09041	0.03348	0.03468	0.14582	0.01100	0.00858	0.00250	0.00801	0.00969	0.00616	0.08718
44	0.01965	0.02429	0.18376	0.02610	0.14506	0.01843	0.07937	0.14625	0.02302	0.03147	0.03066	0.03271	0.13358	0.01441	0.05019	0.00337	0.01069	0.00959	0.00568	0.01169
45	0.01014	0.00831	0.00894	0.00944	0.01171	0.00712	0.00683	0.01212	0.01861	0.02267	0.07626	0.23725	0.49546	0.02285	0.01026	0.00302	0.00447	0.01954	0.00790	0.00712
46	0.02547	0.02738	0.02215	0.01949	0.02297	0.30599	0.01525	0.10903	0.05465	0.02669	0.02066	0.02345	0.05309	0.01376	0.04223	0.00315	0.15218	0.00748	0.04472	0.01020
47	0.01917	0.06634	0.29608	0.03391	0.21300	0.02130	0.13892	0.02634	0.01847	0.02654	0.01545	0.01961	0.01199	0.00810	0.00951	0.00269	0.04895	0.00734	0.00392	0.01236
48	0.01241	0.00893	0.01142	0.01273	0.01385	0.00872	0.00895	0.06287	0.01848	0.02462	0.04458	0.60146	0.05234	0.02509	0.01072	0.00341	0.00549	0.05837	0.00795	0.00760
49	0.01017	0.00856	0.00882	0.00889	0.01160	0.00721	0.00662	0.01238	0.01946	0.02347	0.11143	0.11354	0.58554	0.02162	0.01010	0.00289	0.00433	0.01817	0.00797	0.00721
50	0.01136	0.00936	0.01013	0.01014	0.01295	0.00843	0.00785	0.01527	0.05841	0.02523	0.13772	0.07831	0.48189	0.02069	0.01015	0.00297	0.00481	0.07849	0.00810	0.00774
51	0.02356	0.16774	0.03597	0.02366	0.03017	0.18631	0.22495	0.07637	0.02211	0.02587	0.02266	0.02515	0.07918	0.00938	0.00837	0.00245	0.01203	0.00839	0.00492	0.01075
52	0.01711	0.01618	0.02740	0.55008	0.18090	0.01918	0.02415	0.02265	0.01751	0.02300	0.01531	0.02235	0.01179	0.00832	0.00849	0.00277	0.01109	0.00757	0.00387	0.01029
53	0.01075	0.00757	0.00976	0.01136	0.01176	0.00717	0.00738	0.01195	0.01555	0.02073	0.04308	0.57356	0.05146	0.15506	0.01704	0.00437	0.00557	0.02194	0.00738	0.00658
54	0.23274	0.22429	0.02632	0.01544	0.02142	0.11982	0.01321	0.14005	0.02225	0.05946	0.01781	0.01883	0.03869	0.00899	0.00665	0.00232	0.00908	0.00605	0.00562	0.01096
55	0.02106	0.02022	0.03454	0.05223	0.64784	0.02022	0.02612	0.02612	0.01938	0.02780	0.01601	0.02106	0.01348	0.00758	0.00842	0.00253	0.01011	0.00758	0.00421	0.01348
56	0.24546	0.02815	0.02293	0.02489	0.15239	0.30065	0.01629	0.06645	0.02128	0.02947	0.01382	0.01640	0.01119	0.00836	0.00717	0.00242	0.01129	0.00580	0.00487	0.01071

[dist]
# distance from previous block
# <min> <max>
0	4

[block]
# block no. 5 follows, 21 sequences, length 27
# corresponding to MSA columns:
# 239-265
name=unknown_F
#
# <colnr> <probs for GDERKNQSTAVLIFYWHMCP>
#	G	D	E	R	K	N	Q	S	T	A	V	L	I	F	Y	W	H	M	C	P
0	0.02488	0.03810	0.26874	0.02628	0.10521	0.28881	0.02335	0.07727	0.02246	0.02665	0.01490	0.01745	0.01148	0.00848	0.00799	0.00245	0.01317	0.00622	0.00439	0.01171
1	0.02090	0.02081	0.02753	0.07201	0.37112	0.10337	0.02063	0.02773	0.09592	0.02787	0.07728	0.02834	0.04979	0.00980	0.00858	0.00257	0.00963	0.00874	0.00539	0.01201
2	0.02743	0.08127	0.18932	0.02209	0.02877	0.46120	0.02022	0.03165	0.02211	0.02237	0.01362	0.01592	0.01091	0.00850	0.00765	0.00230	0.01426	0.00563	0.00414	0.01063
3	0.02186	0.01815	0.01776	0.01584	0.02021	0.06401	0.01232	0.09508	0.39970	0.03549	0.03027	0.02949	0.02291	0.01087	0.00799	0.00261	0.00700	0.00878	0.16753	0.01212
4	0.01035	0.00749	0.00979	0.01162	0.01228	0.00693	0.00780	0.01187	0.01651	0.02181	0.04965	0.65244	0.09744	0.02630	0.01081	0.00342	0.00489	0.02376	0.00790	0.00693
5	0.01238	0.00825	0.00928	0.00928	0.00928	0.00825	0.00516	0.01238	0.01238	0.01650	0.02681	0.05569	0.03094	0.70092	0.04331	0.00825	0.00825	0.01238	0.00516	0.00516
6	0.01256	0.00964	0.01419	0.01397	0.01532	0.01144	0.01083	0.01537	0.01357	0.01963	0.02231	0.03370	0.02117	0.09386	0.59666	0.01280	0.06169	0.00919	0.00454	0.00757
7	0.02817	0.02771	0.02746	0.03003	0.21320	0.22566	0.01911	0.22581	0.06068	0.03457	0.01758	0.01963	0.01369	0.00904	0.00823	0.00245	0.01133	0.00706	0.00593	0.01267
8	0.01037	0.00741	0.00987	0.01185	0.01234	0.00691	0.00790	0.01185	0.01629	0.02172	0.04690	0.69537	0.05629	0.02666	0.01086	0.00346	0.00494	0.02419	0.00790	0.00691
9	0.03179	0.04056	0.02412	0.02192	0.02631	0.66676	0.01644	0.03398	0.02412	0.02083	0.01315	0.01535	0.01096	0.00877	0.00767	0.00219	0.01535	0.00548	0.00438	0.00987
10	0.02448	0.01912	0.02204	0.01713	0.02345	0.01963	0.04350	0.28105	0.13125	0.04047	0.02195	0.02278	0.01652	0.00923	0.00780	0.00224	0.00788	0.00745	0.07512	0.20691
11	0.02109	0.01972	0.03058	0.04319	0.48567	0.02047	0.02284	0.03107	0.17827	0.02982	0.02084	0.02383	0.01672	0.00861	0.00849	0.00262	0.00924	0.00811	0.00536	0.01348
12	0.03235	0.02384	0.02554	0.01958	0.02639	0.02639	0.01618	0.61946	0.04001	0.05363	0.02043	0.02043	0.01447	0.01022	0.00851	0.00255	0.00936	0.00766	0.00851	0.01447
13	0.01204	0.00870	0.01138	0.01071	0.01271	0.00803	0.00803	0.01606	0.02409	0.03413	0.64335	0.06357	0.08030	0.01740	0.01004	0.00268	0.00401	0.01539	0.00937	0.00803
14	0.01717	0.00920	0.00933	0.00886	0.01122	0.00940	0.00676	0.06746	0.01961	0.03347	0.02718	0.03083	0.02123	0.00994	0.00615	0.00203	0.00439	0.00791	0.68941	0.00845
15	0.01006	0.00862	0.00862	0.00862	0.01149	0.00718	0.00647	0.01221	0.01940	0.02299	0.08621	0.08190	0.64438	0.02155	0.01006	0.00287	0.00431	0.01796	0.00790	0.00718
16	0.01006	0.00862	0.00862	0.00862	0.01149	0.00718	0.00647	0.01221	0.01940	0.02299	0.08621	0.08190	0.64438	0.02155	0.01006	0.00287	0.00431	0.01796	0.00790	0.00718
17	0.01037	0.00741	0.00987	0.01185	0.01234	0.00691	0.00790	0.01185	0.01629	0.02172	0.04690	0.69537	0.05629	0.02666	0.01086	0.00346	0.00494	0.02419	0.00790	0.00691
18	0.03179	0.04056	0.02412	0.02192	0.02631	0.66676	0.01644	0.03398	0.02412	0.02083	0.01315	0.01535	0.01096	0.00877	0.00767	0.00219	0.01535	0.00548	0.00438	0.00987
19	0.03194	0.03597	0.02451	0.02128	0.02633	0.49112	0.01637	0.19456	0.02848	0.02983	0.01515	0.01674	0.01192	0.00917	0.00790	0.00229	0.01371	0.00608	0.00552	0.01113
20	0.01034	0.00750	0.00978	0.01159	0.01228	0.00693	0.00779	0.01188	0.01654	0.02182	0.05003	0.64663	0.10300	0.02626	0.01080	0.00341	0.00489	0.02370	0.00790	0.00693
21	0.01397	0.01178	0.01715	0.01611	0.01720	0.01496	0.01287	0.01668	0.01350	0.01996	0.01954	0.02928	0.01844	0.05011	0.48801	0.01089	0.20851	0.00865	0.00432	0.00808
22	0.02106	0.02022	0.03454	0.05223	0.64784	0.02022	0.02612	0.02612	0.01938	0.02780	0.01601	0.02106	0.01348	0.00758	0.00842	0.00253	0.01011	0.00758	0.00421	0.01348
23	0.01135	0.00851	0.01056	0.01065	0.01260	0.00772	0.00791	0.01446	0.02135	0.02879	0.37252	0.18076	0.21202	0.02035	0.01027	0.00292	0.00444	0.04653	0.00868	0.00762
24	0.02611	0.02821	0.02093	0.01861	0.02299	0.33829	0.01428	0.12272	0.11386	0.02878	0.05198	0.02798	0.07555	0.01480	0.05442	0.00324	0.01218	0.00825	0.00620	0.01062
25	0.07272	0.07714	0.04878	0.01283	0.01791	0.04159	0.01088	0.02351	0.11219	0.05309	0.04768	0.04615	0.27598	0.01399	0.00831	0.00250	0.00655	0.01124	0.00680	0.11016
26	0.02083	0.01853	0.02761	0.02153	0.02709	0.01925	0.18814	0.17533	0.12158	0.03434	0.06440	0.06605	0.12122	0.01267	0.01026	0.00285	0.03848	0.01145	0.00702	0.01138

[dist]
# distance from previous block
# <min> <max>
0	21

[block]
# block no. 6 follows, 21 sequences, length 62
# corresponding to MSA columns:
# 287-348
name=unknown_G
#
# <colnr> <probs for GDERKNQSTAVLIFYWHMCP>
#	G	D	E	R	K	N	Q	S	T	A	V	L	I	F	Y	W	H	M	C	P
0	0.02280	0.02192	0.08817	0.02346	0.13694	0.07789	0.01702	0.11599	0.13285	0.08972	0.03247	0.03275	0.11394	0.01389	0.03925	0.00316	0.00956	0.00940	0.00677	0.01204
1	0.02348	0.02946	0.29172	0.02625	0.11300	0.04725	0.08929	0.03018	0.02052	0.17933	0.05109	0.02374	0.01733	0.00901	0.00854	0.00265	0.01085	0.00784	0.00576	0.01269
2	0.01745	0.01604	0.02388	0.18816	0.23014	0.01754	0.01903	0.02500	0.11758	0.02626	0.03240	0.03737	0.12866	0.01204	0.00990	0.00285	0.04223	0.03694	0.00563	0.01091
3	0.02171	0.02685	0.11702	0.21957	0.11915	0.16581	0.06077	0.05599	0.02001	0.02489	0.01484	0.01967	0.01170	0.00901	0.01024	0.00271	0.07789	0.00707	0.00421	0.01088
4	0.01054	0.00808	0.00951	0.01055	0.01206	0.00725	0.00742	0.01232	0.01748	0.02209	0.06167	0.37231	0.29594	0.06780	0.01266	0.00355	0.00504	0.04904	0.00772	0.00696
5	0.01282	0.01053	0.01152	0.01094	0.01393	0.01016	0.00830	0.01980	0.14036	0.02878	0.24289	0.06663	0.35496	0.01836	0.00978	0.00282	0.00469	0.01556	0.00849	0.00866
6	0.02680	0.21944	0.03629	0.02213	0.02915	0.11392	0.15056	0.23893	0.02695	0.03375	0.01629	0.01839	0.01264	0.00850	0.00788	0.00237	0.01122	0.00702	0.00563	0.01217
7	0.02275	0.70604	0.04459	0.01456	0.02184	0.03367	0.01456	0.02548	0.01729	0.02002	0.01183	0.01365	0.01092	0.00728	0.00546	0.00182	0.00910	0.00455	0.00364	0.01092
8	0.01055	0.00864	0.00931	0.00914	0.01180	0.00739	0.00685	0.01317	0.02056	0.02576	0.22459	0.07735	0.50428	0.02052	0.01005	0.00282	0.00424	0.01732	0.00827	0.00739
9	0.01222	0.00886	0.01239	0.01239	0.01347	0.00994	0.00903	0.01437	0.01330	0.01880	0.02397	0.03994	0.02410	0.25010	0.48479	0.01209	0.01854	0.01007	0.00473	0.00688
10	0.02097	0.18365	0.08918	0.01911	0.02326	0.14251	0.01709	0.02495	0.04170	0.02157	0.01482	0.01960	0.01318	0.01870	0.11423	0.00439	0.21031	0.00664	0.00414	0.01001
11	0.01234	0.00854	0.01104	0.01114	0.01188	0.00914	0.00757	0.01383	0.01336	0.01879	0.02627	0.07894	0.02792	0.37522	0.29386	0.00993	0.01380	0.01147	0.03861	0.00637
12	0.01217	0.00908	0.01349	0.01349	0.01495	0.01054	0.01041	0.01508	0.01362	0.01962	0.02296	0.03436	0.02168	0.09036	0.64121	0.01345	0.02219	0.00925	0.00458	0.00750
13	0.01075	0.00865	0.00958	0.00934	0.01192	0.00748	0.00701	0.01355	0.02102	0.02685	0.27946	0.07554	0.44872	0.02011	0.01005	0.00281	0.00421	0.01707	0.00841	0.00748
14	0.01174	0.00883	0.01107	0.01095	0.01249	0.00860	0.00791	0.01432	0.01932	0.02632	0.30152	0.15985	0.16405	0.11748	0.05778	0.00436	0.03225	0.01608	0.00777	0.00733
15	0.02941	0.06421	0.02566	0.08696	0.05814	0.51796	0.01750	0.05884	0.02365	0.02271	0.01376	0.01649	0.01127	0.00869	0.00774	0.00227	0.01418	0.00584	0.00448	0.01025
16	0.01960	0.01873	0.03191	0.23592	0.47556	0.01984	0.02539	0.02484	0.01869	0.02603	0.01575	0.02154	0.01286	0.00785	0.00845	0.00262	0.01047	0.00758	0.00409	0.01230
17	0.01198	0.00895	0.01331	0.01350	0.01492	0.01028	0.01037	0.01487	0.01393	0.01995	0.02514	0.09780	0.02468	0.06021	0.60337	0.01268	0.02106	0.01058	0.00488	0.00753
18	0.02513	0.02127	0.05830	0.02636	0.17378	0.02154	0.01806	0.33451	0.02899	0.03963	0.01974	0.02397	0.01578	0.05129	0.09861	0.00433	0.01146	0.00800	0.00652	0.01275
19	0.03054	0.03755	0.02438	0.02184	0.02593	0.57097	0.01664	0.06328	0.02387	0.02251	0.01334	0.01593	0.01117	0.00944	0.00969	0.00236	0.08019	0.00579	0.00454	0.01005
20	0.01225	0.00877	0.01190	0.01190	0.01281	0.00968	0.00843	0.01406	0.01315	0.01844	0.02442	0.04241	0.02517	0.32071	0.41565	0.01149	0.01693	0.01043	0.00480	0.00661
21	0.02512	0.02134	0.02140	0.01828	0.02364	0.06425	0.01445	0.21239	0.42009	0.03992	0.02910	0.02739	0.02165	0.01098	0.00855	0.00274	0.00806	0.00878	0.00834	0.01353
22	0.01030	0.00769	0.00958	0.01110	0.01215	0.00698	0.00757	0.01193	0.01701	0.02202	0.05603	0.55290	0.19286	0.02547	0.01068	0.00332	0.00479	0.02275	0.00790	0.00698
23	0.19929	0.01965	0.02932	0.03683	0.36481	0.02046	0.07818	0.05816	0.05881	0.03209	0.01656	0.02016	0.01326	0.00801	0.00784	0.00261	0.00942	0.00724	0.00499	0.01231
24	0.02009	0.02296	0.05022	0.03587	0.04448	0.02152	0.61693	0.02726	0.02009	0.02726	0.01722	0.02296	0.01291	0.00717	0.01004	0.00287	0.01435	0.01004	0.00430	0.01148
25	0.01219	0.00874	0.01152	0.01313	0.01427	0.00851	0.00968	0.04147	0.01819	0.02411	0.04523	0.52011	0.05259	0.02514	0.01097	0.00353	0.00584	0.15940	0.00791	0.00749
26	0.01071	0.00910	0.00929	0.00916	0.01208	0.00792	0.00689	0.01404	0.04976	0.02419	0.11276	0.07848	0.58456	0.02084	0.00999	0.00286	0.00441	0.01742	0.00802	0.00754
27	0.01006	0.00862	0.00862	0.00862	0.01149	0.00718	0.00647	0.01221	0.01940	0.02299	0.08621	0.08190	0.64438	0.02155	0.01006	0.00287	0.00431	0.01796	0.00790	0.00718
28	0.01080	0.00833	0.00986	0.01016	0.01212	0.00739	0.00736	0.01340	0.02015	0.02636	0.26132	0.23603	0.30309	0.02150	0.01026	0.00296	0.00438	0.01873	0.00839	0.00739
29	0.01037	0.00741	0.00987	0.01185	0.01234	0.00691	0.00790	0.01185	0.01629	0.02172	0.04690	0.69537	0.05629	0.02666	0.01086	0.00346	0.00494	0.02419	0.00790	0.00691
30	0.01799	0.01769	0.02486	0.02150	0.02165	0.02457	0.01784	0.01997	0.01310	0.02041	0.01230	0.02006	0.01215	0.01965	0.09009	0.00469	0.62092	0.00761	0.00380	0.00914
31	0.03235	0.02384	0.02554	0.01958	0.02639	0.02639	0.01618	0.61946	0.04001	0.05363	0.02043	0.02043	0.01447	0.01022	0.00851	0.00255	0.00936	0.00766	0.00851	0.01447
32	0.01156	0.00826	0.01124	0.01321	0.01423	0.00794	0.00997	0.01391	0.01747	0.02306	0.04625	0.48155	0.05368	0.02554	0.01118	0.00362	0.00597	0.22624	0.00788	0.00724
33	0.02331	0.02604	0.02147	0.01939	0.02181	0.31242	0.01515	0.02571	0.01863	0.02162	0.01551	0.02073	0.01370	0.01931	0.11691	0.00442	0.21130	0.00686	0.07655	0.00916
34	0.01833	0.01744	0.02961	0.39558	0.32581	0.01950	0.02476	0.02373	0.01809	0.02449	0.01553	0.02195	0.01231	0.00809	0.00847	0.00270	0.01078	0.00757	0.00398	0.01128
35	0.01216	0.00912	0.01368	0.01368	0.01520	0.01064	0.01064	0.01520	0.01368	0.01976	0.02279	0.03343	0.02127	0.06382	0.66720	0.01368	0.02279	0.00912	0.00456	0.00760
36	0.31308	0.02670	0.01951	0.01690	0.02216	0.26965	0.01331	0.11832	0.02279	0.08313	0.01537	0.01661	0.01162	0.00879	0.00694	0.00245	0.01043	0.00572	0.00583	0.01067
37	0.01221	0.00892	0.01269	0.01269	0.01387	0.01010	0.00941	0.01456	0.01338	0.01903	0.02370	0.03843	0.02344	0.20678	0.52721	0.01246	0.01953	0.00985	0.00469	0.00705
38	0.01814	0.03197	0.34499	0.02586	0.03625	0.01879	0.21585	0.02604	0.01859	0.02719	0.01587	0.01951	0.01180	0.00747	0.00839	0.00249	0.01200	0.00727	0.00409	0.14743
39	0.01943	0.01827	0.03086	0.16423	0.47817	0.01896	0.02445	0.02449	0.01896	0.02646	0.01867	0.02865	0.01654	0.00930	0.00876	0.00272	0.01012	0.06427	0.00449	0.01219
40	0.09380	0.02227	0.13278	0.01535	0.02116	0.07644	0.01438	0.15746	0.02308	0.03520	0.02035	0.02277	0.01549	0.00918	0.00702	0.00229	0.00817	0.00689	0.27062	0.04530
41	0.01932	0.01914	0.03430	0.23161	0.33914	0.02034	0.13005	0.02478	0.01852	0.02559	0.01574	0.02176	0.01265	0.00812	0.00965	0.00273	0.04272	0.00801	0.00408	0.01175
42	0.01109	0.00850	0.01016	0.01009	0.01221	0.00757	0.00743	0.01407	0.02131	0.02835	0.35750	0.15512	0.28545	0.02018	0.01016	0.00285	0.00425	0.01752	0.00863	0.00757
43	0.02270	0.01194	0.01440	0.01227	0.01676	0.01065	0.00983	0.06312	0.02290	0.27137	0.08765	0.05700	0.30745	0.01640	0.00944	0.00279	0.00591	0.03779	0.00904	0.01057
44	0.16218	0.15709	0.02496	0.01668	0.02045	0.02359	0.01422	0.11006	0.01828	0.02855	0.01487	0.01959	0.01303	0.02001	0.12978	0.00472	0.20035	0.00664	0.00486	0.01008
45	0.01136	0.00817	0.01049	0.01175	0.01279	0.00773	0.00841	0.01336	0.01736	0.02296	0.10534	0.38617	0.10688	0.11848	0.01537	0.00407	0.00575	0.11895	0.00765	0.00696
46	0.01026	0.00784	0.00943	0.01070	0.01204	0.00701	0.00739	0.01198	0.01740	0.02218	0.06093	0.47652	0.26608	0.02484	0.01058	0.00325	0.00471	0.02197	0.00790	0.00701
47	0.06405	0.03427	0.02405	0.02072	0.02590	0.43799	0.01604	0.21669	0.02866	0.03185	0.01537	0.01687	0.01198	0.00918	0.00783	0.00232	0.01309	0.00612	0.00571	0.01128
48	0.01372	0.01136	0.01643	0.01554	0.01662	0.01422	0.01228	0.01632	0.01346	0.01977	0.02020	0.03098	0.01933	0.08377	0.48268	0.01102	0.18114	0.00888	0.00439	0.00789
49	0.01028	0.00851	0.00901	0.00913	0.01169	0.00724	0.00675	0.01254	0.01954	0.02393	0.13547	0.13981	0.53345	0.02165	0.01013	0.00291	0.00434	0.01832	0.00804	0.00724
50	0.03297	0.02056	0.02323	0.01806	0.02461	0.02182	0.01484	0.39463	0.09305	0.22733	0.02566	0.02403	0.01752	0.01044	0.00854	0.00261	0.00849	0.00811	0.00912	0.01438
51	0.02250	0.01986	0.02936	0.02586	0.09910	0.02102	0.16165	0.19461	0.13673	0.03526	0.02637	0.08436	0.04627	0.01156	0.01013	0.00284	0.04312	0.01045	0.00671	0.01223
52	0.02001	0.02263	0.14055	0.25957	0.09070	0.05162	0.05233	0.02542	0.01790	0.08461	0.01675	0.02179	0.01278	0.01155	0.03663	0.00328	0.10899	0.00750	0.00452	0.01087
53	0.01073	0.00831	0.00978	0.01013	0.01209	0.00736	0.00732	0.01325	0.01993	0.02592	0.23965	0.24546	0.31609	0.02173	0.01027	0.00298	0.00440	0.01892	0.00833	0.00736
54	0.01141	0.00762	0.00968	0.01112	0.01182	0.00732	0.00747	0.01318	0.01607	0.02263	0.04141	0.51654	0.04768	0.08646	0.03797	0.00406	0.00577	0.02020	0.11464	0.00693
55	0.02324	0.03057	0.15277	0.03519	0.28296	0.20120	0.05453	0.02977	0.05993	0.02616	0.01633	0.01965	0.01302	0.00825	0.00825	0.00251	0.01206	0.00700	0.00443	0.01219
56	0.01907	0.04301	0.01739	0.07887	0.02176	0.03936	0.01208	0.05607	0.16947	0.09742	0.06469	0.18210	0.13209	0.01593	0.00922	0.00288	0.00690	0.01359	0.00775	0.01034
57	0.01737	0.01328	0.01562	0.01651	0.07379	0.05446	0.01140	0.07990	0.01869	0.02730	0.02292	0.03035	0.01980	0.06370	0.27742	0.00716	0.01368	0.00840	0.21926	0.00897
58	0.02087	0.14900	0.16299	0.09095	0.06597	0.08681	0.18591	0.02869	0.07877	0.02557	0.01689	0.02028	0.01308	0.00811	0.00823	0.00256	0.01191	0.00745	0.00442	0.01153
59	0.23081	0.11032	0.01699	0.04487	0.01798	0.04812	0.01013	0.01970	0.01725	0.02682	0.03787	0.13723	0.19028	0.01441	0.00778	0.00264	0.00673	0.01145	0.00603	0.04259
60	0.23370	0.06335	0.02201	0.02161	0.13371	0.07955	0.01442	0.07620	0.01834	0.02950	0.01507	0.02091	0.01333	0.07234	0.01351	0.04227	0.07463	0.00664	0.00492	0.04398
61	0.01853	0.09642	0.20496	0.01997	0.06391	0.10163	0.01809	0.02503	0.07724	0.02380	0.02167	0.08631	0.02025	0.10820	0.07381	0.00438	0.01153	0.00911	0.00492	0.01023

[dist]
# distance from previous block
# <min> <max>
21	122

[block]
# block no. 7 follows, 21 sequences, length 96
# corresponding to MSA columns:
# 474-569
name=unknown_H
#
# <colnr> <probs for GDERKNQSTAVLIFYWHMCP>
#	G	D	E	R	K	N	Q	S	T	A	V	L	I	F	Y	W	H	M	C	P
0	0.07927	0.03149	0.19582	0.01932	0.02664	0.21545	0.01852	0.10026	0.02283	0.07862	0.02128	0.02238	0.05540	0.00951	0.00784	0.00242	0.01111	0.00696	0.00551	0.06936
1	0.05070	0.06892	0.07528	0.13465	0.19949	0.07567	0.06678	0.09696	0.02103	0.02829	0.01796	0.05867	0.01564	0.04201	0.00994	0.00287	0.01060	0.00832	0.00489	0.01132
2	0.07318	0.06766	0.02525	0.02654	0.19440	0.07725	0.01693	0.08804	0.24366	0.03238	0.02558	0.02618	0.04638	0.01001	0.00811	0.00261	0.00869	0.00821	0.00644	0.01250
3	0.13156	0.22059	0.02827	0.06329	0.02587	0.35459	0.01539	0.02951	0.02037	0.02313	0.01274	0.01516	0.01073	0.00821	0.00677	0.00220	0.01209	0.00524	0.00426	0.01004
4	0.16294	0.19272	0.14768	0.05450	0.02685	0.18288	0.01766	0.02911	0.06662	0.02629	0.01478	0.01684	0.01178	0.00832	0.00689	0.00237	0.01077	0.00569	0.00452	0.01077
5	0.12747	0.01412	0.01706	0.14448	0.05862	0.04505	0.01300	0.02046	0.03858	0.02394	0.01951	0.03018	0.01812	0.16456	0.16676	0.00626	0.01218	0.00826	0.00480	0.06658
6	0.02472	0.09821	0.02100	0.01507	0.01945	0.04154	0.01200	0.11512	0.09649	0.18244	0.02931	0.08084	0.04761	0.12980	0.01521	0.00362	0.03898	0.01009	0.00743	0.01109
7	0.02132	0.01606	0.01916	0.01559	0.01972	0.01679	0.05217	0.27790	0.02627	0.03461	0.03450	0.04119	0.14533	0.16585	0.01841	0.05895	0.00829	0.01092	0.00701	0.00995
8	0.01350	0.00935	0.01144	0.01141	0.01397	0.00804	0.00821	0.01561	0.01788	0.07227	0.05109	0.39548	0.19288	0.02125	0.00984	0.00294	0.00516	0.01872	0.00770	0.11326
9	0.01238	0.00825	0.00928	0.00928	0.00928	0.00825	0.00516	0.01238	0.01238	0.01650	0.02681	0.05569	0.03094	0.70092	0.04331	0.00825	0.00825	0.01238	0.00516	0.00516
10	0.07731	0.43491	0.03308	0.01431	0.02023	0.10091	0.01306	0.05221	0.01898	0.02486	0.01496	0.01710	0.01273	0.00806	0.00592	0.00198	0.00881	0.00535	0.12489	0.01035
11	0.01788	0.01817	0.06933	0.03665	0.38687	0.01612	0.02073	0.02237	0.01854	0.02636	0.02406	0.16066	0.02422	0.01242	0.00895	0.00272	0.00879	0.05044	0.00522	0.06949
12	0.02194	0.02361	0.03371	0.07271	0.27078	0.13114	0.13856	0.02634	0.01896	0.02476	0.01478	0.02008	0.01238	0.00917	0.01240	0.00279	0.14263	0.00768	0.00414	0.01145
13	0.02741	0.29101	0.07514	0.01912	0.02534	0.33330	0.01673	0.07603	0.02236	0.02350	0.01337	0.01528	0.01121	0.00827	0.00693	0.00211	0.01233	0.00535	0.00437	0.01081
14	0.02067	0.01982	0.03384	0.10132	0.60180	0.02012	0.02592	0.02578	0.01919	0.02733	0.01594	0.02119	0.01331	0.00765	0.00843	0.00255	0.01021	0.00758	0.00418	0.01317
15	0.01268	0.00980	0.01434	0.01405	0.01535	0.01168	0.01089	0.01542	0.01354	0.01959	0.02216	0.03379	0.02115	0.10348	0.57468	0.01253	0.07357	0.00921	0.00453	0.00757
16	0.01707	0.04402	0.65683	0.02426	0.03683	0.01976	0.03144	0.02695	0.01797	0.02695	0.01527	0.01797	0.01078	0.00809	0.00809	0.00270	0.01258	0.00629	0.00359	0.01258
17	0.01096	0.00793	0.01036	0.01129	0.01244	0.00733	0.00788	0.01340	0.01927	0.02629	0.26549	0.43758	0.09200	0.02306	0.01053	0.00315	0.00457	0.02071	0.00843	0.00733
18	0.01006	0.00862	0.00862	0.00862	0.01149	0.00718	0.00647	0.01221	0.01940	0.02299	0.08621	0.08190	0.64438	0.02155	0.01006	0.00287	0.00431	0.01796	0.00790	0.00718
