[name]
unknown

[dist]
# distance from previous block
# <min> <max>
35	222

[block]
# block no. 0 follows, 20 sequences, length 32
# corresponding to MSA columns:
# 245-276
name=unknown_A
#
# <colnr> <probs for GDERKNQSTAVLIFYWHMCP>
#	G	D	E	R	K	N	Q	S	T	A	V	L	I	F	Y	W	H	M	C	P
0	0.01634	0.07467	0.01648	0.01299	0.01659	0.01370	0.01023	0.12226	0.02253	0.02900	0.05172	0.23103	0.23843	0.01942	0.00973	0.00293	0.00630	0.05031	0.00766	0.04769
1	0.05941	0.24470	0.09101	0.05896	0.02812	0.28417	0.01782	0.07526	0.02231	0.02517	0.01391	0.01624	0.01143	0.00850	0.00720	0.00227	0.01231	0.00566	0.00451	0.01103
2	0.03077	0.03855	0.02333	0.02129	0.02537	0.59913	0.01580	0.03281	0.02362	0.02094	0.01476	0.01950	0.01310	0.07144	0.01120	0.00281	0.01507	0.00626	0.00457	0.00967
3	0.01041	0.00843	0.00925	0.00991	0.01206	0.00727	0.00710	0.01240	0.01885	0.02314	0.07532	0.27953	0.44833	0.02379	0.01058	0.00314	0.00463	0.02048	0.00810	0.00727
4	0.01424	0.01161	0.01613	0.02025	0.12734	0.01146	0.01276	0.01920	0.07411	0.02637	0.08826	0.29539	0.11847	0.02055	0.01046	0.00326	0.00651	0.10684	0.00759	0.00918
5	0.01128	0.00801	0.01055	0.01215	0.01288	0.00758	0.00838	0.01310	0.01729	0.02317	0.09526	0.52089	0.05658	0.09035	0.01435	0.00399	0.00558	0.07356	0.00795	0.00709
6	0.03221	0.02277	0.02490	0.01900	0.02603	0.02437	0.01566	0.50561	0.03746	0.10207	0.02155	0.02140	0.01522	0.01011	0.00851	0.00250	0.00911	0.00767	0.00856	0.08528
7	0.02159	0.02073	0.03541	0.05354	0.63903	0.02073	0.02677	0.02677	0.01986	0.02850	0.01641	0.02159	0.01382	0.00777	0.00864	0.00259	0.01036	0.00777	0.00432	0.01382
8	0.02409	0.02398	0.03008	0.18100	0.31183	0.14085	0.02295	0.10685	0.02312	0.02939	0.01628	0.02077	0.01298	0.00858	0.00852	0.00260	0.01155	0.00737	0.00485	0.01234
9	0.02744	0.01703	0.01988	0.01632	0.02138	0.01758	0.01301	0.29054	0.03071	0.17764	0.11689	0.14953	0.03375	0.01464	0.00939	0.00282	0.00751	0.01225	0.00920	0.01249
10	0.01789	0.01733	0.02443	0.02130	0.02158	0.02386	0.01761	0.02002	0.01348	0.02086	0.01360	0.02182	0.01332	0.02431	0.14232	0.00566	0.55948	0.00794	0.00397	0.00923
11	0.01058	0.00892	0.00921	0.00935	0.01223	0.00756	0.00716	0.01292	0.01990	0.02375	0.08535	0.08498	0.59364	0.02223	0.01043	0.00302	0.00468	0.05859	0.00810	0.00741
12	0.01638	0.01134	0.01252	0.01142	0.01268	0.01181	0.00732	0.12043	0.01780	0.02378	0.02630	0.05056	0.02867	0.57024	0.03796	0.00740	0.00866	0.01181	0.00591	0.00701
13	0.01908	0.01908	0.02672	0.02290	0.02290	0.02672	0.01908	0.02099	0.01336	0.02099	0.01145	0.01908	0.01145	0.01527	0.02863	0.00382	0.67748	0.00763	0.00382	0.00954
14	0.03148	0.02438	0.02518	0.01984	0.02642	0.05448	0.01619	0.50316	0.12407	0.05081	0.02270	0.02238	0.01637	0.01060	0.00871	0.00265	0.00948	0.00804	0.00856	0.01448
15	0.01109	0.00839	0.01023	0.01078	0.01251	0.00754	0.00770	0.01366	0.02024	0.02677	0.25007	0.30526	0.23870	0.02268	0.01061	0.00310	0.00456	0.01996	0.00859	0.00754
16	0.02150	0.02098	0.03687	0.05201	0.58489	0.02085	0.07974	0.02688	0.01993	0.02845	0.01652	0.02177	0.01376	0.00773	0.00879	0.00262	0.01076	0.00800	0.00433	0.01363
17	0.01031	0.00884	0.00884	0.00884	0.01178	0.00736	0.00663	0.01252	0.01988	0.02356	0.08837	0.08395	0.63549	0.02209	0.01031	0.00295	0.00442	0.01841	0.00810	0.00736
18	0.01063	0.00759	0.01012	0.01215	0.01265	0.00709	0.00810	0.01215	0.01670	0.02227	0.04808	0.68775	0.05769	0.02733	0.01113	0.00354	0.00506	0.02480	0.00810	0.00709
19	0.01540	0.01184	0.01347	0.01243	0.01555	0.01182	0.00964	0.10576	0.05620	0.03114	0.18856	0.06320	0.25996	0.06269	0.05907	0.00406	0.00714	0.05493	0.00816	0.00899
20	0.01809	0.01550	0.01809	0.01292	0.02067	0.01163	0.01034	0.02196	0.01809	0.02842	0.01550	0.01809	0.01292	0.00646	0.00646	0.00129	0.00646	0.00517	0.00517	0.74677
21	0.02604	0.02559	0.02887	0.03532	0.30916	0.16963	0.02065	0.16352	0.02592	0.03265	0.02193	0.02453	0.05791	0.00971	0.00860	0.00254	0.01101	0.00805	0.00566	0.01273
22	0.17738	0.01080	0.01147	0.01172	0.01411	0.01133	0.00858	0.01758	0.04928	0.02636	0.04211	0.25253	0.14743	0.07840	0.09767	0.00498	0.00810	0.01532	0.00687	0.00798
23	0.05432	0.05729	0.21130	0.03178	0.22664	0.12755	0.02382	0.02727	0.01978	0.02707	0.05237	0.02150	0.01625	0.00926	0.00963	0.00265	0.05782	0.00724	0.00447	0.01199
24	0.16633	0.06268	0.29597	0.02807	0.16879	0.08229	0.02422	0.02766	0.01861	0.02919	0.01476	0.01784	0.01139	0.00816	0.00763	0.00262	0.01121	0.00625	0.00425	0.01208
25	0.12461	0.02197	0.13715	0.02932	0.22245	0.01761	0.05552	0.02558	0.04308	0.05372	0.02962	0.03523	0.10490	0.01138	0.00871	0.00283	0.00929	0.04983	0.00561	0.01160
26	0.21529	0.10252	0.02677	0.08839	0.16603	0.16530	0.01783	0.02735	0.01867	0.02759	0.01369	0.01743	0.01140	0.00874	0.00876	0.00258	0.06022	0.00612	0.00449	0.01082
27	0.09491	0.02600	0.13661	0.06562	0.05122	0.13528	0.01838	0.07803	0.08033	0.06442	0.06619	0.03301	0.02322	0.01163	0.00868	0.00282	0.01027	0.07579	0.00629	0.01130
28	0.02237	0.02585	0.04312	0.01886	0.02209	0.29495	0.01487	0.02661	0.06415	0.02334	0.02666	0.17025	0.02728	0.01832	0.04610	0.00355	0.05957	0.07670	0.00591	0.00944
29	0.10809	0.03702	0.24551	0.02087	0.02826	0.29769	0.02062	0.02974	0.02098	0.02673	0.03739	0.01922	0.01414	0.00902	0.00773	0.00249	0.01263	0.00632	0.04469	0.01086
30	0.26423	0.07492	0.02584	0.06827	0.25588	0.02099	0.01780	0.06950	0.01983	0.03345	0.05912	0.02167	0.01700	0.00884	0.00744	0.00260	0.00865	0.00708	0.00531	0.01158
31	0.15883	0.02782	0.22334	0.01908	0.02700	0.02126	0.01935	0.22396	0.05850	0.03944	0.04321	0.06150	0.01840	0.01070	0.00818	0.00276	0.00951	0.00825	0.00648	0.01243

[dist]
# distance from previous block
# <min> <max>
20	119

[block]
# block no. 1 follows, 20 sequences, length 27
# corresponding to MSA columns:
# 407-433
name=unknown_B
#
# <colnr> <probs for GDERKNQSTAVLIFYWHMCP>
#	G	D	E	R	K	N	Q	S	T	A	V	L	I	F	Y	W	H	M	C	P
0	0.02022	0.16595	0.33958	0.07381	0.03293	0.06096	0.02392	0.05726	0.05312	0.02671	0.01686	0.02088	0.01336	0.04715	0.00986	0.00289	0.01151	0.00677	0.00439	0.01185
1	0.05611	0.16141	0.26279	0.02390	0.10821	0.02243	0.02228	0.05798	0.01974	0.02868	0.06513	0.02171	0.01747	0.00927	0.00898	0.00254	0.05014	0.00703	0.00471	0.04951
2	0.07521	0.05462	0.01984	0.02115	0.14606	0.08663	0.01332	0.05753	0.02059	0.02945	0.07701	0.03502	0.08821	0.05647	0.03244	0.00322	0.00848	0.00936	0.15545	0.00994
3	0.02114	0.01909	0.01873	0.01630	0.02071	0.13921	0.04108	0.09982	0.02314	0.06387	0.03895	0.15907	0.14545	0.01564	0.00928	0.00270	0.00858	0.04416	0.00706	0.10600
4	0.02038	0.02326	0.11514	0.13103	0.48359	0.02049	0.02716	0.02629	0.01935	0.02757	0.01619	0.02139	0.01316	0.00796	0.00860	0.00265	0.01086	0.00759	0.00418	0.01315
5	0.02254	0.07327	0.09041	0.08146	0.10676	0.17892	0.15914	0.02912	0.06651	0.02569	0.02244	0.02548	0.06045	0.00947	0.00875	0.00264	0.01228	0.00846	0.00488	0.01132
6	0.02720	0.07237	0.09317	0.02895	0.12371	0.34050	0.10446	0.05976	0.02317	0.02562	0.01503	0.01817	0.01207	0.00849	0.00829	0.00245	0.01382	0.00676	0.00454	0.01148
7	0.02187	0.05506	0.02032	0.06765	0.06201	0.17882	0.01407	0.05336	0.02285	0.07656	0.10719	0.04587	0.16457	0.01425	0.00915	0.00271	0.00925	0.05763	0.00681	0.00998
8	0.02197	0.02242	0.03254	0.04308	0.43573	0.09585	0.07044	0.02785	0.05453	0.02768	0.02268	0.02639	0.06124	0.00920	0.00882	0.00263	0.01071	0.00864	0.00489	0.01272
9	0.01888	0.02035	0.06029	0.25976	0.21604	0.09153	0.02158	0.02367	0.01932	0.02480	0.04406	0.09657	0.04402	0.01129	0.00895	0.00279	0.01055	0.00997	0.00489	0.01070
10	0.04970	0.06682	0.16231	0.17566	0.03135	0.01717	0.01810	0.05571	0.01917	0.04965	0.07095	0.03498	0.07125	0.12460	0.01446	0.00369	0.00959	0.00945	0.00544	0.00996
11	0.03194	0.03873	0.02452	0.02198	0.02670	0.56672	0.01664	0.08222	0.06410	0.02504	0.01549	0.01722	0.01251	0.00929	0.00800	0.00232	0.01467	0.00607	0.00512	0.01073
12	0.02049	0.01355	0.01585	0.01253	0.01826	0.01136	0.00998	0.06020	0.02181	0.14981	0.07620	0.04318	0.20782	0.01295	0.00844	0.00224	0.00610	0.01066	0.00764	0.29095
13	0.01063	0.00759	0.01012	0.01215	0.01265	0.00709	0.00810	0.01215	0.01670	0.02227	0.04808	0.68775	0.05769	0.02733	0.01113	0.00354	0.00506	0.02480	0.00810	0.00709
14	0.02938	0.03571	0.02708	0.02897	0.15413	0.48287	0.01907	0.03222	0.02294	0.02281	0.01395	0.01718	0.01179	0.00916	0.00943	0.00243	0.05943	0.00620	0.00441	0.01085
15	0.03258	0.04157	0.02472	0.02247	0.02697	0.65843	0.01685	0.03483	0.02472	0.02135	0.01348	0.01573	0.01124	0.00899	0.00787	0.00225	0.01573	0.00562	0.00449	0.01011
16	0.01662	0.01236	0.01377	0.01262	0.01626	0.01239	0.00971	0.02623	0.20559	0.08070	0.20021	0.05931	0.26581	0.01701	0.00974	0.00288	0.00535	0.01438	0.00892	0.01015
17	0.01246	0.00935	0.01402	0.01402	0.01558	0.01090	0.01090	0.01558	0.01402	0.02025	0.02336	0.03427	0.02181	0.06542	0.65888	0.01402	0.02336	0.00935	0.00467	0.00779
18	0.01858	0.01704	0.02536	0.03478	0.35354	0.01721	0.01892	0.02653	0.12767	0.02931	0.07696	0.03974	0.15287	0.01222	0.00915	0.00274	0.00806	0.01095	0.00629	0.01207
19	0.03181	0.04028	0.02483	0.02250	0.02673	0.62201	0.01698	0.03403	0.02406	0.02133	0.01337	0.01592	0.01125	0.00935	0.00906	0.00234	0.05388	0.00573	0.00446	0.01008
20	0.01268	0.00846	0.00951	0.00951	0.00951	0.00846	0.00529	0.01268	0.01268	0.01691	0.02748	0.05708	0.03171	0.69345	0.04440	0.00846	0.00846	0.01268	0.00529	0.00529
21	0.01924	0.14992	0.02614	0.02395	0.17268	0.02037	0.01553	0.02920	0.20144	0.02895	0.08102	0.03789	0.13398	0.01227	0.00854	0.00263	0.00758	0.01031	0.00665	0.01172
22	0.01185	0.00922	0.01090	0.01120	0.01340	0.00854	0.00835	0.01581	0.05397	0.02732	0.22313	0.21138	0.27706	0.02167	0.01054	0.00310	0.00489	0.06117	0.00855	0.00795
23	0.01246	0.00935	0.01402	0.01402	0.01558	0.01090	0.01090	0.01558	0.01402	0.02025	0.02336	0.03427	0.02181	0.06542	0.65888	0.01402	0.02336	0.00935	0.00467	0.00779
24	0.01750	0.04512	0.64825	0.02486	0.03775	0.02026	0.03223	0.02762	0.01842	0.02762	0.01565	0.01842	0.01105	0.00829	0.00829	0.00276	0.01289	0.00645	0.00368	0.01289
25	0.03258	0.04157	0.02472	0.02247	0.02697	0.65843	0.01685	0.03483	0.02472	0.02135	0.01348	0.01573	0.01124	0.00899	0.00787	0.00225	0.01573	0.00562	0.00449	0.01011
26	0.02076	0.02548	0.15153	0.04715	0.49050	0.02072	0.06257	0.02700	0.01963	0.02830	0.01634	0.02111	0.01326	0.00784	0.00867	0.00264	0.01110	0.00767	0.00420	0.01352

[dist]
# distance from previous block
# <min> <max>
0	169

[block]
# block no. 2 follows, 20 sequences, length 40
# corresponding to MSA columns:
# 603-642
name=unknown_C
#
# <colnr> <probs for GDERKNQSTAVLIFYWHMCP>
#	G	D	E	R	K	N	Q	S	T	A	V	L	I	F	Y	W	H	M	C	P
0	0.02467	0.02856	0.02405	0.02150	0.02387	0.32770	0.01691	0.02690	0.01890	0.02106	0.01403	0.01952	0.01274	0.01901	0.10354	0.00444	0.27186	0.00690	0.00426	0.00958
1	0.01712	0.05434	0.05522	0.02141	0.13271	0.05678	0.03821	0.02101	0.01996	0.02650	0.09244	0.07233	0.18509	0.01321	0.00874	0.00245	0.00781	0.01131	0.00609	0.15726
2	0.11580	0.08449	0.01962	0.01504	0.01724	0.01856	0.01186	0.05791	0.01592	0.02451	0.01994	0.06219	0.02042	0.19960	0.11620	0.00607	0.17164	0.00935	0.00506	0.00856
3	0.01267	0.00944	0.01213	0.01290	0.01515	0.00889	0.01064	0.01628	0.02132	0.02796	0.22022	0.08565	0.20058	0.02187	0.01114	0.00340	0.00607	0.28730	0.00849	0.00793
4	0.03196	0.02372	0.02553	0.01950	0.02654	0.02582	0.01608	0.56314	0.03919	0.05286	0.02051	0.02072	0.01468	0.01015	0.00855	0.00251	0.00935	0.00764	0.00844	0.07310
5	0.07795	0.19937	0.38742	0.02265	0.03320	0.02386	0.08774	0.02713	0.01820	0.02685	0.01473	0.01755	0.01119	0.00797	0.00762	0.00256	0.01173	0.00629	0.00391	0.01208
6	0.01080	0.00785	0.00989	0.01143	0.01221	0.00726	0.00761	0.01225	0.01671	0.02189	0.05134	0.54197	0.13226	0.09534	0.01445	0.00397	0.00533	0.02269	0.00781	0.00694
7	0.01246	0.00935	0.01402	0.01402	0.01558	0.01090	0.01090	0.01558	0.01402	0.02025	0.02336	0.03427	0.02181	0.06542	0.65888	0.01402	0.02336	0.00935	0.00467	0.00779
8	0.03258	0.04157	0.02472	0.02247	0.02697	0.65843	0.01685	0.03483	0.02472	0.02135	0.01348	0.01573	0.01124	0.00899	0.00787	0.00225	0.01573	0.00562	0.00449	0.01011
9	0.02286	0.64667	0.09367	0.01572	0.02361	0.03338	0.01630	0.02624	0.01778	0.02109	0.01241	0.01434	0.01118	0.00753	0.00581	0.00194	0.00961	0.00481	0.00373	0.01133
10	0.01031	0.00884	0.00884	0.00884	0.01178	0.00736	0.00663	0.01252	0.01988	0.02356	0.08837	0.08395	0.63549	0.02209	0.01031	0.00295	0.00442	0.01841	0.00810	0.00736
11	0.01288	0.00868	0.01052	0.01159	0.01289	0.00837	0.00807	0.04568	0.01851	0.02605	0.04559	0.48777	0.08713	0.02283	0.01000	0.00317	0.00507	0.02031	0.14719	0.00772
12	0.18169	0.03417	0.41565	0.02095	0.03088	0.01894	0.04903	0.02605	0.01836	0.03096	0.07865	0.02250	0.01812	0.00919	0.00793	0.00275	0.01069	0.00718	0.00471	0.01160
13	0.27726	0.01787	0.01720	0.01421	0.01945	0.01988	0.01158	0.26578	0.02649	0.04407	0.01974	0.02143	0.01481	0.00958	0.00694	0.00250	0.00727	0.00684	0.18572	0.01135
14	0.01031	0.00884	0.00884	0.00884	0.01178	0.00736	0.00663	0.01252	0.01988	0.02356	0.08837	0.08395	0.63549	0.02209	0.01031	0.00295	0.00442	0.01841	0.00810	0.00736
15	0.03258	0.04157	0.02472	0.02247	0.02697	0.65843	0.01685	0.03483	0.02472	0.02135	0.01348	0.01573	0.01124	0.00899	0.00787	0.00225	0.01573	0.00562	0.00449	0.01011
16	0.02346	0.02678	0.02172	0.01987	0.02252	0.32480	0.01541	0.02591	0.01902	0.02093	0.01621	0.02230	0.01464	0.02819	0.21892	0.00631	0.15212	0.00721	0.00441	0.00926
17	0.01169	0.00804	0.00981	0.01078	0.01103	0.00779	0.00664	0.01242	0.01462	0.01950	0.03742	0.36149	0.04425	0.37193	0.02834	0.00608	0.00682	0.01853	0.00664	0.00615
18	0.03258	0.04157	0.02472	0.02247	0.02697	0.65843	0.01685	0.03483	0.02472	0.02135	0.01348	0.01573	0.01124	0.00899	0.00787	0.00225	0.01573	0.00562	0.00449	0.01011
19	0.02129	0.02651	0.10854	0.05909	0.21190	0.19623	0.02019	0.02548	0.02017	0.02462	0.02295	0.17737	0.02301	0.01286	0.00897	0.00276	0.01101	0.01102	0.00516	0.01087
20	0.01196	0.00835	0.01115	0.01286	0.01384	0.00813	0.00945	0.01422	0.01725	0.02334	0.04421	0.44288	0.05077	0.06207	0.04785	0.00440	0.00690	0.15746	0.04560	0.00731
21	0.02423	0.02574	0.03284	0.04607	0.49181	0.17412	0.02439	0.02871	0.02103	0.02678	0.01570	0.02018	0.01320	0.00806	0.00845	0.00251	0.01165	0.00725	0.00436	0.01293
22	0.01158	0.00889	0.01060	0.01017	0.01256	0.00790	0.00763	0.01498	0.02288	0.03068	0.42863	0.07224	0.29079	0.01944	0.01030	0.00282	0.00423	0.01677	0.00904	0.00790
23	0.01772	0.01677	0.02841	0.52209	0.20075	0.01971	0.02484	0.02338	0.01803	0.02380	0.01572	0.02285	0.01216	0.00849	0.00870	0.00283	0.01132	0.00776	0.00398	0.01069
24	0.02034	0.02782	0.20781	0.04376	0.40808	0.02074	0.09040	0.02713	0.01954	0.02819	0.01633	0.02091	0.01298	0.00787	0.00872	0.00268	0.01153	0.00767	0.00415	0.01334
25	0.03772	0.01712	0.02165	0.01660	0.02340	0.01619	0.01371	0.17690	0.02877	0.50531	0.03122	0.02762	0.01999	0.01072	0.00876	0.00268	0.00794	0.00855	0.01031	0.01484
26	0.01252	0.00913	0.01292	0.01292	0.01410	0.01031	0.00954	0.01487	0.01369	0.01944	0.02437	0.03981	0.02421	0.21802	0.50957	0.01267	0.01974	0.01016	0.00482	0.00718
27	0.01575	0.01389	0.01913	0.01726	0.01768	0.01804	0.01354	0.01752	0.01337	0.01980	0.01854	0.03239	0.01915	0.19351	0.20159	0.00768	0.33938	0.00932	0.00440	0.00804
28	0.01711	0.01265	0.01541	0.01413	0.01622	0.01464	0.01142	0.07303	0.01926	0.02891	0.03372	0.04226	0.11104	0.01891	0.06491	0.00380	0.16853	0.06524	0.25986	0.00894
29	0.01069	0.00816	0.00984	0.01089	0.01239	0.00730	0.00761	0.01272	0.01862	0.02402	0.12229	0.41606	0.25889	0.02455	0.01076	0.00325	0.00474	0.02167	0.00825	0.00730
30	0.01868	0.01869	0.03450	0.37142	0.19368	0.02035	0.16652	0.02472	0.01878	0.02513	0.01624	0.02293	0.01254	0.00816	0.00908	0.00284	0.01208	0.00837	0.00411	0.01117
31	0.02368	0.44658	0.14597	0.01987	0.05838	0.12943	0.01884	0.02778	0.01906	0.02230	0.01318	0.01543	0.01131	0.00786	0.00658	0.00212	0.01101	0.00529	0.00387	0.01146
32	0.01507	0.01053	0.01249	0.01194	0.01467	0.00999	0.00892	0.05715	0.05420	0.07175	0.22850	0.21452	0.21678	0.02002	0.01022	0.00299	0.00517	0.01737	0.00881	0.00890
33	0.01262	0.00870	0.01077	0.01077	0.01120	0.00914	0.00685	0.01349	0.01306	0.01784	0.02634	0.05073	0.02895	0.51853	0.21554	0.01001	0.01261	0.01175	0.00511	0.00598
34	0.01180	0.00918	0.01085	0.01136	0.01340	0.00856	0.00832	0.01578	0.06092	0.02641	0.17733	0.27802	0.26081	0.02240	0.01058	0.00316	0.00494	0.04981	0.00845	0.00792
35	0.02159	0.02073	0.03541	0.05354	0.63903	0.02073	0.02677	0.02677	0.01986	0.02850	0.01641	0.02159	0.01382	0.00777	0.00864	0.00259	0.01036	0.00777	0.00432	0.01382
36	0.02036	0.01919	0.03253	0.04822	0.55507	0.01940	0.02463	0.02526	0.01907	0.02739	0.01734	0.02330	0.01489	0.01554	0.09620	0.00413	0.01211	0.00798	0.00437	0.01301
37	0.01248	0.00929	0.01371	0.01371	0.01516	0.01074	0.01052	0.01538	0.01393	0.02002	0.02365	0.03582	0.02248	0.10823	0.61699	0.01364	0.02235	0.00957	0.00471	0.00762
38	0.02657	0.01972	0.01782	0.01559	0.01971	0.17341	0.01218	0.08062	0.02271	0.17518	0.02455	0.02696	0.01864	0.02015	0.12671	0.00449	0.01179	0.00785	0.18459	0.01075
39	0.02427	0.07008	0.02097	0.01863	0.05416	0.27063	0.01359	0.03154	0.13917	0.02745	0.02487	0.02638	0.04526	0.01025	0.00763	0.00236	0.00994	0.00769	0.18462	0.01050

[dist]
# distance from previous block
# <min> <max>
1	4

[block]
# block no. 3 follows, 20 sequences, length 88
# corresponding to MSA columns:
# 647-734
name=unknown_D
#
# <colnr> <probs for GDERKNQSTAVLIFYWHMCP>
#	G	D	E	R	K	N	Q	S	T	A	V	L	I	F	Y	W	H	M	C	P
0	0.01985	0.01891	0.02891	0.08115	0.36638	0.05885	0.04647	0.02465	0.02011	0.02695	0.02440	0.04251	0.02348	0.01238	0.00960	0.00300	0.01033	0.16512	0.00533	0.01163
1	0.01457	0.01308	0.01965	0.21645	0.15192	0.01365	0.01617	0.01850	0.01912	0.02477	0.08313	0.11603	0.22797	0.01551	0.00959	0.00291	0.00781	0.01360	0.00618	0.00938
2	0.02159	0.02073	0.03541	0.05354	0.63903	0.02073	0.02677	0.02677	0.01986	0.02850	0.01641	0.02159	0.01382	0.00777	0.00864	0.00259	0.01036	0.00777	0.00432	0.01382
3	0.02129	0.01985	0.02712	0.02743	0.14840	0.06108	0.11114	0.09176	0.18779	0.03173	0.02826	0.15310	0.02566	0.01296	0.00941	0.00291	0.00936	0.01191	0.00679	0.01205
4	0.01268	0.00846	0.00951	0.00951	0.00951	0.00846	0.00529	0.01268	0.01268	0.01691	0.02748	0.05708	0.03171	0.69345	0.04440	0.00846	0.00846	0.01268	0.00529	0.00529
5	0.01223	0.00915	0.01148	0.01235	0.01342	0.00916	0.00899	0.01403	0.01677	0.02191	0.04756	0.27700	0.14573	0.18501	0.02014	0.00473	0.04407	0.13206	0.00717	0.00703
6	0.01756	0.03756	0.47725	0.15093	0.04273	0.02024	0.07971	0.02662	0.01841	0.02662	0.01579	0.01979	0.01135	0.00829	0.00854	0.00281	0.01280	0.00703	0.00378	0.01218
7	0.03258	0.04157	0.02472	0.02247	0.02697	0.65843	0.01685	0.03483	0.02472	0.02135	0.01348	0.01573	0.01124	0.00899	0.00787	0.00225	0.01573	0.00562	0.00449	0.01011
8	0.04218	0.01677	0.11263	0.09509	0.02432	0.01302	0.03855	0.02027	0.05975	0.02819	0.18102	0.07664	0.22626	0.01575	0.00955	0.00288	0.00724	0.01349	0.00704	0.00937
9	0.01227	0.00828	0.00964	0.01005	0.01015	0.00818	0.00585	0.01258	0.01350	0.01799	0.03164	0.18448	0.03696	0.55889	0.03768	0.00746	0.00777	0.01513	0.00585	0.00565
10	0.01174	0.00889	0.01082	0.01034	0.01266	0.00797	0.00775	0.01528	0.02325	0.03157	0.47120	0.07077	0.24767	0.01911	0.01029	0.00280	0.00421	0.01656	0.00915	0.00797
11	0.09159	0.02382	0.02510	0.01937	0.02623	0.02645	0.01600	0.56266	0.03889	0.05369	0.02023	0.02039	0.01440	0.01028	0.00846	0.00262	0.00937	0.00760	0.00846	0.01440
12	0.01750	0.04512	0.64825	0.02486	0.03775	0.02026	0.03223	0.02762	0.01842	0.02762	0.01565	0.01842	0.01105	0.00829	0.00829	0.00276	0.01289	0.00645	0.00368	0.01289
13	0.01031	0.00884	0.00884	0.00884	0.01178	0.00736	0.00663	0.01252	0.01988	0.02356	0.08837	0.08395	0.63549	0.02209	0.01031	0.00295	0.00442	0.01841	0.00810	0.00736
14	0.01074	0.00764	0.01009	0.01200	0.01248	0.00716	0.00794	0.01218	0.01648	0.02197	0.04692	0.65239	0.05624	0.06468	0.01300	0.00382	0.00525	0.02412	0.00794	0.00698
15	0.01246	0.00935	0.01402	0.01402	0.01558	0.01090	0.01090	0.01558	0.01402	0.02025	0.02336	0.03427	0.02181	0.06542	0.65888	0.01402	0.02336	0.00935	0.00467	0.00779
16	0.01647	0.01550	0.02616	0.67248	0.06008	0.01938	0.02422	0.02229	0.01744	0.02229	0.01550	0.02326	0.01163	0.00872	0.00872	0.00291	0.01163	0.00775	0.00388	0.00969
17	0.01246	0.00935	0.01402	0.01402	0.01558	0.01090	0.01090	0.01558	0.01402	0.02025	0.02336	0.03427	0.02181	0.06542	0.65888	0.01402	0.02336	0.00935	0.00467	0.00779
18	0.02159	0.02073	0.03541	0.05354	0.63903	0.02073	0.02677	0.02677	0.01986	0.02850	0.01641	0.02159	0.01382	0.00777	0.00864	0.00259	0.01036	0.00777	0.00432	0.01382
19	0.01105	0.00908	0.00987	0.01027	0.01303	0.00790	0.00810	0.01362	0.01992	0.02407	0.07998	0.08682	0.51918	0.02249	0.01065	0.00316	0.00514	0.13008	0.00809	0.00750
20	0.01173	0.00921	0.01082	0.01131	0.01384	0.00829	0.00907	0.01477	0.02068	0.02607	0.15987	0.08533	0.37708	0.02203	0.01082	0.00323	0.00544	0.18440	0.00831	0.00770
21	0.02331	0.02480	0.03119	0.15670	0.38863	0.17357	0.02393	0.02790	0.02060	0.02567	0.01554	0.02048	0.01281	0.00823	0.00847	0.00256	0.01188	0.00725	0.00428	0.01219
22	0.02159	0.02073	0.03541	0.05354	0.63903	0.02073	0.02677	0.02677	0.01986	0.02850	0.01641	0.02159	0.01382	0.00777	0.00864	0.00259	0.01036	0.00777	0.00432	0.01382
23	0.01322	0.01094	0.01192	0.01181	0.01494	0.01060	0.00926	0.02016	0.13674	0.02719	0.10686	0.07503	0.39224	0.02014	0.01030	0.00310	0.00543	0.10302	0.00834	0.00877
24	0.07719	0.04283	0.59682	0.02378	0.03606	0.02020	0.03038	0.02746	0.01813	0.02856	0.01537	0.01807	0.01092	0.00827	0.00805	0.00276	0.01239	0.00631	0.00382	0.01261
25	0.01323	0.00956	0.01133	0.01117	0.01353	0.00889	0.00833	0.01558	0.01972	0.06981	0.13767	0.21899	0.34896	0.02162	0.01142	0.00309	0.04249	0.01831	0.00824	0.00807
26	0.01039	0.00851	0.00917	0.00970	0.01201	0.00729	0.00701	0.01242	0.01906	0.02323	0.07791	0.24067	0.48552	0.02345	0.01052	0.00310	0.00459	0.02007	0.00810	0.00729
27	0.01268	0.00846	0.00951	0.00951	0.00951	0.00846	0.00529	0.01268	0.01268	0.01691	0.02748	0.05708	0.03171	0.69345	0.04440	0.00846	0.00846	0.01268	0.00529	0.00529
28	0.03258	0.04157	0.02472	0.02247	0.02697	0.65843	0.01685	0.03483	0.02472	0.02135	0.01348	0.01573	0.01124	0.00899	0.00787	0.00225	0.01573	0.00562	0.00449	0.01011
29	0.01283	0.00993	0.01204	0.01306	0.01513	0.00973	0.01005	0.01800	0.09187	0.02537	0.05624	0.29419	0.19828	0.02324	0.01090	0.00345	0.00593	0.17337	0.00817	0.00823
30	0.02202	0.14113	0.06425	0.01770	0.02228	0.21408	0.01493	0.02762	0.09234	0.02324	0.02429	0.02817	0.06626	0.04744	0.12272	0.00471	0.04350	0.00807	0.00517	0.01008
31	0.01727	0.01550	0.01421	0.01312	0.01600	0.13389	0.00990	0.02073	0.02405	0.06027	0.41053	0.05648	0.14161	0.01637	0.00975	0.00267	0.00656	0.01384	0.00847	0.00879
32	0.02110	0.03485	0.32082	0.03608	0.27804	0.10344	0.02803	0.02822	0.01982	0.02716	0.01567	0.01934	0.01219	0.00817	0.00837	0.00263	0.01224	0.00687	0.00404	0.01290
33	0.02325	0.41187	0.11785	0.01919	0.06032	0.05925	0.01771	0.07384	0.04532	0.02592	0.01481	0.01671	0.01238	0.00801	0.00668	0.00211	0.00988	0.00563	0.00451	0.06478
34	0.02181	0.01832	0.02136	0.01724	0.02340	0.01878	0.04591	0.11056	0.30350	0.03580	0.02620	0.02611	0.01997	0.00970	0.00808	0.00237	0.00744	0.00812	0.03793	0.23742
35	0.04578	0.06503	0.07128	0.05877	0.02250	0.01496	0.08402	0.05827	0.01803	0.02722	0.01953	0.02535	0.01599	0.01453	0.01431	0.19492	0.00831	0.00769	0.22487	0.00864
36	0.08170	0.37592	0.17611	0.06562	0.02866	0.09496	0.01929	0.02706	0.01837	0.02386	0.01332	0.01587	0.01106	0.00795	0.00666	0.00225	0.01077	0.00540	0.00395	0.01121
37	0.02269	0.43156	0.03533	0.01717	0.04816	0.12232	0.01460	0.02563	0.01839	0.02174	0.01512	0.01856	0.01349	0.01581	0.09543	0.00363	0.01191	0.00581	0.05217	0.01048
38	0.01679	0.00974	0.01214	0.01155	0.01353	0.00955	0.00833	0.01876	0.01663	0.11680	0.03643	0.05251	0.10182	0.28869	0.14834	0.00719	0.01032	0.04902	0.06398	0.00789
39	0.01188	0.00848	0.01113	0.01259	0.01380	0.00803	0.00935	0.01398	0.01802	0.02367	0.08729	0.37520	0.11548	0.05299	0.01364	0.03743	0.00595	0.16598	0.00787	0.00721
40	0.02974	0.03618	0.02748	0.03051	0.18532	0.49344	0.01942	0.03275	0.02346	0.02320	0.01424	0.01725	0.01190	0.00867	0.00806	0.00234	0.01434	0.00618	0.00445	0.01107
41	0.01251	0.00917	0.01312	0.01312	0.01437	0.01042	0.00979	0.01500	0.01375	0.01959	0.02418	0.03880	0.02378	0.19022	0.53677	0.01291	0.02040	0.01001	0.00479	0.00729
42	0.03316	0.02443	0.02618	0.02007	0.02705	0.02705	0.01658	0.60995	0.04101	0.05497	0.02094	0.02094	0.01483	0.01047	0.00873	0.00262	0.00960	0.00785	0.00873	0.01483
43	0.01154	0.00888	0.01054	0.01013	0.01254	0.00789	0.00760	0.01490	0.02279	0.03046	0.41817	0.07260	0.30139	0.01952	0.01030	0.00282	0.00424	0.01682	0.00901	0.00789
44	0.01031	0.00884	0.00884	0.00884	0.01178	0.00736	0.00663	0.01252	0.01988	0.02356	0.08837	0.08395	0.63549	0.02209	0.01031	0.00295	0.00442	0.01841	0.00810	0.00736
45	0.03092	0.02215	0.02414	0.01899	0.02524	0.02422	0.01547	0.51894	0.03762	0.07700	0.02454	0.09531	0.01988	0.01236	0.00900	0.00272	0.00900	0.00977	0.00875	0.01397
46	0.02152	0.02091	0.03645	0.05245	0.60030	0.02081	0.06466	0.02685	0.01991	0.02846	0.01649	0.02172	0.01378	0.00774	0.00874	0.00261	0.01065	0.00794	0.00432	0.01368
47	0.01892	0.01800	0.03058	0.37685	0.33661	0.02002	0.02544	0.02443	0.01860	0.02525	0.01594	0.02246	0.01267	0.00827	0.00868	0.00276	0.01102	0.00776	0.00409	0.01166
48	0.01455	0.01191	0.01789	0.02290	0.18504	0.01144	0.01330	0.01846	0.02182	0.03074	0.35132	0.17341	0.05873	0.01690	0.01000	0.00286	0.00602	0.01532	0.00786	0.00954
49	0.01345	0.01050	0.01564	0.06768	0.01945	0.01261	0.01235	0.01674	0.01445	0.02106	0.02211	0.03219	0.02025	0.05451	0.52877	0.01180	0.06915	0.00903	0.04018	0.00809
50	0.01870	0.01830	0.03204	0.36238	0.22941	0.02064	0.09521	0.02422	0.01825	0.02474	0.01574	0.02248	0.01247	0.00875	0.01034	0.00288	0.06015	0.00806	0.00407	0.01117
51	0.03026	0.03717	0.02698	0.02904	0.15630	0.52368	0.01895	0.03313	0.02369	0.02286	0.01410	0.01697	0.01178	0.00873	0.00803	0.00232	0.01460	0.00607	0.00446	0.01090
52	0.01251	0.00864	0.01075	0.01086	0.01131	0.00903	0.00694	0.01342	0.01327	0.01811	0.02757	0.08727	0.03057	0.48811	0.20593	0.00965	0.01223	0.01249	0.00528	0.00605
53	0.01526	0.01170	0.01284	0.01217	0.01551	0.01156	0.00923	0.02365	0.18088	0.06389	0.12864	0.12718	0.31640	0.01877	0.00992	0.00297	0.00528	0.01594	0.00863	0.00958
54	0.01559	0.01081	0.01215	0.01146	0.01259	0.01115	0.00736	0.10449	0.01753	0.02342	0.02897	0.12788	0.03226	0.50775	0.03488	0.00696	0.00822	0.01341	0.00616	0.00697
55	0.02400	0.65080	0.04418	0.01548	0.02272	0.07999	0.01507	0.02675	0.01823	0.02058	0.01223	0.01412	0.01120	0.00757	0.00576	0.00189	0.00979	0.00473	0.00379	0.01112
56	0.01278	0.00920	0.01332	0.01332	0.01485	0.01056	0.01024	0.01582	0.01430	0.02108	0.02398	0.03523	0.02233	0.09130	0.57634	0.01278	0.02108	0.00941	0.06437	0.00769
57	0.01160	0.00867	0.01097	0.01229	0.01394	0.00804	0.00936	0.01415	0.01897	0.02448	0.09577	0.32941	0.20671	0.02447	0.01112	0.00347	0.00565	0.17527	0.00818	0.00749
58	0.01031	0.00884	0.00884	0.00884	0.01178	0.00736	0.00663	0.01252	0.01988	0.02356	0.08837	0.08395	0.63549	0.02209	0.01031	0.00295	0.00442	0.01841	0.00810	0.00736
59	0.02332	0.69869	0.04571	0.01493	0.02239	0.03451	0.01493	0.02612	0.01772	0.02052	0.01213	0.01399	0.01119	0.00746	0.00560	0.00187	0.00933	0.00466	0.00373	0.01119
60	0.01061	0.00766	0.01005	0.01196	0.01260	0.00710	0.00801	0.01217	0.01688	0.02234	0.05039	0.65304	0.09091	0.02703	0.01109	0.00351	0.00502	0.02443	0.00810	0.00710
61	0.01305	0.04857	0.01501	0.01534	0.07939	0.01057	0.01010	0.01618	0.02092	0.02789	0.27077	0.18358	0.21789	0.01920	0.01002	0.00289	0.00534	0.01678	0.00801	0.00853
62	0.02332	0.69869	0.04571	0.01493	0.02239	0.03451	0.01493	0.02612	0.01772	0.02052	0.01213	0.01399	0.01119	0.00746	0.00560	0.00187	0.00933	0.00466	0.00373	0.01119
63	0.01192	0.00881	0.01113	0.01075	0.01282	0.00802	0.00799	0.01557	0.02341	0.03238	0.51186	0.11328	0.16139	0.01915	0.01035	0.00283	0.00423	0.01682	0.00927	0.00802
64	0.03258	0.04157	0.02472	0.02247	0.02697	0.65843	0.01685	0.03483	0.02472	0.02135	0.01348	0.01573	0.01124	0.00899	0.00787	0.00225	0.01573	0.00562	0.00449	0.01011
65	0.75506	0.01687	0.01282	0.01147	0.01687	0.01957	0.00945	0.02564	0.01484	0.03914	0.01215	0.01417	0.00945	0.00810	0.00540	0.00270	0.00675	0.00472	0.00540	0.00945
66	0.01979	0.01805	0.02940	0.04254	0.45541	0.01821	0.02299	0.02578	0.05375	0.02837	0.02463	0.04064	0.02327	0.01192	0.00947	0.00295	0.00961	0.14533	0.00547	0.01243
67	0.01388	0.01079	0.01297	0.01323	0.01552	0.01097	0.00996	0.02151	0.15237	0.02925	0.19993	0.25347	0.11256	0.02059	0.01045	0.00321	0.00552	0.08618	0.00865	0.00899
68	0.01661	0.00997	0.01151	0.05801	0.01542	0.01065	0.00871	0.02061	0.01782	0.03061	0.02541	0.02995	0.02016	0.01026	0.00813	0.00220	0.05925	0.00790	0.58704	0.04978
69	0.01512	0.01122	0.01289	0.01134	0.01393	0.01025	0.00763	0.04951	0.01624	0.02285	0.02606	0.11309	0.02841	0.39267	0.02829	0.00562	0.00760	0.01166	0.00576	0.20985
70	0.02023	0.01780	0.06269	0.06687	0.02665	0.01704	0.06403	0.19436	0.02561	0.03416	0.03239	0.13003	0.03226	0.01694	0.01032	0.00329	0.00926	0.21802	0.00736	0.01067
71	0.02056	0.01967	0.03354	0.17855	0.52210	0.02045	0.02626	0.02586	0.01937	0.02724	0.01623	0.02193	0.01337	0.00796	0.00865	0.00265	0.01062	0.00777	0.00423	0.01298
72	0.01400	0.01016	0.01391	0.01381	0.01563	0.01131	0.01054	0.06329	0.01697	0.02416	0.02825	0.15983	0.02823	0.05041	0.44310	0.01038	0.01759	0.01215	0.04805	0.00824
73	0.01895	0.01214	0.01430	0.01316	0.01690	0.01180	0.01031	0.02655	0.14973	0.14865	0.14057	0.09985	0.21979	0.01760	0.00990	0.00300	0.00583	0.06163	0.00900	0.01035
74	0.02427	0.02572	0.02124	0.02134	0.08514	0.27772	0.01482	0.11292	0.02477	0.02833	0.06951	0.06953	0.11597	0.01634	0.05074	0.00331	0.01166	0.01011	0.00621	0.01034
75	0.01725	0.01158	0.01417	0.01242	0.01507	0.01179	0.00948	0.04495	0.01691	0.02659	0.02084	0.05200	0.01835	0.01567	0.01613	0.18583	0.08725	0.00796	0.25322	0.16252
76	0.01628	0.01071	0.01356	0.01276	0.01588	0.00946	0.00937	0.01985	0.04428	0.10143	0.12962	0.35216	0.04693	0.01908	0.00970	0.00285	0.00556	0.01695	0.00811	0.15547
77	0.03180	0.03187	0.02549	0.06400	0.02918	0.32202	0.01721	0.30224	0.03184	0.03709	0.01709	0.01866	0.01294	0.00966	0.00832	0.00246	0.01260	0.00680	0.00643	0.01229
78	0.28623	0.10673	0.16224	0.02739	0.20808	0.02187	0.02026	0.02647	0.01747	0.03119	0.01418	0.01729	0.01131	0.00796	0.00702	0.00258	0.00948	0.00600	0.00450	0.01172
79	0.07007	0.06481	0.02417	0.01865	0.02266	0.09272	0.05246	0.14062	0.02257	0.03010	0.03187	0.03371	0.15635	0.01368	0.01384	0.00294	0.18262	0.00973	0.00601	0.01042
80	0.08878	0.02883	0.02418	0.05669	0.02748	0.25507	0.01651	0.24546	0.06806	0.03622	0.01755	0.01927	0.01346	0.01005	0.00945	0.00261	0.05512	0.00690	0.00634	0.01198
81	0.02361	0.39585	0.03627	0.01933	0.06215	0.10116	0.01606	0.05418	0.01913	0.02366	0.01395	0.01703	0.01232	0.00920	0.00985	0.00231	0.11462	0.00582	0.05254	0.01096
82	0.02345	0.15875	0.13128	0.06117	0.02783	0.13659	0.01832	0.14358	0.02306	0.02888	0.01713	0.02096	0.01399	0.01975	0.13344	0.00465	0.01398	0.00688	0.00506	0.01126
83	0.05026	0.05831	0.01519	0.01225	0.01533	0.05466	0.00932	0.08600	0.01996	0.02654	0.04199	0.04876	0.20557	0.16068	0.09463	0.00518	0.00927	0.01173	0.06593	0.00844
84	0.02880	0.02279	0.02690	0.02800	0.18326	0.06435	0.01838	0.32815	0.05628	0.08208	0.02230	0.05921	0.01767	0.01070	0.00879	0.00266	0.00969	0.00878	0.00742	0.01379
85	0.03011	0.02847	0.02172	0.01915	0.02372	0.34821	0.01473	0.08674	0.02449	0.15042	0.02184	0.06459	0.01794	0.01751	0.08716	0.00388	0.01371	0.00815	0.00642	0.01104
86	0.02309	0.02372	0.06021	0.05999	0.02492	0.15776	0.01483	0.18542	0.04942	0.03260	0.03911	0.03896	0.19950	0.01326	0.00890	0.00263	0.00952	0.01040	0.00684	0.03894
87	0.01890	0.01577	0.02121	0.02617	0.20326	0.01663	0.01552	0.06570	0.18585	0.03055	0.03095	0.18717	0.02949	0.05236	0.01115	0.00322	0.00758	0.01274	0.05435	0.01142

[dist]
# distance from previous block
# <min> <max>
0	7

[block]
# block no. 4 follows, 20 sequences, length 12
# corresponding to MSA columns:
# 742-753
name=unknown_E
#
# <colnr> <probs for GDERKNQSTAVLIFYWHMCP>
#	G	D	E	R	K	N	Q	S	T	A	V	L	I	F	Y	W	H	M	C	P
0	0.03057	0.11140	0.02976	0.02320	0.09595	0.02730	0.01752	0.46805	0.03559	0.04750	0.01928	0.02012	0.01425	0.00977	0.00831	0.00252	0.00965	0.00743	0.00758	0.01425
1	0.01938	0.07775	0.29430	0.01947	0.02749	0.14162	0.02081	0.02657	0.05992	0.02556	0.03355	0.03407	0.16018	0.01188	0.00854	0.00266	0.01080	0.00923	0.00523	0.01099
2	0.01729	0.07854	0.54555	0.02313	0.03449	0.02006	0.02894	0.02624	0.01790	0.02642	0.01628	0.01987	0.01222	0.01440	0.07823	0.00392	0.01382	0.00666	0.00379	0.01224
3	0.01674	0.01673	0.01351	0.01289	0.01521	0.16630	0.00918	0.01860	0.01921	0.02220	0.10805	0.05479	0.21828	0.20775	0.05931	0.00497	0.00943	0.01286	0.00639	0.00757
4	0.01847	0.01527	0.02419	0.07280	0.31403	0.01513	0.01871	0.02272	0.02034	0.06576	0.10516	0.10279	0.08583	0.01393	0.00956	0.00289	0.00824	0.06660	0.00639	0.01118
5	0.03130	0.07668	0.06656	0.02093	0.02739	0.26128	0.01757	0.32095	0.03199	0.03848	0.01726	0.01839	0.01302	0.00958	0.00817	0.00244	0.01206	0.00672	0.00651	0.01272
6	0.10789	0.32428	0.05430	0.01742	0.02345	0.10553	0.01569	0.09357	0.06102	0.02797	0.01490	0.01695	0.01247	0.00922	0.00900	0.00241	0.08179	0.00588	0.00493	0.01133
7	0.07564	0.02174	0.02355	0.02222	0.10355	0.09583	0.01577	0.17693	0.09161	0.20340	0.02381	0.02343	0.01693	0.00978	0.00829	0.00255	0.00917	0.00768	0.00780	0.06033
8	0.04696	0.02106	0.13321	0.01686	0.02207	0.01755	0.01512	0.19171	0.08856	0.03383	0.02776	0.15877	0.02677	0.14170	0.01571	0.00396	0.00871	0.01192	0.00692	0.01086
9	0.13291	0.05359	0.01541	0.09723	0.02025	0.01307	0.01075	0.01991	0.01816	0.06599	0.11495	0.21330	0.03695	0.05475	0.01065	0.00317	0.00654	0.01330	0.09041	0.00871
10	0.02381	0.02526	0.19511	0.06484	0.06861	0.05959	0.01946	0.09168	0.02328	0.15731	0.11329	0.03059	0.02572	0.05004	0.01084	0.00302	0.00978	0.00895	0.00678	0.01203
11	0.02609	0.03201	0.13886	0.02235	0.04987	0.28801	0.05477	0.03194	0.06320	0.09232	0.05847	0.02665	0.05650	0.01043	0.00858	0.00257	0.01209	0.00815	0.00583	0.01134

[dist]
# distance from previous block
# <min> <max>
17	51

[block]
# block no. 5 follows, 20 sequences, length 6
# corresponding to MSA columns:
# 814-819
name=unknown_F
#
# <colnr> <probs for GDERKNQSTAVLIFYWHMCP>
#	G	D	E	R	K	N	Q	S	T	A	V	L	I	F	Y	W	H	M	C	P
0	0.01222	0.00870	0.01215	0.01273	0.01390	0.00944	0.00934	0.01471	0.01497	0.02142	0.03104	0.22101	0.03278	0.09949	0.38223	0.00978	0.01568	0.01390	0.05710	0.00742
1	0.02705	0.02367	0.02361	0.02392	0.13334	0.16057	0.01610	0.18472	0.05530	0.06969	0.02053	0.02235	0.01570	0.00935	0.00796	0.00235	0.00979	0.00730	0.11071	0.07601
2	0.09562	0.02787	0.24180	0.14262	0.17043	0.05254	0.02398	0.02523	0.01866	0.02737	0.02220	0.02560	0.07077	0.00957	0.00831	0.00273	0.01081	0.00788	0.00450	0.01150
3	0.02679	0.02876	0.01994	0.01805	0.02193	0.37629	0.01373	0.08882	0.02380	0.02726	0.01872	0.02206	0.01527	0.01532	0.07576	0.00347	0.01322	0.00682	0.17408	0.00990
4	0.02184	0.03659	0.34708	0.05827	0.08680	0.12491	0.02618	0.08163	0.02112	0.02832	0.01545	0.01879	0.01174	0.00924	0.01024	0.00276	0.07573	0.00673	0.00436	0.01223
5	0.08629	0.08970	0.09499	0.06311	0.28924	0.11731	0.02174	0.05353	0.02065	0.02819	0.01854	0.02189	0.04067	0.00882	0.00800	0.00253	0.01078	0.00724	0.00467	0.01210

[dist]
# distance from previous block
# <min> <max>
7	33

[block]
# block no. 6 follows, 20 sequences, length 22
# corresponding to MSA columns:
# 854-875
name=unknown_G
#
# <colnr> <probs for GDERKNQSTAVLIFYWHMCP>
#	G	D	E	R	K	N	Q	S	T	A	V	L	I	F	Y	W	H	M	C	P
0	0.05462	0.01674	0.08516	0.01463	0.02020	0.01349	0.01313	0.05691	0.07769	0.21734	0.04675	0.04821	0.19632	0.01464	0.00914	0.00286	0.00710	0.05338	0.04029	0.01138
1	0.05756	0.04964	0.11882	0.01585	0.02263	0.01646	0.01485	0.12043	0.02270	0.15325	0.02236	0.02394	0.01650	0.01349	0.05803	0.00320	0.00926	0.00723	0.11761	0.13618
2	0.06640	0.22073	0.05670	0.01812	0.02466	0.20844	0.01566	0.11898	0.05273	0.05356	0.01633	0.01764	0.01297	0.00869	0.00720	0.00221	0.01079	0.00597	0.00546	0.07680
3	0.02121	0.02108	0.03235	0.20032	0.45200	0.06987	0.02539	0.02631	0.01966	0.02645	0.01596	0.02154	0.01309	0.00810	0.00860	0.00264	0.01108	0.00760	0.00422	0.01253
4	0.01928	0.01411	0.01743	0.07616	0.02076	0.01671	0.01266	0.11834	0.02025	0.03090	0.02182	0.02867	0.01833	0.06694	0.04671	0.00370	0.15919	0.00835	0.29025	0.00948
5	0.01031	0.00884	0.00884	0.00884	0.01178	0.00736	0.00663	0.01252	0.01988	0.02356	0.08837	0.08395	0.63549	0.02209	0.01031	0.00295	0.00442	0.01841	0.00810	0.00736
6	0.02326	0.11032	0.12151	0.02529	0.16329	0.02103	0.01890	0.14052	0.05249	0.06048	0.01982	0.02203	0.01525	0.00887	0.00773	0.00238	0.00905	0.00717	0.10089	0.06970
7	0.03258	0.04157	0.02472	0.02247	0.02697	0.65843	0.01685	0.03483	0.02472	0.02135	0.01348	0.01573	0.01124	0.00899	0.00787	0.00225	0.01573	0.00562	0.00449	0.01011
8	0.02152	0.01879	0.02871	0.07255	0.38088	0.01932	0.02127	0.12519	0.02432	0.03400	0.13719	0.03003	0.02718	0.01024	0.00898	0.00264	0.00908	0.00934	0.00608	0.01269
9	0.01246	0.00935	0.01402	0.01402	0.01558	0.01090	0.01090	0.01558	0.01402	0.02025	0.02336	0.03427	0.02181	0.06542	0.65888	0.01402	0.02336	0.00935	0.00467	0.00779
10	0.01031	0.00884	0.00884	0.00884	0.01178	0.00736	0.00663	0.01252	0.01988	0.02356	0.08837	0.08395	0.63549	0.02209	0.01031	0.00295	0.00442	0.01841	0.00810	0.00736
11	0.02396	0.65357	0.04427	0.01544	0.02270	0.07736	0.01506	0.02672	0.01820	0.02058	0.01222	0.01411	0.01120	0.00757	0.00575	0.00189	0.00977	0.00473	0.00378	0.01112
12	0.01261	0.00875	0.01100	0.01100	0.01151	0.00926	0.00713	0.01364	0.01312	0.01801	0.02613	0.04958	0.02845	0.48685	0.24654	0.01029	0.01336	0.01159	0.00508	0.00611
13	0.24888	0.13648	0.02462	0.11016	0.02731	0.02425	0.01485	0.17262	0.10083	0.03708	0.01782	0.01950	0.01362	0.00915	0.00718	0.00260	0.00862	0.00659	0.00616	0.01168
14	0.02141	0.02297	0.02637	0.02283	0.02360	0.13576	0.01870	0.02338	0.01532	0.02105	0.01180	0.01851	0.01141	0.01418	0.02504	0.00355	0.56325	0.00729	0.00393	0.00964
15	0.01268	0.00846	0.00951	0.00951	0.00951	0.00846	0.00529	0.01268	0.01268	0.01691	0.02748	0.05708	0.03171	0.69345	0.04440	0.00846	0.00846	0.01268	0.00529	0.00529
16	0.02379	0.02736	0.03167	0.02590	0.02934	0.23001	0.15132	0.02704	0.01867	0.02268	0.01351	0.01900	0.01178	0.01145	0.01777	0.00311	0.31362	0.00758	0.00417	0.01023
17	0.01085	0.00776	0.01032	0.01199	0.01270	0.00723	0.00811	0.01270	0.01773	0.02391	0.12386	0.60729	0.06087	0.02610	0.01102	0.00344	0.00494	0.02363	0.00829	0.00723
18	0.03736	0.01445	0.01967	0.01522	0.02165	0.01252	0.01252	0.04078	0.02495	0.60458	0.07424	0.03204	0.02562	0.01126	0.00887	0.00270	0.00720	0.00924	0.01072	0.01441
19	0.01249	0.00923	0.01344	0.01344	0.01479	0.01059	0.01018	0.01520	0.01385	0.01982	0.02390	0.03722	0.02309	0.14658	0.57946	0.01330	0.02144	0.00978	0.00475	0.00746
20	0.06322	0.34003	0.26315	0.02008	0.02948	0.02658	0.06680	0.02748	0.01834	0.05123	0.01479	0.01702	0.01164	0.00793	0.00707	0.00236	0.01082	0.00593	0.00416	0.01191
21	0.02173	0.52014	0.21032	0.01764	0.02659	0.03062	0.01965	0.02653	0.01791	0.02246	0.01309	0.01520	0.01115	0.00769	0.00633	0.00211	0.01030	0.00515	0.00372	0.01166

[dist]
# distance from previous block
# <min> <max>
0	1

[block]
# block no. 7 follows, 20 sequences, length 20
# corresponding to MSA columns:
# 877-896
name=unknown_H
#
# <colnr> <probs for GDERKNQSTAVLIFYWHMCP>
#	G	D	E	R	K	N	Q	S	T	A	V	L	I	F	Y	W	H	M	C	P
0	0.01896	0.16582	0.35431	0.02309	0.08197	0.06087	0.02402	0.02569	0.01899	0.02538	0.02458	0.02638	0.09448	0.00996	0.00803	0.00256	0.01103	0.00775	0.00439	0.01173
1	0.10194	0.42910	0.03595	0.01685	0.02320	0.22186	0.01494	0.02871	0.01954	0.02270	0.01254	0.01454	0.01103	0.00799	0.00626	0.00207	0.01100	0.00496	0.00414	0.01069
2	0.03264	0.03980	0.02487	0.02222	0.02698	0.59301	0.01683	0.09442	0.02641	0.02483	0.01426	0.01627	0.01161	0.00914	0.00795	0.00229	0.01510	0.00585	0.00493	0.01060
3	0.02202	0.03720	0.41913	0.02230	0.03259	0.06371	0.02568	0.13272	0.02335	0.06441	0.02218	0.02355	0.05292	0.00976	0.00849	0.00271	0.01165	0.00754	0.00531	0.01280
4	0.01174	0.00877	0.01090	0.01062	0.01272	0.00793	0.00787	0.01519	0.02288	0.03128	0.45963	0.12814	0.20088	0.01966	0.01037	0.00286	0.00427	0.01720	0.00913	0.00793
5	0.01321	0.00980	0.01284	0.01248	0.01307	0.01111	0.00871	0.01456	0.01325	0.01856	0.02441	0.04488	0.02606	0.39244	0.27467	0.01012	0.07735	0.01095	0.00492	0.00663
