[name]
unknown

[dist]
# distance from previous block
# <min> <max>
6	44

[block]
# block no. 0 follows, 21 sequences, length 33
# corresponding to MSA columns:
# 44-76
name=unknown_A
#
# <colnr> <probs for GDERKNQSTAVLIFYWHMCP>
#	G	D	E	R	K	N	Q	S	T	A	V	L	I	F	Y	W	H	M	C	P
0	0.09782	0.01895	0.02636	0.03499	0.36597	0.06051	0.01933	0.02880	0.01999	0.14569	0.01981	0.02246	0.01510	0.00847	0.00785	0.00248	0.00899	0.00736	0.07659	0.01247
1	0.02613	0.02976	0.02375	0.02593	0.15359	0.38343	0.01646	0.05707	0.02182	0.02312	0.01653	0.02393	0.01520	0.13110	0.01418	0.00335	0.01270	0.00725	0.00469	0.01001
2	0.19267	0.01503	0.01593	0.01350	0.01801	0.01589	0.01079	0.15829	0.06178	0.09802	0.22478	0.03833	0.07761	0.01285	0.00837	0.00266	0.00631	0.01032	0.00820	0.01065
3	0.02090	0.02084	0.02784	0.06691	0.37258	0.09803	0.02029	0.02521	0.01947	0.02642	0.01857	0.02240	0.04128	0.00811	0.00793	0.00223	0.00970	0.00721	0.00457	0.17952
4	0.01211	0.00903	0.01171	0.01244	0.04171	0.00859	0.00829	0.01483	0.01950	0.02676	0.32045	0.12917	0.13084	0.15290	0.06017	0.00458	0.00650	0.01531	0.00766	0.00748
5	0.02066	0.02809	0.16827	0.11735	0.20362	0.16198	0.02223	0.02592	0.01972	0.02478	0.02183	0.02504	0.07294	0.00938	0.00826	0.00251	0.01127	0.00771	0.00445	0.04401
6	0.15280	0.01837	0.01588	0.01468	0.01765	0.15931	0.01092	0.07907	0.01890	0.05633	0.02057	0.12963	0.01995	0.01780	0.01534	0.22095	0.00882	0.00928	0.00561	0.00815
7	0.11708	0.01758	0.02655	0.26024	0.21722	0.02092	0.02132	0.02317	0.01648	0.02542	0.01406	0.02012	0.01165	0.00959	0.01241	0.00292	0.16147	0.00715	0.00409	0.01057
8	0.01607	0.01513	0.02552	0.68047	0.05861	0.01891	0.02363	0.02174	0.01702	0.02174	0.01513	0.02269	0.01134	0.00851	0.00851	0.00284	0.01134	0.00756	0.00378	0.00945
9	0.01237	0.00890	0.01261	0.01261	0.01388	0.01008	0.00942	0.01490	0.01364	0.01972	0.02376	0.03739	0.02305	0.17694	0.52305	0.01215	0.01927	0.00965	0.03944	0.00717
10	0.01006	0.00862	0.00862	0.00862	0.01149	0.00718	0.00647	0.01221	0.01940	0.02299	0.08621	0.08190	0.64438	0.02155	0.01006	0.00287	0.00431	0.01796	0.00790	0.00718
11	0.02874	0.02205	0.02351	0.01885	0.02502	0.02471	0.01530	0.43433	0.23101	0.04782	0.02501	0.02408	0.01818	0.01064	0.00856	0.00266	0.00852	0.00829	0.00856	0.01415
12	0.01859	0.01276	0.01440	0.01285	0.01544	0.01365	0.00948	0.19077	0.02195	0.03096	0.02655	0.10006	0.02571	0.22876	0.10387	0.00571	0.00936	0.01093	0.13934	0.00885
13	0.01729	0.10224	0.02756	0.01961	0.02340	0.01844	0.15860	0.02126	0.01637	0.02404	0.01893	0.02541	0.01623	0.02381	0.18259	0.00553	0.13401	0.00824	0.14712	0.00933
14	0.03235	0.02384	0.02554	0.01958	0.02639	0.02639	0.01618	0.61946	0.04001	0.05363	0.02043	0.02043	0.01447	0.01022	0.00851	0.00255	0.00936	0.00766	0.00851	0.01447
15	0.01131	0.00891	0.01377	0.01417	0.01545	0.00832	0.06674	0.01334	0.01666	0.02226	0.04404	0.63041	0.05209	0.02478	0.01078	0.00340	0.00585	0.02283	0.00755	0.00735
16	0.01700	0.01694	0.03123	0.53147	0.05534	0.01951	0.16077	0.02302	0.01773	0.02302	0.01561	0.02275	0.01171	0.00820	0.00886	0.00284	0.01204	0.00814	0.00390	0.00992
17	0.02969	0.03747	0.02262	0.02064	0.02488	0.60304	0.01548	0.03188	0.02366	0.02104	0.02021	0.02178	0.07216	0.01000	0.00790	0.00226	0.01428	0.00669	0.00472	0.00961
18	0.01902	0.02057	0.03540	0.11072	0.03693	0.08110	0.31507	0.02427	0.01823	0.02390	0.01714	0.02388	0.01402	0.01923	0.13967	0.00499	0.07261	0.00889	0.00425	0.01012
19	0.22267	0.02518	0.02186	0.01785	0.02378	0.14973	0.01441	0.34959	0.03023	0.04318	0.01677	0.01771	0.01241	0.00933	0.00750	0.00250	0.00981	0.00644	0.00686	0.01220
20	0.06091	0.05704	0.02506	0.13677	0.03064	0.02417	0.01660	0.42400	0.03242	0.04435	0.01901	0.02075	0.01386	0.00964	0.00808	0.00254	0.00931	0.00736	0.04468	0.01282
21	0.01037	0.00741	0.00987	0.01185	0.01234	0.00691	0.00790	0.01185	0.01629	0.02172	0.04690	0.69537	0.05629	0.02666	0.01086	0.00346	0.00494	0.02419	0.00790	0.00691
22	0.02161	0.02125	0.03401	0.05069	0.61624	0.05309	0.02563	0.02652	0.01962	0.02745	0.01586	0.02077	0.01335	0.00764	0.00839	0.00251	0.01038	0.00748	0.00422	0.01330
23	0.02703	0.39759	0.03561	0.01731	0.02390	0.15560	0.01535	0.18238	0.02456	0.02896	0.01434	0.01575	0.01186	0.00834	0.00669	0.00208	0.01039	0.00555	0.00506	0.01164
24	0.01160	0.00868	0.01076	0.01024	0.01244	0.00784	0.00768	0.01520	0.02304	0.03163	0.51843	0.06768	0.20677	0.01833	0.01004	0.00272	0.00408	0.01597	0.00904	0.00784
25	0.02275	0.70604	0.04459	0.01456	0.02184	0.03367	0.01456	0.02548	0.01729	0.02002	0.01183	0.01365	0.01092	0.00728	0.00546	0.00182	0.00910	0.00455	0.00364	0.01092
26	0.02251	0.51226	0.16236	0.01717	0.02521	0.09212	0.01804	0.02659	0.01808	0.02145	0.01263	0.01466	0.01090	0.00758	0.00619	0.00203	0.01038	0.00498	0.00370	0.01114
27	0.06768	0.17167	0.49422	0.02149	0.03254	0.02244	0.02666	0.02653	0.01760	0.02634	0.01437	0.01685	0.01070	0.00792	0.00738	0.00252	0.01150	0.00584	0.00371	0.01203
28	0.02800	0.02461	0.02036	0.01787	0.02280	0.24508	0.01383	0.03823	0.24066	0.16913	0.03028	0.02870	0.06074	0.01101	0.00838	0.00258	0.00971	0.00848	0.00753	0.01201
29	0.01209	0.00853	0.01118	0.01137	0.01206	0.00912	0.00772	0.01351	0.01330	0.01837	0.02707	0.10815	0.02933	0.36833	0.30209	0.01007	0.01404	0.01215	0.00517	0.00635
30	0.03099	0.03759	0.02380	0.02134	0.02583	0.57700	0.01616	0.08911	0.02518	0.02392	0.01427	0.01662	0.01175	0.01131	0.03648	0.00273	0.01510	0.00585	0.00479	0.01021
31	0.01107	0.00832	0.01040	0.01166	0.01322	0.00765	0.00870	0.01340	0.01831	0.02360	0.09343	0.36191	0.22112	0.02402	0.01077	0.00334	0.00530	0.13856	0.00798	0.00725
32	0.01055	0.00761	0.01004	0.01191	0.01262	0.00710	0.00817	0.01222	0.01665	0.02202	0.04886	0.62702	0.08680	0.02620	0.01087	0.00345	0.00508	0.05794	0.00790	0.00698

[dist]
# distance from previous block
# <min> <max>
0	1

[block]
# block no. 1 follows, 21 sequences, length 67
# corresponding to MSA columns:
# 78-144
name=unknown_B
#
# <colnr> <probs for GDERKNQSTAVLIFYWHMCP>
#	G	D	E	R	K	N	Q	S	T	A	V	L	I	F	Y	W	H	M	C	P
0	0.02984	0.02466	0.02534	0.02273	0.08837	0.10718	0.01673	0.44810	0.03448	0.04491	0.02061	0.05972	0.01639	0.01073	0.00853	0.00256	0.00995	0.00835	0.00751	0.01333
1	0.02425	0.02101	0.02593	0.02115	0.02545	0.06343	0.08119	0.19968	0.12743	0.05918	0.02189	0.06737	0.01822	0.01236	0.01391	0.00299	0.18691	0.00920	0.00660	0.01182
2	0.01216	0.00912	0.01368	0.01368	0.01520	0.01064	0.01064	0.01520	0.01368	0.01976	0.02279	0.03343	0.02127	0.06382	0.66720	0.01368	0.02279	0.00912	0.00456	0.00760
3	0.02052	0.01966	0.03356	0.12075	0.58357	0.02008	0.02585	0.02564	0.01912	0.02714	0.01591	0.02124	0.01325	0.00768	0.00843	0.00256	0.01024	0.00758	0.00417	0.01304
4	0.03189	0.03762	0.02437	0.02151	0.02632	0.55424	0.01640	0.13685	0.02691	0.02659	0.01443	0.01624	0.01158	0.00902	0.00782	0.00226	0.01430	0.00586	0.00511	0.01068
5	0.16702	0.02171	0.02831	0.08224	0.40655	0.10142	0.02142	0.02660	0.01886	0.02855	0.01477	0.01903	0.01219	0.00786	0.00772	0.00253	0.01016	0.00673	0.00441	0.01192
6	0.03188	0.03785	0.02435	0.02154	0.02632	0.56315	0.01640	0.12871	0.02669	0.02614	0.01433	0.01617	0.01153	0.00900	0.00781	0.00225	0.01438	0.00583	0.00505	0.01061
7	0.02077	0.17625	0.02266	0.01475	0.01849	0.13448	0.01218	0.06269	0.01917	0.02541	0.01902	0.02351	0.01617	0.02069	0.14592	0.00457	0.04985	0.00692	0.19710	0.00941
8	0.01020	0.00805	0.00921	0.01013	0.01189	0.00706	0.00714	0.01204	0.01794	0.02240	0.06781	0.36914	0.36902	0.02394	0.01043	0.00315	0.00460	0.02088	0.00790	0.00706
9	0.03179	0.04056	0.02412	0.02192	0.02631	0.66676	0.01644	0.03398	0.02412	0.02083	0.01315	0.01535	0.01096	0.00877	0.00767	0.00219	0.01535	0.00548	0.00438	0.00987
10	0.01037	0.00741	0.00987	0.01185	0.01234	0.00691	0.00790	0.01185	0.01629	0.02172	0.04690	0.69537	0.05629	0.02666	0.01086	0.00346	0.00494	0.02419	0.00790	0.00691
11	0.03235	0.02384	0.02554	0.01958	0.02639	0.02639	0.01618	0.61946	0.04001	0.05363	0.02043	0.02043	0.01447	0.01022	0.00851	0.00255	0.00936	0.00766	0.00851	0.01447
12	0.01166	0.00862	0.01088	0.01045	0.01251	0.00784	0.00779	0.01526	0.02298	0.03181	0.52873	0.09917	0.16370	0.01850	0.01008	0.00275	0.00411	0.01623	0.00907	0.00784
13	0.01845	0.01279	0.01443	0.05640	0.01822	0.01334	0.01025	0.17325	0.02497	0.03572	0.15054	0.04262	0.13488	0.01326	0.00824	0.00247	0.00592	0.01093	0.24370	0.00962
14	0.02816	0.03437	0.02515	0.02373	0.06039	0.48298	0.01749	0.03043	0.02130	0.02114	0.01286	0.01642	0.01115	0.01011	0.01237	0.00256	0.16916	0.00605	0.00422	0.00994
15	0.03179	0.04056	0.02412	0.02192	0.02631	0.66676	0.01644	0.03398	0.02412	0.02083	0.01315	0.01535	0.01096	0.00877	0.00767	0.00219	0.01535	0.00548	0.00438	0.00987
16	0.01075	0.00871	0.00959	0.00956	0.01217	0.00755	0.00729	0.01346	0.02051	0.02576	0.21440	0.07849	0.47439	0.02070	0.01016	0.00289	0.00446	0.05349	0.00824	0.00742
17	0.01094	0.00868	0.00998	0.01076	0.01303	0.00773	0.00835	0.01338	0.01892	0.02334	0.07029	0.18824	0.41076	0.02285	0.01058	0.00321	0.00521	0.14859	0.00789	0.00729
18	0.01765	0.01513	0.01765	0.01260	0.02017	0.01134	0.01008	0.02143	0.01765	0.02773	0.01513	0.01765	0.01260	0.00630	0.00630	0.00126	0.00630	0.00504	0.00504	0.75295
19	0.02030	0.01952	0.02829	0.07112	0.41172	0.06176	0.02133	0.02749	0.10360	0.02807	0.05746	0.06990	0.02173	0.01011	0.00867	0.00264	0.00935	0.00929	0.00536	0.01228
20	0.01216	0.00912	0.01368	0.01368	0.01520	0.01064	0.01064	0.01520	0.01368	0.01976	0.02279	0.03343	0.02127	0.06382	0.66720	0.01368	0.02279	0.00912	0.00456	0.00760
21	0.01156	0.00828	0.01113	0.01244	0.01365	0.00786	0.00927	0.01424	0.01901	0.02570	0.19639	0.39871	0.06064	0.02361	0.01086	0.00337	0.00537	0.15225	0.00825	0.00741
22	0.01922	0.01840	0.02973	0.16378	0.29489	0.02064	0.05958	0.02599	0.08453	0.02587	0.01748	0.02286	0.01439	0.01202	0.04299	0.00337	0.12010	0.00801	0.00456	0.01161
23	0.01880	0.24534	0.47065	0.02131	0.03227	0.02399	0.02631	0.02650	0.01776	0.02484	0.01423	0.01665	0.01082	0.00784	0.00729	0.00243	0.01152	0.00576	0.00361	0.01207
24	0.01340	0.00872	0.01175	0.01175	0.01343	0.00973	0.00907	0.01675	0.01507	0.02377	0.02446	0.03286	0.02146	0.04575	0.44547	0.00976	0.01648	0.00872	0.25390	0.00771
25	0.01089	0.00762	0.00972	0.01118	0.01155	0.00726	0.00719	0.01199	0.01528	0.02037	0.04170	0.52971	0.04972	0.20127	0.01927	0.00470	0.00580	0.02113	0.00719	0.00646
26	0.02153	0.01625	0.01805	0.01524	0.01971	0.01728	0.01224	0.27580	0.09631	0.04056	0.19947	0.04622	0.11974	0.01464	0.00935	0.00275	0.00687	0.04810	0.00863	0.01124
27	0.02139	0.02362	0.01720	0.01621	0.01947	0.30173	0.01209	0.06247	0.02190	0.02362	0.03766	0.16533	0.16642	0.01878	0.05052	0.00335	0.01084	0.01239	0.00617	0.00883
28	0.02464	0.56679	0.04031	0.01610	0.02278	0.16615	0.01496	0.02726	0.01872	0.02019	0.01211	0.01401	0.01093	0.00759	0.00592	0.00190	0.01041	0.00475	0.00380	0.01070
29	0.01035	0.00749	0.00979	0.01163	0.01229	0.00693	0.00780	0.01187	0.01650	0.02181	0.04954	0.65428	0.09568	0.02632	0.01081	0.00342	0.00490	0.02378	0.00790	0.00693
30	0.03179	0.04056	0.02412	0.02192	0.02631	0.66676	0.01644	0.03398	0.02412	0.02083	0.01315	0.01535	0.01096	0.00877	0.00767	0.00219	0.01535	0.00548	0.00438	0.00987
31	0.02013	0.01905	0.03140	0.10647	0.50711	0.01890	0.02371	0.02507	0.01892	0.02722	0.01580	0.02075	0.01316	0.00750	0.00815	0.00239	0.00971	0.00724	0.00428	0.11304
32	0.03052	0.03572	0.02367	0.02106	0.02579	0.50762	0.01604	0.10648	0.10274	0.02667	0.01675	0.01803	0.01328	0.00930	0.00790	0.00232	0.01353	0.00627	0.00542	0.01088
33	0.01276	0.00858	0.01043	0.01082	0.01286	0.00761	0.00778	0.01495	0.01905	0.07567	0.13562	0.34188	0.26585	0.02234	0.01028	0.00308	0.00479	0.01957	0.00830	0.00777
34	0.01965	0.01612	0.02119	0.01726	0.02171	0.01683	0.08743	0.14139	0.14926	0.03077	0.02419	0.03261	0.02115	0.17551	0.10196	0.00528	0.01059	0.00936	0.00635	0.09139
35	0.01219	0.00808	0.00976	0.01015	0.01100	0.00779	0.00667	0.01402	0.01684	0.02392	0.17429	0.23096	0.04813	0.27057	0.02200	0.00486	0.00582	0.01577	0.10055	0.00665
36	0.02786	0.32983	0.03302	0.01872	0.02437	0.39157	0.01563	0.03029	0.02115	0.02048	0.01258	0.01461	0.01094	0.00812	0.00671	0.00203	0.01263	0.00508	0.00406	0.01032
37	0.01728	0.01760	0.01732	0.06066	0.09851	0.16139	0.01293	0.02025	0.02060	0.02494	0.15697	0.17996	0.14566	0.01628	0.00937	0.00275	0.00810	0.01393	0.00665	0.00885
38	0.02201	0.07319	0.16097	0.12951	0.21501	0.11282	0.02318	0.07523	0.05713	0.02773	0.01649	0.01994	0.01288	0.00842	0.00808	0.00254	0.01123	0.00694	0.00461	0.01208
39	0.02082	0.02241	0.02377	0.02078	0.02204	0.17116	0.01678	0.02303	0.01698	0.02228	0.09132	0.02353	0.01984	0.01380	0.02101	0.00324	0.44535	0.00800	0.00459	0.00928
40	0.01225	0.00893	0.01055	0.01116	0.01241	0.00858	0.00754	0.05274	0.01754	0.02287	0.04777	0.38516	0.15760	0.18291	0.01817	0.00441	0.00589	0.01914	0.00730	0.00706
41	0.01943	0.02848	0.25575	0.06836	0.40581	0.02000	0.02791	0.02623	0.01878	0.02725	0.01571	0.02003	0.01243	0.00780	0.00831	0.00260	0.01104	0.00712	0.00397	0.01299
42	0.01343	0.01095	0.01258	0.01375	0.01604	0.04306	0.01146	0.01663	0.01963	0.02434	0.05566	0.11285	0.22361	0.02230	0.01100	0.00350	0.00706	0.36675	0.00768	0.00771
43	0.01015	0.00827	0.00898	0.00955	0.01174	0.00711	0.00688	0.01211	0.01850	0.02262	0.07485	0.25925	0.47437	0.02303	0.01029	0.00304	0.00449	0.01976	0.00790	0.00711
44	0.01707	0.04402	0.65683	0.02426	0.03683	0.01976	0.03144	0.02695	0.01797	0.02695	0.01527	0.01797	0.01078	0.00809	0.00809	0.00270	0.01258	0.00629	0.00359	0.01258
45	0.02038	0.30245	0.14181	0.05674	0.02602	0.10809	0.01776	0.02449	0.01742	0.02142	0.01481	0.01906	0.01286	0.01854	0.13048	0.00437	0.04295	0.00613	0.00391	0.01030
46	0.01599	0.01384	0.01986	0.30219	0.06795	0.01549	0.01712	0.06045	0.05846	0.02594	0.03782	0.04819	0.16412	0.01413	0.00938	0.00298	0.00869	0.10192	0.00601	0.00948
47	0.03631	0.01409	0.01901	0.01471	0.02104	0.01215	0.01211	0.03952	0.02403	0.61170	0.03708	0.03249	0.06260	0.01127	0.00866	0.00265	0.00705	0.00918	0.01036	0.01400
48	0.01037	0.00741	0.00987	0.01185	0.01234	0.00691	0.00790	0.01185	0.01629	0.02172	0.04690	0.69537	0.05629	0.02666	0.01086	0.00346	0.00494	0.02419	0.00790	0.00691
49	0.03167	0.03115	0.09258	0.02015	0.02652	0.29346	0.01719	0.18640	0.02761	0.16243	0.01954	0.01980	0.01397	0.00944	0.00812	0.00243	0.01180	0.00678	0.00665	0.01232
50	0.03007	0.01803	0.02092	0.01686	0.02250	0.01872	0.01358	0.30892	0.06884	0.23500	0.02952	0.12799	0.02371	0.01294	0.00890	0.00274	0.00785	0.01062	0.00906	0.01325
51	0.01238	0.00825	0.00928	0.00928	0.00928	0.00825	0.00516	0.01238	0.01238	0.01650	0.02681	0.05569	0.03094	0.70092	0.04331	0.00825	0.00825	0.01238	0.00516	0.00516
52	0.02777	0.03387	0.02471	0.02205	0.02510	0.47139	0.01711	0.02986	0.02074	0.02072	0.01255	0.01634	0.01103	0.01064	0.01385	0.00266	0.21965	0.00608	0.00418	0.00970
53	0.01037	0.00741	0.00987	0.01185	0.01234	0.00691	0.00790	0.01185	0.01629	0.02172	0.04690	0.69537	0.05629	0.02666	0.01086	0.00346	0.00494	0.02419	0.00790	0.00691
54	0.01761	0.04021	0.54708	0.02636	0.03822	0.02008	0.13737	0.02701	0.01835	0.02701	0.01562	0.01887	0.01117	0.00792	0.00844	0.00273	0.01290	0.00697	0.00372	0.01238
55	0.02242	0.02316	0.02799	0.03563	0.35524	0.15321	0.01994	0.02655	0.01992	0.02632	0.01518	0.01898	0.01273	0.00750	0.00772	0.00213	0.01022	0.00648	0.00446	0.20422
56	0.02083	0.01998	0.03411	0.08205	0.61987	0.02016	0.02600	0.02591	0.01927	0.02751	0.01597	0.02114	0.01338	0.00763	0.00843	0.00254	0.01017	0.00758	0.00419	0.01329
57	0.01216	0.00912	0.01368	0.01368	0.01520	0.01064	0.01064	0.01520	0.01368	0.01976	0.02279	0.03343	0.02127	0.06382	0.66720	0.01368	0.02279	0.00912	0.00456	0.00760
58	0.01478	0.00739	0.01109	0.01109	0.01109	0.00739	0.00739	0.01109	0.01109	0.01478	0.01478	0.02587	0.01478	0.02956	0.03326	0.75240	0.00739	0.00739	0.00370	0.00370
59	0.76103	0.01646	0.01251	0.01119	0.01646	0.01909	0.00922	0.02502	0.01448	0.03818	0.01185	0.01382	0.00922	0.00790	0.00527	0.00263	0.00658	0.00461	0.00527	0.00922
60	0.06265	0.00849	0.00831	0.00823	0.01029	0.00866	0.00610	0.01966	0.01727	0.03111	0.02669	0.03220	0.02163	0.05607	0.00841	0.00244	0.00442	0.00802	0.65152	0.00783
61	0.01306	0.00994	0.01208	0.01246	0.01418	0.01009	0.00886	0.01956	0.13887	0.02751	0.20576	0.35552	0.05539	0.06101	0.01212	0.00342	0.00523	0.01824	0.00829	0.00840
62	0.01165	0.00839	0.00918	0.00915	0.01013	0.00791	0.00570	0.01251	0.01511	0.01936	0.07532	0.06412	0.22168	0.45881	0.03147	0.00633	0.00683	0.01424	0.00621	0.00592
63	0.17380	0.02742	0.02251	0.06276	0.02656	0.23919	0.01540	0.26688	0.02815	0.03748	0.01596	0.01758	0.01206	0.00916	0.00760	0.00247	0.01096	0.00633	0.00618	0.01156
64	0.02224	0.01972	0.01801	0.01590	0.01992	0.13409	0.01229	0.14336	0.18335	0.03512	0.16202	0.05907	0.03374	0.01248	0.00855	0.00257	0.00783	0.01014	0.08864	0.01096
65	0.02555	0.09956	0.02350	0.01767	0.02244	0.22622	0.01411	0.19063	0.05692	0.03285	0.13073	0.02731	0.02590	0.01439	0.05232	0.00314	0.01104	0.00822	0.00657	0.01094
66	0.03106	0.02699	0.02457	0.01987	0.02593	0.16875	0.01595	0.42895	0.09822	0.04443	0.02029	0.02048	0.01489	0.01003	0.00834	0.00251	0.01043	0.00738	0.00761	0.01334

[dist]
# distance from previous block
# <min> <max>
1	5

[block]
# block no. 2 follows, 21 sequences, length 20
# corresponding to MSA columns:
# 150-169
name=unknown_C
#
# <colnr> <probs for GDERKNQSTAVLIFYWHMCP>
#	G	D	E	R	K	N	Q	S	T	A	V	L	I	F	Y	W	H	M	C	P
0	0.10057	0.02036	0.01750	0.04672	0.02123	0.18267	0.01206	0.05749	0.01967	0.02771	0.01765	0.02152	0.01455	0.01627	0.10161	0.00369	0.01109	0.00642	0.12171	0.17951
1	0.02186	0.02107	0.01853	0.01599	0.02100	0.18263	0.01255	0.05576	0.10121	0.04958	0.07097	0.03525	0.06397	0.01158	0.00824	0.00231	0.00875	0.07025	0.00649	0.22199
2	0.23586	0.02598	0.02342	0.02560	0.16248	0.23783	0.01677	0.05631	0.01988	0.02888	0.01356	0.01679	0.01122	0.00898	0.00936	0.00257	0.08311	0.00602	0.00472	0.01065
3	0.02364	0.02896	0.25568	0.02003	0.02819	0.02118	0.02058	0.31158	0.02921	0.04040	0.08631	0.05219	0.02190	0.01088	0.00862	0.00266	0.00979	0.00867	0.00677	0.01277
4	0.01381	0.01362	0.04746	0.01330	0.01607	0.05715	0.01108	0.01722	0.02064	0.02682	0.24350	0.09689	0.21434	0.01872	0.01125	0.00301	0.05018	0.10919	0.00761	0.00817
5	0.02449	0.57779	0.04065	0.01598	0.02270	0.15568	0.01492	0.02712	0.01861	0.02018	0.01209	0.01398	0.01093	0.00757	0.00589	0.00189	0.01030	0.00473	0.00378	0.01072
6	0.02140	0.47545	0.14069	0.01678	0.02404	0.06701	0.01727	0.02519	0.01764	0.02140	0.01643	0.01845	0.04494	0.00877	0.00774	0.00217	0.05411	0.00580	0.00391	0.01082
7	0.01507	0.01079	0.01495	0.01354	0.01672	0.01092	0.01064	0.01829	0.01525	0.06306	0.02182	0.02967	0.01936	0.04771	0.47897	0.01023	0.01816	0.00819	0.00506	0.17165
8	0.01223	0.00827	0.00924	0.00924	0.00942	0.00819	0.00524	0.01237	0.01280	0.01690	0.03044	0.05729	0.06839	0.65945	0.04128	0.00792	0.00801	0.01272	0.00532	0.00528
9	0.01142	0.00839	0.01014	0.01121	0.01213	0.00809	0.00744	0.01399	0.05233	0.02153	0.04645	0.43792	0.12035	0.17637	0.01791	0.00443	0.00571	0.01992	0.00733	0.00694
10	0.01221	0.00979	0.01055	0.01134	0.01252	0.03746	0.00762	0.01450	0.04333	0.02130	0.04745	0.37159	0.15637	0.18246	0.01809	0.00439	0.00614	0.01878	0.00713	0.00697
11	0.02186	0.02113	0.02943	0.04011	0.42484	0.06693	0.02182	0.03213	0.19447	0.02952	0.02111	0.02370	0.01686	0.00880	0.00844	0.00261	0.00952	0.00801	0.00549	0.01322
12	0.01037	0.00741	0.00987	0.01185	0.01234	0.00691	0.00790	0.01185	0.01629	0.02172	0.04690	0.69537	0.05629	0.02666	0.01086	0.00346	0.00494	0.02419	0.00790	0.00691
13	0.01230	0.00856	0.01087	0.01087	0.01142	0.00911	0.00713	0.01339	0.01285	0.01768	0.02536	0.04766	0.02745	0.47100	0.26847	0.01021	0.01350	0.01120	0.00494	0.00604
14	0.18622	0.01878	0.02498	0.32254	0.12396	0.06176	0.04963	0.06708	0.01903	0.02876	0.01487	0.01986	0.01144	0.00832	0.00779	0.00269	0.01038	0.00690	0.00458	0.01044
15	0.02911	0.02741	0.02525	0.02087	0.02546	0.20811	0.01680	0.31891	0.02945	0.03688	0.01629	0.01858	0.01274	0.01085	0.01263	0.00271	0.16268	0.00699	0.00627	0.01201
16	0.01149	0.00794	0.00976	0.01052	0.01094	0.00766	0.00662	0.01255	0.01528	0.02059	0.10128	0.32625	0.04691	0.34346	0.02607	0.00563	0.00640	0.01768	0.00676	0.00620
17	0.01329	0.01057	0.01221	0.01206	0.01453	0.01060	0.00891	0.02089	0.16182	0.02888	0.22908	0.21963	0.18620	0.01930	0.00993	0.00297	0.00494	0.01684	0.00851	0.00882
18	0.02825	0.03361	0.02593	0.02823	0.16526	0.45264	0.01829	0.03342	0.08817	0.02397	0.01609	0.01838	0.01313	0.00880	0.00795	0.00234	0.01325	0.00640	0.00480	0.01106
19	0.01700	0.01388	0.01810	0.02172	0.15696	0.05520	0.01358	0.04108	0.01753	0.02562	0.02173	0.02863	0.01875	0.03312	0.29852	0.00730	0.01458	0.00821	0.17910	0.00938

[dist]
# distance from previous block
# <min> <max>
0	3

[block]
# block no. 3 follows, 21 sequences, length 15
# corresponding to MSA columns:
# 173-187
name=unknown_D
#
# <colnr> <probs for GDERKNQSTAVLIFYWHMCP>
#	G	D	E	R	K	N	Q	S	T	A	V	L	I	F	Y	W	H	M	C	P
0	0.01941	0.02484	0.15881	0.11011	0.30772	0.02054	0.15011	0.02578	0.01869	0.02651	0.01579	0.02091	0.01249	0.00804	0.00963	0.00272	0.04377	0.00783	0.00404	0.01225
1	0.17359	0.02065	0.01812	0.01521	0.02013	0.12037	0.01214	0.23498	0.02625	0.06738	0.01998	0.02149	0.01498	0.00947	0.00710	0.00238	0.00832	0.00682	0.18955	0.01109
2	0.01935	0.01847	0.03144	0.26826	0.44523	0.01977	0.02526	0.02461	0.01857	0.02572	0.01570	0.02162	0.01275	0.00790	0.00845	0.00263	0.01053	0.00758	0.00406	0.01210
3	0.01046	0.00864	0.00918	0.00904	0.01174	0.00736	0.00678	0.01299	0.02035	0.02524	0.19904	0.07819	0.53015	0.02071	0.01005	0.00283	0.00425	0.01744	0.00820	0.00736
4	0.01289	0.00921	0.01277	0.01473	0.01633	0.00908	0.01228	0.01621	0.01878	0.02455	0.04551	0.24367	0.05078	0.02429	0.01153	0.00380	0.00712	0.45101	0.00785	0.00761
5	0.02036	0.02217	0.02111	0.18106	0.03019	0.21009	0.01622	0.02538	0.07603	0.02282	0.03044	0.03297	0.14361	0.01257	0.01165	0.00280	0.11655	0.00927	0.00526	0.00946
6	0.01006	0.00862	0.00862	0.00862	0.01149	0.00718	0.00647	0.01221	0.01940	0.02299	0.08621	0.08190	0.64438	0.02155	0.01006	0.00287	0.00431	0.01796	0.00790	0.00718
7	0.02765	0.02819	0.08212	0.01993	0.02589	0.18343	0.01698	0.28851	0.10566	0.03764	0.02259	0.02319	0.04457	0.01060	0.00932	0.00259	0.04421	0.00772	0.00678	0.01242
8	0.01236	0.00831	0.00960	0.00960	0.00971	0.00843	0.00556	0.01258	0.01247	0.01674	0.02652	0.05406	0.03023	0.65429	0.08898	0.00865	0.00931	0.01214	0.00511	0.00534
9	0.02695	0.01715	0.01907	0.01549	0.02088	0.01804	0.01248	0.23434	0.15390	0.15841	0.02710	0.02658	0.01952	0.01028	0.00790	0.00245	0.00714	0.00815	0.16133	0.05283
10	0.01037	0.00741	0.00987	0.01185	0.01234	0.00691	0.00790	0.01185	0.01629	0.02172	0.04690	0.69537	0.05629	0.02666	0.01086	0.00346	0.00494	0.02419	0.00790	0.00691
11	0.02066	0.02873	0.30429	0.01974	0.02771	0.01844	0.02098	0.17040	0.05532	0.06335	0.02498	0.16006	0.02240	0.01275	0.00882	0.00283	0.00965	0.01061	0.00629	0.01201
12	0.08497	0.14254	0.21689	0.02860	0.10157	0.02270	0.23175	0.02655	0.01844	0.02698	0.01516	0.01897	0.01171	0.00756	0.00812	0.00259	0.01182	0.00731	0.00407	0.01172
13	0.02293	0.03272	0.24076	0.06623	0.22749	0.17892	0.02474	0.02885	0.02019	0.05585	0.01586	0.01908	0.01221	0.00824	0.00814	0.00252	0.01216	0.00667	0.00433	0.01212
14	0.15967	0.02700	0.27197	0.05342	0.06040	0.05165	0.01950	0.02301	0.01801	0.02758	0.03201	0.03319	0.16678	0.01140	0.00805	0.00270	0.00934	0.00893	0.00506	0.01034

[dist]
# distance from previous block
# <min> <max>
2	17

[block]
# block no. 4 follows, 21 sequences, length 53
# corresponding to MSA columns:
# 205-257
name=unknown_E
#
# <colnr> <probs for GDERKNQSTAVLIFYWHMCP>
#	G	D	E	R	K	N	Q	S	T	A	V	L	I	F	Y	W	H	M	C	P
0	0.02804	0.10011	0.02772	0.10617	0.10709	0.28389	0.01805	0.13539	0.02477	0.06715	0.01619	0.01855	0.01258	0.00880	0.00784	0.00237	0.01197	0.00649	0.00533	0.01149
1	0.02461	0.02548	0.02506	0.02902	0.22449	0.23260	0.01777	0.08490	0.07203	0.02857	0.02115	0.02346	0.04558	0.00931	0.00800	0.00236	0.01060	0.00745	0.05179	0.05579
2	0.02275	0.18281	0.02472	0.01504	0.02106	0.16768	0.01244	0.06071	0.02041	0.02638	0.01579	0.01810	0.01309	0.00778	0.00651	0.00177	0.00893	0.00554	0.09740	0.27108
3	0.01061	0.00821	0.00968	0.01022	0.01207	0.00728	0.00732	0.01295	0.01936	0.02504	0.19710	0.29320	0.31164	0.02242	0.01034	0.00303	0.00446	0.01957	0.00823	0.00728
4	0.01135	0.00893	0.01043	0.01128	0.01338	0.00824	0.00856	0.01465	0.04711	0.02367	0.06468	0.26127	0.33314	0.02294	0.01054	0.00324	0.00526	0.12588	0.00792	0.00752
5	0.02082	0.32981	0.22210	0.02264	0.03165	0.05012	0.16094	0.02664	0.01839	0.02375	0.01414	0.01715	0.01135	0.00754	0.00738	0.00233	0.01157	0.00638	0.00381	0.01149
6	0.02669	0.07821	0.20948	0.02146	0.02857	0.35912	0.02028	0.03259	0.05973	0.06305	0.01630	0.01788	0.01247	0.00876	0.00778	0.00239	0.01312	0.00611	0.00476	0.01123
7	0.01199	0.00878	0.01083	0.01098	0.01172	0.00904	0.00736	0.01325	0.01482	0.01991	0.07425	0.17244	0.10564	0.34006	0.11355	0.00692	0.04126	0.01471	0.00609	0.00641
8	0.01245	0.00950	0.01402	0.01386	0.01524	0.01121	0.01074	0.01530	0.01359	0.01964	0.02247	0.03380	0.02127	0.09094	0.61033	0.01299	0.05136	0.00919	0.00455	0.00756
9	0.02734	0.23332	0.10892	0.02009	0.02633	0.40312	0.01777	0.03065	0.02138	0.02136	0.01304	0.01518	0.01093	0.00825	0.00709	0.00215	0.01320	0.00531	0.00407	0.01051
10	0.01514	0.01154	0.01229	0.01145	0.01466	0.01172	0.00877	0.04910	0.17057	0.03085	0.15176	0.05477	0.25914	0.01580	0.00890	0.00267	0.00501	0.01322	0.14334	0.00932
11	0.01162	0.01290	0.09054	0.01192	0.01535	0.00902	0.01051	0.01516	0.01985	0.02609	0.20508	0.17266	0.30433	0.01980	0.01001	0.00294	0.00552	0.04093	0.00772	0.00804
12	0.02353	0.02678	0.02341	0.02391	0.10052	0.31736	0.01674	0.02621	0.01908	0.02139	0.01533	0.02077	0.01365	0.02226	0.16119	0.00513	0.14182	0.00694	0.00428	0.00970
13	0.01063	0.00864	0.00942	0.00922	0.01185	0.00743	0.00692	0.01332	0.02075	0.02621	0.24723	0.07660	0.48136	0.02035	0.01005	0.00282	0.00423	0.01722	0.00833	0.00743
14	0.02020	0.02301	0.11233	0.08721	0.50449	0.02015	0.05633	0.02601	0.01909	0.02729	0.01592	0.02087	0.01298	0.00768	0.00847	0.00258	0.01071	0.00754	0.00411	0.01301
15	0.02552	0.03127	0.01970	0.01823	0.02207	0.47612	0.01363	0.02767	0.02260	0.02139	0.03239	0.06393	0.16589	0.01271	0.00840	0.00242	0.01219	0.00939	0.00540	0.00908
16	0.02095	0.11079	0.10655	0.08525	0.21824	0.15505	0.02018	0.02534	0.01973	0.02403	0.02517	0.02775	0.10598	0.01001	0.00811	0.00247	0.01063	0.00815	0.00461	0.01101
17	0.11808	0.37982	0.03332	0.01664	0.02278	0.21938	0.01455	0.06508	0.02039	0.02463	0.01276	0.01460	0.01094	0.00798	0.00628	0.00208	0.01066	0.00503	0.00437	0.01062
18	0.02109	0.02819	0.17972	0.08020	0.35410	0.10070	0.06122	0.02709	0.01953	0.02632	0.01550	0.01984	0.01236	0.00788	0.00835	0.00256	0.01167	0.00716	0.00407	0.01245
19	0.01212	0.01016	0.01113	0.00985	0.01370	0.00828	0.00753	0.01492	0.01965	0.02567	0.14775	0.06424	0.41685	0.01739	0.00917	0.00247	0.00474	0.01457	0.00744	0.18240
20	0.02907	0.24235	0.03042	0.01957	0.02495	0.44217	0.01586	0.06050	0.02283	0.02221	0.01311	0.01508	0.01112	0.00839	0.00704	0.00210	0.01315	0.00531	0.00436	0.01042
21	0.01216	0.00912	0.01368	0.01368	0.01520	0.01064	0.01064	0.01520	0.01368	0.01976	0.02279	0.03343	0.02127	0.06382	0.66720	0.01368	0.02279	0.00912	0.00456	0.00760
22	0.01877	0.22908	0.21842	0.02051	0.06426	0.05357	0.02021	0.02412	0.01863	0.02421	0.02281	0.03933	0.02205	0.01231	0.00837	0.00275	0.01016	0.17489	0.00491	0.01063
23	0.01829	0.12295	0.47661	0.02504	0.03627	0.02180	0.12961	0.02682	0.01825	0.02614	0.01518	0.01828	0.01116	0.00783	0.00809	0.00262	0.01245	0.00671	0.00372	0.01218
24	0.01085	0.00881	0.00972	0.00993	0.01256	0.00768	0.00774	0.01350	0.02001	0.02475	0.14955	0.08171	0.48546	0.02133	0.01031	0.00300	0.00480	0.10284	0.00808	0.00739
25	0.01986	0.02003	0.03572	0.10851	0.32919	0.02147	0.16319	0.02489	0.01813	0.02569	0.01531	0.02123	0.01270	0.00893	0.01241	0.00286	0.13584	0.00813	0.00410	0.01182
26	0.02301	0.06687	0.03165	0.12126	0.39266	0.16946	0.02287	0.02734	0.02004	0.02496	0.01498	0.01949	0.01248	0.00795	0.00808	0.00245	0.01140	0.00691	0.00416	0.01199
27	0.01462	0.01412	0.02323	0.02341	0.13850	0.01304	0.14909	0.01857	0.01956	0.02501	0.05484	0.05802	0.34578	0.01580	0.00985	0.00287	0.00789	0.05002	0.00639	0.00938
28	0.01617	0.01177	0.01549	0.01438	0.01692	0.01338	0.01135	0.12789	0.01886	0.02687	0.02269	0.03090	0.02005	0.05018	0.49964	0.01081	0.01901	0.00877	0.05597	0.00890
29	0.02207	0.27058	0.29623	0.02004	0.02900	0.11780	0.02194	0.05715	0.04580	0.02534	0.01485	0.01680	0.01168	0.00816	0.00716	0.00232	0.01137	0.00578	0.00418	0.01175
30	0.02503	0.21930	0.03164	0.02327	0.13994	0.02046	0.07836	0.02876	0.02028	0.20576	0.02873	0.02895	0.09350	0.01004	0.00796	0.00243	0.00871	0.00852	0.00634	0.01202
31	0.01213	0.00815	0.00936	0.00960	0.00966	0.00808	0.00550	0.01231	0.01286	0.01715	0.02932	0.13545	0.03410	0.61686	0.03927	0.00765	0.00784	0.01385	0.00550	0.00538
32	0.02708	0.03143	0.02566	0.06866	0.16665	0.40224	0.01842	0.06499	0.02327	0.02454	0.01892	0.02155	0.05136	0.00937	0.00809	0.00237	0.01288	0.00699	0.00477	0.01076
33	0.01765	0.01513	0.01765	0.01260	0.02017	0.01134	0.01008	0.02143	0.01765	0.02773	0.01513	0.01765	0.01260	0.00630	0.00630	0.00126	0.00630	0.00504	0.00504	0.75295
34	0.02329	0.38095	0.06785	0.01885	0.02491	0.06767	0.05411	0.09932	0.01996	0.02513	0.01337	0.01630	0.01153	0.00916	0.01048	0.00239	0.13331	0.00595	0.00435	0.01112
35	0.01026	0.00784	0.00942	0.01069	0.01204	0.00701	0.00738	0.01198	0.01741	0.02218	0.06103	0.47487	0.26767	0.02483	0.01057	0.00325	0.00471	0.02195	0.00790	0.00701
36	0.01076	0.00863	0.00964	0.00974	0.01221	0.00752	0.00737	0.01340	0.02027	0.02558	0.20727	0.11828	0.44139	0.02106	0.01021	0.00293	0.00450	0.05359	0.00823	0.00740
37	0.01347	0.01105	0.01619	0.01544	0.01665	0.01377	0.01226	0.01627	0.01355	0.01990	0.02044	0.03043	0.01922	0.05389	0.53746	0.01166	0.15726	0.00878	0.00439	0.00795
38	0.01094	0.00857	0.00937	0.00922	0.01136	0.00757	0.00658	0.01311	0.01916	0.02431	0.20143	0.07291	0.40345	0.14596	0.01619	0.00382	0.00497	0.01635	0.00773	0.00700
39	0.02275	0.70604	0.04459	0.01456	0.02184	0.03367	0.01456	0.02548	0.01729	0.02002	0.01183	0.01365	0.01092	0.00728	0.00546	0.00182	0.00910	0.00455	0.00364	0.01092
40	0.01707	0.04402	0.65683	0.02426	0.03683	0.01976	0.03144	0.02695	0.01797	0.02695	0.01527	0.01797	0.01078	0.00809	0.00809	0.00270	0.01258	0.00629	0.00359	0.01258
41	0.02379	0.01959	0.02072	0.01785	0.02313	0.02239	0.01411	0.18005	0.49336	0.03983	0.03130	0.02909	0.02328	0.01123	0.00862	0.00281	0.00735	0.00916	0.00862	0.01371
42	0.03179	0.04056	0.02412	0.02192	0.02631	0.66676	0.01644	0.03398	0.02412	0.02083	0.01315	0.01535	0.01096	0.00877	0.00767	0.00219	0.01535	0.00548	0.00438	0.00987
43	0.03179	0.04056	0.02412	0.02192	0.02631	0.66676	0.01644	0.03398	0.02412	0.02083	0.01315	0.01535	0.01096	0.00877	0.00767	0.00219	0.01535	0.00548	0.00438	0.00987
44	0.01765	0.01513	0.01765	0.01260	0.02017	0.01134	0.01008	0.02143	0.01765	0.02773	0.01513	0.01765	0.01260	0.00630	0.00630	0.00126	0.00630	0.00504	0.00504	0.75295
45	0.01334	0.01085	0.01594	0.01526	0.01650	0.01345	0.01209	0.01616	0.01356	0.01989	0.02068	0.03073	0.01943	0.05490	0.55063	0.01186	0.14361	0.00881	0.00441	0.00791
46	0.03018	0.03683	0.02444	0.02184	0.02582	0.54871	0.01670	0.06719	0.02368	0.02274	0.01334	0.01606	0.01120	0.00962	0.01025	0.00240	0.09853	0.00586	0.00455	0.01007
47	0.01245	0.00890	0.00991	0.00993	0.01082	0.00877	0.00632	0.01426	0.04438	0.01917	0.03933	0.06180	0.14586	0.50055	0.03356	0.00673	0.00742	0.04774	0.00600	0.00610
48	0.02609	0.32580	0.11175	0.01906	0.02571	0.31517	0.01751	0.02947	0.02043	0.02125	0.01285	0.01495	0.01092	0.00805	0.00678	0.00210	0.01233	0.00518	0.00397	0.01066
49	0.01216	0.00912	0.01368	0.01368	0.01520	0.01064	0.01064	0.01520	0.01368	0.01976	0.02279	0.03343	0.02127	0.06382	0.66720	0.01368	0.02279	0.00912	0.00456	0.00760
50	0.02004	0.39062	0.33629	0.01918	0.02898	0.02705	0.02260	0.02618	0.01761	0.02332	0.01347	0.01571	0.01085	0.00766	0.00671	0.00224	0.01076	0.00538	0.00362	0.01171
51	0.01669	0.01278	0.01685	0.04799	0.13570	0.01327	0.01134	0.09110	0.01736	0.02352	0.02344	0.04323	0.02469	0.45206	0.03079	0.00621	0.00888	0.01066	0.00533	0.00810
52	0.01131	0.00823	0.00933	0.00966	0.01071	0.00768	0.00623	0.01246	0.01587	0.02046	0.08630	0.18350	0.21606	0.33562	0.02555	0.00545	0.00623	0.01639	0.00673	0.00625

[dist]
# distance from previous block
# <min> <max>
3	21

[block]
# block no. 5 follows, 21 sequences, length 24
# corresponding to MSA columns:
# 280-303
name=unknown_F
#
# <colnr> <probs for GDERKNQSTAVLIFYWHMCP>
#	G	D	E	R	K	N	Q	S	T	A	V	L	I	F	Y	W	H	M	C	P
0	0.01941	0.06083	0.16576	0.15608	0.37982	0.02060	0.02619	0.02548	0.01855	0.02613	0.01547	0.02030	0.01239	0.00784	0.00821	0.00258	0.01080	0.00714	0.00397	0.01244
1	0.15189	0.39792	0.03006	0.01308	0.01890	0.05937	0.01197	0.02301	0.01761	0.02393	0.02787	0.02842	0.14659	0.01053	0.00653	0.00221	0.00796	0.00749	0.00488	0.00976
2	0.01486	0.01373	0.01940	0.05862	0.18486	0.01452	0.01461	0.01783	0.01787	0.02348	0.04834	0.05066	0.30773	0.04692	0.01408	0.00317	0.12161	0.01261	0.00587	0.00925
3	0.02999	0.03556	0.02455	0.02172	0.02576	0.50366	0.01672	0.09846	0.02435	0.02450	0.01370	0.01639	0.01139	0.00980	0.01063	0.00245	0.10930	0.00601	0.00476	0.01031
4	0.02695	0.03138	0.02882	0.03560	0.30680	0.37498	0.02081	0.03043	0.02198	0.02398	0.01444	0.01793	0.01210	0.00823	0.00801	0.00234	0.01298	0.00643	0.00431	0.01150
5	0.01842	0.01297	0.01384	0.01197	0.01613	0.01304	0.00931	0.05479	0.18216	0.03292	0.02654	0.02819	0.02060	0.00959	0.00686	0.00209	0.00545	0.00775	0.35776	0.16962
6	0.01211	0.00968	0.01101	0.01112	0.01347	0.00926	0.00815	0.01755	0.10610	0.02666	0.17988	0.23418	0.28797	0.02067	0.01007	0.00299	0.00476	0.01792	0.00830	0.00817
7	0.01151	0.00868	0.01064	0.01015	0.01239	0.00780	0.00761	0.01503	0.02283	0.03114	0.49386	0.06849	0.23165	0.01851	0.01004	0.00273	0.00409	0.01608	0.00897	0.00780
8	0.01047	0.00870	0.00920	0.00926	0.01200	0.00743	0.00707	0.01291	0.01983	0.02414	0.13334	0.08117	0.55552	0.02131	0.01017	0.00292	0.00451	0.05471	0.00803	0.00730
9	0.02214	0.01704	0.01860	0.01651	0.02126	0.01911	0.01289	0.04226	0.51549	0.09993	0.08812	0.03426	0.03025	0.01196	0.00877	0.00284	0.00655	0.01002	0.00892	0.01310
10	0.03179	0.04056	0.02412	0.02192	0.02631	0.66676	0.01644	0.03398	0.02412	0.02083	0.01315	0.01535	0.01096	0.00877	0.00767	0.00219	0.01535	0.00548	0.00438	0.00987
11	0.01146	0.00907	0.01057	0.01132	0.01384	0.00818	0.00924	0.01428	0.01947	0.02394	0.07048	0.08729	0.41674	0.02230	0.01071	0.00327	0.00566	0.23688	0.00788	0.00743
12	0.03223	0.02743	0.02523	0.02008	0.02637	0.16384	0.01623	0.49379	0.03660	0.04659	0.01887	0.01934	0.01372	0.00991	0.00833	0.00248	0.01065	0.00719	0.00763	0.01348
13	0.03179	0.04056	0.02412	0.02192	0.02631	0.66676	0.01644	0.03398	0.02412	0.02083	0.01315	0.01535	0.01096	0.00877	0.00767	0.00219	0.01535	0.00548	0.00438	0.00987
14	0.02106	0.02022	0.03454	0.05223	0.64784	0.02022	0.02612	0.02612	0.01938	0.02780	0.01601	0.02106	0.01348	0.00758	0.00842	0.00253	0.01011	0.00758	0.00421	0.01348
15	0.18271	0.01488	0.01830	0.01435	0.02067	0.01382	0.01185	0.03818	0.02238	0.53066	0.02923	0.02594	0.01870	0.01001	0.00790	0.00263	0.00711	0.00777	0.00948	0.01343
16	0.07264	0.03000	0.02425	0.02020	0.02560	0.28783	0.01601	0.31687	0.03074	0.03771	0.01651	0.01789	0.01258	0.00972	0.00894	0.00247	0.04502	0.00659	0.00640	0.01204
17	0.01084	0.00787	0.00947	0.01054	0.01136	0.00732	0.00689	0.01206	0.01586	0.02058	0.04923	0.40580	0.16418	0.20485	0.01933	0.00462	0.00570	0.01984	0.00717	0.00650
18	0.01006	0.00862	0.00862	0.00862	0.01149	0.00718	0.00647	0.01221	0.01940	0.02299	0.08621	0.08190	0.64438	0.02155	0.01006	0.00287	0.00431	0.01796	0.00790	0.00718
19	0.02556	0.01936	0.02056	0.01649	0.02210	0.02088	0.01339	0.41381	0.08021	0.04410	0.03901	0.03764	0.18275	0.01333	0.00893	0.00266	0.00782	0.01055	0.00836	0.01246
20	0.08722	0.02568	0.15052	0.03049	0.03878	0.02136	0.41056	0.02645	0.01863	0.02765	0.01589	0.02090	0.01206	0.00803	0.01072	0.00289	0.06800	0.00868	0.00422	0.01129
21	0.02738	0.14530	0.03240	0.02625	0.10132	0.39521	0.10209	0.03071	0.02186	0.02242	0.01385	0.01682	0.01153	0.00816	0.00773	0.00227	0.01356	0.00622	0.00423	0.01069
22	0.01159	0.00792	0.00951	0.01028	0.01047	0.00773	0.00622	0.01217	0.01390	0.01853	0.03463	0.30451	0.04080	0.43865	0.03069	0.00639	0.00696	0.01697	0.00622	0.00584
23	0.01034	0.00863	0.00901	0.00892	0.01167	0.00730	0.00669	0.01276	0.02006	0.02456	0.16490	0.07931	0.56471	0.02097	0.01005	0.00285	0.00427	0.01760	0.00811	0.00730

[dist]
# distance from previous block
# <min> <max>
0	2

[block]
# block no. 6 follows, 21 sequences, length 142
# corresponding to MSA columns:
# 306-447
name=unknown_G
#
# <colnr> <probs for GDERKNQSTAVLIFYWHMCP>
#	G	D	E	R	K	N	Q	S	T	A	V	L	I	F	Y	W	H	M	C	P
0	0.02647	0.02390	0.02215	0.01733	0.02393	0.15381	0.01384	0.26295	0.02793	0.03664	0.01683	0.01828	0.01301	0.00838	0.00747	0.00197	0.00941	0.00618	0.00629	0.30323
1	0.03169	0.02351	0.02517	0.01945	0.02614	0.02608	0.01601	0.58534	0.07522	0.05256	0.02128	0.02110	0.01516	0.01029	0.00852	0.00257	0.00921	0.00778	0.00852	0.01441
2	0.01765	0.01513	0.01765	0.01260	0.02017	0.01134	0.01008	0.02143	0.01765	0.02773	0.01513	0.01765	0.01260	0.00630	0.00630	0.00126	0.00630	0.00504	0.00504	0.75295
3	0.01238	0.00825	0.00928	0.00928	0.00928	0.00825	0.00516	0.01238	0.01238	0.01650	0.02681	0.05569	0.03094	0.70092	0.04331	0.00825	0.00825	0.01238	0.00516	0.00516
4	0.02587	0.02900	0.09729	0.02216	0.05460	0.20811	0.01821	0.16164	0.15195	0.03207	0.01935	0.02085	0.01498	0.01029	0.01066	0.00268	0.09502	0.00725	0.00600	0.01203
5	0.01873	0.01913	0.03018	0.02751	0.10394	0.05098	0.14905	0.02237	0.01598	0.02277	0.01519	0.02228	0.01357	0.02045	0.13085	0.00503	0.30963	0.00823	0.00409	0.01003
6	0.03287	0.02106	0.02347	0.01808	0.02462	0.02251	0.01490	0.46552	0.03557	0.18400	0.02364	0.02282	0.01625	0.01027	0.00841	0.00255	0.00865	0.00787	0.04277	0.01418
7	0.02275	0.70604	0.04459	0.01456	0.02184	0.03367	0.01456	0.02548	0.01729	0.02002	0.01183	0.01365	0.01092	0.00728	0.00546	0.00182	0.00910	0.00455	0.00364	0.01092
8	0.01070	0.00870	0.00951	0.00947	0.01211	0.00752	0.00722	0.01335	0.02043	0.02554	0.20467	0.07873	0.48829	0.02076	0.01015	0.00289	0.00445	0.04990	0.00822	0.00740
9	0.01204	0.00870	0.01138	0.01071	0.01271	0.00803	0.00803	0.01606	0.02409	0.03413	0.64335	0.06357	0.08030	0.01740	0.01004	0.00268	0.00401	0.01539	0.00937	0.00803
10	0.01232	0.00849	0.01048	0.01048	0.01090	0.00890	0.00666	0.01315	0.01273	0.01739	0.02571	0.04960	0.02830	0.52664	0.21399	0.00973	0.01223	0.01148	0.00499	0.00582
11	0.02630	0.02083	0.02213	0.01836	0.02408	0.02356	0.01471	0.30875	0.36058	0.04388	0.02812	0.02656	0.02070	0.01094	0.00859	0.00273	0.00794	0.00872	0.00859	0.01393
12	0.01218	0.00901	0.01315	0.01315	0.01449	0.01035	0.00999	0.01486	0.01352	0.01937	0.02327	0.03608	0.02242	0.13948	0.59311	0.01303	0.02107	0.00950	0.00463	0.00731
13	0.01169	0.00801	0.00973	0.01040	0.01065	0.00793	0.00639	0.01236	0.01377	0.01845	0.03337	0.27042	0.03895	0.43709	0.06777	0.00694	0.00796	0.01618	0.00605	0.00589
14	0.03179	0.04056	0.02412	0.02192	0.02631	0.66676	0.01644	0.03398	0.02412	0.02083	0.01315	0.01535	0.01096	0.00877	0.00767	0.00219	0.01535	0.00548	0.00438	0.00987
15	0.01707	0.04402	0.65683	0.02426	0.03683	0.01976	0.03144	0.02695	0.01797	0.02695	0.01527	0.01797	0.01078	0.00809	0.00809	0.00270	0.01258	0.00629	0.00359	0.01258
16	0.03179	0.04056	0.02412	0.02192	0.02631	0.66676	0.01644	0.03398	0.02412	0.02083	0.01315	0.01535	0.01096	0.00877	0.00767	0.00219	0.01535	0.00548	0.00438	0.00987
17	0.01203	0.00889	0.01053	0.01118	0.01282	0.00840	0.00845	0.01407	0.01719	0.02171	0.05328	0.07810	0.24753	0.24220	0.02139	0.00496	0.00676	0.20676	0.00699	0.00674
18	0.01607	0.01513	0.02552	0.68047	0.05861	0.01891	0.02363	0.02174	0.01702	0.02174	0.01513	0.02269	0.01134	0.00851	0.00851	0.00284	0.01134	0.00756	0.00378	0.00945
19	0.03818	0.01448	0.01975	0.01514	0.02172	0.01251	0.01251	0.04147	0.02436	0.65373	0.03357	0.02897	0.02107	0.01053	0.00856	0.00263	0.00724	0.00856	0.01053	0.01448
20	0.02028	0.02133	0.02254	0.02006	0.02126	0.16280	0.01607	0.02237	0.01604	0.02125	0.01619	0.07558	0.01606	0.01715	0.05877	0.00386	0.40471	0.00853	0.04610	0.00905
21	0.03179	0.04056	0.02412	0.02192	0.02631	0.66676	0.01644	0.03398	0.02412	0.02083	0.01315	0.01535	0.01096	0.00877	0.00767	0.00219	0.01535	0.00548	0.00438	0.00987
