[name]
unknown

[dist]
# distance from previous block
# <min> <max>
5	13

[block]
# block no. 0 follows, 22 sequences, length 151
# corresponding to MSA columns:
# 13-163
name=unknown_A
#
# <colnr> <probs for GDERKNQSTAVLIFYWHMCP>
#	G	D	E	R	K	N	Q	S	T	A	V	L	I	F	Y	W	H	M	C	P
0	0.16934	0.14973	0.18952	0.01777	0.02482	0.18770	0.01752	0.06100	0.01960	0.02703	0.01762	0.01927	0.04933	0.00880	0.00695	0.00235	0.01056	0.00609	0.00456	0.01047
1	0.01666	0.04297	0.66500	0.02368	0.03596	0.01929	0.03069	0.02631	0.01754	0.02631	0.01491	0.01754	0.01052	0.00789	0.00789	0.00263	0.01228	0.00614	0.00351	0.01228
2	0.01174	0.00841	0.01142	0.01183	0.01272	0.00903	0.00845	0.01359	0.01369	0.01891	0.02846	0.14986	0.03070	0.25620	0.33371	0.00956	0.01421	0.04560	0.00533	0.00658
3	0.01740	0.07429	0.55917	0.02641	0.10817	0.02004	0.02924	0.02614	0.01767	0.02606	0.01482	0.01768	0.01084	0.00780	0.00780	0.00257	0.01182	0.00620	0.00358	0.01230
4	0.02529	0.02537	0.02084	0.01945	0.05286	0.28334	0.01453	0.14297	0.02377	0.02916	0.01870	0.02411	0.01567	0.01041	0.00958	0.00243	0.07952	0.04008	0.15178	0.01014
5	0.01012	0.00723	0.00964	0.01157	0.01205	0.00675	0.00771	0.01157	0.01591	0.02121	0.04579	0.70262	0.05495	0.02603	0.01060	0.00337	0.00482	0.02362	0.00771	0.00675
6	0.02294	0.01496	0.01592	0.01321	0.01724	0.01613	0.01054	0.30325	0.02719	0.04011	0.02312	0.02553	0.01760	0.01079	0.00833	0.04063	0.00650	0.00759	0.36790	0.01051
7	0.02065	0.01355	0.04734	0.01245	0.01713	0.01139	0.01049	0.09360	0.02306	0.20719	0.11597	0.05335	0.30885	0.01563	0.00913	0.00267	0.00598	0.01293	0.00844	0.01021
8	0.01012	0.00723	0.00964	0.01157	0.01205	0.00675	0.00771	0.01157	0.01591	0.02121	0.04579	0.70262	0.05495	0.02603	0.01060	0.00337	0.00482	0.02362	0.00771	0.00675
9	0.01666	0.04297	0.66500	0.02368	0.03596	0.01929	0.03069	0.02631	0.01754	0.02631	0.01491	0.01754	0.01052	0.00789	0.00789	0.00263	0.01228	0.00614	0.00351	0.01228
10	0.05510	0.04159	0.63154	0.02302	0.03494	0.01926	0.02958	0.02621	0.01736	0.02687	0.01474	0.01733	0.01045	0.00788	0.00775	0.00263	0.01198	0.00605	0.00359	0.01211
11	0.01919	0.01834	0.03124	0.23023	0.48769	0.01938	0.02481	0.02429	0.01827	0.02548	0.01538	0.02101	0.01257	0.00766	0.00825	0.00255	0.01021	0.00740	0.00399	0.01205
12	0.01516	0.00876	0.01156	0.01172	0.01367	0.00794	0.00845	0.01747	0.01905	0.13490	0.17474	0.41662	0.08527	0.02111	0.01000	0.00304	0.00499	0.01882	0.00846	0.00827
13	0.01665	0.02696	0.27294	0.02431	0.03192	0.01823	0.20721	0.02328	0.01831	0.02615	0.09467	0.05326	0.04525	0.01068	0.01116	0.00283	0.09127	0.00956	0.00473	0.01063
14	0.02075	0.02090	0.02986	0.18321	0.42030	0.09655	0.02323	0.02643	0.05086	0.02545	0.01605	0.02078	0.01305	0.00793	0.00817	0.00251	0.01056	0.00726	0.00426	0.01190
15	0.01717	0.02447	0.20513	0.02279	0.02731	0.02147	0.08754	0.02188	0.01490	0.02240	0.01401	0.02016	0.01215	0.01747	0.09614	0.00441	0.34941	0.00742	0.00376	0.01001
16	0.01012	0.00723	0.00964	0.01157	0.01205	0.00675	0.00771	0.01157	0.01591	0.02121	0.04579	0.70262	0.05495	0.02603	0.01060	0.00337	0.00482	0.02362	0.00771	0.00675
17	0.06486	0.16209	0.03096	0.02245	0.08911	0.04962	0.13470	0.15181	0.05814	0.03197	0.01815	0.02067	0.01418	0.00839	0.00745	0.00234	0.00936	0.00719	0.10521	0.01136
18	0.01390	0.01104	0.01264	0.01180	0.01454	0.01125	0.00887	0.02268	0.19284	0.03078	0.34453	0.05611	0.16057	0.05788	0.01139	0.00303	0.00495	0.01372	0.00846	0.00899
19	0.01058	0.00811	0.00970	0.01001	0.01187	0.00723	0.00724	0.01313	0.01968	0.02589	0.27155	0.24889	0.28407	0.02103	0.01003	0.00290	0.00428	0.01837	0.00821	0.00723
20	0.02058	0.17330	0.41725	0.02138	0.03107	0.15094	0.02459	0.02738	0.01859	0.02381	0.01384	0.01621	0.01059	0.00787	0.00731	0.00237	0.01215	0.00565	0.00367	0.01144
21	0.02032	0.01958	0.03288	0.04804	0.59211	0.02032	0.02476	0.02494	0.01829	0.02642	0.01515	0.02032	0.01293	0.00812	0.01015	0.00259	0.07889	0.00739	0.00406	0.01275
22	0.01051	0.00750	0.01008	0.01201	0.01266	0.00708	0.00838	0.01223	0.01628	0.02164	0.04558	0.63100	0.05411	0.02566	0.01071	0.00343	0.00515	0.09145	0.00770	0.00685
23	0.00982	0.00842	0.00842	0.00842	0.01122	0.00701	0.00631	0.01192	0.01894	0.02244	0.08416	0.07995	0.65285	0.02104	0.00982	0.00281	0.00421	0.01753	0.00771	0.00701
24	0.02076	0.03726	0.43180	0.02603	0.10638	0.09702	0.02642	0.10581	0.02122	0.02911	0.01541	0.01791	0.01133	0.00819	0.00794	0.00254	0.01190	0.00637	0.00430	0.01231
25	0.01759	0.01785	0.02055	0.11316	0.02529	0.11771	0.04544	0.02236	0.07274	0.02361	0.09083	0.11119	0.09336	0.01436	0.01337	0.00294	0.17182	0.01112	0.00567	0.00903
26	0.01984	0.01632	0.01715	0.01501	0.01957	0.01792	0.01179	0.15032	0.35192	0.03484	0.04490	0.04226	0.19536	0.01370	0.00880	0.00275	0.00643	0.01125	0.00822	0.01166
27	0.01946	0.01952	0.02839	0.11508	0.34941	0.09487	0.05635	0.02387	0.01814	0.02407	0.01656	0.02256	0.01408	0.01836	0.13862	0.00461	0.01328	0.00759	0.00415	0.01104
28	0.28004	0.20598	0.13343	0.08597	0.07646	0.04796	0.01703	0.02496	0.01643	0.02766	0.01282	0.01563	0.01030	0.00765	0.00631	0.00237	0.00913	0.00532	0.00419	0.01037
29	0.03103	0.03959	0.02354	0.02140	0.02568	0.67469	0.01605	0.03317	0.02354	0.02033	0.01284	0.01498	0.01070	0.00856	0.00749	0.00214	0.01498	0.00535	0.00428	0.00963
30	0.00982	0.00842	0.00842	0.00842	0.01122	0.00701	0.00631	0.01192	0.01894	0.02244	0.08416	0.07995	0.65285	0.02104	0.00982	0.00281	0.00421	0.01753	0.00771	0.00701
31	0.02012	0.12113	0.46649	0.02212	0.03223	0.14902	0.02589	0.02748	0.01864	0.02434	0.01411	0.01654	0.01057	0.00793	0.00751	0.00243	0.01241	0.00579	0.00366	0.01157
32	0.02293	0.02573	0.03286	0.03618	0.29164	0.21627	0.16010	0.02735	0.02047	0.02473	0.01865	0.02242	0.04577	0.00837	0.00845	0.00246	0.01206	0.00787	0.00437	0.01133
33	0.01012	0.00723	0.00964	0.01157	0.01205	0.00675	0.00771	0.01157	0.01591	0.02121	0.04579	0.70262	0.05495	0.02603	0.01060	0.00337	0.00482	0.02362	0.00771	0.00675
34	0.02885	0.20636	0.02849	0.01962	0.02460	0.51576	0.01560	0.03112	0.02189	0.02014	0.01252	0.01457	0.01069	0.00820	0.00696	0.00205	0.01347	0.00513	0.00410	0.00989
35	0.02078	0.44200	0.25856	0.01791	0.02666	0.06435	0.02005	0.02584	0.01748	0.02194	0.01279	0.01488	0.01062	0.00746	0.00634	0.00209	0.01041	0.00508	0.00358	0.01117
36	0.01187	0.00890	0.01335	0.01335	0.01483	0.01038	0.01038	0.01483	0.01335	0.01928	0.02225	0.03264	0.02077	0.06231	0.67512	0.01335	0.02225	0.00890	0.00445	0.00742
37	0.00982	0.00842	0.00842	0.00842	0.01122	0.00701	0.00631	0.01192	0.01894	0.02244	0.08416	0.07995	0.65285	0.02104	0.00982	0.00281	0.00421	0.01753	0.00771	0.00701
38	0.02857	0.22756	0.02912	0.01940	0.02447	0.49555	0.01554	0.03086	0.02168	0.02011	0.01248	0.01452	0.01069	0.00816	0.00689	0.00204	0.01328	0.00510	0.00408	0.00992
39	0.02035	0.01968	0.02860	0.15593	0.38655	0.05928	0.02206	0.02887	0.14126	0.02717	0.01888	0.02256	0.01504	0.00839	0.00824	0.00257	0.00974	0.00767	0.00490	0.01224
40	0.02057	0.01963	0.03288	0.04907	0.62043	0.01979	0.02480	0.02655	0.05401	0.02757	0.01665	0.02115	0.01385	0.00762	0.00824	0.00249	0.00968	0.00751	0.00436	0.01316
41	0.01187	0.00890	0.01335	0.01335	0.01483	0.01038	0.01038	0.01483	0.01335	0.01928	0.02225	0.03264	0.02077	0.06231	0.67512	0.01335	0.02225	0.00890	0.00445	0.00742
42	0.02998	0.03760	0.02456	0.02437	0.08888	0.60904	0.01700	0.03240	0.02308	0.02101	0.01312	0.01554	0.01095	0.00844	0.00756	0.00217	0.01447	0.00556	0.00426	0.00998
43	0.01666	0.04297	0.66500	0.02368	0.03596	0.01929	0.03069	0.02631	0.01754	0.02631	0.01491	0.01754	0.01052	0.00789	0.00789	0.00263	0.01228	0.00614	0.00351	0.01228
44	0.00982	0.00842	0.00842	0.00842	0.01122	0.00701	0.00631	0.01192	0.01894	0.02244	0.08416	0.07995	0.65285	0.02104	0.00982	0.00281	0.00421	0.01753	0.00771	0.00701
45	0.02056	0.01974	0.03372	0.05099	0.65622	0.01974	0.02550	0.02550	0.01892	0.02714	0.01563	0.02056	0.01316	0.00740	0.00822	0.00247	0.00987	0.00740	0.00411	0.01316
46	0.01880	0.01666	0.02247	0.01816	0.02331	0.01727	0.13206	0.12393	0.22786	0.03211	0.04402	0.04287	0.21754	0.01328	0.00912	0.00276	0.00771	0.01172	0.00736	0.01100
47	0.01012	0.00723	0.00964	0.01157	0.01205	0.00675	0.00771	0.01157	0.01591	0.02121	0.04579	0.70262	0.05495	0.02603	0.01060	0.00337	0.00482	0.02362	0.00771	0.00675
48	0.03637	0.01558	0.02017	0.01547	0.02193	0.01435	0.01278	0.13341	0.02619	0.56564	0.03075	0.02696	0.01955	0.01023	0.00835	0.00256	0.00740	0.00822	0.00997	0.01414
49	0.02941	0.02257	0.02666	0.02539	0.14985	0.02458	0.01770	0.50984	0.03509	0.04739	0.01910	0.02007	0.01394	0.00947	0.00829	0.00249	0.00928	0.00746	0.00748	0.01394
50	0.02056	0.01974	0.03372	0.05099	0.65622	0.01974	0.02550	0.02550	0.01892	0.02714	0.01563	0.02056	0.01316	0.00740	0.00822	0.00247	0.00987	0.00740	0.00411	0.01316
51	0.01998	0.01915	0.03267	0.12685	0.58489	0.01959	0.02521	0.02499	0.01864	0.02644	0.01552	0.02075	0.01291	0.00751	0.00823	0.00250	0.01001	0.00740	0.00406	0.01269
52	0.01723	0.01477	0.01723	0.01230	0.01969	0.01107	0.00984	0.02092	0.01723	0.02707	0.01477	0.01723	0.01230	0.00615	0.00615	0.00123	0.00615	0.00492	0.00492	0.75883
53	0.02066	0.01785	0.01878	0.01691	0.02160	0.02066	0.01315	0.04414	0.64121	0.03475	0.03381	0.03099	0.02536	0.01127	0.00845	0.00282	0.00657	0.00939	0.00845	0.01315
54	0.01569	0.01477	0.02492	0.68808	0.05722	0.01846	0.02307	0.02123	0.01661	0.02123	0.01477	0.02215	0.01107	0.00831	0.00831	0.00277	0.01107	0.00738	0.00369	0.00923
55	0.00982	0.00842	0.00842	0.00842	0.01122	0.00701	0.00631	0.01192	0.01894	0.02244	0.08416	0.07995	0.65285	0.02104	0.00982	0.00281	0.00421	0.01753	0.00771	0.00701
56	0.03103	0.03959	0.02354	0.02140	0.02568	0.67469	0.01605	0.03317	0.02354	0.02033	0.01284	0.01498	0.01070	0.00856	0.00749	0.00214	0.01498	0.00535	0.00428	0.00963
57	0.01443	0.00722	0.01082	0.01082	0.01082	0.00722	0.00722	0.01082	0.01082	0.01443	0.01443	0.02525	0.01443	0.02886	0.03247	0.75830	0.00722	0.00722	0.00361	0.00361
58	0.01666	0.05714	0.23463	0.01667	0.02298	0.01381	0.01776	0.02199	0.01891	0.08899	0.03928	0.05454	0.14964	0.01540	0.00931	0.00299	0.00854	0.19457	0.00632	0.00990
59	0.02056	0.01974	0.03372	0.05099	0.65622	0.01974	0.02550	0.02550	0.01892	0.02714	0.01563	0.02056	0.01316	0.00740	0.00822	0.00247	0.00987	0.00740	0.00411	0.01316
60	0.02658	0.09788	0.01902	0.01339	0.01820	0.06584	0.01096	0.03222	0.09368	0.27469	0.02714	0.02658	0.01940	0.00971	0.00718	0.00228	0.00689	0.00760	0.22940	0.01136
61	0.01894	0.14012	0.36936	0.02532	0.03538	0.04918	0.19505	0.02646	0.01827	0.02510	0.01484	0.01815	0.01114	0.00755	0.00802	0.00253	0.01235	0.00688	0.00374	0.01162
62	0.27247	0.24353	0.21705	0.01629	0.02413	0.05691	0.01746	0.02557	0.01649	0.02759	0.01262	0.01472	0.01006	0.00762	0.00614	0.00232	0.00938	0.00501	0.00411	0.01053
63	0.01887	0.01802	0.03067	0.27152	0.44887	0.01929	0.02466	0.02402	0.01812	0.02509	0.01533	0.02111	0.01244	0.00771	0.00825	0.00257	0.01029	0.00740	0.00397	0.01180
64	0.01907	0.01603	0.01760	0.01655	0.02064	0.01824	0.01320	0.03825	0.50517	0.03259	0.03604	0.04471	0.03027	0.01382	0.00911	0.00304	0.00681	0.13862	0.00828	0.01195
65	0.01818	0.01818	0.02545	0.02181	0.02181	0.02545	0.01818	0.01999	0.01272	0.01999	0.01091	0.01818	0.01091	0.01454	0.02726	0.00364	0.69284	0.00727	0.00364	0.00909
66	0.01339	0.00956	0.01339	0.01530	0.01721	0.00956	0.01339	0.01721	0.01912	0.02486	0.04399	0.09371	0.04781	0.02295	0.01147	0.00382	0.00765	0.60031	0.00765	0.00765
67	0.03158	0.02327	0.02493	0.01911	0.02576	0.02576	0.01579	0.62852	0.03906	0.05236	0.01995	0.01995	0.01413	0.00997	0.00831	0.00249	0.00914	0.00748	0.00831	0.01413
68	0.01097	0.00811	0.01044	0.01199	0.01333	0.00759	0.00902	0.01321	0.01740	0.02247	0.05284	0.41011	0.17063	0.02419	0.01069	0.00339	0.00549	0.18339	0.00769	0.00705
69	0.01208	0.00805	0.00906	0.00906	0.00906	0.00805	0.00503	0.01208	0.01208	0.01611	0.02618	0.05436	0.03020	0.70804	0.04228	0.00805	0.00805	0.01208	0.00503	0.00503
70	0.01200	0.00838	0.01073	0.01073	0.01131	0.00896	0.00712	0.01315	0.01258	0.01734	0.02465	0.04591	0.02653	0.45685	0.28846	0.01011	0.01358	0.01084	0.00481	0.00596
71	0.02225	0.41003	0.04332	0.02198	0.02924	0.09534	0.22105	0.02632	0.01849	0.02201	0.01346	0.01657	0.01132	0.00722	0.00707	0.00216	0.01125	0.00635	0.00385	0.01074
72	0.01960	0.01876	0.03199	0.17638	0.53833	0.01949	0.02502	0.02466	0.01846	0.02598	0.01546	0.02087	0.01275	0.00758	0.00824	0.00253	0.01011	0.00740	0.00403	0.01239
73	0.05250	0.06745	0.34158	0.03097	0.22731	0.05469	0.02588	0.02595	0.01786	0.02609	0.01451	0.01799	0.01132	0.00805	0.00867	0.00256	0.04439	0.00639	0.00382	0.01203
74	0.01496	0.01403	0.01452	0.01353	0.01492	0.09007	0.01004	0.01650	0.01542	0.01938	0.03528	0.04576	0.17635	0.22842	0.11196	0.00587	0.14930	0.01123	0.00524	0.00721
75	0.76672	0.01607	0.01221	0.01092	0.01607	0.01864	0.00900	0.02442	0.01414	0.03727	0.01157	0.01350	0.00900	0.00771	0.00514	0.00257	0.00643	0.00450	0.00514	0.00900
76	0.01150	0.00781	0.00923	0.00981	0.00995	0.00766	0.00583	0.01193	0.01322	0.01763	0.03202	0.24746	0.03757	0.50489	0.03285	0.00666	0.00709	0.01552	0.00583	0.00554
77	0.02050	0.01133	0.01375	0.01141	0.01603	0.00949	0.00903	0.02344	0.02086	0.24208	0.12256	0.05083	0.27413	0.01466	0.00877	0.00247	0.00544	0.01222	0.00834	0.12267
78	0.01723	0.01477	0.01723	0.01230	0.01969	0.01107	0.00984	0.02092	0.01723	0.02707	0.01477	0.01723	0.01230	0.00615	0.00615	0.00123	0.00615	0.00492	0.00492	0.75883
79	0.03096	0.02296	0.02458	0.01899	0.02552	0.02547	0.01564	0.59511	0.07349	0.05135	0.02074	0.02058	0.01477	0.01005	0.00832	0.00251	0.00899	0.00759	0.00832	0.01407
80	0.03103	0.03959	0.02354	0.02140	0.02568	0.67469	0.01605	0.03317	0.02354	0.02033	0.01284	0.01498	0.01070	0.00856	0.00749	0.00214	0.01498	0.00535	0.00428	0.00963
81	0.01751	0.14503	0.57034	0.02224	0.03373	0.02136	0.02818	0.02609	0.01744	0.02528	0.01440	0.01690	0.01054	0.00777	0.00750	0.00250	0.01176	0.00588	0.00351	0.01203
82	0.02203	0.68200	0.04272	0.01455	0.02134	0.03254	0.01439	0.02466	0.01669	0.01957	0.01152	0.01354	0.01067	0.00744	0.00631	0.00186	0.03944	0.00457	0.00356	0.01059
83	0.03727	0.01414	0.01928	0.01478	0.02121	0.01221	0.01221	0.04049	0.02378	0.66198	0.03277	0.02828	0.02056	0.01028	0.00835	0.00257	0.00707	0.00835	0.01028	0.01414
84	0.01012	0.00723	0.00964	0.01157	0.01205	0.00675	0.00771	0.01157	0.01591	0.02121	0.04579	0.70262	0.05495	0.02603	0.01060	0.00337	0.00482	0.02362	0.00771	0.00675
85	0.02056	0.01974	0.03372	0.05099	0.65622	0.01974	0.02550	0.02550	0.01892	0.02714	0.01563	0.02056	0.01316	0.00740	0.00822	0.00247	0.00987	0.00740	0.00411	0.01316
86	0.01167	0.00927	0.01074	0.01126	0.01375	0.00863	0.00899	0.01565	0.05672	0.02448	0.10046	0.11195	0.37037	0.02104	0.01027	0.00313	0.00539	0.19080	0.00782	0.00761
87	0.01483	0.01077	0.01313	0.01343	0.01553	0.01132	0.00976	0.02269	0.19065	0.06236	0.03930	0.40791	0.04122	0.02465	0.07703	0.00418	0.00720	0.01726	0.00774	0.00904
88	0.01904	0.16412	0.25457	0.02632	0.03527	0.02302	0.26861	0.02577	0.01796	0.02473	0.01478	0.01873	0.01142	0.00778	0.00934	0.00259	0.05346	0.00736	0.00381	0.01133
89	0.01587	0.01111	0.01260	0.01146	0.01291	0.01175	0.00768	0.13287	0.01748	0.02352	0.02456	0.04544	0.02611	0.50631	0.09960	0.00750	0.00970	0.01086	0.00562	0.00705
90	0.01903	0.02646	0.17025	0.03278	0.04195	0.02067	0.50888	0.02655	0.01920	0.02655	0.01643	0.02145	0.01220	0.00718	0.00943	0.00277	0.01367	0.00908	0.00407	0.01142
91	0.01928	0.01718	0.08219	0.01617	0.02042	0.01552	0.01400	0.23986	0.02545	0.03431	0.05997	0.24670	0.03531	0.01737	0.00961	0.00302	0.00762	0.11825	0.00756	0.01021
92	0.02520	0.02437	0.02303	0.02386	0.12219	0.22108	0.01679	0.19969	0.02620	0.03175	0.02301	0.03671	0.02123	0.01234	0.00882	0.00271	0.01069	0.15309	0.00625	0.01099
93	0.01642	0.01454	0.01303	0.01273	0.01457	0.13915	0.00901	0.01832	0.01855	0.05095	0.15835	0.17659	0.07288	0.20378	0.01827	0.00419	0.00769	0.03680	0.00672	0.00745
94	0.02657	0.01956	0.02130	0.01745	0.02287	0.02156	0.01399	0.37892	0.18805	0.07436	0.02713	0.10346	0.02209	0.01220	0.00862	0.00268	0.00788	0.00991	0.00837	0.01301
95	0.02897	0.03569	0.02555	0.02723	0.14978	0.54579	0.01791	0.03166	0.02263	0.02167	0.01339	0.01608	0.01118	0.00833	0.00764	0.00220	0.01398	0.00575	0.00425	0.01033
96	0.01187	0.00890	0.01335	0.01335	0.01483	0.01038	0.01038	0.01483	0.01335	0.01928	0.02225	0.03264	0.02077	0.06231	0.67512	0.01335	0.02225	0.00890	0.00445	0.00742
97	0.01569	0.01477	0.02492	0.68808	0.05722	0.01846	0.02307	0.02123	0.01661	0.02123	0.01477	0.02215	0.01107	0.00831	0.00831	0.00277	0.01107	0.00738	0.00369	0.00923
98	0.02056	0.01974	0.03372	0.05099	0.65622	0.01974	0.02550	0.02550	0.01892	0.02714	0.01563	0.02056	0.01316	0.00740	0.00822	0.00247	0.00987	0.00740	0.00411	0.01316
99	0.02056	0.01974	0.03372	0.05099	0.65622	0.01974	0.02550	0.02550	0.01892	0.02714	0.01563	0.02056	0.01316	0.00740	0.00822	0.00247	0.00987	0.00740	0.00411	0.01316
100	0.01187	0.00890	0.01335	0.01335	0.01483	0.01038	0.01038	0.01483	0.01335	0.01928	0.02225	0.03264	0.02077	0.06231	0.67512	0.01335	0.02225	0.00890	0.00445	0.00742
101	0.01699	0.08225	0.62857	0.02312	0.03510	0.02009	0.02973	0.02622	0.01750	0.02591	0.01471	0.01729	0.01053	0.00785	0.00774	0.00258	0.01208	0.00604	0.00351	0.01218
102	0.01191	0.00873	0.01251	0.01251	0.01370	0.00993	0.00933	0.01429	0.01310	0.01866	0.02302	0.03691	0.02263	0.18940	0.55057	0.01231	0.01946	0.00953	0.00457	0.00695
103	0.02056	0.01974	0.03372	0.05099	0.65622	0.01974	0.02550	0.02550	0.01892	0.02714	0.01563	0.02056	0.01316	0.00740	0.00822	0.00247	0.00987	0.00740	0.00411	0.01316
104	0.02056	0.01974	0.03372	0.05099	0.65622	0.01974	0.02550	0.02550	0.01892	0.02714	0.01563	0.02056	0.01316	0.00740	0.00822	0.00247	0.00987	0.00740	0.00411	0.01316
105	0.03119	0.03500	0.02393	0.02076	0.02570	0.49212	0.01598	0.20067	0.02791	0.02934	0.01484	0.01638	0.01167	0.00896	0.00772	0.00224	0.01334	0.00595	0.00541	0.01090
106	0.02033	0.16725	0.34092	0.01954	0.02873	0.02202	0.02196	0.14259	0.02150	0.02982	0.01699	0.05633	0.01390	0.00908	0.00752	0.00239	0.01020	0.00699	0.00478	0.05713
107	0.01443	0.00722	0.01082	0.01082	0.01082	0.00722	0.00722	0.01082	0.01082	0.01443	0.01443	0.02525	0.01443	0.02886	0.03247	0.75830	0.00722	0.00722	0.00361	0.00361
108	0.02130	0.01816	0.01914	0.01704	0.02185	0.02096	0.01330	0.07840	0.60591	0.03578	0.03300	0.03035	0.02470	0.01119	0.00844	0.00280	0.00673	0.00928	0.00844	0.01321
109	0.02056	0.01974	0.03372	0.05099	0.65622	0.01974	0.02550	0.02550	0.01892	0.02714	0.01563	0.02056	0.01316	0.00740	0.00822	0.00247	0.00987	0.00740	0.00411	0.01316
110	0.01960	0.01876	0.03198	0.17678	0.53795	0.01949	0.02502	0.02465	0.01846	0.02597	0.01546	0.02087	0.01275	0.00758	0.00824	0.00253	0.01011	0.00740	0.00403	0.01238
111	0.02034	0.48673	0.25343	0.01741	0.02626	0.02829	0.01978	0.02536	0.01710	0.02183	0.01268	0.01475	0.01061	0.00737	0.00620	0.00207	0.01003	0.00502	0.00354	0.01121
112	0.00982	0.00842	0.00842	0.00842	0.01122	0.00701	0.00631	0.01192	0.01894	0.02244	0.08416	0.07995	0.65285	0.02104	0.00982	0.00281	0.00421	0.01753	0.00771	0.00701
113	0.05726	0.37432	0.25553	0.01718	0.02569	0.02512	0.01926	0.02563	0.01766	0.05480	0.04726	0.01808	0.01456	0.00808	0.00659	0.00220	0.00960	0.00578	0.00424	0.01116
114	0.01505	0.01407	0.01684	0.02066	0.14036	0.07823	0.01301	0.01768	0.01806	0.02288	0.04193	0.26701	0.15666	0.01863	0.01071	0.00303	0.04585	0.08432	0.00642	0.00858
115	0.01045	0.00747	0.01002	0.01194	0.01257	0.00703	0.00829	0.01214	0.01623	0.02158	0.04561	0.64109	0.05422	0.02572	0.01069	0.00342	0.00511	0.08190	0.00771	0.00684
116	0.01197	0.00801	0.00909	0.00921	0.00924	0.00798	0.00519	0.01205	0.01231	0.01641	0.02733	0.09237	0.03165	0.66806	0.04043	0.00778	0.00786	0.01276	0.00519	0.00513
117	0.01844	0.06654	0.33985	0.02906	0.19150	0.05357	0.02519	0.02496	0.01779	0.02505	0.01840	0.02160	0.04798	0.00914	0.00978	0.00263	0.07580	0.00710	0.00396	0.01168
118	0.01707	0.01431	0.01674	0.08261	0.02208	0.01605	0.01235	0.03200	0.36908	0.03228	0.20983	0.07314	0.04063	0.01336	0.00893	0.00278	0.00618	0.01153	0.00813	0.01090
119	0.01165	0.00849	0.01095	0.01034	0.01234	0.00779	0.00775	0.01547	0.02326	0.03270	0.61982	0.06306	0.11078	0.01721	0.00980	0.00262	0.00394	0.01517	0.00906	0.00779
120	0.01916	0.34416	0.38566	0.01942	0.02938	0.02540	0.02329	0.02566	0.01724	0.02327	0.01340	0.01565	0.01059	0.00754	0.00674	0.00225	0.01075	0.00538	0.00353	0.01155
121	0.01784	0.02546	0.21629	0.03302	0.31305	0.05068	0.02281	0.02348	0.01875	0.02563	0.02867	0.03099	0.13731	0.01027	0.00840	0.00257	0.00974	0.00890	0.00465	0.01151
122	0.01391	0.01145	0.01265	0.01252	0.01526	0.01188	0.00927	0.02359	0.24153	0.02710	0.08668	0.24686	0.21724	0.01879	0.00956	0.00297	0.00522	0.01628	0.00806	0.00918
123	0.02492	0.01723	0.01897	0.01575	0.02044	0.01858	0.01252	0.35926	0.06609	0.07677	0.02749	0.15600	0.02408	0.01317	0.00844	0.00261	0.00733	0.01083	0.10776	0.01178
124	0.02031	0.01949	0.03327	0.08336	0.62578	0.01967	0.02537	0.02528	0.01880	0.02684	0.01558	0.02064	0.01305	0.00745	0.00823	0.00248	0.00993	0.00740	0.00409	0.01296
125	0.01914	0.01829	0.03116	0.23638	0.48192	0.01937	0.02479	0.02425	0.01825	0.02542	0.01538	0.02102	0.01255	0.00766	0.00825	0.00255	0.01022	0.00740	0.00399	0.01202
126	0.01218	0.00936	0.01395	0.01377	0.01518	0.01113	0.01077	0.01509	0.01332	0.01932	0.02169	0.03192	0.02028	0.05994	0.64310	0.01287	0.05539	0.00882	0.00441	0.00750
127	0.03727	0.01414	0.01928	0.01478	0.02121	0.01221	0.01221	0.04049	0.02378	0.66198	0.03277	0.02828	0.02056	0.01028	0.00835	0.00257	0.00707	0.00835	0.01028	0.01414
128	0.01469	0.01104	0.01177	0.01136	0.01411	0.01135	0.00845	0.04553	0.17564	0.02783	0.04863	0.14905	0.21940	0.05596	0.01061	0.00301	0.00525	0.01379	0.15370	0.00883
129	0.01633	0.01588	0.02663	0.24728	0.03582	0.01944	0.11449	0.02045	0.01525	0.02132	0.01536	0.02301	0.01316	0.02058	0.14475	0.00511	0.22406	0.00803	0.00390	0.00914
130	0.01187	0.00890	0.01335	0.01335	0.01483	0.01038	0.01038	0.01483	0.01335	0.01928	0.02225	0.03264	0.02077	0.06231	0.67512	0.01335	0.02225	0.00890	0.00445	0.00742
131	0.01012	0.00723	0.00964	0.01157	0.01205	0.00675	0.00771	0.01157	0.01591	0.02121	0.04579	0.70262	0.05495	0.02603	0.01060	0.00337	0.00482	0.02362	0.00771	0.00675
132	0.01009	0.00843	0.00879	0.00870	0.01139	0.00713	0.00653	0.01245	0.01958	0.02397	0.16380	0.07744	0.57226	0.02047	0.00982	0.00278	0.00417	0.01718	0.00792	0.00713
133	0.06554	0.63387	0.07723	0.01456	0.02185	0.03126	0.01485	0.02493	0.01676	0.02097	0.01174	0.01358	0.01056	0.00719	0.00547	0.00187	0.00893	0.00454	0.00364	0.01066
134	0.01843	0.04681	0.07965	0.01612	0.02360	0.01368	0.08286	0.02284	0.01782	0.06352	0.01768	0.05699	0.01500	0.00781	0.00707	0.00176	0.00770	0.00683	0.00513	0.48868
135	0.02894	0.08067	0.09430	0.02121	0.02653	0.56483	0.01753	0.03193	0.02249	0.02093	0.01299	0.01516	0.01068	0.00840	0.00740	0.00217	0.01432	0.00538	0.00415	0.00998
136	0.01012	0.00723	0.00964	0.01157	0.01205	0.00675	0.00771	0.01157	0.01591	0.02121	0.04579	0.70262	0.05495	0.02603	0.01060	0.00337	0.00482	0.02362	0.00771	0.00675
137	0.02485	0.01994	0.04984	0.01609	0.02331	0.01831	0.01365	0.30382	0.02769	0.07014	0.01806	0.01905	0.01348	0.00821	0.00734	0.00194	0.00786	0.00633	0.00669	0.34342
138	0.01258	0.00867	0.01225	0.01225	0.01383	0.00987	0.00949	0.01572	0.01415	0.02157	0.02320	0.03231	0.02087	0.05202	0.54427	0.01112	0.01866	0.00867	0.15102	0.00748
139	0.01983	0.32333	0.36719	0.01958	0.02923	0.06340	0.02294	0.02611	0.01762	0.02313	0.01338	0.01563	0.01059	0.00760	0.00680	0.00224	0.01102	0.00538	0.00357	0.01145
140	0.01206	0.01472	0.13840	0.01382	0.01712	0.00968	0.01256	0.01597	0.01864	0.02596	0.21744	0.34643	0.05273	0.01965	0.00989	0.00303	0.00617	0.05020	0.00731	0.00820
141	0.02056	0.01974	0.03372	0.05099	0.65622	0.01974	0.02550	0.02550	0.01892	0.02714	0.01563	0.02056	0.01316	0.00740	0.00822	0.00247	0.00987	0.00740	0.00411	0.01316
142	0.01331	0.01550	0.12358	0.01563	0.01983	0.01105	0.04895	0.01797	0.01963	0.02624	0.15363	0.06850	0.16326	0.01807	0.01015	0.00315	0.00745	0.24852	0.00704	0.00854
143	0.02121	0.03056	0.19417	0.03118	0.10004	0.14825	0.29951	0.02771	0.01980	0.02536	0.01544	0.01957	0.01178	0.00757	0.00872	0.00260	0.01335	0.00779	0.00404	0.01136
144	0.02032	0.01970	0.03424	0.07495	0.59829	0.01976	0.05927	0.02539	0.01887	0.02688	0.01566	0.02073	0.01305	0.00741	0.00832	0.00250	0.01015	0.00754	0.00410	0.01290
145	0.01806	0.01762	0.03121	0.36132	0.29059	0.01926	0.09495	0.02353	0.01787	0.02418	0.01534	0.02156	0.01207	0.00780	0.00845	0.00265	0.01095	0.00768	0.00392	0.01100
146	0.02047	0.02003	0.03234	0.11859	0.56523	0.04689	0.02484	0.02535	0.01886	0.02622	0.01542	0.02050	0.01283	0.00755	0.00820	0.00249	0.01021	0.00731	0.00407	0.01259
147	0.01546	0.03626	0.53683	0.02096	0.03135	0.01699	0.02620	0.02370	0.01782	0.02565	0.02690	0.03027	0.11287	0.01054	0.00833	0.00270	0.01083	0.03074	0.00433	0.01127
148	0.00982	0.00842	0.00842	0.00842	0.01122	0.00701	0.00631	0.01192	0.01894	0.02244	0.08416	0.07995	0.65285	0.02104	0.00982	0.00281	0.00421	0.01753	0.00771	0.00701
149	0.01791	0.04123	0.62597	0.02314	0.03506	0.01886	0.02958	0.02717	0.01792	0.06474	0.01599	0.01819	0.01113	0.00804	0.00792	0.00263	0.01196	0.00627	0.00392	0.01239
150	0.02182	0.28862	0.17185	0.02363	0.06779	0.12816	0.13827	0.02686	0.01873	0.02294	0.01374	0.01669	0.01117	0.00750	0.00726	0.00226	0.01162	0.00617	0.00382	0.01110

[dist]
# distance from previous block
# <min> <max>
0	2

[block]
# block no. 1 follows, 22 sequences, length 23
# corresponding to MSA columns:
# 166-188
name=unknown_B
#
# <colnr> <probs for GDERKNQSTAVLIFYWHMCP>
#	G	D	E	R	K	N	Q	S	T	A	V	L	I	F	Y	W	H	M	C	P
0	0.02461	0.02145	0.02875	0.07515	0.33252	0.05123	0.02078	0.23817	0.06322	0.03577	0.01805	0.02081	0.01399	0.00864	0.00824	0.00250	0.00972	0.00745	0.00583	0.01310
1	0.02108	0.57659	0.17008	0.01614	0.02430	0.03011	0.01757	0.02517	0.01701	0.02092	0.01223	0.01418	0.01063	0.00727	0.00585	0.00195	0.00958	0.00479	0.00354	0.01099
2	0.01656	0.01123	0.01398	0.01184	0.01572	0.01002	0.00918	0.02181	0.06840	0.10404	0.39321	0.04591	0.05312	0.01338	0.00872	0.00232	0.00497	0.01160	0.00829	0.17569
3	0.02056	0.01974	0.03372	0.05099	0.65622	0.01974	0.02550	0.02550	0.01892	0.02714	0.01563	0.02056	0.01316	0.00740	0.00822	0.00247	0.00987	0.00740	0.00411	0.01316
4	0.02596	0.03061	0.02775	0.02298	0.02780	0.38690	0.13962	0.07199	0.02260	0.02407	0.01984	0.02244	0.06395	0.00986	0.00983	0.00248	0.06897	0.00757	0.00478	0.01002
5	0.00989	0.00812	0.00872	0.00919	0.01142	0.00695	0.00666	0.01183	0.01819	0.02214	0.07472	0.23314	0.50576	0.02227	0.01001	0.00295	0.00436	0.01903	0.00771	0.00695
6	0.01110	0.00764	0.00935	0.01031	0.01055	0.00740	0.00637	0.01182	0.01399	0.01865	0.03596	0.37766	0.04254	0.36791	0.02648	0.00572	0.00644	0.01783	0.00637	0.00589
7	0.03156	0.02451	0.02359	0.01880	0.02491	0.13289	0.01521	0.41676	0.07105	0.12477	0.02125	0.02086	0.01507	0.00985	0.00819	0.00246	0.00970	0.00735	0.00790	0.01331
8	0.02037	0.02028	0.03684	0.04774	0.53144	0.02000	0.14779	0.02572	0.01906	0.02703	0.01587	0.02094	0.01305	0.00732	0.00855	0.00254	0.01071	0.00789	0.00413	0.01276
9	0.00986	0.00824	0.00860	0.00888	0.01134	0.00697	0.00652	0.01187	0.01849	0.02226	0.07851	0.17152	0.56492	0.02177	0.00993	0.00289	0.00430	0.01843	0.00771	0.00697
10	0.02056	0.01974	0.03372	0.05099	0.65622	0.01974	0.02550	0.02550	0.01892	0.02714	0.01563	0.02056	0.01316	0.00740	0.00822	0.00247	0.00987	0.00740	0.00411	0.01316
11	0.01040	0.00750	0.00973	0.01112	0.01191	0.00696	0.00753	0.01214	0.01690	0.02262	0.12562	0.55382	0.09260	0.05479	0.01186	0.00345	0.00481	0.02163	0.00778	0.00683
12	0.01536	0.01380	0.01909	0.01710	0.01747	0.01814	0.01355	0.01709	0.01275	0.01902	0.01685	0.02916	0.01730	0.16770	0.19228	0.00696	0.38575	0.00866	0.00412	0.00784
13	0.01183	0.00795	0.00914	0.00939	0.00945	0.00788	0.00538	0.01201	0.01258	0.01677	0.02871	0.13824	0.03340	0.61980	0.03818	0.00745	0.00764	0.01357	0.00538	0.00526
14	0.02104	0.57150	0.17481	0.01621	0.02441	0.03000	0.01770	0.02518	0.01702	0.02097	0.01226	0.01422	0.01063	0.00727	0.00587	0.00196	0.00960	0.00480	0.00354	0.01100
15	0.06782	0.03012	0.25304	0.02858	0.19633	0.10887	0.02290	0.07101	0.02074	0.09869	0.01695	0.01911	0.01253	0.00825	0.00784	0.00250	0.01086	0.00661	0.00496	0.01229
16	0.01476	0.02105	0.21076	0.01982	0.06140	0.01464	0.06116	0.01956	0.01586	0.02287	0.02408	0.09421	0.04864	0.09941	0.14945	0.00554	0.06337	0.01003	0.03412	0.00928
17	0.01922	0.02609	0.14910	0.02246	0.02907	0.15043	0.19382	0.02586	0.06506	0.02566	0.07575	0.03324	0.12540	0.01091	0.00887	0.00262	0.01094	0.00986	0.00535	0.01027
18	0.02034	0.01841	0.03084	0.15789	0.38252	0.01994	0.05545	0.02492	0.01793	0.06493	0.01592	0.02108	0.01289	0.00877	0.01113	0.00272	0.11057	0.00757	0.00436	0.01181
19	0.01581	0.02167	0.19305	0.07013	0.07414	0.01669	0.05944	0.04187	0.01716	0.02429	0.02433	0.23486	0.02511	0.01474	0.01220	0.00304	0.12418	0.01232	0.00513	0.00984
20	0.02424	0.02649	0.12113	0.02463	0.11930	0.15235	0.06796	0.15593	0.02399	0.06881	0.02196	0.02462	0.05604	0.03686	0.00955	0.00266	0.01070	0.00783	0.00564	0.03930
21	0.08287	0.01627	0.01990	0.06488	0.11576	0.01757	0.01447	0.03452	0.30044	0.12823	0.03286	0.03185	0.08246	0.01103	0.00826	0.00270	0.00719	0.00921	0.00744	0.01210
22	0.12626	0.06263	0.06323	0.02097	0.09618	0.12768	0.06046	0.02397	0.01830	0.05344	0.02572	0.07675	0.09643	0.01135	0.00929	0.00256	0.06039	0.00897	0.00523	0.05021

[dist]
# distance from previous block
# <min> <max>
7	173

[block]
# block no. 2 follows, 22 sequences, length 48
# corresponding to MSA columns:
# 363-410
name=unknown_C
#
# <colnr> <probs for GDERKNQSTAVLIFYWHMCP>
#	G	D	E	R	K	N	Q	S	T	A	V	L	I	F	Y	W	H	M	C	P
0	0.07063	0.14863	0.04989	0.01771	0.05577	0.06060	0.01411	0.12909	0.15321	0.03049	0.02491	0.08954	0.04283	0.01519	0.05855	0.00334	0.00929	0.00897	0.00620	0.01105
1	0.14286	0.01878	0.08157	0.02615	0.21202	0.01740	0.01753	0.09084	0.06744	0.03120	0.02556	0.07816	0.04538	0.01214	0.00841	0.00280	0.00831	0.09650	0.00592	0.01102
2	0.02577	0.07511	0.02226	0.01875	0.05212	0.21299	0.01436	0.14029	0.05526	0.10166	0.05143	0.03423	0.06912	0.01193	0.00839	0.00254	0.00978	0.07640	0.00670	0.01090
3	0.10832	0.20356	0.02891	0.02055	0.09493	0.14353	0.05294	0.02549	0.01812	0.02473	0.01327	0.01610	0.01125	0.00755	0.00736	0.00203	0.03622	0.00551	0.00428	0.17535
4	0.02174	0.02254	0.02429	0.02885	0.25735	0.18240	0.01709	0.05167	0.02062	0.02598	0.02285	0.02527	0.08635	0.00912	0.00778	0.00216	0.00968	0.00752	0.00493	0.17180
5	0.01787	0.19626	0.02437	0.06899	0.08805	0.07126	0.01367	0.02339	0.09731	0.02394	0.06928	0.15553	0.09124	0.01345	0.00816	0.00254	0.00780	0.01126	0.00586	0.00977
6	0.26823	0.04611	0.06770	0.01535	0.02043	0.06151	0.04185	0.06662	0.01814	0.02984	0.02638	0.02791	0.12983	0.01106	0.00946	0.00260	0.08702	0.00792	0.00538	0.05667
7	0.01593	0.01829	0.13341	0.01345	0.01866	0.04813	0.01268	0.05664	0.05108	0.06786	0.05760	0.05532	0.38676	0.01605	0.00908	0.00270	0.00690	0.01313	0.00699	0.00934
8	0.02113	0.02509	0.09150	0.01872	0.02306	0.18509	0.01597	0.03119	0.22750	0.02601	0.02799	0.02874	0.08987	0.01195	0.01180	0.00278	0.13650	0.00856	0.00587	0.01070
9	0.03064	0.03123	0.02385	0.02014	0.02547	0.35496	0.01576	0.29077	0.06770	0.03503	0.01718	0.01809	0.01307	0.00933	0.00790	0.00233	0.01195	0.00651	0.00627	0.01178
10	0.01208	0.00805	0.00906	0.00906	0.00906	0.00805	0.00503	0.01208	0.01208	0.01611	0.02618	0.05436	0.03020	0.70804	0.04228	0.00805	0.00805	0.01208	0.00503	0.00503
11	0.02702	0.01390	0.01751	0.01419	0.01959	0.01255	0.01127	0.07647	0.06112	0.33874	0.03092	0.15098	0.02522	0.01247	0.00836	0.00248	0.00661	0.01055	0.00854	0.15152
12	0.01896	0.10763	0.15935	0.02118	0.09655	0.01923	0.01803	0.10788	0.08965	0.02903	0.05103	0.02917	0.02060	0.01994	0.13197	0.00458	0.01166	0.04694	0.00552	0.01111
13	0.01208	0.00805	0.00906	0.00906	0.00906	0.00805	0.00503	0.01208	0.01208	0.01611	0.02618	0.05436	0.03020	0.70804	0.04228	0.00805	0.00805	0.01208	0.00503	0.00503
14	0.02794	0.01970	0.02173	0.01743	0.02292	0.02137	0.01406	0.47651	0.03378	0.08492	0.02557	0.14772	0.02214	0.01298	0.00874	0.00266	0.00821	0.01054	0.00832	0.01275
15	0.02085	0.03134	0.26584	0.02520	0.07295	0.12579	0.12089	0.07407	0.08096	0.02792	0.01909	0.06272	0.01558	0.00945	0.00842	0.00262	0.01158	0.00821	0.00490	0.01161
16	0.01757	0.06182	0.02131	0.02062	0.08986	0.04286	0.01536	0.02446	0.13321	0.02516	0.03137	0.04789	0.07384	0.01546	0.01336	0.00317	0.15943	0.18730	0.00612	0.00982
17	0.01208	0.00805	0.00906	0.00906	0.00906	0.00805	0.00503	0.01208	0.01208	0.01611	0.02618	0.05436	0.03020	0.70804	0.04228	0.00805	0.00805	0.01208	0.00503	0.00503
18	0.01443	0.00722	0.01082	0.01082	0.01082	0.00722	0.00722	0.01082	0.01082	0.01443	0.01443	0.02525	0.01443	0.02886	0.03247	0.75830	0.00722	0.00722	0.00361	0.00361
19	0.02680	0.03873	0.16879	0.02195	0.02771	0.47700	0.01953	0.03062	0.02136	0.02166	0.01316	0.01580	0.01068	0.00886	0.00909	0.00237	0.06598	0.00567	0.00406	0.01019
20	0.01739	0.16459	0.47835	0.02161	0.03197	0.02107	0.05254	0.02508	0.01740	0.02472	0.01641	0.06238	0.01359	0.00891	0.00768	0.00253	0.01123	0.00714	0.00383	0.01156
21	0.01167	0.00849	0.01098	0.01036	0.01236	0.00780	0.00777	0.01551	0.02331	0.03282	0.62624	0.06286	0.10429	0.01717	0.00980	0.00262	0.00393	0.01514	0.00908	0.00780
22	0.03343	0.02030	0.02309	0.01770	0.02428	0.02135	0.01462	0.43709	0.03408	0.25081	0.02412	0.02266	0.01622	0.01007	0.00832	0.00252	0.00847	0.00776	0.00895	0.01413
23	0.02270	0.07282	0.21918	0.02743	0.14991	0.02104	0.08938	0.12893	0.07348	0.08622	0.01898	0.02082	0.01396	0.00848	0.00815	0.00255	0.01034	0.00736	0.00550	0.01276
24	0.02834	0.03357	0.02511	0.02642	0.14234	0.48285	0.01756	0.07046	0.02329	0.02368	0.01421	0.01707	0.01180	0.01064	0.03501	0.00268	0.01394	0.00602	0.00452	0.01049
25	0.09789	0.00849	0.01021	0.01129	0.01258	0.00833	0.00788	0.01382	0.01712	0.02532	0.15480	0.50355	0.05400	0.02222	0.00982	0.00314	0.00484	0.01980	0.00768	0.00721
26	0.02330	0.02101	0.02644	0.03178	0.28661	0.06239	0.01896	0.14422	0.23167	0.03395	0.02235	0.02359	0.01728	0.00925	0.00827	0.00257	0.00895	0.00795	0.00636	0.01311
27	0.03053	0.03864	0.02403	0.02282	0.05581	0.64339	0.01650	0.03281	0.02332	0.02066	0.01297	0.01525	0.01082	0.00851	0.00753	0.00216	0.01474	0.00545	0.00427	0.00980
28	0.02343	0.02115	0.01937	0.01687	0.02145	0.14036	0.01335	0.20801	0.18742	0.03503	0.07336	0.03723	0.09706	0.01278	0.00871	0.00266	0.00853	0.05438	0.00754	0.01131
29	0.01961	0.02241	0.04902	0.03501	0.04342	0.02101	0.62605	0.02661	0.01961	0.02661	0.01681	0.02241	0.01261	0.00700	0.00980	0.00280	0.01401	0.00980	0.00420	0.01120
30	0.02706	0.03126	0.02172	0.01968	0.02412	0.42416	0.01494	0.03738	0.26015	0.02586	0.02087	0.02112	0.01632	0.00960	0.00786	0.00240	0.01176	0.00690	0.00588	0.01098
31	0.16413	0.01721	0.01941	0.01506	0.02143	0.01717	0.01240	0.20604	0.02573	0.29958	0.02316	0.02193	0.01567	0.00925	0.00751	0.00239	0.00745	0.00701	0.00817	0.09930
32	0.01550	0.01451	0.02348	0.44308	0.15988	0.01656	0.02040	0.02028	0.01747	0.02255	0.02786	0.03263	0.13109	0.01051	0.00857	0.00272	0.00957	0.00928	0.00452	0.00955
33	0.01666	0.04297	0.66500	0.02368	0.03596	0.01929	0.03069	0.02631	0.01754	0.02631	0.01491	0.01754	0.01052	0.00789	0.00789	0.00263	0.01228	0.00614	0.00351	0.01228
34	0.01549	0.00774	0.00774	0.00774	0.00968	0.00774	0.00581	0.01936	0.01742	0.03097	0.02710	0.03097	0.02129	0.00968	0.00581	0.00194	0.00387	0.00774	0.75416	0.00774
35	0.01961	0.02241	0.04902	0.03501	0.04342	0.02101	0.62605	0.02661	0.01961	0.02661	0.01681	0.02241	0.01261	0.00700	0.00980	0.00280	0.01401	0.00980	0.00420	0.01120
36	0.01976	0.01892	0.03227	0.15598	0.55751	0.01953	0.02510	0.02479	0.01854	0.02617	0.01548	0.02082	0.01282	0.00755	0.00824	0.00252	0.01007	0.00740	0.00404	0.01251
37	0.01801	0.01483	0.01682	0.01632	0.02000	0.01662	0.01324	0.03433	0.41462	0.03115	0.03752	0.05384	0.03354	0.01552	0.00955	0.00318	0.00697	0.22463	0.00816	0.01115
38	0.01443	0.00722	0.01082	0.01082	0.01082	0.00722	0.00722	0.01082	0.01082	0.01443	0.01443	0.02525	0.01443	0.02886	0.03247	0.75830	0.00722	0.00722	0.00361	0.00361
39	0.01012	0.00723	0.00964	0.01157	0.01205	0.00675	0.00771	0.01157	0.01591	0.02121	0.04579	0.70262	0.05495	0.02603	0.01060	0.00337	0.00482	0.02362	0.00771	0.00675
40	0.01187	0.00890	0.01335	0.01335	0.01483	0.01038	0.01038	0.01483	0.01335	0.01928	0.02225	0.03264	0.02077	0.06231	0.67512	0.01335	0.02225	0.00890	0.00445	0.00742
41	0.01685	0.01674	0.02793	0.02275	0.02517	0.02038	0.16282	0.02022	0.01455	0.02140	0.01534	0.02303	0.01393	0.02540	0.19498	0.00601	0.35104	0.00831	0.00399	0.00916
42	0.29428	0.01275	0.01312	0.01130	0.01573	0.01317	0.00912	0.02735	0.01795	0.22325	0.02294	0.02390	0.01659	0.01174	0.03926	0.00292	0.00667	0.00681	0.22103	0.01011
43	0.01549	0.00774	0.00774	0.00774	0.00968	0.00774	0.00581	0.01936	0.01742	0.03097	0.02710	0.03097	0.02129	0.00968	0.00581	0.00194	0.00387	0.00774	0.75416	0.00774
44	0.01208	0.00805	0.00906	0.00906	0.00906	0.00805	0.00503	0.01208	0.01208	0.01611	0.02618	0.05436	0.03020	0.70804	0.04228	0.00805	0.00805	0.01208	0.00503	0.00503
45	0.01708	0.09399	0.61768	0.02296	0.03484	0.02033	0.02944	0.02620	0.01749	0.02579	0.01465	0.01722	0.01053	0.00783	0.00770	0.00257	0.01202	0.00601	0.00351	0.01215
46	0.02221	0.71304	0.04353	0.01421	0.02132	0.03287	0.01421	0.02488	0.01688	0.01955	0.01155	0.01333	0.01066	0.00711	0.00533	0.00178	0.00888	0.00444	0.00355	0.01066
47	0.02102	0.40538	0.10403	0.01514	0.02285	0.02518	0.01502	0.06997	0.01873	0.02474	0.01339	0.01531	0.01134	0.00716	0.00605	0.00178	0.00857	0.00499	0.00427	0.20507

[dist]
# distance from previous block
# <min> <max>
0	1

[block]
# block no. 3 follows, 22 sequences, length 52
# corresponding to MSA columns:
# 412-463
name=unknown_D
#
# <colnr> <probs for GDERKNQSTAVLIFYWHMCP>
#	G	D	E	R	K	N	Q	S	T	A	V	L	I	F	Y	W	H	M	C	P
0	0.01981	0.02184	0.04577	0.03840	0.17348	0.02074	0.49859	0.02637	0.01946	0.02672	0.01656	0.02202	0.01272	0.00709	0.00947	0.00273	0.01313	0.00929	0.00418	0.01162
1	0.06270	0.01922	0.03196	0.08785	0.58301	0.01960	0.02441	0.02517	0.01850	0.02735	0.01534	0.02026	0.01279	0.00748	0.00805	0.00249	0.00975	0.00724	0.00414	0.01268
2	0.02049	0.01993	0.03483	0.04983	0.61185	0.01983	0.06898	0.02558	0.01897	0.02710	0.01571	0.02069	0.01312	0.00737	0.00834	0.00249	0.01017	0.00758	0.00412	0.01302
3	0.01443	0.00722	0.01082	0.01082	0.01082	0.00722	0.00722	0.01082	0.01082	0.01443	0.01443	0.02525	0.01443	0.02886	0.03247	0.75830	0.00722	0.00722	0.00361	0.00361
4	0.02393	0.02333	0.02295	0.02067	0.04693	0.15687	0.01587	0.12928	0.23973	0.03071	0.02096	0.02239	0.01653	0.01116	0.01285	0.00281	0.17755	0.00766	0.00623	0.01159
5	0.02145	0.16266	0.09249	0.02849	0.19206	0.13087	0.08560	0.02579	0.01853	0.02364	0.01433	0.01819	0.01204	0.00997	0.03420	0.00272	0.05114	0.00648	0.00403	0.06532
6	0.01866	0.28474	0.44077	0.02026	0.03068	0.02419	0.02475	0.02579	0.01730	0.02387	0.01370	0.01602	0.01057	0.00761	0.00697	0.00232	0.01105	0.00553	0.00352	0.01169
7	0.01666	0.04297	0.66500	0.02368	0.03596	0.01929	0.03069	0.02631	0.01754	0.02631	0.01491	0.01754	0.01052	0.00789	0.00789	0.00263	0.01228	0.00614	0.00351	0.01228
8	0.01544	0.01376	0.01963	0.02593	0.25605	0.01353	0.01465	0.02137	0.09305	0.02715	0.13089	0.08010	0.22615	0.01441	0.00909	0.00268	0.00661	0.01269	0.00665	0.01016
9	0.02030	0.19987	0.22815	0.03207	0.27823	0.05536	0.02381	0.02597	0.01822	0.02466	0.01426	0.01757	0.01161	0.00754	0.00737	0.00233	0.01061	0.00618	0.00380	0.01210
10	0.02122	0.02119	0.03373	0.04829	0.58637	0.06370	0.05190	0.02606	0.01926	0.02666	0.01549	0.02027	0.01297	0.00746	0.00825	0.00246	0.01040	0.00737	0.00413	0.01283
11	0.01012	0.00723	0.00964	0.01157	0.01205	0.00675	0.00771	0.01157	0.01591	0.02121	0.04579	0.70262	0.05495	0.02603	0.01060	0.00337	0.00482	0.02362	0.00771	0.00675
12	0.01012	0.00723	0.00964	0.01157	0.01205	0.00675	0.00771	0.01157	0.01591	0.02121	0.04579	0.70262	0.05495	0.02603	0.01060	0.00337	0.00482	0.02362	0.00771	0.00675
13	0.02191	0.01767	0.02028	0.01647	0.02092	0.06510	0.07943	0.24910	0.02588	0.03488	0.02979	0.06599	0.09407	0.07716	0.01146	0.00301	0.00829	0.01005	0.13824	0.01029
14	0.01012	0.00723	0.00964	0.01157	0.01205	0.00675	0.00771	0.01157	0.01591	0.02121	0.04579	0.70262	0.05495	0.02603	0.01060	0.00337	0.00482	0.02362	0.00771	0.00675
15	0.02842	0.01751	0.01938	0.01533	0.02070	0.01853	0.01251	0.36006	0.03056	0.15955	0.02419	0.02438	0.01720	0.00995	0.00766	0.00236	0.00738	0.00771	0.20415	0.01246
