[name]
unknown

[dist]
# distance from previous block
# <min> <max>
0	0

[block]
# block no. 0 follows, 22 sequences, length 103
# corresponding to MSA columns:
# 0-102
name=unknown_A
#
# <colnr> <probs for GDERKNQSTAVLIFYWHMCP>
#	G	D	E	R	K	N	Q	S	T	A	V	L	I	F	Y	W	H	M	C	P
0	0.01339	0.00956	0.01339	0.01530	0.01721	0.00956	0.01339	0.01721	0.01912	0.02486	0.04399	0.09371	0.04781	0.02295	0.01147	0.00382	0.00765	0.60031	0.00765	0.00765
1	0.01187	0.00890	0.01335	0.01335	0.01483	0.01038	0.01038	0.01483	0.01335	0.01928	0.02225	0.03264	0.02077	0.06231	0.67512	0.01335	0.02225	0.00890	0.00445	0.00742
2	0.00982	0.00842	0.00842	0.00842	0.01122	0.00701	0.00631	0.01192	0.01894	0.02244	0.08416	0.07995	0.65285	0.02104	0.00982	0.00281	0.00421	0.01753	0.00771	0.00701
3	0.76672	0.01607	0.01221	0.01092	0.01607	0.01864	0.00900	0.02442	0.01414	0.03727	0.01157	0.01350	0.00900	0.00771	0.00514	0.00257	0.00643	0.00450	0.00514	0.00900
4	0.01262	0.01554	0.14709	0.01332	0.01728	0.01011	0.01258	0.01748	0.02152	0.03065	0.45904	0.11642	0.06193	0.01599	0.00948	0.00269	0.00575	0.01403	0.00783	0.00865
5	0.01012	0.00723	0.00964	0.01157	0.01205	0.00675	0.00771	0.01157	0.01591	0.02121	0.04579	0.70262	0.05495	0.02603	0.01060	0.00337	0.00482	0.02362	0.00771	0.00675
6	0.03158	0.02327	0.02493	0.01911	0.02576	0.02576	0.01579	0.62852	0.03906	0.05236	0.01995	0.01995	0.01413	0.00997	0.00831	0.00249	0.00914	0.00748	0.00831	0.01413
7	0.02257	0.28628	0.03450	0.02767	0.21393	0.13469	0.01853	0.02571	0.01798	0.02204	0.01290	0.01652	0.01146	0.00856	0.00988	0.00233	0.11368	0.00592	0.00386	0.01101
8	0.01768	0.03692	0.50056	0.03079	0.19753	0.01941	0.02934	0.02610	0.01790	0.02653	0.01510	0.01833	0.01121	0.00776	0.00798	0.00259	0.01165	0.00647	0.00367	0.01251
9	0.01162	0.00941	0.01032	0.00993	0.01257	0.00872	0.00743	0.01641	0.08486	0.02670	0.24582	0.06845	0.39035	0.04727	0.01101	0.00297	0.00453	0.01571	0.00811	0.00782
10	0.02221	0.71304	0.04353	0.01421	0.02132	0.03287	0.01421	0.02488	0.01688	0.01955	0.01155	0.01333	0.01066	0.00711	0.00533	0.00178	0.00888	0.00444	0.00355	0.01066
11	0.02863	0.10184	0.05476	0.02011	0.02537	0.44291	0.01625	0.10565	0.08072	0.02575	0.01558	0.01700	0.01244	0.00881	0.00748	0.00223	0.01278	0.00593	0.00504	0.01072
12	0.02403	0.06667	0.03101	0.03930	0.41579	0.23169	0.02179	0.02793	0.02029	0.02450	0.01449	0.01834	0.01222	0.00776	0.00782	0.00232	0.01146	0.00657	0.00413	0.01188
13	0.01208	0.00805	0.00906	0.00906	0.00906	0.00805	0.00503	0.01208	0.01208	0.01611	0.02618	0.05436	0.03020	0.70804	0.04228	0.00805	0.00805	0.01208	0.00503	0.00503
14	0.02273	0.67327	0.04235	0.01464	0.02158	0.07078	0.01432	0.02537	0.01727	0.01959	0.01163	0.01342	0.01066	0.00719	0.00546	0.00180	0.00924	0.00450	0.00360	0.01060
15	0.01036	0.00735	0.00965	0.01131	0.01181	0.00691	0.00749	0.01179	0.01591	0.02130	0.07044	0.62000	0.05387	0.08330	0.01325	0.00374	0.00505	0.02227	0.00755	0.00665
16	0.01994	0.01908	0.03225	0.04851	0.61870	0.01900	0.02438	0.02471	0.01892	0.02687	0.01961	0.02402	0.05037	0.00820	0.00832	0.00249	0.00954	0.00799	0.00432	0.01280
17	0.03103	0.03959	0.02354	0.02140	0.02568	0.67469	0.01605	0.03317	0.02354	0.02033	0.01284	0.01498	0.01070	0.00856	0.00749	0.00214	0.01498	0.00535	0.00428	0.00963
18	0.02221	0.71304	0.04353	0.01421	0.02132	0.03287	0.01421	0.02488	0.01688	0.01955	0.01155	0.01333	0.01066	0.00711	0.00533	0.00178	0.00888	0.00444	0.00355	0.01066
19	0.03158	0.02327	0.02493	0.01911	0.02576	0.02576	0.01579	0.62852	0.03906	0.05236	0.01995	0.01995	0.01413	0.00997	0.00831	0.00249	0.00914	0.00748	0.00831	0.01413
20	0.02056	0.01974	0.03372	0.05099	0.65622	0.01974	0.02550	0.02550	0.01892	0.02714	0.01563	0.02056	0.01316	0.00740	0.00822	0.00247	0.00987	0.00740	0.00411	0.01316
21	0.01208	0.00805	0.00906	0.00906	0.00906	0.00805	0.00503	0.01208	0.01208	0.01611	0.02618	0.05436	0.03020	0.70804	0.04228	0.00805	0.00805	0.01208	0.00503	0.00503
22	0.76672	0.01607	0.01221	0.01092	0.01607	0.01864	0.00900	0.02442	0.01414	0.03727	0.01157	0.01350	0.00900	0.00771	0.00514	0.00257	0.00643	0.00450	0.00514	0.00900
23	0.76672	0.01607	0.01221	0.01092	0.01607	0.01864	0.00900	0.02442	0.01414	0.03727	0.01157	0.01350	0.00900	0.00771	0.00514	0.00257	0.00643	0.00450	0.00514	0.00900
24	0.02622	0.29902	0.16403	0.01709	0.02493	0.05149	0.01735	0.08528	0.02114	0.19136	0.01861	0.01878	0.01353	0.00842	0.00702	0.00224	0.00940	0.00613	0.00577	0.01218
25	0.01723	0.01477	0.01723	0.01230	0.01969	0.01107	0.00984	0.02092	0.01723	0.02707	0.01477	0.01723	0.01230	0.00615	0.00615	0.00123	0.00615	0.00492	0.00492	0.75883
26	0.01092	0.00814	0.01015	0.01032	0.01207	0.00738	0.00749	0.01380	0.02053	0.02782	0.37219	0.23643	0.19174	0.02024	0.01002	0.00286	0.00422	0.01784	0.00847	0.00738
27	0.01443	0.00722	0.01082	0.01082	0.01082	0.00722	0.00722	0.01082	0.01082	0.01443	0.01443	0.02525	0.01443	0.02886	0.03247	0.75830	0.00722	0.00722	0.00361	0.00361
28	0.01006	0.00748	0.00938	0.01091	0.01188	0.00680	0.00742	0.01164	0.01654	0.02146	0.05378	0.57299	0.17942	0.02499	0.01044	0.00326	0.00469	0.02235	0.00771	0.00680
29	0.01589	0.01198	0.01520	0.01369	0.01567	0.04061	0.04556	0.01929	0.01597	0.02540	0.02196	0.02812	0.01849	0.02403	0.18461	0.00526	0.12310	0.00799	0.35902	0.00816
30	0.61172	0.16117	0.01873	0.01161	0.01716	0.02160	0.01008	0.02451	0.01471	0.03358	0.01156	0.01346	0.00934	0.00759	0.00518	0.00241	0.00694	0.00449	0.00481	0.00934
31	0.02058	0.01935	0.03063	0.04394	0.52502	0.01993	0.02294	0.02935	0.14757	0.02871	0.01939	0.02272	0.01568	0.00820	0.00827	0.00254	0.00919	0.00781	0.00501	0.01316
32	0.01949	0.06795	0.44144	0.06327	0.06373	0.12697	0.05158	0.02705	0.01859	0.02479	0.01453	0.01755	0.01080	0.00793	0.00783	0.00252	0.01246	0.00622	0.00370	0.01159
33	0.02019	0.01652	0.01882	0.01371	0.02094	0.01411	0.01107	0.14653	0.02174	0.03230	0.01584	0.01779	0.01268	0.00694	0.00660	0.00149	0.00677	0.00545	0.00562	0.60487
34	0.02131	0.01757	0.02004	0.05782	0.06075	0.02000	0.01440	0.04151	0.53352	0.06905	0.03158	0.02972	0.02354	0.01082	0.00843	0.00278	0.00706	0.00910	0.00803	0.01298
35	0.13792	0.02867	0.01905	0.01736	0.02131	0.40957	0.01316	0.02870	0.04855	0.02620	0.14565	0.02517	0.02506	0.01029	0.00765	0.00233	0.01104	0.00739	0.00559	0.00931
36	0.01112	0.00780	0.00919	0.00989	0.01038	0.00746	0.00614	0.01188	0.01424	0.01867	0.03990	0.29035	0.11077	0.38378	0.02716	0.00577	0.00645	0.01686	0.00630	0.00588
37	0.02787	0.03353	0.02408	0.02140	0.02473	0.48379	0.01657	0.05730	0.02157	0.02172	0.01269	0.01600	0.01091	0.01011	0.01243	0.00253	0.18285	0.00592	0.00431	0.00970
38	0.01012	0.00723	0.00964	0.01157	0.01205	0.00675	0.00771	0.01157	0.01591	0.02121	0.04579	0.70262	0.05495	0.02603	0.01060	0.00337	0.00482	0.02362	0.00771	0.00675
39	0.01954	0.02584	0.19954	0.04382	0.49329	0.01962	0.02686	0.02571	0.01855	0.02692	0.01544	0.01977	0.01247	0.00753	0.00814	0.00251	0.01050	0.00707	0.00395	0.01293
40	0.01549	0.00774	0.00774	0.00774	0.00968	0.00774	0.00581	0.01936	0.01742	0.03097	0.02710	0.03097	0.02129	0.00968	0.00581	0.00194	0.00387	0.00774	0.75416	0.00774
41	0.02515	0.01958	0.02145	0.01641	0.02309	0.01988	0.01334	0.34222	0.10050	0.04121	0.01967	0.02024	0.01476	0.00874	0.00755	0.00208	0.00777	0.00678	0.00711	0.28248
42	0.01660	0.01432	0.01490	0.01373	0.01772	0.01555	0.01059	0.03208	0.40829	0.03014	0.05266	0.04932	0.26023	0.01493	0.00896	0.00281	0.00569	0.01244	0.00818	0.01085
43	0.01549	0.00774	0.00774	0.00774	0.00968	0.00774	0.00581	0.01936	0.01742	0.03097	0.02710	0.03097	0.02129	0.00968	0.00581	0.00194	0.00387	0.00774	0.75416	0.00774
44	0.02056	0.01974	0.03372	0.05099	0.65622	0.01974	0.02550	0.02550	0.01892	0.02714	0.01563	0.02056	0.01316	0.00740	0.00822	0.00247	0.00987	0.00740	0.00411	0.01316
45	0.02457	0.02633	0.02993	0.03962	0.41668	0.23081	0.02189	0.06305	0.02158	0.02642	0.01498	0.01873	0.01242	0.00792	0.00799	0.00236	0.01147	0.00675	0.00441	0.01208
46	0.02486	0.40209	0.03461	0.07886	0.02623	0.22726	0.01569	0.06273	0.02020	0.02188	0.01274	0.01504	0.01092	0.00783	0.00644	0.00202	0.01096	0.00517	0.00407	0.01042
47	0.01037	0.00733	0.00957	0.01125	0.01167	0.00691	0.00737	0.01163	0.01542	0.02056	0.04331	0.62083	0.05182	0.11208	0.01460	0.00396	0.00523	0.02216	0.00737	0.00653
48	0.01962	0.01683	0.01788	0.01633	0.02076	0.01924	0.01278	0.04074	0.56960	0.03348	0.03726	0.03743	0.06222	0.01251	0.00871	0.00288	0.00650	0.04440	0.00836	0.01248
49	0.01208	0.00805	0.00906	0.00906	0.00906	0.00805	0.00503	0.01208	0.01208	0.01611	0.02618	0.05436	0.03020	0.70804	0.04228	0.00805	0.00805	0.01208	0.00503	0.00503
50	0.01012	0.00723	0.00964	0.01157	0.01205	0.00675	0.00771	0.01157	0.01591	0.02121	0.04579	0.70262	0.05495	0.02603	0.01060	0.00337	0.00482	0.02362	0.00771	0.00675
51	0.01199	0.00801	0.00909	0.00918	0.00920	0.00799	0.00516	0.01206	0.01226	0.01635	0.02711	0.08522	0.03138	0.67559	0.04078	0.00783	0.00790	0.01263	0.00516	0.00512
52	0.01961	0.02241	0.04902	0.03501	0.04342	0.02101	0.62605	0.02661	0.01961	0.02661	0.01681	0.02241	0.01261	0.00700	0.00980	0.00280	0.01401	0.00980	0.00420	0.01120
53	0.01010	0.00730	0.00957	0.01138	0.01200	0.00676	0.00763	0.01159	0.01608	0.02128	0.04805	0.66585	0.09026	0.02573	0.01056	0.00334	0.00478	0.02326	0.00771	0.00676
54	0.03158	0.02327	0.02493	0.01911	0.02576	0.02576	0.01579	0.62852	0.03906	0.05236	0.01995	0.01995	0.01413	0.00997	0.00831	0.00249	0.00914	0.00748	0.00831	0.01413
55	0.02066	0.01785	0.01878	0.01691	0.02160	0.02066	0.01315	0.04414	0.64121	0.03475	0.03381	0.03099	0.02536	0.01127	0.00845	0.00282	0.00657	0.00939	0.00845	0.01315
56	0.02861	0.02151	0.02334	0.01771	0.02451	0.02273	0.01456	0.50291	0.03455	0.04713	0.01887	0.01938	0.01375	0.00918	0.00786	0.00223	0.00852	0.00695	0.00761	0.16808
57	0.01187	0.00890	0.01335	0.01335	0.01483	0.01038	0.01038	0.01483	0.01335	0.01928	0.02225	0.03264	0.02077	0.06231	0.67512	0.01335	0.02225	0.00890	0.00445	0.00742
58	0.02516	0.48754	0.03684	0.01662	0.02278	0.24778	0.01483	0.02765	0.01911	0.01981	0.01198	0.01388	0.01067	0.00759	0.00605	0.00190	0.01093	0.00475	0.00380	0.01032
59	0.01658	0.03698	0.53053	0.02156	0.03211	0.01843	0.02649	0.02728	0.09405	0.02702	0.02306	0.02445	0.06645	0.00941	0.00812	0.00267	0.01090	0.00750	0.00447	0.01194
60	0.01187	0.00890	0.01335	0.01335	0.01483	0.01038	0.01038	0.01483	0.01335	0.01928	0.02225	0.03264	0.02077	0.06231	0.67512	0.01335	0.02225	0.00890	0.00445	0.00742
61	0.01052	0.00844	0.00940	0.00916	0.01165	0.00731	0.00687	0.01329	0.02060	0.02640	0.29095	0.07343	0.44358	0.01956	0.00981	0.00274	0.00410	0.01662	0.00824	0.00731
62	0.01569	0.01477	0.02492	0.68808	0.05722	0.01846	0.02307	0.02123	0.01661	0.02123	0.01477	0.02215	0.01107	0.00831	0.00831	0.00277	0.01107	0.00738	0.00369	0.00923
63	0.01167	0.00901	0.01071	0.01019	0.01257	0.00832	0.00767	0.01615	0.05801	0.02998	0.43726	0.06588	0.25606	0.01793	0.00973	0.00269	0.00416	0.01549	0.00865	0.00789
64	0.01005	0.00752	0.00934	0.01081	0.01185	0.00681	0.00737	0.01165	0.01664	0.02150	0.05505	0.55238	0.19921	0.02482	0.01041	0.00324	0.00467	0.02215	0.00771	0.00681
65	0.01187	0.00890	0.01335	0.01335	0.01483	0.01038	0.01038	0.01483	0.01335	0.01928	0.02225	0.03264	0.02077	0.06231	0.67512	0.01335	0.02225	0.00890	0.00445	0.00742
66	0.01030	0.00791	0.00932	0.01033	0.01183	0.00710	0.00730	0.01207	0.01712	0.02163	0.06041	0.37107	0.30065	0.06406	0.01220	0.00344	0.00492	0.05397	0.00755	0.00681
67	0.01208	0.00805	0.00906	0.00906	0.00906	0.00805	0.00503	0.01208	0.01208	0.01611	0.02618	0.05436	0.03020	0.70804	0.04228	0.00805	0.00805	0.01208	0.00503	0.00503
68	0.01549	0.00774	0.00774	0.00774	0.00968	0.00774	0.00581	0.01936	0.01742	0.03097	0.02710	0.03097	0.02129	0.00968	0.00581	0.00194	0.00387	0.00774	0.75416	0.00774
69	0.01549	0.00774	0.00774	0.00774	0.00968	0.00774	0.00581	0.01936	0.01742	0.03097	0.02710	0.03097	0.02129	0.00968	0.00581	0.00194	0.00387	0.00774	0.75416	0.00774
70	0.01215	0.00875	0.01186	0.01332	0.01490	0.00847	0.01079	0.01529	0.01893	0.02507	0.13663	0.24704	0.07940	0.02278	0.01093	0.00348	0.00621	0.33869	0.00789	0.00742
71	0.02973	0.03746	0.02369	0.05309	0.02701	0.61447	0.01648	0.03202	0.02273	0.02036	0.01285	0.01546	0.01073	0.00882	0.00841	0.00224	0.04512	0.00553	0.00422	0.00959
72	0.03155	0.02422	0.02485	0.01925	0.02576	0.06370	0.01581	0.59371	0.03815	0.05048	0.01953	0.01965	0.01393	0.00989	0.00826	0.00247	0.00948	0.00735	0.00807	0.01386
73	0.22939	0.01870	0.04917	0.01550	0.02155	0.01887	0.01316	0.15864	0.15244	0.20504	0.02372	0.02259	0.01661	0.00961	0.00747	0.00261	0.00747	0.00724	0.00778	0.01245
74	0.02056	0.01974	0.03372	0.05099	0.65622	0.01974	0.02550	0.02550	0.01892	0.02714	0.01563	0.02056	0.01316	0.00740	0.00822	0.00247	0.00987	0.00740	0.00411	0.01316
75	0.01549	0.00774	0.00774	0.00774	0.00968	0.00774	0.00581	0.01936	0.01742	0.03097	0.02710	0.03097	0.02129	0.00968	0.00581	0.00194	0.00387	0.00774	0.75416	0.00774
76	0.03103	0.03959	0.02354	0.02140	0.02568	0.67469	0.01605	0.03317	0.02354	0.02033	0.01284	0.01498	0.01070	0.00856	0.00749	0.00214	0.01498	0.00535	0.00428	0.00963
77	0.01277	0.00916	0.01252	0.01347	0.01540	0.00891	0.01129	0.01663	0.02078	0.02805	0.27359	0.08175	0.05936	0.02070	0.01084	0.00337	0.00624	0.37923	0.00821	0.00772
78	0.03002	0.11711	0.02584	0.02057	0.02518	0.60081	0.01584	0.03222	0.02278	0.02024	0.01269	0.01479	0.01070	0.00839	0.00724	0.00210	0.01428	0.00525	0.00420	0.00975
79	0.01927	0.01842	0.03139	0.21945	0.49783	0.01940	0.02485	0.02437	0.01831	0.02558	0.01540	0.02098	0.01261	0.00764	0.00825	0.00255	0.01019	0.00740	0.00400	0.01212
80	0.02866	0.03558	0.02429	0.09986	0.06599	0.56105	0.01741	0.03135	0.02248	0.02083	0.01322	0.01613	0.01089	0.00846	0.00763	0.00223	0.01423	0.00570	0.00420	0.00979
81	0.03128	0.03221	0.02417	0.02037	0.02572	0.38134	0.01593	0.30231	0.03056	0.03481	0.01605	0.01723	0.01225	0.00920	0.00786	0.00230	0.01234	0.00631	0.00610	0.01166
82	0.01443	0.00722	0.01082	0.01082	0.01082	0.00722	0.00722	0.01082	0.01082	0.01443	0.01443	0.02525	0.01443	0.02886	0.03247	0.75830	0.00722	0.00722	0.00361	0.00361
83	0.01158	0.00848	0.01086	0.01027	0.01230	0.00776	0.00770	0.01534	0.02310	0.03233	0.60072	0.06367	0.13012	0.01735	0.00980	0.00263	0.00395	0.01525	0.00902	0.00776
84	0.01549	0.00774	0.00774	0.00774	0.00968	0.00774	0.00581	0.01936	0.01742	0.03097	0.02710	0.03097	0.02129	0.00968	0.00581	0.00194	0.00387	0.00774	0.75416	0.00774
85	0.00982	0.00842	0.00842	0.00842	0.01122	0.00701	0.00631	0.01192	0.01894	0.02244	0.08416	0.07995	0.65285	0.02104	0.00982	0.00281	0.00421	0.01753	0.00771	0.00701
86	0.02056	0.01974	0.03372	0.05099	0.65622	0.01974	0.02550	0.02550	0.01892	0.02714	0.01563	0.02056	0.01316	0.00740	0.00822	0.00247	0.00987	0.00740	0.00411	0.01316
87	0.68276	0.01584	0.01302	0.01137	0.01666	0.01790	0.00937	0.02627	0.01525	0.10918	0.01401	0.01520	0.01033	0.00801	0.00551	0.00257	0.00650	0.00494	0.00573	0.00959
88	0.02056	0.01974	0.03372	0.05099	0.65622	0.01974	0.02550	0.02550	0.01892	0.02714	0.01563	0.02056	0.01316	0.00740	0.00822	0.00247	0.00987	0.00740	0.00411	0.01316
89	0.02003	0.01948	0.03390	0.04788	0.57869	0.01930	0.07394	0.02501	0.01897	0.02690	0.01862	0.02322	0.04016	0.00795	0.00842	0.00251	0.00997	0.00803	0.00427	0.01274
90	0.02056	0.01974	0.03372	0.05099	0.65622	0.01974	0.02550	0.02550	0.01892	0.02714	0.01563	0.02056	0.01316	0.00740	0.00822	0.00247	0.00987	0.00740	0.00411	0.01316
91	0.01102	0.00828	0.01105	0.01323	0.04018	0.00775	0.00899	0.01315	0.01728	0.02279	0.08520	0.47777	0.13358	0.02365	0.01046	0.00327	0.00525	0.09224	0.00763	0.00723
92	0.01403	0.00926	0.01063	0.01023	0.01160	0.00927	0.00696	0.06532	0.01812	0.02600	0.15834	0.12345	0.04012	0.30007	0.02239	0.00480	0.00615	0.01285	0.14334	0.00707
93	0.01749	0.14479	0.20116	0.02215	0.02913	0.02037	0.17700	0.02309	0.01754	0.02432	0.07431	0.02501	0.01905	0.04267	0.06592	0.00372	0.06940	0.00819	0.00437	0.01034
94	0.02807	0.03952	0.15715	0.02177	0.02782	0.50741	0.01909	0.06003	0.02303	0.02310	0.01361	0.01575	0.01083	0.00849	0.00761	0.00226	0.01414	0.00562	0.00431	0.01040
95	0.04517	0.01092	0.01330	0.04069	0.01654	0.01122	0.00983	0.12068	0.02125	0.02945	0.14670	0.41323	0.04833	0.02014	0.00974	0.00303	0.00574	0.01782	0.00780	0.00842
96	0.21373	0.03053	0.32254	0.01881	0.02718	0.05812	0.02052	0.02994	0.14685	0.03057	0.01785	0.01914	0.01323	0.00859	0.00727	0.00263	0.00973	0.00634	0.00501	0.01145
97	0.18997	0.06132	0.02134	0.01836	0.02279	0.46677	0.01411	0.02987	0.02063	0.02393	0.01304	0.01559	0.01090	0.01136	0.04470	0.00285	0.01327	0.00533	0.00445	0.00941
98	0.02235	0.27742	0.05885	0.01794	0.05713	0.23471	0.01449	0.02501	0.01904	0.02062	0.02249	0.02609	0.09112	0.06839	0.00998	0.00263	0.01044	0.00723	0.00445	0.00962
99	0.01938	0.20620	0.25662	0.02669	0.15738	0.02258	0.07493	0.05073	0.01883	0.02565	0.01866	0.02128	0.04937	0.00838	0.00760	0.00240	0.01045	0.00701	0.00416	0.01172
100	0.01186	0.01153	0.05046	0.01422	0.07282	0.00923	0.01033	0.01514	0.01973	0.02556	0.19366	0.09401	0.37008	0.01844	0.00968	0.00281	0.00537	0.04954	0.00744	0.00810
101	0.18027	0.02163	0.16143	0.11448	0.03056	0.01755	0.11845	0.02527	0.07527	0.02986	0.09476	0.02539	0.02075	0.00926	0.00787	0.00265	0.00921	0.00802	0.03702	0.01029
102	0.02005	0.10431	0.19671	0.02629	0.19464	0.01880	0.02043	0.05281	0.01900	0.05403	0.01566	0.01834	0.01231	0.00741	0.00726	0.00211	0.00926	0.00611	0.00456	0.20990

[dist]
# distance from previous block
# <min> <max>
1	10

[block]
# block no. 1 follows, 22 sequences, length 14
# corresponding to MSA columns:
# 113-126
name=unknown_B
#
# <colnr> <probs for GDERKNQSTAVLIFYWHMCP>
#	G	D	E	R	K	N	Q	S	T	A	V	L	I	F	Y	W	H	M	C	P
0	0.07093	0.07257	0.01881	0.01547	0.01866	0.14044	0.01192	0.10265	0.02027	0.02645	0.02668	0.28957	0.02876	0.01589	0.01001	0.00275	0.06242	0.01291	0.00618	0.04665
1	0.02003	0.12036	0.47110	0.02214	0.03231	0.14504	0.02600	0.02744	0.01860	0.02439	0.01413	0.01656	0.01057	0.00793	0.00752	0.00244	0.01239	0.00579	0.00366	0.01159
2	0.01207	0.00883	0.01170	0.01295	0.01474	0.00845	0.01056	0.01526	0.01922	0.02522	0.14571	0.19500	0.13484	0.02230	0.01083	0.00342	0.00610	0.32748	0.00791	0.00743
3	0.01970	0.20941	0.02246	0.06611	0.02008	0.13429	0.01185	0.02296	0.01782	0.02379	0.01873	0.02275	0.01560	0.01479	0.08411	0.00332	0.00994	0.00651	0.26681	0.00897
4	0.02237	0.02815	0.15165	0.02464	0.03098	0.13783	0.17388	0.12112	0.02149	0.02801	0.01544	0.01948	0.01218	0.01170	0.04140	0.00322	0.13329	0.00746	0.00464	0.01105
5	0.02677	0.08618	0.08085	0.02444	0.06006	0.30126	0.12580	0.14323	0.02456	0.02825	0.01509	0.01758	0.01179	0.00833	0.00795	0.00235	0.01276	0.00663	0.00490	0.01122
6	0.18422	0.02224	0.13288	0.03549	0.37971	0.01879	0.02177	0.02472	0.01763	0.02901	0.01799	0.02142	0.04331	0.00822	0.00757	0.00253	0.00923	0.00705	0.00442	0.01179
7	0.02573	0.02839	0.02272	0.16724	0.03107	0.36457	0.01678	0.09802	0.02276	0.02517	0.01525	0.01870	0.01212	0.00905	0.00857	0.00237	0.04508	0.00635	0.07018	0.00987
8	0.06708	0.01350	0.04552	0.01359	0.01783	0.01216	0.01156	0.02615	0.11409	0.17086	0.11540	0.05430	0.16034	0.01556	0.00921	0.00291	0.00637	0.12525	0.00819	0.01014
9	0.07556	0.06181	0.18835	0.03161	0.25558	0.19766	0.02256	0.02768	0.01939	0.02547	0.01422	0.01746	0.01142	0.00785	0.00759	0.00240	0.01157	0.00619	0.00405	0.01157
10	0.01908	0.01874	0.05978	0.05968	0.38538	0.01757	0.04184	0.07013	0.02021	0.02806	0.02476	0.05760	0.06810	0.01064	0.00868	0.00263	0.00917	0.05540	0.00513	0.03743
11	0.02811	0.11162	0.02802	0.02580	0.14465	0.37106	0.01758	0.12690	0.02440	0.02670	0.01437	0.01665	0.01172	0.00840	0.00751	0.00222	0.01236	0.00598	0.00481	0.01115
12	0.10974	0.33290	0.03019	0.06881	0.02392	0.14882	0.01421	0.07241	0.01946	0.02462	0.01571	0.07518	0.01465	0.00943	0.00665	0.00221	0.00959	0.00677	0.00462	0.01009
13	0.01837	0.01579	0.01667	0.01428	0.01879	0.06746	0.01131	0.09478	0.09904	0.03070	0.14776	0.03843	0.05490	0.01611	0.06122	0.00318	0.00819	0.06330	0.00685	0.21287

[dist]
# distance from previous block
# <min> <max>
6	15

[block]
# block no. 2 follows, 22 sequences, length 47
# corresponding to MSA columns:
# 142-188
name=unknown_C
#
# <colnr> <probs for GDERKNQSTAVLIFYWHMCP>
#	G	D	E	R	K	N	Q	S	T	A	V	L	I	F	Y	W	H	M	C	P
0	0.02900	0.02590	0.02577	0.02486	0.13176	0.16480	0.01734	0.36573	0.06572	0.04020	0.01845	0.01959	0.01385	0.00931	0.00813	0.00243	0.01038	0.00711	0.00674	0.01294
1	0.02084	0.02410	0.08367	0.13950	0.25902	0.16033	0.02074	0.05079	0.02029	0.02513	0.02343	0.02662	0.09080	0.00963	0.00825	0.00250	0.01067	0.00809	0.00465	0.01096
2	0.01659	0.02689	0.30462	0.02078	0.06489	0.01725	0.02072	0.02773	0.17366	0.02699	0.02588	0.02814	0.06171	0.01907	0.12378	0.00454	0.01185	0.00832	0.00525	0.01134
3	0.02576	0.11397	0.06843	0.03013	0.22704	0.34883	0.01974	0.02931	0.02090	0.02278	0.01370	0.01672	0.01147	0.00798	0.00749	0.00223	0.01246	0.00594	0.00409	0.01104
4	0.28904	0.01905	0.06197	0.12631	0.02487	0.10726	0.01378	0.02282	0.01783	0.02927	0.12655	0.02796	0.02380	0.01111	0.00842	0.03394	0.00845	0.03327	0.00541	0.00887
5	0.14038	0.11852	0.09518	0.23663	0.09731	0.13437	0.01945	0.02528	0.01778	0.02455	0.01358	0.01765	0.01077	0.00796	0.00720	0.00245	0.01072	0.00603	0.00403	0.01018
6	0.09184	0.02385	0.06049	0.02849	0.11903	0.06873	0.22135	0.22014	0.02546	0.03546	0.01681	0.01981	0.01262	0.00823	0.00843	0.00258	0.01118	0.00777	0.00557	0.01215
7	0.02141	0.02036	0.02199	0.02336	0.16048	0.11643	0.01507	0.05472	0.17630	0.02926	0.02035	0.02195	0.01610	0.00843	0.00746	0.00213	0.00841	0.00692	0.04725	0.22161
8	0.01327	0.01057	0.01209	0.01085	0.01411	0.00946	0.00812	0.01748	0.06685	0.02554	0.16085	0.05535	0.20872	0.13537	0.01463	0.00340	0.00564	0.04836	0.00696	0.17236
9	0.01734	0.01284	0.01394	0.01252	0.01471	0.01389	0.00868	0.12591	0.15484	0.02648	0.02677	0.04327	0.02635	0.43418	0.02897	0.00594	0.00792	0.01069	0.00635	0.00839
10	0.09113	0.24669	0.02653	0.01557	0.02091	0.20259	0.01310	0.10895	0.02191	0.02644	0.02565	0.02626	0.12226	0.01037	0.00710	0.00223	0.00956	0.00739	0.00528	0.01008
11	0.01539	0.01087	0.01227	0.01133	0.01289	0.01105	0.00752	0.11876	0.01756	0.02365	0.02754	0.14497	0.03034	0.45124	0.02992	0.00606	0.00766	0.01270	0.00600	0.04227
12	0.02904	0.02152	0.02321	0.01831	0.02430	0.02377	0.01492	0.54052	0.07038	0.04857	0.02304	0.08206	0.01843	0.01149	0.00852	0.00259	0.00861	0.00904	0.00826	0.01341
13	0.13357	0.03420	0.02214	0.01965	0.02435	0.49935	0.01504	0.10899	0.02424	0.02683	0.01358	0.01542	0.01091	0.00863	0.00727	0.00225	0.01303	0.00551	0.00492	0.01012
14	0.01706	0.09046	0.62095	0.02301	0.03492	0.02026	0.02953	0.02621	0.01749	0.02583	0.01467	0.01724	0.01053	0.00784	0.00771	0.00257	0.01204	0.00602	0.00351	0.01216
15	0.03062	0.03640	0.02350	0.02089	0.02550	0.55757	0.01588	0.11296	0.05462	0.02527	0.01477	0.01639	0.01185	0.00888	0.00765	0.00222	0.01381	0.00582	0.00501	0.01039
16	0.01198	0.01016	0.01060	0.01040	0.01348	0.00960	0.00802	0.01798	0.12869	0.02478	0.07243	0.07229	0.49931	0.01945	0.00969	0.00288	0.00487	0.05740	0.00784	0.00814
17	0.02026	0.02155	0.08302	0.04886	0.60779	0.01970	0.02590	0.02556	0.01881	0.02708	0.01557	0.02032	0.01295	0.00744	0.00820	0.00248	0.01006	0.00730	0.00406	0.01309
18	0.01883	0.01797	0.03060	0.27708	0.44365	0.01928	0.02464	0.02398	0.01810	0.02504	0.01532	0.02112	0.01242	0.00772	0.00825	0.00257	0.01030	0.00740	0.00396	0.01176
19	0.01666	0.04297	0.66500	0.02368	0.03596	0.01929	0.03069	0.02631	0.01754	0.02631	0.01491	0.01754	0.01052	0.00789	0.00789	0.00263	0.01228	0.00614	0.00351	0.01228
20	0.02221	0.71304	0.04353	0.01421	0.02132	0.03287	0.01421	0.02488	0.01688	0.01955	0.01155	0.01333	0.01066	0.00711	0.00533	0.00178	0.00888	0.00444	0.00355	0.01066
21	0.02518	0.01870	0.02026	0.01640	0.02145	0.02054	0.01312	0.38730	0.12541	0.04362	0.10721	0.03017	0.02587	0.06057	0.01083	0.00293	0.00774	0.00912	0.04135	0.01221
22	0.01621	0.01384	0.01343	0.01252	0.01535	0.07624	0.00931	0.12317	0.02231	0.02802	0.11880	0.18765	0.23840	0.07207	0.01202	0.00319	0.00653	0.01510	0.00744	0.00841
23	0.08260	0.01296	0.01556	0.01419	0.01771	0.01349	0.05748	0.02449	0.21826	0.02778	0.04712	0.19965	0.20236	0.01676	0.00914	0.00292	0.00608	0.01455	0.00744	0.00943
24	0.01770	0.03132	0.34811	0.02528	0.03301	0.02153	0.14152	0.02441	0.01645	0.02441	0.01403	0.01867	0.01104	0.00978	0.01426	0.00297	0.22353	0.00720	0.00368	0.01108
25	0.20904	0.05227	0.01910	0.01926	0.10711	0.20606	0.01305	0.02385	0.01865	0.02592	0.02903	0.03055	0.15211	0.01384	0.04446	0.00305	0.00988	0.00825	0.00520	0.00931
26	0.01159	0.00848	0.00985	0.00980	0.01213	0.00742	0.00723	0.01414	0.01990	0.05275	0.23373	0.18061	0.36176	0.02031	0.00989	0.00284	0.00436	0.01749	0.00822	0.00750
27	0.06117	0.03054	0.02145	0.01895	0.02360	0.39987	0.01455	0.13068	0.10678	0.02844	0.02229	0.02292	0.06327	0.01009	0.00783	0.00236	0.01168	0.00715	0.00580	0.01060
28	0.02264	0.01579	0.01698	0.01388	0.01791	0.01685	0.01071	0.31752	0.02672	0.03759	0.02277	0.03078	0.01959	0.18509	0.01622	0.00371	0.00762	0.00857	0.16407	0.04498
29	0.01582	0.01489	0.02681	0.29240	0.07414	0.01616	0.15196	0.02093	0.01765	0.02335	0.02321	0.06821	0.02176	0.01561	0.05665	0.00375	0.01146	0.13104	0.00488	0.00931
30	0.01778	0.03442	0.44734	0.02407	0.08138	0.01818	0.05155	0.04899	0.01853	0.02755	0.01522	0.01802	0.01128	0.00758	0.00770	0.00237	0.01094	0.00623	0.00403	0.14684
31	0.01666	0.04297	0.66500	0.02368	0.03596	0.01929	0.03069	0.02631	0.01754	0.02631	0.01491	0.01754	0.01052	0.00789	0.00789	0.00263	0.01228	0.00614	0.00351	0.01228
32	0.02056	0.01974	0.03372	0.05099	0.65622	0.01974	0.02550	0.02550	0.01892	0.02714	0.01563	0.02056	0.01316	0.00740	0.00822	0.00247	0.00987	0.00740	0.00411	0.01316
33	0.01012	0.00723	0.00964	0.01157	0.01205	0.00675	0.00771	0.01157	0.01591	0.02121	0.04579	0.70262	0.05495	0.02603	0.01060	0.00337	0.00482	0.02362	0.00771	0.00675
34	0.00982	0.00842	0.00842	0.00842	0.01122	0.00701	0.00631	0.01192	0.01894	0.02244	0.08416	0.07995	0.65285	0.02104	0.00982	0.00281	0.00421	0.01753	0.00771	0.00701
35	0.02221	0.71304	0.04353	0.01421	0.02132	0.03287	0.01421	0.02488	0.01688	0.01955	0.01155	0.01333	0.01066	0.00711	0.00533	0.00178	0.00888	0.00444	0.00355	0.01066
36	0.01443	0.00722	0.01082	0.01082	0.01082	0.00722	0.00722	0.01082	0.01082	0.01443	0.01443	0.02525	0.01443	0.02886	0.03247	0.75830	0.00722	0.00722	0.00361	0.00361
37	0.02884	0.03543	0.02568	0.02761	0.15793	0.53732	0.01803	0.03156	0.02257	0.02176	0.01343	0.01615	0.01122	0.00832	0.00764	0.00221	0.01391	0.00578	0.00425	0.01037
38	0.02918	0.02208	0.02358	0.01863	0.02485	0.02464	0.01521	0.50026	0.17122	0.04849	0.02299	0.02237	0.01659	0.01026	0.00834	0.00256	0.00858	0.00790	0.00834	0.01391
39	0.01012	0.00723	0.00964	0.01157	0.01205	0.00675	0.00771	0.01157	0.01591	0.02121	0.04579	0.70262	0.05495	0.02603	0.01060	0.00337	0.00482	0.02362	0.00771	0.00675
40	0.01208	0.00805	0.00906	0.00906	0.00906	0.00805	0.00503	0.01208	0.01208	0.01611	0.02618	0.05436	0.03020	0.70804	0.04228	0.00805	0.00805	0.01208	0.00503	0.00503
41	0.03158	0.02327	0.02493	0.01911	0.02576	0.02576	0.01579	0.62852	0.03906	0.05236	0.01995	0.01995	0.01413	0.00997	0.00831	0.00249	0.00914	0.00748	0.00831	0.01413
42	0.02259	0.02358	0.03175	0.04526	0.53416	0.14652	0.02367	0.02698	0.01981	0.02582	0.01509	0.01948	0.01268	0.00763	0.00808	0.00240	0.01086	0.00700	0.00414	0.01248
43	0.05577	0.02719	0.02502	0.02506	0.13790	0.23527	0.01712	0.25137	0.08393	0.03526	0.01780	0.01920	0.01366	0.00909	0.00792	0.00241	0.01084	0.00683	0.00614	0.01221
44	0.02741	0.01712	0.01866	0.01559	0.02078	0.06011	0.01241	0.09541	0.21876	0.27362	0.08198	0.03321	0.06398	0.01163	0.00853	0.00263	0.00723	0.00947	0.00886	0.01260
45	0.01952	0.01988	0.07135	0.03396	0.34213	0.01909	0.02012	0.03108	0.23674	0.02940	0.02703	0.02841	0.06475	0.00980	0.00840	0.00263	0.00847	0.00876	0.00586	0.01264
46	0.02223	0.31204	0.19322	0.02015	0.07055	0.05620	0.01918	0.13160	0.02150	0.02773	0.01735	0.01901	0.03907	0.00850	0.00700	0.00223	0.00994	0.00622	0.00463	0.01165

[dist]
# distance from previous block
# <min> <max>
3	4

[block]
# block no. 3 follows, 22 sequences, length 24
# corresponding to MSA columns:
# 193-216
name=unknown_D
#
# <colnr> <probs for GDERKNQSTAVLIFYWHMCP>
#	G	D	E	R	K	N	Q	S	T	A	V	L	I	F	Y	W	H	M	C	P
0	0.03113	0.03673	0.02379	0.02100	0.02570	0.56100	0.01601	0.13748	0.02626	0.02594	0.01409	0.01585	0.01130	0.00881	0.00763	0.00220	0.01396	0.00572	0.00499	0.01042
1	0.12792	0.13460	0.04875	0.01717	0.02291	0.15109	0.04091	0.19637	0.02483	0.03312	0.06017	0.02421	0.06435	0.00999	0.00749	0.00237	0.00951	0.00745	0.00596	0.01084
2	0.02955	0.02192	0.02368	0.01827	0.02470	0.02382	0.01499	0.55548	0.03639	0.04908	0.02069	0.04968	0.01578	0.01039	0.00825	0.00244	0.00873	0.00799	0.00803	0.07017
3	0.01382	0.00999	0.01175	0.01188	0.01342	0.00998	0.00823	0.10647	0.01891	0.02499	0.04113	0.39709	0.09956	0.17253	0.01712	0.00421	0.00613	0.01804	0.00722	0.00753
4	0.01161	0.00785	0.00920	0.00967	0.00978	0.00774	0.00568	0.01196	0.01301	0.01734	0.03092	0.21124	0.03619	0.54300	0.03462	0.00692	0.00727	0.01487	0.00568	0.00545
5	0.29812	0.02104	0.01969	0.01592	0.02182	0.07102	0.01301	0.30946	0.02743	0.10188	0.01758	0.01802	0.01262	0.00908	0.00711	0.00250	0.00841	0.00632	0.00704	0.01193
6	0.02821	0.03376	0.02308	0.02068	0.02444	0.50710	0.01584	0.07252	0.02268	0.02248	0.01384	0.01702	0.01173	0.01339	0.06025	0.00318	0.08959	0.00598	0.00451	0.00972
7	0.03018	0.01824	0.02048	0.01602	0.02178	0.01918	0.01313	0.37321	0.03140	0.20211	0.02444	0.02398	0.01701	0.01000	0.00788	0.00241	0.00769	0.00775	0.14010	0.01301
8	0.00987	0.00821	0.00863	0.00897	0.01137	0.00697	0.00656	0.01186	0.01840	0.02223	0.07744	0.18904	0.54810	0.02191	0.00996	0.00290	0.00432	0.01860	0.00771	0.00697
9	0.03023	0.03159	0.02417	0.06449	0.02779	0.37825	0.01641	0.26463	0.02914	0.03288	0.01574	0.01739	0.01206	0.00909	0.00786	0.00232	0.01245	0.00632	0.00581	0.01136
10	0.02202	0.02691	0.29154	0.02394	0.11042	0.01623	0.05959	0.02847	0.01994	0.18447	0.07952	0.02507	0.01996	0.00914	0.00827	0.00254	0.00970	0.00786	0.00591	0.04851
11	0.15834	0.02099	0.02155	0.01727	0.02329	0.02356	0.01411	0.41345	0.14725	0.04642	0.02107	0.02088	0.01533	0.00982	0.00778	0.00257	0.00819	0.00731	0.00778	0.01305
12	0.01070	0.00747	0.00947	0.01083	0.01116	0.00713	0.00692	0.01172	0.01477	0.01970	0.03998	0.51078	0.04762	0.22786	0.01998	0.00476	0.00578	0.02020	0.00692	0.00624
13	0.02937	0.03302	0.02273	0.01992	0.02466	0.45739	0.01529	0.16239	0.06387	0.02829	0.01955	0.02058	0.04746	0.00971	0.00785	0.00229	0.01261	0.00672	0.00560	0.01068
14	0.23673	0.01265	0.01263	0.01229	0.01500	0.05380	0.00953	0.01906	0.01495	0.02626	0.02130	0.08876	0.01994	0.03303	0.29191	0.00715	0.01326	0.00862	0.09515	0.00800
15	0.01994	0.01035	0.01346	0.01162	0.01516	0.00918	0.00909	0.02339	0.02301	0.23964	0.37426	0.05320	0.13318	0.01529	0.00932	0.00262	0.00500	0.01314	0.00934	0.00981
16	0.02923	0.03509	0.02541	0.02644	0.13616	0.51928	0.01769	0.06914	0.02370	0.02353	0.01377	0.01627	0.01135	0.00845	0.00767	0.00222	0.01372	0.00584	0.00450	0.01053
17	0.08686	0.03479	0.43403	0.02564	0.03618	0.01971	0.19355	0.02622	0.01780	0.02741	0.01512	0.01851	0.01096	0.00763	0.00817	0.00267	0.01221	0.00700	0.00385	0.01168
18	0.02056	0.01974	0.03372	0.05099	0.65622	0.01974	0.02550	0.02550	0.01892	0.02714	0.01563	0.02056	0.01316	0.00740	0.00822	0.00247	0.00987	0.00740	0.00411	0.01316
19	0.01762	0.01787	0.01627	0.01466	0.01816	0.16545	0.01127	0.02113	0.04543	0.02241	0.03084	0.07340	0.12980	0.02475	0.16996	0.00497	0.04900	0.00965	0.00541	0.15193
20	0.01781	0.01896	0.07651	0.23345	0.37127	0.01813	0.02336	0.02302	0.01813	0.02488	0.02177	0.02639	0.07259	0.00899	0.00837	0.00260	0.00987	0.00825	0.00428	0.01135
21	0.07231	0.03313	0.02331	0.02087	0.02419	0.48215	0.01613	0.02954	0.02043	0.02127	0.01231	0.01564	0.01065	0.00992	0.01201	0.00252	0.17424	0.00575	0.00418	0.00946
22	0.07334	0.37736	0.03250	0.01664	0.02203	0.23371	0.01446	0.02666	0.01839	0.02097	0.01251	0.01518	0.01113	0.01101	0.04360	0.00267	0.04879	0.00513	0.00394	0.00996
23	0.02120	0.11678	0.02570	0.01936	0.02154	0.17789	0.01595	0.02340	0.01614	0.02056	0.01308	0.01841	0.01204	0.01500	0.06117	0.00358	0.35778	0.00656	0.04461	0.00925

[dist]
# distance from previous block
# <min> <max>
0	3

[block]
# block no. 4 follows, 22 sequences, length 11
# corresponding to MSA columns:
# 220-230
name=unknown_E
#
# <colnr> <probs for GDERKNQSTAVLIFYWHMCP>
#	G	D	E	R	K	N	Q	S	T	A	V	L	I	F	Y	W	H	M	C	P
0	0.01363	0.01178	0.01675	0.01606	0.06289	0.01126	0.07383	0.01958	0.09041	0.02905	0.29954	0.05683	0.23381	0.01583	0.00954	0.00270	0.00579	0.01405	0.00776	0.00892
1	0.16350	0.02038	0.06027	0.01628	0.02200	0.05297	0.01393	0.26410	0.02538	0.07566	0.01855	0.02091	0.01421	0.01837	0.12540	0.00434	0.01114	0.00687	0.00643	0.05930
2	0.02257	0.15058	0.02337	0.01651	0.02050	0.25104	0.01320	0.08387	0.02061	0.02313	0.02271	0.02712	0.07818	0.06314	0.11625	0.00439	0.04086	0.00769	0.00494	0.00934
3	0.02844	0.03018	0.02318	0.05427	0.02623	0.36353	0.01582	0.21716	0.02723	0.03053	0.01960	0.02119	0.05260	0.01007	0.00890	0.00240	0.04517	0.00699	0.00570	0.01083
4	0.02370	0.02358	0.01927	0.01688	0.02125	0.22460	0.01289	0.13076	0.19532	0.02977	0.02819	0.03054	0.08001	0.07904	0.01146	0.00299	0.00955	0.00865	0.00655	0.04500
5	0.01947	0.02160	0.02795	0.02564	0.11205	0.17376	0.19785	0.02352	0.02036	0.02445	0.07142	0.07475	0.14665	0.01200	0.00908	0.00262	0.01054	0.01110	0.00543	0.00978
6	0.02698	0.02454	0.01923	0.05021	0.02285	0.31812	0.01333	0.02964	0.02231	0.18261	0.07299	0.06969	0.08838	0.01193	0.00834	0.00246	0.01027	0.00926	0.00667	0.01017
7	0.03006	0.02227	0.02197	0.04928	0.02519	0.13556	0.01471	0.22323	0.15135	0.20242	0.02459	0.02357	0.01732	0.00999	0.00821	0.00253	0.00921	0.00771	0.00793	0.01291
8	0.02355	0.03237	0.22121	0.02034	0.02712	0.23327	0.01962	0.14695	0.02311	0.02841	0.01644	0.01965	0.01297	0.01741	0.11676	0.00419	0.01416	0.00660	0.00487	0.01099
9	0.01775	0.02859	0.30745	0.02594	0.14646	0.01694	0.06136	0.02450	0.01783	0.02672	0.01512	0.01831	0.01170	0.00720	0.00754	0.00218	0.01004	0.00623	0.00410	0.24404
10	0.02531	0.02501	0.02006	0.01901	0.05958	0.27199	0.01380	0.12983	0.12405	0.03076	0.02078	0.02233	0.01617	0.00941	0.00745	0.00228	0.00985	0.00702	0.17459	0.01073

[dist]
# distance from previous block
# <min> <max>
3	20

[block]
# block no. 5 follows, 22 sequences, length 10
# corresponding to MSA columns:
# 251-260
name=unknown_F
#
# <colnr> <probs for GDERKNQSTAVLIFYWHMCP>
#	G	D	E	R	K	N	Q	S	T	A	V	L	I	F	Y	W	H	M	C	P
0	0.05423	0.03743	0.54088	0.02411	0.07725	0.01840	0.02760	0.02511	0.01735	0.02656	0.01698	0.06614	0.01378	0.00913	0.00797	0.00267	0.01128	0.00739	0.00393	0.01178
1	0.01012	0.00723	0.00964	0.01157	0.01205	0.00675	0.00771	0.01157	0.01591	0.02121	0.04579	0.70262	0.05495	0.02603	0.01060	0.00337	0.00482	0.02362	0.00771	0.00675
2	0.02169	0.13624	0.02186	0.01610	0.01998	0.23833	0.01251	0.08137	0.02097	0.02403	0.02458	0.24776	0.02608	0.01421	0.00818	0.00247	0.00942	0.01155	0.00575	0.05691
3	0.23407	0.01862	0.02769	0.06526	0.26117	0.01968	0.11685	0.02753	0.09698	0.03063	0.01693	0.02025	0.01333	0.00797	0.00763	0.00261	0.00920	0.00721	0.00495	0.01144
4	0.01431	0.01047	0.01224	0.01185	0.01441	0.01055	0.00925	0.01925	0.07773	0.02641	0.03990	0.14905	0.13180	0.01605	0.00978	0.00270	0.05262	0.09567	0.20858	0.08739
5	0.02388	0.14927	0.02536	0.01720	0.02276	0.26420	0.03983	0.06216	0.02076	0.02458	0.01499	0.01765	0.01249	0.01025	0.03706	0.00241	0.01105	0.00572	0.05224	0.18614
6	0.02204	0.18319	0.04083	0.03249	0.19551	0.05224	0.26283	0.02704	0.01922	0.06297	0.01605	0.01983	0.01269	0.00740	0.00816	0.00243	0.01136	0.00764	0.00440	0.01169
7	0.01660	0.01493	0.02206	0.06027	0.06824	0.01553	0.11332	0.02667	0.20356	0.02762	0.03946	0.05194	0.13035	0.01463	0.00962	0.00304	0.00816	0.15692	0.00686	0.01023
8	0.07324	0.01938	0.01855	0.11846	0.02566	0.12834	0.01381	0.07251	0.23226	0.02918	0.03201	0.07743	0.10036	0.01227	0.00834	0.00269	0.00843	0.00993	0.00663	0.01051
9	0.06629	0.06642	0.12215	0.02336	0.02932	0.12774	0.20928	0.02436	0.01825	0.02430	0.01948	0.13087	0.01846	0.01123	0.01024	0.00276	0.07088	0.00994	0.00466	0.01001

[dist]
# distance from previous block
# <min> <max>
7	13

[block]
# block no. 6 follows, 22 sequences, length 18
# corresponding to MSA columns:
# 274-291
name=unknown_G
#
# <colnr> <probs for GDERKNQSTAVLIFYWHMCP>
#	G	D	E	R	K	N	Q	S	T	A	V	L	I	F	Y	W	H	M	C	P
0	0.14763	0.07968	0.01988	0.01478	0.01971	0.01972	0.01240	0.27895	0.02647	0.03936	0.04581	0.03115	0.02086	0.01125	0.00761	0.00254	0.00748	0.08449	0.11932	0.01092
1	0.02549	0.19884	0.02752	0.05346	0.02525	0.25942	0.01522	0.08635	0.17699	0.02664	0.01849	0.01939	0.01467	0.00899	0.00731	0.00228	0.01064	0.00643	0.00547	0.01114
2	0.02868	0.07416	0.02684	0.04866	0.02728	0.28830	0.05901	0.17793	0.02552	0.08589	0.01649	0.01836	0.01259	0.00932	0.00938	0.00243	0.06559	0.00663	0.00568	0.01126
3	0.01430	0.00927	0.01112	0.01064	0.01249	0.00971	0.00789	0.05668	0.01772	0.02672	0.10887	0.04043	0.05342	0.13977	0.19771	0.00625	0.01001	0.01007	0.24931	0.00762
4	0.02279	0.02472	0.02900	0.09890	0.34408	0.20630	0.02170	0.02661	0.01926	0.02379	0.01418	0.01884	0.01199	0.00868	0.01033	0.00254	0.09413	0.00680	0.00406	0.01129
5	0.01041	0.00735	0.00955	0.01119	0.01160	0.00694	0.00731	0.01164	0.01533	0.02045	0.04286	0.60583	0.05125	0.12786	0.01533	0.00407	0.00530	0.02189	0.00731	0.00649
6	0.12913	0.01496	0.01648	0.01210	0.01915	0.01220	0.00972	0.02144	0.01677	0.02859	0.01429	0.01667	0.01181	0.00639	0.00600	0.00143	0.00619	0.00486	0.00495	0.64687
7	0.02223	0.01555	0.01635	0.01391	0.01814	0.01711	0.01105	0.23096	0.18394	0.03914	0.02640	0.02726	0.01992	0.01018	0.00733	0.00235	0.00634	0.00808	0.31249	0.01127
8	0.01193	0.00864	0.01205	0.01205	0.01309	0.00968	0.00877	0.01400	0.01297	0.01832	0.02344	0.03920	0.02362	0.25746	0.48387	0.01175	0.01796	0.00986	0.00463	0.00670
9	0.01187	0.00890	0.01335	0.01335	0.01483	0.01038	0.01038	0.01483	0.01335	0.01928	0.02225	0.03264	0.02077	0.06231	0.67512	0.01335	0.02225	0.00890	0.00445	0.00742
10	0.00982	0.00842	0.00842	0.00842	0.01122	0.00701	0.00631	0.01192	0.01894	0.02244	0.08416	0.07995	0.65285	0.02104	0.00982	0.00281	0.00421	0.01753	0.00771	0.00701
11	0.02443	0.01738	0.01907	0.01575	0.02036	0.01896	0.01259	0.39603	0.03036	0.04201	0.02513	0.12452	0.02183	0.01580	0.05260	0.00326	0.00851	0.01003	0.12986	0.01154
12	0.01009	0.00734	0.00953	0.01129	0.01198	0.00677	0.00759	0.01160	0.01618	0.02132	0.04921	0.64705	0.10831	0.02558	0.01053	0.00332	0.00477	0.02307	0.00771	0.00677
13	0.01017	0.00825	0.00902	0.00921	0.01153	0.00710	0.00676	0.01245	0.01919	0.02395	0.16672	0.17240	0.47192	0.02117	0.00994	0.00286	0.00426	0.01807	0.00794	0.00710
14	0.01666	0.04297	0.66500	0.02368	0.03596	0.01929	0.03069	0.02631	0.01754	0.02631	0.01491	0.01754	0.01052	0.00789	0.00789	0.00263	0.01228	0.00614	0.00351	0.01228
15	0.02180	0.66333	0.08963	0.01492	0.02241	0.03186	0.01544	0.02498	0.01693	0.02005	0.01180	0.01364	0.01065	0.00717	0.00552	0.00184	0.00914	0.00457	0.00355	0.01078
16	0.02221	0.71304	0.04353	0.01421	0.02132	0.03287	0.01421	0.02488	0.01688	0.01955	0.01155	0.01333	0.01066	0.00711	0.00533	0.00178	0.00888	0.00444	0.00355	0.01066
17	0.17529	0.06749	0.46951	0.02015	0.03042	0.01947	0.02453	0.02649	0.01708	0.05713	0.01486	0.01698	0.01067	0.00793	0.00722	0.00258	0.01065	0.00582	0.00416	0.01160

[dist]
# distance from previous block
# <min> <max>
3	11

[block]
# block no. 7 follows, 22 sequences, length 17
# corresponding to MSA columns:
# 303-319
name=unknown_H
#
# <colnr> <probs for GDERKNQSTAVLIFYWHMCP>
#	G	D	E	R	K	N	Q	S	T	A	V	L	I	F	Y	W	H	M	C	P
0	0.17105	0.02175	0.02716	0.03667	0.40039	0.11902	0.02010	0.02722	0.01892	0.06077	0.01528	0.01871	0.01234	0.00779	0.00751	0.00244	0.00982	0.00656	0.00466	0.01185
1	0.02221	0.71304	0.04353	0.01421	0.02132	0.03287	0.01421	0.02488	0.01688	0.01955	0.01155	0.01333	0.01066	0.00711	0.00533	0.00178	0.00888	0.00444	0.00355	0.01066
2	0.01187	0.00890	0.01335	0.01335	0.01483	0.01038	0.01038	0.01483	0.01335	0.01928	0.02225	0.03264	0.02077	0.06231	0.67512	0.01335	0.02225	0.00890	0.00445	0.00742
3	0.01012	0.00723	0.00964	0.01157	0.01205	0.00675	0.00771	0.01157	0.01591	0.02121	0.04579	0.70262	0.05495	0.02603	0.01060	0.00337	0.00482	0.02362	0.00771	0.00675
4	0.01187	0.00890	0.01335	0.01335	0.01483	0.01038	0.01038	0.01483	0.01335	0.01928	0.02225	0.03264	0.02077	0.06231	0.67512	0.01335	0.02225	0.00890	0.00445	0.00742
5	0.01666	0.04297	0.66500	0.02368	0.03596	0.01929	0.03069	0.02631	0.01754	0.02631	0.01491	0.01754	0.01052	0.00789	0.00789	0.00263	0.01228	0.00614	0.00351	0.01228
