[name]
unknown

[dist]
# distance from previous block
# <min> <max>
0	22

[block]
# block no. 0 follows, 20 sequences, length 59
# corresponding to MSA columns:
# 22-80
name=unknown_A
#
# <colnr> <probs for GDERKNQSTAVLIFYWHMCP>
#	G	D	E	R	K	N	Q	S	T	A	V	L	I	F	Y	W	H	M	C	P
0	0.01343	0.00984	0.01319	0.01486	0.01702	0.00959	0.01282	0.01715	0.02005	0.02568	0.05321	0.09599	0.14775	0.02376	0.01176	0.00384	0.00743	0.48667	0.00804	0.00792
1	0.01271	0.03861	0.01132	0.00970	0.01261	0.00899	0.00729	0.01494	0.01972	0.05353	0.13038	0.07354	0.45792	0.09421	0.01377	0.00347	0.00518	0.01647	0.00788	0.00774
2	0.05021	0.18509	0.25551	0.02881	0.18647	0.06919	0.02394	0.02699	0.01875	0.02592	0.01508	0.01854	0.01220	0.01045	0.03546	0.00296	0.01183	0.00638	0.00403	0.01219
3	0.01394	0.01180	0.01933	0.07823	0.02291	0.01357	0.06926	0.01756	0.01505	0.02131	0.02250	0.06201	0.02108	0.04967	0.46651	0.01080	0.06148	0.00991	0.00468	0.00842
4	0.01377	0.00978	0.01168	0.01108	0.01378	0.00901	0.00834	0.01836	0.06107	0.06686	0.34322	0.11182	0.25032	0.01907	0.01017	0.00288	0.00466	0.01647	0.00904	0.00862
5	0.01696	0.01989	0.11724	0.17862	0.11669	0.01722	0.08447	0.02476	0.09312	0.02629	0.02645	0.18860	0.02532	0.01339	0.00944	0.00301	0.00977	0.01234	0.00563	0.01081
6	0.02285	0.19759	0.03319	0.03251	0.28266	0.14145	0.01974	0.02659	0.01943	0.02401	0.01570	0.02025	0.01374	0.01568	0.09522	0.00388	0.01284	0.00678	0.00425	0.01164
7	0.02374	0.02661	0.02223	0.01993	0.02207	0.29889	0.01539	0.02572	0.01851	0.02116	0.01570	0.02368	0.01488	0.09865	0.05013	0.00410	0.24243	0.00748	0.03958	0.00911
8	0.02323	0.01593	0.02100	0.01525	0.02284	0.01266	0.05394	0.02724	0.01989	0.17372	0.02011	0.02121	0.01499	0.00755	0.00728	0.00174	0.00728	0.00639	0.00644	0.52131
9	0.01490	0.01272	0.01829	0.13973	0.02424	0.01579	0.01400	0.01736	0.01429	0.02009	0.02098	0.06426	0.02134	0.19605	0.19085	0.00742	0.18497	0.01015	0.00461	0.00795
10	0.09546	0.01545	0.10497	0.01236	0.01696	0.01117	0.01135	0.01885	0.02001	0.06663	0.16984	0.05820	0.29770	0.05045	0.01107	0.00311	0.00625	0.01374	0.00747	0.00894
11	0.01596	0.01044	0.01222	0.01117	0.01450	0.00947	0.00858	0.02060	0.06573	0.11749	0.26290	0.06606	0.31510	0.01828	0.00998	0.00284	0.00492	0.01551	0.00905	0.00920
12	0.02419	0.01574	0.01782	0.01381	0.01977	0.01472	0.01113	0.17040	0.02476	0.11906	0.02273	0.02407	0.01699	0.00899	0.00724	0.00200	0.00675	0.00708	0.19645	0.27627
13	0.01099	0.00781	0.00995	0.01150	0.01204	0.00735	0.00751	0.01226	0.01613	0.02136	0.04634	0.54313	0.08171	0.14810	0.01714	0.00441	0.00565	0.02228	0.00759	0.00677
14	0.02036	0.01204	0.04414	0.01339	0.01694	0.00978	0.01068	0.02340	0.02108	0.22404	0.14998	0.29032	0.08995	0.01905	0.01003	0.00305	0.00598	0.01672	0.00902	0.01007
15	0.01072	0.00885	0.00941	0.00927	0.01204	0.00754	0.00695	0.01332	0.02086	0.02588	0.19895	0.08014	0.52346	0.02123	0.01030	0.00290	0.00436	0.01788	0.00840	0.00754
16	0.02918	0.02059	0.02192	0.01726	0.02307	0.02259	0.01411	0.47099	0.03566	0.04968	0.02271	0.02367	0.01661	0.01040	0.00811	0.00248	0.00829	0.00792	0.18151	0.01325
17	0.01093	0.00772	0.01003	0.01176	0.01219	0.00729	0.00768	0.01222	0.01611	0.02148	0.04506	0.59527	0.05388	0.12501	0.01601	0.00426	0.00556	0.02302	0.00768	0.00682
18	0.01147	0.00814	0.01021	0.01107	0.01190	0.00767	0.00734	0.01317	0.01750	0.02358	0.16392	0.37182	0.08794	0.19062	0.01918	0.00457	0.00568	0.01961	0.00770	0.00689
19	0.01947	0.01404	0.01597	0.04517	0.01820	0.01504	0.01033	0.21321	0.02290	0.03059	0.02727	0.12147	0.02831	0.34925	0.02661	0.00563	0.00857	0.01233	0.00672	0.00892
20	0.01439	0.01052	0.01292	0.01224	0.01460	0.01024	0.00913	0.08871	0.02453	0.03375	0.38611	0.20759	0.10273	0.01942	0.01030	0.00293	0.00504	0.01708	0.00905	0.00872
21	0.01476	0.01158	0.01340	0.01202	0.01528	0.01073	0.00884	0.01998	0.09305	0.02664	0.13736	0.07698	0.10441	0.18957	0.01814	0.00403	0.00645	0.04770	0.00703	0.18207
22	0.01108	0.00814	0.00963	0.01061	0.01162	0.00751	0.00699	0.01238	0.01648	0.02122	0.05313	0.36933	0.19971	0.19814	0.01952	0.00466	0.00577	0.02002	0.00737	0.00669
23	0.01822	0.04003	0.50760	0.02767	0.03960	0.02068	0.16777	0.02770	0.01893	0.02770	0.01612	0.01962	0.01156	0.00807	0.00876	0.00280	0.01332	0.00735	0.00385	0.01263
24	0.01564	0.01104	0.01288	0.01258	0.01422	0.01130	0.00915	0.09444	0.01886	0.02483	0.03533	0.06458	0.07301	0.38607	0.02908	0.00617	0.00824	0.15852	0.00664	0.00741
25	0.02646	0.02751	0.02174	0.01928	0.02344	0.30826	0.01494	0.16439	0.02523	0.02893	0.01831	0.02272	0.01537	0.02689	0.21052	0.00600	0.01666	0.00730	0.00555	0.01050
26	0.02163	0.01996	0.02940	0.03983	0.40295	0.02110	0.02180	0.03427	0.25099	0.03156	0.02372	0.02579	0.01872	0.00933	0.00873	0.00273	0.00904	0.00857	0.00606	0.01381
27	0.02375	0.02277	0.03019	0.03987	0.39254	0.08695	0.02212	0.08258	0.14977	0.03176	0.02054	0.02325	0.01635	0.00899	0.00862	0.00264	0.01012	0.00800	0.00568	0.01352
28	0.01490	0.01248	0.01354	0.01345	0.01505	0.07737	0.01000	0.01587	0.01632	0.02040	0.03779	0.12783	0.15536	0.03289	0.16367	0.18072	0.04461	0.03504	0.00571	0.00700
29	0.39672	0.02508	0.02072	0.02281	0.13840	0.21315	0.01499	0.02864	0.01879	0.03173	0.01336	0.01606	0.01082	0.00831	0.00676	0.00254	0.01015	0.00557	0.00492	0.01048
30	0.12891	0.03025	0.05484	0.06923	0.18021	0.29586	0.01944	0.07187	0.02256	0.02838	0.01479	0.01794	0.01190	0.00862	0.00785	0.00249	0.01231	0.00636	0.00481	0.01138
31	0.01225	0.00846	0.00946	0.00957	0.00999	0.00823	0.00562	0.01263	0.01387	0.01810	0.03681	0.09532	0.11440	0.56653	0.03798	0.00745	0.00773	0.01412	0.00582	0.00566
32	0.01266	0.00993	0.01156	0.01102	0.01377	0.00847	0.00776	0.01465	0.01715	0.02312	0.04718	0.26461	0.19135	0.13713	0.01562	0.00371	0.00582	0.01642	0.00692	0.18117
33	0.02890	0.02490	0.02474	0.04702	0.05655	0.11600	0.01669	0.33043	0.18721	0.04280	0.02320	0.02331	0.01719	0.01041	0.00864	0.00266	0.00990	0.00804	0.00775	0.01364
34	0.02251	0.01116	0.01467	0.01252	0.01631	0.00995	0.00974	0.02602	0.02387	0.26705	0.34131	0.05216	0.08664	0.05246	0.01158	0.00305	0.00564	0.01307	0.00974	0.01055
35	0.01402	0.01164	0.01701	0.01611	0.01730	0.01463	0.01283	0.01685	0.01386	0.02042	0.02056	0.03069	0.01937	0.05360	0.51034	0.01161	0.17753	0.00894	0.00447	0.00820
36	0.01114	0.00781	0.00997	0.01149	0.01187	0.00743	0.00740	0.01228	0.01570	0.02094	0.04296	0.53106	0.05124	0.19283	0.01940	0.00476	0.00590	0.02179	0.00740	0.00664
37	0.01491	0.01038	0.01191	0.01161	0.01268	0.01061	0.00753	0.09293	0.01753	0.02341	0.03190	0.21457	0.03613	0.43006	0.03103	0.00641	0.00774	0.01515	0.00647	0.00703
38	0.03316	0.02443	0.02618	0.02007	0.02705	0.02705	0.01658	0.60995	0.04101	0.05497	0.02094	0.02094	0.01483	0.01047	0.00873	0.00262	0.00960	0.00785	0.00873	0.01483
39	0.01267	0.00851	0.00976	0.00976	0.00985	0.00859	0.00559	0.01284	0.01276	0.01710	0.02726	0.05583	0.03117	0.65897	0.07813	0.00876	0.00927	0.01250	0.00525	0.00542
40	0.01395	0.01039	0.01166	0.01133	0.01340	0.01007	0.00799	0.08676	0.02031	0.02632	0.09474	0.21042	0.23256	0.18838	0.01878	0.00440	0.00619	0.01700	0.00759	0.00777
41	0.01763	0.01205	0.01397	0.01340	0.01577	0.01247	0.00982	0.16733	0.02280	0.03178	0.03554	0.35399	0.03791	0.04679	0.01212	0.03887	0.00632	0.01645	0.12596	0.00902
42	0.75506	0.01687	0.01282	0.01147	0.01687	0.01957	0.00945	0.02564	0.01484	0.03914	0.01215	0.01417	0.00945	0.00810	0.00540	0.00270	0.00675	0.00472	0.00540	0.00945
43	0.01083	0.00886	0.00956	0.00939	0.01210	0.00759	0.00704	0.01353	0.02112	0.02650	0.22893	0.07911	0.49309	0.02100	0.01030	0.00289	0.00434	0.01773	0.00849	0.00759
44	0.01521	0.01069	0.01159	0.01122	0.01418	0.01036	0.00883	0.08929	0.02196	0.03005	0.05670	0.09502	0.29037	0.01812	0.00931	0.00285	0.00550	0.09312	0.19705	0.00857
45	0.01254	0.00865	0.01079	0.01176	0.01238	0.00853	0.00813	0.01390	0.01547	0.02046	0.03698	0.21598	0.04243	0.37015	0.02852	0.00620	0.00755	0.15657	0.00663	0.00639
46	0.03258	0.04157	0.02472	0.02247	0.02697	0.65843	0.01685	0.03483	0.02472	0.02135	0.01348	0.01573	0.01124	0.00899	0.00787	0.00225	0.01573	0.00562	0.00449	0.01011
47	0.19508	0.01554	0.01958	0.02297	0.17722	0.01565	0.01420	0.02726	0.05834	0.14996	0.03640	0.06173	0.14650	0.01246	0.00836	0.00277	0.00727	0.01028	0.00706	0.01137
48	0.01106	0.00891	0.00998	0.01061	0.01308	0.00783	0.00821	0.01352	0.01953	0.02388	0.07542	0.16146	0.45356	0.02312	0.01074	0.00322	0.00518	0.12515	0.00809	0.00746
49	0.01493	0.00800	0.00860	0.00908	0.01075	0.00788	0.00657	0.01840	0.01792	0.03010	0.03308	0.18694	0.03069	0.01421	0.00728	0.00239	0.00430	0.01206	0.56894	0.00788
50	0.02056	0.03742	0.38625	0.03249	0.19155	0.09951	0.05495	0.02831	0.01967	0.02709	0.01567	0.01913	0.01188	0.00820	0.00842	0.00266	0.01267	0.00686	0.00398	0.01273
51	0.01409	0.01047	0.01140	0.01089	0.01291	0.01019	0.00752	0.08654	0.01935	0.02474	0.05171	0.13907	0.25633	0.27946	0.02332	0.00510	0.00669	0.01568	0.00709	0.00746
52	0.02433	0.03141	0.11844	0.03552	0.21377	0.22614	0.16856	0.02977	0.02141	0.02594	0.01567	0.01976	0.01247	0.00813	0.00875	0.00259	0.01351	0.00753	0.00431	0.01199
53	0.01284	0.01082	0.01252	0.06896	0.01835	0.01059	0.01025	0.01838	0.09291	0.02544	0.06869	0.07479	0.41135	0.02001	0.01028	0.00312	0.00594	0.10849	0.00781	0.00846
54	0.02104	0.43086	0.03772	0.02286	0.14907	0.02725	0.01680	0.02443	0.01779	0.02242	0.01623	0.02253	0.01512	0.01616	0.09447	0.00376	0.01137	0.03480	0.00420	0.01112
55	0.02428	0.63091	0.04354	0.01570	0.02286	0.09887	0.01512	0.02702	0.01845	0.02061	0.01227	0.01417	0.01120	0.00762	0.00583	0.00191	0.00999	0.00476	0.00381	0.01108
56	0.01748	0.01643	0.02639	0.18790	0.34112	0.01697	0.02099	0.02204	0.01930	0.02576	0.03472	0.03803	0.17333	0.01168	0.00909	0.00276	0.00913	0.01051	0.00519	0.01118
57	0.01807	0.01689	0.02616	0.03743	0.40614	0.01660	0.01970	0.02348	0.05582	0.02743	0.04005	0.04174	0.20900	0.01249	0.00917	0.00272	0.00830	0.01122	0.00577	0.01180
58	0.01563	0.09524	0.01733	0.01321	0.01587	0.01406	0.01069	0.04767	0.01672	0.02457	0.02291	0.03073	0.02026	0.04403	0.41005	0.00946	0.01694	0.00844	0.15757	0.00863

[dist]
# distance from previous block
# <min> <max>
0	1

[block]
# block no. 1 follows, 20 sequences, length 29
# corresponding to MSA columns:
# 82-110
name=unknown_B
#
# <colnr> <probs for GDERKNQSTAVLIFYWHMCP>
#	G	D	E	R	K	N	Q	S	T	A	V	L	I	F	Y	W	H	M	C	P
0	0.01513	0.01175	0.01418	0.01351	0.01634	0.01215	0.01054	0.02484	0.18761	0.03420	0.39183	0.06071	0.06278	0.01703	0.01014	0.00297	0.00540	0.08995	0.00919	0.00973
1	0.22245	0.42468	0.11761	0.01532	0.02294	0.02852	0.01575	0.02619	0.01703	0.02656	0.01261	0.01463	0.01070	0.00775	0.00590	0.00221	0.00910	0.00492	0.00418	0.01094
2	0.01259	0.00794	0.01018	0.01088	0.01105	0.00777	0.00682	0.01217	0.01373	0.01831	0.03147	0.26586	0.03650	0.29948	0.03041	0.19079	0.00707	0.01557	0.00588	0.00553
3	0.01260	0.00857	0.01005	0.00988	0.01039	0.00840	0.00602	0.01363	0.01568	0.02142	0.17888	0.05910	0.04433	0.52493	0.03589	0.00703	0.00737	0.01346	0.00636	0.00602
4	0.01123	0.00803	0.01074	0.01236	0.01325	0.00755	0.00871	0.01338	0.01823	0.02455	0.13559	0.53578	0.06063	0.02558	0.01110	0.00347	0.00522	0.07892	0.00832	0.00735
5	0.02458	0.02757	0.03626	0.04019	0.31050	0.20912	0.16866	0.02944	0.02148	0.02625	0.01585	0.02035	0.01291	0.00803	0.00882	0.00258	0.01303	0.00777	0.00439	0.01221
6	0.05946	0.02064	0.03893	0.16569	0.25051	0.02094	0.26190	0.02631	0.01942	0.02762	0.01651	0.02231	0.01292	0.00780	0.00915	0.00280	0.01219	0.00863	0.00433	0.01194
7	0.01490	0.01205	0.01306	0.01200	0.01544	0.01195	0.00922	0.07064	0.13645	0.03151	0.20889	0.06423	0.33016	0.01811	0.00990	0.00287	0.00525	0.01525	0.00867	0.00943
8	0.01063	0.00759	0.01012	0.01215	0.01265	0.00709	0.00810	0.01215	0.01670	0.02227	0.04808	0.68775	0.05769	0.02733	0.01113	0.00354	0.00506	0.02480	0.00810	0.00709
9	0.03461	0.02210	0.02474	0.01896	0.02589	0.02360	0.01567	0.47216	0.03712	0.19827	0.02421	0.02307	0.01648	0.01055	0.00874	0.00264	0.00907	0.00808	0.00923	0.01484
10	0.01246	0.00935	0.01402	0.01402	0.01558	0.01090	0.01090	0.01558	0.01402	0.02025	0.02336	0.03427	0.02181	0.06542	0.65888	0.01402	0.02336	0.00935	0.00467	0.00779
11	0.02769	0.02171	0.02310	0.01896	0.02497	0.02449	0.01526	0.34091	0.31896	0.04615	0.02789	0.02648	0.02046	0.01112	0.00880	0.00278	0.00831	0.00881	0.00880	0.01434
12	0.01063	0.00759	0.01012	0.01215	0.01265	0.00709	0.00810	0.01215	0.01670	0.02227	0.04808	0.68775	0.05769	0.02733	0.01113	0.00354	0.00506	0.02480	0.00810	0.00709
13	0.06612	0.00872	0.00845	0.00836	0.01062	0.00890	0.00632	0.02068	0.01806	0.03297	0.02735	0.03128	0.02149	0.01002	0.00605	0.00208	0.00425	0.00790	0.69217	0.00822
14	0.01031	0.00884	0.00884	0.00884	0.01178	0.00736	0.00663	0.01252	0.01988	0.02356	0.08837	0.08395	0.63549	0.02209	0.01031	0.00295	0.00442	0.01841	0.00810	0.00736
15	0.03316	0.02443	0.02618	0.02007	0.02705	0.02705	0.01658	0.60995	0.04101	0.05497	0.02094	0.02094	0.01483	0.01047	0.00873	0.00262	0.00960	0.00785	0.00873	0.01483
16	0.01083	0.00811	0.00989	0.01097	0.01227	0.00735	0.00755	0.01271	0.01814	0.02359	0.11672	0.42460	0.21654	0.06271	0.01271	0.00358	0.00498	0.02146	0.00809	0.00717
17	0.01372	0.01025	0.01417	0.05940	0.02006	0.01031	0.01375	0.01761	0.01988	0.02551	0.04978	0.09138	0.12617	0.02279	0.01159	0.00380	0.00779	0.46625	0.00776	0.00805
18	0.01153	0.00860	0.01090	0.01224	0.01382	0.00797	0.00924	0.01402	0.01889	0.02445	0.09932	0.34960	0.19789	0.02457	0.01110	0.00346	0.00558	0.16117	0.00819	0.00747
19	0.02170	0.01874	0.01972	0.01775	0.02268	0.02170	0.01381	0.04635	0.62327	0.03649	0.03550	0.03254	0.02663	0.01183	0.00888	0.00296	0.00690	0.00986	0.00888	0.01381
20	0.01268	0.00846	0.00951	0.00951	0.00951	0.00846	0.00529	0.01268	0.01268	0.01691	0.02748	0.05708	0.03171	0.69345	0.04440	0.00846	0.00846	0.01268	0.00529	0.00529
21	0.03215	0.02227	0.02443	0.01905	0.02554	0.02420	0.01560	0.51029	0.03766	0.11182	0.02423	0.06951	0.01858	0.01171	0.00890	0.00269	0.00906	0.00916	0.00889	0.01428
22	0.01399	0.00830	0.00919	0.00919	0.00984	0.00830	0.00569	0.01505	0.01440	0.02181	0.02702	0.04728	0.02767	0.43255	0.03146	0.05267	0.00699	0.01090	0.24160	0.00610
23	0.01200	0.00920	0.01114	0.01215	0.01434	0.00850	0.00976	0.01478	0.01933	0.02417	0.06440	0.14238	0.31312	0.05618	0.01277	0.00371	0.00616	0.25046	0.00793	0.00751
24	0.02274	0.02291	0.03428	0.05028	0.57483	0.08762	0.02573	0.02762	0.02037	0.02775	0.01610	0.02097	0.01355	0.00790	0.00855	0.00255	0.01093	0.00755	0.00434	0.01343
25	0.02159	0.02073	0.03541	0.05354	0.63903	0.02073	0.02677	0.02677	0.01986	0.02850	0.01641	0.02159	0.01382	0.00777	0.00864	0.00259	0.01036	0.00777	0.00432	0.01382
26	0.02159	0.02073	0.03541	0.05354	0.63903	0.02073	0.02677	0.02677	0.01986	0.02850	0.01641	0.02159	0.01382	0.00777	0.00864	0.00259	0.01036	0.00777	0.00432	0.01382
27	0.02458	0.02060	0.02217	0.02490	0.17012	0.16466	0.01565	0.02838	0.02358	0.14971	0.22119	0.03604	0.03711	0.01194	0.00902	0.00258	0.00900	0.01008	0.00735	0.01132
28	0.01890	0.01984	0.02034	0.02488	0.19289	0.16303	0.01487	0.02215	0.02149	0.02559	0.10532	0.04852	0.25861	0.01456	0.00926	0.00266	0.00871	0.01215	0.00634	0.00992

[dist]
# distance from previous block
# <min> <max>
7	17

[block]
# block no. 2 follows, 20 sequences, length 21
# corresponding to MSA columns:
# 128-148
name=unknown_C
#
# <colnr> <probs for GDERKNQSTAVLIFYWHMCP>
#	G	D	E	R	K	N	Q	S	T	A	V	L	I	F	Y	W	H	M	C	P
0	0.01783	0.02731	0.27029	0.02580	0.13218	0.01840	0.02264	0.02830	0.13617	0.02776	0.02150	0.02548	0.01712	0.02242	0.16250	0.00544	0.01377	0.00803	0.00504	0.01202
1	0.02092	0.02434	0.13567	0.03874	0.36585	0.02091	0.02411	0.03233	0.18659	0.03056	0.02156	0.02408	0.01689	0.00898	0.00864	0.00272	0.00984	0.00812	0.00547	0.01366
2	0.03292	0.03451	0.02344	0.02074	0.02570	0.48053	0.01582	0.03728	0.07555	0.14231	0.01937	0.01984	0.01453	0.00958	0.00812	0.00239	0.01339	0.00658	0.00608	0.01133
3	0.01852	0.01267	0.01563	0.01682	0.09024	0.01255	0.01107	0.02562	0.13048	0.10296	0.10440	0.04851	0.17499	0.07184	0.01191	0.00318	0.00621	0.01209	0.12008	0.01024
4	0.01397	0.01170	0.01308	0.01253	0.01570	0.01217	0.00963	0.02260	0.18546	0.02636	0.05835	0.05796	0.32171	0.02951	0.16347	0.00557	0.00959	0.01390	0.00750	0.00925
5	0.01783	0.02650	0.18969	0.01680	0.02240	0.16517	0.01610	0.02197	0.01967	0.02340	0.04156	0.08904	0.21365	0.08333	0.01267	0.00333	0.00989	0.01194	0.00574	0.00931
6	0.01388	0.01916	0.18906	0.01656	0.02110	0.01324	0.01624	0.01862	0.01510	0.02195	0.02165	0.03219	0.01983	0.11303	0.41680	0.01034	0.01896	0.00888	0.00446	0.00895
7	0.08394	0.03071	0.25265	0.10738	0.17892	0.07199	0.02500	0.09479	0.02147	0.03084	0.01596	0.01947	0.01209	0.00851	0.00819	0.00268	0.01146	0.00687	0.00465	0.01244
8	0.15351	0.03029	0.30287	0.06449	0.05932	0.02016	0.02247	0.12499	0.02175	0.03372	0.02211	0.02410	0.06455	0.00980	0.00805	0.00274	0.01029	0.00754	0.00527	0.01196
9	0.01750	0.02207	0.14812	0.11151	0.30329	0.01731	0.02277	0.02303	0.01929	0.02641	0.03319	0.03593	0.16021	0.01138	0.00897	0.00275	0.00960	0.01003	0.00504	0.01161
10	0.02149	0.02101	0.03703	0.05185	0.57910	0.02086	0.08540	0.02689	0.01994	0.02844	0.01653	0.02178	0.01376	0.00773	0.00880	0.00263	0.01080	0.00803	0.00433	0.01361
11	0.02325	0.06657	0.06969	0.04181	0.42068	0.14669	0.02380	0.02792	0.02037	0.02623	0.01581	0.02030	0.01330	0.01032	0.03421	0.00295	0.01203	0.00714	0.00429	0.01263
12	0.01966	0.01769	0.02096	0.02460	0.18952	0.06834	0.01503	0.12827	0.02464	0.03166	0.10507	0.04763	0.24240	0.01449	0.00935	0.00271	0.00791	0.01221	0.00702	0.01083
13	0.02537	0.01776	0.01967	0.01598	0.02101	0.01908	0.01292	0.34924	0.03176	0.06838	0.09790	0.03403	0.07535	0.01690	0.06388	0.00356	0.00897	0.00982	0.09637	0.01207
14	0.01142	0.00887	0.01056	0.01143	0.01357	0.00801	0.00884	0.01405	0.01958	0.02466	0.10584	0.21328	0.33539	0.02340	0.01090	0.00332	0.00541	0.15577	0.00818	0.00752
15	0.01686	0.01552	0.01541	0.01497	0.01716	0.13748	0.01149	0.01992	0.01663	0.02194	0.02204	0.03043	0.01980	0.04774	0.45306	0.01028	0.01956	0.00847	0.09298	0.00828
16	0.02823	0.08055	0.02905	0.02993	0.18311	0.40979	0.01941	0.03124	0.02224	0.02310	0.01400	0.01733	0.01191	0.00899	0.00928	0.00241	0.05775	0.00624	0.00435	0.01110
17	0.01157	0.00799	0.00984	0.01094	0.01122	0.00771	0.00681	0.01239	0.01486	0.01982	0.03865	0.39916	0.04580	0.33214	0.02635	0.00579	0.00661	0.01925	0.00681	0.00626
18	0.01088	0.00802	0.00972	0.01094	0.01195	0.00737	0.00730	0.01232	0.01681	0.02172	0.05433	0.44416	0.19035	0.13237	0.01625	0.00419	0.00545	0.02135	0.00765	0.00686
19	0.01152	0.01061	0.00970	0.00957	0.01260	0.04262	0.00718	0.01373	0.02014	0.02344	0.08431	0.08025	0.60168	0.02138	0.01018	0.00291	0.00503	0.01772	0.00790	0.00751
20	0.08066	0.02242	0.12120	0.29431	0.04643	0.02081	0.19288	0.02488	0.01799	0.02603	0.01558	0.02158	0.01181	0.00867	0.01022	0.00294	0.05870	0.00804	0.00413	0.01072

[dist]
# distance from previous block
# <min> <max>
0	1

[block]
# block no. 3 follows, 20 sequences, length 36
# corresponding to MSA columns:
# 150-185
name=unknown_D
#
# <colnr> <probs for GDERKNQSTAVLIFYWHMCP>
#	G	D	E	R	K	N	Q	S	T	A	V	L	I	F	Y	W	H	M	C	P
0	0.03042	0.02315	0.02635	0.07172	0.06819	0.02572	0.01763	0.49198	0.07522	0.04962	0.02117	0.02190	0.01528	0.01025	0.00873	0.00266	0.00963	0.00797	0.00809	0.01431
1	0.01647	0.01550	0.02616	0.67248	0.06008	0.01938	0.02422	0.02229	0.01744	0.02229	0.01550	0.02326	0.01163	0.00872	0.00872	0.00291	0.01163	0.00775	0.00388	0.00969
2	0.01195	0.00832	0.01033	0.01075	0.01151	0.00797	0.00701	0.01361	0.01742	0.02382	0.21008	0.25510	0.05446	0.29064	0.02417	0.00527	0.00614	0.01734	0.00741	0.00670
3	0.01826	0.00962	0.01292	0.01291	0.01521	0.00870	0.00935	0.02052	0.01965	0.18658	0.10244	0.45395	0.05067	0.02206	0.01043	0.00324	0.00559	0.01971	0.00895	0.00923
4	0.01717	0.01546	0.02048	0.01703	0.02035	0.01729	0.01385	0.02011	0.01532	0.02366	0.01576	0.02222	0.01441	0.02353	0.16625	0.00522	0.26966	0.00709	0.00453	0.29062
5	0.01244	0.00835	0.00959	0.00983	0.00989	0.00829	0.00562	0.01262	0.01317	0.01756	0.02996	0.13294	0.03484	0.61332	0.04040	0.00787	0.00805	0.01414	0.00562	0.00550
6	0.75506	0.01687	0.01282	0.01147	0.01687	0.01957	0.00945	0.02564	0.01484	0.03914	0.01215	0.01417	0.00945	0.00810	0.00540	0.00270	0.00675	0.00472	0.00540	0.00945
7	0.01059	0.00885	0.00923	0.00914	0.01196	0.00748	0.00685	0.01307	0.02055	0.02516	0.16466	0.08132	0.55821	0.02150	0.01031	0.00292	0.00438	0.01804	0.00831	0.00748
8	0.03914	0.01484	0.02024	0.01552	0.02227	0.01282	0.01282	0.04251	0.02497	0.64507	0.03441	0.02969	0.02159	0.01080	0.00877	0.00270	0.00742	0.00877	0.01080	0.01484
9	0.01268	0.00846	0.00951	0.00951	0.00951	0.00846	0.00529	0.01268	0.01268	0.01691	0.02748	0.05708	0.03171	0.69345	0.04440	0.00846	0.00846	0.01268	0.00529	0.00529
10	0.01203	0.00906	0.01059	0.01106	0.01296	0.00840	0.00836	0.01431	0.01852	0.02346	0.10388	0.07967	0.29120	0.18790	0.01917	0.00457	0.00634	0.16391	0.00750	0.00709
11	0.01266	0.00856	0.01005	0.01005	0.01024	0.00875	0.00596	0.01303	0.01285	0.01731	0.02699	0.05434	0.03052	0.61808	0.11814	0.00912	0.01025	0.01228	0.00521	0.00559
12	0.75506	0.01687	0.01282	0.01147	0.01687	0.01957	0.00945	0.02564	0.01484	0.03914	0.01215	0.01417	0.00945	0.00810	0.00540	0.00270	0.00675	0.00472	0.00540	0.00945
13	0.03033	0.01430	0.01846	0.01564	0.02105	0.01347	0.01289	0.03719	0.12010	0.40355	0.03943	0.04535	0.05831	0.01395	0.00946	0.00299	0.00730	0.11331	0.00985	0.01307
14	0.01310	0.01060	0.01142	0.01072	0.01387	0.00991	0.00818	0.05399	0.06828	0.02919	0.20652	0.07168	0.42156	0.01959	0.01009	0.00288	0.00487	0.01648	0.00855	0.00853
15	0.57698	0.01873	0.01612	0.01359	0.01938	0.02141	0.01121	0.16978	0.02130	0.04304	0.01432	0.01584	0.01078	0.00868	0.00622	0.00268	0.00745	0.00550	0.00622	0.01078
16	0.02170	0.01874	0.01972	0.01775	0.02268	0.02170	0.01381	0.04635	0.62327	0.03649	0.03550	0.03254	0.02663	0.01183	0.00888	0.00296	0.00690	0.00986	0.00888	0.01381
17	0.01092	0.00853	0.00991	0.01026	0.01233	0.00752	0.00743	0.01344	0.02030	0.02619	0.21964	0.23715	0.34054	0.02236	0.01052	0.00305	0.00451	0.01940	0.00849	0.00752
18	0.01091	0.00886	0.00967	0.00947	0.01215	0.00762	0.00710	0.01369	0.02131	0.02694	0.24996	0.07839	0.47179	0.02083	0.01030	0.00289	0.00433	0.01763	0.00854	0.00762
19	0.75506	0.01687	0.01282	0.01147	0.01687	0.01957	0.00945	0.02564	0.01484	0.03914	0.01215	0.01417	0.00945	0.00810	0.00540	0.00270	0.00675	0.00472	0.00540	0.00945
20	0.57185	0.01491	0.01253	0.01135	0.01592	0.01677	0.00915	0.02338	0.01727	0.03811	0.16565	0.02675	0.02742	0.01050	0.00660	0.00271	0.00610	0.00745	0.00644	0.00915
21	0.01183	0.00890	0.01038	0.01020	0.01264	0.00797	0.00778	0.01512	0.02193	0.02937	0.32450	0.07325	0.31314	0.01957	0.01014	0.00287	0.00449	0.05262	0.05544	0.00784
22	0.01547	0.01125	0.01293	0.01268	0.01562	0.01100	0.00964	0.05034	0.10924	0.06728	0.08308	0.22691	0.25399	0.02061	0.01027	0.00315	0.00569	0.06320	0.00848	0.00919
23	0.03316	0.02443	0.02618	0.02007	0.02705	0.02705	0.01658	0.60995	0.04101	0.05497	0.02094	0.02094	0.01483	0.01047	0.00873	0.00262	0.00960	0.00785	0.00873	0.01483
24	0.01246	0.00935	0.01402	0.01402	0.01558	0.01090	0.01090	0.01558	0.01402	0.02025	0.02336	0.03427	0.02181	0.06542	0.65888	0.01402	0.02336	0.00935	0.00467	0.00779
25	0.01447	0.01297	0.01897	0.01688	0.01875	0.01539	0.05056	0.01736	0.01590	0.02226	0.05872	0.04061	0.14616	0.03620	0.27346	0.00759	0.20891	0.01103	0.00532	0.00849
26	0.01164	0.00902	0.01074	0.01184	0.01342	0.00860	0.00828	0.01562	0.07747	0.02401	0.05734	0.46559	0.20527	0.02443	0.01070	0.00333	0.00508	0.02166	0.00817	0.00782
27	0.01440	0.01219	0.01285	0.01211	0.01562	0.01231	0.00925	0.02443	0.22437	0.02930	0.13603	0.06432	0.36334	0.01811	0.00982	0.00293	0.00522	0.01520	0.00854	0.00965
28	0.02215	0.02180	0.03486	0.05194	0.60756	0.05351	0.02626	0.02718	0.02011	0.02813	0.01626	0.02129	0.01368	0.00783	0.00860	0.00257	0.01064	0.00766	0.00433	0.01363
29	0.01644	0.01408	0.01912	0.18700	0.02845	0.01650	0.01511	0.02101	0.05630	0.05847	0.04391	0.04573	0.24487	0.01562	0.01423	0.00314	0.17267	0.01187	0.00614	0.00934
30	0.01122	0.00869	0.00910	0.00910	0.01092	0.00778	0.00611	0.01258	0.01713	0.02102	0.06512	0.07369	0.40496	0.27843	0.02332	0.00505	0.00596	0.01622	0.00703	0.00657
31	0.01255	0.00854	0.01017	0.01028	0.01052	0.00873	0.00621	0.01306	0.01308	0.01765	0.02797	0.08634	0.03167	0.57143	0.12854	0.00898	0.01036	0.01284	0.00534	0.00573
32	0.01809	0.02061	0.06393	0.01589	0.01943	0.16193	0.01288	0.02364	0.09281	0.02570	0.10389	0.18121	0.15891	0.01712	0.01046	0.00292	0.04019	0.01409	0.00697	0.00933
33	0.01583	0.01548	0.02579	0.02798	0.20367	0.01444	0.14118	0.02002	0.02003	0.02595	0.05204	0.05265	0.31925	0.01472	0.00981	0.00284	0.00837	0.01354	0.00620	0.01021
34	0.02853	0.11102	0.05710	0.02182	0.02628	0.45064	0.01775	0.03115	0.02170	0.02149	0.01309	0.01624	0.01126	0.00986	0.01118	0.00250	0.12798	0.00590	0.00426	0.01027
35	0.06313	0.22430	0.08231	0.02485	0.12707	0.25875	0.01867	0.03051	0.05010	0.02445	0.01476	0.01716	0.01230	0.00839	0.00730	0.00229	0.01189	0.00593	0.00444	0.01141

[dist]
# distance from previous block
# <min> <max>
4	6

[block]
# block no. 4 follows, 20 sequences, length 60
# corresponding to MSA columns:
# 192-251
name=unknown_E
#
# <colnr> <probs for GDERKNQSTAVLIFYWHMCP>
#	G	D	E	R	K	N	Q	S	T	A	V	L	I	F	Y	W	H	M	C	P
0	0.01768	0.02493	0.19719	0.01838	0.02409	0.09297	0.01777	0.02629	0.12437	0.02570	0.02745	0.09219	0.04980	0.02720	0.18800	0.00592	0.01393	0.01006	0.00559	0.01050
1	0.01464	0.01166	0.01749	0.16209	0.02627	0.01380	0.01424	0.05385	0.01646	0.02285	0.02145	0.03097	0.01909	0.04930	0.47283	0.01082	0.01988	0.00890	0.00474	0.00865
2	0.01063	0.00759	0.01012	0.01215	0.01265	0.00709	0.00810	0.01215	0.01670	0.02227	0.04808	0.68775	0.05769	0.02733	0.01113	0.00354	0.00506	0.02480	0.00810	0.00709
3	0.02042	0.01953	0.03329	0.19540	0.50634	0.02042	0.02619	0.02574	0.01931	0.02707	0.01620	0.02197	0.01332	0.00799	0.00866	0.00266	0.01065	0.00777	0.00422	0.01287
4	0.02471	0.02602	0.03062	0.12504	0.35249	0.19671	0.02302	0.06735	0.02229	0.02747	0.01578	0.02015	0.01288	0.00841	0.00844	0.00254	0.01196	0.00718	0.00460	0.01232
5	0.02559	0.02214	0.02046	0.01703	0.02217	0.12636	0.01356	0.31520	0.03092	0.03871	0.03841	0.03819	0.18568	0.01656	0.04606	0.00330	0.00998	0.01047	0.00761	0.01158
6	0.02248	0.01341	0.01644	0.01440	0.01857	0.01343	0.01136	0.03227	0.19585	0.20314	0.27044	0.04759	0.04815	0.01447	0.00955	0.00285	0.00601	0.03829	0.00965	0.01164
7	0.02472	0.01444	0.01568	0.01305	0.01732	0.01508	0.01044	0.22197	0.02676	0.11390	0.02664	0.02827	0.01973	0.01034	0.00731	0.00231	0.00634	0.00811	0.40638	0.01120
8	0.01626	0.00813	0.00813	0.00813	0.01016	0.00813	0.00610	0.02033	0.01829	0.03252	0.02846	0.03252	0.02236	0.01016	0.00610	0.00203	0.00407	0.00813	0.74187	0.00813
9	0.01242	0.00835	0.00959	0.00985	0.00991	0.00828	0.00564	0.01262	0.01320	0.01760	0.03011	0.13747	0.03502	0.60854	0.04016	0.00783	0.00802	0.01423	0.00564	0.00551
10	0.01154	0.00894	0.01054	0.01028	0.01273	0.00794	0.00781	0.01481	0.02236	0.02955	0.36663	0.07500	0.32318	0.02000	0.01038	0.00289	0.00444	0.04427	0.00887	0.00784
11	0.03487	0.02169	0.02448	0.01877	0.02568	0.02298	0.01550	0.44757	0.03642	0.22384	0.02480	0.02345	0.01677	0.01056	0.00874	0.00264	0.00898	0.00812	0.00932	0.01484
12	0.02170	0.01874	0.01972	0.01775	0.02268	0.02170	0.01381	0.04635	0.62327	0.03649	0.03550	0.03254	0.02663	0.01183	0.00888	0.00296	0.00690	0.00986	0.00888	0.01381
13	0.01246	0.00935	0.01402	0.01402	0.01558	0.01090	0.01090	0.01558	0.01402	0.02025	0.02336	0.03427	0.02181	0.06542	0.65888	0.01402	0.02336	0.00935	0.00467	0.00779
14	0.01031	0.00884	0.00884	0.00884	0.01178	0.00736	0.00663	0.01252	0.01988	0.02356	0.08837	0.08395	0.63549	0.02209	0.01031	0.00295	0.00442	0.01841	0.00810	0.00736
15	0.75506	0.01687	0.01282	0.01147	0.01687	0.01957	0.00945	0.02564	0.01484	0.03914	0.01215	0.01417	0.00945	0.00810	0.00540	0.00270	0.00675	0.00472	0.00540	0.00945
16	0.75506	0.01687	0.01282	0.01147	0.01687	0.01957	0.00945	0.02564	0.01484	0.03914	0.01215	0.01417	0.00945	0.00810	0.00540	0.00270	0.00675	0.00472	0.00540	0.00945
17	0.01399	0.01126	0.01559	0.01475	0.01553	0.01374	0.01117	0.01598	0.01350	0.01949	0.02186	0.03719	0.02224	0.22738	0.34975	0.01022	0.16433	0.00989	0.00465	0.00749
18	0.01031	0.00884	0.00884	0.00884	0.01178	0.00736	0.00663	0.01252	0.01988	0.02356	0.08837	0.08395	0.63549	0.02209	0.01031	0.00295	0.00442	0.01841	0.00810	0.00736
19	0.03258	0.04157	0.02472	0.02247	0.02697	0.65843	0.01685	0.03483	0.02472	0.02135	0.01348	0.01573	0.01124	0.00899	0.00787	0.00225	0.01573	0.00562	0.00449	0.01011
20	0.01223	0.00826	0.00965	0.01010	0.01021	0.00815	0.00591	0.01257	0.01358	0.01810	0.03205	0.19696	0.03747	0.54571	0.03702	0.00737	0.00770	0.01537	0.00591	0.00568
21	0.01089	0.00886	0.00964	0.00945	0.01214	0.00761	0.00709	0.01365	0.02126	0.02683	0.24463	0.07857	0.47719	0.02087	0.01030	0.00289	0.00433	0.01766	0.00853	0.00761
22	0.01750	0.04512	0.64825	0.02486	0.03775	0.02026	0.03223	0.02762	0.01842	0.02762	0.01565	0.01842	0.01105	0.00829	0.00829	0.00276	0.01289	0.00645	0.00368	0.01289
23	0.01189	0.00890	0.01103	0.01050	0.01275	0.00804	0.00787	0.01559	0.02362	0.03245	0.51332	0.06932	0.20499	0.01878	0.01029	0.00279	0.00418	0.01636	0.00927	0.00804
24	0.03660	0.01891	0.02276	0.01745	0.02429	0.01885	0.01441	0.28281	0.03176	0.39518	0.02871	0.02599	0.01873	0.01066	0.00875	0.00266	0.00834	0.00838	0.00992	0.01484
25	0.02203	0.55374	0.17934	0.01713	0.02580	0.03135	0.01876	0.02645	0.01788	0.02210	0.01291	0.01497	0.01116	0.00765	0.00619	0.00206	0.01012	0.00506	0.00372	0.01157
26	0.01313	0.00945	0.01205	0.01330	0.01457	0.00930	0.00951	0.07011	0.01937	0.02579	0.04528	0.56498	0.05283	0.02539	0.01099	0.00350	0.00579	0.07857	0.00815	0.00792
27	0.01063	0.00759	0.01012	0.01215	0.01265	0.00709	0.00810	0.01215	0.01670	0.02227	0.04808	0.68775	0.05769	0.02733	0.01113	0.00354	0.00506	0.02480	0.00810	0.00709
28	0.03202	0.02930	0.02581	0.02737	0.16137	0.33225	0.01790	0.03524	0.02371	0.20142	0.02012	0.02102	0.01477	0.00924	0.00830	0.00245	0.01216	0.00700	0.00626	0.01229
29	0.01134	0.00831	0.01069	0.01159	0.01298	0.00766	0.00830	0.01393	0.01987	0.02678	0.24349	0.37898	0.13488	0.02343	0.01081	0.00324	0.00485	0.05274	0.00858	0.00755
30	0.03054	0.19180	0.02995	0.02018	0.02591	0.37560	0.01634	0.15728	0.02661	0.02843	0.01478	0.01645	0.01201	0.00895	0.00752	0.00224	0.01290	0.00588	0.00523	0.01139
31	0.06231	0.02358	0.01898	0.01729	0.02179	0.20294	0.01326	0.03628	0.31735	0.03011	0.03670	0.03527	0.12270	0.01252	0.00864	0.00274	0.00903	0.00979	0.00730	0.01143
32	0.01701	0.01423	0.04862	0.01514	0.01837	0.01360	0.01183	0.02771	0.24273	0.06944	0.04075	0.36441	0.04123	0.01944	0.00998	0.00323	0.00632	0.01719	0.00833	0.01041
33	0.01926	0.02966	0.36616	0.01978	0.02822	0.01537	0.02230	0.02588	0.01905	0.13059	0.02776	0.20479	0.02569	0.01396	0.00915	0.00297	0.00981	0.01190	0.00610	0.01162
34	0.01901	0.01809	0.03074	0.36597	0.34679	0.02005	0.02549	0.02451	0.01864	0.02536	0.01595	0.02243	0.01271	0.00825	0.00868	0.00275	0.01100	0.00776	0.00409	0.01173
35	0.03258	0.04157	0.02472	0.02247	0.02697	0.65843	0.01685	0.03483	0.02472	0.02135	0.01348	0.01573	0.01124	0.00899	0.00787	0.00225	0.01573	0.00562	0.00449	0.01011
36	0.07781	0.02396	0.02535	0.01954	0.02642	0.02659	0.01614	0.57380	0.03939	0.05399	0.02040	0.02052	0.01450	0.01032	0.00852	0.00262	0.00942	0.00766	0.00852	0.01450
37	0.01174	0.00919	0.01083	0.01128	0.01380	0.00828	0.00904	0.01480	0.02078	0.02630	0.17234	0.08478	0.37070	0.02192	0.01080	0.00322	0.00540	0.17874	0.00834	0.00771
38	0.01268	0.00846	0.00951	0.00951	0.00951	0.00846	0.00529	0.01268	0.01268	0.01691	0.02748	0.05708	0.03171	0.69345	0.04440	0.00846	0.00846	0.01268	0.00529	0.00529
39	0.01064	0.00877	0.00935	0.00938	0.01203	0.00748	0.00697	0.01310	0.02041	0.02522	0.16920	0.12141	0.51229	0.02179	0.01036	0.00295	0.00441	0.01843	0.00833	0.00748
40	0.01063	0.00759	0.01012	0.01215	0.01265	0.00709	0.00810	0.01215	0.01670	0.02227	0.04808	0.68775	0.05769	0.02733	0.01113	0.00354	0.00506	0.02480	0.00810	0.00709
41	0.02332	0.69869	0.04571	0.01493	0.02239	0.03451	0.01493	0.02612	0.01772	0.02052	0.01213	0.01399	0.01119	0.00746	0.00560	0.00187	0.00933	0.00466	0.00373	0.01119
42	0.02332	0.69869	0.04571	0.01493	0.02239	0.03451	0.01493	0.02612	0.01772	0.02052	0.01213	0.01399	0.01119	0.00746	0.00560	0.00187	0.00933	0.00466	0.00373	0.01119
43	0.01214	0.00878	0.01104	0.01227	0.01356	0.00839	0.00915	0.01424	0.01744	0.02254	0.04970	0.25544	0.14710	0.17313	0.01867	0.00468	0.00667	0.20055	0.00745	0.00704
44	0.01259	0.00841	0.00954	0.00964	0.00967	0.00839	0.00542	0.01266	0.01288	0.01717	0.02848	0.08761	0.03297	0.66120	0.04279	0.00822	0.00829	0.01327	0.00542	0.00537
45	0.02170	0.01874	0.01972	0.01775	0.02268	0.02170	0.01381	0.04635	0.62327	0.03649	0.03550	0.03254	0.02663	0.01183	0.00888	0.00296	0.00690	0.00986	0.00888	0.01381
46	0.03262	0.04043	0.02482	0.02231	0.02697	0.61625	0.01684	0.07325	0.02581	0.02359	0.01398	0.01608	0.01148	0.00909	0.00792	0.00227	0.01532	0.00577	0.00478	0.01043
47	0.01050	0.00808	0.00961	0.01084	0.01231	0.00720	0.00752	0.01229	0.01796	0.02278	0.06403	0.44860	0.28654	0.02525	0.01081	0.00331	0.00481	0.02227	0.00810	0.00720
48	0.01257	0.00841	0.00955	0.00967	0.00969	0.00838	0.00545	0.01265	0.01292	0.01722	0.02867	0.09347	0.03321	0.65501	0.04248	0.00817	0.00826	0.01338	0.00545	0.00539
49	0.01063	0.00759	0.01012	0.01215	0.01265	0.00709	0.00810	0.01215	0.01670	0.02227	0.04808	0.68775	0.05769	0.02733	0.01113	0.00354	0.00506	0.02480	0.00810	0.00709
50	0.01395	0.01054	0.01343	0.01440	0.01686	0.01049	0.01209	0.01965	0.07847	0.02767	0.11935	0.08580	0.15249	0.02186	0.01124	0.00359	0.00686	0.36447	0.00830	0.00849
51	0.01538	0.01259	0.01420	0.01417	0.01749	0.01309	0.01144	0.02579	0.22500	0.02877	0.05694	0.07109	0.24174	0.01925	0.01038	0.00329	0.00642	0.19488	0.00834	0.00977
52	0.01063	0.00759	0.01012	0.01215	0.01265	0.00709	0.00810	0.01215	0.01670	0.02227	0.04808	0.68775	0.05769	0.02733	0.01113	0.00354	0.00506	0.02480	0.00810	0.00709
53	0.01809	0.01550	0.01809	0.01292	0.02067	0.01163	0.01034	0.02196	0.01809	0.02842	0.01550	0.01809	0.01292	0.00646	0.00646	0.00129	0.00646	0.00517	0.00517	0.74677
54	0.01061	0.00765	0.01006	0.01198	0.01261	0.00710	0.00802	0.01216	0.01686	0.02233	0.05014	0.65678	0.08733	0.02706	0.01109	0.00351	0.00503	0.02447	0.00810	0.00710
55	0.01418	0.00803	0.00972	0.00991	0.01052	0.00798	0.00643	0.01436	0.01424	0.02122	0.02620	0.10210	0.02689	0.25144	0.02770	0.21733	0.00667	0.01113	0.20812	0.00581
56	0.02159	0.02073	0.03541	0.05354	0.63903	0.02073	0.02677	0.02677	0.01986	0.02850	0.01641	0.02159	0.01382	0.00777	0.00864	0.00259	0.01036	0.00777	0.00432	0.01382
57	0.02556	0.02911	0.02795	0.03227	0.22696	0.30606	0.02014	0.02876	0.02061	0.02358	0.01468	0.01929	0.01273	0.01289	0.04916	0.00330	0.12464	0.00688	0.00433	0.01110
58	0.01397	0.00957	0.01384	0.01341	0.01538	0.01040	0.01040	0.01733	0.01709	0.05968	0.16359	0.04106	0.03561	0.05140	0.47319	0.01079	0.01805	0.01078	0.00615	0.00830
59	0.27742	0.01594	0.01532	0.01322	0.01782	0.01767	0.01060	0.15510	0.08317	0.04048	0.09075	0.02728	0.02344	0.01055	0.00719	0.00257	0.00652	0.00792	0.16638	0.01065

[dist]
# distance from previous block
# <min> <max>
0	6

[block]
# block no. 5 follows, 20 sequences, length 13
# corresponding to MSA columns:
# 258-270
name=unknown_F
#
# <colnr> <probs for GDERKNQSTAVLIFYWHMCP>
#	G	D	E	R	K	N	Q	S	T	A	V	L	I	F	Y	W	H	M	C	P
0	0.02500	0.02948	0.02440	0.05548	0.02702	0.37400	0.06044	0.02791	0.02072	0.02171	0.01715	0.05335	0.01556	0.02020	0.12406	0.00460	0.07682	0.00786	0.00460	0.00961
1	0.22141	0.13038	0.02263	0.01615	0.02111	0.22759	0.01304	0.07192	0.02223	0.03096	0.12213	0.02409	0.02346	0.01017	0.00734	0.00242	0.00982	0.00718	0.00584	0.01014
2	0.02375	0.20315	0.19887	0.02643	0.13573	0.18757	0.02208	0.02985	0.04951	0.02481	0.01531	0.01786	0.01238	0.00834	0.00759	0.00238	0.01199	0.00618	0.00427	0.01196
3	0.02233	0.02636	0.11505	0.02333	0.09899	0.16075	0.01850	0.06327	0.10446	0.02898	0.02361	0.03423	0.02089	0.01151	0.00875	0.00266	0.01048	0.10720	0.00591	0.11272
4	0.01495	0.01702	0.12445	0.01492	0.01962	0.01179	0.01330	0.06179	0.01929	0.02693	0.03643	0.35597	0.07143	0.01840	0.00950	0.00287	0.00700	0.01615	0.00681	0.15138
5	0.02259	0.02460	0.10259	0.02171	0.02747	0.12937	0.14755	0.10535	0.02252	0.06049	0.04897	0.06264	0.02217	0.14428	0.01605	0.00384	0.01141	0.01002	0.00585	0.01054
6	0.02728	0.11792	0.02968	0.02640	0.16258	0.13524	0.01792	0.22695	0.02744	0.03520	0.01675	0.01887	0.01324	0.00871	0.00785	0.00228	0.01042	0.00668	0.00588	0.10272
7	0.01378	0.01041	0.01196	0.01170	0.01408	0.00998	0.00855	0.08866	0.02202	0.02877	0.15954	0.25924	0.24760	0.05786	0.01221	0.00335	0.00544	0.01829	0.00829	0.00826
8	0.02193	0.02833	0.10746	0.13414	0.03077	0.26592	0.01847	0.02595	0.02071	0.02379	0.07879	0.10747	0.02409	0.01250	0.01029	0.00276	0.06198	0.00967	0.00518	0.00981
9	0.15224	0.02349	0.10691	0.05850	0.09244	0.08238	0.01750	0.03424	0.18055	0.10942	0.02296	0.02366	0.01696	0.00961	0.00795	0.00271	0.00919	0.00754	0.02948	0.01227
10	0.02837	0.11717	0.02990	0.02593	0.14592	0.08587	0.01811	0.30655	0.08880	0.04009	0.01956	0.02075	0.01494	0.00952	0.00821	0.00251	0.01003	0.00739	0.00679	0.01359
11	0.01786	0.03034	0.31717	0.02412	0.03312	0.01875	0.15422	0.02831	0.10289	0.03020	0.12709	0.02968	0.02614	0.01023	0.00917	0.00283	0.01094	0.00941	0.00559	0.01195
12	0.01957	0.01716	0.05894	0.02182	0.10632	0.01574	0.09534	0.12465	0.02383	0.03457	0.11301	0.03582	0.07783	0.01147	0.00855	0.00256	0.00791	0.01016	0.20394	0.01081

[dist]
# distance from previous block
# <min> <max>
0	18

[block]
# block no. 6 follows, 20 sequences, length 37
# corresponding to MSA columns:
# 289-325
name=unknown_G
#
# <colnr> <probs for GDERKNQSTAVLIFYWHMCP>
#	G	D	E	R	K	N	Q	S	T	A	V	L	I	F	Y	W	H	M	C	P
0	0.11949	0.31852	0.03400	0.02255	0.11688	0.17589	0.01669	0.02793	0.01909	0.02436	0.01306	0.01584	0.01139	0.00835	0.00775	0.00227	0.04515	0.00552	0.00422	0.01103
1	0.02141	0.08405	0.25613	0.01925	0.02702	0.06597	0.02005	0.16103	0.02465	0.03316	0.10477	0.02994	0.04819	0.05400	0.01078	0.00298	0.01022	0.00872	0.00601	0.01167
2	0.01609	0.01992	0.12157	0.06397	0.02635	0.06028	0.10010	0.02204	0.06718	0.02491	0.03453	0.27619	0.07039	0.04188	0.01115	0.00329	0.00916	0.01515	0.00627	0.00958
3	0.06068	0.02541	0.02088	0.14443	0.02934	0.26871	0.01548	0.10099	0.02379	0.02729	0.03227	0.03373	0.15758	0.01215	0.00859	0.00261	0.01105	0.00926	0.00581	0.00996
4	0.01647	0.02291	0.22053	0.01885	0.05315	0.01495	0.01777	0.09528	0.02063	0.02832	0.03555	0.19656	0.11154	0.05176	0.05225	0.00394	0.00968	0.01338	0.00621	0.01029
5	0.02778	0.02861	0.02995	0.02598	0.07336	0.30150	0.15806	0.03181	0.02341	0.11354	0.08098	0.02505	0.02062	0.00967	0.00888	0.00255	0.01273	0.00838	0.00588	0.01126
6	0.01933	0.01651	0.02117	0.02460	0.16979	0.05621	0.01539	0.12438	0.02269	0.03069	0.10329	0.13136	0.03124	0.02608	0.16116	0.00541	0.01199	0.01165	0.00645	0.01060
7	0.06144	0.25009	0.03140	0.10302	0.02813	0.18278	0.01695	0.02655	0.01841	0.02234	0.01290	0.01681	0.01129	0.00954	0.01116	0.00250	0.14371	0.00591	0.00410	0.04098
8	0.02683	0.02664	0.02350	0.12145	0.08606	0.29943	0.01724	0.03105	0.04447	0.10992	0.05461	0.02434	0.01852	0.01426	0.06092	0.00345	0.01308	0.00763	0.00573	0.01089
9	0.02032	0.32869	0.34318	0.02249	0.07234	0.02651	0.02430	0.02691	0.01821	0.02458	0.01417	0.01670	0.01130	0.00789	0.00714	0.00236	0.01116	0.00576	0.00375	0.01221
10	0.01767	0.04387	0.61362	0.02555	0.03821	0.02036	0.06560	0.02764	0.01854	0.02764	0.01577	0.01871	0.01118	0.00823	0.00840	0.00277	0.01300	0.00667	0.00373	0.01283
11	0.01807	0.02189	0.14369	0.02376	0.13984	0.01773	0.01814	0.03069	0.24255	0.03007	0.04089	0.04024	0.16980	0.01287	0.00906	0.00285	0.00813	0.01088	0.00680	0.01206
12	0.02029	0.02131	0.07129	0.14992	0.25318	0.02091	0.11622	0.03100	0.16680	0.02920	0.02106	0.02467	0.01629	0.00890	0.00895	0.00280	0.01060	0.00860	0.00533	0.01270
13	0.01841	0.01782	0.02771	0.23815	0.17831	0.02203	0.02193	0.02235	0.01650	0.02329	0.01761	0.02413	0.04209	0.01174	0.01668	0.00320	0.27519	0.00822	0.00416	0.01048
14	0.01063	0.00759	0.01012	0.01215	0.01265	0.00709	0.00810	0.01215	0.01670	0.02227	0.04808	0.68775	0.05769	0.02733	0.01113	0.00354	0.00506	0.02480	0.00810	0.00709
15	0.01065	0.00854	0.00951	0.00992	0.01215	0.00741	0.00719	0.01293	0.01972	0.02471	0.14826	0.22898	0.42377	0.02283	0.01051	0.00307	0.00454	0.01963	0.00829	0.00741
