[name]
unknown

[dist]
# distance from previous block
# <min> <max>
0	3

[block]
# block no. 0 follows, 22 sequences, length 31
# corresponding to MSA columns:
# 3-33
name=unknown_A
#
# <colnr> <probs for GDERKNQSTAVLIFYWHMCP>
#	G	D	E	R	K	N	Q	S	T	A	V	L	I	F	Y	W	H	M	C	P
0	0.01339	0.00956	0.01339	0.01530	0.01721	0.00956	0.01339	0.01721	0.01912	0.02486	0.04399	0.09371	0.04781	0.02295	0.01147	0.00382	0.00765	0.60031	0.00765	0.00765
1	0.02910	0.03000	0.02608	0.02662	0.15351	0.32068	0.01788	0.23461	0.02790	0.03263	0.01583	0.01780	0.01237	0.00881	0.00792	0.00233	0.01195	0.00649	0.00562	0.01188
2	0.17959	0.01469	0.01283	0.01138	0.01504	0.08726	0.00890	0.02307	0.01745	0.05506	0.02020	0.02309	0.01590	0.00891	0.00684	0.00210	0.03324	0.00643	0.35645	0.10158
3	0.05832	0.10427	0.06974	0.01474	0.01997	0.01767	0.01293	0.09659	0.15652	0.10425	0.18780	0.03562	0.06346	0.01198	0.00824	0.00254	0.00685	0.00978	0.00762	0.01113
4	0.01599	0.01251	0.01367	0.01295	0.01591	0.01320	0.00964	0.09182	0.20259	0.02909	0.04524	0.21477	0.16646	0.06762	0.01162	0.00326	0.00589	0.01470	0.04363	0.00945
5	0.01012	0.00723	0.00964	0.01157	0.01205	0.00675	0.00771	0.01157	0.01591	0.02121	0.04579	0.70262	0.05495	0.02603	0.01060	0.00337	0.00482	0.02362	0.00771	0.00675
6	0.02001	0.02251	0.01690	0.01595	0.01895	0.30641	0.01209	0.02243	0.01903	0.02039	0.03060	0.03434	0.14439	0.02994	0.24208	0.00621	0.01535	0.00906	0.00504	0.00832
7	0.76672	0.01607	0.01221	0.01092	0.01607	0.01864	0.00900	0.02442	0.01414	0.03727	0.01157	0.01350	0.00900	0.00771	0.00514	0.00257	0.00643	0.00450	0.00514	0.00900
8	0.01416	0.01267	0.01976	0.01767	0.01920	0.01519	0.07364	0.01688	0.01431	0.02062	0.02310	0.16311	0.02395	0.03522	0.28126	0.00738	0.21738	0.01149	0.00484	0.00816
9	0.01669	0.02206	0.18038	0.01681	0.02339	0.06147	0.04144	0.02172	0.01686	0.02454	0.01739	0.02216	0.01447	0.02173	0.18243	0.00494	0.01277	0.00666	0.04531	0.24678
10	0.01066	0.00810	0.00982	0.01013	0.01193	0.00726	0.00732	0.01328	0.01982	0.02630	0.29343	0.25583	0.25412	0.02093	0.01004	0.00290	0.00428	0.01834	0.00827	0.00726
11	0.03337	0.01818	0.02156	0.01662	0.02294	0.01840	0.01369	0.31677	0.03098	0.34441	0.05618	0.02595	0.02028	0.01045	0.00840	0.00254	0.00790	0.00826	0.00930	0.01383
12	0.02104	0.03719	0.47706	0.02234	0.03296	0.02119	0.02632	0.20313	0.02386	0.03396	0.01639	0.01825	0.01158	0.00850	0.00802	0.00259	0.01136	0.00653	0.00492	0.01282
13	0.01867	0.01898	0.03528	0.08718	0.33576	0.01862	0.22256	0.02401	0.01898	0.02600	0.02375	0.02805	0.08561	0.00889	0.00894	0.00264	0.01069	0.00935	0.00452	0.01152
14	0.00982	0.00842	0.00842	0.00842	0.01122	0.00701	0.00631	0.01192	0.01894	0.02244	0.08416	0.07995	0.65285	0.02104	0.00982	0.00281	0.00421	0.01753	0.00771	0.00701
15	0.02221	0.71304	0.04353	0.01421	0.02132	0.03287	0.01421	0.02488	0.01688	0.01955	0.01155	0.01333	0.01066	0.00711	0.00533	0.00178	0.00888	0.00444	0.00355	0.01066
16	0.01835	0.03138	0.32132	0.03086	0.07347	0.02018	0.32937	0.02642	0.01865	0.02651	0.01590	0.02015	0.01171	0.00742	0.00887	0.00271	0.01301	0.00805	0.00389	0.01179
17	0.01250	0.00797	0.01015	0.01109	0.01203	0.00744	0.00739	0.01380	0.01582	0.06679	0.04273	0.48048	0.07981	0.17091	0.01719	0.00429	0.00564	0.01970	0.00732	0.00693
18	0.01114	0.00847	0.01025	0.00980	0.01203	0.00758	0.00735	0.01448	0.02206	0.02985	0.47109	0.06775	0.26129	0.01827	0.00980	0.00267	0.00401	0.01582	0.00869	0.00758
19	0.01050	0.00776	0.00940	0.01053	0.01158	0.00714	0.00717	0.01198	0.01618	0.02085	0.05219	0.41549	0.20096	0.13498	0.01557	0.00401	0.00531	0.04456	0.00728	0.00658
20	0.01764	0.02665	0.24945	0.22613	0.16913	0.01942	0.12372	0.02470	0.01788	0.02503	0.01532	0.02029	0.01156	0.00777	0.00839	0.00267	0.01172	0.00735	0.00380	0.01139
21	0.01911	0.01843	0.03189	0.23447	0.45441	0.01943	0.05282	0.02431	0.01828	0.02541	0.01543	0.02111	0.01253	0.00764	0.00832	0.00257	0.01041	0.00751	0.00399	0.01193
22	0.00982	0.00842	0.00842	0.00842	0.01122	0.00701	0.00631	0.01192	0.01894	0.02244	0.08416	0.07995	0.65285	0.02104	0.00982	0.00281	0.00421	0.01753	0.00771	0.00701
23	0.02367	0.02374	0.22535	0.02455	0.16082	0.01540	0.02016	0.02914	0.02014	0.24315	0.02999	0.02981	0.09634	0.01028	0.00837	0.00260	0.00895	0.00862	0.00649	0.01243
24	0.02245	0.02406	0.01963	0.01777	0.02055	0.29098	0.01358	0.07856	0.01973	0.02245	0.01719	0.02483	0.01584	0.10280	0.18528	0.00590	0.09737	0.00745	0.00470	0.00888
25	0.05532	0.14733	0.34881	0.01919	0.02746	0.06742	0.02165	0.02415	0.01685	0.02386	0.01551	0.01950	0.01256	0.01883	0.14253	0.00462	0.01363	0.00627	0.00384	0.01066
26	0.02113	0.10069	0.03162	0.11380	0.40594	0.10397	0.02204	0.02543	0.01876	0.02437	0.01501	0.01975	0.01267	0.01011	0.03810	0.00288	0.01111	0.00687	0.00404	0.01172
27	0.01825	0.08573	0.02452	0.13309	0.22701	0.05280	0.01707	0.02292	0.04443	0.04983	0.07869	0.03616	0.15299	0.01145	0.00838	0.00253	0.00836	0.00982	0.00556	0.01043
28	0.01881	0.02553	0.19114	0.11278	0.28209	0.01980	0.17751	0.02549	0.01849	0.02613	0.01565	0.02047	0.01214	0.00752	0.00855	0.00263	0.01164	0.00769	0.00394	0.01200
29	0.02242	0.02128	0.02304	0.02611	0.20432	0.14327	0.01621	0.15957	0.02450	0.03115	0.07545	0.05867	0.10032	0.01139	0.00843	0.00244	0.00912	0.00946	0.00613	0.04673
30	0.16531	0.01165	0.04390	0.01192	0.01484	0.01037	0.00939	0.01786	0.01713	0.08536	0.07353	0.36028	0.11008	0.01890	0.00902	0.00299	0.00561	0.01630	0.00730	0.00826

[dist]
# distance from previous block
# <min> <max>
0	3

[block]
# block no. 1 follows, 22 sequences, length 62
# corresponding to MSA columns:
# 37-98
name=unknown_B
#
# <colnr> <probs for GDERKNQSTAVLIFYWHMCP>
#	G	D	E	R	K	N	Q	S	T	A	V	L	I	F	Y	W	H	M	C	P
0	0.09233	0.01855	0.02412	0.06739	0.33698	0.08808	0.01820	0.02301	0.01919	0.02679	0.07550	0.03230	0.12237	0.01059	0.00823	0.00252	0.00876	0.00915	0.00519	0.01074
1	0.09375	0.02684	0.10079	0.09923	0.17091	0.20260	0.01945	0.06516	0.06582	0.02739	0.01837	0.02103	0.03583	0.00885	0.00778	0.00248	0.01090	0.00692	0.00484	0.01108
2	0.01375	0.00917	0.01340	0.04530	0.08824	0.00921	0.00978	0.01377	0.01385	0.01899	0.02520	0.20717	0.02752	0.12938	0.02317	0.28826	0.00705	0.01233	0.03826	0.00620
3	0.01884	0.01834	0.07357	0.02497	0.21305	0.01505	0.01617	0.06633	0.01908	0.02850	0.01680	0.02136	0.01409	0.04592	0.00905	0.00223	0.00795	0.00653	0.05094	0.33122
4	0.10562	0.02006	0.09038	0.18912	0.17528	0.01862	0.17159	0.02392	0.01821	0.02720	0.06607	0.02361	0.01700	0.00837	0.00837	0.00266	0.01053	0.00815	0.00450	0.01073
5	0.04995	0.02463	0.19415	0.08544	0.36148	0.01880	0.04916	0.02479	0.01850	0.02728	0.05442	0.02223	0.01615	0.00818	0.00818	0.00256	0.01023	0.00752	0.00428	0.01206
6	0.02033	0.01950	0.03330	0.08154	0.62750	0.01968	0.02538	0.02529	0.01881	0.02686	0.01559	0.02064	0.01306	0.00745	0.00823	0.00248	0.00993	0.00740	0.00409	0.01297
7	0.02155	0.02103	0.02861	0.03875	0.42100	0.07996	0.02118	0.03141	0.19339	0.02865	0.02046	0.02297	0.01635	0.00859	0.00822	0.00254	0.00942	0.00777	0.00534	0.01283
8	0.01012	0.00723	0.00964	0.01157	0.01205	0.00675	0.00771	0.01157	0.01591	0.02121	0.04579	0.70262	0.05495	0.02603	0.01060	0.00337	0.00482	0.02362	0.00771	0.00675
9	0.01202	0.00830	0.01033	0.01033	0.01077	0.00874	0.00662	0.01289	0.01246	0.01705	0.02502	0.04794	0.02741	0.51717	0.22934	0.00962	0.01225	0.01114	0.00486	0.00574
10	0.01020	0.00843	0.00895	0.00882	0.01146	0.00718	0.00661	0.01266	0.01984	0.02459	0.19617	0.07642	0.53950	0.02024	0.00981	0.00277	0.00415	0.01704	0.00800	0.00718
11	0.00982	0.00842	0.00842	0.00842	0.01122	0.00701	0.00631	0.01192	0.01894	0.02244	0.08416	0.07995	0.65285	0.02104	0.00982	0.00281	0.00421	0.01753	0.00771	0.00701
12	0.01187	0.00890	0.01335	0.01335	0.01483	0.01038	0.01038	0.01483	0.01335	0.01928	0.02225	0.03264	0.02077	0.06231	0.67512	0.01335	0.02225	0.00890	0.00445	0.00742
13	0.03158	0.02327	0.02493	0.01911	0.02576	0.02576	0.01579	0.62852	0.03906	0.05236	0.01995	0.01995	0.01413	0.00997	0.00831	0.00249	0.00914	0.00748	0.00831	0.01413
14	0.02108	0.02261	0.07184	0.04716	0.57219	0.06733	0.02513	0.02610	0.01917	0.02659	0.01538	0.01997	0.01282	0.00752	0.00815	0.00245	0.01039	0.00718	0.00409	0.01285
15	0.03010	0.03804	0.02368	0.02143	0.02540	0.62749	0.01621	0.03221	0.02276	0.02031	0.01270	0.01521	0.01072	0.00900	0.00893	0.00225	0.06426	0.00549	0.00423	0.00959
16	0.01055	0.00838	0.00947	0.00932	0.01170	0.00730	0.00694	0.01329	0.02047	0.02638	0.29133	0.10426	0.41161	0.01979	0.00985	0.00276	0.00413	0.01691	0.00824	0.00730
17	0.02194	0.01234	0.01548	0.01308	0.01703	0.01189	0.01032	0.08756	0.07009	0.22048	0.36016	0.04555	0.05095	0.01388	0.00912	0.00260	0.00557	0.01188	0.00934	0.01072
18	0.02718	0.02066	0.02058	0.01742	0.02277	0.09632	0.01379	0.15062	0.33548	0.16009	0.02858	0.02654	0.02062	0.01052	0.00829	0.00263	0.00813	0.00836	0.00830	0.01312
19	0.01187	0.00890	0.01335	0.01335	0.01483	0.01038	0.01038	0.01483	0.01335	0.01928	0.02225	0.03264	0.02077	0.06231	0.67512	0.01335	0.02225	0.00890	0.00445	0.00742
20	0.03158	0.02327	0.02493	0.01911	0.02576	0.02576	0.01579	0.62852	0.03906	0.05236	0.01995	0.01995	0.01413	0.00997	0.00831	0.00249	0.00914	0.00748	0.00831	0.01413
21	0.01187	0.00890	0.01335	0.01335	0.01483	0.01038	0.01038	0.01483	0.01335	0.01928	0.02225	0.03264	0.02077	0.06231	0.67512	0.01335	0.02225	0.00890	0.00445	0.00742
22	0.01012	0.00723	0.00964	0.01157	0.01205	0.00675	0.00771	0.01157	0.01591	0.02121	0.04579	0.70262	0.05495	0.02603	0.01060	0.00337	0.00482	0.02362	0.00771	0.00675
23	0.01421	0.01212	0.01827	0.01653	0.01799	0.01498	0.04440	0.01711	0.01371	0.02047	0.01907	0.02801	0.01764	0.04346	0.42623	0.00952	0.20675	0.00844	0.04301	0.00809
24	0.00982	0.00842	0.00842	0.00842	0.01122	0.00701	0.00631	0.01192	0.01894	0.02244	0.08416	0.07995	0.65285	0.02104	0.00982	0.00281	0.00421	0.01753	0.00771	0.00701
25	0.01002	0.00764	0.00922	0.01048	0.01176	0.00684	0.00723	0.01169	0.01695	0.02163	0.05898	0.48857	0.26048	0.02431	0.01033	0.00318	0.00461	0.02153	0.00771	0.00684
26	0.01011	0.00729	0.00957	0.01140	0.01201	0.00676	0.00764	0.01159	0.01607	0.02127	0.04782	0.66968	0.08657	0.02576	0.01056	0.00334	0.00479	0.02329	0.00771	0.00676
27	0.02056	0.01974	0.03372	0.05099	0.65622	0.01974	0.02550	0.02550	0.01892	0.02714	0.01563	0.02056	0.01316	0.00740	0.00822	0.00247	0.00987	0.00740	0.00411	0.01316
28	0.02056	0.01974	0.03372	0.05099	0.65622	0.01974	0.02550	0.02550	0.01892	0.02714	0.01563	0.02056	0.01316	0.00740	0.00822	0.00247	0.00987	0.00740	0.00411	0.01316
29	0.03158	0.02327	0.02493	0.01911	0.02576	0.02576	0.01579	0.62852	0.03906	0.05236	0.01995	0.01995	0.01413	0.00997	0.00831	0.00249	0.00914	0.00748	0.00831	0.01413
30	0.00993	0.00798	0.00886	0.00957	0.01152	0.00692	0.00682	0.01179	0.01783	0.02199	0.07012	0.30773	0.43413	0.02286	0.01011	0.00301	0.00443	0.01976	0.00771	0.00692
31	0.01166	0.00846	0.01181	0.01209	0.01309	0.00931	0.00875	0.01372	0.01343	0.01882	0.02658	0.13494	0.02793	0.20738	0.43133	0.01067	0.01642	0.01178	0.00506	0.00677
32	0.01012	0.00723	0.00964	0.01157	0.01205	0.00675	0.00771	0.01157	0.01591	0.02121	0.04579	0.70262	0.05495	0.02603	0.01060	0.00337	0.00482	0.02362	0.00771	0.00675
33	0.02701	0.03018	0.02637	0.09394	0.18449	0.36624	0.01904	0.10554	0.02368	0.02616	0.01462	0.01769	0.01178	0.00843	0.00786	0.00233	0.01259	0.00633	0.00469	0.01103
34	0.03019	0.01554	0.01909	0.01546	0.02078	0.01523	0.01240	0.21260	0.02685	0.35120	0.03146	0.15881	0.02540	0.01330	0.00878	0.00271	0.00725	0.01110	0.00918	0.01268
35	0.05919	0.57645	0.03875	0.01449	0.02108	0.02979	0.01396	0.02615	0.01722	0.08355	0.01360	0.01504	0.01157	0.00782	0.00671	0.00199	0.04253	0.00497	0.00430	0.01084
36	0.01097	0.00846	0.01001	0.00962	0.01192	0.00750	0.00721	0.01414	0.02164	0.02887	0.41981	0.06937	0.31318	0.01864	0.00981	0.00269	0.00404	0.01605	0.00856	0.00750
37	0.01596	0.01511	0.01378	0.01285	0.01622	0.09753	0.00977	0.02439	0.19443	0.02763	0.16621	0.05451	0.28748	0.01594	0.00913	0.00269	0.00621	0.01321	0.00774	0.00922
38	0.01198	0.00807	0.00903	0.00903	0.00916	0.00801	0.00509	0.01207	0.01238	0.01639	0.02875	0.05550	0.05782	0.67757	0.04084	0.00782	0.00788	0.01232	0.00515	0.00512
39	0.01291	0.00887	0.01072	0.01003	0.01262	0.00786	0.00760	0.01612	0.02187	0.07507	0.40036	0.06611	0.28312	0.01797	0.00970	0.00268	0.00425	0.01545	0.00871	0.00800
40	0.01029	0.00735	0.00984	0.01176	0.01232	0.00690	0.00801	0.01187	0.01608	0.02140	0.04569	0.67041	0.05457	0.02586	0.01065	0.00340	0.00497	0.05412	0.00771	0.00680
41	0.01063	0.00845	0.00954	0.00927	0.01172	0.00736	0.00695	0.01349	0.02085	0.02699	0.32162	0.07246	0.41255	0.01934	0.00981	0.00272	0.00409	0.01648	0.00831	0.00736
42	0.01739	0.01686	0.02966	0.45187	0.21760	0.01905	0.08299	0.02291	0.01753	0.02335	0.01520	0.02175	0.01179	0.00793	0.00843	0.00269	0.01104	0.00763	0.00386	0.01048
43	0.01126	0.00847	0.01041	0.00993	0.01211	0.00763	0.00745	0.01471	0.02234	0.03052	0.50596	0.06665	0.22601	0.01803	0.00980	0.00266	0.00399	0.01567	0.00878	0.00763
44	0.02332	0.23023	0.03126	0.02003	0.02379	0.22377	0.04329	0.02571	0.01753	0.02026	0.01194	0.01596	0.01085	0.01020	0.01403	0.00260	0.25561	0.00597	0.00383	0.00981
45	0.02152	0.02247	0.02987	0.18247	0.40640	0.14500	0.02316	0.02605	0.01931	0.02456	0.01491	0.01983	0.01224	0.00782	0.00810	0.00247	0.01111	0.00700	0.00405	0.01164
46	0.16668	0.10272	0.02795	0.09290	0.27872	0.12177	0.01890	0.05131	0.01909	0.02767	0.01404	0.01762	0.01153	0.00780	0.00719	0.00239	0.00996	0.00618	0.00441	0.01119
47	0.01388	0.00914	0.01141	0.01091	0.01282	0.00951	0.00824	0.04813	0.01880	0.02826	0.21415	0.04199	0.03868	0.07823	0.20764	0.00599	0.00990	0.01059	0.21392	0.00781
48	0.03138	0.02915	0.02443	0.01994	0.02573	0.25940	0.01588	0.41418	0.03347	0.04083	0.01739	0.01816	0.01289	0.00946	0.00802	0.00237	0.01124	0.00671	0.00686	0.01251
49	0.01789	0.03438	0.40757	0.02842	0.03907	0.02001	0.27950	0.02643	0.01840	0.02643	0.01570	0.01957	0.01139	0.00752	0.00869	0.00270	0.01300	0.00767	0.00380	0.01183
50	0.01913	0.03241	0.33447	0.03130	0.23722	0.09508	0.02550	0.02580	0.01880	0.02560	0.01994	0.02277	0.05811	0.00876	0.00809	0.00253	0.01121	0.00729	0.00410	0.01188
51	0.01895	0.01769	0.02932	0.33485	0.35491	0.01948	0.02390	0.05501	0.01893	0.02580	0.01547	0.02124	0.01228	0.00794	0.00827	0.00260	0.01037	0.00740	0.00414	0.01145
52	0.01028	0.00735	0.00978	0.01146	0.01208	0.00685	0.00772	0.01197	0.01665	0.02240	0.10535	0.63967	0.05725	0.02514	0.01052	0.00330	0.00473	0.02277	0.00785	0.00685
53	0.01416	0.01242	0.01432	0.01581	0.08950	0.01239	0.01050	0.02269	0.19618	0.02650	0.06181	0.05907	0.39942	0.01666	0.00924	0.00277	0.00554	0.01403	0.00750	0.00948
54	0.02681	0.06969	0.02828	0.03156	0.25030	0.40570	0.01932	0.02998	0.02152	0.02272	0.01376	0.01688	0.01158	0.00807	0.00763	0.00224	0.01282	0.00603	0.00418	0.01095
55	0.01013	0.00763	0.00924	0.01048	0.01164	0.00690	0.00715	0.01170	0.01662	0.02131	0.05637	0.48054	0.23446	0.06007	0.01202	0.00345	0.00480	0.02118	0.00757	0.00674
56	0.00982	0.00842	0.00842	0.00842	0.01122	0.00701	0.00631	0.01192	0.01894	0.02244	0.08416	0.07995	0.65285	0.02104	0.00982	0.00281	0.00421	0.01753	0.00771	0.00701
57	0.01977	0.02409	0.14539	0.04437	0.47669	0.01981	0.09653	0.02577	0.01876	0.02693	0.01564	0.02025	0.01264	0.00744	0.00835	0.00253	0.01077	0.00746	0.00402	0.01278
58	0.02037	0.01954	0.03337	0.07641	0.63233	0.01969	0.02540	0.02533	0.01882	0.02690	0.01559	0.02062	0.01308	0.00744	0.00823	0.00248	0.00992	0.00740	0.00410	0.01300
59	0.00997	0.00842	0.00863	0.00858	0.01132	0.00708	0.00643	0.01222	0.01930	0.02332	0.12975	0.07851	0.60672	0.02071	0.00982	0.00279	0.00418	0.01733	0.00783	0.00708
60	0.03110	0.03769	0.02370	0.02113	0.02569	0.59891	0.01602	0.10269	0.02535	0.02407	0.01367	0.01556	0.01110	0.00873	0.00759	0.00218	0.01430	0.00560	0.00475	0.01016
61	0.09204	0.01684	0.02209	0.19191	0.19962	0.05704	0.01743	0.02463	0.07596	0.05272	0.02996	0.03223	0.13226	0.01074	0.00822	0.00263	0.00867	0.00909	0.00545	0.01045

[dist]
# distance from previous block
# <min> <max>
0	1

[block]
# block no. 2 follows, 22 sequences, length 49
# corresponding to MSA columns:
# 100-148
name=unknown_C
#
# <colnr> <probs for GDERKNQSTAVLIFYWHMCP>
#	G	D	E	R	K	N	Q	S	T	A	V	L	I	F	Y	W	H	M	C	P
0	0.01836	0.02143	0.12225	0.26134	0.36483	0.01924	0.02543	0.02418	0.01794	0.02503	0.01523	0.02066	0.01208	0.00778	0.00820	0.00259	0.01062	0.00721	0.00388	0.01171
1	0.52974	0.02165	0.01595	0.06692	0.02164	0.17708	0.01181	0.02628	0.01660	0.03191	0.01213	0.01454	0.00957	0.00796	0.00596	0.00248	0.00886	0.00493	0.00482	0.00917
2	0.02387	0.13978	0.09108	0.03277	0.29239	0.18110	0.02109	0.07494	0.02117	0.02617	0.01456	0.01770	0.01199	0.00788	0.00755	0.00229	0.01112	0.00631	0.00434	0.01189
3	0.02895	0.20073	0.02850	0.01945	0.02464	0.45910	0.01558	0.08674	0.02338	0.02313	0.01319	0.01504	0.01101	0.00834	0.00705	0.00209	0.01296	0.00533	0.00448	0.01030
4	0.02198	0.01767	0.01881	0.01643	0.02132	0.01990	0.01292	0.12063	0.48330	0.06285	0.03593	0.03331	0.07405	0.01184	0.00854	0.00276	0.00675	0.00974	0.00845	0.01283
5	0.02608	0.01694	0.01966	0.01597	0.02039	0.01822	0.01266	0.35819	0.02797	0.09933	0.01975	0.02301	0.01522	0.01841	0.05304	0.22081	0.00913	0.00757	0.00693	0.01072
6	0.01021	0.00782	0.00936	0.01026	0.01178	0.00698	0.00720	0.01219	0.01795	0.02313	0.13310	0.39311	0.28089	0.02308	0.01021	0.00307	0.00448	0.02031	0.00789	0.00698
7	0.00991	0.00807	0.00877	0.00934	0.01146	0.00694	0.00672	0.01182	0.01805	0.02208	0.07290	0.26266	0.47740	0.02250	0.01005	0.00297	0.00439	0.01932	0.00771	0.00694
8	0.01001	0.00842	0.00868	0.00862	0.01134	0.00709	0.00646	0.01229	0.01938	0.02351	0.13982	0.07819	0.59652	0.02064	0.00982	0.00279	0.00418	0.01729	0.00785	0.00709
9	0.01012	0.00723	0.00964	0.01157	0.01205	0.00675	0.00771	0.01157	0.01591	0.02121	0.04579	0.70262	0.05495	0.02603	0.01060	0.00337	0.00482	0.02362	0.00771	0.00675
10	0.03158	0.02327	0.02493	0.01911	0.02576	0.02576	0.01579	0.62852	0.03906	0.05236	0.01995	0.01995	0.01413	0.00997	0.00831	0.00249	0.00914	0.00748	0.00831	0.01413
11	0.01723	0.01477	0.01723	0.01230	0.01969	0.01107	0.00984	0.02092	0.01723	0.02707	0.01477	0.01723	0.01230	0.00615	0.00615	0.00123	0.00615	0.00492	0.00492	0.75883
12	0.01012	0.00723	0.00964	0.01157	0.01205	0.00675	0.00771	0.01157	0.01591	0.02121	0.04579	0.70262	0.05495	0.02603	0.01060	0.00337	0.00482	0.02362	0.00771	0.00675
13	0.03008	0.02182	0.02333	0.01805	0.02426	0.02408	0.01486	0.57166	0.03704	0.05036	0.02061	0.02097	0.01480	0.00995	0.00808	0.00244	0.00865	0.00750	0.07793	0.01353
14	0.01416	0.01113	0.01585	0.17646	0.02415	0.01296	0.01248	0.01721	0.01456	0.02112	0.02048	0.03217	0.01907	0.16427	0.20511	0.00672	0.07607	0.00868	0.10598	0.04139
15	0.01818	0.01818	0.02545	0.02181	0.02181	0.02545	0.01818	0.01999	0.01272	0.01999	0.01091	0.01818	0.01091	0.01454	0.02726	0.00364	0.69284	0.00727	0.00364	0.00909
16	0.00982	0.00842	0.00842	0.00842	0.01122	0.00701	0.00631	0.01192	0.01894	0.02244	0.08416	0.07995	0.65285	0.02104	0.00982	0.00281	0.00421	0.01753	0.00771	0.00701
17	0.03103	0.03959	0.02354	0.02140	0.02568	0.67469	0.01605	0.03317	0.02354	0.02033	0.01284	0.01498	0.01070	0.00856	0.00749	0.00214	0.01498	0.00535	0.00428	0.00963
18	0.02056	0.01974	0.03372	0.05099	0.65622	0.01974	0.02550	0.02550	0.01892	0.02714	0.01563	0.02056	0.01316	0.00740	0.00822	0.00247	0.00987	0.00740	0.00411	0.01316
19	0.01480	0.00781	0.00801	0.00801	0.00956	0.00781	0.00565	0.01790	0.01635	0.02800	0.02692	0.03565	0.02308	0.14942	0.01311	0.00316	0.00471	0.00861	0.60427	0.00720
20	0.01189	0.00882	0.01295	0.01295	0.01430	0.01017	0.00988	0.01458	0.01323	0.01899	0.02262	0.03466	0.02165	0.12258	0.61605	0.01286	0.02093	0.00920	0.00450	0.00719
21	0.01039	0.00844	0.00920	0.00901	0.01157	0.00726	0.00676	0.01302	0.02028	0.02563	0.25074	0.07470	0.48428	0.01985	0.00981	0.00275	0.00412	0.01680	0.00813	0.00726
22	0.03158	0.02327	0.02493	0.01911	0.02576	0.02576	0.01579	0.62852	0.03906	0.05236	0.01995	0.01995	0.01413	0.00997	0.00831	0.00249	0.00914	0.00748	0.00831	0.01413
23	0.02202	0.02432	0.14679	0.09612	0.30383	0.02102	0.02330	0.17011	0.05395	0.03283	0.01734	0.02052	0.01331	0.00838	0.00820	0.00255	0.01009	0.00728	0.00518	0.01286
24	0.01205	0.00817	0.00964	0.00964	0.00984	0.00837	0.00576	0.01245	0.01225	0.01654	0.02564	0.05142	0.02892	0.62049	0.12809	0.00877	0.00998	0.01165	0.00495	0.00536
25	0.00982	0.00842	0.00842	0.00842	0.01122	0.00701	0.00631	0.01192	0.01894	0.02244	0.08416	0.07995	0.65285	0.02104	0.00982	0.00281	0.00421	0.01753	0.00771	0.00701
26	0.05037	0.05148	0.03264	0.05798	0.11644	0.12477	0.18707	0.12393	0.05280	0.02944	0.01630	0.01991	0.01281	0.00882	0.01022	0.00263	0.07840	0.00762	0.00500	0.01139
27	0.01793	0.03515	0.44792	0.03181	0.20022	0.01955	0.07815	0.02612	0.01807	0.02655	0.01525	0.01874	0.01139	0.00769	0.00814	0.00260	0.01178	0.00677	0.00372	0.01242
28	0.08736	0.03303	0.42586	0.02669	0.15614	0.01841	0.02566	0.02542	0.01749	0.02787	0.01570	0.01883	0.01176	0.00792	0.00754	0.00254	0.01059	0.00637	0.06305	0.01179
29	0.02139	0.02131	0.03292	0.04865	0.60644	0.07145	0.02475	0.02610	0.01928	0.02660	0.01541	0.02012	0.01296	0.00749	0.00817	0.00244	0.01027	0.00724	0.00413	0.01288
30	0.02221	0.71304	0.04353	0.01421	0.02132	0.03287	0.01421	0.02488	0.01688	0.01955	0.01155	0.01333	0.01066	0.00711	0.00533	0.00178	0.00888	0.00444	0.00355	0.01066
31	0.01038	0.00844	0.00919	0.00900	0.01156	0.00725	0.00675	0.01300	0.02025	0.02557	0.24767	0.07480	0.48739	0.01987	0.00981	0.00275	0.00412	0.01681	0.00813	0.00725
32	0.02221	0.71304	0.04353	0.01421	0.02132	0.03287	0.01421	0.02488	0.01688	0.01955	0.01155	0.01333	0.01066	0.00711	0.00533	0.00178	0.00888	0.00444	0.00355	0.01066
33	0.19744	0.01327	0.01635	0.17590	0.02611	0.01420	0.01263	0.02719	0.01832	0.21524	0.02214	0.02395	0.01572	0.00906	0.00701	0.00247	0.00716	0.00708	0.17849	0.01027
34	0.03034	0.02159	0.02352	0.01818	0.02445	0.02358	0.01496	0.54683	0.03697	0.08538	0.07056	0.02374	0.01957	0.01054	0.00843	0.00251	0.00861	0.00812	0.00849	0.01363
35	0.03108	0.03807	0.02367	0.02119	0.02569	0.61412	0.01603	0.08875	0.02499	0.02332	0.01350	0.01544	0.01102	0.00869	0.00757	0.00217	0.01444	0.00555	0.00466	0.01005
36	0.01674	0.01471	0.01377	0.01335	0.01552	0.14255	0.01020	0.01981	0.01656	0.02286	0.02177	0.02862	0.01891	0.03639	0.34875	0.00782	0.01550	0.00786	0.22036	0.00795
37	0.02649	0.02691	0.14857	0.02959	0.22862	0.14908	0.02092	0.05519	0.02159	0.18392	0.01935	0.02075	0.01404	0.00854	0.00805	0.00246	0.01063	0.00699	0.00573	0.01257
38	0.02359	0.01550	0.01862	0.06484	0.02329	0.01567	0.01272	0.03535	0.27664	0.20088	0.02902	0.06007	0.02194	0.01052	0.00808	0.00247	0.00687	0.00880	0.00787	0.15725
39	0.01020	0.00838	0.00878	0.00897	0.01138	0.00721	0.00662	0.01218	0.01821	0.02196	0.07535	0.10979	0.54041	0.07933	0.01268	0.00333	0.00473	0.04613	0.00748	0.00686
40	0.01187	0.00744	0.00983	0.01071	0.01093	0.00722	0.00688	0.01148	0.01346	0.01795	0.03172	0.34109	0.03692	0.20194	0.02503	0.22202	0.00634	0.01593	0.00584	0.00540
41	0.02018	0.02201	0.08297	0.10646	0.50063	0.04581	0.05029	0.02551	0.01881	0.02623	0.01543	0.02032	0.01264	0.00755	0.00824	0.00251	0.01055	0.00732	0.00404	0.01250
42	0.01045	0.00748	0.00993	0.01134	0.01212	0.00697	0.00774	0.01239	0.01743	0.02363	0.16705	0.57445	0.05964	0.02422	0.01044	0.00322	0.00464	0.02190	0.00800	0.00697
43	0.01022	0.00769	0.00919	0.01031	0.01149	0.00696	0.00700	0.01173	0.01650	0.02110	0.05616	0.43951	0.24414	0.09130	0.01346	0.00365	0.00494	0.02054	0.00745	0.00666
44	0.02446	0.02588	0.02228	0.08488	0.11091	0.29963	0.01586	0.10935	0.02246	0.02571	0.01796	0.05198	0.01621	0.09383	0.01205	0.00305	0.01141	0.00780	0.03433	0.00994
45	0.01720	0.01547	0.01642	0.12178	0.02340	0.07676	0.01220	0.09606	0.08322	0.02901	0.14724	0.04644	0.22173	0.01413	0.00887	0.00260	0.00722	0.01172	0.00701	0.04150
46	0.16987	0.04752	0.01991	0.02025	0.14525	0.01759	0.01332	0.16000	0.02226	0.03410	0.02938	0.03054	0.13147	0.01073	0.00747	0.00242	0.00717	0.00851	0.07950	0.04276
47	0.02421	0.08441	0.12286	0.11300	0.15712	0.17484	0.02082	0.15151	0.02349	0.02926	0.01532	0.01830	0.01192	0.00837	0.00780	0.00240	0.01135	0.00651	0.00483	0.01169
48	0.09874	0.05783	0.11983	0.05625	0.11014	0.11127	0.01891	0.26378	0.02660	0.03638	0.01622	0.01818	0.01220	0.00871	0.00768	0.00245	0.01031	0.00655	0.00575	0.01222

[dist]
# distance from previous block
# <min> <max>
17	80

[block]
# block no. 3 follows, 22 sequences, length 11
# corresponding to MSA columns:
# 233-243
name=unknown_D
#
# <colnr> <probs for GDERKNQSTAVLIFYWHMCP>
#	G	D	E	R	K	N	Q	S	T	A	V	L	I	F	Y	W	H	M	C	P
0	0.01900	0.01994	0.05709	0.11941	0.03560	0.01971	0.25383	0.06245	0.01871	0.02645	0.01524	0.02029	0.01206	0.00854	0.01171	0.00261	0.12836	0.00778	0.00441	0.15682
1	0.01823	0.01922	0.01695	0.01630	0.01840	0.22467	0.01237	0.02059	0.01701	0.02000	0.02229	0.13850	0.02250	0.03517	0.29783	0.00731	0.06950	0.01011	0.00488	0.00815
2	0.01400	0.00973	0.01131	0.01118	0.01217	0.00992	0.00743	0.08205	0.01643	0.02189	0.03070	0.18018	0.03460	0.44228	0.02984	0.00618	0.00751	0.05989	0.00613	0.00660
3	0.01256	0.00946	0.01280	0.01245	0.01319	0.01091	0.00899	0.01423	0.01278	0.01808	0.02273	0.03996	0.02360	0.31689	0.35833	0.01028	0.08151	0.01002	0.00461	0.00662
4	0.01741	0.01437	0.02001	0.09317	0.02468	0.01526	0.07240	0.08018	0.09641	0.05216	0.07762	0.07067	0.13888	0.01473	0.01072	0.00292	0.05903	0.09553	0.00684	0.03701
5	0.02106	0.02039	0.07035	0.02585	0.09884	0.06687	0.18328	0.02536	0.01877	0.11518	0.02524	0.09058	0.06387	0.01175	0.01204	0.00286	0.12124	0.01022	0.00552	0.01072
6	0.01668	0.01370	0.01420	0.04604	0.01670	0.08667	0.00979	0.08314	0.01736	0.02181	0.02727	0.03869	0.09132	0.21275	0.13499	0.13576	0.01094	0.00981	0.00520	0.00715
7	0.14419	0.04070	0.01875	0.05793	0.02024	0.01370	0.11228	0.01919	0.01548	0.02521	0.02202	0.07541	0.02109	0.19120	0.04919	0.00446	0.00872	0.00959	0.14267	0.00798
8	0.06964	0.08825	0.21219	0.01795	0.02459	0.13494	0.01783	0.10323	0.02197	0.02957	0.12556	0.05059	0.02460	0.01221	0.02950	0.00282	0.01027	0.00819	0.00554	0.01056
9	0.02033	0.01199	0.01579	0.01585	0.05726	0.01182	0.01119	0.02665	0.12643	0.20051	0.10592	0.24228	0.03824	0.01935	0.05300	0.00357	0.00710	0.01402	0.00826	0.01045
10	0.01224	0.00890	0.01068	0.01055	0.01199	0.00809	0.00685	0.01341	0.01438	0.01988	0.03147	0.28789	0.03628	0.33499	0.02435	0.00515	0.00653	0.01512	0.00601	0.13523

[dist]
# distance from previous block
# <min> <max>
0	5

[block]
# block no. 4 follows, 22 sequences, length 9
# corresponding to MSA columns:
# 249-257
name=unknown_E
#
# <colnr> <probs for GDERKNQSTAVLIFYWHMCP>
#	G	D	E	R	K	N	Q	S	T	A	V	L	I	F	Y	W	H	M	C	P
0	0.01929	0.01344	0.01623	0.01442	0.01679	0.01543	0.01103	0.02683	0.17977	0.10902	0.02597	0.03389	0.02237	0.18511	0.04507	0.00452	0.14415	0.00927	0.09778	0.00960
1	0.01534	0.01272	0.01346	0.04303	0.01685	0.04204	0.00959	0.11986	0.02377	0.03045	0.22557	0.05897	0.32305	0.01684	0.00938	0.00267	0.00579	0.01407	0.00787	0.00869
2	0.01370	0.01128	0.04290	0.01774	0.11296	0.01043	0.01144	0.01612	0.01522	0.02206	0.02728	0.19966	0.02840	0.11158	0.15793	0.06684	0.01014	0.01233	0.10419	0.00780
3	0.01693	0.01664	0.01691	0.01579	0.01728	0.14534	0.01203	0.01898	0.01503	0.01905	0.01892	0.03031	0.01859	0.15988	0.30329	0.00830	0.14616	0.00846	0.00437	0.00774
4	0.16270	0.01053	0.01164	0.01277	0.04223	0.01092	0.00850	0.01686	0.04732	0.02431	0.03484	0.25180	0.08394	0.19913	0.01758	0.00435	0.00639	0.04040	0.00637	0.00743
5	0.04358	0.01337	0.01925	0.17760	0.15198	0.01362	0.01469	0.01950	0.01632	0.02397	0.02073	0.09211	0.01993	0.12884	0.01359	0.00331	0.00807	0.00922	0.06508	0.14522
6	0.01246	0.00973	0.01300	0.01536	0.06598	0.00921	0.01125	0.01565	0.01914	0.02473	0.10741	0.13792	0.22739	0.02089	0.01049	0.00326	0.00622	0.27455	0.00752	0.00784
7	0.01144	0.00942	0.01177	0.01391	0.07251	0.00852	0.00931	0.01402	0.01874	0.02367	0.10286	0.18029	0.38087	0.02058	0.01000	0.00298	0.00524	0.08873	0.00746	0.00767
8	0.05694	0.01833	0.08077	0.03202	0.33595	0.01578	0.01902	0.02485	0.01930	0.12211	0.03267	0.03387	0.15130	0.01082	0.00841	0.00257	0.00828	0.00947	0.00581	0.01170

[dist]
# distance from previous block
# <min> <max>
0	1

[block]
# block no. 5 follows, 22 sequences, length 7
# corresponding to MSA columns:
# 259-265
name=unknown_F
#
# <colnr> <probs for GDERKNQSTAVLIFYWHMCP>
#	G	D	E	R	K	N	Q	S	T	A	V	L	I	F	Y	W	H	M	C	P
0	0.18880	0.01744	0.06833	0.02642	0.24899	0.01608	0.01631	0.05016	0.01836	0.02913	0.03033	0.10215	0.13095	0.01206	0.00804	0.00266	0.00767	0.01019	0.00553	0.01040
1	0.01902	0.02891	0.28306	0.04020	0.41123	0.01956	0.02755	0.02582	0.01837	0.02681	0.01534	0.01937	0.01212	0.00760	0.00809	0.00253	0.01082	0.00690	0.00387	0.01281
2	0.13590	0.08143	0.08608	0.04674	0.01970	0.01616	0.01323	0.02018	0.01509	0.02522	0.01816	0.02391	0.01550	0.02572	0.21653	0.00586	0.07853	0.00704	0.14021	0.00880
3	0.01925	0.01721	0.01464	0.01304	0.01708	0.14912	0.01004	0.05998	0.05107	0.08861	0.05419	0.05195	0.35324	0.01545	0.00884	0.00254	0.00727	0.01242	0.00719	0.04690
4	0.05124	0.01089	0.01314	0.01248	0.01434	0.01127	0.00909	0.12439	0.01922	0.02674	0.09847	0.18760	0.03391	0.09470	0.01932	0.21267	0.00671	0.04009	0.00644	0.00730
5	0.01415	0.01169	0.01511	0.04612	0.10760	0.01180	0.01140	0.01967	0.10422	0.02454	0.08993	0.05702	0.20390	0.16069	0.01631	0.00396	0.00682	0.07986	0.00666	0.00856
6	0.02218	0.06245	0.02936	0.02678	0.14047	0.16276	0.14356	0.08964	0.02110	0.02673	0.01729	0.02187	0.01422	0.01702	0.11803	0.00419	0.01339	0.00756	0.05073	0.01066

[dist]
# distance from previous block
# <min> <max>
8	15

[block]
# block no. 6 follows, 22 sequences, length 6
# corresponding to MSA columns:
# 281-286
name=unknown_G
#
# <colnr> <probs for GDERKNQSTAVLIFYWHMCP>
#	G	D	E	R	K	N	Q	S	T	A	V	L	I	F	Y	W	H	M	C	P
0	0.01677	0.01461	0.05764	0.06524	0.21568	0.01285	0.01570	0.02044	0.01865	0.08727	0.06810	0.20492	0.13754	0.01527	0.00917	0.00280	0.00727	0.01362	0.00643	0.01003
1	0.11040	0.06689	0.19524	0.02979	0.21123	0.01935	0.11603	0.02472	0.01749	0.02702	0.01541	0.02042	0.01261	0.04566	0.00957	0.00277	0.01035	0.00703	0.00416	0.05387
2	0.06815	0.05016	0.02554	0.03050	0.30193	0.01853	0.01777	0.09338	0.07227	0.09284	0.02339	0.02565	0.04931	0.01224	0.04579	0.00309	0.00911	0.00799	0.04027	0.01209
3	0.02344	0.01719	0.02679	0.13206	0.20239	0.01729	0.07795	0.03095	0.11328	0.17897	0.02237	0.02413	0.01631	0.00867	0.00829	0.00252	0.00899	0.00796	0.00625	0.07420
4	0.01747	0.01803	0.10172	0.03032	0.30363	0.01474	0.01868	0.02242	0.02051	0.06043	0.23011	0.03724	0.06659	0.01145	0.00879	0.00256	0.00778	0.01032	0.00619	0.01104
5	0.15285	0.03203	0.39738	0.10595	0.10456	0.01912	0.02524	0.02525	0.01696	0.02776	0.01437	0.01771	0.01061	0.00786	0.00748	0.00262	0.01080	0.00614	0.00389	0.01141

[dist]
# distance from previous block
# <min> <max>
23	102

[block]
# block no. 7 follows, 22 sequences, length 14
# corresponding to MSA columns:
# 392-405
name=unknown_H
#
# <colnr> <probs for GDERKNQSTAVLIFYWHMCP>
#	G	D	E	R	K	N	Q	S	T	A	V	L	I	F	Y	W	H	M	C	P
0	0.01844	0.09827	0.02941	0.02062	0.02580	0.03907	0.21352	0.06730	0.05695	0.02743	0.07114	0.06807	0.11074	0.01182	0.00985	0.00265	0.05086	0.01071	0.05733	0.01000
1	0.01708	0.01632	0.01909	0.05063	0.02199	0.08432	0.08772	0.09059	0.02137	0.02657	0.04700	0.04710	0.30131	0.01604	0.03552	0.00295	0.00847	0.01185	0.00634	0.08774
2	0.02114	0.02043	0.02022	0.10260	0.06724	0.17112	0.03591	0.13057	0.02250	0.02742	0.03005	0.03466	0.13148	0.08985	0.01212	0.00310	0.00965	0.00941	0.05095	0.00957
3	0.02583	0.11701	0.10767	0.02548	0.09977	0.33108	0.08459	0.06742	0.02203	0.02444	0.01413	0.01684	0.01138	0.00809	0.00766	0.00229	0.01286	0.00618	0.00433	0.01093
4	0.09096	0.01768	0.01828	0.10075	0.09432	0.14549	0.01439	0.02175	0.01952	0.02588	0.13456	0.04224	0.07124	0.01676	0.05758	0.00350	0.00986	0.10038	0.00588	0.00897
5	0.02615	0.32707	0.03379	0.02099	0.09489	0.14646	0.01624	0.18841	0.02427	0.02935	0.01450	0.01622	0.01188	0.00817	0.00685	0.00211	0.01018	0.00576	0.00503	0.01168
6	0.01789	0.01625	0.06068	0.01433	0.01927	0.01460	0.01199	0.13343	0.13655	0.03272	0.12575	0.11206	0.10993	0.01362	0.00859	0.00249	0.00647	0.01148	0.00738	0.14453
7	0.01594	0.02138	0.25361	0.01639	0.02204	0.01212	0.01678	0.02077	0.01787	0.10189	0.06451	0.33309	0.03553	0.01692	0.00928	0.00296	0.00781	0.01483	0.00654	0.00975
8	0.01008	0.00834	0.00883	0.00890	0.01143	0.00709	0.00660	0.01235	0.01927	0.02368	0.15059	0.12344	0.53892	0.02091	0.00987	0.00282	0.00422	0.01767	0.00789	0.00709
9	0.01429	0.01233	0.01913	0.05338	0.06143	0.01453	0.05001	0.01718	0.01399	0.02008	0.01951	0.03072	0.01863	0.12374	0.35938	0.00901	0.14136	0.00887	0.00430	0.00813
10	0.08104	0.03667	0.02343	0.02262	0.06640	0.58650	0.01619	0.03207	0.02259	0.02195	0.01294	0.01525	0.01074	0.00843	0.00738	0.00219	0.01406	0.00543	0.00433	0.00982
11	0.01258	0.00995	0.01471	0.01430	0.01562	0.01208	0.01126	0.01542	0.01328	0.01936	0.02097	0.03101	0.01966	0.05692	0.60208	0.01226	0.09786	0.00872	0.00436	0.00761
12	0.01036	0.00733	0.00957	0.01126	0.01168	0.00691	0.00738	0.01163	0.01544	0.02058	0.04340	0.62355	0.05193	0.10922	0.01447	0.00394	0.00521	0.02221	0.00738	0.00654
13	0.02124	0.02138	0.02871	0.25463	0.32316	0.12084	0.02265	0.06172	0.02009	0.02566	0.01517	0.02019	0.01215	0.00803	0.00814	0.00252	0.01101	0.00708	0.00425	0.01138

[dist]
# distance from previous block
# <min> <max>
0	1

[block]
# block no. 8 follows, 22 sequences, length 69
# corresponding to MSA columns:
# 407-475
name=unknown_I
#
# <colnr> <probs for GDERKNQSTAVLIFYWHMCP>
#	G	D	E	R	K	N	Q	S	T	A	V	L	I	F	Y	W	H	M	C	P
0	0.02516	0.05146	0.02109	0.01702	0.02133	0.18280	0.01320	0.25310	0.06890	0.03253	0.02012	0.02654	0.01739	0.14227	0.06684	0.00428	0.01124	0.00792	0.00621	0.01059
1	0.01674	0.01279	0.01424	0.01297	0.01658	0.01333	0.01000	0.02841	0.28252	0.07321	0.21362	0.05103	0.19056	0.01511	0.00914	0.00274	0.00532	0.01281	0.00858	0.01030
2	0.02271	0.02410	0.03070	0.08801	0.46545	0.17481	0.02309	0.02702	0.01985	0.02512	0.01491	0.01935	0.01243	0.00774	0.00806	0.00241	0.01116	0.00691	0.00412	0.01205
3	0.01188	0.00884	0.01302	0.01302	0.01439	0.01020	0.00997	0.01462	0.01325	0.01904	0.02256	0.03432	0.02150	0.11240	0.62603	0.01294	0.02115	0.00915	0.00450	0.00723
4	0.03106	0.03872	0.02362	0.02128	0.02569	0.64010	0.01604	0.06490	0.02437	0.02204	0.01322	0.01525	0.01088	0.00864	0.00753	0.00216	0.01467	0.00546	0.00450	0.00987
5	0.01009	0.00778	0.00908	0.01009	0.01154	0.00693	0.00697	0.01175	0.01701	0.02148	0.06129	0.40220	0.31074	0.05833	0.01187	0.00337	0.00472	0.02042	0.00758	0.00678
6	0.01723	0.01477	0.01723	0.01230	0.01969	0.01107	0.00984	0.02092	0.01723	0.02707	0.01477	0.01723	0.01230	0.00615	0.00615	0.00123	0.00615	0.00492	0.00492	0.75883
7	0.01549	0.00774	0.00774	0.00774	0.00968	0.00774	0.00581	0.01936	0.01742	0.03097	0.02710	0.03097	0.02129	0.00968	0.00581	0.00194	0.00387	0.00774	0.75416	0.00774
8	0.01549	0.00774	0.00774	0.00774	0.00968	0.00774	0.00581	0.01936	0.01742	0.03097	0.02710	0.03097	0.02129	0.00968	0.00581	0.00194	0.00387	0.00774	0.75416	0.00774
9	0.01125	0.00847	0.01040	0.00992	0.01210	0.00762	0.00744	0.01470	0.02232	0.03047	0.50337	0.06674	0.22863	0.01804	0.00980	0.00266	0.00399	0.01568	0.00877	0.00762
10	0.01756	0.01727	0.02426	0.02098	0.02113	0.02397	0.01741	0.01949	0.01278	0.01992	0.01201	0.01959	0.01187	0.01921	0.09061	0.00459	0.62727	0.00743	0.00371	0.00892
11	0.03418	0.01910	0.02235	0.01714	0.02368	0.01958	0.01416	0.36006	0.03208	0.33067	0.02580	0.02375	0.01707	0.01011	0.00833	0.00253	0.00820	0.00788	0.00921	0.01413
12	0.01017	0.00843	0.00890	0.00879	0.01144	0.00716	0.00659	0.01260	0.01977	0.02441	0.18717	0.07670	0.54860	0.02030	0.00981	0.00277	0.00416	0.01708	0.00797	0.00716
13	0.01004	0.00754	0.00932	0.01074	0.01183	0.00682	0.00734	0.01166	0.01670	0.02153	0.05588	0.53885	0.21220	0.02471	0.01040	0.00322	0.00466	0.02202	0.00771	0.00682
14	0.01024	0.00732	0.00975	0.01148	0.01208	0.00683	0.00772	0.01187	0.01647	0.02210	0.09069	0.65516	0.05668	0.02536	0.01054	0.00332	0.00475	0.02298	0.00782	0.00683
15	0.01208	0.00805	0.00906	0.00906	0.00906	0.00805	0.00503	0.01208	0.01208	0.01611	0.02618	0.05436	0.03020	0.70804	0.04228	0.00805	0.00805	0.01208	0.00503	0.00503
16	0.00991	0.00806	0.00879	0.00937	0.01147	0.00693	0.00674	0.01181	0.01802	0.02207	0.07251	0.26898	0.47134	0.02255	0.01006	0.00298	0.00439	0.01938	0.00771	0.00693
17	0.02030	0.01947	0.03325	0.08503	0.62421	0.01967	0.02537	0.02527	0.01879	0.02682	0.01558	0.02065	0.01305	0.00745	0.00823	0.00248	0.00993	0.00740	0.00409	0.01295
18	0.01229	0.00952	0.01416	0.01392	0.01530	0.01139	0.01090	0.01518	0.01331	0.01933	0.02150	0.03167	0.02011	0.05912	0.63193	0.01270	0.06696	0.00879	0.00440	0.00753
19	0.01187	0.00890	0.01335	0.01335	0.01483	0.01038	0.01038	0.01483	0.01335	0.01928	0.02225	0.03264	0.02077	0.06231	0.67512	0.01335	0.02225	0.00890	0.00445	0.00742
20	0.02566	0.03044	0.02795	0.02735	0.12364	0.37636	0.07662	0.02863	0.02021	0.02191	0.01325	0.01722	0.01130	0.00947	0.01193	0.00256	0.15468	0.00649	0.00411	0.01021
21	0.00982	0.00842	0.00842	0.00842	0.01122	0.00701	0.00631	0.01192	0.01894	0.02244	0.08416	0.07995	0.65285	0.02104	0.00982	0.00281	0.00421	0.01753	0.00771	0.00701
22	0.02058	0.02571	0.15151	0.03012	0.19320	0.08532	0.06231	0.06924	0.01877	0.02593	0.01466	0.01941	0.01219	0.01203	0.04220	0.00327	0.19090	0.00715	0.00422	0.01127
23	0.01098	0.00853	0.01008	0.01032	0.01256	0.00763	0.00796	0.01384	0.02013	0.02602	0.24751	0.12275	0.34167	0.02047	0.01012	0.00294	0.00469	0.10631	0.00814	0.00734
24	0.01872	0.02527	0.19946	0.14076	0.35853	0.01951	0.06799	0.02513	0.01825	0.02597	0.01539	0.02014	0.01211	0.00764	0.00826	0.00258	0.01097	0.00723	0.00389	0.01219
25	0.26999	0.10908	0.05451	0.01727	0.02256	0.35356	0.01427	0.02901	0.01940	0.02609	0.01238	0.01444	0.01013	0.00808	0.00650	0.00226	0.01135	0.00501	0.00444	0.00967
26	0.02056	0.01974	0.03372	0.05099	0.65622	0.01974	0.02550	0.02550	0.01892	0.02714	0.01563	0.02056	0.01316	0.00740	0.00822	0.00247	0.00987	0.00740	0.00411	0.01316
27	0.02813	0.06103	0.02644	0.05532	0.14300	0.43599	0.01799	0.08879	0.02362	0.02471	0.01408	0.01673	0.01150	0.00841	0.00765	0.00225	0.01305	0.00599	0.00459	0.01074
28	0.01085	0.00846	0.00985	0.00950	0.01185	0.00745	0.00712	0.01392	0.02137	0.02822	0.38593	0.07044	0.34747	0.01888	0.00981	0.00270	0.00405	0.01620	0.00847	0.00745
29	0.01010	0.00731	0.00955	0.01135	0.01199	0.00677	0.00761	0.01159	0.01611	0.02129	0.04844	0.65959	0.09627	0.02568	0.01055	0.00333	0.00478	0.02320	0.00771	0.00677
30	0.00982	0.00842	0.00842	0.00842	0.01122	0.00701	0.00631	0.01192	0.01894	0.02244	0.08416	0.07995	0.65285	0.02104	0.00982	0.00281	0.00421	0.01753	0.00771	0.00701
31	0.01036	0.00749	0.00980	0.01123	0.01206	0.00693	0.00766	0.01221	0.01723	0.02312	0.14053	0.57146	0.09040	0.02438	0.01044	0.00323	0.00465	0.02198	0.00793	0.00693
32	0.03120	0.03464	0.02396	0.02071	0.02571	0.47769	0.01597	0.21391	0.02825	0.03005	0.01500	0.01649	0.01174	0.00899	0.00774	0.00225	0.01321	0.00600	0.00550	0.01100
33	0.03006	0.03280	0.02407	0.07010	0.02804	0.42907	0.01649	0.21302	0.02774	0.03012	0.01514	0.01702	0.01177	0.00897	0.00780	0.00229	0.01292	0.00615	0.00546	0.01097
34	0.03103	0.03959	0.02354	0.02140	0.02568	0.67469	0.01605	0.03317	0.02354	0.02033	0.01284	0.01498	0.01070	0.00856	0.00749	0.00214	0.01498	0.00535	0.00428	0.00963
35	0.00996	0.00842	0.00861	0.00857	0.01131	0.00707	0.00642	0.01220	0.01927	0.02325	0.12621	0.07862	0.61029	0.02074	0.00982	0.00279	0.00419	0.01735	0.00782	0.00707
36	0.03121	0.03417	0.02400	0.02064	0.02571	0.45926	0.01596	0.23082	0.02869	0.03096	0.01520	0.01663	0.01184	0.00903	0.00776	0.00226	0.01304	0.00606	0.00562	0.01112
37	0.00982	0.00842	0.00842	0.00842	0.01122	0.00701	0.00631	0.01192	0.01894	0.02244	0.08416	0.07995	0.65285	0.02104	0.00982	0.00281	0.00421	0.01753	0.00771	0.00701
38	0.01207	0.00810	0.00929	0.00929	0.00937	0.00818	0.00532	0.01223	0.01215	0.01628	0.02597	0.05320	0.02970	0.67354	0.07610	0.00834	0.00881	0.01191	0.00500	0.00516
39	0.01035	0.00739	0.00990	0.01183	0.01241	0.00694	0.00810	0.01196	0.01613	0.02146	0.04566	0.66054	0.05445	0.02581	0.01066	0.00340	0.00502	0.06347	0.00771	0.00681
40	0.02689	0.02046	0.02194	0.01795	0.02371	0.02293	0.01446	0.34193	0.30979	0.06854	0.02670	0.02525	0.01944	0.01057	0.00838	0.00264	0.00790	0.00838	0.00845	0.01369
41	0.01012	0.00723	0.00964	0.01157	0.01205	0.00675	0.00771	0.01157	0.01591	0.02121	0.04579	0.70262	0.05495	0.02603	0.01060	0.00337	0.00482	0.02362	0.00771	0.00675
