[name]
unknown

[dist]
# distance from previous block
# <min> <max>
1	6

[block]
# block no. 0 follows, 22 sequences, length 29
# corresponding to MSA columns:
# 6-34
name=unknown_A
#
# <colnr> <probs for GDERKNQSTAVLIFYWHMCP>
#	G	D	E	R	K	N	Q	S	T	A	V	L	I	F	Y	W	H	M	C	P
0	0.02353	0.17170	0.16340	0.02812	0.19114	0.23792	0.02118	0.02807	0.01974	0.02319	0.01373	0.01663	0.01130	0.00783	0.00733	0.00225	0.01185	0.00586	0.00393	0.01131
1	0.02265	0.19980	0.02896	0.02528	0.19261	0.15938	0.01652	0.02790	0.08301	0.05122	0.02467	0.02594	0.08907	0.00970	0.00755	0.00230	0.00957	0.00765	0.00514	0.01109
2	0.02029	0.03503	0.39005	0.03048	0.20316	0.09648	0.02677	0.02749	0.01889	0.05260	0.01561	0.01851	0.01169	0.00794	0.00796	0.00253	0.01172	0.00648	0.00405	0.01228
3	0.01883	0.02040	0.11034	0.02024	0.09193	0.04221	0.01580	0.07076	0.21885	0.03069	0.07544	0.11050	0.02688	0.01185	0.00840	0.00257	0.00777	0.01010	0.00665	0.09977
4	0.01568	0.01920	0.15237	0.04966	0.13227	0.01464	0.01712	0.02384	0.11967	0.02886	0.20020	0.12662	0.03843	0.01339	0.00896	0.00273	0.00754	0.01181	0.00657	0.01045
5	0.08773	0.02398	0.02236	0.02542	0.17339	0.24833	0.01621	0.02814	0.09246	0.02494	0.01778	0.02166	0.01491	0.01943	0.14297	0.00461	0.01349	0.00697	0.00484	0.01039
6	0.02463	0.15375	0.16751	0.02259	0.03002	0.23914	0.11888	0.09946	0.02229	0.02627	0.01454	0.01704	0.01137	0.00807	0.00767	0.00233	0.01249	0.00634	0.00445	0.01116
7	0.01012	0.00723	0.00964	0.01157	0.01205	0.00675	0.00771	0.01157	0.01591	0.02121	0.04579	0.70262	0.05495	0.02603	0.01060	0.00337	0.00482	0.02362	0.00771	0.00675
8	0.01067	0.00854	0.00960	0.00958	0.01207	0.00746	0.00735	0.01343	0.02022	0.02567	0.23796	0.07619	0.44076	0.02008	0.00996	0.00284	0.00443	0.06779	0.00811	0.00730
9	0.17577	0.08251	0.11322	0.07704	0.20107	0.02120	0.01921	0.08595	0.09280	0.03137	0.01683	0.01934	0.01309	0.00828	0.00733	0.00252	0.00903	0.00661	0.00508	0.01175
10	0.01678	0.01481	0.02141	0.01863	0.02052	0.01782	0.06708	0.08941	0.01734	0.02457	0.02315	0.19193	0.02413	0.02449	0.13172	0.00505	0.26492	0.01188	0.00539	0.00899
11	0.01295	0.01069	0.01164	0.01101	0.01403	0.01050	0.00837	0.02066	0.16880	0.02839	0.22945	0.06330	0.34381	0.01758	0.00949	0.00275	0.00469	0.01489	0.00829	0.00871
12	0.01036	0.00740	0.00992	0.01184	0.01243	0.00696	0.00813	0.01198	0.01614	0.02148	0.04565	0.65765	0.05442	0.02580	0.01067	0.00341	0.00503	0.06620	0.00771	0.00681
13	0.02705	0.02566	0.15351	0.01937	0.02670	0.02259	0.01820	0.43041	0.03187	0.06733	0.01961	0.02088	0.01422	0.01414	0.06652	0.00347	0.01084	0.00737	0.00707	0.01317
14	0.01666	0.04297	0.66500	0.02368	0.03596	0.01929	0.03069	0.02631	0.01754	0.02631	0.01491	0.01754	0.01052	0.00789	0.00789	0.00263	0.01228	0.00614	0.00351	0.01228
15	0.01012	0.00723	0.00964	0.01157	0.01205	0.00675	0.00771	0.01157	0.01591	0.02121	0.04579	0.70262	0.05495	0.02603	0.01060	0.00337	0.00482	0.02362	0.00771	0.00675
16	0.01752	0.03752	0.51067	0.02867	0.12167	0.01954	0.09564	0.02623	0.01796	0.02646	0.01522	0.01849	0.01111	0.00773	0.00815	0.00263	0.01214	0.00672	0.00367	0.01228
17	0.01980	0.01710	0.02546	0.03390	0.34611	0.01763	0.01934	0.10449	0.07574	0.03019	0.02553	0.10044	0.02429	0.01253	0.00904	0.00282	0.00862	0.10926	0.00600	0.01173
18	0.03082	0.02289	0.02450	0.01896	0.02547	0.02541	0.01561	0.58788	0.08094	0.05113	0.02091	0.02071	0.01491	0.01006	0.00832	0.00252	0.00896	0.00761	0.00832	0.01406
19	0.01945	0.01861	0.03172	0.19567	0.52019	0.01945	0.02494	0.02453	0.01839	0.02580	0.01543	0.02092	0.01269	0.00761	0.00824	0.00254	0.01014	0.00740	0.00402	0.01227
20	0.01535	0.02567	0.33644	0.01746	0.02453	0.01343	0.01932	0.02108	0.01766	0.07121	0.03398	0.23829	0.10087	0.01525	0.00900	0.00288	0.00863	0.01307	0.00581	0.01008
21	0.01421	0.01052	0.01434	0.01366	0.01562	0.01200	0.01055	0.08704	0.01627	0.02291	0.02232	0.03304	0.02081	0.11258	0.54108	0.01161	0.01946	0.00901	0.00496	0.00800
22	0.01055	0.00905	0.00911	0.00899	0.01192	0.00793	0.00677	0.01409	0.06082	0.02327	0.08077	0.07665	0.61061	0.02038	0.00973	0.00281	0.00437	0.01698	0.00776	0.00743
23	0.02029	0.02933	0.23806	0.14433	0.24183	0.10699	0.02515	0.05021	0.01950	0.02597	0.01505	0.01907	0.01165	0.00797	0.00803	0.00253	0.01152	0.00671	0.00403	0.01177
24	0.21618	0.11039	0.13478	0.06854	0.05122	0.21814	0.01743	0.04927	0.01916	0.02715	0.01323	0.01577	0.01047	0.00804	0.00682	0.00237	0.01088	0.00547	0.00438	0.01032
25	0.01853	0.02128	0.10959	0.04052	0.44275	0.01804	0.07098	0.02383	0.01880	0.02635	0.02501	0.02846	0.10034	0.00930	0.00853	0.00256	0.00972	0.00882	0.00454	0.01205
26	0.06644	0.00863	0.00913	0.00943	0.01111	0.00812	0.00642	0.01282	0.01594	0.02142	0.05391	0.19377	0.30037	0.22373	0.01921	0.00445	0.00563	0.01620	0.00673	0.00652
27	0.02413	0.07036	0.08317	0.02964	0.25622	0.06396	0.01933	0.13220	0.04974	0.10537	0.02371	0.02506	0.06139	0.00946	0.00810	0.00247	0.00934	0.00791	0.00594	0.01250
28	0.20732	0.02622	0.10456	0.01568	0.02068	0.25484	0.01373	0.02659	0.01885	0.02802	0.01639	0.01898	0.01292	0.00854	0.00654	0.00226	0.00970	0.00585	0.19295	0.00936

[dist]
# distance from previous block
# <min> <max>
1	27

[block]
# block no. 1 follows, 22 sequences, length 36
# corresponding to MSA columns:
# 62-97
name=unknown_B
#
# <colnr> <probs for GDERKNQSTAVLIFYWHMCP>
#	G	D	E	R	K	N	Q	S	T	A	V	L	I	F	Y	W	H	M	C	P
0	0.01814	0.01958	0.07690	0.02811	0.25947	0.06226	0.01757	0.02245	0.01821	0.02537	0.02338	0.02669	0.08496	0.01335	0.06407	0.00308	0.00984	0.00774	0.00473	0.21409
1	0.01972	0.28832	0.10410	0.16868	0.11539	0.02423	0.01922	0.04837	0.05899	0.02456	0.04358	0.02029	0.01519	0.00832	0.00718	0.00232	0.00952	0.00659	0.00441	0.01103
2	0.01895	0.18332	0.34937	0.02321	0.09943	0.07662	0.02323	0.02528	0.01817	0.02410	0.01989	0.02198	0.06474	0.00883	0.00750	0.00240	0.01082	0.00680	0.00400	0.01136
3	0.05186	0.05979	0.02086	0.02150	0.15649	0.05803	0.01373	0.08873	0.02212	0.03081	0.21649	0.10142	0.03725	0.01253	0.00842	0.00244	0.00723	0.01078	0.00661	0.07293
4	0.07952	0.01673	0.09142	0.02282	0.15783	0.01504	0.01602	0.07040	0.01752	0.02627	0.02128	0.09382	0.01989	0.03153	0.27465	0.00694	0.01422	0.00927	0.00498	0.00984
5	0.01639	0.02415	0.23134	0.02937	0.25733	0.01618	0.02154	0.02274	0.04062	0.02587	0.03462	0.03605	0.18617	0.01140	0.00856	0.00262	0.00900	0.00981	0.00505	0.01121
6	0.02484	0.17533	0.03129	0.08440	0.21315	0.15911	0.01897	0.14484	0.02318	0.02852	0.01494	0.01784	0.01212	0.00816	0.00747	0.00228	0.01067	0.00635	0.00481	0.01174
7	0.01187	0.00890	0.01335	0.01335	0.01483	0.01038	0.01038	0.01483	0.01335	0.01928	0.02225	0.03264	0.02077	0.06231	0.67512	0.01335	0.02225	0.00890	0.00445	0.00742
8	0.01973	0.14088	0.16769	0.02447	0.13002	0.04746	0.02018	0.07399	0.01821	0.02512	0.01496	0.01950	0.01268	0.01616	0.09681	0.00400	0.14627	0.00672	0.00419	0.01096
9	0.02139	0.17271	0.17997	0.02506	0.15634	0.06383	0.02019	0.09935	0.08821	0.02849	0.02068	0.02229	0.04854	0.00901	0.00761	0.00240	0.00980	0.00713	0.00503	0.01198
10	0.00994	0.00842	0.00859	0.00855	0.01130	0.00707	0.00641	0.01217	0.01923	0.02315	0.12088	0.07879	0.61569	0.02078	0.00982	0.00279	0.00419	0.01737	0.00781	0.00707
11	0.01012	0.00723	0.00964	0.01157	0.01205	0.00675	0.00771	0.01157	0.01591	0.02121	0.04579	0.70262	0.05495	0.02603	0.01060	0.00337	0.00482	0.02362	0.00771	0.00675
12	0.02307	0.27024	0.02859	0.01646	0.02203	0.09166	0.01399	0.10316	0.24843	0.02903	0.02140	0.02180	0.01701	0.01216	0.04395	0.00292	0.00943	0.00695	0.00603	0.01170
13	0.09814	0.01339	0.01431	0.01200	0.01617	0.01390	0.00963	0.16822	0.02336	0.14829	0.02485	0.02613	0.01824	0.00966	0.00679	0.00224	0.00594	0.00746	0.37076	0.01052
14	0.00999	0.00815	0.00884	0.00925	0.01148	0.00700	0.00672	0.01205	0.01849	0.02276	0.10649	0.22116	0.48485	0.02196	0.01000	0.00292	0.00433	0.01878	0.00779	0.00700
15	0.02290	0.07510	0.15605	0.02143	0.06665	0.24509	0.01827	0.03246	0.18507	0.02590	0.02283	0.02357	0.04988	0.00966	0.00786	0.00246	0.01088	0.00733	0.00536	0.01126
16	0.02009	0.16628	0.12808	0.07044	0.40458	0.02233	0.02381	0.02528	0.01818	0.02516	0.01464	0.01870	0.01215	0.00746	0.00758	0.00236	0.01008	0.00660	0.00389	0.01232
17	0.01987	0.02368	0.13766	0.04565	0.52135	0.01974	0.05924	0.02569	0.01873	0.02698	0.01557	0.02017	0.01270	0.00746	0.00826	0.00251	0.01049	0.00733	0.00402	0.01291
18	0.01094	0.00947	0.01109	0.01301	0.07694	0.00829	0.00838	0.01327	0.01868	0.02282	0.07396	0.12613	0.53759	0.02007	0.00972	0.00282	0.00484	0.01701	0.00735	0.00762
19	0.02341	0.16969	0.02845	0.01999	0.06387	0.06325	0.07653	0.02832	0.07149	0.15533	0.02676	0.02760	0.08642	0.01087	0.01073	0.00259	0.10927	0.00835	0.00599	0.01110
20	0.01549	0.12191	0.01863	0.05002	0.01657	0.04176	0.01022	0.01669	0.01389	0.01806	0.02151	0.08084	0.02377	0.37430	0.02872	0.00552	0.12003	0.01032	0.00464	0.00710
21	0.01187	0.00890	0.01335	0.01335	0.01483	0.01038	0.01038	0.01483	0.01335	0.01928	0.02225	0.03264	0.02077	0.06231	0.67512	0.01335	0.02225	0.00890	0.00445	0.00742
22	0.02096	0.03279	0.29314	0.03249	0.22527	0.12266	0.07614	0.05112	0.01993	0.02669	0.01516	0.01857	0.01168	0.00785	0.00811	0.00251	0.01198	0.00676	0.00406	0.01212
23	0.02848	0.03499	0.02528	0.06296	0.13020	0.53178	0.01798	0.03126	0.02241	0.02149	0.01340	0.01629	0.01112	0.00836	0.00766	0.00223	0.01393	0.00580	0.00422	0.01018
24	0.01084	0.00790	0.01050	0.01137	0.01242	0.00774	0.00800	0.01295	0.01663	0.02260	0.14331	0.38284	0.08944	0.07434	0.14311	0.00547	0.00826	0.01817	0.00714	0.00697
25	0.01949	0.01823	0.01590	0.01482	0.01797	0.15955	0.01109	0.15380	0.02335	0.02819	0.04020	0.27610	0.15281	0.01759	0.00925	0.00279	0.00792	0.01477	0.00708	0.00908
26	0.08207	0.23936	0.11911	0.02683	0.21238	0.02235	0.04245	0.02420	0.01803	0.02573	0.05711	0.02466	0.01807	0.00899	0.00738	0.00239	0.00923	0.04403	0.00449	0.01114
27	0.05570	0.01788	0.10937	0.02854	0.26809	0.01471	0.01813	0.02084	0.01857	0.02742	0.15129	0.11673	0.03206	0.01646	0.06458	0.00355	0.00918	0.01085	0.00561	0.01041
28	0.01793	0.13795	0.12877	0.01610	0.02062	0.15898	0.01449	0.02132	0.01865	0.02261	0.07853	0.26880	0.03241	0.01526	0.00852	0.00265	0.00889	0.01278	0.00568	0.00905
29	0.02244	0.21882	0.13764	0.05042	0.14960	0.08804	0.05290	0.02712	0.01904	0.08840	0.01769	0.02315	0.01466	0.00883	0.00760	0.00240	0.01035	0.04474	0.00472	0.01144
30	0.02185	0.06514	0.06533	0.02549	0.19232	0.10044	0.01675	0.02766	0.08916	0.11508	0.02600	0.17020	0.02404	0.01247	0.00848	0.00264	0.00875	0.01076	0.00620	0.01123
31	0.07179	0.02452	0.06824	0.09130	0.34664	0.16189	0.02163	0.02776	0.01965	0.06684	0.01575	0.01933	0.01249	0.00797	0.00786	0.00244	0.01083	0.00675	0.00454	0.01180
32	0.05285	0.02778	0.02314	0.11451	0.08913	0.35237	0.01742	0.05036	0.02124	0.02353	0.01748	0.02689	0.01582	0.01060	0.00917	0.00258	0.04841	0.08218	0.00477	0.00978
33	0.17528	0.07212	0.20355	0.02421	0.14023	0.13665	0.01990	0.02694	0.04052	0.02717	0.01484	0.01782	0.01181	0.01084	0.04255	0.00302	0.01122	0.00605	0.00433	0.01096
34	0.01863	0.02015	0.06300	0.01944	0.04629	0.10139	0.07640	0.02660	0.15404	0.02601	0.03295	0.03426	0.14139	0.01246	0.01165	0.00277	0.12414	0.00973	0.06859	0.01010
35	0.02231	0.27666	0.09292	0.01580	0.02182	0.11924	0.01460	0.02703	0.06177	0.08824	0.02188	0.02414	0.05476	0.04075	0.05675	0.00321	0.01034	0.00697	0.00513	0.03569

[dist]
# distance from previous block
# <min> <max>
2	38

[block]
# block no. 2 follows, 22 sequences, length 6
# corresponding to MSA columns:
# 136-141
name=unknown_C
#
# <colnr> <probs for GDERKNQSTAVLIFYWHMCP>
#	G	D	E	R	K	N	Q	S	T	A	V	L	I	F	Y	W	H	M	C	P
0	0.05479	0.18954	0.17363	0.01578	0.02229	0.02011	0.01597	0.08647	0.07021	0.02843	0.06467	0.02811	0.07549	0.01428	0.05914	0.00323	0.00940	0.00796	0.04994	0.01058
1	0.01947	0.07001	0.17678	0.02576	0.07968	0.02004	0.19576	0.09392	0.08508	0.02919	0.02162	0.10492	0.01875	0.01036	0.00874	0.00271	0.01051	0.00983	0.00533	0.01155
2	0.02346	0.14718	0.11534	0.14491	0.06811	0.28481	0.01928	0.02758	0.01974	0.02190	0.01352	0.01681	0.01096	0.00799	0.00731	0.00224	0.01213	0.00578	0.00396	0.04701
3	0.01866	0.14026	0.10296	0.08670	0.02459	0.01886	0.01547	0.13143	0.01995	0.02763	0.01872	0.02375	0.01552	0.02525	0.21450	0.00573	0.01324	0.00723	0.07949	0.01005
4	0.01758	0.12715	0.11755	0.09835	0.13592	0.01949	0.11732	0.02210	0.01653	0.02248	0.01699	0.02602	0.01540	0.13625	0.04465	0.00401	0.04004	0.00806	0.00407	0.01001
5	0.01542	0.01695	0.10361	0.13344	0.06407	0.01472	0.01563	0.02465	0.15936	0.02911	0.22043	0.04157	0.10138	0.01283	0.00889	0.00270	0.00726	0.01105	0.00684	0.01010

[dist]
# distance from previous block
# <min> <max>
0	1

[block]
# block no. 3 follows, 22 sequences, length 14
# corresponding to MSA columns:
# 143-156
name=unknown_D
#
# <colnr> <probs for GDERKNQSTAVLIFYWHMCP>
#	G	D	E	R	K	N	Q	S	T	A	V	L	I	F	Y	W	H	M	C	P
0	0.02522	0.02282	0.02875	0.07186	0.16965	0.17492	0.12523	0.03024	0.04721	0.14560	0.01957	0.02232	0.01474	0.01182	0.05011	0.00318	0.01201	0.00769	0.00552	0.01154
1	0.10698	0.01641	0.02362	0.11393	0.25018	0.01779	0.01797	0.08674	0.04318	0.05598	0.01834	0.02319	0.01492	0.01983	0.15042	0.00486	0.01195	0.00751	0.00512	0.01108
2	0.07155	0.01750	0.06874	0.21490	0.24740	0.01681	0.02017	0.02413	0.01897	0.08333	0.11272	0.02725	0.02262	0.00941	0.00826	0.00260	0.00898	0.00834	0.00533	0.01099
3	0.06873	0.01757	0.06465	0.15934	0.32061	0.01667	0.02012	0.02175	0.01806	0.02565	0.02978	0.03288	0.14901	0.01054	0.00835	0.00261	0.00880	0.00928	0.00483	0.01075
4	0.22767	0.15188	0.13903	0.04454	0.02107	0.01813	0.01397	0.02222	0.01619	0.02800	0.01931	0.10556	0.01763	0.01033	0.00664	0.00243	0.00756	0.00791	0.13050	0.00944
5	0.02874	0.21460	0.02874	0.01953	0.02455	0.50790	0.01557	0.03102	0.02181	0.02013	0.01251	0.01455	0.01069	0.00818	0.00693	0.00205	0.01340	0.00511	0.00409	0.00990
6	0.01190	0.00808	0.00901	0.00901	0.00923	0.00797	0.00514	0.01207	0.01263	0.01661	0.03080	0.05640	0.07985	0.65326	0.03969	0.00764	0.00775	0.01252	0.00525	0.00519
7	0.01174	0.00791	0.00916	0.00950	0.00958	0.00783	0.00550	0.01199	0.01275	0.01699	0.02958	0.16695	0.03450	0.58959	0.03678	0.00724	0.00749	0.01408	0.00550	0.00533
8	0.07176	0.11391	0.31773	0.02412	0.03335	0.10495	0.16813	0.02696	0.01849	0.02559	0.01448	0.01761	0.01096	0.00766	0.00781	0.00251	0.01224	0.00661	0.00389	0.01127
9	0.01740	0.22408	0.41670	0.01928	0.02903	0.02161	0.02330	0.02423	0.01752	0.02399	0.02206	0.02366	0.08549	0.00921	0.00741	0.00242	0.01040	0.00700	0.00401	0.01122
10	0.01187	0.00890	0.01335	0.01335	0.01483	0.01038	0.01038	0.01483	0.01335	0.01928	0.02225	0.03264	0.02077	0.06231	0.67512	0.01335	0.02225	0.00890	0.00445	0.00742
11	0.01677	0.10632	0.26079	0.02674	0.19977	0.01803	0.02161	0.02244	0.01791	0.02471	0.02792	0.08802	0.11228	0.01126	0.00822	0.00258	0.00934	0.00956	0.00469	0.01105
12	0.01921	0.02759	0.24326	0.04093	0.41141	0.01967	0.06632	0.02584	0.01851	0.02683	0.01547	0.01968	0.01225	0.00754	0.00822	0.00254	0.01093	0.00714	0.00392	0.01274
13	0.13820	0.03137	0.08014	0.02518	0.14187	0.36811	0.01780	0.02905	0.02031	0.02464	0.01374	0.01675	0.01130	0.01039	0.03508	0.00278	0.01280	0.00582	0.00432	0.01033

[dist]
# distance from previous block
# <min> <max>
0	8

[block]
# block no. 4 follows, 22 sequences, length 42
# corresponding to MSA columns:
# 165-206
name=unknown_E
#
# <colnr> <probs for GDERKNQSTAVLIFYWHMCP>
#	G	D	E	R	K	N	Q	S	T	A	V	L	I	F	Y	W	H	M	C	P
0	0.02038	0.01874	0.02603	0.06865	0.33630	0.05058	0.01942	0.07709	0.13970	0.02926	0.02323	0.11131	0.02080	0.01089	0.00855	0.00265	0.00883	0.00980	0.00575	0.01202
1	0.01908	0.01365	0.01568	0.04746	0.01829	0.01464	0.01073	0.22357	0.02285	0.03090	0.02696	0.09708	0.02708	0.26811	0.02112	0.00472	0.00803	0.07098	0.05017	0.00891
2	0.02582	0.38333	0.03430	0.05071	0.02503	0.15360	0.01539	0.17096	0.02346	0.02764	0.01397	0.01567	0.01152	0.00813	0.00661	0.00207	0.01023	0.00549	0.00484	0.01122
3	0.01286	0.01028	0.01470	0.01912	0.13615	0.00990	0.01166	0.01533	0.01705	0.02263	0.04269	0.31785	0.12116	0.09084	0.01343	0.00368	0.00653	0.11942	0.00674	0.00800
4	0.01753	0.01817	0.02493	0.06047	0.02640	0.12712	0.16000	0.02141	0.01675	0.02137	0.01833	0.02583	0.01603	0.03430	0.32990	0.00780	0.05215	0.00834	0.00428	0.00889
5	0.02200	0.02020	0.03257	0.04683	0.57397	0.02052	0.02423	0.10417	0.02154	0.03043	0.01619	0.02048	0.01329	0.00774	0.00824	0.00247	0.00977	0.00741	0.00466	0.01329
6	0.01131	0.00809	0.01094	0.01249	0.01360	0.00772	0.00938	0.01380	0.01794	0.02402	0.13314	0.43313	0.05627	0.02382	0.01074	0.00339	0.00551	0.18963	0.00790	0.00717
7	0.02235	0.02416	0.03525	0.04168	0.39588	0.14570	0.16025	0.02722	0.01996	0.02571	0.01536	0.01991	0.01256	0.00753	0.00844	0.00248	0.01179	0.00755	0.00416	0.01204
8	0.02056	0.01974	0.03372	0.05099	0.65622	0.01974	0.02550	0.02550	0.01892	0.02714	0.01563	0.02056	0.01316	0.00740	0.00822	0.00247	0.00987	0.00740	0.00411	0.01316
9	0.02007	0.01924	0.03283	0.11547	0.59560	0.01961	0.02525	0.02506	0.01868	0.02654	0.01554	0.02072	0.01295	0.00749	0.00823	0.00250	0.00999	0.00740	0.00407	0.01276
10	0.01827	0.02073	0.18878	0.01592	0.02197	0.01454	0.01566	0.02828	0.17432	0.10927	0.19314	0.04006	0.09848	0.01271	0.00878	0.00268	0.00724	0.01067	0.00746	0.01104
11	0.00982	0.00842	0.00842	0.00842	0.01122	0.00701	0.00631	0.01192	0.01894	0.02244	0.08416	0.07995	0.65285	0.02104	0.00982	0.00281	0.00421	0.01753	0.00771	0.00701
12	0.01855	0.00993	0.01322	0.01170	0.01476	0.00895	0.00901	0.02211	0.02308	0.20241	0.44453	0.09520	0.06121	0.01577	0.00946	0.00265	0.00483	0.01379	0.00936	0.00947
13	0.76672	0.01607	0.01221	0.01092	0.01607	0.01864	0.00900	0.02442	0.01414	0.03727	0.01157	0.01350	0.00900	0.00771	0.00514	0.00257	0.00643	0.00450	0.00514	0.00900
14	0.01308	0.01068	0.01567	0.01497	0.01617	0.01327	0.01188	0.01582	0.01323	0.01942	0.02007	0.02986	0.01888	0.05314	0.55081	0.01149	0.15093	0.00859	0.00429	0.00774
15	0.02066	0.01785	0.01878	0.01691	0.02160	0.02066	0.01315	0.04414	0.64121	0.03475	0.03381	0.03099	0.02536	0.01127	0.00845	0.00282	0.00657	0.00939	0.00845	0.01315
16	0.02257	0.01687	0.04272	0.01595	0.02095	0.01735	0.01301	0.03871	0.41145	0.15880	0.03545	0.03327	0.06494	0.01488	0.05148	0.00344	0.00775	0.00956	0.00832	0.01254
17	0.13369	0.03352	0.42037	0.02791	0.17392	0.01929	0.02615	0.02583	0.01733	0.02820	0.01455	0.01760	0.01089	0.00775	0.00754	0.00258	0.01082	0.00617	0.00390	0.01197
18	0.76672	0.01607	0.01221	0.01092	0.01607	0.01864	0.00900	0.02442	0.01414	0.03727	0.01157	0.01350	0.00900	0.00771	0.00514	0.00257	0.00643	0.00450	0.00514	0.00900
19	0.03028	0.03835	0.02365	0.02143	0.02546	0.63690	0.01617	0.03241	0.02291	0.02031	0.01273	0.01517	0.01071	0.00891	0.00864	0.00223	0.05444	0.00546	0.00424	0.00960
20	0.03618	0.01589	0.02036	0.01561	0.02208	0.01481	0.01290	0.15332	0.02671	0.54500	0.03031	0.02668	0.01933	0.01022	0.00835	0.00256	0.00747	0.00819	0.00990	0.01414
21	0.00993	0.00842	0.00858	0.00854	0.01129	0.00706	0.00640	0.01215	0.01921	0.02309	0.11793	0.07889	0.61868	0.02080	0.00982	0.00279	0.00419	0.01738	0.00780	0.00706
22	0.01019	0.00843	0.00893	0.00881	0.01145	0.00717	0.00660	0.01264	0.01981	0.02453	0.19309	0.07652	0.54262	0.02026	0.00981	0.00277	0.00415	0.01705	0.00799	0.00717
23	0.00982	0.00842	0.00842	0.00842	0.01122	0.00701	0.00631	0.01192	0.01894	0.02244	0.08416	0.07995	0.65285	0.02104	0.00982	0.00281	0.00421	0.01753	0.00771	0.00701
24	0.03103	0.03959	0.02354	0.02140	0.02568	0.67469	0.01605	0.03317	0.02354	0.02033	0.01284	0.01498	0.01070	0.00856	0.00749	0.00214	0.01498	0.00535	0.00428	0.00963
25	0.03103	0.03959	0.02354	0.02140	0.02568	0.67469	0.01605	0.03317	0.02354	0.02033	0.01284	0.01498	0.01070	0.00856	0.00749	0.00214	0.01498	0.00535	0.00428	0.00963
26	0.02002	0.33087	0.35554	0.01930	0.02898	0.02557	0.02262	0.06451	0.01864	0.02507	0.01378	0.01588	0.01082	0.00769	0.00681	0.00225	0.01061	0.00549	0.00384	0.01170
27	0.02718	0.03247	0.02671	0.05885	0.21974	0.44655	0.01924	0.03032	0.02183	0.02245	0.01377	0.01699	0.01147	0.00820	0.00775	0.00227	0.01325	0.00606	0.00420	0.01069
28	0.01208	0.00805	0.00906	0.00906	0.00906	0.00805	0.00503	0.01208	0.01208	0.01611	0.02618	0.05436	0.03020	0.70804	0.04228	0.00805	0.00805	0.01208	0.00503	0.00503
29	0.01878	0.17131	0.02021	0.01277	0.01650	0.01700	0.01044	0.14665	0.02186	0.03051	0.06715	0.19985	0.02973	0.01384	0.00772	0.00243	0.00637	0.01150	0.18588	0.00950
30	0.02208	0.02262	0.03224	0.04670	0.56480	0.11470	0.02413	0.02661	0.01959	0.02615	0.01522	0.01975	0.01280	0.00757	0.00812	0.00242	0.01061	0.00710	0.00414	0.01265
31	0.01315	0.00971	0.01192	0.01270	0.01437	0.00967	0.00941	0.06522	0.05079	0.02494	0.04510	0.39448	0.10462	0.06789	0.01248	0.00361	0.00595	0.12860	0.00761	0.00777
32	0.01208	0.00805	0.00906	0.00906	0.00906	0.00805	0.00503	0.01208	0.01208	0.01611	0.02618	0.05436	0.03020	0.70804	0.04228	0.00805	0.00805	0.01208	0.00503	0.00503
33	0.01883	0.01716	0.02753	0.03734	0.40746	0.01721	0.04601	0.05476	0.04658	0.02815	0.04838	0.05991	0.06812	0.01139	0.00892	0.00271	0.00882	0.07358	0.00548	0.01165
34	0.03106	0.03875	0.02361	0.02128	0.02569	0.64114	0.01604	0.06395	0.02434	0.02199	0.01321	0.01524	0.01088	0.00863	0.00753	0.00216	0.01468	0.00546	0.00449	0.00986
35	0.01674	0.01331	0.01552	0.01437	0.01679	0.05243	0.01103	0.13322	0.01886	0.02541	0.02273	0.06099	0.02147	0.12158	0.40574	0.00956	0.01691	0.00943	0.00539	0.00853
36	0.02477	0.45081	0.03533	0.01664	0.02252	0.25168	0.01467	0.02727	0.01900	0.01980	0.01247	0.01476	0.01113	0.01008	0.03612	0.00242	0.01157	0.00495	0.00384	0.01016
37	0.01733	0.11756	0.02005	0.01798	0.09950	0.13566	0.01198	0.01966	0.01848	0.02200	0.07145	0.16395	0.14848	0.08577	0.01199	0.00312	0.00810	0.01251	0.00582	0.00862
38	0.02036	0.01401	0.01439	0.01238	0.01658	0.05517	0.00974	0.11765	0.02367	0.15738	0.08856	0.05467	0.35022	0.01606	0.00913	0.00265	0.00627	0.01313	0.00818	0.00981
39	0.02336	0.06650	0.02352	0.05561	0.12475	0.14514	0.01551	0.20795	0.02572	0.03169	0.03169	0.03242	0.15818	0.01154	0.00829	0.00246	0.00934	0.00914	0.00619	0.01102
40	0.10276	0.23059	0.06570	0.01808	0.02404	0.29880	0.01562	0.10714	0.02233	0.02636	0.01338	0.01515	0.01095	0.00820	0.00675	0.00215	0.01142	0.00532	0.00464	0.01061
41	0.01935	0.17371	0.02521	0.20991	0.03036	0.02059	0.01550	0.13756	0.04751	0.02736	0.02470	0.06985	0.06050	0.05633	0.01025	0.00293	0.00880	0.04401	0.00557	0.01001

[dist]
# distance from previous block
# <min> <max>
8	40

[block]
# block no. 5 follows, 22 sequences, length 99
# corresponding to MSA columns:
# 251-349
name=unknown_F
#
# <colnr> <probs for GDERKNQSTAVLIFYWHMCP>
#	G	D	E	R	K	N	Q	S	T	A	V	L	I	F	Y	W	H	M	C	P
0	0.01928	0.02814	0.21144	0.02523	0.12413	0.15374	0.05128	0.02432	0.01895	0.02455	0.06797	0.11200	0.02227	0.01157	0.01008	0.00269	0.06763	0.00946	0.00480	0.01047
1	0.01878	0.02097	0.06040	0.01979	0.02455	0.13948	0.14032	0.05124	0.05257	0.02620	0.08604	0.04403	0.15247	0.01358	0.01015	0.00280	0.04260	0.07840	0.00608	0.00956
2	0.22073	0.16977	0.27540	0.01729	0.02544	0.04679	0.01905	0.02564	0.01671	0.05086	0.01433	0.01676	0.01111	0.01093	0.04505	0.00304	0.01049	0.00556	0.00429	0.01075
3	0.21030	0.02500	0.16226	0.02559	0.12501	0.07879	0.13159	0.02536	0.01769	0.02832	0.01617	0.02226	0.01335	0.01112	0.04073	0.00317	0.01124	0.03690	0.00448	0.01066
4	0.15837	0.36459	0.03099	0.01553	0.02151	0.20790	0.01356	0.02690	0.01826	0.02334	0.01208	0.01402	0.01046	0.00757	0.00594	0.00199	0.01000	0.00473	0.00411	0.04815
5	0.01504	0.22459	0.02260	0.01362	0.01682	0.01727	0.01156	0.01791	0.01443	0.01936	0.01897	0.02672	0.01767	0.04540	0.46996	0.00981	0.01816	0.00754	0.00418	0.00841
6	0.01023	0.00728	0.00961	0.01142	0.01188	0.00682	0.00756	0.01160	0.01568	0.02091	0.04466	0.66529	0.05352	0.06530	0.01243	0.00364	0.00501	0.02295	0.00756	0.00665
7	0.03158	0.02327	0.02493	0.01911	0.02576	0.02576	0.01579	0.62852	0.03906	0.05236	0.01995	0.01995	0.01413	0.00997	0.00831	0.00249	0.00914	0.00748	0.00831	0.01413
8	0.01776	0.17546	0.54212	0.02181	0.03306	0.02198	0.02744	0.02603	0.01741	0.02497	0.01424	0.01671	0.01055	0.00774	0.00739	0.00246	0.01161	0.00580	0.00352	0.01196
9	0.01442	0.01466	0.05762	0.02272	0.09888	0.01276	0.15518	0.01845	0.01799	0.02414	0.03685	0.27472	0.08903	0.01747	0.01005	0.00311	0.00835	0.10835	0.00623	0.00902
10	0.03158	0.02327	0.02493	0.01911	0.02576	0.02576	0.01579	0.62852	0.03906	0.05236	0.01995	0.01995	0.01413	0.00997	0.00831	0.00249	0.00914	0.00748	0.00831	0.01413
11	0.01549	0.00774	0.00774	0.00774	0.00968	0.00774	0.00581	0.01936	0.01742	0.03097	0.02710	0.03097	0.02129	0.00968	0.00581	0.00194	0.00387	0.00774	0.75416	0.00774
12	0.03158	0.02327	0.02493	0.01911	0.02576	0.02576	0.01579	0.62852	0.03906	0.05236	0.01995	0.01995	0.01413	0.00997	0.00831	0.00249	0.00914	0.00748	0.00831	0.01413
13	0.02942	0.02220	0.02372	0.01868	0.02494	0.02475	0.01527	0.51298	0.15812	0.04888	0.02269	0.02213	0.01635	0.01023	0.00834	0.00256	0.00863	0.00786	0.00834	0.01393
14	0.03158	0.02327	0.02493	0.01911	0.02576	0.02576	0.01579	0.62852	0.03906	0.05236	0.01995	0.01995	0.01413	0.00997	0.00831	0.00249	0.00914	0.00748	0.00831	0.01413
15	0.03158	0.02327	0.02493	0.01911	0.02576	0.02576	0.01579	0.62852	0.03906	0.05236	0.01995	0.01995	0.01413	0.00997	0.00831	0.00249	0.00914	0.00748	0.00831	0.01413
16	0.01120	0.00847	0.01034	0.00987	0.01207	0.00760	0.00740	0.01460	0.02221	0.03021	0.48955	0.06717	0.24262	0.01814	0.00980	0.00267	0.00400	0.01574	0.00874	0.00760
17	0.01041	0.00844	0.00924	0.00904	0.01159	0.00727	0.00678	0.01307	0.02034	0.02577	0.25804	0.07447	0.47689	0.01980	0.00981	0.00275	0.00412	0.01676	0.00815	0.00727
18	0.03158	0.02327	0.02493	0.01911	0.02576	0.02576	0.01579	0.62852	0.03906	0.05236	0.01995	0.01995	0.01413	0.00997	0.00831	0.00249	0.00914	0.00748	0.00831	0.01413
19	0.01012	0.00723	0.00964	0.01157	0.01205	0.00675	0.00771	0.01157	0.01591	0.02121	0.04579	0.70262	0.05495	0.02603	0.01060	0.00337	0.00482	0.02362	0.00771	0.00675
20	0.02603	0.06408	0.02622	0.02472	0.10035	0.39736	0.01765	0.02845	0.01987	0.02103	0.01261	0.01640	0.01105	0.00990	0.01258	0.00255	0.18909	0.00605	0.00406	0.00996
21	0.03027	0.02262	0.02419	0.01885	0.02526	0.02515	0.01547	0.55820	0.11152	0.05024	0.02161	0.02127	0.01548	0.01013	0.00833	0.00253	0.00883	0.00771	0.00833	0.01401
22	0.01208	0.00805	0.00906	0.00906	0.00906	0.00805	0.00503	0.01208	0.01208	0.01611	0.02618	0.05436	0.03020	0.70804	0.04228	0.00805	0.00805	0.01208	0.00503	0.00503
23	0.01132	0.00857	0.01050	0.01029	0.01250	0.00775	0.00789	0.01469	0.02173	0.02926	0.42477	0.07036	0.24863	0.01876	0.00996	0.00278	0.00435	0.06974	0.00858	0.00757
24	0.02004	0.02239	0.09715	0.04597	0.50515	0.01988	0.11516	0.02574	0.01889	0.02698	0.01573	0.02054	0.01282	0.00739	0.00843	0.00253	0.01072	0.00764	0.00407	0.01278
25	0.02369	0.02206	0.02853	0.16329	0.30251	0.09985	0.02141	0.17980	0.02418	0.03162	0.01623	0.02004	0.01271	0.00837	0.00817	0.00249	0.01053	0.00717	0.00512	0.01222
26	0.01853	0.04157	0.55797	0.02395	0.03508	0.09825	0.05777	0.02715	0.01836	0.02560	0.01475	0.01747	0.01065	0.00793	0.00794	0.00258	0.01269	0.00622	0.00363	0.01191
27	0.02010	0.02097	0.07294	0.07806	0.59023	0.01965	0.02571	0.02535	0.01873	0.02682	0.01554	0.02044	0.01290	0.00747	0.00821	0.00249	0.01007	0.00732	0.00406	0.01293
28	0.02303	0.02070	0.01706	0.01552	0.01953	0.22241	0.01207	0.02856	0.10803	0.12965	0.07303	0.04426	0.17027	0.01390	0.00880	0.00264	0.00874	0.06461	0.00722	0.00998
29	0.01905	0.10134	0.08532	0.03750	0.36817	0.01985	0.10692	0.02397	0.01830	0.02540	0.01889	0.10181	0.01760	0.00959	0.00837	0.00256	0.00992	0.00924	0.00444	0.01175
30	0.01569	0.01477	0.02492	0.68808	0.05722	0.01846	0.02307	0.02123	0.01661	0.02123	0.01477	0.02215	0.01107	0.00831	0.00831	0.00277	0.01107	0.00738	0.00369	0.00923
31	0.01000	0.00842	0.00867	0.00861	0.01133	0.00709	0.00646	0.01228	0.01937	0.02348	0.13827	0.07824	0.59809	0.02065	0.00982	0.00279	0.00418	0.01729	0.00785	0.00709
32	0.02099	0.02325	0.02185	0.19111	0.06282	0.27046	0.01695	0.02434	0.01838	0.02062	0.01584	0.02184	0.01355	0.02271	0.18256	0.00531	0.04720	0.00699	0.00414	0.00911
33	0.05466	0.02033	0.03093	0.04250	0.49478	0.02097	0.02273	0.15381	0.02300	0.03294	0.01637	0.02013	0.01319	0.00796	0.00811	0.00248	0.00957	0.00729	0.00505	0.01319
34	0.03103	0.03959	0.02354	0.02140	0.02568	0.67469	0.01605	0.03317	0.02354	0.02033	0.01284	0.01498	0.01070	0.00856	0.00749	0.00214	0.01498	0.00535	0.00428	0.00963
35	0.01665	0.01575	0.02666	0.56211	0.17565	0.01871	0.02355	0.02207	0.01707	0.02240	0.01494	0.02183	0.01149	0.00813	0.00829	0.00271	0.01084	0.00739	0.00377	0.01001
36	0.01684	0.04192	0.63648	0.02491	0.06398	0.01931	0.03046	0.02627	0.01760	0.02635	0.01494	0.01768	0.01064	0.00787	0.00791	0.00262	0.01217	0.00620	0.00354	0.01232
37	0.03110	0.01711	0.05226	0.01606	0.02228	0.01567	0.01359	0.06800	0.20488	0.41788	0.03158	0.02814	0.02116	0.01044	0.00836	0.00264	0.00729	0.00850	0.00931	0.01375
38	0.01192	0.00870	0.01234	0.01234	0.01348	0.00984	0.00913	0.01419	0.01305	0.01854	0.02317	0.03774	0.02299	0.21405	0.52641	0.01211	0.01892	0.00965	0.00459	0.00686
39	0.01979	0.01033	0.01334	0.01154	0.01510	0.00913	0.00902	0.02318	0.02286	0.23723	0.35682	0.05392	0.15304	0.01545	0.00933	0.00263	0.00500	0.01325	0.00928	0.00977
40	0.01949	0.01864	0.03178	0.19129	0.52431	0.01946	0.02496	0.02456	0.01841	0.02584	0.01544	0.02091	0.01270	0.00760	0.00824	0.00253	0.01013	0.00740	0.00402	0.01229
41	0.01818	0.01818	0.02545	0.02181	0.02181	0.02545	0.01818	0.01999	0.01272	0.01999	0.01091	0.01818	0.01091	0.01454	0.02726	0.00364	0.69284	0.00727	0.00364	0.00909
42	0.02056	0.01974	0.03372	0.05099	0.65622	0.01974	0.02550	0.02550	0.01892	0.02714	0.01563	0.02056	0.01316	0.00740	0.00822	0.00247	0.00987	0.00740	0.00411	0.01316
43	0.01187	0.00890	0.01335	0.01335	0.01483	0.01038	0.01038	0.01483	0.01335	0.01928	0.02225	0.03264	0.02077	0.06231	0.67512	0.01335	0.02225	0.00890	0.00445	0.00742
44	0.01989	0.23992	0.03522	0.02408	0.08742	0.02664	0.10029	0.02299	0.01559	0.02146	0.01238	0.01744	0.01128	0.01044	0.01603	0.00281	0.31537	0.00673	0.00373	0.01028
45	0.02221	0.71304	0.04353	0.01421	0.02132	0.03287	0.01421	0.02488	0.01688	0.01955	0.01155	0.01333	0.01066	0.00711	0.00533	0.00178	0.00888	0.00444	0.00355	0.01066
46	0.02833	0.03509	0.02394	0.02149	0.02487	0.53820	0.01650	0.03040	0.02127	0.02026	0.01243	0.01565	0.01074	0.00982	0.01165	0.00245	0.15749	0.00575	0.00414	0.00952
47	0.03412	0.01919	0.02241	0.01718	0.02373	0.01971	0.01419	0.36570	0.03223	0.32482	0.02568	0.02367	0.01700	0.01011	0.00833	0.00253	0.00822	0.00787	0.00919	0.01413
48	0.01201	0.00833	0.01046	0.01046	0.01094	0.00881	0.00678	0.01298	0.01249	0.01714	0.02490	0.04729	0.02713	0.49784	0.24828	0.00978	0.01268	0.01105	0.00484	0.00581
49	0.01091	0.00846	0.00992	0.00956	0.01189	0.00748	0.00717	0.01403	0.02151	0.02854	0.40274	0.06991	0.33046	0.01876	0.00981	0.00270	0.00405	0.01612	0.00852	0.00748
50	0.02486	0.02702	0.02068	0.01856	0.02259	0.32550	0.01428	0.08674	0.16829	0.02664	0.02306	0.02466	0.04831	0.01638	0.08554	0.00371	0.03931	0.00760	0.00580	0.01046
51	0.01818	0.01818	0.02545	0.02181	0.02181	0.02545	0.01818	0.01999	0.01272	0.01999	0.01091	0.01818	0.01091	0.01454	0.02726	0.00364	0.69284	0.00727	0.00364	0.00909
52	0.02034	0.02037	0.03732	0.04724	0.51222	0.02004	0.16662	0.02576	0.01908	0.02702	0.01590	0.02100	0.01303	0.00731	0.00860	0.00255	0.01084	0.00797	0.00413	0.01270
53	0.01039	0.00767	0.00980	0.01139	0.01242	0.00707	0.00803	0.01219	0.01675	0.02178	0.05224	0.53478	0.15750	0.02486	0.01055	0.00332	0.00499	0.07967	0.00771	0.00688
54	0.01755	0.10076	0.02121	0.01644	0.01941	0.14562	0.04100	0.02045	0.01605	0.01990	0.01833	0.02569	0.01673	0.04028	0.40197	0.00881	0.04940	0.00763	0.00426	0.00850
55	0.02108	0.01555	0.01867	0.05670	0.02229	0.01539	0.01234	0.19095	0.02290	0.06684	0.01938	0.02273	0.01538	0.01889	0.13926	0.00419	0.01040	0.00693	0.04914	0.27099
56	0.01549	0.00774	0.00774	0.00774	0.00968	0.00774	0.00581	0.01936	0.01742	0.03097	0.02710	0.03097	0.02129	0.00968	0.00581	0.00194	0.00387	0.00774	0.75416	0.00774
57	0.03158	0.02327	0.02493	0.01911	0.02576	0.02576	0.01579	0.62852	0.03906	0.05236	0.01995	0.01995	0.01413	0.00997	0.00831	0.00249	0.00914	0.00748	0.00831	0.01413
58	0.02191	0.67677	0.07717	0.01473	0.02211	0.03214	0.01511	0.02495	0.01692	0.01991	0.01173	0.01355	0.01065	0.00715	0.00547	0.00182	0.00907	0.00453	0.00355	0.01075
59	0.01549	0.00774	0.00774	0.00774	0.00968	0.00774	0.00581	0.01936	0.01742	0.03097	0.02710	0.03097	0.02129	0.00968	0.00581	0.00194	0.00387	0.00774	0.75416	0.00774
60	0.03158	0.02327	0.02493	0.01911	0.02576	0.02576	0.01579	0.62852	0.03906	0.05236	0.01995	0.01995	0.01413	0.00997	0.00831	0.00249	0.00914	0.00748	0.00831	0.01413
61	0.03158	0.02327	0.02493	0.01911	0.02576	0.02576	0.01579	0.62852	0.03906	0.05236	0.01995	0.01995	0.01413	0.00997	0.00831	0.00249	0.00914	0.00748	0.00831	0.01413
62	0.02901	0.02199	0.02349	0.01860	0.02478	0.02456	0.01517	0.49120	0.18056	0.04822	0.02320	0.02254	0.01677	0.01028	0.00834	0.00257	0.00854	0.00793	0.00834	0.01390
63	0.03105	0.02301	0.02463	0.01901	0.02556	0.02552	0.01566	0.60022	0.06823	0.05150	0.02062	0.02048	0.01467	0.01004	0.00832	0.00251	0.00902	0.00757	0.00832	0.01408
64	0.01169	0.00789	0.00918	0.00956	0.00965	0.00780	0.00556	0.01198	0.01284	0.01712	0.03005	0.18254	0.03509	0.57319	0.03602	0.00713	0.00741	0.01436	0.00556	0.00537
65	0.02938	0.18536	0.02930	0.01796	0.02472	0.02743	0.01542	0.48667	0.03385	0.04465	0.01797	0.01839	0.01331	0.00930	0.00761	0.00232	0.00908	0.00677	0.00719	0.01331
66	0.01443	0.00722	0.01082	0.01082	0.01082	0.00722	0.00722	0.01082	0.01082	0.01443	0.01443	0.02525	0.01443	0.02886	0.03247	0.75830	0.00722	0.00722	0.00361	0.00361
67	0.01345	0.01123	0.01638	0.01547	0.01658	0.01416	0.01234	0.01613	0.01319	0.01946	0.01941	0.02901	0.01830	0.05033	0.51276	0.01092	0.19031	0.00849	0.00425	0.00784
68	0.02501	0.14936	0.23722	0.02023	0.02833	0.15315	0.02045	0.21189	0.02521	0.03196	0.01548	0.01706	0.01169	0.00853	0.00751	0.00235	0.01128	0.00611	0.00514	0.01205
69	0.02091	0.39770	0.10026	0.02541	0.13420	0.02706	0.13861	0.02546	0.01782	0.02285	0.01359	0.01673	0.01145	0.00721	0.00694	0.00217	0.01038	0.00616	0.00377	0.01134
70	0.01965	0.20360	0.19892	0.02881	0.10966	0.02346	0.24949	0.02596	0.01831	0.02479	0.01485	0.01866	0.01166	0.00730	0.00800	0.00246	0.01177	0.00723	0.00385	0.01157
71	0.01226	0.00948	0.01411	0.01388	0.01527	0.01133	0.01087	0.01516	0.01331	0.01933	0.02154	0.03173	0.02015	0.05931	0.63447	0.01274	0.06433	0.00880	0.00440	0.00752
72	0.02221	0.71304	0.04353	0.01421	0.02132	0.03287	0.01421	0.02488	0.01688	0.01955	0.01155	0.01333	0.01066	0.00711	0.00533	0.00178	0.00888	0.00444	0.00355	0.01066
73	0.02537	0.47294	0.03650	0.01666	0.02288	0.22885	0.01485	0.05726	0.02001	0.02141	0.01236	0.01416	0.01084	0.00769	0.00614	0.00192	0.01076	0.00487	0.00401	0.01052
74	0.01014	0.00751	0.00948	0.01092	0.01191	0.00685	0.00745	0.01182	0.01683	0.02200	0.08103	0.55547	0.16891	0.02467	0.01042	0.00323	0.00466	0.02207	0.00778	0.00685
75	0.01208	0.00805	0.00906	0.00906	0.00906	0.00805	0.00503	0.01208	0.01208	0.01611	0.02618	0.05436	0.03020	0.70804	0.04228	0.00805	0.00805	0.01208	0.00503	0.00503
76	0.01187	0.00890	0.01335	0.01335	0.01483	0.01038	0.01038	0.01483	0.01335	0.01928	0.02225	0.03264	0.02077	0.06231	0.67512	0.01335	0.02225	0.00890	0.00445	0.00742
77	0.01188	0.00885	0.01308	0.01308	0.01447	0.01024	0.01005	0.01466	0.01327	0.01909	0.02250	0.03400	0.02136	0.10283	0.63541	0.01302	0.02136	0.00910	0.00449	0.00727
78	0.02849	0.02173	0.02319	0.01849	0.02458	0.02432	0.01504	0.46289	0.20973	0.04737	0.02388	0.02308	0.01731	0.01034	0.00835	0.00259	0.00841	0.00802	0.00835	0.01385
79	0.03106	0.03882	0.02361	0.02129	0.02569	0.64406	0.01604	0.06127	0.02427	0.02184	0.01318	0.01522	0.01086	0.00863	0.00753	0.00216	0.01471	0.00545	0.00447	0.00984
80	0.01387	0.00829	0.01095	0.01178	0.01327	0.00755	0.00825	0.01570	0.01748	0.10894	0.07331	0.54847	0.08369	0.02321	0.01022	0.00320	0.00505	0.02083	0.00813	0.00782
81	0.01012	0.00723	0.00964	0.01157	0.01205	0.00675	0.00771	0.01157	0.01591	0.02121	0.04579	0.70262	0.05495	0.02603	0.01060	0.00337	0.00482	0.02362	0.00771	0.00675
82	0.02257	0.02395	0.03052	0.10277	0.45282	0.17353	0.02305	0.02691	0.01979	0.02500	0.01489	0.01940	0.01239	0.00776	0.00806	0.00242	0.01118	0.00692	0.00411	0.01197
83	0.01681	0.04195	0.63455	0.02424	0.03632	0.01938	0.06013	0.02632	0.01764	0.02632	0.01500	0.01778	0.01063	0.00785	0.00799	0.00264	0.01236	0.00632	0.00354	0.01222
84	0.01978	0.54757	0.03644	0.01401	0.01980	0.02759	0.01331	0.02252	0.01605	0.01948	0.01406	0.01786	0.01304	0.02008	0.16273	0.00450	0.01203	0.00549	0.00376	0.00990
85	0.02011	0.01928	0.03291	0.10973	0.60100	0.01962	0.02527	0.02510	0.01870	0.02660	0.01555	0.02071	0.01297	0.00749	0.00823	0.00250	0.00998	0.00740	0.00407	0.01280
86	0.05091	0.05119	0.02662	0.16346	0.03053	0.08198	0.04939	0.02218	0.01512	0.02134	0.01226	0.01853	0.01092	0.01166	0.01862	0.00314	0.39200	0.00700	0.00379	0.00934
87	0.01073	0.00753	0.00969	0.01118	0.01162	0.00718	0.00737	0.01196	0.01519	0.02022	0.04123	0.52545	0.04896	0.18145	0.01787	0.00446	0.00569	0.04874	0.00710	0.00640
88	0.01883	0.01797	0.03059	0.27776	0.44300	0.01928	0.02463	0.02398	0.01810	0.02503	0.01532	0.02113	0.01242	0.00772	0.00825	0.00257	0.01030	0.00740	0.00396	0.01176
89	0.02130	0.02053	0.03244	0.07886	0.57025	0.04841	0.02451	0.05409	0.01996	0.02775	0.01567	0.02037	0.01300	0.00762	0.00820	0.00247	0.01011	0.00732	0.00430	0.01286
90	0.05793	0.14927	0.03192	0.07855	0.08548	0.09245	0.13903	0.09169	0.02060	0.02753	0.04475	0.02089	0.01525	0.00892	0.00941	0.00249	0.06919	0.00734	0.03664	0.01068
91	0.01928	0.01699	0.02005	0.05400	0.19942	0.09332	0.01479	0.06565	0.02070	0.05886	0.03768	0.03903	0.19977	0.01442	0.03676	0.00296	0.00866	0.01024	0.07729	0.01013
92	0.02181	0.08865	0.02039	0.01585	0.01950	0.17669	0.01247	0.11683	0.02313	0.05827	0.15303	0.12565	0.03276	0.01658	0.05106	0.00322	0.03713	0.01066	0.00661	0.00970
93	0.17631	0.01945	0.10464	0.02146	0.15560	0.05653	0.01502	0.02220	0.04402	0.02659	0.02934	0.03460	0.13142	0.11428	0.01283	0.00340	0.00834	0.00911	0.00524	0.00961
94	0.01767	0.02294	0.15192	0.01756	0.04884	0.14372	0.01468	0.02273	0.07437	0.02206	0.02431	0.13140	0.02467	0.22540	0.01881	0.00431	0.00978	0.01075	0.00524	0.00884
95	0.02458	0.08301	0.02881	0.06514	0.32504	0.05273	0.01954	0.03106	0.09477	0.16186	0.02091	0.02258	0.01575	0.00856	0.00798	0.00247	0.00910	0.00747	0.00588	0.01277
96	0.02341	0.08920	0.02113	0.05072	0.04930	0.15859	0.01312	0.08102	0.02191	0.13002	0.03418	0.03430	0.16423	0.01419	0.04039	0.00291	0.00950	0.00916	0.00638	0.04635
97	0.17289	0.01607	0.02140	0.09197	0.23408	0.01681	0.01615	0.02465	0.09229	0.02881	0.02506	0.05912	0.07885	0.01016	0.00770	0.00252	0.00773	0.00860	0.00541	0.07973
98	0.05689	0.02885	0.16112	0.03260	0.26450	0.18177	0.06003	0.02681	0.01960	0.02545	0.01861	0.02175	0.04861	0.00857	0.00802	0.00247	0.01141	0.00723	0.00429	0.01143

[dist]
# distance from previous block
# <min> <max>
1	91

[block]
# block no. 6 follows, 22 sequences, length 23
# corresponding to MSA columns:
# 445-467
name=unknown_G
#
# <colnr> <probs for GDERKNQSTAVLIFYWHMCP>
#	G	D	E	R	K	N	Q	S	T	A	V	L	I	F	Y	W	H	M	C	P
0	0.02030	0.06728	0.02697	0.16386	0.08870	0.15348	0.10059	0.02441	0.01865	0.02370	0.01676	0.04930	0.01427	0.00887	0.00846	0.00235	0.03569	0.00753	0.06824	0.10058
1	0.09600	0.18999	0.03138	0.02317	0.12350	0.02092	0.13828	0.05548	0.01925	0.08215	0.01793	0.02070	0.01397	0.00801	0.00715	0.00230	0.00890	0.00700	0.12291	0.01101
2	0.02193	0.02327	0.13735	0.01917	0.07911	0.14710	0.01584	0.02610	0.02103	0.14936	0.09967	0.03791	0.16272	0.01232	0.00856	0.00254	0.00893	0.00998	0.00657	0.01055
3	0.02426	0.01776	0.05759	0.08116	0.15476	0.01718	0.01770	0.02815	0.01869	0.22530	0.01984	0.02202	0.01460	0.00969	0.01183	0.00260	0.14737	0.00726	0.00601	0.11624
4	0.02397	0.17729	0.13398	0.02201	0.08597	0.31074	0.01818	0.02773	0.02030	0.02199	0.01926	0.02114	0.06567	0.00910	0.00737	0.00223	0.01184	0.00653	0.00428	0.01040
5	0.02129	0.02744	0.29151	0.02710	0.15957	0.01698	0.07444	0.02774	0.01939	0.15522	0.02511	0.02640	0.07136	0.00939	0.00839	0.00262	0.01014	0.00819	0.00545	0.01227
6	0.03158	0.02327	0.02493	0.01911	0.02576	0.02576	0.01579	0.62852	0.03906	0.05236	0.01995	0.01995	0.01413	0.00997	0.00831	0.00249	0.00914	0.00748	0.00831	0.01413
7	0.01723	0.01477	0.01723	0.01230	0.01969	0.01107	0.00984	0.02092	0.01723	0.02707	0.01477	0.01723	0.01230	0.00615	0.00615	0.00123	0.00615	0.00492	0.00492	0.75883
