[name]
unknown

[dist]
# distance from previous block
# <min> <max>
0	0

[block]
# block no. 0 follows, 22 sequences, length 35
# corresponding to MSA columns:
# 0-34
name=unknown_A
#
# <colnr> <probs for GDERKNQSTAVLIFYWHMCP>
#	G	D	E	R	K	N	Q	S	T	A	V	L	I	F	Y	W	H	M	C	P
0	0.01339	0.00956	0.01339	0.01530	0.01721	0.00956	0.01339	0.01721	0.01912	0.02486	0.04399	0.09371	0.04781	0.02295	0.01147	0.00382	0.00765	0.60031	0.00765	0.00765
1	0.02748	0.02334	0.02202	0.02114	0.08485	0.18973	0.01511	0.08056	0.25190	0.15791	0.02537	0.02446	0.01858	0.00989	0.00815	0.00253	0.00937	0.00780	0.00730	0.01250
2	0.02517	0.02950	0.02528	0.05854	0.13478	0.37586	0.01818	0.02793	0.01988	0.02144	0.01346	0.01768	0.01162	0.01185	0.04073	0.00301	0.14463	0.00633	0.00411	0.01002
3	0.01136	0.00853	0.01063	0.01087	0.01290	0.00781	0.00839	0.01452	0.02073	0.02766	0.33005	0.13791	0.22510	0.02005	0.01018	0.00296	0.00475	0.11978	0.00835	0.00747
4	0.03112	0.03688	0.02377	0.02102	0.02570	0.56690	0.01601	0.13207	0.02612	0.02565	0.01402	0.01581	0.01127	0.00880	0.00763	0.00220	0.01401	0.00570	0.00495	0.01038
5	0.00999	0.00773	0.00913	0.01025	0.01170	0.00686	0.00712	0.01172	0.01718	0.02172	0.06188	0.44141	0.30576	0.02393	0.01027	0.00314	0.00456	0.02106	0.00771	0.00686
6	0.01039	0.00771	0.00919	0.01022	0.01128	0.00706	0.00683	0.01176	0.01608	0.02064	0.05315	0.40899	0.22024	0.14754	0.01609	0.00406	0.00523	0.01981	0.00723	0.00651
7	0.02064	0.01275	0.01560	0.01313	0.01691	0.01257	0.01037	0.15549	0.02700	0.14838	0.40303	0.04679	0.05399	0.01425	0.00921	0.00258	0.00563	0.01218	0.00916	0.01034
8	0.01187	0.00890	0.01335	0.01335	0.01483	0.01038	0.01038	0.01483	0.01335	0.01928	0.02225	0.03264	0.02077	0.06231	0.67512	0.01335	0.02225	0.00890	0.00445	0.00742
9	0.01012	0.00723	0.00964	0.01157	0.01205	0.00675	0.00771	0.01157	0.01591	0.02121	0.04579	0.70262	0.05495	0.02603	0.01060	0.00337	0.00482	0.02362	0.00771	0.00675
10	0.01087	0.00774	0.00946	0.01051	0.01117	0.00733	0.00689	0.01201	0.01512	0.01980	0.04373	0.38732	0.11748	0.25278	0.02111	0.00489	0.00594	0.04279	0.00682	0.00624
11	0.01389	0.00983	0.01148	0.01125	0.01419	0.00900	0.00904	0.04595	0.02084	0.07090	0.13351	0.07453	0.36746	0.01972	0.01003	0.00299	0.00543	0.15376	0.00808	0.00811
12	0.01549	0.00774	0.00774	0.00774	0.00968	0.00774	0.00581	0.01936	0.01742	0.03097	0.02710	0.03097	0.02129	0.00968	0.00581	0.00194	0.00387	0.00774	0.75416	0.00774
13	0.01723	0.01477	0.01723	0.01230	0.01969	0.01107	0.00984	0.02092	0.01723	0.02707	0.01477	0.01723	0.01230	0.00615	0.00615	0.00123	0.00615	0.00492	0.00492	0.75883
14	0.01126	0.00787	0.00915	0.00969	0.01016	0.00756	0.00594	0.01192	0.01398	0.01830	0.03865	0.23976	0.11187	0.43379	0.02948	0.00611	0.00668	0.01598	0.00611	0.00575
15	0.03103	0.03959	0.02354	0.02140	0.02568	0.67469	0.01605	0.03317	0.02354	0.02033	0.01284	0.01498	0.01070	0.00856	0.00749	0.00214	0.01498	0.00535	0.00428	0.00963
16	0.01120	0.00805	0.01066	0.01125	0.01260	0.00751	0.00818	0.01409	0.02007	0.02773	0.35927	0.32816	0.06657	0.02113	0.01025	0.00301	0.00455	0.05989	0.00845	0.00738
17	0.01645	0.01368	0.01854	0.17687	0.10463	0.01472	0.01469	0.02472	0.16480	0.05649	0.04065	0.11501	0.17671	0.01409	0.00896	0.00281	0.00729	0.01221	0.00662	0.01005
18	0.01518	0.01377	0.01970	0.01779	0.01850	0.01829	0.01447	0.01754	0.01302	0.01966	0.01630	0.02505	0.01559	0.03723	0.33504	0.00825	0.37426	0.00804	0.00402	0.00829
19	0.01111	0.00867	0.01021	0.01040	0.01277	0.00777	0.00818	0.01409	0.02032	0.02613	0.24354	0.07743	0.36214	0.02023	0.01014	0.00295	0.00481	0.13360	0.00812	0.00738
20	0.01068	0.00746	0.00947	0.01085	0.01120	0.00712	0.00695	0.01171	0.01482	0.01975	0.04020	0.51783	0.04789	0.22044	0.01963	0.00471	0.00574	0.02033	0.00695	0.00626
21	0.02221	0.71304	0.04353	0.01421	0.02132	0.03287	0.01421	0.02488	0.01688	0.01955	0.01155	0.01333	0.01066	0.00711	0.00533	0.00178	0.00888	0.00444	0.00355	0.01066
22	0.02288	0.01391	0.01639	0.01401	0.01817	0.01380	0.01093	0.16582	0.05598	0.18059	0.03586	0.13450	0.09076	0.10019	0.01308	0.00339	0.00703	0.04727	0.00803	0.04742
23	0.01543	0.01297	0.01516	0.01153	0.01747	0.01005	0.00909	0.01897	0.01845	0.02750	0.12562	0.03216	0.10193	0.00973	0.00719	0.00165	0.00555	0.00810	0.00594	0.54550
24	0.02324	0.01605	0.01741	0.01431	0.01819	0.01738	0.01106	0.34180	0.02731	0.03792	0.02219	0.02986	0.01896	0.16553	0.01708	0.05699	0.00784	0.00852	0.13811	0.01026
25	0.01325	0.00967	0.01312	0.01273	0.01421	0.01088	0.00949	0.05574	0.01479	0.02077	0.02302	0.03691	0.02255	0.21129	0.48048	0.01136	0.01801	0.00956	0.00485	0.00731
26	0.01381	0.01012	0.01245	0.01189	0.01506	0.00889	0.00946	0.01681	0.01880	0.05143	0.12101	0.10791	0.18127	0.05947	0.01152	0.00311	0.00592	0.17993	0.00727	0.15386
27	0.01703	0.01493	0.01926	0.01641	0.01788	0.01813	0.01284	0.05601	0.01483	0.02186	0.01667	0.02915	0.01717	0.22383	0.02762	0.00456	0.34375	0.00841	0.00454	0.11510
28	0.01811	0.12272	0.35696	0.18002	0.03902	0.05525	0.06628	0.02530	0.01769	0.02393	0.01445	0.01827	0.01082	0.00786	0.00776	0.00254	0.01181	0.00642	0.00364	0.01113
29	0.01054	0.00790	0.00988	0.01115	0.01249	0.00723	0.00806	0.01260	0.01754	0.02270	0.09194	0.42898	0.20909	0.02382	0.01046	0.00324	0.00496	0.09264	0.00779	0.00699
30	0.14343	0.02744	0.02077	0.11525	0.02739	0.35253	0.01523	0.06525	0.02076	0.02504	0.01452	0.01827	0.01194	0.01510	0.08960	0.00370	0.01358	0.00608	0.00461	0.00948
31	0.02284	0.02069	0.02864	0.11785	0.35225	0.06474	0.02153	0.16743	0.02372	0.03177	0.01806	0.02464	0.01505	0.00914	0.00840	0.00257	0.01006	0.04300	0.00528	0.01233
32	0.02172	0.02281	0.02896	0.12045	0.40251	0.16358	0.02200	0.02605	0.01994	0.02529	0.05494	0.02213	0.01646	0.00837	0.00817	0.00244	0.01077	0.00743	0.00441	0.01156
33	0.01841	0.01573	0.09472	0.04221	0.02043	0.01283	0.01293	0.02633	0.14875	0.14214	0.11626	0.15794	0.12620	0.01530	0.00911	0.00282	0.00657	0.01312	0.00782	0.01037
34	0.02467	0.07672	0.21822	0.06444	0.06344	0.16383	0.05714	0.03089	0.04750	0.14693	0.01863	0.02009	0.01345	0.00854	0.00790	0.00247	0.01130	0.00678	0.00529	0.01177

[dist]
# distance from previous block
# <min> <max>
0	3

[block]
# block no. 1 follows, 22 sequences, length 9
# corresponding to MSA columns:
# 38-46
name=unknown_B
#
# <colnr> <probs for GDERKNQSTAVLIFYWHMCP>
#	G	D	E	R	K	N	Q	S	T	A	V	L	I	F	Y	W	H	M	C	P
0	0.01799	0.12900	0.25758	0.02061	0.06886	0.10589	0.01968	0.02310	0.01760	0.02291	0.02047	0.14030	0.01976	0.01692	0.07985	0.00372	0.01172	0.00928	0.00451	0.01024
1	0.01882	0.01389	0.01588	0.01459	0.01797	0.01486	0.01108	0.13344	0.21515	0.06555	0.11493	0.25573	0.03977	0.01662	0.00931	0.00291	0.00613	0.01444	0.00837	0.01057
2	0.01361	0.00980	0.01079	0.01046	0.01129	0.01030	0.00648	0.01779	0.12401	0.01942	0.02753	0.05021	0.02934	0.58408	0.03626	0.00712	0.00779	0.01160	0.00564	0.00648
3	0.01619	0.01392	0.01679	0.10715	0.02306	0.01563	0.01304	0.05866	0.20073	0.02759	0.04499	0.05007	0.21832	0.01542	0.01094	0.00298	0.07095	0.07678	0.00702	0.00977
4	0.01187	0.00890	0.01335	0.01335	0.01483	0.01038	0.01038	0.01483	0.01335	0.01928	0.02225	0.03264	0.02077	0.06231	0.67512	0.01335	0.02225	0.00890	0.00445	0.00742
5	0.44415	0.09177	0.01892	0.13286	0.02478	0.08103	0.01279	0.02420	0.01571	0.02997	0.01283	0.01619	0.01034	0.01080	0.04231	0.00307	0.00917	0.00532	0.00460	0.00919
6	0.02661	0.07791	0.05394	0.02789	0.21735	0.18817	0.01806	0.06055	0.02132	0.14783	0.01801	0.02021	0.01379	0.00988	0.00950	0.05470	0.01046	0.00676	0.00546	0.01159
7	0.02044	0.07936	0.09196	0.14692	0.20731	0.09036	0.02074	0.04982	0.08812	0.02581	0.01903	0.02241	0.03574	0.00921	0.00929	0.00258	0.05749	0.00738	0.00468	0.01133
8	0.26299	0.02310	0.09470	0.05313	0.02289	0.14797	0.01406	0.05868	0.04704	0.05398	0.02642	0.02723	0.11535	0.01048	0.00732	0.00255	0.00892	0.00767	0.00563	0.00987

[dist]
# distance from previous block
# <min> <max>
2	8

[block]
# block no. 2 follows, 22 sequences, length 43
# corresponding to MSA columns:
# 55-97
name=unknown_C
#
# <colnr> <probs for GDERKNQSTAVLIFYWHMCP>
#	G	D	E	R	K	N	Q	S	T	A	V	L	I	F	Y	W	H	M	C	P
0	0.29714	0.02630	0.13401	0.01800	0.02485	0.11069	0.04536	0.19096	0.02309	0.03662	0.01487	0.01660	0.01107	0.00844	0.00704	0.00251	0.00974	0.00597	0.00556	0.01117
1	0.07131	0.01373	0.01787	0.01881	0.11684	0.01369	0.01265	0.09166	0.02111	0.16840	0.05846	0.03885	0.16380	0.02170	0.12896	0.00455	0.00968	0.01027	0.00707	0.01058
2	0.01706	0.02011	0.16524	0.01938	0.06461	0.01613	0.01704	0.11879	0.01881	0.02673	0.01941	0.02653	0.01678	0.06113	0.31562	0.00776	0.04606	0.00799	0.00483	0.00999
3	0.02478	0.01756	0.02040	0.06145	0.02418	0.01801	0.01344	0.24259	0.11519	0.11902	0.08213	0.02617	0.02206	0.00995	0.00802	0.00231	0.00752	0.00804	0.00764	0.16955
4	0.01361	0.01137	0.04249	0.11654	0.02159	0.00999	0.01162	0.01646	0.01666	0.05391	0.03462	0.43742	0.03850	0.01891	0.00939	0.00291	0.00641	0.01695	0.00664	0.11402
5	0.01590	0.01493	0.02214	0.01933	0.02031	0.01960	0.04629	0.01841	0.01331	0.02007	0.01544	0.02378	0.01467	0.03196	0.26787	0.00721	0.40822	0.00801	0.00397	0.00857
6	0.01943	0.22127	0.02677	0.01662	0.02007	0.06277	0.01419	0.07838	0.01731	0.02273	0.01566	0.02130	0.01425	0.02667	0.22280	0.00596	0.17307	0.00686	0.00435	0.00953
7	0.01845	0.23940	0.45041	0.02147	0.03202	0.02338	0.05622	0.02590	0.01745	0.02433	0.01402	0.01655	0.01067	0.00762	0.00724	0.00239	0.01137	0.00583	0.00356	0.01175
8	0.01682	0.02218	0.18547	0.03263	0.31147	0.01608	0.02194	0.02223	0.01841	0.02607	0.05397	0.11832	0.05175	0.01213	0.00883	0.00275	0.00913	0.05356	0.00508	0.01118
9	0.01484	0.06043	0.02319	0.01831	0.02109	0.01602	0.11365	0.01827	0.01453	0.02062	0.01885	0.02737	0.01719	0.04194	0.41830	0.00930	0.12485	0.00849	0.00422	0.00853
10	0.01115	0.00797	0.01081	0.01262	0.01358	0.00762	0.00939	0.01341	0.01719	0.02281	0.07197	0.49542	0.05388	0.02472	0.01082	0.00347	0.00561	0.19273	0.00776	0.00706
11	0.01337	0.01121	0.01578	0.01512	0.01583	0.01386	0.01168	0.01544	0.01361	0.01965	0.02425	0.17327	0.02592	0.09230	0.29142	0.00793	0.21502	0.01182	0.00495	0.00758
12	0.01722	0.11081	0.60208	0.02272	0.03447	0.02067	0.02903	0.02616	0.01747	0.02562	0.01457	0.01711	0.01054	0.00781	0.00763	0.00254	0.01193	0.00597	0.00351	0.01211
13	0.01201	0.07488	0.01352	0.01151	0.01333	0.00978	0.00865	0.01459	0.01893	0.02544	0.24968	0.35119	0.08843	0.02073	0.00984	0.00296	0.00504	0.05412	0.00780	0.00756
14	0.07911	0.01927	0.02195	0.01692	0.02339	0.02005	0.01398	0.36262	0.03158	0.28848	0.02442	0.02279	0.01631	0.00995	0.00813	0.00253	0.00817	0.00764	0.00888	0.01382
15	0.01864	0.02533	0.19860	0.14390	0.31951	0.01958	0.10416	0.02517	0.01828	0.02591	0.01545	0.02027	0.01207	0.00762	0.00836	0.00260	0.01122	0.00738	0.00390	0.01205
16	0.01276	0.01034	0.01304	0.11901	0.02012	0.01031	0.01039	0.05254	0.02069	0.02670	0.19880	0.10528	0.30470	0.01779	0.00961	0.00282	0.00576	0.04388	0.00744	0.00802
17	0.01193	0.00865	0.01209	0.01209	0.01313	0.00970	0.00881	0.01402	0.01298	0.01835	0.02341	0.03904	0.02355	0.25261	0.48862	0.01179	0.01807	0.00984	0.00462	0.00671
18	0.01196	0.00852	0.01141	0.01141	0.01223	0.00933	0.00797	0.01359	0.01278	0.01785	0.02402	0.04244	0.02503	0.35373	0.38952	0.01096	0.01584	0.01034	0.00471	0.00634
19	0.01950	0.12393	0.18739	0.02713	0.03523	0.05520	0.30847	0.02577	0.01826	0.02453	0.01522	0.01970	0.01192	0.00974	0.03293	0.00301	0.05935	0.00777	0.00392	0.01102
20	0.01001	0.00805	0.00881	0.00937	0.01136	0.00698	0.00667	0.01183	0.01772	0.02178	0.07016	0.26227	0.44778	0.05436	0.01155	0.00322	0.00457	0.01907	0.00759	0.00684
21	0.01679	0.01280	0.01410	0.01245	0.01606	0.01281	0.00980	0.19461	0.02562	0.03344	0.17297	0.09116	0.29316	0.01732	0.00949	0.00275	0.00580	0.04141	0.00817	0.00929
22	0.01292	0.01170	0.02125	0.01848	0.02129	0.01095	0.18994	0.01600	0.01700	0.02280	0.03725	0.50216	0.04247	0.02042	0.01037	0.00321	0.00753	0.01955	0.00668	0.00806
23	0.02010	0.01917	0.03215	0.10980	0.56800	0.01966	0.02466	0.02601	0.04943	0.02695	0.01644	0.02123	0.01356	0.00768	0.00824	0.00251	0.00982	0.00750	0.00429	0.01279
24	0.01758	0.01641	0.01649	0.01551	0.01805	0.14495	0.01203	0.07678	0.01783	0.02263	0.02015	0.02789	0.01812	0.04657	0.47804	0.01007	0.01955	0.00805	0.00478	0.00850
25	0.02277	0.02392	0.03158	0.04476	0.52336	0.15775	0.02351	0.02711	0.01989	0.02571	0.01504	0.01939	0.01264	0.00765	0.00807	0.00240	0.01095	0.00697	0.00415	0.01242
26	0.01899	0.01706	0.02648	0.09500	0.36573	0.01691	0.01997	0.05982	0.01948	0.02757	0.01987	0.07201	0.01836	0.00988	0.00830	0.00246	0.00881	0.05306	0.00498	0.13529
27	0.01802	0.27613	0.17656	0.01848	0.04432	0.04393	0.04426	0.02262	0.01640	0.02160	0.01588	0.02067	0.01378	0.02361	0.20368	0.00546	0.01407	0.00651	0.00388	0.01015
28	0.01076	0.00808	0.00934	0.00966	0.01114	0.00734	0.00663	0.01258	0.01754	0.02275	0.16806	0.21290	0.26815	0.17720	0.01736	0.00409	0.00517	0.01722	0.00737	0.00666
29	0.13713	0.08746	0.10763	0.38470	0.08507	0.02009	0.02109	0.02304	0.01652	0.02469	0.01401	0.01920	0.01077	0.00798	0.00745	0.00260	0.01019	0.00647	0.00392	0.00999
30	0.01975	0.06698	0.03397	0.06260	0.24141	0.08097	0.20017	0.02475	0.02006	0.02656	0.11735	0.02682	0.02295	0.00895	0.00869	0.00253	0.01062	0.00895	0.00491	0.01105
31	0.24329	0.04916	0.02204	0.02329	0.14593	0.25687	0.01546	0.02837	0.05055	0.02763	0.01595	0.02124	0.01371	0.00906	0.00716	0.00246	0.01037	0.04235	0.00489	0.01023
32	0.13842	0.02418	0.12639	0.02964	0.03804	0.02040	0.44713	0.02622	0.01846	0.02827	0.01571	0.02033	0.01175	0.00724	0.00880	0.00274	0.01256	0.00846	0.00426	0.01100
33	0.01878	0.03337	0.38923	0.03145	0.17582	0.02000	0.12720	0.05658	0.01928	0.02786	0.01564	0.01914	0.01164	0.00774	0.00830	0.00262	0.01186	0.00710	0.00400	0.01239
34	0.06715	0.19262	0.30019	0.02335	0.10733	0.08401	0.02234	0.02728	0.01830	0.06413	0.01492	0.01711	0.01143	0.00785	0.00716	0.00236	0.01076	0.00586	0.00419	0.01167
35	0.02543	0.03490	0.16817	0.02870	0.17506	0.34458	0.02149	0.05926	0.02190	0.02483	0.01430	0.01710	0.01140	0.00821	0.00779	0.00234	0.01290	0.00611	0.00427	0.01126
36	0.01135	0.00841	0.01226	0.01283	0.01401	0.00931	0.00960	0.01387	0.01410	0.01985	0.02919	0.23009	0.03084	0.05161	0.47928	0.01041	0.01711	0.01324	0.00541	0.00722
37	0.02666	0.37340	0.03345	0.01784	0.02352	0.35656	0.01514	0.02906	0.02024	0.01994	0.01220	0.01416	0.01068	0.00784	0.00642	0.00196	0.01196	0.00490	0.00392	0.01014
38	0.01100	0.00884	0.01149	0.01419	0.07292	0.00808	0.00890	0.01302	0.01727	0.02221	0.05660	0.41597	0.26404	0.02248	0.01010	0.00309	0.00508	0.01991	0.00737	0.00745
39	0.01114	0.00847	0.01025	0.00981	0.01203	0.00758	0.00736	0.01449	0.02207	0.02987	0.47221	0.06772	0.26016	0.01827	0.00980	0.00267	0.00401	0.01582	0.00869	0.00758
40	0.06501	0.10417	0.08077	0.01486	0.04525	0.01369	0.01268	0.01870	0.01941	0.02746	0.24450	0.05184	0.08871	0.01581	0.01012	0.04089	0.00672	0.12405	0.00670	0.00864
41	0.10025	0.02641	0.06155	0.02152	0.09537	0.21915	0.01599	0.20093	0.02561	0.03274	0.02445	0.02547	0.09488	0.01033	0.00790	0.00244	0.01029	0.00774	0.00591	0.01110
42	0.02702	0.02363	0.02557	0.10718	0.10281	0.11694	0.01793	0.33888	0.05098	0.03831	0.01770	0.01986	0.01333	0.00959	0.00936	0.00256	0.05236	0.00721	0.00638	0.01241

[dist]
# distance from previous block
# <min> <max>
1	135

[block]
# block no. 3 follows, 22 sequences, length 24
# corresponding to MSA columns:
# 233-256
name=unknown_D
#
# <colnr> <probs for GDERKNQSTAVLIFYWHMCP>
#	G	D	E	R	K	N	Q	S	T	A	V	L	I	F	Y	W	H	M	C	P
0	0.21002	0.05728	0.17658	0.05180	0.06169	0.01832	0.01672	0.10922	0.02004	0.03156	0.02815	0.02922	0.13609	0.01066	0.00754	0.00258	0.00838	0.00819	0.00548	0.01049
1	0.01135	0.00870	0.01201	0.01206	0.01381	0.00937	0.00926	0.01412	0.01522	0.02082	0.07160	0.07376	0.15990	0.04941	0.46733	0.01007	0.01663	0.01172	0.00555	0.00733
2	0.02417	0.02755	0.19481	0.02855	0.15930	0.02234	0.08811	0.28391	0.02726	0.03766	0.01742	0.01972	0.01283	0.00859	0.00835	0.00256	0.01063	0.00737	0.00576	0.01313
3	0.01052	0.00740	0.00952	0.01105	0.01144	0.00701	0.00716	0.01167	0.01512	0.02016	0.04178	0.57000	0.04988	0.16555	0.01708	0.00433	0.00548	0.02126	0.00716	0.00640
4	0.01776	0.01973	0.07868	0.07482	0.30069	0.01760	0.17419	0.02307	0.01886	0.02572	0.02851	0.03190	0.13115	0.00992	0.00890	0.00264	0.01012	0.00979	0.00473	0.01123
5	0.05793	0.12690	0.09648	0.14965	0.03146	0.02145	0.06956	0.09741	0.15429	0.02932	0.02129	0.07143	0.01763	0.01007	0.00797	0.00262	0.00923	0.00849	0.00563	0.01117
6	0.01114	0.00847	0.01024	0.00980	0.01203	0.00757	0.00735	0.01447	0.02205	0.02983	0.47008	0.06778	0.26232	0.01828	0.00980	0.00267	0.00401	0.01583	0.00869	0.00757
7	0.01869	0.02470	0.14353	0.16645	0.03329	0.12420	0.06468	0.02318	0.01715	0.02215	0.01847	0.05971	0.04231	0.01138	0.01341	0.00291	0.19154	0.00834	0.00418	0.00973
8	0.01406	0.01090	0.01204	0.01086	0.01402	0.01039	0.00839	0.11535	0.02378	0.03099	0.26079	0.06410	0.35748	0.01787	0.00956	0.00269	0.00493	0.01504	0.00829	0.00846
9	0.02163	0.05524	0.02281	0.07037	0.09881	0.12817	0.01564	0.09855	0.17793	0.02818	0.02121	0.02500	0.01739	0.04610	0.10606	0.00433	0.03808	0.00783	0.00573	0.01095
10	0.02097	0.06298	0.26278	0.02947	0.20145	0.15701	0.02367	0.02769	0.04625	0.02526	0.01706	0.02274	0.01414	0.00890	0.00802	0.00252	0.01151	0.04160	0.00430	0.01165
11	0.02036	0.35095	0.19581	0.02692	0.20348	0.02579	0.02150	0.02541	0.01762	0.02337	0.01353	0.01641	0.01133	0.00739	0.00678	0.00218	0.01001	0.00570	0.00370	0.01177
12	0.02061	0.06718	0.17480	0.02002	0.09143	0.08140	0.01708	0.02529	0.01992	0.13089	0.12502	0.03307	0.07175	0.04342	0.03949	0.00322	0.00954	0.00909	0.00609	0.01069
13	0.01030	0.00849	0.00908	0.00911	0.01174	0.00728	0.00694	0.01276	0.01959	0.02410	0.16114	0.07826	0.53698	0.02058	0.00991	0.00284	0.00437	0.05145	0.00791	0.00717
14	0.01400	0.01521	0.09143	0.01645	0.01863	0.01506	0.01433	0.01719	0.01431	0.02097	0.04698	0.10161	0.02325	0.05947	0.29426	0.00767	0.20608	0.01009	0.00468	0.00831
15	0.01052	0.00740	0.00952	0.01105	0.01144	0.00701	0.00716	0.01167	0.01512	0.02016	0.04178	0.57000	0.04988	0.16555	0.01708	0.00433	0.00548	0.02126	0.00716	0.00640
16	0.01447	0.01067	0.01248	0.01209	0.01413	0.01087	0.00872	0.12277	0.01963	0.02587	0.04196	0.26926	0.14987	0.15073	0.09264	0.00512	0.00809	0.01579	0.00695	0.00789
17	0.01187	0.00890	0.01335	0.01335	0.01483	0.01038	0.01038	0.01483	0.01335	0.01928	0.02225	0.03264	0.02077	0.06231	0.67512	0.01335	0.02225	0.00890	0.00445	0.00742
18	0.01808	0.02640	0.23289	0.03370	0.23223	0.01854	0.17709	0.02490	0.01919	0.02746	0.08925	0.02488	0.01973	0.00856	0.00870	0.00262	0.01098	0.00849	0.00453	0.01177
19	0.02564	0.06889	0.02574	0.02484	0.11833	0.39332	0.01724	0.02817	0.02035	0.02135	0.01648	0.01959	0.04385	0.00999	0.01106	0.00246	0.13187	0.00656	0.00428	0.00999
20	0.01400	0.01725	0.17451	0.01403	0.01865	0.01081	0.01373	0.01913	0.02148	0.05871	0.42087	0.09642	0.05716	0.01508	0.00932	0.00267	0.00621	0.01314	0.00768	0.00915
21	0.02004	0.02026	0.07211	0.03803	0.33062	0.01842	0.19644	0.02536	0.01860	0.06318	0.01793	0.02402	0.01470	0.05116	0.04918	0.00353	0.01165	0.00843	0.00454	0.01180
22	0.02496	0.02576	0.02208	0.02142	0.07591	0.24229	0.01535	0.08174	0.33643	0.03053	0.02419	0.02390	0.01856	0.00994	0.00810	0.00254	0.00988	0.00772	0.00667	0.01203
23	0.08023	0.02748	0.18664	0.03764	0.37926	0.09525	0.02437	0.02650	0.01873	0.02695	0.01480	0.01861	0.01189	0.00768	0.00781	0.00248	0.01078	0.00662	0.00406	0.01220

[dist]
# distance from previous block
# <min> <max>
8	28

[block]
# block no. 4 follows, 22 sequences, length 11
# corresponding to MSA columns:
# 293-303
name=unknown_E
#
# <colnr> <probs for GDERKNQSTAVLIFYWHMCP>
#	G	D	E	R	K	N	Q	S	T	A	V	L	I	F	Y	W	H	M	C	P
0	0.17617	0.02959	0.05820	0.02750	0.19670	0.32803	0.01799	0.02894	0.02006	0.02594	0.01346	0.01634	0.01102	0.00804	0.00724	0.00234	0.01171	0.00578	0.00437	0.01061
1	0.11057	0.18971	0.22738	0.02540	0.15889	0.06049	0.02142	0.02554	0.01728	0.02545	0.01348	0.01660	0.01096	0.00808	0.00833	0.00243	0.05693	0.00584	0.00390	0.01132
2	0.10228	0.00937	0.00994	0.00952	0.01228	0.00875	0.00724	0.01492	0.02016	0.02853	0.29954	0.06483	0.34800	0.01782	0.00924	0.00270	0.00436	0.01496	0.00797	0.00758
3	0.02593	0.02264	0.02605	0.02956	0.24563	0.11751	0.01825	0.22374	0.05729	0.07080	0.02319	0.02455	0.05786	0.00970	0.00827	0.00247	0.00968	0.00797	0.00632	0.01259
4	0.02657	0.02979	0.02089	0.01876	0.02280	0.40120	0.01408	0.08163	0.15534	0.02552	0.01952	0.02358	0.01647	0.09399	0.01198	0.00303	0.01187	0.00720	0.00559	0.01019
5	0.01187	0.00890	0.01335	0.01335	0.01483	0.01038	0.01038	0.01483	0.01335	0.01928	0.02225	0.03264	0.02077	0.06231	0.67512	0.01335	0.02225	0.00890	0.00445	0.00742
6	0.01310	0.00953	0.01148	0.01201	0.01351	0.00939	0.00849	0.08671	0.01873	0.02467	0.04438	0.43678	0.11338	0.10943	0.01428	0.00382	0.00583	0.04954	0.00744	0.00750
7	0.02686	0.27675	0.03138	0.01813	0.02378	0.18601	0.01550	0.21089	0.02491	0.02980	0.01437	0.01618	0.01175	0.00900	0.00872	0.00225	0.07136	0.00584	0.00519	0.01133
8	0.01012	0.00723	0.00964	0.01157	0.01205	0.00675	0.00771	0.01157	0.01591	0.02121	0.04579	0.70262	0.05495	0.02603	0.01060	0.00337	0.00482	0.02362	0.00771	0.00675
9	0.01187	0.00764	0.00907	0.00990	0.01046	0.00743	0.00633	0.01320	0.01471	0.02104	0.03478	0.32889	0.03920	0.28591	0.02193	0.00491	0.00589	0.01624	0.14432	0.00627
10	0.02164	0.01714	0.02276	0.12971	0.18216	0.06424	0.01696	0.10184	0.02044	0.10344	0.02008	0.02650	0.01660	0.08083	0.13421	0.00501	0.01212	0.00807	0.00549	0.01075

[dist]
# distance from previous block
# <min> <max>
0	1

[block]
# block no. 5 follows, 22 sequences, length 55
# corresponding to MSA columns:
# 305-359
name=unknown_F
#
# <colnr> <probs for GDERKNQSTAVLIFYWHMCP>
#	G	D	E	R	K	N	Q	S	T	A	V	L	I	F	Y	W	H	M	C	P
0	0.02739	0.20789	0.05465	0.02118	0.05204	0.35313	0.04198	0.10212	0.02313	0.02477	0.01373	0.01580	0.01128	0.00822	0.00718	0.00215	0.01236	0.00568	0.00454	0.01075
1	0.06815	0.02722	0.02142	0.01848	0.02303	0.30148	0.01440	0.22865	0.02626	0.03155	0.01645	0.01937	0.01325	0.01699	0.09551	0.04192	0.01311	0.00657	0.00567	0.01051
2	0.01549	0.00774	0.00774	0.00774	0.00968	0.00774	0.00581	0.01936	0.01742	0.03097	0.02710	0.03097	0.02129	0.00968	0.00581	0.00194	0.00387	0.00774	0.75416	0.00774
3	0.00999	0.00806	0.00890	0.00946	0.01152	0.00697	0.00680	0.01198	0.01822	0.02254	0.09736	0.26756	0.44684	0.02237	0.01005	0.00297	0.00438	0.01926	0.00778	0.00697
4	0.01505	0.01400	0.01504	0.01469	0.01664	0.12067	0.01133	0.01788	0.01504	0.01946	0.02069	0.02971	0.01910	0.05338	0.56429	0.01149	0.02104	0.00831	0.00442	0.00778
5	0.02056	0.01974	0.03372	0.05099	0.65622	0.01974	0.02550	0.02550	0.01892	0.02714	0.01563	0.02056	0.01316	0.00740	0.00822	0.00247	0.00987	0.00740	0.00411	0.01316
6	0.01012	0.00723	0.00964	0.01157	0.01205	0.00675	0.00771	0.01157	0.01591	0.02121	0.04579	0.70262	0.05495	0.02603	0.01060	0.00337	0.00482	0.02362	0.00771	0.00675
7	0.02928	0.17588	0.02777	0.01971	0.02480	0.48155	0.01565	0.08814	0.02366	0.02322	0.01325	0.01512	0.01102	0.00840	0.00713	0.00210	0.01318	0.00537	0.00452	0.01027
8	0.02413	0.09425	0.06405	0.02265	0.12629	0.08240	0.01668	0.12575	0.12991	0.10393	0.02598	0.03048	0.04508	0.01083	0.00825	0.00258	0.00897	0.05916	0.00662	0.01204
9	0.02157	0.13684	0.07720	0.02268	0.12758	0.23259	0.01660	0.02492	0.01986	0.02273	0.05290	0.02919	0.12417	0.01090	0.00883	0.00239	0.04596	0.00822	0.00484	0.01004
10	0.02102	0.56926	0.17689	0.01625	0.02446	0.02996	0.01775	0.02518	0.01702	0.02100	0.01227	0.01423	0.01063	0.00728	0.00588	0.00196	0.00961	0.00481	0.00354	0.01101
11	0.01187	0.00890	0.01335	0.01335	0.01483	0.01038	0.01038	0.01483	0.01335	0.01928	0.02225	0.03264	0.02077	0.06231	0.67512	0.01335	0.02225	0.00890	0.00445	0.00742
12	0.02821	0.03442	0.02318	0.02267	0.07365	0.52622	0.01606	0.03282	0.08798	0.02247	0.01833	0.01990	0.04007	0.00929	0.00775	0.00227	0.01324	0.00646	0.00485	0.01016
13	0.01291	0.01099	0.01591	0.08359	0.15422	0.01079	0.01249	0.01560	0.01724	0.02256	0.04561	0.29433	0.19964	0.05205	0.01120	0.00320	0.00649	0.01641	0.00643	0.00835
14	0.01145	0.00849	0.01094	0.01220	0.01387	0.00798	0.00958	0.01418	0.01850	0.02402	0.11114	0.27645	0.18277	0.02292	0.01069	0.00335	0.00568	0.24071	0.00783	0.00725
15	0.02056	0.01974	0.03372	0.05099	0.65622	0.01974	0.02550	0.02550	0.01892	0.02714	0.01563	0.02056	0.01316	0.00740	0.00822	0.00247	0.00987	0.00740	0.00411	0.01316
16	0.02748	0.02969	0.06335	0.12569	0.03114	0.29343	0.01785	0.22467	0.05252	0.03183	0.01644	0.01854	0.01246	0.00905	0.00795	0.00241	0.01196	0.00658	0.00562	0.01133
17	0.02213	0.01462	0.01749	0.01615	0.05067	0.01501	0.01210	0.10690	0.18890	0.16192	0.15367	0.04300	0.10907	0.01347	0.00895	0.00271	0.00643	0.03671	0.00859	0.01150
18	0.02081	0.01625	0.01805	0.01632	0.05382	0.01708	0.01220	0.27200	0.09729	0.03749	0.10144	0.04469	0.22923	0.01424	0.00895	0.00264	0.00680	0.01167	0.00798	0.01106
19	0.02538	0.47072	0.03634	0.01680	0.02289	0.26381	0.01488	0.02786	0.01928	0.01983	0.01201	0.01392	0.01068	0.00763	0.00611	0.00191	0.01108	0.00477	0.00382	0.01029
20	0.02219	0.02392	0.02493	0.02156	0.02301	0.19114	0.01750	0.05666	0.01692	0.02185	0.01189	0.01746	0.01103	0.01276	0.02118	0.00319	0.48244	0.00679	0.00406	0.00950
21	0.03073	0.02285	0.02445	0.01894	0.02544	0.02537	0.01559	0.58318	0.08578	0.05099	0.02102	0.02080	0.01500	0.01007	0.00832	0.00252	0.00894	0.00763	0.00832	0.01405
22	0.02251	0.02369	0.03100	0.08371	0.48418	0.16020	0.02332	0.02688	0.01977	0.02532	0.01498	0.01946	0.01250	0.00771	0.00807	0.00242	0.01104	0.00696	0.00412	0.01216
23	0.09195	0.17409	0.22387	0.01679	0.02530	0.02023	0.01777	0.07211	0.01905	0.06709	0.01532	0.01702	0.01173	0.00759	0.00672	0.00209	0.00895	0.00556	0.00480	0.19196
24	0.01517	0.01531	0.01269	0.01224	0.01518	0.14462	0.00923	0.01872	0.05439	0.02415	0.13813	0.09360	0.35733	0.01774	0.00937	0.00271	0.00667	0.03750	0.00724	0.00801
25	0.01217	0.00940	0.01140	0.01175	0.01416	0.00891	0.00948	0.01662	0.05832	0.02677	0.21180	0.07700	0.26630	0.02005	0.01028	0.00310	0.00543	0.21115	0.00810	0.00781
26	0.01010	0.00792	0.00915	0.00991	0.01167	0.00697	0.00702	0.01207	0.01803	0.02280	0.11363	0.34093	0.35469	0.02282	0.01015	0.00303	0.00444	0.01990	0.00783	0.00697
27	0.03121	0.03439	0.02398	0.02067	0.02571	0.46781	0.01597	0.22297	0.02849	0.03054	0.01511	0.01656	0.01179	0.00901	0.00775	0.00225	0.01312	0.00603	0.00557	0.01106
28	0.02556	0.02028	0.02154	0.01790	0.02347	0.02295	0.01433	0.30642	0.37095	0.04265	0.02759	0.02604	0.02032	0.01069	0.00839	0.00267	0.00773	0.00853	0.00839	0.01359
29	0.01638	0.01108	0.01525	0.01417	0.01669	0.01240	0.01119	0.09133	0.01734	0.07697	0.02285	0.03073	0.01995	0.05162	0.53864	0.01114	0.01940	0.00868	0.00541	0.00879
30	0.01339	0.01114	0.01627	0.01539	0.01652	0.01402	0.01226	0.01608	0.01320	0.01946	0.01951	0.02915	0.01839	0.05078	0.51884	0.01101	0.18401	0.00851	0.00425	0.00782
31	0.01066	0.00915	0.00922	0.00907	0.01203	0.00807	0.00684	0.01442	0.06721	0.02340	0.08025	0.07615	0.60417	0.02028	0.00971	0.00281	0.00439	0.01690	0.00777	0.00749
32	0.01187	0.00890	0.01335	0.01335	0.01483	0.01038	0.01038	0.01483	0.01335	0.01928	0.02225	0.03264	0.02077	0.06231	0.67512	0.01335	0.02225	0.00890	0.00445	0.00742
33	0.01311	0.01039	0.01223	0.01283	0.01525	0.01045	0.01007	0.01988	0.14339	0.02536	0.05397	0.20778	0.22024	0.02071	0.01020	0.00323	0.00583	0.18885	0.00784	0.00838
34	0.01096	0.00793	0.01096	0.01199	0.01280	0.00822	0.00845	0.01283	0.01459	0.02001	0.03518	0.39207	0.03990	0.10454	0.26032	0.00752	0.01160	0.01705	0.00625	0.00683
35	0.01009	0.00777	0.00923	0.01025	0.01174	0.00691	0.00716	0.01192	0.01751	0.02233	0.09268	0.42119	0.29432	0.02357	0.01025	0.00311	0.00453	0.02075	0.00779	0.00691
36	0.01431	0.01008	0.01210	0.01246	0.01488	0.00984	0.00949	0.01984	0.11376	0.07392	0.05235	0.28823	0.19789	0.02077	0.01005	0.00316	0.00558	0.11476	0.00802	0.00852
37	0.01165	0.00808	0.01000	0.01017	0.01085	0.00796	0.00660	0.01308	0.01560	0.02139	0.18018	0.16660	0.04535	0.37170	0.07962	0.00636	0.00763	0.01453	0.00644	0.00620
38	0.01207	0.00809	0.00925	0.00925	0.00932	0.00816	0.00527	0.01220	0.01214	0.01625	0.02600	0.05340	0.02978	0.67946	0.07029	0.00829	0.00868	0.01194	0.00501	0.00514
39	0.02794	0.01960	0.02134	0.01679	0.02206	0.02131	0.01337	0.46629	0.03260	0.08232	0.02201	0.02750	0.01781	0.15287	0.01527	0.00364	0.00879	0.00847	0.00776	0.01227
40	0.01037	0.00741	0.00993	0.01186	0.01245	0.00697	0.00815	0.01201	0.01615	0.02149	0.04565	0.65538	0.05439	0.02579	0.01067	0.00341	0.00504	0.06836	0.00771	0.00682
41	0.01522	0.00777	0.00785	0.00785	0.00963	0.00777	0.00575	0.01879	0.01701	0.02982	0.02703	0.03279	0.02198	0.06386	0.00864	0.00241	0.00420	0.00808	0.69604	0.00753
42	0.01243	0.01069	0.01092	0.01046	0.01373	0.01031	0.00796	0.01969	0.16904	0.02541	0.07201	0.06814	0.50149	0.01868	0.00949	0.00281	0.00478	0.01557	0.00789	0.00849
43	0.01187	0.00890	0.01335	0.01335	0.01483	0.01038	0.01038	0.01483	0.01335	0.01928	0.02225	0.03264	0.02077	0.06231	0.67512	0.01335	0.02225	0.00890	0.00445	0.00742
44	0.01109	0.00834	0.01027	0.01005	0.01207	0.00751	0.00744	0.01429	0.02155	0.02929	0.44430	0.13399	0.22140	0.01896	0.00989	0.00274	0.00409	0.01656	0.00863	0.00751
45	0.01666	0.04297	0.66500	0.02368	0.03596	0.01929	0.03069	0.02631	0.01754	0.02631	0.01491	0.01754	0.01052	0.00789	0.00789	0.00263	0.01228	0.00614	0.00351	0.01228
46	0.02056	0.01974	0.03372	0.05099	0.65622	0.01974	0.02550	0.02550	0.01892	0.02714	0.01563	0.02056	0.01316	0.00740	0.00822	0.00247	0.00987	0.00740	0.00411	0.01316
47	0.11365	0.02662	0.02315	0.01878	0.02466	0.19030	0.01510	0.40928	0.03232	0.04251	0.01720	0.01796	0.01268	0.00936	0.00775	0.00241	0.01033	0.00660	0.00693	0.01241
48	0.01011	0.00729	0.00958	0.01141	0.01201	0.00676	0.00764	0.01159	0.01606	0.02127	0.04771	0.67143	0.08490	0.02578	0.01056	0.00335	0.00479	0.02331	0.00771	0.00676
49	0.01115	0.00766	0.00934	0.01025	0.01048	0.00743	0.00631	0.01184	0.01390	0.01853	0.03550	0.36261	0.04197	0.38374	0.02722	0.00583	0.00652	0.01757	0.00631	0.00585
50	0.00994	0.00793	0.00891	0.00970	0.01156	0.00690	0.00688	0.01178	0.01770	0.02194	0.06851	0.33396	0.40895	0.02307	0.01014	0.00304	0.00446	0.02001	0.00771	0.00690
51	0.01774	0.01977	0.19024	0.01579	0.02142	0.01352	0.01572	0.02339	0.04955	0.13139	0.06257	0.03846	0.15584	0.02314	0.14600	0.00491	0.04402	0.01012	0.00624	0.01016
52	0.01197	0.00807	0.00903	0.00903	0.00917	0.00800	0.00510	0.01207	0.01241	0.01641	0.02898	0.05560	0.06036	0.67477	0.04071	0.00780	0.00787	0.01235	0.00516	0.00513
53	0.01723	0.01477	0.01723	0.01230	0.01969	0.01107	0.00984	0.02092	0.01723	0.02707	0.01477	0.01723	0.01230	0.00615	0.00615	0.00123	0.00615	0.00492	0.00492	0.75883
54	0.02059	0.01252	0.01536	0.01438	0.04852	0.01184	0.01066	0.11016	0.02352	0.18285	0.13407	0.08791	0.23775	0.01593	0.00927	0.00273	0.00604	0.03725	0.00844	0.01020

[dist]
# distance from previous block
# <min> <max>
0	1

[block]
# block no. 6 follows, 22 sequences, length 23
# corresponding to MSA columns:
# 361-383
name=unknown_G
#
# <colnr> <probs for GDERKNQSTAVLIFYWHMCP>
#	G	D	E	R	K	N	Q	S	T	A	V	L	I	F	Y	W	H	M	C	P
0	0.01012	0.00723	0.00964	0.01157	0.01205	0.00675	0.00771	0.01157	0.01591	0.02121	0.04579	0.70262	0.05495	0.02603	0.01060	0.00337	0.00482	0.02362	0.00771	0.00675
1	0.01797	0.01777	0.03216	0.36347	0.24755	0.01934	0.13417	0.02359	0.01790	0.02412	0.01542	0.02168	0.01203	0.00778	0.00855	0.00268	0.01122	0.00783	0.00392	0.01086
2	0.02034	0.01938	0.03231	0.07913	0.58565	0.01974	0.02456	0.02653	0.05998	0.02736	0.01679	0.02133	0.01387	0.00770	0.00824	0.00250	0.00971	0.00753	0.00438	0.01297
3	0.01372	0.00938	0.01280	0.01241	0.01361	0.01089	0.00950	0.01589	0.01392	0.02148	0.02150	0.03086	0.01956	0.07102	0.34105	0.09448	0.08718	0.00840	0.18523	0.00713
4	0.01760	0.06660	0.46521	0.02530	0.03558	0.02074	0.14421	0.02578	0.01751	0.02554	0.01480	0.01835	0.01096	0.00824	0.00975	0.00271	0.06886	0.00687	0.00365	0.01173
5	0.01018	0.00835	0.00897	0.00899	0.01149	0.00714	0.00668	0.01256	0.01954	0.02428	0.18178	0.11950	0.51039	0.02067	0.00987	0.00281	0.00420	0.01751	0.00797	0.00714
6	0.09147	0.00899	0.00915	0.00924	0.01124	0.00851	0.00641	0.01326	0.01616	0.02213	0.05577	0.14018	0.34034	0.21017	0.01839	0.00430	0.00558	0.01536	0.00670	0.00665
7	0.01286	0.00993	0.01207	0.01258	0.01461	0.00999	0.00949	0.01928	0.13266	0.02678	0.16597	0.28573	0.12043	0.02050	0.01011	0.00313	0.00535	0.11210	0.00812	0.00831
8	0.02066	0.01785	0.01878	0.01691	0.02160	0.02066	0.01315	0.04414	0.64121	0.03475	0.03381	0.03099	0.02536	0.01127	0.00845	0.00282	0.00657	0.00939	0.00845	0.01315
9	0.01010	0.00731	0.00956	0.01135	0.01199	0.00677	0.00762	0.01159	0.01611	0.02129	0.04842	0.65992	0.09595	0.02568	0.01055	0.00333	0.00478	0.02320	0.00771	0.00677
10	0.01322	0.00786	0.00861	0.00877	0.00956	0.00782	0.00556	0.01483	0.01446	0.02225	0.02824	0.10207	0.02895	0.38059	0.02552	0.00530	0.00617	0.01143	0.29256	0.00622
11	0.01020	0.00810	0.00916	0.00960	0.01163	0.00707	0.00693	0.01240	0.01880	0.02376	0.16010	0.24939	0.39994	0.02180	0.01003	0.00293	0.00433	0.01883	0.00793	0.00707
12	0.01093	0.00825	0.01013	0.01039	0.01227	0.00746	0.00769	0.01376	0.02024	0.02697	0.31661	0.21099	0.23873	0.02052	0.01008	0.00291	0.00442	0.05199	0.00832	0.00735
13	0.01166	0.00793	0.00942	0.00982	0.01000	0.00791	0.00589	0.01212	0.01295	0.01735	0.03006	0.18868	0.03486	0.53002	0.07040	0.00737	0.00816	0.01432	0.00556	0.00552
14	0.01131	0.00826	0.00941	0.00931	0.01126	0.00747	0.00671	0.01391	0.01933	0.02611	0.26204	0.10258	0.28630	0.10248	0.01342	0.00333	0.00458	0.01543	0.07964	0.00711
15	0.01723	0.01477	0.01723	0.01230	0.01969	0.01107	0.00984	0.02092	0.01723	0.02707	0.01477	0.01723	0.01230	0.00615	0.00615	0.00123	0.00615	0.00492	0.00492	0.75883
16	0.01859	0.01319	0.01466	0.01301	0.01669	0.01322	0.01005	0.20859	0.02485	0.07390	0.05081	0.21419	0.25875	0.01808	0.00944	0.00283	0.00611	0.01528	0.00807	0.00967
17	0.00982	0.00842	0.00842	0.00842	0.01122	0.00701	0.00631	0.01192	0.01894	0.02244	0.08416	0.07995	0.65285	0.02104	0.00982	0.00281	0.00421	0.01753	0.00771	0.00701
18	0.01656	0.01218	0.01388	0.01305	0.01569	0.01248	0.00978	0.18277	0.02253	0.02958	0.04217	0.26062	0.14190	0.12137	0.01459	0.00376	0.00662	0.06432	0.00748	0.00866
19	0.01197	0.00850	0.01134	0.01134	0.01213	0.00929	0.00787	0.01354	0.01276	0.01779	0.02409	0.04283	0.02519	0.36515	0.37833	0.01087	0.01559	0.01039	0.00472	0.00630
20	0.01040	0.00754	0.00983	0.01115	0.01206	0.00696	0.00764	0.01234	0.01750	0.02350	0.15921	0.54423	0.09880	0.02404	0.01040	0.00320	0.00461	0.02164	0.00797	0.00696
21	0.01206	0.00814	0.00952	0.00952	0.00968	0.00830	0.00561	0.01238	0.01222	0.01645	0.02576	0.05204	0.02919	0.63895	0.11000	0.00862	0.00957	0.01174	0.00497	0.00529
22	0.01180	0.00793	0.00914	0.00943	0.00950	0.00786	0.00542	0.01201	0.01264	0.01685	0.02903	0.14861	0.03380	0.60889	0.03768	0.00737	0.00758	0.01376	0.00542	0.00528

[dist]
# distance from previous block
# <min> <max>
0	1

[block]
# block no. 7 follows, 22 sequences, length 24
# corresponding to MSA columns:
# 385-408
name=unknown_H
#
# <colnr> <probs for GDERKNQSTAVLIFYWHMCP>
#	G	D	E	R	K	N	Q	S	T	A	V	L	I	F	Y	W	H	M	C	P
0	0.01189	0.00882	0.01294	0.01294	0.01428	0.01016	0.00987	0.01457	0.01323	0.01898	0.02263	0.03470	0.02167	0.12377	0.61488	0.01285	0.02090	0.00920	0.00451	0.00719
1	0.01421	0.01027	0.01144	0.01078	0.01215	0.01066	0.00712	0.06865	0.06593	0.02168	0.03237	0.05085	0.09631	0.47237	0.07518	0.00692	0.00855	0.01185	0.00585	0.00686
2	0.01243	0.00966	0.01416	0.01384	0.01511	0.01156	0.01075	0.01512	0.01322	0.01916	0.02149	0.03265	0.02046	0.09596	0.58149	0.01219	0.07997	0.00894	0.00441	0.00742
3	0.01273	0.00837	0.01014	0.01020	0.01120	0.00799	0.00675	0.01415	0.01613	0.04949	0.15308	0.15870	0.08555	0.36381	0.02616	0.00551	0.00645	0.04036	0.00676	0.00648
4	0.02634	0.02067	0.02198	0.01805	0.02377	0.02331	0.01452	0.34799	0.32812	0.04391	0.02660	0.02525	0.01952	0.01060	0.00838	0.00265	0.00791	0.00840	0.00838	0.01366
5	0.01230	0.00904	0.01025	0.01038	0.01279	0.00820	0.00760	0.01584	0.06063	0.05929	0.10473	0.25090	0.36577	0.02094	0.00987	0.00294	0.00468	0.01805	0.00800	0.00780
6	0.01459	0.01277	0.05547	0.01232	0.01550	0.01098	0.00974	0.02076	0.13240	0.05734	0.04491	0.18706	0.18390	0.14902	0.01553	0.00382	0.00629	0.01439	0.00705	0.04615
7	0.19644	0.02201	0.02653	0.12834	0.26094	0.14077	0.05953	0.02612	0.01836	0.02735	0.01411	0.01823	0.01139	0.00779	0.00748	0.00250	0.01046	0.00650	0.00433	0.01082
8	0.01110	0.00824	0.01035	0.01031	0.01213	0.00748	0.00755	0.01423	0.02125	0.02908	0.43586	0.18820	0.17468	0.01943	0.00996	0.00279	0.00414	0.01711	0.00862	0.00748
9	0.01015	0.00789	0.00925	0.01005	0.01172	0.00698	0.00710	0.01215	0.01803	0.02300	0.12505	0.36039	0.32281	0.02288	0.01017	0.00304	0.00446	0.02003	0.00786	0.00698
10	0.02082	0.01314	0.01554	0.01392	0.01726	0.01341	0.01055	0.17601	0.05823	0.13008	0.07554	0.27985	0.03641	0.05739	0.01117	0.00316	0.00646	0.01448	0.03640	0.01014
11	0.01701	0.01236	0.01412	0.01299	0.01624	0.01249	0.01002	0.14339	0.07815	0.05996	0.13156	0.19819	0.19354	0.01807	0.00958	0.00289	0.00584	0.04596	0.00821	0.00943
12	0.01359	0.00998	0.01370	0.01319	0.01472	0.01160	0.01017	0.04317	0.01478	0.02177	0.02226	0.03294	0.02074	0.11142	0.47143	0.01050	0.06364	0.00890	0.08387	0.00765
13	0.01234	0.00849	0.01023	0.01032	0.01247	0.00751	0.00753	0.01479	0.01956	0.06978	0.21553	0.25652	0.28288	0.02072	0.00994	0.00291	0.00452	0.01805	0.00826	0.00765
14	0.01155	0.00802	0.00942	0.00965	0.01068	0.00759	0.00637	0.01321	0.01654	0.02260	0.17035	0.18170	0.13104	0.28914	0.02239	0.00487	0.00575	0.01537	0.05733	0.00641
15	0.01148	0.00773	0.00923	0.00994	0.01020	0.00756	0.00606	0.01217	0.01371	0.01858	0.03352	0.29504	0.03908	0.42691	0.02907	0.00607	0.00669	0.01621	0.03497	0.00578
16	0.01218	0.00880	0.01286	0.01286	0.01438	0.01015	0.00998	0.01523	0.01371	0.02031	0.02268	0.03249	0.02081	0.05771	0.61669	0.01235	0.02065	0.00880	0.06991	0.00745
17	0.08248	0.01006	0.01180	0.01094	0.01374	0.00939	0.00807	0.01966	0.01863	0.16045	0.14027	0.16009	0.16879	0.13123	0.01459	0.00367	0.00570	0.01416	0.00782	0.00846
18	0.01308	0.00982	0.01190	0.01262	0.01411	0.01002	0.00885	0.05106	0.11170	0.02522	0.06641	0.50301	0.04787	0.05817	0.01177	0.00345	0.00546	0.01961	0.00778	0.00808
19	0.01208	0.00805	0.00906	0.00906	0.00906	0.00805	0.00503	0.01208	0.01208	0.01611	0.02618	0.05436	0.03020	0.70804	0.04228	0.00805	0.00805	0.01208	0.00503	0.00503
20	0.01691	0.01414	0.02252	0.12356	0.02708	0.01517	0.13002	0.08210	0.05900	0.02428	0.02031	0.03053	0.01819	0.14368	0.14106	0.09658	0.01222	0.00908	0.00495	0.00862
21	0.08448	0.01363	0.01450	0.01336	0.01689	0.04181	0.01002	0.02658	0.16526	0.12821	0.03565	0.21367	0.07191	0.06891	0.01126	0.00319	0.00647	0.01294	0.00755	0.05371
22	0.01212	0.00918	0.01197	0.08042	0.01689	0.00954	0.00926	0.01544	0.04448	0.02250	0.09296	0.21650	0.12802	0.12981	0.11935	0.00534	0.00856	0.01477	0.04555	0.00733
23	0.01926	0.01559	0.01951	0.08546	0.02358	0.01841	0.01416	0.16511	0.13594	0.03004	0.02191	0.02751	0.01831	0.05761	0.22227	0.00638	0.09422	0.00845	0.00595	0.01033

[dist]
# distance from previous block
# <min> <max>
0	1

[block]
# block no. 8 follows, 22 sequences, length 6
# corresponding to MSA columns:
# 410-415
name=unknown_I
#
# <colnr> <probs for GDERKNQSTAVLIFYWHMCP>
#	G	D	E	R	K	N	Q	S	T	A	V	L	I	F	Y	W	H	M	C	P
0	0.01723	0.01593	0.02674	0.24561	0.33416	0.01741	0.02162	0.02195	0.01704	0.02365	0.01671	0.02355	0.01406	0.01897	0.14529	0.00480	0.01280	0.00770	0.00405	0.01073
1	0.01702	0.01425	0.02071	0.25988	0.11274	0.01600	0.01665	0.05523	0.11573	0.02626	0.09502	0.03110	0.05364	0.01324	0.01193	0.10801	0.00841	0.00906	0.00555	0.00955
2	0.14387	0.02212	0.12859	0.16853	0.23390	0.01942	0.11681	0.02474	0.01754	0.02741	0.01484	0.01952	0.01154	0.00765	0.00792	0.00262	0.01056	0.00709	0.00412	0.01121
3	0.31086	0.02459	0.13129	0.07319	0.17315	0.10708	0.01853	0.02594	0.01728	0.02959	0.01349	0.01667	0.01061	0.00783	0.00688	0.00251	0.00972	0.00578	0.00440	0.01063
4	0.06446	0.02276	0.15401	0.02002	0.07458	0.08083	0.05297	0.09159	0.02144	0.02885	0.06931	0.04138	0.16831	0.01295	0.00873	0.00270	0.00899	0.05999	0.00598	0.01016
5	0.08022	0.06692	0.02423	0.05056	0.07015	0.10198	0.05875	0.11481	0.02143	0.06857	0.02067	0.06325	0.04117	0.01006	0.00885	0.00237	0.05001	0.00796	0.00565	0.13238

[dist]
# distance from previous block
# <min> <max>
13	130

[block]
# block no. 9 follows, 22 sequences, length 66
# corresponding to MSA columns:
# 547-612
name=unknown_J
#
# <colnr> <probs for GDERKNQSTAVLIFYWHMCP>
#	G	D	E	R	K	N	Q	S	T	A	V	L	I	F	Y	W	H	M	C	P
