[name]
unknown

[dist]
# distance from previous block
# <min> <max>
0	3

[block]
# block no. 0 follows, 18 sequences, length 154
# corresponding to MSA columns:
# 3-156
name=unknown_A
#
# <colnr> <probs for GDERKNQSTAVLIFYWHMCP>
#	G	D	E	R	K	N	Q	S	T	A	V	L	I	F	Y	W	H	M	C	P
0	0.19310	0.01326	0.01482	0.01738	0.10215	0.01323	0.01122	0.01917	0.01910	0.02928	0.05470	0.05981	0.29988	0.06370	0.01198	0.00347	0.00672	0.05081	0.00703	0.00917
1	0.02519	0.02407	0.02599	0.03006	0.21058	0.14792	0.01832	0.15325	0.02609	0.03268	0.02833	0.03314	0.09009	0.07102	0.04001	0.00376	0.01155	0.00962	0.00623	0.01210
2	0.01372	0.01127	0.01152	0.01202	0.01341	0.05174	0.00821	0.01529	0.01814	0.02271	0.07791	0.23026	0.17425	0.23958	0.02286	0.00519	0.00726	0.05006	0.00736	0.00724
3	0.01201	0.00834	0.01041	0.01173	0.01206	0.00801	0.00739	0.01300	0.01597	0.02129	0.04234	0.43811	0.05029	0.27621	0.02508	0.00570	0.00669	0.02124	0.00739	0.00674
4	0.01169	0.00878	0.00992	0.01058	0.01198	0.00800	0.00703	0.01311	0.01768	0.02233	0.06122	0.25813	0.27525	0.21718	0.02166	0.00500	0.00611	0.01966	0.00765	0.00702
5	0.01352	0.00913	0.01132	0.04105	0.01421	0.00894	0.00798	0.01512	0.01781	0.02460	0.14523	0.14597	0.10749	0.22806	0.02425	0.07767	0.00668	0.01521	0.07877	0.00701
6	0.02678	0.02523	0.02151	0.01875	0.02319	0.21421	0.01465	0.19832	0.02814	0.03502	0.06159	0.02772	0.02164	0.02406	0.15104	0.00529	0.01450	0.00848	0.06860	0.01130
7	0.01886	0.01399	0.01559	0.01427	0.01746	0.01433	0.01060	0.19456	0.02585	0.03386	0.04835	0.25623	0.16809	0.10609	0.01527	0.00395	0.00714	0.01732	0.00835	0.00985
8	0.01425	0.00994	0.01180	0.01219	0.01305	0.00995	0.00788	0.06254	0.01777	0.02372	0.03787	0.32547	0.04388	0.33509	0.02812	0.00610	0.00743	0.01852	0.00718	0.00726
9	0.01134	0.00805	0.01061	0.01259	0.01308	0.00756	0.00831	0.01283	0.01728	0.02304	0.04908	0.62822	0.05880	0.07450	0.01419	0.00409	0.00558	0.02520	0.00831	0.00732
10	0.06471	0.00952	0.01143	0.01185	0.01343	0.00996	0.00850	0.01654	0.01651	0.02535	0.03590	0.19746	0.06821	0.13506	0.19207	0.00722	0.01117	0.01437	0.14295	0.00777
11	0.01267	0.00861	0.01022	0.01089	0.01105	0.00845	0.00650	0.01317	0.01468	0.01958	0.03575	0.25249	0.04199	0.47316	0.03571	0.00727	0.00778	0.01737	0.00650	0.00616
12	0.01500	0.00961	0.01068	0.01053	0.01137	0.00971	0.00659	0.04425	0.01639	0.02354	0.03064	0.10555	0.03290	0.45753	0.03394	0.00682	0.00775	0.01325	0.14711	0.00682
13	0.01497	0.01087	0.01558	0.16919	0.02560	0.01142	0.01249	0.01813	0.01941	0.05652	0.16280	0.25173	0.04838	0.12227	0.01625	0.00414	0.00748	0.01676	0.00747	0.00852
14	0.02298	0.01081	0.01259	0.01104	0.01474	0.01012	0.00865	0.02703	0.02078	0.17922	0.03045	0.03268	0.02272	0.01318	0.03495	0.00282	0.00619	0.00860	0.47722	0.05323
15	0.02669	0.02962	0.02061	0.01897	0.02238	0.37116	0.01442	0.02961	0.02225	0.02521	0.01909	0.02335	0.01597	0.01689	0.08029	0.00382	0.05984	0.00715	0.18287	0.00981
16	0.02399	0.01618	0.01797	0.01564	0.02075	0.01682	0.01231	0.06535	0.28497	0.16208	0.05217	0.04838	0.19359	0.01522	0.00974	0.00303	0.00678	0.01259	0.00954	0.01289
17	0.03069	0.03578	0.02965	0.03380	0.21463	0.40946	0.02101	0.06674	0.02543	0.02694	0.01563	0.01882	0.01291	0.00915	0.00859	0.00250	0.01440	0.00677	0.00494	0.01217
18	0.02429	0.01273	0.01549	0.01330	0.01743	0.01228	0.01046	0.05829	0.07479	0.21066	0.21625	0.04355	0.04314	0.01360	0.00903	0.00270	0.00589	0.01143	0.19314	0.01154
19	0.02470	0.02853	0.07536	0.04244	0.35094	0.17235	0.07316	0.02988	0.02213	0.02790	0.01843	0.02595	0.01590	0.00951	0.00923	0.00277	0.01272	0.04035	0.00478	0.01298
20	0.01282	0.00964	0.01347	0.01404	0.01498	0.01065	0.01022	0.01502	0.01564	0.02179	0.03424	0.27991	0.03785	0.11696	0.29994	0.00928	0.05321	0.01632	0.00631	0.00774
21	0.02441	0.01844	0.02061	0.01633	0.02273	0.01815	0.01288	0.15386	0.16702	0.07793	0.02530	0.02821	0.02010	0.07412	0.01196	0.00292	0.00791	0.00829	0.00763	0.28119
22	0.01312	0.00984	0.01476	0.01476	0.01640	0.01148	0.01148	0.01640	0.01476	0.02131	0.02459	0.03607	0.02295	0.06886	0.64092	0.01476	0.02459	0.00984	0.00492	0.00820
23	0.02094	0.01626	0.01923	0.01383	0.02190	0.01235	0.01110	0.02498	0.01966	0.08111	0.01803	0.02009	0.01438	0.00719	0.00701	0.00149	0.00689	0.00577	0.00595	0.67184
24	0.02154	0.02437	0.05194	0.03745	0.04594	0.02364	0.53806	0.02878	0.02102	0.02878	0.01802	0.02437	0.01377	0.00845	0.01249	0.00318	0.07083	0.01060	0.00459	0.01218
25	0.06309	0.02864	0.02541	0.08505	0.02918	0.26606	0.01827	0.08213	0.02211	0.02672	0.01528	0.02029	0.01306	0.01599	0.06323	0.00392	0.19872	0.00722	0.00495	0.01068
26	0.08469	0.47600	0.18225	0.01786	0.02688	0.03144	0.01951	0.02782	0.01857	0.02505	0.01364	0.01584	0.01159	0.00812	0.00654	0.00226	0.01047	0.00536	0.00407	0.01205
27	0.01171	0.00881	0.01009	0.01069	0.01219	0.00801	0.00722	0.01339	0.01840	0.02350	0.10029	0.25818	0.26780	0.18439	0.01988	0.00469	0.00587	0.01977	0.00791	0.00719
28	0.01132	0.00804	0.01062	0.01262	0.01312	0.00754	0.00835	0.01282	0.01733	0.02311	0.04932	0.63511	0.05911	0.06719	0.01379	0.00404	0.00554	0.02535	0.00835	0.00735
29	0.02393	0.02461	0.03447	0.11676	0.46774	0.11726	0.02627	0.02897	0.02142	0.02812	0.01669	0.02196	0.01387	0.00849	0.00897	0.00271	0.01193	0.00783	0.00452	0.01347
30	0.01179	0.00942	0.01060	0.01055	0.01330	0.00824	0.00807	0.01485	0.02243	0.02854	0.24308	0.08372	0.41726	0.02210	0.01099	0.00312	0.00485	0.06004	0.00899	0.00807
31	0.02416	0.53350	0.04195	0.01638	0.02364	0.03329	0.01545	0.03229	0.15035	0.02539	0.01831	0.01913	0.01544	0.00889	0.00667	0.00222	0.00924	0.00614	0.00515	0.01240
32	0.03562	0.02282	0.02555	0.01978	0.02692	0.02440	0.01628	0.41815	0.07752	0.19652	0.02659	0.02515	0.01822	0.01121	0.00921	0.00280	0.00934	0.00865	0.00973	0.01554
33	0.02336	0.39112	0.22816	0.02015	0.02915	0.08953	0.02184	0.02863	0.01939	0.02406	0.01404	0.01661	0.01175	0.00866	0.00811	0.00239	0.04117	0.00574	0.00399	0.01216
34	0.03430	0.04376	0.02602	0.02365	0.02839	0.64045	0.01774	0.03666	0.02602	0.02247	0.01419	0.01656	0.01183	0.00946	0.00828	0.00237	0.01656	0.00591	0.00473	0.01064
35	0.01689	0.01054	0.01180	0.01079	0.01462	0.00892	0.00834	0.01955	0.02223	0.14288	0.10855	0.07621	0.47341	0.02070	0.01053	0.00304	0.00525	0.01726	0.00916	0.00934
36	0.06135	0.02698	0.11930	0.03319	0.04243	0.02323	0.40999	0.07347	0.05646	0.03272	0.01936	0.02391	0.01438	0.00843	0.01008	0.00303	0.01390	0.00979	0.00523	0.01277
37	0.02574	0.08732	0.17457	0.06515	0.03205	0.09380	0.02119	0.17058	0.16960	0.03661	0.02239	0.02333	0.01671	0.01024	0.00873	0.00279	0.01110	0.00787	0.00663	0.01359
38	0.02140	0.01127	0.01481	0.01285	0.01658	0.01007	0.01001	0.02536	0.02572	0.21492	0.40265	0.05865	0.10459	0.01684	0.01035	0.00289	0.00541	0.01456	0.01038	0.01071
39	0.01319	0.00883	0.01006	0.01023	0.01027	0.00879	0.00579	0.01331	0.01368	0.01824	0.03060	0.10713	0.03549	0.62740	0.04404	0.00850	0.00863	0.01433	0.00579	0.00571
40	0.02129	0.20362	0.43471	0.02338	0.03478	0.07815	0.02805	0.02934	0.01978	0.02667	0.01537	0.01800	0.01169	0.00857	0.00799	0.00263	0.01290	0.00625	0.00396	0.01288
41	0.02405	0.02134	0.01992	0.01825	0.02258	0.12263	0.01389	0.08005	0.30059	0.06565	0.03523	0.17366	0.03144	0.01546	0.00968	0.00309	0.00863	0.01295	0.00848	0.01243
42	0.03377	0.07830	0.02721	0.02323	0.02813	0.60780	0.01763	0.03617	0.02562	0.02242	0.01412	0.01646	0.01182	0.00938	0.00815	0.00234	0.01619	0.00586	0.00469	0.01071
43	0.02051	0.18314	0.39379	0.02340	0.03439	0.02493	0.05151	0.03140	0.09815	0.02870	0.01857	0.02060	0.01398	0.00899	0.00827	0.00274	0.01197	0.00703	0.00466	0.01325
44	0.01372	0.01072	0.01590	0.01556	0.01706	0.01291	0.01222	0.01689	0.01470	0.02138	0.02352	0.03470	0.02202	0.06433	0.58851	0.01383	0.07917	0.00968	0.00484	0.00836
45	0.01605	0.00802	0.01167	0.01167	0.01185	0.00802	0.00784	0.01277	0.01259	0.01752	0.01715	0.02845	0.01660	0.03008	0.03336	0.67015	0.00766	0.00802	0.06614	0.00438
46	0.01144	0.00812	0.01068	0.01252	0.01308	0.00762	0.00830	0.01303	0.01763	0.02361	0.07438	0.59711	0.05979	0.07823	0.01437	0.00409	0.00556	0.02469	0.00837	0.00737
47	0.01151	0.00933	0.01021	0.00999	0.01280	0.00803	0.00749	0.01445	0.02248	0.02847	0.25253	0.08232	0.45450	0.02188	0.01085	0.00304	0.00455	0.01853	0.00901	0.00803
48	0.02555	0.02718	0.03452	0.04837	0.47551	0.17293	0.02563	0.03025	0.02216	0.02816	0.01652	0.02122	0.01388	0.00849	0.00889	0.00264	0.01229	0.00763	0.00459	0.01359
49	0.01335	0.00890	0.01001	0.01001	0.01001	0.00890	0.00556	0.01335	0.01335	0.01780	0.02893	0.06009	0.03338	0.67731	0.04673	0.00890	0.00890	0.01335	0.00556	0.00556
50	0.01312	0.00984	0.01476	0.01476	0.01640	0.01148	0.01148	0.01640	0.01476	0.02131	0.02459	0.03607	0.02295	0.06886	0.64092	0.01476	0.02459	0.00984	0.00492	0.00820
51	0.04075	0.01634	0.02175	0.01667	0.02379	0.01455	0.01377	0.08315	0.02747	0.58631	0.03522	0.03060	0.02223	0.01134	0.00923	0.00284	0.00797	0.00917	0.01121	0.01563
52	0.01904	0.01632	0.01904	0.01360	0.02176	0.01224	0.01088	0.02312	0.01904	0.02992	0.01632	0.01904	0.01360	0.00680	0.00680	0.00136	0.00680	0.00544	0.00544	0.73344
53	0.02148	0.02420	0.05100	0.03692	0.04508	0.02382	0.51760	0.02852	0.02074	0.02852	0.01778	0.02420	0.01370	0.00876	0.01319	0.00321	0.09413	0.01049	0.00457	0.01210
54	0.01712	0.00856	0.00856	0.00856	0.01070	0.00856	0.00642	0.02139	0.01926	0.03423	0.02995	0.03423	0.02353	0.01070	0.00642	0.00214	0.00428	0.00856	0.72828	0.00856
55	0.01506	0.01020	0.01317	0.01214	0.01473	0.00956	0.00920	0.02029	0.05125	0.07108	0.55635	0.06492	0.08037	0.01807	0.01067	0.00290	0.00466	0.01591	0.01015	0.00932
56	0.01791	0.01688	0.02394	0.02118	0.02169	0.02291	0.01739	0.02031	0.01428	0.02185	0.01598	0.02509	0.01547	0.03259	0.22130	0.00738	0.46147	0.00860	0.00430	0.00947
57	0.01712	0.00856	0.00856	0.00856	0.01070	0.00856	0.00642	0.02139	0.01926	0.03423	0.02995	0.03423	0.02353	0.01070	0.00642	0.00214	0.00428	0.00856	0.72828	0.00856
58	0.02265	0.02202	0.03843	0.05514	0.58072	0.02191	0.06656	0.02826	0.02096	0.02996	0.01736	0.02287	0.01450	0.00815	0.00921	0.00275	0.01122	0.00836	0.00455	0.01440
59	0.01665	0.01518	0.02550	0.45453	0.04965	0.01799	0.06066	0.02164	0.01748	0.02277	0.01923	0.03135	0.01672	0.12545	0.06420	0.00494	0.01286	0.00935	0.00443	0.00942
60	0.01085	0.00930	0.00930	0.00930	0.01240	0.00775	0.00698	0.01318	0.02093	0.02480	0.09302	0.08837	0.61631	0.02325	0.01085	0.00310	0.00465	0.01938	0.00853	0.00775
61	0.01595	0.00797	0.01196	0.01196	0.01196	0.00797	0.00797	0.01196	0.01196	0.01595	0.01595	0.02791	0.01595	0.03190	0.03589	0.73285	0.00797	0.00797	0.00399	0.00399
62	0.03203	0.19640	0.03171	0.02123	0.02723	0.37527	0.01719	0.14066	0.02752	0.02906	0.01535	0.01717	0.01254	0.00937	0.00787	0.00234	0.01367	0.00612	0.00539	0.01188
63	0.02277	0.02103	0.03106	0.04219	0.39588	0.02220	0.02305	0.03593	0.23994	0.03316	0.02483	0.02706	0.01961	0.00979	0.00919	0.00287	0.00954	0.00901	0.00635	0.01454
64	0.01118	0.00899	0.00998	0.01041	0.01278	0.00779	0.00755	0.01356	0.02070	0.02586	0.14313	0.22847	0.41926	0.02408	0.01106	0.00323	0.00478	0.02070	0.00871	0.00779
65	0.01421	0.01187	0.01595	0.16963	0.02715	0.01239	0.01396	0.01932	0.05074	0.02687	0.10530	0.07203	0.25431	0.01940	0.01081	0.00335	0.00755	0.14862	0.00760	0.00895
66	0.03202	0.03908	0.02487	0.02255	0.02708	0.53862	0.01704	0.06432	0.02572	0.02426	0.01575	0.01899	0.01325	0.01604	0.07748	0.00374	0.01709	0.00647	0.00499	0.01065
67	0.01166	0.00874	0.01082	0.01156	0.01322	0.00790	0.00819	0.01427	0.02097	0.02786	0.23344	0.34480	0.20435	0.02437	0.01124	0.00332	0.00486	0.02156	0.00901	0.00790
68	0.02126	0.02130	0.03921	0.18691	0.35491	0.02184	0.16400	0.02742	0.02052	0.02838	0.01738	0.02362	0.01388	0.00830	0.00954	0.00289	0.01232	0.00882	0.00446	0.01304
69	0.01658	0.01393	0.01873	0.08935	0.10309	0.01467	0.01439	0.06893	0.06100	0.02826	0.04657	0.08587	0.21055	0.02849	0.15213	0.00568	0.01150	0.01332	0.00680	0.01016
70	0.02520	0.33653	0.11253	0.01842	0.02614	0.02930	0.01786	0.16575	0.07485	0.03299	0.02029	0.06509	0.01755	0.01061	0.00777	0.00250	0.00983	0.00793	0.00599	0.01288
71	0.01149	0.00933	0.01019	0.00997	0.01279	0.00802	0.00748	0.01441	0.02244	0.02838	0.24844	0.08248	0.45865	0.02192	0.01085	0.00304	0.00456	0.01855	0.00900	0.00802
72	0.02167	0.02477	0.05418	0.03870	0.04799	0.02322	0.58669	0.02941	0.02167	0.02941	0.01858	0.02477	0.01393	0.00774	0.01084	0.00310	0.01548	0.01084	0.00464	0.01238
73	0.03326	0.04024	0.02539	0.02271	0.02764	0.54638	0.01720	0.09362	0.02758	0.02630	0.01873	0.02052	0.04069	0.01028	0.00850	0.00244	0.01532	0.00679	0.00538	0.01103
74	0.02204	0.42268	0.28628	0.01999	0.03019	0.03019	0.02317	0.02814	0.01896	0.02466	0.01429	0.01664	0.01172	0.00821	0.00705	0.00235	0.01136	0.00568	0.00391	0.01251
75	0.02914	0.22655	0.06176	0.02380	0.06901	0.35929	0.01878	0.03226	0.02256	0.02304	0.01399	0.01679	0.01201	0.00923	0.00885	0.00239	0.04887	0.00594	0.00441	0.01136
76	0.02111	0.02228	0.07667	0.20052	0.44311	0.02144	0.02793	0.02709	0.02018	0.02834	0.01698	0.02292	0.01378	0.00846	0.00909	0.00282	0.01142	0.00808	0.00438	0.01341
77	0.01994	0.01860	0.02944	0.36186	0.23041	0.02125	0.02450	0.02917	0.11704	0.02800	0.02014	0.02557	0.01560	0.00942	0.00918	0.00297	0.01099	0.00854	0.00511	0.01228
78	0.02140	0.02046	0.03487	0.20382	0.48293	0.02147	0.02752	0.02702	0.02028	0.02839	0.01704	0.02316	0.01398	0.00843	0.00911	0.00281	0.01124	0.00818	0.00443	0.01347
79	0.01206	0.00935	0.01098	0.01057	0.01315	0.00827	0.00793	0.01552	0.02379	0.03159	0.38809	0.07719	0.31700	0.02072	0.01084	0.00298	0.00447	0.01781	0.00942	0.00827
80	0.01314	0.00976	0.01435	0.01435	0.01585	0.01126	0.01097	0.01613	0.01464	0.02101	0.02497	0.03813	0.02385	0.12108	0.58993	0.01425	0.02325	0.01014	0.00497	0.00797
81	0.01335	0.00890	0.01001	0.01001	0.01001	0.00890	0.00556	0.01335	0.01335	0.01780	0.02893	0.06009	0.03338	0.67731	0.04673	0.00890	0.00890	0.01335	0.00556	0.00556
82	0.68822	0.01759	0.01410	0.01240	0.01819	0.02005	0.01022	0.02836	0.01645	0.08624	0.01459	0.01617	0.01093	0.00874	0.00596	0.00284	0.00716	0.00530	0.00612	0.01038
83	0.01888	0.04423	0.54696	0.02797	0.04093	0.02160	0.11342	0.02913	0.01971	0.02913	0.01678	0.02016	0.01196	0.00858	0.00903	0.00293	0.01384	0.00737	0.00399	0.01340
84	0.01271	0.00937	0.01187	0.01125	0.01354	0.00854	0.00844	0.01677	0.02531	0.03520	0.54472	0.07126	0.15812	0.01938	0.01083	0.00292	0.00437	0.01698	0.00989	0.00854
85	0.03430	0.04376	0.02602	0.02365	0.02839	0.64045	0.01774	0.03666	0.02602	0.02247	0.01419	0.01656	0.01183	0.00946	0.00828	0.00237	0.01656	0.00591	0.00473	0.01064
86	0.01712	0.00856	0.00856	0.00856	0.01070	0.00856	0.00642	0.02139	0.01926	0.03423	0.02995	0.03423	0.02353	0.01070	0.00642	0.00214	0.00428	0.00856	0.72828	0.00856
87	0.08431	0.43735	0.21762	0.01850	0.02786	0.03053	0.02062	0.02792	0.01861	0.02550	0.01387	0.01613	0.01158	0.00817	0.00671	0.00232	0.01070	0.00547	0.00406	0.01216
88	0.02692	0.44753	0.03886	0.01757	0.02411	0.21305	0.01567	0.02979	0.02088	0.02273	0.01437	0.01661	0.01260	0.00853	0.00663	0.00209	0.01143	0.00546	0.05394	0.01122
89	0.02320	0.02211	0.02779	0.02777	0.13531	0.06543	0.08172	0.04001	0.34583	0.03408	0.02833	0.02866	0.02172	0.01050	0.00920	0.00285	0.00948	0.00934	0.00731	0.06935
90	0.02758	0.03027	0.03003	0.03721	0.28965	0.27947	0.02170	0.06920	0.02434	0.02831	0.01866	0.06584	0.01674	0.01036	0.00894	0.00265	0.01282	0.00850	0.00522	0.01249
91	0.65100	0.01912	0.04578	0.01313	0.01932	0.02009	0.01145	0.02846	0.01664	0.08561	0.01478	0.01640	0.01101	0.00875	0.00611	0.00284	0.00749	0.00539	0.00603	0.01057
92	0.01697	0.01559	0.02645	0.41961	0.09889	0.01847	0.04760	0.02241	0.01785	0.02377	0.01852	0.02717	0.01513	0.02361	0.16356	0.00589	0.01529	0.00869	0.00435	0.01018
93	0.02595	0.01816	0.02330	0.21244	0.03551	0.02029	0.01748	0.14041	0.16323	0.14170	0.02709	0.03062	0.02034	0.06804	0.01245	0.00348	0.00957	0.00935	0.00774	0.01284
94	0.01169	0.00917	0.01058	0.01058	0.01301	0.00805	0.00780	0.01468	0.02240	0.02912	0.28248	0.15428	0.34887	0.02227	0.01095	0.00310	0.00462	0.01919	0.00912	0.00805
95	0.01712	0.00856	0.00856	0.00856	0.01070	0.00856	0.00642	0.02139	0.01926	0.03423	0.02995	0.03423	0.02353	0.01070	0.00642	0.00214	0.00428	0.00856	0.72828	0.00856
96	0.02074	0.22445	0.37313	0.02640	0.07677	0.02579	0.07578	0.02859	0.01948	0.02705	0.01566	0.01876	0.01208	0.00835	0.00813	0.00264	0.01248	0.00670	0.00400	0.01303
97	0.02024	0.02025	0.03643	0.04303	0.35904	0.01956	0.16855	0.02570	0.02111	0.02888	0.03172	0.03548	0.12648	0.01087	0.00987	0.00289	0.01092	0.01095	0.00531	0.01272
98	0.01312	0.00984	0.01476	0.01476	0.01640	0.01148	0.01148	0.01640	0.01476	0.02131	0.02459	0.03607	0.02295	0.06886	0.64092	0.01476	0.02459	0.00984	0.00492	0.00820
99	0.31686	0.21789	0.02976	0.02343	0.15552	0.02510	0.01602	0.02863	0.01846	0.07302	0.01540	0.01774	0.01241	0.00844	0.00676	0.00255	0.00882	0.00597	0.00529	0.01192
100	0.01988	0.01091	0.01448	0.01272	0.01609	0.00984	0.00984	0.02403	0.02606	0.18083	0.47377	0.05947	0.07103	0.01696	0.01044	0.00288	0.00518	0.01480	0.01041	0.01036
101	0.01697	0.01223	0.01462	0.01457	0.01667	0.01253	0.01054	0.14305	0.02306	0.03077	0.04159	0.42404	0.04701	0.09857	0.01520	0.00413	0.00698	0.05000	0.00833	0.00913
102	0.05632	0.02541	0.03132	0.20143	0.23795	0.15550	0.05370	0.07642	0.02304	0.02947	0.01664	0.02157	0.01321	0.00895	0.00889	0.00276	0.01249	0.00770	0.00491	0.01233
103	0.01204	0.00935	0.01095	0.01055	0.01313	0.00826	0.00791	0.01548	0.02374	0.03148	0.38297	0.07738	0.32219	0.02076	0.01084	0.00298	0.00447	0.01784	0.00940	0.00826
104	0.01904	0.01632	0.01904	0.01360	0.02176	0.01224	0.01088	0.02312	0.01904	0.02992	0.01632	0.01904	0.01360	0.00680	0.00680	0.00136	0.00680	0.00544	0.00544	0.73344
105	0.02167	0.02477	0.05418	0.03870	0.04799	0.02322	0.58669	0.02941	0.02167	0.02941	0.01858	0.02477	0.01393	0.00774	0.01084	0.00310	0.01548	0.01084	0.00464	0.01238
106	0.01119	0.00799	0.01065	0.01278	0.01332	0.00746	0.00852	0.01278	0.01758	0.02344	0.05061	0.67132	0.06073	0.02877	0.01172	0.00373	0.00533	0.02610	0.00852	0.00746
107	0.02273	0.02182	0.03727	0.05636	0.62003	0.02182	0.02818	0.02818	0.02091	0.03000	0.01727	0.02273	0.01454	0.00818	0.00909	0.00273	0.01091	0.00818	0.00455	0.01454
108	0.01218	0.00870	0.01179	0.01392	0.01489	0.00831	0.01025	0.01450	0.01856	0.02455	0.05006	0.51524	0.05856	0.02783	0.01198	0.00387	0.00619	0.17239	0.00850	0.00773
109	0.01335	0.00890	0.01001	0.01001	0.01001	0.00890	0.00556	0.01335	0.01335	0.01780	0.02893	0.06009	0.03338	0.67731	0.04673	0.00890	0.00890	0.01335	0.00556	0.00556
110	0.02231	0.02139	0.03652	0.10245	0.57718	0.02171	0.02797	0.02782	0.02071	0.02949	0.01720	0.02286	0.01437	0.00826	0.00910	0.00275	0.01101	0.00818	0.00451	0.01421
111	0.68769	0.01976	0.01446	0.01297	0.01857	0.06831	0.01054	0.02774	0.01643	0.03975	0.01289	0.01504	0.01009	0.00860	0.00588	0.00280	0.00783	0.00504	0.00561	0.01000
112	0.03331	0.03072	0.02764	0.02395	0.06020	0.21465	0.01825	0.36166	0.03526	0.04375	0.01888	0.02031	0.01422	0.01065	0.00997	0.00270	0.04528	0.00753	0.00731	0.01376
113	0.02017	0.04504	0.58291	0.02541	0.03849	0.02072	0.03235	0.03028	0.01992	0.07505	0.01800	0.02030	0.01249	0.00893	0.00876	0.00290	0.01313	0.00697	0.00445	0.01373
114	0.01126	0.00815	0.01051	0.01235	0.01308	0.00755	0.00825	0.01285	0.01766	0.02328	0.05316	0.59197	0.10662	0.05992	0.01335	0.00393	0.00544	0.02491	0.00838	0.00739
115	0.01125	0.00899	0.01007	0.01049	0.01282	0.00781	0.00760	0.01368	0.02084	0.02621	0.15832	0.22904	0.40267	0.02396	0.01106	0.00322	0.00477	0.02063	0.00876	0.00781
116	0.03490	0.02572	0.02756	0.02113	0.02847	0.02847	0.01745	0.58942	0.04317	0.05787	0.02204	0.02204	0.01561	0.01102	0.00919	0.00276	0.01010	0.00827	0.00919	0.01561
117	0.02284	0.01972	0.02076	0.01869	0.02388	0.02284	0.01453	0.04879	0.60345	0.03841	0.03737	0.03426	0.02803	0.01246	0.00934	0.00311	0.00727	0.01038	0.00934	0.01453
118	0.01317	0.00963	0.01369	0.01369	0.01496	0.01090	0.01015	0.01571	0.01444	0.02052	0.02557	0.04148	0.02530	0.20589	0.50711	0.01344	0.02106	0.01063	0.00506	0.00760
119	0.03490	0.02572	0.02756	0.02113	0.02847	0.02847	0.01745	0.58942	0.04317	0.05787	0.02204	0.02204	0.01561	0.01102	0.00919	0.00276	0.01010	0.00827	0.00919	0.01561
120	0.02912	0.03434	0.02334	0.02131	0.02544	0.44932	0.01618	0.06442	0.02426	0.02428	0.01722	0.02169	0.01479	0.02418	0.16411	0.00544	0.01815	0.00702	0.00504	0.01034
121	0.02541	0.33548	0.03430	0.01807	0.02417	0.16041	0.01556	0.03392	0.16395	0.02591	0.01996	0.02143	0.01658	0.01363	0.05203	0.00324	0.01167	0.00682	0.00550	0.01196
122	0.01656	0.01248	0.01383	0.01320	0.01692	0.01228	0.01038	0.02513	0.16503	0.07153	0.09648	0.07194	0.33026	0.01980	0.01060	0.00322	0.00599	0.08526	0.00900	0.01011
123	0.03154	0.03665	0.02484	0.02227	0.02729	0.44753	0.01694	0.07761	0.16824	0.02880	0.02039	0.02126	0.01605	0.01030	0.00860	0.00258	0.01385	0.00717	0.00616	0.01194
124	0.03039	0.29989	0.03488	0.02047	0.02645	0.39833	0.01693	0.03299	0.02307	0.02212	0.01362	0.01583	0.01181	0.00882	0.00732	0.00220	0.01386	0.00551	0.00441	0.01110
125	0.01725	0.03923	0.49510	0.02351	0.03450	0.01903	0.02887	0.02635	0.01895	0.02818	0.04862	0.02471	0.01738	0.01930	0.11460	0.00489	0.01494	0.00780	0.00437	0.01242
126	0.02780	0.03059	0.02541	0.11775	0.03214	0.31160	0.01792	0.09210	0.02441	0.02780	0.01555	0.01913	0.01264	0.00975	0.01032	0.00250	0.07410	0.00663	0.00518	0.13668
127	0.02048	0.01645	0.01716	0.01505	0.01828	0.05033	0.01132	0.18376	0.02483	0.03210	0.04054	0.08240	0.15799	0.19209	0.05722	0.00523	0.04470	0.01301	0.00728	0.00978
128	0.01138	0.00910	0.01024	0.01080	0.01318	0.00796	0.00801	0.01385	0.02062	0.02571	0.12523	0.21900	0.40701	0.02426	0.01117	0.00330	0.00504	0.05769	0.00866	0.00781
129	0.02273	0.02182	0.03727	0.05636	0.62003	0.02182	0.02818	0.02818	0.02091	0.03000	0.01727	0.02273	0.01454	0.00818	0.00909	0.00273	0.01091	0.00818	0.00455	0.01454
130	0.02529	0.02343	0.03412	0.09013	0.43627	0.05884	0.02539	0.13288	0.02517	0.03429	0.01791	0.02236	0.01442	0.00886	0.00907	0.00273	0.01118	0.00806	0.00539	0.01421
131	0.01595	0.00797	0.01196	0.01196	0.01196	0.00797	0.00797	0.01196	0.01196	0.01595	0.01595	0.02791	0.01595	0.03190	0.03589	0.73285	0.00797	0.00797	0.00399	0.00399
132	0.01093	0.00901	0.00961	0.01009	0.01261	0.00769	0.00732	0.01309	0.02017	0.02450	0.08347	0.21965	0.49119	0.02450	0.01105	0.00324	0.00480	0.02089	0.00853	0.00769
133	0.01833	0.01819	0.01753	0.01695	0.01935	0.16635	0.01302	0.02139	0.01753	0.02160	0.02203	0.03127	0.02021	0.05424	0.48515	0.01171	0.02262	0.00887	0.00487	0.00880
134	0.01312	0.00984	0.01476	0.01476	0.01640	0.01148	0.01148	0.01640	0.01476	0.02131	0.02459	0.03607	0.02295	0.06886	0.64092	0.01476	0.02459	0.00984	0.00492	0.00820
135	0.01662	0.01130	0.01374	0.01256	0.01574	0.01080	0.00960	0.02333	0.09950	0.09190	0.39759	0.06387	0.16154	0.01799	0.01049	0.00295	0.00510	0.01556	0.00987	0.00994
136	0.02284	0.01972	0.02076	0.01869	0.02388	0.02284	0.01453	0.04879	0.60345	0.03841	0.03737	0.03426	0.02803	0.01246	0.00934	0.00311	0.00727	0.01038	0.00934	0.01453
137	0.02284	0.01972	0.02076	0.01869	0.02388	0.02284	0.01453	0.04879	0.60345	0.03841	0.03737	0.03426	0.02803	0.01246	0.00934	0.00311	0.00727	0.01038	0.00934	0.01453
138	0.01904	0.01632	0.01904	0.01360	0.02176	0.01224	0.01088	0.02312	0.01904	0.02992	0.01632	0.01904	0.01360	0.00680	0.00680	0.00136	0.00680	0.00544	0.00544	0.73344
139	0.01336	0.00956	0.01110	0.01081	0.01357	0.00835	0.00806	0.01631	0.02247	0.06408	0.24948	0.14247	0.35359	0.02174	0.01084	0.00309	0.00481	0.01864	0.00919	0.00847
140	0.01335	0.00890	0.01001	0.01001	0.01001	0.00890	0.00556	0.01335	0.01335	0.01780	0.02893	0.06009	0.03338	0.67731	0.04673	0.00890	0.00890	0.01335	0.00556	0.00556
141	0.01623	0.01319	0.01884	0.01679	0.01841	0.01475	0.05090	0.04525	0.01930	0.02707	0.17022	0.16255	0.04299	0.10560	0.02224	0.07157	0.15427	0.01446	0.00686	0.00850
142	0.39094	0.13828	0.02266	0.01440	0.02095	0.02224	0.01238	0.07011	0.02069	0.18289	0.01919	0.01939	0.01381	0.00927	0.00684	0.00268	0.00798	0.00624	0.00700	0.01207
143	0.01226	0.00936	0.01125	0.01078	0.01326	0.00835	0.00808	0.01590	0.02425	0.03268	0.43532	0.07540	0.26909	0.02032	0.01084	0.00296	0.00444	0.01756	0.00956	0.00835
144	0.01872	0.06375	0.03191	0.02433	0.02762	0.02257	0.15564	0.02257	0.01644	0.02362	0.01740	0.02559	0.01572	0.02908	0.20437	0.00683	0.27018	0.00904	0.00443	0.01019
145	0.03422	0.06539	0.02840	0.02131	0.02819	0.14462	0.01741	0.45389	0.03858	0.04917	0.02005	0.02060	0.01469	0.01055	0.00883	0.00264	0.01131	0.00764	0.00805	0.01446
146	0.01842	0.04749	0.62974	0.02617	0.03974	0.02132	0.03392	0.02908	0.01939	0.02908	0.01648	0.01939	0.01163	0.00872	0.00872	0.00291	0.01357	0.00678	0.00388	0.01357
147	0.02192	0.09357	0.43313	0.02754	0.08640	0.12610	0.02932	0.03015	0.02057	0.02748	0.01588	0.01884	0.01193	0.00873	0.00846	0.00273	0.01355	0.00661	0.00408	0.01303
148	0.01842	0.04749	0.62974	0.02617	0.03974	0.02132	0.03392	0.02908	0.01939	0.02908	0.01648	0.01939	0.01163	0.00872	0.00872	0.00291	0.01357	0.00678	0.00388	0.01357
149	0.01134	0.00805	0.01061	0.01259	0.01308	0.00756	0.00831	0.01283	0.01728	0.02304	0.04908	0.62822	0.05880	0.07450	0.01419	0.00409	0.00558	0.02520	0.00831	0.00732
150	0.03066	0.06548	0.03044	0.03266	0.20751	0.34331	0.02060	0.08143	0.02559	0.05415	0.01669	0.01945	0.01345	0.00921	0.00853	0.00251	0.01358	0.00690	0.00531	0.01253
151	0.03437	0.02836	0.02617	0.02084	0.02762	0.16404	0.01679	0.38464	0.03643	0.09703	0.02115	0.02142	0.01525	0.01045	0.00884	0.00259	0.01117	0.00765	0.00815	0.05702
152	0.01373	0.00956	0.01338	0.01338	0.01492	0.01079	0.01015	0.01682	0.01528	0.02286	0.02581	0.03820	0.02408	0.12103	0.48871	0.01232	0.02005	0.01000	0.11095	0.00799
153	0.02049	0.06611	0.18512	0.03820	0.24997	0.02168	0.16457	0.02738	0.02059	0.02869	0.02364	0.02758	0.06516	0.00948	0.00940	0.00285	0.01209	0.00926	0.00471	0.01303

[dist]
# distance from previous block
# <min> <max>
0	1

[block]
# block no. 1 follows, 18 sequences, length 142
# corresponding to MSA columns:
# 158-299
name=unknown_B
#
# <colnr> <probs for GDERKNQSTAVLIFYWHMCP>
#	G	D	E	R	K	N	Q	S	T	A	V	L	I	F	Y	W	H	M	C	P
0	0.02371	0.24163	0.25571	0.02685	0.12037	0.09030	0.02458	0.06599	0.02163	0.02807	0.01556	0.01831	0.01240	0.00860	0.00787	0.00252	0.01207	0.00641	0.00443	0.01299
1	0.02728	0.50403	0.04193	0.01793	0.02491	0.20535	0.01628	0.03006	0.02072	0.02185	0.01316	0.01524	0.01180	0.00830	0.00656	0.00208	0.01170	0.00519	0.00415	0.01146
2	0.03323	0.03700	0.02556	0.02221	0.02757	0.43927	0.01710	0.18716	0.03046	0.03231	0.02048	0.02183	0.04459	0.01061	0.00866	0.00251	0.01416	0.00727	0.00615	0.01186
3	0.01241	0.00889	0.01099	0.01219	0.01319	0.00846	0.00851	0.01408	0.01740	0.02265	0.04970	0.31069	0.12838	0.22050	0.02219	0.00527	0.00684	0.11295	0.00763	0.00711
4	0.01335	0.00890	0.01001	0.01001	0.01001	0.00890	0.00556	0.01335	0.01335	0.01780	0.02893	0.06009	0.03338	0.67731	0.04673	0.00890	0.00890	0.01335	0.00556	0.00556
5	0.01119	0.00799	0.01065	0.01278	0.01332	0.00746	0.00852	0.01278	0.01758	0.02344	0.05061	0.67132	0.06073	0.02877	0.01172	0.00373	0.00533	0.02610	0.00852	0.00746
6	0.02184	0.01885	0.01980	0.01790	0.02292	0.02158	0.01390	0.04581	0.55475	0.03727	0.04202	0.03878	0.07721	0.01336	0.00947	0.00311	0.00705	0.01113	0.00927	0.01397
7	0.01712	0.00856	0.00856	0.00856	0.01070	0.00856	0.00642	0.02139	0.01926	0.03423	0.02995	0.03423	0.02353	0.01070	0.00642	0.00214	0.00428	0.00856	0.72828	0.00856
8	0.03490	0.02572	0.02756	0.02113	0.02847	0.02847	0.01745	0.58942	0.04317	0.05787	0.02204	0.02204	0.01561	0.01102	0.00919	0.00276	0.01010	0.00827	0.00919	0.01561
9	0.01914	0.09201	0.53913	0.02645	0.03925	0.02258	0.07881	0.02899	0.01952	0.02856	0.01638	0.01950	0.01183	0.00858	0.00869	0.00285	0.01346	0.00699	0.00394	0.01334
10	0.03237	0.03982	0.02471	0.02231	0.02705	0.55153	0.01682	0.06724	0.02660	0.02475	0.02124	0.02288	0.06259	0.01071	0.00855	0.00245	0.01518	0.00718	0.00531	0.01070
11	0.01119	0.00799	0.01065	0.01278	0.01332	0.00746	0.00852	0.01278	0.01758	0.02344	0.05061	0.67132	0.06073	0.02877	0.01172	0.00373	0.00533	0.02610	0.00852	0.00746
12	0.03105	0.03099	0.02499	0.02045	0.02691	0.27604	0.01608	0.23373	0.03064	0.03698	0.01752	0.01911	0.01360	0.00942	0.00827	0.00228	0.01200	0.00666	0.00650	0.17677
13	0.02487	0.48300	0.12219	0.01696	0.02517	0.03014	0.01753	0.02902	0.02003	0.09035	0.05132	0.02036	0.01738	0.00900	0.00694	0.00224	0.00978	0.00633	0.00511	0.01227
14	0.02780	0.39017	0.03686	0.01798	0.02438	0.22599	0.01571	0.03070	0.02199	0.05859	0.05861	0.02022	0.01791	0.00937	0.00721	0.00221	0.01145	0.00634	0.00507	0.01142
15	0.01132	0.00809	0.01077	0.01269	0.01335	0.00755	0.00853	0.01312	0.01819	0.02442	0.09186	0.62728	0.06262	0.02804	0.01165	0.00367	0.00525	0.02541	0.00864	0.00755
16	0.01164	0.00928	0.00977	0.00988	0.01222	0.00817	0.00709	0.01354	0.01922	0.02336	0.07600	0.08277	0.45278	0.17207	0.01911	0.00448	0.00583	0.04766	0.00785	0.00729
17	0.02202	0.17289	0.07634	0.13900	0.35985	0.02486	0.02529	0.02734	0.01990	0.02701	0.01605	0.02097	0.01337	0.00830	0.00835	0.00262	0.01104	0.00734	0.00429	0.01317
18	0.02375	0.01177	0.01572	0.01338	0.01742	0.01051	0.01051	0.02778	0.02610	0.26164	0.39441	0.05435	0.06227	0.01595	0.01022	0.00287	0.00566	0.01379	0.01059	0.01132
19	0.04120	0.01563	0.02131	0.01634	0.02344	0.01350	0.01350	0.04475	0.02628	0.62639	0.03622	0.03125	0.02273	0.01136	0.00923	0.00284	0.00781	0.00923	0.01136	0.01563
20	0.02220	0.02108	0.03579	0.05377	0.58060	0.02108	0.02730	0.02758	0.02092	0.02983	0.01933	0.02803	0.01706	0.00931	0.00933	0.00283	0.01075	0.04427	0.00480	0.01414
21	0.01195	0.00922	0.01383	0.01468	0.01585	0.00861	0.05076	0.01400	0.01788	0.02388	0.04827	0.62408	0.05731	0.02723	0.01166	0.00368	0.00607	0.02499	0.00824	0.00782
22	0.01312	0.00984	0.01476	0.01476	0.01640	0.01148	0.01148	0.01640	0.01476	0.02131	0.02459	0.03607	0.02295	0.06886	0.64092	0.01476	0.02459	0.00984	0.00492	0.00820
23	0.02198	0.01874	0.02357	0.02448	0.12869	0.06323	0.04661	0.15295	0.02331	0.03100	0.02269	0.03446	0.02108	0.19130	0.14882	0.00677	0.01370	0.00984	0.00598	0.01080
24	0.01881	0.08839	0.59230	0.02550	0.03870	0.02229	0.03275	0.02898	0.01934	0.02860	0.01624	0.01909	0.01164	0.00867	0.00854	0.00285	0.01333	0.00666	0.00388	0.01345
25	0.01842	0.04749	0.62974	0.02617	0.03974	0.02132	0.03392	0.02908	0.01939	0.02908	0.01648	0.01939	0.01163	0.00872	0.00872	0.00291	0.01357	0.00678	0.00388	0.01357
26	0.02311	0.02118	0.01571	0.01465	0.01753	0.22308	0.01112	0.02659	0.02120	0.02948	0.02348	0.02736	0.01884	0.01063	0.00857	0.00234	0.05066	0.00763	0.43747	0.00936
27	0.01313	0.00979	0.01453	0.01453	0.01609	0.01135	0.01119	0.01625	0.01469	0.02115	0.02480	0.03723	0.02346	0.09823	0.61225	0.01447	0.02384	0.01001	0.00495	0.00807
28	0.01335	0.00890	0.01001	0.01001	0.01001	0.00890	0.00556	0.01335	0.01335	0.01780	0.02893	0.06009	0.03338	0.67731	0.04673	0.00890	0.00890	0.01335	0.00556	0.00556
29	0.01094	0.00897	0.00965	0.01019	0.01263	0.00768	0.00737	0.01308	0.02008	0.02446	0.08225	0.23638	0.47525	0.02465	0.01107	0.00326	0.00482	0.02109	0.00853	0.00768
30	0.03430	0.04376	0.02602	0.02365	0.02839	0.64045	0.01774	0.03666	0.02602	0.02247	0.01419	0.01656	0.01183	0.00946	0.00828	0.00237	0.01656	0.00591	0.00473	0.01064
31	0.01085	0.00930	0.00930	0.00930	0.01240	0.00775	0.00698	0.01318	0.02093	0.02480	0.09302	0.08837	0.61631	0.02325	0.01085	0.00310	0.00465	0.01938	0.00853	0.00775
32	0.02275	0.02134	0.03352	0.04779	0.48450	0.02205	0.02508	0.03287	0.15335	0.03191	0.02184	0.02535	0.01761	0.00915	0.00915	0.00282	0.01008	0.00868	0.00564	0.01454
33	0.03430	0.04376	0.02602	0.02365	0.02839	0.64045	0.01774	0.03666	0.02602	0.02247	0.01419	0.01656	0.01183	0.00946	0.00828	0.00237	0.01656	0.00591	0.00473	0.01064
34	0.08458	0.02207	0.07414	0.06216	0.06229	0.01994	0.23991	0.02624	0.01971	0.02996	0.04177	0.02357	0.01619	0.00892	0.01076	0.00272	0.06570	0.00856	0.00501	0.17580
35	0.02233	0.18961	0.41873	0.02299	0.03426	0.06407	0.02740	0.03023	0.02010	0.06614	0.01678	0.01892	0.01241	0.00875	0.00808	0.00265	0.01253	0.00646	0.00443	0.01311
36	0.01198	0.00869	0.01148	0.01343	0.01454	0.00819	0.00982	0.01424	0.01867	0.02447	0.05370	0.49351	0.10538	0.02753	0.01187	0.00379	0.00598	0.14652	0.00851	0.00771
37	0.01712	0.00856	0.00856	0.00856	0.01070	0.00856	0.00642	0.02139	0.01926	0.03423	0.02995	0.03423	0.02353	0.01070	0.00642	0.00214	0.00428	0.00856	0.72828	0.00856
38	0.02310	0.26709	0.08178	0.01821	0.02509	0.02770	0.01659	0.03927	0.33851	0.03142	0.02653	0.02580	0.02065	0.01044	0.00802	0.00267	0.00874	0.00806	0.00688	0.01344
39	0.02181	0.02089	0.03562	0.15780	0.52573	0.02158	0.02773	0.02738	0.02048	0.02889	0.01711	0.02302	0.01415	0.00835	0.00911	0.00278	0.01113	0.00818	0.00447	0.01381
40	0.01201	0.00858	0.01160	0.01372	0.01461	0.00817	0.00995	0.01420	0.01839	0.02436	0.05015	0.54224	0.05894	0.02799	0.01194	0.00384	0.00604	0.14708	0.00851	0.00768
41	0.10217	0.03155	0.02545	0.02542	0.10825	0.31616	0.01755	0.13277	0.02709	0.06306	0.02136	0.02294	0.04652	0.01033	0.00849	0.00260	0.01257	0.00747	0.00615	0.01211
42	0.01085	0.00930	0.00930	0.00930	0.01240	0.00775	0.00698	0.01318	0.02093	0.02480	0.09302	0.08837	0.61631	0.02325	0.01085	0.00310	0.00465	0.01938	0.00853	0.00775
43	0.07500	0.02320	0.07440	0.05114	0.53796	0.02169	0.02722	0.02815	0.02042	0.03076	0.01689	0.02194	0.01402	0.00824	0.00882	0.00275	0.01080	0.00786	0.00458	0.01414
44	0.03097	0.06335	0.11223	0.02310	0.06702	0.14740	0.01929	0.15482	0.09712	0.15837	0.02365	0.02359	0.01697	0.01027	0.00879	0.00272	0.01112	0.00785	0.00743	0.01392
45	0.03329	0.07358	0.02712	0.02264	0.02792	0.49350	0.01743	0.11276	0.05713	0.02809	0.01637	0.01811	0.01316	0.00974	0.00833	0.00244	0.01485	0.00641	0.00553	0.01158
46	0.02382	0.02878	0.17051	0.02704	0.03405	0.02558	0.14780	0.16935	0.02434	0.03438	0.01704	0.02146	0.01328	0.01128	0.01568	0.00324	0.20572	0.00843	0.00544	0.01278
47	0.01119	0.00799	0.01065	0.01278	0.01332	0.00746	0.00852	0.01278	0.01758	0.02344	0.05061	0.67132	0.06073	0.02877	0.01172	0.00373	0.00533	0.02610	0.00852	0.00746
48	0.01914	0.01869	0.02631	0.02283	0.02306	0.02586	0.01892	0.02132	0.01416	0.02199	0.01376	0.02226	0.01354	0.02325	0.11322	0.00548	0.57400	0.00828	0.00414	0.00979
49	0.01288	0.00938	0.01211	0.01143	0.01365	0.00861	0.00857	0.01710	0.02571	0.03616	0.58646	0.06968	0.11578	0.01902	0.01083	0.00290	0.00435	0.01676	0.01002	0.00861
50	0.05504	0.02001	0.03610	0.23668	0.23669	0.02105	0.16752	0.02644	0.02005	0.02819	0.01882	0.02789	0.01556	0.00935	0.00960	0.00301	0.01217	0.03909	0.00469	0.01207
51	0.52850	0.02174	0.06171	0.01516	0.02180	0.02244	0.01340	0.15501	0.02216	0.04410	0.01516	0.01686	0.01136	0.00911	0.00670	0.00283	0.00826	0.00585	0.00635	0.01150
52	0.02992	0.01771	0.08544	0.01928	0.06624	0.01353	0.01551	0.03417	0.02383	0.36594	0.09706	0.12807	0.03343	0.01422	0.00971	0.00298	0.00792	0.01218	0.00950	0.01337
53	0.01645	0.05614	0.12890	0.01920	0.02288	0.01882	0.01787	0.02070	0.01561	0.02290	0.01932	0.02788	0.01757	0.04145	0.33894	0.00923	0.18329	0.00857	0.00445	0.00982
54	0.02456	0.26977	0.23673	0.02441	0.07994	0.16744	0.02331	0.03017	0.02076	0.02500	0.01471	0.01737	0.01197	0.00854	0.00765	0.00243	0.01270	0.00604	0.00415	0.01235
55	0.02370	0.02610	0.02759	0.02399	0.02519	0.18359	0.01949	0.02580	0.01710	0.02219	0.01260	0.01919	0.01200	0.01439	0.02458	0.00360	0.49701	0.00750	0.00420	0.01020
56	0.03110	0.06000	0.02211	0.01618	0.02160	0.01846	0.01285	0.20503	0.02776	0.25616	0.02845	0.03465	0.02252	0.18012	0.01852	0.00430	0.00893	0.00970	0.00874	0.01282
57	0.02062	0.01615	0.01773	0.01599	0.02045	0.01760	0.01239	0.03799	0.38120	0.07433	0.16028	0.04737	0.10894	0.01493	0.00981	0.00305	0.00640	0.01262	0.00953	0.01262
58	0.01865	0.01387	0.01801	0.01637	0.01946	0.01579	0.01299	0.16189	0.02197	0.03060	0.02395	0.03251	0.02109	0.05418	0.48052	0.01171	0.02092	0.00944	0.00600	0.01008
59	0.03036	0.30208	0.03495	0.02044	0.02644	0.39626	0.01692	0.03296	0.02304	0.02212	0.01362	0.01582	0.01181	0.00881	0.00731	0.00220	0.01383	0.00551	0.00441	0.01110
60	0.01110	0.00832	0.01031	0.01190	0.01309	0.00753	0.00813	0.01288	0.01843	0.02379	0.06137	0.52331	0.20179	0.02737	0.01150	0.00357	0.00516	0.02440	0.00852	0.00753
61	0.02996	0.32943	0.03600	0.01997	0.02623	0.34005	0.01682	0.05923	0.02355	0.02379	0.01393	0.01600	0.01199	0.00882	0.00725	0.00220	0.01323	0.00558	0.00459	0.01139
62	0.02216	0.02399	0.07817	0.04296	0.31791	0.02236	0.18546	0.03208	0.11969	0.03119	0.02100	0.02504	0.01646	0.00882	0.00961	0.00291	0.01177	0.00922	0.00534	0.01386
63	0.01227	0.00934	0.01147	0.01238	0.01450	0.00854	0.00958	0.01522	0.02101	0.02706	0.15391	0.22166	0.26396	0.02434	0.01151	0.00350	0.00572	0.15729	0.00876	0.00801
64	0.02663	0.47968	0.07994	0.01840	0.02583	0.18875	0.01740	0.02992	0.02057	0.02230	0.01337	0.01549	0.01178	0.00832	0.00668	0.00213	0.01177	0.00529	0.00413	0.01161
65	0.01422	0.01053	0.01355	0.11969	0.01993	0.01095	0.00944	0.01559	0.01481	0.01983	0.02749	0.09178	0.03045	0.48273	0.03576	0.00714	0.00911	0.01285	0.00550	0.04867
66	0.01906	0.04366	0.54133	0.03067	0.12633	0.02140	0.03307	0.02894	0.01961	0.02922	0.01660	0.01988	0.01207	0.00864	0.00878	0.00288	0.01317	0.00699	0.00398	0.01372
67	0.01864	0.03153	0.31953	0.02363	0.03278	0.01845	0.10194	0.07188	0.02126	0.03030	0.02498	0.16855	0.02357	0.01321	0.00961	0.00301	0.01124	0.01178	0.00558	0.05852
68	0.01127	0.00805	0.01073	0.01273	0.01334	0.00751	0.00853	0.01299	0.01796	0.02405	0.07638	0.64381	0.06191	0.02831	0.01168	0.00369	0.00528	0.02567	0.00860	0.00751
69	0.02357	0.02342	0.03645	0.05397	0.57681	0.06701	0.02742	0.02880	0.02128	0.02945	0.01705	0.02227	0.01435	0.00827	0.00903	0.00270	0.01132	0.00802	0.00456	0.01426
70	0.02766	0.02188	0.02533	0.02077	0.02534	0.02562	0.01691	0.34477	0.06892	0.04360	0.02375	0.09643	0.02066	0.01442	0.01480	0.00321	0.17451	0.01038	0.00781	0.01320
71	0.01335	0.00890	0.01001	0.01001	0.01001	0.00890	0.00556	0.01335	0.01335	0.01780	0.02893	0.06009	0.03338	0.67731	0.04673	0.00890	0.00890	0.01335	0.00556	0.00556
72	0.01443	0.00997	0.01271	0.01258	0.01518	0.00917	0.00999	0.01828	0.02383	0.06263	0.34557	0.07888	0.18523	0.02085	0.01118	0.00324	0.00553	0.14252	0.00946	0.00879
73	0.03430	0.04376	0.02602	0.02365	0.02839	0.64045	0.01774	0.03666	0.02602	0.02247	0.01419	0.01656	0.01183	0.00946	0.00828	0.00237	0.01656	0.00591	0.00473	0.01064
74	0.02273	0.02182	0.03727	0.05636	0.62003	0.02182	0.02818	0.02818	0.02091	0.03000	0.01727	0.02273	0.01454	0.00818	0.00909	0.00273	0.01091	0.00818	0.00455	0.01454
75	0.03430	0.04376	0.02602	0.02365	0.02839	0.64045	0.01774	0.03666	0.02602	0.02247	0.01419	0.01656	0.01183	0.00946	0.00828	0.00237	0.01656	0.00591	0.00473	0.01064
76	0.01734	0.01632	0.02754	0.65524	0.06324	0.02040	0.02550	0.02346	0.01836	0.02346	0.01632	0.02448	0.01224	0.00918	0.00918	0.00306	0.01224	0.00816	0.00408	0.01020
77	0.01335	0.00890	0.01001	0.01001	0.01001	0.00890	0.00556	0.01335	0.01335	0.01780	0.02893	0.06009	0.03338	0.67731	0.04673	0.00890	0.00890	0.01335	0.00556	0.00556
78	0.01904	0.01632	0.01904	0.01360	0.02176	0.01224	0.01088	0.02312	0.01904	0.02992	0.01632	0.01904	0.01360	0.00680	0.00680	0.00136	0.00680	0.00544	0.00544	0.73344
79	0.01114	0.00816	0.01048	0.01235	0.01320	0.00749	0.00833	0.01283	0.01800	0.02361	0.05593	0.59814	0.13047	0.02807	0.01161	0.00365	0.00524	0.02526	0.00852	0.00749
80	0.01289	0.00930	0.01218	0.01162	0.01369	0.00859	0.00866	0.01706	0.02550	0.03604	0.58246	0.10353	0.08513	0.01935	0.01088	0.00294	0.00439	0.01716	0.01002	0.00859
81	0.02896	0.02426	0.02443	0.06687	0.02885	0.11436	0.01748	0.33660	0.03381	0.04321	0.02651	0.03995	0.02327	0.01392	0.00985	0.00305	0.01084	0.13294	0.00799	0.01286
82	0.02273	0.02182	0.03727	0.05636	0.62003	0.02182	0.02818	0.02818	0.02091	0.03000	0.01727	0.02273	0.01454	0.00818	0.00909	0.00273	0.01091	0.00818	0.00455	0.01454
83	0.01178	0.00934	0.01059	0.01028	0.01297	0.00815	0.00771	0.01498	0.02313	0.03003	0.32024	0.07976	0.38582	0.02130	0.01084	0.00301	0.00451	0.01817	0.00921	0.00815
84	0.02455	0.68284	0.04811	0.01571	0.02357	0.03633	0.01571	0.02749	0.01866	0.02160	0.01277	0.01473	0.01178	0.00786	0.00589	0.00196	0.00982	0.00491	0.00393	0.01178
85	0.02009	0.02009	0.02812	0.02411	0.02411	0.02812	0.02009	0.02210	0.01406	0.02210	0.01205	0.02009	0.01205	0.01607	0.03013	0.00402	0.66051	0.00804	0.00402	0.01004
86	0.01860	0.01797	0.02634	0.16644	0.03205	0.02431	0.02025	0.02170	0.01512	0.02231	0.01457	0.02306	0.01344	0.02103	0.10082	0.00513	0.43457	0.00829	0.00414	0.00985
