[name]
unknown

[dist]
# distance from previous block
# <min> <max>
0	1

[block]
# block no. 0 follows, 22 sequences, length 13
# corresponding to MSA columns:
# 1-13
name=unknown_A
#
# <colnr> <probs for GDERKNQSTAVLIFYWHMCP>
#	G	D	E	R	K	N	Q	S	T	A	V	L	I	F	Y	W	H	M	C	P
0	0.01339	0.00956	0.01339	0.01530	0.01721	0.00956	0.01339	0.01721	0.01912	0.02486	0.04399	0.09371	0.04781	0.02295	0.01147	0.00382	0.00765	0.60031	0.00765	0.00765
1	0.16602	0.01417	0.01842	0.02058	0.15548	0.01420	0.01310	0.05386	0.02150	0.14932	0.24439	0.03533	0.03695	0.01152	0.00821	0.00256	0.00653	0.00973	0.00744	0.01069
2	0.02176	0.02414	0.02492	0.02170	0.02289	0.20629	0.01758	0.02366	0.01574	0.02009	0.01144	0.01729	0.01085	0.01287	0.02176	0.00322	0.50402	0.00674	0.00381	0.00924
3	0.01340	0.01021	0.01252	0.01164	0.01410	0.01020	0.00882	0.02091	0.13715	0.03358	0.53814	0.05634	0.06863	0.01593	0.00955	0.00265	0.00441	0.01399	0.00902	0.00882
4	0.01012	0.00723	0.00964	0.01157	0.01205	0.00675	0.00771	0.01157	0.01591	0.02121	0.04579	0.70262	0.05495	0.02603	0.01060	0.00337	0.00482	0.02362	0.00771	0.00675
5	0.01012	0.00723	0.00964	0.01157	0.01205	0.00675	0.00771	0.01157	0.01591	0.02121	0.04579	0.70262	0.05495	0.02603	0.01060	0.00337	0.00482	0.02362	0.00771	0.00675
6	0.76672	0.01607	0.01221	0.01092	0.01607	0.01864	0.00900	0.02442	0.01414	0.03727	0.01157	0.01350	0.00900	0.00771	0.00514	0.00257	0.00643	0.00450	0.00514	0.00900
7	0.01187	0.00890	0.01335	0.01335	0.01483	0.01038	0.01038	0.01483	0.01335	0.01928	0.02225	0.03264	0.02077	0.06231	0.67512	0.01335	0.02225	0.00890	0.00445	0.00742
8	0.01307	0.01042	0.01200	0.01185	0.01429	0.01049	0.00876	0.02070	0.17059	0.02814	0.22026	0.22210	0.18771	0.01881	0.00968	0.00290	0.00486	0.01641	0.00829	0.00867
9	0.02113	0.16950	0.03312	0.15718	0.34312	0.09175	0.02163	0.02539	0.01855	0.02370	0.01430	0.01871	0.01198	0.00763	0.00754	0.00234	0.01042	0.00655	0.00393	0.01153
10	0.08655	0.07577	0.36709	0.02662	0.16598	0.01916	0.02439	0.02489	0.01803	0.02770	0.07301	0.02164	0.01720	0.00855	0.00772	0.00253	0.01023	0.00697	0.00431	0.01165
11	0.19494	0.01697	0.02528	0.28451	0.27657	0.01899	0.02067	0.02361	0.01691	0.02728	0.01434	0.01950	0.01138	0.00782	0.00753	0.00261	0.00952	0.00671	0.00419	0.01068
12	0.19124	0.02101	0.05672	0.18220	0.27628	0.08844	0.02042	0.02513	0.01772	0.02735	0.01417	0.01857	0.01134	0.00782	0.00744	0.00253	0.01001	0.00645	0.00424	0.01090

[dist]
# distance from previous block
# <min> <max>
7	9

[block]
# block no. 1 follows, 22 sequences, length 49
# corresponding to MSA columns:
# 23-71
name=unknown_B
#
# <colnr> <probs for GDERKNQSTAVLIFYWHMCP>
#	G	D	E	R	K	N	Q	S	T	A	V	L	I	F	Y	W	H	M	C	P
0	0.01964	0.02933	0.24464	0.03241	0.20721	0.07686	0.10970	0.02570	0.01796	0.02506	0.01456	0.01895	0.01163	0.00875	0.01132	0.00273	0.12093	0.00712	0.00386	0.01164
1	0.18981	0.02104	0.02594	0.03162	0.30423	0.05883	0.01862	0.19178	0.02367	0.03594	0.01575	0.01850	0.01236	0.00825	0.00752	0.00248	0.00920	0.00666	0.00551	0.01230
2	0.01035	0.00844	0.00916	0.00898	0.01155	0.00724	0.00673	0.01296	0.02020	0.02544	0.24050	0.07502	0.49464	0.01992	0.00981	0.00275	0.00413	0.01684	0.00811	0.00724
3	0.02538	0.03611	0.16695	0.09122	0.08669	0.40583	0.02084	0.02978	0.02111	0.02235	0.01374	0.01676	0.01092	0.00828	0.00773	0.00234	0.01354	0.00591	0.00404	0.01049
4	0.02056	0.01974	0.03372	0.05099	0.65622	0.01974	0.02550	0.02550	0.01892	0.02714	0.01563	0.02056	0.01316	0.00740	0.00822	0.00247	0.00987	0.00740	0.00411	0.01316
5	0.02056	0.01974	0.03372	0.05099	0.65622	0.01974	0.02550	0.02550	0.01892	0.02714	0.01563	0.02056	0.01316	0.00740	0.00822	0.00247	0.00987	0.00740	0.00411	0.01316
6	0.01208	0.00805	0.00906	0.00906	0.00906	0.00805	0.00503	0.01208	0.01208	0.01611	0.02618	0.05436	0.03020	0.70804	0.04228	0.00805	0.00805	0.01208	0.00503	0.00503
7	0.01126	0.00847	0.01041	0.00993	0.01210	0.00763	0.00744	0.01471	0.02233	0.03050	0.50515	0.06668	0.22683	0.01803	0.00980	0.00266	0.00399	0.01567	0.00878	0.00763
8	0.03158	0.02327	0.02493	0.01911	0.02576	0.02576	0.01579	0.62852	0.03906	0.05236	0.01995	0.01995	0.01413	0.00997	0.00831	0.00249	0.00914	0.00748	0.00831	0.01413
9	0.02056	0.01974	0.03372	0.05099	0.65622	0.01974	0.02550	0.02550	0.01892	0.02714	0.01563	0.02056	0.01316	0.00740	0.00822	0.00247	0.00987	0.00740	0.00411	0.01316
10	0.01005	0.00842	0.00873	0.00865	0.01136	0.00711	0.00649	0.01236	0.01947	0.02371	0.15055	0.07786	0.58566	0.02056	0.00982	0.00278	0.00417	0.01724	0.00788	0.00711
11	0.76672	0.01607	0.01221	0.01092	0.01607	0.01864	0.00900	0.02442	0.01414	0.03727	0.01157	0.01350	0.00900	0.00771	0.00514	0.00257	0.00643	0.00450	0.00514	0.00900
12	0.76672	0.01607	0.01221	0.01092	0.01607	0.01864	0.00900	0.02442	0.01414	0.03727	0.01157	0.01350	0.00900	0.00771	0.00514	0.00257	0.00643	0.00450	0.00514	0.00900
13	0.01836	0.01749	0.02975	0.33845	0.38594	0.01916	0.02440	0.02357	0.01788	0.02447	0.01524	0.02128	0.01222	0.00781	0.00826	0.00260	0.01041	0.00739	0.00392	0.01139
14	0.01723	0.01477	0.01723	0.01230	0.01969	0.01107	0.00984	0.02092	0.01723	0.02707	0.01477	0.01723	0.01230	0.00615	0.00615	0.00123	0.00615	0.00492	0.00492	0.75883
15	0.01203	0.00824	0.01001	0.01001	0.01034	0.00857	0.00622	0.01269	0.01236	0.01681	0.02530	0.04954	0.02811	0.56472	0.18275	0.00923	0.01121	0.01138	0.00490	0.00556
16	0.01443	0.00722	0.01082	0.01082	0.01082	0.00722	0.00722	0.01082	0.01082	0.01443	0.01443	0.02525	0.01443	0.02886	0.03247	0.75830	0.00722	0.00722	0.00361	0.00361
17	0.01012	0.00723	0.00964	0.01157	0.01205	0.00675	0.00771	0.01157	0.01591	0.02121	0.04579	0.70262	0.05495	0.02603	0.01060	0.00337	0.00482	0.02362	0.00771	0.00675
18	0.02221	0.71304	0.04353	0.01421	0.02132	0.03287	0.01421	0.02488	0.01688	0.01955	0.01155	0.01333	0.01066	0.00711	0.00533	0.00178	0.00888	0.00444	0.00355	0.01066
19	0.01539	0.01444	0.02407	0.65326	0.05486	0.01787	0.02221	0.02075	0.01673	0.02129	0.01832	0.02511	0.04395	0.00896	0.00838	0.00277	0.01072	0.00790	0.00390	0.00912
20	0.01012	0.00843	0.00883	0.00873	0.01140	0.00714	0.00655	0.01250	0.01964	0.02411	0.17105	0.07721	0.56492	0.02042	0.00982	0.00278	0.00416	0.01715	0.00793	0.00714
21	0.03103	0.03959	0.02354	0.02140	0.02568	0.67469	0.01605	0.03317	0.02354	0.02033	0.01284	0.01498	0.01070	0.00856	0.00749	0.00214	0.01498	0.00535	0.00428	0.00963
22	0.01023	0.00731	0.00973	0.01150	0.01207	0.00682	0.00772	0.01183	0.01639	0.02198	0.08431	0.66191	0.05643	0.02545	0.01055	0.00333	0.00476	0.02307	0.00780	0.00682
23	0.01674	0.01483	0.01843	0.01450	0.01943	0.01407	0.01162	0.01976	0.01602	0.02479	0.01695	0.08603	0.01624	0.01014	0.01164	0.00202	0.17008	0.00735	0.00489	0.50445
24	0.02289	0.16650	0.17078	0.01952	0.02681	0.09010	0.04467	0.15922	0.02240	0.02964	0.01483	0.01720	0.01170	0.00864	0.00910	0.00232	0.07360	0.00614	0.00487	0.09906
25	0.01721	0.03915	0.55049	0.02579	0.03734	0.01961	0.14137	0.02636	0.01792	0.02636	0.01526	0.01844	0.01091	0.00773	0.00825	0.00266	0.01260	0.00682	0.00364	0.01208
26	0.02042	0.17345	0.03657	0.09549	0.40761	0.02266	0.07844	0.02510	0.01833	0.02490	0.01476	0.01926	0.01238	0.00738	0.00774	0.00237	0.01014	0.00697	0.00396	0.01209
27	0.02245	0.08108	0.33042	0.02175	0.02990	0.22617	0.02289	0.05568	0.04783	0.02518	0.01488	0.01721	0.01143	0.00868	0.00876	0.00248	0.05166	0.00605	0.00419	0.01128
28	0.01208	0.00805	0.00906	0.00906	0.00906	0.00805	0.00503	0.01208	0.01208	0.01611	0.02618	0.05436	0.03020	0.70804	0.04228	0.00805	0.00805	0.01208	0.00503	0.00503
29	0.02007	0.02104	0.02456	0.02657	0.16205	0.15181	0.01787	0.02287	0.01639	0.02151	0.01454	0.02086	0.01327	0.02099	0.14432	0.00495	0.27529	0.00723	0.00403	0.00978
30	0.01549	0.00774	0.00774	0.00774	0.00968	0.00774	0.00581	0.01936	0.01742	0.03097	0.02710	0.03097	0.02129	0.00968	0.00581	0.00194	0.00387	0.00774	0.75416	0.00774
31	0.01609	0.01211	0.01331	0.01217	0.01480	0.01248	0.00885	0.13943	0.08455	0.02849	0.08101	0.13927	0.17110	0.20745	0.01842	0.00425	0.00657	0.01385	0.00726	0.00854
32	0.01060	0.00801	0.00980	0.01027	0.01194	0.00720	0.00735	0.01310	0.01942	0.02577	0.26769	0.30074	0.23498	0.02145	0.01010	0.00295	0.00433	0.01888	0.00821	0.00720
33	0.01549	0.00774	0.00774	0.00774	0.00968	0.00774	0.00581	0.01936	0.01742	0.03097	0.02710	0.03097	0.02129	0.00968	0.00581	0.00194	0.00387	0.00774	0.75416	0.00774
34	0.03126	0.03286	0.02412	0.02046	0.02572	0.40686	0.01594	0.27889	0.02995	0.03355	0.01577	0.01703	0.01212	0.00914	0.00783	0.00229	0.01257	0.00623	0.00594	0.01149
35	0.02433	0.03387	0.17329	0.03160	0.23430	0.31084	0.02248	0.02909	0.02066	0.02392	0.01422	0.01739	0.01146	0.00803	0.00782	0.00236	0.01269	0.00620	0.00405	0.01139
36	0.01092	0.00780	0.01055	0.01248	0.01331	0.00744	0.00910	0.01295	0.01669	0.02210	0.04535	0.55391	0.05320	0.02527	0.01082	0.00348	0.00551	0.16446	0.00770	0.00697
37	0.01266	0.00904	0.01256	0.01447	0.01607	0.00894	0.01213	0.01596	0.01841	0.02405	0.04439	0.22886	0.04939	0.02363	0.01128	0.00372	0.00702	0.47231	0.00766	0.00745
38	0.02415	0.01795	0.01912	0.01558	0.02067	0.01948	0.01256	0.36265	0.11477	0.04220	0.05917	0.03390	0.12084	0.01217	0.00837	0.00253	0.00725	0.00968	0.08501	0.01194
39	0.01208	0.00805	0.00906	0.00906	0.00906	0.00805	0.00503	0.01208	0.01208	0.01611	0.02618	0.05436	0.03020	0.70804	0.04228	0.00805	0.00805	0.01208	0.00503	0.00503
40	0.01012	0.00723	0.00964	0.01157	0.01205	0.00675	0.00771	0.01157	0.01591	0.02121	0.04579	0.70262	0.05495	0.02603	0.01060	0.00337	0.00482	0.02362	0.00771	0.00675
41	0.01012	0.00723	0.00964	0.01157	0.01205	0.00675	0.00771	0.01157	0.01591	0.02121	0.04579	0.70262	0.05495	0.02603	0.01060	0.00337	0.00482	0.02362	0.00771	0.00675
42	0.01961	0.02241	0.04902	0.03501	0.04342	0.02101	0.62605	0.02661	0.01961	0.02661	0.01681	0.02241	0.01261	0.00700	0.00980	0.00280	0.01401	0.00980	0.00420	0.01120
43	0.01014	0.00827	0.00897	0.00914	0.01150	0.00710	0.00672	0.01241	0.01918	0.02383	0.16020	0.16196	0.48942	0.02114	0.00992	0.00285	0.00425	0.01800	0.00792	0.00710
44	0.01187	0.00890	0.01335	0.01335	0.01483	0.01038	0.01038	0.01483	0.01335	0.01928	0.02225	0.03264	0.02077	0.06231	0.67512	0.01335	0.02225	0.00890	0.00445	0.00742
45	0.03727	0.01414	0.01928	0.01478	0.02121	0.01221	0.01221	0.04049	0.02378	0.66198	0.03277	0.02828	0.02056	0.01028	0.00835	0.00257	0.00707	0.00835	0.01028	0.01414
46	0.01723	0.01477	0.01723	0.01230	0.01969	0.01107	0.00984	0.02092	0.01723	0.02707	0.01477	0.01723	0.01230	0.00615	0.00615	0.00123	0.00615	0.00492	0.00492	0.75883
47	0.01002	0.00807	0.00894	0.00948	0.01154	0.00698	0.00682	0.01203	0.01829	0.02270	0.10534	0.26517	0.44097	0.02230	0.01005	0.00296	0.00437	0.01921	0.00780	0.00698
48	0.02080	0.54224	0.20194	0.01663	0.02505	0.02941	0.01842	0.02524	0.01705	0.02127	0.01241	0.01440	0.01063	0.00731	0.00598	0.00199	0.00975	0.00487	0.00354	0.01107

[dist]
# distance from previous block
# <min> <max>
0	1

[block]
# block no. 2 follows, 22 sequences, length 46
# corresponding to MSA columns:
# 73-118
name=unknown_C
#
# <colnr> <probs for GDERKNQSTAVLIFYWHMCP>
#	G	D	E	R	K	N	Q	S	T	A	V	L	I	F	Y	W	H	M	C	P
0	0.01105	0.00815	0.00989	0.01057	0.01194	0.00756	0.00754	0.01306	0.01752	0.02290	0.14762	0.25430	0.20168	0.15110	0.01633	0.00404	0.00546	0.08510	0.00743	0.00677
1	0.44734	0.06155	0.01916	0.01421	0.02013	0.02034	0.03759	0.15285	0.02057	0.07772	0.01506	0.01636	0.01124	0.00820	0.00628	0.00244	0.00751	0.00562	0.00598	0.04985
2	0.02333	0.02667	0.02510	0.06196	0.06009	0.28552	0.01801	0.02566	0.01763	0.02059	0.01217	0.01725	0.01096	0.01139	0.01718	0.00292	0.34361	0.00651	0.00392	0.00954
3	0.01549	0.00774	0.00774	0.00774	0.00968	0.00774	0.00581	0.01936	0.01742	0.03097	0.02710	0.03097	0.02129	0.00968	0.00581	0.00194	0.00387	0.00774	0.75416	0.00774
4	0.01208	0.00805	0.00906	0.00906	0.00906	0.00805	0.00503	0.01208	0.01208	0.01611	0.02618	0.05436	0.03020	0.70804	0.04228	0.00805	0.00805	0.01208	0.00503	0.00503
5	0.01818	0.01818	0.02545	0.02181	0.02181	0.02545	0.01818	0.01999	0.01272	0.01999	0.01091	0.01818	0.01091	0.01454	0.02726	0.00364	0.69284	0.00727	0.00364	0.00909
6	0.01569	0.01477	0.02492	0.68808	0.05722	0.01846	0.02307	0.02123	0.01661	0.02123	0.01477	0.02215	0.01107	0.00831	0.00831	0.00277	0.01107	0.00738	0.00369	0.00923
7	0.01549	0.00774	0.00774	0.00774	0.00968	0.00774	0.00581	0.01936	0.01742	0.03097	0.02710	0.03097	0.02129	0.00968	0.00581	0.00194	0.00387	0.00774	0.75416	0.00774
8	0.01026	0.00743	0.00971	0.01127	0.01203	0.00687	0.00764	0.01199	0.01684	0.02247	0.10766	0.60203	0.09340	0.02484	0.01048	0.00326	0.00469	0.02240	0.00785	0.00687
9	0.01187	0.00890	0.01335	0.01335	0.01483	0.01038	0.01038	0.01483	0.01335	0.01928	0.02225	0.03264	0.02077	0.06231	0.67512	0.01335	0.02225	0.00890	0.00445	0.00742
10	0.01081	0.00776	0.01026	0.01110	0.01220	0.00721	0.00777	0.01330	0.01912	0.02632	0.30156	0.43228	0.06484	0.02221	0.01026	0.00305	0.00444	0.01999	0.00832	0.00721
11	0.01208	0.00805	0.00906	0.00906	0.00906	0.00805	0.00503	0.01208	0.01208	0.01611	0.02618	0.05436	0.03020	0.70804	0.04228	0.00805	0.00805	0.01208	0.00503	0.00503
12	0.01037	0.00832	0.00926	0.00927	0.01162	0.00721	0.00686	0.01290	0.01987	0.02524	0.23290	0.13633	0.43977	0.02044	0.00989	0.00281	0.00419	0.01746	0.00810	0.00721
13	0.01549	0.00774	0.00774	0.00774	0.00968	0.00774	0.00581	0.01936	0.01742	0.03097	0.02710	0.03097	0.02129	0.00968	0.00581	0.00194	0.00387	0.00774	0.75416	0.00774
14	0.01092	0.00803	0.00979	0.01088	0.01204	0.00749	0.00770	0.01260	0.01638	0.02107	0.05104	0.33447	0.19434	0.15646	0.01668	0.00421	0.00572	0.10638	0.00718	0.00662
15	0.02287	0.02061	0.02769	0.05245	0.16155	0.05733	0.06982	0.19983	0.02337	0.03198	0.01626	0.02039	0.01317	0.01298	0.05393	0.00333	0.14280	0.00744	0.00532	0.05688
16	0.01549	0.00774	0.00774	0.00774	0.00968	0.00774	0.00581	0.01936	0.01742	0.03097	0.02710	0.03097	0.02129	0.00968	0.00581	0.00194	0.00387	0.00774	0.75416	0.00774
17	0.71950	0.01776	0.05331	0.01173	0.01732	0.01868	0.01036	0.02454	0.01435	0.03658	0.01178	0.01375	0.00909	0.00772	0.00531	0.00257	0.00679	0.00460	0.00504	0.00920
18	0.02532	0.47577	0.03649	0.01675	0.02286	0.25900	0.01486	0.02780	0.01923	0.01982	0.01200	0.01391	0.01068	0.00762	0.00609	0.00190	0.01103	0.00476	0.00381	0.01030
19	0.01961	0.02241	0.04902	0.03501	0.04342	0.02101	0.62605	0.02661	0.01961	0.02661	0.01681	0.02241	0.01261	0.00700	0.00980	0.00280	0.01401	0.00980	0.00420	0.01120
20	0.01771	0.00983	0.01289	0.01136	0.01443	0.00883	0.00879	0.02136	0.02330	0.18231	0.47014	0.05510	0.09936	0.01563	0.00946	0.00261	0.00469	0.01359	0.00933	0.00929
21	0.02056	0.01974	0.03372	0.05099	0.65622	0.01974	0.02550	0.02550	0.01892	0.02714	0.01563	0.02056	0.01316	0.00740	0.00822	0.00247	0.00987	0.00740	0.00411	0.01316
22	0.01549	0.00774	0.00774	0.00774	0.00968	0.00774	0.00581	0.01936	0.01742	0.03097	0.02710	0.03097	0.02129	0.00968	0.00581	0.00194	0.00387	0.00774	0.75416	0.00774
23	0.01208	0.00805	0.00906	0.00906	0.00906	0.00805	0.00503	0.01208	0.01208	0.01611	0.02618	0.05436	0.03020	0.70804	0.04228	0.00805	0.00805	0.01208	0.00503	0.00503
24	0.01569	0.01477	0.02492	0.68808	0.05722	0.01846	0.02307	0.02123	0.01661	0.02123	0.01477	0.02215	0.01107	0.00831	0.00831	0.00277	0.01107	0.00738	0.00369	0.00923
25	0.02066	0.01785	0.01878	0.01691	0.02160	0.02066	0.01315	0.04414	0.64121	0.03475	0.03381	0.03099	0.02536	0.01127	0.00845	0.00282	0.00657	0.00939	0.00845	0.01315
26	0.01952	0.02214	0.04754	0.03418	0.04206	0.02129	0.58778	0.02619	0.01917	0.02619	0.01644	0.02214	0.01250	0.00748	0.01090	0.00285	0.05674	0.00964	0.00417	0.01107
27	0.01012	0.00723	0.00964	0.01157	0.01205	0.00675	0.00771	0.01157	0.01591	0.02121	0.04579	0.70262	0.05495	0.02603	0.01060	0.00337	0.00482	0.02362	0.00771	0.00675
28	0.01723	0.01477	0.01723	0.01230	0.01969	0.01107	0.00984	0.02092	0.01723	0.02707	0.01477	0.01723	0.01230	0.00615	0.00615	0.00123	0.00615	0.00492	0.00492	0.75883
29	0.01569	0.01477	0.02492	0.68808	0.05722	0.01846	0.02307	0.02123	0.01661	0.02123	0.01477	0.02215	0.01107	0.00831	0.00831	0.00277	0.01107	0.00738	0.00369	0.00923
30	0.03005	0.03457	0.02305	0.02025	0.02495	0.50439	0.01549	0.15665	0.02655	0.02714	0.01801	0.01938	0.04461	0.00950	0.00778	0.00225	0.01320	0.00643	0.00530	0.01044
31	0.03103	0.03959	0.02354	0.02140	0.02568	0.67469	0.01605	0.03317	0.02354	0.02033	0.01284	0.01498	0.01070	0.00856	0.00749	0.00214	0.01498	0.00535	0.00428	0.00963
32	0.01767	0.01485	0.01726	0.01266	0.01962	0.01169	0.01007	0.05572	0.01842	0.02822	0.01676	0.05484	0.01474	0.00746	0.00652	0.00142	0.00625	0.00609	0.00527	0.67445
33	0.01206	0.00814	0.00952	0.00952	0.00967	0.00830	0.00560	0.01237	0.01222	0.01645	0.02576	0.05205	0.02920	0.63936	0.10959	0.00862	0.00956	0.01174	0.00497	0.00529
34	0.01187	0.00890	0.01335	0.01335	0.01483	0.01038	0.01038	0.01483	0.01335	0.01928	0.02225	0.03264	0.02077	0.06231	0.67512	0.01335	0.02225	0.00890	0.00445	0.00742
35	0.06610	0.03917	0.17659	0.02140	0.02764	0.48338	0.01919	0.03107	0.02161	0.02265	0.01327	0.01552	0.01057	0.00836	0.00746	0.00228	0.01389	0.00549	0.00414	0.01023
36	0.01251	0.04966	0.01427	0.01257	0.01409	0.01124	0.00957	0.01488	0.01331	0.01868	0.02239	0.03572	0.02201	0.18418	0.51361	0.01165	0.01872	0.00926	0.00451	0.00714
37	0.01862	0.01971	0.01694	0.01619	0.01866	0.24443	0.01238	0.02130	0.01694	0.01965	0.01894	0.02642	0.01722	0.04337	0.43990	0.00940	0.01969	0.00765	0.00439	0.00820
38	0.01074	0.00794	0.01069	0.01233	0.01288	0.00789	0.00861	0.01236	0.01594	0.02137	0.04387	0.62887	0.05222	0.02524	0.01152	0.00342	0.04056	0.05912	0.00750	0.00693
39	0.06896	0.02218	0.15655	0.01906	0.02580	0.04264	0.10400	0.05455	0.08964	0.15303	0.12169	0.03109	0.05259	0.01067	0.00852	0.00264	0.00886	0.00924	0.00685	0.01143
40	0.28554	0.14753	0.08639	0.01762	0.05873	0.08457	0.01488	0.09200	0.08783	0.03214	0.01559	0.01703	0.01220	0.00832	0.00655	0.00241	0.00876	0.00575	0.00526	0.01092
41	0.20989	0.08901	0.02051	0.04393	0.02191	0.14632	0.01297	0.11357	0.06091	0.06967	0.04495	0.02711	0.05201	0.01050	0.00740	0.00251	0.00882	0.04147	0.00616	0.01037
42	0.09462	0.02689	0.08321	0.01767	0.02233	0.27333	0.01467	0.11991	0.02300	0.02856	0.06069	0.15204	0.02389	0.01255	0.00818	0.00255	0.01031	0.00983	0.00589	0.00987
43	0.16645	0.04910	0.05606	0.01488	0.01873	0.14302	0.01248	0.04470	0.01836	0.02748	0.08982	0.02569	0.02137	0.02058	0.14264	0.00463	0.04880	0.00744	0.07876	0.00901
44	0.02336	0.05396	0.02116	0.04941	0.02319	0.01972	0.01361	0.23960	0.18636	0.06895	0.11447	0.03152	0.02732	0.01133	0.00839	0.00254	0.00747	0.03055	0.00785	0.05925
45	0.09505	0.35099	0.21903	0.01755	0.02571	0.08073	0.01876	0.06244	0.01870	0.02531	0.01315	0.01511	0.01067	0.00769	0.00642	0.00218	0.01016	0.00520	0.00404	0.01109

[dist]
# distance from previous block
# <min> <max>
46	285

[block]
# block no. 3 follows, 22 sequences, length 8
# corresponding to MSA columns:
# 487-494
name=unknown_D
#
# <colnr> <probs for GDERKNQSTAVLIFYWHMCP>
#	G	D	E	R	K	N	Q	S	T	A	V	L	I	F	Y	W	H	M	C	P
0	0.10506	0.11226	0.07281	0.01482	0.02072	0.04395	0.01320	0.08778	0.09040	0.18395	0.05387	0.03165	0.11305	0.01123	0.00780	0.00251	0.00759	0.00874	0.00721	0.01138
1	0.02649	0.01814	0.02000	0.01630	0.02150	0.01960	0.01295	0.29350	0.18768	0.13439	0.02904	0.03056	0.04862	0.08813	0.01218	0.00322	0.00783	0.00907	0.00825	0.01255
2	0.02502	0.28093	0.02967	0.01662	0.02254	0.12872	0.01424	0.18732	0.11050	0.03063	0.02195	0.02227	0.05690	0.00961	0.00719	0.00224	0.00928	0.00696	0.00588	0.01151
3	0.02149	0.14621	0.02320	0.01624	0.02035	0.14497	0.01328	0.14664	0.02125	0.02635	0.01802	0.02311	0.01563	0.03115	0.28756	0.00685	0.01572	0.00711	0.00505	0.00982
4	0.01333	0.00882	0.01165	0.01154	0.01360	0.00858	0.00865	0.01602	0.01801	0.08053	0.16997	0.19472	0.16128	0.03244	0.20489	0.00596	0.00983	0.01500	0.00728	0.00788
5	0.02093	0.01988	0.01791	0.01646	0.02056	0.14281	0.01295	0.08405	0.28821	0.03025	0.03757	0.04330	0.11842	0.01378	0.00889	0.00280	0.00821	0.09474	0.00742	0.01085
6	0.01895	0.01731	0.02271	0.02931	0.27166	0.06368	0.01679	0.07079	0.10946	0.02785	0.02770	0.23246	0.02773	0.01400	0.00895	0.00278	0.00815	0.01256	0.00618	0.01100
7	0.01371	0.01045	0.01254	0.01290	0.01496	0.01066	0.00966	0.05057	0.12217	0.02686	0.11180	0.31382	0.10030	0.04878	0.01140	0.00336	0.00574	0.10401	0.00791	0.00840

[dist]
# distance from previous block
# <min> <max>
0	1

[block]
# block no. 4 follows, 22 sequences, length 27
# corresponding to MSA columns:
# 496-522
name=unknown_E
#
# <colnr> <probs for GDERKNQSTAVLIFYWHMCP>
#	G	D	E	R	K	N	Q	S	T	A	V	L	I	F	Y	W	H	M	C	P
0	0.02178	0.02762	0.13978	0.03581	0.24963	0.12369	0.19837	0.05371	0.02051	0.02689	0.01560	0.01969	0.01222	0.00766	0.00852	0.00254	0.01224	0.00757	0.00425	0.01193
1	0.01862	0.02284	0.12375	0.03452	0.33096	0.07293	0.06888	0.02362	0.01916	0.02545	0.02921	0.03177	0.14165	0.01030	0.00856	0.00256	0.00985	0.00927	0.00477	0.01133
2	0.02399	0.46265	0.03519	0.01568	0.02161	0.15988	0.01399	0.07690	0.01973	0.02222	0.01368	0.01747	0.01251	0.06306	0.00894	0.00241	0.01007	0.00549	0.00422	0.01030
3	0.02190	0.02261	0.03136	0.09629	0.50556	0.12715	0.02375	0.02642	0.01949	0.02556	0.01510	0.01977	0.01259	0.00766	0.00811	0.00244	0.01080	0.00706	0.00411	0.01227
4	0.02714	0.03840	0.15400	0.02465	0.08717	0.48066	0.01990	0.03106	0.02189	0.02218	0.01352	0.01602	0.01090	0.00832	0.00764	0.00227	0.01395	0.00570	0.00411	0.01050
5	0.01545	0.01374	0.01899	0.02451	0.23032	0.01362	0.01412	0.02219	0.12147	0.02721	0.11476	0.07554	0.24550	0.01459	0.00909	0.00270	0.00650	0.01275	0.00678	0.01017
6	0.01208	0.00805	0.00906	0.00906	0.00906	0.00805	0.00503	0.01208	0.01208	0.01611	0.02618	0.05436	0.03020	0.70804	0.04228	0.00805	0.00805	0.01208	0.00503	0.00503
7	0.02397	0.48400	0.03697	0.01668	0.02243	0.18806	0.01503	0.02643	0.01811	0.01978	0.01180	0.01419	0.01069	0.00816	0.00792	0.00204	0.07481	0.00493	0.00374	0.01026
8	0.02041	0.02563	0.15490	0.04057	0.42633	0.07078	0.04888	0.02605	0.01895	0.02642	0.01527	0.01942	0.01238	0.00750	0.00805	0.00242	0.01070	0.00695	0.00406	0.05435
9	0.02316	0.02504	0.06830	0.03482	0.26576	0.12545	0.13987	0.10604	0.04769	0.02920	0.01648	0.02011	0.01304	0.00833	0.00923	0.00256	0.04038	0.00756	0.00483	0.01212
10	0.01354	0.00878	0.01171	0.01227	0.01412	0.00821	0.00945	0.01649	0.01973	0.07624	0.22771	0.28048	0.08297	0.02110	0.01037	0.00317	0.00540	0.16204	0.00833	0.00789
11	0.01666	0.04297	0.66500	0.02368	0.03596	0.01929	0.03069	0.02631	0.01754	0.02631	0.01491	0.01754	0.01052	0.00789	0.00789	0.00263	0.01228	0.00614	0.00351	0.01228
12	0.01187	0.00890	0.01335	0.01335	0.01483	0.01038	0.01038	0.01483	0.01335	0.01928	0.02225	0.03264	0.02077	0.06231	0.67512	0.01335	0.02225	0.00890	0.00445	0.00742
13	0.01112	0.00796	0.01076	0.01164	0.01236	0.00824	0.00804	0.01277	0.01424	0.01949	0.03376	0.34141	0.03827	0.18171	0.24024	0.00771	0.01135	0.01625	0.00605	0.00661
14	0.01169	0.00789	0.00918	0.00957	0.00966	0.00779	0.00557	0.01198	0.01285	0.01714	0.03013	0.18524	0.03520	0.57036	0.03589	0.00711	0.00740	0.01441	0.00557	0.00538
15	0.01549	0.00774	0.00774	0.00774	0.00968	0.00774	0.00581	0.01936	0.01742	0.03097	0.02710	0.03097	0.02129	0.00968	0.00581	0.00194	0.00387	0.00774	0.75416	0.00774
16	0.01549	0.00774	0.00774	0.00774	0.00968	0.00774	0.00581	0.01936	0.01742	0.03097	0.02710	0.03097	0.02129	0.00968	0.00581	0.00194	0.00387	0.00774	0.75416	0.00774
17	0.02806	0.02869	0.02464	0.07558	0.11255	0.32057	0.01729	0.17981	0.02611	0.05674	0.01859	0.02046	0.03572	0.00927	0.00798	0.00236	0.01180	0.00689	0.00560	0.01130
18	0.01139	0.00969	0.01214	0.14594	0.02055	0.00949	0.00983	0.01431	0.01870	0.02330	0.14308	0.06445	0.41137	0.05636	0.01133	0.00307	0.00577	0.01484	0.00694	0.00746
19	0.01549	0.00774	0.00774	0.00774	0.00968	0.00774	0.00581	0.01936	0.01742	0.03097	0.02710	0.03097	0.02129	0.00968	0.00581	0.00194	0.00387	0.00774	0.75416	0.00774
20	0.76672	0.01607	0.01221	0.01092	0.01607	0.01864	0.00900	0.02442	0.01414	0.03727	0.01157	0.01350	0.00900	0.00771	0.00514	0.00257	0.00643	0.00450	0.00514	0.00900
21	0.00982	0.00842	0.00842	0.00842	0.01122	0.00701	0.00631	0.01192	0.01894	0.02244	0.08416	0.07995	0.65285	0.02104	0.00982	0.00281	0.00421	0.01753	0.00771	0.00701
22	0.01723	0.01477	0.01723	0.01230	0.01969	0.01107	0.00984	0.02092	0.01723	0.02707	0.01477	0.01723	0.01230	0.00615	0.00615	0.00123	0.00615	0.00492	0.00492	0.75883
23	0.01641	0.00912	0.00926	0.00876	0.01117	0.00922	0.00670	0.07060	0.01938	0.03212	0.03100	0.03391	0.07062	0.01060	0.00634	0.00205	0.00435	0.00849	0.63168	0.00823
24	0.02178	0.01597	0.08310	0.02119	0.14739	0.01271	0.01497	0.02591	0.02098	0.22422	0.15687	0.04178	0.10508	0.03663	0.01003	0.00283	0.00725	0.03265	0.00755	0.01111
25	0.02748	0.26529	0.05845	0.01890	0.02467	0.37874	0.01605	0.07695	0.02226	0.02285	0.01306	0.01493	0.01095	0.00815	0.00685	0.00207	0.01235	0.00525	0.00432	0.01045
26	0.02189	0.01913	0.03131	0.04523	0.55202	0.01922	0.02339	0.02827	0.07225	0.07798	0.01853	0.02206	0.01478	0.00796	0.00825	0.00251	0.00937	0.00765	0.00497	0.01324

[dist]
# distance from previous block
# <min> <max>
0	9

[block]
# block no. 5 follows, 22 sequences, length 47
# corresponding to MSA columns:
# 532-578
name=unknown_F
#
# <colnr> <probs for GDERKNQSTAVLIFYWHMCP>
#	G	D	E	R	K	N	Q	S	T	A	V	L	I	F	Y	W	H	M	C	P
0	0.25185	0.01833	0.02657	0.07258	0.42558	0.01933	0.02025	0.02493	0.01731	0.02997	0.01432	0.01845	0.01176	0.00755	0.00727	0.00252	0.00887	0.00650	0.00441	0.01166
1	0.01852	0.01722	0.02855	0.07997	0.49549	0.01744	0.02163	0.02274	0.01778	0.02503	0.01984	0.02740	0.04137	0.08972	0.03942	0.00358	0.01001	0.00841	0.00435	0.01152
2	0.01818	0.01818	0.02545	0.02181	0.02181	0.02545	0.01818	0.01999	0.01272	0.01999	0.01091	0.01818	0.01091	0.01454	0.02726	0.00364	0.69284	0.00727	0.00364	0.00909
3	0.01964	0.02080	0.07907	0.13241	0.53208	0.01954	0.02556	0.02500	0.01851	0.02630	0.01546	0.02055	0.01269	0.00756	0.00821	0.00252	0.01020	0.00731	0.00401	0.01258
4	0.01709	0.02383	0.21778	0.08807	0.16429	0.01735	0.04715	0.04117	0.01894	0.02718	0.12538	0.02812	0.02394	0.03836	0.01120	0.00286	0.05996	0.00854	0.00492	0.03388
5	0.01549	0.00774	0.00774	0.00774	0.00968	0.00774	0.00581	0.01936	0.01742	0.03097	0.02710	0.03097	0.02129	0.00968	0.00581	0.00194	0.00387	0.00774	0.75416	0.00774
6	0.01703	0.02300	0.20285	0.02834	0.20517	0.01627	0.06543	0.05694	0.01921	0.02682	0.02725	0.15354	0.06181	0.01286	0.00898	0.00281	0.00939	0.04607	0.00529	0.01094
7	0.01358	0.01850	0.18068	0.01787	0.02260	0.01213	0.08307	0.01837	0.01792	0.02470	0.07906	0.28800	0.03935	0.01807	0.00994	0.00315	0.00821	0.12953	0.00635	0.00890
8	0.01935	0.01850	0.03153	0.20925	0.50742	0.01942	0.02489	0.02443	0.01834	0.02567	0.01541	0.02096	0.01264	0.00763	0.00824	0.00254	0.01017	0.00740	0.00401	0.01218
9	0.02216	0.02216	0.02887	0.13388	0.37115	0.12280	0.02189	0.06371	0.08077	0.02745	0.01708	0.02089	0.01371	0.00824	0.00815	0.00250	0.01048	0.00727	0.00475	0.01209
10	0.01771	0.01749	0.02455	0.02119	0.02130	0.02434	0.01760	0.01961	0.01277	0.01994	0.01174	0.01924	0.01163	0.01806	0.07499	0.00435	0.64344	0.00739	0.00370	0.00896
11	0.01303	0.00913	0.01102	0.01029	0.01289	0.00828	0.00781	0.01699	0.04292	0.06885	0.41352	0.06456	0.25430	0.01766	0.00967	0.00268	0.00429	0.01521	0.00874	0.00815
12	0.01007	0.00843	0.00877	0.00868	0.01138	0.00712	0.00651	0.01241	0.01953	0.02386	0.15797	0.07762	0.57815	0.02051	0.00982	0.00278	0.00417	0.01721	0.00790	0.00712
13	0.01164	0.00812	0.00893	0.00893	0.00948	0.00785	0.00528	0.01205	0.01342	0.01734	0.03749	0.05936	0.15167	0.57402	0.03595	0.00703	0.00730	0.01314	0.00556	0.00542
14	0.01890	0.11057	0.05849	0.16257	0.12041	0.06732	0.14967	0.04484	0.01885	0.02425	0.01989	0.12832	0.01868	0.01062	0.00852	0.00264	0.01053	0.00991	0.00468	0.01032
15	0.01666	0.04297	0.66500	0.02368	0.03596	0.01929	0.03069	0.02631	0.01754	0.02631	0.01491	0.01754	0.01052	0.00789	0.00789	0.00263	0.01228	0.00614	0.00351	0.01228
16	0.02322	0.11498	0.03098	0.03376	0.30638	0.19834	0.02036	0.02663	0.01894	0.02322	0.01362	0.01775	0.01183	0.00878	0.01059	0.00247	0.11644	0.00645	0.00401	0.01126
17	0.02056	0.01974	0.03372	0.05099	0.65622	0.01974	0.02550	0.02550	0.01892	0.02714	0.01563	0.02056	0.01316	0.00740	0.00822	0.00247	0.00987	0.00740	0.00411	0.01316
18	0.00982	0.00842	0.00842	0.00842	0.01122	0.00701	0.00631	0.01192	0.01894	0.02244	0.08416	0.07995	0.65285	0.02104	0.00982	0.00281	0.00421	0.01753	0.00771	0.00701
19	0.01506	0.01398	0.01542	0.01494	0.01679	0.11240	0.01158	0.01785	0.01488	0.01947	0.02033	0.02933	0.01881	0.05207	0.54572	0.01123	0.04962	0.00829	0.00439	0.00783
20	0.00982	0.00842	0.00842	0.00842	0.01122	0.00701	0.00631	0.01192	0.01894	0.02244	0.08416	0.07995	0.65285	0.02104	0.00982	0.00281	0.00421	0.01753	0.00771	0.00701
21	0.02913	0.19631	0.02904	0.01861	0.02466	0.22378	0.01549	0.30133	0.02896	0.03467	0.01575	0.01683	0.01225	0.00885	0.00734	0.00221	0.01085	0.00610	0.00593	0.01192
22	0.02149	0.62591	0.12434	0.01545	0.02322	0.03111	0.01636	0.02506	0.01697	0.02042	0.01199	0.01387	0.01064	0.00721	0.00566	0.00189	0.00933	0.00466	0.00355	0.01087
23	0.01666	0.04297	0.66500	0.02368	0.03596	0.01929	0.03069	0.02631	0.01754	0.02631	0.01491	0.01754	0.01052	0.00789	0.00789	0.00263	0.01228	0.00614	0.00351	0.01228
24	0.01877	0.40443	0.19647	0.01646	0.02380	0.02501	0.01768	0.02328	0.01636	0.02122	0.01450	0.01817	0.01260	0.01808	0.13665	0.00425	0.01236	0.00575	0.00372	0.01044
25	0.02188	0.67323	0.08046	0.01478	0.02219	0.03206	0.01519	0.02496	0.01692	0.01995	0.01175	0.01358	0.01065	0.00715	0.00548	0.00183	0.00909	0.00454	0.00355	0.01076
26	0.01598	0.05913	0.01035	0.00821	0.01053	0.00957	0.00642	0.01976	0.01738	0.03014	0.02597	0.02969	0.02052	0.00949	0.00577	0.00192	0.00424	0.00750	0.69947	0.00796
27	0.05995	0.03295	0.46764	0.01977	0.02905	0.01642	0.02386	0.02340	0.01838	0.02801	0.13674	0.06229	0.02563	0.01057	0.00823	0.00266	0.00995	0.00865	0.00489	0.01095
28	0.03066	0.02449	0.06456	0.01940	0.02639	0.02536	0.01671	0.59124	0.03773	0.05074	0.01963	0.01980	0.01390	0.00984	0.00828	0.00250	0.00934	0.00740	0.00801	0.01401
29	0.03081	0.02285	0.02493	0.05172	0.02730	0.02541	0.01614	0.59892	0.03797	0.05084	0.01969	0.02005	0.01398	0.00989	0.00831	0.00251	0.00924	0.00747	0.00809	0.01389
30	0.03158	0.02327	0.02493	0.01911	0.02576	0.02576	0.01579	0.62852	0.03906	0.05236	0.01995	0.01995	0.01413	0.00997	0.00831	0.00249	0.00914	0.00748	0.00831	0.01413
31	0.01823	0.01502	0.01586	0.01408	0.01828	0.01620	0.01099	0.11968	0.31022	0.03330	0.08636	0.04717	0.23096	0.01461	0.00896	0.00275	0.00603	0.01210	0.00823	0.01097
32	0.62634	0.10826	0.05421	0.01209	0.01790	0.02053	0.01094	0.02459	0.01469	0.03433	0.01176	0.01371	0.00930	0.00764	0.00533	0.00247	0.00709	0.00459	0.00484	0.00940
33	0.03014	0.02323	0.02408	0.01892	0.02522	0.05152	0.01546	0.52830	0.11672	0.04876	0.02146	0.02118	0.01545	0.01008	0.00830	0.00252	0.00905	0.00764	0.00816	0.01382
34	0.11495	0.20702	0.17603	0.05673	0.02317	0.01916	0.01589	0.02069	0.01484	0.02202	0.01342	0.01849	0.01158	0.01401	0.01429	0.23047	0.00900	0.00587	0.00377	0.00861
35	0.02829	0.05232	0.02365	0.01875	0.02425	0.14392	0.01540	0.39920	0.03220	0.04084	0.02199	0.03013	0.01855	0.01159	0.00852	0.00260	0.00998	0.09838	0.00727	0.01215
36	0.02325	0.01684	0.01885	0.01555	0.01969	0.01854	0.01221	0.36271	0.02786	0.03793	0.02191	0.02960	0.01886	0.15624	0.14491	0.00567	0.01126	0.00866	0.03868	0.01077
37	0.02649	0.01923	0.02086	0.01679	0.02189	0.02102	0.01341	0.47036	0.03291	0.04449	0.02415	0.11184	0.02100	0.06347	0.01098	0.00299	0.00822	0.00993	0.04782	0.01216
38	0.24604	0.39752	0.13162	0.01471	0.02203	0.02644	0.01523	0.02496	0.01616	0.02596	0.01208	0.01404	0.01014	0.00741	0.00568	0.00215	0.00867	0.00473	0.00403	0.01041
39	0.13360	0.10543	0.27988	0.10439	0.02938	0.01887	0.01984	0.02374	0.04316	0.02596	0.02190	0.02565	0.07173	0.05229	0.00954	0.00290	0.00957	0.00741	0.00449	0.01029
40	0.10824	0.18847	0.13180	0.01684	0.02277	0.02254	0.01623	0.14044	0.01995	0.02914	0.01578	0.01952	0.01311	0.01927	0.13876	0.00457	0.07065	0.00643	0.00484	0.01064
41	0.17790	0.11722	0.29207	0.01808	0.02633	0.01911	0.05451	0.02468	0.01764	0.05568	0.06585	0.02402	0.05554	0.00929	0.00736	0.00252	0.00935	0.00724	0.00487	0.01073
42	0.18905	0.07566	0.21564	0.01953	0.02705	0.01900	0.10048	0.02700	0.01764	0.12957	0.01830	0.05213	0.01427	0.00934	0.00870	0.00266	0.05018	0.00742	0.00527	0.01112
43	0.13268	0.12576	0.05976	0.01787	0.06699	0.05999	0.01422	0.06819	0.07015	0.02796	0.04805	0.02276	0.01744	0.01943	0.13816	0.00451	0.04091	0.00699	0.00516	0.05301
44	0.13917	0.02247	0.15658	0.05941	0.04938	0.04564	0.01675	0.11778	0.08190	0.03203	0.06951	0.02796	0.06509	0.01471	0.06344	0.00350	0.00987	0.00821	0.00586	0.01074
45	0.07525	0.02628	0.18822	0.05607	0.02824	0.11916	0.08036	0.02529	0.01858	0.07142	0.05742	0.02621	0.06884	0.01068	0.01099	0.00273	0.11080	0.00812	0.00501	0.01033
46	0.06609	0.07632	0.25929	0.05551	0.13942	0.11614	0.04765	0.09389	0.02085	0.02849	0.01495	0.01784	0.01143	0.00806	0.00770	0.00247	0.01135	0.00639	0.00440	0.01177

[dist]
# distance from previous block
# <min> <max>
4	227

[block]
# block no. 6 follows, 22 sequences, length 78
# corresponding to MSA columns:
# 806-883
name=unknown_G
#
# <colnr> <probs for GDERKNQSTAVLIFYWHMCP>
#	G	D	E	R	K	N	Q	S	T	A	V	L	I	F	Y	W	H	M	C	P
0	0.09750	0.21570	0.16574	0.01886	0.07527	0.06512	0.01708	0.02690	0.05537	0.05651	0.01686	0.01880	0.01324	0.00810	0.00667	0.00222	0.00899	0.00598	0.08559	0.03951
1	0.05357	0.27049	0.05293	0.01968	0.11842	0.05582	0.01471	0.05955	0.02016	0.02739	0.14242	0.02588	0.02536	0.00953	0.00711	0.00217	0.00805	0.00750	0.04103	0.03823
2	0.15625	0.05206	0.12240	0.05472	0.05963	0.01890	0.09900	0.02588	0.06279	0.07315	0.09486	0.02493	0.02086	0.00999	0.01011	0.00273	0.08764	0.00800	0.00548	0.01063
3	0.02069	0.15969	0.27260	0.02021	0.05964	0.08100	0.02034	0.05469	0.01964	0.05477	0.05003	0.01966	0.01528	0.00825	0.00730	0.00222	0.01009	0.00630	0.00465	0.11295
4	0.05796	0.34699	0.32087	0.01862	0.02783	0.05361	0.02145	0.02585	0.01732	0.02353	0.01312	0.01530	0.01052	0.00755	0.00657	0.00222	0.01055	0.00525	0.00365	0.01126
5	0.09139	0.36722	0.07213	0.01388	0.01996	0.05804	0.01322	0.05919	0.01874	0.02476	0.02586	0.02667	0.12417	0.01004	0.00659	0.00216	0.00815	0.00725	0.04058	0.00998
6	0.01920	0.29183	0.31589	0.02121	0.03078	0.02431	0.10734	0.02558	0.01757	0.02383	0.01390	0.01662	0.01094	0.00740	0.00712	0.00227	0.01098	0.00596	0.00368	0.04359
7	0.01058	0.00764	0.01006	0.01149	0.01241	0.00712	0.00805	0.01261	0.01747	0.02342	0.14332	0.53092	0.08661	0.02415	0.01050	0.00326	0.00484	0.06061	0.00793	0.00699
8	0.02221	0.71304	0.04353	0.01421	0.02132	0.03287	0.01421	0.02488	0.01688	0.01955	0.01155	0.01333	0.01066	0.00711	0.00533	0.00178	0.00888	0.00444	0.00355	0.01066
9	0.11883	0.07877	0.01670	0.04751	0.04807	0.01468	0.01056	0.09118	0.02104	0.03018	0.14068	0.04596	0.23683	0.01399	0.00819	0.00254	0.00611	0.01136	0.04777	0.00907
10	0.03108	0.02302	0.02465	0.01901	0.02557	0.02553	0.01567	0.60203	0.06635	0.05156	0.02057	0.02045	0.01464	0.01003	0.00832	0.00251	0.00903	0.00757	0.00832	0.01408
11	0.01666	0.04297	0.66500	0.02368	0.03596	0.01929	0.03069	0.02631	0.01754	0.02631	0.01491	0.01754	0.01052	0.00789	0.00789	0.00263	0.01228	0.00614	0.00351	0.01228
12	0.01315	0.00949	0.01305	0.01484	0.01681	0.00939	0.01291	0.01686	0.01911	0.02470	0.04668	0.09279	0.08835	0.02282	0.01136	0.00376	0.00742	0.56126	0.00765	0.00761
13	0.02267	0.08767	0.03273	0.04207	0.47986	0.14305	0.02269	0.02687	0.01959	0.02517	0.01473	0.01885	0.01247	0.00759	0.00782	0.00234	0.01073	0.00675	0.00409	0.01227
14	0.03727	0.01414	0.01928	0.01478	0.02121	0.01221	0.01221	0.04049	0.02378	0.66198	0.03277	0.02828	0.02056	0.01028	0.00835	0.00257	0.00707	0.00835	0.01028	0.01414
15	0.01249	0.00853	0.01042	0.01102	0.01162	0.00853	0.00765	0.01369	0.01429	0.01885	0.03176	0.06671	0.03573	0.49309	0.03262	0.00673	0.00793	0.19664	0.00585	0.00585
16	0.01686	0.04159	0.62373	0.02444	0.03646	0.01941	0.07059	0.02633	0.01768	0.02633	0.01504	0.01787	0.01066	0.00783	0.00802	0.00264	0.01239	0.00638	0.00355	0.01221
17	0.02016	0.29010	0.10557	0.02445	0.03183	0.02589	0.26545	0.02520	0.01761	0.02314	0.01395	0.01797	0.01147	0.00795	0.00978	0.00248	0.08522	0.00710	0.00382	0.01087
18	0.00982	0.00842	0.00842	0.00842	0.01122	0.00701	0.00631	0.01192	0.01894	0.02244	0.08416	0.07995	0.65285	0.02104	0.00982	0.00281	0.00421	0.01753	0.00771	0.00701
19	0.01961	0.02241	0.04902	0.03501	0.04342	0.02101	0.62605	0.02661	0.01961	0.02661	0.01681	0.02241	0.01261	0.00700	0.00980	0.00280	0.01401	0.00980	0.00420	0.01120
20	0.01925	0.01840	0.03135	0.22283	0.49465	0.01939	0.02484	0.02434	0.01829	0.02554	0.01539	0.02099	0.01260	0.00765	0.00825	0.00255	0.01019	0.00740	0.00400	0.01210
21	0.01893	0.31676	0.41107	0.01981	0.02998	0.02484	0.02396	0.02572	0.01727	0.02355	0.01354	0.01582	0.01058	0.00757	0.00685	0.00228	0.01089	0.00545	0.00353	0.01162
22	0.01126	0.00852	0.01041	0.01009	0.01230	0.00768	0.00767	0.01462	0.02190	0.02958	0.44791	0.06914	0.25094	0.01853	0.00989	0.00273	0.00420	0.04643	0.00863	0.00758
23	0.01241	0.01771	0.19860	0.01455	0.01833	0.01064	0.01379	0.01593	0.01559	0.02163	0.03284	0.37163	0.03704	0.16107	0.01634	0.00412	0.00764	0.01620	0.00595	0.00799
24	0.11665	0.02356	0.02362	0.02439	0.15309	0.18466	0.01632	0.12686	0.02363	0.17525	0.01888	0.01989	0.01381	0.00905	0.00840	0.00247	0.03436	0.00677	0.00634	0.01201
25	0.02209	0.02341	0.02712	0.10092	0.25901	0.18306	0.05117	0.02961	0.12933	0.02589	0.02164	0.02433	0.04749	0.00915	0.00825	0.00251	0.01062	0.00789	0.00506	0.01145
26	0.01569	0.01477	0.02492	0.68808	0.05722	0.01846	0.02307	0.02123	0.01661	0.02123	0.01477	0.02215	0.01107	0.00831	0.00831	0.00277	0.01107	0.00738	0.00369	0.00923
27	0.02501	0.02820	0.03140	0.05866	0.24383	0.28488	0.12206	0.05930	0.02184	0.02536	0.01489	0.01865	0.01204	0.00797	0.00820	0.00240	0.01264	0.00698	0.00439	0.01131
28	0.00982	0.00842	0.00842	0.00842	0.01122	0.00701	0.00631	0.01192	0.01894	0.02244	0.08416	0.07995	0.65285	0.02104	0.00982	0.00281	0.00421	0.01753	0.00771	0.00701
29	0.02221	0.71304	0.04353	0.01421	0.02132	0.03287	0.01421	0.02488	0.01688	0.01955	0.01155	0.01333	0.01066	0.00711	0.00533	0.00178	0.00888	0.00444	0.00355	0.01066
30	0.02381	0.02211	0.02667	0.18566	0.21796	0.15425	0.02025	0.06349	0.02047	0.09379	0.01651	0.02035	0.01280	0.00901	0.00996	0.00260	0.07704	0.00707	0.00492	0.01128
31	0.01282	0.01036	0.01172	0.01101	0.01315	0.04797	0.00825	0.01654	0.02328	0.03197	0.58401	0.06014	0.10398	0.01669	0.00966	0.00259	0.00460	0.01457	0.00878	0.00790
32	0.01207	0.00810	0.00930	0.00930	0.00938	0.00818	0.00533	0.01223	0.01215	0.01628	0.02596	0.05317	0.02969	0.67268	0.07694	0.00834	0.00883	0.01191	0.00500	0.00516
33	0.01313	0.01084	0.01659	0.02294	0.19791	0.01050	0.01284	0.01559	0.01677	0.02292	0.03709	0.50583	0.04289	0.02065	0.00992	0.00311	0.00628	0.01894	0.00667	0.00860
34	0.03000	0.03300	0.02439	0.05633	0.05126	0.43484	0.01670	0.19840	0.02734	0.02957	0.01503	0.01695	0.01177	0.00890	0.00779	0.00228	0.01296	0.00613	0.00537	0.01100
35	0.01187	0.00890	0.01335	0.01335	0.01483	0.01038	0.01038	0.01483	0.01335	0.01928	0.02225	0.03264	0.02077	0.06231	0.67512	0.01335	0.02225	0.00890	0.00445	0.00742
36	0.01159	0.00796	0.00867	0.00907	0.01105	0.00721	0.00658	0.01414	0.01810	0.02520	0.09374	0.20639	0.30643	0.01876	0.00888	0.00268	0.00424	0.01603	0.21611	0.00721
37	0.02312	0.02037	0.03020	0.04023	0.44730	0.02122	0.02202	0.16663	0.08566	0.03372	0.01844	0.02146	0.01460	0.00838	0.00827	0.00251	0.00937	0.00762	0.00551	0.01338
38	0.02056	0.01974	0.03372	0.05099	0.65622	0.01974	0.02550	0.02550	0.01892	0.02714	0.01563	0.02056	0.01316	0.00740	0.00822	0.00247	0.00987	0.00740	0.00411	0.01316
39	0.00994	0.00796	0.00889	0.00964	0.01154	0.00691	0.00685	0.01178	0.01776	0.02196	0.06930	0.32101	0.42138	0.02297	0.01012	0.00303	0.00444	0.01989	0.00771	0.00691
40	0.02433	0.02142	0.03316	0.12045	0.03601	0.02308	0.22459	0.29607	0.02746	0.03697	0.01753	0.02098	0.01296	0.00903	0.01009	0.00271	0.05688	0.00824	0.00594	0.01209
41	0.01645	0.01554	0.02629	0.58857	0.15077	0.01866	0.02345	0.02189	0.01697	0.02215	0.01490	0.02190	0.01140	0.00816	0.00829	0.00272	0.01089	0.00739	0.00376	0.00984
42	0.01208	0.00805	0.00906	0.00906	0.00906	0.00805	0.00503	0.01208	0.01208	0.01611	0.02618	0.05436	0.03020	0.70804	0.04228	0.00805	0.00805	0.01208	0.00503	0.00503
43	0.01723	0.01477	0.01723	0.01230	0.01969	0.01107	0.00984	0.02092	0.01723	0.02707	0.01477	0.01723	0.01230	0.00615	0.00615	0.00123	0.00615	0.00492	0.00492	0.75883
