[name]
unknown

[dist]
# distance from previous block
# <min> <max>
0	7

[block]
# block no. 0 follows, 22 sequences, length 105
# corresponding to MSA columns:
# 7-111
name=unknown_A
#
# <colnr> <probs for GDERKNQSTAVLIFYWHMCP>
#	G	D	E	R	K	N	Q	S	T	A	V	L	I	F	Y	W	H	M	C	P
0	0.01806	0.23165	0.45229	0.02052	0.03076	0.02262	0.02505	0.02540	0.01744	0.02431	0.01556	0.02055	0.01262	0.00850	0.00736	0.00245	0.01106	0.03849	0.00375	0.01156
1	0.02006	0.45342	0.28432	0.01788	0.02699	0.02761	0.02060	0.02543	0.01714	0.02217	0.01285	0.01496	0.01061	0.00741	0.00632	0.00211	0.01020	0.00510	0.00354	0.01129
2	0.02221	0.71304	0.04353	0.01421	0.02132	0.03287	0.01421	0.02488	0.01688	0.01955	0.01155	0.01333	0.01066	0.00711	0.00533	0.00178	0.00888	0.00444	0.00355	0.01066
3	0.01208	0.00805	0.00906	0.00906	0.00906	0.00805	0.00503	0.01208	0.01208	0.01611	0.02618	0.05436	0.03020	0.70804	0.04228	0.00805	0.00805	0.01208	0.00503	0.00503
4	0.02699	0.03285	0.02414	0.02153	0.02446	0.47036	0.01672	0.02902	0.02014	0.02023	0.01223	0.01599	0.01077	0.01044	0.01371	0.00261	0.22832	0.00595	0.00408	0.00946
5	0.01052	0.00844	0.00938	0.00915	0.01165	0.00731	0.00686	0.01327	0.02058	0.02635	0.28837	0.07351	0.44620	0.01958	0.00981	0.00274	0.00410	0.01663	0.00823	0.00731
6	0.02221	0.71304	0.04353	0.01421	0.02132	0.03287	0.01421	0.02488	0.01688	0.01955	0.01155	0.01333	0.01066	0.00711	0.00533	0.00178	0.00888	0.00444	0.00355	0.01066
7	0.01698	0.03285	0.46599	0.01995	0.02939	0.01611	0.02403	0.02482	0.01938	0.07306	0.16539	0.02873	0.02713	0.01019	0.00837	0.00262	0.00995	0.00838	0.00531	0.01137
8	0.02588	0.39175	0.08633	0.01709	0.02375	0.21103	0.01587	0.02903	0.01957	0.08996	0.01449	0.01576	0.01173	0.00793	0.00648	0.00204	0.01069	0.00526	0.00448	0.01088
9	0.01187	0.00890	0.01335	0.01335	0.01483	0.01038	0.01038	0.01483	0.01335	0.01928	0.02225	0.03264	0.02077	0.06231	0.67512	0.01335	0.02225	0.00890	0.00445	0.00742
10	0.00985	0.00829	0.00855	0.00876	0.01131	0.00698	0.00646	0.01188	0.01861	0.02231	0.08000	0.14745	0.58804	0.02158	0.00990	0.00287	0.00427	0.01819	0.00771	0.00698
11	0.02002	0.01919	0.03274	0.12184	0.58961	0.01960	0.02523	0.02502	0.01866	0.02648	0.01553	0.02074	0.01293	0.00750	0.00823	0.00250	0.01000	0.00740	0.00407	0.01272
12	0.06229	0.02053	0.03650	0.08299	0.24313	0.02099	0.25595	0.09068	0.02066	0.02948	0.01605	0.02082	0.01257	0.00793	0.00955	0.00268	0.04260	0.00817	0.00461	0.01181
13	0.01012	0.00723	0.00964	0.01157	0.01205	0.00675	0.00771	0.01157	0.01591	0.02121	0.04579	0.70262	0.05495	0.02603	0.01060	0.00337	0.00482	0.02362	0.00771	0.00675
14	0.03158	0.02327	0.02493	0.01911	0.02576	0.02576	0.01579	0.62852	0.03906	0.05236	0.01995	0.01995	0.01413	0.00997	0.00831	0.00249	0.00914	0.00748	0.00831	0.01413
15	0.01631	0.04052	0.61860	0.02274	0.03428	0.01848	0.02907	0.02555	0.01796	0.02681	0.06011	0.02070	0.01534	0.00854	0.00803	0.00263	0.01168	0.00677	0.00391	0.01196
16	0.02056	0.01974	0.03372	0.05099	0.65622	0.01974	0.02550	0.02550	0.01892	0.02714	0.01563	0.02056	0.01316	0.00740	0.00822	0.00247	0.00987	0.00740	0.00411	0.01316
17	0.01187	0.00890	0.01335	0.01335	0.01483	0.01038	0.01038	0.01483	0.01335	0.01928	0.02225	0.03264	0.02077	0.06231	0.67512	0.01335	0.02225	0.00890	0.00445	0.00742
18	0.02051	0.01989	0.03457	0.05011	0.62225	0.01981	0.05879	0.02556	0.01895	0.02711	0.01569	0.02066	0.01313	0.00738	0.00831	0.00249	0.01010	0.00754	0.00412	0.01305
19	0.02600	0.18909	0.02857	0.01985	0.02377	0.37534	0.01613	0.02818	0.01948	0.02007	0.01209	0.01535	0.01074	0.00963	0.01163	0.00241	0.17238	0.00559	0.00396	0.00974
20	0.01793	0.00988	0.01297	0.01140	0.01451	0.00887	0.00883	0.02157	0.02333	0.18738	0.46806	0.05474	0.09600	0.01556	0.00944	0.00261	0.00471	0.01352	0.00935	0.00934
21	0.01980	0.42243	0.31306	0.01832	0.02767	0.02698	0.02136	0.02550	0.01717	0.02248	0.01301	0.01515	0.01060	0.00745	0.00644	0.00215	0.01036	0.00518	0.00353	0.01136
22	0.01818	0.01818	0.02545	0.02181	0.02181	0.02545	0.01818	0.01999	0.01272	0.01999	0.01091	0.01818	0.01091	0.01454	0.02726	0.00364	0.69284	0.00727	0.00364	0.00909
23	0.01723	0.01477	0.01723	0.01230	0.01969	0.01107	0.00984	0.02092	0.01723	0.02707	0.01477	0.01723	0.01230	0.00615	0.00615	0.00123	0.00615	0.00492	0.00492	0.75883
24	0.01012	0.00723	0.00964	0.01157	0.01205	0.00675	0.00771	0.01157	0.01591	0.02121	0.04579	0.70262	0.05495	0.02603	0.01060	0.00337	0.00482	0.02362	0.00771	0.00675
25	0.01208	0.00805	0.00906	0.00906	0.00906	0.00805	0.00503	0.01208	0.01208	0.01611	0.02618	0.05436	0.03020	0.70804	0.04228	0.00805	0.00805	0.01208	0.00503	0.00503
26	0.01339	0.00956	0.01339	0.01530	0.01721	0.00956	0.01339	0.01721	0.01912	0.02486	0.04399	0.09371	0.04781	0.02295	0.01147	0.00382	0.00765	0.60031	0.00765	0.00765
27	0.02379	0.59702	0.04040	0.01504	0.02207	0.03168	0.01448	0.12641	0.02061	0.02506	0.01296	0.01444	0.01124	0.00759	0.00583	0.00190	0.00893	0.00495	0.00435	0.01124
28	0.01666	0.04297	0.66500	0.02368	0.03596	0.01929	0.03069	0.02631	0.01754	0.02631	0.01491	0.01754	0.01052	0.00789	0.00789	0.00263	0.01228	0.00614	0.00351	0.01228
29	0.01012	0.00723	0.00964	0.01157	0.01205	0.00675	0.00771	0.01157	0.01591	0.02121	0.04579	0.70262	0.05495	0.02603	0.01060	0.00337	0.00482	0.02362	0.00771	0.00675
30	0.01723	0.01477	0.01723	0.01230	0.01969	0.01107	0.00984	0.02092	0.01723	0.02707	0.01477	0.01723	0.01230	0.00615	0.00615	0.00123	0.00615	0.00492	0.00492	0.75883
31	0.02469	0.01801	0.02736	0.03569	0.38089	0.01806	0.01991	0.03268	0.13689	0.18476	0.02326	0.02442	0.01727	0.00884	0.00830	0.00256	0.00856	0.00801	0.00644	0.01340
32	0.03008	0.11260	0.02571	0.02062	0.02521	0.60512	0.01585	0.03227	0.02282	0.02025	0.01270	0.01480	0.01070	0.00840	0.00726	0.00210	0.01432	0.00525	0.00420	0.00974
33	0.00989	0.00814	0.00870	0.00915	0.01142	0.00695	0.00664	0.01184	0.01823	0.02215	0.07517	0.22582	0.51278	0.02221	0.01000	0.00294	0.00435	0.01896	0.00771	0.00695
34	0.09797	0.04005	0.59424	0.02230	0.03380	0.01922	0.02834	0.02610	0.01717	0.02750	0.01455	0.01710	0.01036	0.00787	0.00759	0.00262	0.01164	0.00596	0.00368	0.01192
35	0.01666	0.04297	0.66500	0.02368	0.03596	0.01929	0.03069	0.02631	0.01754	0.02631	0.01491	0.01754	0.01052	0.00789	0.00789	0.00263	0.01228	0.00614	0.00351	0.01228
36	0.03103	0.03959	0.02354	0.02140	0.02568	0.67469	0.01605	0.03317	0.02354	0.02033	0.01284	0.01498	0.01070	0.00856	0.00749	0.00214	0.01498	0.00535	0.00428	0.00963
37	0.01666	0.04297	0.66500	0.02368	0.03596	0.01929	0.03069	0.02631	0.01754	0.02631	0.01491	0.01754	0.01052	0.00789	0.00789	0.00263	0.01228	0.00614	0.00351	0.01228
38	0.02221	0.71304	0.04353	0.01421	0.02132	0.03287	0.01421	0.02488	0.01688	0.01955	0.01155	0.01333	0.01066	0.00711	0.00533	0.00178	0.00888	0.00444	0.00355	0.01066
39	0.01012	0.00723	0.00964	0.01157	0.01205	0.00675	0.00771	0.01157	0.01591	0.02121	0.04579	0.70262	0.05495	0.02603	0.01060	0.00337	0.00482	0.02362	0.00771	0.00675
40	0.01456	0.02200	0.23105	0.01790	0.02244	0.01570	0.01793	0.01926	0.01703	0.02477	0.13567	0.19222	0.03359	0.01557	0.01366	0.00306	0.17641	0.01226	0.00557	0.00935
41	0.03727	0.01414	0.01928	0.01478	0.02121	0.01221	0.01221	0.04049	0.02378	0.66198	0.03277	0.02828	0.02056	0.01028	0.00835	0.00257	0.00707	0.00835	0.01028	0.01414
42	0.01012	0.00723	0.00964	0.01157	0.01205	0.00675	0.00771	0.01157	0.01591	0.02121	0.04579	0.70262	0.05495	0.02603	0.01060	0.00337	0.00482	0.02362	0.00771	0.00675
43	0.01187	0.00890	0.01335	0.01335	0.01483	0.01038	0.01038	0.01483	0.01335	0.01928	0.02225	0.03264	0.02077	0.06231	0.67512	0.01335	0.02225	0.00890	0.00445	0.00742
44	0.02858	0.03494	0.02593	0.02833	0.17340	0.52126	0.01826	0.03137	0.02246	0.02193	0.01349	0.01629	0.01128	0.00829	0.00766	0.00222	0.01378	0.00583	0.00424	0.01046
45	0.01005	0.00751	0.00935	0.01083	0.01186	0.00681	0.00738	0.01165	0.01662	0.02150	0.05478	0.55675	0.19501	0.02486	0.01042	0.00324	0.00468	0.02219	0.00771	0.00681
46	0.01188	0.00908	0.01129	0.01239	0.01468	0.00849	0.01040	0.01498	0.01904	0.02384	0.06094	0.08790	0.30310	0.02214	0.01078	0.00339	0.00620	0.35442	0.00768	0.00738
47	0.01239	0.01050	0.01098	0.01075	0.01374	0.01018	0.00807	0.01943	0.16438	0.02519	0.06817	0.13660	0.44044	0.01930	0.00958	0.00287	0.00483	0.01629	0.00789	0.00842
48	0.02639	0.22951	0.02863	0.01658	0.02282	0.02606	0.01431	0.33810	0.09804	0.03898	0.01947	0.01997	0.01484	0.00923	0.00725	0.00227	0.00840	0.00680	0.05982	0.01252
49	0.02091	0.55607	0.18912	0.01643	0.02475	0.02969	0.01808	0.02521	0.01703	0.02113	0.01234	0.01431	0.01063	0.00729	0.00593	0.00198	0.00968	0.00484	0.00354	0.01104
50	0.01796	0.19995	0.51941	0.02146	0.03253	0.02247	0.02683	0.02597	0.01738	0.02472	0.01412	0.01655	0.01056	0.00771	0.00729	0.00243	0.01148	0.00574	0.00352	0.01190
51	0.02886	0.20528	0.02846	0.01963	0.02461	0.51678	0.01560	0.03113	0.02190	0.02014	0.01252	0.01457	0.01069	0.00820	0.00696	0.00205	0.01348	0.00513	0.00410	0.00988
52	0.01724	0.08117	0.40616	0.01924	0.02952	0.01753	0.02261	0.02442	0.01739	0.02608	0.01462	0.01714	0.01112	0.00726	0.00713	0.00211	0.01001	0.00561	0.00398	0.25965
53	0.01011	0.00729	0.00958	0.01142	0.01201	0.00676	0.00765	0.01158	0.01605	0.02127	0.04760	0.67325	0.08315	0.02579	0.01057	0.00335	0.00479	0.02333	0.00771	0.00676
54	0.02658	0.01979	0.02119	0.01671	0.02241	0.02141	0.01364	0.48426	0.03457	0.04588	0.06261	0.03313	0.13581	0.01237	0.00866	0.00256	0.00797	0.00971	0.00824	0.01250
55	0.01012	0.00723	0.00964	0.01157	0.01205	0.00675	0.00771	0.01157	0.01591	0.02121	0.04579	0.70262	0.05495	0.02603	0.01060	0.00337	0.00482	0.02362	0.00771	0.00675
56	0.03727	0.01414	0.01928	0.01478	0.02121	0.01221	0.01221	0.04049	0.02378	0.66198	0.03277	0.02828	0.02056	0.01028	0.00835	0.00257	0.00707	0.00835	0.01028	0.01414
57	0.01992	0.01981	0.03557	0.09184	0.46914	0.02015	0.13740	0.02514	0.01859	0.02629	0.01556	0.02091	0.01280	0.00773	0.00942	0.00261	0.04288	0.00784	0.00408	0.01232
58	0.02897	0.19736	0.02823	0.01972	0.02466	0.52433	0.01562	0.03123	0.02198	0.02015	0.01254	0.01459	0.01069	0.00822	0.00698	0.00206	0.01355	0.00514	0.00411	0.00987
59	0.01193	0.00865	0.01206	0.01206	0.01309	0.00968	0.00877	0.01400	0.01297	0.01833	0.02343	0.03919	0.02361	0.25697	0.48434	0.01175	0.01797	0.00986	0.00463	0.00670
60	0.02056	0.01974	0.03372	0.05099	0.65622	0.01974	0.02550	0.02550	0.01892	0.02714	0.01563	0.02056	0.01316	0.00740	0.00822	0.00247	0.00987	0.00740	0.00411	0.01316
61	0.01755	0.03677	0.47930	0.02710	0.03820	0.01981	0.21017	0.02640	0.01816	0.02640	0.01548	0.01901	0.01115	0.00762	0.00847	0.00268	0.01280	0.00724	0.00372	0.01195
62	0.01176	0.00849	0.01110	0.01045	0.01241	0.00784	0.00784	0.01568	0.02352	0.03331	0.65184	0.06206	0.07839	0.01698	0.00980	0.00261	0.00392	0.01502	0.00914	0.00784
63	0.76672	0.01607	0.01221	0.01092	0.01607	0.01864	0.00900	0.02442	0.01414	0.03727	0.01157	0.01350	0.00900	0.00771	0.00514	0.00257	0.00643	0.00450	0.00514	0.00900
64	0.03103	0.03959	0.02354	0.02140	0.02568	0.67469	0.01605	0.03317	0.02354	0.02033	0.01284	0.01498	0.01070	0.00856	0.00749	0.00214	0.01498	0.00535	0.00428	0.00963
65	0.02264	0.68024	0.04256	0.01456	0.02153	0.06413	0.01430	0.02528	0.01720	0.01958	0.01161	0.01341	0.01066	0.00718	0.00544	0.00179	0.00918	0.00449	0.00359	0.01061
66	0.01187	0.00890	0.01335	0.01335	0.01483	0.01038	0.01038	0.01483	0.01335	0.01928	0.02225	0.03264	0.02077	0.06231	0.67512	0.01335	0.02225	0.00890	0.00445	0.00742
67	0.01198	0.00846	0.01112	0.01112	0.01184	0.00917	0.00761	0.01340	0.01269	0.01764	0.02429	0.04392	0.02567	0.39755	0.34657	0.01060	0.01488	0.01055	0.00475	0.00618
68	0.02024	0.01971	0.03454	0.08158	0.57586	0.01978	0.07473	0.02537	0.01886	0.02680	0.01568	0.02079	0.01301	0.00741	0.00836	0.00251	0.01027	0.00760	0.00410	0.01280
69	0.02221	0.71304	0.04353	0.01421	0.02132	0.03287	0.01421	0.02488	0.01688	0.01955	0.01155	0.01333	0.01066	0.00711	0.00533	0.00178	0.00888	0.00444	0.00355	0.01066
70	0.76672	0.01607	0.01221	0.01092	0.01607	0.01864	0.00900	0.02442	0.01414	0.03727	0.01157	0.01350	0.00900	0.00771	0.00514	0.00257	0.00643	0.00450	0.00514	0.00900
71	0.01811	0.01142	0.01348	0.01226	0.01576	0.01094	0.00953	0.05632	0.09729	0.14954	0.15413	0.12591	0.23102	0.01713	0.00945	0.00282	0.00549	0.04119	0.00857	0.00966
72	0.02056	0.01974	0.03372	0.05099	0.65622	0.01974	0.02550	0.02550	0.01892	0.02714	0.01563	0.02056	0.01316	0.00740	0.00822	0.00247	0.00987	0.00740	0.00411	0.01316
73	0.01187	0.00890	0.01335	0.01335	0.01483	0.01038	0.01038	0.01483	0.01335	0.01928	0.02225	0.03264	0.02077	0.06231	0.67512	0.01335	0.02225	0.00890	0.00445	0.00742
74	0.01197	0.00850	0.01130	0.01130	0.01208	0.00927	0.00783	0.01352	0.01274	0.01777	0.02413	0.04302	0.02528	0.37091	0.37268	0.01082	0.01547	0.01042	0.00473	0.00628
75	0.01832	0.24296	0.47952	0.02085	0.03159	0.02335	0.02578	0.02588	0.01734	0.02429	0.01391	0.01628	0.01056	0.00766	0.00713	0.00238	0.01126	0.00563	0.00352	0.01180
76	0.02221	0.71304	0.04353	0.01421	0.02132	0.03287	0.01421	0.02488	0.01688	0.01955	0.01155	0.01333	0.01066	0.00711	0.00533	0.00178	0.00888	0.00444	0.00355	0.01066
77	0.03727	0.01414	0.01928	0.01478	0.02121	0.01221	0.01221	0.04049	0.02378	0.66198	0.03277	0.02828	0.02056	0.01028	0.00835	0.00257	0.00707	0.00835	0.01028	0.01414
78	0.01031	0.00830	0.00918	0.00923	0.01159	0.00718	0.00682	0.01276	0.01968	0.02485	0.21299	0.14326	0.45346	0.02063	0.00990	0.00282	0.00421	0.01760	0.00805	0.00718
79	0.00982	0.00842	0.00842	0.00842	0.01122	0.00701	0.00631	0.01192	0.01894	0.02244	0.08416	0.07995	0.65285	0.02104	0.00982	0.00281	0.00421	0.01753	0.00771	0.00701
80	0.03158	0.02327	0.02493	0.01911	0.02576	0.02576	0.01579	0.62852	0.03906	0.05236	0.01995	0.01995	0.01413	0.00997	0.00831	0.00249	0.00914	0.00748	0.00831	0.01413
81	0.01187	0.00890	0.01335	0.01335	0.01483	0.01038	0.01038	0.01483	0.01335	0.01928	0.02225	0.03264	0.02077	0.06231	0.67512	0.01335	0.02225	0.00890	0.00445	0.00742
82	0.02510	0.02401	0.02102	0.01837	0.02332	0.17762	0.01432	0.14634	0.38584	0.03447	0.02632	0.02519	0.01985	0.01039	0.00820	0.00260	0.00904	0.00808	0.00743	0.01249
83	0.02056	0.01974	0.03372	0.05099	0.65622	0.01974	0.02550	0.02550	0.01892	0.02714	0.01563	0.02056	0.01316	0.00740	0.00822	0.00247	0.00987	0.00740	0.00411	0.01316
84	0.76672	0.01607	0.01221	0.01092	0.01607	0.01864	0.00900	0.02442	0.01414	0.03727	0.01157	0.01350	0.00900	0.00771	0.00514	0.00257	0.00643	0.00450	0.00514	0.00900
85	0.00982	0.00842	0.00842	0.00842	0.01122	0.00701	0.00631	0.01192	0.01894	0.02244	0.08416	0.07995	0.65285	0.02104	0.00982	0.00281	0.00421	0.01753	0.00771	0.00701
86	0.05937	0.62895	0.04127	0.01666	0.06611	0.03123	0.01475	0.02490	0.01689	0.02097	0.01184	0.01385	0.01075	0.00716	0.00553	0.00187	0.00883	0.00465	0.00367	0.01075
87	0.01053	0.00844	0.00940	0.00916	0.01166	0.00732	0.00687	0.01330	0.02062	0.02643	0.29251	0.07338	0.44201	0.01955	0.00981	0.00273	0.00410	0.01661	0.00824	0.00732
88	0.01012	0.00723	0.00964	0.01157	0.01205	0.00675	0.00771	0.01157	0.01591	0.02121	0.04579	0.70262	0.05495	0.02603	0.01060	0.00337	0.00482	0.02362	0.00771	0.00675
89	0.02396	0.03208	0.14201	0.02002	0.02561	0.32127	0.01765	0.03275	0.17359	0.02510	0.02225	0.02316	0.04988	0.01009	0.00892	0.00251	0.04575	0.00726	0.00532	0.01082
90	0.02468	0.02798	0.02503	0.06416	0.21570	0.33596	0.01815	0.05589	0.02199	0.02418	0.02223	0.02466	0.08463	0.00968	0.00806	0.00236	0.01173	0.00756	0.00478	0.01059
91	0.01216	0.00933	0.01391	0.01374	0.01515	0.01107	0.01074	0.01507	0.01332	0.01932	0.02173	0.03197	0.02032	0.06012	0.64542	0.01291	0.05300	0.00883	0.00441	0.00749
92	0.01133	0.00747	0.01002	0.01128	0.01195	0.00704	0.00777	0.01173	0.01513	0.01986	0.04170	0.44166	0.10272	0.02607	0.01595	0.18908	0.00551	0.05096	0.00670	0.00605
93	0.02106	0.02588	0.18396	0.03259	0.29236	0.08176	0.02239	0.05948	0.02098	0.06352	0.09532	0.02482	0.02083	0.00913	0.00828	0.00250	0.01003	0.00789	0.00518	0.01205
94	0.02650	0.16449	0.02951	0.02395	0.14249	0.08807	0.01692	0.30416	0.02811	0.03629	0.01799	0.05144	0.01489	0.00955	0.00772	0.00235	0.00958	0.00742	0.00613	0.01244
95	0.01916	0.01603	0.02137	0.14915	0.18176	0.05172	0.01636	0.08719	0.02120	0.07224	0.06126	0.09765	0.14450	0.01292	0.00882	0.00267	0.00827	0.01117	0.00619	0.01037
96	0.02356	0.19603	0.21820	0.02125	0.05246	0.25787	0.02013	0.02967	0.06385	0.02321	0.01475	0.01671	0.01178	0.00817	0.00720	0.00226	0.01195	0.00574	0.00417	0.01105
97	0.02102	0.05407	0.05134	0.01411	0.01847	0.04485	0.01170	0.12866	0.02289	0.14788	0.06859	0.20198	0.14826	0.01605	0.00901	0.00274	0.00695	0.01352	0.00775	0.01018
98	0.02074	0.23109	0.26277	0.02315	0.03222	0.05691	0.16359	0.06904	0.01966	0.02597	0.01463	0.01750	0.01132	0.00764	0.00761	0.00239	0.01161	0.00656	0.00406	0.01156
99	0.02449	0.02804	0.03259	0.03637	0.29359	0.27720	0.13449	0.02872	0.02086	0.02437	0.01475	0.01872	0.01209	0.00778	0.00823	0.00240	0.01265	0.00705	0.00420	0.01141
100	0.01475	0.01320	0.02114	0.29215	0.15036	0.01492	0.01778	0.01851	0.01657	0.02225	0.02575	0.26379	0.02706	0.01479	0.01016	0.00298	0.04642	0.01316	0.00520	0.00907
101	0.02381	0.02467	0.03070	0.04175	0.46274	0.17467	0.02258	0.07010	0.02144	0.02732	0.01528	0.01920	0.01265	0.00786	0.00806	0.00239	0.01102	0.00692	0.00445	0.01240
102	0.02949	0.02796	0.02401	0.09603	0.11304	0.35223	0.01714	0.03264	0.02222	0.17921	0.01833	0.01978	0.01350	0.00880	0.00789	0.00236	0.01192	0.00659	0.00567	0.01117
103	0.02263	0.02915	0.16818	0.03436	0.26170	0.14392	0.10469	0.08499	0.02152	0.02802	0.01552	0.01905	0.01215	0.00792	0.00824	0.00249	0.01184	0.00708	0.00443	0.01213
104	0.02131	0.02200	0.02539	0.25419	0.18325	0.17957	0.02002	0.06756	0.02009	0.02439	0.01567	0.02100	0.01274	0.01413	0.08037	0.00367	0.01283	0.00706	0.00434	0.01040

[dist]
# distance from previous block
# <min> <max>
43	136

[block]
# block no. 1 follows, 22 sequences, length 77
# corresponding to MSA columns:
# 251-327
name=unknown_B
#
# <colnr> <probs for GDERKNQSTAVLIFYWHMCP>
#	G	D	E	R	K	N	Q	S	T	A	V	L	I	F	Y	W	H	M	C	P
0	0.01215	0.01020	0.01198	0.01291	0.04129	0.01007	0.00898	0.01692	0.09783	0.02375	0.05990	0.25501	0.33613	0.02039	0.01059	0.00300	0.03594	0.01741	0.00747	0.00808
1	0.02060	0.18570	0.02364	0.16256	0.02653	0.16432	0.01391	0.02416	0.01847	0.02371	0.01748	0.02123	0.01413	0.00851	0.00662	0.00213	0.00913	0.00634	0.24164	0.00919
2	0.01586	0.19952	0.10528	0.08088	0.10430	0.01805	0.01550	0.01975	0.01800	0.02266	0.04108	0.04156	0.26115	0.01278	0.00805	0.00247	0.00782	0.01041	0.00525	0.00963
3	0.02459	0.18215	0.03005	0.02769	0.20335	0.28841	0.01810	0.02778	0.02036	0.02248	0.01598	0.02286	0.01453	0.00912	0.00755	0.00229	0.01154	0.05610	0.00436	0.01070
4	0.01906	0.33240	0.39657	0.01959	0.02963	0.02516	0.02358	0.02569	0.01725	0.02339	0.01346	0.01572	0.01058	0.00755	0.00679	0.00226	0.01081	0.00541	0.00353	0.01158
5	0.01408	0.00918	0.01083	0.01000	0.01295	0.00799	0.00765	0.01701	0.02128	0.10884	0.29138	0.06656	0.35509	0.01813	0.00962	0.00270	0.00447	0.01541	0.00858	0.00824
6	0.01976	0.02044	0.02455	0.22303	0.21825	0.14289	0.01936	0.02571	0.07730	0.02422	0.02536	0.02858	0.09555	0.01000	0.00833	0.00257	0.01016	0.00849	0.00489	0.01054
7	0.21973	0.02724	0.01768	0.01616	0.02034	0.37020	0.01233	0.02681	0.02035	0.02563	0.04942	0.02677	0.11473	0.01065	0.00734	0.00238	0.01059	0.00745	0.00525	0.00898
8	0.01055	0.00756	0.01002	0.01127	0.01214	0.00703	0.00774	0.01264	0.01790	0.02438	0.20464	0.53472	0.06109	0.02366	0.01039	0.00317	0.00458	0.02136	0.00809	0.00703
9	0.01012	0.00723	0.00964	0.01157	0.01205	0.00675	0.00771	0.01157	0.01591	0.02121	0.04579	0.70262	0.05495	0.02603	0.01060	0.00337	0.00482	0.02362	0.00771	0.00675
10	0.03171	0.01956	0.02199	0.01702	0.02321	0.02068	0.01401	0.42282	0.03322	0.21033	0.02391	0.02306	0.01642	0.01003	0.00811	0.00247	0.00815	0.00773	0.07197	0.01359
11	0.02221	0.71304	0.04353	0.01421	0.02132	0.03287	0.01421	0.02488	0.01688	0.01955	0.01155	0.01333	0.01066	0.00711	0.00533	0.00178	0.00888	0.00444	0.00355	0.01066
12	0.01032	0.00746	0.00982	0.01163	0.01235	0.00695	0.00801	0.01197	0.01631	0.02153	0.04800	0.62342	0.09083	0.02551	0.01061	0.00337	0.00497	0.06238	0.00771	0.00683
13	0.01352	0.01133	0.01652	0.01557	0.01666	0.01433	0.01243	0.01619	0.01319	0.01947	0.01928	0.02885	0.01818	0.04979	0.50531	0.01080	0.19802	0.00847	0.00424	0.00786
14	0.01636	0.00859	0.00868	0.00836	0.01055	0.00872	0.00635	0.05240	0.01860	0.03213	0.02671	0.03037	0.02090	0.00969	0.00594	0.00197	0.00416	0.00773	0.71370	0.00809
15	0.03103	0.03959	0.02354	0.02140	0.02568	0.67469	0.01605	0.03317	0.02354	0.02033	0.01284	0.01498	0.01070	0.00856	0.00749	0.00214	0.01498	0.00535	0.00428	0.00963
16	0.01632	0.01541	0.02605	0.60609	0.13431	0.01862	0.02338	0.02178	0.01691	0.02199	0.01488	0.02194	0.01134	0.00819	0.00830	0.00273	0.01092	0.00739	0.00375	0.00973
17	0.17585	0.01568	0.01866	0.01460	0.02081	0.01518	0.01206	0.11310	0.02390	0.46422	0.02707	0.02438	0.01753	0.00975	0.00773	0.00256	0.00721	0.00751	0.00905	0.01315
18	0.00995	0.00842	0.00860	0.00855	0.01130	0.00707	0.00642	0.01218	0.01925	0.02318	0.12268	0.07874	0.61387	0.02076	0.00982	0.00279	0.00419	0.01736	0.00781	0.00707
19	0.01125	0.00917	0.01004	0.00970	0.01239	0.00833	0.00731	0.01558	0.06887	0.02670	0.25260	0.07070	0.42947	0.01905	0.00971	0.00275	0.00430	0.01614	0.00821	0.00774
20	0.01818	0.01818	0.02545	0.02181	0.02181	0.02545	0.01818	0.01999	0.01272	0.01999	0.01091	0.01818	0.01091	0.01454	0.02726	0.00364	0.69284	0.00727	0.00364	0.00909
21	0.01189	0.00882	0.01295	0.01295	0.01429	0.01017	0.00988	0.01458	0.01323	0.01899	0.02262	0.03467	0.02165	0.12267	0.61596	0.01286	0.02092	0.00920	0.00450	0.00719
22	0.02056	0.01974	0.03372	0.05099	0.65622	0.01974	0.02550	0.02550	0.01892	0.02714	0.01563	0.02056	0.01316	0.00740	0.00822	0.00247	0.00987	0.00740	0.00411	0.01316
23	0.02056	0.01974	0.03372	0.05099	0.65622	0.01974	0.02550	0.02550	0.01892	0.02714	0.01563	0.02056	0.01316	0.00740	0.00822	0.00247	0.00987	0.00740	0.00411	0.01316
24	0.02056	0.01974	0.03372	0.05099	0.65622	0.01974	0.02550	0.02550	0.01892	0.02714	0.01563	0.02056	0.01316	0.00740	0.00822	0.00247	0.00987	0.00740	0.00411	0.01316
25	0.01706	0.01655	0.02617	0.56517	0.14523	0.04611	0.02314	0.02236	0.01725	0.02207	0.01481	0.02161	0.01137	0.00818	0.00826	0.00270	0.01106	0.00730	0.00378	0.00983
26	0.01221	0.00940	0.01401	0.01381	0.01521	0.01120	0.01081	0.01511	0.01332	0.01932	0.02164	0.03185	0.02023	0.05971	0.63998	0.01282	0.05863	0.00881	0.00441	0.00751
27	0.01100	0.00846	0.01006	0.00966	0.01195	0.00752	0.00724	0.01421	0.02173	0.02908	0.43072	0.06903	0.30215	0.01856	0.00981	0.00269	0.00403	0.01600	0.00859	0.00752
28	0.02030	0.02101	0.06343	0.04841	0.57642	0.01983	0.07657	0.02563	0.01891	0.02706	0.01569	0.02058	0.01299	0.00739	0.00834	0.00250	0.01033	0.00755	0.00409	0.01295
29	0.01549	0.00774	0.00774	0.00774	0.00968	0.00774	0.00581	0.01936	0.01742	0.03097	0.02710	0.03097	0.02129	0.00968	0.00581	0.00194	0.00387	0.00774	0.75416	0.00774
30	0.01012	0.00723	0.00964	0.01157	0.01205	0.00675	0.00771	0.01157	0.01591	0.02121	0.04579	0.70262	0.05495	0.02603	0.01060	0.00337	0.00482	0.02362	0.00771	0.00675
31	0.02121	0.50261	0.07238	0.01580	0.02261	0.02767	0.06408	0.04845	0.01809	0.02326	0.01448	0.01682	0.01231	0.00758	0.00601	0.00196	0.00886	0.00552	0.09975	0.01056
32	0.02221	0.71304	0.04353	0.01421	0.02132	0.03287	0.01421	0.02488	0.01688	0.01955	0.01155	0.01333	0.01066	0.00711	0.00533	0.00178	0.00888	0.00444	0.00355	0.01066
33	0.01549	0.00774	0.00774	0.00774	0.00968	0.00774	0.00581	0.01936	0.01742	0.03097	0.02710	0.03097	0.02129	0.00968	0.00581	0.00194	0.00387	0.00774	0.75416	0.00774
34	0.01908	0.01823	0.03105	0.24444	0.47434	0.01935	0.02476	0.02420	0.01822	0.02534	0.01536	0.02104	0.01253	0.00768	0.00825	0.00256	0.01024	0.00740	0.00398	0.01197
35	0.02176	0.02262	0.02966	0.04178	0.47650	0.14867	0.02211	0.02584	0.01958	0.02529	0.01763	0.07719	0.01621	0.00921	0.00828	0.00248	0.01046	0.00837	0.00445	0.01192
36	0.03513	0.01758	0.02141	0.01641	0.02292	0.01731	0.01356	0.26199	0.02953	0.43234	0.02794	0.02514	0.01814	0.01017	0.00834	0.00254	0.00785	0.00802	0.00954	0.01413
37	0.01176	0.00820	0.01044	0.01069	0.01120	0.00859	0.00700	0.01285	0.01296	0.01773	0.02751	0.13119	0.03052	0.42420	0.23037	0.00906	0.01195	0.01260	0.00520	0.00598
38	0.03226	0.04904	0.02390	0.01764	0.02416	0.02216	0.01464	0.41893	0.06015	0.21536	0.02368	0.02241	0.01622	0.00999	0.00821	0.00250	0.00846	0.00767	0.00865	0.01394
39	0.01174	0.00801	0.00959	0.00990	0.01013	0.00808	0.00601	0.01228	0.01283	0.01726	0.02894	0.15673	0.03323	0.53190	0.10195	0.00784	0.00899	0.01362	0.00541	0.00555
40	0.03103	0.03959	0.02354	0.02140	0.02568	0.67469	0.01605	0.03317	0.02354	0.02033	0.01284	0.01498	0.01070	0.00856	0.00749	0.00214	0.01498	0.00535	0.00428	0.00963
41	0.09451	0.08516	0.08483	0.02551	0.08145	0.30885	0.15197	0.02904	0.02038	0.02431	0.01390	0.01703	0.01115	0.00787	0.00771	0.00237	0.01283	0.00642	0.00421	0.01052
42	0.02108	0.02009	0.02871	0.03926	0.43408	0.05061	0.02131	0.03152	0.20809	0.02913	0.02102	0.02347	0.01675	0.00863	0.00826	0.00256	0.00911	0.00791	0.00544	0.01299
43	0.02056	0.01974	0.03372	0.05099	0.65622	0.01974	0.02550	0.02550	0.01892	0.02714	0.01563	0.02056	0.01316	0.00740	0.00822	0.00247	0.00987	0.00740	0.00411	0.01316
44	0.01193	0.00864	0.01205	0.01205	0.01308	0.00968	0.00876	0.01400	0.01297	0.01832	0.02344	0.03923	0.02363	0.25838	0.48296	0.01174	0.01794	0.00987	0.00463	0.00669
45	0.02056	0.01974	0.03372	0.05099	0.65622	0.01974	0.02550	0.02550	0.01892	0.02714	0.01563	0.02056	0.01316	0.00740	0.00822	0.00247	0.00987	0.00740	0.00411	0.01316
46	0.02900	0.02102	0.02243	0.01755	0.02350	0.02320	0.01438	0.52279	0.06444	0.04878	0.02151	0.02188	0.01558	0.01000	0.00799	0.00244	0.00834	0.00760	0.10431	0.01326
47	0.01086	0.00802	0.01015	0.01055	0.01209	0.00731	0.00756	0.01359	0.02002	0.02719	0.34172	0.29989	0.15854	0.02093	0.01010	0.00292	0.00429	0.01856	0.00840	0.00731
48	0.01187	0.00890	0.01335	0.01335	0.01483	0.01038	0.01038	0.01483	0.01335	0.01928	0.02225	0.03264	0.02077	0.06231	0.67512	0.01335	0.02225	0.00890	0.00445	0.00742
49	0.01194	0.00862	0.01195	0.01195	0.01295	0.00962	0.00863	0.01393	0.01294	0.01825	0.02354	0.03975	0.02386	0.27362	0.46803	0.01162	0.01761	0.00994	0.00464	0.00664
50	0.11584	0.02026	0.02022	0.01616	0.02167	0.04877	0.01317	0.42049	0.03149	0.04531	0.01996	0.02099	0.01469	0.00959	0.00744	0.00239	0.00810	0.00708	0.14421	0.01216
51	0.01149	0.00876	0.00908	0.00880	0.01183	0.00733	0.00667	0.01366	0.01923	0.06135	0.08103	0.07681	0.61439	0.02038	0.00973	0.00279	0.00438	0.01697	0.00787	0.00745
52	0.01012	0.00723	0.00964	0.01157	0.01205	0.00675	0.00771	0.01157	0.01591	0.02121	0.04579	0.70262	0.05495	0.02603	0.01060	0.00337	0.00482	0.02362	0.00771	0.00675
53	0.01868	0.01083	0.01116	0.01000	0.01287	0.01132	0.00779	0.14030	0.02172	0.03522	0.02568	0.02878	0.01987	0.00974	0.00630	0.00205	0.00492	0.00769	0.60608	0.00901
54	0.02831	0.01995	0.02142	0.01693	0.02264	0.02189	0.01382	0.45728	0.08594	0.07240	0.02279	0.02299	0.01649	0.01005	0.00792	0.00243	0.00799	0.00772	0.12801	0.01302
55	0.01633	0.01614	0.01839	0.01678	0.01941	0.14318	0.06363	0.01947	0.01590	0.02011	0.01992	0.02827	0.01808	0.04695	0.48625	0.01023	0.02011	0.00827	0.00440	0.00818
56	0.01914	0.01992	0.02233	0.02179	0.07430	0.14958	0.01616	0.02161	0.01557	0.02046	0.01492	0.02186	0.01386	0.02634	0.20602	0.00600	0.30968	0.00736	0.00404	0.00906
57	0.01091	0.00806	0.01038	0.01193	0.01323	0.00753	0.00892	0.01310	0.01732	0.02239	0.05265	0.42577	0.16728	0.02428	0.01068	0.00338	0.00544	0.17203	0.00770	0.00703
58	0.15991	0.03783	0.54033	0.02124	0.03216	0.01917	0.02655	0.02595	0.01689	0.02840	0.01427	0.01677	0.01023	0.00786	0.00737	0.00262	0.01116	0.00583	0.00382	0.01165
59	0.01067	0.00808	0.00998	0.01128	0.01280	0.00739	0.00838	0.01280	0.01753	0.02234	0.05794	0.37874	0.24844	0.02379	0.01052	0.00328	0.00518	0.13613	0.00770	0.00701
60	0.01189	0.00883	0.01299	0.01299	0.01435	0.01019	0.00993	0.01460	0.01324	0.01902	0.02258	0.03448	0.02157	0.11697	0.62155	0.01290	0.02105	0.00917	0.00450	0.00722
61	0.02519	0.02638	0.02585	0.02837	0.18950	0.26802	0.01842	0.03007	0.07794	0.06694	0.01650	0.01948	0.01343	0.00981	0.01176	0.00262	0.14690	0.00685	0.00491	0.01108
62	0.02174	0.65632	0.09614	0.01502	0.02256	0.03172	0.01561	0.02500	0.01694	0.02012	0.01183	0.01368	0.01065	0.00717	0.00555	0.00185	0.00917	0.00459	0.00355	0.01080
63	0.03674	0.01499	0.01981	0.01519	0.02163	0.01348	0.01254	0.09546	0.02521	0.60499	0.03157	0.02750	0.01996	0.01025	0.00835	0.00256	0.00726	0.00827	0.01010	0.01414
64	0.01558	0.01208	0.01619	0.01485	0.01638	0.01485	0.01188	0.05873	0.01574	0.02404	0.02008	0.02765	0.01784	0.03579	0.32717	0.00780	0.19348	0.00815	0.15335	0.00838
65	0.01835	0.02243	0.14742	0.03293	0.30094	0.06101	0.02217	0.02366	0.01903	0.02583	0.02391	0.04182	0.02301	0.01230	0.00910	0.00289	0.01000	0.18705	0.00508	0.01108
66	0.01213	0.00929	0.01386	0.01371	0.01513	0.01102	0.01071	0.01505	0.01332	0.01931	0.02177	0.03203	0.02035	0.06029	0.64776	0.01294	0.05058	0.00883	0.00442	0.00749
67	0.01088	0.00846	0.00989	0.00954	0.01188	0.00747	0.00715	0.01399	0.02145	0.02842	0.39629	0.07011	0.33699	0.01881	0.00981	0.00270	0.00405	0.01615	0.00850	0.00747
68	0.02562	0.02979	0.02617	0.03116	0.25231	0.38166	0.01877	0.02892	0.02187	0.02389	0.06794	0.02098	0.01732	0.00886	0.00795	0.00230	0.01220	0.00691	0.00463	0.01075
69	0.01497	0.01287	0.02012	0.13204	0.14997	0.01317	0.04795	0.04155	0.01959	0.02655	0.15207	0.18866	0.07602	0.01550	0.00948	0.00288	0.00749	0.05346	0.00644	0.00924
70	0.01208	0.00805	0.00906	0.00906	0.00906	0.00805	0.00503	0.01208	0.01208	0.01611	0.02618	0.05436	0.03020	0.70804	0.04228	0.00805	0.00805	0.01208	0.00503	0.00503
71	0.02053	0.50958	0.23224	0.01709	0.02577	0.02875	0.01922	0.02531	0.01708	0.02160	0.01257	0.01461	0.01062	0.00735	0.00611	0.00204	0.00991	0.00496	0.00354	0.01115
72	0.02095	0.39410	0.25883	0.01959	0.05204	0.08193	0.02058	0.02610	0.01776	0.02228	0.01300	0.01523	0.01072	0.00752	0.00652	0.00213	0.01063	0.00523	0.00362	0.01124
73	0.01095	0.00794	0.01052	0.01228	0.01333	0.00751	0.00908	0.01308	0.01701	0.02227	0.04856	0.49031	0.10369	0.02480	0.01077	0.00344	0.00551	0.17426	0.00770	0.00701
74	0.01326	0.01071	0.01216	0.01252	0.01477	0.01103	0.00906	0.02153	0.20642	0.02558	0.05034	0.36584	0.17353	0.02048	0.00978	0.00308	0.00522	0.01800	0.00794	0.00875
75	0.02030	0.02047	0.03794	0.04659	0.48731	0.02009	0.19103	0.02580	0.01911	0.02699	0.01595	0.02107	0.01301	0.00729	0.00866	0.00256	0.01101	0.00806	0.00414	0.01262
76	0.02701	0.30775	0.05863	0.01799	0.02437	0.21787	0.01585	0.18558	0.02467	0.02866	0.01427	0.01572	0.01158	0.00832	0.00685	0.00211	0.01087	0.00557	0.00501	0.01134

[dist]
# distance from previous block
# <min> <max>
0	1

[block]
# block no. 2 follows, 22 sequences, length 69
# corresponding to MSA columns:
# 329-397
name=unknown_C
#
# <colnr> <probs for GDERKNQSTAVLIFYWHMCP>
#	G	D	E	R	K	N	Q	S	T	A	V	L	I	F	Y	W	H	M	C	P
0	0.01541	0.05537	0.34141	0.02062	0.02912	0.01641	0.11854	0.02219	0.01861	0.02571	0.07764	0.03589	0.16490	0.01143	0.00869	0.00266	0.00994	0.00996	0.00501	0.01050
1	0.05158	0.46348	0.12054	0.01642	0.02369	0.12320	0.01637	0.02707	0.01819	0.05446	0.01328	0.01491	0.01110	0.00761	0.00613	0.00201	0.01004	0.00500	0.00406	0.01084
2	0.01017	0.00813	0.00909	0.00948	0.01159	0.00706	0.00687	0.01236	0.01883	0.02367	0.15457	0.23050	0.42508	0.02169	0.01001	0.00292	0.00432	0.01868	0.00791	0.00706
3	0.01946	0.02160	0.10167	0.13587	0.50564	0.01951	0.02573	0.02500	0.01845	0.02623	0.01543	0.02045	0.01258	0.00758	0.00820	0.00253	0.01030	0.00726	0.00399	0.01252
4	0.02688	0.02705	0.02178	0.06873	0.05559	0.30968	0.01519	0.18628	0.02585	0.03098	0.01744	0.01983	0.01357	0.00905	0.00751	0.00226	0.01100	0.00657	0.13413	0.01063
5	0.01675	0.01443	0.01733	0.01596	0.01774	0.04066	0.01232	0.07023	0.10981	0.02452	0.02538	0.15249	0.02537	0.09710	0.14934	0.00571	0.17874	0.01136	0.00582	0.00894
6	0.01059	0.00841	0.00955	0.00964	0.01197	0.00737	0.00727	0.01325	0.01997	0.02550	0.23590	0.12649	0.40921	0.02043	0.00997	0.00286	0.00438	0.05186	0.00811	0.00726
7	0.03047	0.03853	0.02409	0.02299	0.05953	0.63953	0.01656	0.03276	0.02329	0.02070	0.01299	0.01528	0.01083	0.00850	0.00753	0.00216	0.01471	0.00546	0.00427	0.00982
8	0.01024	0.00773	0.00946	0.01051	0.01185	0.00696	0.00732	0.01219	0.01775	0.02308	0.13294	0.44015	0.23287	0.02343	0.01027	0.00311	0.00453	0.02076	0.00789	0.00696
9	0.02494	0.02867	0.02963	0.03092	0.19664	0.31046	0.10683	0.03045	0.07700	0.02435	0.01595	0.01917	0.01297	0.00859	0.00917	0.00247	0.04910	0.00701	0.00457	0.01109
10	0.01929	0.36071	0.37031	0.01919	0.02902	0.02573	0.02288	0.02563	0.01723	0.02310	0.01332	0.01554	0.01059	0.00752	0.00668	0.00223	0.01067	0.00533	0.00353	0.01151
11	0.01187	0.00890	0.01335	0.01335	0.01483	0.01038	0.01038	0.01483	0.01335	0.01928	0.02225	0.03264	0.02077	0.06231	0.67512	0.01335	0.02225	0.00890	0.00445	0.00742
12	0.01567	0.03493	0.50532	0.02304	0.06825	0.01698	0.02610	0.02351	0.01732	0.02541	0.02071	0.14554	0.01897	0.01125	0.00842	0.00276	0.01074	0.00947	0.00433	0.01130
13	0.02212	0.02304	0.03110	0.09733	0.48982	0.14184	0.02354	0.02658	0.01959	0.02539	0.01504	0.01965	0.01253	0.00769	0.00809	0.00243	0.01092	0.00702	0.00411	0.01218
14	0.01063	0.00824	0.00981	0.01084	0.01268	0.00743	0.00818	0.01285	0.01795	0.02250	0.06330	0.29222	0.33200	0.02310	0.01041	0.00320	0.00509	0.13481	0.00770	0.00705
15	0.02056	0.01974	0.03372	0.05099	0.65622	0.01974	0.02550	0.02550	0.01892	0.02714	0.01563	0.02056	0.01316	0.00740	0.00822	0.00247	0.00987	0.00740	0.00411	0.01316
16	0.02250	0.02947	0.15591	0.03793	0.37028	0.18927	0.02408	0.02764	0.01984	0.02521	0.01476	0.01852	0.01200	0.00780	0.00797	0.00241	0.01167	0.00662	0.00404	0.01207
17	0.01587	0.16418	0.30144	0.01788	0.02599	0.01835	0.05848	0.02165	0.01797	0.02381	0.03549	0.03606	0.20664	0.01169	0.00809	0.00253	0.00925	0.00951	0.00485	0.01028
18	0.01036	0.00844	0.00916	0.00898	0.01155	0.00724	0.00673	0.01296	0.02020	0.02545	0.24140	0.07499	0.49373	0.01992	0.00981	0.00275	0.00413	0.01684	0.00811	0.00724
19	0.01305	0.00972	0.01095	0.01104	0.01226	0.01002	0.00726	0.01793	0.13090	0.02127	0.03680	0.20012	0.08563	0.36638	0.02609	0.00558	0.00673	0.01466	0.00650	0.00710
20	0.02142	0.02698	0.21579	0.03339	0.21179	0.01994	0.18606	0.08165	0.02089	0.07556	0.01739	0.02071	0.01289	0.00788	0.00857	0.00261	0.01139	0.00776	0.00480	0.01254
21	0.02056	0.01974	0.03372	0.05099	0.65622	0.01974	0.02550	0.02550	0.01892	0.02714	0.01563	0.02056	0.01316	0.00740	0.00822	0.00247	0.00987	0.00740	0.00411	0.01316
22	0.01187	0.00890	0.01335	0.01335	0.01483	0.01038	0.01038	0.01483	0.01335	0.01928	0.02225	0.03264	0.02077	0.06231	0.67512	0.01335	0.02225	0.00890	0.00445	0.00742
23	0.01792	0.15390	0.50762	0.02153	0.03232	0.02169	0.02649	0.02752	0.06819	0.02586	0.01588	0.01792	0.01175	0.00804	0.00751	0.00250	0.01124	0.00612	0.00392	0.01208
24	0.02264	0.24541	0.03582	0.02390	0.07300	0.16482	0.13041	0.02600	0.01809	0.02168	0.01297	0.01691	0.01127	0.00897	0.01140	0.00248	0.15350	0.00644	0.00389	0.01040
25	0.01117	0.00834	0.01015	0.01031	0.01163	0.00830	0.00719	0.01279	0.01485	0.01937	0.04433	0.10865	0.21944	0.25632	0.21270	0.00760	0.01072	0.01376	0.00590	0.00647
26	0.01012	0.00723	0.00964	0.01157	0.01205	0.00675	0.00771	0.01157	0.01591	0.02121	0.04579	0.70262	0.05495	0.02603	0.01060	0.00337	0.00482	0.02362	0.00771	0.00675
27	0.01955	0.03070	0.27393	0.16049	0.15890	0.12098	0.02509	0.02579	0.01824	0.02413	0.01444	0.01869	0.01120	0.00841	0.00923	0.00262	0.05599	0.00658	0.00379	0.01123
28	0.08455	0.01808	0.07746	0.45775	0.15992	0.01877	0.02286	0.02270	0.01688	0.02416	0.01464	0.02070	0.01122	0.00806	0.00797	0.00269	0.01053	0.00702	0.00388	0.01017
29	0.02106	0.02069	0.03323	0.04957	0.62590	0.05124	0.02504	0.02586	0.01914	0.02681	0.01549	0.02029	0.01304	0.00746	0.00819	0.00245	0.01012	0.00730	0.00412	0.01299
30	0.02013	0.02232	0.10378	0.04796	0.58738	0.01969	0.02607	0.02559	0.01876	0.02705	0.01555	0.02023	0.01287	0.00746	0.00819	0.00249	0.01014	0.00726	0.00405	0.01306
31	0.01525	0.01409	0.02149	0.11322	0.29435	0.01397	0.01674	0.01908	0.01880	0.02471	0.06668	0.04642	0.27523	0.01341	0.00894	0.00265	0.00750	0.01180	0.00571	0.00997
32	0.02488	0.07188	0.02401	0.02418	0.16025	0.19844	0.01591	0.02807	0.01972	0.14896	0.01951	0.02283	0.01554	0.02104	0.16293	0.00488	0.01354	0.00716	0.00542	0.01086
33	0.01840	0.08278	0.34107	0.02811	0.03826	0.02106	0.29855	0.02634	0.01843	0.02595	0.01552	0.01943	0.01147	0.00743	0.00857	0.00265	0.01281	0.00767	0.00382	0.01167
34	0.02263	0.24689	0.19173	0.02226	0.03015	0.19227	0.13288	0.02768	0.01926	0.02272	0.01369	0.01648	0.01100	0.00765	0.00735	0.00227	0.01224	0.00609	0.00385	0.01089
35	0.01666	0.04297	0.66500	0.02368	0.03596	0.01929	0.03069	0.02631	0.01754	0.02631	0.01491	0.01754	0.01052	0.00789	0.00789	0.00263	0.01228	0.00614	0.00351	0.01228
36	0.01749	0.01660	0.02817	0.45253	0.27869	0.01893	0.02397	0.02280	0.01746	0.02341	0.01508	0.02156	0.01184	0.00797	0.00828	0.00266	0.01063	0.00739	0.00385	0.01068
37	0.01892	0.01807	0.03076	0.26520	0.45481	0.01931	0.02468	0.02406	0.01814	0.02515	0.01534	0.02109	0.01246	0.00771	0.00825	0.00257	0.01027	0.00740	0.00397	0.01184
38	0.01578	0.01460	0.02275	0.09157	0.34032	0.01444	0.01760	0.01957	0.01847	0.02460	0.04024	0.09549	0.22396	0.01343	0.00894	0.00268	0.00773	0.01201	0.00554	0.01029
39	0.01813	0.01083	0.01381	0.01285	0.01589	0.01046	0.01036	0.02085	0.01962	0.18043	0.08792	0.11385	0.24379	0.01833	0.01141	0.00305	0.06785	0.12343	0.00805	0.00910
40	0.01985	0.08949	0.31418	0.01929	0.05638	0.01659	0.02028	0.02594	0.01939	0.14438	0.07937	0.03154	0.10666	0.01080	0.00818	0.00256	0.00909	0.00875	0.00584	0.01143
41	0.01739	0.03864	0.54722	0.02877	0.15169	0.01938	0.02972	0.02616	0.01780	0.02646	0.01504	0.01810	0.01102	0.00780	0.00795	0.00260	0.01183	0.00637	0.00362	0.01244
42	0.02378	0.02733	0.02875	0.02856	0.14505	0.30875	0.13850	0.02770	0.02114	0.02362	0.01950	0.03102	0.01791	0.01051	0.00877	0.00262	0.01258	0.10884	0.00481	0.01026
43	0.01685	0.04164	0.62517	0.02441	0.03644	0.01940	0.06919	0.02633	0.01767	0.02633	0.01503	0.01785	0.01066	0.00784	0.00802	0.00264	0.01239	0.00638	0.00355	0.01221
44	0.02056	0.01974	0.03372	0.05099	0.65622	0.01974	0.02550	0.02550	0.01892	0.02714	0.01563	0.02056	0.01316	0.00740	0.00822	0.00247	0.00987	0.00740	0.00411	0.01316
45	0.02896	0.03556	0.02476	0.02543	0.11654	0.54498	0.01726	0.03265	0.05603	0.02209	0.01437	0.01665	0.01184	0.00854	0.00765	0.00222	0.01379	0.00586	0.00448	0.01033
46	0.01757	0.01859	0.06479	0.03121	0.32105	0.06841	0.01818	0.02196	0.02034	0.02743	0.18083	0.03798	0.11360	0.01169	0.00874	0.00253	0.00823	0.01037	0.00580	0.01069
47	0.01559	0.01031	0.01173	0.01112	0.01454	0.00939	0.00882	0.02000	0.07484	0.12443	0.06608	0.06939	0.41439	0.01875	0.00970	0.00291	0.00534	0.09575	0.00817	0.00876
48	0.03067	0.03750	0.02346	0.02105	0.02553	0.59986	0.01592	0.07869	0.04898	0.02332	0.01420	0.01599	0.01154	0.00877	0.00759	0.00219	0.01421	0.00567	0.00475	0.01011
49	0.01731	0.06463	0.02385	0.01978	0.06236	0.01456	0.13337	0.02065	0.01837	0.09405	0.08110	0.23767	0.08907	0.01585	0.01088	0.00291	0.06339	0.01420	0.00654	0.00945
50	0.01030	0.00843	0.00908	0.00892	0.01151	0.00722	0.00669	0.01285	0.02006	0.02511	0.22371	0.07555	0.51163	0.02004	0.00981	0.00276	0.00414	0.01692	0.00807	0.00722
51	0.01934	0.03138	0.27831	0.02976	0.03932	0.06827	0.35793	0.02698	0.01912	0.02604	0.01580	0.02004	0.01168	0.00745	0.00892	0.00269	0.01343	0.00810	0.00395	0.01149
52	0.02469	0.41445	0.09869	0.01763	0.02428	0.25233	0.01649	0.02787	0.01924	0.02049	0.01233	0.01432	0.01066	0.00769	0.00633	0.00199	0.01132	0.00492	0.00380	0.01047
53	0.00982	0.00842	0.00842	0.00842	0.01122	0.00701	0.00631	0.01192	0.01894	0.02244	0.08416	0.07995	0.65285	0.02104	0.00982	0.00281	0.00421	0.01753	0.00771	0.00701
54	0.01012	0.00723	0.00964	0.01157	0.01205	0.00675	0.00771	0.01157	0.01591	0.02121	0.04579	0.70262	0.05495	0.02603	0.01060	0.00337	0.00482	0.02362	0.00771	0.00675
55	0.01886	0.01822	0.02968	0.18930	0.36349	0.02085	0.02314	0.02317	0.01687	0.02403	0.01427	0.02034	0.01213	0.00936	0.01292	0.00282	0.17804	0.00737	0.00390	0.01126
56	0.02056	0.01974	0.03372	0.05099	0.65622	0.01974	0.02550	0.02550	0.01892	0.02714	0.01563	0.02056	0.01316	0.00740	0.00822	0.00247	0.00987	0.00740	0.00411	0.01316
57	0.01569	0.01477	0.02492	0.68808	0.05722	0.01846	0.02307	0.02123	0.01661	0.02123	0.01477	0.02215	0.01107	0.00831	0.00831	0.00277	0.01107	0.00738	0.00369	0.00923
