[name]
unknown

[dist]
# distance from previous block
# <min> <max>
0	10

[block]
# block no. 0 follows, 23 sequences, length 94
# corresponding to MSA columns:
# 10-103
name=unknown_A
#
# <colnr> <probs for GDERKNQSTAVLIFYWHMCP>
#	G	D	E	R	K	N	Q	S	T	A	V	L	I	F	Y	W	H	M	C	P
0	0.01914	0.01744	0.08213	0.04901	0.02227	0.01547	0.01387	0.22603	0.02378	0.03260	0.02699	0.22450	0.02697	0.01435	0.00863	0.00262	0.00755	0.05460	0.00671	0.12536
1	0.02128	0.01703	0.05015	0.05538	0.13302	0.01606	0.01491	0.06801	0.17666	0.11042	0.02291	0.02384	0.01718	0.00873	0.00747	0.00224	0.00733	0.00734	0.08088	0.15918
2	0.02297	0.50160	0.03791	0.02009	0.11414	0.09400	0.01576	0.06918	0.01897	0.02253	0.01257	0.01466	0.01101	0.00732	0.00603	0.00192	0.00942	0.00506	0.00395	0.01091
3	0.05320	0.05679	0.09062	0.02056	0.02646	0.06602	0.17426	0.02957	0.20996	0.02918	0.13136	0.02925	0.02655	0.01001	0.00840	0.00258	0.00910	0.00916	0.00614	0.01082
4	0.02053	0.01968	0.02721	0.03429	0.34614	0.06185	0.01993	0.06972	0.09178	0.02713	0.01985	0.02329	0.04575	0.00994	0.01173	0.00267	0.14419	0.00780	0.00489	0.01163
5	0.01041	0.00743	0.00920	0.01032	0.01095	0.00699	0.00673	0.01161	0.01514	0.01998	0.06620	0.45372	0.10828	0.20259	0.01824	0.00439	0.00543	0.01926	0.00691	0.00622
6	0.02018	0.01743	0.01835	0.01651	0.02110	0.02018	0.01284	0.04312	0.64956	0.03394	0.03303	0.03027	0.02477	0.01101	0.00826	0.00275	0.00642	0.00917	0.00826	0.01284
7	0.00959	0.00822	0.00822	0.00822	0.01096	0.00685	0.00617	0.01165	0.01850	0.02192	0.08220	0.07809	0.66092	0.02055	0.00959	0.00274	0.00411	0.01713	0.00754	0.00685
8	0.01308	0.00934	0.01308	0.01494	0.01681	0.00934	0.01308	0.01681	0.01868	0.02428	0.04296	0.09153	0.04670	0.02242	0.01121	0.00374	0.00747	0.60960	0.00747	0.00747
9	0.02965	0.02180	0.02338	0.01805	0.02414	0.02408	0.01476	0.59795	0.03650	0.04892	0.01986	0.02159	0.01478	0.05395	0.01020	0.00278	0.00886	0.00759	0.00792	0.01324
10	0.01159	0.00869	0.01304	0.01304	0.01449	0.01014	0.01014	0.01449	0.01304	0.01884	0.02173	0.03188	0.02029	0.06086	0.68268	0.01304	0.02173	0.00869	0.00435	0.00724
11	0.03031	0.03867	0.02299	0.02090	0.02508	0.68226	0.01568	0.03240	0.02299	0.01986	0.01254	0.01463	0.01045	0.00836	0.00732	0.00209	0.01463	0.00523	0.00418	0.00941
12	0.01065	0.00826	0.00969	0.00933	0.01161	0.00730	0.00700	0.01370	0.02100	0.02787	0.40589	0.06830	0.33352	0.01833	0.00958	0.00263	0.00395	0.01575	0.00832	0.00730
13	0.01915	0.02189	0.04788	0.03420	0.04241	0.02052	0.63475	0.02599	0.01915	0.02599	0.01642	0.02189	0.01231	0.00684	0.00958	0.00274	0.01368	0.00958	0.00410	0.01094
14	0.01308	0.00934	0.01308	0.01494	0.01681	0.00934	0.01308	0.01681	0.01868	0.02428	0.04296	0.09153	0.04670	0.02242	0.01121	0.00374	0.00747	0.60960	0.00747	0.00747
15	0.00981	0.00735	0.00912	0.01054	0.01157	0.00665	0.00719	0.01138	0.01627	0.02101	0.05398	0.55362	0.20361	0.02422	0.01017	0.00316	0.00456	0.02160	0.00753	0.00665
16	0.09819	0.01918	0.02253	0.01723	0.02328	0.02012	0.05218	0.30679	0.02614	0.03819	0.01623	0.01810	0.01241	0.00871	0.00905	0.00222	0.07314	0.00644	0.00620	0.22367
17	0.01065	0.00826	0.00969	0.00933	0.01161	0.00730	0.00700	0.01369	0.02099	0.02785	0.40497	0.06833	0.33446	0.01834	0.00958	0.00264	0.00395	0.01576	0.00832	0.00730
18	0.01683	0.01442	0.01683	0.01202	0.01923	0.01082	0.00961	0.02043	0.01683	0.02644	0.01442	0.01683	0.01202	0.00601	0.00601	0.00120	0.00601	0.00481	0.00481	0.76444
19	0.01037	0.00740	0.00914	0.01033	0.01090	0.00696	0.00669	0.01147	0.01483	0.01950	0.04337	0.46883	0.10874	0.21047	0.01861	0.00447	0.00550	0.01943	0.00683	0.00617
20	0.03041	0.05554	0.02521	0.01844	0.02496	0.02549	0.01535	0.60831	0.03713	0.04963	0.01910	0.01918	0.01364	0.00961	0.00798	0.00240	0.00892	0.00717	0.00790	0.01364
21	0.02009	0.02181	0.01890	0.09094	0.02361	0.25082	0.01396	0.02499	0.08389	0.02394	0.13434	0.03506	0.08806	0.01256	0.01059	0.00262	0.09162	0.03746	0.00576	0.00901
22	0.01889	0.01918	0.03346	0.06731	0.28116	0.02131	0.16675	0.02323	0.01658	0.02386	0.01401	0.01983	0.01192	0.00943	0.01440	0.00287	0.23327	0.00774	0.00387	0.01094
23	0.00987	0.00756	0.00892	0.00996	0.01130	0.00676	0.00686	0.01146	0.01650	0.02092	0.05843	0.42636	0.29104	0.06028	0.01171	0.00332	0.00464	0.02013	0.00739	0.00660
24	0.03031	0.03867	0.02299	0.02090	0.02508	0.68226	0.01568	0.03240	0.02299	0.01986	0.01254	0.01463	0.01045	0.00836	0.00732	0.00209	0.01463	0.00523	0.00418	0.00941
25	0.01563	0.01159	0.01336	0.01265	0.01527	0.01173	0.00943	0.18018	0.02283	0.03022	0.10228	0.35342	0.15026	0.01953	0.00955	0.00290	0.00566	0.01701	0.00782	0.00868
26	0.21585	0.01565	0.01703	0.06264	0.02068	0.01721	0.01166	0.23305	0.02173	0.03387	0.01529	0.01926	0.01228	0.01382	0.01356	0.20735	0.00772	0.00634	0.00558	0.04943
27	0.01812	0.01532	0.01907	0.01992	0.09595	0.01739	0.01410	0.06293	0.31651	0.02917	0.02772	0.03417	0.02328	0.02229	0.15196	0.00500	0.04268	0.06678	0.00662	0.01101
28	0.01532	0.01442	0.02434	0.69533	0.05589	0.01803	0.02253	0.02073	0.01622	0.02073	0.01442	0.02163	0.01082	0.00811	0.00811	0.00270	0.01082	0.00721	0.00361	0.00901
29	0.07217	0.01943	0.03896	0.21045	0.04412	0.01968	0.42504	0.02442	0.01798	0.02532	0.01551	0.02119	0.01166	0.00723	0.00886	0.00271	0.01238	0.00857	0.00404	0.01027
30	0.02518	0.17683	0.02980	0.02690	0.18898	0.33831	0.01779	0.02806	0.01989	0.02140	0.01288	0.01586	0.01107	0.00808	0.00808	0.00218	0.04863	0.00566	0.00395	0.01048
31	0.03185	0.01441	0.01854	0.01448	0.02061	0.01303	0.01181	0.03797	0.11529	0.50485	0.03023	0.02682	0.01989	0.00974	0.00794	0.00240	0.00673	0.00794	0.00920	0.09626
32	0.01017	0.00789	0.00926	0.00966	0.01150	0.00698	0.00696	0.01248	0.01875	0.02429	0.21957	0.26388	0.32756	0.02100	0.00982	0.00286	0.00422	0.01829	0.00789	0.00698
33	0.12994	0.01282	0.07638	0.01026	0.01424	0.00990	0.00910	0.01525	0.01794	0.02534	0.10570	0.06048	0.45078	0.01692	0.00868	0.00267	0.00523	0.01382	0.00682	0.00773
34	0.01974	0.37845	0.23069	0.02369	0.15089	0.02560	0.02089	0.02484	0.01707	0.02253	0.01305	0.01564	0.01085	0.00723	0.00651	0.00212	0.00987	0.00540	0.00356	0.01137
35	0.01159	0.00869	0.01304	0.01304	0.01449	0.01014	0.01014	0.01449	0.01304	0.01884	0.02173	0.03188	0.02029	0.06086	0.68268	0.01304	0.02173	0.00869	0.00435	0.00724
36	0.00961	0.00816	0.00828	0.00838	0.01100	0.00684	0.00624	0.01163	0.01834	0.02186	0.08020	0.11177	0.62854	0.02081	0.00963	0.00277	0.00414	0.01744	0.00753	0.00684
37	0.01625	0.00972	0.00926	0.00901	0.01114	0.03922	0.00676	0.05059	0.01826	0.03016	0.02679	0.07775	0.02233	0.01056	0.00621	0.00203	0.00461	0.00856	0.63290	0.00790
38	0.02187	0.02325	0.18773	0.01763	0.02404	0.01829	0.01699	0.26504	0.05267	0.06798	0.05158	0.09195	0.02154	0.04086	0.05795	0.00354	0.00974	0.00925	0.00660	0.01150
39	0.00989	0.00706	0.00942	0.01130	0.01177	0.00659	0.00753	0.01130	0.01554	0.02071	0.04472	0.70954	0.05367	0.02542	0.01036	0.00330	0.00471	0.02307	0.00753	0.00659
40	0.02169	0.71972	0.04252	0.01388	0.02083	0.03211	0.01388	0.02430	0.01649	0.01909	0.01128	0.01302	0.01041	0.00694	0.00521	0.00174	0.00868	0.00434	0.00347	0.01041
41	0.02175	0.63554	0.08674	0.01491	0.02207	0.06507	0.01513	0.02482	0.01687	0.01960	0.01158	0.01340	0.01041	0.00707	0.00550	0.00181	0.00923	0.00450	0.00350	0.01047
42	0.01046	0.00855	0.01047	0.01243	0.05818	0.00764	0.00806	0.01246	0.01731	0.02177	0.06244	0.32584	0.37214	0.02154	0.00978	0.00294	0.00475	0.01879	0.00728	0.00718
43	0.01294	0.01076	0.01559	0.01490	0.01590	0.01341	0.01176	0.01543	0.01312	0.01918	0.02116	0.09120	0.02102	0.04617	0.46010	0.00982	0.18588	0.00964	0.00445	0.00758
44	0.02673	0.22181	0.02849	0.01903	0.02355	0.44050	0.01540	0.02893	0.02018	0.01962	0.01201	0.01450	0.01046	0.00855	0.00865	0.00214	0.08073	0.00517	0.00393	0.00963
45	0.01173	0.00900	0.00968	0.00959	0.01243	0.00796	0.00736	0.01501	0.05151	0.05456	0.07249	0.10529	0.52208	0.01991	0.00960	0.00283	0.00464	0.05909	0.00769	0.00754
46	0.02169	0.71972	0.04252	0.01388	0.02083	0.03211	0.01388	0.02430	0.01649	0.01909	0.01128	0.01302	0.01041	0.00694	0.00521	0.00174	0.00868	0.00434	0.00347	0.01041
47	0.00990	0.00823	0.00865	0.00854	0.01115	0.00698	0.00641	0.01224	0.01922	0.02365	0.17622	0.07525	0.56582	0.01991	0.00959	0.00271	0.00406	0.01673	0.00776	0.00698
48	0.00989	0.00706	0.00942	0.01130	0.01177	0.00659	0.00753	0.01130	0.01554	0.02071	0.04472	0.70954	0.05367	0.02542	0.01036	0.00330	0.00471	0.02307	0.00753	0.00659
49	0.01539	0.00916	0.01210	0.01087	0.01347	0.00833	0.00833	0.01911	0.02301	0.13244	0.56151	0.05544	0.06771	0.01556	0.00935	0.00255	0.00431	0.01365	0.00911	0.00862
50	0.00989	0.00706	0.00942	0.01130	0.01177	0.00659	0.00753	0.01130	0.01554	0.02071	0.04472	0.70954	0.05367	0.02542	0.01036	0.00330	0.00471	0.02307	0.00753	0.00659
51	0.03031	0.03867	0.02299	0.02090	0.02508	0.68226	0.01568	0.03240	0.02299	0.01986	0.01254	0.01463	0.01045	0.00836	0.00732	0.00209	0.01463	0.00523	0.00418	0.00941
52	0.01627	0.04197	0.67279	0.02313	0.03512	0.01884	0.02998	0.02570	0.01713	0.02570	0.01456	0.01713	0.01028	0.00771	0.00771	0.00257	0.01199	0.00600	0.00343	0.01199
53	0.01148	0.00829	0.01085	0.01021	0.01212	0.00766	0.00766	0.01531	0.02297	0.03254	0.65994	0.06061	0.07656	0.01659	0.00957	0.00255	0.00383	0.01467	0.00893	0.00766
54	0.01180	0.00787	0.00885	0.00885	0.00885	0.00787	0.00492	0.01180	0.01180	0.01573	0.02557	0.05310	0.02950	0.71483	0.04130	0.00787	0.00787	0.01180	0.00492	0.00492
55	0.02018	0.01743	0.01835	0.01651	0.02110	0.02018	0.01284	0.04312	0.64956	0.03394	0.03303	0.03027	0.02477	0.01101	0.00826	0.00275	0.00642	0.00917	0.00826	0.01284
56	0.02084	0.01897	0.02904	0.10036	0.41798	0.02039	0.02179	0.10276	0.08266	0.02930	0.01714	0.02099	0.01380	0.00850	0.00941	0.00256	0.05890	0.00742	0.00488	0.01233
57	0.02328	0.05511	0.03160	0.03445	0.30225	0.19786	0.11096	0.06522	0.02086	0.02587	0.01476	0.01839	0.01204	0.00756	0.00786	0.00229	0.01132	0.00680	0.00434	0.04718
58	0.02325	0.01253	0.01432	0.01196	0.01575	0.01250	0.00931	0.15655	0.02250	0.19734	0.02911	0.03302	0.05310	0.11319	0.01224	0.00308	0.00631	0.00877	0.25504	0.01010
59	0.01193	0.00902	0.01300	0.01282	0.01398	0.01053	0.00974	0.01434	0.01282	0.01841	0.02176	0.03436	0.02119	0.15661	0.55408	0.01180	0.05318	0.00908	0.00439	0.00698
60	0.02177	0.20386	0.19444	0.07311	0.13891	0.19037	0.02094	0.02656	0.01862	0.02236	0.01334	0.01631	0.01084	0.00763	0.00707	0.00222	0.01135	0.00569	0.00374	0.01088
61	0.01439	0.00932	0.01306	0.01487	0.04692	0.00891	0.01102	0.01723	0.01822	0.08741	0.08625	0.31681	0.04725	0.02117	0.01030	0.00329	0.00620	0.25165	0.00768	0.00804
62	0.01024	0.00734	0.00943	0.01075	0.01143	0.00685	0.00718	0.01177	0.01601	0.02139	0.10537	0.53826	0.08561	0.10146	0.01370	0.00370	0.00494	0.02066	0.00738	0.00652
63	0.02018	0.01743	0.01835	0.01651	0.02110	0.02018	0.01284	0.04312	0.64956	0.03394	0.03303	0.03027	0.02477	0.01101	0.00826	0.00275	0.00642	0.00917	0.00826	0.01284
64	0.02484	0.02032	0.02540	0.02752	0.21718	0.02210	0.01762	0.29883	0.19004	0.03926	0.02170	0.02245	0.01635	0.00931	0.00813	0.00251	0.00850	0.00776	0.00691	0.01327
65	0.69746	0.01829	0.07723	0.01190	0.01761	0.01827	0.01088	0.02403	0.01414	0.03535	0.01162	0.01357	0.00893	0.00755	0.00529	0.00252	0.00684	0.00455	0.00486	0.00910
66	0.01850	0.02742	0.25789	0.03614	0.36247	0.05099	0.02500	0.02458	0.01801	0.02548	0.01699	0.06826	0.01475	0.00876	0.00805	0.00251	0.01037	0.00783	0.00407	0.01193
67	0.01035	0.00823	0.00935	0.00959	0.01185	0.00723	0.00729	0.01287	0.01914	0.02422	0.19343	0.13821	0.42045	0.02040	0.00982	0.00285	0.00444	0.07539	0.00782	0.00705
68	0.01978	0.01897	0.03240	0.09028	0.62608	0.01920	0.02475	0.02464	0.01833	0.02615	0.01521	0.02018	0.01273	0.00729	0.00804	0.00243	0.00971	0.00723	0.00399	0.01261
69	0.01897	0.20253	0.28885	0.03030	0.25488	0.02230	0.02417	0.02507	0.01745	0.02434	0.01399	0.01716	0.01123	0.00735	0.00720	0.00231	0.01033	0.00602	0.00365	0.01190
70	0.01709	0.01623	0.02753	0.45541	0.28198	0.01849	0.02341	0.02228	0.01706	0.02288	0.01473	0.02106	0.01157	0.00778	0.00808	0.00259	0.01038	0.00722	0.00376	0.01044
71	0.01180	0.00787	0.00885	0.00885	0.00885	0.00787	0.00492	0.01180	0.01180	0.01573	0.02557	0.05310	0.02950	0.71483	0.04130	0.00787	0.00787	0.01180	0.00492	0.00492
72	0.01683	0.01442	0.01683	0.01202	0.01923	0.01082	0.00961	0.02043	0.01683	0.02644	0.01442	0.01683	0.01202	0.00601	0.00601	0.00120	0.00601	0.00481	0.00481	0.76444
73	0.01159	0.00869	0.01304	0.01304	0.01449	0.01014	0.01014	0.01449	0.01304	0.01884	0.02173	0.03188	0.02029	0.06086	0.68268	0.01304	0.02173	0.00869	0.00435	0.00724
74	0.01707	0.01676	0.02355	0.02039	0.02055	0.02323	0.01692	0.01897	0.01249	0.01945	0.01187	0.01931	0.01171	0.01934	0.09882	0.00459	0.62535	0.00728	0.00364	0.00870
75	0.02018	0.01743	0.01835	0.01651	0.02110	0.02018	0.01284	0.04312	0.64956	0.03394	0.03303	0.03027	0.02477	0.01101	0.00826	0.00275	0.00642	0.00917	0.00826	0.01284
76	0.02951	0.03460	0.02395	0.02365	0.09481	0.54581	0.01650	0.06170	0.02326	0.05272	0.01410	0.01608	0.01133	0.00838	0.00747	0.00216	0.01344	0.00569	0.00463	0.01021
77	0.01100	0.00828	0.01017	0.00970	0.01182	0.00745	0.00727	0.01437	0.02181	0.02980	0.51079	0.06512	0.22742	0.01761	0.00958	0.00260	0.00390	0.01531	0.00857	0.00745
78	0.00989	0.00779	0.00893	0.00958	0.01138	0.00683	0.00683	0.01187	0.01781	0.02249	0.12392	0.31595	0.37397	0.02201	0.00988	0.00293	0.00431	0.01914	0.00767	0.00683
79	0.77215	0.01569	0.01193	0.01067	0.01569	0.01820	0.00879	0.02385	0.01381	0.03641	0.01130	0.01318	0.00879	0.00753	0.00502	0.00251	0.00628	0.00439	0.00502	0.00879
80	0.09768	0.13057	0.06005	0.16826	0.13771	0.08677	0.01798	0.05027	0.12474	0.02658	0.01690	0.01961	0.01329	0.00827	0.00725	0.00241	0.00944	0.00655	0.00480	0.01087
81	0.02240	0.02280	0.03078	0.04323	0.52141	0.13382	0.02283	0.05750	0.02026	0.02662	0.01501	0.01911	0.01249	0.00755	0.00791	0.00236	0.01046	0.00689	0.00425	0.01231
82	0.01560	0.04437	0.07884	0.01281	0.01638	0.01315	0.01111	0.05212	0.11632	0.02705	0.05998	0.03362	0.05453	0.07247	0.16061	0.00511	0.00980	0.00891	0.19825	0.00897
83	0.01937	0.02326	0.14018	0.04409	0.50831	0.01931	0.07644	0.02512	0.01831	0.02633	0.01524	0.01974	0.01238	0.00728	0.00811	0.00246	0.01037	0.00722	0.00393	0.01255
84	0.08181	0.05876	0.12596	0.13975	0.12779	0.08785	0.01950	0.17986	0.02302	0.03159	0.03856	0.01975	0.01395	0.00856	0.00762	0.00244	0.01001	0.00675	0.00514	0.01132
85	0.02188	0.09053	0.02632	0.02595	0.18727	0.13268	0.01704	0.09814	0.04694	0.02579	0.01571	0.02058	0.01365	0.04685	0.04841	0.00330	0.12954	0.00689	0.00468	0.03786
86	0.14555	0.13800	0.07454	0.05310	0.08421	0.01821	0.01388	0.09587	0.01959	0.02858	0.05770	0.06369	0.15323	0.01170	0.00753	0.00246	0.00742	0.00931	0.00565	0.00980
87	0.02016	0.02235	0.07971	0.08047	0.15285	0.16376	0.01717	0.05522	0.05919	0.02590	0.05004	0.08822	0.02030	0.01072	0.00891	0.00250	0.04551	0.00870	0.07817	0.01017
88	0.05136	0.15879	0.02011	0.01448	0.04723	0.01643	0.01125	0.01841	0.01477	0.02196	0.02067	0.02626	0.04761	0.02534	0.19499	0.06558	0.09217	0.00741	0.13700	0.00819
89	0.05904	0.05834	0.12502	0.01814	0.02384	0.16836	0.01638	0.20936	0.02419	0.03111	0.02207	0.02375	0.07616	0.01293	0.04425	0.00301	0.06035	0.00739	0.00555	0.01076
90	0.02205	0.32199	0.17569	0.01858	0.05236	0.05757	0.01790	0.07262	0.10589	0.05855	0.01688	0.01790	0.01320	0.00811	0.00677	0.00220	0.00937	0.00595	0.00485	0.01157
91	0.02371	0.16101	0.09044	0.01898	0.06907	0.02274	0.01596	0.31367	0.02778	0.03709	0.09040	0.02521	0.04918	0.01005	0.00772	0.00233	0.00845	0.00784	0.00650	0.01188
92	0.02018	0.05362	0.01920	0.01806	0.09852	0.07981	0.01253	0.19346	0.02432	0.03171	0.06806	0.06803	0.17990	0.01288	0.00818	0.00243	0.00739	0.01051	0.08114	0.01009
93	0.01941	0.16100	0.05757	0.01740	0.06554	0.01907	0.01397	0.12676	0.02176	0.05720	0.18412	0.06475	0.03140	0.01424	0.04064	0.00297	0.07633	0.00941	0.00626	0.01019

[dist]
# distance from previous block
# <min> <max>
0	136

[block]
# block no. 1 follows, 23 sequences, length 9
# corresponding to MSA columns:
# 251-259
name=unknown_B
#
# <colnr> <probs for GDERKNQSTAVLIFYWHMCP>
#	G	D	E	R	K	N	Q	S	T	A	V	L	I	F	Y	W	H	M	C	P
0	0.07691	0.02302	0.20231	0.15786	0.03055	0.05302	0.01874	0.02575	0.13289	0.02559	0.02265	0.02571	0.05420	0.01620	0.09660	0.00399	0.01121	0.00770	0.00489	0.01019
1	0.15751	0.30934	0.29807	0.01712	0.02580	0.02405	0.01962	0.02480	0.01626	0.02501	0.01264	0.01475	0.01006	0.00737	0.00621	0.00222	0.00961	0.00504	0.00374	0.01077
2	0.01900	0.11695	0.09392	0.02186	0.10806	0.01658	0.12876	0.02346	0.01927	0.11348	0.09228	0.03602	0.15350	0.01120	0.00837	0.00249	0.00842	0.01001	0.00592	0.01046
3	0.10079	0.05805	0.19244	0.03380	0.34935	0.01875	0.02252	0.02419	0.01788	0.02750	0.06595	0.02147	0.01672	0.00812	0.00761	0.00244	0.00936	0.00706	0.00434	0.01165
4	0.01806	0.19982	0.43901	0.02444	0.11452	0.02205	0.02549	0.02526	0.01716	0.02424	0.01388	0.01654	0.01065	0.00746	0.00716	0.00235	0.01090	0.00577	0.00351	0.01173
5	0.11109	0.10753	0.01929	0.01422	0.01849	0.01871	0.01139	0.03189	0.31784	0.06852	0.02547	0.02805	0.02056	0.08059	0.08812	0.00423	0.00863	0.00808	0.00659	0.01072
6	0.01140	0.00867	0.01065	0.01158	0.01296	0.00853	0.00812	0.01598	0.10010	0.02393	0.11744	0.48727	0.10846	0.02206	0.00992	0.00309	0.00478	0.01973	0.00779	0.00756
7	0.02745	0.02459	0.02211	0.01825	0.02324	0.18682	0.01454	0.37819	0.03048	0.03808	0.02280	0.06422	0.05589	0.01126	0.00906	0.00248	0.04377	0.00836	0.00684	0.01158
8	0.01494	0.01407	0.01247	0.01270	0.01390	0.14745	0.00868	0.01621	0.01557	0.01870	0.02913	0.27268	0.03294	0.25025	0.09852	0.00567	0.00979	0.01402	0.00561	0.00671

[dist]
# distance from previous block
# <min> <max>
0	5

[block]
# block no. 2 follows, 23 sequences, length 27
# corresponding to MSA columns:
# 265-291
name=unknown_C
#
# <colnr> <probs for GDERKNQSTAVLIFYWHMCP>
#	G	D	E	R	K	N	Q	S	T	A	V	L	I	F	Y	W	H	M	C	P
0	0.06989	0.43568	0.03319	0.01506	0.02040	0.06391	0.01376	0.06638	0.01777	0.02278	0.01694	0.01893	0.05732	0.00927	0.00890	0.00219	0.10748	0.00591	0.00424	0.01002
1	0.02535	0.01898	0.02018	0.01597	0.02149	0.02043	0.01303	0.47538	0.03307	0.04358	0.03570	0.03464	0.18117	0.01254	0.00850	0.00251	0.00768	0.00985	0.00797	0.01200
2	0.02108	0.01537	0.01834	0.06395	0.02171	0.01725	0.01289	0.29966	0.02522	0.03512	0.02076	0.02528	0.01671	0.02740	0.24288	0.00608	0.01289	0.00781	0.09918	0.01040
3	0.02249	0.55747	0.09624	0.01576	0.02274	0.12768	0.01560	0.02563	0.01751	0.01980	0.01176	0.01363	0.01041	0.00722	0.00575	0.00186	0.00986	0.00462	0.00357	0.01041
4	0.02064	0.02171	0.11736	0.02105	0.09360	0.04705	0.01662	0.07837	0.34851	0.05434	0.02728	0.07361	0.02178	0.01088	0.00825	0.00267	0.00803	0.00913	0.00690	0.01223
5	0.02475	0.05415	0.04850	0.01849	0.02270	0.35465	0.01491	0.11443	0.02254	0.02471	0.02172	0.02386	0.08308	0.01412	0.05787	0.00314	0.07441	0.00725	0.00502	0.00970
6	0.10389	0.02317	0.05982	0.02975	0.28320	0.16860	0.01810	0.05907	0.02003	0.02677	0.02399	0.02619	0.10452	0.00959	0.00775	0.00241	0.00971	0.00781	0.00487	0.01077
7	0.02270	0.03242	0.21832	0.12283	0.06830	0.26286	0.02138	0.08197	0.02118	0.02509	0.01536	0.02009	0.01227	0.00872	0.00781	0.00244	0.01221	0.02906	0.00434	0.01064
8	0.10447	0.14655	0.20683	0.01786	0.02505	0.09137	0.05712	0.07248	0.04533	0.02695	0.02436	0.02547	0.10428	0.00970	0.00738	0.00240	0.00957	0.00751	0.00489	0.01045
9	0.12264	0.15929	0.29647	0.05504	0.05457	0.09355	0.02080	0.02500	0.01698	0.02469	0.01371	0.01674	0.01081	0.01060	0.04483	0.00294	0.01127	0.00565	0.00382	0.01059
10	0.05443	0.06960	0.02770	0.02015	0.02595	0.02155	0.14187	0.22762	0.12511	0.03457	0.01953	0.02176	0.01506	0.01327	0.06434	0.00336	0.04630	0.00770	0.00611	0.05402
11	0.04603	0.09040	0.34776	0.01898	0.02741	0.01974	0.02110	0.07575	0.15050	0.02982	0.07635	0.02345	0.01947	0.00928	0.00771	0.00252	0.00936	0.00733	0.00535	0.01166
12	0.01612	0.00966	0.01137	0.10701	0.01742	0.01041	0.00896	0.06262	0.01823	0.02989	0.02406	0.02832	0.01885	0.01140	0.03408	0.00250	0.00589	0.00754	0.56746	0.00820
13	0.27730	0.01262	0.04473	0.01058	0.01398	0.01187	0.00870	0.01714	0.01547	0.02616	0.03911	0.04846	0.21838	0.15342	0.01434	0.00376	0.00633	0.06426	0.00592	0.00747
14	0.01191	0.00825	0.01023	0.06617	0.01507	0.00808	0.00849	0.01461	0.01689	0.02376	0.04541	0.28610	0.17156	0.01855	0.00887	0.00280	0.00509	0.06917	0.20179	0.00718
15	0.02825	0.06190	0.02397	0.01825	0.02403	0.10079	0.01502	0.44607	0.07693	0.04257	0.02086	0.02449	0.01636	0.01042	0.00809	0.00247	0.00930	0.05030	0.00736	0.01258
16	0.02151	0.12468	0.02306	0.01653	0.02042	0.19625	0.05654	0.02379	0.01796	0.07850	0.02060	0.11330	0.02014	0.11869	0.01399	0.00319	0.05434	0.00910	0.00515	0.06226
17	0.04483	0.02017	0.01826	0.01805	0.05554	0.19148	0.01308	0.02737	0.18126	0.02451	0.02774	0.08927	0.07295	0.01942	0.10604	0.00413	0.06089	0.00954	0.00581	0.00966
18	0.05047	0.08449	0.21402	0.01441	0.02011	0.05729	0.01498	0.02177	0.01852	0.02796	0.15528	0.02944	0.02739	0.01007	0.00716	0.00226	0.00753	0.00802	0.21946	0.00935
19	0.19840	0.02331	0.02129	0.06499	0.02516	0.13739	0.01446	0.34884	0.02843	0.04020	0.01605	0.01736	0.01187	0.00888	0.00727	0.00241	0.00945	0.00627	0.00641	0.01156
20	0.01656	0.12324	0.21490	0.02184	0.02914	0.01809	0.19626	0.02230	0.01766	0.02427	0.04393	0.13014	0.02204	0.01115	0.00850	0.00262	0.01011	0.04363	0.00474	0.03887
21	0.02000	0.03261	0.28255	0.02107	0.02892	0.21021	0.08822	0.02567	0.01918	0.02368	0.02159	0.02360	0.08216	0.00906	0.00785	0.00234	0.01154	0.00728	0.00430	0.07816
22	0.01654	0.01683	0.06452	0.18566	0.02823	0.08431	0.01568	0.07219	0.01988	0.02531	0.08058	0.10391	0.06438	0.01663	0.03954	0.00334	0.00943	0.13830	0.00591	0.00882
23	0.16879	0.02319	0.20125	0.02595	0.19048	0.01696	0.06993	0.02373	0.01743	0.05484	0.02461	0.02662	0.10389	0.00941	0.00769	0.00255	0.00904	0.00796	0.00482	0.01083
24	0.02301	0.05214	0.02145	0.02075	0.08992	0.33338	0.01449	0.05236	0.05023	0.02422	0.10991	0.02526	0.02257	0.01708	0.10438	0.00379	0.01269	0.00755	0.00521	0.00959
25	0.01446	0.02006	0.18737	0.02414	0.20277	0.01354	0.01781	0.01933	0.01841	0.02503	0.09193	0.06499	0.24091	0.01328	0.00868	0.00260	0.00771	0.01143	0.00559	0.00994
26	0.01435	0.01793	0.11821	0.09537	0.06911	0.01432	0.15423	0.01916	0.01814	0.02383	0.06275	0.04402	0.26574	0.01302	0.00960	0.00271	0.03117	0.01166	0.00542	0.00924

[dist]
# distance from previous block
# <min> <max>
16	243

[block]
# block no. 3 follows, 23 sequences, length 233
# corresponding to MSA columns:
# 549-781
name=unknown_D
#
# <colnr> <probs for GDERKNQSTAVLIFYWHMCP>
#	G	D	E	R	K	N	Q	S	T	A	V	L	I	F	Y	W	H	M	C	P
0	0.08658	0.06455	0.02691	0.09129	0.09199	0.33013	0.07967	0.05564	0.02053	0.02396	0.01344	0.01679	0.01094	0.00829	0.00844	0.00236	0.04803	0.00614	0.00428	0.01004
1	0.02302	0.02348	0.02875	0.02641	0.11991	0.17808	0.15239	0.14456	0.02242	0.02811	0.01645	0.02074	0.01337	0.01641	0.11184	0.00408	0.04683	0.00750	0.00490	0.01075
2	0.02116	0.02788	0.19355	0.02391	0.03164	0.10600	0.21454	0.14451	0.02278	0.02960	0.02294	0.02516	0.07986	0.00926	0.00853	0.00255	0.01145	0.00845	0.00509	0.01114
3	0.02319	0.22797	0.06116	0.01864	0.05532	0.26112	0.01513	0.02616	0.01864	0.05154	0.01516	0.01857	0.01294	0.01818	0.13859	0.00419	0.01352	0.00593	0.00424	0.00980
4	0.01733	0.01585	0.01434	0.01260	0.01622	0.14011	0.00933	0.01973	0.01858	0.05446	0.11400	0.10399	0.11759	0.10752	0.01252	0.00293	0.00731	0.01080	0.00614	0.19865
5	0.02180	0.01678	0.01858	0.01478	0.02032	0.01687	0.01180	0.26306	0.10046	0.03699	0.05118	0.07912	0.02105	0.01032	0.00760	0.00214	0.00688	0.00840	0.04617	0.24569
6	0.02455	0.02516	0.02025	0.01695	0.02212	0.28075	0.01321	0.16165	0.02379	0.02849	0.01846	0.02055	0.04178	0.01294	0.06280	0.00287	0.01130	0.00641	0.00538	0.20059
7	0.01180	0.00787	0.00885	0.00885	0.00885	0.00787	0.00492	0.01180	0.01180	0.01573	0.02557	0.05310	0.02950	0.71483	0.04130	0.00787	0.00787	0.01180	0.00492	0.00492
8	0.02169	0.71972	0.04252	0.01388	0.02083	0.03211	0.01388	0.02430	0.01649	0.01909	0.01128	0.01302	0.01041	0.00694	0.00521	0.00174	0.00868	0.00434	0.00347	0.01041
9	0.02799	0.02131	0.02275	0.01809	0.02408	0.02383	0.01473	0.47822	0.20174	0.04654	0.02311	0.02237	0.01673	0.01008	0.00815	0.00252	0.00826	0.00781	0.00815	0.01354
10	0.01032	0.00825	0.00923	0.00898	0.01141	0.00716	0.00674	0.01305	0.02021	0.02599	0.30361	0.07139	0.43698	0.01903	0.00958	0.00267	0.00400	0.01619	0.00807	0.00716
11	0.02659	0.02061	0.02196	0.01781	0.02354	0.02318	0.01439	0.40017	0.28207	0.04428	0.02488	0.02379	0.01818	0.01025	0.00817	0.00256	0.00793	0.00805	0.00817	0.01342
12	0.77215	0.01569	0.01193	0.01067	0.01569	0.01820	0.00879	0.02385	0.01381	0.03641	0.01130	0.01318	0.00879	0.00753	0.00502	0.00251	0.00628	0.00439	0.00502	0.00879
13	0.17298	0.02173	0.05975	0.03753	0.43454	0.08857	0.02093	0.02552	0.01794	0.02777	0.01414	0.01797	0.01165	0.00743	0.00733	0.00240	0.00960	0.00638	0.00421	0.01163
14	0.02336	0.01707	0.02087	0.14814	0.02836	0.01766	0.01448	0.24126	0.05547	0.10161	0.02047	0.05503	0.01595	0.00937	0.00772	0.00225	0.00803	0.00763	0.00660	0.19867
15	0.01906	0.01823	0.03108	0.18905	0.53300	0.01901	0.02439	0.02400	0.01799	0.02526	0.01508	0.02042	0.01241	0.00742	0.00805	0.00247	0.00989	0.00723	0.00393	0.01202
16	0.01170	0.00782	0.00888	0.00898	0.00901	0.00780	0.00506	0.01177	0.01200	0.01600	0.02659	0.08810	0.03079	0.67808	0.03965	0.00762	0.00770	0.01240	0.00506	0.00501
17	0.01257	0.00998	0.01507	0.18437	0.02383	0.01169	0.01225	0.01554	0.01360	0.01871	0.02064	0.03343	0.01969	0.17516	0.38733	0.00942	0.01627	0.00893	0.00427	0.00724
18	0.01847	0.01986	0.03660	0.02788	0.03207	0.02264	0.33253	0.02283	0.01586	0.02283	0.01359	0.01986	0.01150	0.01045	0.01793	0.00313	0.34984	0.00836	0.00383	0.00993
19	0.01123	0.00779	0.00904	0.00933	0.00981	0.00753	0.00571	0.01195	0.01392	0.01845	0.08100	0.17397	0.09667	0.47430	0.03042	0.00617	0.00665	0.01454	0.00593	0.00560
20	0.01040	0.00739	0.00964	0.01083	0.01153	0.00693	0.00728	0.01213	0.01659	0.02250	0.16276	0.51407	0.05560	0.09600	0.01345	0.00363	0.00487	0.02025	0.00753	0.00662
21	0.03037	0.03703	0.02313	0.02067	0.02509	0.61446	0.01565	0.09480	0.02456	0.02309	0.01326	0.01513	0.01080	0.00850	0.00740	0.00213	0.01404	0.00544	0.00459	0.00986
22	0.77215	0.01569	0.01193	0.01067	0.01569	0.01820	0.00879	0.02385	0.01381	0.03641	0.01130	0.01318	0.00879	0.00753	0.00502	0.00251	0.00628	0.00439	0.00502	0.00879
23	0.77215	0.01569	0.01193	0.01067	0.01569	0.01820	0.00879	0.02385	0.01381	0.03641	0.01130	0.01318	0.00879	0.00753	0.00502	0.00251	0.00628	0.00439	0.00502	0.00879
24	0.01101	0.00828	0.01018	0.00971	0.01183	0.00745	0.00728	0.01439	0.02184	0.02986	0.51417	0.06502	0.22400	0.01759	0.00958	0.00260	0.00390	0.01529	0.00858	0.00745
25	0.00981	0.00822	0.00857	0.00877	0.01134	0.00698	0.00664	0.01193	0.01835	0.02199	0.07794	0.11205	0.59317	0.02091	0.00972	0.00283	0.00434	0.05202	0.00753	0.00687
26	0.01120	0.00828	0.01046	0.00991	0.01195	0.00754	0.00744	0.01477	0.02231	0.03096	0.57424	0.06320	0.16325	0.01718	0.00957	0.00258	0.00387	0.01504	0.00873	0.00754
27	0.00998	0.00710	0.00939	0.01118	0.01163	0.00665	0.00741	0.01132	0.01535	0.02047	0.04380	0.67778	0.05250	0.05878	0.01185	0.00352	0.00486	0.02252	0.00741	0.00651
28	0.03085	0.02273	0.02435	0.01867	0.02516	0.02516	0.01542	0.63716	0.03815	0.05114	0.01948	0.01948	0.01380	0.00974	0.00812	0.00244	0.00893	0.00731	0.00812	0.01380
29	0.02008	0.01928	0.03294	0.04981	0.66422	0.01928	0.02490	0.02490	0.01848	0.02651	0.01526	0.02008	0.01285	0.00723	0.00803	0.00241	0.00964	0.00723	0.00402	0.01285
30	0.01775	0.01775	0.02485	0.02130	0.02130	0.02485	0.01775	0.01953	0.01243	0.01953	0.01065	0.01775	0.01065	0.01420	0.02663	0.00355	0.69998	0.00710	0.00355	0.00888
31	0.02081	0.01842	0.05933	0.09000	0.38080	0.01663	0.02044	0.02548	0.01847	0.10267	0.01699	0.02033	0.01326	0.00742	0.00765	0.00222	0.00882	0.00681	0.00483	0.15863
32	0.01008	0.00814	0.00836	0.00836	0.01050	0.00707	0.00589	0.01168	0.01703	0.02056	0.06977	0.07261	0.52234	0.17293	0.01655	0.00387	0.00493	0.01596	0.00696	0.00643
33	0.01293	0.00984	0.01194	0.01272	0.01451	0.01000	0.00941	0.04816	0.11390	0.02485	0.04455	0.43124	0.09677	0.02161	0.00998	0.00319	0.00552	0.10316	0.00766	0.00805
34	0.01858	0.07695	0.03451	0.02529	0.02879	0.02391	0.23737	0.02222	0.01516	0.02180	0.01276	0.01884	0.01122	0.01098	0.01879	0.00311	0.39850	0.00776	0.00374	0.00974
35	0.02111	0.02123	0.03194	0.04690	0.60007	0.08582	0.02398	0.02566	0.01893	0.02584	0.01499	0.01954	0.01261	0.00734	0.00796	0.00238	0.01014	0.00703	0.00403	0.01251
36	0.01775	0.01775	0.02485	0.02130	0.02130	0.02485	0.01775	0.01953	0.01243	0.01953	0.01065	0.01775	0.01065	0.01420	0.02663	0.00355	0.69998	0.00710	0.00355	0.00888
37	0.03641	0.01381	0.01883	0.01444	0.02071	0.01193	0.01193	0.03954	0.02322	0.66984	0.03201	0.02762	0.02009	0.01004	0.00816	0.00251	0.00690	0.00816	0.01004	0.01381
38	0.01002	0.00716	0.00957	0.01145	0.01198	0.00671	0.00777	0.01153	0.01567	0.02086	0.04465	0.68335	0.05337	0.02529	0.01039	0.00331	0.00482	0.04792	0.00753	0.00663
39	0.00962	0.00812	0.00832	0.00849	0.01103	0.00683	0.00628	0.01161	0.01824	0.02181	0.07892	0.13337	0.60777	0.02098	0.00966	0.00279	0.00416	0.01765	0.00753	0.00683
40	0.01167	0.00840	0.01156	0.01156	0.01250	0.00934	0.00830	0.01354	0.01260	0.01774	0.02309	0.03936	0.02354	0.29149	0.45649	0.01122	0.01684	0.00979	0.00455	0.00642
41	0.02664	0.02876	0.18823	0.02139	0.05653	0.07824	0.01954	0.40468	0.03069	0.04099	0.01747	0.01851	0.01259	0.00900	0.00794	0.00244	0.01021	0.00680	0.00642	0.01293
42	0.02847	0.06321	0.02276	0.01844	0.02326	0.36781	0.01446	0.22593	0.02695	0.03101	0.01618	0.01776	0.01262	0.00885	0.00730	0.00216	0.01136	0.00610	0.08467	0.01068
43	0.16857	0.01488	0.01482	0.01243	0.01655	0.01629	0.00991	0.25241	0.02405	0.03847	0.02082	0.02420	0.01633	0.05036	0.00855	0.00257	0.00645	0.00709	0.28526	0.01000
44	0.01937	0.01832	0.03049	0.07490	0.56489	0.01859	0.02316	0.02511	0.05179	0.02699	0.05379	0.02305	0.01711	0.00801	0.00814	0.00245	0.00918	0.00777	0.00451	0.01238
45	0.01180	0.00787	0.00885	0.00885	0.00885	0.00787	0.00492	0.01180	0.01180	0.01573	0.02557	0.05310	0.02950	0.71483	0.04130	0.00787	0.00787	0.01180	0.00492	0.00492
46	0.01683	0.01442	0.01683	0.01202	0.01923	0.01082	0.00961	0.02043	0.01683	0.02644	0.01442	0.01683	0.01202	0.00601	0.00601	0.00120	0.00601	0.00481	0.00481	0.76444
47	0.02001	0.50916	0.23833	0.01676	0.02527	0.02799	0.01888	0.02473	0.01669	0.02114	0.01230	0.01429	0.01037	0.00718	0.00598	0.00199	0.00971	0.00485	0.00346	0.01090
48	0.01238	0.00901	0.01210	0.01328	0.01525	0.00874	0.01125	0.01595	0.01950	0.02563	0.16770	0.08401	0.12052	0.02107	0.01071	0.00339	0.00639	0.42793	0.00776	0.00744
49	0.01180	0.00787	0.00885	0.00885	0.00885	0.00787	0.00492	0.01180	0.01180	0.01573	0.02557	0.05310	0.02950	0.71483	0.04130	0.00787	0.00787	0.01180	0.00492	0.00492
50	0.01909	0.01139	0.01180	0.01037	0.01342	0.01200	0.00813	0.17489	0.02235	0.03552	0.02471	0.02753	0.01903	0.00953	0.00629	0.00203	0.00508	0.00750	0.57021	0.00914
51	0.02683	0.01723	0.02021	0.04814	0.04727	0.01842	0.01370	0.21673	0.20323	0.19835	0.02664	0.02558	0.01888	0.00998	0.00796	0.00251	0.00740	0.00806	0.07010	0.01277
52	0.02008	0.01928	0.03294	0.04981	0.66422	0.01928	0.02490	0.02490	0.01848	0.02651	0.01526	0.02008	0.01285	0.00723	0.00803	0.00241	0.00964	0.00723	0.00402	0.01285
53	0.77215	0.01569	0.01193	0.01067	0.01569	0.01820	0.00879	0.02385	0.01381	0.03641	0.01130	0.01318	0.00879	0.00753	0.00502	0.00251	0.00628	0.00439	0.00502	0.00879
54	0.03641	0.01381	0.01883	0.01444	0.02071	0.01193	0.01193	0.03954	0.02322	0.66984	0.03201	0.02762	0.02009	0.01004	0.00816	0.00251	0.00690	0.00816	0.01004	0.01381
55	0.00959	0.00822	0.00822	0.00822	0.01096	0.00685	0.00617	0.01165	0.01850	0.02192	0.08220	0.07809	0.66092	0.02055	0.00959	0.00274	0.00411	0.01713	0.00754	0.00685
56	0.01159	0.00869	0.01304	0.01304	0.01449	0.01014	0.01014	0.01449	0.01304	0.01884	0.02173	0.03188	0.02029	0.06086	0.68268	0.01304	0.02173	0.00869	0.00435	0.00724
57	0.00999	0.00741	0.00933	0.01059	0.01165	0.00675	0.00728	0.01178	0.01688	0.02217	0.11571	0.51945	0.17424	0.02356	0.01013	0.00311	0.00450	0.02104	0.00768	0.00675
58	0.02003	0.01942	0.03371	0.04899	0.63189	0.01934	0.05660	0.02496	0.01851	0.02648	0.01532	0.02018	0.01282	0.00721	0.00811	0.00243	0.00985	0.00735	0.00402	0.01275
59	0.01532	0.00845	0.00934	0.00911	0.01106	0.00837	0.00666	0.01943	0.04839	0.06249	0.09716	0.09515	0.03074	0.08229	0.01033	0.00276	0.00457	0.01022	0.46035	0.00782
60	0.02367	0.19888	0.05959	0.01692	0.02164	0.26813	0.01436	0.07953	0.02031	0.02344	0.01520	0.01906	0.01308	0.04506	0.03988	0.00289	0.04736	0.00602	0.07533	0.00966
61	0.01094	0.00820	0.01013	0.00979	0.01182	0.00740	0.00729	0.01420	0.02146	0.02930	0.48513	0.10269	0.21572	0.01806	0.00962	0.00264	0.00395	0.01575	0.00851	0.00740
62	0.02304	0.02714	0.05559	0.02725	0.18710	0.31716	0.01833	0.02649	0.02020	0.02269	0.01918	0.03130	0.01814	0.01107	0.00921	0.00259	0.04499	0.12380	0.00471	0.01001
63	0.02926	0.07332	0.02460	0.02222	0.06217	0.60940	0.01612	0.03154	0.02239	0.02021	0.01263	0.01487	0.01059	0.00822	0.00725	0.00209	0.01403	0.00530	0.00413	0.00966
64	0.02038	0.02048	0.03063	0.14521	0.50765	0.08541	0.02362	0.02502	0.01859	0.02496	0.01486	0.01977	0.01230	0.00748	0.00797	0.00242	0.01032	0.00703	0.00397	0.01192
65	0.01978	0.01633	0.02270	0.06109	0.23339	0.01569	0.01592	0.11558	0.02153	0.05473	0.08426	0.02655	0.05322	0.00906	0.00773	0.00213	0.00762	0.00787	0.00574	0.21907
66	0.01288	0.00867	0.01063	0.00999	0.01245	0.00771	0.00754	0.01599	0.02127	0.08113	0.40224	0.09290	0.25090	0.01767	0.00950	0.00264	0.00421	0.01528	0.00853	0.00787
67	0.02905	0.03658	0.02318	0.02094	0.02471	0.61650	0.01589	0.03111	0.02194	0.01983	0.01235	0.01494	0.01047	0.00895	0.00925	0.00224	0.08319	0.00541	0.00412	0.00935
68	0.01095	0.00816	0.01018	0.00992	0.01185	0.00739	0.00734	0.01418	0.02133	0.02923	0.48270	0.12883	0.19149	0.01826	0.00965	0.00266	0.00397	0.01600	0.00851	0.00739
69	0.01044	0.00825	0.00940	0.00911	0.01148	0.00721	0.00683	0.01329	0.02050	0.02667	0.34070	0.07027	0.39946	0.01878	0.00958	0.00266	0.00398	0.01603	0.00816	0.00721
70	0.03504	0.01491	0.01938	0.01498	0.02119	0.01370	0.01233	0.10138	0.05551	0.57478	0.03077	0.02691	0.01967	0.01006	0.00816	0.00251	0.00709	0.00812	0.00976	0.01376
71	0.02018	0.01743	0.01835	0.01651	0.02110	0.02018	0.01284	0.04312	0.64956	0.03394	0.03303	0.03027	0.02477	0.01101	0.00826	0.00275	0.00642	0.00917	0.00826	0.01284
72	0.01775	0.01775	0.02485	0.02130	0.02130	0.02485	0.01775	0.01953	0.01243	0.01953	0.01065	0.01775	0.01065	0.01420	0.02663	0.00355	0.69998	0.00710	0.00355	0.00888
73	0.00989	0.00706	0.00942	0.01130	0.01177	0.00659	0.00753	0.01130	0.01554	0.02071	0.04472	0.70954	0.05367	0.02542	0.01036	0.00330	0.00471	0.02307	0.00753	0.00659
74	0.01880	0.02084	0.04207	0.03095	0.03708	0.02161	0.47908	0.02436	0.01746	0.02436	0.01496	0.02084	0.01189	0.00870	0.01388	0.00294	0.18683	0.00895	0.00396	0.01042
75	0.03583	0.01473	0.01940	0.01487	0.02117	0.01329	0.01229	0.10121	0.02476	0.60600	0.03072	0.02678	0.01944	0.01001	0.00816	0.00250	0.00711	0.00807	0.00984	0.01381
76	0.77215	0.01569	0.01193	0.01067	0.01569	0.01820	0.00879	0.02385	0.01381	0.03641	0.01130	0.01318	0.00879	0.00753	0.00502	0.00251	0.00628	0.00439	0.00502	0.00879
77	0.02283	0.45066	0.08770	0.01637	0.02271	0.19377	0.01544	0.02588	0.01798	0.01981	0.01248	0.01486	0.01099	0.01051	0.04549	0.00255	0.01121	0.00495	0.00370	0.01010
78	0.06911	0.02400	0.02208	0.02126	0.09018	0.18358	0.01519	0.17991	0.24595	0.03398	0.02162	0.02178	0.01644	0.00946	0.00778	0.00246	0.00937	0.00727	0.00659	0.01199
79	0.01931	0.01692	0.02493	0.08805	0.33966	0.01739	0.01876	0.13470	0.02194	0.02958	0.03035	0.03453	0.14234	0.01103	0.00849	0.00256	0.00842	0.03417	0.00558	0.01130
80	0.16011	0.11883	0.29629	0.01974	0.05997	0.02093	0.02028	0.11824	0.01948	0.03038	0.01474	0.01724	0.01128	0.01097	0.04636	0.00303	0.01047	0.00591	0.00453	0.01124
81	0.01930	0.19772	0.06963	0.02655	0.03369	0.02281	0.38355	0.02431	0.01754	0.02321	0.01460	0.01939	0.01176	0.00853	0.01058	0.04695	0.04787	0.00783	0.00385	0.01031
82	0.01872	0.02488	0.14107	0.03255	0.04132	0.02027	0.54456	0.02595	0.01885	0.02595	0.01614	0.02118	0.01201	0.00697	0.00930	0.00271	0.01343	0.00904	0.00400	0.01110
83	0.02489	0.02840	0.02826	0.03621	0.36361	0.33110	0.02056	0.02843	0.02060	0.02338	0.01398	0.01752	0.01172	0.00776	0.00770	0.00226	0.01199	0.00629	0.00409	0.01123
84	0.01677	0.00915	0.00932	0.00873	0.01110	0.00941	0.00669	0.08374	0.01923	0.03244	0.02574	0.02912	0.02006	0.00948	0.00593	0.00195	0.00432	0.00754	0.68104	0.00822
85	0.01532	0.01442	0.02434	0.69533	0.05589	0.01803	0.02253	0.02073	0.01622	0.02073	0.01442	0.02163	0.01082	0.00811	0.00811	0.00270	0.01082	0.00721	0.00361	0.00901
86	0.01367	0.00866	0.01331	0.14932	0.02024	0.00932	0.01057	0.01306	0.01288	0.01695	0.02021	0.12902	0.02101	0.02342	0.02270	0.45744	0.00748	0.04111	0.00434	0.00530
87	0.01936	0.01873	0.03251	0.13975	0.54615	0.01917	0.05648	0.02437	0.01819	0.02567	0.01521	0.02040	0.01254	0.00733	0.00812	0.00247	0.01002	0.00735	0.00396	0.01221
88	0.01915	0.02189	0.04788	0.03420	0.04241	0.02052	0.63475	0.02599	0.01915	0.02599	0.01642	0.02189	0.01231	0.00684	0.00958	0.00274	0.01368	0.00958	0.00410	0.01094
89	0.00975	0.00758	0.00888	0.00992	0.01141	0.00671	0.00692	0.01145	0.01686	0.02125	0.06149	0.42701	0.32537	0.02324	0.01001	0.00305	0.00444	0.02041	0.00753	0.00671
90	0.02357	0.23373	0.12807	0.02028	0.07753	0.21436	0.01727	0.08621	0.02079	0.02499	0.01453	0.01675	0.01179	0.00797	0.00676	0.00210	0.01061	0.00565	0.06636	0.01066
91	0.01627	0.04197	0.67279	0.02313	0.03512	0.01884	0.02998	0.02570	0.01713	0.02570	0.01456	0.01713	0.01028	0.00771	0.00771	0.00257	0.01199	0.00600	0.00343	0.01199
92	0.00989	0.00706	0.00942	0.01130	0.01177	0.00659	0.00753	0.01130	0.01554	0.02071	0.04472	0.70954	0.05367	0.02542	0.01036	0.00330	0.00471	0.02307	0.00753	0.00659
93	0.02815	0.02097	0.02287	0.05305	0.02553	0.02337	0.01502	0.51334	0.09707	0.04674	0.02094	0.02124	0.01511	0.00977	0.00800	0.00245	0.00851	0.00750	0.04723	0.01313
94	0.02414	0.02686	0.02824	0.03664	0.37787	0.28168	0.02063	0.02882	0.05307	0.02426	0.01511	0.01846	0.01252	0.00787	0.00776	0.00230	0.01145	0.00654	0.00430	0.01149
95	0.01409	0.00705	0.01057	0.01057	0.01057	0.00705	0.00705	0.01057	0.01057	0.01409	0.01409	0.02467	0.01409	0.02819	0.03171	0.76392	0.00705	0.00705	0.00352	0.00352
96	0.01140	0.00823	0.01077	0.01026	0.01210	0.00760	0.00765	0.01510	0.02258	0.03192	0.62796	0.09434	0.07537	0.01705	0.00961	0.00259	0.00387	0.01511	0.00886	0.00760
97	0.01159	0.00869	0.01304	0.01304	0.01449	0.01014	0.01014	0.01449	0.01304	0.01884	0.02173	0.03188	0.02029	0.06086	0.68268	0.01304	0.02173	0.00869	0.00435	0.00724
98	0.02201	0.03305	0.22244	0.08057	0.06630	0.26041	0.11538	0.02742	0.01933	0.02295	0.01394	0.01750	0.01085	0.00815	0.00885	0.00247	0.04751	0.00648	0.00386	0.01054
99	0.77215	0.01569	0.01193	0.01067	0.01569	0.01820	0.00879	0.02385	0.01381	0.03641	0.01130	0.01318	0.00879	0.00753	0.00502	0.00251	0.00628	0.00439	0.00502	0.00879
100	0.01468	0.01193	0.01285	0.01142	0.01544	0.01138	0.00883	0.02290	0.19400	0.04954	0.08523	0.05281	0.33339	0.01511	0.00862	0.00249	0.00513	0.01260	0.00748	0.12416
101	0.01683	0.01442	0.01683	0.01202	0.01923	0.01082	0.00961	0.02043	0.01683	0.02644	0.01442	0.01683	0.01202	0.00601	0.00601	0.00120	0.00601	0.00481	0.00481	0.76444
102	0.03085	0.02273	0.02435	0.01867	0.02516	0.02516	0.01542	0.63716	0.03815	0.05114	0.01948	0.01948	0.01380	0.00974	0.00812	0.00244	0.00893	0.00731	0.00812	0.01380
103	0.01705	0.02112	0.14620	0.01796	0.05261	0.08463	0.01510	0.02535	0.17152	0.02425	0.02609	0.15357	0.02517	0.12969	0.01488	0.00362	0.04491	0.01092	0.00573	0.00964
104	0.01320	0.01059	0.01330	0.01235	0.01265	0.01245	0.00873	0.01400	0.01258	0.01742	0.02603	0.04458	0.07589	0.43608	0.06810	0.00656	0.19367	0.01082	0.00474	0.00626
105	0.00959	0.00822	0.00822	0.00822	0.01096	0.00685	0.00617	0.01165	0.01850	0.02192	0.08220	0.07809	0.66092	0.02055	0.00959	0.00274	0.00411	0.01713	0.00754	0.00685
106	0.02037	0.02002	0.03202	0.07959	0.60272	0.05248	0.02433	0.02508	0.01859	0.02590	0.01509	0.01988	0.01263	0.00733	0.00800	0.00241	0.00995	0.00713	0.00400	0.01249
107	0.02018	0.02121	0.06531	0.07613	0.57218	0.05226	0.02460	0.02513	0.01853	0.02587	0.01505	0.01973	0.01251	0.00735	0.00798	0.00242	0.01006	0.00706	0.00398	0.01246
108	0.13551	0.05338	0.01804	0.05471	0.02045	0.24414	0.01198	0.05340	0.01793	0.02299	0.01672	0.02517	0.01563	0.15422	0.11830	0.00502	0.01236	0.00710	0.00461	0.00834
