[name]
unknown

[dist]
# distance from previous block
# <min> <max>
47	179

[block]
# block no. 0 follows, 22 sequences, length 65
# corresponding to MSA columns:
# 197-261
name=unknown_A
#
# <colnr> <probs for GDERKNQSTAVLIFYWHMCP>
#	G	D	E	R	K	N	Q	S	T	A	V	L	I	F	Y	W	H	M	C	P
0	0.15500	0.01894	0.02719	0.08014	0.32162	0.04364	0.05230	0.02752	0.05448	0.08465	0.01717	0.02049	0.01341	0.00834	0.00862	0.00259	0.03990	0.00713	0.00506	0.01181
1	0.02066	0.02249	0.02559	0.02522	0.11896	0.19234	0.09091	0.02468	0.04614	0.02347	0.04985	0.10034	0.04955	0.01251	0.01273	0.00281	0.15699	0.00984	0.00505	0.00987
2	0.05987	0.01635	0.01735	0.01548	0.04705	0.05080	0.01161	0.18656	0.05231	0.06339	0.14921	0.04014	0.15834	0.01295	0.00848	0.00246	0.00687	0.01055	0.00754	0.08269
3	0.02031	0.01948	0.03326	0.08442	0.62479	0.01967	0.02537	0.02527	0.01880	0.02683	0.01558	0.02064	0.01305	0.00745	0.00823	0.00248	0.00993	0.00740	0.00409	0.01295
4	0.01818	0.01818	0.02545	0.02181	0.02181	0.02545	0.01818	0.01999	0.01272	0.01999	0.01091	0.01818	0.01091	0.01454	0.02726	0.00364	0.69284	0.00727	0.00364	0.00909
5	0.01193	0.00865	0.01210	0.01210	0.01316	0.00971	0.00883	0.01403	0.01298	0.01836	0.02339	0.03895	0.02351	0.25009	0.49109	0.01181	0.01812	0.00983	0.00462	0.00672
6	0.01012	0.00723	0.00964	0.01157	0.01205	0.00675	0.00771	0.01157	0.01591	0.02121	0.04579	0.70262	0.05495	0.02603	0.01060	0.00337	0.00482	0.02362	0.00771	0.00675
7	0.00982	0.00842	0.00842	0.00842	0.01122	0.00701	0.00631	0.01192	0.01894	0.02244	0.08416	0.07995	0.65285	0.02104	0.00982	0.00281	0.00421	0.01753	0.00771	0.00701
8	0.01765	0.03684	0.49449	0.02998	0.16149	0.01950	0.07148	0.02617	0.01796	0.02650	0.01519	0.01849	0.01120	0.00773	0.00809	0.00261	0.01191	0.00665	0.00368	0.01238
9	0.02631	0.02996	0.02476	0.02262	0.05213	0.36555	0.01715	0.08581	0.02121	0.02360	0.01300	0.01678	0.01121	0.01065	0.01423	0.00269	0.24156	0.00629	0.00445	0.01004
10	0.01552	0.01005	0.01303	0.01364	0.01564	0.00986	0.01049	0.07520	0.01975	0.08204	0.04163	0.40474	0.04594	0.02221	0.01043	0.00335	0.00624	0.18389	0.00798	0.00837
11	0.02224	0.02784	0.18603	0.02662	0.03527	0.05001	0.27540	0.17509	0.02397	0.03264	0.01685	0.02005	0.01239	0.00797	0.00869	0.00257	0.01203	0.00791	0.00509	0.05134
12	0.02451	0.53713	0.03831	0.01609	0.02246	0.20052	0.01469	0.02704	0.01862	0.01975	0.01189	0.01376	0.01067	0.00749	0.00589	0.00187	0.01048	0.00468	0.00374	0.01039
13	0.02037	0.02028	0.03681	0.04776	0.53233	0.02000	0.14691	0.02572	0.01906	0.02703	0.01586	0.02093	0.01305	0.00732	0.00854	0.00253	0.01071	0.00789	0.00413	0.01276
14	0.03094	0.02306	0.02544	0.02097	0.06246	0.02541	0.01635	0.59343	0.03789	0.05089	0.01969	0.01998	0.01407	0.00982	0.00831	0.00249	0.00918	0.00747	0.00807	0.01407
15	0.01553	0.01191	0.01839	0.02502	0.22876	0.01149	0.01399	0.01827	0.01747	0.06822	0.03476	0.42646	0.03851	0.01867	0.00965	0.00301	0.00667	0.01711	0.00668	0.00942
16	0.01012	0.00723	0.00964	0.01157	0.01205	0.00675	0.00771	0.01157	0.01591	0.02121	0.04579	0.70262	0.05495	0.02603	0.01060	0.00337	0.00482	0.02362	0.00771	0.00675
17	0.01012	0.00723	0.00964	0.01157	0.01205	0.00675	0.00771	0.01157	0.01591	0.02121	0.04579	0.70262	0.05495	0.02603	0.01060	0.00337	0.00482	0.02362	0.00771	0.00675
18	0.02975	0.03308	0.02524	0.02486	0.11082	0.43380	0.01726	0.17202	0.02656	0.02878	0.01489	0.01690	0.01184	0.00874	0.00778	0.00227	0.01292	0.00613	0.00520	0.01116
19	0.02464	0.08457	0.20708	0.02644	0.13268	0.33676	0.02161	0.02939	0.02062	0.02309	0.01379	0.01651	0.01106	0.00808	0.00757	0.00231	0.01295	0.00585	0.00398	0.01103
20	0.01084	0.00791	0.00986	0.01043	0.01169	0.00730	0.00722	0.01301	0.01837	0.02470	0.24523	0.32482	0.14958	0.10328	0.01398	0.00360	0.00482	0.01855	0.00786	0.00694
21	0.06143	0.01817	0.02276	0.02334	0.15017	0.01905	0.01565	0.18702	0.15742	0.18459	0.02586	0.05611	0.01951	0.01045	0.00829	0.00262	0.00793	0.00870	0.00778	0.01314
22	0.02537	0.01791	0.01994	0.01692	0.02207	0.01961	0.01359	0.22125	0.29393	0.12737	0.03066	0.06367	0.02419	0.01225	0.00871	0.00278	0.00743	0.05085	0.00858	0.01290
23	0.01058	0.00769	0.00999	0.01102	0.01210	0.00709	0.00765	0.01281	0.01837	0.02487	0.22772	0.46943	0.10389	0.02300	0.01031	0.00311	0.00451	0.02065	0.00814	0.00709
24	0.01666	0.04297	0.66500	0.02368	0.03596	0.01929	0.03069	0.02631	0.01754	0.02631	0.01491	0.01754	0.01052	0.00789	0.00789	0.00263	0.01228	0.00614	0.00351	0.01228
25	0.01666	0.04297	0.66500	0.02368	0.03596	0.01929	0.03069	0.02631	0.01754	0.02631	0.01491	0.01754	0.01052	0.00789	0.00789	0.00263	0.01228	0.00614	0.00351	0.01228
26	0.03103	0.03959	0.02354	0.02140	0.02568	0.67469	0.01605	0.03317	0.02354	0.02033	0.01284	0.01498	0.01070	0.00856	0.00749	0.00214	0.01498	0.00535	0.00428	0.00963
27	0.02056	0.01974	0.03372	0.05099	0.65622	0.01974	0.02550	0.02550	0.01892	0.02714	0.01563	0.02056	0.01316	0.00740	0.00822	0.00247	0.00987	0.00740	0.00411	0.01316
28	0.01012	0.00723	0.00964	0.01157	0.01205	0.00675	0.00771	0.01157	0.01591	0.02121	0.04579	0.70262	0.05495	0.02603	0.01060	0.00337	0.00482	0.02362	0.00771	0.00675
29	0.01188	0.00885	0.01312	0.01312	0.01452	0.01026	0.01009	0.01469	0.01328	0.01911	0.02246	0.03381	0.02128	0.09725	0.64088	0.01306	0.02148	0.00907	0.00448	0.00729
30	0.01176	0.00849	0.01110	0.01045	0.01241	0.00784	0.00784	0.01568	0.02352	0.03331	0.65184	0.06206	0.07839	0.01698	0.00980	0.00261	0.00392	0.01502	0.00914	0.00784
31	0.02056	0.01974	0.03372	0.05099	0.65622	0.01974	0.02550	0.02550	0.01892	0.02714	0.01563	0.02056	0.01316	0.00740	0.00822	0.00247	0.00987	0.00740	0.00411	0.01316
32	0.03103	0.03959	0.02354	0.02140	0.02568	0.67469	0.01605	0.03317	0.02354	0.02033	0.01284	0.01498	0.01070	0.00856	0.00749	0.00214	0.01498	0.00535	0.00428	0.00963
33	0.01025	0.00831	0.00909	0.00916	0.01155	0.00715	0.00677	0.01266	0.01956	0.02454	0.19656	0.14026	0.47369	0.02072	0.00989	0.00282	0.00421	0.01764	0.00801	0.00715
34	0.02470	0.02670	0.02169	0.02087	0.06775	0.28771	0.01501	0.03699	0.30838	0.02787	0.02284	0.02291	0.01774	0.00959	0.00791	0.00242	0.01022	0.00734	0.00623	0.05511
35	0.01784	0.15596	0.52221	0.02365	0.06956	0.02164	0.02758	0.02602	0.01751	0.02520	0.01438	0.01700	0.01070	0.00773	0.00747	0.00248	0.01156	0.00592	0.00355	0.01205
36	0.02255	0.15471	0.21776	0.02090	0.02716	0.23281	0.02051	0.02695	0.01835	0.02190	0.01283	0.01611	0.01068	0.00935	0.01132	0.00253	0.15349	0.00582	0.00379	0.01048
37	0.01004	0.00818	0.00889	0.00923	0.01149	0.00703	0.00672	0.01217	0.01871	0.02312	0.12471	0.20431	0.48309	0.02170	0.00998	0.00290	0.00431	0.01855	0.00784	0.00703
38	0.02252	0.01973	0.02123	0.02068	0.08350	0.05154	0.01481	0.11619	0.47598	0.03559	0.02932	0.02784	0.02207	0.01061	0.00837	0.00271	0.00761	0.00877	0.00782	0.01311
39	0.02056	0.01974	0.03372	0.05099	0.65622	0.01974	0.02550	0.02550	0.01892	0.02714	0.01563	0.02056	0.01316	0.00740	0.00822	0.00247	0.00987	0.00740	0.00411	0.01316
40	0.01917	0.03028	0.30358	0.06925	0.21834	0.05506	0.02514	0.02896	0.11687	0.02727	0.01799	0.02069	0.01369	0.00834	0.00808	0.00259	0.01074	0.00706	0.00452	0.01236
41	0.02262	0.68145	0.04259	0.01455	0.02153	0.06298	0.01430	0.02526	0.01719	0.01958	0.01161	0.01340	0.01066	0.00718	0.00543	0.00179	0.00917	0.00448	0.00359	0.01061
42	0.01083	0.00758	0.00938	0.01051	0.01092	0.00724	0.00667	0.01177	0.01463	0.01938	0.04018	0.43838	0.07083	0.27646	0.02221	0.00507	0.00598	0.01912	0.00673	0.00613
43	0.01582	0.16257	0.20781	0.01783	0.02484	0.01772	0.09609	0.02100	0.01847	0.02420	0.06981	0.04093	0.19697	0.01253	0.00844	0.00259	0.00887	0.03834	0.00529	0.00987
44	0.02426	0.06185	0.12451	0.01943	0.02471	0.30971	0.01706	0.10190	0.02252	0.02547	0.02238	0.05955	0.07430	0.01117	0.00952	0.00249	0.06587	0.00800	0.00509	0.01021
45	0.01199	0.00840	0.01079	0.01079	0.01139	0.00900	0.00720	0.01319	0.01259	0.01739	0.02459	0.04558	0.02639	0.44702	0.29809	0.01020	0.01379	0.01080	0.00480	0.00600
46	0.01208	0.00805	0.00906	0.00906	0.00906	0.00805	0.00503	0.01208	0.01208	0.01611	0.02618	0.05436	0.03020	0.70804	0.04228	0.00805	0.00805	0.01208	0.00503	0.00503
47	0.06073	0.01793	0.01912	0.01524	0.02048	0.01942	0.01242	0.38850	0.03077	0.08849	0.02248	0.02334	0.01636	0.00981	0.00747	0.00235	0.00739	0.00748	0.21812	0.01210
48	0.02817	0.03417	0.02632	0.02948	0.19780	0.49591	0.01863	0.03108	0.02228	0.02219	0.01360	0.01650	0.01137	0.00824	0.00769	0.00223	0.01359	0.00591	0.00423	0.01059
49	0.01814	0.01203	0.05007	0.01139	0.01562	0.00930	0.00961	0.02128	0.02093	0.20170	0.15682	0.05913	0.34816	0.01664	0.00930	0.00270	0.00542	0.01392	0.00841	0.00943
50	0.02008	0.21055	0.02397	0.01474	0.01957	0.08989	0.01229	0.08195	0.13493	0.02669	0.03267	0.09274	0.12091	0.01283	0.00790	0.00244	0.00785	0.03574	0.00625	0.04601
51	0.76672	0.01607	0.01221	0.01092	0.01607	0.01864	0.00900	0.02442	0.01414	0.03727	0.01157	0.01350	0.00900	0.00771	0.00514	0.00257	0.00643	0.00450	0.00514	0.00900
52	0.01192	0.00870	0.01231	0.01231	0.01343	0.00982	0.00909	0.01417	0.01304	0.01851	0.02320	0.03791	0.02306	0.21893	0.52162	0.01207	0.01881	0.00967	0.00459	0.00684
53	0.01144	0.00848	0.01066	0.01011	0.01221	0.00770	0.00759	0.01506	0.02276	0.03152	0.55798	0.06501	0.17336	0.01765	0.00980	0.00264	0.00397	0.01544	0.00891	0.00770
54	0.02067	0.52719	0.21591	0.01684	0.02538	0.02911	0.01879	0.02527	0.01706	0.02142	0.01248	0.01449	0.01062	0.00733	0.00604	0.00201	0.00983	0.00491	0.00354	0.01111
55	0.02222	0.01750	0.01883	0.01671	0.02157	0.01987	0.01306	0.04380	0.58318	0.09371	0.03371	0.03074	0.02491	0.01118	0.00844	0.00279	0.00662	0.00929	0.00862	0.01324
56	0.01569	0.01477	0.02492	0.68808	0.05722	0.01846	0.02307	0.02123	0.01661	0.02123	0.01477	0.02215	0.01107	0.00831	0.00831	0.00277	0.01107	0.00738	0.00369	0.00923
57	0.01115	0.00857	0.00975	0.01006	0.01204	0.00780	0.00755	0.01331	0.01795	0.02255	0.11379	0.07576	0.35636	0.16334	0.01686	0.00407	0.00565	0.12937	0.00727	0.00680
58	0.01109	0.00847	0.01019	0.00976	0.01200	0.00756	0.00732	0.01439	0.02195	0.02960	0.45772	0.06817	0.27482	0.01837	0.00981	0.00268	0.00402	0.01588	0.00866	0.00756
59	0.04401	0.01047	0.01416	0.14384	0.02155	0.01142	0.01101	0.04306	0.01742	0.02443	0.15512	0.14439	0.03730	0.16445	0.11617	0.00549	0.00940	0.01258	0.00610	0.00763
60	0.02532	0.44019	0.03608	0.01828	0.05211	0.20767	0.01537	0.07643	0.02061	0.02279	0.01278	0.01465	0.01107	0.00775	0.00630	0.00197	0.01062	0.00508	0.00417	0.01078
61	0.02742	0.02104	0.02134	0.01729	0.02262	0.06752	0.01379	0.38125	0.13490	0.06692	0.02318	0.02536	0.01780	0.07197	0.01117	0.00299	0.00869	0.00811	0.04411	0.01253
62	0.03052	0.02293	0.02578	0.02219	0.08654	0.02518	0.01673	0.57039	0.03712	0.04993	0.01953	0.02000	0.01403	0.00972	0.00830	0.00249	0.00921	0.00747	0.00791	0.01403
63	0.54380	0.01591	0.01639	0.18280	0.05587	0.01864	0.01329	0.02367	0.01498	0.03278	0.01256	0.01599	0.00971	0.00785	0.00608	0.00262	0.00775	0.00536	0.00473	0.00925
64	0.01996	0.01856	0.02904	0.04108	0.47955	0.01909	0.02170	0.02867	0.14812	0.02915	0.06409	0.02564	0.02027	0.00888	0.00838	0.00255	0.00877	0.00835	0.00536	0.01278

[dist]
# distance from previous block
# <min> <max>
0	1

[block]
# block no. 1 follows, 22 sequences, length 67
# corresponding to MSA columns:
# 263-329
name=unknown_B
#
# <colnr> <probs for GDERKNQSTAVLIFYWHMCP>
#	G	D	E	R	K	N	Q	S	T	A	V	L	I	F	Y	W	H	M	C	P
0	0.02889	0.02123	0.02290	0.01782	0.02396	0.02310	0.01457	0.53398	0.03562	0.04829	0.02141	0.05810	0.01661	0.01064	0.00821	0.00245	0.00850	0.00824	0.04108	0.05441
1	0.01871	0.01785	0.03038	0.29239	0.42925	0.01925	0.02458	0.02388	0.01804	0.02490	0.01530	0.02116	0.01237	0.00774	0.00826	0.00258	0.01033	0.00739	0.00395	0.01167
2	0.01990	0.01866	0.02972	0.08227	0.43249	0.02027	0.02242	0.05054	0.04971	0.02676	0.01635	0.02148	0.01377	0.01181	0.04768	0.00327	0.10884	0.00757	0.00443	0.01205
3	0.01207	0.00810	0.00928	0.00928	0.00935	0.00817	0.00530	0.01222	0.01214	0.01627	0.02598	0.05327	0.02973	0.67558	0.07410	0.00832	0.00877	0.01192	0.00500	0.00515
4	0.03727	0.01414	0.01928	0.01478	0.02121	0.01221	0.01221	0.04049	0.02378	0.66198	0.03277	0.02828	0.02056	0.01028	0.00835	0.00257	0.00707	0.00835	0.01028	0.01414
5	0.01187	0.00890	0.01335	0.01335	0.01483	0.01038	0.01038	0.01483	0.01335	0.01928	0.02225	0.03264	0.02077	0.06231	0.67512	0.01335	0.02225	0.00890	0.00445	0.00742
6	0.01064	0.00845	0.00955	0.00928	0.01172	0.00736	0.00696	0.01351	0.02087	0.02705	0.32453	0.07237	0.40960	0.01932	0.00981	0.00272	0.00409	0.01647	0.00832	0.00736
7	0.01737	0.12870	0.58549	0.02247	0.03408	0.02103	0.02859	0.02613	0.01745	0.02544	0.01448	0.01700	0.01054	0.00779	0.00756	0.00252	0.01184	0.00592	0.00351	0.01207
8	0.01208	0.00805	0.00906	0.00906	0.00906	0.00805	0.00503	0.01208	0.01208	0.01611	0.02618	0.05436	0.03020	0.70804	0.04228	0.00805	0.00805	0.01208	0.00503	0.00503
9	0.02105	0.57302	0.17339	0.01619	0.02438	0.03003	0.01766	0.02518	0.01702	0.02096	0.01225	0.01421	0.01063	0.00727	0.00587	0.00196	0.00959	0.00480	0.00354	0.01100
10	0.02637	0.02605	0.02086	0.01819	0.02292	0.25926	0.01412	0.16636	0.22643	0.03301	0.02250	0.02272	0.01717	0.00985	0.00783	0.00242	0.00996	0.00735	0.07505	0.01159
11	0.02167	0.02184	0.03264	0.04786	0.58959	0.08895	0.02450	0.02631	0.01940	0.02642	0.01533	0.01997	0.01290	0.00752	0.00815	0.00243	0.01041	0.00719	0.00413	0.01279
12	0.01795	0.03455	0.43492	0.02401	0.03411	0.01984	0.11889	0.03008	0.14818	0.02812	0.01915	0.02110	0.01394	0.00846	0.00830	0.00270	0.01135	0.00738	0.00465	0.01229
13	0.02888	0.03440	0.02576	0.02744	0.15744	0.49644	0.01801	0.06954	0.02357	0.02380	0.01388	0.01646	0.01143	0.00841	0.00770	0.00223	0.01354	0.00591	0.00450	0.01065
14	0.03274	0.01313	0.01783	0.01401	0.01964	0.01143	0.01143	0.03608	0.02373	0.55028	0.14277	0.03428	0.03084	0.01147	0.00861	0.00258	0.00651	0.00954	0.01008	0.01302
15	0.02202	0.01334	0.01600	0.01586	0.04941	0.05339	0.01130	0.02657	0.08253	0.23222	0.03552	0.30208	0.03406	0.01915	0.04273	0.00343	0.00751	0.01446	0.00806	0.01035
16	0.02977	0.03230	0.02346	0.02161	0.05971	0.43603	0.01586	0.16072	0.02642	0.05535	0.01897	0.02020	0.04428	0.00950	0.00786	0.00229	0.01255	0.00667	0.00557	0.01086
17	0.01208	0.00805	0.00906	0.00906	0.00906	0.00805	0.00503	0.01208	0.01208	0.01611	0.02618	0.05436	0.03020	0.70804	0.04228	0.00805	0.00805	0.01208	0.00503	0.00503
18	0.01075	0.00758	0.00937	0.01053	0.01100	0.00720	0.00673	0.01176	0.01483	0.01959	0.04172	0.44767	0.08486	0.25216	0.02107	0.00489	0.00585	0.01940	0.00682	0.00620
19	0.14136	0.16420	0.02618	0.04697	0.02404	0.27707	0.01522	0.05740	0.01945	0.02441	0.01251	0.01550	0.01065	0.00918	0.01003	0.00243	0.12364	0.00555	0.00434	0.00986
20	0.01987	0.01695	0.01820	0.01673	0.02113	0.01946	0.01318	0.04122	0.57362	0.03368	0.03492	0.03781	0.02780	0.01254	0.00878	0.00293	0.00669	0.07360	0.00837	0.01255
21	0.01012	0.00723	0.00964	0.01157	0.01205	0.00675	0.00771	0.01157	0.01591	0.02121	0.04579	0.70262	0.05495	0.02603	0.01060	0.00337	0.00482	0.02362	0.00771	0.00675
22	0.01865	0.02990	0.28600	0.03373	0.16064	0.02009	0.27639	0.02627	0.01867	0.02660	0.01584	0.02015	0.01190	0.00743	0.00875	0.00267	0.01252	0.00791	0.00391	0.01201
23	0.02540	0.35616	0.06854	0.01794	0.02397	0.23929	0.01608	0.08254	0.02087	0.02320	0.01288	0.01497	0.01100	0.00830	0.00766	0.00211	0.04896	0.00526	0.00423	0.01065
24	0.03158	0.02327	0.02493	0.01911	0.02576	0.02576	0.01579	0.62852	0.03906	0.05236	0.01995	0.01995	0.01413	0.00997	0.00831	0.00249	0.00914	0.00748	0.00831	0.01413
25	0.02911	0.14257	0.02671	0.02031	0.02484	0.54718	0.01586	0.03131	0.02204	0.02020	0.01256	0.01487	0.01070	0.00860	0.00802	0.00215	0.04378	0.00529	0.00414	0.00977
26	0.01127	0.00847	0.01042	0.00993	0.01211	0.00763	0.00745	0.01472	0.02235	0.03055	0.50774	0.06660	0.22421	0.01801	0.00980	0.00266	0.00399	0.01566	0.00878	0.00763
27	0.01904	0.16339	0.41627	0.02215	0.07054	0.02077	0.02443	0.02621	0.01779	0.05713	0.01521	0.01745	0.01139	0.00767	0.00730	0.00233	0.01066	0.00590	0.00402	0.08035
28	0.02604	0.02916	0.02850	0.03548	0.32830	0.32441	0.02057	0.06247	0.02218	0.02537	0.01457	0.01793	0.01207	0.00808	0.00789	0.00232	0.01220	0.00645	0.00442	0.01157
29	0.01199	0.00843	0.01094	0.01094	0.01159	0.00908	0.00738	0.01329	0.01264	0.01750	0.02446	0.04484	0.02607	0.42502	0.31965	0.01038	0.01428	0.01069	0.00478	0.00608
30	0.02056	0.01974	0.03372	0.05099	0.65622	0.01974	0.02550	0.02550	0.01892	0.02714	0.01563	0.02056	0.01316	0.00740	0.00822	0.00247	0.00987	0.00740	0.00411	0.01316
31	0.01996	0.01784	0.02422	0.03028	0.27303	0.01928	0.01807	0.03428	0.33742	0.03083	0.02753	0.03259	0.02257	0.01080	0.00864	0.00277	0.00798	0.06261	0.00666	0.01265
32	0.01167	0.00788	0.00918	0.00958	0.00969	0.00778	0.00559	0.01197	0.01288	0.01717	0.03027	0.18982	0.03537	0.56553	0.03566	0.00708	0.00738	0.01449	0.00559	0.00539
33	0.01988	0.01968	0.04954	0.02360	0.14322	0.08670	0.04621	0.05338	0.21792	0.02750	0.02487	0.03362	0.02182	0.14849	0.01520	0.00375	0.00917	0.03862	0.00603	0.01080
34	0.01017	0.00810	0.00900	0.00944	0.01145	0.00706	0.00676	0.01218	0.01828	0.02284	0.12302	0.23781	0.42038	0.05114	0.01140	0.00316	0.00450	0.01864	0.00773	0.00694
35	0.02343	0.02697	0.05904	0.07168	0.37063	0.22823	0.04895	0.02781	0.02024	0.02461	0.01472	0.01881	0.01213	0.00782	0.00805	0.00240	0.01185	0.00680	0.00412	0.01171
36	0.12967	0.20957	0.05452	0.01821	0.02367	0.39122	0.01523	0.02954	0.02028	0.02272	0.01242	0.01446	0.01045	0.00804	0.00663	0.00213	0.01212	0.00503	0.00418	0.00992
37	0.01639	0.01551	0.01427	0.01321	0.01588	0.14116	0.00995	0.02175	0.07997	0.03087	0.46873	0.04989	0.06013	0.01479	0.00922	0.00254	0.00635	0.01259	0.00812	0.00868
38	0.02101	0.33412	0.02993	0.01552	0.02029	0.12591	0.01358	0.05323	0.01884	0.02195	0.02647	0.02782	0.13814	0.01131	0.00986	0.00234	0.10747	0.00774	0.00474	0.00973
39	0.01012	0.00723	0.00964	0.01157	0.01205	0.00675	0.00771	0.01157	0.01591	0.02121	0.04579	0.70262	0.05495	0.02603	0.01060	0.00337	0.00482	0.02362	0.00771	0.00675
40	0.01153	0.00846	0.01212	0.01253	0.01364	0.00938	0.00926	0.01386	0.01375	0.01935	0.02758	0.17493	0.02891	0.12296	0.46939	0.01071	0.01711	0.01231	0.00519	0.00703
41	0.01716	0.01245	0.01445	0.01306	0.01650	0.01291	0.01007	0.02811	0.25188	0.08875	0.32176	0.04902	0.10048	0.01460	0.00917	0.00270	0.00521	0.01255	0.00887	0.01030
42	0.02711	0.01410	0.01626	0.01318	0.01789	0.01414	0.01066	0.19252	0.02543	0.24631	0.02703	0.02707	0.01910	0.00996	0.00734	0.00230	0.00637	0.00787	0.30375	0.01161
43	0.00992	0.00842	0.00855	0.00852	0.01128	0.00706	0.00639	0.01211	0.01917	0.02299	0.11298	0.07904	0.62368	0.02083	0.00982	0.00280	0.00419	0.01741	0.00779	0.00706
44	0.02624	0.01811	0.01922	0.01534	0.02042	0.01978	0.01248	0.42626	0.03187	0.04526	0.02232	0.02361	0.01651	0.00987	0.00748	0.00231	0.00739	0.00757	0.25595	0.01201
45	0.02487	0.16469	0.03179	0.03244	0.29035	0.27169	0.01966	0.02830	0.02027	0.02304	0.01376	0.01700	0.01173	0.00778	0.00737	0.00221	0.01162	0.00603	0.00407	0.01132
46	0.02199	0.01759	0.01978	0.01457	0.02170	0.01595	0.01182	0.22266	0.02448	0.03547	0.01649	0.01813	0.01291	0.00742	0.00687	0.00165	0.00714	0.00577	0.00605	0.51157
47	0.02015	0.02042	0.03650	0.03409	0.19759	0.02058	0.29624	0.03126	0.19457	0.02904	0.02129	0.02434	0.01634	0.00831	0.00901	0.00272	0.01083	0.00906	0.00538	0.01226
48	0.02056	0.01974	0.03372	0.05099	0.65622	0.01974	0.02550	0.02550	0.01892	0.02714	0.01563	0.02056	0.01316	0.00740	0.00822	0.00247	0.00987	0.00740	0.00411	0.01316
49	0.02437	0.02090	0.01922	0.01619	0.02079	0.14747	0.01276	0.24536	0.06815	0.06577	0.17095	0.03557	0.09179	0.01248	0.00865	0.00251	0.00836	0.00993	0.00774	0.01104
50	0.01013	0.00797	0.00919	0.01011	0.01188	0.00703	0.00727	0.01204	0.01765	0.02204	0.06574	0.34672	0.36693	0.02327	0.01024	0.00310	0.00464	0.04944	0.00771	0.00693
51	0.01189	0.00882	0.01292	0.01292	0.01426	0.01015	0.00985	0.01456	0.01322	0.01897	0.02264	0.03481	0.02171	0.12700	0.61172	0.01282	0.02083	0.00922	0.00451	0.00718
52	0.01666	0.04297	0.66500	0.02368	0.03596	0.01929	0.03069	0.02631	0.01754	0.02631	0.01491	0.01754	0.01052	0.00789	0.00789	0.00263	0.01228	0.00614	0.00351	0.01228
53	0.01725	0.03890	0.54293	0.02592	0.03743	0.01963	0.14868	0.02637	0.01795	0.02637	0.01528	0.01850	0.01094	0.00772	0.00827	0.00266	0.01262	0.00687	0.00365	0.01206
54	0.08518	0.02581	0.02563	0.12611	0.23883	0.27133	0.01948	0.02729	0.01998	0.02438	0.01565	0.02208	0.01347	0.00886	0.00788	0.00247	0.01161	0.03899	0.00440	0.01059
55	0.01784	0.01688	0.02732	0.04023	0.49315	0.01652	0.02065	0.02206	0.01892	0.02595	0.03295	0.03558	0.17489	0.01085	0.00863	0.00255	0.00844	0.00996	0.00502	0.01161
56	0.01106	0.00839	0.01019	0.00990	0.01203	0.00752	0.00737	0.01427	0.02164	0.02924	0.44063	0.10835	0.25151	0.01879	0.00986	0.00272	0.00406	0.01633	0.00862	0.00752
57	0.01208	0.00805	0.00906	0.00906	0.00906	0.00805	0.00503	0.01208	0.01208	0.01611	0.02618	0.05436	0.03020	0.70804	0.04228	0.00805	0.00805	0.01208	0.00503	0.00503
58	0.01007	0.00838	0.00884	0.00914	0.01168	0.00715	0.00689	0.01223	0.01867	0.02248	0.07809	0.13773	0.55962	0.02162	0.01000	0.00292	0.00448	0.05526	0.00771	0.00703
59	0.02056	0.01974	0.03372	0.05099	0.65622	0.01974	0.02550	0.02550	0.01892	0.02714	0.01563	0.02056	0.01316	0.00740	0.00822	0.00247	0.00987	0.00740	0.00411	0.01316
60	0.01208	0.00805	0.00906	0.00906	0.00906	0.00805	0.00503	0.01208	0.01208	0.01611	0.02618	0.05436	0.03020	0.70804	0.04228	0.00805	0.00805	0.01208	0.00503	0.00503
61	0.01942	0.01499	0.01694	0.01585	0.05030	0.01582	0.01171	0.13368	0.22758	0.06605	0.13340	0.04510	0.18618	0.01406	0.00895	0.00270	0.00624	0.01175	0.00822	0.01107
62	0.02181	0.09929	0.11610	0.10031	0.32269	0.15073	0.02289	0.02664	0.01921	0.02430	0.01446	0.01845	0.01185	0.00775	0.00774	0.00238	0.01122	0.00651	0.00396	0.01169
63	0.01442	0.00764	0.00812	0.00850	0.01015	0.00755	0.00618	0.01781	0.01712	0.02904	0.03080	0.16407	0.02796	0.01292	0.00676	0.00222	0.00406	0.01089	0.60624	0.00755
64	0.02222	0.14332	0.06117	0.02002	0.02563	0.24897	0.12186	0.02612	0.02106	0.02455	0.14016	0.02559	0.02452	0.00954	0.00794	0.00226	0.01096	0.00791	0.00510	0.05108
65	0.01954	0.01508	0.04249	0.01352	0.01789	0.04899	0.01112	0.02750	0.17004	0.15140	0.07727	0.05168	0.25974	0.01525	0.00907	0.00276	0.00644	0.04179	0.00808	0.01033
66	0.09254	0.36561	0.13402	0.02075	0.02877	0.02638	0.17642	0.02550	0.01743	0.02411	0.01343	0.01635	0.01099	0.00725	0.00686	0.00225	0.01049	0.00610	0.00387	0.01088

[dist]
# distance from previous block
# <min> <max>
0	4

[block]
# block no. 2 follows, 22 sequences, length 58
# corresponding to MSA columns:
# 334-391
name=unknown_C
#
# <colnr> <probs for GDERKNQSTAVLIFYWHMCP>
#	G	D	E	R	K	N	Q	S	T	A	V	L	I	F	Y	W	H	M	C	P
0	0.02439	0.26088	0.02791	0.01650	0.02176	0.21112	0.01379	0.07199	0.14708	0.02626	0.01858	0.01962	0.01496	0.00882	0.00683	0.00216	0.00967	0.00625	0.08062	0.01082
1	0.02165	0.53598	0.16728	0.01657	0.02454	0.07044	0.01764	0.02568	0.01743	0.02095	0.01231	0.01428	0.01064	0.00736	0.00598	0.00197	0.00995	0.00484	0.00359	0.01092
2	0.06189	0.02031	0.22777	0.01463	0.02023	0.01210	0.01523	0.01876	0.01945	0.02829	0.24681	0.10622	0.14638	0.01488	0.00894	0.00272	0.00699	0.01261	0.00664	0.00915
3	0.01954	0.18561	0.10540	0.05782	0.02337	0.13044	0.01499	0.06416	0.02138	0.02645	0.17216	0.03328	0.09025	0.01144	0.00792	0.00236	0.00887	0.00901	0.00574	0.00981
4	0.00998	0.00814	0.00883	0.00926	0.01147	0.00699	0.00672	0.01202	0.01844	0.02268	0.10255	0.22565	0.48437	0.02202	0.01000	0.00293	0.00434	0.01884	0.00778	0.00699
5	0.01785	0.01688	0.02733	0.04023	0.49326	0.01652	0.02065	0.02207	0.01892	0.02595	0.03294	0.03557	0.17478	0.01085	0.00863	0.00255	0.00844	0.00996	0.00502	0.01161
6	0.02023	0.11735	0.24147	0.03038	0.20500	0.08743	0.06178	0.02596	0.01807	0.02445	0.01418	0.01796	0.01146	0.00835	0.00973	0.00254	0.08162	0.00654	0.00382	0.01166
7	0.12339	0.05952	0.13290	0.03083	0.18020	0.01995	0.22037	0.02715	0.01860	0.08463	0.01667	0.02005	0.01253	0.00763	0.00813	0.00259	0.01083	0.00753	0.00471	0.01176
8	0.01035	0.00831	0.00924	0.00928	0.01162	0.00720	0.00685	0.01285	0.01980	0.02512	0.22673	0.14137	0.44105	0.02052	0.00990	0.00282	0.00420	0.01753	0.00808	0.00720
9	0.02682	0.02052	0.02649	0.02888	0.23256	0.02175	0.01825	0.35566	0.03001	0.07565	0.02097	0.06645	0.01690	0.01022	0.00844	0.00255	0.00898	0.00859	0.00699	0.01331
10	0.02297	0.33443	0.03821	0.02425	0.10636	0.15047	0.11933	0.02649	0.01858	0.02188	0.01315	0.01641	0.01133	0.00790	0.00833	0.00223	0.05695	0.00608	0.00388	0.01077
11	0.01208	0.00805	0.00906	0.00906	0.00906	0.00805	0.00503	0.01208	0.01208	0.01611	0.02618	0.05436	0.03020	0.70804	0.04228	0.00805	0.00805	0.01208	0.00503	0.00503
12	0.01068	0.00747	0.00947	0.01085	0.01119	0.00712	0.00694	0.01171	0.01481	0.01975	0.04017	0.51704	0.04786	0.22127	0.01967	0.00471	0.00575	0.02031	0.00694	0.00626
13	0.02309	0.01366	0.01613	0.01389	0.01793	0.01362	0.01084	0.19575	0.02512	0.18351	0.06300	0.21615	0.09375	0.01579	0.00900	0.00275	0.00643	0.01341	0.05542	0.01075
14	0.05548	0.02198	0.02410	0.05213	0.16470	0.10591	0.01708	0.23814	0.10525	0.03588	0.02345	0.02669	0.04768	0.01031	0.00828	0.00257	0.00940	0.03230	0.00650	0.01217
15	0.01803	0.01798	0.02542	0.05991	0.02383	0.02505	0.01846	0.02006	0.01295	0.02006	0.01113	0.01840	0.01091	0.01418	0.02618	0.00359	0.65385	0.00728	0.00364	0.00910
16	0.05906	0.01982	0.05460	0.01710	0.02328	0.01965	0.01448	0.28334	0.13351	0.21149	0.02646	0.05761	0.01941	0.01087	0.00831	0.00262	0.00798	0.00865	0.00846	0.01329
17	0.01069	0.00845	0.00962	0.00933	0.01176	0.00738	0.00700	0.01361	0.02099	0.02732	0.33897	0.07192	0.39499	0.01922	0.00981	0.00272	0.00408	0.01641	0.00836	0.00738
18	0.02258	0.20221	0.02558	0.05977	0.02309	0.02025	0.01315	0.11670	0.08120	0.10257	0.06813	0.04703	0.02078	0.00961	0.00731	0.00216	0.00759	0.00759	0.00635	0.15636
19	0.01176	0.00887	0.01101	0.01021	0.01266	0.00790	0.00769	0.01534	0.02231	0.03100	0.51159	0.06240	0.17569	0.01702	0.00957	0.00256	0.00411	0.01483	0.00863	0.05485
20	0.01495	0.02047	0.19804	0.18820	0.03152	0.01486	0.03950	0.02141	0.05837	0.02385	0.02428	0.16090	0.02325	0.08195	0.01195	0.00333	0.00919	0.01098	0.05361	0.00940
21	0.02066	0.52624	0.21678	0.01685	0.02540	0.02909	0.01881	0.02528	0.01706	0.02143	0.01249	0.01450	0.01062	0.00733	0.00604	0.00201	0.00983	0.00492	0.00354	0.01111
22	0.01027	0.00856	0.00905	0.00929	0.01198	0.00734	0.00721	0.01259	0.01896	0.02275	0.07906	0.08170	0.57606	0.02128	0.01003	0.00293	0.00464	0.09149	0.00771	0.00709
23	0.01569	0.01477	0.02492	0.68808	0.05722	0.01846	0.02307	0.02123	0.01661	0.02123	0.01477	0.02215	0.01107	0.00831	0.00831	0.00277	0.01107	0.00738	0.00369	0.00923
24	0.01012	0.00723	0.00964	0.01157	0.01205	0.00675	0.00771	0.01157	0.01591	0.02121	0.04579	0.70262	0.05495	0.02603	0.01060	0.00337	0.00482	0.02362	0.00771	0.00675
25	0.01012	0.00723	0.00964	0.01157	0.01205	0.00675	0.00771	0.01157	0.01591	0.02121	0.04579	0.70262	0.05495	0.02603	0.01060	0.00337	0.00482	0.02362	0.00771	0.00675
26	0.76672	0.01607	0.01221	0.01092	0.01607	0.01864	0.00900	0.02442	0.01414	0.03727	0.01157	0.01350	0.00900	0.00771	0.00514	0.00257	0.00643	0.00450	0.00514	0.00900
27	0.22871	0.31799	0.19357	0.01603	0.02380	0.05272	0.01707	0.02547	0.01657	0.02626	0.01247	0.01453	0.01016	0.00754	0.00603	0.00223	0.00933	0.00493	0.00402	0.01057
28	0.17087	0.02085	0.02040	0.01805	0.05695	0.09505	0.01363	0.18921	0.12945	0.10160	0.02041	0.02061	0.01506	0.00910	0.00741	0.00240	0.00838	0.00681	0.00689	0.08688
29	0.01934	0.13052	0.10373	0.01524	0.02209	0.01795	0.01402	0.02879	0.18103	0.05539	0.06280	0.02372	0.02002	0.00877	0.00718	0.00206	0.00737	0.00699	0.00596	0.26702
30	0.02452	0.07026	0.02241	0.01678	0.02284	0.19021	0.01339	0.15066	0.10248	0.03091	0.01752	0.01868	0.01380	0.00827	0.00718	0.00196	0.00930	0.00609	0.00580	0.26696
31	0.01998	0.01846	0.02750	0.12020	0.36344	0.01989	0.02097	0.03132	0.23118	0.02899	0.02173	0.02433	0.01706	0.00884	0.00831	0.00263	0.00890	0.00808	0.00554	0.01266
32	0.01781	0.01764	0.02475	0.02133	0.02141	0.02458	0.01773	0.01970	0.01276	0.01995	0.01155	0.01900	0.01147	0.01727	0.06431	0.00419	0.65449	0.00736	0.00368	0.00899
33	0.76672	0.01607	0.01221	0.01092	0.01607	0.01864	0.00900	0.02442	0.01414	0.03727	0.01157	0.01350	0.00900	0.00771	0.00514	0.00257	0.00643	0.00450	0.00514	0.00900
34	0.01187	0.00890	0.01335	0.01335	0.01483	0.01038	0.01038	0.01483	0.01335	0.01928	0.02225	0.03264	0.02077	0.06231	0.67512	0.01335	0.02225	0.00890	0.00445	0.00742
35	0.01045	0.00809	0.00953	0.00991	0.01180	0.00717	0.00715	0.01287	0.01933	0.02512	0.23144	0.25774	0.31689	0.02137	0.01004	0.00292	0.00431	0.01862	0.00811	0.00717
36	0.01740	0.03700	0.49198	0.02611	0.03684	0.02002	0.16305	0.02603	0.01774	0.02603	0.01511	0.01866	0.01101	0.00806	0.00939	0.00272	0.05029	0.00702	0.00367	0.01186
37	0.01081	0.00775	0.01030	0.01143	0.01245	0.00724	0.00806	0.01316	0.01845	0.02518	0.23434	0.46955	0.06185	0.02304	0.01040	0.00316	0.00470	0.05283	0.00815	0.00714
38	0.01765	0.02405	0.21908	0.10914	0.06727	0.01731	0.06044	0.08008	0.01933	0.02735	0.02033	0.09442	0.01840	0.01100	0.00943	0.00266	0.04560	0.04576	0.00495	0.10575
39	0.03006	0.08189	0.02550	0.02190	0.05241	0.52119	0.01630	0.10784	0.02487	0.02463	0.01378	0.01574	0.01124	0.00859	0.00748	0.00217	0.01361	0.00565	0.00474	0.01042
40	0.03103	0.03959	0.02354	0.02140	0.02568	0.67469	0.01605	0.03317	0.02354	0.02033	0.01284	0.01498	0.01070	0.00856	0.00749	0.00214	0.01498	0.00535	0.00428	0.00963
41	0.01820	0.22812	0.49328	0.02106	0.03191	0.02305	0.02614	0.02591	0.01736	0.02444	0.01398	0.01638	0.01056	0.00768	0.00718	0.00239	0.01134	0.00567	0.00352	0.01183
42	0.02284	0.66673	0.04228	0.01454	0.02162	0.03239	0.01432	0.06541	0.01837	0.02175	0.01211	0.01377	0.01089	0.00730	0.00553	0.00182	0.00890	0.00465	0.00387	0.01089
43	0.01176	0.00849	0.01110	0.01045	0.01241	0.00784	0.00784	0.01568	0.02352	0.03331	0.65184	0.06206	0.07839	0.01698	0.00980	0.00261	0.00392	0.01502	0.00914	0.00784
44	0.01091	0.00846	0.00992	0.00956	0.01189	0.00748	0.00717	0.01403	0.02150	0.02854	0.40262	0.06991	0.33058	0.01876	0.00981	0.00270	0.00405	0.01613	0.00852	0.00748
45	0.02125	0.01996	0.03317	0.04899	0.61664	0.02012	0.02489	0.06336	0.02018	0.02872	0.01590	0.02052	0.01322	0.00756	0.00823	0.00247	0.00982	0.00741	0.00438	0.01322
46	0.01549	0.00774	0.00774	0.00774	0.00968	0.00774	0.00581	0.01936	0.01742	0.03097	0.02710	0.03097	0.02129	0.00968	0.00581	0.00194	0.00387	0.00774	0.75416	0.00774
47	0.01176	0.00849	0.01110	0.01045	0.01241	0.00784	0.00784	0.01568	0.02352	0.03331	0.65184	0.06206	0.07839	0.01698	0.00980	0.00261	0.00392	0.01502	0.00914	0.00784
48	0.01760	0.15634	0.55985	0.02208	0.03348	0.02159	0.02791	0.02607	0.01743	0.02516	0.01434	0.01683	0.01055	0.00776	0.00746	0.00249	0.01170	0.00585	0.00352	0.01200
49	0.02054	0.06235	0.15046	0.01745	0.02339	0.16148	0.01610	0.06676	0.17011	0.02789	0.05797	0.03334	0.13418	0.01171	0.00826	0.00255	0.00931	0.00918	0.00616	0.01080
50	0.00993	0.00836	0.00862	0.00867	0.01132	0.00704	0.00646	0.01210	0.01903	0.02295	0.11203	0.10909	0.59388	0.02107	0.00986	0.00282	0.00422	0.01770	0.00779	0.00704
51	0.11526	0.01927	0.03099	0.04591	0.57498	0.01960	0.02340	0.02536	0.01831	0.02843	0.01511	0.01966	0.01263	0.00744	0.00783	0.00248	0.00943	0.00703	0.00424	0.01263
52	0.01541	0.02507	0.28383	0.15901	0.11300	0.01604	0.02276	0.02160	0.01726	0.02423	0.02295	0.16770	0.02223	0.01250	0.00877	0.00285	0.00992	0.03977	0.00472	0.01037
53	0.49420	0.01316	0.01111	0.01029	0.01423	0.01493	0.00826	0.02217	0.01495	0.03391	0.01675	0.01998	0.01340	0.01328	0.06711	0.00339	0.00720	0.00578	0.20740	0.00851
54	0.01822	0.01921	0.07840	0.06591	0.12966	0.08264	0.01551	0.02583	0.13706	0.05652	0.04217	0.04182	0.22695	0.01301	0.00870	0.00265	0.00807	0.01085	0.00636	0.01046
55	0.01377	0.01039	0.01229	0.01236	0.01434	0.01053	0.00890	0.07327	0.09859	0.02743	0.13479	0.36921	0.10096	0.05860	0.01168	0.00332	0.00543	0.01788	0.00793	0.00833
56	0.14025	0.14668	0.32400	0.02190	0.09207	0.02080	0.02199	0.02715	0.01767	0.09286	0.01573	0.01760	0.01161	0.00793	0.00710	0.00245	0.00998	0.00595	0.00454	0.01176
57	0.06986	0.37258	0.14128	0.01757	0.02466	0.20491	0.01718	0.02735	0.01864	0.02200	0.01247	0.01450	0.01055	0.00767	0.00634	0.00207	0.01097	0.00498	0.00384	0.01055

[dist]
# distance from previous block
# <min> <max>
0	2

[block]
# block no. 3 follows, 22 sequences, length 28
# corresponding to MSA columns:
# 394-421
name=unknown_D
#
# <colnr> <probs for GDERKNQSTAVLIFYWHMCP>
#	G	D	E	R	K	N	Q	S	T	A	V	L	I	F	Y	W	H	M	C	P
0	0.04825	0.01216	0.01452	0.01370	0.01694	0.01248	0.01048	0.02748	0.19599	0.14311	0.12725	0.23208	0.04154	0.01677	0.00931	0.00296	0.00583	0.05047	0.00849	0.01020
1	0.01792	0.07255	0.31112	0.02370	0.03053	0.02268	0.09413	0.02385	0.01590	0.02352	0.01340	0.01809	0.01092	0.01028	0.01534	0.00298	0.27173	0.00689	0.00364	0.01084
2	0.01279	0.00799	0.00878	0.00878	0.00919	0.00799	0.00520	0.01360	0.01320	0.01922	0.02637	0.04947	0.02834	0.56182	0.03465	0.00677	0.00718	0.01117	0.16189	0.00560
3	0.02407	0.02445	0.01944	0.01711	0.02164	0.24560	0.01323	0.14500	0.18191	0.03053	0.03444	0.03358	0.14952	0.01213	0.00838	0.00252	0.00948	0.00933	0.00682	0.01083
4	0.01081	0.00772	0.01042	0.01235	0.01313	0.00734	0.00890	0.01275	0.01658	0.02197	0.04541	0.57513	0.05345	0.02538	0.01079	0.00347	0.00541	0.14436	0.00770	0.00694
5	0.02802	0.07400	0.02748	0.02426	0.07394	0.49617	0.06216	0.03074	0.02179	0.02124	0.01314	0.01607	0.01104	0.00868	0.00893	0.00229	0.05992	0.00591	0.00418	0.01004
6	0.01187	0.00890	0.01335	0.01335	0.01483	0.01038	0.01038	0.01483	0.01335	0.01928	0.02225	0.03264	0.02077	0.06231	0.67512	0.01335	0.02225	0.00890	0.00445	0.00742
7	0.02765	0.01948	0.02073	0.01634	0.02183	0.02136	0.01335	0.47966	0.03377	0.04713	0.02169	0.02264	0.01588	0.00990	0.00770	0.00236	0.00785	0.00754	0.19058	0.01257
8	0.00982	0.00842	0.00842	0.00842	0.01122	0.00701	0.00631	0.01192	0.01894	0.02244	0.08416	0.07995	0.65285	0.02104	0.00982	0.00281	0.00421	0.01753	0.00771	0.00701
9	0.01723	0.01477	0.01723	0.01230	0.01969	0.01107	0.00984	0.02092	0.01723	0.02707	0.01477	0.01723	0.01230	0.00615	0.00615	0.00123	0.00615	0.00492	0.00492	0.75883
10	0.00982	0.00842	0.00842	0.00842	0.01122	0.00701	0.00631	0.01192	0.01894	0.02244	0.08416	0.07995	0.65285	0.02104	0.00982	0.00281	0.00421	0.01753	0.00771	0.00701
11	0.00982	0.00842	0.00842	0.00842	0.01122	0.00701	0.00631	0.01192	0.01894	0.02244	0.08416	0.07995	0.65285	0.02104	0.00982	0.00281	0.00421	0.01753	0.00771	0.00701
12	0.02056	0.01974	0.03372	0.05099	0.65622	0.01974	0.02550	0.02550	0.01892	0.02714	0.01563	0.02056	0.01316	0.00740	0.00822	0.00247	0.00987	0.00740	0.00411	0.01316
13	0.02056	0.01974	0.03372	0.05099	0.65622	0.01974	0.02550	0.02550	0.01892	0.02714	0.01563	0.02056	0.01316	0.00740	0.00822	0.00247	0.00987	0.00740	0.00411	0.01316
14	0.02056	0.01974	0.03372	0.05099	0.65622	0.01974	0.02550	0.02550	0.01892	0.02714	0.01563	0.02056	0.01316	0.00740	0.00822	0.00247	0.00987	0.00740	0.00411	0.01316
15	0.01242	0.01150	0.01057	0.01021	0.01333	0.05187	0.00771	0.01693	0.08934	0.02369	0.07386	0.07022	0.54049	0.01913	0.00951	0.00276	0.00517	0.01583	0.00757	0.00787
16	0.00986	0.00827	0.00857	0.00882	0.01133	0.00698	0.00649	0.01188	0.01855	0.02229	0.07930	0.15884	0.57709	0.02167	0.00992	0.00288	0.00429	0.01830	0.00771	0.00698
17	0.01819	0.01330	0.01621	0.01257	0.01853	0.01060	0.00988	0.02149	0.01751	0.09728	0.02128	0.10646	0.01927	0.01331	0.05671	0.00255	0.00728	0.00797	0.00584	0.52376
18	0.02337	0.62434	0.04090	0.01516	0.02190	0.11741	0.01446	0.02597	0.01776	0.01965	0.01172	0.01354	0.01067	0.00730	0.00562	0.00182	0.00969	0.00456	0.00365	0.01053
19	0.01090	0.00842	0.01004	0.01051	0.01259	0.00757	0.00803	0.01360	0.01956	0.02521	0.20618	0.17928	0.32285	0.02119	0.01021	0.00301	0.00479	0.11076	0.00804	0.00727
20	0.01765	0.16194	0.55466	0.02200	0.03336	0.02170	0.02777	0.02605	0.01742	0.02511	0.01431	0.01679	0.01055	0.00775	0.00744	0.00248	0.01167	0.00584	0.00352	0.01199
21	0.02056	0.01974	0.03372	0.05099	0.65622	0.01974	0.02550	0.02550	0.01892	0.02714	0.01563	0.02056	0.01316	0.00740	0.00822	0.00247	0.00987	0.00740	0.00411	0.01316
22	0.00995	0.00842	0.00860	0.00855	0.01130	0.00707	0.00641	0.01218	0.01924	0.02318	0.12247	0.07874	0.61408	0.02077	0.00982	0.00279	0.00419	0.01736	0.00781	0.00707
23	0.02056	0.01974	0.03372	0.05099	0.65622	0.01974	0.02550	0.02550	0.01892	0.02714	0.01563	0.02056	0.01316	0.00740	0.00822	0.00247	0.00987	0.00740	0.00411	0.01316
24	0.02079	0.01387	0.06288	0.01412	0.01848	0.01150	0.01215	0.02649	0.09029	0.22343	0.07089	0.13414	0.13628	0.01639	0.00944	0.00295	0.00660	0.11054	0.00833	0.01042
25	0.02803	0.03306	0.02766	0.02846	0.15903	0.44516	0.06337	0.07125	0.02333	0.02439	0.01420	0.01704	0.01159	0.00830	0.00787	0.00228	0.01344	0.00625	0.00451	0.01079
26	0.02056	0.01974	0.03372	0.05099	0.65622	0.01974	0.02550	0.02550	0.01892	0.02714	0.01563	0.02056	0.01316	0.00740	0.00822	0.00247	0.00987	0.00740	0.00411	0.01316
27	0.01666	0.04297	0.66500	0.02368	0.03596	0.01929	0.03069	0.02631	0.01754	0.02631	0.01491	0.01754	0.01052	0.00789	0.00789	0.00263	0.01228	0.00614	0.00351	0.01228

[dist]
# distance from previous block
# <min> <max>
0	4

[block]
# block no. 4 follows, 22 sequences, length 103
# corresponding to MSA columns:
# 426-528
name=unknown_E
#
# <colnr> <probs for GDERKNQSTAVLIFYWHMCP>
#	G	D	E	R	K	N	Q	S	T	A	V	L	I	F	Y	W	H	M	C	P
0	0.02056	0.01974	0.03372	0.05099	0.65622	0.01974	0.02550	0.02550	0.01892	0.02714	0.01563	0.02056	0.01316	0.00740	0.00822	0.00247	0.00987	0.00740	0.00411	0.01316
1	0.02771	0.09330	0.02538	0.02142	0.05675	0.39989	0.01601	0.08960	0.11319	0.02572	0.01650	0.01804	0.01328	0.00915	0.00839	0.00232	0.04112	0.00624	0.00517	0.01082
2	0.02028	0.01945	0.03321	0.08787	0.62154	0.01966	0.02536	0.02525	0.01878	0.02680	0.01558	0.02065	0.01304	0.00745	0.00823	0.00248	0.00994	0.00740	0.00409	0.01293
3	0.01997	0.02141	0.04328	0.04100	0.27319	0.02053	0.40088	0.02619	0.01935	0.02681	0.01636	0.02172	0.01281	0.00715	0.00921	0.00268	0.01245	0.00890	0.00417	0.01194
4	0.01169	0.00784	0.01013	0.01145	0.01251	0.00723	0.00792	0.01333	0.01659	0.05340	0.04820	0.54642	0.11478	0.05582	0.01190	0.00351	0.00514	0.04731	0.00772	0.00711
5	0.01963	0.01972	0.03693	0.04271	0.40186	0.01927	0.21948	0.02514	0.01916	0.02677	0.01847	0.02750	0.01598	0.00862	0.00902	0.00269	0.01102	0.05954	0.00445	0.01205
6	0.01885	0.30741	0.41975	0.01994	0.03018	0.02465	0.02419	0.02574	0.01728	0.02364	0.01358	0.01588	0.01058	0.00758	0.00688	0.00229	0.01094	0.00547	0.00353	0.01164
7	0.01666	0.04297	0.66500	0.02368	0.03596	0.01929	0.03069	0.02631	0.01754	0.02631	0.01491	0.01754	0.01052	0.00789	0.00789	0.00263	0.01228	0.00614	0.00351	0.01228
8	0.02051	0.01987	0.03447	0.05021	0.62611	0.01980	0.05501	0.02555	0.01895	0.02711	0.01568	0.02065	0.01313	0.00738	0.00830	0.00248	0.01007	0.00752	0.00412	0.01306
9	0.01906	0.01820	0.03100	0.24788	0.47110	0.01934	0.02475	0.02418	0.01820	0.02531	0.01536	0.02105	0.01251	0.00768	0.00825	0.00256	0.01024	0.00740	0.00398	0.01194
10	0.02004	0.01921	0.03278	0.11918	0.59211	0.01960	0.02524	0.02504	0.01867	0.02651	0.01553	0.02073	0.01294	0.00750	0.00823	0.00250	0.01000	0.00740	0.00407	0.01274
11	0.01762	0.15836	0.55798	0.02205	0.03344	0.02163	0.02786	0.02606	0.01743	0.02514	0.01433	0.01681	0.01055	0.00776	0.00745	0.00248	0.01169	0.00585	0.00352	0.01200
12	0.01751	0.03794	0.52820	0.02960	0.17037	0.01939	0.02957	0.02613	0.01784	0.02649	0.01506	0.01819	0.01109	0.00779	0.00796	0.00260	0.01176	0.00641	0.00364	0.01247
13	0.02792	0.04033	0.16255	0.02190	0.02791	0.53267	0.01922	0.03169	0.02224	0.02163	0.01329	0.01554	0.01066	0.00842	0.00758	0.00225	0.01440	0.00552	0.00411	0.01020
14	0.03067	0.02847	0.02366	0.01943	0.02502	0.25937	0.01544	0.38636	0.03249	0.03984	0.01770	0.01864	0.01321	0.00945	0.00790	0.00234	0.01102	0.00672	0.04005	0.01222
15	0.02258	0.01134	0.01271	0.01090	0.01449	0.01126	0.00863	0.10923	0.02186	0.17432	0.02736	0.02883	0.02013	0.00985	0.00672	0.00215	0.00532	0.00784	0.48440	0.01006
16	0.01834	0.01575	0.01661	0.01511	0.01935	0.01767	0.01170	0.03715	0.50301	0.03253	0.07197	0.04103	0.13766	0.01325	0.00876	0.00281	0.00603	0.01108	0.00836	0.01182
17	0.01015	0.00843	0.00888	0.00877	0.01143	0.00716	0.00657	0.01257	0.01972	0.02431	0.18191	0.07687	0.55393	0.02034	0.00981	0.00277	0.00416	0.01710	0.00796	0.00716
18	0.01166	0.00842	0.01102	0.01052	0.01239	0.00778	0.00783	0.01544	0.02307	0.03261	0.61675	0.09914	0.07703	0.01751	0.00984	0.00266	0.00397	0.01552	0.00906	0.00778
