[name]
unknown

[dist]
# distance from previous block
# <min> <max>
0	115

[block]
# block no. 0 follows, 21 sequences, length 10
# corresponding to MSA columns:
# 115-124
name=unknown_A
#
# <colnr> <probs for GDERKNQSTAVLIFYWHMCP>
#	G	D	E	R	K	N	Q	S	T	A	V	L	I	F	Y	W	H	M	C	P
0	0.01371	0.00980	0.01371	0.01567	0.01763	0.00980	0.01371	0.01763	0.01959	0.02547	0.04506	0.09599	0.04898	0.02351	0.01175	0.00392	0.00784	0.59056	0.00784	0.00784
1	0.01733	0.01642	0.02781	0.52146	0.20775	0.01924	0.02426	0.02285	0.01761	0.02328	0.01535	0.02228	0.01188	0.00827	0.00849	0.00276	0.01103	0.00757	0.00389	0.01047
2	0.02244	0.02284	0.03320	0.04834	0.56790	0.10338	0.02487	0.02713	0.01999	0.02691	0.01564	0.02033	0.01316	0.00774	0.00833	0.00248	0.01078	0.00731	0.00423	0.01302
3	0.02150	0.01350	0.01624	0.01360	0.01764	0.01339	0.01077	0.17288	0.02794	0.14308	0.35562	0.04770	0.08114	0.01462	0.00940	0.00265	0.00593	0.01241	0.00928	0.01071
4	0.01145	0.00831	0.00979	0.01012	0.01109	0.00808	0.00664	0.01261	0.01488	0.01935	0.04388	0.16704	0.18057	0.34285	0.11013	0.00685	0.00862	0.01529	0.00620	0.00625
5	0.01248	0.00902	0.01318	0.01318	0.01474	0.01041	0.01024	0.01559	0.01403	0.02078	0.02322	0.03329	0.02132	0.05920	0.61047	0.01267	0.02118	0.00902	0.06836	0.00763
6	0.02426	0.01768	0.01918	0.01544	0.01982	0.01895	0.01183	0.36495	0.02870	0.03867	0.02245	0.03309	0.02035	0.26103	0.02104	0.00455	0.00879	0.00923	0.00710	0.05290
7	0.01358	0.00965	0.01168	0.01220	0.01336	0.00966	0.00827	0.08761	0.01831	0.02445	0.03881	0.45849	0.04502	0.18574	0.01832	0.00449	0.00628	0.01931	0.00732	0.00743
8	0.01052	0.00769	0.00994	0.01167	0.01254	0.00711	0.00805	0.01223	0.01687	0.02210	0.05169	0.58469	0.12908	0.02584	0.01081	0.00341	0.00503	0.05584	0.00790	0.00700
9	0.01154	0.00854	0.01029	0.01002	0.01183	0.00781	0.00716	0.01432	0.02062	0.02789	0.37743	0.09706	0.20561	0.13419	0.01570	0.00370	0.00484	0.01592	0.00824	0.00729

[dist]
# distance from previous block
# <min> <max>
0	8

[block]
# block no. 1 follows, 21 sequences, length 56
# corresponding to MSA columns:
# 133-188
name=unknown_B
#
# <colnr> <probs for GDERKNQSTAVLIFYWHMCP>
#	G	D	E	R	K	N	Q	S	T	A	V	L	I	F	Y	W	H	M	C	P
0	0.01232	0.00870	0.01089	0.01136	0.01327	0.00806	0.00887	0.01394	0.01823	0.02323	0.12424	0.07182	0.27836	0.02332	0.01546	0.16231	0.00592	0.17582	0.00716	0.00672
1	0.01396	0.00955	0.01284	0.01251	0.01405	0.01108	0.00977	0.01721	0.01502	0.02382	0.02344	0.03157	0.02057	0.04153	0.39028	0.00890	0.07430	0.00858	0.25318	0.00786
2	0.04274	0.00999	0.01077	0.00990	0.01340	0.00848	0.00750	0.01480	0.01930	0.02580	0.14095	0.10720	0.39676	0.01818	0.00927	0.00260	0.00475	0.01529	0.00750	0.13484
3	0.01404	0.00822	0.00983	0.00983	0.01101	0.00856	0.00690	0.01607	0.01489	0.02358	0.02523	0.03781	0.02343	0.20379	0.16284	0.07515	0.00952	0.00930	0.32324	0.00675
4	0.01135	0.00790	0.00998	0.01126	0.01170	0.00762	0.00741	0.01251	0.01519	0.02020	0.03971	0.42176	0.04679	0.26292	0.02232	0.00518	0.00634	0.06656	0.00693	0.00637
5	0.01314	0.00939	0.01257	0.01234	0.01358	0.01050	0.00923	0.01580	0.01566	0.02326	0.10504	0.09431	0.03239	0.13044	0.28496	0.00800	0.06832	0.01131	0.12231	0.00745
6	0.01370	0.01046	0.01316	0.01461	0.06518	0.01014	0.00958	0.05735	0.01955	0.02590	0.14021	0.17691	0.17363	0.16431	0.01716	0.00412	0.00634	0.06249	0.00728	0.00792
7	0.01222	0.00886	0.01238	0.01238	0.01345	0.00993	0.00902	0.01437	0.01329	0.01880	0.02398	0.03999	0.02412	0.25144	0.48348	0.01208	0.01851	0.01008	0.00473	0.00688
8	0.08453	0.01878	0.01856	0.01579	0.02031	0.06298	0.01241	0.23724	0.15676	0.03792	0.02392	0.02736	0.01910	0.07358	0.05752	0.00381	0.00915	0.00823	0.10067	0.01140
9	0.17531	0.01514	0.01634	0.01273	0.01911	0.01363	0.01018	0.02336	0.06016	0.02985	0.01644	0.01913	0.01354	0.01174	0.06052	0.00269	0.00775	0.00561	0.00531	0.48146
10	0.01299	0.00896	0.01139	0.01063	0.01297	0.00812	0.00802	0.01672	0.02345	0.06163	0.53764	0.06448	0.15560	0.01765	0.00997	0.00270	0.00421	0.01543	0.00922	0.00822
11	0.01685	0.01277	0.01632	0.01492	0.01715	0.01462	0.01153	0.14330	0.01927	0.02676	0.02391	0.08854	0.02322	0.12769	0.33837	0.00893	0.07095	0.01037	0.00569	0.00882
12	0.20669	0.01300	0.01515	0.01460	0.01854	0.01335	0.01243	0.04852	0.02012	0.16107	0.03336	0.05839	0.03181	0.01636	0.00933	0.00327	0.00746	0.29892	0.00778	0.00984
13	0.01633	0.00892	0.01199	0.01255	0.01435	0.00811	0.00889	0.01820	0.01802	0.15716	0.04405	0.55256	0.04874	0.02321	0.01037	0.00328	0.00543	0.02084	0.00846	0.00853
14	0.01788	0.11088	0.02032	0.01536	0.01850	0.09922	0.01240	0.07112	0.01778	0.02285	0.01984	0.02726	0.01793	0.04433	0.43434	0.00961	0.01879	0.00789	0.00475	0.00894
15	0.01122	0.00797	0.01032	0.01111	0.01207	0.00748	0.00758	0.01340	0.01851	0.02539	0.25348	0.38957	0.06137	0.11214	0.01484	0.00381	0.00505	0.01955	0.00805	0.00707
16	0.02106	0.02022	0.03454	0.05223	0.64784	0.02022	0.02612	0.02612	0.01938	0.02780	0.01601	0.02106	0.01348	0.00758	0.00842	0.00253	0.01011	0.00758	0.00421	0.01348
17	0.01747	0.12793	0.53336	0.02208	0.03325	0.02078	0.02766	0.02602	0.01829	0.02653	0.05731	0.02049	0.01550	0.00861	0.00788	0.00258	0.01154	0.00668	0.00399	0.01205
18	0.01037	0.00806	0.00943	0.01029	0.01199	0.00713	0.00726	0.01236	0.01834	0.02332	0.11368	0.36574	0.32451	0.02359	0.01043	0.00313	0.00458	0.02065	0.00802	0.00713
19	0.01791	0.03549	0.43212	0.08259	0.08349	0.02010	0.15476	0.02653	0.01844	0.02665	0.01572	0.01963	0.01147	0.00789	0.00856	0.00273	0.01268	0.00728	0.00380	0.01215
20	0.01126	0.00832	0.01052	0.01072	0.01242	0.00758	0.00775	0.01426	0.02113	0.02886	0.38700	0.24768	0.15965	0.02069	0.01028	0.00293	0.00432	0.01831	0.00872	0.00758
21	0.76103	0.01646	0.01251	0.01119	0.01646	0.01909	0.00922	0.02502	0.01448	0.03818	0.01185	0.01382	0.00922	0.00790	0.00527	0.00263	0.00658	0.00461	0.00527	0.00922
22	0.03115	0.08766	0.02557	0.02140	0.02599	0.62195	0.01631	0.03338	0.02363	0.02077	0.01306	0.01523	0.01096	0.00866	0.00752	0.00217	0.01490	0.00542	0.00433	0.00994
23	0.01216	0.00912	0.01368	0.01368	0.01520	0.01064	0.01064	0.01520	0.01368	0.01976	0.02279	0.03343	0.02127	0.06382	0.66720	0.01368	0.02279	0.00912	0.00456	0.00760
24	0.01220	0.00893	0.01273	0.01273	0.01393	0.01013	0.00946	0.01459	0.01340	0.01906	0.02366	0.03820	0.02335	0.20035	0.53350	0.01251	0.01968	0.00982	0.00469	0.00707
25	0.01006	0.00862	0.00862	0.00862	0.01149	0.00718	0.00647	0.01221	0.01940	0.02299	0.08621	0.08190	0.64438	0.02155	0.01006	0.00287	0.00431	0.01796	0.00790	0.00718
26	0.01586	0.00793	0.00793	0.00793	0.00991	0.00793	0.00595	0.01983	0.01785	0.03173	0.02776	0.03173	0.02181	0.00991	0.00595	0.00198	0.00397	0.00793	0.74817	0.00793
27	0.03179	0.04056	0.02412	0.02192	0.02631	0.66676	0.01644	0.03398	0.02412	0.02083	0.01315	0.01535	0.01096	0.00877	0.00767	0.00219	0.01535	0.00548	0.00438	0.00987
28	0.01037	0.00741	0.00987	0.01185	0.01234	0.00691	0.00790	0.01185	0.01629	0.02172	0.04690	0.69537	0.05629	0.02666	0.01086	0.00346	0.00494	0.02419	0.00790	0.00691
29	0.02248	0.13273	0.03446	0.06889	0.44387	0.10402	0.02293	0.02682	0.01954	0.02542	0.01494	0.01922	0.01266	0.00772	0.00786	0.00238	0.01066	0.00683	0.00412	0.01244
30	0.02275	0.70604	0.04459	0.01456	0.02184	0.03367	0.01456	0.02548	0.01729	0.02002	0.01183	0.01365	0.01092	0.00728	0.00546	0.00182	0.00910	0.00455	0.00364	0.01092
31	0.01217	0.00906	0.01339	0.01339	0.01481	0.01048	0.01028	0.01501	0.01359	0.01954	0.02306	0.03490	0.02191	0.10577	0.62613	0.01332	0.02184	0.00933	0.00460	0.00744
32	0.02321	0.01570	0.01874	0.01372	0.02101	0.01283	0.01110	0.07480	0.02091	0.16279	0.01948	0.02028	0.01455	0.00752	0.00696	0.00166	0.00675	0.00600	0.00649	0.53548
33	0.02298	0.02310	0.02505	0.12820	0.17547	0.15750	0.01860	0.06061	0.20986	0.02900	0.02118	0.02321	0.01648	0.00926	0.00826	0.00256	0.01017	0.00765	0.00579	0.04506
34	0.22915	0.03616	0.47315	0.02053	0.03102	0.01957	0.02511	0.02640	0.01697	0.03015	0.01430	0.01679	0.01033	0.00803	0.00728	0.00268	0.01087	0.00581	0.00407	0.01162
35	0.02261	0.02389	0.02031	0.01842	0.02155	0.24673	0.01417	0.05167	0.14960	0.02467	0.02058	0.02575	0.01771	0.06687	0.14582	0.00527	0.10109	0.00788	0.00545	0.00997
36	0.01586	0.00793	0.00793	0.00793	0.00991	0.00793	0.00595	0.01983	0.01785	0.03173	0.02776	0.03173	0.02181	0.00991	0.00595	0.00198	0.00397	0.00793	0.74817	0.00793
37	0.01977	0.01765	0.06269	0.01595	0.02058	0.01725	0.01330	0.15587	0.23682	0.03729	0.20591	0.09198	0.04051	0.01394	0.00916	0.00279	0.00678	0.01182	0.00841	0.01152
38	0.01195	0.00870	0.01124	0.01061	0.01265	0.00799	0.00795	0.01587	0.02386	0.03359	0.61631	0.06446	0.10767	0.01760	0.01004	0.00269	0.00403	0.01552	0.00930	0.00799
39	0.02630	0.44486	0.03656	0.01745	0.02360	0.28214	0.01530	0.02882	0.01997	0.02034	0.01235	0.01432	0.01094	0.00787	0.00633	0.00197	0.01155	0.00492	0.00393	0.01051
40	0.01407	0.01193	0.01735	0.01625	0.01731	0.01521	0.01300	0.01676	0.01349	0.01997	0.01935	0.02904	0.01828	0.04932	0.47771	0.01073	0.21919	0.00862	0.00431	0.00811
41	0.02291	0.64609	0.07114	0.01533	0.02272	0.06182	0.01540	0.02593	0.01763	0.02037	0.01205	0.01392	0.01092	0.00738	0.00568	0.00188	0.00954	0.00467	0.00367	0.01095
42	0.01443	0.05672	0.01685	0.01343	0.01706	0.01236	0.01074	0.01766	0.01505	0.02206	0.01987	0.02760	0.01811	0.04359	0.43397	0.00933	0.01716	0.00765	0.00464	0.22171
43	0.03034	0.09387	0.02648	0.02331	0.06686	0.57220	0.01693	0.03277	0.02324	0.02122	0.01323	0.01558	0.01112	0.00857	0.00754	0.00218	0.01449	0.00554	0.00431	0.01019
44	0.02084	0.01999	0.03414	0.08053	0.62130	0.02016	0.02601	0.02592	0.01927	0.02753	0.01597	0.02114	0.01338	0.00762	0.00843	0.00254	0.01017	0.00758	0.00419	0.01330
45	0.01724	0.01229	0.01456	0.04464	0.01891	0.01246	0.01133	0.02565	0.17452	0.09980	0.07735	0.06265	0.23808	0.01740	0.00982	0.00306	0.00633	0.13578	0.00825	0.00989
46	0.01081	0.00927	0.00934	0.00921	0.01221	0.00813	0.00694	0.01445	0.06087	0.02384	0.08272	0.07851	0.60255	0.02088	0.00996	0.00287	0.00447	0.01740	0.00795	0.00761
47	0.02106	0.02022	0.03454	0.05223	0.64784	0.02022	0.02612	0.02612	0.01938	0.02780	0.01601	0.02106	0.01348	0.00758	0.00842	0.00253	0.01011	0.00758	0.00421	0.01348
48	0.01091	0.00763	0.00971	0.01116	0.01152	0.00727	0.00716	0.01199	0.01524	0.02032	0.04148	0.52282	0.04945	0.20854	0.01962	0.00475	0.00583	0.02101	0.00716	0.00644
49	0.01037	0.00741	0.00987	0.01185	0.01234	0.00691	0.00790	0.01185	0.01629	0.02172	0.04690	0.69537	0.05629	0.02666	0.01086	0.00346	0.00494	0.02419	0.00790	0.00691
50	0.01586	0.00793	0.00793	0.00793	0.00991	0.00793	0.00595	0.01983	0.01785	0.03173	0.02776	0.03173	0.02181	0.00991	0.00595	0.00198	0.00397	0.00793	0.74817	0.00793
51	0.01765	0.01513	0.01765	0.01260	0.02017	0.01134	0.01008	0.02143	0.01765	0.02773	0.01513	0.01765	0.01260	0.00630	0.00630	0.00126	0.00630	0.00504	0.00504	0.75295
52	0.01200	0.01126	0.01084	0.01152	0.04202	0.05121	0.00804	0.01429	0.01971	0.02307	0.07814	0.07469	0.57338	0.02006	0.00983	0.00281	0.00531	0.01666	0.00750	0.00765
53	0.01991	0.06753	0.01831	0.01517	0.01841	0.25050	0.01165	0.02303	0.02276	0.02690	0.30636	0.04136	0.06992	0.01679	0.05213	0.00317	0.00975	0.01073	0.00678	0.00883
54	0.02227	0.02307	0.02739	0.10694	0.16053	0.14585	0.02023	0.06491	0.01879	0.02449	0.01367	0.01912	0.01187	0.01110	0.01630	0.00299	0.28839	0.00713	0.00428	0.01067
55	0.02874	0.11764	0.02542	0.01875	0.02406	0.29015	0.01498	0.15769	0.08980	0.07492	0.06083	0.02213	0.01867	0.00988	0.00789	0.00236	0.01103	0.00714	0.00638	0.01156

[dist]
# distance from previous block
# <min> <max>
1	6

[block]
# block no. 2 follows, 21 sequences, length 51
# corresponding to MSA columns:
# 195-245
name=unknown_C
#
# <colnr> <probs for GDERKNQSTAVLIFYWHMCP>
#	G	D	E	R	K	N	Q	S	T	A	V	L	I	F	Y	W	H	M	C	P
0	0.02041	0.02815	0.19235	0.03382	0.25492	0.11224	0.08542	0.02637	0.02010	0.02679	0.05899	0.02729	0.01908	0.00952	0.00872	0.00266	0.01139	0.04534	0.00466	0.01179
1	0.10445	0.06196	0.15934	0.01649	0.02283	0.01821	0.01592	0.03113	0.23377	0.06124	0.06016	0.03551	0.09579	0.01201	0.00831	0.00277	0.00781	0.03400	0.00685	0.01146
2	0.01216	0.00912	0.01368	0.01368	0.01520	0.01064	0.01064	0.01520	0.01368	0.01976	0.02279	0.03343	0.02127	0.06382	0.66720	0.01368	0.02279	0.00912	0.00456	0.00760
3	0.02614	0.45649	0.03691	0.01732	0.02352	0.27108	0.01527	0.02867	0.01985	0.02032	0.01233	0.01429	0.01094	0.00784	0.00629	0.00196	0.01144	0.00490	0.00392	0.01053
4	0.02560	0.17218	0.02728	0.01627	0.02343	0.02327	0.01390	0.29982	0.02795	0.03804	0.01686	0.01805	0.01310	0.00833	0.00714	0.00198	0.00834	0.00615	0.00634	0.24596
5	0.02802	0.02155	0.02513	0.16579	0.03325	0.02440	0.01765	0.45004	0.07315	0.04541	0.02017	0.02166	0.01452	0.00992	0.00852	0.00264	0.00963	0.00777	0.00747	0.01330
6	0.01274	0.00971	0.01404	0.01391	0.01564	0.01132	0.01082	0.01713	0.05361	0.02078	0.02356	0.03332	0.02158	0.06045	0.62470	0.01298	0.02176	0.00915	0.00482	0.00798
7	0.01586	0.00793	0.00793	0.00793	0.00991	0.00793	0.00595	0.01983	0.01785	0.03173	0.02776	0.03173	0.02181	0.00991	0.00595	0.00198	0.00397	0.00793	0.74817	0.00793
8	0.01238	0.00825	0.00928	0.00928	0.00928	0.00825	0.00516	0.01238	0.01238	0.01650	0.02681	0.05569	0.03094	0.70092	0.04331	0.00825	0.00825	0.01238	0.00516	0.00516
9	0.02014	0.01968	0.03057	0.23800	0.40851	0.05427	0.02427	0.02611	0.04733	0.02597	0.01645	0.02174	0.01328	0.00811	0.00842	0.00262	0.01060	0.00756	0.00430	0.01208
10	0.01221	0.00893	0.01270	0.01270	0.01389	0.01011	0.00942	0.01457	0.01339	0.01903	0.02368	0.03836	0.02342	0.20492	0.52903	0.01248	0.01957	0.00984	0.00469	0.00706
11	0.01640	0.18614	0.05443	0.02252	0.17783	0.01762	0.01490	0.01968	0.01826	0.02344	0.03964	0.15411	0.19352	0.01472	0.00855	0.00262	0.00747	0.01253	0.00570	0.00992
12	0.76103	0.01646	0.01251	0.01119	0.01646	0.01909	0.00922	0.02502	0.01448	0.03818	0.01185	0.01382	0.00922	0.00790	0.00527	0.00263	0.00658	0.00461	0.00527	0.00922
13	0.01037	0.00863	0.00906	0.00895	0.01169	0.00732	0.00671	0.01282	0.02014	0.02475	0.17412	0.07901	0.55538	0.02090	0.01005	0.00284	0.00426	0.01755	0.00813	0.00732
14	0.01969	0.01882	0.03207	0.22479	0.48600	0.01986	0.02544	0.02492	0.01873	0.02614	0.01577	0.02151	0.01289	0.00784	0.00845	0.00261	0.01045	0.00758	0.00409	0.01237
15	0.02275	0.70604	0.04459	0.01456	0.02184	0.03367	0.01456	0.02548	0.01729	0.02002	0.01183	0.01365	0.01092	0.00728	0.00546	0.00182	0.00910	0.00455	0.00364	0.01092
16	0.05659	0.02288	0.18167	0.40118	0.08307	0.01936	0.02428	0.02502	0.05805	0.02518	0.01633	0.02155	0.01219	0.00852	0.00824	0.00278	0.01102	0.00723	0.00416	0.01072
17	0.01100	0.00767	0.00969	0.01105	0.01139	0.00733	0.00704	0.01201	0.01507	0.02009	0.04062	0.49529	0.04836	0.23756	0.02101	0.00496	0.00597	0.02050	0.00704	0.00636
18	0.01050	0.00864	0.00923	0.00908	0.01176	0.00737	0.00681	0.01306	0.02044	0.02546	0.20959	0.07784	0.51946	0.02063	0.01005	0.00283	0.00425	0.01739	0.00823	0.00737
19	0.01006	0.00862	0.00862	0.00862	0.01149	0.00718	0.00647	0.01221	0.01940	0.02299	0.08621	0.08190	0.64438	0.02155	0.01006	0.00287	0.00431	0.01796	0.00790	0.00718
20	0.03071	0.06986	0.02549	0.05162	0.02760	0.48257	0.01663	0.14466	0.02647	0.02709	0.01457	0.01657	0.01165	0.00896	0.00776	0.00227	0.01370	0.00595	0.00511	0.01078
21	0.03179	0.04056	0.02412	0.02192	0.02631	0.66676	0.01644	0.03398	0.02412	0.02083	0.01315	0.01535	0.01096	0.00877	0.00767	0.00219	0.01535	0.00548	0.00438	0.00987
22	0.02274	0.02498	0.03436	0.12361	0.28978	0.17362	0.15434	0.02766	0.02035	0.02524	0.01548	0.02034	0.01248	0.00789	0.00862	0.00256	0.01245	0.00763	0.00422	0.01165
23	0.01813	0.03660	0.44327	0.02834	0.03952	0.02038	0.23756	0.02706	0.01871	0.02706	0.01596	0.01972	0.01153	0.00776	0.00877	0.00276	0.01320	0.00761	0.00384	0.01219
24	0.02104	0.04189	0.49955	0.02335	0.03400	0.14846	0.02753	0.02906	0.01951	0.05631	0.01574	0.01798	0.01132	0.00834	0.00803	0.00259	0.01287	0.00624	0.00409	0.01213
25	0.01749	0.01741	0.05935	0.01930	0.06443	0.01512	0.06695	0.02279	0.04966	0.02615	0.01723	0.02164	0.01450	0.01653	0.11106	0.00380	0.07395	0.00682	0.00483	0.37097
26	0.01006	0.00862	0.00862	0.00862	0.01149	0.00718	0.00647	0.01221	0.01940	0.02299	0.08621	0.08190	0.64438	0.02155	0.01006	0.00287	0.00431	0.01796	0.00790	0.00718
27	0.01542	0.01411	0.01770	0.01667	0.01809	0.05729	0.01348	0.01808	0.01544	0.02109	0.02727	0.04029	0.07769	0.03615	0.28317	0.00763	0.22198	0.08516	0.00502	0.00826
28	0.02347	0.21435	0.10724	0.04967	0.09469	0.18450	0.05377	0.03085	0.11463	0.02479	0.01699	0.01909	0.01365	0.00848	0.00753	0.00236	0.01121	0.00654	0.00470	0.01150
29	0.02226	0.01882	0.01986	0.01754	0.02255	0.02168	0.01373	0.10138	0.57452	0.03736	0.03325	0.03064	0.02485	0.01142	0.00864	0.00285	0.00699	0.00943	0.00864	0.01357
30	0.01037	0.00741	0.00987	0.01185	0.01234	0.00691	0.00790	0.01185	0.01629	0.02172	0.04690	0.69537	0.05629	0.02666	0.01086	0.00346	0.00494	0.02419	0.00790	0.00691
31	0.01765	0.01513	0.01765	0.01260	0.02017	0.01134	0.01008	0.02143	0.01765	0.02773	0.01513	0.01765	0.01260	0.00630	0.00630	0.00126	0.00630	0.00504	0.00504	0.75295
32	0.76103	0.01646	0.01251	0.01119	0.01646	0.01909	0.00922	0.02502	0.01448	0.03818	0.01185	0.01382	0.00922	0.00790	0.00527	0.00263	0.00658	0.00461	0.00527	0.00922
33	0.01055	0.00864	0.00930	0.00914	0.01180	0.00739	0.00685	0.01317	0.02056	0.02575	0.22452	0.07735	0.50435	0.02052	0.01005	0.00282	0.00424	0.01732	0.00827	0.00739
34	0.01006	0.00862	0.00862	0.00862	0.01149	0.00718	0.00647	0.01221	0.01940	0.02299	0.08621	0.08190	0.64438	0.02155	0.01006	0.00287	0.00431	0.01796	0.00790	0.00718
35	0.01030	0.00768	0.00960	0.01113	0.01216	0.00697	0.00758	0.01193	0.01698	0.02200	0.05561	0.55951	0.18652	0.02553	0.01068	0.00333	0.00480	0.02281	0.00790	0.00697
36	0.01830	0.03637	0.46549	0.02415	0.06794	0.02013	0.02674	0.03137	0.16839	0.02911	0.02005	0.02152	0.01465	0.00890	0.00824	0.00273	0.01101	0.00718	0.00487	0.01285
37	0.03182	0.03961	0.02420	0.02179	0.02631	0.63039	0.01643	0.06724	0.02502	0.02269	0.01357	0.01564	0.01116	0.00885	0.00772	0.00221	0.01501	0.00560	0.00462	0.01013
38	0.01668	0.01825	0.06078	0.02234	0.02637	0.04843	0.19572	0.02083	0.01797	0.02434	0.06803	0.15016	0.06353	0.01740	0.04686	0.00368	0.14534	0.03841	0.00551	0.00938
39	0.01499	0.10603	0.01577	0.01142	0.01491	0.10231	0.00897	0.01726	0.01977	0.02274	0.09958	0.06127	0.40947	0.04661	0.01053	0.00286	0.00663	0.01404	0.00682	0.00802
40	0.01593	0.02151	0.17777	0.02269	0.10175	0.04852	0.05700	0.02103	0.01897	0.02551	0.05852	0.17267	0.06359	0.01611	0.00977	0.00309	0.00921	0.14050	0.00600	0.00986
41	0.01713	0.01653	0.01430	0.01375	0.01530	0.17245	0.00962	0.01860	0.01568	0.01856	0.02220	0.03892	0.02305	0.33582	0.22373	0.00839	0.01442	0.00968	0.00478	0.00707
42	0.07226	0.56351	0.07149	0.01553	0.02267	0.09225	0.01524	0.02633	0.01779	0.02165	0.01213	0.01404	0.01080	0.00750	0.00579	0.00195	0.00970	0.00473	0.00382	0.01079
43	0.01734	0.01591	0.02397	0.51584	0.04956	0.01947	0.02111	0.02757	0.16980	0.02518	0.01997	0.02494	0.01498	0.00926	0.00855	0.00285	0.01020	0.00807	0.00499	0.01045
44	0.01461	0.01304	0.01498	0.01471	0.01658	0.09258	0.01136	0.01754	0.01498	0.01989	0.02159	0.03117	0.01999	0.05695	0.58483	0.01224	0.02186	0.00866	0.00454	0.00788
45	0.03014	0.03782	0.02436	0.02198	0.02581	0.58675	0.01671	0.03230	0.02273	0.02078	0.01291	0.01576	0.01099	0.00953	0.01020	0.00238	0.09902	0.00573	0.00430	0.00980
46	0.01082	0.00776	0.01028	0.01154	0.01244	0.00721	0.00793	0.01299	0.01840	0.02508	0.20822	0.52449	0.06278	0.02416	0.01064	0.00325	0.00469	0.02181	0.00830	0.00721
47	0.49306	0.01917	0.01730	0.01428	0.02011	0.02178	0.01178	0.24362	0.02387	0.04386	0.01501	0.01625	0.01115	0.00875	0.00646	0.00260	0.00761	0.00573	0.00646	0.01115
48	0.01006	0.00862	0.00862	0.00862	0.01149	0.00718	0.00647	0.01221	0.01940	0.02299	0.08621	0.08190	0.64438	0.02155	0.01006	0.00287	0.00431	0.01796	0.00790	0.00718
49	0.01216	0.00912	0.01368	0.01368	0.01520	0.01064	0.01064	0.01520	0.01368	0.01976	0.02279	0.03343	0.02127	0.06382	0.66720	0.01368	0.02279	0.00912	0.00456	0.00760
50	0.01963	0.01217	0.01499	0.01311	0.01779	0.01055	0.01067	0.02368	0.04434	0.16940	0.04398	0.07798	0.16781	0.01547	0.00913	0.00267	0.00637	0.13808	0.00781	0.19437

[dist]
# distance from previous block
# <min> <max>
0	1

[block]
# block no. 3 follows, 21 sequences, length 18
# corresponding to MSA columns:
# 247-264
name=unknown_D
#
# <colnr> <probs for GDERKNQSTAVLIFYWHMCP>
#	G	D	E	R	K	N	Q	S	T	A	V	L	I	F	Y	W	H	M	C	P
0	0.01765	0.01513	0.01765	0.01260	0.02017	0.01134	0.01008	0.02143	0.01765	0.02773	0.01513	0.01765	0.01260	0.00630	0.00630	0.00126	0.00630	0.00504	0.00504	0.75295
1	0.01226	0.00866	0.00992	0.00984	0.01071	0.00819	0.00603	0.01294	0.01394	0.01865	0.03410	0.14789	0.08725	0.49292	0.03299	0.00657	0.00728	0.01405	0.00579	0.06001
2	0.01577	0.01398	0.01960	0.02475	0.20153	0.04692	0.01501	0.01954	0.01866	0.02544	0.13567	0.04316	0.07658	0.02963	0.21813	0.00622	0.01272	0.06137	0.00582	0.00951
3	0.01126	0.00820	0.01060	0.01099	0.01248	0.00754	0.00787	0.01417	0.02077	0.02857	0.37474	0.30649	0.11217	0.02124	0.01035	0.00299	0.00439	0.01894	0.00870	0.00754
4	0.02004	0.02630	0.19346	0.04509	0.49180	0.02010	0.02748	0.02633	0.01902	0.02758	0.01582	0.02027	0.01279	0.00771	0.00834	0.00257	0.01074	0.00725	0.00405	0.01325
5	0.01940	0.04075	0.58642	0.02325	0.03516	0.01896	0.02935	0.02856	0.01867	0.09622	0.01729	0.01918	0.01192	0.00836	0.00814	0.00269	0.01199	0.00654	0.00436	0.01279
6	0.02275	0.70604	0.04459	0.01456	0.02184	0.03367	0.01456	0.02548	0.01729	0.02002	0.01183	0.01365	0.01092	0.00728	0.00546	0.00182	0.00910	0.00455	0.00364	0.01092
7	0.01186	0.00900	0.01113	0.01146	0.01375	0.00826	0.00917	0.01522	0.02118	0.02781	0.27879	0.07931	0.26185	0.02060	0.01055	0.00311	0.00524	0.18559	0.00842	0.00769
8	0.02651	0.02163	0.02156	0.01825	0.02372	0.07894	0.01446	0.21304	0.36458	0.08022	0.02850	0.02679	0.02095	0.01084	0.00852	0.00271	0.00830	0.00861	0.00836	0.01351
9	0.01006	0.00862	0.00862	0.00862	0.01149	0.00718	0.00647	0.01221	0.01940	0.02299	0.08621	0.08190	0.64438	0.02155	0.01006	0.00287	0.00431	0.01796	0.00790	0.00718
10	0.01204	0.00870	0.01138	0.01071	0.01271	0.00803	0.00803	0.01606	0.02409	0.03413	0.64335	0.06357	0.08030	0.01740	0.01004	0.00268	0.00401	0.01539	0.00937	0.00803
11	0.01586	0.00793	0.00793	0.00793	0.00991	0.00793	0.00595	0.01983	0.01785	0.03173	0.02776	0.03173	0.02181	0.00991	0.00595	0.00198	0.00397	0.00793	0.74817	0.00793
12	0.01417	0.01171	0.01280	0.01199	0.01523	0.01187	0.00915	0.02382	0.21532	0.03027	0.23386	0.06059	0.28208	0.01715	0.00961	0.00282	0.00499	0.01456	0.00857	0.00943
13	0.01586	0.00793	0.00793	0.00793	0.00991	0.00793	0.00595	0.01983	0.01785	0.03173	0.02776	0.03173	0.02181	0.00991	0.00595	0.00198	0.00397	0.00793	0.74817	0.00793
14	0.02162	0.57446	0.16628	0.01649	0.02482	0.03091	0.01792	0.02577	0.01743	0.02140	0.01252	0.01451	0.01089	0.00744	0.00598	0.00199	0.00979	0.00490	0.00363	0.01125
15	0.02654	0.02138	0.02478	0.01993	0.02574	0.02406	0.05473	0.32931	0.26381	0.04325	0.02516	0.02483	0.01859	0.01077	0.00970	0.00276	0.04443	0.00856	0.00804	0.01362
16	0.02486	0.02509	0.13898	0.03231	0.26530	0.02143	0.02216	0.23010	0.02635	0.06615	0.01818	0.02050	0.01366	0.00865	0.00829	0.00250	0.00995	0.00730	0.00592	0.05230
17	0.02245	0.02323	0.03197	0.10235	0.49019	0.13017	0.02425	0.02707	0.01998	0.02608	0.01544	0.02023	0.01286	0.00787	0.00830	0.00250	0.01111	0.00722	0.00420	0.01251

[dist]
# distance from previous block
# <min> <max>
0	1

[block]
# block no. 4 follows, 21 sequences, length 19
# corresponding to MSA columns:
# 266-284
name=unknown_E
#
# <colnr> <probs for GDERKNQSTAVLIFYWHMCP>
#	G	D	E	R	K	N	Q	S	T	A	V	L	I	F	Y	W	H	M	C	P
0	0.02525	0.08911	0.02458	0.02120	0.07516	0.25075	0.01556	0.15462	0.02391	0.02817	0.01726	0.02130	0.01451	0.02265	0.17303	0.00514	0.01490	0.00695	0.00524	0.01070
1	0.01864	0.03465	0.41182	0.03527	0.27740	0.01994	0.02935	0.02662	0.01852	0.02729	0.01556	0.01919	0.01184	0.00789	0.00822	0.00263	0.01161	0.00680	0.00384	0.01293
2	0.53651	0.01877	0.01547	0.01328	0.01876	0.07851	0.01080	0.06063	0.01836	0.13746	0.01597	0.01678	0.01159	0.00853	0.00620	0.00259	0.00765	0.00550	0.00622	0.01042
3	0.01006	0.00862	0.00862	0.00862	0.01149	0.00718	0.00647	0.01221	0.01940	0.02299	0.08621	0.08190	0.64438	0.02155	0.01006	0.00287	0.00431	0.01796	0.00790	0.00718
4	0.02117	0.01828	0.01924	0.01732	0.02213	0.02117	0.01347	0.04522	0.63246	0.03560	0.03464	0.03175	0.02598	0.01155	0.00866	0.00289	0.00673	0.00962	0.00866	0.01347
5	0.01765	0.01513	0.01765	0.01260	0.02017	0.01134	0.01008	0.02143	0.01765	0.02773	0.01513	0.01765	0.01260	0.00630	0.00630	0.00126	0.00630	0.00504	0.00504	0.75295
6	0.01218	0.00903	0.01321	0.01321	0.01457	0.01038	0.01005	0.01490	0.01354	0.01941	0.02322	0.03581	0.02231	0.13176	0.60067	0.01310	0.02124	0.00947	0.00462	0.00734
7	0.01019	0.00811	0.00915	0.00998	0.01185	0.00707	0.00707	0.01206	0.01809	0.02245	0.06961	0.34099	0.39601	0.02371	0.01040	0.00312	0.00458	0.02059	0.00790	0.00707
8	0.02068	0.02023	0.03571	0.08530	0.55084	0.02029	0.08898	0.02600	0.01932	0.02741	0.01609	0.02135	0.01330	0.00759	0.00860	0.00258	0.01063	0.00784	0.00420	0.01304
9	0.01006	0.00862	0.00862	0.00862	0.01149	0.00718	0.00647	0.01221	0.01940	0.02299	0.08621	0.08190	0.64438	0.02155	0.01006	0.00287	0.00431	0.01796	0.00790	0.00718
10	0.02686	0.03217	0.02447	0.02427	0.09044	0.43890	0.01712	0.02945	0.02181	0.02262	0.06589	0.02052	0.01707	0.01036	0.01124	0.00252	0.12275	0.00685	0.00468	0.01000
11	0.01029	0.00841	0.00909	0.00938	0.01175	0.00721	0.00686	0.01249	0.01927	0.02376	0.12887	0.18855	0.49037	0.02208	0.01020	0.00296	0.00439	0.01883	0.00803	0.00721
12	0.02060	0.01975	0.03371	0.11053	0.59316	0.02010	0.02589	0.02571	0.01916	0.02724	0.01593	0.02121	0.01328	0.00767	0.00843	0.00256	0.01022	0.00758	0.00417	0.01311
13	0.02636	0.02162	0.02711	0.03360	0.31070	0.11349	0.01952	0.03397	0.12936	0.16370	0.02268	0.02382	0.01696	0.00909	0.00838	0.00256	0.00966	0.00785	0.00639	0.01317
14	0.02836	0.02502	0.02512	0.02507	0.13486	0.16192	0.01717	0.22919	0.15333	0.08082	0.02192	0.02237	0.01636	0.00973	0.00835	0.00254	0.01010	0.00764	0.00703	0.01309
15	0.02704	0.06870	0.02591	0.02364	0.07698	0.40109	0.01720	0.03178	0.08635	0.02288	0.01528	0.01804	0.01281	0.00992	0.01115	0.00253	0.12712	0.00638	0.00467	0.01052
16	0.15419	0.02530	0.02311	0.01891	0.02426	0.15015	0.01531	0.34060	0.02971	0.04108	0.01657	0.01813	0.01254	0.01004	0.00987	0.00262	0.08215	0.00670	0.00665	0.01213
17	0.01257	0.00899	0.01116	0.01143	0.01271	0.00888	0.00811	0.03583	0.01773	0.02384	0.14830	0.19035	0.09471	0.23534	0.07564	0.00562	0.00771	0.07698	0.00705	0.00702
18	0.02604	0.03134	0.02041	0.01914	0.02264	0.47310	0.01418	0.02914	0.04923	0.02233	0.05276	0.15453	0.02420	0.01291	0.00847	0.00250	0.01231	0.00991	0.00553	0.00934

[dist]
# distance from previous block
# <min> <max>
0	5

[block]
# block no. 5 follows, 21 sequences, length 52
# corresponding to MSA columns:
# 290-341
name=unknown_F
#
# <colnr> <probs for GDERKNQSTAVLIFYWHMCP>
#	G	D	E	R	K	N	Q	S	T	A	V	L	I	F	Y	W	H	M	C	P
0	0.02537	0.02054	0.02381	0.02436	0.14352	0.05777	0.01632	0.33948	0.02997	0.03984	0.02489	0.16645	0.02314	0.01319	0.00896	0.00272	0.00889	0.01110	0.00731	0.01238
1	0.02569	0.08725	0.23400	0.02192	0.05616	0.18456	0.02081	0.06332	0.07949	0.11804	0.01924	0.02012	0.01407	0.00896	0.00793	0.00249	0.01140	0.00672	0.00557	0.01226
2	0.32451	0.22603	0.18032	0.01594	0.02354	0.05772	0.01660	0.02610	0.01667	0.02921	0.01275	0.01487	0.01019	0.00781	0.00614	0.00239	0.00925	0.00505	0.00433	0.01057
3	0.05920	0.21682	0.34306	0.02297	0.06865	0.07823	0.04811	0.02701	0.01830	0.02524	0.01412	0.01677	0.01100	0.00785	0.00730	0.00241	0.01149	0.00590	0.00383	0.01174
4	0.01371	0.01111	0.01551	0.01464	0.01545	0.01365	0.01119	0.01575	0.01322	0.01915	0.02105	0.03527	0.02122	0.20323	0.37154	0.01009	0.17279	0.00950	0.00451	0.00742
5	0.01028	0.00863	0.00893	0.00886	0.01163	0.00728	0.00664	0.01265	0.01993	0.02426	0.14958	0.07981	0.58022	0.02108	0.01006	0.00285	0.00428	0.01767	0.00807	0.00728
6	0.02106	0.02022	0.03454	0.05223	0.64784	0.02022	0.02612	0.02612	0.01938	0.02780	0.01601	0.02106	0.01348	0.00758	0.00842	0.00253	0.01011	0.00758	0.00421	0.01348
7	0.76103	0.01646	0.01251	0.01119	0.01646	0.01909	0.00922	0.02502	0.01448	0.03818	0.01185	0.01382	0.00922	0.00790	0.00527	0.00263	0.00658	0.00461	0.00527	0.00922
8	0.01586	0.00793	0.00793	0.00793	0.00991	0.00793	0.00595	0.01983	0.01785	0.03173	0.02776	0.03173	0.02181	0.00991	0.00595	0.00198	0.00397	0.00793	0.74817	0.00793
9	0.02275	0.70604	0.04459	0.01456	0.02184	0.03367	0.01456	0.02548	0.01729	0.02002	0.01183	0.01365	0.01092	0.00728	0.00546	0.00182	0.00910	0.00455	0.00364	0.01092
10	0.01225	0.00875	0.01183	0.01183	0.01271	0.00963	0.00833	0.01401	0.01313	0.01839	0.02449	0.04280	0.02534	0.33185	0.40473	0.01139	0.01668	0.01049	0.00481	0.00657
11	0.76103	0.01646	0.01251	0.01119	0.01646	0.01909	0.00922	0.02502	0.01448	0.03818	0.01185	0.01382	0.00922	0.00790	0.00527	0.00263	0.00658	0.00461	0.00527	0.00922
12	0.03179	0.04056	0.02412	0.02192	0.02631	0.66676	0.01644	0.03398	0.02412	0.02083	0.01315	0.01535	0.01096	0.00877	0.00767	0.00219	0.01535	0.00548	0.00438	0.00987
13	0.03179	0.04056	0.02412	0.02192	0.02631	0.66676	0.01644	0.03398	0.02412	0.02083	0.01315	0.01535	0.01096	0.00877	0.00767	0.00219	0.01535	0.00548	0.00438	0.00987
14	0.01942	0.01966	0.03637	0.15053	0.29648	0.01989	0.21759	0.02593	0.04453	0.02670	0.02009	0.02506	0.04099	0.00838	0.00905	0.00272	0.01131	0.00892	0.00451	0.01186
15	0.76103	0.01646	0.01251	0.01119	0.01646	0.01909	0.00922	0.02502	0.01448	0.03818	0.01185	0.01382	0.00922	0.00790	0.00527	0.00263	0.00658	0.00461	0.00527	0.00922
16	0.01993	0.02698	0.21128	0.04429	0.47431	0.02009	0.02763	0.02635	0.01898	0.02756	0.01580	0.02018	0.01271	0.00773	0.00833	0.00258	0.01081	0.00721	0.00404	0.01322
17	0.01609	0.01501	0.02206	0.01936	0.02026	0.01952	0.04536	0.01845	0.01374	0.02052	0.01764	0.06614	0.01774	0.05882	0.20763	0.00668	0.39277	0.00929	0.00431	0.00861
18	0.02018	0.02268	0.04864	0.03751	0.10516	0.02139	0.55751	0.02714	0.02001	0.02731	0.01710	0.02277	0.01297	0.00721	0.00988	0.00284	0.01392	0.00980	0.00429	0.01168
19	0.01238	0.00825	0.00928	0.00928	0.00928	0.00825	0.00516	0.01238	0.01238	0.01650	0.02681	0.05569	0.03094	0.70092	0.04331	0.00825	0.00825	0.01238	0.00516	0.00516
20	0.01037	0.00741	0.00987	0.01185	0.01234	0.00691	0.00790	0.01185	0.01629	0.02172	0.04690	0.69537	0.05629	0.02666	0.01086	0.00346	0.00494	0.02419	0.00790	0.00691
21	0.02211	0.01875	0.01977	0.01751	0.02249	0.02161	0.01370	0.09375	0.58239	0.03712	0.03344	0.03079	0.02501	0.01143	0.00865	0.00286	0.00696	0.00946	0.00865	0.01355
22	0.02508	0.02523	0.02998	0.03562	0.31352	0.17224	0.05715	0.14007	0.02445	0.03079	0.01996	0.02293	0.04636	0.00907	0.00845	0.00249	0.01115	0.00780	0.00527	0.01237
23	0.02073	0.01727	0.01921	0.01498	0.02161	0.01637	0.01194	0.11071	0.20602	0.03366	0.02173	0.02228	0.01689	0.00842	0.00732	0.00193	0.00685	0.00678	0.00661	0.42868
24	0.01384	0.01253	0.02193	0.01840	0.02201	0.01167	0.18119	0.01788	0.01995	0.02676	0.18284	0.21320	0.12439	0.01797	0.01043	0.00308	0.00762	0.07849	0.00722	0.00860
25	0.02582	0.02093	0.02788	0.03230	0.27995	0.02218	0.01954	0.32366	0.02950	0.04028	0.02091	0.07906	0.01768	0.01056	0.00868	0.00262	0.00929	0.00906	0.00670	0.01341
26	0.01727	0.01712	0.03022	0.02626	0.07966	0.01942	0.19710	0.02136	0.01589	0.02292	0.01700	0.02472	0.01502	0.02711	0.21900	0.00645	0.22072	0.00876	0.00420	0.00979
27	0.01822	0.14475	0.27340	0.05588	0.09710	0.02077	0.02174	0.02732	0.10957	0.02685	0.05114	0.02733	0.07078	0.00999	0.00803	0.00258	0.00970	0.00809	0.00505	0.01171
28	0.02033	0.03888	0.44752	0.02272	0.03251	0.11530	0.02614	0.07842	0.02059	0.02785	0.01832	0.02064	0.03903	0.00932	0.00918	0.00267	0.04744	0.00686	0.00433	0.01193
29	0.02899	0.06229	0.02608	0.05709	0.05943	0.39068	0.01737	0.14638	0.02537	0.02761	0.01460	0.01723	0.01182	0.00944	0.00957	0.00243	0.07136	0.00626	0.00507	0.01093
30	0.01682	0.01180	0.01366	0.01171	0.01478	0.01087	0.00818	0.07331	0.01742	0.05718	0.02549	0.10615	0.02655	0.34451	0.02497	0.00506	0.00744	0.01097	0.00601	0.20712
31	0.01169	0.00893	0.01084	0.01113	0.01310	0.00835	0.00821	0.01568	0.05547	0.02752	0.27178	0.24359	0.21072	0.02099	0.01028	0.00302	0.00470	0.04772	0.00847	0.00781
32	0.01586	0.00793	0.00793	0.00793	0.00991	0.00793	0.00595	0.01983	0.01785	0.03173	0.02776	0.03173	0.02181	0.00991	0.00595	0.00198	0.00397	0.00793	0.74817	0.00793
33	0.01847	0.07744	0.59126	0.02327	0.03525	0.02012	0.02956	0.02763	0.01826	0.05929	0.01605	0.01831	0.01132	0.00817	0.00797	0.00265	0.01211	0.00632	0.00396	0.01259
34	0.01065	0.00873	0.00945	0.00952	0.01219	0.00753	0.00731	0.01323	0.02009	0.02481	0.16355	0.08043	0.51223	0.02112	0.01020	0.00293	0.00457	0.06598	0.00811	0.00736
35	0.02025	0.15135	0.22068	0.02234	0.02889	0.10367	0.08328	0.02525	0.01756	0.02316	0.01526	0.05289	0.01352	0.01054	0.01268	0.00278	0.17362	0.00748	0.00403	0.01075
36	0.03597	0.01399	0.01904	0.01477	0.02096	0.01213	0.01213	0.03933	0.02433	0.60136	0.08511	0.03189	0.02607	0.01111	0.00868	0.00264	0.00697	0.00914	0.01043	0.01394
37	0.02411	0.05624	0.02048	0.01771	0.02124	0.33028	0.01354	0.02762	0.05072	0.05731	0.01909	0.02480	0.01663	0.06797	0.20845	0.00607	0.01597	0.00734	0.00502	0.00939
38	0.09794	0.01527	0.01709	0.01245	0.01977	0.01218	0.00999	0.02182	0.01730	0.02886	0.01477	0.01723	0.01224	0.00647	0.00619	0.00141	0.00633	0.00500	0.00507	0.67262
39	0.69816	0.01879	0.06696	0.01230	0.01818	0.01915	0.01109	0.02518	0.01478	0.03723	0.01214	0.01417	0.00935	0.00792	0.00550	0.00264	0.00709	0.00475	0.00513	0.00950
40	0.02165	0.57802	0.16299	0.01644	0.02474	0.03098	0.01783	0.02577	0.01742	0.02136	0.01250	0.01449	0.01089	0.00744	0.00597	0.00199	0.00977	0.00489	0.00363	0.01124
41	0.01100	0.00866	0.00993	0.00961	0.01207	0.00758	0.00721	0.01404	0.02162	0.02827	0.35028	0.07321	0.37702	0.01958	0.01005	0.00278	0.00417	0.01674	0.00860	0.00758
42	0.01167	0.00862	0.01090	0.01046	0.01252	0.00785	0.00779	0.01528	0.02300	0.03185	0.53083	0.09936	0.16130	0.01849	0.01008	0.00275	0.00411	0.01623	0.00908	0.00785
43	0.76103	0.01646	0.01251	0.01119	0.01646	0.01909	0.00922	0.02502	0.01448	0.03818	0.01185	0.01382	0.00922	0.00790	0.00527	0.00263	0.00658	0.00461	0.00527	0.00922
44	0.01061	0.00880	0.00940	0.00969	0.01243	0.00758	0.00757	0.01304	0.01943	0.02337	0.07995	0.08404	0.55383	0.02185	0.01032	0.00303	0.00485	0.10504	0.00789	0.00728
45	0.03179	0.04056	0.02412	0.02192	0.02631	0.66676	0.01644	0.03398	0.02412	0.02083	0.01315	0.01535	0.01096	0.00877	0.00767	0.00219	0.01535	0.00548	0.00438	0.00987
46	0.01586	0.00793	0.00793	0.00793	0.00991	0.00793	0.00595	0.01983	0.01785	0.03173	0.02776	0.03173	0.02181	0.00991	0.00595	0.00198	0.00397	0.00793	0.74817	0.00793
47	0.02028	0.02365	0.01591	0.01488	0.01846	0.31747	0.01116	0.02245	0.02162	0.02197	0.05184	0.05059	0.34640	0.01554	0.00894	0.00255	0.00950	0.01209	0.00625	0.00845
48	0.03189	0.03767	0.02436	0.02152	0.02632	0.55624	0.01640	0.13503	0.02686	0.02649	0.01441	0.01622	0.01157	0.00902	0.00782	0.00225	0.01431	0.00586	0.00510	0.01066
49	0.01324	0.00971	0.01344	0.01313	0.01463	0.01099	0.00986	0.04572	0.01478	0.02087	0.02345	0.03707	0.02279	0.18427	0.51268	0.01206	0.01929	0.00967	0.00488	0.00748
50	0.02366	0.03133	0.14357	0.01975	0.02573	0.27759	0.01753	0.03437	0.21801	0.02694	0.02674	0.02684	0.07010	0.01063	0.00827	0.00257	0.01110	0.00804	0.00591	0.01132
51	0.01994	0.10103	0.29384	0.02146	0.06013	0.06051	0.02163	0.06394	0.15283	0.02898	0.02531	0.02605	0.06800	0.01003	0.00812	0.00261	0.01011	0.00791	0.00542	0.01213

[dist]
# distance from previous block
# <min> <max>
0	23

[block]
# block no. 6 follows, 21 sequences, length 56
# corresponding to MSA columns:
# 365-420
name=unknown_G
#
# <colnr> <probs for GDERKNQSTAVLIFYWHMCP>
#	G	D	E	R	K	N	Q	S	T	A	V	L	I	F	Y	W	H	M	C	P
0	0.02292	0.02767	0.09918	0.03527	0.23657	0.16719	0.17431	0.05237	0.02110	0.02672	0.01607	0.02043	0.01286	0.01032	0.03692	0.00304	0.01315	0.00767	0.00440	0.01184
1	0.01921	0.02004	0.05338	0.01776	0.05810	0.16676	0.01319	0.05975	0.01962	0.02349	0.02932	0.04937	0.06563	0.22812	0.01988	0.00455	0.01003	0.12756	0.00576	0.00850
2	0.02092	0.18838	0.07780	0.03146	0.19742	0.06820	0.17923	0.02590	0.01880	0.02452	0.01568	0.02029	0.01306	0.01252	0.06674	0.00343	0.01265	0.00742	0.00410	0.01149
3	0.25024	0.27807	0.05011	0.01306	0.01848	0.02188	0.01199	0.02282	0.01758	0.02880	0.14039	0.02526	0.02509	0.01323	0.04949	0.00305	0.00832	0.00713	0.00536	0.00965
4	0.06551	0.01036	0.01234	0.01103	0.01443	0.00941	0.00856	0.02067	0.02214	0.15695	0.31482	0.05869	0.22928	0.01661	0.00943	0.00272	0.00492	0.01406	0.00891	0.00917
5	0.01924	0.01898	0.03448	0.24276	0.10285	0.02014	0.24520	0.06368	0.06605	0.02736	0.01829	0.02385	0.01407	0.01174	0.05062	0.00349	0.01260	0.00876	0.00474	0.01111
6	0.01033	0.00754	0.00974	0.01150	0.01225	0.00694	0.00774	0.01189	0.01663	0.02186	0.05120	0.62836	0.12052	0.02610	0.01077	0.00339	0.00487	0.02351	0.00790	0.00694
7	0.01712	0.07788	0.41977	0.07818	0.10961	0.01925	0.02650	0.02469	0.01784	0.02562	0.01858	0.09243	0.01613	0.01003	0.00829	0.00271	0.01112	0.00839	0.00416	0.01171
8	0.01765	0.01513	0.01765	0.01260	0.02017	0.01134	0.01008	0.02143	0.01765	0.02773	0.01513	0.01765	0.01260	0.00630	0.00630	0.00126	0.00630	0.00504	0.00504	0.75295
9	0.02320	0.02522	0.15017	0.01800	0.02565	0.05988	0.01686	0.23605	0.02601	0.03598	0.01899	0.06266	0.01564	0.00954	0.00784	0.00222	0.00916	0.00750	0.00613	0.24329
10	0.06933	0.02965	0.02355	0.02052	0.02451	0.32770	0.01611	0.12554	0.09031	0.02860	0.01619	0.01853	0.01311	0.01049	0.01187	0.00266	0.14844	0.00663	0.00543	0.01085
11	0.01586	0.00793	0.00793	0.00793	0.00991	0.00793	0.00595	0.01983	0.01785	0.03173	0.02776	0.03173	0.02181	0.00991	0.00595	0.00198	0.00397	0.00793	0.74817	0.00793
12	0.01238	0.00825	0.00928	0.00928	0.00928	0.00825	0.00516	0.01238	0.01238	0.01650	0.02681	0.05569	0.03094	0.70092	0.04331	0.00825	0.00825	0.01238	0.00516	0.00516
13	0.15888	0.02056	0.02191	0.01720	0.02360	0.02231	0.01416	0.38152	0.06198	0.16092	0.02208	0.02142	0.01535	0.00994	0.00797	0.00260	0.00836	0.00740	0.00833	0.01352
14	0.02133	0.02052	0.01875	0.01781	0.02177	0.14868	0.01414	0.03559	0.34594	0.02991	0.03307	0.04557	0.02908	0.01418	0.00929	0.00302	0.00877	0.16377	0.00758	0.01124
15	0.01204	0.00870	0.01138	0.01071	0.01271	0.00803	0.00803	0.01606	0.02409	0.03413	0.64335	0.06357	0.08030	0.01740	0.01004	0.00268	0.00401	0.01539	0.00937	0.00803
16	0.02455	0.01809	0.02070	0.01704	0.02172	0.02016	0.01372	0.38539	0.02974	0.04033	0.02158	0.02674	0.01766	0.06745	0.22776	0.00655	0.01373	0.00841	0.00702	0.01167
17	0.01191	0.00833	0.00915	0.00915	0.00973	0.00803	0.00542	0.01234	0.01380	0.01781	0.03882	0.06099	0.15499	0.56354	0.03659	0.00716	0.00745	0.01350	0.00571	0.00557
18	0.03235	0.02384	0.02554	0.01958	0.02639	0.02639	0.01618	0.61946	0.04001	0.05363	0.02043	0.02043	0.01447	0.01022	0.00851	0.00255	0.00936	0.00766	0.00851	0.01447
19	0.01486	0.01341	0.01338	0.01436	0.01636	0.10478	0.01124	0.01761	0.01952	0.02387	0.07858	0.25509	0.11887	0.02170	0.01060	0.00334	0.00746	0.23975	0.00744	0.00780
20	0.01956	0.01572	0.01807	0.01627	0.01916	0.04847	0.01269	0.20393	0.02303	0.03095	0.02689	0.20365	0.02701	0.02976	0.19249	0.00596	0.07761	0.01234	0.00659	0.00983
21	0.02126	0.01718	0.01828	0.01607	0.02024	0.01943	0.01224	0.13456	0.40805	0.03475	0.03068	0.03470	0.02506	0.15072	0.01564	0.00392	0.00748	0.00985	0.00793	0.01196
22	0.01154	0.00823	0.01075	0.01233	0.01326	0.00789	0.00897	0.01349	0.01675	0.02201	0.04538	0.41056	0.07965	0.12527	0.01586	0.00426	0.00617	0.17323	0.00748	0.00691
23	0.02437	0.02495	0.02837	0.19020	0.07143	0.19873	0.10617	0.14895	0.02474	0.03000	0.05605	0.02275	0.01663	0.00925	0.00860	0.00258	0.01194	0.00787	0.00538	0.01103
24	0.01330	0.01020	0.01087	0.01072	0.01150	0.04599	0.00689	0.01451	0.01572	0.02081	0.15154	0.08850	0.04053	0.44475	0.07337	0.00687	0.00857	0.01302	0.00608	0.00626
25	0.01388	0.00990	0.01206	0.01119	0.01385	0.00937	0.00850	0.01945	0.08173	0.06349	0.45444	0.06205	0.17303	0.01723	0.00983	0.00273	0.00449	0.01495	0.00910	0.00873
26	0.02046	0.01896	0.02862	0.12186	0.37747	0.02035	0.02186	0.03151	0.21001	0.02945	0.02170	0.02460	0.01710	0.00894	0.00851	0.00268	0.00922	0.00821	0.00554	0.01296
27	0.01652	0.01303	0.01574	0.01606	0.01913	0.01411	0.01334	0.02823	0.25705	0.02982	0.07059	0.06952	0.04162	0.01858	0.01047	0.00346	0.00722	0.33726	0.00823	0.01003
