[name]
unknown

[dist]
# distance from previous block
# <min> <max>
0	0

[block]
# block no. 0 follows, 21 sequences, length 13
# corresponding to MSA columns:
# 0-12
name=unknown_A
#
# <colnr> <probs for GDERKNQSTAVLIFYWHMCP>
#	G	D	E	R	K	N	Q	S	T	A	V	L	I	F	Y	W	H	M	C	P
0	0.01371	0.00980	0.01371	0.01567	0.01763	0.00980	0.01371	0.01763	0.01959	0.02547	0.04506	0.09599	0.04898	0.02351	0.01175	0.00392	0.00784	0.59056	0.00784	0.00784
1	0.01059	0.00757	0.01013	0.01211	0.01270	0.00711	0.00829	0.01224	0.01651	0.02198	0.04678	0.65519	0.05580	0.02645	0.01092	0.00349	0.00513	0.06216	0.00790	0.00697
2	0.05209	0.01642	0.02450	0.34451	0.15073	0.01803	0.01990	0.07513	0.01941	0.02726	0.01744	0.05996	0.01469	0.00920	0.00817	0.00256	0.00964	0.00804	0.00477	0.11757
3	0.21839	0.01374	0.01547	0.14647	0.02436	0.01486	0.01202	0.07352	0.02012	0.06610	0.09369	0.04140	0.20214	0.01322	0.00822	0.00274	0.00693	0.01057	0.00669	0.00933
4	0.16938	0.01495	0.01773	0.02026	0.14349	0.01621	0.01296	0.07814	0.09584	0.03358	0.02193	0.02511	0.01740	0.01418	0.06714	0.00345	0.00828	0.00748	0.22194	0.01055
5	0.33115	0.01860	0.01560	0.11705	0.02342	0.13279	0.01204	0.02390	0.01763	0.02983	0.02377	0.02611	0.09070	0.01010	0.00689	0.00254	0.00831	0.00729	0.09333	0.00896
6	0.01509	0.01138	0.01299	0.01222	0.01503	0.01119	0.00918	0.13667	0.02364	0.03111	0.17374	0.24562	0.22959	0.01990	0.00997	0.00294	0.00546	0.01717	0.00832	0.00876
7	0.01613	0.01309	0.01484	0.01316	0.01695	0.01270	0.00964	0.02463	0.19666	0.02655	0.02969	0.16762	0.02913	0.15221	0.01539	0.00360	0.00654	0.01177	0.00671	0.23299
8	0.01915	0.01725	0.01691	0.06554	0.02141	0.09612	0.01207	0.12523	0.12132	0.03181	0.15029	0.04737	0.21177	0.01470	0.00915	0.00270	0.00742	0.01207	0.00763	0.01008
9	0.02191	0.02244	0.03153	0.04241	0.44393	0.10216	0.02340	0.02596	0.01869	0.02545	0.01467	0.01986	0.01270	0.00921	0.01227	0.00273	0.14707	0.00729	0.00414	0.01219
10	0.01089	0.00799	0.01022	0.01106	0.01236	0.00732	0.00776	0.01331	0.01929	0.02604	0.25178	0.40692	0.13780	0.02292	0.01049	0.00312	0.00455	0.02046	0.00839	0.00732
11	0.01468	0.01363	0.01672	0.15011	0.02464	0.07228	0.01344	0.01765	0.01650	0.02112	0.03214	0.16820	0.10234	0.03047	0.20225	0.00614	0.07166	0.01248	0.00540	0.00814
12	0.02252	0.02392	0.03237	0.04221	0.43297	0.15012	0.07552	0.02702	0.02040	0.02608	0.01949	0.02350	0.04844	0.00857	0.00851	0.00251	0.01122	0.00796	0.00446	0.01222

[dist]
# distance from previous block
# <min> <max>
0	1

[block]
# block no. 1 follows, 21 sequences, length 6
# corresponding to MSA columns:
# 14-19
name=unknown_B
#
# <colnr> <probs for GDERKNQSTAVLIFYWHMCP>
#	G	D	E	R	K	N	Q	S	T	A	V	L	I	F	Y	W	H	M	C	P
0	0.23554	0.01199	0.01350	0.01578	0.08992	0.01229	0.01021	0.01790	0.01736	0.02860	0.08781	0.23829	0.15662	0.01702	0.00867	0.00292	0.00585	0.01441	0.00679	0.00853
1	0.01749	0.01434	0.02258	0.27770	0.21869	0.01578	0.01871	0.02243	0.01799	0.02675	0.01944	0.02510	0.01533	0.00868	0.00766	0.00247	0.00861	0.00769	0.24239	0.01017
2	0.13676	0.02541	0.12728	0.18639	0.15375	0.14058	0.02092	0.02572	0.01853	0.02617	0.01617	0.05549	0.01371	0.00920	0.00789	0.00263	0.01096	0.00741	0.00441	0.01064
3	0.01429	0.00983	0.01295	0.01247	0.01267	0.01117	0.00873	0.01398	0.01295	0.01841	0.02264	0.11115	0.02465	0.24576	0.03107	0.22827	0.13472	0.01100	0.05739	0.00590
4	0.19158	0.05578	0.01708	0.06615	0.01989	0.01566	0.01148	0.04985	0.01712	0.09380	0.02450	0.16065	0.02404	0.08514	0.08379	0.00456	0.05289	0.01078	0.00611	0.00913
5	0.01719	0.04705	0.01393	0.01143	0.01402	0.01062	0.00849	0.01919	0.01720	0.13782	0.07484	0.05000	0.15182	0.23956	0.14361	0.00648	0.00981	0.01193	0.00676	0.00823

[dist]
# distance from previous block
# <min> <max>
7	27

[block]
# block no. 2 follows, 21 sequences, length 18
# corresponding to MSA columns:
# 50-67
name=unknown_C
#
# <colnr> <probs for GDERKNQSTAVLIFYWHMCP>
#	G	D	E	R	K	N	Q	S	T	A	V	L	I	F	Y	W	H	M	C	P
0	0.02082	0.02167	0.07247	0.05053	0.61060	0.02019	0.02644	0.02617	0.01929	0.02775	0.01596	0.02087	0.01332	0.00761	0.00840	0.00254	0.01026	0.00750	0.00417	0.01342
1	0.16740	0.18582	0.11193	0.01979	0.02647	0.25312	0.07253	0.02877	0.01953	0.02539	0.01326	0.01572	0.01077	0.00803	0.00698	0.00232	0.01178	0.00563	0.00427	0.01049
2	0.02725	0.11010	0.02398	0.01880	0.05992	0.10538	0.01429	0.03781	0.23850	0.20634	0.05060	0.02698	0.02194	0.01032	0.00812	0.00255	0.00843	0.00820	0.00772	0.01274
3	0.01188	0.00919	0.01100	0.01184	0.01350	0.00894	0.00837	0.01669	0.09842	0.02494	0.10844	0.43114	0.16800	0.02283	0.01034	0.00320	0.00497	0.02026	0.00814	0.00793
4	0.02271	0.02000	0.02342	0.02629	0.18746	0.07938	0.01661	0.18504	0.11344	0.03375	0.02739	0.11389	0.05165	0.01498	0.04203	0.00326	0.00959	0.01046	0.00670	0.01195
5	0.02162	0.01809	0.02996	0.09929	0.38195	0.01810	0.06654	0.02732	0.04917	0.10411	0.02551	0.02842	0.07263	0.00947	0.00873	0.00264	0.00950	0.00894	0.00551	0.01250
6	0.02591	0.01141	0.01486	0.01246	0.01668	0.01042	0.00994	0.02949	0.02192	0.33915	0.14565	0.03646	0.03236	0.01571	0.05808	0.00332	0.00702	0.00973	0.18826	0.01117
7	0.01198	0.00896	0.00972	0.00934	0.01228	0.00763	0.00707	0.01451	0.02048	0.06034	0.17844	0.07579	0.51298	0.02022	0.00997	0.00283	0.00442	0.01699	0.00830	0.00774
8	0.02039	0.02859	0.25176	0.03819	0.31301	0.01987	0.11695	0.02735	0.01925	0.05899	0.01682	0.02068	0.01284	0.00784	0.00856	0.00264	0.01146	0.00756	0.00433	0.01291
9	0.01006	0.00862	0.00862	0.00862	0.01149	0.00718	0.00647	0.01221	0.01940	0.02299	0.08621	0.08190	0.64438	0.02155	0.01006	0.00287	0.00431	0.01796	0.00790	0.00718
10	0.03179	0.04056	0.02412	0.02192	0.02631	0.66676	0.01644	0.03398	0.02412	0.02083	0.01315	0.01535	0.01096	0.00877	0.00767	0.00219	0.01535	0.00548	0.00438	0.00987
11	0.02106	0.02022	0.03454	0.05223	0.64784	0.02022	0.02612	0.02612	0.01938	0.02780	0.01601	0.02106	0.01348	0.00758	0.00842	0.00253	0.01011	0.00758	0.00421	0.01348
12	0.02369	0.18559	0.31781	0.02073	0.03035	0.02130	0.06736	0.03015	0.01952	0.17699	0.01906	0.02002	0.01346	0.00843	0.00775	0.00249	0.01063	0.00673	0.00534	0.01258
13	0.01006	0.00862	0.00862	0.00862	0.01149	0.00718	0.00647	0.01221	0.01940	0.02299	0.08621	0.08190	0.64438	0.02155	0.01006	0.00287	0.00431	0.01796	0.00790	0.00718
14	0.01035	0.00750	0.00978	0.01161	0.01228	0.00693	0.00779	0.01188	0.01653	0.02182	0.04985	0.64932	0.10043	0.02628	0.01080	0.00341	0.00489	0.02372	0.00790	0.00693
15	0.02252	0.02299	0.03312	0.04811	0.56327	0.10818	0.02480	0.02719	0.02002	0.02685	0.01562	0.02028	0.01314	0.00774	0.00832	0.00248	0.01082	0.00730	0.00424	0.01299
16	0.02915	0.03524	0.14668	0.02153	0.02837	0.31257	0.01924	0.24234	0.02862	0.03376	0.01617	0.01767	0.01218	0.00916	0.00805	0.00242	0.01267	0.00642	0.00571	0.01204
17	0.22866	0.14569	0.22557	0.01800	0.02616	0.05941	0.01883	0.13151	0.02113	0.03328	0.01453	0.01637	0.01103	0.00831	0.00690	0.00248	0.00990	0.00572	0.00498	0.01154

[dist]
# distance from previous block
# <min> <max>
0	2

[block]
# block no. 3 follows, 21 sequences, length 35
# corresponding to MSA columns:
# 70-104
name=unknown_D
#
# <colnr> <probs for GDERKNQSTAVLIFYWHMCP>
#	G	D	E	R	K	N	Q	S	T	A	V	L	I	F	Y	W	H	M	C	P
0	0.03025	0.03723	0.02370	0.02139	0.02556	0.57646	0.01620	0.06005	0.02387	0.02230	0.01394	0.01669	0.01169	0.01204	0.04397	0.00289	0.04142	0.00586	0.00456	0.00994
1	0.01075	0.00857	0.00963	0.00953	0.01196	0.00745	0.00709	0.01349	0.02079	0.02668	0.27260	0.11467	0.41577	0.02047	0.01010	0.00284	0.00425	0.01749	0.00840	0.00745
2	0.01068	0.00754	0.00978	0.01145	0.01187	0.00712	0.00748	0.01193	0.01569	0.02092	0.04381	0.59691	0.05238	0.13044	0.01586	0.00419	0.00545	0.02237	0.00748	0.00664
3	0.01782	0.10509	0.56558	0.02485	0.06839	0.02110	0.02956	0.02677	0.01798	0.02634	0.01499	0.01773	0.01094	0.00798	0.00786	0.00260	0.01212	0.00619	0.00363	0.01247
4	0.01033	0.00837	0.00917	0.00951	0.01180	0.00721	0.00693	0.01253	0.01922	0.02386	0.13490	0.20884	0.46324	0.02220	0.01022	0.00298	0.00441	0.01901	0.00805	0.00721
5	0.01079	0.00865	0.00964	0.00939	0.01195	0.00750	0.00704	0.01363	0.02113	0.02710	0.29210	0.07513	0.43593	0.02002	0.01005	0.00280	0.00420	0.01701	0.00844	0.00750
6	0.02024	0.01938	0.03306	0.15529	0.55118	0.02000	0.02571	0.02540	0.01899	0.02681	0.01586	0.02133	0.01313	0.00773	0.00844	0.00258	0.01031	0.00758	0.00414	0.01282
7	0.01020	0.00850	0.00890	0.00906	0.01165	0.00720	0.00670	0.01239	0.01934	0.02347	0.11284	0.14232	0.55455	0.02184	0.01014	0.00292	0.00436	0.01844	0.00798	0.00720
8	0.01059	0.00864	0.00936	0.00918	0.01182	0.00741	0.00689	0.01325	0.02066	0.02599	0.23656	0.07695	0.49216	0.02043	0.01005	0.00282	0.00423	0.01727	0.00830	0.00741
9	0.02064	0.02624	0.16408	0.07725	0.44926	0.06114	0.02649	0.02656	0.01926	0.02686	0.01563	0.02013	0.01264	0.00781	0.00831	0.00256	0.01103	0.00718	0.00407	0.01285
10	0.02033	0.20795	0.15656	0.03485	0.33314	0.02318	0.02323	0.02565	0.01876	0.02584	0.04326	0.02041	0.01531	0.00805	0.00764	0.00238	0.01004	0.00688	0.00417	0.01237
11	0.03179	0.04056	0.02412	0.02192	0.02631	0.66676	0.01644	0.03398	0.02412	0.02083	0.01315	0.01535	0.01096	0.00877	0.00767	0.00219	0.01535	0.00548	0.00438	0.00987
12	0.05195	0.03641	0.46122	0.03114	0.19922	0.01986	0.02901	0.02664	0.01819	0.02769	0.01531	0.01861	0.01143	0.00794	0.00805	0.00265	0.01165	0.00656	0.00383	0.01267
13	0.01978	0.02477	0.16441	0.10212	0.46724	0.02001	0.02702	0.02590	0.01887	0.02709	0.01577	0.02056	0.01272	0.00777	0.00836	0.00259	0.01074	0.00731	0.00404	0.01293
14	0.02717	0.13623	0.02665	0.02121	0.05009	0.43936	0.01606	0.02964	0.02117	0.02086	0.01399	0.01743	0.01217	0.01468	0.07862	0.00345	0.05113	0.00592	0.00425	0.00991
15	0.02438	0.01356	0.01692	0.01500	0.01938	0.01350	0.01207	0.03345	0.18905	0.26161	0.12630	0.07866	0.03736	0.01470	0.00943	0.00296	0.00661	0.10395	0.00929	0.01181
16	0.03179	0.04056	0.02412	0.02192	0.02631	0.66676	0.01644	0.03398	0.02412	0.02083	0.01315	0.01535	0.01096	0.00877	0.00767	0.00219	0.01535	0.00548	0.00438	0.00987
17	0.01006	0.00862	0.00862	0.00862	0.01149	0.00718	0.00647	0.01221	0.01940	0.02299	0.08621	0.08190	0.64438	0.02155	0.01006	0.00287	0.00431	0.01796	0.00790	0.00718
18	0.01006	0.00862	0.00862	0.00862	0.01149	0.00718	0.00647	0.01221	0.01940	0.02299	0.08621	0.08190	0.64438	0.02155	0.01006	0.00287	0.00431	0.01796	0.00790	0.00718
19	0.03179	0.04056	0.02412	0.02192	0.02631	0.66676	0.01644	0.03398	0.02412	0.02083	0.01315	0.01535	0.01096	0.00877	0.00767	0.00219	0.01535	0.00548	0.00438	0.00987
20	0.01388	0.01099	0.01569	0.01491	0.01616	0.01360	0.01184	0.01677	0.01396	0.02111	0.02086	0.03016	0.01921	0.04819	0.46721	0.01042	0.15956	0.00865	0.07884	0.00799
21	0.01204	0.00870	0.01138	0.01071	0.01271	0.00803	0.00803	0.01606	0.02409	0.03413	0.64335	0.06357	0.08030	0.01740	0.01004	0.00268	0.00401	0.01539	0.00937	0.00803
22	0.02117	0.01828	0.01924	0.01732	0.02213	0.02117	0.01347	0.04522	0.63246	0.03560	0.03464	0.03175	0.02598	0.01155	0.00866	0.00289	0.00673	0.00962	0.00866	0.01347
23	0.01236	0.00830	0.00951	0.00951	0.00959	0.00838	0.00544	0.01252	0.01244	0.01667	0.02660	0.05453	0.03043	0.66765	0.07590	0.00853	0.00901	0.01221	0.00513	0.00528
24	0.01208	0.00838	0.01024	0.01009	0.01100	0.00806	0.00661	0.01394	0.01776	0.02455	0.29634	0.10630	0.05427	0.35402	0.02645	0.00547	0.00616	0.01456	0.00719	0.00654
25	0.01862	0.01862	0.02607	0.02234	0.02234	0.02607	0.01862	0.02048	0.01303	0.02048	0.01117	0.01862	0.01117	0.01489	0.02793	0.00372	0.68535	0.00745	0.00372	0.00931
26	0.01708	0.01616	0.02735	0.55326	0.17792	0.01917	0.02414	0.02263	0.01749	0.02297	0.01530	0.02236	0.01178	0.00832	0.00849	0.00277	0.01109	0.00757	0.00387	0.01027
27	0.01212	0.00872	0.01119	0.01210	0.01331	0.00838	0.00845	0.05135	0.01944	0.02636	0.17046	0.51981	0.05867	0.02367	0.01054	0.00324	0.00502	0.02129	0.00825	0.00763
28	0.01335	0.00968	0.01320	0.01497	0.01702	0.00953	0.01299	0.01709	0.01957	0.02522	0.04918	0.09458	0.10860	0.02331	0.01158	0.00381	0.00748	0.53322	0.00784	0.00777
29	0.01968	0.02217	0.04774	0.10041	0.04589	0.02126	0.55752	0.02671	0.01978	0.02671	0.01701	0.02293	0.01276	0.00731	0.00989	0.00287	0.01405	0.00979	0.00425	0.01128
30	0.01011	0.00842	0.00883	0.00916	0.01164	0.00714	0.00670	0.01215	0.01888	0.02278	0.07969	0.18359	0.54690	0.02240	0.01019	0.00297	0.00441	0.01899	0.00790	0.00714
31	0.01008	0.00855	0.00870	0.00882	0.01155	0.00717	0.00655	0.01219	0.01921	0.02291	0.08378	0.11983	0.60802	0.02187	0.01011	0.00291	0.00435	0.01835	0.00790	0.00717
32	0.02127	0.02123	0.01922	0.01733	0.01926	0.20980	0.01360	0.02365	0.01761	0.02341	0.01710	0.02235	0.01473	0.01493	0.05046	0.03367	0.23568	0.00708	0.20886	0.00878
33	0.02403	0.02126	0.02963	0.03146	0.23115	0.06183	0.10001	0.21393	0.02568	0.03490	0.01871	0.02257	0.01479	0.01420	0.07446	0.00365	0.01172	0.00798	0.04565	0.01241
34	0.06255	0.03158	0.02472	0.14537	0.07637	0.40574	0.01810	0.08935	0.02360	0.02560	0.01439	0.01755	0.01148	0.00874	0.00785	0.00239	0.01322	0.00619	0.00472	0.01048

[dist]
# distance from previous block
# <min> <max>
0	2

[block]
# block no. 4 follows, 21 sequences, length 32
# corresponding to MSA columns:
# 107-138
name=unknown_E
#
# <colnr> <probs for GDERKNQSTAVLIFYWHMCP>
#	G	D	E	R	K	N	Q	S	T	A	V	L	I	F	Y	W	H	M	C	P
0	0.02397	0.40318	0.06608	0.02402	0.15235	0.10601	0.01805	0.07171	0.02030	0.02458	0.01366	0.01609	0.01172	0.00778	0.00669	0.00211	0.01024	0.00560	0.00422	0.01166
1	0.02130	0.06008	0.07965	0.01775	0.06814	0.01571	0.01418	0.05280	0.06404	0.13698	0.09563	0.03200	0.05635	0.05831	0.01151	0.00279	0.04207	0.00885	0.00671	0.15518
2	0.01888	0.01629	0.01782	0.06260	0.02162	0.04598	0.01276	0.14716	0.11986	0.03084	0.04467	0.08899	0.22836	0.01569	0.01139	0.00291	0.08433	0.01242	0.00722	0.01021
3	0.01216	0.00912	0.01368	0.01368	0.01520	0.01064	0.01064	0.01520	0.01368	0.01976	0.02279	0.03343	0.02127	0.06382	0.66720	0.01368	0.02279	0.00912	0.00456	0.00760
4	0.01245	0.00829	0.01047	0.01130	0.01287	0.00748	0.00795	0.01446	0.01831	0.06820	0.11524	0.45680	0.17739	0.02351	0.01045	0.00320	0.00488	0.02089	0.00824	0.00762
5	0.02099	0.02043	0.03573	0.05099	0.60212	0.02032	0.07089	0.02620	0.01943	0.02776	0.01610	0.02121	0.01344	0.00755	0.00855	0.00255	0.01043	0.00777	0.00422	0.01333
6	0.13674	0.02795	0.02015	0.05269	0.02402	0.36534	0.01442	0.04869	0.02052	0.02443	0.01548	0.01973	0.01315	0.02101	0.15511	0.00488	0.01527	0.00635	0.00467	0.00940
7	0.02009	0.01803	0.02510	0.03412	0.35912	0.07013	0.01858	0.02411	0.02066	0.07166	0.10049	0.03745	0.14109	0.01164	0.00886	0.00259	0.00856	0.01032	0.00595	0.01144
8	0.02065	0.01598	0.02245	0.10123	0.21236	0.01653	0.01686	0.02947	0.16625	0.11581	0.03728	0.03744	0.14725	0.01193	0.00885	0.00273	0.00785	0.01034	0.00687	0.01186
9	0.01334	0.01085	0.01594	0.01526	0.01650	0.01346	0.01210	0.01616	0.01356	0.01989	0.02067	0.03072	0.01943	0.05488	0.55032	0.01186	0.14393	0.00881	0.00441	0.00791
10	0.01020	0.00863	0.00882	0.00877	0.01158	0.00724	0.00658	0.01249	0.01973	0.02378	0.12595	0.08059	0.60415	0.02126	0.01006	0.00286	0.00429	0.01778	0.00801	0.00724
11	0.02676	0.11849	0.02685	0.02077	0.02450	0.38860	0.01652	0.03045	0.06257	0.02166	0.01399	0.01704	0.01204	0.01023	0.01230	0.00256	0.17399	0.00612	0.00443	0.01012
12	0.02136	0.18223	0.07188	0.02233	0.14971	0.01970	0.01607	0.05625	0.06257	0.10620	0.03284	0.07373	0.12683	0.01196	0.00817	0.00253	0.00808	0.00988	0.00623	0.01148
13	0.01791	0.03872	0.52549	0.02283	0.03380	0.02005	0.02774	0.03071	0.14455	0.02873	0.01926	0.02081	0.01391	0.00880	0.00820	0.00273	0.01137	0.00698	0.00464	0.01276
14	0.01006	0.00862	0.00862	0.00862	0.01149	0.00718	0.00647	0.01221	0.01940	0.02299	0.08621	0.08190	0.64438	0.02155	0.01006	0.00287	0.00431	0.01796	0.00790	0.00718
15	0.06418	0.08323	0.57847	0.02283	0.03462	0.02058	0.02900	0.02674	0.01771	0.02723	0.01484	0.01744	0.01069	0.00802	0.00775	0.00264	0.01199	0.00608	0.00370	0.01226
16	0.01972	0.10435	0.28565	0.07146	0.14374	0.02199	0.14803	0.05660	0.01964	0.02745	0.01568	0.01949	0.01193	0.00786	0.00831	0.00261	0.01190	0.00725	0.00412	0.01223
17	0.02241	0.02352	0.03083	0.15511	0.41746	0.15318	0.02369	0.02698	0.01994	0.02531	0.01527	0.02017	0.01259	0.00799	0.00828	0.00251	0.01140	0.00715	0.00417	0.01204
18	0.01047	0.00864	0.00919	0.00905	0.01175	0.00736	0.00679	0.01301	0.02036	0.02528	0.20098	0.07812	0.52818	0.02070	0.01005	0.00283	0.00425	0.01743	0.00820	0.00736
19	0.02560	0.02790	0.03023	0.03936	0.38638	0.25883	0.02203	0.05993	0.02220	0.02658	0.01519	0.01892	0.01260	0.00816	0.00815	0.00241	0.01200	0.00681	0.00450	0.01220
20	0.01099	0.00936	0.01088	0.08469	0.01697	0.00861	0.00860	0.01378	0.01973	0.02427	0.14911	0.07289	0.50115	0.01955	0.00988	0.00284	0.00507	0.01646	0.00762	0.00755
21	0.01035	0.00857	0.00871	0.00871	0.01121	0.00732	0.00630	0.01223	0.01850	0.02216	0.07865	0.07856	0.56630	0.10803	0.01429	0.00356	0.00481	0.01725	0.00755	0.00693
22	0.01238	0.00825	0.00928	0.00928	0.00928	0.00825	0.00516	0.01238	0.01238	0.01650	0.02681	0.05569	0.03094	0.70092	0.04331	0.00825	0.00825	0.01238	0.00516	0.00516
23	0.02339	0.16132	0.03708	0.02738	0.10834	0.02374	0.19124	0.04952	0.01932	0.11076	0.01707	0.02064	0.01339	0.00939	0.01227	0.00274	0.14790	0.00778	0.00504	0.01170
24	0.01289	0.01020	0.01509	0.01466	0.01601	0.01239	0.01155	0.01580	0.01360	0.01984	0.02147	0.03175	0.02012	0.05825	0.59442	0.01254	0.09823	0.00893	0.00446	0.00779
25	0.01092	0.00764	0.00971	0.01114	0.01150	0.00728	0.00715	0.01199	0.01522	0.02029	0.04139	0.51979	0.04933	0.21174	0.01977	0.00477	0.00585	0.02095	0.00715	0.00643
26	0.02373	0.02425	0.02246	0.02425	0.15052	0.21875	0.01579	0.12965	0.06817	0.02953	0.03399	0.03447	0.16446	0.01203	0.00861	0.00254	0.00998	0.00957	0.00621	0.01103
27	0.02544	0.41829	0.03696	0.02107	0.09248	0.23379	0.01644	0.02826	0.01970	0.02114	0.01271	0.01501	0.01122	0.00779	0.00649	0.00202	0.01120	0.00518	0.00394	0.01087
28	0.02411	0.09672	0.02716	0.02107	0.02474	0.24261	0.04758	0.03102	0.14519	0.02402	0.01706	0.01993	0.01422	0.01095	0.01386	0.00279	0.21428	0.00707	0.00499	0.01063
29	0.02339	0.07172	0.03309	0.04339	0.47662	0.15433	0.02333	0.02769	0.02021	0.02583	0.01513	0.01937	0.01278	0.00781	0.00807	0.00241	0.01112	0.00694	0.00421	0.01256
30	0.02283	0.03720	0.30161	0.03018	0.17934	0.23111	0.02527	0.02905	0.02031	0.02515	0.01476	0.01785	0.01148	0.00819	0.00803	0.00249	0.01289	0.00633	0.00400	0.01191
31	0.02421	0.02431	0.01908	0.01675	0.02110	0.24932	0.01291	0.19242	0.02671	0.03082	0.03834	0.08705	0.19365	0.01413	0.00882	0.00258	0.00975	0.01103	0.00681	0.01020

[dist]
# distance from previous block
# <min> <max>
0	1

[block]
# block no. 5 follows, 21 sequences, length 31
# corresponding to MSA columns:
# 140-170
name=unknown_F
#
# <colnr> <probs for GDERKNQSTAVLIFYWHMCP>
#	G	D	E	R	K	N	Q	S	T	A	V	L	I	F	Y	W	H	M	C	P
0	0.02065	0.02167	0.05626	0.02805	0.23092	0.13896	0.01738	0.07239	0.02272	0.02933	0.17263	0.03483	0.06270	0.04245	0.01032	0.00279	0.00930	0.00978	0.00605	0.01080
1	0.02125	0.02113	0.03123	0.04514	0.52350	0.08373	0.02338	0.02592	0.02031	0.02772	0.07710	0.02465	0.01977	0.00866	0.00851	0.00251	0.01004	0.00814	0.00473	0.01258
2	0.01244	0.00981	0.01297	0.01426	0.07456	0.00901	0.00942	0.01610	0.02248	0.03077	0.44510	0.06391	0.21234	0.01746	0.00988	0.00271	0.00468	0.01526	0.00850	0.00836
3	0.03104	0.09563	0.02581	0.02131	0.02594	0.61437	0.01629	0.03328	0.02355	0.02076	0.01304	0.01521	0.01096	0.00865	0.00749	0.00216	0.01483	0.00540	0.00432	0.00995
4	0.03184	0.03918	0.02423	0.02173	0.02632	0.61377	0.01642	0.08243	0.02543	0.02354	0.01376	0.01577	0.01125	0.00889	0.00774	0.00222	0.01485	0.00566	0.00473	0.01025
5	0.01216	0.00912	0.01368	0.01368	0.01520	0.01064	0.01064	0.01520	0.01368	0.01976	0.02279	0.03343	0.02127	0.06382	0.66720	0.01368	0.02279	0.00912	0.00456	0.00760
6	0.03179	0.04056	0.02412	0.02192	0.02631	0.66676	0.01644	0.03398	0.02412	0.02083	0.01315	0.01535	0.01096	0.00877	0.00767	0.00219	0.01535	0.00548	0.00438	0.00987
7	0.02106	0.02022	0.03454	0.05223	0.64784	0.02022	0.02612	0.02612	0.01938	0.02780	0.01601	0.02106	0.01348	0.00758	0.00842	0.00253	0.01011	0.00758	0.00421	0.01348
8	0.01607	0.01513	0.02552	0.68047	0.05861	0.01891	0.02363	0.02174	0.01702	0.02174	0.01513	0.02269	0.01134	0.00851	0.00851	0.00284	0.01134	0.00756	0.00378	0.00945
9	0.01037	0.00741	0.00987	0.01185	0.01234	0.00691	0.00790	0.01185	0.01629	0.02172	0.04690	0.69537	0.05629	0.02666	0.01086	0.00346	0.00494	0.02419	0.00790	0.00691
10	0.01238	0.00825	0.00928	0.00928	0.00928	0.00825	0.00516	0.01238	0.01238	0.01650	0.02681	0.05569	0.03094	0.70092	0.04331	0.00825	0.00825	0.01238	0.00516	0.00516
11	0.03235	0.02384	0.02554	0.01958	0.02639	0.02639	0.01618	0.61946	0.04001	0.05363	0.02043	0.02043	0.01447	0.01022	0.00851	0.00255	0.00936	0.00766	0.00851	0.01447
12	0.03235	0.02384	0.02554	0.01958	0.02639	0.02639	0.01618	0.61946	0.04001	0.05363	0.02043	0.02043	0.01447	0.01022	0.00851	0.00255	0.00936	0.00766	0.00851	0.01447
13	0.01238	0.00825	0.00928	0.00928	0.00928	0.00825	0.00516	0.01238	0.01238	0.01650	0.02681	0.05569	0.03094	0.70092	0.04331	0.00825	0.00825	0.01238	0.00516	0.00516
14	0.01044	0.00857	0.00919	0.00918	0.01176	0.00732	0.00683	0.01289	0.02008	0.02495	0.18539	0.11308	0.50863	0.02108	0.01010	0.00287	0.00429	0.01784	0.00817	0.00732
15	0.01478	0.00739	0.01109	0.01109	0.01109	0.00739	0.00739	0.01109	0.01109	0.01478	0.01478	0.02587	0.01478	0.02956	0.03326	0.75240	0.00739	0.00739	0.00370	0.00370
16	0.03235	0.02384	0.02554	0.01958	0.02639	0.02639	0.01618	0.61946	0.04001	0.05363	0.02043	0.02043	0.01447	0.01022	0.00851	0.00255	0.00936	0.00766	0.00851	0.01447
17	0.01093	0.00782	0.01053	0.01192	0.01255	0.00776	0.00812	0.01254	0.01537	0.02078	0.04016	0.50055	0.04690	0.10691	0.13868	0.00591	0.00868	0.02005	0.00697	0.00685
18	0.03074	0.02228	0.02382	0.01844	0.02478	0.02458	0.01517	0.56079	0.03784	0.05149	0.02115	0.02154	0.01519	0.01019	0.00826	0.00250	0.00884	0.00769	0.08088	0.01383
19	0.02106	0.02022	0.03454	0.05223	0.64784	0.02022	0.02612	0.02612	0.01938	0.02780	0.01601	0.02106	0.01348	0.00758	0.00842	0.00253	0.01011	0.00758	0.00421	0.01348
20	0.01216	0.00912	0.01368	0.01368	0.01520	0.01064	0.01064	0.01520	0.01368	0.01976	0.02279	0.03343	0.02127	0.06382	0.66720	0.01368	0.02279	0.00912	0.00456	0.00760
21	0.01934	0.01014	0.01305	0.01204	0.01463	0.00948	0.00884	0.02138	0.01810	0.20335	0.06964	0.13881	0.09323	0.21583	0.08354	0.00550	0.00831	0.03838	0.00763	0.00879
22	0.02403	0.01836	0.01842	0.01527	0.02012	0.05207	0.01221	0.30825	0.08918	0.04042	0.03481	0.03461	0.13145	0.01228	0.00828	0.00252	0.00747	0.00967	0.14902	0.01156
23	0.01072	0.00768	0.00964	0.01105	0.01168	0.00719	0.00724	0.01198	0.01585	0.02086	0.04695	0.51420	0.10903	0.15385	0.01693	0.00431	0.00550	0.02135	0.00738	0.00661
24	0.01275	0.00904	0.01117	0.01191	0.01284	0.00900	0.00800	0.06182	0.01713	0.02293	0.03864	0.45034	0.04497	0.19755	0.04656	0.00503	0.00689	0.01921	0.00711	0.00712
25	0.02377	0.02608	0.03194	0.09389	0.36587	0.21286	0.07005	0.02819	0.02065	0.02518	0.01518	0.01964	0.01251	0.00798	0.00834	0.00248	0.01211	0.00715	0.00424	0.01191
26	0.23739	0.06346	0.37885	0.02266	0.08915	0.02024	0.02360	0.02623	0.01704	0.03004	0.01418	0.01685	0.01059	0.00795	0.00717	0.00262	0.01041	0.00584	0.00415	0.01160
27	0.17781	0.08467	0.02559	0.02489	0.14123	0.29595	0.01684	0.02862	0.01959	0.02562	0.01312	0.01630	0.01110	0.00884	0.00912	0.00247	0.07759	0.00581	0.00441	0.01045
28	0.08671	0.20218	0.02739	0.05358	0.05920	0.26022	0.01508	0.02858	0.02094	0.07059	0.08271	0.02171	0.01922	0.00930	0.00731	0.00227	0.01068	0.00670	0.00522	0.01041
29	0.02321	0.02605	0.06130	0.03077	0.18313	0.17067	0.12801	0.03370	0.19745	0.02829	0.02091	0.02301	0.01627	0.00895	0.00860	0.00262	0.01124	0.00807	0.00552	0.01223
30	0.02009	0.14357	0.02521	0.18225	0.02993	0.10950	0.01608	0.08036	0.01919	0.02371	0.01767	0.05695	0.01588	0.02106	0.13467	0.03385	0.04792	0.00789	0.00466	0.00955

[dist]
# distance from previous block
# <min> <max>
17	29

[block]
# block no. 6 follows, 21 sequences, length 9
# corresponding to MSA columns:
# 200-208
name=unknown_G
#
# <colnr> <probs for GDERKNQSTAVLIFYWHMCP>
#	G	D	E	R	K	N	Q	S	T	A	V	L	I	F	Y	W	H	M	C	P
0	0.02328	0.02707	0.01953	0.01797	0.02103	0.35961	0.01353	0.02621	0.04802	0.02157	0.02940	0.07531	0.12297	0.06169	0.01327	0.00303	0.09241	0.00973	0.00538	0.00898
1	0.14728	0.01548	0.06935	0.01215	0.01552	0.04276	0.00987	0.05716	0.01718	0.02535	0.03514	0.04542	0.16276	0.25470	0.02144	0.03618	0.00781	0.01089	0.00579	0.00778
2	0.08475	0.02374	0.15409	0.02371	0.03121	0.01923	0.22922	0.02970	0.16962	0.02974	0.02851	0.03005	0.08746	0.01013	0.00889	0.00282	0.01029	0.00962	0.00573	0.01149
3	0.27732	0.02853	0.07003	0.02084	0.07927	0.25145	0.01597	0.11008	0.02213	0.03232	0.01413	0.01624	0.01106	0.00851	0.00707	0.00246	0.01087	0.00573	0.00517	0.01081
4	0.01974	0.02643	0.16598	0.02876	0.15771	0.10693	0.06764	0.02465	0.01757	0.02390	0.01549	0.02102	0.01313	0.01751	0.10762	0.00441	0.15916	0.00740	0.00405	0.01089
5	0.02179	0.03224	0.20954	0.06684	0.03316	0.19648	0.11076	0.02707	0.01874	0.02351	0.01403	0.01845	0.01127	0.00974	0.01288	0.00283	0.16899	0.00698	0.00396	0.01073
6	0.02556	0.01883	0.10655	0.02330	0.15690	0.01464	0.01696	0.05399	0.02233	0.27622	0.07637	0.03545	0.11178	0.01162	0.00878	0.00265	0.00802	0.00983	0.00769	0.01251
7	0.02515	0.02108	0.02272	0.10220	0.02710	0.10804	0.01612	0.20025	0.04847	0.07403	0.01904	0.02199	0.01464	0.01088	0.01240	0.00275	0.15911	0.00748	0.09531	0.01125
8	0.15218	0.10858	0.06885	0.07383	0.15397	0.01940	0.01678	0.02759	0.08948	0.09039	0.02223	0.10176	0.01939	0.01075	0.00779	0.00265	0.00832	0.00889	0.00584	0.01132

[dist]
# distance from previous block
# <min> <max>
28	61

[block]
# block no. 7 follows, 21 sequences, length 11
# corresponding to MSA columns:
# 277-287
name=unknown_H
#
# <colnr> <probs for GDERKNQSTAVLIFYWHMCP>
#	G	D	E	R	K	N	Q	S	T	A	V	L	I	F	Y	W	H	M	C	P
0	0.02450	0.21175	0.03400	0.10631	0.08905	0.02526	0.09118	0.18049	0.06925	0.06139	0.01821	0.02043	0.01396	0.00867	0.00785	0.00245	0.00993	0.00725	0.00574	0.01231
1	0.02080	0.02109	0.08137	0.07307	0.08593	0.06773	0.01725	0.12101	0.08975	0.02951	0.02127	0.06970	0.01875	0.06241	0.01438	0.00324	0.12801	0.00901	0.05491	0.01082
2	0.01866	0.24848	0.02749	0.01806	0.06061	0.07158	0.01398	0.02100	0.01632	0.02070	0.02021	0.13417	0.02124	0.06496	0.08803	0.00427	0.12664	0.00965	0.00467	0.00930
3	0.23722	0.01654	0.01774	0.02015	0.13042	0.06658	0.01311	0.02111	0.01730	0.02779	0.03368	0.09585	0.16655	0.01372	0.01024	0.00284	0.08353	0.01056	0.00571	0.00935
4	0.02026	0.02042	0.03205	0.08236	0.34201	0.06940	0.12383	0.02651	0.06450	0.02668	0.02061	0.09407	0.01855	0.01000	0.00893	0.00271	0.01053	0.00977	0.00493	0.01188
5	0.02120	0.02274	0.02014	0.02114	0.10877	0.23208	0.01436	0.02543	0.05401	0.02471	0.03239	0.03875	0.13710	0.01234	0.00849	0.00243	0.00968	0.07098	0.00575	0.13752
6	0.01896	0.02115	0.08923	0.13213	0.11137	0.11997	0.01800	0.04441	0.04193	0.02471	0.01898	0.02481	0.01579	0.02474	0.19973	0.00576	0.01453	0.00766	0.05606	0.01007
7	0.02551	0.02804	0.02091	0.01811	0.02303	0.34274	0.01392	0.09001	0.05180	0.02631	0.02040	0.02260	0.04964	0.01446	0.06941	0.00319	0.01262	0.00687	0.00536	0.15507
8	0.02283	0.08963	0.11448	0.18139	0.03387	0.13232	0.01918	0.13857	0.02271	0.02912	0.01605	0.01949	0.01240	0.00887	0.00846	0.00244	0.03601	0.00661	0.04528	0.06029
9	0.01725	0.07528	0.16555	0.01717	0.02179	0.06076	0.01631	0.05657	0.01792	0.02392	0.02548	0.10494	0.04971	0.11531	0.07739	0.00468	0.08681	0.04861	0.00520	0.00935
10	0.14267	0.02248	0.06131	0.04588	0.02361	0.13268	0.01495	0.12211	0.02267	0.10044	0.07111	0.02724	0.06672	0.01145	0.01056	0.00272	0.09613	0.00817	0.00637	0.01075

[dist]
# distance from previous block
# <min> <max>
0	1

[block]
# block no. 8 follows, 21 sequences, length 139
# corresponding to MSA columns:
# 289-427
name=unknown_I
#
# <colnr> <probs for GDERKNQSTAVLIFYWHMCP>
#	G	D	E	R	K	N	Q	S	T	A	V	L	I	F	Y	W	H	M	C	P
0	0.29162	0.01608	0.01421	0.01319	0.01683	0.09027	0.01030	0.02336	0.06465	0.03099	0.14938	0.03205	0.05213	0.02155	0.13459	0.00475	0.01012	0.00870	0.00624	0.00898
1	0.01914	0.01872	0.02635	0.19395	0.29795	0.06887	0.02053	0.02470	0.05188	0.02561	0.02476	0.02848	0.08762	0.00966	0.00843	0.00254	0.00967	0.00855	0.00486	0.06774
2	0.20015	0.01634	0.01772	0.06534	0.02174	0.05676	0.01267	0.04519	0.01707	0.02827	0.04901	0.02269	0.01676	0.02000	0.13689	0.00462	0.10108	0.00692	0.00506	0.15571
3	0.02051	0.01643	0.01869	0.09093	0.02413	0.04185	0.01372	0.23045	0.05458	0.03385	0.03543	0.10319	0.12255	0.02068	0.08589	0.00412	0.00991	0.05543	0.00716	0.01048
4	0.06037	0.01285	0.01530	0.01443	0.04247	0.01274	0.01058	0.02114	0.08931	0.05056	0.03926	0.10281	0.18007	0.01817	0.04669	0.04668	0.05855	0.01147	0.00646	0.16009
5	0.01471	0.01097	0.01307	0.01251	0.01488	0.01102	0.00899	0.05060	0.09004	0.02520	0.03181	0.24377	0.03333	0.15555	0.10111	0.00523	0.00846	0.01390	0.05266	0.10219
6	0.02626	0.02526	0.02154	0.01798	0.02345	0.21909	0.01403	0.21509	0.07337	0.03382	0.02063	0.08181	0.01776	0.01059	0.00803	0.00228	0.00997	0.00813	0.00648	0.16444
7	0.01843	0.01681	0.01668	0.01989	0.13657	0.14063	0.01215	0.02145	0.01896	0.02546	0.03159	0.11220	0.09529	0.06515	0.01067	0.00288	0.00789	0.01080	0.22755	0.00897
8	0.05207	0.02394	0.02016	0.02062	0.09413	0.25891	0.01414	0.08830	0.02361	0.02822	0.12541	0.03497	0.11675	0.01500	0.04431	0.00309	0.01072	0.00954	0.00616	0.00995
9	0.07865	0.18331	0.02852	0.02519	0.17480	0.18066	0.01668	0.02566	0.01855	0.02346	0.01535	0.01982	0.01348	0.01897	0.13780	0.00450	0.01341	0.00643	0.00427	0.01050
10	0.01126	0.00820	0.00919	0.00959	0.01057	0.00766	0.00610	0.01222	0.01532	0.01954	0.04916	0.19051	0.22564	0.35729	0.02660	0.00564	0.00638	0.01644	0.00655	0.00613
11	0.03016	0.16535	0.02836	0.02001	0.02546	0.41054	0.01602	0.15501	0.02613	0.02755	0.01442	0.01609	0.01169	0.00879	0.00742	0.00220	0.01289	0.00576	0.00511	0.01103
12	0.01037	0.00741	0.00987	0.01185	0.01234	0.00691	0.00790	0.01185	0.01629	0.02172	0.04690	0.69537	0.05629	0.02666	0.01086	0.00346	0.00494	0.02419	0.00790	0.00691
13	0.01037	0.00741	0.00987	0.01185	0.01234	0.00691	0.00790	0.01185	0.01629	0.02172	0.04690	0.69537	0.05629	0.02666	0.01086	0.00346	0.00494	0.02419	0.00790	0.00691
14	0.01366	0.00807	0.00948	0.00987	0.01121	0.00823	0.00702	0.01642	0.01607	0.02559	0.03058	0.16681	0.02982	0.11846	0.12466	0.00514	0.00796	0.01197	0.37168	0.00729
15	0.01758	0.01541	0.02327	0.15169	0.15110	0.01817	0.01807	0.07331	0.01768	0.02487	0.01777	0.02522	0.01548	0.02888	0.24178	0.00669	0.13035	0.00810	0.00455	0.01003
16	0.01216	0.00912	0.01368	0.01368	0.01520	0.01064	0.01064	0.01520	0.01368	0.01976	0.02279	0.03343	0.02127	0.06382	0.66720	0.01368	0.02279	0.00912	0.00456	0.00760
17	0.03818	0.01448	0.01975	0.01514	0.02172	0.01251	0.01251	0.04147	0.02436	0.65373	0.03357	0.02897	0.02107	0.01053	0.00856	0.00263	0.00724	0.00856	0.01053	0.01448
18	0.02802	0.31780	0.03265	0.01886	0.02445	0.40301	0.01566	0.03044	0.02127	0.02049	0.01260	0.01464	0.01094	0.00815	0.00675	0.00204	0.01274	0.00509	0.00407	0.01031
19	0.02587	0.01483	0.02281	0.01773	0.02347	0.01356	0.12761	0.03142	0.07071	0.31330	0.09643	0.04075	0.13744	0.01258	0.00926	0.00275	0.00775	0.01125	0.00860	0.01191
20	0.01246	0.00893	0.01272	0.01272	0.01410	0.01015	0.00964	0.01522	0.01384	0.02028	0.02365	0.03592	0.02245	0.13471	0.54345	0.01215	0.01965	0.00941	0.06122	0.00734
21	0.01037	0.00741	0.00987	0.01185	0.01234	0.00691	0.00790	0.01185	0.01629	0.02172	0.04690	0.69537	0.05629	0.02666	0.01086	0.00346	0.00494	0.02419	0.00790	0.00691
22	0.01936	0.01614	0.01857	0.01342	0.02089	0.01310	0.01079	0.09105	0.02025	0.03075	0.01574	0.01797	0.01282	0.00676	0.00656	0.00141	0.00666	0.00535	0.00545	0.66697
23	0.02424	0.01874	0.02170	0.01794	0.02184	0.02150	0.01439	0.34620	0.02880	0.03928	0.05617	0.11840	0.02419	0.05670	0.01493	0.00327	0.14230	0.01063	0.00732	0.01147
24	0.01051	0.00750	0.01003	0.01201	0.01256	0.00703	0.00814	0.01209	0.01643	0.02188	0.04683	0.67071	0.05598	0.02653	0.01090	0.00348	0.00506	0.04749	0.00790	0.00695
25	0.03188	0.03798	0.02434	0.02156	0.02632	0.56816	0.01640	0.12413	0.02656	0.02588	0.01427	0.01613	0.01150	0.00899	0.00780	0.00225	0.01443	0.00582	0.00502	0.01058
26	0.01921	0.01508	0.01781	0.01280	0.02029	0.01143	0.01027	0.02295	0.01816	0.07537	0.01653	0.01851	0.01325	0.00662	0.00647	0.00136	0.00637	0.00531	0.00546	0.69675
27	0.03235	0.02384	0.02554	0.01958	0.02639	0.02639	0.01618	0.61946	0.04001	0.05363	0.02043	0.02043	0.01447	0.01022	0.00851	0.00255	0.00936	0.00766	0.00851	0.01447
28	0.01607	0.01513	0.02552	0.68047	0.05861	0.01891	0.02363	0.02174	0.01702	0.02174	0.01513	0.02269	0.01134	0.00851	0.00851	0.00284	0.01134	0.00756	0.00378	0.00945
29	0.01344	0.01100	0.01613	0.01539	0.01661	0.01369	0.01222	0.01624	0.01355	0.01990	0.02049	0.03050	0.01927	0.05413	0.54056	0.01171	0.15404	0.00879	0.00439	0.00794
30	0.01204	0.00870	0.01138	0.01071	0.01271	0.00803	0.00803	0.01606	0.02409	0.03413	0.64335	0.06357	0.08030	0.01740	0.01004	0.00268	0.00401	0.01539	0.00937	0.00803
31	0.01066	0.00808	0.00984	0.01058	0.01217	0.00726	0.00749	0.01295	0.01907	0.02501	0.19835	0.35813	0.24374	0.02292	0.01042	0.00309	0.00453	0.02021	0.00824	0.00726
32	0.01171	0.00844	0.01108	0.01093	0.01264	0.00781	0.00800	0.01523	0.02254	0.03167	0.52520	0.18872	0.07554	0.01923	0.01020	0.00283	0.00420	0.01713	0.00908	0.00781
33	0.01061	0.00766	0.00965	0.01112	0.01182	0.00713	0.00735	0.01196	0.01611	0.02115	0.04869	0.53503	0.12123	0.11979	0.01528	0.00405	0.00532	0.02182	0.00752	0.00670
34	0.01478	0.00739	0.01109	0.01109	0.01109	0.00739	0.00739	0.01109	0.01109	0.01478	0.01478	0.02587	0.01478	0.02956	0.03326	0.75240	0.00739	0.00739	0.00370	0.00370
35	0.03279	0.02313	0.02510	0.01924	0.02604	0.02533	0.01590	0.57548	0.03882	0.09930	0.02143	0.02108	0.01497	0.01024	0.00852	0.00256	0.00920	0.00773	0.00867	0.01447
36	0.01048	0.00745	0.00984	0.01171	0.01218	0.00698	0.00775	0.01188	0.01608	0.02144	0.04582	0.66097	0.05492	0.06292	0.01261	0.00371	0.00512	0.02356	0.00775	0.00682
37	0.11812	0.02297	0.02401	0.01859	0.02522	0.02553	0.01536	0.54949	0.03701	0.05181	0.01942	0.01965	0.01385	0.00994	0.00813	0.00256	0.00904	0.00730	0.00813	0.01385
38	0.02106	0.02022	0.03454	0.05223	0.64784	0.02022	0.02612	0.02612	0.01938	0.02780	0.01601	0.02106	0.01348	0.00758	0.00842	0.00253	0.01011	0.00758	0.00421	0.01348
39	0.01037	0.00741	0.00987	0.01185	0.01234	0.00691	0.00790	0.01185	0.01629	0.02172	0.04690	0.69537	0.05629	0.02666	0.01086	0.00346	0.00494	0.02419	0.00790	0.00691
40	0.03179	0.04056	0.02412	0.02192	0.02631	0.66676	0.01644	0.03398	0.02412	0.02083	0.01315	0.01535	0.01096	0.00877	0.00767	0.00219	0.01535	0.00548	0.00438	0.00987
41	0.02106	0.02022	0.03454	0.05223	0.64784	0.02022	0.02612	0.02612	0.01938	0.02780	0.01601	0.02106	0.01348	0.00758	0.00842	0.00253	0.01011	0.00758	0.00421	0.01348
42	0.02487	0.23961	0.03291	0.02081	0.02534	0.26471	0.06209	0.02753	0.01898	0.02098	0.01257	0.01620	0.01115	0.00969	0.01214	0.00250	0.17772	0.00602	0.00399	0.01018
43	0.02265	0.02118	0.01909	0.01683	0.02001	0.18253	0.01281	0.17176	0.02267	0.02792	0.01994	0.02935	0.01839	0.16548	0.16950	0.00629	0.05014	0.00841	0.00559	0.00949
44	0.02106	0.02022	0.03454	0.05223	0.64784	0.02022	0.02612	0.02612	0.01938	0.02780	0.01601	0.02106	0.01348	0.00758	0.00842	0.00253	0.01011	0.00758	0.00421	0.01348
45	0.01698	0.03880	0.53288	0.02209	0.03280	0.05039	0.02727	0.02554	0.01890	0.02707	0.07488	0.02533	0.05105	0.00967	0.00834	0.00268	0.01151	0.00769	0.00438	0.01175
46	0.01122	0.00857	0.01043	0.01167	0.01314	0.00809	0.00833	0.01445	0.05559	0.02319	0.05592	0.45370	0.20229	0.02419	0.01059	0.00331	0.00511	0.06481	0.00794	0.00746
47	0.01862	0.01862	0.02607	0.02234	0.02234	0.02607	0.01862	0.02048	0.01303	0.02048	0.01117	0.01862	0.01117	0.01489	0.02793	0.00372	0.68535	0.00745	0.00372	0.00931
48	0.01784	0.03861	0.50111	0.02724	0.03879	0.02021	0.18174	0.02703	0.01851	0.02703	0.01577	0.01925	0.01133	0.00785	0.00859	0.00274	0.01303	0.00725	0.00378	0.01229
49	0.02257	0.02420	0.02951	0.20565	0.33483	0.18810	0.02296	0.02704	0.02000	0.02443	0.01504	0.01999	0.01228	0.00813	0.00825	0.00252	0.01179	0.00703	0.00415	0.01151
50	0.01218	0.00902	0.01316	0.01316	0.01450	0.01036	0.00999	0.01486	0.01352	0.01937	0.02327	0.03605	0.02241	0.13881	0.59377	0.01304	0.02108	0.00950	0.00463	0.00731
51	0.01246	0.00892	0.01338	0.01338	0.01472	0.01026	0.01026	0.01472	0.01338	0.01918	0.02186	0.03255	0.02052	0.05984	0.59340	0.09968	0.02100	0.00892	0.00446	0.00714
52	0.01964	0.02783	0.23521	0.04159	0.41687	0.02039	0.02744	0.02608	0.01858	0.02713	0.01551	0.01993	0.01248	0.00814	0.00936	0.00265	0.04707	0.00716	0.00399	0.01296
53	0.01842	0.01826	0.03322	0.35772	0.23876	0.01983	0.14193	0.02419	0.01836	0.02472	0.01581	0.02224	0.01232	0.00796	0.00879	0.00275	0.01156	0.00806	0.00402	0.01110
54	0.03235	0.02384	0.02554	0.01958	0.02639	0.02639	0.01618	0.61946	0.04001	0.05363	0.02043	0.02043	0.01447	0.01022	0.00851	0.00255	0.00936	0.00766	0.00851	0.01447
55	0.01383	0.01252	0.06295	0.01288	0.01590	0.01035	0.01051	0.01980	0.09830	0.05220	0.23248	0.25565	0.13129	0.01910	0.00991	0.00297	0.00549	0.01677	0.00821	0.00887
56	0.03024	0.02845	0.02506	0.09816	0.03016	0.24151	0.01714	0.35163	0.03194	0.03881	0.01735	0.01898	0.01292	0.00953	0.00823	0.00247	0.01162	0.00691	0.00656	0.01233
57	0.01027	0.00779	0.00948	0.01083	0.01208	0.00700	0.00745	0.01196	0.01727	0.02212	0.05932	0.50164	0.24200	0.02505	0.01061	0.00327	0.00474	0.02222	0.00790	0.00700
58	0.01070	0.00852	0.00968	0.01025	0.01248	0.00750	0.00772	0.01307	0.01916	0.02388	0.11598	0.20370	0.41487	0.02248	0.01042	0.00310	0.00483	0.08639	0.00801	0.00727
59	0.01904	0.01550	0.01877	0.01391	0.02052	0.01315	0.01124	0.02256	0.01752	0.06575	0.01581	0.01846	0.01296	0.00758	0.00899	0.00164	0.08629	0.00554	0.00523	0.61956
60	0.01414	0.01220	0.02060	0.01806	0.02100	0.01165	0.15352	0.04909	0.01922	0.02588	0.08371	0.42537	0.04521	0.02029	0.01051	0.00323	0.00747	0.04312	0.00719	0.00853
61	0.01037	0.00741	0.00987	0.01185	0.01234	0.00691	0.00790	0.01185	0.01629	0.02172	0.04690	0.69537	0.05629	0.02666	0.01086	0.00346	0.00494	0.02419	0.00790	0.00691
62	0.02106	0.02022	0.03454	0.05223	0.64784	0.02022	0.02612	0.02612	0.01938	0.02780	0.01601	0.02106	0.01348	0.00758	0.00842	0.00253	0.01011	0.00758	0.00421	0.01348
63	0.02296	0.23713	0.02940	0.02045	0.09440	0.09784	0.01535	0.14644	0.02267	0.02865	0.05018	0.02259	0.01767	0.01954	0.13451	0.00443	0.01236	0.00711	0.00528	0.01103
64	0.02231	0.02508	0.06998	0.12389	0.41231	0.14810	0.02422	0.02717	0.01993	0.02560	0.01529	0.01994	0.01254	0.00797	0.00827	0.00251	0.01146	0.00708	0.00415	0.01220
65	0.01707	0.04402	0.65683	0.02426	0.03683	0.01976	0.03144	0.02695	0.01797	0.02695	0.01527	0.01797	0.01078	0.00809	0.00809	0.00270	0.01258	0.00629	0.00359	0.01258
66	0.01496	0.01093	0.01314	0.01303	0.01514	0.01096	0.00948	0.13288	0.02236	0.03003	0.13579	0.43090	0.08365	0.02170	0.01023	0.00313	0.00564	0.01922	0.00825	0.00860
67	0.01009	0.00848	0.00877	0.00900	0.01159	0.00715	0.00663	0.01217	0.01903	0.02284	0.08158	0.15411	0.57516	0.02215	0.01015	0.00294	0.00438	0.01869	0.00790	0.00715
68	0.01095	0.00891	0.00987	0.01035	0.01300	0.00782	0.00824	0.01354	0.01944	0.02360	0.07611	0.08536	0.49830	0.02203	0.01047	0.00313	0.00518	0.15844	0.00789	0.00734
69	0.01037	0.00741	0.00987	0.01185	0.01234	0.00691	0.00790	0.01185	0.01629	0.02172	0.04690	0.69537	0.05629	0.02666	0.01086	0.00346	0.00494	0.02419	0.00790	0.00691
70	0.01037	0.00741	0.00987	0.01185	0.01234	0.00691	0.00790	0.01185	0.01629	0.02172	0.04690	0.69537	0.05629	0.02666	0.01086	0.00346	0.00494	0.02419	0.00790	0.00691
71	0.01257	0.00964	0.01411	0.01388	0.01519	0.01141	0.01072	0.01531	0.01354	0.01955	0.02238	0.03421	0.02138	0.10927	0.58003	0.01265	0.06283	0.00926	0.00455	0.00752
72	0.03043	0.02289	0.02446	0.01919	0.02566	0.02550	0.01571	0.52112	0.14147	0.05054	0.02286	0.02237	0.01644	0.01044	0.00854	0.00261	0.00891	0.00800	0.00854	0.01430
73	0.01216	0.00912	0.01368	0.01368	0.01520	0.01064	0.01064	0.01520	0.01368	0.01976	0.02279	0.03343	0.02127	0.06382	0.66720	0.01368	0.02279	0.00912	0.00456	0.00760
74	0.03235	0.02384	0.02554	0.01958	0.02639	0.02639	0.01618	0.61946	0.04001	0.05363	0.02043	0.02043	0.01447	0.01022	0.00851	0.00255	0.00936	0.00766	0.00851	0.01447
75	0.01246	0.00957	0.01426	0.01409	0.01553	0.01137	0.01101	0.01545	0.01365	0.01979	0.02225	0.03273	0.02080	0.06151	0.63700	0.01321	0.05409	0.00904	0.00452	0.00768
