[name]
unknown

[dist]
# distance from previous block
# <min> <max>
0	1

[block]
# block no. 0 follows, 21 sequences, length 17
# corresponding to MSA columns:
# 1-17
name=unknown_A
#
# <colnr> <probs for GDERKNQSTAVLIFYWHMCP>
#	G	D	E	R	K	N	Q	S	T	A	V	L	I	F	Y	W	H	M	C	P
0	0.01334	0.00953	0.01328	0.01524	0.01703	0.00947	0.01306	0.01698	0.01922	0.02505	0.04527	0.16365	0.04980	0.02386	0.01165	0.00387	0.00751	0.52663	0.00784	0.00773
1	0.01435	0.01229	0.01248	0.08619	0.01689	0.07458	0.00857	0.01555	0.01518	0.01855	0.03360	0.05214	0.12443	0.44595	0.03056	0.00618	0.00868	0.01204	0.00536	0.00643
2	0.01676	0.02043	0.12993	0.13228	0.03514	0.01636	0.22245	0.02210	0.01859	0.02561	0.09967	0.02992	0.04808	0.01195	0.01191	0.08734	0.01063	0.00951	0.00488	0.04644
3	0.01487	0.00744	0.01082	0.01082	0.01099	0.00744	0.00727	0.01182	0.01166	0.01621	0.01587	0.02636	0.01537	0.02791	0.03096	0.68924	0.00710	0.00744	0.06635	0.00405
4	0.02338	0.02569	0.02157	0.07630	0.07949	0.28807	0.01573	0.03141	0.17248	0.02531	0.02447	0.13298	0.02243	0.01229	0.00858	0.00266	0.01071	0.00996	0.00596	0.01055
5	0.01997	0.02132	0.02706	0.02273	0.02487	0.12895	0.09838	0.02279	0.01593	0.02134	0.01417	0.02103	0.01298	0.02062	0.12394	0.00494	0.37775	0.00774	0.00404	0.00942
6	0.01103	0.00855	0.01018	0.01101	0.01302	0.00770	0.00839	0.01351	0.01904	0.02411	0.11633	0.24055	0.32801	0.02289	0.01059	0.00321	0.00514	0.13140	0.00802	0.00732
7	0.02563	0.02824	0.02547	0.02877	0.19416	0.29417	0.01817	0.03527	0.20813	0.02723	0.02047	0.02190	0.01622	0.00929	0.00818	0.00249	0.01130	0.00731	0.00564	0.01195
8	0.02016	0.01988	0.02720	0.03494	0.33152	0.07413	0.02012	0.02622	0.08762	0.02603	0.02347	0.02726	0.06934	0.01341	0.04498	0.00333	0.12520	0.00859	0.00498	0.01162
9	0.01391	0.00856	0.01096	0.01096	0.01270	0.00936	0.00842	0.01739	0.01565	0.02541	0.02514	0.03263	0.02153	0.03835	0.35478	0.00815	0.01390	0.00856	0.35589	0.00776
10	0.01735	0.01560	0.02393	0.35692	0.13942	0.01800	0.02065	0.02578	0.12321	0.02570	0.02356	0.03611	0.02041	0.01136	0.00906	0.00297	0.00978	0.10434	0.00536	0.01052
11	0.02499	0.01995	0.02069	0.07606	0.07163	0.09592	0.01450	0.26996	0.02780	0.03832	0.02100	0.02351	0.01594	0.00960	0.00762	0.00236	0.00866	0.00747	0.23259	0.01142
12	0.10129	0.01628	0.02492	0.46061	0.13890	0.01930	0.02160	0.02456	0.06410	0.02556	0.01638	0.02214	0.01254	0.00853	0.00814	0.00277	0.01027	0.00739	0.00439	0.01033
13	0.01051	0.00834	0.00987	0.01047	0.01239	0.00769	0.00762	0.01261	0.01747	0.02205	0.06338	0.26047	0.35854	0.03035	0.12284	0.00490	0.00767	0.01834	0.00733	0.00717
14	0.01640	0.01236	0.01314	0.01195	0.01584	0.01219	0.00926	0.05369	0.17828	0.08085	0.06523	0.06148	0.40144	0.01749	0.00949	0.00284	0.00543	0.01451	0.00835	0.00978
15	0.01940	0.02046	0.02170	0.15090	0.02838	0.17860	0.01665	0.02247	0.01677	0.02060	0.01599	0.02313	0.01423	0.02701	0.21377	0.00620	0.18313	0.00749	0.00415	0.00895
16	0.05332	0.01515	0.01868	0.09968	0.02489	0.01445	0.01272	0.07573	0.07417	0.13755	0.07471	0.05887	0.02291	0.01010	0.00785	0.00223	0.00715	0.00838	0.00693	0.27452

[dist]
# distance from previous block
# <min> <max>
3	12

[block]
# block no. 1 follows, 21 sequences, length 8
# corresponding to MSA columns:
# 30-37
name=unknown_B
#
# <colnr> <probs for GDERKNQSTAVLIFYWHMCP>
#	G	D	E	R	K	N	Q	S	T	A	V	L	I	F	Y	W	H	M	C	P
0	0.01710	0.01316	0.01737	0.01527	0.01912	0.01298	0.06155	0.02585	0.18410	0.07729	0.11451	0.21587	0.09074	0.01625	0.00944	0.00284	0.00635	0.01449	0.00793	0.07778
1	0.08202	0.01827	0.01998	0.29155	0.06256	0.13755	0.01657	0.02341	0.01835	0.02518	0.01933	0.07221	0.01656	0.01009	0.00775	0.00256	0.00973	0.00823	0.14889	0.00921
2	0.01407	0.00804	0.01122	0.01160	0.01198	0.00804	0.00815	0.01263	0.01301	0.01722	0.02318	0.04572	0.02480	0.16868	0.03118	0.45156	0.00766	0.12167	0.00480	0.00480
3	0.01329	0.00971	0.01192	0.01241	0.01407	0.00950	0.00883	0.08782	0.02049	0.02739	0.12419	0.48178	0.09998	0.02302	0.01040	0.00320	0.00532	0.02051	0.00817	0.00802
4	0.02793	0.02167	0.02023	0.01681	0.02143	0.14403	0.01294	0.24214	0.05937	0.13319	0.02335	0.02960	0.01928	0.17074	0.01646	0.00384	0.00979	0.00858	0.00726	0.01136
5	0.02158	0.02241	0.02859	0.03625	0.34719	0.15513	0.06389	0.02520	0.01908	0.02409	0.01759	0.02671	0.01629	0.14244	0.01516	0.00359	0.01117	0.00825	0.00444	0.01095
6	0.01359	0.01027	0.01260	0.01265	0.01412	0.01116	0.00892	0.01945	0.13399	0.02225	0.03144	0.18034	0.03258	0.24133	0.20862	0.00775	0.01142	0.01341	0.00625	0.00784
7	0.02440	0.01866	0.02000	0.01685	0.02217	0.02063	0.01342	0.22704	0.32925	0.07557	0.03637	0.03414	0.09870	0.01230	0.00878	0.00276	0.00732	0.00996	0.00863	0.01307

[dist]
# distance from previous block
# <min> <max>
0	2

[block]
# block no. 2 follows, 21 sequences, length 15
# corresponding to MSA columns:
# 40-54
name=unknown_C
#
# <colnr> <probs for GDERKNQSTAVLIFYWHMCP>
#	G	D	E	R	K	N	Q	S	T	A	V	L	I	F	Y	W	H	M	C	P
0	0.02254	0.20056	0.05840	0.01778	0.02333	0.05529	0.01544	0.08214	0.31163	0.03052	0.02353	0.02353	0.01838	0.01032	0.00944	0.00261	0.06819	0.00759	0.00645	0.01231
1	0.01518	0.01468	0.01792	0.01611	0.01827	0.07525	0.05919	0.01783	0.01861	0.02420	0.14391	0.19780	0.16350	0.01825	0.01385	0.00309	0.15252	0.01490	0.00663	0.00832
2	0.02201	0.02202	0.03362	0.04956	0.59294	0.07733	0.02526	0.02681	0.01980	0.02719	0.01576	0.02056	0.01326	0.00769	0.00836	0.00250	0.01057	0.00740	0.00423	0.01316
3	0.02714	0.13376	0.02457	0.01823	0.02293	0.39957	0.01435	0.08122	0.02354	0.02468	0.02171	0.02318	0.07243	0.00998	0.00750	0.00222	0.01192	0.00692	0.06414	0.01002
4	0.01707	0.04402	0.65683	0.02426	0.03683	0.01976	0.03144	0.02695	0.01797	0.02695	0.01527	0.01797	0.01078	0.00809	0.00809	0.00270	0.01258	0.00629	0.00359	0.01258
5	0.03188	0.03796	0.02434	0.02156	0.02632	0.56726	0.01640	0.12496	0.02659	0.02593	0.01429	0.01614	0.01151	0.00899	0.00780	0.00225	0.01442	0.00582	0.00503	0.01058
6	0.02302	0.02095	0.03048	0.03987	0.40446	0.07217	0.02244	0.02699	0.01887	0.08526	0.01641	0.02084	0.01351	0.00953	0.01257	0.00277	0.15527	0.00748	0.00472	0.01239
7	0.01508	0.01240	0.01280	0.01164	0.01539	0.01225	0.00902	0.10331	0.12600	0.02944	0.06822	0.06476	0.45108	0.01826	0.00960	0.00283	0.00543	0.01510	0.00812	0.00927
8	0.01232	0.00847	0.01041	0.01041	0.01079	0.00886	0.00656	0.01310	0.01271	0.01733	0.02579	0.05000	0.02847	0.53794	0.20292	0.00964	0.01197	0.01154	0.00500	0.00578
9	0.02891	0.02180	0.02369	0.01795	0.02493	0.02287	0.01475	0.47942	0.03477	0.04757	0.01919	0.01978	0.01404	0.00930	0.00800	0.00225	0.00865	0.00705	0.00770	0.18740
10	0.02106	0.02022	0.03454	0.05223	0.64784	0.02022	0.02612	0.02612	0.01938	0.02780	0.01601	0.02106	0.01348	0.00758	0.00842	0.00253	0.01011	0.00758	0.00421	0.01348
11	0.02106	0.02022	0.03454	0.05223	0.64784	0.02022	0.02612	0.02612	0.01938	0.02780	0.01601	0.02106	0.01348	0.00758	0.00842	0.00253	0.01011	0.00758	0.00421	0.01348
12	0.03179	0.04056	0.02412	0.02192	0.02631	0.66676	0.01644	0.03398	0.02412	0.02083	0.01315	0.01535	0.01096	0.00877	0.00767	0.00219	0.01535	0.00548	0.00438	0.00987
13	0.01191	0.00805	0.00942	0.00988	0.01000	0.00794	0.00580	0.01225	0.01329	0.01772	0.03152	0.20548	0.03687	0.54303	0.03572	0.00713	0.00747	0.01514	0.00580	0.00557
14	0.03179	0.04056	0.02412	0.02192	0.02631	0.66676	0.01644	0.03398	0.02412	0.02083	0.01315	0.01535	0.01096	0.00877	0.00767	0.00219	0.01535	0.00548	0.00438	0.00987

[dist]
# distance from previous block
# <min> <max>
0	1

[block]
# block no. 3 follows, 21 sequences, length 11
# corresponding to MSA columns:
# 56-66
name=unknown_D
#
# <colnr> <probs for GDERKNQSTAVLIFYWHMCP>
#	G	D	E	R	K	N	Q	S	T	A	V	L	I	F	Y	W	H	M	C	P
0	0.03179	0.04056	0.02412	0.02192	0.02631	0.66676	0.01644	0.03398	0.02412	0.02083	0.01315	0.01535	0.01096	0.00877	0.00767	0.00219	0.01535	0.00548	0.00438	0.00987
1	0.01132	0.00867	0.01037	0.00995	0.01227	0.00772	0.00746	0.01466	0.02238	0.03007	0.44039	0.07025	0.28579	0.01891	0.01004	0.00275	0.00412	0.01633	0.00883	0.00772
2	0.01089	0.00763	0.00972	0.01118	0.01155	0.00726	0.00719	0.01199	0.01528	0.02037	0.04169	0.52932	0.04971	0.20169	0.01929	0.00470	0.00580	0.02113	0.00719	0.00646
3	0.01371	0.00980	0.01371	0.01567	0.01763	0.00980	0.01371	0.01763	0.01959	0.02547	0.04506	0.09599	0.04898	0.02351	0.01175	0.00392	0.00784	0.59056	0.00784	0.00784
4	0.02009	0.02296	0.05022	0.03587	0.04448	0.02152	0.61693	0.02726	0.02009	0.02726	0.01722	0.02296	0.01291	0.00717	0.01004	0.00287	0.01435	0.01004	0.00430	0.01148
5	0.03179	0.04056	0.02412	0.02192	0.02631	0.66676	0.01644	0.03398	0.02412	0.02083	0.01315	0.01535	0.01096	0.00877	0.00767	0.00219	0.01535	0.00548	0.00438	0.00987
6	0.01009	0.00848	0.00877	0.00900	0.01159	0.00715	0.00663	0.01217	0.01903	0.02284	0.08159	0.15408	0.57519	0.02215	0.01015	0.00294	0.00438	0.01869	0.00790	0.00715
7	0.01945	0.01858	0.03164	0.25465	0.45799	0.01980	0.02532	0.02471	0.01862	0.02585	0.01572	0.02159	0.01279	0.00788	0.00845	0.00263	0.01051	0.00758	0.00407	0.01218
8	0.01138	0.00934	0.01011	0.00979	0.01258	0.00841	0.00738	0.01560	0.06474	0.02682	0.22872	0.07348	0.45184	0.01974	0.00995	0.00282	0.00441	0.01669	0.00834	0.00786
9	0.02589	0.01813	0.02005	0.01713	0.02252	0.01999	0.01358	0.10866	0.44223	0.16366	0.03283	0.02992	0.02369	0.01119	0.00862	0.00280	0.00713	0.00919	0.00902	0.01379
10	0.01982	0.23799	0.26402	0.02527	0.03488	0.02459	0.22591	0.02661	0.01848	0.02495	0.01489	0.01836	0.01155	0.00753	0.00796	0.00249	0.01212	0.00704	0.00385	0.01170

[dist]
# distance from previous block
# <min> <max>
0	2

[block]
# block no. 4 follows, 21 sequences, length 33
# corresponding to MSA columns:
# 69-101
name=unknown_E
#
# <colnr> <probs for GDERKNQSTAVLIFYWHMCP>
#	G	D	E	R	K	N	Q	S	T	A	V	L	I	F	Y	W	H	M	C	P
0	0.46647	0.06822	0.23015	0.01577	0.02361	0.02022	0.01699	0.02569	0.01582	0.03330	0.01299	0.01520	0.00984	0.00792	0.00622	0.00260	0.00874	0.00517	0.00461	0.01045
1	0.02232	0.03070	0.16423	0.03253	0.14616	0.17248	0.22208	0.02825	0.02014	0.02547	0.01537	0.01961	0.01204	0.00817	0.00963	0.00265	0.04481	0.00764	0.00413	0.01158
2	0.01417	0.00945	0.01043	0.00973	0.01304	0.00801	0.00746	0.01666	0.02054	0.11197	0.13189	0.07278	0.50382	0.01962	0.00985	0.00282	0.00469	0.01641	0.00841	0.00828
3	0.01513	0.01262	0.01767	0.02304	0.21529	0.01168	0.01316	0.01841	0.02001	0.05677	0.10496	0.05840	0.36759	0.01622	0.00946	0.00274	0.00628	0.01398	0.00697	0.00962
4	0.01586	0.00793	0.00793	0.00793	0.00991	0.00793	0.00595	0.01983	0.01785	0.03173	0.02776	0.03173	0.02181	0.00991	0.00595	0.00198	0.00397	0.00793	0.74817	0.00793
5	0.01707	0.04402	0.65683	0.02426	0.03683	0.01976	0.03144	0.02695	0.01797	0.02695	0.01527	0.01797	0.01078	0.00809	0.00809	0.00270	0.01258	0.00629	0.00359	0.01258
6	0.01904	0.01979	0.03854	0.24565	0.19476	0.02037	0.28475	0.02522	0.01893	0.02563	0.01626	0.02241	0.01255	0.00770	0.00916	0.00278	0.01236	0.00866	0.00412	0.01132
7	0.01160	0.00811	0.00979	0.01023	0.01091	0.00776	0.00654	0.01288	0.01603	0.02156	0.14712	0.24108	0.08489	0.34383	0.02602	0.00555	0.00630	0.01663	0.00687	0.00630
8	0.01188	0.00817	0.00999	0.01046	0.01077	0.00825	0.00651	0.01262	0.01346	0.01815	0.03100	0.20283	0.03563	0.45985	0.11691	0.00783	0.00937	0.01472	0.00572	0.00589
9	0.01265	0.00823	0.00918	0.00918	0.00933	0.00823	0.00522	0.01296	0.01281	0.01770	0.02689	0.05381	0.03022	0.64661	0.04038	0.00776	0.00791	0.01203	0.06355	0.00537
10	0.03235	0.02384	0.02554	0.01958	0.02639	0.02639	0.01618	0.61946	0.04001	0.05363	0.02043	0.02043	0.01447	0.01022	0.00851	0.00255	0.00936	0.00766	0.00851	0.01447
11	0.02106	0.02022	0.03454	0.05223	0.64784	0.02022	0.02612	0.02612	0.01938	0.02780	0.01601	0.02106	0.01348	0.00758	0.00842	0.00253	0.01011	0.00758	0.00421	0.01348
12	0.01216	0.00912	0.01368	0.01368	0.01520	0.01064	0.01064	0.01520	0.01368	0.01976	0.02279	0.03343	0.02127	0.06382	0.66720	0.01368	0.02279	0.00912	0.00456	0.00760
13	0.02985	0.19131	0.02937	0.01945	0.02529	0.31379	0.01592	0.21894	0.02759	0.03111	0.01517	0.01657	0.01207	0.00888	0.00742	0.00222	0.01197	0.00596	0.00553	0.01158
14	0.01037	0.00741	0.00987	0.01185	0.01234	0.00691	0.00790	0.01185	0.01629	0.02172	0.04690	0.69537	0.05629	0.02666	0.01086	0.00346	0.00494	0.02419	0.00790	0.00691
15	0.01765	0.01513	0.01765	0.01260	0.02017	0.01134	0.01008	0.02143	0.01765	0.02773	0.01513	0.01765	0.01260	0.00630	0.00630	0.00126	0.00630	0.00504	0.00504	0.75295
16	0.01216	0.00912	0.01368	0.01368	0.01520	0.01064	0.01064	0.01520	0.01368	0.01976	0.02279	0.03343	0.02127	0.06382	0.66720	0.01368	0.02279	0.00912	0.00456	0.00760
17	0.01431	0.00923	0.01200	0.01131	0.01373	0.00843	0.00866	0.01798	0.02308	0.08906	0.47662	0.09558	0.11605	0.01794	0.01005	0.00280	0.00462	0.05089	0.00919	0.00849
18	0.01037	0.00741	0.00987	0.01185	0.01234	0.00691	0.00790	0.01185	0.01629	0.02172	0.04690	0.69537	0.05629	0.02666	0.01086	0.00346	0.00494	0.02419	0.00790	0.00691
19	0.02449	0.02671	0.03121	0.04256	0.44938	0.22667	0.02303	0.02863	0.02089	0.02558	0.01510	0.01924	0.01268	0.00796	0.00818	0.00242	0.01178	0.00691	0.00427	0.01233
20	0.01006	0.00862	0.00862	0.00862	0.01149	0.00718	0.00647	0.01221	0.01940	0.02299	0.08621	0.08190	0.64438	0.02155	0.01006	0.00287	0.00431	0.01796	0.00790	0.00718
21	0.01765	0.01513	0.01765	0.01260	0.02017	0.01134	0.01008	0.02143	0.01765	0.02773	0.01513	0.01765	0.01260	0.00630	0.00630	0.00126	0.00630	0.00504	0.00504	0.75295
22	0.01216	0.00855	0.01067	0.01023	0.01156	0.00810	0.00707	0.01483	0.02017	0.02823	0.43699	0.06093	0.06378	0.24618	0.02118	0.00454	0.00543	0.01438	0.00796	0.00707
23	0.03232	0.02477	0.02546	0.01971	0.02639	0.06220	0.01619	0.58672	0.03912	0.05180	0.02002	0.02015	0.01428	0.01013	0.00847	0.00253	0.00970	0.00754	0.00828	0.01421
24	0.02275	0.70604	0.04459	0.01456	0.02184	0.03367	0.01456	0.02548	0.01729	0.02002	0.01183	0.01365	0.01092	0.00728	0.00546	0.00182	0.00910	0.00455	0.00364	0.01092
25	0.01037	0.00741	0.00987	0.01185	0.01234	0.00691	0.00790	0.01185	0.01629	0.02172	0.04690	0.69537	0.05629	0.02666	0.01086	0.00346	0.00494	0.02419	0.00790	0.00691
26	0.01607	0.01513	0.02552	0.68047	0.05861	0.01891	0.02363	0.02174	0.01702	0.02174	0.01513	0.02269	0.01134	0.00851	0.00851	0.00284	0.01134	0.00756	0.00378	0.00945
27	0.01037	0.00741	0.00987	0.01185	0.01234	0.00691	0.00790	0.01185	0.01629	0.02172	0.04690	0.69537	0.05629	0.02666	0.01086	0.00346	0.00494	0.02419	0.00790	0.00691
28	0.01006	0.00862	0.00862	0.00862	0.01149	0.00718	0.00647	0.01221	0.01940	0.02299	0.08621	0.08190	0.64438	0.02155	0.01006	0.00287	0.00431	0.01796	0.00790	0.00718
29	0.02275	0.70604	0.04459	0.01456	0.02184	0.03367	0.01456	0.02548	0.01729	0.02002	0.01183	0.01365	0.01092	0.00728	0.00546	0.00182	0.00910	0.00455	0.00364	0.01092
30	0.02400	0.01961	0.02085	0.01769	0.02318	0.02207	0.01403	0.19837	0.44216	0.04005	0.02983	0.02800	0.02221	0.01092	0.00850	0.00271	0.00742	0.00886	0.00844	0.05110
31	0.19542	0.01516	0.01538	0.01316	0.01740	0.01680	0.01059	0.21191	0.02359	0.03868	0.02104	0.02414	0.01644	0.01656	0.09268	0.00384	0.00875	0.00722	0.24095	0.01028
32	0.03179	0.04056	0.02412	0.02192	0.02631	0.66676	0.01644	0.03398	0.02412	0.02083	0.01315	0.01535	0.01096	0.00877	0.00767	0.00219	0.01535	0.00548	0.00438	0.00987

[dist]
# distance from previous block
# <min> <max>
0	1

[block]
# block no. 5 follows, 21 sequences, length 58
# corresponding to MSA columns:
# 103-160
name=unknown_F
#
# <colnr> <probs for GDERKNQSTAVLIFYWHMCP>
#	G	D	E	R	K	N	Q	S	T	A	V	L	I	F	Y	W	H	M	C	P
0	0.03179	0.04056	0.02412	0.02192	0.02631	0.66676	0.01644	0.03398	0.02412	0.02083	0.01315	0.01535	0.01096	0.00877	0.00767	0.00219	0.01535	0.00548	0.00438	0.00987
1	0.01862	0.01862	0.02607	0.02234	0.02234	0.02607	0.01862	0.02048	0.01303	0.02048	0.01117	0.01862	0.01117	0.01489	0.02793	0.00372	0.68535	0.00745	0.00372	0.00931
2	0.03179	0.04056	0.02412	0.02192	0.02631	0.66676	0.01644	0.03398	0.02412	0.02083	0.01315	0.01535	0.01096	0.00877	0.00767	0.00219	0.01535	0.00548	0.00438	0.00987
3	0.01765	0.01513	0.01765	0.01260	0.02017	0.01134	0.01008	0.02143	0.01765	0.02773	0.01513	0.01765	0.01260	0.00630	0.00630	0.00126	0.00630	0.00504	0.00504	0.75295
4	0.02117	0.01828	0.01924	0.01732	0.02213	0.02117	0.01347	0.04522	0.63246	0.03560	0.03464	0.03175	0.02598	0.01155	0.00866	0.00289	0.00673	0.00962	0.00866	0.01347
5	0.01017	0.00817	0.00908	0.00981	0.01181	0.00708	0.00699	0.01208	0.01826	0.02252	0.07178	0.30719	0.42841	0.02343	0.01035	0.00309	0.00454	0.02025	0.00790	0.00708
6	0.01037	0.00741	0.00987	0.01185	0.01234	0.00691	0.00790	0.01185	0.01629	0.02172	0.04690	0.69537	0.05629	0.02666	0.01086	0.00346	0.00494	0.02419	0.00790	0.00691
7	0.01111	0.00866	0.01009	0.00973	0.01214	0.00763	0.00730	0.01426	0.02189	0.02891	0.38243	0.07215	0.34447	0.01934	0.01005	0.00277	0.00415	0.01659	0.00868	0.00763
8	0.01607	0.01513	0.02552	0.68047	0.05861	0.01891	0.02363	0.02174	0.01702	0.02174	0.01513	0.02269	0.01134	0.00851	0.00851	0.00284	0.01134	0.00756	0.00378	0.00945
9	0.02106	0.02022	0.03454	0.05223	0.64784	0.02022	0.02612	0.02612	0.01938	0.02780	0.01601	0.02106	0.01348	0.00758	0.00842	0.00253	0.01011	0.00758	0.00421	0.01348
10	0.02763	0.34700	0.03355	0.01853	0.02425	0.37523	0.01558	0.03007	0.02097	0.02046	0.01254	0.01457	0.01094	0.00808	0.00665	0.00202	0.01247	0.00505	0.00404	0.01035
11	0.01312	0.00941	0.01288	0.01391	0.01588	0.00917	0.01169	0.01707	0.02119	0.02855	0.25787	0.08446	0.06012	0.02133	0.01114	0.00348	0.00648	0.38597	0.00838	0.00791
12	0.01006	0.00862	0.00862	0.00862	0.01149	0.00718	0.00647	0.01221	0.01940	0.02299	0.08621	0.08190	0.64438	0.02155	0.01006	0.00287	0.00431	0.01796	0.00790	0.00718
13	0.01054	0.00753	0.01007	0.01204	0.01261	0.00706	0.00819	0.01214	0.01646	0.02191	0.04681	0.66510	0.05592	0.02650	0.01091	0.00348	0.00508	0.05280	0.00790	0.00696
14	0.01049	0.00750	0.00998	0.01177	0.01237	0.00699	0.00791	0.01215	0.01684	0.02260	0.08884	0.65095	0.05797	0.02601	0.01080	0.00340	0.00487	0.02357	0.00800	0.00699
15	0.01607	0.01513	0.02552	0.68047	0.05861	0.01891	0.02363	0.02174	0.01702	0.02174	0.01513	0.02269	0.01134	0.00851	0.00851	0.00284	0.01134	0.00756	0.00378	0.00945
16	0.02117	0.01828	0.01924	0.01732	0.02213	0.02117	0.01347	0.04522	0.63246	0.03560	0.03464	0.03175	0.02598	0.01155	0.00866	0.00289	0.00673	0.00962	0.00866	0.01347
17	0.76103	0.01646	0.01251	0.01119	0.01646	0.01909	0.00922	0.02502	0.01448	0.03818	0.01185	0.01382	0.00922	0.00790	0.00527	0.00263	0.00658	0.00461	0.00527	0.00922
18	0.01238	0.00825	0.00928	0.00928	0.00928	0.00825	0.00516	0.01238	0.01238	0.01650	0.02681	0.05569	0.03094	0.70092	0.04331	0.00825	0.00825	0.01238	0.00516	0.00516
19	0.01034	0.00844	0.00918	0.00970	0.01203	0.00728	0.00719	0.01246	0.01877	0.02287	0.07566	0.20957	0.48778	0.02272	0.01032	0.00306	0.00465	0.05292	0.00790	0.00717
20	0.03235	0.02384	0.02554	0.01958	0.02639	0.02639	0.01618	0.61946	0.04001	0.05363	0.02043	0.02043	0.01447	0.01022	0.00851	0.00255	0.00936	0.00766	0.00851	0.01447
21	0.01586	0.00793	0.00793	0.00793	0.00991	0.00793	0.00595	0.01983	0.01785	0.03173	0.02776	0.03173	0.02181	0.00991	0.00595	0.00198	0.00397	0.00793	0.74817	0.00793
22	0.01134	0.00867	0.01040	0.00996	0.01228	0.00773	0.00747	0.01469	0.02242	0.03016	0.44517	0.07009	0.28094	0.01888	0.01004	0.00275	0.00412	0.01630	0.00885	0.00773
23	0.01006	0.00862	0.00862	0.00862	0.01149	0.00718	0.00647	0.01221	0.01940	0.02299	0.08621	0.08190	0.64438	0.02155	0.01006	0.00287	0.00431	0.01796	0.00790	0.00718
24	0.01607	0.01513	0.02552	0.68047	0.05861	0.01891	0.02363	0.02174	0.01702	0.02174	0.01513	0.02269	0.01134	0.00851	0.00851	0.00284	0.01134	0.00756	0.00378	0.00945
25	0.01226	0.00871	0.01162	0.01162	0.01242	0.00952	0.00807	0.01387	0.01307	0.01823	0.02468	0.04387	0.02581	0.36266	0.37456	0.01113	0.01597	0.01065	0.00484	0.00645
26	0.03179	0.04056	0.02412	0.02192	0.02631	0.66676	0.01644	0.03398	0.02412	0.02083	0.01315	0.01535	0.01096	0.00877	0.00767	0.00219	0.01535	0.00548	0.00438	0.00987
27	0.01707	0.04402	0.65683	0.02426	0.03683	0.01976	0.03144	0.02695	0.01797	0.02695	0.01527	0.01797	0.01078	0.00809	0.00809	0.00270	0.01258	0.00629	0.00359	0.01258
28	0.01526	0.00927	0.01203	0.01270	0.01457	0.00872	0.00920	0.01843	0.05098	0.11588	0.04653	0.48228	0.08460	0.02294	0.01042	0.00330	0.00554	0.06055	0.00832	0.00846
29	0.01478	0.00739	0.01109	0.01109	0.01109	0.00739	0.00739	0.01109	0.01109	0.01478	0.01478	0.02587	0.01478	0.02956	0.03326	0.75240	0.00739	0.00739	0.00370	0.00370
30	0.01128	0.00803	0.01079	0.01267	0.01351	0.00768	0.00921	0.01329	0.01693	0.02241	0.04554	0.51920	0.05335	0.05628	0.01254	0.00379	0.00580	0.16288	0.00776	0.00706
31	0.01238	0.00825	0.00928	0.00928	0.00928	0.00825	0.00516	0.01238	0.01238	0.01650	0.02681	0.05569	0.03094	0.70092	0.04331	0.00825	0.00825	0.01238	0.00516	0.00516
32	0.01802	0.15449	0.55467	0.02264	0.03433	0.02208	0.02863	0.02671	0.01785	0.02579	0.01470	0.01725	0.01080	0.00795	0.00765	0.00255	0.01200	0.00600	0.00360	0.01230
33	0.21209	0.01547	0.01630	0.01224	0.01920	0.01337	0.00986	0.02237	0.01682	0.03046	0.01427	0.01665	0.01172	0.00672	0.00603	0.00162	0.00638	0.00493	0.00510	0.55842
34	0.02735	0.02742	0.02578	0.13489	0.10879	0.24722	0.01859	0.20682	0.06397	0.03256	0.01732	0.01980	0.01330	0.00918	0.00822	0.00249	0.01171	0.00699	0.00576	0.01184
35	0.02875	0.04127	0.15493	0.02241	0.02848	0.53299	0.01954	0.03253	0.02284	0.02209	0.01359	0.01589	0.01092	0.00863	0.00776	0.00230	0.01477	0.00565	0.00422	0.01043
36	0.02239	0.01738	0.01980	0.01454	0.02186	0.01533	0.01178	0.17873	0.02379	0.06197	0.01732	0.01887	0.01346	0.00751	0.00698	0.00166	0.00714	0.00588	0.00619	0.52739
37	0.01081	0.00774	0.01027	0.01155	0.01244	0.00720	0.00793	0.01295	0.01833	0.02497	0.20291	0.53012	0.06257	0.02424	0.01065	0.00325	0.00470	0.02189	0.00828	0.00720
38	0.01192	0.00869	0.01120	0.01058	0.01264	0.00798	0.00793	0.01582	0.02380	0.03343	0.60846	0.06472	0.11562	0.01766	0.01004	0.00269	0.00403	0.01555	0.00928	0.00798
39	0.01317	0.00973	0.01160	0.01216	0.04993	0.00853	0.00843	0.01603	0.02090	0.07036	0.21533	0.07009	0.42480	0.01893	0.00985	0.00279	0.00478	0.01606	0.00823	0.00828
40	0.02387	0.02554	0.03182	0.04431	0.48527	0.18933	0.02359	0.02817	0.02062	0.02598	0.01526	0.01957	0.01282	0.00789	0.00823	0.00244	0.01148	0.00703	0.00426	0.01253
41	0.03818	0.01448	0.01975	0.01514	0.02172	0.01251	0.01251	0.04147	0.02436	0.65373	0.03357	0.02897	0.02107	0.01053	0.00856	0.00263	0.00724	0.00856	0.01053	0.01448
42	0.02088	0.01770	0.02227	0.02553	0.18477	0.01920	0.01607	0.03694	0.38638	0.06084	0.03457	0.03355	0.08070	0.01140	0.00872	0.00278	0.00741	0.00982	0.00751	0.01293
43	0.02876	0.21323	0.02917	0.01971	0.02488	0.46074	0.01576	0.03246	0.06043	0.02154	0.01415	0.01593	0.01189	0.00855	0.00716	0.00214	0.01317	0.00550	0.00446	0.01037
44	0.01037	0.00741	0.00987	0.01185	0.01234	0.00691	0.00790	0.01185	0.01629	0.02172	0.04690	0.69537	0.05629	0.02666	0.01086	0.00346	0.00494	0.02419	0.00790	0.00691
45	0.01055	0.00864	0.00930	0.00913	0.01179	0.00739	0.00685	0.01316	0.02055	0.02573	0.22316	0.07739	0.50573	0.02053	0.01005	0.00283	0.00424	0.01733	0.00826	0.00739
46	0.02402	0.02103	0.03111	0.04124	0.44130	0.02190	0.02263	0.18266	0.06788	0.03511	0.01847	0.02165	0.01462	0.00855	0.00846	0.00256	0.00968	0.00775	0.00565	0.01374
47	0.01892	0.02513	0.17721	0.17309	0.26186	0.02011	0.14896	0.02563	0.01871	0.02624	0.01591	0.02109	0.01231	0.00780	0.00870	0.00270	0.01180	0.00779	0.00400	0.01202
48	0.03179	0.04056	0.02412	0.02192	0.02631	0.66676	0.01644	0.03398	0.02412	0.02083	0.01315	0.01535	0.01096	0.00877	0.00767	0.00219	0.01535	0.00548	0.00438	0.00987
49	0.01115	0.00781	0.00957	0.01065	0.01108	0.00746	0.00673	0.01208	0.01490	0.01971	0.04101	0.40723	0.07787	0.29525	0.02376	0.00534	0.00622	0.01914	0.00681	0.00623
50	0.02077	0.01992	0.03401	0.08918	0.61319	0.02014	0.02597	0.02586	0.01924	0.02745	0.01596	0.02116	0.01335	0.00764	0.00843	0.00255	0.01018	0.00758	0.00419	0.01324
51	0.01719	0.01796	0.06597	0.26640	0.29359	0.01754	0.02228	0.02229	0.01845	0.02479	0.02741	0.03164	0.11826	0.01028	0.00871	0.00271	0.00973	0.00923	0.00464	0.01094
52	0.01872	0.01852	0.02819	0.12401	0.36789	0.05660	0.05285	0.02320	0.01939	0.02555	0.03030	0.03361	0.14346	0.01064	0.00881	0.00264	0.00962	0.00973	0.00493	0.01132
53	0.10041	0.02344	0.06411	0.01907	0.06053	0.18652	0.01478	0.11993	0.02160	0.02916	0.01780	0.02217	0.01471	0.02132	0.14514	0.04260	0.01314	0.00698	0.06657	0.01001
54	0.05616	0.23799	0.13334	0.02031	0.06406	0.21808	0.01782	0.02872	0.02008	0.06738	0.01860	0.02010	0.04585	0.00891	0.00720	0.00227	0.01112	0.00631	0.00468	0.01101
55	0.01611	0.01477	0.01725	0.02150	0.14758	0.08631	0.01270	0.01979	0.06060	0.02313	0.03285	0.33875	0.03640	0.11517	0.01443	0.00376	0.00781	0.01587	0.00639	0.00884
56	0.02358	0.15892	0.07647	0.03206	0.28476	0.02354	0.02058	0.11642	0.09534	0.05975	0.01881	0.02091	0.01477	0.00855	0.00786	0.00245	0.00944	0.00719	0.00551	0.01310
57	0.35696	0.01779	0.01858	0.02088	0.14968	0.05569	0.01336	0.06107	0.01867	0.07660	0.02265	0.02555	0.07233	0.04670	0.00899	0.00290	0.00793	0.00742	0.00580	0.01043

[dist]
# distance from previous block
# <min> <max>
18	135

[block]
# block no. 6 follows, 21 sequences, length 19
# corresponding to MSA columns:
# 308-326
name=unknown_G
#
# <colnr> <probs for GDERKNQSTAVLIFYWHMCP>
#	G	D	E	R	K	N	Q	S	T	A	V	L	I	F	Y	W	H	M	C	P
0	0.02109	0.21267	0.11658	0.01686	0.02388	0.12652	0.01583	0.02506	0.01825	0.02367	0.01404	0.01694	0.01191	0.01012	0.03587	0.00243	0.04511	0.00545	0.00426	0.25346
1	0.08647	0.03148	0.35489	0.01953	0.02895	0.01886	0.02205	0.13389	0.02181	0.03259	0.02257	0.02402	0.07108	0.00954	0.00791	0.00253	0.01001	0.00736	0.00521	0.08925
2	0.02222	0.02055	0.02885	0.03822	0.41085	0.07612	0.02076	0.02663	0.01969	0.06306	0.01655	0.02021	0.01349	0.00756	0.00787	0.00221	0.00954	0.00686	0.00478	0.18397
3	0.02029	0.39167	0.29901	0.01876	0.02812	0.02717	0.02155	0.02718	0.05135	0.02377	0.01452	0.01645	0.01169	0.00785	0.00673	0.00224	0.01042	0.00556	0.00390	0.01175
4	0.02116	0.33194	0.34032	0.01932	0.02912	0.02531	0.02261	0.02741	0.01815	0.07131	0.01515	0.01691	0.01162	0.00792	0.00697	0.00231	0.01065	0.00570	0.00414	0.01200
5	0.01023	0.00794	0.00933	0.01043	0.01197	0.00703	0.00727	0.01201	0.01765	0.02228	0.06413	0.42649	0.31404	0.02442	0.01051	0.00320	0.00466	0.02146	0.00790	0.00703
6	0.03079	0.03890	0.02426	0.02196	0.02601	0.61831	0.01661	0.03296	0.02328	0.02080	0.01300	0.01559	0.01098	0.00923	0.00920	0.00231	0.06601	0.00563	0.00433	0.00982
7	0.01514	0.04804	0.01993	0.01700	0.01824	0.01765	0.01386	0.01772	0.01362	0.02004	0.01784	0.02682	0.01692	0.04243	0.39163	0.00931	0.27293	0.00825	0.00420	0.00841
8	0.01115	0.00799	0.01065	0.01187	0.01293	0.00749	0.00846	0.01359	0.01884	0.02564	0.21868	0.45911	0.06255	0.02371	0.01070	0.00327	0.00493	0.07280	0.00832	0.00732
9	0.03179	0.04056	0.02412	0.02192	0.02631	0.66676	0.01644	0.03398	0.02412	0.02083	0.01315	0.01535	0.01096	0.00877	0.00767	0.00219	0.01535	0.00548	0.00438	0.00987
10	0.01161	0.00868	0.01077	0.01025	0.01244	0.00784	0.00768	0.01521	0.02305	0.03167	0.52040	0.06761	0.20478	0.01831	0.01004	0.00272	0.00408	0.01596	0.00904	0.00784
11	0.01784	0.02418	0.19295	0.03625	0.36139	0.01752	0.02363	0.02359	0.01901	0.02663	0.02970	0.03228	0.13758	0.01048	0.00866	0.00264	0.00961	0.00930	0.00478	0.01200
12	0.03179	0.04056	0.02412	0.02192	0.02631	0.66676	0.01644	0.03398	0.02412	0.02083	0.01315	0.01535	0.01096	0.00877	0.00767	0.00219	0.01535	0.00548	0.00438	0.00987
13	0.02804	0.03272	0.02481	0.02183	0.02517	0.42423	0.01705	0.08296	0.02236	0.02369	0.01324	0.01675	0.01134	0.01067	0.01359	0.00267	0.20795	0.00624	0.00457	0.01012
14	0.01238	0.00825	0.00928	0.00928	0.00928	0.00825	0.00516	0.01238	0.01238	0.01650	0.02681	0.05569	0.03094	0.70092	0.04331	0.00825	0.00825	0.01238	0.00516	0.00516
15	0.01240	0.00904	0.01330	0.01330	0.01485	0.01046	0.01033	0.01550	0.01395	0.02054	0.02312	0.03332	0.02131	0.06029	0.62386	0.01291	0.02156	0.00904	0.05329	0.00762
16	0.01796	0.01705	0.02894	0.44263	0.28169	0.01940	0.02457	0.02340	0.01791	0.02404	0.01546	0.02207	0.01215	0.00816	0.00848	0.00272	0.01088	0.00757	0.00394	0.01098
17	0.01402	0.01186	0.01725	0.01617	0.01726	0.01509	0.01294	0.01672	0.01349	0.01996	0.01944	0.02916	0.01836	0.04972	0.48291	0.01081	0.21379	0.00864	0.00432	0.00809
18	0.02410	0.02598	0.03159	0.04366	0.47194	0.20320	0.02338	0.02834	0.02072	0.02583	0.01520	0.01944	0.01277	0.00792	0.00821	0.00243	0.01159	0.00699	0.00426	0.01246

[dist]
# distance from previous block
# <min> <max>
0	1

[block]
# block no. 7 follows, 21 sequences, length 40
# corresponding to MSA columns:
# 328-367
name=unknown_H
#
# <colnr> <probs for GDERKNQSTAVLIFYWHMCP>
#	G	D	E	R	K	N	Q	S	T	A	V	L	I	F	Y	W	H	M	C	P
0	0.45803	0.01668	0.01573	0.01338	0.01894	0.01835	0.01091	0.06164	0.10988	0.17145	0.02036	0.02009	0.01453	0.00913	0.00665	0.00267	0.00689	0.00636	0.00707	0.01125
1	0.02976	0.03530	0.02625	0.02761	0.14671	0.49101	0.01830	0.07864	0.02445	0.02477	0.01428	0.01685	0.01173	0.00865	0.00789	0.00229	0.01386	0.00606	0.00468	0.01093
2	0.01845	0.01356	0.01316	0.01212	0.01576	0.08499	0.00947	0.02109	0.02123	0.14585	0.10098	0.06383	0.36605	0.01782	0.00962	0.00282	0.00642	0.05969	0.00810	0.00902
3	0.01684	0.01210	0.01482	0.01351	0.01604	0.01331	0.01033	0.14832	0.01989	0.02779	0.02667	0.03679	0.05406	0.15517	0.32790	0.00880	0.01488	0.00973	0.06436	0.00870
4	0.01238	0.00825	0.00928	0.00928	0.00928	0.00825	0.00516	0.01238	0.01238	0.01650	0.02681	0.05569	0.03094	0.70092	0.04331	0.00825	0.00825	0.01238	0.00516	0.00516
5	0.01707	0.04402	0.65683	0.02426	0.03683	0.01976	0.03144	0.02695	0.01797	0.02695	0.01527	0.01797	0.01078	0.00809	0.00809	0.00270	0.01258	0.00629	0.00359	0.01258
6	0.01238	0.00825	0.00928	0.00928	0.00928	0.00825	0.00516	0.01238	0.01238	0.01650	0.02681	0.05569	0.03094	0.70092	0.04331	0.00825	0.00825	0.01238	0.00516	0.00516
7	0.01037	0.00741	0.00987	0.01185	0.01234	0.00691	0.00790	0.01185	0.01629	0.02172	0.04690	0.69537	0.05629	0.02666	0.01086	0.00346	0.00494	0.02419	0.00790	0.00691
8	0.01586	0.00793	0.00793	0.00793	0.00991	0.00793	0.00595	0.01983	0.01785	0.03173	0.02776	0.03173	0.02181	0.00991	0.00595	0.00198	0.00397	0.00793	0.74817	0.00793
9	0.01037	0.00741	0.00987	0.01185	0.01234	0.00691	0.00790	0.01185	0.01629	0.02172	0.04690	0.69537	0.05629	0.02666	0.01086	0.00346	0.00494	0.02419	0.00790	0.00691
10	0.02275	0.70604	0.04459	0.01456	0.02184	0.03367	0.01456	0.02548	0.01729	0.02002	0.01183	0.01365	0.01092	0.00728	0.00546	0.00182	0.00910	0.00455	0.00364	0.01092
11	0.01029	0.00863	0.00894	0.00887	0.01164	0.00728	0.00665	0.01266	0.01995	0.02430	0.15154	0.07975	0.57824	0.02107	0.01006	0.00285	0.00428	0.01766	0.00807	0.00728
12	0.01586	0.00793	0.00793	0.00793	0.00991	0.00793	0.00595	0.01983	0.01785	0.03173	0.02776	0.03173	0.02181	0.00991	0.00595	0.00198	0.00397	0.00793	0.74817	0.00793
13	0.01371	0.00980	0.01371	0.01567	0.01763	0.00980	0.01371	0.01763	0.01959	0.02547	0.04506	0.09599	0.04898	0.02351	0.01175	0.00392	0.00784	0.59056	0.00784	0.00784
14	0.02009	0.02296	0.05022	0.03587	0.04448	0.02152	0.61693	0.02726	0.02009	0.02726	0.01722	0.02296	0.01291	0.00717	0.01004	0.00287	0.01435	0.01004	0.00430	0.01148
15	0.01037	0.00741	0.00987	0.01185	0.01234	0.00691	0.00790	0.01185	0.01629	0.02172	0.04690	0.69537	0.05629	0.02666	0.01086	0.00346	0.00494	0.02419	0.00790	0.00691
16	0.03235	0.02384	0.02554	0.01958	0.02639	0.02639	0.01618	0.61946	0.04001	0.05363	0.02043	0.02043	0.01447	0.01022	0.00851	0.00255	0.00936	0.00766	0.00851	0.01447
17	0.01008	0.00854	0.00870	0.00883	0.01155	0.00717	0.00656	0.01219	0.01920	0.02291	0.08371	0.12099	0.60691	0.02188	0.01011	0.00291	0.00435	0.01836	0.00790	0.00717
18	0.02106	0.02022	0.03454	0.05223	0.64784	0.02022	0.02612	0.02612	0.01938	0.02780	0.01601	0.02106	0.01348	0.00758	0.00842	0.00253	0.01011	0.00758	0.00421	0.01348
19	0.01707	0.04402	0.65683	0.02426	0.03683	0.01976	0.03144	0.02695	0.01797	0.02695	0.01527	0.01797	0.01078	0.00809	0.00809	0.00270	0.01258	0.00629	0.00359	0.01258
20	0.01216	0.00912	0.01368	0.01368	0.01520	0.01064	0.01064	0.01520	0.01368	0.01976	0.02279	0.03343	0.02127	0.06382	0.66720	0.01368	0.02279	0.00912	0.00456	0.00760
21	0.01707	0.04402	0.65683	0.02426	0.03683	0.01976	0.03144	0.02695	0.01797	0.02695	0.01527	0.01797	0.01078	0.00809	0.00809	0.00270	0.01258	0.00629	0.00359	0.01258
22	0.02608	0.03889	0.19596	0.02177	0.02808	0.43784	0.01987	0.03031	0.02182	0.02257	0.01640	0.06970	0.01449	0.00999	0.00804	0.00243	0.01377	0.00718	0.00445	0.01037
23	0.02056	0.45614	0.08471	0.01562	0.02185	0.06918	0.01515	0.02389	0.01700	0.02056	0.01461	0.01847	0.01320	0.01993	0.15190	0.00453	0.01281	0.00576	0.00389	0.01025
24	0.01033	0.00755	0.00973	0.01147	0.01224	0.00694	0.00773	0.01189	0.01665	0.02187	0.05146	0.62420	0.12451	0.02607	0.01077	0.00339	0.00486	0.02347	0.00790	0.00694
25	0.01763	0.29827	0.18378	0.01663	0.02318	0.02215	0.01732	0.02222	0.01618	0.02163	0.01654	0.02168	0.01453	0.02740	0.23920	0.00621	0.01478	0.00659	0.00395	0.01016
26	0.16398	0.01963	0.02463	0.17160	0.13701	0.07129	0.05601	0.02955	0.15335	0.02923	0.01873	0.02193	0.01459	0.00916	0.00891	0.00275	0.04379	0.00744	0.00530	0.01113
27	0.01017	0.00819	0.00906	0.00976	0.01179	0.00709	0.00697	0.01209	0.01830	0.02254	0.07236	0.29799	0.43723	0.02335	0.01034	0.00308	0.00453	0.02016	0.00790	0.00709
28	0.03179	0.04056	0.02412	0.02192	0.02631	0.66676	0.01644	0.03398	0.02412	0.02083	0.01315	0.01535	0.01096	0.00877	0.00767	0.00219	0.01535	0.00548	0.00438	0.00987
29	0.15897	0.02000	0.18790	0.01484	0.02051	0.01378	0.01512	0.01967	0.01695	0.02657	0.03733	0.04269	0.18748	0.02353	0.13599	0.00494	0.01083	0.04816	0.00556	0.00918
30	0.02017	0.02157	0.08156	0.09920	0.32297	0.02045	0.10487	0.03015	0.15449	0.02881	0.02015	0.02359	0.01575	0.00853	0.00868	0.00270	0.01026	0.00827	0.00512	0.01275
31	0.01013	0.00835	0.00890	0.00933	0.01168	0.00712	0.00678	0.01213	0.01871	0.02271	0.07753	0.21733	0.51455	0.02268	0.01024	0.00300	0.00445	0.01934	0.00790	0.00712
32	0.01787	0.01697	0.02878	0.45359	0.27141	0.01938	0.02453	0.02332	0.01787	0.02393	0.01544	0.02210	0.01212	0.00817	0.00848	0.00272	0.01090	0.00757	0.00394	0.01091
33	0.22209	0.16097	0.25386	0.02088	0.02972	0.02259	0.12656	0.02619	0.01726	0.02873	0.01402	0.01689	0.01076	0.00772	0.00716	0.00254	0.01058	0.00616	0.00419	0.01114
34	0.01519	0.01463	0.01837	0.02419	0.22677	0.05501	0.01374	0.01833	0.01970	0.02447	0.05776	0.05703	0.39020	0.01601	0.00935	0.00271	0.00699	0.01364	0.00643	0.00948
35	0.01006	0.00862	0.00862	0.00862	0.01149	0.00718	0.00647	0.01221	0.01940	0.02299	0.08621	0.08190	0.64438	0.02155	0.01006	0.00287	0.00431	0.01796	0.00790	0.00718
36	0.01349	0.01369	0.05368	0.01936	0.02278	0.01174	0.18384	0.01702	0.01746	0.02357	0.03681	0.46867	0.04157	0.02014	0.01049	0.00325	0.00802	0.01924	0.00665	0.00850
37	0.01379	0.01288	0.02408	0.02031	0.02366	0.01206	0.22243	0.01728	0.01763	0.02367	0.03645	0.45851	0.04101	0.01980	0.01057	0.00325	0.00825	0.01921	0.00663	0.00852
38	0.02001	0.02273	0.04894	0.03515	0.04330	0.02176	0.58523	0.02690	0.01971	0.02690	0.01690	0.02273	0.01282	0.00758	0.01099	0.00291	0.04990	0.00991	0.00427	0.01136
39	0.01721	0.01712	0.03144	0.50586	0.08578	0.01955	0.15474	0.02319	0.01782	0.02327	0.01563	0.02266	0.01180	0.00817	0.00884	0.00283	0.01194	0.00811	0.00392	0.01011

[dist]
# distance from previous block
# <min> <max>
0	1

[block]
# block no. 8 follows, 21 sequences, length 59
# corresponding to MSA columns:
# 369-427
name=unknown_I
#
# <colnr> <probs for GDERKNQSTAVLIFYWHMCP>
#	G	D	E	R	K	N	Q	S	T	A	V	L	I	F	Y	W	H	M	C	P
0	0.02079	0.01995	0.03406	0.08604	0.61613	0.02015	0.02598	0.02588	0.01925	0.02748	0.01596	0.02115	0.01336	0.00763	0.00843	0.00254	0.01018	0.00758	0.00419	0.01326
1	0.01741	0.04200	0.60400	0.02663	0.08870	0.01980	0.03099	0.02688	0.01809	0.02702	0.01533	0.01823	0.01101	0.00804	0.00811	0.00268	0.01237	0.00640	0.00365	0.01265
2	0.01707	0.04402	0.65683	0.02426	0.03683	0.01976	0.03144	0.02695	0.01797	0.02695	0.01527	0.01797	0.01078	0.00809	0.00809	0.00270	0.01258	0.00629	0.00359	0.01258
3	0.03183	0.03930	0.02422	0.02175	0.02631	0.61872	0.01642	0.07791	0.02531	0.02329	0.01370	0.01573	0.01123	0.00888	0.00774	0.00222	0.01490	0.00564	0.00469	0.01021
4	0.02582	0.03023	0.02280	0.02404	0.12279	0.40336	0.01601	0.05600	0.02318	0.02391	0.02834	0.02960	0.13625	0.01116	0.00830	0.00240	0.01205	0.00838	0.00524	0.01013
5	0.01707	0.04402	0.65683	0.02426	0.03683	0.01976	0.03144	0.02695	0.01797	0.02695	0.01527	0.01797	0.01078	0.00809	0.00809	0.00270	0.01258	0.00629	0.00359	0.01258
6	0.01012	0.00837	0.00888	0.00928	0.01167	0.00713	0.00676	0.01214	0.01876	0.02273	0.07815	0.20777	0.52372	0.02260	0.01022	0.00299	0.00444	0.01924	0.00790	0.00713
7	0.03179	0.04056	0.02412	0.02192	0.02631	0.66676	0.01644	0.03398	0.02412	0.02083	0.01315	0.01535	0.01096	0.00877	0.00767	0.00219	0.01535	0.00548	0.00438	0.00987
8	0.01238	0.00937	0.01186	0.01310	0.01539	0.00884	0.01107	0.01565	0.01952	0.02456	0.06007	0.09085	0.26619	0.02280	0.01114	0.00354	0.00655	0.38167	0.00786	0.00760
9	0.01037	0.00741	0.00987	0.01185	0.01234	0.00691	0.00790	0.01185	0.01629	0.02172	0.04690	0.69537	0.05629	0.02666	0.01086	0.00346	0.00494	0.02419	0.00790	0.00691
10	0.02207	0.02017	0.01966	0.01771	0.02248	0.07597	0.01372	0.04427	0.58082	0.03435	0.03281	0.03036	0.02470	0.01131	0.00858	0.00283	0.00747	0.00927	0.00830	0.01316
11	0.03179	0.04056	0.02412	0.02192	0.02631	0.66676	0.01644	0.03398	0.02412	0.02083	0.01315	0.01535	0.01096	0.00877	0.00767	0.00219	0.01535	0.00548	0.00438	0.00987
12	0.02648	0.02916	0.02943	0.03687	0.33645	0.29610	0.02125	0.07398	0.02294	0.02677	0.01512	0.01858	0.01248	0.00829	0.00811	0.00239	0.01228	0.00669	0.00461	0.01201
13	0.01223	0.00880	0.01120	0.01251	0.01354	0.00857	0.00860	0.06343	0.01831	0.02443	0.04466	0.63807	0.05274	0.02527	0.01066	0.00338	0.00531	0.02279	0.00795	0.00755
14	0.01037	0.00741	0.00987	0.01185	0.01234	0.00691	0.00790	0.01185	0.01629	0.02172	0.04690	0.69537	0.05629	0.02666	0.01086	0.00346	0.00494	0.02419	0.00790	0.00691
15	0.01690	0.01597	0.02703	0.57588	0.15670	0.01913	0.02405	0.02247	0.01741	0.02275	0.01527	0.02242	0.01170	0.00835	0.00849	0.00278	0.01114	0.00757	0.00385	0.01012
16	0.02163	0.57569	0.16514	0.01647	0.02479	0.03093	0.01789	0.02577	0.01742	0.02139	0.01251	0.01450	0.01089	0.00744	0.00598	0.00199	0.00979	0.00489	0.00363	0.01125
17	0.01371	0.00980	0.01371	0.01567	0.01763	0.00980	0.01371	0.01763	0.01959	0.02547	0.04506	0.09599	0.04898	0.02351	0.01175	0.00392	0.00784	0.59056	0.00784	0.00784
18	0.01371	0.00980	0.01371	0.01567	0.01763	0.00980	0.01371	0.01763	0.01959	0.02547	0.04506	0.09599	0.04898	0.02351	0.01175	0.00392	0.00784	0.59056	0.00784	0.00784
19	0.02106	0.02022	0.03454	0.05223	0.64784	0.02022	0.02612	0.02612	0.01938	0.02780	0.01601	0.02106	0.01348	0.00758	0.00842	0.00253	0.01011	0.00758	0.00421	0.01348
20	0.01006	0.00862	0.00862	0.00862	0.01149	0.00718	0.00647	0.01221	0.01940	0.02299	0.08621	0.08190	0.64438	0.02155	0.01006	0.00287	0.00431	0.01796	0.00790	0.00718
21	0.02106	0.02022	0.03454	0.05223	0.64784	0.02022	0.02612	0.02612	0.01938	0.02780	0.01601	0.02106	0.01348	0.00758	0.00842	0.00253	0.01011	0.00758	0.00421	0.01348
22	0.03179	0.04056	0.02412	0.02192	0.02631	0.66676	0.01644	0.03398	0.02412	0.02083	0.01315	0.01535	0.01096	0.00877	0.00767	0.00219	0.01535	0.00548	0.00438	0.00987
23	0.02596	0.02833	0.02422	0.05784	0.14798	0.32341	0.01713	0.10953	0.02392	0.02670	0.02185	0.02563	0.06695	0.05182	0.01034	0.00277	0.01193	0.00778	0.00524	0.01068
24	0.01037	0.00741	0.00987	0.01185	0.01234	0.00691	0.00790	0.01185	0.01629	0.02172	0.04690	0.69537	0.05629	0.02666	0.01086	0.00346	0.00494	0.02419	0.00790	0.00691
25	0.02009	0.02296	0.05022	0.03587	0.04448	0.02152	0.61693	0.02726	0.02009	0.02726	0.01722	0.02296	0.01291	0.00717	0.01004	0.00287	0.01435	0.01004	0.00430	0.01148
26	0.02106	0.02022	0.03454	0.05223	0.64784	0.02022	0.02612	0.02612	0.01938	0.02780	0.01601	0.02106	0.01348	0.00758	0.00842	0.00253	0.01011	0.00758	0.00421	0.01348
27	0.01106	0.00773	0.00977	0.01101	0.01143	0.00737	0.00707	0.01222	0.01548	0.02074	0.06994	0.47010	0.04976	0.23112	0.02068	0.00488	0.00590	0.02017	0.00714	0.00643
28	0.03235	0.02384	0.02554	0.01958	0.02639	0.02639	0.01618	0.61946	0.04001	0.05363	0.02043	0.02043	0.01447	0.01022	0.00851	0.00255	0.00936	0.00766	0.00851	0.01447
29	0.03179	0.04056	0.02412	0.02192	0.02631	0.66676	0.01644	0.03398	0.02412	0.02083	0.01315	0.01535	0.01096	0.00877	0.00767	0.00219	0.01535	0.00548	0.00438	0.00987
