[name]
unknown

[dist]
# distance from previous block
# <min> <max>
0	17

[block]
# block no. 0 follows, 21 sequences, length 6
# corresponding to MSA columns:
# 17-22
name=unknown_A
#
# <colnr> <probs for GDERKNQSTAVLIFYWHMCP>
#	G	D	E	R	K	N	Q	S	T	A	V	L	I	F	Y	W	H	M	C	P
0	0.22667	0.01348	0.01773	0.16944	0.09318	0.01509	0.01462	0.02010	0.01561	0.02605	0.01885	0.03206	0.01757	0.01531	0.01367	0.17211	0.00843	0.09689	0.00486	0.00827
1	0.28114	0.01988	0.02091	0.11568	0.13271	0.08926	0.01569	0.11187	0.02072	0.03390	0.01575	0.01895	0.01225	0.00853	0.00706	0.00253	0.00900	0.00635	0.06711	0.01071
2	0.01324	0.01057	0.01205	0.01220	0.01478	0.01050	0.00939	0.01995	0.13836	0.02638	0.11010	0.13782	0.26484	0.05910	0.01209	0.00342	0.00571	0.12303	0.00801	0.00846
3	0.02261	0.02611	0.02114	0.02242	0.11009	0.32185	0.01506	0.02514	0.02093	0.02238	0.03342	0.06881	0.17195	0.01324	0.01023	0.00260	0.06709	0.01005	0.00537	0.00951
4	0.02680	0.01918	0.02119	0.01676	0.02264	0.02026	0.01360	0.35996	0.09348	0.09253	0.10103	0.03032	0.05584	0.01147	0.00860	0.00251	0.00776	0.00915	0.00845	0.07847
5	0.02430	0.03266	0.22282	0.02825	0.16970	0.21636	0.02247	0.02975	0.02114	0.08795	0.05137	0.02149	0.01632	0.00894	0.00819	0.00250	0.01186	0.00706	0.00499	0.01189

[dist]
# distance from previous block
# <min> <max>
0	1

[block]
# block no. 1 follows, 21 sequences, length 41
# corresponding to MSA columns:
# 24-64
name=unknown_B
#
# <colnr> <probs for GDERKNQSTAVLIFYWHMCP>
#	G	D	E	R	K	N	Q	S	T	A	V	L	I	F	Y	W	H	M	C	P
0	0.13451	0.09250	0.07118	0.02067	0.06175	0.01940	0.11727	0.08686	0.02145	0.06792	0.13859	0.02770	0.02570	0.01019	0.00896	0.00258	0.03786	0.00861	0.00612	0.04018
1	0.13208	0.01884	0.05789	0.09777	0.38444	0.01850	0.02118	0.02397	0.01751	0.02751	0.01642	0.02312	0.01418	0.05967	0.04950	0.00364	0.01043	0.00749	0.00439	0.01148
2	0.01889	0.02427	0.13662	0.15559	0.05951	0.12779	0.05276	0.02389	0.01792	0.02330	0.01629	0.02190	0.01343	0.01920	0.13755	0.00467	0.04345	0.00714	0.00419	0.09164
3	0.02396	0.02900	0.09851	0.03718	0.34170	0.22094	0.02277	0.03006	0.06587	0.02612	0.01641	0.01974	0.01332	0.00830	0.00817	0.00247	0.01176	0.00694	0.00453	0.01226
4	0.02412	0.03418	0.15756	0.02229	0.06954	0.36535	0.01864	0.02826	0.02190	0.02365	0.05879	0.02714	0.09187	0.01058	0.00824	0.00243	0.01240	0.00788	0.00492	0.01027
5	0.01494	0.01193	0.01355	0.01347	0.01593	0.01271	0.00988	0.02518	0.25063	0.02761	0.08713	0.24827	0.09166	0.09372	0.01351	0.00368	0.00600	0.04286	0.00799	0.00936
6	0.01027	0.00869	0.00891	0.00903	0.01185	0.00733	0.00688	0.01252	0.01941	0.02313	0.08385	0.08271	0.61025	0.02166	0.01016	0.00293	0.00451	0.05078	0.00790	0.00722
7	0.01327	0.01010	0.01242	0.01216	0.01431	0.01011	0.00897	0.02026	0.13086	0.03142	0.39193	0.20907	0.06485	0.01857	0.00999	0.00290	0.00472	0.01647	0.00889	0.00873
8	0.02260	0.02111	0.03541	0.07079	0.40858	0.02145	0.12981	0.12748	0.02293	0.03186	0.01694	0.02136	0.01346	0.00800	0.00873	0.00261	0.01079	0.00803	0.00494	0.01312
9	0.02111	0.04156	0.01944	0.01998	0.13011	0.01480	0.01316	0.02888	0.15574	0.16399	0.04789	0.04574	0.23440	0.01388	0.00895	0.00272	0.00671	0.01169	0.00782	0.01143
10	0.01043	0.00767	0.00962	0.01112	0.01201	0.00704	0.00748	0.01195	0.01661	0.02164	0.05273	0.54784	0.15979	0.06578	0.01265	0.00364	0.00502	0.02238	0.00774	0.00686
11	0.01006	0.00862	0.00862	0.00862	0.01149	0.00718	0.00647	0.01221	0.01940	0.02299	0.08621	0.08190	0.64438	0.02155	0.01006	0.00287	0.00431	0.01796	0.00790	0.00718
12	0.01984	0.20847	0.42465	0.02341	0.07732	0.02296	0.02585	0.02723	0.01821	0.05603	0.01535	0.01764	0.01152	0.00796	0.00747	0.00246	0.01125	0.00606	0.00399	0.01232
13	0.02106	0.02022	0.03454	0.05223	0.64784	0.02022	0.02612	0.02612	0.01938	0.02780	0.01601	0.02106	0.01348	0.00758	0.00842	0.00253	0.01011	0.00758	0.00421	0.01348
14	0.01078	0.00811	0.00998	0.01065	0.01222	0.00731	0.00755	0.01319	0.01942	0.02572	0.23316	0.34477	0.22102	0.02256	0.01040	0.00307	0.00450	0.01993	0.00833	0.00731
15	0.01846	0.01400	0.01518	0.01337	0.01712	0.01465	0.01023	0.13067	0.18091	0.05532	0.11272	0.05064	0.20818	0.10404	0.01367	0.00349	0.00642	0.01262	0.00811	0.01021
16	0.02236	0.07299	0.03414	0.04613	0.53346	0.09221	0.02420	0.02693	0.01974	0.02646	0.01539	0.01989	0.01301	0.00769	0.00812	0.00244	0.01061	0.00713	0.00419	0.01289
17	0.01087	0.00948	0.01053	0.01183	0.05839	0.00814	0.00791	0.01324	0.01940	0.02334	0.08104	0.07742	0.59789	0.02052	0.00994	0.00285	0.00474	0.01720	0.00763	0.00765
18	0.02106	0.02022	0.03454	0.05223	0.64784	0.02022	0.02612	0.02612	0.01938	0.02780	0.01601	0.02106	0.01348	0.00758	0.00842	0.00253	0.01011	0.00758	0.00421	0.01348
19	0.02161	0.02863	0.19210	0.03397	0.25407	0.10455	0.05228	0.02704	0.01879	0.04876	0.01535	0.01950	0.01233	0.00918	0.01157	0.00275	0.12415	0.00711	0.00423	0.01203
20	0.01963	0.03292	0.33990	0.03699	0.31700	0.05174	0.02826	0.02691	0.01892	0.02704	0.01551	0.01926	0.01203	0.00789	0.00822	0.00259	0.01158	0.00684	0.00392	0.01286
21	0.03179	0.04056	0.02412	0.02192	0.02631	0.66676	0.01644	0.03398	0.02412	0.02083	0.01315	0.01535	0.01096	0.00877	0.00767	0.00219	0.01535	0.00548	0.00438	0.00987
22	0.01860	0.02325	0.16350	0.03884	0.40375	0.01795	0.02403	0.02450	0.01992	0.02875	0.12787	0.02799	0.02483	0.00944	0.00864	0.00259	0.00955	0.00870	0.00500	0.01231
23	0.01335	0.00921	0.01047	0.01013	0.01079	0.00937	0.00624	0.04672	0.01444	0.01920	0.02970	0.05370	0.06576	0.57708	0.08310	0.00799	0.00910	0.01221	0.00547	0.00597
24	0.01213	0.00862	0.01096	0.01096	0.01176	0.00911	0.00740	0.01347	0.01338	0.01823	0.02940	0.04879	0.07014	0.40329	0.28582	0.01000	0.01368	0.01149	0.00511	0.00626
25	0.02950	0.03621	0.02635	0.02841	0.15924	0.52848	0.01851	0.03230	0.02310	0.02232	0.01376	0.01657	0.01150	0.00852	0.00783	0.00226	0.01423	0.00593	0.00435	0.01064
26	0.01586	0.00793	0.00793	0.00793	0.00991	0.00793	0.00595	0.01983	0.01785	0.03173	0.02776	0.03173	0.02181	0.00991	0.00595	0.00198	0.00397	0.00793	0.74817	0.00793
27	0.02004	0.01783	0.01496	0.01361	0.01739	0.16667	0.01039	0.02441	0.07367	0.10618	0.11877	0.05291	0.29827	0.01577	0.00917	0.00266	0.00750	0.01278	0.00763	0.00939
28	0.19081	0.02076	0.09475	0.01517	0.02265	0.01734	0.01375	0.15081	0.02174	0.03557	0.01553	0.01741	0.01201	0.00772	0.00675	0.00202	0.00777	0.00565	0.00566	0.33612
29	0.01221	0.00891	0.01263	0.01263	0.01378	0.01007	0.00933	0.01452	0.01337	0.01898	0.02376	0.03876	0.02359	0.21626	0.51792	0.01238	0.01931	0.00990	0.00470	0.00701
30	0.01216	0.00912	0.01368	0.01368	0.01520	0.01064	0.01064	0.01520	0.01368	0.01976	0.02279	0.03343	0.02127	0.06382	0.66720	0.01368	0.02279	0.00912	0.00456	0.00760
31	0.02493	0.44433	0.08311	0.01733	0.02400	0.17798	0.01632	0.02805	0.01905	0.04839	0.01331	0.01524	0.01137	0.00814	0.00724	0.00209	0.03894	0.00519	0.00411	0.01089
32	0.01236	0.00830	0.00953	0.00953	0.00961	0.00838	0.00546	0.01253	0.01245	0.01668	0.02659	0.05445	0.03040	0.66538	0.07812	0.00855	0.00906	0.01219	0.00512	0.00529
33	0.01027	0.00778	0.00949	0.01086	0.01208	0.00700	0.00746	0.01196	0.01725	0.02211	0.05901	0.50641	0.23743	0.02509	0.01061	0.00328	0.00474	0.02227	0.00790	0.00700
34	0.01241	0.00885	0.01104	0.01110	0.01144	0.00946	0.00721	0.01324	0.01315	0.01797	0.02787	0.13286	0.03145	0.46280	0.14968	0.00835	0.04668	0.01307	0.00533	0.00604
35	0.14558	0.02280	0.02060	0.17540	0.03019	0.20874	0.01568	0.09971	0.02117	0.02840	0.01625	0.02060	0.01305	0.01593	0.09288	0.00394	0.01262	0.00669	0.03993	0.00985
36	0.02362	0.02508	0.03205	0.04500	0.49940	0.17463	0.02381	0.02800	0.02051	0.02614	0.01533	0.01970	0.01288	0.00787	0.00825	0.00245	0.01136	0.00708	0.00425	0.01262
37	0.01216	0.00912	0.01368	0.01368	0.01520	0.01064	0.01064	0.01520	0.01368	0.01976	0.02279	0.03343	0.02127	0.06382	0.66720	0.01368	0.02279	0.00912	0.00456	0.00760
38	0.16061	0.01480	0.01833	0.13278	0.02595	0.01550	0.01336	0.09606	0.02298	0.22630	0.15519	0.03148	0.02906	0.01112	0.00826	0.00267	0.00741	0.00901	0.00788	0.01124
39	0.01999	0.01668	0.02174	0.07039	0.15691	0.01811	0.01615	0.12620	0.20077	0.03252	0.03003	0.17257	0.02790	0.01404	0.00918	0.00292	0.00788	0.03720	0.00714	0.01170
40	0.01445	0.01196	0.01690	0.01574	0.01673	0.01514	0.01250	0.01702	0.01370	0.02064	0.01973	0.02992	0.01869	0.08030	0.38627	0.00944	0.22772	0.00869	0.05644	0.00802

[dist]
# distance from previous block
# <min> <max>
0	1

[block]
# block no. 2 follows, 21 sequences, length 17
# corresponding to MSA columns:
# 66-82
name=unknown_C
#
# <colnr> <probs for GDERKNQSTAVLIFYWHMCP>
#	G	D	E	R	K	N	Q	S	T	A	V	L	I	F	Y	W	H	M	C	P
0	0.01062	0.00807	0.00925	0.01004	0.01141	0.00728	0.00679	0.01210	0.01683	0.02125	0.05926	0.32184	0.29330	0.15240	0.01668	0.00413	0.00531	0.01939	0.00738	0.00669
1	0.02755	0.01921	0.02041	0.01619	0.02159	0.02102	0.01320	0.44484	0.03356	0.04725	0.02257	0.02372	0.01661	0.01013	0.00777	0.00239	0.00779	0.00774	0.22391	0.01257
2	0.01049	0.00824	0.00955	0.01050	0.01235	0.00730	0.00765	0.01253	0.01819	0.02270	0.06715	0.32575	0.36100	0.02374	0.01052	0.00319	0.00486	0.06925	0.00790	0.00713
3	0.02232	0.23596	0.32403	0.02086	0.02990	0.18181	0.02286	0.02824	0.01927	0.02344	0.01375	0.01607	0.01087	0.00802	0.00722	0.00232	0.01224	0.00559	0.00380	0.01143
4	0.02397	0.55560	0.04044	0.01585	0.02258	0.03205	0.01508	0.11723	0.02054	0.02526	0.01312	0.01503	0.01149	0.00823	0.00739	0.00206	0.05311	0.00522	0.00440	0.01137
5	0.02199	0.01303	0.01382	0.01179	0.01547	0.01368	0.00935	0.19964	0.02480	0.07212	0.02589	0.02821	0.01959	0.01004	0.00685	0.00219	0.00575	0.00789	0.48767	0.01024
6	0.01189	0.00804	0.00943	0.00991	0.01003	0.00792	0.00583	0.01225	0.01333	0.01778	0.03172	0.21190	0.03713	0.53626	0.03539	0.00708	0.00744	0.01526	0.00583	0.00559
7	0.02211	0.01987	0.03364	0.04997	0.60956	0.01975	0.02529	0.02706	0.01968	0.06606	0.01708	0.02155	0.01394	0.00776	0.00843	0.00253	0.00993	0.00764	0.00460	0.01354
8	0.01037	0.00741	0.00987	0.01185	0.01234	0.00691	0.00790	0.01185	0.01629	0.02172	0.04690	0.69537	0.05629	0.02666	0.01086	0.00346	0.00494	0.02419	0.00790	0.00691
9	0.01221	0.00841	0.01039	0.01050	0.01090	0.00876	0.00665	0.01303	0.01291	0.01759	0.02697	0.08634	0.03001	0.50731	0.19384	0.00931	0.01162	0.01225	0.00517	0.00585
10	0.01219	0.00898	0.01296	0.01296	0.01423	0.01025	0.00974	0.01474	0.01346	0.01922	0.02345	0.03706	0.02285	0.16779	0.56539	0.01279	0.02042	0.00965	0.00466	0.00720
11	0.01037	0.00741	0.00987	0.01185	0.01234	0.00691	0.00790	0.01185	0.01629	0.02172	0.04690	0.69537	0.05629	0.02666	0.01086	0.00346	0.00494	0.02419	0.00790	0.00691
12	0.02009	0.02296	0.05022	0.03587	0.04448	0.02152	0.61693	0.02726	0.02009	0.02726	0.01722	0.02296	0.01291	0.00717	0.01004	0.00287	0.01435	0.01004	0.00430	0.01148
13	0.03183	0.03945	0.02421	0.02177	0.02631	0.62446	0.01643	0.07265	0.02517	0.02299	0.01363	0.01568	0.01119	0.00887	0.00773	0.00222	0.01495	0.00562	0.00466	0.01017
14	0.01962	0.01871	0.03131	0.08466	0.54677	0.01878	0.02392	0.02441	0.01924	0.02694	0.02328	0.02751	0.07918	0.00909	0.00860	0.00258	0.00958	0.00866	0.00457	0.01259
15	0.02157	0.43259	0.03506	0.01628	0.02138	0.09978	0.01470	0.02417	0.01693	0.02013	0.01359	0.01757	0.01256	0.01722	0.11126	0.00395	0.10156	0.00575	0.00388	0.01007
16	0.28073	0.01482	0.01448	0.01287	0.01646	0.01629	0.00970	0.16500	0.02047	0.03402	0.02310	0.13148	0.02319	0.18355	0.01638	0.00414	0.00742	0.01032	0.00644	0.00913

[dist]
# distance from previous block
# <min> <max>
0	2

[block]
# block no. 3 follows, 21 sequences, length 72
# corresponding to MSA columns:
# 85-156
name=unknown_D
#
# <colnr> <probs for GDERKNQSTAVLIFYWHMCP>
#	G	D	E	R	K	N	Q	S	T	A	V	L	I	F	Y	W	H	M	C	P
0	0.01198	0.00859	0.01042	0.01042	0.01171	0.00872	0.00725	0.01372	0.01483	0.02009	0.03986	0.05338	0.17440	0.29179	0.22899	0.00825	0.01159	0.01240	0.05502	0.00659
1	0.01191	0.00853	0.01022	0.01022	0.01110	0.00863	0.00671	0.01302	0.01395	0.01845	0.03653	0.05507	0.13897	0.42594	0.18694	0.00858	0.01103	0.01260	0.00551	0.00611
2	0.02967	0.02924	0.02509	0.02097	0.02563	0.26913	0.01672	0.28973	0.02913	0.03523	0.01601	0.01818	0.01255	0.01051	0.01169	0.00263	0.13323	0.00680	0.00609	0.01180
3	0.02060	0.01906	0.02949	0.04143	0.45590	0.01975	0.02226	0.03013	0.16641	0.02952	0.02241	0.02861	0.01884	0.00959	0.00870	0.00271	0.00915	0.04683	0.00552	0.01310
4	0.02180	0.02266	0.03050	0.19743	0.39474	0.13621	0.02378	0.02648	0.01966	0.02509	0.01528	0.02042	0.01251	0.00802	0.00831	0.00254	0.01135	0.00720	0.00414	0.01186
5	0.01037	0.00741	0.00987	0.01185	0.01234	0.00691	0.00790	0.01185	0.01629	0.02172	0.04690	0.69537	0.05629	0.02666	0.01086	0.00346	0.00494	0.02419	0.00790	0.00691
6	0.01201	0.00893	0.01154	0.01302	0.01485	0.00846	0.01053	0.01491	0.01875	0.02396	0.05564	0.23625	0.19741	0.02378	0.01112	0.00355	0.00627	0.31368	0.00787	0.00745
7	0.07953	0.01629	0.02119	0.19651	0.03138	0.05181	0.05297	0.02775	0.16440	0.05089	0.02222	0.02672	0.01765	0.02318	0.17482	0.00553	0.01298	0.00829	0.00560	0.01027
8	0.01649	0.01550	0.02233	0.07390	0.02320	0.02088	0.01665	0.01901	0.01355	0.02037	0.01496	0.02336	0.01419	0.02894	0.21668	0.00661	0.43263	0.00795	0.00398	0.00881
9	0.01037	0.00863	0.00906	0.00895	0.01169	0.00732	0.00671	0.01282	0.02014	0.02476	0.17462	0.07899	0.55487	0.02089	0.01005	0.00284	0.00426	0.01755	0.00814	0.00732
10	0.01586	0.00793	0.00793	0.00793	0.00991	0.00793	0.00595	0.01983	0.01785	0.03173	0.02776	0.03173	0.02181	0.00991	0.00595	0.00198	0.00397	0.00793	0.74817	0.00793
11	0.01982	0.01803	0.01973	0.17545	0.02905	0.10428	0.01512	0.09035	0.13848	0.02805	0.04670	0.02880	0.02047	0.05106	0.13901	0.00505	0.01226	0.00853	0.03961	0.01015
12	0.01588	0.01326	0.01739	0.01979	0.12946	0.01370	0.01277	0.07049	0.09352	0.02797	0.08729	0.04685	0.21357	0.02673	0.16705	0.00536	0.01048	0.01193	0.00669	0.00984
13	0.01523	0.00968	0.01078	0.00991	0.01340	0.00819	0.00764	0.01769	0.02055	0.13707	0.10771	0.07136	0.50090	0.01934	0.00979	0.00282	0.00482	0.01613	0.00846	0.00854
14	0.03196	0.03535	0.02456	0.02119	0.02633	0.46711	0.01636	0.21652	0.02907	0.03106	0.01542	0.01693	0.01206	0.00922	0.00794	0.00231	0.01348	0.00616	0.00567	0.01130
15	0.03181	0.03983	0.02418	0.02182	0.02631	0.63873	0.01643	0.05960	0.02481	0.02226	0.01347	0.01557	0.01112	0.00883	0.00771	0.00221	0.01508	0.00558	0.00457	0.01007
16	0.03023	0.01738	0.02034	0.01667	0.02254	0.01808	0.01342	0.12359	0.28175	0.31069	0.03219	0.02895	0.02221	0.01091	0.00859	0.00273	0.00732	0.00888	0.00947	0.01406
17	0.02988	0.02248	0.02418	0.01871	0.02539	0.02448	0.01534	0.50717	0.09656	0.04945	0.02135	0.02129	0.01544	0.00998	0.00832	0.00247	0.00882	0.00761	0.00821	0.08287
18	0.01006	0.00862	0.00862	0.00862	0.01149	0.00718	0.00647	0.01221	0.01940	0.02299	0.08621	0.08190	0.64438	0.02155	0.01006	0.00287	0.00431	0.01796	0.00790	0.00718
19	0.01708	0.01690	0.01581	0.01531	0.01706	0.16811	0.01136	0.01919	0.01627	0.01982	0.02340	0.11503	0.02404	0.13856	0.29261	0.00820	0.05796	0.01053	0.00498	0.00780
20	0.02486	0.01968	0.02044	0.06466	0.02420	0.06270	0.01386	0.35412	0.03121	0.04103	0.06677	0.03468	0.13416	0.01246	0.00867	0.00258	0.00834	0.00985	0.05403	0.01169
21	0.01014	0.00831	0.00895	0.00946	0.01171	0.00711	0.00684	0.01212	0.01859	0.02266	0.07605	0.24047	0.49237	0.02287	0.01027	0.00302	0.00447	0.01957	0.00790	0.00711
22	0.01073	0.00756	0.00977	0.01139	0.01179	0.00715	0.00741	0.01194	0.01559	0.02078	0.04329	0.58030	0.05173	0.14795	0.01670	0.00432	0.00553	0.02207	0.00741	0.00660
23	0.02397	0.02467	0.03000	0.04016	0.41161	0.17502	0.02225	0.07068	0.02203	0.02786	0.01758	0.02463	0.01531	0.00912	0.00847	0.00254	0.01116	0.04584	0.00481	0.01231
24	0.01111	0.00822	0.00915	0.00955	0.01071	0.00759	0.00619	0.01221	0.01577	0.01995	0.05293	0.19248	0.26446	0.31399	0.02448	0.00530	0.00613	0.01680	0.00672	0.00626
25	0.13680	0.04767	0.06994	0.07115	0.45932	0.02048	0.02323	0.02577	0.01833	0.02880	0.01511	0.01952	0.01244	0.00769	0.00780	0.00254	0.00973	0.00692	0.00430	0.01247
26	0.02637	0.03087	0.02709	0.03257	0.26063	0.38084	0.01948	0.02965	0.02203	0.02360	0.01880	0.02167	0.05148	0.00912	0.00811	0.00236	0.01268	0.00706	0.00454	0.01107
27	0.01732	0.04253	0.61796	0.02600	0.07500	0.01979	0.03111	0.02690	0.01806	0.02700	0.01532	0.01816	0.01095	0.00805	0.00811	0.00268	0.01242	0.00637	0.00363	0.01263
28	0.01312	0.04281	0.01404	0.01239	0.01348	0.01162	0.00901	0.01482	0.01328	0.01847	0.02328	0.04083	0.02420	0.32086	0.34279	0.01032	0.05298	0.01015	0.00471	0.00685
29	0.01015	0.00862	0.00874	0.00871	0.01155	0.00722	0.00653	0.01238	0.01960	0.02348	0.11075	0.08109	0.61954	0.02137	0.01006	0.00286	0.00430	0.01785	0.00797	0.00722
30	0.01021	0.00846	0.00894	0.00918	0.01168	0.00719	0.00675	0.01238	0.01924	0.02344	0.11183	0.16438	0.53298	0.02202	0.01017	0.00294	0.00438	0.01867	0.00798	0.00719
31	0.02676	0.41102	0.03552	0.01783	0.02382	0.31433	0.01540	0.02925	0.02032	0.02038	0.01242	0.01440	0.01094	0.00794	0.00644	0.00199	0.01187	0.00496	0.00397	0.01045
32	0.01707	0.01634	0.02310	0.02026	0.02063	0.02237	0.01670	0.01921	0.01319	0.02031	0.01396	0.02217	0.01359	0.02663	0.18122	0.00611	0.52647	0.00785	0.00392	0.00890
33	0.01031	0.00819	0.00927	0.00993	0.01189	0.00715	0.00709	0.01236	0.01863	0.02335	0.11277	0.29973	0.39317	0.02307	0.01034	0.00307	0.00451	0.02000	0.00801	0.00715
34	0.01703	0.01267	0.01654	0.01510	0.01790	0.01444	0.01197	0.16113	0.02004	0.02794	0.02222	0.03029	0.01963	0.05088	0.50813	0.01099	0.01955	0.00877	0.00551	0.00926
35	0.02660	0.04026	0.21713	0.02465	0.07083	0.42711	0.02165	0.03132	0.02193	0.02315	0.01399	0.01652	0.01107	0.00848	0.00785	0.00237	0.01416	0.00587	0.00413	0.01093
36	0.01586	0.00793	0.00793	0.00793	0.00991	0.00793	0.00595	0.01983	0.01785	0.03173	0.02776	0.03173	0.02181	0.00991	0.00595	0.00198	0.00397	0.00793	0.74817	0.00793
37	0.03179	0.04056	0.02412	0.02192	0.02631	0.66676	0.01644	0.03398	0.02412	0.02083	0.01315	0.01535	0.01096	0.00877	0.00767	0.00219	0.01535	0.00548	0.00438	0.00987
38	0.01006	0.00862	0.00862	0.00862	0.01149	0.00718	0.00647	0.01221	0.01940	0.02299	0.08621	0.08190	0.64438	0.02155	0.01006	0.00287	0.00431	0.01796	0.00790	0.00718
39	0.01191	0.00888	0.01315	0.01342	0.01480	0.01012	0.01026	0.01473	0.01404	0.02003	0.02615	0.12568	0.02615	0.05865	0.57574	0.01225	0.02031	0.01122	0.00502	0.00750
40	0.02106	0.02022	0.03454	0.05223	0.64784	0.02022	0.02612	0.02612	0.01938	0.02780	0.01601	0.02106	0.01348	0.00758	0.00842	0.00253	0.01011	0.00758	0.00421	0.01348
41	0.01216	0.00912	0.01368	0.01368	0.01520	0.01064	0.01064	0.01520	0.01368	0.01976	0.02279	0.03343	0.02127	0.06382	0.66720	0.01368	0.02279	0.00912	0.00456	0.00760
42	0.02106	0.02022	0.03454	0.05223	0.64784	0.02022	0.02612	0.02612	0.01938	0.02780	0.01601	0.02106	0.01348	0.00758	0.00842	0.00253	0.01011	0.00758	0.00421	0.01348
43	0.01451	0.00837	0.01004	0.01004	0.01185	0.00892	0.00767	0.01813	0.01632	0.02734	0.02594	0.03235	0.02162	0.02967	0.24825	0.00627	0.01087	0.00837	0.47569	0.00781
44	0.01696	0.01619	0.01472	0.01477	0.04007	0.15646	0.00997	0.01904	0.01829	0.02263	0.17166	0.04408	0.03635	0.26458	0.11285	0.00608	0.01092	0.01092	0.00588	0.00758
45	0.01238	0.00825	0.00928	0.00928	0.00928	0.00825	0.00516	0.01238	0.01238	0.01650	0.02681	0.05569	0.03094	0.70092	0.04331	0.00825	0.00825	0.01238	0.00516	0.00516
46	0.01888	0.02081	0.04350	0.03186	0.03915	0.01996	0.50050	0.02520	0.01963	0.02648	0.02351	0.03197	0.05743	0.00973	0.01112	0.00299	0.04897	0.05274	0.00477	0.01081
47	0.02900	0.03127	0.02306	0.02022	0.02518	0.36745	0.01558	0.14977	0.19303	0.03117	0.02041	0.02080	0.01573	0.00980	0.00810	0.00245	0.01185	0.00703	0.00635	0.01174
48	0.15090	0.03906	0.54093	0.02191	0.03317	0.01964	0.02744	0.02660	0.01734	0.02897	0.01466	0.01722	0.01050	0.00805	0.00758	0.00268	0.01150	0.00599	0.00389	0.01197
49	0.01217	0.00907	0.01344	0.01344	0.01488	0.01051	0.01035	0.01505	0.01361	0.01958	0.02301	0.03462	0.02179	0.09778	0.63395	0.01339	0.02202	0.00929	0.00459	0.00747
50	0.01217	0.00908	0.01348	0.01348	0.01493	0.01053	0.01039	0.01507	0.01362	0.01961	0.02298	0.03444	0.02171	0.09281	0.63882	0.01343	0.02213	0.00927	0.00459	0.00749
51	0.02293	0.02592	0.02455	0.05308	0.02509	0.26011	0.01756	0.02517	0.01733	0.02062	0.01281	0.01854	0.01173	0.01540	0.05949	0.00374	0.36565	0.00683	0.00402	0.00941
52	0.01223	0.00819	0.00932	0.00947	0.00950	0.00815	0.00536	0.01234	0.01266	0.01688	0.02828	0.10231	0.03279	0.65178	0.04095	0.00790	0.00801	0.01324	0.00536	0.00528
53	0.01182	0.00946	0.01067	0.01023	0.01290	0.00871	0.00771	0.01660	0.07269	0.02874	0.31666	0.06998	0.35493	0.01896	0.00993	0.00279	0.00439	0.01618	0.00858	0.00807
54	0.01617	0.01502	0.02137	0.01906	0.01963	0.02022	0.01559	0.01848	0.01328	0.02021	0.01558	0.02424	0.01500	0.03345	0.27031	0.00750	0.43414	0.00808	0.00404	0.00866
55	0.03179	0.04056	0.02412	0.02192	0.02631	0.66676	0.01644	0.03398	0.02412	0.02083	0.01315	0.01535	0.01096	0.00877	0.00767	0.00219	0.01535	0.00548	0.00438	0.00987
56	0.01227	0.00941	0.01109	0.01174	0.01391	0.00881	0.00896	0.05109	0.01971	0.02498	0.06123	0.28033	0.29682	0.02289	0.01056	0.00325	0.00552	0.13183	0.00793	0.00768
57	0.01037	0.00741	0.00987	0.01185	0.01234	0.00691	0.00790	0.01185	0.01629	0.02172	0.04690	0.69537	0.05629	0.02666	0.01086	0.00346	0.00494	0.02419	0.00790	0.00691
58	0.01037	0.00741	0.00987	0.01185	0.01234	0.00691	0.00790	0.01185	0.01629	0.02172	0.04690	0.69537	0.05629	0.02666	0.01086	0.00346	0.00494	0.02419	0.00790	0.00691
59	0.01031	0.00762	0.00965	0.01127	0.01219	0.00696	0.00764	0.01191	0.01685	0.02195	0.05397	0.58502	0.16207	0.02574	0.01072	0.00335	0.00482	0.02307	0.00790	0.00696
60	0.01883	0.01079	0.01110	0.01003	0.01288	0.01125	0.00779	0.12769	0.02183	0.03567	0.02644	0.02970	0.02049	0.00997	0.00641	0.00209	0.00494	0.00788	0.61512	0.00911
61	0.02508	0.01682	0.01778	0.01444	0.01913	0.01825	0.01167	0.35505	0.03024	0.04397	0.02366	0.02541	0.01771	0.01008	0.00738	0.00230	0.00698	0.00778	0.33467	0.01159
62	0.01047	0.00783	0.00977	0.01126	0.01242	0.00713	0.00786	0.01225	0.01723	0.02224	0.05649	0.51229	0.20078	0.02523	0.01071	0.00334	0.00494	0.05284	0.00790	0.00703
63	0.02053	0.02263	0.03711	0.24229	0.10618	0.11047	0.28450	0.02631	0.01959	0.02465	0.01586	0.02162	0.01219	0.00786	0.00906	0.00273	0.01310	0.00837	0.00414	0.01080
64	0.01044	0.00754	0.00975	0.01149	0.01213	0.00700	0.00766	0.01190	0.01633	0.02157	0.04880	0.61989	0.09792	0.05872	0.01236	0.00364	0.00505	0.02317	0.00777	0.00685
65	0.01586	0.00793	0.00793	0.00793	0.00991	0.00793	0.00595	0.01983	0.01785	0.03173	0.02776	0.03173	0.02181	0.00991	0.00595	0.00198	0.00397	0.00793	0.74817	0.00793
66	0.01845	0.01448	0.01863	0.13483	0.02590	0.01630	0.01413	0.15490	0.09413	0.03264	0.14909	0.03693	0.03156	0.02489	0.16692	0.00539	0.01149	0.03223	0.00688	0.01024
67	0.01765	0.01513	0.01765	0.01260	0.02017	0.01134	0.01008	0.02143	0.01765	0.02773	0.01513	0.01765	0.01260	0.00630	0.00630	0.00126	0.00630	0.00504	0.00504	0.75295
68	0.02649	0.02401	0.02045	0.01730	0.02237	0.19723	0.01361	0.24087	0.07969	0.06808	0.03531	0.03445	0.15843	0.01253	0.00865	0.00256	0.00953	0.00962	0.00736	0.01146
69	0.01425	0.01308	0.01310	0.01237	0.01476	0.06963	0.00930	0.01828	0.06712	0.02536	0.18013	0.09007	0.29059	0.06791	0.01380	0.00327	0.06690	0.01460	0.00738	0.00812
70	0.01093	0.00770	0.00989	0.01123	0.01176	0.00729	0.00736	0.01235	0.01623	0.02182	0.09817	0.50766	0.05340	0.16188	0.01734	0.00435	0.00552	0.02099	0.00748	0.00666
71	0.01865	0.15979	0.45998	0.02641	0.11928	0.02233	0.02766	0.02657	0.01804	0.02582	0.01476	0.01762	0.01118	0.00787	0.00766	0.00251	0.01161	0.00616	0.00369	0.01240

[dist]
# distance from previous block
# <min> <max>
6	39

[block]
# block no. 4 follows, 21 sequences, length 19
# corresponding to MSA columns:
# 196-214
name=unknown_E
#
# <colnr> <probs for GDERKNQSTAVLIFYWHMCP>
#	G	D	E	R	K	N	Q	S	T	A	V	L	I	F	Y	W	H	M	C	P
0	0.01835	0.01817	0.03172	0.03802	0.35710	0.01789	0.14290	0.02306	0.01925	0.02632	0.03140	0.03465	0.15124	0.01088	0.00997	0.00273	0.03948	0.01035	0.00502	0.01151
1	0.02121	0.02301	0.02857	0.06720	0.21890	0.16561	0.08687	0.02498	0.01937	0.02399	0.02420	0.02794	0.09805	0.01094	0.01182	0.00275	0.12044	0.00877	0.00466	0.01068
2	0.01126	0.00898	0.01030	0.01085	0.01340	0.00801	0.00872	0.01405	0.01972	0.02436	0.10548	0.08508	0.43413	0.02190	0.01056	0.00318	0.00535	0.18925	0.00797	0.00743
3	0.01953	0.01865	0.03177	0.24572	0.46637	0.01982	0.02535	0.02477	0.01865	0.02594	0.01574	0.02156	0.01282	0.00787	0.00845	0.00262	0.01049	0.00758	0.00408	0.01224
4	0.01037	0.00741	0.00987	0.01185	0.01234	0.00691	0.00790	0.01185	0.01629	0.02172	0.04690	0.69537	0.05629	0.02666	0.01086	0.00346	0.00494	0.02419	0.00790	0.00691
5	0.01955	0.01834	0.03101	0.04571	0.54071	0.01860	0.02350	0.02427	0.01841	0.02644	0.01716	0.02316	0.01480	0.01711	0.11998	0.00442	0.01226	0.00784	0.00427	0.01248
6	0.03003	0.03676	0.02445	0.02187	0.02577	0.54848	0.01673	0.06073	0.02339	0.02238	0.01324	0.01604	0.01116	0.00967	0.01047	0.00242	0.10606	0.00585	0.00450	0.01001
7	0.01071	0.00755	0.00977	0.01141	0.01182	0.00714	0.00744	0.01194	0.01563	0.02084	0.04350	0.58705	0.05199	0.14083	0.01636	0.00427	0.00550	0.02219	0.00744	0.00661
8	0.01825	0.01823	0.02370	0.02075	0.02129	0.06232	0.01704	0.02035	0.01383	0.02037	0.01340	0.02110	0.01299	0.02339	0.14254	0.00543	0.52445	0.00763	0.00392	0.00903
9	0.01873	0.01863	0.02386	0.03214	0.32572	0.08936	0.01774	0.02392	0.06502	0.02603	0.03974	0.04086	0.21801	0.01252	0.00888	0.00263	0.00858	0.01085	0.00575	0.01103
10	0.01349	0.01014	0.01405	0.01645	0.09782	0.01060	0.00967	0.01510	0.01372	0.01903	0.02412	0.04421	0.02563	0.41287	0.22844	0.00912	0.01293	0.01073	0.00485	0.00703
11	0.01330	0.00875	0.01191	0.01191	0.01357	0.00980	0.00919	0.01662	0.01496	0.02344	0.02432	0.03291	0.02144	0.04722	0.46355	0.01008	0.01700	0.00875	0.23357	0.00770
12	0.02745	0.24221	0.03405	0.02142	0.02741	0.34904	0.09741	0.06255	0.02234	0.02325	0.01370	0.01614	0.01141	0.00817	0.00736	0.00219	0.01296	0.00593	0.00437	0.01066
13	0.02478	0.01699	0.02396	0.02265	0.13072	0.01603	0.04262	0.05575	0.02042	0.20003	0.02024	0.02183	0.01502	0.00888	0.01001	0.00227	0.08469	0.00707	0.00638	0.26965
14	0.01924	0.01900	0.01624	0.05833	0.02092	0.20916	0.01262	0.02188	0.02029	0.05413	0.04023	0.19209	0.13601	0.01777	0.00966	0.00298	0.00908	0.12510	0.00669	0.00858
15	0.02905	0.03323	0.02615	0.06912	0.13292	0.42933	0.01850	0.11140	0.02502	0.02652	0.01475	0.01747	0.01189	0.00875	0.00797	0.00234	0.01340	0.00626	0.00488	0.01107
16	0.01516	0.20642	0.02243	0.01393	0.01708	0.01716	0.01175	0.01811	0.01470	0.01983	0.01969	0.02783	0.01834	0.04782	0.47986	0.01032	0.01892	0.00782	0.00430	0.00854
17	0.01346	0.01032	0.01194	0.01125	0.01394	0.01003	0.00860	0.01791	0.07156	0.05826	0.21062	0.09856	0.34973	0.01897	0.01105	0.00290	0.04848	0.01580	0.00819	0.00841
18	0.01642	0.07971	0.02257	0.01709	0.02099	0.01735	0.09354	0.02453	0.16746	0.02590	0.04324	0.12051	0.19936	0.01560	0.01160	0.00295	0.09159	0.01302	0.00668	0.00988

[dist]
# distance from previous block
# <min> <max>
10	23

[block]
# block no. 5 follows, 21 sequences, length 44
# corresponding to MSA columns:
# 238-281
name=unknown_F
#
# <colnr> <probs for GDERKNQSTAVLIFYWHMCP>
#	G	D	E	R	K	N	Q	S	T	A	V	L	I	F	Y	W	H	M	C	P
0	0.01613	0.01277	0.01597	0.09346	0.04620	0.01252	0.01140	0.07406	0.04567	0.02697	0.03211	0.17167	0.08562	0.09617	0.01267	0.00318	0.00697	0.01216	0.05325	0.17104
1	0.01952	0.22050	0.02696	0.07890	0.02348	0.06062	0.07798	0.02343	0.01803	0.02561	0.01900	0.02291	0.01544	0.00885	0.00758	0.00220	0.03820	0.00694	0.29430	0.00954
2	0.02574	0.31399	0.03439	0.05050	0.12097	0.24974	0.01742	0.05302	0.02090	0.02296	0.01342	0.01603	0.01149	0.00801	0.00693	0.00213	0.01152	0.00559	0.00419	0.01103
3	0.01312	0.00922	0.01145	0.01183	0.01426	0.00843	0.00947	0.01621	0.02046	0.05939	0.18187	0.12446	0.26748	0.02110	0.01056	0.00319	0.00555	0.19572	0.00832	0.00793
4	0.02240	0.06526	0.17024	0.02961	0.12679	0.18060	0.14439	0.02771	0.01946	0.02446	0.01456	0.01869	0.01173	0.00882	0.01085	0.00267	0.09927	0.00712	0.00405	0.01132
5	0.01154	0.00844	0.01030	0.01056	0.01165	0.00843	0.00717	0.01297	0.01478	0.01944	0.04170	0.14070	0.16851	0.30243	0.18627	0.00776	0.01054	0.01438	0.00598	0.00645
6	0.01140	0.00784	0.00957	0.01053	0.01077	0.00760	0.00649	0.01212	0.01428	0.01904	0.03660	0.36715	0.04328	0.37263	0.02751	0.00592	0.00664	0.01813	0.00649	0.00601
7	0.01881	0.01437	0.01542	0.01341	0.01744	0.01464	0.01048	0.24911	0.02695	0.03475	0.05433	0.15486	0.30565	0.01794	0.00958	0.00284	0.00638	0.01493	0.00814	0.00999
8	0.02106	0.02022	0.03454	0.05223	0.64784	0.02022	0.02612	0.02612	0.01938	0.02780	0.01601	0.02106	0.01348	0.00758	0.00842	0.00253	0.01011	0.00758	0.00421	0.01348
9	0.01094	0.00785	0.01038	0.01146	0.01247	0.00729	0.00794	0.01328	0.01894	0.02594	0.24973	0.48052	0.06445	0.02351	0.01058	0.00319	0.00462	0.02120	0.00840	0.00729
10	0.01216	0.00912	0.01368	0.01368	0.01520	0.01064	0.01064	0.01520	0.01368	0.01976	0.02279	0.03343	0.02127	0.06382	0.66720	0.01368	0.02279	0.00912	0.00456	0.00760
11	0.02237	0.02200	0.03250	0.08737	0.51833	0.08109	0.02451	0.05898	0.02080	0.02818	0.01593	0.02059	0.01316	0.00790	0.00836	0.00252	0.01064	0.00739	0.00444	0.01294
12	0.01676	0.00880	0.00889	0.00857	0.01081	0.00894	0.00651	0.05258	0.01906	0.03292	0.02736	0.03111	0.02141	0.00993	0.00609	0.00201	0.00426	0.00792	0.70777	0.00829
13	0.01204	0.00811	0.00938	0.00971	0.00979	0.00803	0.00561	0.01229	0.01303	0.01737	0.03015	0.16201	0.03515	0.58886	0.03792	0.00745	0.00770	0.01434	0.00561	0.00545
14	0.02548	0.01768	0.01872	0.01509	0.02008	0.01913	0.01222	0.38491	0.03148	0.04443	0.02768	0.02861	0.06411	0.01097	0.00782	0.00240	0.00728	0.00852	0.24152	0.01186
15	0.02377	0.01411	0.01772	0.07749	0.02283	0.01435	0.01270	0.08628	0.11661	0.22721	0.08475	0.04221	0.12529	0.01667	0.05074	0.00348	0.00806	0.03585	0.00841	0.01148
16	0.03179	0.04056	0.02412	0.02192	0.02631	0.66676	0.01644	0.03398	0.02412	0.02083	0.01315	0.01535	0.01096	0.00877	0.00767	0.00219	0.01535	0.00548	0.00438	0.00987
17	0.02410	0.02490	0.02738	0.02524	0.08411	0.17543	0.04454	0.11622	0.02067	0.02663	0.01378	0.01855	0.01192	0.01171	0.01758	0.00304	0.33164	0.00715	0.00468	0.01072
18	0.01006	0.00862	0.00862	0.00862	0.01149	0.00718	0.00647	0.01221	0.01940	0.02299	0.08621	0.08190	0.64438	0.02155	0.01006	0.00287	0.00431	0.01796	0.00790	0.00718
19	0.01836	0.01540	0.01879	0.11758	0.02478	0.05158	0.01411	0.14626	0.02153	0.02871	0.06679	0.09372	0.05071	0.02876	0.20700	0.00609	0.06379	0.01047	0.00600	0.00955
20	0.01765	0.01513	0.01765	0.01260	0.02017	0.01134	0.01008	0.02143	0.01765	0.02773	0.01513	0.01765	0.01260	0.00630	0.00630	0.00126	0.00630	0.00504	0.00504	0.75295
21	0.01238	0.00825	0.00928	0.00928	0.00928	0.00825	0.00516	0.01238	0.01238	0.01650	0.02681	0.05569	0.03094	0.70092	0.04331	0.00825	0.00825	0.01238	0.00516	0.00516
22	0.02093	0.01911	0.01806	0.01452	0.02020	0.11374	0.01144	0.14130	0.02383	0.03125	0.06361	0.03332	0.14444	0.01115	0.00792	0.00207	0.00778	0.00880	0.00645	0.30011
23	0.01224	0.00819	0.00932	0.00946	0.00949	0.00816	0.00534	0.01234	0.01264	0.01686	0.02818	0.09909	0.03266	0.65518	0.04111	0.00793	0.00803	0.01318	0.00534	0.00528
24	0.01116	0.00795	0.01046	0.01163	0.01256	0.00748	0.00812	0.01332	0.01815	0.02465	0.19273	0.45044	0.05982	0.07481	0.01316	0.00365	0.00515	0.05955	0.00805	0.00712
25	0.03179	0.04056	0.02412	0.02192	0.02631	0.66676	0.01644	0.03398	0.02412	0.02083	0.01315	0.01535	0.01096	0.00877	0.00767	0.00219	0.01535	0.00548	0.00438	0.00987
26	0.02085	0.02081	0.03790	0.04873	0.51854	0.02050	0.15273	0.02636	0.01953	0.02769	0.01627	0.02147	0.01336	0.00749	0.00877	0.00260	0.01102	0.00811	0.00423	0.01305
27	0.01271	0.00977	0.01343	0.01308	0.01413	0.01129	0.00974	0.01480	0.01360	0.01917	0.02631	0.04052	0.05801	0.22156	0.40819	0.01072	0.08075	0.01030	0.00482	0.00711
28	0.01072	0.00814	0.00951	0.01042	0.01188	0.00737	0.00727	0.01239	0.01716	0.02171	0.05959	0.32837	0.28581	0.11889	0.01514	0.00392	0.00532	0.05205	0.00751	0.00683
29	0.01234	0.00906	0.01339	0.01339	0.01493	0.01050	0.01040	0.01543	0.01389	0.02036	0.02304	0.03335	0.02130	0.06112	0.63404	0.01309	0.02185	0.00906	0.04185	0.00761
30	0.02164	0.02192	0.02676	0.02207	0.02609	0.15023	0.14379	0.11440	0.02156	0.02723	0.02167	0.13916	0.02088	0.01803	0.07526	0.00396	0.11898	0.01073	0.00553	0.01010
31	0.02148	0.02057	0.02146	0.02007	0.04825	0.13971	0.01510	0.13506	0.02128	0.02740	0.02229	0.16915	0.02259	0.01882	0.06387	0.00385	0.20240	0.01095	0.00577	0.00992
32	0.01174	0.00805	0.01052	0.01126	0.01175	0.00817	0.00745	0.01266	0.01402	0.01900	0.03271	0.28884	0.03738	0.27353	0.15699	0.05804	0.00990	0.01580	0.00596	0.00621
33	0.01627	0.01081	0.01223	0.01131	0.01410	0.01129	0.00881	0.10895	0.02050	0.03027	0.03723	0.04060	0.14680	0.02600	0.17502	0.00522	0.00964	0.01023	0.29600	0.00870
34	0.02279	0.01727	0.06102	0.01725	0.06672	0.05448	0.01329	0.09003	0.02362	0.18472	0.13641	0.06866	0.14785	0.01369	0.00898	0.00262	0.00735	0.01143	0.00794	0.04391
35	0.02245	0.02173	0.02023	0.01889	0.04765	0.16690	0.01398	0.11163	0.17359	0.02898	0.02638	0.03033	0.05828	0.07471	0.09191	0.00447	0.06210	0.00884	0.00627	0.01068
36	0.02175	0.05158	0.02080	0.01624	0.02039	0.05437	0.01311	0.12901	0.04391	0.08170	0.06640	0.02710	0.02104	0.04888	0.12192	0.00459	0.11425	0.00810	0.00619	0.12868
37	0.01427	0.01035	0.01240	0.01271	0.01438	0.01037	0.00895	0.11513	0.02014	0.02672	0.04297	0.48061	0.08398	0.08814	0.01352	0.00373	0.00597	0.01986	0.00774	0.00805
38	0.02267	0.03006	0.15029	0.08297	0.23995	0.19813	0.06395	0.02787	0.01992	0.02482	0.01483	0.01901	0.01194	0.00846	0.00937	0.00258	0.05054	0.00692	0.00409	0.01164
39	0.01540	0.01266	0.01641	0.01914	0.14205	0.01220	0.01139	0.05189	0.04618	0.02599	0.09805	0.05053	0.19397	0.19178	0.01789	0.00404	0.00702	0.01225	0.00644	0.06473
40	0.02061	0.01954	0.02640	0.02254	0.04959	0.06464	0.11297	0.11411	0.05257	0.02759	0.02210	0.06923	0.04465	0.07805	0.01848	0.00358	0.22778	0.00987	0.00546	0.01024
41	0.02088	0.01400	0.01618	0.01483	0.01862	0.01467	0.01131	0.07510	0.24860	0.13995	0.04051	0.24268	0.07294	0.01666	0.00941	0.00300	0.00630	0.01441	0.00869	0.01126
42	0.05607	0.06248	0.15344	0.20987	0.18191	0.02074	0.14477	0.02523	0.01825	0.02597	0.01543	0.02051	0.01191	0.00785	0.00838	0.00268	0.01154	0.00751	0.00402	0.01145
43	0.08419	0.02522	0.02333	0.14863	0.10429	0.23794	0.01736	0.10545	0.06428	0.02929	0.01726	0.02031	0.01348	0.00897	0.00778	0.00247	0.01104	0.00681	0.06102	0.01086

[dist]
# distance from previous block
# <min> <max>
0	1

[block]
# block no. 6 follows, 21 sequences, length 14
# corresponding to MSA columns:
# 283-296
name=unknown_G
#
# <colnr> <probs for GDERKNQSTAVLIFYWHMCP>
#	G	D	E	R	K	N	Q	S	T	A	V	L	I	F	Y	W	H	M	C	P
0	0.01562	0.01127	0.01299	0.01200	0.01452	0.01177	0.00918	0.08748	0.01961	0.02819	0.04019	0.13207	0.16473	0.04929	0.06564	0.00380	0.06535	0.01250	0.20012	0.04369
1	0.01648	0.01226	0.01366	0.01302	0.01655	0.01240	0.01016	0.02591	0.21638	0.08155	0.05738	0.11148	0.27866	0.01802	0.00973	0.00302	0.00579	0.07929	0.00836	0.00988
2	0.01453	0.01215	0.01651	0.01553	0.01607	0.01515	0.01196	0.01643	0.01417	0.02096	0.02477	0.18131	0.02673	0.11879	0.13826	0.00591	0.26839	0.01226	0.06232	0.00779
3	0.02907	0.06251	0.02406	0.02014	0.02491	0.41473	0.01561	0.14099	0.07835	0.02803	0.01703	0.01901	0.01369	0.01345	0.05859	0.00319	0.01380	0.00648	0.00549	0.01090
4	0.01972	0.01658	0.01653	0.01491	0.01825	0.07897	0.01102	0.14775	0.11785	0.03002	0.02997	0.21339	0.03028	0.14086	0.01529	0.00376	0.00789	0.01296	0.00708	0.06693
5	0.01019	0.00812	0.00914	0.00995	0.01184	0.00707	0.00706	0.01206	0.01812	0.02247	0.06999	0.33512	0.40163	0.02366	0.01039	0.00311	0.00457	0.02053	0.00790	0.00707
6	0.01684	0.01363	0.01713	0.12535	0.02326	0.01551	0.01257	0.10687	0.06712	0.02606	0.03191	0.04142	0.11796	0.19371	0.08463	0.00534	0.07517	0.01074	0.00593	0.00886
7	0.19268	0.02065	0.02534	0.02539	0.15199	0.08340	0.08577	0.11110	0.02134	0.08577	0.01777	0.02245	0.01435	0.06642	0.01152	0.00310	0.03651	0.00748	0.00570	0.01129
8	0.09350	0.03456	0.32045	0.15778	0.03694	0.16543	0.02426	0.02727	0.01881	0.02560	0.01443	0.01794	0.01078	0.00831	0.00780	0.00260	0.01236	0.00620	0.00398	0.01099
9	0.02543	0.01866	0.06981	0.01906	0.08257	0.06184	0.01440	0.10653	0.02350	0.22582	0.07851	0.07674	0.07438	0.06983	0.01171	0.00313	0.00828	0.01052	0.00773	0.01157
10	0.02492	0.02159	0.02298	0.08804	0.02762	0.08238	0.01571	0.24416	0.14616	0.03676	0.02034	0.02181	0.01549	0.00995	0.00979	0.00251	0.06737	0.00740	0.00670	0.12829
11	0.01950	0.02539	0.18522	0.01706	0.02280	0.11745	0.01623	0.06455	0.11940	0.02827	0.05772	0.03334	0.06941	0.09965	0.01271	0.00330	0.00939	0.00908	0.07919	0.01036
12	0.01494	0.01150	0.01843	0.17335	0.02726	0.01201	0.06892	0.01804	0.01711	0.05313	0.03215	0.24867	0.03421	0.08595	0.01452	0.03927	0.00836	0.10780	0.00624	0.00814
13	0.02768	0.06450	0.02441	0.01793	0.02396	0.02350	0.01485	0.45170	0.03310	0.04462	0.01998	0.02195	0.01525	0.01849	0.11473	0.00424	0.01136	0.00756	0.00738	0.05283

[dist]
# distance from previous block
# <min> <max>
0	33

[block]
# block no. 7 follows, 21 sequences, length 57
# corresponding to MSA columns:
# 330-386
name=unknown_H
#
# <colnr> <probs for GDERKNQSTAVLIFYWHMCP>
#	G	D	E	R	K	N	Q	S	T	A	V	L	I	F	Y	W	H	M	C	P
0	0.01518	0.01303	0.01625	0.06631	0.06011	0.04302	0.03506	0.05833	0.04335	0.02607	0.11131	0.21004	0.15147	0.09547	0.01355	0.00353	0.00716	0.01519	0.00696	0.00860
1	0.02062	0.14669	0.02592	0.01767	0.02111	0.09500	0.04742	0.06297	0.01808	0.02440	0.01667	0.02309	0.01498	0.06679	0.05842	0.00375	0.19347	0.00730	0.09748	0.03817
2	0.01633	0.01254	0.01655	0.10564	0.05685	0.01330	0.01273	0.13222	0.02103	0.02805	0.03411	0.35593	0.03739	0.07191	0.01251	0.00354	0.00735	0.04598	0.00704	0.00900
3	0.05048	0.02333	0.18534	0.02066	0.02735	0.04640	0.16610	0.02186	0.01799	0.02498	0.02983	0.07424	0.11423	0.10318	0.01349	0.00344	0.01022	0.01072	0.00509	0.05108
4	0.01762	0.01605	0.02123	0.09250	0.02464	0.05974	0.04836	0.06853	0.01757	0.02420	0.02074	0.10083	0.01984	0.02703	0.18807	0.00590	0.18923	0.00987	0.03894	0.00912
5	0.07427	0.20644	0.02754	0.01840	0.02309	0.36101	0.01491	0.02853	0.02010	0.02162	0.01375	0.01700	0.01202	0.01484	0.08284	0.00349	0.04043	0.00568	0.00424	0.00982
6	0.01907	0.01965	0.07233	0.06722	0.46637	0.01808	0.02375	0.02418	0.01922	0.02697	0.02318	0.03422	0.04661	0.01053	0.00895	0.00276	0.00974	0.09016	0.00483	0.01219
7	0.02495	0.02494	0.06062	0.02101	0.06641	0.17656	0.04892	0.16285	0.12539	0.03382	0.02157	0.02319	0.01650	0.00955	0.00791	0.00244	0.00990	0.00755	0.14429	0.01163
8	0.01456	0.08351	0.23702	0.01548	0.02188	0.01432	0.01675	0.01989	0.01895	0.02571	0.08422	0.05075	0.22056	0.01479	0.00889	0.00277	0.00797	0.07800	0.05441	0.00957
9	0.02323	0.02897	0.14922	0.01888	0.02592	0.19398	0.01723	0.09744	0.09189	0.02924	0.01779	0.01970	0.01391	0.01088	0.03624	0.00268	0.01114	0.00641	0.00536	0.19990
10	0.01305	0.01032	0.01297	0.01184	0.01488	0.00965	0.00891	0.01565	0.01575	0.02210	0.03471	0.08425	0.13841	0.11272	0.26495	0.00727	0.01239	0.01110	0.00559	0.19347
11	0.01221	0.00903	0.01127	0.01215	0.01366	0.00847	0.00846	0.05209	0.01816	0.02426	0.04629	0.56385	0.09597	0.02398	0.01037	0.00322	0.00526	0.02149	0.00777	0.05204
12	0.02221	0.02260	0.02738	0.03441	0.33455	0.13832	0.01949	0.02765	0.05982	0.02700	0.01647	0.01984	0.01361	0.00774	0.00777	0.00217	0.00991	0.00669	0.00474	0.19762
13	0.01170	0.00961	0.01011	0.01000	0.01257	0.00893	0.00728	0.01616	0.08935	0.02404	0.09178	0.11407	0.44200	0.09795	0.01374	0.00352	0.00507	0.01669	0.00773	0.00769
14	0.01892	0.05049	0.02683	0.02087	0.02349	0.04647	0.12646	0.02235	0.01619	0.02454	0.01655	0.02233	0.01413	0.01161	0.01723	0.00298	0.33134	0.00783	0.18991	0.00947
15	0.02125	0.03055	0.18582	0.02500	0.03160	0.18966	0.16975	0.02666	0.01900	0.02377	0.01567	0.02054	0.01272	0.01580	0.09321	0.00410	0.09270	0.00750	0.00411	0.01059
16	0.01007	0.00856	0.00868	0.00878	0.01154	0.00717	0.00653	0.01220	0.01925	0.02293	0.08433	0.11123	0.61627	0.02180	0.01010	0.00290	0.00434	0.01826	0.00790	0.00717
17	0.02426	0.01771	0.01874	0.01514	0.02028	0.01887	0.01226	0.37961	0.03163	0.04261	0.03894	0.03830	0.18354	0.01320	0.00859	0.00257	0.00732	0.01045	0.10430	0.01168
18	0.01947	0.02915	0.25786	0.03935	0.32172	0.02029	0.13538	0.02662	0.01901	0.02740	0.01597	0.02031	0.01242	0.00769	0.00860	0.00265	0.01175	0.00757	0.00401	0.01280
19	0.01156	0.00862	0.01099	0.01231	0.01399	0.00805	0.00957	0.01421	0.01869	0.02410	0.09287	0.29652	0.20046	0.02373	0.01092	0.00342	0.00573	0.21891	0.00797	0.00737
