[name]
unknown

[dist]
# distance from previous block
# <min> <max>
10	26

[block]
# block no. 0 follows, 21 sequences, length 20
# corresponding to MSA columns:
# 27-46
name=unknown_A
#
# <colnr> <probs for GDERKNQSTAVLIFYWHMCP>
#	G	D	E	R	K	N	Q	S	T	A	V	L	I	F	Y	W	H	M	C	P
0	0.01357	0.00996	0.01185	0.01177	0.01352	0.00986	0.00831	0.06856	0.04955	0.02736	0.18582	0.28131	0.10723	0.14258	0.01609	0.00397	0.00573	0.01723	0.00785	0.00788
1	0.01368	0.00908	0.01060	0.01068	0.01162	0.00924	0.00702	0.05281	0.01595	0.02252	0.03095	0.19835	0.03382	0.35429	0.07322	0.00626	0.00799	0.01398	0.11120	0.00674
2	0.01377	0.00842	0.01048	0.01096	0.01176	0.00803	0.00704	0.01472	0.01520	0.07545	0.03644	0.34072	0.04145	0.33665	0.02565	0.00560	0.00667	0.01735	0.00687	0.00677
3	0.01321	0.00943	0.01101	0.01109	0.01231	0.00929	0.00740	0.06638	0.01773	0.02351	0.08414	0.26893	0.10674	0.29304	0.02346	0.00517	0.00652	0.01671	0.00697	0.00699
4	0.01189	0.00973	0.01015	0.00965	0.01271	0.00866	0.00734	0.05642	0.02142	0.02646	0.14464	0.07539	0.53501	0.02026	0.00994	0.00283	0.00464	0.01693	0.00811	0.00781
5	0.02082	0.01978	0.01692	0.01530	0.01900	0.16884	0.01165	0.15295	0.05170	0.03037	0.08533	0.15683	0.18380	0.01617	0.00923	0.00273	0.00824	0.01327	0.00734	0.00972
6	0.01976	0.01525	0.01938	0.01757	0.06068	0.01536	0.05532	0.15474	0.09429	0.07323	0.13981	0.04823	0.22138	0.01463	0.00935	0.00274	0.00694	0.01250	0.00802	0.01082
7	0.01907	0.01849	0.03318	0.07127	0.37551	0.01833	0.15168	0.02389	0.01866	0.02611	0.04288	0.02796	0.01830	0.10195	0.01358	0.00340	0.01060	0.00908	0.00455	0.01150
8	0.01656	0.01438	0.01904	0.18729	0.06932	0.01588	0.01504	0.02704	0.22196	0.02718	0.03247	0.18789	0.05593	0.01423	0.00904	0.00288	0.00757	0.01252	0.00668	0.05711
9	0.01375	0.00983	0.01310	0.01278	0.01420	0.01109	0.00956	0.04426	0.01532	0.02231	0.02498	0.07762	0.02452	0.16534	0.37981	0.00977	0.04471	0.01038	0.08913	0.00756
10	0.05588	0.01575	0.01945	0.17927	0.02870	0.01750	0.01454	0.22880	0.02522	0.03439	0.08135	0.10649	0.06580	0.04340	0.01143	0.03584	0.00828	0.01091	0.00680	0.01021
11	0.01520	0.00795	0.00818	0.00827	0.00995	0.00792	0.00594	0.01859	0.01713	0.02948	0.02853	0.06494	0.02446	0.09197	0.01057	0.00279	0.00451	0.00920	0.62686	0.00756
12	0.08316	0.04157	0.59959	0.02309	0.03502	0.01970	0.02947	0.02678	0.01766	0.02795	0.01497	0.01760	0.01064	0.00807	0.00783	0.00269	0.01204	0.00614	0.00374	0.01228
13	0.02297	0.02120	0.03127	0.12537	0.43070	0.05222	0.02355	0.13269	0.02302	0.03134	0.01655	0.02088	0.01326	0.00823	0.00842	0.00256	0.01039	0.00749	0.00494	0.01297
14	0.01401	0.01251	0.01767	0.02350	0.22462	0.01166	0.01325	0.01739	0.02002	0.02610	0.13792	0.05906	0.35710	0.01632	0.00951	0.00273	0.00621	0.01414	0.00687	0.00941
15	0.02106	0.02022	0.03454	0.05223	0.64784	0.02022	0.02612	0.02612	0.01938	0.02780	0.01601	0.02106	0.01348	0.00758	0.00842	0.00253	0.01011	0.00758	0.00421	0.01348
16	0.01037	0.00741	0.00987	0.01185	0.01234	0.00691	0.00790	0.01185	0.01629	0.02172	0.04690	0.69537	0.05629	0.02666	0.01086	0.00346	0.00494	0.02419	0.00790	0.00691
17	0.01908	0.03119	0.30638	0.03579	0.22257	0.02037	0.18752	0.02678	0.01896	0.02729	0.01602	0.02024	0.01217	0.00769	0.00871	0.00269	0.01231	0.00769	0.00397	0.01255
18	0.01747	0.01602	0.01935	0.24019	0.03242	0.04349	0.01546	0.02905	0.24716	0.02739	0.03669	0.03751	0.14486	0.01219	0.00874	0.00276	0.00814	0.01023	0.00651	0.04435
19	0.01296	0.01038	0.01187	0.01116	0.01335	0.04283	0.00837	0.01676	0.02379	0.03270	0.57394	0.06220	0.11314	0.01721	0.00991	0.00266	0.00463	0.01503	0.00901	0.00807

[dist]
# distance from previous block
# <min> <max>
0	4

[block]
# block no. 1 follows, 21 sequences, length 45
# corresponding to MSA columns:
# 51-95
name=unknown_B
#
# <colnr> <probs for GDERKNQSTAVLIFYWHMCP>
#	G	D	E	R	K	N	Q	S	T	A	V	L	I	F	Y	W	H	M	C	P
0	0.02204	0.42473	0.03425	0.01452	0.02175	0.05317	0.01332	0.05597	0.01889	0.02425	0.01338	0.01534	0.01164	0.00719	0.00598	0.00170	0.00850	0.00491	0.00437	0.24409
1	0.06410	0.01088	0.01258	0.01175	0.01389	0.01146	0.00857	0.08290	0.01822	0.02576	0.09673	0.04789	0.12079	0.24203	0.18866	0.00725	0.01098	0.01163	0.00623	0.00770
2	0.02316	0.31509	0.03375	0.02199	0.10877	0.15873	0.03723	0.02771	0.05840	0.02299	0.01528	0.01808	0.01312	0.01161	0.05085	0.00285	0.01130	0.00601	0.00437	0.05869
3	0.02087	0.02123	0.03037	0.24563	0.38292	0.10289	0.02409	0.02575	0.01924	0.02500	0.01536	0.02084	0.01249	0.00803	0.00835	0.00258	0.01117	0.00731	0.00410	0.01175
4	0.01911	0.07639	0.34888	0.03491	0.26959	0.02092	0.05823	0.02655	0.01857	0.02685	0.01543	0.01913	0.01193	0.00779	0.00815	0.00258	0.01150	0.00686	0.00387	0.01276
5	0.02963	0.02181	0.02362	0.01851	0.02461	0.02396	0.01512	0.54165	0.03746	0.05033	0.06215	0.06657	0.02139	0.01173	0.00876	0.00262	0.00874	0.00922	0.00853	0.01357
6	0.01489	0.01271	0.01930	0.01566	0.01973	0.01185	0.12229	0.01851	0.02023	0.05952	0.17691	0.05592	0.29324	0.01599	0.01092	0.00277	0.05180	0.01392	0.00721	0.05660
7	0.01765	0.02044	0.11149	0.19231	0.06523	0.05909	0.01865	0.02739	0.16433	0.02575	0.02494	0.02878	0.05037	0.02018	0.13166	0.00480	0.01238	0.00858	0.00535	0.01063
8	0.71290	0.01596	0.01244	0.01116	0.01622	0.01838	0.00914	0.02444	0.01510	0.03792	0.05243	0.01702	0.01378	0.00851	0.00557	0.00264	0.00642	0.00530	0.00553	0.00914
9	0.02053	0.01689	0.02225	0.06924	0.16550	0.01689	0.01561	0.17705	0.02512	0.03482	0.13301	0.03299	0.07840	0.01100	0.00849	0.00238	0.00775	0.00939	0.00667	0.14602
10	0.01038	0.00832	0.00928	0.00971	0.01186	0.00722	0.00703	0.01259	0.01917	0.02403	0.14437	0.23887	0.42253	0.02237	0.01026	0.00300	0.00444	0.01926	0.00808	0.00722
11	0.02054	0.02010	0.03520	0.04538	0.48474	0.01947	0.11792	0.02579	0.01930	0.02771	0.01610	0.02099	0.01330	0.00738	0.00845	0.00245	0.01037	0.00770	0.00432	0.09278
12	0.03179	0.04056	0.02412	0.02192	0.02631	0.66676	0.01644	0.03398	0.02412	0.02083	0.01315	0.01535	0.01096	0.00877	0.00767	0.00219	0.01535	0.00548	0.00438	0.00987
13	0.02059	0.02029	0.03195	0.18847	0.48204	0.05775	0.02501	0.02562	0.01914	0.02606	0.01565	0.02109	0.01286	0.00786	0.00840	0.00258	0.01069	0.00746	0.00413	0.01238
14	0.01052	0.00850	0.00936	0.00944	0.01186	0.00734	0.00697	0.01301	0.02006	0.02526	0.20249	0.14830	0.45462	0.02124	0.01015	0.00290	0.00432	0.01812	0.00822	0.00734
15	0.01989	0.02667	0.19357	0.04239	0.39036	0.02033	0.12928	0.02652	0.01915	0.02749	0.01603	0.02061	0.01270	0.00764	0.00862	0.00263	0.01146	0.00768	0.00407	0.01291
16	0.02043	0.01967	0.03412	0.04880	0.57190	0.01968	0.05968	0.02548	0.01905	0.02725	0.01651	0.02197	0.01395	0.01117	0.05085	0.00326	0.01117	0.00783	0.00424	0.01298
17	0.01229	0.00857	0.01091	0.01091	0.01147	0.00913	0.00719	0.01342	0.01286	0.01771	0.02532	0.04744	0.02736	0.46484	0.27450	0.01026	0.01364	0.01117	0.00494	0.00606
18	0.02203	0.02826	0.16013	0.02724	0.11443	0.14269	0.10493	0.09214	0.02111	0.02745	0.01644	0.02091	0.01328	0.01599	0.09475	0.00408	0.07074	0.00746	0.00461	0.01133
19	0.17286	0.11795	0.29763	0.02050	0.02879	0.02265	0.05652	0.05786	0.01788	0.02906	0.01401	0.01706	0.01085	0.00884	0.00974	0.00270	0.09337	0.00615	0.00427	0.01131
20	0.02520	0.02155	0.03124	0.04025	0.41982	0.02248	0.02247	0.24382	0.02695	0.03728	0.01763	0.02083	0.01384	0.00855	0.00846	0.00254	0.00984	0.00761	0.00579	0.01384
21	0.02158	0.02151	0.03502	0.04949	0.57377	0.05552	0.06497	0.02662	0.01968	0.02739	0.01593	0.02088	0.01330	0.00762	0.00849	0.00253	0.01068	0.00763	0.00423	0.01315
22	0.01046	0.00747	0.00995	0.01179	0.01236	0.00697	0.00791	0.01207	0.01671	0.02238	0.07862	0.66178	0.05756	0.02617	0.01082	0.00341	0.00489	0.02372	0.00798	0.00697
23	0.01135	0.00841	0.01059	0.01059	0.01243	0.00765	0.00773	0.01451	0.02165	0.02961	0.42236	0.19911	0.17248	0.02005	0.01021	0.00287	0.00426	0.01768	0.00881	0.00765
24	0.01095	0.00773	0.00995	0.01123	0.01182	0.00730	0.00740	0.01247	0.01654	0.02230	0.11779	0.49670	0.05455	0.15157	0.01683	0.00425	0.00544	0.02088	0.00757	0.00672
25	0.01079	0.00865	0.00963	0.00939	0.01194	0.00749	0.00704	0.01362	0.02112	0.02708	0.29063	0.07517	0.43741	0.02003	0.01005	0.00280	0.00420	0.01702	0.00844	0.00749
26	0.02468	0.02003	0.02122	0.01803	0.02347	0.02281	0.01432	0.22556	0.44641	0.04126	0.03018	0.02820	0.02236	0.01113	0.00861	0.00278	0.00756	0.00901	0.00861	0.01378
27	0.02925	0.22788	0.02988	0.01985	0.02505	0.48856	0.01591	0.03159	0.02220	0.02060	0.01278	0.01487	0.01095	0.00835	0.00705	0.00209	0.01359	0.00522	0.00418	0.01016
28	0.01014	0.00830	0.00895	0.00946	0.01172	0.00711	0.00684	0.01212	0.01859	0.02266	0.07596	0.24194	0.49096	0.02289	0.01027	0.00303	0.00447	0.01959	0.00790	0.00711
29	0.02017	0.01696	0.02336	0.02471	0.17896	0.01611	0.04683	0.02897	0.16073	0.07087	0.02719	0.02822	0.06980	0.00945	0.00804	0.00227	0.00768	0.00833	0.00624	0.24513
30	0.03010	0.07470	0.02588	0.02314	0.05867	0.56734	0.01696	0.03245	0.02296	0.02114	0.01314	0.01571	0.01110	0.00892	0.00857	0.00226	0.04694	0.00564	0.00430	0.01009
31	0.01082	0.00821	0.01058	0.01142	0.01286	0.00797	0.00823	0.01300	0.01683	0.02219	0.08140	0.33932	0.19970	0.03421	0.17549	0.00583	0.00922	0.01836	0.00714	0.00721
32	0.02440	0.03298	0.26153	0.02114	0.02920	0.13279	0.02130	0.21498	0.07771	0.03473	0.01983	0.05526	0.01566	0.01015	0.00834	0.00262	0.01115	0.00781	0.00593	0.01248
33	0.01801	0.02436	0.20329	0.02536	0.05450	0.01687	0.24098	0.02469	0.02052	0.06173	0.15407	0.03367	0.06149	0.01057	0.00937	0.00276	0.01059	0.01041	0.00571	0.01105
34	0.02231	0.01698	0.01924	0.06331	0.02404	0.01910	0.01372	0.04123	0.47543	0.11038	0.07225	0.03282	0.02784	0.01158	0.00872	0.00284	0.00695	0.00972	0.00859	0.01296
35	0.01588	0.01459	0.02082	0.01867	0.01932	0.01953	0.01524	0.01824	0.01331	0.02017	0.01609	0.02489	0.01545	0.03562	0.29870	0.00794	0.40472	0.00815	0.00408	0.00858
36	0.26149	0.02274	0.02238	0.05031	0.12853	0.11781	0.01585	0.19065	0.05356	0.03729	0.01633	0.01831	0.01253	0.00881	0.00734	0.00255	0.00945	0.00644	0.00595	0.01169
37	0.02613	0.07091	0.22498	0.02365	0.07083	0.21235	0.02163	0.19048	0.02584	0.03212	0.01592	0.01785	0.01203	0.00879	0.00796	0.00245	0.01217	0.00642	0.00521	0.01227
38	0.01238	0.00825	0.00928	0.00928	0.00928	0.00825	0.00516	0.01238	0.01238	0.01650	0.02681	0.05569	0.03094	0.70092	0.04331	0.00825	0.00825	0.01238	0.00516	0.00516
39	0.01045	0.00755	0.00975	0.01146	0.01211	0.00701	0.00764	0.01191	0.01632	0.02154	0.04883	0.61337	0.10009	0.06302	0.01257	0.00367	0.00507	0.02307	0.00775	0.00684
40	0.02214	0.02268	0.02666	0.28027	0.03904	0.15574	0.05146	0.09909	0.02064	0.02555	0.01461	0.01999	0.01170	0.01013	0.01276	0.00287	0.16267	0.00725	0.00451	0.01024
41	0.01141	0.00899	0.01050	0.01134	0.01349	0.00830	0.00868	0.01476	0.04636	0.02376	0.06505	0.24064	0.33901	0.02283	0.01056	0.00325	0.00533	0.14028	0.00792	0.00754
42	0.01111	0.00772	0.00965	0.01090	0.01121	0.00741	0.00688	0.01204	0.01484	0.01979	0.03946	0.45828	0.04689	0.27657	0.02289	0.00523	0.00617	0.01981	0.00688	0.00626
43	0.06480	0.13255	0.06289	0.10652	0.18564	0.22277	0.01983	0.06262	0.02111	0.02575	0.01437	0.01775	0.01173	0.00821	0.00756	0.00237	0.01162	0.00624	0.00440	0.01126
44	0.35194	0.01756	0.01572	0.04965	0.02045	0.07186	0.01128	0.02872	0.12336	0.06176	0.05168	0.02232	0.01776	0.00927	0.00676	0.00250	0.00731	0.00671	0.05565	0.06773

[dist]
# distance from previous block
# <min> <max>
0	4

[block]
# block no. 2 follows, 21 sequences, length 15
# corresponding to MSA columns:
# 100-114
name=unknown_C
#
# <colnr> <probs for GDERKNQSTAVLIFYWHMCP>
#	G	D	E	R	K	N	Q	S	T	A	V	L	I	F	Y	W	H	M	C	P
0	0.07924	0.12085	0.35419	0.08937	0.03282	0.08176	0.02357	0.02595	0.01851	0.02636	0.05895	0.02056	0.01569	0.00874	0.00766	0.00254	0.01117	0.00663	0.00424	0.01119
1	0.53741	0.01697	0.01460	0.01486	0.06588	0.04826	0.01073	0.02484	0.04529	0.03448	0.02286	0.02405	0.09191	0.00984	0.00640	0.00265	0.00699	0.00683	0.00564	0.00952
2	0.02777	0.03262	0.02482	0.02189	0.02509	0.42402	0.01709	0.07142	0.02183	0.02305	0.01306	0.01672	0.01128	0.01076	0.01397	0.00269	0.22119	0.00624	0.00447	0.01002
3	0.01558	0.01403	0.02106	0.01810	0.01932	0.01711	0.07554	0.01770	0.01371	0.01987	0.01884	0.03308	0.01928	0.22599	0.16483	0.00706	0.27705	0.00952	0.00438	0.00796
4	0.01067	0.00864	0.00947	0.00926	0.01187	0.00744	0.00694	0.01339	0.02083	0.02640	0.25693	0.07628	0.47153	0.02028	0.01005	0.00281	0.00422	0.01717	0.00835	0.00744
5	0.28141	0.01950	0.02536	0.03252	0.32488	0.02084	0.01858	0.12350	0.02107	0.03568	0.01528	0.01843	0.01215	0.00813	0.00734	0.00257	0.00876	0.00656	0.00529	0.01215
6	0.02264	0.02320	0.03301	0.04779	0.55662	0.11511	0.02470	0.02727	0.02007	0.02678	0.01559	0.02022	0.01311	0.00776	0.00831	0.00248	0.01088	0.00727	0.00424	0.01295
7	0.01173	0.00850	0.00971	0.00949	0.01117	0.00783	0.00658	0.01398	0.01883	0.02533	0.25446	0.06522	0.23829	0.21972	0.01963	0.00434	0.00535	0.01490	0.04802	0.00691
8	0.01406	0.00928	0.01126	0.01042	0.01322	0.00819	0.00794	0.01734	0.02243	0.09491	0.37958	0.06653	0.27662	0.01817	0.00989	0.00274	0.00446	0.01560	0.00896	0.00840
9	0.01890	0.02010	0.02305	0.11790	0.02803	0.16807	0.07811	0.02233	0.01764	0.02144	0.02213	0.02821	0.06377	0.02661	0.20493	0.00600	0.11065	0.00859	0.00452	0.00902
10	0.01034	0.00824	0.00927	0.00983	0.01187	0.00718	0.00706	0.01245	0.01884	0.02361	0.12463	0.27397	0.40719	0.02279	0.01031	0.00304	0.00448	0.01969	0.00804	0.00718
11	0.30107	0.19983	0.02313	0.09147	0.02257	0.02145	0.01277	0.02228	0.01573	0.02746	0.01796	0.12745	0.01781	0.01138	0.00818	0.00265	0.05414	0.00836	0.00498	0.00933
12	0.18798	0.14362	0.02629	0.01898	0.05109	0.11974	0.01511	0.20991	0.02436	0.03491	0.01481	0.01689	0.01179	0.00935	0.00917	0.00251	0.08029	0.00610	0.00565	0.01144
13	0.21841	0.05524	0.02270	0.09092	0.14079	0.01972	0.01562	0.07357	0.11010	0.07556	0.01879	0.02065	0.01434	0.00861	0.00728	0.00249	0.00812	0.00675	0.00591	0.08442
14	0.20621	0.13674	0.02425	0.06384	0.02486	0.16722	0.01440	0.11886	0.11179	0.03209	0.01700	0.01839	0.01328	0.00892	0.00705	0.00244	0.00973	0.00620	0.00568	0.01107

[dist]
# distance from previous block
# <min> <max>
0	36

[block]
# block no. 3 follows, 21 sequences, length 71
# corresponding to MSA columns:
# 154-224
name=unknown_D
#
# <colnr> <probs for GDERKNQSTAVLIFYWHMCP>
#	G	D	E	R	K	N	Q	S	T	A	V	L	I	F	Y	W	H	M	C	P
0	0.02096	0.14926	0.06975	0.01431	0.01922	0.01624	0.01259	0.08157	0.02168	0.14788	0.10610	0.18923	0.08673	0.01522	0.00876	0.00269	0.00705	0.01280	0.00748	0.01048
1	0.01073	0.00786	0.00971	0.01102	0.01197	0.00727	0.00748	0.01223	0.01648	0.02139	0.05166	0.46183	0.16676	0.11991	0.01528	0.00403	0.00540	0.04472	0.00751	0.00676
2	0.06051	0.08088	0.02146	0.01745	0.02017	0.16392	0.01371	0.08036	0.01963	0.02511	0.02369	0.22701	0.02530	0.01566	0.01301	0.00296	0.16232	0.01181	0.00571	0.00934
3	0.02022	0.01774	0.02547	0.05987	0.30879	0.03903	0.01820	0.02440	0.01891	0.06114	0.01891	0.07208	0.01672	0.00887	0.00789	0.00219	0.00853	0.00799	0.00511	0.25794
4	0.05814	0.01762	0.13684	0.01568	0.04606	0.01270	0.01363	0.06481	0.01973	0.06536	0.06511	0.17657	0.18602	0.06917	0.01185	0.00330	0.00726	0.01388	0.00682	0.00943
5	0.02451	0.57668	0.04061	0.01599	0.02271	0.15674	0.01493	0.02713	0.01862	0.02018	0.01209	0.01398	0.01093	0.00757	0.00589	0.00189	0.01031	0.00473	0.00379	0.01072
6	0.01872	0.08226	0.02255	0.01625	0.02107	0.01621	0.05839	0.07264	0.01836	0.06014	0.01910	0.02450	0.01627	0.02909	0.25603	0.00642	0.05009	0.00746	0.00520	0.19928
7	0.03234	0.05693	0.02334	0.01697	0.02328	0.02075	0.01404	0.34798	0.03164	0.24851	0.02486	0.02466	0.01738	0.03564	0.00954	0.00273	0.00838	0.00797	0.03942	0.01367
8	0.01083	0.00813	0.01001	0.01132	0.01269	0.00745	0.00816	0.01278	0.01748	0.02238	0.05721	0.40608	0.22532	0.05442	0.01218	0.00356	0.00530	0.09990	0.00777	0.00704
9	0.01217	0.00905	0.01334	0.01334	0.01474	0.01045	0.01022	0.01498	0.01358	0.01951	0.02310	0.03514	0.02202	0.11269	0.61935	0.01326	0.02168	0.00937	0.00460	0.00741
10	0.02275	0.70604	0.04459	0.01456	0.02184	0.03367	0.01456	0.02548	0.01729	0.02002	0.01183	0.01365	0.01092	0.00728	0.00546	0.00182	0.00910	0.00455	0.00364	0.01092
11	0.76103	0.01646	0.01251	0.01119	0.01646	0.01909	0.00922	0.02502	0.01448	0.03818	0.01185	0.01382	0.00922	0.00790	0.00527	0.00263	0.00658	0.00461	0.00527	0.00922
12	0.01053	0.00753	0.01002	0.01174	0.01238	0.00702	0.00791	0.01226	0.01706	0.02294	0.10550	0.63329	0.05864	0.02575	0.01078	0.00338	0.00485	0.02333	0.00804	0.00702
13	0.01157	0.00868	0.01072	0.01021	0.01242	0.00783	0.00766	0.01515	0.02298	0.03148	0.51109	0.06792	0.21420	0.01838	0.01004	0.00272	0.00409	0.01600	0.00902	0.00783
14	0.01025	0.00863	0.00889	0.00883	0.01161	0.00727	0.00662	0.01259	0.01986	0.02408	0.14095	0.08010	0.58896	0.02114	0.01006	0.00285	0.00428	0.01771	0.00805	0.00727
15	0.01022	0.00853	0.00891	0.00903	0.01165	0.00722	0.00669	0.01245	0.01948	0.02367	0.12195	0.12974	0.55792	0.02167	0.01012	0.00291	0.00434	0.01828	0.00800	0.00722
16	0.01056	0.00754	0.01009	0.01207	0.01264	0.00708	0.00823	0.01218	0.01648	0.02194	0.04680	0.66144	0.05587	0.02648	0.01091	0.00348	0.00510	0.05626	0.00790	0.00696
17	0.02345	0.65500	0.04302	0.01513	0.02218	0.08223	0.01471	0.02613	0.01782	0.02008	0.01193	0.01378	0.01092	0.00739	0.00563	0.00185	0.00958	0.00462	0.00370	0.01084
18	0.01590	0.01128	0.01275	0.01168	0.01513	0.01089	0.00898	0.02323	0.14896	0.09589	0.21718	0.06095	0.29977	0.01719	0.00960	0.00280	0.00505	0.01454	0.00873	0.00950
19	0.01037	0.00741	0.00987	0.01185	0.01234	0.00691	0.00790	0.01185	0.01629	0.02172	0.04690	0.69537	0.05629	0.02666	0.01086	0.00346	0.00494	0.02419	0.00790	0.00691
20	0.09946	0.33104	0.03199	0.01763	0.02338	0.32454	0.01490	0.02936	0.02017	0.02218	0.01244	0.01445	0.01077	0.00803	0.00646	0.00207	0.01174	0.00499	0.00414	0.01027
21	0.02219	0.64100	0.10475	0.01551	0.02331	0.03231	0.01622	0.02563	0.01736	0.02070	0.01217	0.01408	0.01091	0.00736	0.00572	0.00191	0.00944	0.00472	0.00364	0.01108
22	0.02059	0.09158	0.12393	0.03184	0.18666	0.09360	0.17232	0.02598	0.01883	0.02487	0.01599	0.02093	0.01314	0.01381	0.07775	0.00374	0.04126	0.00765	0.00413	0.01141
23	0.01176	0.00860	0.01052	0.01009	0.01188	0.00792	0.00724	0.01472	0.02115	0.02900	0.43488	0.06533	0.16950	0.14179	0.01606	0.00372	0.00483	0.01529	0.00835	0.00736
24	0.01456	0.00934	0.01213	0.01134	0.01387	0.00853	0.00877	0.01833	0.02335	0.09334	0.48779	0.06429	0.12246	0.01756	0.01003	0.00279	0.00465	0.05906	0.00923	0.00857
25	0.01910	0.03539	0.43047	0.02652	0.06303	0.01993	0.13458	0.02937	0.07828	0.05483	0.01832	0.02082	0.01320	0.00834	0.00853	0.00274	0.01199	0.00745	0.00454	0.01259
26	0.02324	0.02437	0.08504	0.02175	0.08469	0.13585	0.04220	0.20793	0.02609	0.03288	0.03101	0.03239	0.13628	0.01567	0.05919	0.00343	0.01110	0.00934	0.00626	0.01128
27	0.01073	0.00780	0.01013	0.01134	0.01236	0.00719	0.00782	0.01286	0.01835	0.02471	0.18877	0.50123	0.10698	0.02411	0.01061	0.00323	0.00467	0.02167	0.00824	0.00719
28	0.02292	0.14616	0.02972	0.09250	0.20212	0.10734	0.01875	0.06402	0.17680	0.02830	0.01979	0.02183	0.01572	0.00893	0.00786	0.00248	0.00983	0.00728	0.00546	0.01220
29	0.02137	0.01309	0.01489	0.01277	0.01725	0.01256	0.01010	0.08869	0.10718	0.19328	0.08260	0.05390	0.30563	0.01592	0.00931	0.00277	0.00593	0.01316	0.00882	0.01076
30	0.02770	0.06341	0.02878	0.05880	0.20725	0.19524	0.01937	0.23350	0.02757	0.03420	0.01652	0.01900	0.01292	0.00884	0.00810	0.00242	0.01125	0.00689	0.00570	0.01254
31	0.01216	0.00912	0.01368	0.01368	0.01520	0.01064	0.01064	0.01520	0.01368	0.01976	0.02279	0.03343	0.02127	0.06382	0.66720	0.01368	0.02279	0.00912	0.00456	0.00760
32	0.01112	0.00825	0.01037	0.01071	0.01237	0.00750	0.00770	0.01395	0.02062	0.02794	0.34212	0.27919	0.17429	0.02126	0.01032	0.00297	0.00438	0.01881	0.00861	0.00750
33	0.02326	0.02486	0.03051	0.04216	0.45454	0.18628	0.02260	0.02742	0.02060	0.02575	0.01891	0.02274	0.04556	0.00861	0.00832	0.00246	0.01116	0.00758	0.00445	0.01222
34	0.07765	0.01544	0.01694	0.01504	0.01883	0.01648	0.01158	0.28173	0.02682	0.03717	0.03466	0.31080	0.06644	0.01767	0.00935	0.00296	0.00699	0.01503	0.00797	0.01045
35	0.01238	0.00825	0.00928	0.00928	0.00928	0.00825	0.00516	0.01238	0.01238	0.01650	0.02681	0.05569	0.03094	0.70092	0.04331	0.00825	0.00825	0.01238	0.00516	0.00516
36	0.01214	0.01055	0.01422	0.21719	0.02628	0.01088	0.01205	0.01552	0.01888	0.02360	0.11591	0.10881	0.34776	0.01750	0.00964	0.00289	0.00651	0.01497	0.00677	0.00795
37	0.01776	0.12447	0.58243	0.02308	0.03501	0.02145	0.02939	0.02677	0.01788	0.02611	0.01485	0.01744	0.01080	0.00799	0.00777	0.00259	0.01215	0.00608	0.00360	0.01238
38	0.02172	0.02146	0.03391	0.05038	0.60986	0.05972	0.02553	0.02660	0.01967	0.02738	0.01583	0.02071	0.01333	0.00765	0.00838	0.00251	0.01043	0.00745	0.00422	0.01326
39	0.02106	0.02022	0.03454	0.05223	0.64784	0.02022	0.02612	0.02612	0.01938	0.02780	0.01601	0.02106	0.01348	0.00758	0.00842	0.00253	0.01011	0.00758	0.00421	0.01348
40	0.02106	0.02022	0.03454	0.05223	0.64784	0.02022	0.02612	0.02612	0.01938	0.02780	0.01601	0.02106	0.01348	0.00758	0.00842	0.00253	0.01011	0.00758	0.00421	0.01348
41	0.02495	0.15929	0.02879	0.02068	0.02392	0.29706	0.01693	0.02712	0.01851	0.02054	0.01213	0.01629	0.01104	0.01086	0.01511	0.00272	0.27417	0.00607	0.00399	0.00985
42	0.01055	0.00864	0.00931	0.00914	0.01180	0.00739	0.00685	0.01317	0.02056	0.02576	0.22475	0.07734	0.50411	0.02052	0.01005	0.00282	0.00424	0.01732	0.00827	0.00739
43	0.01238	0.00825	0.00928	0.00928	0.00928	0.00825	0.00516	0.01238	0.01238	0.01650	0.02681	0.05569	0.03094	0.70092	0.04331	0.00825	0.00825	0.01238	0.00516	0.00516
44	0.01126	0.00788	0.01009	0.01150	0.01200	0.00757	0.00770	0.01257	0.01552	0.02063	0.04108	0.45688	0.04845	0.21567	0.02006	0.00485	0.00615	0.07652	0.00712	0.00651
45	0.03134	0.02287	0.02446	0.01887	0.02538	0.02526	0.01555	0.58282	0.03866	0.05229	0.02088	0.02112	0.01492	0.01020	0.00836	0.00252	0.00903	0.00768	0.05371	0.01407
46	0.01047	0.00762	0.00987	0.01144	0.01229	0.00702	0.00777	0.01221	0.01720	0.02280	0.09651	0.58664	0.11591	0.02545	0.01072	0.00334	0.00480	0.02291	0.00801	0.00702
47	0.03179	0.04056	0.02412	0.02192	0.02631	0.66676	0.01644	0.03398	0.02412	0.02083	0.01315	0.01535	0.01096	0.00877	0.00767	0.00219	0.01535	0.00548	0.00438	0.00987
48	0.02586	0.09836	0.02618	0.15372	0.03167	0.15112	0.01708	0.21380	0.13691	0.03375	0.01955	0.02120	0.01484	0.00950	0.00804	0.00252	0.01044	0.00723	0.00623	0.01197
49	0.01204	0.00870	0.01138	0.01071	0.01271	0.00803	0.00803	0.01606	0.02409	0.03413	0.64335	0.06357	0.08030	0.01740	0.01004	0.00268	0.00401	0.01539	0.00937	0.00803
50	0.01811	0.01713	0.01537	0.05100	0.01936	0.12648	0.01095	0.11881	0.02395	0.02865	0.10650	0.05501	0.34333	0.01632	0.00929	0.00268	0.00746	0.01324	0.00728	0.00908
51	0.76103	0.01646	0.01251	0.01119	0.01646	0.01909	0.00922	0.02502	0.01448	0.03818	0.01185	0.01382	0.00922	0.00790	0.00527	0.00263	0.00658	0.00461	0.00527	0.00922
52	0.02079	0.01994	0.03405	0.08670	0.61551	0.02015	0.02598	0.02588	0.01925	0.02747	0.01596	0.02115	0.01336	0.00763	0.00843	0.00254	0.01018	0.00758	0.00419	0.01326
53	0.02652	0.02773	0.02563	0.02841	0.19821	0.27470	0.01799	0.15636	0.02572	0.03013	0.02358	0.02538	0.08223	0.01016	0.00833	0.00244	0.01137	0.00792	0.00562	0.01158
54	0.31704	0.01605	0.01745	0.01400	0.02009	0.01625	0.01155	0.08504	0.02189	0.36401	0.02404	0.02238	0.01592	0.00949	0.00728	0.00263	0.00717	0.00695	0.00832	0.01245
55	0.01632	0.01445	0.01383	0.01336	0.01612	0.09713	0.01040	0.07128	0.02173	0.02679	0.13028	0.06528	0.21693	0.09823	0.01389	0.00360	0.00746	0.14733	0.00735	0.00822
56	0.02219	0.12862	0.03777	0.02626	0.03145	0.14140	0.24655	0.02628	0.01838	0.02307	0.01394	0.01893	0.01176	0.00968	0.01401	0.00283	0.20469	0.00764	0.00405	0.01048
57	0.01205	0.00830	0.01022	0.01049	0.01086	0.00853	0.00660	0.01285	0.01318	0.01786	0.02884	0.14063	0.03260	0.48298	0.16007	0.00864	0.01062	0.01339	0.00542	0.00588
58	0.01037	0.00741	0.00987	0.01185	0.01234	0.00691	0.00790	0.01185	0.01629	0.02172	0.04690	0.69537	0.05629	0.02666	0.01086	0.00346	0.00494	0.02419	0.00790	0.00691
59	0.02663	0.02742	0.02333	0.11781	0.05102	0.28631	0.01684	0.09276	0.18616	0.05621	0.02086	0.02208	0.01588	0.00965	0.00821	0.00254	0.01135	0.00731	0.00610	0.01154
60	0.01801	0.03578	0.43245	0.06263	0.06532	0.02022	0.19094	0.02673	0.01856	0.02680	0.01583	0.01970	0.01150	0.00784	0.00866	0.00274	0.01290	0.00743	0.00382	0.01215
61	0.01034	0.00751	0.00977	0.01157	0.01227	0.00694	0.00778	0.01188	0.01656	0.02183	0.05028	0.64266	0.10682	0.02622	0.01079	0.00341	0.00488	0.02366	0.00790	0.00694
62	0.02792	0.06943	0.02568	0.02165	0.02505	0.46868	0.01691	0.03006	0.02090	0.02070	0.01257	0.01610	0.01101	0.01027	0.01278	0.00257	0.18781	0.00594	0.00418	0.00978
63	0.01034	0.00857	0.00906	0.00907	0.01170	0.00728	0.00675	0.01271	0.01986	0.02441	0.15838	0.11233	0.53767	0.02127	0.01010	0.00288	0.00430	0.01795	0.00810	0.00728
64	0.02507	0.02610	0.03918	0.03026	0.06197	0.13443	0.34561	0.16919	0.02549	0.03244	0.01723	0.02096	0.01297	0.00819	0.00920	0.00266	0.01316	0.00858	0.00532	0.01199
65	0.01195	0.00863	0.01129	0.01077	0.01269	0.00797	0.00802	0.01582	0.02365	0.03342	0.60958	0.09934	0.07894	0.01792	0.01008	0.00272	0.00407	0.01589	0.00928	0.00797
66	0.01412	0.01188	0.01696	0.01584	0.01676	0.01503	0.01249	0.01650	0.01336	0.01965	0.01970	0.03118	0.01920	0.11175	0.41426	0.01016	0.21999	0.00894	0.00437	0.00787
67	0.71687	0.01634	0.01295	0.01143	0.01678	0.01869	0.00942	0.02602	0.01509	0.07579	0.01318	0.01475	0.00994	0.00806	0.00547	0.00263	0.00662	0.00485	0.00559	0.00954
68	0.13760	0.03230	0.02367	0.02295	0.08594	0.40380	0.01629	0.12754	0.02484	0.02941	0.01443	0.01652	0.01153	0.00876	0.00753	0.00235	0.01257	0.00592	0.00517	0.01088
69	0.25078	0.01807	0.01952	0.01934	0.08145	0.05396	0.01417	0.13852	0.02055	0.03341	0.01826	0.02590	0.01597	0.01942	0.11727	0.00460	0.08129	0.05151	0.00567	0.01033
70	0.10202	0.02182	0.02298	0.01817	0.02434	0.02421	0.01485	0.49414	0.06679	0.04923	0.02194	0.06161	0.01711	0.01106	0.00835	0.00263	0.00868	0.00847	0.00816	0.01344

[dist]
# distance from previous block
# <min> <max>
0	1

[block]
# block no. 4 follows, 21 sequences, length 9
# corresponding to MSA columns:
# 226-234
name=unknown_E
#
# <colnr> <probs for GDERKNQSTAVLIFYWHMCP>
#	G	D	E	R	K	N	Q	S	T	A	V	L	I	F	Y	W	H	M	C	P
0	0.01216	0.00912	0.01368	0.01368	0.01520	0.01064	0.01064	0.01520	0.01368	0.01976	0.02279	0.03343	0.02127	0.06382	0.66720	0.01368	0.02279	0.00912	0.00456	0.00760
1	0.01184	0.00869	0.01108	0.01049	0.01259	0.00794	0.00786	0.01565	0.02359	0.03295	0.58458	0.06550	0.13979	0.01784	0.01004	0.00270	0.00405	0.01566	0.00921	0.00794
2	0.02510	0.02929	0.02455	0.02819	0.19398	0.37159	0.01760	0.02814	0.02156	0.02289	0.02246	0.02535	0.08024	0.01381	0.05601	0.00319	0.01327	0.00766	0.00473	0.01040
3	0.02354	0.64773	0.04280	0.01521	0.02223	0.08915	0.01473	0.02623	0.01789	0.02009	0.01195	0.01380	0.01092	0.00741	0.00565	0.00185	0.00965	0.00463	0.00371	0.01083
4	0.01834	0.01651	0.01903	0.01627	0.01958	0.06338	0.01298	0.08367	0.01900	0.02648	0.05608	0.06217	0.05465	0.02249	0.13869	0.00472	0.17726	0.00899	0.00549	0.17424
5	0.01238	0.00825	0.00928	0.00928	0.00928	0.00825	0.00516	0.01238	0.01238	0.01650	0.02681	0.05569	0.03094	0.70092	0.04331	0.00825	0.00825	0.01238	0.00516	0.00516
6	0.23034	0.10703	0.02319	0.01818	0.02312	0.42003	0.01426	0.03060	0.02073	0.02549	0.01265	0.01474	0.01048	0.00837	0.00677	0.00227	0.01226	0.00514	0.00454	0.00980
7	0.02703	0.03013	0.02606	0.02361	0.05990	0.35053	0.08060	0.09639	0.10574	0.02782	0.02018	0.02626	0.01701	0.01035	0.00855	0.00257	0.01251	0.05807	0.00569	0.01103
8	0.02051	0.01180	0.01358	0.01168	0.01554	0.01087	0.00895	0.08528	0.02186	0.19784	0.05542	0.05671	0.30985	0.12421	0.01471	0.00362	0.00627	0.01341	0.00826	0.00964

[dist]
# distance from previous block
# <min> <max>
0	1

[block]
# block no. 5 follows, 21 sequences, length 7
# corresponding to MSA columns:
# 236-242
name=unknown_F
#
# <colnr> <probs for GDERKNQSTAVLIFYWHMCP>
#	G	D	E	R	K	N	Q	S	T	A	V	L	I	F	Y	W	H	M	C	P
0	0.01812	0.01376	0.01561	0.01382	0.01766	0.01357	0.01053	0.19955	0.02425	0.03258	0.04034	0.29267	0.12982	0.01784	0.00935	0.00277	0.00640	0.01534	0.00767	0.11834
1	0.06014	0.02404	0.08122	0.16906	0.32396	0.11445	0.05479	0.02646	0.01926	0.02601	0.01520	0.02002	0.01221	0.00798	0.00822	0.00258	0.01136	0.00714	0.00416	0.01174
2	0.08192	0.02730	0.11235	0.07709	0.18700	0.21304	0.01975	0.02671	0.02072	0.02689	0.10636	0.02466	0.02161	0.00954	0.00814	0.00250	0.01095	0.00767	0.00498	0.01082
3	0.30437	0.15020	0.02972	0.02528	0.16396	0.06008	0.10329	0.02620	0.01749	0.02981	0.01364	0.01684	0.01114	0.00766	0.00685	0.00246	0.00950	0.00611	0.00453	0.01087
4	0.07192	0.09814	0.02116	0.01937	0.10953	0.06928	0.01327	0.02377	0.09029	0.02799	0.17230	0.03837	0.10472	0.01658	0.05871	0.00343	0.03462	0.01023	0.00640	0.00995
5	0.02538	0.06369	0.12360	0.02654	0.15446	0.27579	0.01940	0.03028	0.04852	0.06966	0.01750	0.02162	0.01437	0.06069	0.01058	0.00284	0.01202	0.00693	0.00489	0.01123
6	0.02109	0.15123	0.10184	0.02126	0.08505	0.08702	0.04009	0.11045	0.02188	0.02778	0.02516	0.03802	0.05174	0.06225	0.01106	0.00309	0.00997	0.11479	0.00560	0.01063

[dist]
# distance from previous block
# <min> <max>
3	12

[block]
# block no. 6 follows, 21 sequences, length 17
# corresponding to MSA columns:
# 255-271
name=unknown_G
#
# <colnr> <probs for GDERKNQSTAVLIFYWHMCP>
#	G	D	E	R	K	N	Q	S	T	A	V	L	I	F	Y	W	H	M	C	P
0	0.25090	0.05128	0.08502	0.06213	0.02860	0.05330	0.15472	0.02695	0.05296	0.06542	0.01931	0.07857	0.01629	0.00981	0.00786	0.00273	0.00973	0.00849	0.00540	0.01052
1	0.01799	0.06023	0.02561	0.06401	0.24321	0.04253	0.01824	0.02169	0.01656	0.02332	0.01745	0.02437	0.01552	0.02633	0.21637	0.00611	0.11038	0.00778	0.03197	0.01033
2	0.02922	0.02227	0.14023	0.01801	0.02531	0.01792	0.01681	0.11972	0.17487	0.30073	0.02857	0.02640	0.01943	0.01028	0.00849	0.00270	0.00841	0.00827	0.00849	0.01387
3	0.01220	0.00818	0.00933	0.00950	0.00955	0.00814	0.00539	0.01233	0.01271	0.01695	0.02855	0.11083	0.03312	0.64280	0.04052	0.00784	0.00796	0.01339	0.00539	0.00531
4	0.01220	0.00895	0.01285	0.01285	0.01408	0.01019	0.00961	0.01467	0.01343	0.01914	0.02355	0.03762	0.02309	0.18363	0.54988	0.01266	0.02006	0.00973	0.00467	0.00714
5	0.02209	0.01874	0.01976	0.01751	0.02248	0.02160	0.01369	0.09270	0.58348	0.03709	0.03346	0.03081	0.02503	0.01144	0.00865	0.00286	0.00695	0.00946	0.00865	0.01355
6	0.24386	0.02918	0.02054	0.01806	0.02310	0.32845	0.01405	0.11995	0.07399	0.03203	0.01564	0.01702	0.01222	0.00896	0.00718	0.00243	0.01118	0.00590	0.00561	0.01066
7	0.01783	0.03340	0.38829	0.13279	0.09524	0.02000	0.13984	0.02611	0.01834	0.02626	0.01568	0.01992	0.01151	0.00794	0.00855	0.00274	0.01250	0.00731	0.00381	0.01195
8	0.01035	0.00845	0.00920	0.00973	0.01206	0.00729	0.00722	0.01248	0.01877	0.02289	0.07553	0.20857	0.48590	0.02272	0.01033	0.00306	0.00466	0.05570	0.00790	0.00717
9	0.01006	0.00862	0.00862	0.00862	0.01149	0.00718	0.00647	0.01221	0.01940	0.02299	0.08621	0.08190	0.64438	0.02155	0.01006	0.00287	0.00431	0.01796	0.00790	0.00718
10	0.02121	0.02190	0.08467	0.22403	0.19295	0.02121	0.13707	0.13671	0.02259	0.03072	0.01675	0.02152	0.01271	0.00831	0.00875	0.00270	0.01135	0.00796	0.00486	0.01203
11	0.02587	0.47661	0.03753	0.01710	0.02338	0.25193	0.01521	0.02841	0.01964	0.02030	0.01229	0.01424	0.01094	0.00779	0.00622	0.00195	0.01125	0.00487	0.00390	0.01056
12	0.02245	0.01892	0.01996	0.01758	0.02262	0.02176	0.01378	0.11087	0.56473	0.03766	0.03301	0.03046	0.02466	0.01139	0.00864	0.00285	0.00704	0.00940	0.00864	0.01358
13	0.01891	0.01588	0.01833	0.01321	0.02070	0.01264	0.01061	0.07298	0.01957	0.02996	0.01558	0.01789	0.01277	0.00664	0.00649	0.00137	0.00657	0.00527	0.00534	0.68929
14	0.01006	0.00862	0.00862	0.00862	0.01149	0.00718	0.00647	0.01221	0.01940	0.02299	0.08621	0.08190	0.64438	0.02155	0.01006	0.00287	0.00431	0.01796	0.00790	0.00718
15	0.01351	0.01085	0.01216	0.01146	0.01429	0.01078	0.00861	0.02129	0.16168	0.02983	0.28645	0.06185	0.25046	0.05507	0.01156	0.00310	0.00497	0.01474	0.00849	0.00884
16	0.02189	0.04476	0.02393	0.05997	0.17654	0.08654	0.01652	0.16774	0.02574	0.03413	0.18867	0.03228	0.03187	0.01342	0.03619	0.00299	0.00937	0.00947	0.00666	0.01129

[dist]
# distance from previous block
# <min> <max>
2	18

[block]
# block no. 7 follows, 21 sequences, length 111
# corresponding to MSA columns:
# 290-400
name=unknown_H
#
# <colnr> <probs for GDERKNQSTAVLIFYWHMCP>
#	G	D	E	R	K	N	Q	S	T	A	V	L	I	F	Y	W	H	M	C	P
0	0.02448	0.02904	0.06173	0.03416	0.26768	0.27785	0.05539	0.02849	0.02060	0.02414	0.01501	0.01927	0.01260	0.01143	0.04431	0.00308	0.04826	0.00689	0.00425	0.01135
1	0.02326	0.02595	0.02277	0.13369	0.12561	0.31183	0.01701	0.02652	0.02075	0.02321	0.05005	0.06311	0.01936	0.04680	0.01003	0.00276	0.01163	0.00828	0.04765	0.00973
2	0.01015	0.00825	0.00901	0.00962	0.01176	0.00710	0.00691	0.01210	0.01844	0.02260	0.07406	0.27151	0.46261	0.02313	0.01031	0.00305	0.00450	0.01989	0.00790	0.00710
3	0.01037	0.00741	0.00987	0.01185	0.01234	0.00691	0.00790	0.01185	0.01629	0.02172	0.04690	0.69537	0.05629	0.02666	0.01086	0.00346	0.00494	0.02419	0.00790	0.00691
4	0.01236	0.00830	0.00951	0.00951	0.00960	0.00838	0.00545	0.01253	0.01244	0.01667	0.02660	0.05451	0.03043	0.66714	0.07639	0.00854	0.00902	0.01220	0.00512	0.00529
5	0.02076	0.02107	0.03939	0.04718	0.46135	0.02062	0.20873	0.02647	0.01960	0.02763	0.01638	0.02165	0.01330	0.00746	0.00893	0.00263	0.01142	0.00834	0.00424	0.01286
6	0.76103	0.01646	0.01251	0.01119	0.01646	0.01909	0.00922	0.02502	0.01448	0.03818	0.01185	0.01382	0.00922	0.00790	0.00527	0.00263	0.00658	0.00461	0.00527	0.00922
7	0.02117	0.01828	0.01924	0.01732	0.02213	0.02117	0.01347	0.04522	0.63246	0.03560	0.03464	0.03175	0.02598	0.01155	0.00866	0.00289	0.00673	0.00962	0.00866	0.01347
8	0.10757	0.01467	0.01905	0.01476	0.02122	0.01314	0.01219	0.03989	0.02341	0.59464	0.03149	0.02751	0.01993	0.01028	0.00824	0.00263	0.00718	0.00818	0.01003	0.01398
9	0.01862	0.01862	0.02607	0.02234	0.02234	0.02607	0.01862	0.02048	0.01303	0.02048	0.01117	0.01862	0.01117	0.01489	0.02793	0.00372	0.68535	0.00745	0.00372	0.00931
10	0.02264	0.01706	0.01881	0.01552	0.02024	0.01827	0.01241	0.30834	0.10155	0.04258	0.22092	0.04097	0.09661	0.01368	0.00915	0.00266	0.00692	0.01127	0.00874	0.01167
11	0.01199	0.00902	0.01130	0.01164	0.01388	0.00833	0.00933	0.01543	0.02134	0.02823	0.29714	0.07890	0.23391	0.02049	0.01057	0.00312	0.00528	0.19391	0.00847	0.00773
12	0.01257	0.00902	0.01190	0.01344	0.01473	0.00884	0.01014	0.04601	0.01858	0.02458	0.04492	0.47415	0.05180	0.02481	0.01101	0.00355	0.00607	0.19837	0.00791	0.00760
13	0.20005	0.01177	0.04736	0.01239	0.01477	0.01071	0.00957	0.01603	0.01593	0.02617	0.03626	0.48495	0.04183	0.02087	0.00929	0.00321	0.00579	0.01824	0.00699	0.00782
14	0.02022	0.02525	0.16616	0.04632	0.51861	0.02012	0.02724	0.02629	0.01908	0.02762	0.01585	0.02041	0.01291	0.00769	0.00835	0.00256	0.01063	0.00731	0.00408	0.01329
15	0.02434	0.03138	0.17479	0.05715	0.07764	0.22830	0.02018	0.03431	0.17411	0.06387	0.02056	0.02170	0.01549	0.00930	0.00817	0.00257	0.01144	0.00716	0.00558	0.01195
16	0.02167	0.02138	0.03395	0.05051	0.61247	0.05701	0.02557	0.02656	0.01965	0.02741	0.01585	0.02074	0.01334	0.00765	0.00838	0.00251	0.01041	0.00746	0.00422	0.01327
17	0.01631	0.01576	0.01862	0.01709	0.01933	0.11597	0.04802	0.01935	0.01564	0.02043	0.01987	0.02859	0.01822	0.04728	0.46537	0.01031	0.08259	0.00844	0.00444	0.00834
18	0.01288	0.00963	0.01195	0.01159	0.01336	0.01007	0.00847	0.04931	0.01631	0.02170	0.03959	0.05069	0.17932	0.21905	0.29854	0.00888	0.01352	0.01211	0.00579	0.00725
19	0.01037	0.00741	0.00987	0.01185	0.01234	0.00691	0.00790	0.01185	0.01629	0.02172	0.04690	0.69537	0.05629	0.02666	0.01086	0.00346	0.00494	0.02419	0.00790	0.00691
20	0.02128	0.15172	0.39252	0.02349	0.06386	0.12186	0.02525	0.05836	0.02001	0.02628	0.01468	0.01713	0.01116	0.00814	0.00762	0.00246	0.01213	0.00601	0.00401	0.01203
21	0.01121	0.00857	0.01029	0.01006	0.01226	0.00764	0.00747	0.01438	0.02183	0.02923	0.40044	0.11930	0.27727	0.01958	0.01011	0.00281	0.00419	0.01698	0.00874	0.00764
22	0.01102	0.00791	0.01046	0.01141	0.01249	0.00734	0.00795	0.01348	0.01931	0.02652	0.27777	0.45082	0.06558	0.02308	0.01054	0.00315	0.00458	0.02079	0.00847	0.00734
23	0.11128	0.02000	0.07699	0.01698	0.02275	0.01983	0.01450	0.04071	0.43459	0.10372	0.03001	0.02803	0.02203	0.01068	0.00819	0.00281	0.00731	0.00860	0.00800	0.01299
24	0.01586	0.00793	0.00793	0.00793	0.00991	0.00793	0.00595	0.01983	0.01785	0.03173	0.02776	0.03173	0.02181	0.00991	0.00595	0.00198	0.00397	0.00793	0.74817	0.00793
25	0.02164	0.01795	0.01917	0.01696	0.02200	0.02026	0.01324	0.04370	0.57285	0.05971	0.03347	0.03083	0.02501	0.01120	0.00852	0.00278	0.00673	0.00932	0.00853	0.05615
26	0.01988	0.01996	0.03681	0.16573	0.38537	0.02030	0.17464	0.02559	0.01911	0.02653	0.01615	0.02184	0.01294	0.00765	0.00885	0.00267	0.01141	0.00820	0.00415	0.01222
27	0.02300	0.02052	0.02019	0.01788	0.02284	0.07198	0.01395	0.09608	0.53165	0.03607	0.03168	0.02945	0.02377	0.01121	0.00857	0.00280	0.00764	0.00912	0.00831	0.01328
28	0.01586	0.00793	0.00793	0.00793	0.00991	0.00793	0.00595	0.01983	0.01785	0.03173	0.02776	0.03173	0.02181	0.00991	0.00595	0.00198	0.00397	0.00793	0.74817	0.00793
29	0.01046	0.00748	0.00996	0.01178	0.01236	0.00698	0.00791	0.01209	0.01674	0.02244	0.08130	0.65894	0.05767	0.02613	0.01081	0.00341	0.00488	0.02369	0.00798	0.00698
30	0.01046	0.00747	0.00995	0.01179	0.01236	0.00697	0.00791	0.01207	0.01671	0.02238	0.07853	0.66187	0.05756	0.02617	0.01082	0.00341	0.00489	0.02373	0.00798	0.00697
31	0.01235	0.00899	0.01306	0.01306	0.01448	0.01032	0.00999	0.01520	0.01377	0.02007	0.02334	0.03509	0.02205	0.11095	0.58716	0.01270	0.02077	0.00932	0.03989	0.00742
32	0.10037	0.63355	0.04122	0.01421	0.02128	0.03214	0.01400	0.02543	0.01700	0.02193	0.01183	0.01367	0.01074	0.00735	0.00544	0.00191	0.00884	0.00456	0.00381	0.01074
33	0.02055	0.02010	0.03507	0.08610	0.52204	0.02058	0.08231	0.02567	0.01897	0.02701	0.01582	0.02121	0.01318	0.00799	0.00962	0.00264	0.04637	0.00781	0.00417	0.01283
34	0.11560	0.07162	0.02400	0.02007	0.02494	0.49675	0.01548	0.08869	0.02417	0.02594	0.01363	0.01557	0.01110	0.00873	0.00736	0.00226	0.01343	0.00554	0.00484	0.01029
35	0.20947	0.28258	0.02938	0.01651	0.02129	0.12749	0.01437	0.02564	0.01675	0.02482	0.01190	0.01501	0.01055	0.00928	0.01051	0.00249	0.15247	0.00532	0.00418	0.00999
36	0.02804	0.03354	0.03000	0.02680	0.07796	0.42496	0.12973	0.06253	0.02321	0.02430	0.01441	0.01767	0.01172	0.00880	0.00937	0.00245	0.05256	0.00673	0.00454	0.01066
37	0.01130	0.00863	0.01015	0.00979	0.01198	0.00772	0.00720	0.01429	0.02136	0.02845	0.38023	0.07003	0.29417	0.07231	0.01264	0.00319	0.00446	0.01615	0.00847	0.00748
38	0.01171	0.00908	0.01180	0.06373	0.01693	0.00873	0.01001	0.01462	0.01912	0.02473	0.14227	0.23903	0.22659	0.02171	0.01052	0.00323	0.00576	0.14512	0.00778	0.00756
39	0.02106	0.02022	0.03454	0.05223	0.64784	0.02022	0.02612	0.02612	0.01938	0.02780	0.01601	0.02106	0.01348	0.00758	0.00842	0.00253	0.01011	0.00758	0.00421	0.01348
40	0.01992	0.02053	0.06601	0.16836	0.50497	0.01995	0.02594	0.02534	0.01886	0.02662	0.01580	0.02120	0.01294	0.00778	0.00842	0.00259	0.01047	0.00751	0.00410	0.01268
41	0.02409	0.01831	0.03235	0.06936	0.19576	0.01790	0.19224	0.03031	0.05637	0.18371	0.02233	0.02528	0.01643	0.01287	0.06032	0.00356	0.01148	0.00878	0.00608	0.01246
42	0.02190	0.02181	0.03373	0.04987	0.59937	0.07064	0.02536	0.02673	0.01975	0.02726	0.01578	0.02062	0.01328	0.00768	0.00837	0.00250	0.01052	0.00742	0.00423	0.01320
43	0.01959	0.02183	0.04662	0.03573	0.08964	0.02056	0.53497	0.02626	0.01981	0.02698	0.01887	0.06243	0.01551	0.00835	0.00997	0.00288	0.01346	0.01068	0.00451	0.01136
44	0.76103	0.01646	0.01251	0.01119	0.01646	0.01909	0.00922	0.02502	0.01448	0.03818	0.01185	0.01382	0.00922	0.00790	0.00527	0.00263	0.00658	0.00461	0.00527	0.00922
45	0.01927	0.02298	0.15513	0.09077	0.06079	0.01988	0.01871	0.03632	0.37309	0.03182	0.05994	0.02902	0.02346	0.01060	0.00858	0.00281	0.00849	0.00890	0.00688	0.01256
46	0.02127	0.35370	0.30386	0.01947	0.02871	0.09402	0.02197	0.02700	0.01829	0.02306	0.01344	0.01567	0.01087	0.00778	0.00681	0.00223	0.01124	0.00539	0.00370	0.01152
47	0.01037	0.00741	0.00987	0.01185	0.01234	0.00691	0.00790	0.01185	0.01629	0.02172	0.04690	0.69537	0.05629	0.02666	0.01086	0.00346	0.00494	0.02419	0.00790	0.00691
48	0.02128	0.01570	0.01773	0.01577	0.01945	0.01680	0.01208	0.30092	0.05676	0.03748	0.03380	0.34454	0.03506	0.01816	0.00965	0.00300	0.00712	0.01568	0.00823	0.01080
