[name]
unknown

[dist]
# distance from previous block
# <min> <max>
2	59

[block]
# block no. 0 follows, 21 sequences, length 7
# corresponding to MSA columns:
# 75-81
name=unknown_A
#
# <colnr> <probs for GDERKNQSTAVLIFYWHMCP>
#	G	D	E	R	K	N	Q	S	T	A	V	L	I	F	Y	W	H	M	C	P
0	0.01359	0.01076	0.01466	0.01807	0.10818	0.01077	0.01090	0.01815	0.08605	0.02452	0.08743	0.38294	0.04509	0.11083	0.01449	0.00383	0.00628	0.01778	0.00719	0.00849
1	0.17463	0.01072	0.01070	0.01087	0.01369	0.01081	0.00807	0.01752	0.06617	0.02691	0.05373	0.25311	0.27462	0.01936	0.00915	0.00300	0.00519	0.01632	0.00739	0.00804
2	0.05477	0.01365	0.01510	0.01335	0.01725	0.01371	0.01027	0.15161	0.07436	0.03325	0.11728	0.19181	0.14423	0.01646	0.00912	0.00272	0.00608	0.01397	0.00783	0.09318
3	0.27368	0.01185	0.01143	0.01107	0.01409	0.01258	0.00826	0.01963	0.06304	0.02979	0.11751	0.15319	0.13198	0.09261	0.01215	0.00347	0.00580	0.01276	0.00693	0.00821
4	0.01920	0.01202	0.01441	0.01289	0.01648	0.01172	0.00994	0.05689	0.12043	0.15381	0.23467	0.12332	0.14648	0.01645	0.00954	0.00281	0.00552	0.01413	0.00903	0.01025
5	0.01433	0.00943	0.01150	0.01165	0.01348	0.00891	0.00822	0.05336	0.01909	0.07463	0.09715	0.36532	0.14504	0.10949	0.01451	0.00379	0.00565	0.01864	0.00792	0.00791
6	0.01966	0.01121	0.01453	0.01304	0.01598	0.01130	0.00988	0.02464	0.08499	0.18219	0.14404	0.04204	0.03466	0.15773	0.18868	0.00665	0.01086	0.01083	0.00751	0.00957

[dist]
# distance from previous block
# <min> <max>
0	1

[block]
# block no. 1 follows, 21 sequences, length 12
# corresponding to MSA columns:
# 83-94
name=unknown_B
#
# <colnr> <probs for GDERKNQSTAVLIFYWHMCP>
#	G	D	E	R	K	N	Q	S	T	A	V	L	I	F	Y	W	H	M	C	P
0	0.01304	0.01156	0.01111	0.01114	0.01328	0.06796	0.00780	0.01474	0.01761	0.02162	0.05329	0.24311	0.26992	0.13820	0.01557	0.00380	0.00631	0.01679	0.00692	0.05623
1	0.08260	0.01682	0.12381	0.01469	0.01892	0.01320	0.01328	0.04883	0.07502	0.02680	0.03693	0.22468	0.11232	0.02527	0.12282	0.00484	0.00979	0.01371	0.00644	0.00923
2	0.11852	0.09487	0.02206	0.04986	0.10094	0.12075	0.01408	0.02621	0.10023	0.02680	0.02467	0.13106	0.04551	0.01187	0.00786	0.00252	0.00855	0.00966	0.00571	0.07827
3	0.30908	0.01866	0.07944	0.08355	0.18844	0.01767	0.01687	0.02376	0.01787	0.03226	0.11454	0.02488	0.02205	0.00941	0.00742	0.00264	0.00809	0.00754	0.00535	0.01049
4	0.05515	0.08565	0.02478	0.08798	0.02735	0.19774	0.06123	0.06677	0.08975	0.02602	0.01986	0.02631	0.01691	0.01919	0.12196	0.00448	0.01339	0.04000	0.00527	0.01022
5	0.01920	0.02018	0.02179	0.08023	0.02481	0.18076	0.06051	0.02205	0.01687	0.02055	0.01773	0.02706	0.01649	0.10285	0.21339	0.00668	0.12762	0.00821	0.00435	0.00866
6	0.08302	0.01333	0.03860	0.12553	0.05160	0.01353	0.01333	0.01763	0.01613	0.02350	0.03240	0.14093	0.12890	0.01959	0.05622	0.07221	0.07122	0.01162	0.00544	0.06526
7	0.01853	0.01051	0.01078	0.00982	0.01258	0.01092	0.00760	0.11684	0.02143	0.03527	0.02658	0.02990	0.02062	0.00996	0.00636	0.00208	0.00484	0.00789	0.62850	0.00899
8	0.12592	0.01933	0.04345	0.01546	0.02034	0.07756	0.01251	0.16907	0.06603	0.14308	0.07051	0.03062	0.02311	0.12970	0.01412	0.00357	0.00852	0.00869	0.00734	0.01108
9	0.02070	0.01324	0.01398	0.01201	0.01524	0.01408	0.00919	0.21643	0.02422	0.03633	0.02518	0.03214	0.02097	0.12938	0.01325	0.00325	0.00649	0.00861	0.37572	0.00961
10	0.01238	0.00825	0.00928	0.00928	0.00928	0.00825	0.00516	0.01238	0.01238	0.01650	0.02681	0.05569	0.03094	0.70092	0.04331	0.00825	0.00825	0.01238	0.00516	0.00516
11	0.01567	0.01089	0.01277	0.01196	0.01414	0.01114	0.00859	0.07243	0.06124	0.05975	0.06310	0.09960	0.13641	0.25306	0.12559	0.00639	0.00940	0.01301	0.00677	0.00810

[dist]
# distance from previous block
# <min> <max>
5	53

[block]
# block no. 2 follows, 21 sequences, length 39
# corresponding to MSA columns:
# 151-189
name=unknown_C
#
# <colnr> <probs for GDERKNQSTAVLIFYWHMCP>
#	G	D	E	R	K	N	Q	S	T	A	V	L	I	F	Y	W	H	M	C	P
0	0.08683	0.02085	0.10510	0.03061	0.25201	0.01800	0.05025	0.02997	0.09686	0.12282	0.05135	0.02846	0.02037	0.00986	0.00848	0.00271	0.00908	0.03773	0.00616	0.01250
1	0.15728	0.11053	0.05466	0.01607	0.02180	0.05692	0.04112	0.03203	0.15176	0.14657	0.10337	0.02765	0.02484	0.01035	0.00776	0.00257	0.00792	0.00820	0.00711	0.01149
2	0.01844	0.01793	0.05562	0.22820	0.25456	0.01793	0.02126	0.05760	0.01883	0.02631	0.01684	0.02279	0.01379	0.01590	0.10176	0.00409	0.01198	0.00749	0.00444	0.08423
3	0.02431	0.01724	0.01885	0.01679	0.04687	0.06893	0.01260	0.08474	0.13942	0.17657	0.05702	0.06084	0.07644	0.01447	0.04182	0.00306	0.00831	0.00969	0.00776	0.11431
4	0.01623	0.01327	0.01762	0.01545	0.01709	0.07060	0.08503	0.01639	0.01411	0.01814	0.01891	0.03318	0.01914	0.21155	0.09671	0.27655	0.04031	0.00910	0.00433	0.00629
5	0.01735	0.01662	0.02872	0.51268	0.18454	0.01932	0.05432	0.02296	0.01768	0.02333	0.01542	0.02235	0.01188	0.00824	0.00857	0.00277	0.01123	0.00769	0.00390	0.01042
6	0.01108	0.00832	0.01026	0.01049	0.01230	0.00751	0.00759	0.01392	0.02075	0.02788	0.33737	0.24165	0.21776	0.02100	0.01027	0.00294	0.00434	0.01846	0.00859	0.00751
7	0.01259	0.00920	0.01227	0.01208	0.01282	0.01032	0.00851	0.01416	0.01304	0.01829	0.02406	0.04297	0.02523	0.35606	0.34605	0.01066	0.04979	0.01054	0.00479	0.00656
8	0.01204	0.00870	0.01138	0.01071	0.01271	0.00803	0.00803	0.01606	0.02409	0.03413	0.64335	0.06357	0.08030	0.01740	0.01004	0.00268	0.00401	0.01539	0.00937	0.00803
9	0.03235	0.02384	0.02554	0.01958	0.02639	0.02639	0.01618	0.61946	0.04001	0.05363	0.02043	0.02043	0.01447	0.01022	0.00851	0.00255	0.00936	0.00766	0.00851	0.01447
10	0.01950	0.01862	0.03171	0.24942	0.46290	0.01981	0.02534	0.02474	0.01864	0.02590	0.01573	0.02157	0.01281	0.00787	0.00845	0.00262	0.01050	0.00758	0.00408	0.01222
11	0.01765	0.01513	0.01765	0.01260	0.02017	0.01134	0.01008	0.02143	0.01765	0.02773	0.01513	0.01765	0.01260	0.00630	0.00630	0.00126	0.00630	0.00504	0.00504	0.75295
12	0.03818	0.01448	0.01975	0.01514	0.02172	0.01251	0.01251	0.04147	0.02436	0.65373	0.03357	0.02897	0.02107	0.01053	0.00856	0.00263	0.00724	0.00856	0.01053	0.01448
13	0.02009	0.02296	0.05022	0.03587	0.04448	0.02152	0.61693	0.02726	0.02009	0.02726	0.01722	0.02296	0.01291	0.00717	0.01004	0.00287	0.01435	0.01004	0.00430	0.01148
14	0.02106	0.02022	0.03454	0.05223	0.64784	0.02022	0.02612	0.02612	0.01938	0.02780	0.01601	0.02106	0.01348	0.00758	0.00842	0.00253	0.01011	0.00758	0.00421	0.01348
15	0.02106	0.02022	0.03454	0.05223	0.64784	0.02022	0.02612	0.02612	0.01938	0.02780	0.01601	0.02106	0.01348	0.00758	0.00842	0.00253	0.01011	0.00758	0.00421	0.01348
16	0.03218	0.01995	0.02271	0.01759	0.02392	0.02098	0.01446	0.40819	0.03433	0.21663	0.07838	0.02654	0.02202	0.01093	0.00866	0.00259	0.00832	0.00858	0.00914	0.01391
17	0.03179	0.04056	0.02412	0.02192	0.02631	0.66676	0.01644	0.03398	0.02412	0.02083	0.01315	0.01535	0.01096	0.00877	0.00767	0.00219	0.01535	0.00548	0.00438	0.00987
18	0.02009	0.02296	0.05022	0.03587	0.04448	0.02152	0.61693	0.02726	0.02009	0.02726	0.01722	0.02296	0.01291	0.00717	0.01004	0.00287	0.01435	0.01004	0.00430	0.01148
19	0.01095	0.01060	0.06631	0.01293	0.01448	0.00803	0.00995	0.01317	0.01644	0.02218	0.04414	0.63627	0.05232	0.02504	0.01062	0.00339	0.00560	0.02263	0.00752	0.00741
20	0.02077	0.01992	0.03401	0.08905	0.61331	0.02014	0.02597	0.02586	0.01924	0.02745	0.01596	0.02116	0.01335	0.00764	0.00843	0.00255	0.01018	0.00758	0.00419	0.01324
21	0.08628	0.01840	0.01897	0.01690	0.02185	0.02125	0.01324	0.07253	0.54856	0.03674	0.03193	0.02961	0.02393	0.01116	0.00836	0.00285	0.00685	0.00908	0.00836	0.01315
22	0.02106	0.02022	0.03454	0.05223	0.64784	0.02022	0.02612	0.02612	0.01938	0.02780	0.01601	0.02106	0.01348	0.00758	0.00842	0.00253	0.01011	0.00758	0.00421	0.01348
23	0.01024	0.00863	0.00887	0.00881	0.01161	0.00726	0.00661	0.01256	0.01982	0.02400	0.13678	0.08024	0.59318	0.02118	0.01006	0.00286	0.00428	0.01773	0.00804	0.00726
24	0.01060	0.00864	0.00938	0.00919	0.01183	0.00742	0.00689	0.01327	0.02068	0.02605	0.23912	0.07687	0.48956	0.02041	0.01005	0.00282	0.00423	0.01726	0.00830	0.00742
25	0.01078	0.00865	0.00962	0.00938	0.01194	0.00749	0.00703	0.01360	0.02109	0.02702	0.28773	0.07527	0.44035	0.02005	0.01005	0.00280	0.00420	0.01703	0.00843	0.00749
26	0.03179	0.04056	0.02412	0.02192	0.02631	0.66676	0.01644	0.03398	0.02412	0.02083	0.01315	0.01535	0.01096	0.00877	0.00767	0.00219	0.01535	0.00548	0.00438	0.00987
27	0.02106	0.02022	0.03454	0.05223	0.64784	0.02022	0.02612	0.02612	0.01938	0.02780	0.01601	0.02106	0.01348	0.00758	0.00842	0.00253	0.01011	0.00758	0.00421	0.01348
28	0.01830	0.01740	0.02955	0.39993	0.32173	0.01949	0.02474	0.02370	0.01807	0.02445	0.01552	0.02196	0.01230	0.00809	0.00847	0.00270	0.01079	0.00757	0.00397	0.01125
29	0.02106	0.02022	0.03454	0.05223	0.64784	0.02022	0.02612	0.02612	0.01938	0.02780	0.01601	0.02106	0.01348	0.00758	0.00842	0.00253	0.01011	0.00758	0.00421	0.01348
30	0.02063	0.01978	0.03376	0.10704	0.59643	0.02011	0.02590	0.02574	0.01917	0.02727	0.01593	0.02120	0.01329	0.00766	0.00843	0.00255	0.01022	0.00758	0.00417	0.01313
31	0.01707	0.04402	0.65683	0.02426	0.03683	0.01976	0.03144	0.02695	0.01797	0.02695	0.01527	0.01797	0.01078	0.00809	0.00809	0.00270	0.01258	0.00629	0.00359	0.01258
32	0.01707	0.04402	0.65683	0.02426	0.03683	0.01976	0.03144	0.02695	0.01797	0.02695	0.01527	0.01797	0.01078	0.00809	0.00809	0.00270	0.01258	0.00629	0.00359	0.01258
33	0.03026	0.03765	0.02561	0.02625	0.11512	0.57437	0.01783	0.03286	0.02344	0.02182	0.01356	0.01616	0.01132	0.00860	0.00778	0.00224	0.01460	0.00578	0.00436	0.01038
34	0.01863	0.02577	0.31093	0.01832	0.02563	0.01405	0.01992	0.02456	0.01903	0.13622	0.05761	0.20214	0.02976	0.01463	0.00918	0.00295	0.00899	0.04427	0.00644	0.01097
35	0.01974	0.01887	0.03215	0.21907	0.49136	0.01987	0.02546	0.02496	0.01875	0.02619	0.01577	0.02149	0.01291	0.00783	0.00845	0.00261	0.01044	0.00758	0.00410	0.01241
36	0.02798	0.02976	0.02702	0.08709	0.17619	0.31361	0.01931	0.16148	0.02591	0.02987	0.01563	0.01848	0.01237	0.00879	0.00811	0.00241	0.01242	0.00665	0.00521	0.01171
37	0.02353	0.02251	0.03241	0.04517	0.50937	0.07859	0.02393	0.10620	0.02256	0.03064	0.01635	0.02047	0.01339	0.00804	0.00837	0.00250	0.01048	0.00741	0.00480	0.01329
38	0.02004	0.01287	0.01616	0.01368	0.01807	0.01200	0.04533	0.10583	0.02327	0.16320	0.05741	0.09314	0.32344	0.01711	0.00964	0.00286	0.00645	0.04110	0.00834	0.01005

[dist]
# distance from previous block
# <min> <max>
0	1

[block]
# block no. 3 follows, 21 sequences, length 27
# corresponding to MSA columns:
# 191-217
name=unknown_D
#
# <colnr> <probs for GDERKNQSTAVLIFYWHMCP>
#	G	D	E	R	K	N	Q	S	T	A	V	L	I	F	Y	W	H	M	C	P
0	0.01869	0.01706	0.02552	0.23399	0.23573	0.04450	0.02039	0.07004	0.01911	0.02575	0.01762	0.02429	0.01469	0.02181	0.16865	0.00532	0.01373	0.00787	0.00452	0.01073
1	0.15530	0.01992	0.02699	0.06550	0.36344	0.05731	0.02047	0.07673	0.02047	0.03103	0.01792	0.02585	0.01559	0.00934	0.00811	0.00266	0.00958	0.05680	0.00507	0.01192
2	0.02515	0.08690	0.05803	0.01791	0.02257	0.33455	0.01462	0.05348	0.02387	0.05909	0.18664	0.02945	0.03056	0.01111	0.00824	0.00236	0.01088	0.00841	0.00613	0.01005
3	0.01938	0.31320	0.40789	0.02031	0.03074	0.02542	0.02458	0.02635	0.01769	0.02413	0.01387	0.01621	0.01084	0.00776	0.00702	0.00234	0.01116	0.00558	0.00361	0.01190
4	0.01233	0.00844	0.01026	0.01026	0.01060	0.00878	0.00638	0.01300	0.01267	0.01723	0.02592	0.05074	0.02879	0.55909	0.18220	0.00946	0.01149	0.01165	0.00502	0.00570
5	0.02106	0.02022	0.03454	0.05223	0.64784	0.02022	0.02612	0.02612	0.01938	0.02780	0.01601	0.02106	0.01348	0.00758	0.00842	0.00253	0.01011	0.00758	0.00421	0.01348
6	0.02916	0.02241	0.02307	0.01840	0.02409	0.06092	0.01478	0.49444	0.03529	0.04661	0.02268	0.08013	0.01890	0.05579	0.01089	0.00297	0.00926	0.00925	0.00800	0.01296
7	0.03139	0.02336	0.02500	0.01939	0.02603	0.02594	0.01594	0.57034	0.09069	0.05209	0.02165	0.02140	0.01546	0.01033	0.00853	0.00258	0.00914	0.00783	0.00853	0.01439
8	0.03167	0.02104	0.02350	0.01791	0.02477	0.02198	0.01475	0.43923	0.03439	0.16272	0.02225	0.02169	0.01548	0.00980	0.00825	0.00241	0.00860	0.00751	0.00847	0.10358
9	0.02176	0.02257	0.03717	0.04596	0.45901	0.07582	0.15813	0.02705	0.01994	0.02708	0.01604	0.02100	0.01314	0.00759	0.00872	0.00258	0.01151	0.00796	0.00425	0.01272
10	0.01216	0.00912	0.01368	0.01368	0.01520	0.01064	0.01064	0.01520	0.01368	0.01976	0.02279	0.03343	0.02127	0.06382	0.66720	0.01368	0.02279	0.00912	0.00456	0.00760
11	0.02106	0.02022	0.03454	0.05223	0.64784	0.02022	0.02612	0.02612	0.01938	0.02780	0.01601	0.02106	0.01348	0.00758	0.00842	0.00253	0.01011	0.00758	0.00421	0.01348
12	0.01329	0.00984	0.01209	0.01255	0.01458	0.00953	0.00953	0.07206	0.02088	0.02752	0.13771	0.31709	0.16033	0.02223	0.01054	0.00324	0.00565	0.12516	0.00816	0.00802
13	0.01006	0.00862	0.00862	0.00862	0.01149	0.00718	0.00647	0.01221	0.01940	0.02299	0.08621	0.08190	0.64438	0.02155	0.01006	0.00287	0.00431	0.01796	0.00790	0.00718
14	0.01707	0.04402	0.65683	0.02426	0.03683	0.01976	0.03144	0.02695	0.01797	0.02695	0.01527	0.01797	0.01078	0.00809	0.00809	0.00270	0.01258	0.00629	0.00359	0.01258
15	0.01928	0.30169	0.41854	0.02048	0.03100	0.02518	0.02487	0.02638	0.01770	0.02425	0.01393	0.01629	0.01084	0.00777	0.00706	0.00235	0.01122	0.00561	0.00361	0.01193
16	0.01032	0.00761	0.00967	0.01132	0.01220	0.00696	0.00766	0.01191	0.01680	0.02193	0.05335	0.59479	0.15270	0.02582	0.01073	0.00336	0.00483	0.02317	0.00790	0.00696
17	0.01025	0.00836	0.00908	0.00947	0.01176	0.00718	0.00688	0.01238	0.01901	0.02342	0.11317	0.21702	0.47759	0.02242	0.01024	0.00299	0.00443	0.01918	0.00800	0.00718
18	0.02277	0.15621	0.34890	0.02185	0.03089	0.22987	0.02374	0.02896	0.01983	0.02380	0.01400	0.01639	0.01086	0.00817	0.00750	0.00238	0.01287	0.00573	0.00386	0.01142
19	0.26013	0.17023	0.32232	0.01803	0.02715	0.02238	0.02077	0.02602	0.01670	0.02919	0.01346	0.01574	0.01030	0.00786	0.00663	0.00250	0.00992	0.00539	0.00415	0.01115
20	0.01216	0.00912	0.01368	0.01368	0.01520	0.01064	0.01064	0.01520	0.01368	0.01976	0.02279	0.03343	0.02127	0.06382	0.66720	0.01368	0.02279	0.00912	0.00456	0.00760
21	0.01765	0.01513	0.01765	0.01260	0.02017	0.01134	0.01008	0.02143	0.01765	0.02773	0.01513	0.01765	0.01260	0.00630	0.00630	0.00126	0.00630	0.00504	0.00504	0.75295
22	0.01300	0.01095	0.01605	0.01477	0.01670	0.01239	0.04435	0.01580	0.01506	0.02077	0.03415	0.04194	0.14721	0.07671	0.38479	0.00934	0.10213	0.01092	0.00515	0.00783
23	0.02110	0.01959	0.02957	0.04088	0.44439	0.02053	0.02201	0.03233	0.21872	0.03034	0.02206	0.02454	0.01754	0.00887	0.00850	0.00264	0.00901	0.00825	0.00566	0.01348
24	0.01685	0.01249	0.01453	0.01405	0.01661	0.01296	0.01035	0.17594	0.05874	0.03112	0.04135	0.44185	0.07664	0.02110	0.01006	0.00315	0.00619	0.01858	0.00811	0.00933
25	0.01790	0.01350	0.01602	0.01333	0.01835	0.01174	0.01020	0.07444	0.04534	0.06336	0.02778	0.23948	0.02801	0.01373	0.00821	0.00224	0.00621	0.01189	0.00674	0.37153
26	0.01692	0.13852	0.02057	0.01317	0.01810	0.01514	0.01067	0.04771	0.01748	0.02465	0.02170	0.12780	0.02171	0.05831	0.12077	0.00426	0.00964	0.00917	0.00532	0.29839

[dist]
# distance from previous block
# <min> <max>
0	3

[block]
# block no. 4 follows, 21 sequences, length 173
# corresponding to MSA columns:
# 221-393
name=unknown_E
#
# <colnr> <probs for GDERKNQSTAVLIFYWHMCP>
#	G	D	E	R	K	N	Q	S	T	A	V	L	I	F	Y	W	H	M	C	P
0	0.01702	0.01631	0.02538	0.02206	0.05390	0.04379	0.16762	0.02407	0.10756	0.02481	0.02729	0.03534	0.06302	0.05502	0.21272	0.00643	0.04751	0.03494	0.00543	0.00980
1	0.02902	0.09212	0.02495	0.01998	0.02485	0.41792	0.01553	0.12429	0.08367	0.02731	0.01788	0.05107	0.01517	0.01001	0.00786	0.00234	0.01254	0.00706	0.00554	0.01087
2	0.01070	0.00840	0.00903	0.00925	0.01163	0.00728	0.00680	0.01307	0.01930	0.02451	0.13179	0.16665	0.45913	0.02109	0.00989	0.00288	0.00435	0.01793	0.05904	0.00728
3	0.01945	0.06262	0.24510	0.03483	0.18130	0.02124	0.25808	0.02681	0.01909	0.02693	0.01603	0.02043	0.01225	0.00757	0.00880	0.00268	0.01252	0.00797	0.00402	0.01228
4	0.02023	0.17860	0.03467	0.19752	0.35764	0.02303	0.02282	0.02490	0.01831	0.02451	0.01482	0.01974	0.01236	0.00774	0.00776	0.00244	0.01018	0.00687	0.00397	0.01190
5	0.01740	0.07033	0.51128	0.02474	0.03589	0.01998	0.10940	0.02613	0.01814	0.02639	0.01703	0.05394	0.01346	0.00890	0.00837	0.00272	0.01226	0.00766	0.00392	0.01205
6	0.01765	0.01513	0.01765	0.01260	0.02017	0.01134	0.01008	0.02143	0.01765	0.02773	0.01513	0.01765	0.01260	0.00630	0.00630	0.00126	0.00630	0.00504	0.00504	0.75295
7	0.01236	0.00833	0.00966	0.00966	0.00980	0.00846	0.00563	0.01262	0.01249	0.01678	0.02646	0.05375	0.03010	0.64547	0.09762	0.00872	0.00952	0.01209	0.00510	0.00537
8	0.01157	0.00911	0.01073	0.01154	0.01403	0.00826	0.00946	0.01445	0.01948	0.02401	0.06919	0.08773	0.39815	0.02236	0.01076	0.00331	0.00577	0.25476	0.00788	0.00745
9	0.01042	0.00801	0.00959	0.01078	0.01229	0.00717	0.00764	0.01230	0.01769	0.02242	0.06232	0.42111	0.28806	0.02448	0.01059	0.00325	0.00484	0.05204	0.00790	0.00707
10	0.01037	0.00741	0.00987	0.01185	0.01234	0.00691	0.00790	0.01185	0.01629	0.02172	0.04690	0.69537	0.05629	0.02666	0.01086	0.00346	0.00494	0.02419	0.00790	0.00691
11	0.02114	0.02080	0.03308	0.11357	0.55553	0.05469	0.02535	0.02610	0.01939	0.02682	0.01577	0.02092	0.01313	0.00774	0.00839	0.00254	0.01051	0.00747	0.00418	0.01288
12	0.24723	0.41823	0.06362	0.01452	0.02125	0.07217	0.01390	0.02600	0.01694	0.02593	0.01210	0.01403	0.01040	0.00761	0.00568	0.00214	0.00894	0.00472	0.00418	0.01041
13	0.02031	0.01945	0.03318	0.14747	0.55852	0.02002	0.02574	0.02545	0.01902	0.02688	0.01587	0.02131	0.01316	0.00772	0.00844	0.00257	0.01030	0.00758	0.00415	0.01287
14	0.01073	0.00836	0.00975	0.01001	0.01206	0.00738	0.00727	0.01330	0.02010	0.02608	0.24620	0.21913	0.33625	0.02148	0.01024	0.00295	0.00437	0.01863	0.00835	0.00738
15	0.02356	0.02495	0.03212	0.04518	0.50317	0.17071	0.02387	0.02795	0.02048	0.02618	0.01534	0.01973	0.01289	0.00786	0.00825	0.00245	0.01133	0.00709	0.00425	0.01264
16	0.17177	0.01762	0.02280	0.13382	0.15844	0.01826	0.01664	0.10928	0.02109	0.09627	0.01728	0.01998	0.01302	0.00824	0.00745	0.00239	0.00853	0.00664	0.00575	0.14473
17	0.01849	0.03523	0.42164	0.03329	0.20992	0.02007	0.08754	0.02675	0.01857	0.02722	0.01567	0.01933	0.01175	0.00785	0.00837	0.00266	0.01206	0.00702	0.00384	0.01272
18	0.01224	0.00878	0.01196	0.01196	0.01289	0.00971	0.00850	0.01410	0.01317	0.01849	0.02436	0.04211	0.02504	0.31228	0.42390	0.01156	0.01712	0.01039	0.00479	0.00665
19	0.01030	0.00769	0.00958	0.01110	0.01215	0.00698	0.00757	0.01193	0.01702	0.02202	0.05605	0.55258	0.19317	0.02547	0.01067	0.00332	0.00479	0.02274	0.00790	0.00698
20	0.02134	0.02160	0.03595	0.04664	0.49182	0.05394	0.11503	0.02640	0.01940	0.02698	0.01579	0.02093	0.01314	0.00796	0.00964	0.00262	0.04597	0.00784	0.00421	0.01277
21	0.72835	0.01679	0.01309	0.01157	0.01690	0.01942	0.00953	0.05168	0.01563	0.03887	0.01223	0.01412	0.00945	0.00800	0.00541	0.00263	0.00671	0.00475	0.00541	0.00945
22	0.01263	0.00932	0.01369	0.01428	0.01594	0.01038	0.01157	0.01594	0.01547	0.02149	0.02955	0.05243	0.02968	0.05159	0.46821	0.01071	0.01825	0.18564	0.00555	0.00767
23	0.01707	0.04402	0.65683	0.02426	0.03683	0.01976	0.03144	0.02695	0.01797	0.02695	0.01527	0.01797	0.01078	0.00809	0.00809	0.00270	0.01258	0.00629	0.00359	0.01258
24	0.01037	0.00741	0.00987	0.01185	0.01234	0.00691	0.00790	0.01185	0.01629	0.02172	0.04690	0.69537	0.05629	0.02666	0.01086	0.00346	0.00494	0.02419	0.00790	0.00691
25	0.01765	0.01513	0.01765	0.01260	0.02017	0.01134	0.01008	0.02143	0.01765	0.02773	0.01513	0.01765	0.01260	0.00630	0.00630	0.00126	0.00630	0.00504	0.00504	0.75295
26	0.01238	0.00825	0.00928	0.00928	0.00928	0.00825	0.00516	0.01238	0.01238	0.01650	0.02681	0.05569	0.03094	0.70092	0.04331	0.00825	0.00825	0.01238	0.00516	0.00516
27	0.40282	0.02830	0.01821	0.01646	0.02130	0.33723	0.01277	0.02942	0.01921	0.02966	0.01249	0.01457	0.01007	0.00833	0.00645	0.00242	0.01089	0.00504	0.00483	0.00954
28	0.01093	0.00764	0.00971	0.01113	0.01149	0.00728	0.00714	0.01200	0.01520	0.02027	0.04131	0.51725	0.04923	0.21441	0.01990	0.00479	0.00586	0.02090	0.00714	0.00642
29	0.01006	0.00862	0.00862	0.00862	0.01149	0.00718	0.00647	0.01221	0.01940	0.02299	0.08621	0.08190	0.64438	0.02155	0.01006	0.00287	0.00431	0.01796	0.00790	0.00718
30	0.02330	0.32722	0.10980	0.01908	0.02479	0.17776	0.01789	0.02659	0.01807	0.02114	0.01242	0.01561	0.01097	0.00932	0.01100	0.00241	0.15269	0.00558	0.00383	0.01054
31	0.01765	0.01513	0.01765	0.01260	0.02017	0.01134	0.01008	0.02143	0.01765	0.02773	0.01513	0.01765	0.01260	0.00630	0.00630	0.00126	0.00630	0.00504	0.00504	0.75295
32	0.01158	0.00862	0.01077	0.01036	0.01246	0.00781	0.00772	0.01511	0.02280	0.03137	0.50682	0.09873	0.18707	0.01866	0.01008	0.00275	0.00412	0.01632	0.00901	0.00781
33	0.02106	0.02022	0.03454	0.05223	0.64784	0.02022	0.02612	0.02612	0.01938	0.02780	0.01601	0.02106	0.01348	0.00758	0.00842	0.00253	0.01011	0.00758	0.00421	0.01348
34	0.01216	0.00912	0.01368	0.01368	0.01520	0.01064	0.01064	0.01520	0.01368	0.01976	0.02279	0.03343	0.02127	0.06382	0.66720	0.01368	0.02279	0.00912	0.00456	0.00760
35	0.01707	0.04402	0.65683	0.02426	0.03683	0.01976	0.03144	0.02695	0.01797	0.02695	0.01527	0.01797	0.01078	0.00809	0.00809	0.00270	0.01258	0.00629	0.00359	0.01258
36	0.01035	0.00749	0.00979	0.01163	0.01228	0.00693	0.00780	0.01187	0.01651	0.02181	0.04961	0.65311	0.09679	0.02631	0.01081	0.00342	0.00489	0.02376	0.00790	0.00693
37	0.01037	0.00741	0.00987	0.01185	0.01234	0.00691	0.00790	0.01185	0.01629	0.02172	0.04690	0.69537	0.05629	0.02666	0.01086	0.00346	0.00494	0.02419	0.00790	0.00691
38	0.02106	0.02022	0.03454	0.05223	0.64784	0.02022	0.02612	0.02612	0.01938	0.02780	0.01601	0.02106	0.01348	0.00758	0.00842	0.00253	0.01011	0.00758	0.00421	0.01348
39	0.01030	0.00766	0.00961	0.01117	0.01217	0.00697	0.00760	0.01193	0.01694	0.02199	0.05514	0.56681	0.17953	0.02559	0.01069	0.00333	0.00481	0.02289	0.00790	0.00697
40	0.01016	0.00863	0.00877	0.00873	0.01156	0.00723	0.00655	0.01242	0.01965	0.02359	0.11603	0.08092	0.61420	0.02133	0.01006	0.00286	0.00429	0.01782	0.00798	0.00723
41	0.76103	0.01646	0.01251	0.01119	0.01646	0.01909	0.00922	0.02502	0.01448	0.03818	0.01185	0.01382	0.00922	0.00790	0.00527	0.00263	0.00658	0.00461	0.00527	0.00922
42	0.01955	0.01867	0.03180	0.24296	0.46896	0.01982	0.02536	0.02479	0.01866	0.02596	0.01574	0.02156	0.01283	0.00786	0.00845	0.00262	0.01048	0.00758	0.00408	0.01226
43	0.01025	0.00820	0.00917	0.00984	0.01184	0.00712	0.00703	0.01224	0.01849	0.02299	0.09461	0.29764	0.41431	0.02319	0.01034	0.00307	0.00452	0.02006	0.00796	0.00712
44	0.24578	0.01348	0.01278	0.01118	0.01517	0.01463	0.00894	0.12396	0.02084	0.06226	0.02192	0.02427	0.01671	0.00938	0.00628	0.00230	0.00581	0.00690	0.36771	0.00969
45	0.02275	0.70604	0.04459	0.01456	0.02184	0.03367	0.01456	0.02548	0.01729	0.02002	0.01183	0.01365	0.01092	0.00728	0.00546	0.00182	0.00910	0.00455	0.00364	0.01092
46	0.01765	0.01513	0.01765	0.01260	0.02017	0.01134	0.01008	0.02143	0.01765	0.02773	0.01513	0.01765	0.01260	0.00630	0.00630	0.00126	0.00630	0.00504	0.00504	0.75295
47	0.01238	0.00825	0.00928	0.00928	0.00928	0.00825	0.00516	0.01238	0.01238	0.01650	0.02681	0.05569	0.03094	0.70092	0.04331	0.00825	0.00825	0.01238	0.00516	0.00516
48	0.02089	0.01963	0.03269	0.14639	0.52522	0.02034	0.02522	0.05666	0.02010	0.02824	0.01611	0.02128	0.01321	0.00786	0.00844	0.00258	0.01026	0.00758	0.00437	0.01292
49	0.02264	0.02410	0.01993	0.01589	0.02233	0.24262	0.01233	0.02586	0.01993	0.02529	0.01443	0.01684	0.01203	0.00717	0.00679	0.00159	0.00949	0.00520	0.00481	0.49073
50	0.01030	0.00766	0.00961	0.01117	0.01217	0.00697	0.00760	0.01193	0.01694	0.02199	0.05514	0.56681	0.17953	0.02559	0.01069	0.00333	0.00481	0.02289	0.00790	0.00697
51	0.01586	0.00793	0.00793	0.00793	0.00991	0.00793	0.00595	0.01983	0.01785	0.03173	0.02776	0.03173	0.02181	0.00991	0.00595	0.00198	0.00397	0.00793	0.74817	0.00793
52	0.02513	0.01687	0.01783	0.01448	0.01917	0.01831	0.01170	0.35685	0.03030	0.04404	0.02364	0.02538	0.01769	0.01008	0.00739	0.00230	0.00700	0.00778	0.33245	0.01161
53	0.01611	0.01493	0.02125	0.01897	0.01956	0.02007	0.01552	0.01843	0.01328	0.02020	0.01569	0.02438	0.01510	0.03391	0.27640	0.00759	0.42783	0.00810	0.00405	0.00864
54	0.03263	0.02338	0.02526	0.01937	0.02616	0.02572	0.01600	0.59146	0.03925	0.08271	0.02107	0.02085	0.01479	0.01023	0.00852	0.00256	0.00926	0.00771	0.00861	0.01447
55	0.01054	0.00753	0.01008	0.01205	0.01262	0.00706	0.00820	0.01215	0.01647	0.02192	0.04681	0.66396	0.05590	0.02650	0.01091	0.00348	0.00509	0.05387	0.00790	0.00696
56	0.02117	0.01828	0.01924	0.01732	0.02213	0.02117	0.01347	0.04522	0.63246	0.03560	0.03464	0.03175	0.02598	0.01155	0.00866	0.00289	0.00673	0.00962	0.00866	0.01347
57	0.01765	0.01513	0.01765	0.01260	0.02017	0.01134	0.01008	0.02143	0.01765	0.02773	0.01513	0.01765	0.01260	0.00630	0.00630	0.00126	0.00630	0.00504	0.00504	0.75295
58	0.01807	0.01716	0.02913	0.42936	0.29413	0.01943	0.02463	0.02349	0.01796	0.02417	0.01548	0.02204	0.01220	0.00814	0.00847	0.00271	0.01085	0.00757	0.00395	0.01106
59	0.01035	0.00747	0.00981	0.01168	0.01230	0.00693	0.00782	0.01187	0.01646	0.02179	0.04901	0.66254	0.08776	0.02639	0.01082	0.00342	0.00490	0.02386	0.00790	0.00693
60	0.01168	0.00796	0.00949	0.01018	0.01035	0.00778	0.00611	0.01219	0.01374	0.01832	0.03382	0.27880	0.03978	0.46575	0.03200	0.00658	0.00709	0.01650	0.00611	0.00577
61	0.01006	0.00862	0.00862	0.00862	0.01149	0.00718	0.00647	0.01221	0.01940	0.02299	0.08621	0.08190	0.64438	0.02155	0.01006	0.00287	0.00431	0.01796	0.00790	0.00718
62	0.02630	0.45265	0.03743	0.01654	0.02353	0.05969	0.01517	0.22049	0.02504	0.03107	0.01471	0.01595	0.01209	0.00831	0.00656	0.00208	0.00947	0.00561	0.00527	0.01204
63	0.02479	0.02083	0.03151	0.04209	0.45893	0.02137	0.02291	0.17596	0.02482	0.06709	0.01804	0.02132	0.01413	0.00840	0.00845	0.00254	0.00977	0.00765	0.00562	0.01378
64	0.01115	0.00796	0.01077	0.01274	0.01357	0.00758	0.00925	0.01320	0.01706	0.02260	0.04647	0.55586	0.05458	0.02593	0.01107	0.00356	0.00561	0.15602	0.00788	0.00713
65	0.01238	0.00825	0.00928	0.00928	0.00928	0.00825	0.00516	0.01238	0.01238	0.01650	0.02681	0.05569	0.03094	0.70092	0.04331	0.00825	0.00825	0.01238	0.00516	0.00516
66	0.17693	0.01942	0.02722	0.03664	0.38767	0.02054	0.02017	0.06935	0.10311	0.03282	0.01797	0.02095	0.01435	0.00837	0.00780	0.00260	0.00886	0.00724	0.00533	0.01265
67	0.02957	0.16104	0.02841	0.02217	0.05819	0.51711	0.01661	0.03202	0.02262	0.02105	0.01306	0.01534	0.01109	0.00844	0.00731	0.00214	0.01393	0.00542	0.00424	0.01025
68	0.02391	0.01921	0.03450	0.10201	0.30684	0.01880	0.17181	0.02919	0.02037	0.15824	0.01991	0.02335	0.01472	0.00819	0.00887	0.00267	0.01070	0.00840	0.00552	0.01279
69	0.02261	0.01751	0.01949	0.04376	0.02272	0.04344	0.01248	0.18403	0.02395	0.06593	0.01896	0.02145	0.01481	0.01303	0.06467	0.00292	0.00906	0.00661	0.05732	0.33525
70	0.02081	0.03485	0.40356	0.02504	0.07571	0.02086	0.05718	0.16429	0.02361	0.03359	0.04733	0.02125	0.01534	0.00895	0.00841	0.00266	0.01133	0.00734	0.00510	0.01280
71	0.01014	0.00831	0.00894	0.00944	0.01171	0.00712	0.00683	0.01212	0.01861	0.02267	0.07630	0.23662	0.49606	0.02284	0.01026	0.00302	0.00447	0.01953	0.00790	0.00712
72	0.02269	0.01904	0.02010	0.01763	0.02271	0.02188	0.01384	0.12350	0.55170	0.03806	0.03270	0.03021	0.02441	0.01136	0.00864	0.00284	0.00709	0.00935	0.00864	0.01361
73	0.01211	0.00886	0.01260	0.01271	0.01387	0.00997	0.00940	0.01446	0.01355	0.01921	0.02484	0.07213	0.02501	0.18895	0.50881	0.01207	0.01897	0.01055	0.00485	0.00708
74	0.02522	0.54594	0.03959	0.01589	0.02269	0.12484	0.01481	0.05412	0.01964	0.05123	0.01343	0.01492	0.01156	0.00778	0.00607	0.00195	0.00994	0.00501	0.00429	0.01109
75	0.02015	0.42220	0.27098	0.01823	0.02720	0.02721	0.02080	0.02561	0.01767	0.02289	0.01489	0.01967	0.01291	0.00845	0.00677	0.00226	0.01033	0.03656	0.00385	0.01137
76	0.01227	0.00821	0.00931	0.00941	0.00944	0.00818	0.00530	0.01235	0.01258	0.01677	0.02785	0.08856	0.03224	0.66628	0.04165	0.00800	0.00808	0.01298	0.00530	0.00525
77	0.01586	0.00793	0.00793	0.00793	0.00991	0.00793	0.00595	0.01983	0.01785	0.03173	0.02776	0.03173	0.02181	0.00991	0.00595	0.00198	0.00397	0.00793	0.74817	0.00793
78	0.01216	0.00912	0.01368	0.01368	0.01520	0.01064	0.01064	0.01520	0.01368	0.01976	0.02279	0.03343	0.02127	0.06382	0.66720	0.01368	0.02279	0.00912	0.00456	0.00760
79	0.02301	0.02537	0.02710	0.26194	0.19816	0.24320	0.02135	0.02812	0.04663	0.02359	0.01551	0.02012	0.01240	0.00849	0.00820	0.00254	0.01221	0.00694	0.00431	0.01081
80	0.01061	0.00792	0.00992	0.01129	0.01252	0.00723	0.00797	0.01254	0.01763	0.02288	0.08496	0.47847	0.19595	0.02479	0.01069	0.00331	0.00494	0.06130	0.00797	0.00709
81	0.01707	0.04402	0.65683	0.02426	0.03683	0.01976	0.03144	0.02695	0.01797	0.02695	0.01527	0.01797	0.01078	0.00809	0.00809	0.00270	0.01258	0.00629	0.00359	0.01258
82	0.01216	0.00912	0.01368	0.01368	0.01520	0.01064	0.01064	0.01520	0.01368	0.01976	0.02279	0.03343	0.02127	0.06382	0.66720	0.01368	0.02279	0.00912	0.00456	0.00760
83	0.02032	0.01947	0.03321	0.14511	0.56072	0.02003	0.02575	0.02547	0.01903	0.02691	0.01588	0.02130	0.01316	0.00772	0.00844	0.00257	0.01029	0.00758	0.00415	0.01288
84	0.01349	0.01056	0.01490	0.21414	0.02582	0.01161	0.01230	0.01601	0.01545	0.02007	0.03000	0.08476	0.05904	0.31865	0.02460	0.00543	0.00877	0.10192	0.00543	0.00706
85	0.02015	0.01961	0.03037	0.22987	0.40411	0.05151	0.02406	0.02655	0.06116	0.02625	0.01690	0.02199	0.01360	0.00818	0.00843	0.00262	0.01049	0.00761	0.00440	0.01214
86	0.01238	0.00825	0.00928	0.00928	0.00928	0.00825	0.00516	0.01238	0.01238	0.01650	0.02681	0.05569	0.03094	0.70092	0.04331	0.00825	0.00825	0.01238	0.00516	0.00516
87	0.01153	0.00851	0.01234	0.01303	0.01419	0.00932	0.00967	0.01402	0.01460	0.02045	0.03130	0.26701	0.03363	0.05071	0.43560	0.01007	0.01649	0.01444	0.00574	0.00736
88	0.01340	0.00969	0.01328	0.01507	0.01711	0.00957	0.01309	0.01717	0.01957	0.02526	0.04859	0.09478	0.10004	0.02334	0.01161	0.00383	0.00753	0.54145	0.00784	0.00778
89	0.01765	0.01513	0.01765	0.01260	0.02017	0.01134	0.01008	0.02143	0.01765	0.02773	0.01513	0.01765	0.01260	0.00630	0.00630	0.00126	0.00630	0.00504	0.00504	0.75295
90	0.03235	0.02384	0.02554	0.01958	0.02639	0.02639	0.01618	0.61946	0.04001	0.05363	0.02043	0.02043	0.01447	0.01022	0.00851	0.00255	0.00936	0.00766	0.00851	0.01447
91	0.01216	0.00912	0.01368	0.01368	0.01520	0.01064	0.01064	0.01520	0.01368	0.01976	0.02279	0.03343	0.02127	0.06382	0.66720	0.01368	0.02279	0.00912	0.00456	0.00760
92	0.02117	0.01828	0.01924	0.01732	0.02213	0.02117	0.01347	0.04522	0.63246	0.03560	0.03464	0.03175	0.02598	0.01155	0.00866	0.00289	0.00673	0.00962	0.00866	0.01347
93	0.02048	0.17325	0.31120	0.02507	0.03471	0.08749	0.17874	0.02743	0.01899	0.02501	0.01486	0.01812	0.01138	0.00775	0.00802	0.00251	0.01260	0.00683	0.00387	0.01168
94	0.01077	0.00856	0.00971	0.00987	0.01220	0.00749	0.00738	0.01340	0.02022	0.02576	0.21939	0.15024	0.40421	0.02121	0.01023	0.00294	0.00448	0.04627	0.00827	0.00740
95	0.01236	0.00831	0.00958	0.00958	0.00969	0.00841	0.00553	0.01257	0.01247	0.01672	0.02654	0.05416	0.03027	0.65704	0.08629	0.00862	0.00925	0.01215	0.00512	0.00532
96	0.01802	0.01603	0.02621	0.03776	0.40139	0.01600	0.02097	0.02251	0.01929	0.02670	0.02745	0.08113	0.02772	0.01397	0.00968	0.00305	0.00907	0.20621	0.00563	0.01123
97	0.01225	0.00873	0.01173	0.01173	0.01258	0.00958	0.00821	0.01395	0.01310	0.01832	0.02457	0.04328	0.02555	0.34563	0.39124	0.01128	0.01636	0.01056	0.00482	0.00652
98	0.01707	0.04402	0.65683	0.02426	0.03683	0.01976	0.03144	0.02695	0.01797	0.02695	0.01527	0.01797	0.01078	0.00809	0.00809	0.00270	0.01258	0.00629	0.00359	0.01258
99	0.02106	0.02022	0.03454	0.05223	0.64784	0.02022	0.02612	0.02612	0.01938	0.02780	0.01601	0.02106	0.01348	0.00758	0.00842	0.00253	0.01011	0.00758	0.00421	0.01348
100	0.01707	0.04402	0.65683	0.02426	0.03683	0.01976	0.03144	0.02695	0.01797	0.02695	0.01527	0.01797	0.01078	0.00809	0.00809	0.00270	0.01258	0.00629	0.00359	0.01258
101	0.01037	0.00741	0.00987	0.01185	0.01234	0.00691	0.00790	0.01185	0.01629	0.02172	0.04690	0.69537	0.05629	0.02666	0.01086	0.00346	0.00494	0.02419	0.00790	0.00691
102	0.01037	0.00741	0.00987	0.01185	0.01234	0.00691	0.00790	0.01185	0.01629	0.02172	0.04690	0.69537	0.05629	0.02666	0.01086	0.00346	0.00494	0.02419	0.00790	0.00691
103	0.01478	0.00739	0.01109	0.01109	0.01109	0.00739	0.00739	0.01109	0.01109	0.01478	0.01478	0.02587	0.01478	0.02956	0.03326	0.75240	0.00739	0.00739	0.00370	0.00370
104	0.02075	0.02110	0.03957	0.04699	0.45433	0.02064	0.21560	0.02648	0.01960	0.02763	0.01640	0.02167	0.01330	0.00745	0.00894	0.00264	0.01147	0.00837	0.00424	0.01284
105	0.01712	0.02428	0.18318	0.02755	0.03520	0.01771	0.33777	0.02360	0.01871	0.02590	0.02367	0.17830	0.02251	0.01192	0.00977	0.00297	0.01174	0.01246	0.00497	0.01067
106	0.01418	0.00775	0.01147	0.01147	0.01175	0.00803	0.00787	0.01190	0.01162	0.01578	0.01685	0.02874	0.01678	0.06946	0.14956	0.58018	0.01025	0.00796	0.00393	0.00448
107	0.01151	0.00906	0.01065	0.01134	0.01384	0.00820	0.00924	0.01441	0.01969	0.02443	0.09689	0.08629	0.39632	0.02209	0.01069	0.00325	0.00561	0.23108	0.00795	0.00747
108	0.02951	0.02196	0.16186	0.01768	0.02519	0.01614	0.01696	0.03910	0.16447	0.36993	0.02974	0.02716	0.01991	0.01022	0.00848	0.00271	0.00831	0.00830	0.00855	0.01382
109	0.01133	0.00867	0.01039	0.00996	0.01228	0.00773	0.00747	0.01469	0.02241	0.03015	0.44430	0.07012	0.28183	0.01888	0.01004	0.00275	0.00412	0.01631	0.00884	0.00773
110	0.01607	0.01513	0.02552	0.68047	0.05861	0.01891	0.02363	0.02174	0.01702	0.02174	0.01513	0.02269	0.01134	0.00851	0.00851	0.00284	0.01134	0.00756	0.00378	0.00945
111	0.14988	0.03679	0.05176	0.02028	0.02520	0.53106	0.01597	0.03219	0.02226	0.02394	0.01304	0.01522	0.01067	0.00860	0.00730	0.00229	0.01379	0.00538	0.00449	0.00989
112	0.01037	0.00741	0.00987	0.01185	0.01234	0.00691	0.00790	0.01185	0.01629	0.02172	0.04690	0.69537	0.05629	0.02666	0.01086	0.00346	0.00494	0.02419	0.00790	0.00691
113	0.02106	0.02022	0.03454	0.05223	0.64784	0.02022	0.02612	0.02612	0.01938	0.02780	0.01601	0.02106	0.01348	0.00758	0.00842	0.00253	0.01011	0.00758	0.00421	0.01348
114	0.01707	0.04402	0.65683	0.02426	0.03683	0.01976	0.03144	0.02695	0.01797	0.02695	0.01527	0.01797	0.01078	0.00809	0.00809	0.00270	0.01258	0.00629	0.00359	0.01258
115	0.01204	0.00870	0.01138	0.01071	0.01271	0.00803	0.00803	0.01606	0.02409	0.03413	0.64335	0.06357	0.08030	0.01740	0.01004	0.00268	0.00401	0.01539	0.00937	0.00803
116	0.03158	0.02345	0.02511	0.01942	0.02610	0.02603	0.01599	0.57991	0.08082	0.05239	0.02141	0.02121	0.01526	0.01031	0.00852	0.00258	0.00918	0.00780	0.00852	0.01440
117	0.01765	0.01513	0.01765	0.01260	0.02017	0.01134	0.01008	0.02143	0.01765	0.02773	0.01513	0.01765	0.01260	0.00630	0.00630	0.00126	0.00630	0.00504	0.00504	0.75295
118	0.01454	0.02383	0.27140	0.01843	0.02503	0.01420	0.05983	0.02079	0.01874	0.02695	0.18077	0.03643	0.05955	0.02398	0.16222	0.00527	0.01252	0.01005	0.00554	0.00994
119	0.02117	0.01828	0.01924	0.01732	0.02213	0.02117	0.01347	0.04522	0.63246	0.03560	0.03464	0.03175	0.02598	0.01155	0.00866	0.00289	0.00673	0.00962	0.00866	0.01347
120	0.05438	0.06364	0.02004	0.01336	0.02072	0.01473	0.01095	0.08075	0.01968	0.03024	0.01527	0.01747	0.01251	0.00683	0.00641	0.00149	0.00681	0.00525	0.00530	0.59419
121	0.01425	0.02066	0.20815	0.01544	0.02171	0.01199	0.01545	0.01895	0.01751	0.02501	0.03356	0.24431	0.09825	0.01517	0.00875	0.00259	0.00754	0.01309	0.00585	0.20177
122	0.02361	0.30401	0.23132	0.01963	0.02786	0.18185	0.02040	0.05677	0.02025	0.02402	0.01365	0.01575	0.01106	0.00804	0.00697	0.00222	0.01172	0.00547	0.00404	0.01136
123	0.02317	0.67498	0.04364	0.01491	0.02205	0.06323	0.01465	0.02588	0.01761	0.02006	0.01189	0.01373	0.01092	0.00735	0.00556	0.00184	0.00939	0.00459	0.00368	0.01087
124	0.02017	0.02121	0.02584	0.02229	0.02281	0.10177	0.01836	0.02208	0.01434	0.02052	0.01141	0.01823	0.01115	0.01417	0.02553	0.00354	0.60618	0.00722	0.00380	0.00938
125	0.01953	0.21244	0.45727	0.02163	0.03229	0.06787	0.02611	0.02706	0.01822	0.02476	0.01425	0.01669	0.01083	0.00793	0.00739	0.00244	0.01188	0.00579	0.00366	0.01197
126	0.01607	0.01513	0.02552	0.68047	0.05861	0.01891	0.02363	0.02174	0.01702	0.02174	0.01513	0.02269	0.01134	0.00851	0.00851	0.00284	0.01134	0.00756	0.00378	0.00945
127	0.01137	0.00861	0.01048	0.01014	0.01233	0.00772	0.00756	0.01470	0.02230	0.03018	0.44722	0.10069	0.24741	0.01910	0.01008	0.00277	0.00415	0.01660	0.00886	0.00772
128	0.02096	0.06131	0.15006	0.02509	0.03174	0.13689	0.19963	0.02807	0.07225	0.02502	0.01725	0.02147	0.01379	0.01401	0.07094	0.00374	0.08444	0.00786	0.00449	0.01096
129	0.02059	0.01974	0.03369	0.11134	0.59240	0.02010	0.02588	0.02571	0.01916	0.02723	0.01592	0.02122	0.01328	0.00767	0.00843	0.00256	0.01023	0.00758	0.00417	0.01310
130	0.01118	0.01027	0.00942	0.00931	0.01226	0.04132	0.00698	0.01334	0.01964	0.02288	0.08243	0.07845	0.61160	0.02089	0.00993	0.00284	0.00488	0.01731	0.00772	0.00732
131	0.01037	0.00741	0.00987	0.01185	0.01234	0.00691	0.00790	0.01185	0.01629	0.02172	0.04690	0.69537	0.05629	0.02666	0.01086	0.00346	0.00494	0.02419	0.00790	0.00691
132	0.01905	0.03721	0.42713	0.02845	0.06818	0.06480	0.18018	0.02747	0.01900	0.02665	0.01566	0.01922	0.01147	0.00787	0.00858	0.00270	0.01310	0.00726	0.00386	0.01215
133	0.02211	0.32675	0.13698	0.01637	0.02431	0.08067	0.01631	0.02628	0.01846	0.05576	0.01447	0.01632	0.01185	0.00747	0.00647	0.00190	0.00943	0.00525	0.00441	0.19843
134	0.05969	0.61012	0.04111	0.01508	0.02200	0.09214	0.01448	0.02625	0.01779	0.02098	0.01196	0.01382	0.01084	0.00745	0.00566	0.00189	0.00956	0.00464	0.00379	0.01074
135	0.01707	0.04402	0.65683	0.02426	0.03683	0.01976	0.03144	0.02695	0.01797	0.02695	0.01527	0.01797	0.01078	0.00809	0.00809	0.00270	0.01258	0.00629	0.00359	0.01258
136	0.02117	0.01744	0.01853	0.01662	0.02138	0.01981	0.01294	0.04278	0.56275	0.06267	0.03814	0.03508	0.06835	0.01219	0.00875	0.00287	0.00659	0.01015	0.00869	0.01308
137	0.02117	0.01828	0.01924	0.01732	0.02213	0.02117	0.01347	0.04522	0.63246	0.03560	0.03464	0.03175	0.02598	0.01155	0.00866	0.00289	0.00673	0.00962	0.00866	0.01347
138	0.01137	0.00819	0.01098	0.01285	0.01391	0.00780	0.00959	0.01362	0.01745	0.02292	0.04828	0.48317	0.08305	0.02545	0.01109	0.00357	0.00579	0.19583	0.00788	0.00721
139	0.01742	0.01516	0.01898	0.01379	0.02106	0.01166	0.04190	0.02126	0.01771	0.02741	0.01680	0.05133	0.01477	0.00735	0.00672	0.00145	0.00666	0.00625	0.00514	0.67717
140	0.01195	0.01140	0.00997	0.00978	0.01278	0.06459	0.00733	0.01411	0.01981	0.02280	0.07985	0.07611	0.58925	0.02044	0.00985	0.00281	0.00527	0.01687	0.00760	0.00742
141	0.02165	0.01328	0.01606	0.01398	0.01806	0.01343	0.01093	0.03198	0.22166	0.19199	0.29085	0.04445	0.04762	0.01375	0.00921	0.00273	0.00572	0.01178	0.00943	0.01143
142	0.01160	0.00912	0.01077	0.01159	0.01408	0.00829	0.00952	0.01450	0.01948	0.02403	0.06885	0.08784	0.39327	0.02238	0.01077	0.00331	0.00580	0.25945	0.00787	0.00746
143	0.01588	0.01346	0.01706	0.18202	0.05674	0.04120	0.01354	0.07415	0.02145	0.02829	0.16233	0.11896	0.15202	0.01509	0.00921	0.00277	0.00730	0.01298	0.04651	0.00904
144	0.01926	0.01838	0.03129	0.27891	0.43524	0.01975	0.02522	0.02454	0.01853	0.02562	0.01569	0.02165	0.01271	0.00792	0.00845	0.00264	0.01056	0.00758	0.00406	0.01203
145	0.01249	0.00917	0.01176	0.01103	0.01317	0.00867	0.00830	0.01748	0.05383	0.03420	0.61359	0.06201	0.07764	0.01711	0.00997	0.00269	0.00415	0.01511	0.00933	0.00830
146	0.03179	0.04056	0.02412	0.02192	0.02631	0.66676	0.01644	0.03398	0.02412	0.02083	0.01315	0.01535	0.01096	0.00877	0.00767	0.00219	0.01535	0.00548	0.00438	0.00987
147	0.01849	0.01759	0.02989	0.37630	0.34389	0.01954	0.02484	0.02386	0.01816	0.02468	0.01555	0.02190	0.01238	0.00806	0.00847	0.00269	0.01075	0.00757	0.00399	0.01140
148	0.01735	0.07719	0.62615	0.02377	0.03608	0.02046	0.03060	0.02688	0.01793	0.02660	0.01510	0.01775	0.01079	0.00804	0.00795	0.00265	0.01240	0.00620	0.00360	0.01249
149	0.01023	0.00862	0.00890	0.00906	0.01180	0.00729	0.00684	0.01243	0.01927	0.02304	0.08275	0.10866	0.59349	0.02186	0.01017	0.00294	0.00449	0.04306	0.00790	0.00720
150	0.03123	0.03519	0.02458	0.02136	0.02612	0.47175	0.01649	0.18020	0.02751	0.02904	0.01487	0.01680	0.01185	0.00946	0.00897	0.00237	0.04970	0.00613	0.00539	0.01099
151	0.02828	0.03032	0.02481	0.17460	0.03385	0.35046	0.01805	0.18245	0.02657	0.02952	0.01549	0.01837	0.01196	0.00908	0.00808	0.00244	0.01287	0.00653	0.00531	0.01096
