[name]
unknown

[dist]
# distance from previous block
# <min> <max>
0	2

[block]
# block no. 0 follows, 21 sequences, length 16
# corresponding to MSA columns:
# 2-17
name=unknown_A
#
# <colnr> <probs for GDERKNQSTAVLIFYWHMCP>
#	G	D	E	R	K	N	Q	S	T	A	V	L	I	F	Y	W	H	M	C	P
0	0.01500	0.01086	0.01339	0.01343	0.01551	0.01094	0.01004	0.12246	0.02240	0.03023	0.15573	0.38921	0.05257	0.02160	0.01038	0.00319	0.00587	0.08034	0.00828	0.00858
1	0.01637	0.00939	0.01232	0.01178	0.01424	0.00848	0.00874	0.01933	0.02137	0.14768	0.30213	0.25861	0.09747	0.01929	0.01002	0.00293	0.00494	0.01704	0.00903	0.00885
2	0.08966	0.01490	0.01746	0.01457	0.01952	0.01513	0.01165	0.09195	0.15266	0.25273	0.18647	0.03624	0.03556	0.01224	0.00867	0.00269	0.00647	0.01010	0.00919	0.01217
3	0.11356	0.02593	0.02409	0.06306	0.02621	0.24754	0.04085	0.02823	0.07101	0.02441	0.01447	0.01846	0.01222	0.01090	0.01448	0.00289	0.24044	0.00672	0.00459	0.00995
4	0.44416	0.02018	0.01548	0.04690	0.02019	0.15341	0.01143	0.02489	0.01685	0.03081	0.01804	0.02088	0.05011	0.01496	0.07729	0.00375	0.01026	0.00625	0.00509	0.00907
5	0.01237	0.00877	0.01004	0.01000	0.01237	0.00768	0.00729	0.01465	0.01950	0.06453	0.16255	0.18423	0.37103	0.06138	0.01208	0.00325	0.00480	0.01773	0.00814	0.00762
6	0.01599	0.01515	0.02511	0.42708	0.14568	0.01714	0.04865	0.02100	0.01797	0.02321	0.02814	0.03308	0.12552	0.01064	0.00884	0.00279	0.01002	0.00955	0.00462	0.00980
7	0.01348	0.00799	0.01181	0.06274	0.01514	0.00812	0.00880	0.01215	0.01319	0.01752	0.02500	0.23805	0.02769	0.02703	0.02425	0.45720	0.00692	0.01274	0.00504	0.00516
8	0.01846	0.01756	0.02983	0.38029	0.34015	0.01953	0.02482	0.02383	0.01814	0.02464	0.01555	0.02191	0.01236	0.00807	0.00847	0.00269	0.01075	0.00757	0.00399	0.01138
9	0.18196	0.01239	0.01447	0.07054	0.01888	0.01420	0.01118	0.01731	0.01601	0.02549	0.03807	0.23292	0.15713	0.01767	0.01229	0.00314	0.12800	0.01401	0.00620	0.00814
10	0.01757	0.01691	0.02717	0.41455	0.04601	0.02074	0.07817	0.02508	0.09608	0.02383	0.01713	0.02315	0.01335	0.00992	0.01217	0.00301	0.13250	0.00805	0.00445	0.01014
11	0.01837	0.01725	0.02742	0.14369	0.27779	0.01812	0.07120	0.02665	0.13067	0.02727	0.02786	0.08054	0.07368	0.01111	0.00895	0.00278	0.00916	0.01034	0.00556	0.01157
12	0.01446	0.00958	0.01253	0.01247	0.01409	0.01028	0.00928	0.06678	0.01691	0.02450	0.02785	0.18068	0.02785	0.03727	0.26846	0.10384	0.01243	0.01198	0.13118	0.00759
13	0.02415	0.02501	0.03166	0.04347	0.47096	0.16606	0.02335	0.06324	0.02167	0.02777	0.01563	0.01974	0.01297	0.00801	0.00826	0.00245	0.01124	0.00711	0.00451	0.01273
14	0.18960	0.02166	0.01826	0.01801	0.05724	0.18409	0.01293	0.07832	0.10019	0.03088	0.06132	0.14307	0.02538	0.01273	0.00809	0.00269	0.00886	0.01010	0.00642	0.01015
15	0.02341	0.02222	0.02057	0.12525	0.02767	0.17168	0.01491	0.17569	0.10115	0.03192	0.03176	0.03256	0.12809	0.01178	0.00849	0.00259	0.00962	0.00924	0.04057	0.01083

[dist]
# distance from previous block
# <min> <max>
5	7

[block]
# block no. 1 follows, 21 sequences, length 23
# corresponding to MSA columns:
# 25-47
name=unknown_B
#
# <colnr> <probs for GDERKNQSTAVLIFYWHMCP>
#	G	D	E	R	K	N	Q	S	T	A	V	L	I	F	Y	W	H	M	C	P
0	0.01973	0.02082	0.03656	0.30323	0.07339	0.06470	0.28152	0.04802	0.01982	0.02555	0.01614	0.02215	0.01221	0.00797	0.00912	0.00278	0.01280	0.00851	0.00425	0.01072
1	0.01126	0.00812	0.00927	0.00978	0.01065	0.00763	0.00621	0.01220	0.01520	0.01953	0.04727	0.22956	0.19462	0.35080	0.02632	0.00562	0.00638	0.01689	0.00658	0.00613
2	0.01601	0.01287	0.01618	0.11801	0.02248	0.05168	0.01273	0.04850	0.01694	0.02428	0.02134	0.02896	0.01838	0.03586	0.32627	0.00788	0.04892	0.00826	0.15593	0.00852
3	0.01898	0.01571	0.02376	0.48928	0.04807	0.01883	0.02063	0.02819	0.14290	0.07796	0.02066	0.02506	0.01514	0.00930	0.00854	0.00283	0.01006	0.00807	0.00534	0.01070
4	0.01613	0.15389	0.02586	0.01760	0.02087	0.01877	0.08073	0.01941	0.01504	0.02076	0.01826	0.02610	0.01677	0.03891	0.36664	0.00862	0.11442	0.00805	0.00422	0.00896
5	0.01230	0.01098	0.01390	0.01750	0.14102	0.00984	0.01047	0.01504	0.01939	0.02397	0.07192	0.06952	0.51597	0.01871	0.00973	0.00280	0.00549	0.01585	0.00715	0.00847
6	0.02323	0.01504	0.01580	0.01314	0.01727	0.01618	0.01052	0.28770	0.02775	0.04151	0.02449	0.02668	0.01853	0.01005	0.00709	0.00224	0.00638	0.00781	0.41775	0.01085
7	0.02104	0.46694	0.07174	0.01499	0.02125	0.08335	0.01438	0.02440	0.01932	0.02337	0.14069	0.02421	0.02504	0.00952	0.00674	0.00208	0.00882	0.00694	0.00487	0.01034
8	0.02413	0.37923	0.09023	0.01948	0.05743	0.21190	0.01697	0.02747	0.01921	0.02126	0.01338	0.01608	0.01167	0.01113	0.04557	0.00274	0.01206	0.00540	0.00393	0.01070
9	0.01117	0.00940	0.00979	0.00970	0.01255	0.00845	0.00726	0.01532	0.07343	0.02467	0.11184	0.11265	0.52234	0.02073	0.00998	0.00290	0.00454	0.01744	0.00805	0.00777
10	0.02203	0.02151	0.02971	0.04064	0.43323	0.07735	0.02203	0.03169	0.17649	0.02918	0.02052	0.02329	0.01645	0.00870	0.00842	0.00259	0.00971	0.00792	0.00536	0.01316
11	0.02172	0.03021	0.20652	0.03943	0.37488	0.12662	0.02601	0.02765	0.01976	0.02642	0.01533	0.01926	0.01231	0.00792	0.00821	0.00252	0.01166	0.00688	0.00407	0.01263
12	0.01707	0.04402	0.65683	0.02426	0.03683	0.01976	0.03144	0.02695	0.01797	0.02695	0.01527	0.01797	0.01078	0.00809	0.00809	0.00270	0.01258	0.00629	0.00359	0.01258
13	0.01045	0.00864	0.00916	0.00903	0.01174	0.00735	0.00677	0.01297	0.02032	0.02519	0.19611	0.07828	0.53311	0.02073	0.01005	0.00283	0.00425	0.01745	0.00819	0.00735
14	0.01019	0.00863	0.00881	0.00876	0.01158	0.00724	0.00657	0.01248	0.01972	0.02375	0.12432	0.08065	0.60580	0.02127	0.01006	0.00286	0.00429	0.01778	0.00800	0.00724
15	0.02051	0.02244	0.12077	0.01997	0.05231	0.02090	0.01688	0.04148	0.50797	0.03388	0.03074	0.02909	0.02302	0.01082	0.00856	0.00284	0.00781	0.00900	0.00766	0.01333
16	0.01862	0.01862	0.02607	0.02234	0.02234	0.02607	0.01862	0.02048	0.01303	0.02048	0.01117	0.01862	0.01117	0.01489	0.02793	0.00372	0.68535	0.00745	0.00372	0.00931
17	0.02821	0.02110	0.02355	0.07416	0.02726	0.02330	0.01566	0.48923	0.03576	0.04788	0.07768	0.02711	0.04764	0.01120	0.00871	0.00260	0.00884	0.00879	0.00816	0.01316
18	0.01216	0.00912	0.01368	0.01368	0.01520	0.01064	0.01064	0.01520	0.01368	0.01976	0.02279	0.03343	0.02127	0.06382	0.66720	0.01368	0.02279	0.00912	0.00456	0.00760
19	0.02615	0.29892	0.03495	0.02437	0.15104	0.07187	0.01757	0.21949	0.02558	0.03260	0.01557	0.01748	0.01260	0.00840	0.00721	0.00223	0.00982	0.00624	0.00539	0.01253
20	0.01979	0.01892	0.03224	0.21280	0.49724	0.01988	0.02548	0.02500	0.01877	0.02625	0.01578	0.02148	0.01293	0.00782	0.00845	0.00261	0.01043	0.00758	0.00410	0.01245
21	0.02027	0.02465	0.15756	0.03946	0.39664	0.02032	0.02462	0.03017	0.14388	0.02922	0.01965	0.02261	0.01548	0.00849	0.00840	0.00263	0.00992	0.00774	0.00499	0.01329
22	0.01785	0.02954	0.31360	0.03399	0.28961	0.01835	0.02603	0.02473	0.01874	0.02680	0.02461	0.02740	0.09255	0.00959	0.00848	0.00265	0.01049	0.00832	0.00440	0.01227

[dist]
# distance from previous block
# <min> <max>
0	1

[block]
# block no. 2 follows, 21 sequences, length 37
# corresponding to MSA columns:
# 49-85
name=unknown_C
#
# <colnr> <probs for GDERKNQSTAVLIFYWHMCP>
#	G	D	E	R	K	N	Q	S	T	A	V	L	I	F	Y	W	H	M	C	P
0	0.01681	0.03621	0.51633	0.02072	0.03100	0.01720	0.02592	0.02541	0.01794	0.02798	0.01798	0.02095	0.01317	0.00848	0.00762	0.00254	0.01071	0.00664	0.16481	0.01157
1	0.02150	0.17183	0.04622	0.03144	0.07897	0.06662	0.40715	0.02724	0.01970	0.02530	0.01570	0.02031	0.01239	0.00733	0.00879	0.00257	0.01299	0.00839	0.00416	0.01139
2	0.03179	0.04056	0.02412	0.02192	0.02631	0.66676	0.01644	0.03398	0.02412	0.02083	0.01315	0.01535	0.01096	0.00877	0.00767	0.00219	0.01535	0.00548	0.00438	0.00987
3	0.01121	0.00851	0.01040	0.01080	0.01276	0.00770	0.00809	0.01406	0.02040	0.02690	0.26954	0.20976	0.25541	0.02140	0.01040	0.00304	0.00472	0.07899	0.00841	0.00749
4	0.02508	0.19217	0.03114	0.02112	0.02517	0.28953	0.05251	0.02760	0.01900	0.02092	0.01250	0.01635	0.01113	0.01011	0.01321	0.00259	0.20970	0.00611	0.00401	0.01005
5	0.01372	0.01099	0.01599	0.02071	0.13654	0.01066	0.01354	0.01695	0.01862	0.02456	0.04546	0.24433	0.12349	0.02105	0.01064	0.00338	0.00701	0.24661	0.00717	0.00858
6	0.01924	0.01417	0.01736	0.01528	0.01849	0.01589	0.01199	0.22624	0.02275	0.03126	0.02239	0.03124	0.01992	0.11248	0.37081	0.00921	0.01656	0.00895	0.00601	0.00974
7	0.01951	0.23408	0.35717	0.02679	0.14991	0.02394	0.02546	0.02636	0.01804	0.02508	0.01440	0.01729	0.01134	0.00775	0.00738	0.00241	0.01108	0.00603	0.00373	0.01226
8	0.01974	0.02626	0.17341	0.03010	0.07564	0.02098	0.31354	0.03127	0.16108	0.02915	0.02074	0.02379	0.01551	0.00841	0.00920	0.00281	0.01194	0.00898	0.00515	0.01230
9	0.01586	0.00793	0.00793	0.00793	0.00991	0.00793	0.00595	0.01983	0.01785	0.03173	0.02776	0.03173	0.02181	0.00991	0.00595	0.00198	0.00397	0.00793	0.74817	0.00793
10	0.02106	0.02022	0.03454	0.05223	0.64784	0.02022	0.02612	0.02612	0.01938	0.02780	0.01601	0.02106	0.01348	0.00758	0.00842	0.00253	0.01011	0.00758	0.00421	0.01348
11	0.02793	0.15816	0.03082	0.02624	0.16005	0.17675	0.01808	0.23936	0.02744	0.03388	0.01611	0.01807	0.01275	0.00874	0.00771	0.00232	0.01088	0.00653	0.00568	0.01249
12	0.01462	0.01273	0.01839	0.01697	0.01792	0.01651	0.01367	0.01721	0.01343	0.02003	0.01837	0.02780	0.01743	0.04521	0.42398	0.00989	0.27487	0.00848	0.00424	0.00825
13	0.01064	0.00864	0.00943	0.00923	0.01185	0.00743	0.00693	0.01334	0.02078	0.02626	0.25001	0.07651	0.47854	0.02033	0.01005	0.00282	0.00422	0.01720	0.00833	0.00743
14	0.02275	0.70604	0.04459	0.01456	0.02184	0.03367	0.01456	0.02548	0.01729	0.02002	0.01183	0.01365	0.01092	0.00728	0.00546	0.00182	0.00910	0.00455	0.00364	0.01092
15	0.01673	0.01138	0.01344	0.01296	0.01492	0.01159	0.00914	0.14061	0.02062	0.05521	0.03561	0.36022	0.03946	0.19543	0.01859	0.00446	0.00682	0.01700	0.00744	0.00838
16	0.02106	0.02022	0.03454	0.05223	0.64784	0.02022	0.02612	0.02612	0.01938	0.02780	0.01601	0.02106	0.01348	0.00758	0.00842	0.00253	0.01011	0.00758	0.00421	0.01348
17	0.02009	0.02296	0.05022	0.03587	0.04448	0.02152	0.61693	0.02726	0.02009	0.02726	0.01722	0.02296	0.01291	0.00717	0.01004	0.00287	0.01435	0.01004	0.00430	0.01148
18	0.02169	0.02140	0.03394	0.05047	0.61170	0.05781	0.02555	0.02657	0.01965	0.02740	0.01584	0.02073	0.01333	0.00765	0.00838	0.00251	0.01041	0.00746	0.00422	0.01327
19	0.01158	0.00947	0.01038	0.01077	0.01313	0.00889	0.00782	0.01632	0.09688	0.02420	0.06694	0.27321	0.37567	0.02192	0.01014	0.00306	0.00482	0.01890	0.00800	0.00790
20	0.01220	0.00852	0.01088	0.01098	0.01154	0.00903	0.00725	0.01335	0.01304	0.01792	0.02639	0.07985	0.02877	0.44014	0.26394	0.00994	0.01327	0.01181	0.00508	0.00611
21	0.01216	0.00912	0.01368	0.01368	0.01520	0.01064	0.01064	0.01520	0.01368	0.01976	0.02279	0.03343	0.02127	0.06382	0.66720	0.01368	0.02279	0.00912	0.00456	0.00760
22	0.02275	0.70604	0.04459	0.01456	0.02184	0.03367	0.01456	0.02548	0.01729	0.02002	0.01183	0.01365	0.01092	0.00728	0.00546	0.00182	0.00910	0.00455	0.00364	0.01092
23	0.01216	0.00912	0.01368	0.01368	0.01520	0.01064	0.01064	0.01520	0.01368	0.01976	0.02279	0.03343	0.02127	0.06382	0.66720	0.01368	0.02279	0.00912	0.00456	0.00760
24	0.01119	0.00808	0.01012	0.01072	0.01187	0.00751	0.00734	0.01331	0.01845	0.02493	0.23654	0.32552	0.12207	0.13373	0.01584	0.00393	0.00512	0.01881	0.00791	0.00701
25	0.02564	0.02014	0.02485	0.02530	0.16744	0.02109	0.01667	0.34554	0.02978	0.04076	0.02089	0.06482	0.01763	0.05039	0.01043	0.00280	0.00887	0.00868	0.00692	0.09136
26	0.02020	0.02423	0.17698	0.03907	0.40010	0.01836	0.02464	0.02617	0.01984	0.06567	0.08326	0.02531	0.02037	0.00891	0.00852	0.00259	0.00987	0.00816	0.00499	0.01275
27	0.01820	0.11089	0.50914	0.02696	0.11666	0.02130	0.02895	0.02668	0.01808	0.02633	0.01501	0.01792	0.01115	0.00793	0.00785	0.00258	0.01188	0.00628	0.00368	0.01252
28	0.02568	0.02652	0.02246	0.06080	0.06527	0.26620	0.01596	0.03817	0.29774	0.05702	0.02408	0.02417	0.01838	0.01001	0.00826	0.00259	0.01052	0.00775	0.00655	0.01191
29	0.01830	0.01750	0.01786	0.01441	0.01978	0.09902	0.01129	0.02140	0.01791	0.02503	0.02181	0.06818	0.05738	0.01307	0.04728	0.00257	0.06506	0.00768	0.00520	0.44929
30	0.01149	0.00965	0.01015	0.01019	0.01306	0.00883	0.00775	0.01607	0.08532	0.02441	0.07560	0.11779	0.50332	0.02093	0.01006	0.00298	0.00482	0.05169	0.00798	0.00788
31	0.01609	0.01184	0.01375	0.01341	0.01559	0.01226	0.00964	0.14569	0.06169	0.02892	0.03945	0.39560	0.06739	0.10969	0.01440	0.00382	0.00642	0.01784	0.00773	0.00876
32	0.01821	0.01507	0.01606	0.01408	0.01813	0.04366	0.01066	0.11006	0.12937	0.03080	0.08380	0.17392	0.07371	0.05997	0.01107	0.00293	0.00676	0.01250	0.00732	0.16193
33	0.01495	0.01218	0.01439	0.01376	0.05752	0.01071	0.00937	0.05427	0.01900	0.02590	0.06579	0.07583	0.22108	0.13346	0.01455	0.00330	0.00631	0.01197	0.00642	0.22924
34	0.10409	0.01798	0.02183	0.02030	0.06430	0.06062	0.07706	0.05371	0.19985	0.05489	0.05815	0.13765	0.02712	0.01313	0.00989	0.00290	0.04747	0.01116	0.00692	0.01102
35	0.01766	0.01624	0.02436	0.15716	0.28197	0.01715	0.01903	0.02545	0.12259	0.02733	0.05945	0.03644	0.13641	0.01148	0.00886	0.00272	0.00842	0.01021	0.00580	0.01129
36	0.09607	0.01934	0.05722	0.22288	0.34491	0.01977	0.02306	0.02608	0.05938	0.02764	0.01655	0.02135	0.01315	0.00817	0.00812	0.00266	0.00998	0.00735	0.00447	0.01185

[dist]
# distance from previous block
# <min> <max>
24	57

[block]
# block no. 3 follows, 21 sequences, length 35
# corresponding to MSA columns:
# 146-180
name=unknown_D
#
# <colnr> <probs for GDERKNQSTAVLIFYWHMCP>
#	G	D	E	R	K	N	Q	S	T	A	V	L	I	F	Y	W	H	M	C	P
0	0.02178	0.16332	0.19052	0.02502	0.12003	0.16445	0.02112	0.02650	0.01856	0.02316	0.01442	0.01830	0.01212	0.01308	0.06137	0.00336	0.08157	0.00631	0.00396	0.01107
1	0.01887	0.02641	0.22848	0.19451	0.03518	0.07460	0.02155	0.06731	0.01954	0.02702	0.01962	0.02361	0.03757	0.00968	0.00941	0.00266	0.05935	0.00742	0.10664	0.01057
2	0.01553	0.16456	0.01912	0.01250	0.01612	0.06444	0.01047	0.01850	0.02038	0.02504	0.18262	0.05982	0.23909	0.01680	0.00912	0.00271	0.00669	0.10100	0.00701	0.00850
3	0.01595	0.01277	0.01423	0.01285	0.01573	0.03405	0.00951	0.04031	0.06151	0.02558	0.02988	0.18466	0.05223	0.12180	0.01531	0.00341	0.06240	0.01210	0.10394	0.17178
4	0.01953	0.10317	0.15702	0.01773	0.02321	0.13487	0.01635	0.02798	0.15343	0.02532	0.02653	0.17781	0.02550	0.04177	0.00993	0.00295	0.00946	0.01106	0.00591	0.01048
5	0.14891	0.02453	0.08004	0.01692	0.02125	0.22713	0.01416	0.02615	0.06696	0.02694	0.06260	0.14886	0.02741	0.01374	0.00843	0.00277	0.00970	0.05801	0.00602	0.00949
6	0.02270	0.07166	0.02137	0.01728	0.02116	0.19418	0.01372	0.15386	0.02257	0.02751	0.01886	0.02422	0.01622	0.03296	0.29492	0.00725	0.01682	0.00748	0.00531	0.00997
7	0.10245	0.03226	0.36470	0.02840	0.15294	0.01931	0.07151	0.02780	0.01855	0.08012	0.01670	0.01940	0.01215	0.00810	0.00803	0.00266	0.01113	0.00683	0.00453	0.01245
8	0.02465	0.02884	0.02861	0.02321	0.02841	0.32045	0.14741	0.02819	0.02051	0.02326	0.01453	0.01850	0.01210	0.01098	0.03738	0.00284	0.09024	0.00679	0.00440	0.12868
9	0.01280	0.00874	0.01089	0.01075	0.01289	0.00785	0.00790	0.01574	0.02117	0.06701	0.33364	0.21267	0.20594	0.02012	0.01014	0.00290	0.00450	0.01763	0.00875	0.00797
10	0.02044	0.02165	0.08425	0.20424	0.17527	0.02156	0.13571	0.10275	0.02077	0.02860	0.01598	0.02123	0.01246	0.00897	0.01096	0.00283	0.08819	0.00793	0.00458	0.01162
11	0.01224	0.00887	0.01155	0.01142	0.01338	0.00831	0.00884	0.01596	0.02251	0.03116	0.47660	0.07016	0.10576	0.04767	0.01176	0.00315	0.00490	0.11911	0.00883	0.00782
12	0.18442	0.02694	0.21709	0.03179	0.21509	0.02007	0.13260	0.02633	0.01800	0.02976	0.01509	0.01888	0.01163	0.00773	0.00792	0.00266	0.01084	0.00699	0.00428	0.01189
13	0.01218	0.00902	0.01318	0.01318	0.01452	0.01037	0.01001	0.01488	0.01353	0.01938	0.02325	0.03597	0.02237	0.13633	0.59619	0.01306	0.02114	0.00949	0.00463	0.00732
14	0.01084	0.00805	0.01022	0.01177	0.01301	0.00743	0.00853	0.01286	0.01749	0.02260	0.05504	0.46752	0.18129	0.02506	0.01083	0.00341	0.00527	0.11378	0.00789	0.00712
15	0.30464	0.02095	0.13849	0.01436	0.02049	0.01770	0.01391	0.12692	0.02041	0.03707	0.01797	0.02024	0.01358	0.00884	0.00654	0.00247	0.00757	0.00629	0.19111	0.01046
16	0.01707	0.04402	0.65683	0.02426	0.03683	0.01976	0.03144	0.02695	0.01797	0.02695	0.01527	0.01797	0.01078	0.00809	0.00809	0.00270	0.01258	0.00629	0.00359	0.01258
17	0.01216	0.00912	0.01368	0.01368	0.01520	0.01064	0.01064	0.01520	0.01368	0.01976	0.02279	0.03343	0.02127	0.06382	0.66720	0.01368	0.02279	0.00912	0.00456	0.00760
18	0.02106	0.02022	0.03454	0.05223	0.64784	0.02022	0.02612	0.02612	0.01938	0.02780	0.01601	0.02106	0.01348	0.00758	0.00842	0.00253	0.01011	0.00758	0.00421	0.01348
19	0.02195	0.02190	0.03368	0.04973	0.59654	0.07358	0.02532	0.02677	0.01977	0.02723	0.01577	0.02059	0.01327	0.00768	0.00836	0.00250	0.01054	0.00741	0.00423	0.01318
20	0.01446	0.00739	0.01100	0.01114	0.01118	0.00736	0.00743	0.01114	0.01147	0.01529	0.01712	0.07463	0.01780	0.02935	0.03163	0.69786	0.00721	0.00861	0.00400	0.00393
21	0.02436	0.07982	0.02298	0.09264	0.02643	0.17744	0.01486	0.19772	0.07332	0.03191	0.03126	0.03174	0.13657	0.01174	0.00837	0.00253	0.00983	0.00902	0.00646	0.01099
22	0.02117	0.02415	0.10235	0.08133	0.49967	0.06994	0.02583	0.02658	0.01946	0.02684	0.01566	0.02037	0.01287	0.00778	0.00833	0.00254	0.01086	0.00728	0.00413	0.01288
23	0.01387	0.01227	0.01805	0.09799	0.19355	0.01207	0.01423	0.01706	0.01835	0.02387	0.04883	0.21156	0.25043	0.01747	0.00963	0.00292	0.00688	0.01546	0.00641	0.00912
24	0.01234	0.01080	0.01392	0.01748	0.13559	0.00975	0.01049	0.01512	0.01944	0.02449	0.10246	0.11365	0.44545	0.01896	0.00980	0.00284	0.00547	0.01624	0.00727	0.00844
25	0.02700	0.02758	0.02920	0.03528	0.31076	0.23014	0.02081	0.15906	0.02544	0.03123	0.01606	0.01908	0.01289	0.00854	0.00820	0.00243	0.01164	0.00692	0.00521	0.01253
26	0.02315	0.02418	0.03251	0.04633	0.52676	0.14617	0.02423	0.02765	0.02030	0.02644	0.01545	0.01995	0.01299	0.00781	0.00828	0.00246	0.01113	0.00717	0.00425	0.01278
27	0.10736	0.02728	0.07801	0.17343	0.19313	0.23085	0.02093	0.02767	0.01973	0.02530	0.01435	0.01847	0.01148	0.00825	0.00781	0.00251	0.01189	0.00645	0.00424	0.01086
28	0.20608	0.12354	0.06178	0.02386	0.18447	0.01942	0.01613	0.02330	0.01649	0.02761	0.01553	0.02006	0.01330	0.01850	0.13532	0.00453	0.01139	0.00639	0.00449	0.06782
29	0.08561	0.02237	0.02424	0.02674	0.19305	0.12514	0.01692	0.19531	0.02516	0.03421	0.02000	0.09774	0.01793	0.01068	0.00819	0.00250	0.00956	0.00876	0.00605	0.06986
30	0.02067	0.02657	0.13941	0.03171	0.26839	0.15962	0.02106	0.02562	0.02081	0.02663	0.10565	0.02946	0.06747	0.01029	0.00854	0.00253	0.01045	0.00870	0.00511	0.01132
31	0.04995	0.02114	0.18759	0.06886	0.02513	0.04920	0.05159	0.01977	0.01764	0.02470	0.07503	0.25118	0.03311	0.07220	0.01206	0.00340	0.00889	0.01367	0.00578	0.00911
32	0.05365	0.07794	0.32902	0.05504	0.02882	0.01715	0.02131	0.02542	0.01917	0.10107	0.10699	0.08127	0.02539	0.01116	0.00834	0.00269	0.00952	0.00916	0.00566	0.01125
33	0.05509	0.19874	0.20002	0.02629	0.18566	0.02160	0.02095	0.02579	0.01907	0.06125	0.08940	0.02345	0.02019	0.00897	0.00763	0.00242	0.00948	0.00730	0.00490	0.01180
34	0.08071	0.02983	0.11472	0.02980	0.21937	0.26143	0.02022	0.02815	0.02103	0.02647	0.07404	0.02196	0.01817	0.00905	0.00800	0.00245	0.01157	0.00712	0.00476	0.01115

[dist]
# distance from previous block
# <min> <max>
18	84

[block]
# block no. 4 follows, 21 sequences, length 6
# corresponding to MSA columns:
# 277-282
name=unknown_E
#
# <colnr> <probs for GDERKNQSTAVLIFYWHMCP>
#	G	D	E	R	K	N	Q	S	T	A	V	L	I	F	Y	W	H	M	C	P
0	0.02216	0.02679	0.09870	0.03490	0.30561	0.18665	0.02184	0.02641	0.01962	0.02471	0.01776	0.08397	0.01646	0.01039	0.01003	0.00265	0.06691	0.00848	0.00450	0.01147
1	0.01752	0.04966	0.06489	0.01890	0.09895	0.12570	0.01368	0.02303	0.08464	0.02521	0.07515	0.04895	0.29117	0.01473	0.00895	0.00265	0.00800	0.01206	0.00647	0.00971
2	0.02496	0.19534	0.11113	0.02243	0.12028	0.11627	0.01754	0.02819	0.01925	0.14032	0.01758	0.02005	0.01370	0.01111	0.01073	0.09831	0.01007	0.00650	0.00513	0.01112
3	0.02033	0.02565	0.12743	0.01742	0.02371	0.17204	0.01571	0.02463	0.01970	0.02613	0.09473	0.02310	0.02044	0.00935	0.00926	0.00212	0.06717	0.00689	0.00508	0.28912
4	0.09314	0.01505	0.02059	0.01855	0.06518	0.01544	0.07206	0.11998	0.02125	0.12924	0.06624	0.03320	0.02358	0.15128	0.11280	0.00536	0.01071	0.00941	0.00662	0.01033
5	0.01822	0.01616	0.07106	0.01733	0.08568	0.01333	0.01294	0.06616	0.07087	0.08800	0.04516	0.04611	0.24099	0.06299	0.01125	0.00296	0.00703	0.01146	0.00694	0.10537

[dist]
# distance from previous block
# <min> <max>
6	24

[block]
# block no. 5 follows, 21 sequences, length 22
# corresponding to MSA columns:
# 307-328
name=unknown_F
#
# <colnr> <probs for GDERKNQSTAVLIFYWHMCP>
#	G	D	E	R	K	N	Q	S	T	A	V	L	I	F	Y	W	H	M	C	P
0	0.02385	0.14155	0.02622	0.01771	0.02254	0.02381	0.01489	0.17265	0.13857	0.06975	0.02036	0.02223	0.01610	0.01431	0.05667	0.00340	0.14427	0.00743	0.00635	0.05735
1	0.01006	0.00862	0.00862	0.00862	0.01149	0.00718	0.00647	0.01221	0.01940	0.02299	0.08621	0.08190	0.64438	0.02155	0.01006	0.00287	0.00431	0.01796	0.00790	0.00718
2	0.02769	0.14399	0.02737	0.01729	0.02433	0.02468	0.01467	0.39367	0.03148	0.04244	0.01783	0.01866	0.01346	0.00891	0.00753	0.00216	0.00870	0.00658	0.00695	0.16160
3	0.02832	0.21645	0.02965	0.01853	0.02462	0.23814	0.01540	0.20903	0.05306	0.03153	0.01602	0.01724	0.01275	0.00880	0.00729	0.00218	0.01100	0.00604	0.00565	0.04829
4	0.02344	0.36046	0.20827	0.01880	0.02706	0.12415	0.01964	0.08247	0.02062	0.02518	0.01378	0.01572	0.01122	0.00800	0.00680	0.00219	0.01102	0.00546	0.00419	0.01155
5	0.01037	0.00741	0.00987	0.01185	0.01234	0.00691	0.00790	0.01185	0.01629	0.02172	0.04690	0.69537	0.05629	0.02666	0.01086	0.00346	0.00494	0.02419	0.00790	0.00691
6	0.01991	0.01629	0.02170	0.06511	0.16651	0.01748	0.01676	0.06023	0.23243	0.05767	0.03344	0.04469	0.05954	0.01347	0.00933	0.00300	0.00805	0.13542	0.00720	0.01176
7	0.02347	0.14446	0.14207	0.05339	0.02801	0.17880	0.01972	0.08766	0.02027	0.02514	0.01364	0.01727	0.01136	0.01013	0.01278	0.00269	0.18764	0.00631	0.00434	0.01084
8	0.01006	0.00862	0.00862	0.00862	0.01149	0.00718	0.00647	0.01221	0.01940	0.02299	0.08621	0.08190	0.64438	0.02155	0.01006	0.00287	0.00431	0.01796	0.00790	0.00718
9	0.01585	0.01195	0.01650	0.09346	0.02170	0.01380	0.01272	0.10619	0.01825	0.02577	0.02184	0.03012	0.01912	0.04597	0.45040	0.01002	0.01828	0.00864	0.05057	0.00886
10	0.01006	0.00862	0.00862	0.00862	0.01149	0.00718	0.00647	0.01221	0.01940	0.02299	0.08621	0.08190	0.64438	0.02155	0.01006	0.00287	0.00431	0.01796	0.00790	0.00718
11	0.02275	0.70604	0.04459	0.01456	0.02184	0.03367	0.01456	0.02548	0.01729	0.02002	0.01183	0.01365	0.01092	0.00728	0.00546	0.00182	0.00910	0.00455	0.00364	0.01092
12	0.03179	0.04056	0.02412	0.02192	0.02631	0.66676	0.01644	0.03398	0.02412	0.02083	0.01315	0.01535	0.01096	0.00877	0.00767	0.00219	0.01535	0.00548	0.00438	0.00987
13	0.03235	0.02384	0.02554	0.01958	0.02639	0.02639	0.01618	0.61946	0.04001	0.05363	0.02043	0.02043	0.01447	0.01022	0.00851	0.00255	0.00936	0.00766	0.00851	0.01447
14	0.02100	0.02039	0.03553	0.05120	0.60964	0.02030	0.06352	0.02619	0.01942	0.02777	0.01608	0.02118	0.01344	0.00756	0.00853	0.00255	0.01038	0.00774	0.00422	0.01335
15	0.01263	0.00994	0.01424	0.01417	0.01521	0.01172	0.01080	0.01503	0.01407	0.02008	0.02651	0.16977	0.02775	0.08403	0.41584	0.00999	0.10331	0.01220	0.00518	0.00754
16	0.01238	0.00825	0.00928	0.00928	0.00928	0.00825	0.00516	0.01238	0.01238	0.01650	0.02681	0.05569	0.03094	0.70092	0.04331	0.00825	0.00825	0.01238	0.00516	0.00516
17	0.02246	0.02427	0.02249	0.05767	0.13489	0.26254	0.01638	0.02664	0.05208	0.02308	0.01793	0.02380	0.01560	0.05146	0.12780	0.00473	0.05436	0.00740	0.04448	0.00992
18	0.01990	0.01808	0.01586	0.01424	0.01798	0.16907	0.01048	0.02228	0.01881	0.06628	0.02641	0.20617	0.02695	0.08011	0.01158	0.00290	0.00824	0.01146	0.05067	0.20252
19	0.02407	0.19426	0.18707	0.02257	0.08118	0.16409	0.02021	0.11927	0.02245	0.02779	0.01526	0.01785	0.01222	0.01131	0.04277	0.00293	0.01218	0.00617	0.00464	0.01170
20	0.02312	0.12298	0.09021	0.05680	0.14966	0.21673	0.01851	0.06679	0.02168	0.02530	0.02471	0.02665	0.10160	0.01016	0.00799	0.00241	0.01099	0.00787	0.00492	0.01092
21	0.11287	0.02250	0.17082	0.03065	0.27075	0.01725	0.02103	0.02364	0.01860	0.02914	0.11005	0.02694	0.02306	0.01445	0.06952	0.00364	0.01050	0.00821	0.00501	0.01136

[dist]
# distance from previous block
# <min> <max>
0	10

[block]
# block no. 6 follows, 21 sequences, length 63
# corresponding to MSA columns:
# 339-401
name=unknown_G
#
# <colnr> <probs for GDERKNQSTAVLIFYWHMCP>
#	G	D	E	R	K	N	Q	S	T	A	V	L	I	F	Y	W	H	M	C	P
0	0.02086	0.02979	0.23203	0.06079	0.21579	0.09855	0.02391	0.03115	0.14790	0.02804	0.01929	0.02168	0.01482	0.00876	0.00828	0.00263	0.01090	0.00733	0.00494	0.01256
1	0.14201	0.02605	0.25596	0.02614	0.18660	0.01722	0.02127	0.02343	0.01803	0.02826	0.02923	0.03100	0.13934	0.01065	0.00810	0.00268	0.00926	0.00870	0.00491	0.01115
2	0.01720	0.05108	0.01890	0.01981	0.14783	0.01342	0.01242	0.05225	0.01962	0.02882	0.06375	0.10549	0.08380	0.01196	0.00782	0.00226	0.00644	0.01026	0.16678	0.16009
3	0.02171	0.02940	0.15654	0.08889	0.12216	0.22310	0.02063	0.02737	0.05320	0.02414	0.01939	0.10126	0.01768	0.01107	0.00946	0.00268	0.04705	0.00877	0.00476	0.01074
4	0.01632	0.02703	0.28961	0.13683	0.16343	0.01717	0.02397	0.02292	0.01839	0.02546	0.02975	0.03233	0.13957	0.01077	0.00863	0.00272	0.01018	0.00913	0.00463	0.01115
5	0.01251	0.00941	0.01204	0.01336	0.01562	0.00894	0.01133	0.01585	0.01953	0.02465	0.05857	0.09137	0.24449	0.02287	0.01120	0.00358	0.00668	0.40254	0.00786	0.00762
6	0.02106	0.02022	0.03454	0.05223	0.64784	0.02022	0.02612	0.02612	0.01938	0.02780	0.01601	0.02106	0.01348	0.00758	0.00842	0.00253	0.01011	0.00758	0.00421	0.01348
7	0.01060	0.00781	0.00993	0.01115	0.01227	0.00714	0.00769	0.01261	0.01809	0.02400	0.15279	0.49280	0.15327	0.02431	0.01060	0.00323	0.00468	0.02174	0.00815	0.00714
8	0.02754	0.02887	0.02186	0.01929	0.02406	0.31937	0.01486	0.12874	0.22496	0.03140	0.02211	0.02240	0.01701	0.00997	0.00803	0.00246	0.01097	0.00731	0.04713	0.01166
9	0.01988	0.02438	0.09134	0.03508	0.04396	0.02140	0.57724	0.02724	0.01994	0.02724	0.01708	0.02262	0.01277	0.00724	0.00991	0.00286	0.01423	0.00979	0.00426	0.01155
10	0.01216	0.00912	0.01368	0.01368	0.01520	0.01064	0.01064	0.01520	0.01368	0.01976	0.02279	0.03343	0.02127	0.06382	0.66720	0.01368	0.02279	0.00912	0.00456	0.00760
11	0.01586	0.00793	0.00793	0.00793	0.00991	0.00793	0.00595	0.01983	0.01785	0.03173	0.02776	0.03173	0.02181	0.00991	0.00595	0.00198	0.00397	0.00793	0.74817	0.00793
12	0.02635	0.01877	0.02093	0.01703	0.02178	0.02067	0.01350	0.39100	0.09813	0.04112	0.02048	0.02316	0.01584	0.01560	0.01522	0.20541	0.00854	0.00781	0.00723	0.01145
13	0.01746	0.01756	0.02185	0.01919	0.02158	0.11804	0.07776	0.02056	0.01586	0.02088	0.01820	0.02631	0.01660	0.03869	0.35699	0.00860	0.16252	0.00829	0.00433	0.00873
14	0.02262	0.03035	0.19992	0.03089	0.22048	0.15539	0.02296	0.09299	0.02174	0.02821	0.01635	0.02013	0.01307	0.01363	0.07111	0.00357	0.01301	0.00694	0.00459	0.01202
15	0.68058	0.01624	0.01331	0.01163	0.01704	0.01836	0.00958	0.02685	0.01558	0.10669	0.01427	0.01551	0.01054	0.00819	0.00563	0.00263	0.00666	0.00505	0.00585	0.00980
16	0.01022	0.00798	0.00928	0.01033	0.01194	0.00704	0.00722	0.01202	0.01776	0.02232	0.06542	0.40632	0.33338	0.02425	0.01048	0.00318	0.00464	0.02126	0.00790	0.00704
17	0.01586	0.00793	0.00793	0.00793	0.00991	0.00793	0.00595	0.01983	0.01785	0.03173	0.02776	0.03173	0.02181	0.00991	0.00595	0.00198	0.00397	0.00793	0.74817	0.00793
18	0.03235	0.02384	0.02554	0.01958	0.02639	0.02639	0.01618	0.61946	0.04001	0.05363	0.02043	0.02043	0.01447	0.01022	0.00851	0.00255	0.00936	0.00766	0.00851	0.01447
19	0.03235	0.02384	0.02554	0.01958	0.02639	0.02639	0.01618	0.61946	0.04001	0.05363	0.02043	0.02043	0.01447	0.01022	0.00851	0.00255	0.00936	0.00766	0.00851	0.01447
20	0.01607	0.01513	0.02552	0.68047	0.05861	0.01891	0.02363	0.02174	0.01702	0.02174	0.01513	0.02269	0.01134	0.00851	0.00851	0.00284	0.01134	0.00756	0.00378	0.00945
21	0.01238	0.00825	0.00928	0.00928	0.00928	0.00825	0.00516	0.01238	0.01238	0.01650	0.02681	0.05569	0.03094	0.70092	0.04331	0.00825	0.00825	0.01238	0.00516	0.00516
22	0.03270	0.01327	0.01799	0.01421	0.01984	0.01157	0.01157	0.03615	0.02430	0.52385	0.16139	0.03622	0.03348	0.01197	0.00887	0.00264	0.00657	0.00999	0.01029	0.01313
23	0.01583	0.01425	0.01336	0.01284	0.01388	0.11913	0.00872	0.01689	0.01462	0.01805	0.02305	0.04287	0.02481	0.42727	0.16288	0.00814	0.04158	0.01036	0.00485	0.00661
24	0.03011	0.03589	0.02592	0.02662	0.12652	0.50915	0.01798	0.08151	0.02468	0.02469	0.01422	0.01669	0.01166	0.00870	0.00786	0.00228	0.01400	0.00600	0.00470	0.01083
25	0.03179	0.04056	0.02412	0.02192	0.02631	0.66676	0.01644	0.03398	0.02412	0.02083	0.01315	0.01535	0.01096	0.00877	0.00767	0.00219	0.01535	0.00548	0.00438	0.00987
26	0.01063	0.00767	0.01007	0.01152	0.01237	0.00711	0.00786	0.01256	0.01772	0.02383	0.14703	0.56375	0.08653	0.02491	0.01069	0.00330	0.00476	0.02246	0.00814	0.00711
27	0.02190	0.02159	0.03532	0.12050	0.35719	0.05488	0.14819	0.08337	0.02147	0.02907	0.01643	0.02130	0.01306	0.00793	0.00874	0.00262	0.01135	0.00799	0.00460	0.01248
28	0.02299	0.02505	0.02892	0.21291	0.29881	0.21715	0.02249	0.02733	0.02018	0.02404	0.01490	0.01976	0.01213	0.00820	0.00822	0.00251	0.01204	0.00694	0.00415	0.01129
29	0.76103	0.01646	0.01251	0.01119	0.01646	0.01909	0.00922	0.02502	0.01448	0.03818	0.01185	0.01382	0.00922	0.00790	0.00527	0.00263	0.00658	0.00461	0.00527	0.00922
30	0.01012	0.00837	0.00888	0.00930	0.01167	0.00713	0.00677	0.01214	0.01875	0.02272	0.07797	0.21049	0.52111	0.02262	0.01023	0.00300	0.00444	0.01927	0.00790	0.00713
31	0.01071	0.00791	0.00941	0.01044	0.01147	0.00727	0.00694	0.01206	0.01631	0.02097	0.05332	0.39535	0.21004	0.16662	0.01745	0.00430	0.00546	0.02003	0.00733	0.00662
32	0.02085	0.02082	0.03796	0.04867	0.51633	0.02050	0.15489	0.02637	0.01953	0.02768	0.01627	0.02148	0.01336	0.00749	0.00878	0.00260	0.01103	0.00812	0.00423	0.01304
33	0.01188	0.00869	0.01115	0.01054	0.01261	0.00796	0.00790	0.01575	0.02371	0.03322	0.59819	0.06505	0.12601	0.01773	0.01004	0.00269	0.00404	0.01560	0.00925	0.00796
34	0.03179	0.04056	0.02412	0.02192	0.02631	0.66676	0.01644	0.03398	0.02412	0.02083	0.01315	0.01535	0.01096	0.00877	0.00767	0.00219	0.01535	0.00548	0.00438	0.00987
35	0.07329	0.62344	0.04132	0.01473	0.02172	0.06679	0.01430	0.02591	0.01747	0.02130	0.01190	0.01375	0.01081	0.00740	0.00557	0.00190	0.00927	0.00460	0.00379	0.01075
36	0.02297	0.02507	0.03667	0.04168	0.35896	0.15131	0.18396	0.02802	0.02053	0.02625	0.01576	0.02042	0.01282	0.00771	0.00871	0.00255	0.01231	0.00782	0.00427	0.01221
37	0.01095	0.00866	0.00985	0.00955	0.01204	0.00756	0.00717	0.01394	0.02150	0.02798	0.33569	0.07369	0.39179	0.01969	0.01005	0.00279	0.00418	0.01681	0.00856	0.00756
38	0.01185	0.00869	0.01111	0.01051	0.01260	0.00795	0.00788	0.01569	0.02364	0.03306	0.59013	0.06532	0.13418	0.01779	0.01004	0.00270	0.00404	0.01564	0.00923	0.00795
39	0.01242	0.00882	0.01217	0.01217	0.01330	0.00984	0.00889	0.01469	0.01356	0.01955	0.02416	0.03936	0.02392	0.23312	0.46133	0.01155	0.01780	0.00993	0.04646	0.00696
40	0.01762	0.04036	0.55463	0.02706	0.06980	0.01999	0.09825	0.02694	0.01828	0.02703	0.01553	0.01870	0.01117	0.00795	0.00833	0.00271	0.01265	0.00679	0.00371	0.01250
41	0.03179	0.04056	0.02412	0.02192	0.02631	0.66676	0.01644	0.03398	0.02412	0.02083	0.01315	0.01535	0.01096	0.00877	0.00767	0.00219	0.01535	0.00548	0.00438	0.00987
42	0.01174	0.00869	0.01095	0.01038	0.01252	0.00790	0.00779	0.01546	0.02336	0.03239	0.55666	0.06642	0.16806	0.01804	0.01004	0.00271	0.00406	0.01579	0.00914	0.00790
43	0.02249	0.19480	0.13165	0.01760	0.02392	0.16130	0.01650	0.09393	0.05713	0.02834	0.11537	0.02755	0.05414	0.01056	0.00783	0.00237	0.00991	0.00800	0.00572	0.01089
44	0.01077	0.00865	0.00961	0.00937	0.01193	0.00749	0.00703	0.01360	0.02109	0.02700	0.28688	0.07530	0.44121	0.02006	0.01005	0.00280	0.00420	0.01703	0.00843	0.00749
45	0.02732	0.01898	0.02017	0.01603	0.02136	0.02076	0.01305	0.43649	0.03325	0.04695	0.02267	0.02388	0.01671	0.01012	0.00773	0.00238	0.00772	0.00774	0.23421	0.01248
46	0.01636	0.01308	0.01467	0.01239	0.01701	0.01173	0.00956	0.11771	0.02171	0.02947	0.04438	0.16769	0.21934	0.01563	0.00872	0.00240	0.00593	0.01319	0.00707	0.25194
47	0.40728	0.13608	0.02087	0.01454	0.01940	0.15592	0.01198	0.02595	0.01669	0.02935	0.01225	0.01503	0.01027	0.00954	0.00850	0.04455	0.04276	0.00508	0.00465	0.00933
48	0.01964	0.05976	0.09801	0.06644	0.32154	0.08250	0.02120	0.02463	0.02045	0.02761	0.14687	0.02874	0.02669	0.00984	0.00849	0.00252	0.00963	0.00870	0.00519	0.01154
49	0.02275	0.70604	0.04459	0.01456	0.02184	0.03367	0.01456	0.02548	0.01729	0.02002	0.01183	0.01365	0.01092	0.00728	0.00546	0.00182	0.00910	0.00455	0.00364	0.01092
50	0.01981	0.01843	0.03076	0.14099	0.48337	0.01932	0.02385	0.02473	0.01863	0.02689	0.01658	0.02203	0.01371	0.00822	0.00909	0.00258	0.03898	0.00760	0.06214	0.01227
51	0.01111	0.00866	0.01008	0.00972	0.01214	0.00763	0.00729	0.01425	0.02188	0.02888	0.38084	0.07221	0.34608	0.01936	0.01005	0.00277	0.00415	0.01660	0.00868	0.00763
52	0.01740	0.04167	0.58932	0.02555	0.03768	0.01996	0.09661	0.02698	0.01820	0.02698	0.01549	0.01852	0.01102	0.00798	0.00830	0.00271	0.01277	0.00671	0.00367	0.01245
53	0.01048	0.00745	0.00984	0.01171	0.01217	0.00699	0.00775	0.01188	0.01607	0.02143	0.04578	0.65946	0.05486	0.06451	0.01268	0.00373	0.00512	0.02353	0.00775	0.00681
54	0.02117	0.01828	0.01924	0.01732	0.02213	0.02117	0.01347	0.04522	0.63246	0.03560	0.03464	0.03175	0.02598	0.01155	0.00866	0.00289	0.00673	0.00962	0.00866	0.01347
55	0.02398	0.06516	0.03238	0.04208	0.44812	0.19116	0.02290	0.02815	0.02050	0.02552	0.01502	0.01913	0.01267	0.00788	0.00806	0.00240	0.01143	0.00685	0.00422	0.01238
56	0.01532	0.01298	0.05164	0.21647	0.02891	0.01233	0.01470	0.01997	0.02092	0.07076	0.30792	0.08359	0.04828	0.01458	0.00951	0.00284	0.00721	0.04574	0.00726	0.00908
57	0.76103	0.01646	0.01251	0.01119	0.01646	0.01909	0.00922	0.02502	0.01448	0.03818	0.01185	0.01382	0.00922	0.00790	0.00527	0.00263	0.00658	0.00461	0.00527	0.00922
58	0.02052	0.02106	0.06500	0.09343	0.57739	0.02011	0.02621	0.02586	0.01915	0.02735	0.01591	0.02102	0.01320	0.00767	0.00841	0.00256	0.01032	0.00752	0.00415	0.01316
59	0.01742	0.17142	0.29438	0.02259	0.09593	0.02048	0.02180	0.02316	0.01751	0.02424	0.02246	0.12869	0.04501	0.01177	0.00917	0.00268	0.04624	0.00949	0.00455	0.01102
60	0.01048	0.00745	0.00984	0.01171	0.01218	0.00699	0.00775	0.01188	0.01608	0.02144	0.04580	0.66036	0.05490	0.06356	0.01264	0.00372	0.00512	0.02355	0.00775	0.00682
61	0.01037	0.00741	0.00987	0.01185	0.01234	0.00691	0.00790	0.01185	0.01629	0.02172	0.04690	0.69537	0.05629	0.02666	0.01086	0.00346	0.00494	0.02419	0.00790	0.00691
62	0.01971	0.01884	0.03210	0.22216	0.48847	0.01986	0.02545	0.02493	0.01874	0.02616	0.01577	0.02150	0.01290	0.00783	0.00845	0.00261	0.01044	0.00758	0.00410	0.01239

[dist]
# distance from previous block
# <min> <max>
0	1

[block]
# block no. 7 follows, 21 sequences, length 22
# corresponding to MSA columns:
# 403-424
name=unknown_H
#
# <colnr> <probs for GDERKNQSTAVLIFYWHMCP>
#	G	D	E	R	K	N	Q	S	T	A	V	L	I	F	Y	W	H	M	C	P
0	0.02534	0.18143	0.03115	0.02879	0.20974	0.29117	0.01854	0.02855	0.02052	0.02266	0.01432	0.01781	0.01235	0.01155	0.04896	0.00293	0.01286	0.00613	0.00418	0.01104
1	0.02314	0.02514	0.02942	0.18378	0.33086	0.21251	0.02268	0.02748	0.02026	0.02437	0.01496	0.01972	0.01225	0.00814	0.00822	0.00250	0.01195	0.00695	0.00417	0.01150
2	0.01019	0.00863	0.00880	0.00876	0.01157	0.00724	0.00657	0.01246	0.01970	0.02371	0.12245	0.08071	0.60769	0.02128	0.01006	0.00286	0.00429	0.01779	0.00800	0.00724
3	0.02117	0.01828	0.01924	0.01732	0.02213	0.02117	0.01347	0.04522	0.63246	0.03560	0.03464	0.03175	0.02598	0.01155	0.00866	0.00289	0.00673	0.00962	0.00866	0.01347
4	0.01006	0.00862	0.00862	0.00862	0.01149	0.00718	0.00647	0.01221	0.01940	0.02299	0.08621	0.08190	0.64438	0.02155	0.01006	0.00287	0.00431	0.01796	0.00790	0.00718
5	0.01008	0.00853	0.00872	0.00886	0.01156	0.00716	0.00657	0.01219	0.01916	0.02289	0.08326	0.12791	0.60028	0.02194	0.01012	0.00292	0.00436	0.01843	0.00790	0.00716
6	0.01091	0.00814	0.01021	0.01116	0.01263	0.00743	0.00804	0.01328	0.01893	0.02499	0.18528	0.37522	0.19309	0.02326	0.01057	0.00319	0.00481	0.06336	0.00821	0.00729
7	0.03179	0.04056	0.02412	0.02192	0.02631	0.66676	0.01644	0.03398	0.02412	0.02083	0.01315	0.01535	0.01096	0.00877	0.00767	0.00219	0.01535	0.00548	0.00438	0.00987
8	0.02106	0.02022	0.03454	0.05223	0.64784	0.02022	0.02612	0.02612	0.01938	0.02780	0.01601	0.02106	0.01348	0.00758	0.00842	0.00253	0.01011	0.00758	0.00421	0.01348
9	0.01765	0.01513	0.01765	0.01260	0.02017	0.01134	0.01008	0.02143	0.01765	0.02773	0.01513	0.01765	0.01260	0.00630	0.00630	0.00126	0.00630	0.00504	0.00504	0.75295
10	0.02106	0.02022	0.03454	0.05223	0.64784	0.02022	0.02612	0.02612	0.01938	0.02780	0.01601	0.02106	0.01348	0.00758	0.00842	0.00253	0.01011	0.00758	0.00421	0.01348
11	0.01667	0.01591	0.02063	0.01860	0.01953	0.05946	0.01506	0.01906	0.01400	0.02019	0.01628	0.02477	0.01549	0.03549	0.30077	0.00790	0.35942	0.00804	0.00412	0.00861
12	0.01216	0.00912	0.01368	0.01368	0.01520	0.01064	0.01064	0.01520	0.01368	0.01976	0.02279	0.03343	0.02127	0.06382	0.66720	0.01368	0.02279	0.00912	0.00456	0.00760
13	0.01037	0.00741	0.00987	0.01185	0.01234	0.00691	0.00790	0.01185	0.01629	0.02172	0.04690	0.69537	0.05629	0.02666	0.01086	0.00346	0.00494	0.02419	0.00790	0.00691
14	0.03235	0.02384	0.02554	0.01958	0.02639	0.02639	0.01618	0.61946	0.04001	0.05363	0.02043	0.02043	0.01447	0.01022	0.00851	0.00255	0.00936	0.00766	0.00851	0.01447
15	0.01015	0.00826	0.00899	0.00957	0.01174	0.00710	0.00689	0.01211	0.01849	0.02262	0.07468	0.26184	0.47188	0.02305	0.01029	0.00304	0.00449	0.01979	0.00790	0.00710
16	0.02580	0.01894	0.02087	0.01728	0.02221	0.02059	0.01371	0.43847	0.03295	0.04413	0.02832	0.22147	0.02693	0.01511	0.00921	0.00282	0.00805	0.01259	0.00833	0.01222
17	0.02658	0.02809	0.02127	0.01835	0.02368	0.33019	0.01409	0.03423	0.16280	0.06565	0.01983	0.02050	0.01542	0.00897	0.00765	0.00217	0.01083	0.00653	0.00590	0.17726
18	0.02275	0.70604	0.04459	0.01456	0.02184	0.03367	0.01456	0.02548	0.01729	0.02002	0.01183	0.01365	0.01092	0.00728	0.00546	0.00182	0.00910	0.00455	0.00364	0.01092
19	0.02567	0.06582	0.02393	0.02017	0.02346	0.40309	0.01577	0.02780	0.02051	0.02094	0.02071	0.02345	0.08132	0.01162	0.01282	0.00263	0.17893	0.00730	0.00457	0.00949
20	0.02106	0.02022	0.03454	0.05223	0.64784	0.02022	0.02612	0.02612	0.01938	0.02780	0.01601	0.02106	0.01348	0.00758	0.00842	0.00253	0.01011	0.00758	0.00421	0.01348
21	0.02322	0.01951	0.05235	0.01732	0.02246	0.02011	0.01426	0.27274	0.22044	0.04008	0.06078	0.14289	0.02848	0.01374	0.00902	0.00283	0.00766	0.01146	0.00825	0.01243

[dist]
# distance from previous block
# <min> <max>
0	1

[block]
# block no. 8 follows, 21 sequences, length 172
# corresponding to MSA columns:
# 426-597
name=unknown_I
#
# <colnr> <probs for GDERKNQSTAVLIFYWHMCP>
#	G	D	E	R	K	N	Q	S	T	A	V	L	I	F	Y	W	H	M	C	P
0	0.02547	0.08588	0.02325	0.02035	0.05390	0.40752	0.01499	0.02813	0.02075	0.02144	0.01601	0.02022	0.01386	0.02049	0.14932	0.00464	0.01559	0.00642	0.04223	0.00955
1	0.02106	0.02022	0.03454	0.05223	0.64784	0.02022	0.02612	0.02612	0.01938	0.02780	0.01601	0.02106	0.01348	0.00758	0.00842	0.00253	0.01011	0.00758	0.00421	0.01348
2	0.02106	0.02022	0.03454	0.05223	0.64784	0.02022	0.02612	0.02612	0.01938	0.02780	0.01601	0.02106	0.01348	0.00758	0.00842	0.00253	0.01011	0.00758	0.00421	0.01348
3	0.01037	0.00741	0.00987	0.01185	0.01234	0.00691	0.00790	0.01185	0.01629	0.02172	0.04690	0.69537	0.05629	0.02666	0.01086	0.00346	0.00494	0.02419	0.00790	0.00691
4	0.01120	0.00854	0.01151	0.01291	0.01335	0.00885	0.00898	0.01272	0.01596	0.02160	0.04329	0.62699	0.05173	0.02547	0.01259	0.00348	0.07368	0.02250	0.00748	0.00715
5	0.02073	0.01062	0.01416	0.01218	0.01571	0.00952	0.00952	0.02450	0.02418	0.23999	0.44075	0.05207	0.06062	0.01512	0.00955	0.00266	0.00509	0.01312	0.00976	0.01017
6	0.01607	0.01513	0.02552	0.68047	0.05861	0.01891	0.02363	0.02174	0.01702	0.02174	0.01513	0.02269	0.01134	0.00851	0.00851	0.00284	0.01134	0.00756	0.00378	0.00945
