[name]
unknown

[dist]
# distance from previous block
# <min> <max>
0	18

[block]
# block no. 0 follows, 23 sequences, length 14
# corresponding to MSA columns:
# 18-31
name=unknown_A
#
# <colnr> <probs for GDERKNQSTAVLIFYWHMCP>
#	G	D	E	R	K	N	Q	S	T	A	V	L	I	F	Y	W	H	M	C	P
0	0.01926	0.01074	0.01332	0.01207	0.01568	0.00987	0.00963	0.02376	0.06956	0.21968	0.15228	0.08037	0.21908	0.01642	0.00930	0.00279	0.00555	0.09248	0.00857	0.00961
1	0.02544	0.02424	0.02648	0.05276	0.06421	0.18089	0.11501	0.26063	0.02706	0.03392	0.02098	0.02291	0.05206	0.00936	0.00812	0.00240	0.01065	0.00777	0.04383	0.01127
2	0.01411	0.01286	0.01127	0.01106	0.01254	0.11608	0.00746	0.01542	0.01655	0.01998	0.10613	0.11850	0.16189	0.31521	0.02284	0.00486	0.00744	0.01326	0.00603	0.00650
3	0.01130	0.00815	0.01068	0.01033	0.01208	0.00753	0.00764	0.01485	0.02211	0.03117	0.58890	0.13554	0.07392	0.01761	0.00966	0.00264	0.00393	0.01564	0.00877	0.00753
4	0.02468	0.02921	0.01995	0.01838	0.02163	0.46287	0.01395	0.02704	0.01995	0.02025	0.01533	0.01953	0.01326	0.02028	0.15713	0.00456	0.04709	0.00622	0.04990	0.00879
5	0.02699	0.01972	0.02121	0.01668	0.02186	0.02166	0.01329	0.51049	0.03281	0.04397	0.02071	0.02629	0.01698	0.15256	0.01484	0.00354	0.00871	0.00822	0.00747	0.01200
6	0.02291	0.31782	0.02916	0.01637	0.02116	0.27383	0.01381	0.02538	0.01825	0.01933	0.01388	0.01745	0.01243	0.01840	0.14323	0.00416	0.01358	0.00556	0.00392	0.00939
7	0.02215	0.02321	0.03092	0.04395	0.53476	0.15357	0.02303	0.02642	0.01939	0.02516	0.01471	0.01898	0.01237	0.00746	0.00789	0.00235	0.01065	0.00682	0.00405	0.01215
8	0.02709	0.02044	0.02549	0.02000	0.02571	0.05423	0.10123	0.25369	0.14792	0.14907	0.02283	0.02295	0.01640	0.00991	0.00975	0.00262	0.06268	0.00801	0.00737	0.01261
9	0.01918	0.05489	0.01550	0.01218	0.01611	0.01233	0.00969	0.02597	0.13940	0.17916	0.22935	0.04806	0.17671	0.01428	0.00873	0.00257	0.00540	0.01201	0.00843	0.01007
10	0.02791	0.03404	0.02849	0.02366	0.02886	0.49796	0.15040	0.06807	0.02309	0.02311	0.01381	0.01651	0.01106	0.00811	0.00786	0.00225	0.01408	0.00630	0.00441	0.01001
11	0.01387	0.01360	0.01260	0.01337	0.05089	0.11603	0.00919	0.01629	0.01956	0.02344	0.15746	0.14577	0.34230	0.01783	0.00923	0.00266	0.00615	0.01504	0.00703	0.00770
12	0.22721	0.15963	0.02254	0.01450	0.02019	0.02186	0.01226	0.12931	0.17490	0.11188	0.02045	0.02010	0.01521	0.00892	0.00673	0.00240	0.00730	0.00648	0.00661	0.01153
13	0.02550	0.02887	0.02064	0.01975	0.04943	0.42060	0.01426	0.10696	0.02317	0.02444	0.02057	0.16675	0.02040	0.01221	0.00811	0.00241	0.01151	0.00947	0.00542	0.00952

[dist]
# distance from previous block
# <min> <max>
11	43

[block]
# block no. 1 follows, 23 sequences, length 29
# corresponding to MSA columns:
# 76-104
name=unknown_B
#
# <colnr> <probs for GDERKNQSTAVLIFYWHMCP>
#	G	D	E	R	K	N	Q	S	T	A	V	L	I	F	Y	W	H	M	C	P
0	0.09016	0.01232	0.01382	0.01292	0.01543	0.04942	0.00981	0.01931	0.01802	0.10422	0.15250	0.25936	0.06595	0.01675	0.01070	0.00281	0.07875	0.01393	0.00711	0.04670
1	0.08828	0.15794	0.08146	0.01771	0.02245	0.15241	0.01569	0.02623	0.05314	0.05274	0.01410	0.01687	0.01172	0.00950	0.01167	0.00246	0.18633	0.00586	0.00444	0.06900
2	0.27092	0.01551	0.01669	0.01348	0.01903	0.01589	0.01102	0.12299	0.04430	0.26428	0.07155	0.02380	0.01962	0.00952	0.00714	0.00244	0.00671	0.00718	0.00770	0.05022
3	0.11966	0.01772	0.01867	0.04340	0.02090	0.09537	0.01297	0.08004	0.04900	0.12541	0.10749	0.05409	0.02373	0.01159	0.01137	0.00264	0.14041	0.00840	0.00640	0.05074
4	0.08894	0.07452	0.02396	0.02395	0.18068	0.07218	0.04251	0.02912	0.12438	0.12304	0.08696	0.02775	0.04789	0.00983	0.00782	0.00245	0.00811	0.00829	0.00631	0.01130
5	0.37962	0.01736	0.01762	0.01582	0.04426	0.04790	0.03503	0.02875	0.13733	0.08205	0.01761	0.01880	0.01343	0.00881	0.00797	0.00255	0.05961	0.00618	0.00580	0.05351
6	0.19494	0.01895	0.05442	0.07778	0.22253	0.07409	0.01638	0.05058	0.01844	0.02801	0.02703	0.02906	0.13574	0.01016	0.00756	0.00250	0.00840	0.00823	0.00507	0.01015
7	0.45510	0.01800	0.01889	0.02019	0.14534	0.02000	0.01347	0.16406	0.02028	0.03782	0.01395	0.01598	0.01073	0.00798	0.00632	0.00247	0.00754	0.00562	0.00553	0.01073
8	0.02031	0.07260	0.04914	0.01479	0.02071	0.01654	0.01250	0.06292	0.16779	0.08861	0.02186	0.05651	0.01775	0.00937	0.00821	0.00210	0.04416	0.00737	0.00621	0.30052
9	0.03031	0.03867	0.02299	0.02090	0.02508	0.68226	0.01568	0.03240	0.02299	0.01986	0.01254	0.01463	0.01045	0.00836	0.00732	0.00209	0.01463	0.00523	0.00418	0.00941
10	0.01541	0.01266	0.01970	0.02658	0.23289	0.01266	0.01702	0.01951	0.01861	0.02503	0.03372	0.06768	0.03540	0.01735	0.01015	0.00329	0.00820	0.40856	0.00632	0.00927
11	0.01803	0.01857	0.02940	0.02385	0.02547	0.02400	0.13968	0.02081	0.01376	0.02081	0.01179	0.01857	0.01098	0.01275	0.02326	0.00339	0.56436	0.00759	0.00366	0.00928
12	0.02018	0.01743	0.01835	0.01651	0.02110	0.02018	0.01284	0.04312	0.64956	0.03394	0.03303	0.03027	0.02477	0.01101	0.00826	0.00275	0.00642	0.00917	0.00826	0.01284
13	0.01513	0.00756	0.00756	0.00756	0.00945	0.00756	0.00567	0.01891	0.01702	0.03025	0.02647	0.03025	0.02080	0.00945	0.00567	0.00189	0.00378	0.00756	0.75988	0.00756
14	0.01749	0.03262	0.39348	0.02783	0.06883	0.01986	0.21809	0.02527	0.01747	0.02535	0.01487	0.01882	0.01108	0.00792	0.00979	0.00269	0.06613	0.00727	0.00368	0.01146
15	0.03392	0.01780	0.02130	0.01633	0.02270	0.01784	0.01349	0.30675	0.02990	0.39321	0.02641	0.02398	0.01728	0.00991	0.00814	0.00248	0.00781	0.00778	0.00918	0.01380
16	0.03641	0.01381	0.01883	0.01444	0.02071	0.01193	0.01193	0.03954	0.02322	0.66984	0.03201	0.02762	0.02009	0.01004	0.00816	0.00251	0.00690	0.00816	0.01004	0.01381
17	0.77215	0.01569	0.01193	0.01067	0.01569	0.01820	0.00879	0.02385	0.01381	0.03641	0.01130	0.01318	0.00879	0.00753	0.00502	0.00251	0.00628	0.00439	0.00502	0.00879
18	0.01513	0.00756	0.00756	0.00756	0.00945	0.00756	0.00567	0.01891	0.01702	0.03025	0.02647	0.03025	0.02080	0.00945	0.00567	0.00189	0.00378	0.00756	0.75988	0.00756
19	0.03063	0.02146	0.02440	0.02063	0.07458	0.02322	0.01577	0.52238	0.03494	0.11854	0.02056	0.02044	0.01443	0.00958	0.00812	0.00244	0.00876	0.00740	0.00801	0.01373
20	0.03085	0.02273	0.02435	0.01867	0.02516	0.02516	0.01542	0.63716	0.03815	0.05114	0.01948	0.01948	0.01380	0.00974	0.00812	0.00244	0.00893	0.00731	0.00812	0.01380
21	0.01159	0.00869	0.01304	0.01304	0.01449	0.01014	0.01014	0.01449	0.01304	0.01884	0.02173	0.03188	0.02029	0.06086	0.68268	0.01304	0.02173	0.00869	0.00435	0.00724
22	0.02008	0.01928	0.03294	0.04981	0.66422	0.01928	0.02490	0.02490	0.01848	0.02651	0.01526	0.02008	0.01285	0.00723	0.00803	0.00241	0.00964	0.00723	0.00402	0.01285
23	0.02685	0.31379	0.03099	0.01793	0.02336	0.38050	0.01494	0.06430	0.02124	0.02137	0.01243	0.01426	0.01063	0.00787	0.00651	0.00197	0.01189	0.00499	0.00412	0.01007
24	0.00959	0.00822	0.00822	0.00822	0.01096	0.00685	0.00617	0.01165	0.01850	0.02192	0.08220	0.07809	0.66092	0.02055	0.00959	0.00274	0.00411	0.01713	0.00754	0.00685
25	0.01313	0.01130	0.01160	0.01099	0.01435	0.01130	0.00839	0.02215	0.22921	0.02593	0.06578	0.06212	0.44851	0.01736	0.00914	0.00274	0.00488	0.01447	0.00778	0.00885
26	0.02022	0.02029	0.02813	0.03608	0.38417	0.08675	0.02047	0.02399	0.01752	0.02444	0.01396	0.01862	0.01206	0.00856	0.01136	0.00244	0.14608	0.00667	0.00405	0.11414
27	0.06687	0.06439	0.02359	0.01979	0.02421	0.49253	0.01533	0.11329	0.02370	0.02491	0.01326	0.01533	0.01083	0.00878	0.00832	0.00223	0.05242	0.00554	0.00469	0.00999
28	0.02608	0.26322	0.02889	0.01797	0.02313	0.37642	0.01470	0.03113	0.10482	0.02149	0.01487	0.01619	0.01236	0.00824	0.00674	0.00206	0.01154	0.00546	0.00449	0.01020

[dist]
# distance from previous block
# <min> <max>
0	12

[block]
# block no. 2 follows, 23 sequences, length 45
# corresponding to MSA columns:
# 117-161
name=unknown_C
#
# <colnr> <probs for GDERKNQSTAVLIFYWHMCP>
#	G	D	E	R	K	N	Q	S	T	A	V	L	I	F	Y	W	H	M	C	P
0	0.02360	0.17372	0.05731	0.01651	0.02199	0.02293	0.01452	0.24488	0.04854	0.06671	0.02089	0.02313	0.04869	0.04232	0.01132	0.00265	0.09672	0.00729	0.00604	0.05024
1	0.29673	0.42647	0.06381	0.01318	0.01968	0.02632	0.01284	0.02421	0.01554	0.02578	0.01146	0.01329	0.00981	0.00720	0.00527	0.00206	0.00797	0.00444	0.00404	0.00990
2	0.12720	0.59097	0.06569	0.01383	0.02073	0.02957	0.01387	0.02430	0.01614	0.02182	0.01143	0.01322	0.01018	0.00706	0.00529	0.00188	0.00848	0.00442	0.00369	0.01025
3	0.01513	0.00756	0.00756	0.00756	0.00945	0.00756	0.00567	0.01891	0.01702	0.03025	0.02647	0.03025	0.02080	0.00945	0.00567	0.00189	0.00378	0.00756	0.75988	0.00756
4	0.00989	0.00706	0.00942	0.01130	0.01177	0.00659	0.00753	0.01130	0.01554	0.02071	0.04472	0.70954	0.05367	0.02542	0.01036	0.00330	0.00471	0.02307	0.00753	0.00659
5	0.02352	0.11522	0.02529	0.02181	0.09339	0.29418	0.01570	0.05841	0.01939	0.02183	0.01431	0.01933	0.01282	0.04951	0.07603	0.00365	0.11533	0.00639	0.00424	0.00965
6	0.77215	0.01569	0.01193	0.01067	0.01569	0.01820	0.00879	0.02385	0.01381	0.03641	0.01130	0.01318	0.00879	0.00753	0.00502	0.00251	0.00628	0.00439	0.00502	0.00879
7	0.01180	0.00787	0.00885	0.00885	0.00885	0.00787	0.00492	0.01180	0.01180	0.01573	0.02557	0.05310	0.02950	0.71483	0.04130	0.00787	0.00787	0.01180	0.00492	0.00492
8	0.00959	0.00822	0.00822	0.00822	0.01096	0.00685	0.00617	0.01165	0.01850	0.02192	0.08220	0.07809	0.66092	0.02055	0.00959	0.00274	0.00411	0.01713	0.00754	0.00685
9	0.01513	0.00756	0.00756	0.00756	0.00945	0.00756	0.00567	0.01891	0.01702	0.03025	0.02647	0.03025	0.02080	0.00945	0.00567	0.00189	0.00378	0.00756	0.75988	0.00756
10	0.02008	0.01928	0.03294	0.04981	0.66422	0.01928	0.02490	0.02490	0.01848	0.02651	0.01526	0.02008	0.01285	0.00723	0.00803	0.00241	0.00964	0.00723	0.00402	0.01285
11	0.02102	0.02480	0.13025	0.04068	0.44860	0.07882	0.04785	0.06216	0.01987	0.02724	0.01521	0.01918	0.01228	0.00754	0.00798	0.00242	0.01056	0.00696	0.00419	0.01240
12	0.01513	0.00756	0.00756	0.00756	0.00945	0.00756	0.00567	0.01891	0.01702	0.03025	0.02647	0.03025	0.02080	0.00945	0.00567	0.00189	0.00378	0.00756	0.75988	0.00756
13	0.02072	0.01948	0.03242	0.04795	0.62620	0.01963	0.02434	0.06133	0.01965	0.02797	0.01551	0.02005	0.01291	0.00738	0.00804	0.00241	0.00960	0.00723	0.00426	0.01291
14	0.01942	0.01878	0.03255	0.13220	0.55575	0.01918	0.05412	0.02442	0.01822	0.02574	0.01521	0.02037	0.01256	0.00732	0.00812	0.00246	0.00999	0.00734	0.00397	0.01227
15	0.02082	0.01775	0.01870	0.01664	0.02134	0.02048	0.01300	0.07846	0.61318	0.03497	0.03222	0.02963	0.02412	0.01093	0.00825	0.00273	0.00657	0.00906	0.00825	0.01290
16	0.01775	0.01775	0.02485	0.02130	0.02130	0.02485	0.01775	0.01953	0.01243	0.01953	0.01065	0.01775	0.01065	0.01420	0.02663	0.00355	0.69998	0.00710	0.00355	0.00888
17	0.03597	0.01450	0.01926	0.01477	0.02106	0.01295	0.01220	0.08595	0.02438	0.62180	0.03104	0.02699	0.01960	0.01002	0.00816	0.00250	0.00706	0.00809	0.00989	0.01381
18	0.02008	0.01928	0.03294	0.04981	0.66422	0.01928	0.02490	0.02490	0.01848	0.02651	0.01526	0.02008	0.01285	0.00723	0.00803	0.00241	0.00964	0.00723	0.00402	0.01285
19	0.03048	0.03367	0.02342	0.02020	0.02511	0.47609	0.01560	0.22215	0.02775	0.02967	0.01472	0.01615	0.01150	0.00879	0.00757	0.00220	0.01284	0.00588	0.00542	0.01079
20	0.02085	0.01712	0.02049	0.01499	0.02205	0.01531	0.04266	0.19279	0.02289	0.03331	0.01593	0.01782	0.01253	0.00709	0.00678	0.00162	0.00721	0.00574	0.00570	0.51712
21	0.02992	0.07170	0.02408	0.02038	0.02488	0.60001	0.01557	0.07761	0.02381	0.02218	0.01300	0.01492	0.01070	0.00839	0.00727	0.00210	0.01390	0.00534	0.00444	0.00979
22	0.00959	0.00822	0.00822	0.00822	0.01096	0.00685	0.00617	0.01165	0.01850	0.02192	0.08220	0.07809	0.66092	0.02055	0.00959	0.00274	0.00411	0.01713	0.00754	0.00685
23	0.01513	0.00756	0.00756	0.00756	0.00945	0.00756	0.00567	0.01891	0.01702	0.03025	0.02647	0.03025	0.02080	0.00945	0.00567	0.00189	0.00378	0.00756	0.75988	0.00756
24	0.01180	0.00787	0.00885	0.00885	0.00885	0.00787	0.00492	0.01180	0.01180	0.01573	0.02557	0.05310	0.02950	0.71483	0.04130	0.00787	0.00787	0.01180	0.00492	0.00492
25	0.01214	0.00950	0.01410	0.01378	0.01510	0.01146	0.01082	0.01494	0.01299	0.01890	0.02074	0.03062	0.01943	0.05669	0.62408	0.01219	0.08231	0.00855	0.00428	0.00739
26	0.03085	0.02273	0.02435	0.01867	0.02516	0.02516	0.01542	0.63716	0.03815	0.05114	0.01948	0.01948	0.01380	0.00974	0.00812	0.00244	0.00893	0.00731	0.00812	0.01380
27	0.03072	0.02635	0.02404	0.01918	0.02515	0.17461	0.01548	0.49962	0.03470	0.04402	0.01790	0.01838	0.01304	0.00943	0.00794	0.00236	0.01023	0.00683	0.00722	0.01280
28	0.00986	0.00718	0.00930	0.01099	0.01169	0.00662	0.00740	0.01133	0.01583	0.02083	0.04845	0.64667	0.11413	0.02494	0.01028	0.00324	0.00465	0.02248	0.00753	0.00662
29	0.01903	0.28661	0.27694	0.02262	0.03176	0.02417	0.18225	0.02526	0.01742	0.02334	0.01384	0.01686	0.01086	0.00720	0.00727	0.00231	0.01121	0.00632	0.00362	0.01114
30	0.53029	0.01858	0.04593	0.01311	0.01833	0.05440	0.01108	0.02864	0.15426	0.03446	0.01630	0.01721	0.01246	0.00835	0.00599	0.00254	0.00703	0.00557	0.00561	0.00987
31	0.01160	0.00865	0.01282	0.01282	0.01419	0.01002	0.00986	0.01435	0.01297	0.01867	0.02194	0.03301	0.02078	0.09577	0.64844	0.01276	0.02099	0.00886	0.00438	0.00712
32	0.01693	0.03740	0.53066	0.02565	0.03678	0.01923	0.16753	0.02576	0.01759	0.02576	0.01498	0.01821	0.01074	0.00751	0.00813	0.00261	0.01238	0.00681	0.00358	0.01175
33	0.03036	0.03719	0.02312	0.02070	0.02509	0.62123	0.01565	0.08857	0.02440	0.02276	0.01319	0.01508	0.01076	0.00849	0.00739	0.00212	0.01410	0.00542	0.00455	0.00981
34	0.00989	0.00706	0.00942	0.01130	0.01177	0.00659	0.00753	0.01130	0.01554	0.02071	0.04472	0.70954	0.05367	0.02542	0.01036	0.00330	0.00471	0.02307	0.00753	0.00659
35	0.01159	0.00869	0.01304	0.01304	0.01449	0.01014	0.01014	0.01449	0.01304	0.01884	0.02173	0.03188	0.02029	0.06086	0.68268	0.01304	0.02173	0.00869	0.00435	0.00724
36	0.01654	0.07565	0.64147	0.02267	0.03441	0.01950	0.02918	0.02563	0.01710	0.02537	0.01440	0.01693	0.01029	0.00767	0.00758	0.00253	0.01183	0.00591	0.00343	0.01191
37	0.30287	0.01449	0.01633	0.01307	0.01890	0.01420	0.01079	0.03386	0.01981	0.44043	0.02451	0.02239	0.01599	0.00913	0.00702	0.00251	0.00668	0.00680	0.00822	0.01199
38	0.01213	0.01041	0.01264	0.01314	0.01398	0.03861	0.00958	0.01378	0.01552	0.02051	0.04053	0.46069	0.10876	0.02412	0.04755	0.00373	0.12237	0.01825	0.00656	0.00716
39	0.00989	0.00706	0.00942	0.01130	0.01177	0.00659	0.00753	0.01130	0.01554	0.02071	0.04472	0.70954	0.05367	0.02542	0.01036	0.00330	0.00471	0.02307	0.00753	0.00659
40	0.01627	0.04197	0.67279	0.02313	0.03512	0.01884	0.02998	0.02570	0.01713	0.02570	0.01456	0.01713	0.01028	0.00771	0.00771	0.00257	0.01199	0.00600	0.00343	0.01199
41	0.02020	0.53276	0.21638	0.01643	0.02477	0.02845	0.01832	0.02468	0.01666	0.02091	0.01219	0.01415	0.01038	0.00715	0.00590	0.00197	0.00959	0.00480	0.00346	0.01085
42	0.01165	0.00809	0.01020	0.01028	0.01076	0.00853	0.00668	0.01263	0.01235	0.01693	0.02517	0.07431	0.02761	0.47835	0.24314	0.00931	0.01212	0.01130	0.00485	0.00573
43	0.02085	0.01783	0.02157	0.02342	0.16224	0.01956	0.01529	0.12740	0.36066	0.03387	0.03143	0.03065	0.07728	0.01084	0.00831	0.00263	0.00731	0.00917	0.00724	0.01246
44	0.01796	0.01916	0.03232	0.02429	0.03039	0.07903	0.34016	0.02295	0.01930	0.02579	0.10086	0.09386	0.02442	0.00996	0.00891	0.00248	0.01048	0.01045	0.00517	0.12207

[dist]
# distance from previous block
# <min> <max>
0	1

[block]
# block no. 3 follows, 23 sequences, length 28
# corresponding to MSA columns:
# 163-190
name=unknown_D
#
# <colnr> <probs for GDERKNQSTAVLIFYWHMCP>
#	G	D	E	R	K	N	Q	S	T	A	V	L	I	F	Y	W	H	M	C	P
0	0.02018	0.01756	0.01934	0.01877	0.06472	0.02012	0.01366	0.04188	0.60675	0.03344	0.03182	0.02958	0.02396	0.01075	0.00824	0.00273	0.00664	0.00904	0.00797	0.01284
1	0.02021	0.01672	0.01977	0.01670	0.07215	0.01505	0.01224	0.15074	0.05948	0.03205	0.01666	0.01845	0.01322	0.00719	0.00675	0.00165	0.00693	0.00578	0.00564	0.50261
2	0.01159	0.00869	0.01304	0.01304	0.01449	0.01014	0.01014	0.01449	0.01304	0.01884	0.02173	0.03188	0.02029	0.06086	0.68268	0.01304	0.02173	0.00869	0.00435	0.00724
3	0.02169	0.71972	0.04252	0.01388	0.02083	0.03211	0.01388	0.02430	0.01649	0.01909	0.01128	0.01302	0.01041	0.00694	0.00521	0.00174	0.00868	0.00434	0.00347	0.01041
4	0.02385	0.16078	0.02719	0.04660	0.10354	0.17113	0.01606	0.11068	0.17921	0.02816	0.01866	0.01992	0.01478	0.00900	0.00811	0.00235	0.03633	0.00671	0.00551	0.01143
5	0.10612	0.00884	0.00923	0.00908	0.00970	0.00915	0.00540	0.01330	0.01205	0.01830	0.02380	0.04815	0.02693	0.62709	0.03680	0.00720	0.00767	0.01088	0.00493	0.00540
6	0.02076	0.02259	0.06076	0.03448	0.36082	0.14307	0.02001	0.02711	0.08696	0.02675	0.09657	0.02501	0.02143	0.00903	0.00810	0.00241	0.00964	0.00792	0.00508	0.01151
7	0.01063	0.00838	0.00966	0.00969	0.01206	0.00742	0.00750	0.01345	0.01994	0.02559	0.26122	0.07419	0.39874	0.01952	0.00978	0.00280	0.00444	0.08984	0.00797	0.00718
8	0.01544	0.01313	0.01523	0.01150	0.01768	0.01003	0.00904	0.01870	0.01694	0.02547	0.02497	0.07344	0.09546	0.00919	0.00676	0.00154	0.00568	0.00763	0.00534	0.61683
9	0.01004	0.00746	0.00936	0.01053	0.01165	0.00678	0.00727	0.01189	0.01710	0.02250	0.13268	0.49729	0.17923	0.02328	0.01010	0.00309	0.00447	0.02077	0.00772	0.00678
10	0.02149	0.28529	0.06341	0.01795	0.02373	0.20514	0.09095	0.02485	0.01934	0.02179	0.06856	0.02497	0.08171	0.00947	0.00723	0.00216	0.01028	0.00739	0.00457	0.00971
11	0.02058	0.02095	0.03152	0.12590	0.48695	0.09256	0.05406	0.02527	0.01873	0.02503	0.01492	0.01976	0.01231	0.00745	0.00804	0.00243	0.01054	0.00712	0.00399	0.01190
12	0.02797	0.02125	0.02475	0.02263	0.11396	0.02328	0.01638	0.50730	0.03362	0.04540	0.01905	0.02044	0.01413	0.01301	0.05584	0.00318	0.00993	0.00739	0.00728	0.01320
13	0.02571	0.07867	0.02450	0.13582	0.02919	0.13645	0.01601	0.31433	0.05473	0.03605	0.05585	0.02143	0.01667	0.00946	0.00784	0.00239	0.00981	0.00722	0.00634	0.01153
14	0.05249	0.06340	0.08018	0.03591	0.38995	0.06595	0.02136	0.05500	0.01938	0.02691	0.01825	0.02757	0.01640	0.00935	0.00806	0.00253	0.00967	0.08142	0.00462	0.01160
15	0.15264	0.08038	0.02624	0.02943	0.27696	0.16904	0.01765	0.07490	0.02029	0.02834	0.04160	0.01878	0.01422	0.00811	0.00719	0.00231	0.00980	0.00638	0.00472	0.01103
16	0.01534	0.04931	0.16618	0.02444	0.17235	0.01488	0.06524	0.02041	0.01854	0.02516	0.08495	0.04432	0.16601	0.01290	0.00883	0.00269	0.00846	0.08454	0.00548	0.00999
17	0.13416	0.05046	0.09706	0.02704	0.20576	0.04329	0.06020	0.10604	0.02064	0.06448	0.01929	0.02753	0.01644	0.00970	0.00792	0.00260	0.00930	0.08142	0.00538	0.01130
18	0.02733	0.16356	0.02589	0.01781	0.02319	0.26187	0.01447	0.14261	0.13990	0.07852	0.01884	0.01908	0.01444	0.00895	0.00729	0.00224	0.01032	0.00638	0.00596	0.01137
19	0.07123	0.02230	0.07560	0.09038	0.36511	0.08683	0.06887	0.02498	0.01792	0.02541	0.01433	0.01893	0.01178	0.00798	0.00930	0.00253	0.06419	0.00691	0.00400	0.01141
20	0.09591	0.02567	0.14872	0.02514	0.15995	0.15106	0.03351	0.05724	0.01992	0.02756	0.09502	0.02493	0.02036	0.00977	0.00898	0.00252	0.05157	0.02668	0.00495	0.01053
21	0.06006	0.22423	0.09551	0.02443	0.18734	0.11352	0.01737	0.02398	0.01828	0.02392	0.06729	0.07349	0.01960	0.00953	0.00723	0.00227	0.00927	0.00767	0.00454	0.01046
22	0.07775	0.02522	0.16804	0.04435	0.10521	0.10539	0.01906	0.07619	0.02011	0.13506	0.04184	0.02073	0.01506	0.00948	0.01017	0.00259	0.10011	0.00692	0.00543	0.01131
23	0.02133	0.07121	0.12212	0.02443	0.16641	0.02003	0.01816	0.20771	0.07475	0.03416	0.09787	0.02543	0.02183	0.01234	0.04386	0.00300	0.00938	0.00802	0.00608	0.01189
24	0.05405	0.02434	0.02508	0.02358	0.10428	0.20578	0.08552	0.13801	0.14655	0.03120	0.06430	0.02323	0.01896	0.00936	0.00805	0.00244	0.01020	0.00774	0.00601	0.01131
25	0.02107	0.20737	0.03046	0.05237	0.21495	0.09838	0.01780	0.04947	0.05635	0.02384	0.01806	0.02101	0.04675	0.00925	0.00970	0.00239	0.09864	0.00686	0.00442	0.01087
26	0.02438	0.02543	0.08019	0.08157	0.21797	0.14076	0.06475	0.20707	0.02488	0.03204	0.01598	0.01893	0.01230	0.00825	0.00802	0.00242	0.01090	0.00696	0.00519	0.01201
27	0.20913	0.15844	0.06844	0.02054	0.12129	0.12094	0.01525	0.02761	0.10023	0.02775	0.04757	0.01932	0.01557	0.00841	0.00671	0.00232	0.00881	0.00620	0.00495	0.01052

[dist]
# distance from previous block
# <min> <max>
24	121

[block]
# block no. 4 follows, 23 sequences, length 20
# corresponding to MSA columns:
# 339-358
name=unknown_E
#
# <colnr> <probs for GDERKNQSTAVLIFYWHMCP>
#	G	D	E	R	K	N	Q	S	T	A	V	L	I	F	Y	W	H	M	C	P
0	0.02245	0.25615	0.10274	0.05393	0.12638	0.09750	0.01859	0.11478	0.02035	0.02589	0.01369	0.01657	0.01133	0.00841	0.00885	0.00230	0.07871	0.00591	0.00433	0.01114
1	0.06529	0.12293	0.08765	0.02086	0.11908	0.06008	0.01593	0.03175	0.11894	0.20614	0.05515	0.02385	0.01907	0.00919	0.00753	0.00240	0.00829	0.00736	0.00654	0.01197
2	0.05904	0.26018	0.22910	0.02060	0.06634	0.19151	0.01972	0.02680	0.01833	0.02263	0.01286	0.01514	0.01045	0.00758	0.00668	0.00216	0.01115	0.00526	0.00375	0.01072
3	0.02430	0.28927	0.08831	0.01750	0.02351	0.23069	0.01579	0.11100	0.02128	0.02434	0.01400	0.01639	0.01172	0.01243	0.06413	0.00298	0.01198	0.00555	0.00441	0.01044
4	0.01927	0.41700	0.32403	0.01801	0.02721	0.02618	0.02107	0.02492	0.01677	0.02204	0.01275	0.01485	0.01035	0.00728	0.00632	0.00211	0.01016	0.00508	0.00345	0.01112
5	0.01990	0.20486	0.11761	0.01755	0.05377	0.02134	0.01549	0.03159	0.26526	0.06148	0.05436	0.02725	0.05612	0.01001	0.00749	0.00242	0.00775	0.00799	0.00618	0.01157
6	0.01577	0.13848	0.36368	0.01942	0.06121	0.01788	0.02105	0.02211	0.01792	0.02479	0.09067	0.03092	0.12236	0.01054	0.00783	0.00246	0.00924	0.00848	0.00469	0.01052
7	0.03019	0.01973	0.02206	0.01716	0.02322	0.02111	0.01409	0.44488	0.06717	0.17460	0.06287	0.02429	0.01960	0.01030	0.00822	0.00247	0.00806	0.00804	0.00857	0.01336
8	0.01180	0.00787	0.00885	0.00885	0.00885	0.00787	0.00492	0.01180	0.01180	0.01573	0.02557	0.05310	0.02950	0.71483	0.04130	0.00787	0.00787	0.01180	0.00492	0.00492
9	0.01048	0.00731	0.00924	0.01054	0.01087	0.00698	0.00673	0.01145	0.01439	0.01918	0.03882	0.50741	0.04623	0.23770	0.01988	0.00470	0.00568	0.01960	0.00673	0.00608
10	0.01708	0.03638	0.49872	0.02621	0.03715	0.01931	0.19844	0.02578	0.01769	0.02578	0.01508	0.01846	0.01085	0.00747	0.00823	0.00262	0.01246	0.00699	0.00362	0.01170
11	0.01971	0.01926	0.03395	0.08546	0.56616	0.01933	0.08652	0.02477	0.01841	0.02612	0.01533	0.02035	0.01268	0.00724	0.00819	0.00246	0.01012	0.00747	0.00400	0.01244
12	0.06330	0.01805	0.02452	0.02363	0.13483	0.01942	0.07058	0.25023	0.02410	0.03424	0.01781	0.02183	0.01434	0.01963	0.14998	0.00467	0.04436	0.00748	0.00570	0.05131
13	0.02717	0.02134	0.11635	0.01685	0.02413	0.01776	0.01542	0.24314	0.05584	0.21162	0.02191	0.02139	0.01520	0.00890	0.00769	0.00227	0.00817	0.00698	0.00736	0.15052
14	0.13215	0.14968	0.02703	0.02478	0.17573	0.27883	0.01639	0.02834	0.01947	0.05814	0.01383	0.01613	0.01129	0.00781	0.00683	0.00219	0.01079	0.00559	0.00445	0.01055
15	0.01732	0.01710	0.02037	0.13447	0.02630	0.08452	0.04838	0.02506	0.16306	0.02454	0.06219	0.03526	0.14634	0.01279	0.01210	0.00282	0.14218	0.00990	0.00579	0.00952
16	0.02045	0.01905	0.01679	0.05284	0.02025	0.18865	0.01180	0.11820	0.02366	0.05880	0.18161	0.10028	0.12673	0.01395	0.00867	0.00251	0.00814	0.01143	0.00697	0.00923
17	0.01971	0.01783	0.05714	0.01771	0.02049	0.02007	0.01489	0.19651	0.02014	0.02840	0.01712	0.02508	0.01553	0.11218	0.12465	0.00522	0.26450	0.00797	0.00517	0.00970
18	0.05474	0.01809	0.02036	0.05331	0.08401	0.11461	0.01486	0.10552	0.01859	0.02522	0.01685	0.02289	0.01470	0.02845	0.25672	0.00644	0.12321	0.00733	0.00468	0.00943
19	0.02294	0.02223	0.03174	0.03271	0.24056	0.12345	0.18100	0.03056	0.11909	0.08457	0.01945	0.02198	0.01486	0.00815	0.00837	0.00251	0.01074	0.00792	0.00528	0.01189

[dist]
# distance from previous block
# <min> <max>
13	55

[block]
# block no. 5 follows, 23 sequences, length 10
# corresponding to MSA columns:
# 415-424
name=unknown_F
#
# <colnr> <probs for GDERKNQSTAVLIFYWHMCP>
#	G	D	E	R	K	N	Q	S	T	A	V	L	I	F	Y	W	H	M	C	P
0	0.09122	0.06465	0.02223	0.02171	0.14209	0.07717	0.01483	0.18047	0.05693	0.06050	0.02111	0.02717	0.01745	0.00999	0.00755	0.00244	0.00831	0.06315	0.09988	0.01114
1	0.07536	0.01352	0.01819	0.14010	0.07990	0.01506	0.01360	0.05056	0.01600	0.02418	0.01857	0.05991	0.01749	0.11979	0.08188	0.00435	0.09589	0.00832	0.04485	0.10248
2	0.01836	0.01480	0.01970	0.02133	0.14039	0.01590	0.01404	0.14912	0.04619	0.02923	0.02333	0.14251	0.02216	0.02138	0.13209	0.00449	0.06439	0.01017	0.04488	0.06553
3	0.06117	0.02169	0.10648	0.02676	0.17542	0.02044	0.05865	0.12392	0.12507	0.08165	0.01938	0.02137	0.01470	0.00939	0.01032	0.00267	0.09557	0.00747	0.00576	0.01214
4	0.02314	0.01786	0.02029	0.01674	0.02151	0.01944	0.01361	0.33263	0.07699	0.03808	0.02412	0.10258	0.02163	0.01268	0.01003	0.00262	0.06845	0.06519	0.00719	0.10521
5	0.01846	0.01438	0.01787	0.01759	0.05989	0.09423	0.06907	0.02109	0.01865	0.13009	0.06455	0.36810	0.03730	0.01738	0.00935	0.00287	0.00743	0.01565	0.00705	0.00901
6	0.08789	0.03622	0.32268	0.02107	0.02855	0.25559	0.02188	0.02735	0.01849	0.02398	0.01319	0.01595	0.01024	0.00853	0.00910	0.00249	0.07678	0.00568	0.00385	0.01050
7	0.08470	0.01629	0.01987	0.02031	0.14177	0.01566	0.01334	0.02786	0.19204	0.02941	0.01946	0.02085	0.01542	0.00776	0.00693	0.00198	0.00684	0.00644	0.00563	0.34746
8	0.01962	0.10849	0.02425	0.01796	0.02033	0.02255	0.01490	0.14966	0.01898	0.02639	0.01879	0.14304	0.01909	0.01434	0.01695	0.00303	0.33700	0.00968	0.00523	0.00971
9	0.04936	0.04959	0.01466	0.01239	0.01561	0.04069	0.00987	0.07394	0.02068	0.08355	0.14666	0.12036	0.18378	0.01949	0.05248	0.00340	0.00712	0.08034	0.00736	0.00868

[dist]
# distance from previous block
# <min> <max>
0	1

[block]
# block no. 6 follows, 23 sequences, length 6
# corresponding to MSA columns:
# 426-431
name=unknown_G
#
# <colnr> <probs for GDERKNQSTAVLIFYWHMCP>
#	G	D	E	R	K	N	Q	S	T	A	V	L	I	F	Y	W	H	M	C	P
0	0.01900	0.02431	0.12131	0.07081	0.03596	0.08767	0.33090	0.02479	0.01808	0.02408	0.01537	0.02044	0.01205	0.01078	0.04808	0.00320	0.06830	0.00798	0.00400	0.05288
1	0.01411	0.00976	0.01310	0.04877	0.01605	0.01042	0.00973	0.04807	0.01613	0.06508	0.03208	0.33485	0.03507	0.12654	0.13650	0.00559	0.04892	0.01527	0.00635	0.00760
2	0.08961	0.02551	0.09255	0.11650	0.12820	0.19460	0.01848	0.06143	0.06211	0.02625	0.01512	0.01823	0.01198	0.00844	0.00848	0.00240	0.04947	0.00628	0.00457	0.05977
3	0.01269	0.01124	0.01085	0.01039	0.01284	0.06209	0.00764	0.01637	0.06049	0.02478	0.22500	0.06246	0.34059	0.09197	0.01270	0.00318	0.00543	0.01442	0.00742	0.00746
4	0.17962	0.01881	0.01813	0.05341	0.12494	0.14998	0.01340	0.06162	0.01897	0.02693	0.02705	0.16255	0.08762	0.01279	0.00789	0.00260	0.00837	0.01045	0.00559	0.00927
5	0.01878	0.12760	0.40356	0.01980	0.02887	0.10320	0.02276	0.05523	0.01897	0.02494	0.02133	0.02289	0.07993	0.00916	0.00755	0.00241	0.01089	0.00693	0.00420	0.01100

[dist]
# distance from previous block
# <min> <max>
10	53

[block]
# block no. 7 follows, 23 sequences, length 72
# corresponding to MSA columns:
# 498-569
name=unknown_H
#
# <colnr> <probs for GDERKNQSTAVLIFYWHMCP>
#	G	D	E	R	K	N	Q	S	T	A	V	L	I	F	Y	W	H	M	C	P
0	0.10090	0.02561	0.22127	0.03215	0.28109	0.01937	0.04947	0.05299	0.01832	0.05687	0.01533	0.01870	0.01185	0.00807	0.00886	0.00256	0.05362	0.00669	0.00438	0.01191
1	0.01973	0.02753	0.25923	0.03557	0.34819	0.01941	0.02512	0.08906	0.01999	0.02879	0.01542	0.01884	0.01200	0.00762	0.00785	0.00242	0.01026	0.00670	0.00427	0.04199
2	0.01685	0.03837	0.56755	0.02657	0.10023	0.01900	0.06767	0.02563	0.01740	0.02580	0.01475	0.01774	0.01067	0.00760	0.00786	0.00256	0.01186	0.00635	0.00353	0.01201
3	0.02088	0.02110	0.03106	0.04383	0.53071	0.08763	0.02320	0.02510	0.01830	0.02509	0.01450	0.01928	0.01237	0.00808	0.00993	0.00250	0.08336	0.00701	0.00398	0.01208
4	0.01095	0.00887	0.00983	0.00967	0.01225	0.00803	0.00740	0.01485	0.05821	0.02558	0.22773	0.07145	0.43049	0.01905	0.00961	0.00275	0.00439	0.05346	0.00794	0.00747
5	0.01068	0.00801	0.00990	0.00995	0.01176	0.00723	0.00727	0.01356	0.02030	0.02744	0.38823	0.20267	0.21439	0.01943	0.00974	0.00276	0.00408	0.01706	0.00829	0.00723
6	0.01222	0.00962	0.01425	0.01389	0.01519	0.01165	0.01092	0.01501	0.01298	0.01891	0.02060	0.03043	0.01930	0.05608	0.61548	0.01207	0.09121	0.00853	0.00427	0.00741
7	0.01860	0.01777	0.03026	0.25058	0.47501	0.01889	0.02417	0.02361	0.01778	0.02471	0.01500	0.02057	0.01222	0.00750	0.00806	0.00250	0.01001	0.00722	0.00389	0.01166
8	0.01532	0.01442	0.02434	0.69533	0.05589	0.01803	0.02253	0.02073	0.01622	0.02073	0.01442	0.02163	0.01082	0.00811	0.00811	0.00270	0.01082	0.00721	0.00361	0.00901
9	0.01000	0.00711	0.00938	0.01115	0.01159	0.00667	0.00737	0.01133	0.01531	0.02041	0.04355	0.66945	0.05219	0.06752	0.01225	0.00357	0.00490	0.02238	0.00737	0.00649
10	0.02008	0.01928	0.03294	0.04981	0.66422	0.01928	0.02490	0.02490	0.01848	0.02651	0.01526	0.02008	0.01285	0.00723	0.00803	0.00241	0.00964	0.00723	0.00402	0.01285
11	0.00968	0.00818	0.00838	0.00843	0.01104	0.00687	0.00629	0.01179	0.01857	0.02233	0.10551	0.10347	0.61064	0.02058	0.00962	0.00275	0.00412	0.01727	0.00760	0.00687
12	0.03040	0.03609	0.02321	0.02054	0.02510	0.57573	0.01564	0.13045	0.02545	0.02493	0.01367	0.01542	0.01099	0.00859	0.00745	0.00215	0.01371	0.00556	0.00482	0.01012
13	0.00968	0.00787	0.00858	0.00914	0.01120	0.00677	0.00657	0.01154	0.01761	0.02156	0.07097	0.26724	0.47902	0.02201	0.00982	0.00291	0.00429	0.01891	0.00753	0.00677
14	0.03031	0.03867	0.02299	0.02090	0.02508	0.68226	0.01568	0.03240	0.02299	0.01986	0.01254	0.01463	0.01045	0.00836	0.00732	0.00209	0.01463	0.00523	0.00418	0.00941
15	0.02064	0.02034	0.03239	0.04823	0.62940	0.05539	0.02440	0.02531	0.01872	0.02615	0.01511	0.01979	0.01272	0.00729	0.00799	0.00239	0.00991	0.00712	0.00403	0.01267
16	0.01409	0.01248	0.01659	0.01557	0.01677	0.04587	0.01239	0.01665	0.01335	0.01907	0.01841	0.02738	0.01731	0.04620	0.47955	0.01005	0.19827	0.00811	0.00413	0.00777
17	0.01627	0.04197	0.67279	0.02313	0.03512	0.01884	0.02998	0.02570	0.01713	0.02570	0.01456	0.01713	0.01028	0.00771	0.00771	0.00257	0.01199	0.00600	0.00343	0.01199
18	0.01679	0.08380	0.60410	0.02375	0.06257	0.01970	0.02873	0.02557	0.01715	0.02532	0.01439	0.01700	0.01040	0.00764	0.00757	0.00251	0.01168	0.00595	0.00346	0.01193
19	0.01187	0.00910	0.01357	0.01341	0.01480	0.01080	0.01049	0.01472	0.01301	0.01887	0.02124	0.03124	0.01985	0.05876	0.65314	0.01261	0.05227	0.00862	0.00431	0.00732
20	0.01046	0.00730	0.00924	0.01056	0.01089	0.00698	0.00674	0.01145	0.01441	0.01921	0.03894	0.51151	0.04638	0.23339	0.01969	0.00467	0.00566	0.01967	0.00674	0.00609
21	0.02008	0.01928	0.03294	0.04981	0.66422	0.01928	0.02490	0.02490	0.01848	0.02651	0.01526	0.02008	0.01285	0.00723	0.00803	0.00241	0.00964	0.00723	0.00402	0.01285
22	0.03058	0.03078	0.02367	0.01980	0.02512	0.35703	0.01555	0.33173	0.03050	0.03534	0.01598	0.01703	0.01211	0.00904	0.00771	0.00226	0.01181	0.00626	0.00613	0.01158
23	0.02008	0.01928	0.03294	0.04981	0.66422	0.01928	0.02490	0.02490	0.01848	0.02651	0.01526	0.02008	0.01285	0.00723	0.00803	0.00241	0.00964	0.00723	0.00402	0.01285
24	0.01006	0.00719	0.00961	0.01150	0.01204	0.00674	0.00783	0.01160	0.01571	0.02091	0.04463	0.67587	0.05329	0.02526	0.01040	0.00332	0.00486	0.05502	0.00753	0.00664
25	0.02928	0.07853	0.02450	0.02017	0.02466	0.51958	0.01562	0.11605	0.02423	0.02418	0.01335	0.01535	0.01093	0.00873	0.00816	0.00218	0.04424	0.00555	0.00466	0.01006
26	0.02087	0.02077	0.03217	0.04758	0.61495	0.07038	0.02419	0.02548	0.01882	0.02600	0.01505	0.01966	0.01267	0.00732	0.00798	0.00239	0.01002	0.00708	0.00403	0.01259
27	0.01513	0.00756	0.00756	0.00756	0.00945	0.00756	0.00567	0.01891	0.01702	0.03025	0.02647	0.03025	0.02080	0.00945	0.00567	0.00189	0.00378	0.00756	0.75988	0.00756
28	0.07741	0.33580	0.03134	0.01674	0.02035	0.02697	0.01496	0.02180	0.01440	0.02060	0.01149	0.01589	0.01083	0.01250	0.04481	0.00307	0.30217	0.00571	0.00366	0.00949
29	0.01068	0.00826	0.00973	0.00936	0.01163	0.00731	0.00702	0.01375	0.02107	0.02803	0.41458	0.06803	0.32473	0.01827	0.00958	0.00263	0.00395	0.01572	0.00834	0.00731
30	0.25494	0.01985	0.02014	0.01590	0.02193	0.02195	0.01313	0.40169	0.02955	0.09893	0.01807	0.01827	0.01282	0.00910	0.00719	0.00246	0.00796	0.00650	0.00735	0.01229
31	0.09703	0.25339	0.24078	0.02164	0.08183	0.09258	0.05893	0.02571	0.01744	0.02414	0.01314	0.01570	0.01054	0.00742	0.00674	0.00224	0.01053	0.00555	0.00378	0.01090
32	0.02193	0.64211	0.07482	0.01480	0.02185	0.07111	0.01485	0.02487	0.01692	0.01949	0.01153	0.01333	0.01041	0.00707	0.00547	0.00180	0.00922	0.00448	0.00351	0.01044
33	0.72473	0.06018	0.01386	0.01087	0.01602	0.01908	0.00911	0.02388	0.01398	0.03531	0.01130	0.01317	0.00889	0.00749	0.00503	0.00246	0.00643	0.00439	0.00492	0.00889
34	0.01249	0.00964	0.01155	0.01203	0.01431	0.00944	0.00967	0.01747	0.08676	0.02469	0.11398	0.07439	0.23752	0.07847	0.01276	0.00355	0.00598	0.25012	0.00751	0.00766
35	0.02896	0.01370	0.01728	0.01387	0.01908	0.01273	0.01121	0.12466	0.02449	0.41224	0.08489	0.07766	0.09711	0.01265	0.00856	0.00258	0.00653	0.01047	0.00922	0.01210
36	0.02117	0.01792	0.01890	0.01671	0.02148	0.02064	0.01308	0.09817	0.59290	0.03554	0.03177	0.02927	0.02375	0.01089	0.00824	0.00272	0.00665	0.00900	0.00824	0.01293
37	0.01012	0.00800	0.00870	0.00893	0.01084	0.00703	0.00629	0.01191	0.01738	0.02162	0.11350	0.16566	0.42791	0.12834	0.01461	0.00360	0.00476	0.01698	0.00724	0.00658
38	0.01163	0.00855	0.01231	0.01231	0.01351	0.00975	0.00924	0.01402	0.01283	0.01830	0.02240	0.03556	0.02188	0.17422	0.57149	0.01214	0.01933	0.00923	0.00445	0.00684
39	0.01032	0.00825	0.00923	0.00899	0.01141	0.00716	0.00674	0.01306	0.02022	0.02602	0.30526	0.07134	0.43531	0.01902	0.00958	0.00267	0.00400	0.01618	0.00807	0.00716
40	0.02008	0.01928	0.03294	0.04981	0.66422	0.01928	0.02490	0.02490	0.01848	0.02651	0.01526	0.02008	0.01285	0.00723	0.00803	0.00241	0.00964	0.00723	0.00402	0.01285
41	0.01053	0.00755	0.01003	0.01114	0.01212	0.00705	0.00783	0.01279	0.01797	0.02452	0.23373	0.48077	0.06037	0.02256	0.01016	0.00309	0.00457	0.04832	0.00796	0.00696
42	0.00979	0.00742	0.00904	0.01034	0.01152	0.00667	0.00711	0.01141	0.01646	0.02109	0.05638	0.51314	0.24254	0.02391	0.01012	0.00312	0.00452	0.02122	0.00753	0.00667
43	0.01001	0.00711	0.00938	0.01114	0.01158	0.00667	0.00737	0.01133	0.01530	0.02040	0.04351	0.66803	0.05214	0.06901	0.01231	0.00358	0.00491	0.02236	0.00737	0.00648
44	0.01915	0.02189	0.04788	0.03420	0.04241	0.02052	0.63475	0.02599	0.01915	0.02599	0.01642	0.02189	0.01231	0.00684	0.00958	0.00274	0.01368	0.00958	0.00410	0.01094
45	0.00959	0.00822	0.00822	0.00822	0.01096	0.00685	0.00617	0.01165	0.01850	0.02192	0.08220	0.07809	0.66092	0.02055	0.00959	0.00274	0.00411	0.01713	0.00754	0.00685
46	0.01148	0.00829	0.01085	0.01021	0.01212	0.00766	0.00766	0.01531	0.02297	0.03254	0.65994	0.06061	0.07656	0.01659	0.00957	0.00255	0.00383	0.01467	0.00893	0.00766
47	0.02018	0.02002	0.03238	0.10204	0.54993	0.05446	0.05262	0.02500	0.01856	0.02564	0.01510	0.02001	0.01253	0.00735	0.00807	0.00243	0.01019	0.00723	0.00399	0.01226
48	0.02395	0.54169	0.03742	0.01572	0.02194	0.20205	0.01435	0.02642	0.01819	0.01929	0.01161	0.01344	0.01042	0.00731	0.00576	0.00183	0.01023	0.00457	0.00366	0.01015
49	0.02008	0.01928	0.03294	0.04981	0.66422	0.01928	0.02490	0.02490	0.01848	0.02651	0.01526	0.02008	0.01285	0.00723	0.00803	0.00241	0.00964	0.00723	0.00402	0.01285
50	0.02686	0.07429	0.02579	0.02338	0.09445	0.37937	0.01685	0.11378	0.02265	0.02487	0.01345	0.01627	0.01121	0.00920	0.01022	0.00237	0.11407	0.00596	0.00458	0.01039
51	0.01968	0.46813	0.27648	0.01732	0.02613	0.02718	0.01986	0.02482	0.01673	0.02154	0.01250	0.01454	0.01036	0.00723	0.00614	0.00205	0.00991	0.00495	0.00345	0.01100
52	0.00990	0.00823	0.00865	0.00855	0.01115	0.00698	0.00641	0.01225	0.01923	0.02367	0.17759	0.07520	0.56444	0.01990	0.00959	0.00271	0.00406	0.01672	0.00777	0.00698
53	0.01159	0.00869	0.01304	0.01304	0.01449	0.01014	0.01014	0.01449	0.01304	0.01884	0.02173	0.03188	0.02029	0.06086	0.68268	0.01304	0.02173	0.00869	0.00435	0.00724
54	0.01489	0.01193	0.01360	0.01269	0.01552	0.01270	0.00954	0.02608	0.27815	0.03091	0.30298	0.08803	0.07389	0.05912	0.01109	0.00302	0.00521	0.01285	0.00826	0.00951
55	0.02169	0.71972	0.04252	0.01388	0.02083	0.03211	0.01388	0.02430	0.01649	0.01909	0.01128	0.01302	0.01041	0.00694	0.00521	0.00174	0.00868	0.00434	0.00347	0.01041
56	0.01216	0.00955	0.01149	0.01013	0.01334	0.00813	0.00772	0.01554	0.02067	0.02885	0.39365	0.05548	0.19648	0.01529	0.00883	0.00231	0.00435	0.01318	0.00775	0.16508
57	0.03079	0.02429	0.02422	0.01889	0.02516	0.08966	0.01545	0.57780	0.03666	0.04807	0.01880	0.01901	0.01347	0.00961	0.00804	0.00240	0.00949	0.00710	0.00773	0.01337
58	0.01770	0.01685	0.02863	0.37276	0.35987	0.01865	0.02372	0.02282	0.01735	0.02362	0.01484	0.02086	0.01183	0.00767	0.00807	0.00256	0.01023	0.00722	0.00381	0.01093
59	0.08648	0.01718	0.02988	0.34624	0.19853	0.01883	0.14077	0.02306	0.01712	0.02460	0.01473	0.02053	0.01142	0.00760	0.00809	0.00262	0.01067	0.00742	0.00393	0.01031
60	0.02961	0.02319	0.02465	0.05173	0.05529	0.06609	0.01620	0.54274	0.03529	0.04664	0.01862	0.01930	0.01341	0.00946	0.00806	0.00242	0.00941	0.00717	0.00747	0.01326
61	0.09331	0.01066	0.01134	0.01022	0.01401	0.00984	0.00799	0.02038	0.05750	0.15355	0.06195	0.05847	0.42761	0.01654	0.00876	0.00267	0.00503	0.01355	0.00782	0.00880
62	0.01672	0.01410	0.05448	0.01395	0.01722	0.01305	0.01121	0.20135	0.02329	0.03130	0.09115	0.36271	0.07938	0.01853	0.00940	0.00289	0.00631	0.01616	0.00758	0.00920
63	0.02780	0.05837	0.02529	0.02232	0.08781	0.23917	0.01639	0.28080	0.06114	0.03413	0.01659	0.01813	0.01284	0.00927	0.00889	0.00238	0.05441	0.00657	0.00593	0.01176
64	0.02578	0.02676	0.02272	0.01960	0.02332	0.28726	0.01548	0.17572	0.07671	0.02848	0.01611	0.01884	0.01311	0.01336	0.05292	0.00321	0.15807	0.00667	0.00535	0.01051
65	0.08886	0.02058	0.06309	0.02737	0.23524	0.13106	0.01766	0.02320	0.01885	0.02572	0.06333	0.03722	0.05160	0.01186	0.00904	0.00269	0.03341	0.12396	0.00522	0.01005
66	0.19293	0.06657	0.10028	0.01787	0.02455	0.04410	0.06726	0.19693	0.09250	0.09337	0.01866	0.01933	0.01357	0.00870	0.00731	0.00248	0.00882	0.00671	0.00629	0.01175
67	0.11387	0.04338	0.04003	0.04113	0.02139	0.01665	0.01234	0.15207	0.07856	0.07382	0.07942	0.02383	0.02005	0.01177	0.04307	0.00272	0.00786	0.00714	0.00639	0.20452
68	0.18219	0.02075	0.01766	0.01522	0.01999	0.15876	0.01201	0.13550	0.11832	0.09557	0.05606	0.02769	0.08587	0.01067	0.00755	0.00247	0.00826	0.00800	0.00682	0.01064
69	0.02497	0.09049	0.06603	0.02511	0.17864	0.09108	0.01746	0.17409	0.07046	0.09361	0.01841	0.01970	0.01394	0.00840	0.00754	0.00226	0.00924	0.00671	0.00589	0.07596
70	0.09626	0.10910	0.05827	0.01952	0.07570	0.05246	0.01534	0.15095	0.10866	0.03057	0.01876	0.05099	0.01585	0.01398	0.05934	0.00334	0.09688	0.00751	0.00558	0.01093
71	0.27886	0.06644	0.05137	0.01639	0.02159	0.15996	0.01382	0.15197	0.06371	0.03300	0.01480	0.01643	0.01154	0.00884	0.00805	0.00245	0.05913	0.00575	0.00542	0.01047

[dist]
# distance from previous block
# <min> <max>
31	115

[block]
# block no. 8 follows, 23 sequences, length 20
# corresponding to MSA columns:
# 696-715
name=unknown_I
#
# <colnr> <probs for GDERKNQSTAVLIFYWHMCP>
#	G	D	E	R	K	N	Q	S	T	A	V	L	I	F	Y	W	H	M	C	P
0	0.02344	0.10300	0.10226	0.05686	0.13402	0.32418	0.01819	0.02697	0.01946	0.02134	0.01435	0.01905	0.01240	0.05356	0.03519	0.00297	0.01252	0.00620	0.00401	0.01002
1	0.13374	0.01986	0.05678	0.02561	0.22157	0.06910	0.01647	0.06020	0.01952	0.12410	0.01697	0.01889	0.01288	0.00769	0.00712	0.00217	0.00847	0.00623	0.00543	0.16719
2	0.07097	0.06202	0.02739	0.02618	0.17100	0.09792	0.08055	0.10216	0.10664	0.11183	0.01941	0.02095	0.01466	0.00883	0.00872	0.00249	0.04323	0.00728	0.00588	0.01190
3	0.05391	0.01097	0.01411	0.05233	0.05876	0.01120	0.01043	0.08579	0.02081	0.02948	0.25802	0.25654	0.04924	0.03869	0.01022	0.00294	0.00571	0.01500	0.00744	0.00840
4	0.07706	0.09833	0.02363	0.01894	0.02354	0.46219	0.01486	0.09547	0.02313	0.02454	0.01506	0.01989	0.01305	0.00923	0.00730	0.00223	0.01244	0.04448	0.00481	0.00981
5	0.11012	0.02253	0.02750	0.16170	0.28425	0.17067	0.05996	0.02576	0.01857	0.02501	0.01409	0.01844	0.01140	0.00767	0.00763	0.00243	0.01087	0.00659	0.00410	0.01072
6	0.01149	0.00860	0.01282	0.01294	0.01433	0.00993	0.00999	0.01430	0.01319	0.01895	0.02310	0.07228	0.02228	0.05874	0.64260	0.01246	0.02072	0.00955	0.00454	0.00721
