[name]
unknown

[dist]
# distance from previous block
# <min> <max>
6	34

[block]
# block no. 0 follows, 22 sequences, length 52
# corresponding to MSA columns:
# 34-85
name=unknown_A
#
# <colnr> <probs for GDERKNQSTAVLIFYWHMCP>
#	G	D	E	R	K	N	Q	S	T	A	V	L	I	F	Y	W	H	M	C	P
0	0.01685	0.01983	0.11845	0.02663	0.20556	0.05623	0.04575	0.02243	0.05803	0.02581	0.09371	0.17987	0.03079	0.04965	0.01070	0.00302	0.00865	0.01204	0.00572	0.01027
1	0.06020	0.03024	0.24533	0.02920	0.19579	0.13641	0.05440	0.02722	0.01958	0.05532	0.05560	0.02122	0.01602	0.00851	0.00801	0.00250	0.01115	0.00710	0.00459	0.01161
2	0.10378	0.02317	0.19711	0.01821	0.05470	0.01760	0.01681	0.09227	0.15899	0.03085	0.02928	0.03204	0.09813	0.07818	0.01134	0.00319	0.00843	0.00892	0.00604	0.01097
3	0.05987	0.01494	0.01611	0.05829	0.05954	0.08366	0.01152	0.02391	0.01970	0.17332	0.04106	0.10381	0.19239	0.01381	0.00844	0.00256	0.00714	0.01142	0.04117	0.05736
4	0.02575	0.08963	0.02435	0.01658	0.02311	0.01867	0.05208	0.22292	0.02557	0.15003	0.02169	0.06746	0.01721	0.00968	0.00772	0.00219	0.00799	0.00794	0.00701	0.20242
5	0.01900	0.01992	0.07123	0.20356	0.43714	0.01970	0.02485	0.02422	0.01794	0.02527	0.01512	0.02063	0.01236	0.00803	0.00922	0.00261	0.04603	0.00731	0.00395	0.01193
6	0.01864	0.01732	0.01541	0.01463	0.01766	0.14593	0.01107	0.02747	0.20304	0.02642	0.03042	0.10434	0.05693	0.02139	0.12312	0.00441	0.01020	0.01020	0.13187	0.00952
7	0.05669	0.02507	0.19064	0.08259	0.43028	0.01949	0.02582	0.02537	0.01818	0.02706	0.01519	0.01955	0.01216	0.00760	0.00799	0.00253	0.01038	0.00694	0.00399	0.01248
8	0.01878	0.08615	0.02630	0.18475	0.03185	0.13557	0.11108	0.02247	0.01901	0.02337	0.12607	0.05788	0.02507	0.01187	0.01070	0.05021	0.03570	0.00916	0.00498	0.00904
9	0.02755	0.03113	0.02713	0.03115	0.23875	0.38382	0.01921	0.09439	0.02364	0.02606	0.01454	0.01740	0.01190	0.00832	0.00783	0.00229	0.01263	0.00627	0.00466	0.01131
10	0.01450	0.01196	0.01444	0.08651	0.01991	0.01273	0.01087	0.02415	0.21010	0.03002	0.26913	0.08031	0.15163	0.01539	0.00926	0.00276	0.00560	0.01328	0.00803	0.00942
11	0.01824	0.01410	0.01441	0.01277	0.01697	0.04214	0.00994	0.05756	0.19285	0.09749	0.05493	0.05188	0.31908	0.01535	0.00893	0.00267	0.00600	0.01264	0.00795	0.04409
12	0.02128	0.01463	0.01993	0.02278	0.18497	0.01461	0.01365	0.12106	0.02159	0.12728	0.09076	0.03770	0.05419	0.19871	0.01767	0.00402	0.00796	0.01006	0.00669	0.01046
13	0.10216	0.39956	0.03343	0.05842	0.02288	0.02774	0.01499	0.02304	0.01544	0.02169	0.01203	0.01582	0.01096	0.01120	0.03719	0.00283	0.17147	0.00548	0.00379	0.00989
14	0.01071	0.00839	0.00969	0.00950	0.01180	0.00737	0.00707	0.01359	0.02083	0.02726	0.33699	0.10524	0.36292	0.01949	0.00985	0.00275	0.00411	0.01673	0.00836	0.00737
15	0.01353	0.00998	0.01207	0.01264	0.01430	0.00999	0.00897	0.09955	0.04408	0.02620	0.04410	0.54092	0.08572	0.02287	0.01015	0.00319	0.00546	0.02040	0.00783	0.00805
16	0.01354	0.01118	0.01199	0.01235	0.01434	0.04358	0.00887	0.05483	0.07613	0.02526	0.08145	0.40437	0.16779	0.02129	0.00990	0.00305	0.00560	0.01869	0.00772	0.00806
17	0.01227	0.00910	0.01041	0.01026	0.01276	0.00827	0.00761	0.01611	0.05966	0.05471	0.20472	0.17476	0.34926	0.01981	0.00979	0.00285	0.00453	0.01703	0.00821	0.00788
18	0.07053	0.01268	0.01471	0.01261	0.01696	0.01253	0.00999	0.03092	0.14562	0.25212	0.10355	0.03708	0.08839	0.01199	0.00801	0.00253	0.00573	0.00983	0.14314	0.01108
19	0.01736	0.01046	0.01261	0.01145	0.01472	0.00960	0.00877	0.04327	0.05033	0.15934	0.20903	0.13894	0.24633	0.01754	0.00949	0.00277	0.00510	0.01501	0.00867	0.00922
20	0.01154	0.00968	0.01018	0.00984	0.01277	0.00895	0.00744	0.01675	0.10231	0.02564	0.15925	0.07086	0.48668	0.01916	0.00963	0.00278	0.00448	0.01609	0.00802	0.00795
21	0.18099	0.01586	0.01828	0.01469	0.02063	0.01590	0.01201	0.08927	0.11193	0.39289	0.02754	0.02497	0.01837	0.00988	0.00772	0.00260	0.00705	0.00765	0.00881	0.01296
22	0.01126	0.00902	0.01007	0.01045	0.01264	0.00839	0.00769	0.01516	0.07247	0.02354	0.09043	0.22061	0.36212	0.05652	0.01165	0.00326	0.00496	0.05458	0.00770	0.00746
23	0.01000	0.00802	0.00894	0.00955	0.01155	0.00696	0.00684	0.01196	0.01811	0.02248	0.09487	0.28728	0.42923	0.02254	0.01008	0.00299	0.00440	0.01946	0.00777	0.00696
24	0.01640	0.01208	0.01421	0.01236	0.01555	0.01212	0.00963	0.16457	0.02686	0.03690	0.44307	0.05353	0.11826	0.01567	0.00944	0.00260	0.00522	0.01343	0.00880	0.00929
25	0.01613	0.01522	0.02572	0.62971	0.11209	0.01857	0.02329	0.02162	0.01682	0.02177	0.01484	0.02200	0.01127	0.00822	0.00830	0.00274	0.01096	0.00738	0.00373	0.00959
26	0.01919	0.01025	0.01244	0.01099	0.01474	0.00882	0.00855	0.02185	0.02093	0.23582	0.13690	0.10009	0.33212	0.01727	0.00938	0.00274	0.00516	0.01456	0.00875	0.00946
27	0.01199	0.00777	0.00904	0.00960	0.01001	0.00763	0.00592	0.01295	0.01394	0.01968	0.03200	0.23918	0.03613	0.41204	0.02797	0.00584	0.00653	0.01482	0.11105	0.00591
28	0.01697	0.01063	0.01090	0.01036	0.01309	0.01144	0.00791	0.02645	0.19584	0.03205	0.02902	0.03098	0.02246	0.01013	0.00656	0.00219	0.00464	0.00821	0.54087	0.00929
29	0.01471	0.00974	0.01105	0.01018	0.01343	0.00863	0.00782	0.01844	0.05245	0.11730	0.18806	0.06641	0.41444	0.01818	0.00953	0.00273	0.00468	0.01529	0.00841	0.00852
30	0.23693	0.01094	0.01057	0.00995	0.01340	0.01085	0.00771	0.01766	0.01829	0.06122	0.14361	0.08604	0.31208	0.01616	0.00839	0.00272	0.00500	0.01311	0.00730	0.00808
31	0.01532	0.01443	0.01519	0.01480	0.01679	0.12998	0.01140	0.01814	0.01519	0.01947	0.02056	0.02946	0.01896	0.05263	0.55493	0.01133	0.02094	0.00826	0.00442	0.00782
32	0.02066	0.01785	0.01878	0.01691	0.02160	0.02066	0.01315	0.04414	0.64121	0.03475	0.03381	0.03099	0.02536	0.01127	0.00845	0.00282	0.00657	0.00939	0.00845	0.01315
33	0.01027	0.00843	0.00904	0.00889	0.01150	0.00720	0.00667	0.01279	0.02000	0.02497	0.21604	0.07579	0.51939	0.02010	0.00981	0.00276	0.00414	0.01695	0.00805	0.00720
34	0.01008	0.00824	0.00890	0.00912	0.01148	0.00706	0.00669	0.01228	0.01898	0.02345	0.14062	0.17303	0.49853	0.02136	0.00994	0.00287	0.00427	0.01819	0.00787	0.00706
35	0.01448	0.00737	0.01045	0.01045	0.01082	0.00744	0.00713	0.01234	0.01197	0.01724	0.01676	0.02647	0.01579	0.02730	0.05634	0.60678	0.00735	0.00737	0.12171	0.00442
36	0.06841	0.02394	0.02421	0.01885	0.02527	0.06662	0.01547	0.56041	0.03682	0.04957	0.01907	0.01931	0.01365	0.00977	0.00810	0.00247	0.00938	0.00719	0.00790	0.01358
37	0.01870	0.01767	0.02990	0.34884	0.31822	0.01946	0.05178	0.04987	0.01874	0.02543	0.01546	0.02137	0.01219	0.00792	0.00834	0.00263	0.01060	0.00751	0.00410	0.01126
38	0.05798	0.00792	0.00996	0.01141	0.01234	0.00761	0.00781	0.01281	0.01660	0.02350	0.10769	0.59149	0.05453	0.02392	0.01017	0.00324	0.00483	0.02150	0.00770	0.00700
39	0.00994	0.00842	0.00859	0.00855	0.01130	0.00707	0.00641	0.01216	0.01923	0.02314	0.12060	0.07880	0.61598	0.02078	0.00982	0.00279	0.00419	0.01737	0.00781	0.00707
40	0.02797	0.02933	0.02520	0.11639	0.09578	0.32653	0.01793	0.20393	0.02661	0.03048	0.01547	0.01800	0.01201	0.00882	0.00792	0.00236	0.01221	0.00647	0.00535	0.01125
41	0.02873	0.02960	0.02288	0.01899	0.02463	0.33567	0.01485	0.23239	0.02765	0.03238	0.01559	0.01706	0.01215	0.00860	0.00753	0.00210	0.01142	0.00599	0.00576	0.14603
42	0.01187	0.00890	0.01335	0.01335	0.01483	0.01038	0.01038	0.01483	0.01335	0.01928	0.02225	0.03264	0.02077	0.06231	0.67512	0.01335	0.02225	0.00890	0.00445	0.00742
43	0.02056	0.01974	0.03372	0.05099	0.65622	0.01974	0.02550	0.02550	0.01892	0.02714	0.01563	0.02056	0.01316	0.00740	0.00822	0.00247	0.00987	0.00740	0.00411	0.01316
44	0.01674	0.01176	0.01306	0.01180	0.01350	0.01233	0.00797	0.16534	0.01916	0.02562	0.02652	0.10846	0.02860	0.46851	0.03077	0.00622	0.00801	0.01205	0.00611	0.00746
45	0.03043	0.02451	0.02417	0.01914	0.02534	0.09623	0.01555	0.50504	0.09751	0.04710	0.02055	0.02051	0.01487	0.00995	0.00824	0.00249	0.00952	0.00744	0.00788	0.01354
46	0.02683	0.03309	0.02075	0.01943	0.02294	0.54045	0.01438	0.02883	0.02201	0.02051	0.01946	0.15318	0.01959	0.01207	0.00812	0.00239	0.01294	0.00902	0.00497	0.00905
47	0.02491	0.44808	0.06999	0.01717	0.02359	0.25049	0.01572	0.02778	0.01918	0.02017	0.01217	0.01411	0.01067	0.00764	0.00620	0.00195	0.01114	0.00484	0.00380	0.01040
48	0.01008	0.00738	0.00948	0.01116	0.01194	0.00678	0.00753	0.01161	0.01629	0.02136	0.05069	0.62310	0.13130	0.02539	0.01050	0.00330	0.00474	0.02284	0.00771	0.00678
49	0.01029	0.00735	0.00984	0.01176	0.01232	0.00689	0.00801	0.01186	0.01607	0.02140	0.04569	0.67085	0.05457	0.02587	0.01065	0.00340	0.00497	0.05371	0.00771	0.00679
50	0.01549	0.00774	0.00774	0.00774	0.00968	0.00774	0.00581	0.01936	0.01742	0.03097	0.02710	0.03097	0.02129	0.00968	0.00581	0.00194	0.00387	0.00774	0.75416	0.00774
51	0.09943	0.23374	0.23249	0.01629	0.02323	0.02076	0.01746	0.02238	0.01574	0.02332	0.01583	0.02180	0.01397	0.08118	0.12532	0.00472	0.01195	0.00647	0.00400	0.00992

[dist]
# distance from previous block
# <min> <max>
0	14

[block]
# block no. 1 follows, 22 sequences, length 57
# corresponding to MSA columns:
# 100-156
name=unknown_B
#
# <colnr> <probs for GDERKNQSTAVLIFYWHMCP>
#	G	D	E	R	K	N	Q	S	T	A	V	L	I	F	Y	W	H	M	C	P
0	0.05097	0.06050	0.34048	0.05154	0.08739	0.11270	0.02339	0.02552	0.01863	0.02585	0.07486	0.02157	0.01724	0.00913	0.00885	0.00257	0.04651	0.00696	0.00430	0.01106
1	0.39707	0.01821	0.01715	0.01413	0.01949	0.02052	0.01155	0.27027	0.02429	0.04202	0.01579	0.01746	0.01188	0.00978	0.00783	0.04042	0.00747	0.00599	0.03791	0.01077
2	0.02297	0.01858	0.01876	0.01572	0.02046	0.05296	0.01237	0.28488	0.17289	0.03751	0.03637	0.03729	0.14751	0.07004	0.01141	0.00307	0.00775	0.01024	0.00774	0.01147
3	0.01012	0.00723	0.00964	0.01157	0.01205	0.00675	0.00771	0.01157	0.01591	0.02121	0.04579	0.70262	0.05495	0.02603	0.01060	0.00337	0.00482	0.02362	0.00771	0.00675
4	0.01443	0.00722	0.01082	0.01082	0.01082	0.00722	0.00722	0.01082	0.01082	0.01443	0.01443	0.02525	0.01443	0.02886	0.03247	0.75830	0.00722	0.00722	0.00361	0.00361
5	0.02536	0.03285	0.17471	0.02677	0.11587	0.24649	0.07702	0.14732	0.02423	0.02953	0.01546	0.01800	0.01185	0.00838	0.00806	0.00243	0.01242	0.00664	0.00487	0.01175
6	0.01162	0.00869	0.01218	0.01218	0.01384	0.00949	0.00935	0.01398	0.01432	0.01961	0.03430	0.04175	0.14866	0.05173	0.49775	0.06027	0.01760	0.01054	0.00506	0.00708
7	0.01042	0.00805	0.00951	0.00997	0.01180	0.00714	0.00716	0.01278	0.01913	0.02485	0.21848	0.27848	0.30918	0.02162	0.01007	0.00294	0.00433	0.01887	0.00808	0.00714
8	0.01958	0.01898	0.03308	0.16937	0.50357	0.01958	0.06459	0.02477	0.01853	0.02600	0.01554	0.02098	0.01273	0.00755	0.00834	0.00255	0.01037	0.00756	0.00404	0.01229
9	0.04789	0.00903	0.00993	0.00963	0.01180	0.00958	0.00740	0.04459	0.01729	0.02953	0.02503	0.03012	0.02034	0.02144	0.15641	0.00455	0.00834	0.00785	0.52125	0.00800
10	0.01208	0.00805	0.00906	0.00906	0.00906	0.00805	0.00503	0.01208	0.01208	0.01611	0.02618	0.05436	0.03020	0.70804	0.04228	0.00805	0.00805	0.01208	0.00503	0.00503
11	0.03052	0.02225	0.02380	0.01837	0.02470	0.02458	0.01513	0.58841	0.03763	0.05095	0.02042	0.02067	0.01460	0.00995	0.00815	0.00246	0.00879	0.00750	0.05743	0.01371
12	0.01826	0.01431	0.02007	0.01707	0.02069	0.01580	0.07058	0.19188	0.02132	0.02946	0.02107	0.02802	0.01809	0.04204	0.42059	0.00923	0.01771	0.00858	0.00553	0.00970
13	0.01443	0.00722	0.01082	0.01082	0.01082	0.00722	0.00722	0.01082	0.01082	0.01443	0.01443	0.02525	0.01443	0.02886	0.03247	0.75830	0.00722	0.00722	0.00361	0.00361
14	0.02221	0.71304	0.04353	0.01421	0.02132	0.03287	0.01421	0.02488	0.01688	0.01955	0.01155	0.01333	0.01066	0.00711	0.00533	0.00178	0.00888	0.00444	0.00355	0.01066
15	0.76672	0.01607	0.01221	0.01092	0.01607	0.01864	0.00900	0.02442	0.01414	0.03727	0.01157	0.01350	0.00900	0.00771	0.00514	0.00257	0.00643	0.00450	0.00514	0.00900
16	0.01666	0.04297	0.66500	0.02368	0.03596	0.01929	0.03069	0.02631	0.01754	0.02631	0.01491	0.01754	0.01052	0.00789	0.00789	0.00263	0.01228	0.00614	0.00351	0.01228
17	0.01187	0.00890	0.01335	0.01335	0.01483	0.01038	0.01038	0.01483	0.01335	0.01928	0.02225	0.03264	0.02077	0.06231	0.67512	0.01335	0.02225	0.00890	0.00445	0.00742
18	0.01208	0.00805	0.00906	0.00906	0.00906	0.00805	0.00503	0.01208	0.01208	0.01611	0.02618	0.05436	0.03020	0.70804	0.04228	0.00805	0.00805	0.01208	0.00503	0.00503
19	0.01012	0.00723	0.00964	0.01157	0.01205	0.00675	0.00771	0.01157	0.01591	0.02121	0.04579	0.70262	0.05495	0.02603	0.01060	0.00337	0.00482	0.02362	0.00771	0.00675
20	0.01678	0.01588	0.02690	0.54480	0.19193	0.01875	0.02362	0.02219	0.01713	0.02256	0.01496	0.02179	0.01154	0.00810	0.00829	0.00270	0.01080	0.00739	0.00379	0.01011
21	0.01012	0.00723	0.00964	0.01157	0.01205	0.00675	0.00771	0.01157	0.01591	0.02121	0.04579	0.70262	0.05495	0.02603	0.01060	0.00337	0.00482	0.02362	0.00771	0.00675
22	0.03158	0.02327	0.02493	0.01911	0.02576	0.02576	0.01579	0.62852	0.03906	0.05236	0.01995	0.01995	0.01413	0.00997	0.00831	0.00249	0.00914	0.00748	0.00831	0.01413
23	0.01012	0.00723	0.00964	0.01157	0.01205	0.00675	0.00771	0.01157	0.01591	0.02121	0.04579	0.70262	0.05495	0.02603	0.01060	0.00337	0.00482	0.02362	0.00771	0.00675
24	0.03103	0.03959	0.02354	0.02140	0.02568	0.67469	0.01605	0.03317	0.02354	0.02033	0.01284	0.01498	0.01070	0.00856	0.00749	0.00214	0.01498	0.00535	0.00428	0.00963
25	0.21869	0.03352	0.42920	0.02286	0.08985	0.01916	0.02436	0.02572	0.01676	0.02934	0.01408	0.01674	0.01036	0.00780	0.00718	0.00260	0.01047	0.00582	0.00400	0.01148
26	0.02159	0.01700	0.01827	0.01626	0.02101	0.01916	0.01270	0.04207	0.55151	0.09114	0.03643	0.03339	0.05874	0.01171	0.00852	0.00279	0.00649	0.00974	0.00858	0.01291
27	0.01666	0.04297	0.66500	0.02368	0.03596	0.01929	0.03069	0.02631	0.01754	0.02631	0.01491	0.01754	0.01052	0.00789	0.00789	0.00263	0.01228	0.00614	0.00351	0.01228
28	0.01187	0.00890	0.01335	0.01335	0.01483	0.01038	0.01038	0.01483	0.01335	0.01928	0.02225	0.03264	0.02077	0.06231	0.67512	0.01335	0.02225	0.00890	0.00445	0.00742
29	0.01780	0.01713	0.01708	0.01934	0.10333	0.14594	0.01246	0.07680	0.02035	0.02492	0.03598	0.34975	0.08986	0.01798	0.00936	0.00287	0.00792	0.01563	0.00658	0.00893
30	0.01187	0.00890	0.01335	0.01335	0.01483	0.01038	0.01038	0.01483	0.01335	0.01928	0.02225	0.03264	0.02077	0.06231	0.67512	0.01335	0.02225	0.00890	0.00445	0.00742
31	0.01666	0.04297	0.66500	0.02368	0.03596	0.01929	0.03069	0.02631	0.01754	0.02631	0.01491	0.01754	0.01052	0.00789	0.00789	0.00263	0.01228	0.00614	0.00351	0.01228
32	0.01929	0.02146	0.04372	0.03204	0.03856	0.02201	0.48934	0.02512	0.01806	0.02512	0.01548	0.02146	0.01222	0.00870	0.01373	0.00299	0.16667	0.00923	0.00407	0.01073
33	0.03103	0.03959	0.02354	0.02140	0.02568	0.67469	0.01605	0.03317	0.02354	0.02033	0.01284	0.01498	0.01070	0.00856	0.00749	0.00214	0.01498	0.00535	0.00428	0.00963
34	0.01818	0.01818	0.02545	0.02181	0.02181	0.02545	0.01818	0.01999	0.01272	0.01999	0.01091	0.01818	0.01091	0.01454	0.02726	0.00364	0.69284	0.00727	0.00364	0.00909
35	0.03727	0.01414	0.01928	0.01478	0.02121	0.01221	0.01221	0.04049	0.02378	0.66198	0.03277	0.02828	0.02056	0.01028	0.00835	0.00257	0.00707	0.00835	0.01028	0.01414
36	0.01208	0.00805	0.00906	0.00906	0.00906	0.00805	0.00503	0.01208	0.01208	0.01611	0.02618	0.05436	0.03020	0.70804	0.04228	0.00805	0.00805	0.01208	0.00503	0.00503
37	0.01208	0.00805	0.00906	0.00906	0.00906	0.00805	0.00503	0.01208	0.01208	0.01611	0.02618	0.05436	0.03020	0.70804	0.04228	0.00805	0.00805	0.01208	0.00503	0.00503
38	0.01723	0.01477	0.01723	0.01230	0.01969	0.01107	0.00984	0.02092	0.01723	0.02707	0.01477	0.01723	0.01230	0.00615	0.00615	0.00123	0.00615	0.00492	0.00492	0.75883
39	0.03257	0.01702	0.02050	0.01622	0.02235	0.01709	0.01324	0.17858	0.15269	0.39226	0.02999	0.02688	0.02003	0.01041	0.00836	0.00260	0.00745	0.00836	0.00945	0.01393
40	0.01012	0.00723	0.00964	0.01157	0.01205	0.00675	0.00771	0.01157	0.01591	0.02121	0.04579	0.70262	0.05495	0.02603	0.01060	0.00337	0.00482	0.02362	0.00771	0.00675
41	0.01723	0.01477	0.01723	0.01230	0.01969	0.01107	0.00984	0.02092	0.01723	0.02707	0.01477	0.01723	0.01230	0.00615	0.00615	0.00123	0.00615	0.00492	0.00492	0.75883
42	0.01015	0.00754	0.00934	0.01074	0.01172	0.00687	0.00727	0.01167	0.01641	0.02124	0.05349	0.53187	0.18824	0.05723	0.01193	0.00347	0.00484	0.02170	0.00759	0.00673
43	0.01050	0.00833	0.00943	0.00938	0.01170	0.00727	0.00695	0.01315	0.02020	0.02599	0.27161	0.12978	0.40605	0.02012	0.00988	0.00279	0.00417	0.01723	0.00820	0.00727
44	0.01044	0.00817	0.00946	0.00971	0.01175	0.00719	0.00706	0.01292	0.01957	0.02528	0.23826	0.21485	0.35371	0.02100	0.00999	0.00288	0.00426	0.01818	0.00812	0.00719
45	0.22822	0.01204	0.01335	0.16209	0.02302	0.01296	0.01093	0.01779	0.01728	0.02698	0.07719	0.04697	0.29415	0.01414	0.00814	0.00272	0.00637	0.01138	0.00615	0.00812
46	0.01238	0.00931	0.01197	0.01170	0.01344	0.00991	0.00870	0.04274	0.01558	0.02096	0.03681	0.04682	0.16440	0.17373	0.37317	0.00945	0.01486	0.01138	0.00548	0.00719
47	0.01324	0.01017	0.01113	0.01099	0.01381	0.00972	0.00817	0.01919	0.13299	0.05616	0.06387	0.20587	0.37402	0.01981	0.00967	0.00292	0.00492	0.01692	0.00798	0.00844
48	0.02039	0.02022	0.03649	0.04810	0.54522	0.01997	0.13428	0.02570	0.01904	0.02704	0.01584	0.02090	0.01306	0.00733	0.00851	0.00253	0.01062	0.00784	0.00413	0.01280
49	0.01929	0.01926	0.02885	0.33540	0.33048	0.07719	0.02357	0.02425	0.01829	0.02387	0.01499	0.02078	0.01200	0.00791	0.00820	0.00257	0.01087	0.00721	0.00394	0.01108
50	0.01017	0.00755	0.00949	0.01085	0.01191	0.00687	0.00744	0.01191	0.01702	0.02225	0.09349	0.53404	0.17786	0.02442	0.01039	0.00321	0.00464	0.02182	0.00781	0.00687
51	0.01048	0.00754	0.00983	0.01138	0.01213	0.00704	0.00779	0.01217	0.01652	0.02198	0.08654	0.56266	0.08581	0.06178	0.01226	0.00357	0.00504	0.05104	0.00766	0.00679
52	0.05753	0.02038	0.08216	0.03239	0.31280	0.01877	0.01997	0.05969	0.14578	0.03030	0.02072	0.02565	0.01703	0.00910	0.00807	0.00251	0.00873	0.03927	0.00548	0.08365
53	0.23368	0.01982	0.05445	0.08985	0.27531	0.04817	0.07314	0.02459	0.01755	0.02889	0.01789	0.02154	0.04468	0.00832	0.00752	0.00256	0.00940	0.00716	0.00455	0.01093
54	0.08166	0.01032	0.01258	0.03876	0.01544	0.01071	0.00908	0.04909	0.01749	0.05640	0.11791	0.10241	0.11639	0.12062	0.15023	0.05538	0.00949	0.01199	0.00638	0.00769
55	0.01192	0.00809	0.00944	0.00981	0.01073	0.00794	0.00652	0.01332	0.01470	0.02023	0.03803	0.14915	0.12309	0.34083	0.07896	0.00611	0.00766	0.04061	0.09663	0.00621
56	0.01558	0.01359	0.01784	0.01436	0.01952	0.01196	0.06810	0.02178	0.10251	0.02716	0.08006	0.12573	0.10536	0.01238	0.00817	0.00220	0.00636	0.01094	0.00640	0.33000

[dist]
# distance from previous block
# <min> <max>
3	5

[block]
# block no. 2 follows, 22 sequences, length 32
# corresponding to MSA columns:
# 162-193
name=unknown_C
#
# <colnr> <probs for GDERKNQSTAVLIFYWHMCP>
#	G	D	E	R	K	N	Q	S	T	A	V	L	I	F	Y	W	H	M	C	P
0	0.02880	0.02555	0.05826	0.01832	0.02419	0.20542	0.01512	0.14724	0.15684	0.16648	0.02306	0.02238	0.01661	0.00961	0.00799	0.00243	0.00986	0.00727	0.00718	0.04740
1	0.01549	0.00774	0.00774	0.00774	0.00968	0.00774	0.00581	0.01936	0.01742	0.03097	0.02710	0.03097	0.02129	0.00968	0.00581	0.00194	0.00387	0.00774	0.75416	0.00774
2	0.02445	0.01871	0.05627	0.01630	0.02162	0.01837	0.01372	0.32487	0.06337	0.09757	0.12497	0.10230	0.05425	0.01317	0.00883	0.00265	0.00753	0.01086	0.00826	0.01194
3	0.01221	0.00957	0.01138	0.01206	0.01435	0.00924	0.00951	0.01710	0.08493	0.02484	0.08955	0.18523	0.26901	0.02123	0.01031	0.00320	0.00560	0.19496	0.00785	0.00786
4	0.01778	0.01796	0.02087	0.01874	0.01989	0.11353	0.01510	0.02006	0.01450	0.01979	0.01522	0.02286	0.01438	0.03066	0.25479	0.00687	0.35683	0.00757	0.00402	0.00857
5	0.01140	0.00858	0.01061	0.01041	0.01259	0.00779	0.00801	0.01481	0.02179	0.02943	0.43143	0.07033	0.23285	0.01873	0.00998	0.00279	0.00439	0.07788	0.00859	0.00759
6	0.01046	0.00751	0.00940	0.01077	0.01140	0.00702	0.00706	0.01170	0.01551	0.02039	0.04619	0.51568	0.11362	0.15284	0.01644	0.00419	0.00536	0.02082	0.00721	0.00646
7	0.00991	0.00807	0.00877	0.00934	0.01146	0.00694	0.00672	0.01182	0.01805	0.02208	0.07293	0.26212	0.47793	0.02250	0.01005	0.00297	0.00439	0.01931	0.00771	0.00694
8	0.07989	0.01304	0.01706	0.01425	0.01948	0.01189	0.01189	0.03379	0.02190	0.46350	0.03325	0.04015	0.02513	0.01254	0.00861	0.00278	0.00697	0.12305	0.04864	0.01220
9	0.01031	0.00802	0.00937	0.00992	0.01174	0.00708	0.00710	0.01253	0.01877	0.02414	0.18209	0.29458	0.33067	0.02199	0.01009	0.00297	0.00437	0.01917	0.00799	0.00708
10	0.01061	0.00845	0.00952	0.00925	0.01171	0.00735	0.00694	0.01346	0.02082	0.02691	0.31721	0.07260	0.41702	0.01937	0.00981	0.00273	0.00409	0.01650	0.00830	0.00735
11	0.01868	0.01105	0.01303	0.01174	0.01530	0.01044	0.00906	0.02458	0.11323	0.17867	0.14684	0.10631	0.22646	0.01605	0.00906	0.00271	0.00523	0.01360	0.05820	0.00978
12	0.03103	0.03959	0.02354	0.02140	0.02568	0.67469	0.01605	0.03317	0.02354	0.02033	0.01284	0.01498	0.01070	0.00856	0.00749	0.00214	0.01498	0.00535	0.00428	0.00963
13	0.02612	0.03098	0.02040	0.01883	0.02261	0.46853	0.01408	0.05486	0.06382	0.02290	0.02344	0.11919	0.05557	0.01205	0.00817	0.00242	0.01208	0.00905	0.00542	0.00949
14	0.01148	0.00788	0.00928	0.00973	0.01006	0.00767	0.00589	0.01212	0.01387	0.01848	0.06372	0.21738	0.06488	0.47580	0.03145	0.00640	0.00689	0.01533	0.00601	0.00568
15	0.01164	0.00787	0.00919	0.00962	0.00973	0.00776	0.00563	0.01197	0.01294	0.01725	0.03057	0.19963	0.03575	0.55521	0.03518	0.00701	0.00733	0.01467	0.00563	0.00542
16	0.01208	0.00805	0.00906	0.00906	0.00906	0.00805	0.00503	0.01208	0.01208	0.01611	0.02618	0.05436	0.03020	0.70804	0.04228	0.00805	0.00805	0.01208	0.00503	0.00503
17	0.01407	0.01009	0.01198	0.01145	0.01402	0.00971	0.00856	0.04144	0.08741	0.06333	0.28011	0.18388	0.19509	0.01844	0.00968	0.00282	0.00481	0.01603	0.00849	0.00858
18	0.01075	0.00811	0.00885	0.00913	0.01089	0.00727	0.00633	0.01252	0.01720	0.02201	0.09251	0.17345	0.36219	0.16023	0.01630	0.00390	0.00505	0.01674	0.04991	0.00665
19	0.09344	0.01815	0.02110	0.01630	0.02272	0.01846	0.01347	0.28785	0.02947	0.35404	0.02565	0.02357	0.01691	0.00994	0.00808	0.00254	0.00789	0.00767	0.00904	0.01372
20	0.02110	0.01547	0.01736	0.01520	0.01954	0.01685	0.01190	0.08093	0.36960	0.10615	0.18926	0.03772	0.03740	0.01251	0.00877	0.00271	0.00615	0.01056	0.00882	0.01199
21	0.01002	0.00842	0.00870	0.00863	0.01135	0.00710	0.00647	0.01232	0.01942	0.02359	0.14425	0.07806	0.59204	0.02061	0.00982	0.00278	0.00418	0.01727	0.00787	0.00710
22	0.76672	0.01607	0.01221	0.01092	0.01607	0.01864	0.00900	0.02442	0.01414	0.03727	0.01157	0.01350	0.00900	0.00771	0.00514	0.00257	0.00643	0.00450	0.00514	0.00900
23	0.01031	0.00811	0.00936	0.00999	0.01192	0.00715	0.00729	0.01250	0.01850	0.02338	0.13290	0.27394	0.37021	0.02225	0.01015	0.00302	0.00455	0.04954	0.00787	0.00705
24	0.01230	0.00948	0.01396	0.01372	0.01504	0.01128	0.01066	0.01505	0.01325	0.01919	0.02167	0.03265	0.02054	0.08799	0.60385	0.01247	0.06612	0.00893	0.00442	0.00742
25	0.01085	0.00779	0.01029	0.01107	0.01221	0.00723	0.00777	0.01340	0.01930	0.02661	0.31617	0.41684	0.06540	0.02199	0.01024	0.00303	0.00442	0.01978	0.00835	0.00723
26	0.01204	0.00822	0.00989	0.00989	0.01018	0.00851	0.00607	0.01262	0.01233	0.01673	0.02541	0.05014	0.02837	0.58262	0.16521	0.00908	0.01081	0.01146	0.00492	0.00550
27	0.02066	0.01519	0.01761	0.01379	0.01922	0.01430	0.01103	0.19323	0.02575	0.06969	0.21658	0.03261	0.03394	0.01085	0.00802	0.00209	0.00635	0.00899	0.00749	0.27259
28	0.01102	0.00771	0.00982	0.01084	0.01125	0.00761	0.00702	0.01210	0.01424	0.01914	0.03612	0.39463	0.04228	0.27904	0.09276	0.00614	0.00785	0.01784	0.00639	0.00619
29	0.01333	0.01138	0.01182	0.01119	0.01454	0.01134	0.00854	0.02224	0.21433	0.02692	0.10082	0.06358	0.42325	0.01774	0.00939	0.00280	0.00493	0.01484	0.00803	0.00898
30	0.01932	0.01551	0.01955	0.01698	0.01964	0.01876	0.01375	0.17806	0.05662	0.02954	0.01962	0.02542	0.01678	0.03090	0.26389	0.00686	0.19020	0.00808	0.04058	0.00995
31	0.01271	0.00877	0.01034	0.01048	0.01106	0.00887	0.00659	0.04796	0.01467	0.01965	0.03054	0.21377	0.03501	0.46531	0.06293	0.00681	0.00799	0.01455	0.00587	0.00611

[dist]
# distance from previous block
# <min> <max>
0	1

[block]
# block no. 3 follows, 22 sequences, length 6
# corresponding to MSA columns:
# 195-200
name=unknown_D
#
# <colnr> <probs for GDERKNQSTAVLIFYWHMCP>
#	G	D	E	R	K	N	Q	S	T	A	V	L	I	F	Y	W	H	M	C	P
0	0.09137	0.02216	0.06459	0.12087	0.17155	0.06842	0.13337	0.13932	0.02237	0.03129	0.01718	0.02302	0.01377	0.00877	0.00833	0.00263	0.01076	0.03363	0.00510	0.01150
1	0.08466	0.02757	0.07802	0.08051	0.02601	0.29929	0.01599	0.06118	0.02185	0.02664	0.13427	0.02513	0.02359	0.01043	0.00904	0.00248	0.05074	0.00760	0.00534	0.00967
2	0.10470	0.01815	0.10403	0.31193	0.09946	0.01676	0.01968	0.02374	0.01823	0.08542	0.09842	0.02612	0.02054	0.00940	0.00808	0.00266	0.00928	0.00797	0.00519	0.01026
3	0.02393	0.02293	0.10234	0.06662	0.22995	0.10109	0.07426	0.02869	0.02034	0.16301	0.02399	0.02577	0.06092	0.00925	0.00838	0.00254	0.01022	0.00815	0.00565	0.01197
4	0.02389	0.02087	0.02070	0.16214	0.02926	0.17867	0.01543	0.07897	0.10472	0.11996	0.02399	0.02621	0.04440	0.01668	0.09365	0.00393	0.01181	0.00795	0.00611	0.01065
5	0.01959	0.10647	0.02569	0.07854	0.14210	0.06763	0.01675	0.02270	0.01678	0.05908	0.01807	0.08135	0.01686	0.01632	0.07819	0.00374	0.16402	0.00835	0.00467	0.05310

[dist]
# distance from previous block
# <min> <max>
0	33

[block]
# block no. 4 follows, 22 sequences, length 64
# corresponding to MSA columns:
# 234-297
name=unknown_E
#
# <colnr> <probs for GDERKNQSTAVLIFYWHMCP>
#	G	D	E	R	K	N	Q	S	T	A	V	L	I	F	Y	W	H	M	C	P
0	0.06686	0.02116	0.10510	0.05594	0.07410	0.01958	0.05196	0.16452	0.18300	0.03488	0.05321	0.03084	0.04982	0.01094	0.00848	0.00272	0.00862	0.03967	0.00671	0.01188
1	0.16563	0.01710	0.06505	0.01491	0.01967	0.01634	0.01276	0.16764	0.07496	0.07347	0.05267	0.14992	0.05999	0.01421	0.00847	0.00283	0.00718	0.05942	0.00730	0.01049
2	0.02728	0.02461	0.02524	0.02884	0.22690	0.22629	0.01782	0.07688	0.05848	0.14209	0.02061	0.05208	0.01642	0.00957	0.00814	0.00245	0.01051	0.00779	0.00602	0.01199
3	0.01980	0.02660	0.19427	0.03622	0.31214	0.06666	0.11382	0.02596	0.01889	0.02664	0.01628	0.02045	0.01284	0.00772	0.00814	0.00249	0.01102	0.00731	0.06075	0.01198
4	0.02093	0.14508	0.12494	0.05899	0.20840	0.05117	0.07795	0.07061	0.01917	0.02599	0.01442	0.01848	0.01185	0.00868	0.01050	0.00257	0.10767	0.00683	0.00417	0.01159
5	0.15577	0.10884	0.02404	0.05784	0.05780	0.26601	0.01509	0.08391	0.10483	0.02839	0.01617	0.01782	0.01282	0.00865	0.00711	0.00235	0.01062	0.00605	0.00522	0.01068
6	0.01949	0.08369	0.01448	0.01086	0.01403	0.05203	0.00879	0.02305	0.01901	0.10761	0.06178	0.03432	0.02467	0.01083	0.00683	0.00219	0.00576	0.05259	0.43902	0.00896
7	0.01729	0.05653	0.01675	0.01446	0.01678	0.15547	0.01086	0.02090	0.06100	0.01995	0.02130	0.03235	0.02041	0.18516	0.30543	0.00834	0.01567	0.00861	0.00478	0.00798
8	0.01187	0.00890	0.01335	0.01335	0.01483	0.01038	0.01038	0.01483	0.01335	0.01928	0.02225	0.03264	0.02077	0.06231	0.67512	0.01335	0.02225	0.00890	0.00445	0.00742
9	0.01569	0.01150	0.01415	0.01445	0.01675	0.01190	0.01132	0.12900	0.05399	0.02885	0.03981	0.34441	0.04355	0.02129	0.01035	0.00333	0.00663	0.20646	0.00784	0.00874
10	0.06133	0.07314	0.02484	0.07516	0.02525	0.06867	0.09306	0.05305	0.01690	0.02382	0.01656	0.02288	0.01438	0.02501	0.20458	0.00582	0.14790	0.00757	0.03081	0.00927
11	0.02481	0.06971	0.02771	0.02772	0.16981	0.27038	0.01864	0.07067	0.02041	0.02409	0.01342	0.01735	0.01157	0.00984	0.01267	0.00260	0.18716	0.00642	0.00432	0.01069
12	0.01226	0.00878	0.01017	0.00985	0.01230	0.00778	0.00742	0.01491	0.02005	0.05893	0.24922	0.07047	0.35421	0.07588	0.01251	0.00323	0.00480	0.05164	0.00807	0.00752
13	0.02288	0.09461	0.03056	0.03693	0.38089	0.18897	0.02100	0.02678	0.01992	0.02444	0.01664	0.02392	0.01489	0.00885	0.00799	0.00242	0.01092	0.05145	0.00437	0.01158
14	0.02781	0.22860	0.02919	0.01745	0.02353	0.14665	0.01481	0.30649	0.02844	0.03557	0.01656	0.01770	0.01288	0.00885	0.00714	0.00219	0.00985	0.00621	0.04816	0.01192
15	0.01529	0.01321	0.07679	0.01706	0.09405	0.01042	0.01228	0.01809	0.01894	0.07191	0.24199	0.12059	0.08921	0.01789	0.01337	0.13467	0.00638	0.01259	0.00682	0.00845
16	0.01820	0.03381	0.41601	0.03445	0.28060	0.01947	0.02864	0.02599	0.01808	0.02664	0.01519	0.01873	0.01156	0.00770	0.00802	0.00257	0.01133	0.00664	0.00375	0.01263
17	0.01967	0.27467	0.40132	0.02023	0.03011	0.07360	0.02388	0.02633	0.01777	0.02352	0.01359	0.01589	0.01058	0.00767	0.00698	0.00230	0.01131	0.00549	0.00358	0.01152
18	0.02018	0.01246	0.01314	0.01139	0.01472	0.01327	0.00899	0.20224	0.02376	0.03692	0.02475	0.02773	0.01912	0.01191	0.03377	0.00257	0.00620	0.00771	0.49954	0.00965
19	0.01706	0.01660	0.02216	0.25448	0.14285	0.09648	0.01811	0.02116	0.01670	0.02146	0.01735	0.02473	0.01485	0.02742	0.24575	0.00641	0.01533	0.00768	0.00411	0.00932
20	0.01758	0.01596	0.02558	0.57567	0.09954	0.01925	0.02256	0.07982	0.01894	0.02466	0.01533	0.02182	0.01152	0.00840	0.00830	0.00272	0.01080	0.00739	0.00417	0.01000
21	0.01150	0.00785	0.00935	0.00986	0.01012	0.00767	0.00597	0.01216	0.01387	0.01862	0.07021	0.23941	0.04021	0.47139	0.03127	0.00639	0.00688	0.01555	0.00605	0.00569
22	0.03158	0.02327	0.02493	0.01911	0.02576	0.02576	0.01579	0.62852	0.03906	0.05236	0.01995	0.01995	0.01413	0.00997	0.00831	0.00249	0.00914	0.00748	0.00831	0.01413
23	0.01200	0.00802	0.00909	0.00917	0.00919	0.00800	0.00515	0.01206	0.01224	0.01632	0.02701	0.08195	0.03126	0.67902	0.04094	0.00785	0.00792	0.01257	0.00515	0.00511
24	0.01191	0.00813	0.00985	0.01051	0.01090	0.00804	0.00685	0.01278	0.01391	0.01844	0.03268	0.18383	0.03766	0.47147	0.03145	0.00650	0.00738	0.10599	0.00595	0.00577
25	0.01959	0.00994	0.01286	0.01201	0.01509	0.00877	0.00902	0.02195	0.01977	0.24417	0.09424	0.30574	0.15520	0.01897	0.00962	0.00293	0.00542	0.01656	0.00871	0.00944
26	0.03398	0.01942	0.02255	0.01729	0.02384	0.02005	0.01428	0.38046	0.03261	0.30953	0.02536	0.02346	0.01684	0.01010	0.00833	0.00253	0.00827	0.00785	0.00914	0.01413
27	0.01023	0.00786	0.00915	0.00998	0.01149	0.00702	0.00692	0.01197	0.01730	0.02198	0.09239	0.35622	0.30750	0.07506	0.01263	0.00345	0.00476	0.01972	0.00759	0.00679
28	0.01010	0.00733	0.00954	0.01131	0.01198	0.00677	0.00760	0.01160	0.01615	0.02131	0.04895	0.65138	0.10415	0.02562	0.01054	0.00333	0.00477	0.02312	0.00771	0.00677
29	0.01194	0.00861	0.01187	0.01187	0.01284	0.00958	0.00853	0.01388	0.01291	0.01819	0.02361	0.04016	0.02403	0.28584	0.45605	0.01152	0.01734	0.01000	0.00465	0.00659
30	0.02310	0.01581	0.01758	0.01506	0.01991	0.01670	0.01202	0.13977	0.26413	0.15070	0.04214	0.04133	0.15524	0.01338	0.00882	0.00275	0.00667	0.03431	0.00858	0.01200
31	0.01198	0.00805	0.00923	0.00926	0.00942	0.00799	0.00534	0.01232	0.01306	0.01756	0.07232	0.08097	0.03469	0.63054	0.03866	0.00747	0.00762	0.01276	0.00544	0.00531
32	0.03030	0.02964	0.02376	0.01987	0.02533	0.29903	0.01565	0.32130	0.09029	0.03716	0.01828	0.01891	0.01376	0.00950	0.00798	0.00238	0.01136	0.00676	0.00662	0.01214
33	0.01182	0.00933	0.01054	0.01065	0.01324	0.00852	0.00834	0.04563	0.02028	0.02547	0.12857	0.12177	0.40945	0.02074	0.01009	0.00299	0.00510	0.12202	0.00788	0.00757
34	0.76672	0.01607	0.01221	0.01092	0.01607	0.01864	0.00900	0.02442	0.01414	0.03727	0.01157	0.01350	0.00900	0.00771	0.00514	0.00257	0.00643	0.00450	0.00514	0.00900
35	0.03113	0.03672	0.02379	0.02100	0.02570	0.56047	0.01601	0.13796	0.02627	0.02597	0.01409	0.01586	0.01130	0.00881	0.00763	0.00220	0.01395	0.00573	0.00499	0.01042
36	0.00998	0.00842	0.00864	0.00858	0.01132	0.00708	0.00644	0.01223	0.01931	0.02334	0.13087	0.07848	0.60558	0.02071	0.00982	0.00279	0.00418	0.01733	0.00783	0.00708
37	0.01818	0.01818	0.02545	0.02181	0.02181	0.02545	0.01818	0.01999	0.01272	0.01999	0.01091	0.01818	0.01091	0.01454	0.02726	0.00364	0.69284	0.00727	0.00364	0.00909
38	0.01762	0.01138	0.01457	0.01424	0.01729	0.01143	0.01173	0.02482	0.12957	0.11931	0.19954	0.06519	0.04801	0.01755	0.01007	0.00315	0.00640	0.26000	0.00855	0.00958
39	0.02599	0.01945	0.02069	0.01637	0.02203	0.02095	0.01335	0.47010	0.03389	0.04467	0.03644	0.03536	0.17823	0.01282	0.00870	0.00257	0.00787	0.01006	0.00816	0.01230
40	0.03158	0.02327	0.02493	0.01911	0.02576	0.02576	0.01579	0.62852	0.03906	0.05236	0.01995	0.01995	0.01413	0.00997	0.00831	0.00249	0.00914	0.00748	0.00831	0.01413
41	0.01208	0.00805	0.00906	0.00906	0.00906	0.00805	0.00503	0.01208	0.01208	0.01611	0.02618	0.05436	0.03020	0.70804	0.04228	0.00805	0.00805	0.01208	0.00503	0.00503
42	0.01187	0.00890	0.01335	0.01335	0.01483	0.01038	0.01038	0.01483	0.01335	0.01928	0.02225	0.03264	0.02077	0.06231	0.67512	0.01335	0.02225	0.00890	0.00445	0.00742
43	0.03055	0.03361	0.02365	0.02047	0.02545	0.44974	0.01580	0.20336	0.06592	0.03034	0.01615	0.01738	0.01258	0.00913	0.00778	0.00228	0.01280	0.00620	0.00568	0.01113
44	0.01683	0.04181	0.63032	0.02432	0.03638	0.01939	0.06422	0.02633	0.01766	0.02633	0.01502	0.01781	0.01064	0.00784	0.00800	0.00264	0.01237	0.00635	0.00355	0.01222
45	0.19899	0.02163	0.02203	0.01725	0.02355	0.02414	0.01424	0.49095	0.03338	0.04892	0.01804	0.01848	0.01296	0.00946	0.00759	0.00251	0.00852	0.00680	0.00759	0.01296
46	0.01060	0.00829	0.00864	0.00864	0.01047	0.00737	0.00587	0.01198	0.01656	0.02025	0.06409	0.07109	0.43731	0.25886	0.02106	0.00462	0.00554	0.01565	0.00679	0.00633
47	0.01208	0.00805	0.00906	0.00906	0.00906	0.00805	0.00503	0.01208	0.01208	0.01611	0.02618	0.05436	0.03020	0.70804	0.04228	0.00805	0.00805	0.01208	0.00503	0.00503
48	0.02978	0.02183	0.02333	0.01816	0.02436	0.02416	0.01491	0.55072	0.07216	0.04979	0.02126	0.02138	0.01529	0.01003	0.00814	0.00247	0.00861	0.00761	0.06239	0.01361
49	0.01549	0.00774	0.00774	0.00774	0.00968	0.00774	0.00581	0.01936	0.01742	0.03097	0.02710	0.03097	0.02129	0.00968	0.00581	0.00194	0.00387	0.00774	0.75416	0.00774
50	0.01125	0.00771	0.00930	0.01012	0.01032	0.00750	0.00616	0.01186	0.01369	0.01826	0.03445	0.32784	0.04064	0.42033	0.02892	0.00608	0.00669	0.01695	0.00616	0.00576
51	0.03158	0.02327	0.02493	0.01911	0.02576	0.02576	0.01579	0.62852	0.03906	0.05236	0.01995	0.01995	0.01413	0.00997	0.00831	0.00249	0.00914	0.00748	0.00831	0.01413
52	0.01008	0.00850	0.00878	0.00891	0.01166	0.00720	0.00682	0.01231	0.01895	0.02262	0.08125	0.08095	0.60899	0.02118	0.00994	0.00288	0.00446	0.05978	0.00771	0.00706
53	0.01443	0.00722	0.01082	0.01082	0.01082	0.00722	0.00722	0.01082	0.01082	0.01443	0.01443	0.02525	0.01443	0.02886	0.03247	0.75830	0.00722	0.00722	0.00361	0.00361
54	0.76672	0.01607	0.01221	0.01092	0.01607	0.01864	0.00900	0.02442	0.01414	0.03727	0.01157	0.01350	0.00900	0.00771	0.00514	0.00257	0.00643	0.00450	0.00514	0.00900
55	0.01208	0.00805	0.00906	0.00906	0.00906	0.00805	0.00503	0.01208	0.01208	0.01611	0.02618	0.05436	0.03020	0.70804	0.04228	0.00805	0.00805	0.01208	0.00503	0.00503
56	0.02713	0.03142	0.02175	0.01971	0.02415	0.42884	0.01496	0.03730	0.25573	0.02575	0.02072	0.02100	0.01621	0.00958	0.00785	0.00239	0.01182	0.00687	0.00585	0.01095
57	0.01208	0.00805	0.00906	0.00906	0.00906	0.00805	0.00503	0.01208	0.01208	0.01611	0.02618	0.05436	0.03020	0.70804	0.04228	0.00805	0.00805	0.01208	0.00503	0.00503
58	0.01012	0.00723	0.00964	0.01157	0.01205	0.00675	0.00771	0.01157	0.01591	0.02121	0.04579	0.70262	0.05495	0.02603	0.01060	0.00337	0.00482	0.02362	0.00771	0.00675
59	0.01987	0.02169	0.04488	0.03934	0.20923	0.02066	0.46355	0.02631	0.01942	0.02675	0.01649	0.02191	0.01275	0.00711	0.00938	0.00271	0.01289	0.00915	0.00418	0.01173
60	0.01184	0.00733	0.00978	0.01090	0.01132	0.00705	0.00723	0.01197	0.01433	0.01967	0.03437	0.41949	0.03954	0.07724	0.01864	0.21023	0.00565	0.01710	0.06050	0.00583
61	0.02861	0.02040	0.02176	0.01701	0.02279	0.02244	0.01395	0.51606	0.03506	0.04841	0.02127	0.02198	0.01545	0.00992	0.00785	0.00239	0.00817	0.00753	0.14601	0.01295
62	0.01310	0.00992	0.01298	0.01495	0.06210	0.00968	0.00975	0.07222	0.01927	0.02586	0.10010	0.48229	0.09192	0.02189	0.01007	0.00311	0.00549	0.01962	0.00763	0.00806
63	0.02679	0.03008	0.02121	0.01891	0.02316	0.41370	0.01448	0.12248	0.05690	0.02610	0.02151	0.02351	0.06175	0.01596	0.08359	0.00355	0.01364	0.00722	0.00540	0.01006

[dist]
# distance from previous block
# <min> <max>
3	10

[block]
# block no. 5 follows, 22 sequences, length 46
# corresponding to MSA columns:
# 308-353
name=unknown_F
#
# <colnr> <probs for GDERKNQSTAVLIFYWHMCP>
#	G	D	E	R	K	N	Q	S	T	A	V	L	I	F	Y	W	H	M	C	P
0	0.10177	0.02806	0.02220	0.05142	0.07650	0.32332	0.01547	0.15930	0.02480	0.03019	0.01843	0.02034	0.04074	0.00929	0.00756	0.00234	0.01126	0.00665	0.03976	0.01061
1	0.01427	0.00962	0.01210	0.01146	0.01300	0.00985	0.00801	0.04510	0.01544	0.05128	0.06065	0.08390	0.02960	0.33932	0.21814	0.00816	0.01168	0.01130	0.00566	0.04145
2	0.01325	0.01091	0.01149	0.01066	0.01385	0.01045	0.00800	0.04468	0.12428	0.02604	0.09600	0.06285	0.40002	0.08217	0.01239	0.00320	0.00525	0.01450	0.00757	0.04245
3	0.01193	0.00819	0.00999	0.01009	0.01043	0.00847	0.00630	0.01263	0.01255	0.01705	0.02640	0.08441	0.02955	0.53627	0.17326	0.00891	0.01086	0.01203	0.00505	0.00562
4	0.01704	0.08850	0.62278	0.02304	0.03496	0.02022	0.02957	0.02621	0.01749	0.02585	0.01468	0.01725	0.01053	0.00784	0.00772	0.00257	0.01205	0.00602	0.00351	0.01217
5	0.00993	0.00797	0.00888	0.00960	0.01153	0.00691	0.00684	0.01179	0.01779	0.02198	0.06971	0.31442	0.42771	0.02292	0.01011	0.00302	0.00444	0.01982	0.00771	0.00691
6	0.01138	0.00813	0.01042	0.01181	0.01259	0.00784	0.00797	0.04433	0.01690	0.02254	0.04320	0.62632	0.05125	0.06734	0.01244	0.00362	0.00525	0.02205	0.00758	0.00703
7	0.07089	0.01410	0.01722	0.01367	0.01911	0.01339	0.01117	0.11232	0.02393	0.41640	0.02877	0.02696	0.01926	0.00998	0.00764	0.00243	0.00664	0.00791	0.16570	0.01252
8	0.01128	0.00847	0.01044	0.00995	0.01212	0.00763	0.00746	0.01474	0.02238	0.03061	0.51085	0.06650	0.22106	0.01799	0.00980	0.00266	0.00399	0.01565	0.00879	0.00763
9	0.01070	0.00779	0.01019	0.01171	0.01275	0.00727	0.00841	0.01277	0.01730	0.02286	0.09948	0.49918	0.11510	0.02434	0.01059	0.00332	0.00510	0.10634	0.00782	0.00700
10	0.02272	0.01491	0.01620	0.01352	0.01732	0.01588	0.01047	0.28624	0.02619	0.06816	0.02506	0.06587	0.02151	0.13709	0.01389	0.00340	0.00715	0.00928	0.21482	0.01032
11	0.01208	0.00805	0.00906	0.00906	0.00906	0.00805	0.00503	0.01208	0.01208	0.01611	0.02618	0.05436	0.03020	0.70804	0.04228	0.00805	0.00805	0.01208	0.00503	0.00503
12	0.02470	0.01506	0.01718	0.01405	0.01790	0.01559	0.01059	0.25016	0.02469	0.16516	0.02521	0.03593	0.02213	0.29890	0.02238	0.00481	0.00826	0.00957	0.00737	0.01037
13	0.01072	0.00866	0.00944	0.00951	0.01183	0.00774	0.00694	0.01382	0.04595	0.02401	0.15358	0.15475	0.43424	0.05714	0.01158	0.00313	0.00455	0.01733	0.00780	0.00726
14	0.03271	0.01280	0.01686	0.01331	0.01879	0.01127	0.01087	0.03606	0.02244	0.52969	0.03158	0.02884	0.02072	0.01016	0.00782	0.00244	0.00640	0.00823	0.16623	0.01280
15	0.03158	0.02327	0.02493	0.01911	0.02576	0.02576	0.01579	0.62852	0.03906	0.05236	0.01995	0.01995	0.01413	0.00997	0.00831	0.00249	0.00914	0.00748	0.00831	0.01413
16	0.01414	0.00846	0.00931	0.00939	0.01064	0.00849	0.00636	0.04352	0.01639	0.02533	0.02984	0.15942	0.02996	0.24108	0.01872	0.00422	0.00565	0.01202	0.34009	0.00697
17	0.01208	0.00805	0.00906	0.00906	0.00906	0.00805	0.00503	0.01208	0.01208	0.01611	0.02618	0.05436	0.03020	0.70804	0.04228	0.00805	0.00805	0.01208	0.00503	0.00503
18	0.01569	0.01477	0.02492	0.68808	0.05722	0.01846	0.02307	0.02123	0.01661	0.02123	0.01477	0.02215	0.01107	0.00831	0.00831	0.00277	0.01107	0.00738	0.00369	0.00923
19	0.03158	0.02327	0.02493	0.01911	0.02576	0.02576	0.01579	0.62852	0.03906	0.05236	0.01995	0.01995	0.01413	0.00997	0.00831	0.00249	0.00914	0.00748	0.00831	0.01413
20	0.03103	0.03959	0.02354	0.02140	0.02568	0.67469	0.01605	0.03317	0.02354	0.02033	0.01284	0.01498	0.01070	0.00856	0.00749	0.00214	0.01498	0.00535	0.00428	0.00963
21	0.76672	0.01607	0.01221	0.01092	0.01607	0.01864	0.00900	0.02442	0.01414	0.03727	0.01157	0.01350	0.00900	0.00771	0.00514	0.00257	0.00643	0.00450	0.00514	0.00900
22	0.00982	0.00842	0.00842	0.00842	0.01122	0.00701	0.00631	0.01192	0.01894	0.02244	0.08416	0.07995	0.65285	0.02104	0.00982	0.00281	0.00421	0.01753	0.00771	0.00701
23	0.01012	0.00723	0.00964	0.01157	0.01205	0.00675	0.00771	0.01157	0.01591	0.02121	0.04579	0.70262	0.05495	0.02603	0.01060	0.00337	0.00482	0.02362	0.00771	0.00675
24	0.01208	0.00805	0.00906	0.00906	0.00906	0.00805	0.00503	0.01208	0.01208	0.01611	0.02618	0.05436	0.03020	0.70804	0.04228	0.00805	0.00805	0.01208	0.00503	0.00503
