[name]
unknown

[dist]
# distance from previous block
# <min> <max>
0	0

[block]
# block no. 0 follows, 22 sequences, length 28
# corresponding to MSA columns:
# 15-42
name=unknown_A
#
# <colnr> <probs for GDERKNQSTAVLIFYWHMCP>
#	G	D	E	R	K	N	Q	S	T	A	V	L	I	F	Y	W	H	M	C	P
0	0.01339	0.00956	0.01339	0.01530	0.01721	0.00956	0.01339	0.01721	0.01912	0.02486	0.04399	0.09371	0.04781	0.02295	0.01147	0.00382	0.00765	0.60031	0.00765	0.00765
1	0.02056	0.01974	0.03372	0.05099	0.65622	0.01974	0.02550	0.02550	0.01892	0.02714	0.01563	0.02056	0.01316	0.00740	0.00822	0.00247	0.00987	0.00740	0.00411	0.01316
2	0.01812	0.21961	0.50117	0.02118	0.03210	0.02287	0.02635	0.02593	0.01737	0.02453	0.01402	0.01643	0.01056	0.00769	0.00722	0.00241	0.01138	0.00569	0.00352	0.01185
3	0.01012	0.00723	0.00964	0.01157	0.01205	0.00675	0.00771	0.01157	0.01591	0.02121	0.04579	0.70262	0.05495	0.02603	0.01060	0.00337	0.00482	0.02362	0.00771	0.00675
4	0.01107	0.00846	0.01015	0.00973	0.01199	0.00755	0.00730	0.01435	0.02190	0.02947	0.45111	0.06838	0.28152	0.01842	0.00981	0.00268	0.00402	0.01591	0.00864	0.00755
5	0.76672	0.01607	0.01221	0.01092	0.01607	0.01864	0.00900	0.02442	0.01414	0.03727	0.01157	0.01350	0.00900	0.00771	0.00514	0.00257	0.00643	0.00450	0.00514	0.00900
6	0.01569	0.01477	0.02492	0.68808	0.05722	0.01846	0.02307	0.02123	0.01661	0.02123	0.01477	0.02215	0.01107	0.00831	0.00831	0.00277	0.01107	0.00738	0.00369	0.00923
7	0.03158	0.02327	0.02493	0.01911	0.02576	0.02576	0.01579	0.62852	0.03906	0.05236	0.01995	0.01995	0.01413	0.00997	0.00831	0.00249	0.00914	0.00748	0.00831	0.01413
8	0.01697	0.01608	0.02724	0.52013	0.21512	0.01879	0.02371	0.02235	0.01722	0.02278	0.01499	0.02173	0.01162	0.00807	0.00828	0.00269	0.01076	0.00739	0.00380	0.01026
9	0.03027	0.03741	0.02373	0.02131	0.02545	0.60022	0.01617	0.06389	0.02370	0.02201	0.01310	0.01544	0.01090	0.00900	0.00876	0.00225	0.05654	0.00558	0.00445	0.00984
10	0.01666	0.04297	0.66500	0.02368	0.03596	0.01929	0.03069	0.02631	0.01754	0.02631	0.01491	0.01754	0.01052	0.00789	0.00789	0.00263	0.01228	0.00614	0.00351	0.01228
11	0.01569	0.01477	0.02492	0.68808	0.05722	0.01846	0.02307	0.02123	0.01661	0.02123	0.01477	0.02215	0.01107	0.00831	0.00831	0.00277	0.01107	0.00738	0.00369	0.00923
12	0.02056	0.01974	0.03372	0.05099	0.65622	0.01974	0.02550	0.02550	0.01892	0.02714	0.01563	0.02056	0.01316	0.00740	0.00822	0.00247	0.00987	0.00740	0.00411	0.01316
13	0.01012	0.00723	0.00964	0.01157	0.01205	0.00675	0.00771	0.01157	0.01591	0.02121	0.04579	0.70262	0.05495	0.02603	0.01060	0.00337	0.00482	0.02362	0.00771	0.00675
14	0.02221	0.71304	0.04353	0.01421	0.02132	0.03287	0.01421	0.02488	0.01688	0.01955	0.01155	0.01333	0.01066	0.00711	0.00533	0.00178	0.00888	0.00444	0.00355	0.01066
15	0.76672	0.01607	0.01221	0.01092	0.01607	0.01864	0.00900	0.02442	0.01414	0.03727	0.01157	0.01350	0.00900	0.00771	0.00514	0.00257	0.00643	0.00450	0.00514	0.00900
16	0.00982	0.00842	0.00842	0.00842	0.01122	0.00701	0.00631	0.01192	0.01894	0.02244	0.08416	0.07995	0.65285	0.02104	0.00982	0.00281	0.00421	0.01753	0.00771	0.00701
17	0.01187	0.00890	0.01335	0.01335	0.01483	0.01038	0.01038	0.01483	0.01335	0.01928	0.02225	0.03264	0.02077	0.06231	0.67512	0.01335	0.02225	0.00890	0.00445	0.00742
18	0.03103	0.03959	0.02354	0.02140	0.02568	0.67469	0.01605	0.03317	0.02354	0.02033	0.01284	0.01498	0.01070	0.00856	0.00749	0.00214	0.01498	0.00535	0.00428	0.00963
19	0.01928	0.01843	0.03140	0.21893	0.49832	0.01940	0.02486	0.02437	0.01831	0.02558	0.01540	0.02098	0.01261	0.00764	0.00825	0.00255	0.01019	0.00740	0.00400	0.01212
20	0.01961	0.02241	0.04902	0.03501	0.04342	0.02101	0.62605	0.02661	0.01961	0.02661	0.01681	0.02241	0.01261	0.00700	0.00980	0.00280	0.01401	0.00980	0.00420	0.01120
21	0.01414	0.01309	0.02057	0.50891	0.04509	0.01544	0.01865	0.01877	0.01722	0.02155	0.03306	0.03739	0.18025	0.01166	0.00870	0.00278	0.00926	0.01006	0.00475	0.00864
22	0.02146	0.49170	0.07673	0.02445	0.18953	0.02863	0.01814	0.02512	0.01745	0.02194	0.01282	0.01548	0.01131	0.00723	0.00624	0.00201	0.00934	0.00532	0.00370	0.01141
23	0.01920	0.05662	0.14984	0.01409	0.01970	0.01246	0.01367	0.02349	0.02046	0.18502	0.16240	0.08527	0.17531	0.01435	0.00884	0.00265	0.00684	0.01202	0.00753	0.01024
24	0.01012	0.00723	0.00964	0.01157	0.01205	0.00675	0.00771	0.01157	0.01591	0.02121	0.04579	0.70262	0.05495	0.02603	0.01060	0.00337	0.00482	0.02362	0.00771	0.00675
25	0.01011	0.00801	0.00909	0.00969	0.01162	0.00700	0.00694	0.01216	0.01832	0.02305	0.12471	0.29283	0.39239	0.02237	0.01009	0.00298	0.00439	0.01939	0.00785	0.00700
26	0.01981	0.02210	0.02176	0.01892	0.02139	0.20981	0.04943	0.02209	0.01791	0.02112	0.03112	0.03377	0.18017	0.01407	0.01589	0.00293	0.27440	0.00956	0.00493	0.00882
27	0.02225	0.02570	0.03712	0.09398	0.09670	0.19324	0.31377	0.02732	0.01987	0.02409	0.01509	0.01999	0.01191	0.00804	0.00998	0.00264	0.05552	0.00802	0.00413	0.01066

[dist]
# distance from previous block
# <min> <max>
4	7

[block]
# block no. 1 follows, 22 sequences, length 39
# corresponding to MSA columns:
# 50-88
name=unknown_B
#
# <colnr> <probs for GDERKNQSTAVLIFYWHMCP>
#	G	D	E	R	K	N	Q	S	T	A	V	L	I	F	Y	W	H	M	C	P
0	0.01585	0.01545	0.05615	0.33227	0.10072	0.01620	0.01882	0.05942	0.01797	0.02388	0.02447	0.03017	0.08518	0.02060	0.14274	0.00485	0.01237	0.00876	0.00463	0.00950
1	0.03107	0.03852	0.02363	0.02125	0.02569	0.63215	0.01603	0.07220	0.02456	0.02243	0.01331	0.01531	0.01093	0.00865	0.00754	0.00216	0.01460	0.00549	0.00454	0.00993
2	0.02749	0.02869	0.02516	0.09803	0.08614	0.30676	0.01779	0.19807	0.02586	0.03006	0.01516	0.01795	0.01195	0.00930	0.00946	0.00246	0.06673	0.00652	0.00528	0.01113
3	0.02221	0.71304	0.04353	0.01421	0.02132	0.03287	0.01421	0.02488	0.01688	0.01955	0.01155	0.01333	0.01066	0.00711	0.00533	0.00178	0.00888	0.00444	0.00355	0.01066
4	0.00984	0.00834	0.00849	0.00861	0.01127	0.00700	0.00640	0.01190	0.01875	0.02237	0.08180	0.11813	0.61619	0.02135	0.00987	0.00284	0.00425	0.01791	0.00771	0.00700
5	0.01195	0.00858	0.01171	0.01171	0.01263	0.00949	0.00834	0.01378	0.01287	0.01807	0.02375	0.04094	0.02438	0.30921	0.43315	0.01133	0.01682	0.01012	0.00467	0.00651
6	0.02175	0.01281	0.01552	0.01396	0.01754	0.01267	0.01065	0.14474	0.05483	0.18836	0.03923	0.32135	0.07581	0.01778	0.00942	0.00293	0.00630	0.01542	0.00851	0.01043
7	0.03103	0.03959	0.02354	0.02140	0.02568	0.67469	0.01605	0.03317	0.02354	0.02033	0.01284	0.01498	0.01070	0.00856	0.00749	0.00214	0.01498	0.00535	0.00428	0.00963
8	0.01012	0.00723	0.00964	0.01157	0.01205	0.00675	0.00771	0.01157	0.01591	0.02121	0.04579	0.70262	0.05495	0.02603	0.01060	0.00337	0.00482	0.02362	0.00771	0.00675
9	0.03144	0.02735	0.02458	0.01969	0.02574	0.18791	0.01586	0.47977	0.03518	0.04435	0.01817	0.01870	0.01327	0.00962	0.00811	0.00240	0.01060	0.00695	0.00730	0.01300
10	0.02056	0.01974	0.03372	0.05099	0.65622	0.01974	0.02550	0.02550	0.01892	0.02714	0.01563	0.02056	0.01316	0.00740	0.00822	0.00247	0.00987	0.00740	0.00411	0.01316
11	0.01569	0.01477	0.02492	0.68808	0.05722	0.01846	0.02307	0.02123	0.01661	0.02123	0.01477	0.02215	0.01107	0.00831	0.00831	0.00277	0.01107	0.00738	0.00369	0.00923
12	0.02295	0.02050	0.03182	0.04409	0.51966	0.02104	0.02339	0.15611	0.02328	0.03260	0.01656	0.02043	0.01337	0.00796	0.00824	0.00247	0.00971	0.00742	0.00502	0.01337
13	0.02780	0.01650	0.01973	0.01913	0.09653	0.07667	0.01340	0.03336	0.08697	0.33234	0.15358	0.03315	0.03087	0.01122	0.00856	0.00255	0.00748	0.00940	0.00854	0.01222
14	0.03103	0.03959	0.02354	0.02140	0.02568	0.67469	0.01605	0.03317	0.02354	0.02033	0.01284	0.01498	0.01070	0.00856	0.00749	0.00214	0.01498	0.00535	0.00428	0.00963
15	0.01666	0.04297	0.66500	0.02368	0.03596	0.01929	0.03069	0.02631	0.01754	0.02631	0.01491	0.01754	0.01052	0.00789	0.00789	0.00263	0.01228	0.00614	0.00351	0.01228
16	0.02296	0.13837	0.02387	0.01604	0.02162	0.05097	0.01323	0.19076	0.21192	0.03524	0.09249	0.02634	0.02376	0.01020	0.00775	0.00233	0.00769	0.00802	0.00710	0.08935
17	0.00985	0.00829	0.00854	0.00874	0.01131	0.00699	0.00646	0.01189	0.01862	0.02231	0.08019	0.14435	0.59102	0.02156	0.00990	0.00286	0.00427	0.01816	0.00771	0.00699
18	0.01723	0.01477	0.01723	0.01230	0.01969	0.01107	0.00984	0.02092	0.01723	0.02707	0.01477	0.01723	0.01230	0.00615	0.00615	0.00123	0.00615	0.00492	0.00492	0.75883
19	0.01208	0.00805	0.00906	0.00906	0.00906	0.00805	0.00503	0.01208	0.01208	0.01611	0.02618	0.05436	0.03020	0.70804	0.04228	0.00805	0.00805	0.01208	0.00503	0.00503
20	0.01723	0.01477	0.01723	0.01230	0.01969	0.01107	0.00984	0.02092	0.01723	0.02707	0.01477	0.01723	0.01230	0.00615	0.00615	0.00123	0.00615	0.00492	0.00492	0.75883
21	0.01666	0.04297	0.66500	0.02368	0.03596	0.01929	0.03069	0.02631	0.01754	0.02631	0.01491	0.01754	0.01052	0.00789	0.00789	0.00263	0.01228	0.00614	0.00351	0.01228
22	0.00982	0.00842	0.00842	0.00842	0.01122	0.00701	0.00631	0.01192	0.01894	0.02244	0.08416	0.07995	0.65285	0.02104	0.00982	0.00281	0.00421	0.01753	0.00771	0.00701
23	0.01187	0.00890	0.01335	0.01335	0.01483	0.01038	0.01038	0.01483	0.01335	0.01928	0.02225	0.03264	0.02077	0.06231	0.67512	0.01335	0.02225	0.00890	0.00445	0.00742
24	0.01666	0.04297	0.66500	0.02368	0.03596	0.01929	0.03069	0.02631	0.01754	0.02631	0.01491	0.01754	0.01052	0.00789	0.00789	0.00263	0.01228	0.00614	0.00351	0.01228
25	0.02267	0.02374	0.03167	0.04503	0.52923	0.15164	0.02359	0.02704	0.01985	0.02577	0.01507	0.01944	0.01266	0.00764	0.00808	0.00240	0.01090	0.00699	0.00415	0.01245
26	0.05848	0.13368	0.03326	0.11411	0.45144	0.02171	0.02251	0.02486	0.01808	0.02574	0.01465	0.01918	0.01230	0.00747	0.00760	0.00239	0.00966	0.00676	0.00403	0.01209
27	0.01773	0.01684	0.02860	0.42177	0.30760	0.01899	0.02408	0.02301	0.01757	0.02370	0.01513	0.02148	0.01195	0.00793	0.00827	0.00264	0.01057	0.00739	0.00387	0.01087
28	0.02029	0.01946	0.03323	0.08644	0.62289	0.01967	0.02536	0.02526	0.01879	0.02681	0.01558	0.02065	0.01304	0.00745	0.00823	0.00248	0.00994	0.00740	0.00409	0.01294
29	0.01940	0.02034	0.09677	0.02969	0.25540	0.04355	0.04993	0.04964	0.06575	0.05323	0.08738	0.02908	0.05399	0.01321	0.05211	0.00320	0.00988	0.00876	0.00556	0.05314
30	0.01959	0.23504	0.02753	0.02174	0.15651	0.12411	0.01465	0.02269	0.01954	0.02344	0.09887	0.03402	0.14812	0.01131	0.00770	0.00228	0.00857	0.00905	0.00525	0.00999
31	0.02190	0.02376	0.02697	0.03268	0.28569	0.22294	0.05268	0.02565	0.01920	0.02328	0.01625	0.02153	0.01401	0.01963	0.15254	0.00474	0.01438	0.00722	0.00424	0.01070
32	0.01875	0.01878	0.02009	0.01801	0.02179	0.14689	0.07603	0.02556	0.12959	0.02527	0.03180	0.12994	0.06046	0.01497	0.00993	0.00287	0.03478	0.13847	0.00640	0.06960
33	0.02306	0.17999	0.15811	0.02546	0.15482	0.22589	0.01986	0.02752	0.01954	0.02346	0.01448	0.01733	0.01185	0.00795	0.00714	0.00221	0.01134	0.00589	0.05309	0.01099
34	0.01892	0.01592	0.07389	0.01465	0.01900	0.01394	0.01236	0.15258	0.07421	0.08262	0.14026	0.21355	0.07150	0.01584	0.00915	0.00276	0.00661	0.01362	0.00786	0.04076
35	0.10289	0.01862	0.01570	0.01454	0.01787	0.16824	0.01100	0.07231	0.08787	0.02984	0.18426	0.14576	0.06944	0.01450	0.00861	0.00264	0.00766	0.01192	0.00710	0.00924
36	0.06681	0.16455	0.11737	0.02244	0.15795	0.01878	0.01669	0.05267	0.01941	0.02752	0.12257	0.10349	0.05368	0.01174	0.00796	0.00249	0.00800	0.00987	0.00555	0.01046
37	0.09290	0.02071	0.08895	0.10103	0.06710	0.02017	0.04770	0.17353	0.16923	0.03456	0.02355	0.02519	0.04157	0.01247	0.04235	0.00321	0.00960	0.00809	0.00630	0.01178
38	0.02544	0.16384	0.02942	0.10093	0.12581	0.16537	0.01763	0.18936	0.02462	0.03026	0.01523	0.01778	0.01211	0.00834	0.00743	0.00225	0.01057	0.00628	0.00516	0.04216

[dist]
# distance from previous block
# <min> <max>
5	45

[block]
# block no. 2 follows, 22 sequences, length 71
# corresponding to MSA columns:
# 138-208
name=unknown_C
#
# <colnr> <probs for GDERKNQSTAVLIFYWHMCP>
#	G	D	E	R	K	N	Q	S	T	A	V	L	I	F	Y	W	H	M	C	P
0	0.02194	0.02222	0.02816	0.11450	0.23356	0.12676	0.04488	0.07077	0.06719	0.02629	0.01588	0.02021	0.01303	0.00959	0.01201	0.00273	0.14707	0.00730	0.00463	0.01128
1	0.12179	0.03393	0.02135	0.01927	0.02360	0.52245	0.01461	0.05448	0.02298	0.02458	0.05560	0.01813	0.01514	0.00907	0.00738	0.00224	0.01294	0.00597	0.00487	0.00961
2	0.02386	0.04846	0.02666	0.03031	0.26414	0.12903	0.01838	0.15831	0.09663	0.03169	0.02375	0.02538	0.06733	0.00972	0.00817	0.00246	0.00967	0.00804	0.00583	0.01218
3	0.02378	0.07330	0.06727	0.21896	0.03468	0.35459	0.01851	0.02758	0.02065	0.02173	0.05200	0.02002	0.01488	0.00886	0.00776	0.00237	0.01258	0.00653	0.00430	0.00964
4	0.17638	0.02784	0.10215	0.01855	0.02508	0.16426	0.01635	0.30347	0.02803	0.03914	0.01610	0.01728	0.01191	0.00895	0.00745	0.00245	0.01026	0.00625	0.00620	0.01190
5	0.02870	0.03656	0.10284	0.02111	0.02672	0.46879	0.01766	0.11148	0.06187	0.02616	0.01529	0.01691	0.01201	0.00883	0.00771	0.00229	0.01337	0.00597	0.00497	0.01076
6	0.27007	0.02823	0.02018	0.01748	0.02258	0.31357	0.01370	0.16618	0.02403	0.03314	0.01405	0.01563	0.01093	0.00861	0.00691	0.00236	0.01087	0.00556	0.00548	0.01045
7	0.02769	0.02599	0.02188	0.01826	0.02324	0.24057	0.01439	0.31379	0.03094	0.03803	0.13570	0.02615	0.02499	0.01081	0.00831	0.00240	0.01013	0.00817	0.00711	0.01144
8	0.01132	0.00902	0.01022	0.00982	0.01237	0.00820	0.00739	0.01551	0.05847	0.02795	0.32999	0.06915	0.36317	0.01867	0.00973	0.00272	0.00422	0.01594	0.00839	0.00774
9	0.02115	0.01808	0.01906	0.01700	0.02179	0.02089	0.01327	0.06996	0.61461	0.03553	0.03320	0.03051	0.02486	0.01121	0.00845	0.00280	0.00669	0.00931	0.00845	0.01319
10	0.01005	0.00799	0.00902	0.00969	0.01159	0.00697	0.00691	0.01202	0.01811	0.02265	0.10440	0.30584	0.40027	0.02261	0.01010	0.00300	0.00441	0.01960	0.00780	0.00697
11	0.01190	0.00876	0.01263	0.01263	0.01387	0.00999	0.00949	0.01437	0.01314	0.01875	0.02291	0.03628	0.02235	0.17050	0.56909	0.01246	0.01987	0.00943	0.00455	0.00702
12	0.02056	0.01974	0.03372	0.05099	0.65622	0.01974	0.02550	0.02550	0.01892	0.02714	0.01563	0.02056	0.01316	0.00740	0.00822	0.00247	0.00987	0.00740	0.00411	0.01316
13	0.76672	0.01607	0.01221	0.01092	0.01607	0.01864	0.00900	0.02442	0.01414	0.03727	0.01157	0.01350	0.00900	0.00771	0.00514	0.00257	0.00643	0.00450	0.00514	0.00900
14	0.00986	0.00827	0.00857	0.00881	0.01132	0.00698	0.00649	0.01188	0.01856	0.02229	0.07936	0.15783	0.57807	0.02166	0.00992	0.00288	0.00428	0.01829	0.00771	0.00698
15	0.01375	0.01166	0.01695	0.01587	0.01691	0.01487	0.01270	0.01637	0.01316	0.01950	0.01887	0.02833	0.01783	0.04808	0.48220	0.01046	0.22194	0.00842	0.00421	0.00791
16	0.01274	0.00919	0.01259	0.01437	0.01617	0.00904	0.01220	0.01615	0.01871	0.02424	0.04689	0.16895	0.08907	0.02321	0.01126	0.00370	0.00707	0.48929	0.00766	0.00749
17	0.00982	0.00842	0.00842	0.00842	0.01122	0.00701	0.00631	0.01192	0.01894	0.02244	0.08416	0.07995	0.65285	0.02104	0.00982	0.00281	0.00421	0.01753	0.00771	0.00701
18	0.01021	0.00834	0.00907	0.00939	0.01179	0.00720	0.00705	0.01246	0.01885	0.02313	0.11271	0.15880	0.50102	0.02154	0.01002	0.00293	0.00449	0.05611	0.00780	0.00707
19	0.01427	0.01172	0.01470	0.01421	0.01618	0.05349	0.01107	0.05300	0.01555	0.02135	0.02152	0.03075	0.01973	0.05574	0.59253	0.01198	0.02100	0.00859	0.00467	0.00796
20	0.01931	0.01846	0.03146	0.21490	0.50211	0.01941	0.02487	0.02440	0.01832	0.02562	0.01540	0.02097	0.01262	0.00763	0.00825	0.00254	0.01018	0.00740	0.00400	0.01215
21	0.01709	0.01658	0.02337	0.02036	0.02061	0.02286	0.01684	0.01911	0.01283	0.01987	0.01286	0.02066	0.01260	0.02275	0.13863	0.00531	0.57757	0.00755	0.00378	0.00880
22	0.00982	0.00842	0.00842	0.00842	0.01122	0.00701	0.00631	0.01192	0.01894	0.02244	0.08416	0.07995	0.65285	0.02104	0.00982	0.00281	0.00421	0.01753	0.00771	0.00701
23	0.01246	0.00938	0.01289	0.01259	0.01345	0.01084	0.00921	0.01432	0.01287	0.01826	0.02265	0.03884	0.02316	0.27832	0.40583	0.01074	0.07301	0.00985	0.00458	0.00674
24	0.03158	0.02327	0.02493	0.01911	0.02576	0.02576	0.01579	0.62852	0.03906	0.05236	0.01995	0.01995	0.01413	0.00997	0.00831	0.00249	0.00914	0.00748	0.00831	0.01413
25	0.02056	0.01974	0.03372	0.05099	0.65622	0.01974	0.02550	0.02550	0.01892	0.02714	0.01563	0.02056	0.01316	0.00740	0.00822	0.00247	0.00987	0.00740	0.00411	0.01316
26	0.02842	0.03345	0.02210	0.01981	0.02426	0.49335	0.01504	0.08486	0.10266	0.02507	0.02064	0.02156	0.05362	0.00982	0.00783	0.00230	0.01273	0.00682	0.00538	0.01030
27	0.02056	0.01974	0.03372	0.05099	0.65622	0.01974	0.02550	0.02550	0.01892	0.02714	0.01563	0.02056	0.01316	0.00740	0.00822	0.00247	0.00987	0.00740	0.00411	0.01316
28	0.01208	0.00805	0.00906	0.00906	0.00906	0.00805	0.00503	0.01208	0.01208	0.01611	0.02618	0.05436	0.03020	0.70804	0.04228	0.00805	0.00805	0.01208	0.00503	0.00503
29	0.02173	0.01342	0.01607	0.01332	0.01737	0.01318	0.01036	0.14988	0.04822	0.16034	0.25379	0.04146	0.04113	0.09880	0.01293	0.00317	0.00640	0.01088	0.00839	0.05918
30	0.02056	0.01974	0.03372	0.05099	0.65622	0.01974	0.02550	0.02550	0.01892	0.02714	0.01563	0.02056	0.01316	0.00740	0.00822	0.00247	0.00987	0.00740	0.00411	0.01316
31	0.03158	0.02327	0.02493	0.01911	0.02576	0.02576	0.01579	0.62852	0.03906	0.05236	0.01995	0.01995	0.01413	0.00997	0.00831	0.00249	0.00914	0.00748	0.00831	0.01413
32	0.01118	0.00820	0.01049	0.01049	0.01220	0.00750	0.00765	0.01434	0.02130	0.02941	0.45385	0.20966	0.13391	0.01947	0.00998	0.00281	0.00415	0.01724	0.00867	0.00750
33	0.02367	0.16057	0.02498	0.01715	0.02217	0.14683	0.01401	0.13244	0.21990	0.02999	0.02162	0.02278	0.01719	0.01609	0.09101	0.00374	0.01102	0.00725	0.00616	0.01143
34	0.01030	0.00808	0.00932	0.00976	0.01171	0.00710	0.00703	0.01257	0.01895	0.02424	0.18608	0.26180	0.36010	0.02171	0.01005	0.00294	0.00433	0.01884	0.00800	0.00710
35	0.01208	0.00805	0.00906	0.00906	0.00906	0.00805	0.00503	0.01208	0.01208	0.01611	0.02618	0.05436	0.03020	0.70804	0.04228	0.00805	0.00805	0.01208	0.00503	0.00503
36	0.01155	0.00960	0.01024	0.00987	0.01274	0.00887	0.00746	0.01666	0.09688	0.02614	0.19127	0.07032	0.46048	0.01902	0.00965	0.00277	0.00444	0.01602	0.00809	0.00794
37	0.03103	0.03959	0.02354	0.02140	0.02568	0.67469	0.01605	0.03317	0.02354	0.02033	0.01284	0.01498	0.01070	0.00856	0.00749	0.00214	0.01498	0.00535	0.00428	0.00963
38	0.01002	0.00761	0.00924	0.01054	0.01178	0.00683	0.00726	0.01168	0.01689	0.02161	0.05825	0.50041	0.24911	0.02441	0.01035	0.00319	0.00462	0.02164	0.00771	0.00683
39	0.01549	0.00774	0.00774	0.00774	0.00968	0.00774	0.00581	0.01936	0.01742	0.03097	0.02710	0.03097	0.02129	0.00968	0.00581	0.00194	0.00387	0.00774	0.75416	0.00774
40	0.01014	0.00850	0.00886	0.00896	0.01167	0.00722	0.00685	0.01243	0.01914	0.02306	0.10526	0.08012	0.58842	0.02100	0.00993	0.00287	0.00443	0.05631	0.00777	0.00709
41	0.03103	0.03959	0.02354	0.02140	0.02568	0.67469	0.01605	0.03317	0.02354	0.02033	0.01284	0.01498	0.01070	0.00856	0.00749	0.00214	0.01498	0.00535	0.00428	0.00963
42	0.01187	0.00890	0.01335	0.01335	0.01483	0.01038	0.01038	0.01483	0.01335	0.01928	0.02225	0.03264	0.02077	0.06231	0.67512	0.01335	0.02225	0.00890	0.00445	0.00742
43	0.01241	0.00887	0.01227	0.01419	0.01567	0.00872	0.01170	0.01553	0.01817	0.02377	0.04452	0.27503	0.04993	0.02387	0.01122	0.00369	0.00681	0.42858	0.00767	0.00738
44	0.03103	0.03959	0.02354	0.02140	0.02568	0.67469	0.01605	0.03317	0.02354	0.02033	0.01284	0.01498	0.01070	0.00856	0.00749	0.00214	0.01498	0.00535	0.00428	0.00963
45	0.03103	0.03959	0.02354	0.02140	0.02568	0.67469	0.01605	0.03317	0.02354	0.02033	0.01284	0.01498	0.01070	0.00856	0.00749	0.00214	0.01498	0.00535	0.00428	0.00963
46	0.02184	0.32824	0.15909	0.02210	0.07998	0.13296	0.07160	0.02635	0.01838	0.02223	0.01361	0.01652	0.01139	0.00955	0.03148	0.00258	0.01156	0.00580	0.00380	0.01094
47	0.03103	0.03959	0.02354	0.02140	0.02568	0.67469	0.01605	0.03317	0.02354	0.02033	0.01284	0.01498	0.01070	0.00856	0.00749	0.00214	0.01498	0.00535	0.00428	0.00963
48	0.02056	0.01974	0.03372	0.05099	0.65622	0.01974	0.02550	0.02550	0.01892	0.02714	0.01563	0.02056	0.01316	0.00740	0.00822	0.00247	0.00987	0.00740	0.00411	0.01316
49	0.02712	0.03236	0.02392	0.02288	0.06667	0.45255	0.01664	0.03204	0.09807	0.02252	0.01533	0.01782	0.01271	0.00972	0.01063	0.00247	0.11537	0.00628	0.00469	0.01022
50	0.01043	0.00829	0.00937	0.00942	0.01168	0.00723	0.00694	0.01300	0.01992	0.02552	0.24840	0.15250	0.40700	0.02046	0.00991	0.00282	0.00420	0.01755	0.00814	0.00723
51	0.01208	0.00805	0.00906	0.00906	0.00906	0.00805	0.00503	0.01208	0.01208	0.01611	0.02618	0.05436	0.03020	0.70804	0.04228	0.00805	0.00805	0.01208	0.00503	0.00503
52	0.01180	0.00810	0.00898	0.00898	0.00933	0.00792	0.00519	0.01206	0.01294	0.01690	0.03343	0.05756	0.10808	0.62212	0.03822	0.00740	0.00757	0.01276	0.00537	0.00528
53	0.01201	0.00833	0.01045	0.01045	0.01093	0.00881	0.00676	0.01297	0.01249	0.01714	0.02491	0.04734	0.02715	0.49918	0.24698	0.00977	0.01265	0.01105	0.00485	0.00580
54	0.03303	0.01577	0.01934	0.01505	0.02098	0.01526	0.01236	0.19449	0.02705	0.42066	0.02865	0.02639	0.01894	0.01012	0.00802	0.00247	0.00722	0.00804	0.10280	0.01334
55	0.01163	0.00813	0.00893	0.00893	0.00949	0.00785	0.00529	0.01205	0.01345	0.01737	0.03775	0.05947	0.15452	0.57087	0.03580	0.00701	0.00729	0.01317	0.00557	0.00543
56	0.02390	0.58388	0.03970	0.01559	0.02216	0.15597	0.01457	0.02647	0.01816	0.01970	0.01180	0.01364	0.01067	0.00739	0.00574	0.00185	0.01005	0.00462	0.00369	0.01046
57	0.02005	0.02149	0.07623	0.04548	0.50193	0.02021	0.09951	0.02535	0.01854	0.02659	0.01544	0.02045	0.01278	0.00782	0.00955	0.00259	0.05172	0.00761	0.00406	0.01261
58	0.00992	0.00803	0.00881	0.00944	0.01149	0.00693	0.00677	0.01181	0.01795	0.02204	0.07170	0.28216	0.45869	0.02266	0.01007	0.00299	0.00441	0.01951	0.00771	0.00693
59	0.01045	0.00821	0.00945	0.00962	0.01173	0.00721	0.00703	0.01297	0.01972	0.02544	0.24589	0.19324	0.36788	0.02078	0.00996	0.00286	0.00424	0.01794	0.00814	0.00721
60	0.02395	0.02740	0.05277	0.08714	0.21335	0.26702	0.01947	0.03178	0.14466	0.02554	0.01810	0.02055	0.01438	0.00871	0.00799	0.00245	0.01135	0.00697	0.00498	0.01145
61	0.01333	0.01024	0.01242	0.01157	0.01408	0.01020	0.00876	0.02083	0.13880	0.03309	0.51043	0.05706	0.09464	0.01610	0.00955	0.00266	0.00443	0.01409	0.00895	0.00879
62	0.01208	0.00805	0.00906	0.00906	0.00906	0.00805	0.00503	0.01208	0.01208	0.01611	0.02618	0.05436	0.03020	0.70804	0.04228	0.00805	0.00805	0.01208	0.00503	0.00503
63	0.01718	0.01757	0.01843	0.01742	0.01842	0.13895	0.01337	0.01891	0.01609	0.02057	0.02597	0.30612	0.02943	0.01826	0.01654	0.00325	0.27605	0.01380	0.00547	0.00820
64	0.01689	0.03383	0.43528	0.16860	0.04165	0.01937	0.11771	0.02526	0.01765	0.02526	0.01516	0.01926	0.01095	0.00785	0.00827	0.00269	0.01228	0.00695	0.00365	0.01146
65	0.02438	0.02698	0.03001	0.04021	0.42639	0.25847	0.02205	0.02829	0.02060	0.02466	0.01461	0.01853	0.01226	0.00782	0.00796	0.00235	0.01173	0.00665	0.00417	0.01187
66	0.01227	0.00949	0.01412	0.01389	0.01528	0.01134	0.01088	0.01516	0.01331	0.01933	0.02153	0.03172	0.02014	0.05927	0.63399	0.01273	0.06482	0.00880	0.00440	0.00752
67	0.01003	0.00758	0.00928	0.01063	0.01180	0.00683	0.00729	0.01167	0.01681	0.02157	0.05721	0.51720	0.23299	0.02454	0.01037	0.00320	0.00464	0.02181	0.00771	0.00683
68	0.01363	0.01155	0.01670	0.01575	0.01673	0.01463	0.01253	0.01615	0.01333	0.01962	0.02044	0.07303	0.02011	0.04566	0.43786	0.00979	0.22078	0.00940	0.00443	0.00787
69	0.02382	0.51003	0.03674	0.01553	0.02170	0.15048	0.01422	0.02643	0.01819	0.04736	0.01342	0.01557	0.01177	0.01120	0.05055	0.00265	0.01084	0.00508	0.00404	0.01040
70	0.02125	0.48822	0.03501	0.01494	0.02057	0.10866	0.01368	0.02391	0.01701	0.01959	0.01385	0.01739	0.01268	0.01831	0.13933	0.00413	0.01232	0.00545	0.00382	0.00988

[dist]
# distance from previous block
# <min> <max>
0	4

[block]
# block no. 3 follows, 22 sequences, length 48
# corresponding to MSA columns:
# 213-260
name=unknown_D
#
# <colnr> <probs for GDERKNQSTAVLIFYWHMCP>
#	G	D	E	R	K	N	Q	S	T	A	V	L	I	F	Y	W	H	M	C	P
0	0.01839	0.01752	0.02326	0.03070	0.31231	0.05453	0.01724	0.02651	0.15608	0.02720	0.03730	0.03799	0.18214	0.01187	0.00865	0.00261	0.00797	0.01036	0.00601	0.01135
1	0.02215	0.01561	0.02064	0.09255	0.12184	0.01660	0.01516	0.06642	0.21953	0.15110	0.03000	0.14099	0.02539	0.01259	0.00874	0.00279	0.00751	0.01097	0.00749	0.01189
2	0.02305	0.01980	0.02444	0.09764	0.19125	0.06149	0.01778	0.11532	0.23166	0.06736	0.02300	0.02410	0.01740	0.00934	0.00820	0.00256	0.00881	0.00791	0.00649	0.04241
3	0.02083	0.02290	0.02195	0.01966	0.02140	0.23194	0.01563	0.02303	0.01637	0.01993	0.01423	0.02058	0.01319	0.02397	0.17507	0.00546	0.31389	0.00704	0.00404	0.00887
4	0.02791	0.03065	0.02197	0.01944	0.02376	0.41414	0.01490	0.16855	0.02563	0.02773	0.01740	0.05781	0.01513	0.01563	0.07906	0.00349	0.01381	0.00728	0.00544	0.01027
5	0.01049	0.00844	0.00934	0.00912	0.01163	0.00730	0.00684	0.01322	0.02051	0.02619	0.27981	0.07378	0.45486	0.01964	0.00981	0.00274	0.00411	0.01667	0.00821	0.00730
6	0.01209	0.00883	0.01300	0.01300	0.01452	0.01022	0.01010	0.01511	0.01360	0.02001	0.02255	0.03253	0.02080	0.05906	0.63380	0.01265	0.02112	0.00883	0.05074	0.00744
7	0.02127	0.01815	0.01913	0.01703	0.02183	0.02095	0.01330	0.07660	0.60778	0.03573	0.03304	0.03038	0.02474	0.01120	0.00845	0.00280	0.00672	0.00929	0.00845	0.01320
8	0.01197	0.00820	0.00974	0.00952	0.01017	0.00798	0.00596	0.01327	0.01587	0.02182	0.23375	0.05692	0.04619	0.47877	0.03151	0.00625	0.00668	0.01306	0.00640	0.00596
9	0.01337	0.01111	0.01623	0.01536	0.01649	0.01397	0.01224	0.01606	0.01320	0.01945	0.01955	0.02919	0.01842	0.05094	0.52092	0.01104	0.18186	0.00851	0.00426	0.00781
10	0.03059	0.03483	0.02359	0.02066	0.02548	0.49667	0.01584	0.16473	0.06027	0.02815	0.01553	0.01694	0.01225	0.00902	0.00772	0.00225	0.01324	0.00604	0.00539	0.01081
11	0.02180	0.30881	0.20636	0.01840	0.02576	0.17646	0.01881	0.02629	0.01829	0.02156	0.01374	0.01662	0.01155	0.01268	0.06740	0.00315	0.01245	0.00552	0.00379	0.01057
12	0.02740	0.25525	0.03010	0.01911	0.02404	0.42782	0.01559	0.02969	0.02073	0.02006	0.01231	0.01465	0.01070	0.00846	0.00802	0.00212	0.05487	0.00518	0.00401	0.00993
13	0.01759	0.03744	0.51475	0.03018	0.18359	0.01940	0.02946	0.02612	0.01787	0.02651	0.01508	0.01826	0.01115	0.00778	0.00797	0.00259	0.01170	0.00644	0.00365	0.01249
14	0.01149	0.00867	0.01079	0.01215	0.01327	0.00858	0.00837	0.01586	0.09808	0.02303	0.04568	0.59077	0.07383	0.02390	0.01029	0.00328	0.00503	0.02152	0.00781	0.00760
15	0.01955	0.02046	0.02524	0.02177	0.02222	0.09468	0.01795	0.02140	0.01388	0.02003	0.01111	0.01783	0.01088	0.01390	0.02515	0.00348	0.62055	0.00707	0.00370	0.00915
16	0.00989	0.00813	0.00871	0.00917	0.01142	0.00695	0.00664	0.01184	0.01821	0.02215	0.07502	0.22816	0.51054	0.02223	0.01001	0.00294	0.00435	0.01898	0.00771	0.00695
17	0.02056	0.01974	0.03372	0.05099	0.65622	0.01974	0.02550	0.02550	0.01892	0.02714	0.01563	0.02056	0.01316	0.00740	0.00822	0.00247	0.00987	0.00740	0.00411	0.01316
18	0.01932	0.01144	0.01183	0.01045	0.01351	0.01203	0.00818	0.16435	0.02257	0.03606	0.02540	0.02835	0.01959	0.00975	0.00640	0.00207	0.00513	0.00768	0.57664	0.00926
19	0.01308	0.00944	0.01296	0.01463	0.01660	0.00932	0.01267	0.01680	0.01932	0.02512	0.07588	0.09131	0.08764	0.02254	0.01129	0.00370	0.00725	0.53511	0.00773	0.00762
20	0.01045	0.00803	0.00957	0.01006	0.01183	0.00715	0.00721	0.01283	0.01915	0.02499	0.22643	0.28966	0.28943	0.02165	0.01008	0.00295	0.00434	0.01894	0.00811	0.00715
21	0.03158	0.02327	0.02493	0.01911	0.02576	0.02576	0.01579	0.62852	0.03906	0.05236	0.01995	0.01995	0.01413	0.00997	0.00831	0.00249	0.00914	0.00748	0.00831	0.01413
22	0.01096	0.00758	0.00939	0.01049	0.01076	0.00731	0.00656	0.01179	0.01426	0.01901	0.03735	0.42374	0.04430	0.31944	0.02423	0.00539	0.00621	0.01865	0.00656	0.00601
23	0.01324	0.00799	0.00884	0.00884	0.00959	0.00807	0.00559	0.01474	0.01399	0.02140	0.02628	0.04513	0.02662	0.43252	0.06384	0.00623	0.00738	0.01041	0.26319	0.00610
24	0.02431	0.55275	0.03877	0.01593	0.02236	0.18563	0.01465	0.02685	0.01847	0.01973	0.01186	0.01372	0.01067	0.00745	0.00584	0.00186	0.01034	0.00466	0.00373	0.01042
25	0.02305	0.02446	0.03130	0.04395	0.50614	0.17563	0.02325	0.02732	0.02002	0.02552	0.01496	0.01923	0.01257	0.00768	0.00805	0.00239	0.01109	0.00691	0.00415	0.01232
26	0.01163	0.00849	0.01093	0.01032	0.01234	0.00779	0.00774	0.01544	0.02323	0.03262	0.61585	0.06319	0.11480	0.01724	0.00980	0.00263	0.00394	0.01518	0.00905	0.00779
27	0.01005	0.00801	0.00901	0.00963	0.01158	0.00697	0.00689	0.01204	0.01818	0.02271	0.10692	0.29342	0.41036	0.02250	0.01009	0.00299	0.00440	0.01947	0.00780	0.00697
28	0.03103	0.03959	0.02354	0.02140	0.02568	0.67469	0.01605	0.03317	0.02354	0.02033	0.01284	0.01498	0.01070	0.00856	0.00749	0.00214	0.01498	0.00535	0.00428	0.00963
29	0.01922	0.01837	0.03130	0.22643	0.49127	0.01939	0.02483	0.02432	0.01828	0.02551	0.01539	0.02100	0.01258	0.00765	0.00825	0.00255	0.01020	0.00740	0.00400	0.01208
30	0.00982	0.00842	0.00842	0.00842	0.01122	0.00701	0.00631	0.01192	0.01894	0.02244	0.08416	0.07995	0.65285	0.02104	0.00982	0.00281	0.00421	0.01753	0.00771	0.00701
31	0.00982	0.00842	0.00842	0.00842	0.01122	0.00701	0.00631	0.01192	0.01894	0.02244	0.08416	0.07995	0.65285	0.02104	0.00982	0.00281	0.00421	0.01753	0.00771	0.00701
32	0.02221	0.71304	0.04353	0.01421	0.02132	0.03287	0.01421	0.02488	0.01688	0.01955	0.01155	0.01333	0.01066	0.00711	0.00533	0.00178	0.00888	0.00444	0.00355	0.01066
33	0.11519	0.03599	0.02232	0.02008	0.02459	0.56354	0.01523	0.06532	0.02333	0.02405	0.01309	0.01509	0.01070	0.00854	0.00727	0.00221	0.01368	0.00537	0.00460	0.00981
34	0.01882	0.01475	0.02401	0.43228	0.13710	0.01669	0.02038	0.02379	0.01863	0.10727	0.08550	0.02699	0.01984	0.00936	0.00846	0.00268	0.00960	0.00833	0.00520	0.01031
35	0.01208	0.00805	0.00906	0.00906	0.00906	0.00805	0.00503	0.01208	0.01208	0.01611	0.02618	0.05436	0.03020	0.70804	0.04228	0.00805	0.00805	0.01208	0.00503	0.00503
36	0.01336	0.01190	0.01998	0.04463	0.02129	0.01115	0.15137	0.01764	0.02119	0.02892	0.35774	0.09093	0.14497	0.01544	0.00979	0.00274	0.00665	0.01436	0.00747	0.00849
37	0.00982	0.00842	0.00842	0.00842	0.01122	0.00701	0.00631	0.01192	0.01894	0.02244	0.08416	0.07995	0.65285	0.02104	0.00982	0.00281	0.00421	0.01753	0.00771	0.00701
38	0.02851	0.02931	0.02261	0.02101	0.05906	0.36882	0.01543	0.09195	0.10513	0.09454	0.02144	0.02207	0.04053	0.00989	0.00859	0.00241	0.03455	0.00709	0.00597	0.01109
39	0.02448	0.02357	0.01909	0.01721	0.02091	0.29100	0.01326	0.06005	0.04670	0.10218	0.05491	0.02556	0.01954	0.02586	0.21189	0.00569	0.01495	0.00762	0.00573	0.00980
40	0.02565	0.02871	0.02403	0.02581	0.14892	0.33599	0.01699	0.03517	0.22033	0.02629	0.02010	0.02121	0.01588	0.00920	0.00794	0.00242	0.01128	0.00705	0.00558	0.01145
41	0.02129	0.02113	0.17103	0.01693	0.02272	0.04657	0.01614	0.02906	0.11917	0.17299	0.02454	0.02783	0.01894	0.05387	0.19366	0.00581	0.01284	0.00816	0.00625	0.01107
42	0.02019	0.06710	0.36321	0.02163	0.03092	0.02049	0.07802	0.14139	0.05787	0.03183	0.01798	0.02013	0.01316	0.00851	0.00787	0.00253	0.01063	0.00696	0.06744	0.01212
43	0.02117	0.02899	0.28647	0.02407	0.05769	0.01944	0.12989	0.09401	0.10239	0.08177	0.01973	0.02140	0.01425	0.00847	0.00830	0.00258	0.01063	0.00752	0.00545	0.05578
44	0.02788	0.02808	0.02529	0.02704	0.17479	0.30173	0.01758	0.16294	0.02549	0.06475	0.01797	0.05523	0.01498	0.00964	0.00806	0.00239	0.01148	0.00746	0.00565	0.01157
45	0.02243	0.10036	0.31436	0.01990	0.02808	0.17466	0.02125	0.02832	0.02020	0.09592	0.08007	0.02219	0.01852	0.00916	0.00779	0.00242	0.01117	0.00693	0.00502	0.01125
46	0.02550	0.05648	0.20015	0.02110	0.02758	0.24706	0.02002	0.12149	0.02261	0.06396	0.01535	0.01759	0.01178	0.00946	0.01038	0.00254	0.10444	0.00630	0.00493	0.01127
47	0.02905	0.06273	0.05491	0.01731	0.02345	0.19584	0.01444	0.08834	0.08641	0.22313	0.02202	0.02146	0.01572	0.00909	0.00767	0.00227	0.00961	0.00682	0.00691	0.10282

[dist]
# distance from previous block
# <min> <max>
40	155

[block]
# block no. 4 follows, 22 sequences, length 76
# corresponding to MSA columns:
# 428-503
name=unknown_E
#
# <colnr> <probs for GDERKNQSTAVLIFYWHMCP>
#	G	D	E	R	K	N	Q	S	T	A	V	L	I	F	Y	W	H	M	C	P
0	0.02120	0.01890	0.06282	0.02496	0.16449	0.01790	0.05226	0.03366	0.27009	0.09447	0.05690	0.02723	0.02185	0.00961	0.00827	0.00253	0.00796	0.00849	0.00679	0.08962
1	0.02041	0.06589	0.14182	0.02960	0.20677	0.09516	0.08829	0.02635	0.04400	0.02568	0.01545	0.01892	0.01246	0.00783	0.00862	0.00231	0.04179	0.00670	0.00429	0.13764
2	0.02120	0.02460	0.07535	0.03491	0.24566	0.12187	0.16132	0.02584	0.01841	0.02443	0.01444	0.01944	0.01201	0.00900	0.01241	0.00275	0.15352	0.00753	0.00402	0.01126
3	0.01611	0.01371	0.01943	0.01987	0.12779	0.01267	0.04048	0.04816	0.01949	0.02807	0.15734	0.03397	0.06572	0.01887	0.11600	0.00393	0.00930	0.00925	0.00590	0.23393
4	0.02794	0.07251	0.02449	0.02105	0.05451	0.36043	0.01574	0.13391	0.15371	0.02894	0.01843	0.01930	0.01443	0.00922	0.00773	0.00233	0.01165	0.00659	0.00577	0.01134
5	0.01618	0.01399	0.01552	0.01566	0.05888	0.01488	0.01115	0.02950	0.33786	0.02961	0.08268	0.05008	0.26041	0.01494	0.00901	0.00278	0.00578	0.01257	0.00793	0.01060
6	0.01082	0.00846	0.00981	0.00947	0.01184	0.00744	0.00710	0.01386	0.02130	0.02806	0.37776	0.07069	0.35574	0.01894	0.00981	0.00271	0.00406	0.01624	0.00845	0.00744
7	0.01710	0.05028	0.01909	0.05116	0.05829	0.12850	0.01313	0.01986	0.01906	0.02365	0.14947	0.04295	0.20183	0.01466	0.01265	0.00276	0.14986	0.01109	0.00592	0.00871
8	0.00992	0.00801	0.00883	0.00949	0.01150	0.00692	0.00679	0.01180	0.01791	0.02202	0.07111	0.29166	0.44956	0.02274	0.01009	0.00300	0.00442	0.01960	0.00771	0.00692
9	0.02138	0.01820	0.01919	0.01705	0.02188	0.02100	0.01332	0.08246	0.60174	0.03591	0.03290	0.03027	0.02462	0.01119	0.00844	0.00280	0.00674	0.00927	0.00844	0.01321
10	0.02006	0.01923	0.03281	0.11661	0.59453	0.01961	0.02525	0.02506	0.01868	0.02653	0.01554	0.02072	0.01294	0.00750	0.00823	0.00250	0.00999	0.00740	0.00407	0.01275
11	0.01783	0.03295	0.38475	0.07324	0.10333	0.01977	0.19712	0.02598	0.01820	0.02615	0.01551	0.01952	0.01142	0.00762	0.00849	0.00267	0.01244	0.00738	0.00378	0.01187
12	0.01666	0.04297	0.66500	0.02368	0.03596	0.01929	0.03069	0.02631	0.01754	0.02631	0.01491	0.01754	0.01052	0.00789	0.00789	0.00263	0.01228	0.00614	0.00351	0.01228
13	0.02028	0.01945	0.03321	0.08818	0.62126	0.01966	0.02535	0.02525	0.01878	0.02680	0.01558	0.02065	0.01304	0.00745	0.00823	0.00248	0.00994	0.00740	0.00409	0.01293
14	0.02139	0.02247	0.03662	0.04382	0.43300	0.08752	0.17964	0.02657	0.01957	0.02630	0.01564	0.02046	0.01276	0.00742	0.00856	0.00252	0.01146	0.00781	0.00415	0.01229
15	0.01201	0.00835	0.01055	0.01055	0.01106	0.00886	0.00689	0.01304	0.01252	0.01721	0.02481	0.04683	0.02693	0.48407	0.26178	0.00989	0.01298	0.01098	0.00483	0.00586
16	0.01012	0.00723	0.00964	0.01157	0.01205	0.00675	0.00771	0.01157	0.01591	0.02121	0.04579	0.70262	0.05495	0.02603	0.01060	0.00337	0.00482	0.02362	0.00771	0.00675
17	0.02056	0.01974	0.03372	0.05099	0.65622	0.01974	0.02550	0.02550	0.01892	0.02714	0.01563	0.02056	0.01316	0.00740	0.00822	0.00247	0.00987	0.00740	0.00411	0.01316
18	0.03424	0.01337	0.01820	0.01442	0.02018	0.01160	0.01171	0.03725	0.02290	0.59037	0.03423	0.10363	0.02441	0.01204	0.00861	0.00266	0.00682	0.01006	0.00999	0.01331
19	0.01012	0.00723	0.00964	0.01157	0.01205	0.00675	0.00771	0.01157	0.01591	0.02121	0.04579	0.70262	0.05495	0.02603	0.01060	0.00337	0.00482	0.02362	0.00771	0.00675
20	0.02056	0.01974	0.03372	0.05099	0.65622	0.01974	0.02550	0.02550	0.01892	0.02714	0.01563	0.02056	0.01316	0.00740	0.00822	0.00247	0.00987	0.00740	0.00411	0.01316
21	0.00982	0.00842	0.00842	0.00842	0.01122	0.00701	0.00631	0.01192	0.01894	0.02244	0.08416	0.07995	0.65285	0.02104	0.00982	0.00281	0.00421	0.01753	0.00771	0.00701
22	0.01967	0.01883	0.03211	0.16764	0.54655	0.01950	0.02505	0.02471	0.01849	0.02606	0.01547	0.02085	0.01278	0.00757	0.00824	0.00252	0.01009	0.00740	0.00404	0.01244
23	0.01150	0.00873	0.01064	0.01052	0.01255	0.00812	0.00775	0.01558	0.05252	0.02888	0.38973	0.17473	0.19961	0.01915	0.00987	0.00280	0.00427	0.01678	0.00854	0.00774
24	0.01187	0.00890	0.01335	0.01335	0.01483	0.01038	0.01038	0.01483	0.01335	0.01928	0.02225	0.03264	0.02077	0.06231	0.67512	0.01335	0.02225	0.00890	0.00445	0.00742
25	0.01187	0.00890	0.01335	0.01335	0.01483	0.01038	0.01038	0.01483	0.01335	0.01928	0.02225	0.03264	0.02077	0.06231	0.67512	0.01335	0.02225	0.00890	0.00445	0.00742
26	0.01006	0.00748	0.00939	0.01091	0.01188	0.00680	0.00742	0.01164	0.01653	0.02146	0.05375	0.57338	0.17905	0.02499	0.01044	0.00326	0.00469	0.02235	0.00771	0.00680
27	0.01013	0.00843	0.00885	0.00874	0.01141	0.00715	0.00656	0.01253	0.01968	0.02420	0.17596	0.07706	0.55995	0.02038	0.00982	0.00277	0.00416	0.01713	0.00795	0.00715
28	0.00982	0.00842	0.00842	0.00842	0.01122	0.00701	0.00631	0.01192	0.01894	0.02244	0.08416	0.07995	0.65285	0.02104	0.00982	0.00281	0.00421	0.01753	0.00771	0.00701
29	0.01012	0.00723	0.00964	0.01157	0.01205	0.00675	0.00771	0.01157	0.01591	0.02121	0.04579	0.70262	0.05495	0.02603	0.01060	0.00337	0.00482	0.02362	0.00771	0.00675
30	0.01201	0.00835	0.01055	0.01055	0.01106	0.00886	0.00689	0.01304	0.01252	0.01721	0.02481	0.04683	0.02693	0.48407	0.26178	0.00989	0.01298	0.01098	0.00483	0.00586
31	0.02056	0.01974	0.03372	0.05099	0.65622	0.01974	0.02550	0.02550	0.01892	0.02714	0.01563	0.02056	0.01316	0.00740	0.00822	0.00247	0.00987	0.00740	0.00411	0.01316
32	0.01012	0.00723	0.00964	0.01157	0.01205	0.00675	0.00771	0.01157	0.01591	0.02121	0.04579	0.70262	0.05495	0.02603	0.01060	0.00337	0.00482	0.02362	0.00771	0.00675
33	0.03103	0.03959	0.02354	0.02140	0.02568	0.67469	0.01605	0.03317	0.02354	0.02033	0.01284	0.01498	0.01070	0.00856	0.00749	0.00214	0.01498	0.00535	0.00428	0.00963
34	0.02221	0.71304	0.04353	0.01421	0.02132	0.03287	0.01421	0.02488	0.01688	0.01955	0.01155	0.01333	0.01066	0.00711	0.00533	0.00178	0.00888	0.00444	0.00355	0.01066
35	0.03103	0.03959	0.02354	0.02140	0.02568	0.67469	0.01605	0.03317	0.02354	0.02033	0.01284	0.01498	0.01070	0.00856	0.00749	0.00214	0.01498	0.00535	0.00428	0.00963
36	0.01208	0.00805	0.00906	0.00906	0.00906	0.00805	0.00503	0.01208	0.01208	0.01611	0.02618	0.05436	0.03020	0.70804	0.04228	0.00805	0.00805	0.01208	0.00503	0.00503
37	0.01068	0.00845	0.00961	0.00932	0.01175	0.00738	0.00699	0.01359	0.02097	0.02727	0.33636	0.07200	0.39764	0.01924	0.00981	0.00272	0.00408	0.01642	0.00835	0.00738
38	0.01208	0.00805	0.00906	0.00906	0.00906	0.00805	0.00503	0.01208	0.01208	0.01611	0.02618	0.05436	0.03020	0.70804	0.04228	0.00805	0.00805	0.01208	0.00503	0.00503
39	0.03103	0.03959	0.02354	0.02140	0.02568	0.67469	0.01605	0.03317	0.02354	0.02033	0.01284	0.01498	0.01070	0.00856	0.00749	0.00214	0.01498	0.00535	0.00428	0.00963
40	0.02056	0.01974	0.03372	0.05099	0.65622	0.01974	0.02550	0.02550	0.01892	0.02714	0.01563	0.02056	0.01316	0.00740	0.00822	0.00247	0.00987	0.00740	0.00411	0.01316
41	0.01012	0.00723	0.00964	0.01157	0.01205	0.00675	0.00771	0.01157	0.01591	0.02121	0.04579	0.70262	0.05495	0.02603	0.01060	0.00337	0.00482	0.02362	0.00771	0.00675
42	0.01101	0.00880	0.01008	0.01071	0.01322	0.00786	0.00867	0.01369	0.01900	0.02325	0.07075	0.08454	0.45086	0.02168	0.01037	0.00315	0.00536	0.21209	0.00769	0.00723
43	0.25985	0.02203	0.02090	0.01671	0.02275	0.06314	0.01370	0.40459	0.03037	0.04572	0.01691	0.01764	0.01233	0.00918	0.00728	0.00250	0.00865	0.00642	0.00708	0.01226
44	0.00982	0.00842	0.00842	0.00842	0.01122	0.00701	0.00631	0.01192	0.01894	0.02244	0.08416	0.07995	0.65285	0.02104	0.00982	0.00281	0.00421	0.01753	0.00771	0.00701
45	0.01187	0.00890	0.01335	0.01335	0.01483	0.01038	0.01038	0.01483	0.01335	0.01928	0.02225	0.03264	0.02077	0.06231	0.67512	0.01335	0.02225	0.00890	0.00445	0.00742
46	0.01569	0.01477	0.02492	0.68808	0.05722	0.01846	0.02307	0.02123	0.01661	0.02123	0.01477	0.02215	0.01107	0.00831	0.00831	0.00277	0.01107	0.00738	0.00369	0.00923
47	0.01961	0.02241	0.04902	0.03501	0.04342	0.02101	0.62605	0.02661	0.01961	0.02661	0.01681	0.02241	0.01261	0.00700	0.00980	0.00280	0.01401	0.00980	0.00420	0.01120
48	0.00982	0.00842	0.00842	0.00842	0.01122	0.00701	0.00631	0.01192	0.01894	0.02244	0.08416	0.07995	0.65285	0.02104	0.00982	0.00281	0.00421	0.01753	0.00771	0.00701
49	0.01249	0.00782	0.00949	0.00960	0.00963	0.00779	0.00568	0.01177	0.01202	0.01603	0.02470	0.08571	0.02813	0.51683	0.03825	0.17502	0.00768	0.01167	0.00487	0.00482
50	0.01749	0.09977	0.53847	0.02416	0.03553	0.02069	0.09847	0.02622	0.01772	0.02575	0.01483	0.01773	0.01078	0.00772	0.00789	0.00258	0.01218	0.00642	0.00359	0.01201
