[name]
unknown

[dist]
# distance from previous block
# <min> <max>
0	1

[block]
# block no. 0 follows, 22 sequences, length 21
# corresponding to MSA columns:
# 1-21
name=unknown_A
#
# <colnr> <probs for GDERKNQSTAVLIFYWHMCP>
#	G	D	E	R	K	N	Q	S	T	A	V	L	I	F	Y	W	H	M	C	P
0	0.01388	0.01464	0.11234	0.01657	0.02006	0.01104	0.01602	0.01859	0.01888	0.02508	0.03957	0.08214	0.04215	0.02066	0.01093	0.00364	0.00835	0.51008	0.00702	0.00835
1	0.02105	0.20899	0.37605	0.02085	0.03016	0.15990	0.02353	0.02739	0.01863	0.02337	0.01364	0.01596	0.01059	0.00784	0.00717	0.00232	0.01200	0.00555	0.00368	0.01132
2	0.02049	0.25635	0.36517	0.01940	0.02899	0.02319	0.02260	0.02824	0.05920	0.07907	0.01660	0.01798	0.01241	0.00807	0.00714	0.00236	0.01035	0.00599	0.00443	0.01197
3	0.01509	0.01414	0.01329	0.01251	0.01517	0.12156	0.00927	0.01809	0.02121	0.02746	0.32901	0.16481	0.10583	0.01651	0.00922	0.00256	0.00619	0.01419	0.00755	0.07635
4	0.02046	0.02292	0.04461	0.03724	0.15868	0.05935	0.47606	0.02679	0.01971	0.02634	0.01635	0.02162	0.01260	0.00717	0.00937	0.00270	0.01328	0.00909	0.00419	0.01148
5	0.02056	0.01974	0.03372	0.05099	0.65622	0.01974	0.02550	0.02550	0.01892	0.02714	0.01563	0.02056	0.01316	0.00740	0.00822	0.00247	0.00987	0.00740	0.00411	0.01316
6	0.01935	0.01850	0.03153	0.20951	0.50717	0.01942	0.02489	0.02443	0.01834	0.02567	0.01541	0.02096	0.01264	0.00763	0.00824	0.00254	0.01017	0.00740	0.00401	0.01218
7	0.01569	0.01477	0.02492	0.68808	0.05722	0.01846	0.02307	0.02123	0.01661	0.02123	0.01477	0.02215	0.01107	0.00831	0.00831	0.00277	0.01107	0.00738	0.00369	0.00923
8	0.01935	0.01850	0.03153	0.20951	0.50717	0.01942	0.02489	0.02443	0.01834	0.02567	0.01541	0.02096	0.01264	0.00763	0.00824	0.00254	0.01017	0.00740	0.00401	0.01218
9	0.03158	0.02327	0.02493	0.01911	0.02576	0.02576	0.01579	0.62852	0.03906	0.05236	0.01995	0.01995	0.01413	0.00997	0.00831	0.00249	0.00914	0.00748	0.00831	0.01413
10	0.01569	0.01477	0.02492	0.68808	0.05722	0.01846	0.02307	0.02123	0.01661	0.02123	0.01477	0.02215	0.01107	0.00831	0.00831	0.00277	0.01107	0.00738	0.00369	0.00923
11	0.01443	0.00722	0.01082	0.01082	0.01082	0.00722	0.00722	0.01082	0.01082	0.01443	0.01443	0.02525	0.01443	0.02886	0.03247	0.75830	0.00722	0.00722	0.00361	0.00361
12	0.76672	0.01607	0.01221	0.01092	0.01607	0.01864	0.00900	0.02442	0.01414	0.03727	0.01157	0.01350	0.00900	0.00771	0.00514	0.00257	0.00643	0.00450	0.00514	0.00900
13	0.01993	0.43815	0.29849	0.01810	0.02733	0.02730	0.02098	0.02546	0.01715	0.02232	0.01293	0.01505	0.01060	0.00743	0.00638	0.00213	0.01028	0.00514	0.00353	0.01132
14	0.02399	0.01187	0.01543	0.01332	0.01723	0.01098	0.01036	0.07775	0.02310	0.30134	0.18493	0.19999	0.04240	0.01571	0.00925	0.00277	0.00593	0.01361	0.00921	0.01081
15	0.01716	0.03947	0.55998	0.02561	0.03723	0.01959	0.13220	0.02636	0.01789	0.02636	0.01523	0.01837	0.01088	0.00774	0.00822	0.00266	0.01257	0.00676	0.00363	0.01209
16	0.02412	0.02650	0.03026	0.04092	0.44165	0.24262	0.02228	0.02811	0.02049	0.02482	0.01468	0.01866	0.01232	0.00780	0.00797	0.00236	0.01161	0.00670	0.00417	0.01196
17	0.02116	0.01983	0.03247	0.04749	0.58907	0.02011	0.02433	0.05896	0.05254	0.02890	0.01681	0.02107	0.01385	0.00774	0.00824	0.00249	0.00966	0.00751	0.00457	0.01321
18	0.02560	0.17275	0.18559	0.01815	0.02554	0.14328	0.01790	0.05462	0.05441	0.16542	0.02176	0.02187	0.03954	0.00917	0.00751	0.00236	0.01017	0.00681	0.00578	0.01176
19	0.01967	0.43993	0.19352	0.01625	0.02412	0.02647	0.01757	0.02540	0.05860	0.02248	0.02007	0.02125	0.06655	0.00877	0.00656	0.00215	0.00918	0.00631	0.00422	0.01092
20	0.02697	0.16107	0.07528	0.01872	0.02477	0.24162	0.01611	0.14611	0.12501	0.05926	0.01844	0.01902	0.01417	0.00902	0.00746	0.00230	0.01076	0.00644	0.00581	0.01167

[dist]
# distance from previous block
# <min> <max>
5	29

[block]
# block no. 1 follows, 22 sequences, length 8
# corresponding to MSA columns:
# 52-59
name=unknown_B
#
# <colnr> <probs for GDERKNQSTAVLIFYWHMCP>
#	G	D	E	R	K	N	Q	S	T	A	V	L	I	F	Y	W	H	M	C	P
0	0.14727	0.02160	0.15749	0.01569	0.02147	0.04165	0.01495	0.15185	0.02288	0.03411	0.14168	0.09860	0.07207	0.01275	0.00825	0.00265	0.00784	0.01030	0.00661	0.01027
1	0.19203	0.03331	0.02116	0.01895	0.02358	0.48596	0.01449	0.07272	0.02257	0.02627	0.01306	0.01500	0.01057	0.00847	0.00703	0.00226	0.01270	0.00531	0.00475	0.00981
2	0.01646	0.16825	0.01897	0.01230	0.01616	0.13586	0.00993	0.01865	0.01913	0.02133	0.05249	0.09598	0.35296	0.01603	0.00846	0.00250	0.00726	0.01284	0.00617	0.00828
3	0.01017	0.00768	0.00919	0.01035	0.01155	0.00693	0.00705	0.01172	0.01661	0.02123	0.05687	0.44956	0.24897	0.07600	0.01274	0.00354	0.00486	0.02075	0.00751	0.00670
4	0.17224	0.03676	0.39200	0.02059	0.02967	0.16255	0.02308	0.02743	0.01816	0.02723	0.01378	0.01616	0.01025	0.00800	0.00725	0.00251	0.01168	0.00563	0.00401	0.01103
5	0.02547	0.23015	0.06545	0.02565	0.16291	0.23906	0.01832	0.09352	0.02196	0.02539	0.01396	0.01639	0.01159	0.00800	0.00713	0.00217	0.01131	0.00581	0.00443	0.01133
6	0.01309	0.16210	0.01665	0.01089	0.01327	0.01279	0.00826	0.01467	0.01606	0.02010	0.04338	0.27240	0.18174	0.15962	0.01572	0.00384	0.00622	0.01563	0.00626	0.00732
7	0.03215	0.02790	0.02368	0.01935	0.02512	0.25664	0.01540	0.33631	0.03145	0.12249	0.01912	0.01928	0.01376	0.00951	0.00802	0.00238	0.01096	0.00683	0.00713	0.01252

[dist]
# distance from previous block
# <min> <max>
5	41

[block]
# block no. 2 follows, 22 sequences, length 6
# corresponding to MSA columns:
# 101-106
name=unknown_C
#
# <colnr> <probs for GDERKNQSTAVLIFYWHMCP>
#	G	D	E	R	K	N	Q	S	T	A	V	L	I	F	Y	W	H	M	C	P
0	0.25236	0.02803	0.02214	0.01870	0.02400	0.30121	0.05536	0.15032	0.02357	0.03234	0.01416	0.01604	0.01101	0.00848	0.00710	0.00239	0.01115	0.00583	0.00535	0.01045
1	0.01522	0.01320	0.01320	0.01339	0.01522	0.09455	0.00961	0.07640	0.02050	0.02628	0.14328	0.43625	0.04924	0.02063	0.00984	0.00300	0.00640	0.01819	0.00758	0.00804
2	0.16633	0.01403	0.01242	0.01143	0.01527	0.06388	0.00883	0.02122	0.10326	0.02788	0.08908	0.05031	0.31681	0.01499	0.00831	0.00261	0.00591	0.01201	0.00697	0.04845
3	0.02540	0.02439	0.02018	0.01835	0.02265	0.25628	0.01457	0.11592	0.14959	0.07090	0.02648	0.03772	0.02325	0.01270	0.00876	0.00274	0.01027	0.14218	0.00685	0.01082
4	0.13200	0.02320	0.02226	0.01781	0.02384	0.16803	0.04801	0.19250	0.02559	0.16208	0.01904	0.01946	0.01366	0.00883	0.00755	0.00232	0.00964	0.00662	0.00676	0.09079
5	0.22236	0.01407	0.01520	0.01331	0.01806	0.01442	0.01091	0.06477	0.08188	0.21054	0.03594	0.04098	0.11952	0.01306	0.00815	0.00280	0.00661	0.08888	0.00785	0.01068

[dist]
# distance from previous block
# <min> <max>
7	10

[block]
# block no. 3 follows, 22 sequences, length 38
# corresponding to MSA columns:
# 117-154
name=unknown_D
#
# <colnr> <probs for GDERKNQSTAVLIFYWHMCP>
#	G	D	E	R	K	N	Q	S	T	A	V	L	I	F	Y	W	H	M	C	P
0	0.08902	0.02166	0.01775	0.01562	0.02018	0.21997	0.01211	0.03157	0.12390	0.17020	0.06217	0.03341	0.12429	0.01177	0.00814	0.00252	0.00879	0.00908	0.00719	0.01066
1	0.01373	0.01235	0.02167	0.01939	0.05019	0.01154	0.17385	0.01700	0.01739	0.02373	0.08297	0.35479	0.03977	0.07539	0.01267	0.00342	0.00776	0.01674	0.00638	0.03929
2	0.03069	0.03414	0.02370	0.02057	0.02551	0.46791	0.01584	0.19519	0.05679	0.02970	0.01575	0.01708	0.01232	0.00907	0.00776	0.00227	0.01300	0.00612	0.00557	0.01102
3	0.01584	0.01503	0.01255	0.01262	0.01375	0.16027	0.00835	0.01676	0.01583	0.01858	0.02891	0.23648	0.03303	0.34684	0.02498	0.00532	0.00869	0.01394	0.00565	0.00659
4	0.02080	0.01584	0.01842	0.01341	0.02062	0.01311	0.01083	0.10282	0.02066	0.08354	0.01696	0.01851	0.01324	0.00700	0.00662	0.00151	0.00662	0.00555	0.00582	0.59814
5	0.02351	0.01235	0.01502	0.01275	0.01712	0.01136	0.01006	0.09836	0.02309	0.28088	0.07356	0.13376	0.22144	0.01591	0.00916	0.00274	0.00602	0.01336	0.00887	0.01071
6	0.01056	0.00741	0.00951	0.01101	0.01139	0.00704	0.00712	0.01168	0.01506	0.02008	0.04144	0.55877	0.04945	0.17737	0.01763	0.00441	0.00554	0.02106	0.00712	0.00637
7	0.06130	0.02111	0.02231	0.01764	0.02362	0.02347	0.01442	0.47899	0.11830	0.04777	0.02197	0.02195	0.01594	0.01003	0.00801	0.00250	0.00830	0.00763	0.06142	0.01331
8	0.02972	0.02217	0.02393	0.01823	0.02497	0.02386	0.01502	0.54971	0.03623	0.04908	0.01927	0.01959	0.01389	0.00948	0.00803	0.00233	0.00875	0.00715	0.00787	0.11072
9	0.03260	0.02166	0.02087	0.01715	0.02285	0.16682	0.01367	0.11166	0.12013	0.34412	0.02679	0.02462	0.01825	0.01000	0.00817	0.00250	0.00906	0.00772	0.00839	0.01295
10	0.01050	0.00863	0.00936	0.00972	0.01236	0.00750	0.00765	0.01293	0.01897	0.02290	0.07654	0.08256	0.53805	0.02140	0.01013	0.00300	0.00486	0.12811	0.00770	0.00713
11	0.01818	0.01818	0.02545	0.02181	0.02181	0.02545	0.01818	0.01999	0.01272	0.01999	0.01091	0.01818	0.01091	0.01454	0.02726	0.00364	0.69284	0.00727	0.00364	0.00909
12	0.01012	0.00723	0.00964	0.01157	0.01205	0.00675	0.00771	0.01157	0.01591	0.02121	0.04579	0.70262	0.05495	0.02603	0.01060	0.00337	0.00482	0.02362	0.00771	0.00675
13	0.03108	0.03823	0.02366	0.02121	0.02569	0.62039	0.01603	0.08299	0.02484	0.02301	0.01344	0.01540	0.01099	0.00868	0.00756	0.00217	0.01449	0.00553	0.00462	0.01001
14	0.00982	0.00842	0.00842	0.00842	0.01122	0.00701	0.00631	0.01192	0.01894	0.02244	0.08416	0.07995	0.65285	0.02104	0.00982	0.00281	0.00421	0.01753	0.00771	0.00701
15	0.01012	0.00723	0.00964	0.01157	0.01205	0.00675	0.00771	0.01157	0.01591	0.02121	0.04579	0.70262	0.05495	0.02603	0.01060	0.00337	0.00482	0.02362	0.00771	0.00675
16	0.02056	0.01974	0.03372	0.05099	0.65622	0.01974	0.02550	0.02550	0.01892	0.02714	0.01563	0.02056	0.01316	0.00740	0.00822	0.00247	0.00987	0.00740	0.00411	0.01316
17	0.03727	0.01414	0.01928	0.01478	0.02121	0.01221	0.01221	0.04049	0.02378	0.66198	0.03277	0.02828	0.02056	0.01028	0.00835	0.00257	0.00707	0.00835	0.01028	0.01414
18	0.02066	0.01785	0.01878	0.01691	0.02160	0.02066	0.01315	0.04414	0.64121	0.03475	0.03381	0.03099	0.02536	0.01127	0.00845	0.00282	0.00657	0.00939	0.00845	0.01315
19	0.01666	0.04297	0.66500	0.02368	0.03596	0.01929	0.03069	0.02631	0.01754	0.02631	0.01491	0.01754	0.01052	0.00789	0.00789	0.00263	0.01228	0.00614	0.00351	0.01228
20	0.03488	0.01633	0.02044	0.01585	0.02220	0.01568	0.01303	0.16510	0.07108	0.48829	0.03014	0.02671	0.01955	0.01029	0.00835	0.00257	0.00747	0.00824	0.00973	0.01407
21	0.03727	0.01414	0.01928	0.01478	0.02121	0.01221	0.01221	0.04049	0.02378	0.66198	0.03277	0.02828	0.02056	0.01028	0.00835	0.00257	0.00707	0.00835	0.01028	0.01414
22	0.01945	0.01860	0.03170	0.19683	0.51910	0.01945	0.02494	0.02452	0.01839	0.02579	0.01543	0.02092	0.01268	0.00761	0.00824	0.00254	0.01015	0.00740	0.00402	0.01226
23	0.01012	0.00723	0.00964	0.01157	0.01205	0.00675	0.00771	0.01157	0.01591	0.02121	0.04579	0.70262	0.05495	0.02603	0.01060	0.00337	0.00482	0.02362	0.00771	0.00675
24	0.03727	0.01414	0.01928	0.01478	0.02121	0.01221	0.01221	0.04049	0.02378	0.66198	0.03277	0.02828	0.02056	0.01028	0.00835	0.00257	0.00707	0.00835	0.01028	0.01414
25	0.00982	0.00842	0.00842	0.00842	0.01122	0.00701	0.00631	0.01192	0.01894	0.02244	0.08416	0.07995	0.65285	0.02104	0.00982	0.00281	0.00421	0.01753	0.00771	0.00701
26	0.01666	0.04297	0.66500	0.02368	0.03596	0.01929	0.03069	0.02631	0.01754	0.02631	0.01491	0.01754	0.01052	0.00789	0.00789	0.00263	0.01228	0.00614	0.00351	0.01228
27	0.01883	0.01797	0.03060	0.27713	0.44360	0.01928	0.02464	0.02398	0.01810	0.02504	0.01532	0.02112	0.01242	0.00772	0.00825	0.00257	0.01030	0.00740	0.00396	0.01176
28	0.02930	0.01237	0.01673	0.01343	0.01846	0.01084	0.01084	0.03274	0.02370	0.46565	0.22610	0.03882	0.03862	0.01237	0.00881	0.00258	0.00609	0.01044	0.00993	0.01217
29	0.02056	0.01974	0.03372	0.05099	0.65622	0.01974	0.02550	0.02550	0.01892	0.02714	0.01563	0.02056	0.01316	0.00740	0.00822	0.00247	0.00987	0.00740	0.00411	0.01316
30	0.01614	0.01522	0.02572	0.62961	0.11219	0.01857	0.02329	0.02162	0.01682	0.02177	0.01484	0.02200	0.01127	0.00822	0.00830	0.00274	0.01096	0.00738	0.00373	0.00959
31	0.03699	0.01460	0.01956	0.01500	0.02144	0.01289	0.01239	0.07009	0.02455	0.63128	0.03213	0.02786	0.02024	0.01027	0.00835	0.00257	0.00717	0.00831	0.01018	0.01414
32	0.08393	0.02621	0.02373	0.01901	0.02505	0.16248	0.01536	0.45951	0.03400	0.04451	0.01784	0.01844	0.01304	0.00951	0.00791	0.00242	0.01018	0.00682	0.00723	0.01281
33	0.01657	0.01616	0.02882	0.55380	0.09809	0.01890	0.10524	0.02226	0.01718	0.02238	0.01510	0.02207	0.01143	0.00806	0.00850	0.00275	0.01139	0.00771	0.00379	0.00978
34	0.01136	0.00775	0.00927	0.00998	0.01016	0.00758	0.00602	0.01189	0.01348	0.01798	0.03336	0.29196	0.03927	0.45807	0.03067	0.00634	0.00687	0.01631	0.00602	0.00566
35	0.02023	0.02168	0.08654	0.04871	0.60432	0.01970	0.02593	0.02556	0.01880	0.02707	0.01557	0.02031	0.01294	0.00744	0.00820	0.00248	0.01007	0.00730	0.00406	0.01309
36	0.01852	0.26737	0.45688	0.02051	0.03105	0.02384	0.02518	0.02583	0.01732	0.02404	0.01378	0.01613	0.01057	0.00763	0.00703	0.00234	0.01114	0.00557	0.00352	0.01174
37	0.02339	0.30498	0.21935	0.01904	0.02698	0.17522	0.01959	0.07770	0.02045	0.02445	0.01353	0.01549	0.01092	0.00791	0.00682	0.00217	0.01129	0.00540	0.00410	0.01119

[dist]
# distance from previous block
# <min> <max>
0	2

[block]
# block no. 4 follows, 22 sequences, length 59
# corresponding to MSA columns:
# 157-215
name=unknown_E
#
# <colnr> <probs for GDERKNQSTAVLIFYWHMCP>
#	G	D	E	R	K	N	Q	S	T	A	V	L	I	F	Y	W	H	M	C	P
0	0.01357	0.00962	0.01114	0.01105	0.01399	0.00875	0.00883	0.01735	0.05050	0.07743	0.11315	0.07490	0.38977	0.01977	0.01000	0.00300	0.00530	0.14570	0.00806	0.00811
1	0.02303	0.02483	0.02998	0.10579	0.41941	0.20394	0.02260	0.02723	0.01999	0.02464	0.01476	0.01915	0.01226	0.00782	0.00803	0.00241	0.01143	0.00682	0.00412	0.01178
2	0.02249	0.02659	0.06350	0.03580	0.21134	0.17680	0.28721	0.02785	0.02027	0.02525	0.01545	0.01992	0.01222	0.00752	0.00873	0.00254	0.01300	0.00792	0.00417	0.01142
3	0.03003	0.03769	0.02452	0.02424	0.08608	0.61196	0.01696	0.03244	0.02310	0.02098	0.01311	0.01552	0.01094	0.00845	0.00756	0.00217	0.01449	0.00555	0.00426	0.00997
4	0.01099	0.00857	0.01056	0.04248	0.01408	0.00788	0.00800	0.01394	0.02034	0.02690	0.32082	0.16589	0.28046	0.01944	0.00986	0.00281	0.00451	0.01690	0.00814	0.00744
5	0.02038	0.02174	0.02643	0.39528	0.17517	0.17556	0.02190	0.02498	0.01875	0.02225	0.01449	0.02010	0.01142	0.00818	0.00809	0.00256	0.01176	0.00690	0.00392	0.01015
6	0.01919	0.01834	0.03124	0.23029	0.48764	0.01938	0.02481	0.02429	0.01827	0.02548	0.01538	0.02101	0.01257	0.00766	0.00825	0.00255	0.01021	0.00740	0.00399	0.01205
7	0.01089	0.00817	0.00991	0.01004	0.01179	0.00739	0.00721	0.01352	0.01987	0.02658	0.32345	0.20597	0.22866	0.06409	0.01205	0.00318	0.00446	0.01740	0.00818	0.00719
8	0.01961	0.28102	0.28820	0.02677	0.17887	0.02434	0.02346	0.02559	0.01763	0.02405	0.01386	0.01673	0.01120	0.00749	0.00704	0.00228	0.01047	0.00582	0.00367	0.01190
9	0.01203	0.00826	0.01009	0.01009	0.01044	0.00861	0.00631	0.01274	0.01238	0.01687	0.02524	0.04917	0.02795	0.55372	0.19352	0.00932	0.01145	0.01132	0.00489	0.00560
10	0.01244	0.01003	0.01131	0.01108	0.01373	0.00972	0.00840	0.01878	0.12852	0.02750	0.22147	0.12694	0.30262	0.01882	0.00973	0.00286	0.00477	0.04477	0.00822	0.00831
11	0.01723	0.01477	0.01723	0.01230	0.01969	0.01107	0.00984	0.02092	0.01723	0.02707	0.01477	0.01723	0.01230	0.00615	0.00615	0.00123	0.00615	0.00492	0.00492	0.75883
12	0.02056	0.01974	0.03372	0.05099	0.65622	0.01974	0.02550	0.02550	0.01892	0.02714	0.01563	0.02056	0.01316	0.00740	0.00822	0.00247	0.00987	0.00740	0.00411	0.01316
13	0.02202	0.01462	0.01772	0.01290	0.02005	0.01135	0.01041	0.02559	0.01879	0.17880	0.01907	0.01987	0.01428	0.00714	0.00668	0.00155	0.00637	0.00574	0.00620	0.58086
14	0.01012	0.00723	0.00964	0.01157	0.01205	0.00675	0.00771	0.01157	0.01591	0.02121	0.04579	0.70262	0.05495	0.02603	0.01060	0.00337	0.00482	0.02362	0.00771	0.00675
15	0.01854	0.01687	0.02800	0.04095	0.47638	0.01687	0.02209	0.02316	0.01897	0.02650	0.02361	0.04115	0.02291	0.01178	0.00914	0.00285	0.00924	0.17427	0.00511	0.01161
16	0.01197	0.00801	0.00909	0.00921	0.00924	0.00798	0.00519	0.01205	0.01231	0.01641	0.02733	0.09245	0.03166	0.66797	0.04042	0.00778	0.00786	0.01276	0.00519	0.00513
17	0.02221	0.71304	0.04353	0.01421	0.02132	0.03287	0.01421	0.02488	0.01688	0.01955	0.01155	0.01333	0.01066	0.00711	0.00533	0.00178	0.00888	0.00444	0.00355	0.01066
18	0.01896	0.32009	0.40798	0.01976	0.02990	0.02491	0.02388	0.02572	0.01727	0.02351	0.01352	0.01580	0.01058	0.00757	0.00683	0.00228	0.01087	0.00544	0.00353	0.01161
19	0.01961	0.02241	0.04902	0.03501	0.04342	0.02101	0.62605	0.02661	0.01961	0.02661	0.01681	0.02241	0.01261	0.00700	0.00980	0.00280	0.01401	0.00980	0.00420	0.01120
20	0.76672	0.01607	0.01221	0.01092	0.01607	0.01864	0.00900	0.02442	0.01414	0.03727	0.01157	0.01350	0.00900	0.00771	0.00514	0.00257	0.00643	0.00450	0.00514	0.00900
21	0.01569	0.01477	0.02492	0.68808	0.05722	0.01846	0.02307	0.02123	0.01661	0.02123	0.01477	0.02215	0.01107	0.00831	0.00831	0.00277	0.01107	0.00738	0.00369	0.00923
22	0.01666	0.04297	0.66500	0.02368	0.03596	0.01929	0.03069	0.02631	0.01754	0.02631	0.01491	0.01754	0.01052	0.00789	0.00789	0.00263	0.01228	0.00614	0.00351	0.01228
23	0.01046	0.00844	0.00930	0.00909	0.01161	0.00729	0.00682	0.01316	0.02045	0.02603	0.27128	0.07405	0.46349	0.01970	0.00981	0.00274	0.00411	0.01671	0.00819	0.00729
24	0.02221	0.71304	0.04353	0.01421	0.02132	0.03287	0.01421	0.02488	0.01688	0.01955	0.01155	0.01333	0.01066	0.00711	0.00533	0.00178	0.00888	0.00444	0.00355	0.01066
25	0.02369	0.30403	0.26597	0.01782	0.02667	0.02307	0.01980	0.02904	0.01873	0.17193	0.01773	0.01836	0.01292	0.00814	0.00698	0.00228	0.00971	0.00598	0.00511	0.01207
26	0.01805	0.07288	0.57385	0.02337	0.03492	0.01970	0.05865	0.02693	0.01791	0.05607	0.01569	0.01809	0.01111	0.00792	0.00789	0.00260	0.01195	0.00634	0.00387	0.01223
27	0.76672	0.01607	0.01221	0.01092	0.01607	0.01864	0.00900	0.02442	0.01414	0.03727	0.01157	0.01350	0.00900	0.00771	0.00514	0.00257	0.00643	0.00450	0.00514	0.00900
28	0.03103	0.03959	0.02354	0.02140	0.02568	0.67469	0.01605	0.03317	0.02354	0.02033	0.01284	0.01498	0.01070	0.00856	0.00749	0.00214	0.01498	0.00535	0.00428	0.00963
29	0.01176	0.00849	0.01110	0.01045	0.01241	0.00784	0.00784	0.01568	0.02352	0.03331	0.65184	0.06206	0.07839	0.01698	0.00980	0.00261	0.00392	0.01502	0.00914	0.00784
30	0.00982	0.00842	0.00842	0.00842	0.01122	0.00701	0.00631	0.01192	0.01894	0.02244	0.08416	0.07995	0.65285	0.02104	0.00982	0.00281	0.00421	0.01753	0.00771	0.00701
31	0.03106	0.03886	0.02360	0.02130	0.02569	0.64544	0.01604	0.06001	0.02424	0.02178	0.01316	0.01520	0.01086	0.00862	0.00753	0.00216	0.01472	0.00545	0.00446	0.00983
32	0.01000	0.00842	0.00867	0.00861	0.01133	0.00709	0.00646	0.01228	0.01937	0.02348	0.13853	0.07824	0.59783	0.02065	0.00982	0.00279	0.00418	0.01729	0.00785	0.00709
33	0.02025	0.01942	0.03316	0.09158	0.61806	0.01966	0.02534	0.02522	0.01877	0.02676	0.01557	0.02066	0.01303	0.00746	0.00823	0.00249	0.00995	0.00740	0.00409	0.01291
34	0.01723	0.01477	0.01723	0.01230	0.01969	0.01107	0.00984	0.02092	0.01723	0.02707	0.01477	0.01723	0.01230	0.00615	0.00615	0.00123	0.00615	0.00492	0.00492	0.75883
35	0.01046	0.00844	0.00930	0.00909	0.01161	0.00728	0.00681	0.01316	0.02044	0.02602	0.27099	0.07406	0.46379	0.01970	0.00981	0.00274	0.00411	0.01671	0.00819	0.00728
36	0.01984	0.01711	0.01841	0.01581	0.02114	0.01837	0.01236	0.03859	0.49209	0.03292	0.02926	0.02770	0.02224	0.01005	0.00790	0.00244	0.00647	0.00832	0.00761	0.19136
37	0.01198	0.00847	0.01119	0.01119	0.01193	0.00921	0.00769	0.01345	0.01271	0.01768	0.02423	0.04358	0.02552	0.38757	0.35636	0.01068	0.01510	0.01050	0.00474	0.00622
38	0.03158	0.02327	0.02493	0.01911	0.02576	0.02576	0.01579	0.62852	0.03906	0.05236	0.01995	0.01995	0.01413	0.00997	0.00831	0.00249	0.00914	0.00748	0.00831	0.01413
39	0.02066	0.01785	0.01878	0.01691	0.02160	0.02066	0.01315	0.04414	0.64121	0.03475	0.03381	0.03099	0.02536	0.01127	0.00845	0.00282	0.00657	0.00939	0.00845	0.01315
40	0.01012	0.00723	0.00964	0.01157	0.01205	0.00675	0.00771	0.01157	0.01591	0.02121	0.04579	0.70262	0.05495	0.02603	0.01060	0.00337	0.00482	0.02362	0.00771	0.00675
41	0.02056	0.01974	0.03372	0.05099	0.65622	0.01974	0.02550	0.02550	0.01892	0.02714	0.01563	0.02056	0.01316	0.00740	0.00822	0.00247	0.00987	0.00740	0.00411	0.01316
42	0.01176	0.00849	0.01110	0.01045	0.01241	0.00784	0.00784	0.01568	0.02352	0.03331	0.65184	0.06206	0.07839	0.01698	0.00980	0.00261	0.00392	0.01502	0.00914	0.00784
43	0.03103	0.03959	0.02354	0.02140	0.02568	0.67469	0.01605	0.03317	0.02354	0.02033	0.01284	0.01498	0.01070	0.00856	0.00749	0.00214	0.01498	0.00535	0.00428	0.00963
44	0.01082	0.00874	0.00981	0.01035	0.01291	0.00773	0.00830	0.01341	0.01899	0.02312	0.07285	0.08382	0.48257	0.02158	0.01028	0.00309	0.00518	0.18155	0.00770	0.00719
45	0.03103	0.03959	0.02354	0.02140	0.02568	0.67469	0.01605	0.03317	0.02354	0.02033	0.01284	0.01498	0.01070	0.00856	0.00749	0.00214	0.01498	0.00535	0.00428	0.00963
46	0.02056	0.01974	0.03372	0.05099	0.65622	0.01974	0.02550	0.02550	0.01892	0.02714	0.01563	0.02056	0.01316	0.00740	0.00822	0.00247	0.00987	0.00740	0.00411	0.01316
47	0.01010	0.00730	0.00957	0.01138	0.01200	0.00676	0.00763	0.01159	0.01608	0.02128	0.04805	0.66589	0.09021	0.02573	0.01056	0.00334	0.00478	0.02326	0.00771	0.00676
48	0.02133	0.19122	0.37345	0.02103	0.03025	0.17895	0.02353	0.02763	0.01883	0.02338	0.01367	0.01599	0.01060	0.00788	0.00723	0.00232	0.01217	0.00557	0.00370	0.01129
49	0.01666	0.04297	0.66500	0.02368	0.03596	0.01929	0.03069	0.02631	0.01754	0.02631	0.01491	0.01754	0.01052	0.00789	0.00789	0.00263	0.01228	0.00614	0.00351	0.01228
50	0.02855	0.22913	0.02917	0.01938	0.02446	0.49406	0.01553	0.03084	0.02167	0.02011	0.01248	0.01452	0.01069	0.00815	0.00688	0.00204	0.01327	0.00509	0.00408	0.00992
51	0.03103	0.03959	0.02354	0.02140	0.02568	0.67469	0.01605	0.03317	0.02354	0.02033	0.01284	0.01498	0.01070	0.00856	0.00749	0.00214	0.01498	0.00535	0.00428	0.00963
52	0.01076	0.00825	0.01002	0.01117	0.01292	0.00751	0.00847	0.01303	0.01788	0.02256	0.06085	0.30926	0.29456	0.02330	0.01049	0.00325	0.00523	0.15572	0.00770	0.00707
53	0.01030	0.00737	0.00980	0.01144	0.01209	0.00687	0.00773	0.01202	0.01675	0.02255	0.11298	0.63160	0.05754	0.02502	0.01051	0.00329	0.00472	0.02266	0.00787	0.00687
54	0.01996	0.01913	0.03264	0.12901	0.58287	0.01958	0.02520	0.02497	0.01863	0.02642	0.01552	0.02076	0.01290	0.00751	0.00823	0.00250	0.01002	0.00740	0.00406	0.01268
55	0.02056	0.01974	0.03372	0.05099	0.65622	0.01974	0.02550	0.02550	0.01892	0.02714	0.01563	0.02056	0.01316	0.00740	0.00822	0.00247	0.00987	0.00740	0.00411	0.01316
56	0.02056	0.01974	0.03372	0.05099	0.65622	0.01974	0.02550	0.02550	0.01892	0.02714	0.01563	0.02056	0.01316	0.00740	0.00822	0.00247	0.00987	0.00740	0.00411	0.01316
57	0.02678	0.03869	0.17647	0.02159	0.02782	0.46660	0.01932	0.03240	0.07071	0.02289	0.01499	0.01685	0.01181	0.00861	0.00766	0.00231	0.01367	0.00586	0.00442	0.01054
58	0.01869	0.20532	0.24696	0.01722	0.02464	0.12298	0.01830	0.02356	0.01865	0.02271	0.03042	0.03110	0.16542	0.01097	0.00764	0.00238	0.00989	0.00833	0.00466	0.01018

[dist]
# distance from previous block
# <min> <max>
0	14

[block]
# block no. 5 follows, 22 sequences, length 21
# corresponding to MSA columns:
# 230-250
name=unknown_F
#
# <colnr> <probs for GDERKNQSTAVLIFYWHMCP>
#	G	D	E	R	K	N	Q	S	T	A	V	L	I	F	Y	W	H	M	C	P
0	0.05480	0.13547	0.05059	0.01754	0.02266	0.30555	0.01452	0.13152	0.02387	0.02841	0.04343	0.01951	0.01538	0.00901	0.00713	0.00218	0.01083	0.00627	0.09095	0.01036
1	0.08270	0.11499	0.36639	0.02245	0.06239	0.16526	0.02353	0.02746	0.01858	0.02517	0.01383	0.01632	0.01059	0.00791	0.00730	0.00241	0.01188	0.00570	0.00385	0.01128
2	0.02097	0.34358	0.23702	0.01798	0.02600	0.12800	0.01924	0.02575	0.01828	0.02204	0.01784	0.01953	0.05490	0.00855	0.00680	0.00218	0.01061	0.00603	0.00394	0.01076
3	0.01521	0.01990	0.14145	0.01512	0.01955	0.09882	0.01396	0.02005	0.04788	0.02231	0.03712	0.04090	0.18992	0.05338	0.22059	0.00620	0.01316	0.01038	0.00535	0.00875
4	0.01593	0.01642	0.01316	0.01329	0.01538	0.18863	0.00948	0.01773	0.01876	0.02143	0.06973	0.30041	0.18266	0.06428	0.01161	0.00318	0.00761	0.01611	0.00666	0.00753
5	0.02524	0.03064	0.02128	0.02051	0.05706	0.45478	0.01483	0.02750	0.02150	0.02109	0.02684	0.02831	0.13698	0.01144	0.00960	0.00241	0.06782	0.00801	0.00489	0.00927
6	0.01816	0.22414	0.49697	0.02112	0.03200	0.02296	0.02624	0.02592	0.01736	0.02448	0.01400	0.01640	0.01056	0.00768	0.00720	0.00240	0.01136	0.00568	0.00352	0.01184
7	0.02461	0.52986	0.03809	0.01617	0.02251	0.20745	0.01471	0.02713	0.01869	0.01976	0.01190	0.01378	0.01067	0.00750	0.00592	0.00188	0.01054	0.00469	0.00375	0.01038
8	0.02472	0.02047	0.01943	0.01625	0.02103	0.11852	0.01264	0.23691	0.11936	0.07294	0.02730	0.05528	0.06106	0.09100	0.01214	0.00310	0.00870	0.00913	0.00716	0.06285
9	0.01731	0.01592	0.02643	0.09353	0.43092	0.01610	0.02046	0.02135	0.01790	0.02503	0.02376	0.20622	0.02435	0.01254	0.00888	0.00274	0.00860	0.01181	0.00506	0.01109
10	0.01443	0.00722	0.01082	0.01082	0.01082	0.00722	0.00722	0.01082	0.01082	0.01443	0.01443	0.02525	0.01443	0.02886	0.03247	0.75830	0.00722	0.00722	0.00361	0.00361
11	0.01207	0.00811	0.00934	0.00934	0.00944	0.00821	0.00538	0.01226	0.01216	0.01632	0.02592	0.05294	0.02959	0.66586	0.08362	0.00840	0.00898	0.01187	0.00500	0.00519
12	0.02221	0.71304	0.04353	0.01421	0.02132	0.03287	0.01421	0.02488	0.01688	0.01955	0.01155	0.01333	0.01066	0.00711	0.00533	0.00178	0.00888	0.00444	0.00355	0.01066
13	0.02891	0.02103	0.02229	0.01722	0.02376	0.05640	0.01403	0.36999	0.06301	0.12396	0.02092	0.02079	0.01500	0.00925	0.00785	0.00225	0.00847	0.00707	0.00769	0.16010
14	0.01569	0.01477	0.02492	0.68808	0.05722	0.01846	0.02307	0.02123	0.01661	0.02123	0.01477	0.02215	0.01107	0.00831	0.00831	0.00277	0.01107	0.00738	0.00369	0.00923
15	0.00982	0.00842	0.00842	0.00842	0.01122	0.00701	0.00631	0.01192	0.01894	0.02244	0.08416	0.07995	0.65285	0.02104	0.00982	0.00281	0.00421	0.01753	0.00771	0.00701
16	0.02044	0.02009	0.03571	0.04891	0.57658	0.01990	0.10355	0.02564	0.01901	0.02707	0.01578	0.02080	0.01309	0.00735	0.00843	0.00251	0.01041	0.00771	0.00412	0.01290
17	0.03107	0.03852	0.02363	0.02125	0.02569	0.63192	0.01603	0.07241	0.02456	0.02244	0.01331	0.01531	0.01093	0.00865	0.00754	0.00216	0.01460	0.00549	0.00455	0.00993
18	0.01579	0.01505	0.01367	0.01272	0.01535	0.13937	0.00957	0.02015	0.05347	0.02978	0.44100	0.05301	0.11806	0.01544	0.00928	0.00255	0.00625	0.01309	0.00802	0.00837
19	0.02613	0.02475	0.03282	0.07007	0.06179	0.12179	0.21186	0.27877	0.02811	0.03609	0.01733	0.02015	0.01288	0.00858	0.00866	0.00256	0.01174	0.00789	0.00589	0.01215
20	0.02047	0.02000	0.03520	0.04945	0.59693	0.01986	0.08360	0.02560	0.01898	0.02709	0.01574	0.02074	0.01311	0.00736	0.00838	0.00250	0.01027	0.00763	0.00412	0.01297

[dist]
# distance from previous block
# <min> <max>
1	6

[block]
# block no. 6 follows, 22 sequences, length 18
# corresponding to MSA columns:
# 257-274
name=unknown_G
#
# <colnr> <probs for GDERKNQSTAVLIFYWHMCP>
#	G	D	E	R	K	N	Q	S	T	A	V	L	I	F	Y	W	H	M	C	P
0	0.02056	0.01974	0.03372	0.05099	0.65622	0.01974	0.02550	0.02550	0.01892	0.02714	0.01563	0.02056	0.01316	0.00740	0.00822	0.00247	0.00987	0.00740	0.00411	0.01316
1	0.02011	0.01928	0.03290	0.11026	0.60050	0.01962	0.02527	0.02510	0.01870	0.02659	0.01555	0.02071	0.01297	0.00749	0.00823	0.00250	0.00998	0.00740	0.00407	0.01279
2	0.02239	0.02128	0.03216	0.04575	0.54999	0.05845	0.02388	0.09252	0.02141	0.02953	0.01594	0.02017	0.01312	0.00775	0.00819	0.00245	0.01009	0.00729	0.00459	0.01306
3	0.15499	0.03232	0.02180	0.02062	0.05717	0.47058	0.01502	0.03194	0.02173	0.08047	0.01454	0.01621	0.01142	0.00851	0.00721	0.00227	0.01257	0.00558	0.00495	0.01011
4	0.03079	0.01257	0.01665	0.01331	0.01808	0.01114	0.01036	0.03318	0.02077	0.49585	0.03108	0.03499	0.02304	0.18975	0.01708	0.00398	0.00732	0.00931	0.00893	0.01180
5	0.01159	0.00785	0.00921	0.00969	0.00981	0.00773	0.00570	0.01195	0.01304	0.01739	0.03109	0.21678	0.03640	0.53717	0.03435	0.00688	0.00724	0.01497	0.00570	0.00546
6	0.03103	0.03959	0.02354	0.02140	0.02568	0.67469	0.01605	0.03317	0.02354	0.02033	0.01284	0.01498	0.01070	0.00856	0.00749	0.00214	0.01498	0.00535	0.00428	0.00963
7	0.01208	0.00805	0.00906	0.00906	0.00906	0.00805	0.00503	0.01208	0.01208	0.01611	0.02618	0.05436	0.03020	0.70804	0.04228	0.00805	0.00805	0.01208	0.00503	0.00503
8	0.01000	0.00842	0.00867	0.00861	0.01133	0.00709	0.00645	0.01227	0.01936	0.02345	0.13697	0.07828	0.59941	0.02066	0.00982	0.00279	0.00418	0.01730	0.00785	0.00709
9	0.01882	0.01591	0.01719	0.01557	0.01970	0.01801	0.01205	0.03824	0.51321	0.03445	0.16189	0.03743	0.03635	0.01245	0.00873	0.00278	0.00602	0.01056	0.00860	0.01205
10	0.01723	0.01477	0.01723	0.01230	0.01969	0.01107	0.00984	0.02092	0.01723	0.02707	0.01477	0.01723	0.01230	0.00615	0.00615	0.00123	0.00615	0.00492	0.00492	0.75883
11	0.76672	0.01607	0.01221	0.01092	0.01607	0.01864	0.00900	0.02442	0.01414	0.03727	0.01157	0.01350	0.00900	0.00771	0.00514	0.00257	0.00643	0.00450	0.00514	0.00900
12	0.03158	0.02327	0.02493	0.01911	0.02576	0.02576	0.01579	0.62852	0.03906	0.05236	0.01995	0.01995	0.01413	0.00997	0.00831	0.00249	0.00914	0.00748	0.00831	0.01413
13	0.01120	0.00816	0.01031	0.01076	0.01174	0.00824	0.00738	0.01271	0.01443	0.01921	0.03890	0.20455	0.13240	0.25584	0.20874	0.00762	0.01070	0.01476	0.00592	0.00643
14	0.01071	0.00860	0.00965	0.00981	0.01233	0.00754	0.00764	0.01340	0.01981	0.02481	0.18311	0.07868	0.45692	0.02057	0.01006	0.00292	0.00467	0.10353	0.00797	0.00726
15	0.02056	0.01974	0.03372	0.05099	0.65622	0.01974	0.02550	0.02550	0.01892	0.02714	0.01563	0.02056	0.01316	0.00740	0.00822	0.00247	0.00987	0.00740	0.00411	0.01316
16	0.01600	0.01639	0.03225	0.08607	0.03290	0.01630	0.32751	0.02070	0.01768	0.02391	0.02591	0.24875	0.02647	0.01392	0.01101	0.00304	0.05247	0.01403	0.00529	0.00941
17	0.03098	0.01882	0.08509	0.02065	0.02810	0.01505	0.16768	0.03573	0.02217	0.44534	0.02716	0.02584	0.01766	0.00924	0.00868	0.00263	0.00928	0.00852	0.00815	0.01323

[dist]
# distance from previous block
# <min> <max>
2	4

[block]
# block no. 7 follows, 22 sequences, length 20
# corresponding to MSA columns:
# 279-298
name=unknown_H
#
# <colnr> <probs for GDERKNQSTAVLIFYWHMCP>
#	G	D	E	R	K	N	Q	S	T	A	V	L	I	F	Y	W	H	M	C	P
0	0.01765	0.01650	0.02781	0.26628	0.35881	0.01798	0.02254	0.02252	0.01734	0.02399	0.01626	0.02281	0.01351	0.01542	0.10186	0.00410	0.01202	0.00761	0.00401	0.01099
1	0.02151	0.02416	0.02047	0.01825	0.02104	0.30989	0.05900	0.02362	0.01819	0.01976	0.01859	0.05586	0.01836	0.16848	0.11054	0.00521	0.06568	0.00856	0.00456	0.00828
2	0.01276	0.01016	0.01483	0.01432	0.01552	0.01238	0.01120	0.01542	0.01320	0.01922	0.02086	0.03172	0.01987	0.08871	0.55175	0.01172	0.11564	0.00883	0.00437	0.00753
3	0.03054	0.03719	0.02340	0.02099	0.02548	0.59018	0.01588	0.08023	0.05670	0.02358	0.01448	0.01620	0.01173	0.00881	0.00760	0.00220	0.01409	0.00573	0.00481	0.01016
4	0.02949	0.02949	0.02328	0.01974	0.02502	0.30879	0.01546	0.26875	0.13461	0.03535	0.01919	0.01965	0.01454	0.00958	0.00798	0.00239	0.01126	0.00687	0.00657	0.01199
5	0.02056	0.01974	0.03372	0.05099	0.65622	0.01974	0.02550	0.02550	0.01892	0.02714	0.01563	0.02056	0.01316	0.00740	0.00822	0.00247	0.00987	0.00740	0.00411	0.01316
6	0.02852	0.02168	0.02120	0.01736	0.02263	0.11209	0.01373	0.29246	0.13401	0.13444	0.02391	0.02593	0.01819	0.08171	0.01171	0.00308	0.00910	0.00811	0.00773	0.01240
7	0.01975	0.02240	0.03383	0.02631	0.03187	0.15889	0.34217	0.02433	0.01955	0.02392	0.02307	0.18795	0.02260	0.01201	0.00950	0.00280	0.01196	0.01223	0.00508	0.00977
8	0.01178	0.00891	0.01123	0.01246	0.01455	0.00836	0.01028	0.01475	0.01873	0.02362	0.05850	0.15132	0.26433	0.02258	0.01079	0.00341	0.00613	0.33325	0.00768	0.00733
9	0.10476	0.03417	0.02265	0.02038	0.02415	0.51621	0.01563	0.03042	0.02106	0.02202	0.01244	0.01528	0.01055	0.00931	0.01002	0.00239	0.10924	0.00553	0.00428	0.00949
10	0.01723	0.01569	0.01305	0.01227	0.01355	0.15320	0.00800	0.04983	0.01601	0.01897	0.02296	0.04399	0.02512	0.51917	0.03293	0.00648	0.00961	0.01038	0.00505	0.00652
11	0.02221	0.71304	0.04353	0.01421	0.02132	0.03287	0.01421	0.02488	0.01688	0.01955	0.01155	0.01333	0.01066	0.00711	0.00533	0.00178	0.00888	0.00444	0.00355	0.01066
12	0.01006	0.00749	0.00937	0.01089	0.01187	0.00681	0.00741	0.01164	0.01656	0.02147	0.05409	0.56794	0.18427	0.02495	0.01043	0.00325	0.00469	0.02230	0.00771	0.00681
13	0.02056	0.01974	0.03372	0.05099	0.65622	0.01974	0.02550	0.02550	0.01892	0.02714	0.01563	0.02056	0.01316	0.00740	0.00822	0.00247	0.00987	0.00740	0.00411	0.01316
14	0.02056	0.01974	0.03372	0.05099	0.65622	0.01974	0.02550	0.02550	0.01892	0.02714	0.01563	0.02056	0.01316	0.00740	0.00822	0.00247	0.00987	0.00740	0.00411	0.01316
15	0.01126	0.00856	0.00968	0.01009	0.01188	0.00787	0.00747	0.01311	0.01695	0.02110	0.05837	0.07538	0.33833	0.22409	0.01975	0.00457	0.00609	0.14198	0.00691	0.00657
16	0.01181	0.00867	0.01030	0.01094	0.01244	0.00823	0.00821	0.01374	0.01655	0.02099	0.05011	0.07540	0.22944	0.26670	0.02195	0.00502	0.00672	0.20952	0.00674	0.00652
17	0.01783	0.03480	0.42007	0.02819	0.03892	0.01998	0.26742	0.02643	0.01836	0.02643	0.01566	0.01948	0.01135	0.00754	0.00865	0.00270	0.01296	0.00760	0.00378	0.01185
18	0.01830	0.24061	0.48169	0.02089	0.03164	0.02330	0.02583	0.02589	0.01734	0.02431	0.01392	0.01630	0.01056	0.00766	0.00714	0.00238	0.01128	0.00564	0.00352	0.01180
19	0.02056	0.01974	0.03372	0.05099	0.65622	0.01974	0.02550	0.02550	0.01892	0.02714	0.01563	0.02056	0.01316	0.00740	0.00822	0.00247	0.00987	0.00740	0.00411	0.01316

[dist]
# distance from previous block
# <min> <max>
0	1

[block]
# block no. 8 follows, 22 sequences, length 16
# corresponding to MSA columns:
# 300-315
name=unknown_I
#
# <colnr> <probs for GDERKNQSTAVLIFYWHMCP>
#	G	D	E	R	K	N	Q	S	T	A	V	L	I	F	Y	W	H	M	C	P
0	0.02056	0.01974	0.03372	0.05099	0.65622	0.01974	0.02550	0.02550	0.01892	0.02714	0.01563	0.02056	0.01316	0.00740	0.00822	0.00247	0.00987	0.00740	0.00411	0.01316
1	0.02313	0.02536	0.02886	0.15271	0.34551	0.23348	0.02199	0.02726	0.02002	0.02388	0.01457	0.01902	0.01199	0.00794	0.00800	0.00241	0.01175	0.00673	0.00409	0.01132
2	0.18611	0.01024	0.01136	0.01056	0.01326	0.01033	0.00811	0.01770	0.02135	0.03423	0.50397	0.05084	0.06236	0.01484	0.00872	0.00260	0.00450	0.01259	0.00822	0.00811
3	0.01951	0.02211	0.04735	0.03408	0.04189	0.02132	0.58299	0.02614	0.01912	0.02614	0.01639	0.02211	0.01248	0.00754	0.01104	0.00286	0.06209	0.00962	0.00416	0.01105
4	0.03036	0.02266	0.02424	0.01887	0.02530	0.02519	0.01549	0.56312	0.10645	0.05039	0.02150	0.02118	0.01538	0.01012	0.00833	0.00253	0.00885	0.00769	0.00833	0.01402
5	0.01154	0.00783	0.00922	0.00975	0.00989	0.00769	0.00577	0.01194	0.01314	0.01752	0.03159	0.23341	0.03704	0.51967	0.03353	0.00676	0.00716	0.01527	0.00577	0.00551
6	0.01893	0.02716	0.19127	0.03240	0.04169	0.02061	0.48856	0.02654	0.01913	0.02654	0.01637	0.02128	0.01212	0.00721	0.00936	0.00276	0.01361	0.00896	0.00404	0.01145
7	0.01686	0.04161	0.62433	0.02443	0.03645	0.01941	0.07000	0.02633	0.01768	0.02633	0.01503	0.01786	0.01066	0.00783	0.00802	0.00264	0.01239	0.00638	0.00355	0.01221
8	0.01119	0.00799	0.01086	0.01279	0.01374	0.00767	0.00957	0.01341	0.01696	0.02240	0.04520	0.50370	0.05261	0.02502	0.01089	0.00352	0.00574	0.21201	0.00769	0.00704
9	0.03158	0.02327	0.02493	0.01911	0.02576	0.02576	0.01579	0.62852	0.03906	0.05236	0.01995	0.01995	0.01413	0.00997	0.00831	0.00249	0.00914	0.00748	0.00831	0.01413
10	0.01031	0.00731	0.00959	0.01133	0.01177	0.00687	0.00746	0.01162	0.01555	0.02073	0.04394	0.64167	0.05262	0.09016	0.01358	0.00381	0.00512	0.02253	0.00746	0.00659
11	0.03103	0.03959	0.02354	0.02140	0.02568	0.67469	0.01605	0.03317	0.02354	0.02033	0.01284	0.01498	0.01070	0.00856	0.00749	0.00214	0.01498	0.00535	0.00428	0.00963
12	0.01208	0.00805	0.00906	0.00906	0.00906	0.00805	0.00503	0.01208	0.01208	0.01611	0.02618	0.05436	0.03020	0.70804	0.04228	0.00805	0.00805	0.01208	0.00503	0.00503
13	0.01012	0.00723	0.00964	0.01157	0.01205	0.00675	0.00771	0.01157	0.01591	0.02121	0.04579	0.70262	0.05495	0.02603	0.01060	0.00337	0.00482	0.02362	0.00771	0.00675
14	0.02749	0.03386	0.02386	0.17536	0.03296	0.52314	0.01767	0.03041	0.02194	0.02054	0.01329	0.01664	0.01079	0.00850	0.00768	0.00229	0.01408	0.00582	0.00414	0.00954
15	0.02981	0.07489	0.02596	0.02267	0.07533	0.40420	0.01661	0.19649	0.02705	0.02967	0.01494	0.01669	0.01184	0.00877	0.00764	0.00224	0.01259	0.00604	0.00534	0.01122

[dist]
# distance from previous block
# <min> <max>
2	9

[block]
# block no. 9 follows, 22 sequences, length 11
# corresponding to MSA columns:
# 325-335
name=unknown_J
#
# <colnr> <probs for GDERKNQSTAVLIFYWHMCP>
#	G	D	E	R	K	N	Q	S	T	A	V	L	I	F	Y	W	H	M	C	P
0	0.03047	0.03740	0.02335	0.02101	0.02545	0.59960	0.01587	0.06812	0.06004	0.02301	0.01446	0.01619	0.01174	0.00880	0.00759	0.00220	0.01416	0.00571	0.00475	0.01009
1	0.01047	0.00854	0.00933	0.00941	0.01200	0.00739	0.00725	0.01303	0.01967	0.02437	0.16857	0.07853	0.50350	0.02060	0.00998	0.00288	0.00450	0.07483	0.00793	0.00720
2	0.03103	0.03959	0.02354	0.02140	0.02568	0.67469	0.01605	0.03317	0.02354	0.02033	0.01284	0.01498	0.01070	0.00856	0.00749	0.00214	0.01498	0.00535	0.00428	0.00963
3	0.01723	0.01477	0.01723	0.01230	0.01969	0.01107	0.00984	0.02092	0.01723	0.02707	0.01477	0.01723	0.01230	0.00615	0.00615	0.00123	0.00615	0.00492	0.00492	0.75883
4	0.03103	0.03959	0.02354	0.02140	0.02568	0.67469	0.01605	0.03317	0.02354	0.02033	0.01284	0.01498	0.01070	0.00856	0.00749	0.00214	0.01498	0.00535	0.00428	0.00963
5	0.01139	0.00813	0.01109	0.01302	0.01405	0.00784	0.00991	0.01376	0.01715	0.02262	0.04509	0.46642	0.05218	0.02483	0.01094	0.00355	0.00592	0.24732	0.00769	0.00710
6	0.00982	0.00842	0.00842	0.00842	0.01122	0.00701	0.00631	0.01192	0.01894	0.02244	0.08416	0.07995	0.65285	0.02104	0.00982	0.00281	0.00421	0.01753	0.00771	0.00701
7	0.02360	0.44621	0.03551	0.01629	0.02228	0.09743	0.01472	0.08735	0.09051	0.02464	0.01500	0.01651	0.01270	0.00854	0.00775	0.00214	0.05749	0.00560	0.00466	0.01107
8	0.00985	0.00828	0.00855	0.00877	0.01132	0.00698	0.00647	0.01188	0.01859	0.02230	0.07979	0.15079	0.58483	0.02161	0.00991	0.00287	0.00428	0.01822	0.00771	0.00698
9	0.07181	0.02944	0.02155	0.01905	0.02306	0.39424	0.01472	0.07752	0.02157	0.02434	0.01436	0.01778	0.01216	0.01516	0.08523	0.00356	0.08128	0.00604	0.00467	0.06246
10	0.02708	0.03018	0.02760	0.03249	0.26729	0.35213	0.01964	0.09593	0.02348	0.02647	0.01469	0.01767	0.01202	0.00827	0.00786	0.00230	0.01238	0.00637	0.00466	0.01148

[dist]
# distance from previous block
# <min> <max>
2	8

[block]
# block no. 10 follows, 22 sequences, length 28
# corresponding to MSA columns:
# 344-371
name=unknown_K
#
# <colnr> <probs for GDERKNQSTAVLIFYWHMCP>
#	G	D	E	R	K	N	Q	S	T	A	V	L	I	F	Y	W	H	M	C	P
0	0.05298	0.05967	0.05804	0.12502	0.02900	0.10474	0.01616	0.21137	0.02580	0.12444	0.05435	0.02234	0.01707	0.00939	0.00787	0.00241	0.00950	0.00724	0.00654	0.05608
1	0.02033	0.02323	0.10169	0.08787	0.41671	0.05859	0.08008	0.02689	0.05406	0.02661	0.01646	0.02077	0.01322	0.00777	0.00831	0.00254	0.01072	0.00748	0.00428	0.01240
2	0.01688	0.01619	0.02832	0.20289	0.23336	0.01674	0.12836	0.02157	0.01791	0.02399	0.02556	0.03458	0.08606	0.06572	0.01160	0.00316	0.01003	0.04222	0.00468	0.01016
3	0.01947	0.02729	0.22572	0.07930	0.40758	0.04404	0.02659	0.02578	0.01853	0.02628	0.01525	0.01952	0.01214	0.00765	0.00810	0.00252	0.01087	0.00694	0.00391	0.01252
4	0.01849	0.10813	0.39998	0.02058	0.02998	0.02119	0.02354	0.03160	0.20805	0.02815	0.02032	0.02119	0.01507	0.00884	0.00779	0.00260	0.01017	0.00695	0.00502	0.01237
5	0.01443	0.00722	0.01082	0.01082	0.01082	0.00722	0.00722	0.01082	0.01082	0.01443	0.01443	0.02525	0.01443	0.02886	0.03247	0.75830	0.00722	0.00722	0.00361	0.00361
6	0.02640	0.15994	0.03058	0.02820	0.20794	0.24495	0.01839	0.13631	0.02371	0.02791	0.01468	0.01718	0.01202	0.00820	0.00744	0.00223	0.01128	0.00615	0.00482	0.01166
7	0.02023	0.23871	0.28301	0.02022	0.02768	0.09795	0.02169	0.02543	0.01708	0.02239	0.01289	0.01611	0.01066	0.00902	0.01083	0.00251	0.14331	0.00576	0.00363	0.01088
8	0.02663	0.31890	0.06836	0.01811	0.02445	0.25232	0.01606	0.13627	0.02320	0.02609	0.01369	0.01532	0.01129	0.00817	0.00676	0.00208	0.01123	0.00540	0.00466	0.01102
9	0.01789	0.16172	0.50429	0.02288	0.03392	0.02187	0.07514	0.02608	0.01759	0.02512	0.01446	0.01717	0.01071	0.00768	0.00758	0.00249	0.01181	0.00613	0.00357	0.01190
