[name]
unknown

[dist]
# distance from previous block
# <min> <max>
0	4

[block]
# block no. 0 follows, 21 sequences, length 70
# corresponding to MSA columns:
# 4-73
name=unknown_A
#
# <colnr> <probs for GDERKNQSTAVLIFYWHMCP>
#	G	D	E	R	K	N	Q	S	T	A	V	L	I	F	Y	W	H	M	C	P
0	0.01826	0.01260	0.04874	0.01467	0.01820	0.01090	0.01276	0.02347	0.05399	0.14313	0.21599	0.06673	0.04981	0.01790	0.01031	0.00320	0.00680	0.25429	0.00859	0.00965
1	0.02965	0.07023	0.02712	0.02609	0.12696	0.43079	0.01787	0.12116	0.02540	0.02690	0.01465	0.01696	0.01190	0.00872	0.00780	0.00228	0.01325	0.00610	0.00494	0.01121
2	0.01913	0.01996	0.06983	0.26331	0.41061	0.01975	0.02560	0.02469	0.01849	0.02570	0.01566	0.02142	0.01259	0.00793	0.00843	0.00264	0.01068	0.00750	0.00403	0.01206
3	0.01972	0.10006	0.51145	0.02308	0.03400	0.11614	0.02779	0.02786	0.01881	0.02546	0.01467	0.01721	0.01082	0.00812	0.00780	0.00255	0.01269	0.00602	0.00371	0.01204
4	0.02859	0.03523	0.02459	0.02203	0.02535	0.51114	0.01697	0.03070	0.02142	0.02074	0.01267	0.01614	0.01101	0.01026	0.01259	0.00256	0.17809	0.00596	0.00422	0.00973
5	0.01006	0.00862	0.00862	0.00862	0.01149	0.00718	0.00647	0.01221	0.01940	0.02299	0.08621	0.08190	0.64438	0.02155	0.01006	0.00287	0.00431	0.01796	0.00790	0.00718
6	0.01097	0.00866	0.00989	0.00958	0.01206	0.00757	0.00719	0.01399	0.02156	0.02812	0.34289	0.07345	0.38450	0.01964	0.01005	0.00278	0.00417	0.01678	0.00858	0.00757
7	0.02975	0.02254	0.02408	0.01905	0.02540	0.02518	0.01555	0.48593	0.17778	0.04944	0.02373	0.02306	0.01715	0.01053	0.00855	0.00263	0.00875	0.00812	0.00855	0.01424
8	0.01006	0.00862	0.00862	0.00862	0.01149	0.00718	0.00647	0.01221	0.01940	0.02299	0.08621	0.08190	0.64438	0.02155	0.01006	0.00287	0.00431	0.01796	0.00790	0.00718
9	0.02009	0.02296	0.05022	0.03587	0.04448	0.02152	0.61693	0.02726	0.02009	0.02726	0.01722	0.02296	0.01291	0.00717	0.01004	0.00287	0.01435	0.01004	0.00430	0.01148
10	0.03235	0.02384	0.02554	0.01958	0.02639	0.02639	0.01618	0.61946	0.04001	0.05363	0.02043	0.02043	0.01447	0.01022	0.00851	0.00255	0.00936	0.00766	0.00851	0.01447
11	0.01966	0.02171	0.04325	0.03197	0.03809	0.02283	0.44441	0.02530	0.01805	0.02530	0.01547	0.02171	0.01241	0.00940	0.01520	0.00312	0.20782	0.00929	0.00414	0.01085
12	0.01204	0.00870	0.01138	0.01071	0.01271	0.00803	0.00803	0.01606	0.02409	0.03413	0.64335	0.06357	0.08030	0.01740	0.01004	0.00268	0.00401	0.01539	0.00937	0.00803
13	0.01178	0.00807	0.00939	0.00986	0.01012	0.00788	0.00588	0.01224	0.01366	0.01807	0.03459	0.20917	0.06793	0.50625	0.03392	0.00684	0.00726	0.01547	0.00595	0.00568
14	0.02275	0.70604	0.04459	0.01456	0.02184	0.03367	0.01456	0.02548	0.01729	0.02002	0.01183	0.01365	0.01092	0.00728	0.00546	0.00182	0.00910	0.00455	0.00364	0.01092
15	0.76103	0.01646	0.01251	0.01119	0.01646	0.01909	0.00922	0.02502	0.01448	0.03818	0.01185	0.01382	0.00922	0.00790	0.00527	0.00263	0.00658	0.00461	0.00527	0.00922
16	0.01238	0.00825	0.00928	0.00928	0.00928	0.00825	0.00516	0.01238	0.01238	0.01650	0.02681	0.05569	0.03094	0.70092	0.04331	0.00825	0.00825	0.01238	0.00516	0.00516
17	0.01586	0.00793	0.00793	0.00793	0.00991	0.00793	0.00595	0.01983	0.01785	0.03173	0.02776	0.03173	0.02181	0.00991	0.00595	0.00198	0.00397	0.00793	0.74817	0.00793
18	0.76103	0.01646	0.01251	0.01119	0.01646	0.01909	0.00922	0.02502	0.01448	0.03818	0.01185	0.01382	0.00922	0.00790	0.00527	0.00263	0.00658	0.00461	0.00527	0.00922
19	0.03179	0.04056	0.02412	0.02192	0.02631	0.66676	0.01644	0.03398	0.02412	0.02083	0.01315	0.01535	0.01096	0.00877	0.00767	0.00219	0.01535	0.00548	0.00438	0.00987
20	0.03123	0.03938	0.02386	0.02168	0.02609	0.63273	0.01629	0.03457	0.05618	0.02161	0.01429	0.01621	0.01175	0.00892	0.00773	0.00223	0.01489	0.00570	0.00461	0.01006
21	0.01038	0.00863	0.00907	0.00896	0.01169	0.00732	0.00672	0.01283	0.02016	0.02479	0.17628	0.07894	0.55319	0.02088	0.01005	0.00284	0.00426	0.01754	0.00814	0.00732
22	0.03685	0.01419	0.01932	0.01492	0.02127	0.01228	0.01228	0.04018	0.02434	0.62223	0.06457	0.03072	0.02408	0.01088	0.00863	0.00264	0.00708	0.00891	0.01047	0.01415
23	0.03242	0.02120	0.02353	0.01814	0.02471	0.02264	0.01495	0.47296	0.03584	0.17289	0.02634	0.02520	0.04709	0.01084	0.00860	0.00259	0.00869	0.00835	0.00889	0.01411
24	0.01238	0.00825	0.00928	0.00928	0.00928	0.00825	0.00516	0.01238	0.01238	0.01650	0.02681	0.05569	0.03094	0.70092	0.04331	0.00825	0.00825	0.01238	0.00516	0.00516
25	0.01204	0.00870	0.01138	0.01071	0.01271	0.00803	0.00803	0.01606	0.02409	0.03413	0.64335	0.06357	0.08030	0.01740	0.01004	0.00268	0.00401	0.01539	0.00937	0.00803
26	0.01088	0.00762	0.00972	0.01120	0.01156	0.00725	0.00720	0.01198	0.01530	0.02039	0.04179	0.53248	0.04983	0.19835	0.01913	0.00468	0.00578	0.02118	0.00720	0.00647
27	0.01607	0.01513	0.02552	0.68047	0.05861	0.01891	0.02363	0.02174	0.01702	0.02174	0.01513	0.02269	0.01134	0.00851	0.00851	0.00284	0.01134	0.00756	0.00378	0.00945
28	0.01607	0.01513	0.02552	0.68047	0.05861	0.01891	0.02363	0.02174	0.01702	0.02174	0.01513	0.02269	0.01134	0.00851	0.00851	0.00284	0.01134	0.00756	0.00378	0.00945
29	0.01607	0.01513	0.02552	0.68047	0.05861	0.01891	0.02363	0.02174	0.01702	0.02174	0.01513	0.02269	0.01134	0.00851	0.00851	0.00284	0.01134	0.00756	0.00378	0.00945
30	0.76103	0.01646	0.01251	0.01119	0.01646	0.01909	0.00922	0.02502	0.01448	0.03818	0.01185	0.01382	0.00922	0.00790	0.00527	0.00263	0.00658	0.00461	0.00527	0.00922
31	0.01862	0.01862	0.02607	0.02234	0.02234	0.02607	0.01862	0.02048	0.01303	0.02048	0.01117	0.01862	0.01117	0.01489	0.02793	0.00372	0.68535	0.00745	0.00372	0.00931
32	0.01875	0.04862	0.01521	0.01210	0.01581	0.03834	0.00956	0.05311	0.02339	0.14385	0.29166	0.05519	0.20912	0.01597	0.00935	0.00265	0.00571	0.01343	0.00864	0.00955
33	0.01765	0.01513	0.01765	0.01260	0.02017	0.01134	0.01008	0.02143	0.01765	0.02773	0.01513	0.01765	0.01260	0.00630	0.00630	0.00126	0.00630	0.00504	0.00504	0.75295
34	0.02106	0.02022	0.03454	0.05223	0.64784	0.02022	0.02612	0.02612	0.01938	0.02780	0.01601	0.02106	0.01348	0.00758	0.00842	0.00253	0.01011	0.00758	0.00421	0.01348
35	0.01035	0.00863	0.00903	0.00893	0.01167	0.00731	0.00670	0.01278	0.02009	0.02463	0.16818	0.07920	0.56140	0.02094	0.01005	0.00284	0.00427	0.01758	0.00812	0.00731
36	0.01113	0.00763	0.00963	0.01104	0.01149	0.00728	0.00715	0.01240	0.01546	0.02103	0.04116	0.50965	0.04849	0.18420	0.01823	0.00450	0.00566	0.02055	0.04676	0.00655
37	0.03182	0.03955	0.02420	0.02178	0.02631	0.62819	0.01643	0.06925	0.02507	0.02280	0.01359	0.01565	0.01117	0.00886	0.00772	0.00221	0.01499	0.00561	0.00463	0.01014
38	0.02117	0.01828	0.01924	0.01732	0.02213	0.02117	0.01347	0.04522	0.63246	0.03560	0.03464	0.03175	0.02598	0.01155	0.00866	0.00289	0.00673	0.00962	0.00866	0.01347
39	0.01204	0.00870	0.01138	0.01071	0.01271	0.00803	0.00803	0.01606	0.02409	0.03413	0.64335	0.06357	0.08030	0.01740	0.01004	0.00268	0.00401	0.01539	0.00937	0.00803
40	0.02000	0.02271	0.04886	0.03511	0.04324	0.02178	0.58346	0.02688	0.01969	0.02688	0.01688	0.02271	0.01282	0.00761	0.01104	0.00292	0.05189	0.00990	0.00427	0.01136
41	0.01216	0.00912	0.01368	0.01368	0.01520	0.01064	0.01064	0.01520	0.01368	0.01976	0.02279	0.03343	0.02127	0.06382	0.66720	0.01368	0.02279	0.00912	0.00456	0.00760
42	0.01216	0.00912	0.01368	0.01368	0.01520	0.01064	0.01064	0.01520	0.01368	0.01976	0.02279	0.03343	0.02127	0.06382	0.66720	0.01368	0.02279	0.00912	0.00456	0.00760
43	0.03235	0.02384	0.02554	0.01958	0.02639	0.02639	0.01618	0.61946	0.04001	0.05363	0.02043	0.02043	0.01447	0.01022	0.00851	0.00255	0.00936	0.00766	0.00851	0.01447
44	0.02106	0.02022	0.03454	0.05223	0.64784	0.02022	0.02612	0.02612	0.01938	0.02780	0.01601	0.02106	0.01348	0.00758	0.00842	0.00253	0.01011	0.00758	0.00421	0.01348
45	0.01223	0.00885	0.01230	0.01230	0.01335	0.00989	0.00892	0.01431	0.01327	0.01874	0.02405	0.04039	0.02430	0.26296	0.47220	0.01198	0.01825	0.01014	0.00475	0.00684
46	0.02050	0.01965	0.03353	0.12265	0.58179	0.02007	0.02584	0.02563	0.01911	0.02712	0.01591	0.02124	0.01324	0.00769	0.00843	0.00256	0.01025	0.00758	0.00416	0.01303
47	0.01862	0.01862	0.02607	0.02234	0.02234	0.02607	0.01862	0.02048	0.01303	0.02048	0.01117	0.01862	0.01117	0.01489	0.02793	0.00372	0.68535	0.00745	0.00372	0.00931
48	0.01686	0.01208	0.01434	0.01408	0.04692	0.01233	0.01015	0.13764	0.02332	0.03287	0.15732	0.10509	0.13862	0.02001	0.07220	0.00367	0.00733	0.01262	0.15326	0.00930
49	0.76103	0.01646	0.01251	0.01119	0.01646	0.01909	0.00922	0.02502	0.01448	0.03818	0.01185	0.01382	0.00922	0.00790	0.00527	0.00263	0.00658	0.00461	0.00527	0.00922
50	0.01305	0.04795	0.01368	0.01201	0.01421	0.00988	0.00959	0.01678	0.02213	0.03052	0.44088	0.06796	0.06689	0.04931	0.01169	0.00317	0.00538	0.14840	0.00850	0.00802
51	0.01736	0.07826	0.62516	0.02375	0.03606	0.02048	0.03057	0.02687	0.01793	0.02659	0.01509	0.01774	0.01079	0.00804	0.00795	0.00265	0.01240	0.00620	0.00360	0.01249
52	0.01245	0.00939	0.01184	0.01317	0.01481	0.00929	0.01001	0.01711	0.08311	0.02442	0.04944	0.38371	0.11640	0.02358	0.01080	0.00346	0.00589	0.18525	0.00796	0.00791
53	0.02549	0.02627	0.02967	0.07745	0.34192	0.20640	0.02173	0.11540	0.02363	0.02923	0.01579	0.01943	0.01277	0.00837	0.00823	0.00245	0.01158	0.00699	0.00487	0.01234
54	0.02104	0.01894	0.02532	0.02054	0.02455	0.05926	0.12527	0.17087	0.02311	0.03115	0.02740	0.12543	0.07368	0.01391	0.01314	0.00296	0.15087	0.01125	0.05089	0.01042
55	0.01768	0.06474	0.35299	0.02231	0.03136	0.01807	0.14251	0.02528	0.01833	0.02777	0.01839	0.02195	0.01378	0.00829	0.00785	0.00252	0.01076	0.00734	0.17688	0.01119
56	0.01873	0.23784	0.47758	0.02142	0.03244	0.02384	0.02650	0.02652	0.01777	0.02492	0.01426	0.01670	0.01082	0.00785	0.00732	0.00244	0.01156	0.00578	0.00361	0.01209
57	0.01260	0.00910	0.01229	0.01361	0.01539	0.00880	0.01116	0.01602	0.01993	0.02644	0.16827	0.18885	0.09237	0.02269	0.01116	0.00353	0.00637	0.34559	0.00816	0.00768
58	0.02246	0.16115	0.03838	0.03797	0.33321	0.09829	0.13667	0.02712	0.01964	0.02532	0.01507	0.01927	0.01256	0.00758	0.00805	0.00241	0.01133	0.00720	0.00414	0.01216
59	0.02163	0.01661	0.01859	0.01720	0.05503	0.01772	0.01275	0.16792	0.24302	0.07420	0.06854	0.04232	0.18052	0.01372	0.00902	0.00276	0.00684	0.01133	0.00833	0.01195
60	0.01006	0.00862	0.00862	0.00862	0.01149	0.00718	0.00647	0.01221	0.01940	0.02299	0.08621	0.08190	0.64438	0.02155	0.01006	0.00287	0.00431	0.01796	0.00790	0.00718
61	0.01037	0.00741	0.00987	0.01185	0.01234	0.00691	0.00790	0.01185	0.01629	0.02172	0.04690	0.69537	0.05629	0.02666	0.01086	0.00346	0.00494	0.02419	0.00790	0.00691
62	0.16881	0.12087	0.02535	0.05768	0.02579	0.18514	0.01514	0.24169	0.02664	0.03592	0.01547	0.01710	0.01191	0.00890	0.00726	0.00239	0.01041	0.00610	0.00590	0.01153
63	0.02316	0.03550	0.47314	0.02163	0.03248	0.01767	0.02598	0.03114	0.01981	0.20767	0.02055	0.02114	0.01375	0.00879	0.00822	0.00268	0.01104	0.00694	0.00559	0.01313
64	0.01163	0.00823	0.01083	0.01150	0.01213	0.00853	0.00777	0.01306	0.01411	0.01927	0.03242	0.26641	0.03660	0.27682	0.22305	0.00828	0.01157	0.01540	0.00591	0.00650
65	0.02156	0.02209	0.02337	0.02823	0.23249	0.17926	0.01687	0.06156	0.06028	0.02834	0.11892	0.03510	0.11270	0.01170	0.00872	0.00254	0.00945	0.00980	0.00607	0.01094
66	0.05316	0.02074	0.14597	0.02793	0.22190	0.01589	0.01938	0.02635	0.05584	0.12053	0.02661	0.17876	0.02460	0.01281	0.00882	0.00282	0.00860	0.01133	0.00621	0.01174
67	0.02290	0.55479	0.07146	0.01556	0.02270	0.03077	0.01536	0.09104	0.01964	0.02410	0.01362	0.01581	0.01193	0.01105	0.04579	0.00266	0.01013	0.00526	0.00424	0.01120
68	0.01403	0.01302	0.01912	0.01662	0.01980	0.04722	0.13104	0.01752	0.02001	0.02608	0.18439	0.23965	0.15111	0.01855	0.01023	0.00301	0.00724	0.04572	0.00732	0.00835
69	0.07092	0.02404	0.18748	0.01866	0.02618	0.01780	0.04745	0.16646	0.02546	0.18604	0.11727	0.02819	0.02481	0.01054	0.00852	0.00265	0.00895	0.00864	0.00744	0.01252

[dist]
# distance from previous block
# <min> <max>
2	82

[block]
# block no. 1 follows, 21 sequences, length 33
# corresponding to MSA columns:
# 156-188
name=unknown_B
#
# <colnr> <probs for GDERKNQSTAVLIFYWHMCP>
#	G	D	E	R	K	N	Q	S	T	A	V	L	I	F	Y	W	H	M	C	P
0	0.20650	0.22998	0.02719	0.04738	0.07476	0.18615	0.01446	0.02699	0.01852	0.02628	0.01381	0.01644	0.01153	0.00808	0.00639	0.00223	0.00987	0.00543	0.05784	0.01017
1	0.03124	0.03275	0.02474	0.05342	0.02793	0.38372	0.01669	0.26299	0.03000	0.03374	0.01611	0.01770	0.01236	0.00932	0.00804	0.00237	0.01280	0.00644	0.00597	0.01165
2	0.24320	0.03232	0.02137	0.02064	0.06111	0.43924	0.01493	0.03090	0.02103	0.02630	0.01295	0.01525	0.01061	0.00844	0.00702	0.00234	0.01248	0.00535	0.00463	0.00990
3	0.01071	0.00836	0.00972	0.00999	0.01205	0.00737	0.00726	0.01325	0.02003	0.02593	0.23892	0.22180	0.34113	0.02155	0.01024	0.00295	0.00437	0.01869	0.00833	0.00737
4	0.01332	0.01083	0.01591	0.01524	0.01648	0.01342	0.01207	0.01615	0.01356	0.01989	0.02070	0.03076	0.01946	0.05501	0.55206	0.01188	0.14213	0.00882	0.00441	0.00791
5	0.01238	0.00825	0.00928	0.00928	0.00928	0.00825	0.00516	0.01238	0.01238	0.01650	0.02681	0.05569	0.03094	0.70092	0.04331	0.00825	0.00825	0.01238	0.00516	0.00516
6	0.01037	0.00741	0.00987	0.01185	0.01234	0.00691	0.00790	0.01185	0.01629	0.02172	0.04690	0.69537	0.05629	0.02666	0.01086	0.00346	0.00494	0.02419	0.00790	0.00691
7	0.02117	0.01828	0.01924	0.01732	0.02213	0.02117	0.01347	0.04522	0.63246	0.03560	0.03464	0.03175	0.02598	0.01155	0.00866	0.00289	0.00673	0.00962	0.00866	0.01347
8	0.76103	0.01646	0.01251	0.01119	0.01646	0.01909	0.00922	0.02502	0.01448	0.03818	0.01185	0.01382	0.00922	0.00790	0.00527	0.00263	0.00658	0.00461	0.00527	0.00922
9	0.01221	0.00891	0.01264	0.01264	0.01380	0.01007	0.00934	0.01453	0.01337	0.01898	0.02375	0.03870	0.02356	0.21465	0.51950	0.01239	0.01935	0.00989	0.00470	0.00702
10	0.01078	0.00925	0.00932	0.00919	0.01219	0.00810	0.00692	0.01437	0.05946	0.02381	0.08284	0.07862	0.60397	0.02090	0.00997	0.00287	0.00447	0.01742	0.00795	0.00759
11	0.02133	0.02117	0.03288	0.11356	0.54356	0.06660	0.02517	0.02624	0.01948	0.02669	0.01571	0.02082	0.01308	0.00776	0.00838	0.00253	0.01061	0.00743	0.00418	0.01281
12	0.02478	0.02254	0.02052	0.01817	0.02312	0.14247	0.01411	0.07300	0.44999	0.07123	0.02978	0.02790	0.02225	0.01089	0.00846	0.00272	0.00853	0.00867	0.00796	0.01291
13	0.02429	0.01914	0.03176	0.04525	0.52995	0.01877	0.02355	0.02901	0.02032	0.14565	0.01931	0.02255	0.01491	0.00814	0.00845	0.00255	0.00957	0.00777	0.00540	0.01367
14	0.01784	0.13358	0.57401	0.02294	0.03480	0.02165	0.02916	0.02675	0.01788	0.02601	0.01481	0.01738	0.01080	0.00798	0.00773	0.00258	0.01211	0.00605	0.00360	0.01235
15	0.01586	0.00793	0.00793	0.00793	0.00991	0.00793	0.00595	0.01983	0.01785	0.03173	0.02776	0.03173	0.02181	0.00991	0.00595	0.00198	0.00397	0.00793	0.74817	0.00793
16	0.01319	0.00898	0.01160	0.01079	0.01307	0.00819	0.00815	0.01704	0.02380	0.06353	0.57728	0.06308	0.11428	0.01734	0.00997	0.00269	0.00419	0.01523	0.00933	0.00829
17	0.01857	0.21909	0.49492	0.02169	0.03287	0.02344	0.02698	0.02656	0.01779	0.02512	0.01436	0.01683	0.01082	0.00787	0.00739	0.00246	0.01166	0.00583	0.00361	0.01214
18	0.02147	0.01445	0.06346	0.01497	0.01918	0.01264	0.01302	0.02726	0.07912	0.20496	0.07929	0.07511	0.06177	0.01825	0.05310	0.00367	0.03800	0.11963	0.07002	0.01062
19	0.01714	0.00983	0.01301	0.01157	0.01447	0.00890	0.00890	0.02101	0.02414	0.15489	0.52450	0.05682	0.06875	0.01606	0.00975	0.00267	0.00464	0.01406	0.00960	0.00929
20	0.01408	0.01168	0.01372	0.06271	0.01905	0.01208	0.01116	0.02228	0.17162	0.02648	0.05634	0.11217	0.27221	0.01888	0.01002	0.00314	0.00625	0.13931	0.00777	0.00904
21	0.02753	0.02692	0.02887	0.03372	0.28321	0.19917	0.02036	0.21393	0.02713	0.03398	0.01661	0.01930	0.01310	0.00873	0.00825	0.00244	0.01131	0.00703	0.00561	0.01280
22	0.02452	0.02652	0.02369	0.06075	0.02613	0.25598	0.01679	0.06157	0.16529	0.02594	0.01815	0.02088	0.01478	0.01127	0.01389	0.00286	0.20759	0.00727	0.00538	0.01077
23	0.01006	0.00862	0.00862	0.00862	0.01149	0.00718	0.00647	0.01221	0.01940	0.02299	0.08621	0.08190	0.64438	0.02155	0.01006	0.00287	0.00431	0.01796	0.00790	0.00718
24	0.01161	0.00755	0.01007	0.01123	0.01187	0.00709	0.00757	0.01167	0.01517	0.01986	0.04245	0.42437	0.11737	0.02687	0.01728	0.22117	0.00557	0.01853	0.00668	0.00601
25	0.01885	0.07300	0.58223	0.02314	0.03504	0.01990	0.02929	0.02793	0.01839	0.07171	0.01643	0.01856	0.01153	0.00822	0.00800	0.00265	0.01203	0.00637	0.00409	0.01264
26	0.01062	0.00758	0.01016	0.01213	0.01274	0.00713	0.00833	0.01228	0.01654	0.02200	0.04677	0.65061	0.05574	0.02643	0.01093	0.00349	0.00515	0.06649	0.00789	0.00698
27	0.02012	0.01926	0.03284	0.17052	0.53690	0.01997	0.02565	0.02529	0.01893	0.02666	0.01584	0.02137	0.01308	0.00776	0.00844	0.00259	0.01034	0.00758	0.00413	0.01272
28	0.02590	0.02973	0.02712	0.10629	0.22077	0.34562	0.02002	0.03100	0.06727	0.02418	0.01586	0.01917	0.01290	0.00858	0.00807	0.00242	0.01264	0.00667	0.00458	0.01120
29	0.02096	0.02519	0.16236	0.04207	0.39578	0.01995	0.12114	0.02725	0.01946	0.05919	0.01694	0.02114	0.01323	0.00777	0.00862	0.00262	0.01114	0.00776	0.00442	0.01303
30	0.01747	0.01646	0.02678	0.30953	0.21467	0.01954	0.02194	0.02199	0.01661	0.02301	0.01560	0.02280	0.01310	0.01590	0.08983	0.00419	0.12854	0.00773	0.00399	0.01035
31	0.02029	0.02303	0.06990	0.06302	0.25877	0.15639	0.01922	0.02528	0.05070	0.02500	0.02684	0.12854	0.07260	0.01221	0.00876	0.00267	0.01003	0.01055	0.00528	0.01091
32	0.02109	0.02530	0.15980	0.02648	0.18505	0.09948	0.01958	0.08986	0.02220	0.06126	0.03352	0.03443	0.16256	0.01160	0.00866	0.00261	0.00970	0.00955	0.00578	0.01150

[dist]
# distance from previous block
# <min> <max>
5	190

[block]
# block no. 2 follows, 21 sequences, length 111
# corresponding to MSA columns:
# 382-492
name=unknown_C
#
# <colnr> <probs for GDERKNQSTAVLIFYWHMCP>
#	G	D	E	R	K	N	Q	S	T	A	V	L	I	F	Y	W	H	M	C	P
0	0.02215	0.02376	0.04872	0.02281	0.11873	0.22211	0.05593	0.02655	0.04705	0.06060	0.03512	0.03593	0.17008	0.01191	0.00853	0.00252	0.01000	0.00976	0.05749	0.01027
1	0.02321	0.05896	0.02556	0.07074	0.14792	0.10877	0.01732	0.15897	0.06532	0.03107	0.02279	0.06019	0.05196	0.01107	0.01007	0.00261	0.07011	0.00864	0.00585	0.04888
2	0.02280	0.15720	0.02570	0.02210	0.13209	0.20089	0.01508	0.02607	0.01943	0.02489	0.01728	0.02076	0.01440	0.00900	0.00831	0.00223	0.05669	0.00648	0.20844	0.01015
3	0.02322	0.05547	0.31062	0.02413	0.09825	0.01901	0.02334	0.06143	0.02047	0.16778	0.02083	0.02478	0.01557	0.00992	0.00972	0.00276	0.05739	0.03692	0.00571	0.01267
4	0.05219	0.31414	0.37750	0.01971	0.02979	0.02543	0.02354	0.02626	0.01754	0.02461	0.01371	0.01602	0.01077	0.00775	0.00689	0.00233	0.01089	0.00550	0.00369	0.01175
5	0.01917	0.21696	0.25726	0.02042	0.06006	0.09301	0.02022	0.02432	0.01821	0.02339	0.02035	0.14978	0.01993	0.01156	0.00788	0.00254	0.01029	0.00931	0.00457	0.01076
6	0.01845	0.01292	0.01578	0.01414	0.01721	0.01442	0.01121	0.18209	0.02175	0.03147	0.02315	0.02952	0.01952	0.03824	0.35304	0.00827	0.01531	0.00848	0.15550	0.00955
7	0.01781	0.01267	0.01454	0.01362	0.01608	0.01323	0.00992	0.20100	0.02311	0.03134	0.03441	0.34684	0.03735	0.12901	0.01508	0.00387	0.00679	0.01627	0.04802	0.00903
8	0.01061	0.00847	0.00911	0.00922	0.01140	0.00739	0.00658	0.01261	0.01867	0.02318	0.13361	0.13099	0.44992	0.11298	0.01460	0.00363	0.00487	0.01749	0.00769	0.00698
9	0.11226	0.03901	0.54204	0.05615	0.03534	0.01963	0.02820	0.02644	0.01747	0.02812	0.01483	0.01768	0.01061	0.00808	0.00775	0.00269	0.01175	0.00614	0.00382	0.01199
10	0.02823	0.08031	0.02837	0.02975	0.19670	0.44606	0.01897	0.03124	0.02235	0.02269	0.01385	0.01680	0.01165	0.00834	0.00773	0.00226	0.01348	0.00599	0.00429	0.01093
11	0.01020	0.00806	0.00920	0.01010	0.01188	0.00706	0.00712	0.01205	0.01797	0.02241	0.06818	0.36336	0.37457	0.02390	0.01043	0.00314	0.00460	0.02082	0.00790	0.00706
12	0.01077	0.00907	0.01119	0.01086	0.01343	0.00790	0.03759	0.01316	0.01906	0.02370	0.11270	0.21530	0.44143	0.02169	0.01024	0.00299	0.00494	0.01878	0.00782	0.00740
13	0.02926	0.15803	0.07118	0.02032	0.02623	0.39087	0.01708	0.13928	0.02538	0.02711	0.01439	0.01615	0.01159	0.00872	0.00746	0.00223	0.01293	0.00577	0.00495	0.01109
14	0.01306	0.01228	0.05051	0.01729	0.07309	0.01035	0.05337	0.01675	0.02003	0.02747	0.24831	0.25222	0.10865	0.01881	0.01012	0.00299	0.00622	0.04233	0.00759	0.00857
15	0.02724	0.22013	0.02915	0.06514	0.02667	0.41836	0.01598	0.02982	0.02154	0.02077	0.01619	0.01836	0.03924	0.00891	0.00723	0.00217	0.01286	0.00593	0.00430	0.01001
16	0.01234	0.00840	0.01003	0.01003	0.01029	0.00866	0.00609	0.01286	0.01260	0.01706	0.02613	0.05188	0.02929	0.59195	0.15002	0.00918	0.01074	0.01182	0.00505	0.00557
17	0.01098	0.00766	0.00969	0.01107	0.01141	0.00732	0.00707	0.01201	0.01510	0.02014	0.04081	0.50127	0.04859	0.23126	0.02071	0.00491	0.00594	0.02061	0.00707	0.00638
18	0.01478	0.00739	0.01109	0.01109	0.01109	0.00739	0.00739	0.01109	0.01109	0.01478	0.01478	0.02587	0.01478	0.02956	0.03326	0.75240	0.00739	0.00739	0.00370	0.00370
19	0.01068	0.00850	0.00964	0.01002	0.01227	0.00745	0.00748	0.01314	0.01960	0.02471	0.16490	0.19018	0.40756	0.02195	0.01032	0.00302	0.00462	0.05852	0.00813	0.00732
20	0.01586	0.00793	0.00793	0.00793	0.00991	0.00793	0.00595	0.01983	0.01785	0.03173	0.02776	0.03173	0.02181	0.00991	0.00595	0.00198	0.00397	0.00793	0.74817	0.00793
21	0.02275	0.70604	0.04459	0.01456	0.02184	0.03367	0.01456	0.02548	0.01729	0.02002	0.01183	0.01365	0.01092	0.00728	0.00546	0.00182	0.00910	0.00455	0.00364	0.01092
22	0.01765	0.01513	0.01765	0.01260	0.02017	0.01134	0.01008	0.02143	0.01765	0.02773	0.01513	0.01765	0.01260	0.00630	0.00630	0.00126	0.00630	0.00504	0.00504	0.75295
23	0.01204	0.00870	0.01138	0.01071	0.01271	0.00803	0.00803	0.01606	0.02409	0.03413	0.64335	0.06357	0.08030	0.01740	0.01004	0.00268	0.00401	0.01539	0.00937	0.00803
24	0.01338	0.00956	0.01333	0.01529	0.01711	0.00951	0.01314	0.01706	0.01926	0.02510	0.04524	0.15560	0.04970	0.02382	0.01167	0.00387	0.00755	0.53423	0.00784	0.00774
25	0.71179	0.01632	0.01300	0.01146	0.01682	0.01864	0.00944	0.02614	0.01516	0.08011	0.01333	0.01486	0.01002	0.00808	0.00549	0.00263	0.00663	0.00488	0.00563	0.00958
26	0.02275	0.70604	0.04459	0.01456	0.02184	0.03367	0.01456	0.02548	0.01729	0.02002	0.01183	0.01365	0.01092	0.00728	0.00546	0.00182	0.00910	0.00455	0.00364	0.01092
27	0.02750	0.18689	0.02816	0.01973	0.02427	0.43477	0.01577	0.02985	0.02110	0.02055	0.01337	0.01642	0.01167	0.01261	0.05351	0.00300	0.06108	0.00566	0.00418	0.00991
28	0.76103	0.01646	0.01251	0.01119	0.01646	0.01909	0.00922	0.02502	0.01448	0.03818	0.01185	0.01382	0.00922	0.00790	0.00527	0.00263	0.00658	0.00461	0.00527	0.00922
29	0.01860	0.01771	0.03010	0.36158	0.35770	0.01957	0.02489	0.02396	0.01821	0.02482	0.01557	0.02186	0.01243	0.00804	0.00847	0.00268	0.01072	0.00757	0.00400	0.01150
30	0.01045	0.00779	0.00977	0.01130	0.01239	0.00710	0.00784	0.01219	0.01714	0.02218	0.05565	0.53068	0.18803	0.02537	0.01072	0.00335	0.00493	0.04823	0.00790	0.00701
31	0.01216	0.00912	0.01368	0.01368	0.01520	0.01064	0.01064	0.01520	0.01368	0.01976	0.02279	0.03343	0.02127	0.06382	0.66720	0.01368	0.02279	0.00912	0.00456	0.00760
32	0.01204	0.00870	0.01138	0.01071	0.01271	0.00803	0.00803	0.01606	0.02409	0.03413	0.64335	0.06357	0.08030	0.01740	0.01004	0.00268	0.00401	0.01539	0.00937	0.00803
33	0.02406	0.54185	0.03972	0.01639	0.02266	0.14480	0.01517	0.02664	0.01821	0.02020	0.01202	0.01429	0.01095	0.00806	0.00738	0.00202	0.05627	0.00491	0.00378	0.01063
34	0.02226	0.02741	0.15505	0.04109	0.41541	0.09244	0.02540	0.06845	0.02106	0.02866	0.01585	0.01977	0.01274	0.00800	0.00828	0.00253	0.01113	0.00710	0.00441	0.01297
35	0.06235	0.46287	0.06797	0.11832	0.02841	0.06570	0.01668	0.05043	0.01848	0.02307	0.01295	0.01565	0.01104	0.00775	0.00630	0.00212	0.00985	0.00529	0.00400	0.01077
36	0.01160	0.00868	0.01075	0.01024	0.01244	0.00784	0.00768	0.01519	0.02303	0.03162	0.51777	0.06770	0.20744	0.01833	0.01004	0.00272	0.00408	0.01597	0.00904	0.00784
37	0.01187	0.00869	0.01113	0.01052	0.01261	0.00795	0.00789	0.01572	0.02367	0.03314	0.59380	0.06520	0.13046	0.01777	0.01004	0.00269	0.00404	0.01562	0.00924	0.00795
38	0.07065	0.22490	0.15112	0.01725	0.02328	0.09241	0.04851	0.02308	0.01754	0.02316	0.02090	0.14874	0.02122	0.06956	0.01067	0.00300	0.00972	0.00970	0.00480	0.00979
39	0.02630	0.01494	0.01813	0.01476	0.01965	0.01484	0.01185	0.17756	0.06113	0.24459	0.25175	0.03954	0.04118	0.01300	0.00909	0.00264	0.00658	0.01087	0.00950	0.01208
40	0.01216	0.00912	0.01368	0.01368	0.01520	0.01064	0.01064	0.01520	0.01368	0.01976	0.02279	0.03343	0.02127	0.06382	0.66720	0.01368	0.02279	0.00912	0.00456	0.00760
41	0.02106	0.02022	0.03454	0.05223	0.64784	0.02022	0.02612	0.02612	0.01938	0.02780	0.01601	0.02106	0.01348	0.00758	0.00842	0.00253	0.01011	0.00758	0.00421	0.01348
42	0.02299	0.02363	0.06122	0.09753	0.33271	0.10091	0.02218	0.09543	0.10285	0.03024	0.01849	0.02169	0.01459	0.00866	0.00836	0.00257	0.01047	0.00753	0.00523	0.01272
43	0.01853	0.00962	0.01218	0.01128	0.01367	0.00968	0.00847	0.02138	0.01691	0.14770	0.02727	0.03602	0.02316	0.15078	0.20731	0.00668	0.01091	0.00921	0.25062	0.00862
44	0.01831	0.01034	0.01189	0.01053	0.01450	0.00875	0.00824	0.02080	0.02085	0.20813	0.07076	0.06636	0.46143	0.01832	0.00962	0.00280	0.00517	0.01520	0.00867	0.00933
45	0.02475	0.02326	0.09875	0.01913	0.02700	0.02028	0.06374	0.30619	0.02849	0.03989	0.01783	0.01943	0.01330	0.00844	0.00786	0.00217	0.00913	0.00683	0.00646	0.25710
46	0.01714	0.01642	0.01466	0.01390	0.01519	0.15839	0.00971	0.01836	0.01532	0.01839	0.02186	0.03964	0.02316	0.37196	0.15682	0.00764	0.05983	0.00984	0.00477	0.00699
47	0.02262	0.01104	0.01476	0.01250	0.01636	0.00984	0.00984	0.02634	0.02420	0.28488	0.39657	0.04956	0.05633	0.01462	0.00944	0.00266	0.00532	0.01263	0.00984	0.01064
48	0.02275	0.70604	0.04459	0.01456	0.02184	0.03367	0.01456	0.02548	0.01729	0.02002	0.01183	0.01365	0.01092	0.00728	0.00546	0.00182	0.00910	0.00455	0.00364	0.01092
49	0.01006	0.00862	0.00862	0.00862	0.01149	0.00718	0.00647	0.01221	0.01940	0.02299	0.08621	0.08190	0.64438	0.02155	0.01006	0.00287	0.00431	0.01796	0.00790	0.00718
50	0.01112	0.00872	0.01025	0.01114	0.01333	0.00785	0.00872	0.01364	0.01889	0.02344	0.06781	0.19649	0.37471	0.02301	0.01067	0.00327	0.00539	0.17634	0.00788	0.00731
51	0.02117	0.01828	0.01924	0.01732	0.02213	0.02117	0.01347	0.04522	0.63246	0.03560	0.03464	0.03175	0.02598	0.01155	0.00866	0.00289	0.00673	0.00962	0.00866	0.01347
52	0.01765	0.01513	0.01765	0.01260	0.02017	0.01134	0.01008	0.02143	0.01765	0.02773	0.01513	0.01765	0.01260	0.00630	0.00630	0.00126	0.00630	0.00504	0.00504	0.75295
53	0.03179	0.04056	0.02412	0.02192	0.02631	0.66676	0.01644	0.03398	0.02412	0.02083	0.01315	0.01535	0.01096	0.00877	0.00767	0.00219	0.01535	0.00548	0.00438	0.00987
54	0.02009	0.02296	0.05022	0.03587	0.04448	0.02152	0.61693	0.02726	0.02009	0.02726	0.01722	0.02296	0.01291	0.00717	0.01004	0.00287	0.01435	0.01004	0.00430	0.01148
55	0.01358	0.01091	0.01264	0.01249	0.01359	0.05438	0.00885	0.01535	0.01387	0.01853	0.02374	0.04108	0.02443	0.31414	0.37348	0.01073	0.01649	0.01017	0.00479	0.00678
56	0.01707	0.04402	0.65683	0.02426	0.03683	0.01976	0.03144	0.02695	0.01797	0.02695	0.01527	0.01797	0.01078	0.00809	0.00809	0.00270	0.01258	0.00629	0.00359	0.01258
57	0.01249	0.00954	0.01172	0.01292	0.01427	0.00971	0.00899	0.01841	0.13738	0.02445	0.04449	0.56496	0.05033	0.02369	0.01043	0.00334	0.00529	0.02133	0.00805	0.00820
58	0.01707	0.04402	0.65683	0.02426	0.03683	0.01976	0.03144	0.02695	0.01797	0.02695	0.01527	0.01797	0.01078	0.00809	0.00809	0.00270	0.01258	0.00629	0.00359	0.01258
59	0.01037	0.00741	0.00987	0.01185	0.01234	0.00691	0.00790	0.01185	0.01629	0.02172	0.04690	0.69537	0.05629	0.02666	0.01086	0.00346	0.00494	0.02419	0.00790	0.00691
60	0.01037	0.00741	0.00987	0.01185	0.01234	0.00691	0.00790	0.01185	0.01629	0.02172	0.04690	0.69537	0.05629	0.02666	0.01086	0.00346	0.00494	0.02419	0.00790	0.00691
61	0.01586	0.00793	0.00793	0.00793	0.00991	0.00793	0.00595	0.01983	0.01785	0.03173	0.02776	0.03173	0.02181	0.00991	0.00595	0.00198	0.00397	0.00793	0.74817	0.00793
62	0.08177	0.49965	0.08771	0.01617	0.02328	0.12602	0.01576	0.02683	0.01814	0.02212	0.01230	0.01426	0.01078	0.00762	0.00598	0.00201	0.01011	0.00483	0.00388	0.01076
63	0.01599	0.01383	0.01924	0.11574	0.16328	0.01444	0.01504	0.02280	0.12825	0.02556	0.04253	0.04665	0.21370	0.01559	0.01138	0.06950	0.00751	0.04295	0.00625	0.00977
64	0.02106	0.02022	0.03454	0.05223	0.64784	0.02022	0.02612	0.02612	0.01938	0.02780	0.01601	0.02106	0.01348	0.00758	0.00842	0.00253	0.01011	0.00758	0.00421	0.01348
65	0.01007	0.00856	0.00868	0.00878	0.01154	0.00717	0.00654	0.01220	0.01925	0.02293	0.08428	0.11199	0.61554	0.02180	0.01010	0.00290	0.00434	0.01827	0.00790	0.00717
66	0.02640	0.02576	0.02505	0.02545	0.13908	0.22362	0.04075	0.20347	0.02665	0.03298	0.02018	0.08292	0.01754	0.01067	0.00834	0.00249	0.01080	0.00862	0.05768	0.01156
67	0.02718	0.11276	0.15047	0.02112	0.02759	0.38937	0.01896	0.06437	0.06536	0.02476	0.01532	0.01709	0.01216	0.00874	0.00762	0.00232	0.01318	0.00594	0.00467	0.01102
68	0.01707	0.04402	0.65683	0.02426	0.03683	0.01976	0.03144	0.02695	0.01797	0.02695	0.01527	0.01797	0.01078	0.00809	0.00809	0.00270	0.01258	0.00629	0.00359	0.01258
69	0.02655	0.02971	0.02931	0.03670	0.33181	0.31621	0.02118	0.06007	0.02260	0.02593	0.01493	0.01842	0.01238	0.00826	0.00809	0.00238	0.01247	0.00663	0.00451	0.01188
70	0.02275	0.70604	0.04459	0.01456	0.02184	0.03367	0.01456	0.02548	0.01729	0.02002	0.01183	0.01365	0.01092	0.00728	0.00546	0.00182	0.00910	0.00455	0.00364	0.01092
71	0.01267	0.00935	0.01191	0.01116	0.01336	0.00892	0.00840	0.01805	0.06553	0.03423	0.60188	0.06140	0.07660	0.01700	0.00994	0.00269	0.00420	0.01500	0.00932	0.00840
72	0.01229	0.01046	0.01085	0.01060	0.01378	0.00989	0.00814	0.01856	0.13177	0.02544	0.07451	0.07348	0.49857	0.01983	0.00989	0.00293	0.00495	0.04766	0.00804	0.00837
73	0.02442	0.17641	0.03073	0.02832	0.22243	0.09512	0.01815	0.06204	0.15837	0.07189	0.02037	0.02167	0.01601	0.00887	0.00774	0.00242	0.00947	0.00719	0.00576	0.01262
74	0.07218	0.01387	0.01417	0.01207	0.01591	0.01490	0.00961	0.22201	0.02508	0.03954	0.02421	0.02671	0.01848	0.00988	0.00677	0.00222	0.00596	0.00761	0.44861	0.01022
75	0.01054	0.00788	0.00979	0.01092	0.01220	0.00714	0.00758	0.01255	0.01817	0.02383	0.14305	0.45753	0.19965	0.02410	0.01055	0.00320	0.00465	0.02143	0.00811	0.00714
76	0.02318	0.04790	0.02464	0.17492	0.10077	0.12286	0.01780	0.16129	0.10829	0.03130	0.02179	0.08785	0.01864	0.01099	0.00850	0.00267	0.01004	0.00906	0.00606	0.01146
77	0.01825	0.01241	0.01486	0.01325	0.01558	0.01313	0.00976	0.12882	0.02077	0.07901	0.10211	0.11580	0.06379	0.24420	0.05939	0.00528	0.05528	0.01259	0.00702	0.00871
78	0.01037	0.00741	0.00987	0.01185	0.01234	0.00691	0.00790	0.01185	0.01629	0.02172	0.04690	0.69537	0.05629	0.02666	0.01086	0.00346	0.00494	0.02419	0.00790	0.00691
79	0.01037	0.00741	0.00987	0.01185	0.01234	0.00691	0.00790	0.01185	0.01629	0.02172	0.04690	0.69537	0.05629	0.02666	0.01086	0.00346	0.00494	0.02419	0.00790	0.00691
80	0.02703	0.03270	0.02310	0.02085	0.02397	0.46778	0.01593	0.02909	0.02071	0.02046	0.01405	0.01921	0.01267	0.05061	0.05118	0.00348	0.14705	0.00645	0.00431	0.00937
81	0.02046	0.01907	0.03145	0.22255	0.44368	0.02028	0.02476	0.06534	0.02013	0.02790	0.01607	0.02147	0.01296	0.00802	0.00845	0.00261	0.01040	0.00758	0.00439	0.01244
82	0.76103	0.01646	0.01251	0.01119	0.01646	0.01909	0.00922	0.02502	0.01448	0.03818	0.01185	0.01382	0.00922	0.00790	0.00527	0.00263	0.00658	0.00461	0.00527	0.00922
83	0.01558	0.01050	0.01305	0.01188	0.01473	0.01014	0.00908	0.02207	0.10412	0.09163	0.47566	0.05714	0.09836	0.01621	0.00972	0.00271	0.00469	0.01413	0.00930	0.00930
84	0.02067	0.02000	0.03470	0.09514	0.57649	0.02019	0.05565	0.02587	0.01925	0.02735	0.01601	0.02127	0.01330	0.00763	0.00851	0.00257	0.01041	0.00770	0.00419	0.01310
85	0.01036	0.00814	0.00939	0.01034	0.01214	0.00718	0.00741	0.01230	0.01806	0.02255	0.06729	0.34924	0.36225	0.02386	0.01048	0.00317	0.00474	0.04611	0.00790	0.00709
86	0.01452	0.00933	0.01169	0.01073	0.01345	0.00834	0.00818	0.01803	0.02307	0.10083	0.45024	0.06382	0.20024	0.01756	0.00988	0.00272	0.00444	0.01520	0.00917	0.00856
87	0.01051	0.00864	0.00925	0.00910	0.01177	0.00738	0.00682	0.01310	0.02047	0.02554	0.21405	0.07769	0.51495	0.02060	0.01005	0.00283	0.00424	0.01737	0.00824	0.00738
88	0.01128	0.00839	0.01050	0.01055	0.01239	0.00761	0.00769	0.01435	0.02141	0.02914	0.39942	0.20958	0.18574	0.02030	0.01023	0.00289	0.00428	0.01788	0.00875	0.00761
89	0.02117	0.01828	0.01924	0.01732	0.02213	0.02117	0.01347	0.04522	0.63246	0.03560	0.03464	0.03175	0.02598	0.01155	0.00866	0.00289	0.00673	0.00962	0.00866	0.01347
90	0.03235	0.02384	0.02554	0.01958	0.02639	0.02639	0.01618	0.61946	0.04001	0.05363	0.02043	0.02043	0.01447	0.01022	0.00851	0.00255	0.00936	0.00766	0.00851	0.01447
91	0.01410	0.00919	0.01180	0.01086	0.01336	0.00833	0.00825	0.01784	0.02359	0.08680	0.52835	0.06260	0.13786	0.01726	0.00991	0.00269	0.00433	0.01508	0.00931	0.00850
92	0.02259	0.02597	0.03336	0.11435	0.06614	0.21956	0.22357	0.02701	0.01984	0.02349	0.01622	0.05015	0.01387	0.00969	0.01129	0.00277	0.09693	0.00851	0.00435	0.01034
93	0.01216	0.00912	0.01368	0.01368	0.01520	0.01064	0.01064	0.01520	0.01368	0.01976	0.02279	0.03343	0.02127	0.06382	0.66720	0.01368	0.02279	0.00912	0.00456	0.00760
94	0.02337	0.11490	0.02172	0.01660	0.02075	0.29339	0.01281	0.02566	0.02052	0.05774	0.02642	0.18383	0.05693	0.01347	0.00821	0.00243	0.01016	0.01069	0.00573	0.07467
95	0.01328	0.00895	0.01002	0.00975	0.01005	0.00907	0.00565	0.03980	0.01362	0.01818	0.02653	0.05410	0.03020	0.66972	0.04174	0.00799	0.00830	0.01216	0.00531	0.00558
96	0.02275	0.70604	0.04459	0.01456	0.02184	0.03367	0.01456	0.02548	0.01729	0.02002	0.01183	0.01365	0.01092	0.00728	0.00546	0.00182	0.00910	0.00455	0.00364	0.01092
97	0.02154	0.02346	0.05989	0.03793	0.38359	0.13532	0.02174	0.02707	0.05361	0.02643	0.02334	0.02980	0.05990	0.01010	0.00863	0.00261	0.01044	0.04768	0.00496	0.01196
98	0.02210	0.51050	0.18117	0.01726	0.02553	0.07460	0.01850	0.02640	0.01792	0.02164	0.01270	0.01474	0.01089	0.00757	0.00621	0.00204	0.01032	0.00501	0.00368	0.01122
99	0.02008	0.02106	0.02585	0.02230	0.02278	0.09730	0.01838	0.02198	0.01427	0.02052	0.01139	0.01825	0.01115	0.01421	0.02568	0.00355	0.61086	0.00723	0.00380	0.00937
100	0.01037	0.00741	0.00987	0.01185	0.01234	0.00691	0.00790	0.01185	0.01629	0.02172	0.04690	0.69537	0.05629	0.02666	0.01086	0.00346	0.00494	0.02419	0.00790	0.00691
101	0.01222	0.00887	0.01240	0.01240	0.01348	0.00995	0.00905	0.01438	0.01330	0.01881	0.02396	0.03989	0.02408	0.24858	0.48627	0.01210	0.01858	0.01006	0.00473	0.00689
102	0.01627	0.01075	0.01332	0.01327	0.01545	0.01066	0.00963	0.09477	0.04828	0.08280	0.09753	0.46137	0.04870	0.02159	0.01018	0.00317	0.00570	0.01922	0.00838	0.00895
103	0.01216	0.00912	0.01368	0.01368	0.01520	0.01064	0.01064	0.01520	0.01368	0.01976	0.02279	0.03343	0.02127	0.06382	0.66720	0.01368	0.02279	0.00912	0.00456	0.00760
104	0.01176	0.00864	0.01101	0.01052	0.01256	0.00789	0.00785	0.01546	0.02325	0.03239	0.55737	0.09107	0.14204	0.01823	0.01007	0.00273	0.00408	0.01603	0.00915	0.00789
105	0.41685	0.01908	0.01813	0.01475	0.02072	0.02125	0.01217	0.25234	0.02510	0.10145	0.01713	0.01775	0.01232	0.00902	0.00681	0.00260	0.00770	0.00614	0.00699	0.01170
106	0.01232	0.00849	0.01049	0.01049	0.01091	0.00891	0.00666	0.01315	0.01273	0.01739	0.02571	0.04958	0.02828	0.52595	0.21466	0.00974	0.01224	0.01148	0.00499	0.00583
107	0.01171	0.00856	0.01169	0.01199	0.01270	0.00822	0.03790	0.01286	0.01483	0.01980	0.03691	0.39108	0.04337	0.31015	0.02451	0.00545	0.00682	0.01848	0.00656	0.00641
108	0.03137	0.07288	0.02524	0.02139	0.02609	0.59130	0.01633	0.07344	0.02486	0.02302	0.01358	0.01561	0.01120	0.00879	0.00762	0.00220	0.01463	0.00558	0.00463	0.01023
109	0.05941	0.06594	0.02844	0.06231	0.22243	0.21964	0.01935	0.16502	0.02513	0.03135	0.01569	0.01851	0.01250	0.00859	0.00791	0.00241	0.01138	0.00665	0.00525	0.01207
110	0.02031	0.02306	0.07851	0.04177	0.28591	0.02090	0.34672	0.02678	0.01968	0.02746	0.01662	0.02191	0.01302	0.00739	0.00928	0.00272	0.01255	0.00884	0.00423	0.01234

[dist]
# distance from previous block
# <min> <max>
0	1

[block]
# block no. 3 follows, 21 sequences, length 76
# corresponding to MSA columns:
# 494-569
name=unknown_D
#
# <colnr> <probs for GDERKNQSTAVLIFYWHMCP>
#	G	D	E	R	K	N	Q	S	T	A	V	L	I	F	Y	W	H	M	C	P
0	0.01970	0.02836	0.24738	0.04267	0.43886	0.02006	0.02794	0.02640	0.01890	0.02751	0.01576	0.02000	0.01256	0.00775	0.00831	0.00258	0.01095	0.00714	0.00400	0.01317
1	0.01199	0.00916	0.01146	0.01207	0.01429	0.00820	0.00920	0.01458	0.01830	0.02423	0.08455	0.31449	0.17602	0.02204	0.01034	0.00315	0.00558	0.15151	0.00765	0.09120
2	0.01192	0.00925	0.01093	0.01051	0.01292	0.00857	0.00787	0.01655	0.06260	0.03002	0.39351	0.09557	0.26079	0.01878	0.00999	0.00279	0.00433	0.01624	0.00877	0.00806
3	0.01974	0.01084	0.01330	0.01204	0.01510	0.01118	0.00944	0.05688	0.04989	0.13858	0.05518	0.03253	0.02398	0.02550	0.19134	0.00547	0.01023	0.00878	0.30038	0.00963
4	0.01232	0.00846	0.01033	0.01033	0.01070	0.00882	0.00647	0.01305	0.01269	0.01728	0.02585	0.05037	0.02863	0.54863	0.19245	0.00955	0.01173	0.01160	0.00501	0.00574
5	0.02106	0.02022	0.03454	0.05223	0.64784	0.02022	0.02612	0.02612	0.01938	0.02780	0.01601	0.02106	0.01348	0.00758	0.00842	0.00253	0.01011	0.00758	0.00421	0.01348
6	0.01216	0.00912	0.01368	0.01368	0.01520	0.01064	0.01064	0.01520	0.01368	0.01976	0.02279	0.03343	0.02127	0.06382	0.66720	0.01368	0.02279	0.00912	0.00456	0.00760
7	0.02106	0.02022	0.03454	0.05223	0.64784	0.02022	0.02612	0.02612	0.01938	0.02780	0.01601	0.02106	0.01348	0.00758	0.00842	0.00253	0.01011	0.00758	0.00421	0.01348
8	0.01032	0.00858	0.00870	0.00870	0.01125	0.00730	0.00632	0.01223	0.01861	0.02226	0.07953	0.07895	0.57535	0.09801	0.01380	0.00348	0.00475	0.01733	0.00759	0.00696
9	0.01348	0.01092	0.01560	0.02022	0.15902	0.01065	0.01146	0.01574	0.01668	0.02248	0.06532	0.22968	0.12046	0.18424	0.06147	0.00495	0.00798	0.01527	0.00624	0.00815
10	0.01829	0.01739	0.02953	0.40129	0.32045	0.01949	0.02474	0.02369	0.01807	0.02444	0.01552	0.02197	0.01229	0.00810	0.00847	0.00270	0.01080	0.00757	0.00397	0.01124
11	0.01187	0.00839	0.00943	0.00943	0.01014	0.00818	0.00580	0.01253	0.01395	0.01810	0.03917	0.05978	0.16069	0.51420	0.07768	0.00747	0.00838	0.01335	0.00570	0.00575
12	0.02164	0.52155	0.03962	0.01665	0.02198	0.03163	0.01565	0.02414	0.01615	0.02014	0.01165	0.01498	0.01099	0.00932	0.01149	0.00233	0.19059	0.00533	0.00366	0.01049
13	0.01236	0.00831	0.00957	0.00957	0.00967	0.00841	0.00552	0.01256	0.01246	0.01672	0.02655	0.05421	0.03030	0.65861	0.08475	0.00861	0.00922	0.01216	0.00512	0.00532
14	0.02425	0.12102	0.02271	0.01727	0.02070	0.34784	0.01323	0.02624	0.01948	0.02056	0.01682	0.02476	0.01589	0.14134	0.04416	0.00386	0.05013	0.00708	0.05379	0.00887
15	0.01625	0.00933	0.01149	0.01050	0.01323	0.00853	0.00803	0.01995	0.02227	0.11812	0.36540	0.05407	0.12315	0.01532	0.00897	0.00255	0.00448	0.01315	0.16641	0.00881
16	0.01622	0.00906	0.00939	0.00899	0.01087	0.00923	0.00646	0.05807	0.01816	0.02995	0.02707	0.03607	0.02326	0.15682	0.01406	0.00335	0.00524	0.00886	0.54111	0.00778
17	0.76103	0.01646	0.01251	0.01119	0.01646	0.01909	0.00922	0.02502	0.01448	0.03818	0.01185	0.01382	0.00922	0.00790	0.00527	0.00263	0.00658	0.00461	0.00527	0.00922
18	0.02758	0.02104	0.02239	0.01815	0.02400	0.02356	0.01467	0.38825	0.24279	0.04620	0.02573	0.02496	0.01884	0.01066	0.00842	0.00264	0.00816	0.00835	0.04985	0.01376
19	0.76103	0.01646	0.01251	0.01119	0.01646	0.01909	0.00922	0.02502	0.01448	0.03818	0.01185	0.01382	0.00922	0.00790	0.00527	0.00263	0.00658	0.00461	0.00527	0.00922
20	0.02275	0.70604	0.04459	0.01456	0.02184	0.03367	0.01456	0.02548	0.01729	0.02002	0.01183	0.01365	0.01092	0.00728	0.00546	0.00182	0.00910	0.00455	0.00364	0.01092
21	0.01037	0.00741	0.00987	0.01185	0.01234	0.00691	0.00790	0.01185	0.01629	0.02172	0.04690	0.69537	0.05629	0.02666	0.01086	0.00346	0.00494	0.02419	0.00790	0.00691
22	0.01238	0.00825	0.00928	0.00928	0.00928	0.00825	0.00516	0.01238	0.01238	0.01650	0.02681	0.05569	0.03094	0.70092	0.04331	0.00825	0.00825	0.01238	0.00516	0.00516
23	0.03455	0.02031	0.02336	0.01791	0.02463	0.02116	0.01479	0.40175	0.03412	0.27967	0.02538	0.02365	0.01696	0.01034	0.00853	0.00258	0.00856	0.00800	0.00927	0.01448
24	0.03042	0.01793	0.02024	0.01591	0.02163	0.01872	0.01301	0.33614	0.03108	0.21080	0.02553	0.02513	0.01781	0.01024	0.00798	0.00245	0.00764	0.00796	0.16628	0.01308
