[name]
unknown

[dist]
# distance from previous block
# <min> <max>
0	1

[block]
# block no. 0 follows, 22 sequences, length 19
# corresponding to MSA columns:
# 1-19
name=unknown_A
#
# <colnr> <probs for GDERKNQSTAVLIFYWHMCP>
#	G	D	E	R	K	N	Q	S	T	A	V	L	I	F	Y	W	H	M	C	P
0	0.01355	0.00997	0.01333	0.01488	0.01702	0.01003	0.01284	0.01842	0.05633	0.02527	0.04641	0.08892	0.09221	0.02211	0.01117	0.00369	0.00733	0.52089	0.00770	0.00793
1	0.01110	0.00941	0.00971	0.00946	0.01240	0.00851	0.00714	0.01558	0.08453	0.02455	0.12180	0.07346	0.54363	0.01971	0.00967	0.00279	0.00443	0.01649	0.00790	0.00772
2	0.02030	0.24903	0.41149	0.01990	0.03003	0.02287	0.02385	0.02718	0.01791	0.08319	0.01552	0.01722	0.01150	0.00787	0.00714	0.00236	0.01074	0.00582	0.00415	0.01195
3	0.01516	0.01375	0.01967	0.01777	0.01848	0.01825	0.01445	0.01753	0.01302	0.01965	0.01632	0.02508	0.01561	0.03735	0.33662	0.00827	0.37263	0.00805	0.00402	0.00829
4	0.01012	0.00781	0.00925	0.01019	0.01174	0.00694	0.00715	0.01202	0.01773	0.02263	0.10754	0.39861	0.30194	0.02329	0.01022	0.00308	0.00450	0.02047	0.00782	0.00694
5	0.02056	0.01974	0.03372	0.05099	0.65622	0.01974	0.02550	0.02550	0.01892	0.02714	0.01563	0.02056	0.01316	0.00740	0.00822	0.00247	0.00987	0.00740	0.00411	0.01316
6	0.01549	0.00774	0.00774	0.00774	0.00968	0.00774	0.00581	0.01936	0.01742	0.03097	0.02710	0.03097	0.02129	0.00968	0.00581	0.00194	0.00387	0.00774	0.75416	0.00774
7	0.02410	0.10420	0.22354	0.02179	0.02909	0.31018	0.05660	0.03087	0.07812	0.02380	0.01553	0.01753	0.01212	0.00837	0.00763	0.00236	0.01271	0.00614	0.00435	0.01097
8	0.01549	0.00774	0.00774	0.00774	0.00968	0.00774	0.00581	0.01936	0.01742	0.03097	0.02710	0.03097	0.02129	0.00968	0.00581	0.00194	0.00387	0.00774	0.75416	0.00774
9	0.01486	0.01261	0.01333	0.01242	0.01597	0.01316	0.00953	0.02666	0.29541	0.02920	0.12965	0.05610	0.30599	0.01622	0.00921	0.00279	0.00522	0.01362	0.00821	0.00983
10	0.02056	0.01974	0.03372	0.05099	0.65622	0.01974	0.02550	0.02550	0.01892	0.02714	0.01563	0.02056	0.01316	0.00740	0.00822	0.00247	0.00987	0.00740	0.00411	0.01316
11	0.01187	0.00890	0.01335	0.01335	0.01483	0.01038	0.01038	0.01483	0.01335	0.01928	0.02225	0.03264	0.02077	0.06231	0.67512	0.01335	0.02225	0.00890	0.00445	0.00742
12	0.02805	0.02093	0.02078	0.01712	0.02237	0.11061	0.01364	0.27227	0.10859	0.15140	0.09048	0.05820	0.02487	0.01148	0.00848	0.00255	0.00851	0.00912	0.00818	0.01237
13	0.01028	0.00828	0.00917	0.00927	0.01159	0.00716	0.00683	0.01270	0.01955	0.02467	0.20382	0.15738	0.44856	0.02080	0.00992	0.00284	0.00422	0.01778	0.00803	0.00716
14	0.01723	0.01477	0.01723	0.01230	0.01969	0.01107	0.00984	0.02092	0.01723	0.02707	0.01477	0.01723	0.01230	0.00615	0.00615	0.00123	0.00615	0.00492	0.00492	0.75883
15	0.02007	0.45399	0.28380	0.01787	0.02698	0.02762	0.02059	0.02543	0.01713	0.02216	0.01285	0.01496	0.01061	0.00741	0.00632	0.00211	0.01020	0.00510	0.00354	0.01129
16	0.01775	0.04271	0.61629	0.02351	0.03518	0.06906	0.02958	0.02683	0.01800	0.02586	0.01475	0.01735	0.01054	0.00794	0.00786	0.00259	0.01248	0.00608	0.00357	0.01208
17	0.02164	0.54796	0.16077	0.01642	0.02435	0.06600	0.01745	0.02561	0.01738	0.02088	0.01226	0.01422	0.01064	0.00734	0.00594	0.00196	0.00987	0.00482	0.00359	0.01091
18	0.02007	0.01364	0.01564	0.01357	0.01704	0.01500	0.01081	0.23488	0.02384	0.03489	0.02302	0.02757	0.01858	0.02642	0.21831	0.00574	0.01156	0.00802	0.25151	0.00991

[dist]
# distance from previous block
# <min> <max>
0	1

[block]
# block no. 1 follows, 22 sequences, length 43
# corresponding to MSA columns:
# 21-63
name=unknown_B
#
# <colnr> <probs for GDERKNQSTAVLIFYWHMCP>
#	G	D	E	R	K	N	Q	S	T	A	V	L	I	F	Y	W	H	M	C	P
0	0.02000	0.10446	0.48149	0.02235	0.03258	0.14916	0.02629	0.02752	0.01866	0.02451	0.01419	0.01665	0.01057	0.00795	0.00758	0.00246	0.01249	0.00583	0.00366	0.01161
1	0.01609	0.01381	0.01564	0.01197	0.01820	0.01117	0.00946	0.02131	0.07544	0.02687	0.03015	0.03081	0.13921	0.00955	0.00709	0.00169	0.00581	0.00781	0.00580	0.54214
2	0.01562	0.01314	0.01538	0.01163	0.01769	0.01016	0.00918	0.01920	0.01840	0.02762	0.12381	0.03056	0.08558	0.00935	0.00710	0.00161	0.00560	0.00778	0.00587	0.56473
3	0.00982	0.00842	0.00842	0.00842	0.01122	0.00701	0.00631	0.01192	0.01894	0.02244	0.08416	0.07995	0.65285	0.02104	0.00982	0.00281	0.00421	0.01753	0.00771	0.00701
4	0.02377	0.02410	0.02740	0.16510	0.25674	0.18399	0.02064	0.11302	0.05428	0.02822	0.01630	0.01993	0.01289	0.00843	0.00808	0.00247	0.01112	0.00700	0.00489	0.01163
5	0.01377	0.00879	0.01139	0.01092	0.01310	0.00798	0.00811	0.01698	0.02165	0.09151	0.42363	0.18598	0.11743	0.01845	0.00982	0.00277	0.00443	0.01627	0.00885	0.00817
6	0.03158	0.02327	0.02493	0.01911	0.02576	0.02576	0.01579	0.62852	0.03906	0.05236	0.01995	0.01995	0.01413	0.00997	0.00831	0.00249	0.00914	0.00748	0.00831	0.01413
7	0.11659	0.01931	0.10203	0.07330	0.02556	0.01622	0.01499	0.06179	0.11512	0.19564	0.02226	0.02235	0.01580	0.00881	0.00747	0.00237	0.00786	0.00695	0.00677	0.15881
8	0.03039	0.03838	0.02416	0.02321	0.06419	0.63469	0.01663	0.03270	0.02326	0.02075	0.01301	0.01532	0.01085	0.00849	0.00754	0.00216	0.01467	0.00548	0.00427	0.00985
9	0.02426	0.01718	0.02721	0.03627	0.39933	0.01676	0.02000	0.02951	0.04952	0.19630	0.05470	0.02816	0.02042	0.00946	0.00848	0.00257	0.00858	0.03199	0.00635	0.01292
10	0.02103	0.17323	0.15016	0.03040	0.18545	0.09358	0.14609	0.02629	0.01857	0.02418	0.01434	0.01815	0.01167	0.00783	0.00875	0.00244	0.04564	0.00682	0.00390	0.01149
11	0.02519	0.39182	0.08903	0.01784	0.02429	0.28305	0.01635	0.02825	0.01955	0.02043	0.01234	0.01434	0.01066	0.00774	0.00640	0.00199	0.01156	0.00494	0.00383	0.01040
12	0.01537	0.01240	0.01437	0.01450	0.01750	0.01324	0.01165	0.02639	0.26239	0.02800	0.04636	0.12661	0.13279	0.01838	0.00995	0.00323	0.00642	0.22284	0.00798	0.00962
13	0.01012	0.00723	0.00964	0.01157	0.01205	0.00675	0.00771	0.01157	0.01591	0.02121	0.04579	0.70262	0.05495	0.02603	0.01060	0.00337	0.00482	0.02362	0.00771	0.00675
14	0.01126	0.00847	0.01041	0.00993	0.01210	0.00763	0.00745	0.01471	0.02234	0.03052	0.50578	0.06666	0.22619	0.01803	0.00980	0.00266	0.00399	0.01567	0.00878	0.00763
15	0.03727	0.01414	0.01928	0.01478	0.02121	0.01221	0.01221	0.04049	0.02378	0.66198	0.03277	0.02828	0.02056	0.01028	0.00835	0.00257	0.00707	0.00835	0.01028	0.01414
16	0.01397	0.00895	0.01168	0.01073	0.01295	0.00823	0.00803	0.01758	0.02280	0.08616	0.55859	0.05866	0.07033	0.06072	0.01176	0.00296	0.00445	0.01426	0.00898	0.00820
17	0.01485	0.01092	0.01320	0.01194	0.01473	0.01074	0.00930	0.11377	0.02529	0.03479	0.45775	0.05898	0.12241	0.01662	0.00966	0.00269	0.00501	0.04980	0.00878	0.00876
18	0.02579	0.02924	0.08148	0.02983	0.21887	0.26310	0.01988	0.14255	0.02408	0.02897	0.01567	0.01869	0.01257	0.01098	0.03976	0.00288	0.01242	0.00662	0.00494	0.01169
19	0.02859	0.03490	0.02226	0.02022	0.02446	0.54577	0.01524	0.03402	0.11645	0.02310	0.04527	0.01955	0.01601	0.00935	0.00774	0.00226	0.01321	0.00640	0.00513	0.01008
20	0.01953	0.02043	0.07278	0.15200	0.51983	0.01950	0.02544	0.02486	0.01846	0.02613	0.01544	0.02062	0.01265	0.00758	0.00822	0.00253	0.01022	0.00732	0.00401	0.01247
21	0.02132	0.02273	0.02808	0.27444	0.28729	0.17730	0.02234	0.02580	0.01920	0.02336	0.01464	0.01979	0.01181	0.00801	0.00808	0.00250	0.01154	0.00690	0.00400	0.01089
22	0.02353	0.02757	0.01955	0.01825	0.02143	0.41455	0.01383	0.02599	0.01955	0.01992	0.01653	0.02189	0.01464	0.02961	0.26894	0.00653	0.01783	0.00674	0.00435	0.00876
23	0.01125	0.00847	0.01041	0.00992	0.01210	0.00762	0.00744	0.01470	0.02233	0.03050	0.50466	0.06669	0.22732	0.01803	0.00980	0.00266	0.00399	0.01567	0.00877	0.00762
24	0.01373	0.01214	0.01716	0.01560	0.01686	0.01417	0.03920	0.01626	0.01721	0.02426	0.19189	0.21221	0.09926	0.01840	0.01606	0.00319	0.24327	0.01455	0.00651	0.00806
25	0.01053	0.00767	0.00992	0.01100	0.01207	0.00706	0.00763	0.01269	0.01819	0.02453	0.21001	0.47908	0.11248	0.02320	0.01032	0.00312	0.00453	0.02081	0.00809	0.00706
26	0.01887	0.01472	0.01875	0.01641	0.01925	0.01740	0.01324	0.20328	0.02112	0.02951	0.01980	0.02653	0.01722	0.03896	0.37157	0.00854	0.12139	0.00822	0.00551	0.00973
27	0.02037	0.02091	0.06544	0.04962	0.62506	0.01972	0.02576	0.02554	0.01885	0.02710	0.01559	0.02041	0.01303	0.00743	0.00821	0.00248	0.00999	0.00734	0.00408	0.01311
28	0.00982	0.00842	0.00842	0.00842	0.01122	0.00701	0.00631	0.01192	0.01894	0.02244	0.08416	0.07995	0.65285	0.02104	0.00982	0.00281	0.00421	0.01753	0.00771	0.00701
29	0.01442	0.01355	0.04684	0.01559	0.07081	0.01245	0.01137	0.02313	0.17936	0.02933	0.22579	0.05405	0.23952	0.01554	0.00923	0.00272	0.00562	0.01329	0.00780	0.00961
30	0.07169	0.03372	0.02381	0.02215	0.06367	0.46521	0.01618	0.15401	0.02591	0.02825	0.01439	0.01625	0.01146	0.00873	0.00757	0.00226	0.01300	0.00586	0.00514	0.01073
31	0.25084	0.01722	0.02008	0.10605	0.10689	0.01918	0.01488	0.08251	0.17120	0.10086	0.02090	0.02192	0.01546	0.00908	0.00737	0.00264	0.00781	0.00710	0.00645	0.01156
32	0.08223	0.03356	0.41594	0.03094	0.22391	0.01937	0.02724	0.02590	0.01767	0.02750	0.01484	0.01812	0.01120	0.00773	0.00776	0.00258	0.01104	0.00638	0.00383	0.01227
33	0.01028	0.00776	0.00912	0.01010	0.01135	0.00702	0.00685	0.01176	0.01647	0.02095	0.05681	0.39245	0.26488	0.11688	0.01463	0.00381	0.00504	0.01988	0.00735	0.00661
34	0.01966	0.01460	0.01553	0.01315	0.01762	0.01486	0.01046	0.22346	0.08368	0.06942	0.05506	0.05238	0.34488	0.01582	0.00910	0.00269	0.00624	0.01289	0.00813	0.01037
35	0.01383	0.01120	0.01553	0.07094	0.01996	0.01129	0.01131	0.01724	0.01482	0.02183	0.01932	0.02702	0.01735	0.04050	0.41334	0.00874	0.01637	0.00755	0.00453	0.23734
36	0.01838	0.01124	0.01181	0.01052	0.01312	0.01180	0.00787	0.15291	0.02117	0.03279	0.02533	0.03312	0.02145	0.14678	0.01352	0.00326	0.00586	0.00854	0.44190	0.00863
37	0.02058	0.41536	0.17987	0.02351	0.13355	0.02709	0.04745	0.02538	0.01750	0.02266	0.01323	0.01590	0.01114	0.00733	0.00659	0.00213	0.01004	0.00556	0.00367	0.01147
38	0.01946	0.01579	0.01678	0.01512	0.01954	0.01751	0.01175	0.03762	0.48454	0.06745	0.04363	0.04045	0.14822	0.01313	0.00872	0.00280	0.00614	0.01093	0.00841	0.01200
39	0.01046	0.00809	0.00882	0.00920	0.01083	0.00723	0.00626	0.01189	0.01657	0.02056	0.06165	0.19552	0.37467	0.19951	0.01836	0.00427	0.00532	0.01732	0.00702	0.00645
40	0.01249	0.00844	0.01105	0.01105	0.01210	0.00920	0.00788	0.01459	0.01354	0.01999	0.02431	0.03971	0.02403	0.27210	0.36008	0.00983	0.01467	0.00980	0.11846	0.00666
41	0.01371	0.01135	0.01242	0.01235	0.01511	0.01171	0.00913	0.02309	0.23584	0.02637	0.05480	0.25321	0.25037	0.01914	0.00958	0.00298	0.00522	0.01654	0.00797	0.00908
42	0.71995	0.01594	0.01266	0.01117	0.01640	0.01822	0.00920	0.02545	0.01476	0.07733	0.01293	0.01444	0.00974	0.00788	0.00535	0.00257	0.00647	0.00475	0.00547	0.00933

[dist]
# distance from previous block
# <min> <max>
0	2

[block]
# block no. 2 follows, 22 sequences, length 31
# corresponding to MSA columns:
# 66-96
name=unknown_C
#
# <colnr> <probs for GDERKNQSTAVLIFYWHMCP>
#	G	D	E	R	K	N	Q	S	T	A	V	L	I	F	Y	W	H	M	C	P
0	0.02942	0.17138	0.02809	0.01916	0.02482	0.32367	0.01559	0.23344	0.02745	0.03104	0.01499	0.01633	0.01186	0.00874	0.00733	0.00219	0.01176	0.00589	0.00550	0.01137
1	0.01871	0.01621	0.02335	0.43647	0.04421	0.01819	0.01914	0.12448	0.02056	0.02771	0.01565	0.02077	0.01184	0.00815	0.00787	0.00241	0.00974	0.00690	0.00473	0.16292
2	0.02761	0.03390	0.02405	0.02151	0.02465	0.50209	0.01662	0.02967	0.02067	0.02024	0.01233	0.01583	0.01076	0.01015	0.01275	0.00254	0.19519	0.00586	0.00411	0.00949
3	0.02056	0.01974	0.03372	0.05099	0.65622	0.01974	0.02550	0.02550	0.01892	0.02714	0.01563	0.02056	0.01316	0.00740	0.00822	0.00247	0.00987	0.00740	0.00411	0.01316
4	0.01005	0.00842	0.00874	0.00866	0.01136	0.00711	0.00650	0.01237	0.01949	0.02375	0.15249	0.07780	0.58370	0.02055	0.00982	0.00278	0.00417	0.01723	0.00789	0.00711
5	0.01041	0.00844	0.00924	0.00904	0.01158	0.00726	0.00678	0.01307	0.02033	0.02576	0.25734	0.07449	0.47759	0.01980	0.00981	0.00275	0.00412	0.01677	0.00815	0.00726
6	0.39073	0.01507	0.01585	0.01291	0.01872	0.01532	0.01065	0.03270	0.01911	0.35928	0.02250	0.02111	0.01496	0.00904	0.00680	0.00257	0.00676	0.00649	0.00779	0.01165
7	0.01041	0.00735	0.00956	0.01120	0.01162	0.00694	0.00732	0.01164	0.01535	0.02047	0.04294	0.60842	0.05135	0.12513	0.01521	0.00405	0.00529	0.02194	0.00732	0.00650
8	0.01666	0.04297	0.66500	0.02368	0.03596	0.01929	0.03069	0.02631	0.01754	0.02631	0.01491	0.01754	0.01052	0.00789	0.00789	0.00263	0.01228	0.00614	0.00351	0.01228
9	0.01443	0.00722	0.01082	0.01082	0.01082	0.00722	0.00722	0.01082	0.01082	0.01443	0.01443	0.02525	0.01443	0.02886	0.03247	0.75830	0.00722	0.00722	0.00361	0.00361
10	0.03158	0.02327	0.02493	0.01911	0.02576	0.02576	0.01579	0.62852	0.03906	0.05236	0.01995	0.01995	0.01413	0.00997	0.00831	0.00249	0.00914	0.00748	0.00831	0.01413
11	0.02603	0.01947	0.02700	0.13782	0.26571	0.04922	0.01988	0.15864	0.02410	0.16032	0.01978	0.02200	0.01443	0.00874	0.00825	0.00253	0.00957	0.00752	0.00621	0.01277
12	0.01994	0.02148	0.04369	0.04058	0.25697	0.02057	0.41676	0.02622	0.01937	0.02680	0.01640	0.02176	0.01280	0.00714	0.00925	0.00268	0.01256	0.00897	0.00417	0.01189
13	0.03103	0.03959	0.02354	0.02140	0.02568	0.67469	0.01605	0.03317	0.02354	0.02033	0.01284	0.01498	0.01070	0.00856	0.00749	0.00214	0.01498	0.00535	0.00428	0.00963
14	0.01952	0.38836	0.34466	0.01880	0.02841	0.02629	0.02220	0.02557	0.01720	0.02282	0.01318	0.01537	0.01059	0.00749	0.00657	0.00219	0.01053	0.00526	0.00353	0.01144
15	0.01012	0.00723	0.00964	0.01157	0.01205	0.00675	0.00771	0.01157	0.01591	0.02121	0.04579	0.70262	0.05495	0.02603	0.01060	0.00337	0.00482	0.02362	0.00771	0.00675
16	0.01012	0.00723	0.00964	0.01157	0.01205	0.00675	0.00771	0.01157	0.01591	0.02121	0.04579	0.70262	0.05495	0.02603	0.01060	0.00337	0.00482	0.02362	0.00771	0.00675
17	0.01042	0.00844	0.00924	0.00904	0.01159	0.00727	0.00678	0.01308	0.02035	0.02579	0.25891	0.07444	0.47601	0.01979	0.00981	0.00275	0.00412	0.01676	0.00815	0.00727
18	0.01097	0.00809	0.01026	0.01050	0.01213	0.00738	0.00758	0.01385	0.02048	0.02796	0.38054	0.26422	0.15456	0.02039	0.01005	0.00288	0.00424	0.01807	0.00849	0.00738
19	0.02066	0.01785	0.01878	0.01691	0.02160	0.02066	0.01315	0.04414	0.64121	0.03475	0.03381	0.03099	0.02536	0.01127	0.00845	0.00282	0.00657	0.00939	0.00845	0.01315
20	0.00982	0.00842	0.00842	0.00842	0.01122	0.00701	0.00631	0.01192	0.01894	0.02244	0.08416	0.07995	0.65285	0.02104	0.00982	0.00281	0.00421	0.01753	0.00771	0.00701
21	0.02221	0.71304	0.04353	0.01421	0.02132	0.03287	0.01421	0.02488	0.01688	0.01955	0.01155	0.01333	0.01066	0.00711	0.00533	0.00178	0.00888	0.00444	0.00355	0.01066
22	0.01339	0.00956	0.01339	0.01530	0.01721	0.00956	0.01339	0.01721	0.01912	0.02486	0.04399	0.09371	0.04781	0.02295	0.01147	0.00382	0.00765	0.60031	0.00765	0.00765
23	0.02134	0.02142	0.03230	0.07930	0.56585	0.08310	0.02446	0.02603	0.01925	0.02619	0.01531	0.02010	0.01282	0.00756	0.00816	0.00245	0.01042	0.00720	0.00411	0.01262
24	0.01549	0.00774	0.00774	0.00774	0.00968	0.00774	0.00581	0.01936	0.01742	0.03097	0.02710	0.03097	0.02129	0.00968	0.00581	0.00194	0.00387	0.00774	0.75416	0.00774
25	0.01084	0.00834	0.00991	0.00976	0.01191	0.00741	0.00723	0.01381	0.02099	0.02789	0.37107	0.13108	0.30085	0.01945	0.00988	0.00276	0.00412	0.01684	0.00845	0.00741
26	0.00982	0.00842	0.00842	0.00842	0.01122	0.00701	0.00631	0.01192	0.01894	0.02244	0.08416	0.07995	0.65285	0.02104	0.00982	0.00281	0.00421	0.01753	0.00771	0.00701
27	0.01191	0.00873	0.01248	0.01248	0.01366	0.00991	0.00930	0.01428	0.01309	0.01864	0.02305	0.03705	0.02269	0.19351	0.54654	0.01227	0.01937	0.00955	0.00457	0.00693
28	0.01926	0.01818	0.03040	0.04530	0.56293	0.01807	0.02322	0.02390	0.01893	0.02663	0.02269	0.03018	0.06254	0.00952	0.00858	0.00259	0.00929	0.05085	0.00463	0.01231
29	0.02061	0.02196	0.06280	0.13954	0.48149	0.07870	0.02455	0.02561	0.01893	0.02562	0.01521	0.02014	0.01250	0.00766	0.00815	0.00249	0.01063	0.00715	0.00404	0.01223
30	0.25704	0.07679	0.02395	0.02481	0.17567	0.26402	0.01602	0.02797	0.01900	0.02721	0.01303	0.01575	0.01076	0.00791	0.00678	0.00233	0.01063	0.00552	0.00445	0.01037

[dist]
# distance from previous block
# <min> <max>
0	1

[block]
# block no. 3 follows, 22 sequences, length 16
# corresponding to MSA columns:
# 98-113
name=unknown_D
#
# <colnr> <probs for GDERKNQSTAVLIFYWHMCP>
#	G	D	E	R	K	N	Q	S	T	A	V	L	I	F	Y	W	H	M	C	P
0	0.01922	0.07623	0.24943	0.03677	0.30858	0.02070	0.11907	0.02590	0.01842	0.02625	0.01528	0.01932	0.01201	0.00749	0.00815	0.00253	0.01125	0.00714	0.00388	0.01239
1	0.02790	0.09022	0.02763	0.02753	0.17113	0.43732	0.01807	0.06054	0.02270	0.02345	0.01373	0.01638	0.01144	0.00824	0.00752	0.00220	0.01300	0.00586	0.00438	0.01076
2	0.33622	0.02962	0.34473	0.01767	0.02653	0.01854	0.02025	0.02646	0.01652	0.07364	0.01469	0.01654	0.01055	0.00798	0.00676	0.00260	0.00945	0.00559	0.00466	0.01101
3	0.01834	0.01723	0.02760	0.22761	0.36468	0.01849	0.02197	0.02525	0.08612	0.02590	0.02264	0.02673	0.06317	0.00913	0.00840	0.00262	0.00942	0.00839	0.00474	0.01155
4	0.01443	0.00722	0.01082	0.01082	0.01082	0.00722	0.00722	0.01082	0.01082	0.01443	0.01443	0.02525	0.01443	0.02886	0.03247	0.75830	0.00722	0.00722	0.00361	0.00361
5	0.01798	0.03343	0.41815	0.02381	0.09432	0.04738	0.02464	0.07105	0.02033	0.02870	0.08821	0.02590	0.05066	0.00968	0.00825	0.00259	0.01060	0.00788	0.00480	0.01164
6	0.01768	0.01331	0.01284	0.01196	0.01497	0.06730	0.00916	0.02596	0.16599	0.02940	0.02631	0.02914	0.02086	0.01603	0.08593	0.00348	0.00774	0.00793	0.38724	0.04677
7	0.02357	0.02057	0.02034	0.01768	0.02272	0.07203	0.01388	0.15610	0.47740	0.03704	0.02952	0.02763	0.02206	0.01081	0.00835	0.00270	0.00772	0.00871	0.00810	0.01307
8	0.02882	0.03542	0.02318	0.02095	0.02491	0.54885	0.01591	0.03326	0.09000	0.02188	0.01497	0.01700	0.01232	0.00936	0.00926	0.00234	0.07098	0.00595	0.00468	0.00997
9	0.01176	0.00849	0.01110	0.01045	0.01241	0.00784	0.00784	0.01568	0.02352	0.03331	0.65184	0.06206	0.07839	0.01698	0.00980	0.00261	0.00392	0.01502	0.00914	0.00784
10	0.07844	0.03443	0.02312	0.02022	0.02508	0.48720	0.01554	0.16593	0.02641	0.02859	0.01435	0.01600	0.01136	0.00882	0.00752	0.00225	0.01312	0.00577	0.00524	0.01060
11	0.00982	0.00842	0.00842	0.00842	0.01122	0.00701	0.00631	0.01192	0.01894	0.02244	0.08416	0.07995	0.65285	0.02104	0.00982	0.00281	0.00421	0.01753	0.00771	0.00701
12	0.01878	0.01626	0.01958	0.01487	0.02164	0.01449	0.04302	0.05273	0.16558	0.02994	0.01959	0.02086	0.01548	0.00757	0.00698	0.00174	0.00679	0.00634	0.00586	0.51191
13	0.02505	0.02065	0.02059	0.01764	0.02285	0.07617	0.01392	0.17385	0.41482	0.07780	0.02888	0.02700	0.02131	0.01069	0.00833	0.00267	0.00789	0.00856	0.00819	0.01314
14	0.01698	0.04073	0.59782	0.02491	0.03677	0.01948	0.09563	0.02634	0.01776	0.02634	0.01512	0.01807	0.01075	0.00780	0.00810	0.00265	0.01247	0.00654	0.00358	0.01216
15	0.01807	0.21333	0.50700	0.02127	0.03224	0.02275	0.02650	0.02594	0.01737	0.02459	0.01405	0.01647	0.01056	0.00769	0.00724	0.00241	0.01141	0.00571	0.00352	0.01187

[dist]
# distance from previous block
# <min> <max>
0	1

[block]
# block no. 4 follows, 22 sequences, length 27
# corresponding to MSA columns:
# 115-141
name=unknown_E
#
# <colnr> <probs for GDERKNQSTAVLIFYWHMCP>
#	G	D	E	R	K	N	Q	S	T	A	V	L	I	F	Y	W	H	M	C	P
0	0.01121	0.00832	0.01058	0.01212	0.01303	0.00818	0.00827	0.01492	0.08033	0.02260	0.04455	0.63342	0.05190	0.02451	0.01038	0.00332	0.00500	0.02215	0.00779	0.00741
1	0.01723	0.01477	0.01723	0.01230	0.01969	0.01107	0.00984	0.02092	0.01723	0.02707	0.01477	0.01723	0.01230	0.00615	0.00615	0.00123	0.00615	0.00492	0.00492	0.75883
2	0.02066	0.01785	0.01878	0.01691	0.02160	0.02066	0.01315	0.04414	0.64121	0.03475	0.03381	0.03099	0.02536	0.01127	0.00845	0.00282	0.00657	0.00939	0.00845	0.01315
3	0.01549	0.00774	0.00774	0.00774	0.00968	0.00774	0.00581	0.01936	0.01742	0.03097	0.02710	0.03097	0.02129	0.00968	0.00581	0.00194	0.00387	0.00774	0.75416	0.00774
4	0.02536	0.01152	0.01536	0.01267	0.01707	0.01014	0.01011	0.02881	0.02342	0.37030	0.29050	0.04483	0.07665	0.01359	0.00902	0.00260	0.00563	0.01157	0.00968	0.01118
5	0.01714	0.00934	0.00951	0.00891	0.01134	0.00960	0.00684	0.08212	0.01965	0.03318	0.02636	0.02984	0.02055	0.00971	0.00607	0.00199	0.00441	0.00772	0.67732	0.00840
6	0.01443	0.00722	0.01082	0.01082	0.01082	0.00722	0.00722	0.01082	0.01082	0.01443	0.01443	0.02525	0.01443	0.02886	0.03247	0.75830	0.00722	0.00722	0.00361	0.00361
7	0.01818	0.01818	0.02545	0.02181	0.02181	0.02545	0.01818	0.01999	0.01272	0.01999	0.01091	0.01818	0.01091	0.01454	0.02726	0.00364	0.69284	0.00727	0.00364	0.00909
8	0.01723	0.01477	0.01723	0.01230	0.01969	0.01107	0.00984	0.02092	0.01723	0.02707	0.01477	0.01723	0.01230	0.00615	0.00615	0.00123	0.00615	0.00492	0.00492	0.75883
9	0.01709	0.01649	0.02302	0.02002	0.02017	0.02264	0.01642	0.01889	0.01274	0.01964	0.01318	0.02229	0.01332	0.06996	0.09441	0.00495	0.57455	0.00779	0.00382	0.00862
10	0.03195	0.01645	0.01996	0.01598	0.02197	0.01645	0.01298	0.12591	0.19349	0.40427	0.03121	0.02782	0.02094	0.01051	0.00837	0.00263	0.00723	0.00851	0.00950	0.01387
11	0.01906	0.07026	0.02201	0.01813	0.02013	0.16473	0.01462	0.02143	0.01565	0.01978	0.01545	0.02230	0.01438	0.02980	0.25355	0.00665	0.25207	0.00722	0.00406	0.00872
12	0.02791	0.02041	0.02240	0.01793	0.02369	0.02265	0.01460	0.43538	0.14098	0.07462	0.02321	0.02358	0.01708	0.01561	0.07704	0.00367	0.00995	0.00800	0.00803	0.01327
13	0.01208	0.00805	0.00906	0.00906	0.00906	0.00805	0.00503	0.01208	0.01208	0.01611	0.02618	0.05436	0.03020	0.70804	0.04228	0.00805	0.00805	0.01208	0.00503	0.00503
14	0.03727	0.01414	0.01928	0.01478	0.02121	0.01221	0.01221	0.04049	0.02378	0.66198	0.03277	0.02828	0.02056	0.01028	0.00835	0.00257	0.00707	0.00835	0.01028	0.01414
15	0.00982	0.00842	0.00842	0.00842	0.01122	0.00701	0.00631	0.01192	0.01894	0.02244	0.08416	0.07995	0.65285	0.02104	0.00982	0.00281	0.00421	0.01753	0.00771	0.00701
16	0.76672	0.01607	0.01221	0.01092	0.01607	0.01864	0.00900	0.02442	0.01414	0.03727	0.01157	0.01350	0.00900	0.00771	0.00514	0.00257	0.00643	0.00450	0.00514	0.00900
17	0.01208	0.00805	0.00906	0.00906	0.00906	0.00805	0.00503	0.01208	0.01208	0.01611	0.02618	0.05436	0.03020	0.70804	0.04228	0.00805	0.00805	0.01208	0.00503	0.00503
18	0.02972	0.02179	0.02347	0.01848	0.02474	0.02414	0.01511	0.48735	0.15539	0.07753	0.02324	0.02248	0.01661	0.01024	0.00834	0.00256	0.00855	0.00789	0.00843	0.01394
19	0.03091	0.02294	0.02456	0.01898	0.02551	0.02545	0.01563	0.59281	0.07585	0.05128	0.02079	0.02062	0.01481	0.01005	0.00832	0.00251	0.00898	0.00760	0.00832	0.01407
20	0.76672	0.01607	0.01221	0.01092	0.01607	0.01864	0.00900	0.02442	0.01414	0.03727	0.01157	0.01350	0.00900	0.00771	0.00514	0.00257	0.00643	0.00450	0.00514	0.00900
21	0.01797	0.01397	0.01378	0.01246	0.01564	0.10091	0.00952	0.02208	0.05055	0.11647	0.33971	0.05296	0.17031	0.01542	0.00922	0.00259	0.00606	0.01300	0.00832	0.00904
22	0.01061	0.00910	0.00917	0.00903	0.01198	0.00801	0.00681	0.01427	0.06430	0.02334	0.08049	0.07638	0.60711	0.02033	0.00972	0.00281	0.00438	0.01694	0.00777	0.00746
23	0.01188	0.00797	0.00912	0.00932	0.00937	0.00792	0.00531	0.01203	0.01247	0.01663	0.02820	0.12116	0.03275	0.63777	0.03902	0.00757	0.00772	0.01327	0.00531	0.00521
24	0.00982	0.00842	0.00842	0.00842	0.01122	0.00701	0.00631	0.01192	0.01894	0.02244	0.08416	0.07995	0.65285	0.02104	0.00982	0.00281	0.00421	0.01753	0.00771	0.00701
25	0.01549	0.00774	0.00774	0.00774	0.00968	0.00774	0.00581	0.01936	0.01742	0.03097	0.02710	0.03097	0.02129	0.00968	0.00581	0.00194	0.00387	0.00774	0.75416	0.00774
26	0.03158	0.02327	0.02493	0.01911	0.02576	0.02576	0.01579	0.62852	0.03906	0.05236	0.01995	0.01995	0.01413	0.00997	0.00831	0.00249	0.00914	0.00748	0.00831	0.01413

[dist]
# distance from previous block
# <min> <max>
0	1

[block]
# block no. 5 follows, 22 sequences, length 48
# corresponding to MSA columns:
# 143-190
name=unknown_F
#
# <colnr> <probs for GDERKNQSTAVLIFYWHMCP>
#	G	D	E	R	K	N	Q	S	T	A	V	L	I	F	Y	W	H	M	C	P
0	0.01808	0.01825	0.06133	0.06871	0.47062	0.01708	0.02213	0.02259	0.01815	0.02567	0.02155	0.15605	0.02124	0.01117	0.00868	0.00267	0.00904	0.01056	0.00478	0.01167
1	0.19175	0.01868	0.02746	0.09629	0.41681	0.01975	0.02089	0.06281	0.01888	0.03052	0.01489	0.01904	0.01208	0.00771	0.00753	0.00252	0.00914	0.00674	0.00457	0.01192
2	0.01853	0.15480	0.51911	0.02195	0.03284	0.06445	0.02698	0.02652	0.01782	0.02479	0.01421	0.01667	0.01056	0.00781	0.00744	0.00246	0.01189	0.00580	0.00357	0.01183
3	0.02403	0.18443	0.03296	0.03382	0.32448	0.21625	0.02012	0.02762	0.01982	0.02339	0.01387	0.01726	0.01186	0.00768	0.00734	0.00221	0.01115	0.00612	0.00403	0.01154
4	0.01959	0.02342	0.11050	0.02949	0.06153	0.02067	0.36860	0.03126	0.18689	0.02879	0.02113	0.02409	0.01583	0.00827	0.00916	0.00277	0.01164	0.00918	0.00526	0.01193
5	0.02036	0.02094	0.06648	0.04957	0.62403	0.01972	0.02577	0.02554	0.01884	0.02710	0.01559	0.02040	0.01302	0.00743	0.00821	0.00248	0.00999	0.00734	0.00408	0.01311
6	0.01443	0.00722	0.01082	0.01082	0.01082	0.00722	0.00722	0.01082	0.01082	0.01443	0.01443	0.02525	0.01443	0.02886	0.03247	0.75830	0.00722	0.00722	0.00361	0.00361
7	0.01867	0.01637	0.02374	0.03083	0.31212	0.01682	0.01742	0.06537	0.13577	0.03148	0.17740	0.03525	0.06040	0.01124	0.00873	0.00258	0.00751	0.01009	0.00657	0.01165
8	0.00982	0.00842	0.00842	0.00842	0.01122	0.00701	0.00631	0.01192	0.01894	0.02244	0.08416	0.07995	0.65285	0.02104	0.00982	0.00281	0.00421	0.01753	0.00771	0.00701
9	0.01941	0.02644	0.21293	0.04248	0.45039	0.01968	0.05686	0.02578	0.01856	0.02688	0.01548	0.01980	0.01239	0.00752	0.00821	0.00253	0.01076	0.00716	0.00395	0.01281
10	0.02049	0.01994	0.03489	0.04977	0.60952	0.01984	0.07127	0.02558	0.01897	0.02710	0.01572	0.02070	0.01312	0.00737	0.00834	0.00249	0.01018	0.00758	0.00412	0.01301
11	0.01057	0.00819	0.00962	0.00980	0.01182	0.00725	0.00715	0.01317	0.01991	0.02602	0.27661	0.20514	0.32362	0.02066	0.00998	0.00286	0.00424	0.01793	0.00822	0.00725
12	0.01778	0.01902	0.14333	0.01472	0.01976	0.05914	0.01379	0.02406	0.07307	0.10734	0.29365	0.04497	0.10795	0.01370	0.00897	0.00261	0.00701	0.01154	0.00761	0.00998
13	0.03013	0.03656	0.02457	0.02390	0.08264	0.56608	0.01688	0.07786	0.02431	0.02339	0.01363	0.01586	0.01118	0.00856	0.00762	0.00220	0.01407	0.00570	0.00457	0.01029
14	0.01818	0.01818	0.02545	0.02181	0.02181	0.02545	0.01818	0.01999	0.01272	0.01999	0.01091	0.01818	0.01091	0.01454	0.02726	0.00364	0.69284	0.00727	0.00364	0.00909
15	0.02287	0.01672	0.01845	0.01547	0.02025	0.01802	0.01232	0.22976	0.21912	0.08702	0.15238	0.03750	0.08812	0.01274	0.00878	0.00265	0.00674	0.01049	0.00861	0.01198
16	0.62661	0.01570	0.01357	0.01167	0.01705	0.01740	0.00961	0.02751	0.01599	0.15727	0.01564	0.01633	0.01122	0.00821	0.00576	0.00257	0.00655	0.00524	0.00613	0.00998
17	0.03158	0.02327	0.02493	0.01911	0.02576	0.02576	0.01579	0.62852	0.03906	0.05236	0.01995	0.01995	0.01413	0.00997	0.00831	0.00249	0.00914	0.00748	0.00831	0.01413
18	0.01053	0.00844	0.00941	0.00917	0.01166	0.00732	0.00688	0.01331	0.02063	0.02646	0.29378	0.07334	0.44072	0.01954	0.00981	0.00273	0.00410	0.01661	0.00824	0.00732
19	0.01075	0.00768	0.01036	0.01228	0.01304	0.00729	0.00880	0.01265	0.01652	0.02191	0.04544	0.58566	0.05357	0.02544	0.01077	0.00346	0.00536	0.13439	0.00770	0.00692
20	0.01205	0.00818	0.00970	0.00970	0.00992	0.00840	0.00583	0.01249	0.01227	0.01658	0.02559	0.05115	0.02880	0.61239	0.13603	0.00884	0.01016	0.01161	0.00495	0.00539
21	0.01006	0.00746	0.00940	0.01096	0.01189	0.00680	0.00744	0.01164	0.01649	0.02144	0.05316	0.58302	0.16979	0.02507	0.01045	0.00326	0.00470	0.02245	0.00771	0.00680
22	0.05366	0.26439	0.14805	0.02485	0.03330	0.02472	0.28753	0.02586	0.01807	0.02460	0.01444	0.01806	0.01142	0.00722	0.00773	0.00241	0.01161	0.00710	0.00390	0.01110
23	0.01443	0.00722	0.01082	0.01082	0.01082	0.00722	0.00722	0.01082	0.01082	0.01443	0.01443	0.02525	0.01443	0.02886	0.03247	0.75830	0.00722	0.00722	0.00361	0.00361
24	0.08654	0.02354	0.02273	0.01803	0.02400	0.09557	0.01467	0.47857	0.03409	0.04633	0.01897	0.01960	0.01381	0.00963	0.00782	0.00243	0.00925	0.00703	0.05455	0.01284
25	0.02503	0.01849	0.02108	0.01720	0.02213	0.02065	0.01399	0.42450	0.03051	0.04136	0.02071	0.02416	0.01634	0.02737	0.22999	0.00610	0.01350	0.00795	0.00703	0.01190
26	0.02990	0.02196	0.02356	0.01825	0.02432	0.02423	0.01486	0.57533	0.03673	0.04923	0.02048	0.02292	0.01551	0.07021	0.01124	0.00297	0.00905	0.00788	0.00803	0.01334
27	0.76672	0.01607	0.01221	0.01092	0.01607	0.01864	0.00900	0.02442	0.01414	0.03727	0.01157	0.01350	0.00900	0.00771	0.00514	0.00257	0.00643	0.00450	0.00514	0.00900
28	0.01468	0.01320	0.01759	0.01641	0.01745	0.04353	0.01306	0.01713	0.01374	0.01969	0.01959	0.07088	0.01928	0.04166	0.38644	0.00897	0.24512	0.00917	0.00438	0.00803
29	0.01007	0.00843	0.00876	0.00868	0.01137	0.00712	0.00651	0.01240	0.01952	0.02384	0.15702	0.07765	0.57912	0.02052	0.00982	0.00278	0.00417	0.01721	0.00790	0.00712
30	0.01012	0.00723	0.00964	0.01157	0.01205	0.00675	0.00771	0.01157	0.01591	0.02121	0.04579	0.70262	0.05495	0.02603	0.01060	0.00337	0.00482	0.02362	0.00771	0.00675
31	0.02623	0.01811	0.01922	0.01533	0.02042	0.01977	0.01247	0.42600	0.03187	0.04525	0.02232	0.02361	0.01651	0.00987	0.00748	0.00231	0.00739	0.00757	0.25627	0.01201
32	0.02429	0.01965	0.02083	0.01764	0.02299	0.02236	0.01403	0.23842	0.44103	0.04060	0.02920	0.02732	0.02163	0.01084	0.00841	0.00271	0.00743	0.00876	0.00841	0.01347
33	0.02497	0.02272	0.01773	0.01567	0.01968	0.24426	0.01208	0.12155	0.09902	0.05923	0.02211	0.02360	0.01697	0.00956	0.00721	0.00223	0.00902	0.00710	0.25497	0.01032
34	0.03158	0.02327	0.02493	0.01911	0.02576	0.02576	0.01579	0.62852	0.03906	0.05236	0.01995	0.01995	0.01413	0.00997	0.00831	0.00249	0.00914	0.00748	0.00831	0.01413
35	0.01171	0.00837	0.01143	0.01319	0.01441	0.00810	0.01029	0.01440	0.01786	0.02366	0.08463	0.38463	0.05324	0.02404	0.01095	0.00353	0.00604	0.28452	0.00778	0.00723
36	0.02221	0.71304	0.04353	0.01421	0.02132	0.03287	0.01421	0.02488	0.01688	0.01955	0.01155	0.01333	0.01066	0.00711	0.00533	0.00178	0.00888	0.00444	0.00355	0.01066
37	0.03023	0.02505	0.08274	0.01953	0.02668	0.02518	0.01714	0.57413	0.03712	0.05000	0.01949	0.01973	0.01380	0.00978	0.00827	0.00251	0.00942	0.00736	0.00788	0.01396
38	0.02361	0.01931	0.02044	0.01750	0.02272	0.02204	0.01386	0.20166	0.47891	0.03950	0.03007	0.02802	0.02233	0.01092	0.00841	0.00273	0.00727	0.00888	0.00841	0.01341
39	0.03230	0.01918	0.02211	0.01707	0.02335	0.01995	0.01405	0.38665	0.03280	0.26194	0.06414	0.02547	0.02040	0.01052	0.00842	0.00253	0.00810	0.00826	0.00904	0.01374
40	0.01330	0.01201	0.02148	0.06926	0.02383	0.01162	0.17543	0.01664	0.01725	0.02318	0.07280	0.39587	0.04047	0.05185	0.01169	0.00335	0.00787	0.01756	0.00642	0.00812
41	0.01010	0.00732	0.00955	0.01133	0.01199	0.00677	0.00760	0.01159	0.01614	0.02130	0.04871	0.65516	0.10052	0.02565	0.01054	0.00333	0.00477	0.02315	0.00771	0.00677
42	0.01123	0.00851	0.01041	0.01031	0.01246	0.00769	0.00786	0.01447	0.02136	0.02865	0.39427	0.09929	0.25204	0.01918	0.00999	0.00282	0.00439	0.06905	0.00850	0.00752
43	0.01478	0.00832	0.00971	0.04272	0.01307	0.00880	0.00758	0.01855	0.01657	0.02816	0.02552	0.03086	0.02068	0.02007	0.13897	0.00425	0.00788	0.00796	0.56778	0.00775
44	0.02066	0.01785	0.01878	0.01691	0.02160	0.02066	0.01315	0.04414	0.64121	0.03475	0.03381	0.03099	0.02536	0.01127	0.00845	0.00282	0.00657	0.00939	0.00845	0.01315
45	0.02473	0.01859	0.02055	0.01635	0.02200	0.01930	0.01310	0.39276	0.03040	0.04152	0.02373	0.14664	0.02137	0.01221	0.00831	0.00241	0.00774	0.00998	0.00753	0.16078
46	0.49163	0.14137	0.01988	0.01358	0.01889	0.15151	0.01130	0.02624	0.01648	0.03084	0.01182	0.01376	0.00962	0.00778	0.00564	0.00235	0.00855	0.00466	0.00470	0.00941
47	0.01384	0.01018	0.01221	0.01254	0.01459	0.01029	0.00905	0.02072	0.15943	0.05303	0.11968	0.39551	0.09525	0.02052	0.00986	0.00308	0.00516	0.01822	0.00816	0.00867

[dist]
# distance from previous block
# <min> <max>
0	3

[block]
# block no. 6 follows, 22 sequences, length 7
# corresponding to MSA columns:
# 194-200
name=unknown_G
#
# <colnr> <probs for GDERKNQSTAVLIFYWHMCP>
#	G	D	E	R	K	N	Q	S	T	A	V	L	I	F	Y	W	H	M	C	P
0	0.01374	0.00940	0.01205	0.01225	0.01372	0.00932	0.00886	0.08121	0.01941	0.02629	0.16524	0.34658	0.04822	0.02264	0.01386	0.12866	0.00566	0.04816	0.00739	0.00732
1	0.02087	0.52936	0.14498	0.01658	0.02381	0.02984	0.01737	0.02461	0.01656	0.02072	0.01204	0.01453	0.01066	0.00801	0.00804	0.00211	0.08058	0.00502	0.00355	0.01077
2	0.01909	0.30044	0.37916	0.02199	0.07500	0.02458	0.02395	0.02570	0.01738	0.02375	0.01366	0.01613	0.01077	0.00755	0.00693	0.00229	0.01079	0.00557	0.00357	0.01172
3	0.12776	0.22622	0.14333	0.09242	0.02844	0.20828	0.01795	0.02701	0.01847	0.02367	0.01288	0.01556	0.01046	0.00788	0.00671	0.00226	0.01112	0.00534	0.00399	0.01027
4	0.02061	0.01512	0.01649	0.01387	0.01879	0.01533	0.01099	0.14314	0.19430	0.09858	0.04541	0.04306	0.22516	0.01356	0.00862	0.00256	0.00631	0.01110	0.00801	0.08900
5	0.01975	0.01940	0.02431	0.02983	0.28208	0.10410	0.01734	0.02463	0.04903	0.02727	0.12151	0.02645	0.02398	0.00942	0.00888	0.00228	0.04023	0.00800	0.00531	0.15620
6	0.02644	0.19759	0.02958	0.02264	0.08658	0.38299	0.01678	0.02895	0.02028	0.02078	0.01259	0.01549	0.01096	0.00876	0.00924	0.00225	0.08838	0.00555	0.00402	0.01017

[dist]
# distance from previous block
# <min> <max>
4	7

[block]
# block no. 7 follows, 22 sequences, length 89
# corresponding to MSA columns:
# 208-296
name=unknown_H
#
# <colnr> <probs for GDERKNQSTAVLIFYWHMCP>
#	G	D	E	R	K	N	Q	S	T	A	V	L	I	F	Y	W	H	M	C	P
0	0.06819	0.02162	0.11801	0.07909	0.21954	0.01812	0.01964	0.11087	0.02115	0.07994	0.01698	0.01968	0.01290	0.00791	0.00762	0.00230	0.00907	0.00665	0.00528	0.15546
1	0.02645	0.03023	0.02728	0.03154	0.24323	0.36456	0.01947	0.06028	0.02191	0.02431	0.01402	0.01741	0.01174	0.00870	0.00932	0.00239	0.06544	0.00632	0.00438	0.01104
2	0.01092	0.00855	0.00945	0.00980	0.01188	0.00768	0.00734	0.01292	0.01760	0.02162	0.06525	0.07733	0.41828	0.15880	0.01661	0.00404	0.00560	0.12243	0.00717	0.00673
3	0.01908	0.26275	0.36619	0.02450	0.12131	0.02388	0.02445	0.02571	0.01752	0.02418	0.01389	0.01658	0.01095	0.00756	0.00709	0.00232	0.01080	0.00576	0.00361	0.01187
4	0.01796	0.07871	0.47293	0.02341	0.06774	0.02041	0.02618	0.02942	0.13100	0.02747	0.01818	0.01990	0.01338	0.00843	0.00785	0.00260	0.01089	0.00670	0.00444	0.01239
5	0.04879	0.00847	0.00960	0.00982	0.01103	0.00826	0.00651	0.01459	0.01520	0.02300	0.06625	0.22814	0.03627	0.27246	0.02084	0.00464	0.00591	0.01392	0.15585	0.04044
6	0.04639	0.00879	0.00873	0.00864	0.01151	0.00762	0.00652	0.01271	0.01894	0.02371	0.10944	0.07584	0.59270	0.02019	0.00959	0.00278	0.00430	0.01678	0.00766	0.00715
7	0.02485	0.02372	0.19828	0.02017	0.06401	0.01753	0.01844	0.03692	0.23418	0.23208	0.02716	0.02578	0.01899	0.00979	0.00825	0.00267	0.00851	0.00804	0.00741	0.01322
8	0.01937	0.23330	0.41866	0.02126	0.03154	0.02299	0.06210	0.02656	0.01776	0.05308	0.01487	0.01711	0.01115	0.00772	0.00729	0.00239	0.01117	0.00598	0.00387	0.01183
9	0.01762	0.01600	0.02566	0.57001	0.10493	0.01927	0.02258	0.07979	0.01896	0.02471	0.01533	0.02180	0.01154	0.00839	0.00830	0.00272	0.01079	0.00739	0.00417	0.01003
10	0.02910	0.11468	0.02735	0.02239	0.05177	0.54622	0.04294	0.03163	0.02242	0.02080	0.01298	0.01535	0.01088	0.00828	0.00738	0.00214	0.01404	0.00553	0.00419	0.00996
11	0.01046	0.00761	0.00930	0.01049	0.01130	0.00706	0.00692	0.01173	0.01569	0.02041	0.04884	0.45972	0.15873	0.16153	0.01680	0.00421	0.00536	0.02020	0.00718	0.00645
12	0.02259	0.02402	0.03019	0.03998	0.41976	0.16936	0.02227	0.02643	0.01906	0.02454	0.01430	0.01894	0.01227	0.00871	0.01086	0.00256	0.11139	0.00692	0.00408	0.01176
13	0.02899	0.03391	0.02392	0.11292	0.03004	0.49450	0.01698	0.11390	0.02473	0.02489	0.01409	0.01666	0.01123	0.00872	0.00772	0.00228	0.01364	0.00592	0.00476	0.01020
14	0.02849	0.03552	0.02219	0.02033	0.02424	0.58642	0.01530	0.03074	0.02219	0.02019	0.01409	0.01733	0.01204	0.01570	0.09620	0.00363	0.01595	0.00582	0.00430	0.00934
15	0.02287	0.68244	0.04247	0.01424	0.02132	0.03197	0.01413	0.02556	0.01718	0.04767	0.01248	0.01398	0.01109	0.00725	0.00546	0.00181	0.00880	0.00461	0.00385	0.01081
16	0.01061	0.00845	0.00952	0.00925	0.01171	0.00735	0.00694	0.01346	0.02082	0.02691	0.31721	0.07260	0.41701	0.01937	0.00981	0.00273	0.00409	0.01650	0.00830	0.00735
17	0.00982	0.00842	0.00842	0.00842	0.01122	0.00701	0.00631	0.01192	0.01894	0.02244	0.08416	0.07995	0.65285	0.02104	0.00982	0.00281	0.00421	0.01753	0.00771	0.00701
18	0.19914	0.06584	0.01939	0.01596	0.02020	0.25564	0.01259	0.08466	0.02021	0.02787	0.01576	0.01922	0.01312	0.01825	0.12820	0.00428	0.01266	0.00610	0.05145	0.00946
19	0.02056	0.01974	0.03372	0.05099	0.65622	0.01974	0.02550	0.02550	0.01892	0.02714	0.01563	0.02056	0.01316	0.00740	0.00822	0.00247	0.00987	0.00740	0.00411	0.01316
20	0.01018	0.00843	0.00892	0.00880	0.01144	0.00717	0.00660	0.01262	0.01979	0.02447	0.18997	0.07661	0.54577	0.02028	0.00981	0.00277	0.00415	0.01707	0.00798	0.00717
21	0.01666	0.04297	0.66500	0.02368	0.03596	0.01929	0.03069	0.02631	0.01754	0.02631	0.01491	0.01754	0.01052	0.00789	0.00789	0.00263	0.01228	0.00614	0.00351	0.01228
22	0.01775	0.01075	0.01174	0.01068	0.01333	0.01142	0.00826	0.12918	0.02054	0.03255	0.02506	0.03018	0.02028	0.04626	0.10515	0.00395	0.00768	0.00804	0.47848	0.00874
23	0.01735	0.03341	0.43237	0.07585	0.08688	0.01901	0.02593	0.02824	0.11679	0.02761	0.04429	0.02213	0.01595	0.00879	0.00812	0.00266	0.01073	0.00723	0.00459	0.01207
24	0.76672	0.01607	0.01221	0.01092	0.01607	0.01864	0.00900	0.02442	0.01414	0.03727	0.01157	0.01350	0.00900	0.00771	0.00514	0.00257	0.00643	0.00450	0.00514	0.00900
25	0.01446	0.01271	0.01832	0.01682	0.01770	0.01657	0.01358	0.01695	0.01309	0.01958	0.01759	0.02670	0.01672	0.04270	0.40916	0.00936	0.29755	0.00823	0.00412	0.00810
26	0.01087	0.00846	0.00987	0.00952	0.01187	0.00746	0.00714	0.01396	0.02142	0.02833	0.39171	0.07025	0.34162	0.01884	0.00981	0.00270	0.00405	0.01617	0.00849	0.00746
27	0.01062	0.00806	0.00887	0.00926	0.01068	0.00730	0.00617	0.01190	0.01609	0.02012	0.05750	0.19612	0.32945	0.24692	0.02060	0.00464	0.00559	0.01697	0.00684	0.00631
28	0.01202	0.00758	0.00887	0.00982	0.01093	0.00722	0.00672	0.01416	0.01628	0.02397	0.04112	0.37064	0.09233	0.08593	0.01204	0.00331	0.00477	0.01687	0.24850	0.00693
29	0.01764	0.01739	0.02442	0.02109	0.02122	0.02417	0.01752	0.01956	0.01278	0.01993	0.01187	0.01940	0.01174	0.01859	0.08213	0.00446	0.63605	0.00741	0.00370	0.00895
30	0.03067	0.02147	0.02330	0.01810	0.02440	0.02349	0.01488	0.51570	0.07339	0.10195	0.02220	0.02182	0.01568	0.01006	0.00821	0.00249	0.00857	0.00768	0.04216	0.01378
31	0.02999	0.02248	0.02404	0.01879	0.02516	0.02502	0.01541	0.54351	0.12665	0.04980	0.02196	0.02155	0.01576	0.01016	0.00833	0.00254	0.00877	0.00776	0.00833	0.01399
32	0.01208	0.00805	0.00906	0.00906	0.00906	0.00805	0.00503	0.01208	0.01208	0.01611	0.02618	0.05436	0.03020	0.70804	0.04228	0.00805	0.00805	0.01208	0.00503	0.00503
33	0.03158	0.02327	0.02493	0.01911	0.02576	0.02576	0.01579	0.62852	0.03906	0.05236	0.01995	0.01995	0.01413	0.00997	0.00831	0.00249	0.00914	0.00748	0.00831	0.01413
34	0.01562	0.01085	0.01329	0.01218	0.01533	0.00959	0.00882	0.05156	0.01779	0.07370	0.03263	0.35242	0.03552	0.09187	0.01248	0.00317	0.00596	0.01511	0.00689	0.21522
35	0.03158	0.02327	0.02493	0.01911	0.02576	0.02576	0.01579	0.62852	0.03906	0.05236	0.01995	0.01995	0.01413	0.00997	0.00831	0.00249	0.00914	0.00748	0.00831	0.01413
36	0.03070	0.06630	0.02443	0.02099	0.02551	0.61489	0.01596	0.06361	0.02407	0.02196	0.01316	0.01517	0.01088	0.00857	0.00744	0.00214	0.01443	0.00542	0.00446	0.00991
37	0.01750	0.03632	0.49027	0.06192	0.17836	0.01935	0.02914	0.02588	0.01781	0.02625	0.01507	0.01845	0.01115	0.00780	0.00799	0.00260	0.01167	0.00649	0.00365	0.01233
38	0.01894	0.01808	0.03079	0.26317	0.45673	0.01931	0.02469	0.02407	0.01815	0.02517	0.01534	0.02109	0.01246	0.00770	0.00825	0.00257	0.01027	0.00740	0.00397	0.01185
39	0.01118	0.00847	0.01030	0.00984	0.01205	0.00759	0.00738	0.01455	0.02214	0.03006	0.48178	0.06742	0.25048	0.01820	0.00980	0.00267	0.00401	0.01578	0.00872	0.00759
40	0.03727	0.01414	0.01928	0.01478	0.02121	0.01221	0.01221	0.04049	0.02378	0.66198	0.03277	0.02828	0.02056	0.01028	0.00835	0.00257	0.00707	0.00835	0.01028	0.01414
41	0.01077	0.00854	0.00973	0.00968	0.01212	0.00750	0.00742	0.01362	0.02048	0.02627	0.26982	0.07516	0.41029	0.01985	0.00995	0.00283	0.00440	0.06605	0.00819	0.00734
