[name]
unknown

[dist]
# distance from previous block
# <min> <max>
0	27

[block]
# block no. 0 follows, 23 sequences, length 11
# corresponding to MSA columns:
# 27-37
name=unknown_A
#
# <colnr> <probs for GDERKNQSTAVLIFYWHMCP>
#	G	D	E	R	K	N	Q	S	T	A	V	L	I	F	Y	W	H	M	C	P
0	0.01105	0.00774	0.00962	0.01067	0.01125	0.00747	0.00717	0.01225	0.01463	0.01929	0.03884	0.33752	0.07379	0.29579	0.02260	0.00512	0.00629	0.09636	0.00650	0.00606
1	0.01506	0.00830	0.00880	0.00834	0.01072	0.00804	0.00634	0.01877	0.01674	0.02916	0.02501	0.02906	0.01992	0.01240	0.04885	0.00253	0.00514	0.00737	0.63905	0.08040
2	0.02125	0.02782	0.14572	0.16873	0.24747	0.20274	0.02279	0.02628	0.01902	0.02334	0.01421	0.01835	0.01130	0.00781	0.00779	0.00241	0.01170	0.00644	0.00387	0.01096
3	0.45538	0.01393	0.01276	0.01111	0.01578	0.01516	0.00902	0.02690	0.04822	0.15578	0.01912	0.01992	0.01395	0.00854	0.00590	0.00241	0.00595	0.00593	0.14452	0.00972
4	0.02869	0.02110	0.02023	0.01639	0.02183	0.13469	0.01316	0.28923	0.02881	0.18788	0.03123	0.02990	0.11780	0.01129	0.00822	0.00244	0.00868	0.00871	0.00779	0.01192
5	0.01582	0.01276	0.01527	0.01615	0.07776	0.01320	0.01065	0.07162	0.17604	0.02657	0.03609	0.18972	0.10158	0.14284	0.01475	0.00366	0.00653	0.01310	0.00680	0.04910
6	0.23017	0.06849	0.02059	0.02119	0.15008	0.19987	0.01380	0.02499	0.01815	0.02692	0.01962	0.02185	0.06390	0.00889	0.00671	0.00228	0.00901	0.00653	0.07734	0.00962
7	0.02008	0.27878	0.21019	0.02439	0.08296	0.06587	0.16065	0.02562	0.01784	0.02309	0.01374	0.01682	0.01101	0.00724	0.00724	0.00226	0.01116	0.00627	0.00369	0.01109
8	0.01127	0.00836	0.01217	0.01246	0.01377	0.00926	0.00943	0.01398	0.01442	0.02045	0.08509	0.15964	0.03166	0.05021	0.49622	0.01027	0.01693	0.01190	0.00536	0.00716
9	0.01888	0.01320	0.01530	0.01340	0.01709	0.01344	0.01031	0.13147	0.13826	0.09389	0.17626	0.14943	0.06977	0.04219	0.01009	0.00282	0.00595	0.01251	0.00805	0.05768
10	0.02547	0.01875	0.02029	0.01595	0.02105	0.02016	0.01262	0.44821	0.03056	0.04126	0.02043	0.02675	0.01715	0.16645	0.01534	0.00355	0.00846	0.00810	0.00714	0.07231

[dist]
# distance from previous block
# <min> <max>
0	1

[block]
# block no. 1 follows, 23 sequences, length 39
# corresponding to MSA columns:
# 39-77
name=unknown_B
#
# <colnr> <probs for GDERKNQSTAVLIFYWHMCP>
#	G	D	E	R	K	N	Q	S	T	A	V	L	I	F	Y	W	H	M	C	P
0	0.02523	0.08921	0.02943	0.03220	0.30106	0.17294	0.01944	0.17810	0.02419	0.03041	0.01532	0.01804	0.01232	0.00808	0.00763	0.00228	0.01051	0.00653	0.00502	0.01208
1	0.01791	0.02145	0.13583	0.25465	0.36311	0.01880	0.02497	0.02368	0.01752	0.02450	0.01487	0.02010	0.01177	0.00760	0.00801	0.00253	0.01041	0.00702	0.00379	0.01147
2	0.00974	0.00823	0.00842	0.00837	0.01105	0.00691	0.00628	0.01193	0.01884	0.02273	0.12648	0.07675	0.61613	0.02025	0.00959	0.00273	0.00409	0.01694	0.00764	0.00691
3	0.01180	0.00787	0.00885	0.00885	0.00885	0.00787	0.00492	0.01180	0.01180	0.01573	0.02557	0.05310	0.02950	0.71483	0.04130	0.00787	0.00787	0.01180	0.00492	0.00492
4	0.00989	0.00706	0.00942	0.01130	0.01177	0.00659	0.00753	0.01130	0.01554	0.02071	0.04472	0.70954	0.05367	0.02542	0.01036	0.00330	0.00471	0.02307	0.00753	0.00659
5	0.02008	0.01928	0.03294	0.04981	0.66422	0.01928	0.02490	0.02490	0.01848	0.02651	0.01526	0.02008	0.01285	0.00723	0.00803	0.00241	0.00964	0.00723	0.00402	0.01285
6	0.01467	0.01336	0.01742	0.01616	0.01730	0.05432	0.01291	0.01716	0.01343	0.01912	0.01764	0.02633	0.01661	0.04279	0.43234	0.00935	0.23913	0.00798	0.00408	0.00790
7	0.02242	0.02371	0.03066	0.04320	0.51819	0.17076	0.02279	0.02662	0.01951	0.02499	0.01464	0.01884	0.01230	0.00749	0.00787	0.00234	0.01078	0.00677	0.00405	0.01207
8	0.44713	0.28595	0.02428	0.01231	0.01814	0.02388	0.01108	0.05489	0.01606	0.03051	0.01170	0.01344	0.00966	0.00742	0.00525	0.00221	0.00733	0.00452	0.00458	0.00966
9	0.02861	0.01893	0.02255	0.02054	0.09314	0.02010	0.01501	0.28644	0.17200	0.19765	0.02522	0.02403	0.01776	0.00983	0.00815	0.00252	0.00793	0.00794	0.00818	0.01348
10	0.01332	0.01146	0.01396	0.01377	0.01547	0.07218	0.01065	0.01614	0.01396	0.01893	0.02089	0.03029	0.01938	0.05601	0.62034	0.01203	0.02108	0.00837	0.00433	0.00744
11	0.01513	0.00756	0.00756	0.00756	0.00945	0.00756	0.00567	0.01891	0.01702	0.03025	0.02647	0.03025	0.02080	0.00945	0.00567	0.00189	0.00378	0.00756	0.75988	0.00756
12	0.00989	0.00706	0.00942	0.01130	0.01177	0.00659	0.00753	0.01130	0.01554	0.02071	0.04472	0.70954	0.05367	0.02542	0.01036	0.00330	0.00471	0.02307	0.00753	0.00659
13	0.01159	0.00869	0.01304	0.01304	0.01449	0.01014	0.01014	0.01449	0.01304	0.01884	0.02173	0.03188	0.02029	0.06086	0.68268	0.01304	0.02173	0.00869	0.00435	0.00724
14	0.02294	0.01460	0.01771	0.01298	0.01990	0.01174	0.01051	0.05215	0.01954	0.20858	0.01959	0.01998	0.01437	0.00730	0.00670	0.00162	0.00639	0.00586	0.00642	0.52111
15	0.01657	0.04023	0.62375	0.02517	0.08334	0.01888	0.02959	0.02564	0.01723	0.02576	0.01462	0.01736	0.01048	0.00767	0.00773	0.00256	0.01181	0.00609	0.00347	0.01206
16	0.03031	0.03867	0.02299	0.02090	0.02508	0.68226	0.01568	0.03240	0.02299	0.01986	0.01254	0.01463	0.01045	0.00836	0.00732	0.00209	0.01463	0.00523	0.00418	0.00941
17	0.01615	0.00926	0.01200	0.01096	0.01370	0.00831	0.00834	0.01935	0.02162	0.15984	0.39103	0.13247	0.13145	0.01676	0.00938	0.00265	0.00459	0.01463	0.00883	0.00869
18	0.00959	0.00822	0.00822	0.00822	0.01096	0.00685	0.00617	0.01165	0.01850	0.02192	0.08220	0.07809	0.66092	0.02055	0.00959	0.00274	0.00411	0.01713	0.00754	0.00685
19	0.06214	0.17861	0.50514	0.02050	0.03105	0.02151	0.02544	0.02530	0.01680	0.02498	0.01370	0.01606	0.01022	0.00754	0.00704	0.00240	0.01098	0.00556	0.00353	0.01148
20	0.03031	0.03867	0.02299	0.02090	0.02508	0.68226	0.01568	0.03240	0.02299	0.01986	0.01254	0.01463	0.01045	0.00836	0.00732	0.00209	0.01463	0.00523	0.00418	0.00941
21	0.02567	0.18880	0.02710	0.02012	0.06115	0.35945	0.01524	0.03229	0.14900	0.02295	0.01659	0.01778	0.01350	0.00851	0.00707	0.00216	0.01130	0.00595	0.00484	0.01054
22	0.01706	0.01610	0.02583	0.03784	0.47628	0.01570	0.01951	0.02109	0.01848	0.02519	0.03452	0.03677	0.19930	0.01106	0.00848	0.00250	0.00805	0.01008	0.00503	0.01113
23	0.01130	0.00795	0.00871	0.00871	0.00933	0.00763	0.00520	0.01176	0.01333	0.01715	0.03851	0.05881	0.17377	0.55620	0.03405	0.00670	0.00701	0.01302	0.00551	0.00536
24	0.01738	0.18017	0.54427	0.02124	0.03220	0.02155	0.02670	0.02541	0.01700	0.02435	0.01389	0.01629	0.01031	0.00755	0.00720	0.00240	0.01132	0.00566	0.00344	0.01167
25	0.01020	0.00824	0.00907	0.00886	0.01134	0.00711	0.00665	0.01283	0.01995	0.02536	0.26948	0.07242	0.47150	0.01927	0.00958	0.00268	0.00402	0.01633	0.00799	0.00711
26	0.07273	0.01504	0.01919	0.01479	0.02103	0.01393	0.01221	0.11506	0.02466	0.55896	0.02937	0.02585	0.01871	0.00988	0.00800	0.00250	0.00713	0.00786	0.00954	0.01356
27	0.02425	0.01708	0.01899	0.01592	0.02066	0.01841	0.01261	0.31427	0.14618	0.10085	0.03094	0.16539	0.05085	0.01364	0.00866	0.00269	0.00720	0.01135	0.00819	0.01187
28	0.02169	0.71972	0.04252	0.01388	0.02083	0.03211	0.01388	0.02430	0.01649	0.01909	0.01128	0.01302	0.01041	0.00694	0.00521	0.00174	0.00868	0.00434	0.00347	0.01041
29	0.01848	0.17678	0.42116	0.02365	0.06970	0.02200	0.08160	0.05083	0.01814	0.02548	0.01431	0.01700	0.01079	0.00753	0.00741	0.00240	0.01120	0.00611	0.00373	0.01170
30	0.01513	0.00756	0.00756	0.00756	0.00945	0.00756	0.00567	0.01891	0.01702	0.03025	0.02647	0.03025	0.02080	0.00945	0.00567	0.00189	0.00378	0.00756	0.75988	0.00756
31	0.02169	0.71972	0.04252	0.01388	0.02083	0.03211	0.01388	0.02430	0.01649	0.01909	0.01128	0.01302	0.01041	0.00694	0.00521	0.00174	0.00868	0.00434	0.00347	0.01041
32	0.02009	0.01917	0.03208	0.04785	0.62646	0.01933	0.02419	0.02597	0.05552	0.02695	0.01631	0.02068	0.01355	0.00745	0.00805	0.00243	0.00945	0.00734	0.00427	0.01285
33	0.01142	0.00810	0.00990	0.01012	0.01200	0.00724	0.00733	0.01388	0.01917	0.05219	0.25300	0.27506	0.24994	0.02042	0.00977	0.00285	0.00433	0.01789	0.00809	0.00732
34	0.03421	0.01385	0.01851	0.01433	0.02029	0.01229	0.01178	0.06869	0.02398	0.58889	0.07949	0.02972	0.02409	0.01053	0.00827	0.00251	0.00677	0.00861	0.00986	0.01334
35	0.01775	0.01775	0.02485	0.02130	0.02130	0.02485	0.01775	0.01953	0.01243	0.01953	0.01065	0.01775	0.01065	0.01420	0.02663	0.00355	0.69998	0.00710	0.00355	0.00888
36	0.26180	0.09601	0.40039	0.01824	0.02750	0.01986	0.02162	0.02497	0.01599	0.02856	0.01320	0.01547	0.00981	0.00758	0.00661	0.00247	0.00983	0.00532	0.00395	0.01081
37	0.02542	0.02952	0.02092	0.01896	0.02247	0.44422	0.01450	0.07399	0.02133	0.02201	0.01508	0.01911	0.01297	0.02076	0.16269	0.00469	0.05138	0.00628	0.00449	0.00922
38	0.01627	0.04197	0.67279	0.02313	0.03512	0.01884	0.02998	0.02570	0.01713	0.02570	0.01456	0.01713	0.01028	0.00771	0.00771	0.00257	0.01199	0.00600	0.00343	0.01199

[dist]
# distance from previous block
# <min> <max>
0	26

[block]
# block no. 2 follows, 23 sequences, length 109
# corresponding to MSA columns:
# 104-212
name=unknown_C
#
# <colnr> <probs for GDERKNQSTAVLIFYWHMCP>
#	G	D	E	R	K	N	Q	S	T	A	V	L	I	F	Y	W	H	M	C	P
0	0.29047	0.02387	0.01953	0.12512	0.02672	0.22617	0.01430	0.13293	0.02130	0.03131	0.01361	0.01609	0.01051	0.00827	0.00677	0.00240	0.01007	0.00561	0.00507	0.00989
1	0.01986	0.01989	0.03645	0.04613	0.51786	0.01957	0.16844	0.02516	0.01864	0.02639	0.01553	0.02051	0.01273	0.00714	0.00840	0.00249	0.01059	0.00778	0.00404	0.01240
2	0.01004	0.00825	0.00858	0.00869	0.01108	0.00711	0.00644	0.01197	0.01777	0.02138	0.07369	0.07616	0.55550	0.09647	0.01315	0.00336	0.00472	0.05173	0.00725	0.00668
3	0.01784	0.01404	0.01549	0.01353	0.01734	0.01493	0.01058	0.15512	0.20961	0.03514	0.24327	0.04586	0.14531	0.01415	0.00888	0.00262	0.00572	0.01190	0.00833	0.01035
4	0.01409	0.00705	0.01057	0.01057	0.01057	0.00705	0.00705	0.01057	0.01057	0.01409	0.01409	0.02467	0.01409	0.02819	0.03171	0.76392	0.00705	0.00705	0.00352	0.00352
5	0.01190	0.00916	0.01358	0.01295	0.01415	0.00882	0.07521	0.01343	0.01450	0.01935	0.03328	0.31637	0.03835	0.32007	0.02364	0.00523	0.00721	0.05037	0.00603	0.00640
6	0.02639	0.01940	0.02118	0.01710	0.02231	0.02121	0.01374	0.50406	0.03334	0.04467	0.02485	0.16623	0.02228	0.01308	0.00859	0.00262	0.00803	0.01066	0.00799	0.01227
7	0.02142	0.01538	0.01668	0.01381	0.01709	0.01661	0.01023	0.32784	0.02512	0.03363	0.02249	0.03611	0.02157	0.35850	0.02453	0.00512	0.00840	0.00953	0.00653	0.00941
8	0.02276	0.17445	0.02436	0.01588	0.02152	0.16931	0.01298	0.03163	0.20955	0.05295	0.01968	0.02002	0.01551	0.00842	0.00690	0.00204	0.00869	0.00626	0.00564	0.17142
9	0.02756	0.11275	0.10916	0.02043	0.02592	0.52614	0.01733	0.03066	0.02153	0.02053	0.01267	0.01478	0.01043	0.00812	0.00714	0.00211	0.01365	0.00523	0.00401	0.00985
10	0.77215	0.01569	0.01193	0.01067	0.01569	0.01820	0.00879	0.02385	0.01381	0.03641	0.01130	0.01318	0.00879	0.00753	0.00502	0.00251	0.00628	0.00439	0.00502	0.00879
11	0.01660	0.01572	0.02664	0.52268	0.21859	0.01836	0.02317	0.02185	0.01683	0.02228	0.01465	0.02122	0.01136	0.00788	0.00809	0.00263	0.01050	0.00722	0.00372	0.01004
12	0.00986	0.00717	0.00930	0.01100	0.01169	0.00662	0.00740	0.01133	0.01582	0.02083	0.04839	0.64773	0.11311	0.02494	0.01028	0.00324	0.00465	0.02249	0.00753	0.00662
13	0.01612	0.01523	0.02577	0.58796	0.15707	0.01824	0.02293	0.02143	0.01660	0.02169	0.01456	0.02138	0.01116	0.00797	0.00810	0.00266	0.01062	0.00721	0.00367	0.00965
14	0.02251	0.01858	0.01966	0.01698	0.02199	0.02127	0.01341	0.17257	0.51632	0.03769	0.03007	0.02792	0.02238	0.01073	0.00823	0.00268	0.00697	0.00877	0.00823	0.01305
15	0.02056	0.12161	0.04205	0.03363	0.17027	0.07222	0.36989	0.02601	0.01892	0.02466	0.01515	0.01969	0.01202	0.00705	0.00846	0.00248	0.01218	0.00800	0.00400	0.01116
16	0.03031	0.03867	0.02299	0.02090	0.02508	0.68226	0.01568	0.03240	0.02299	0.01986	0.01254	0.01463	0.01045	0.00836	0.00732	0.00209	0.01463	0.00523	0.00418	0.00941
17	0.77215	0.01569	0.01193	0.01067	0.01569	0.01820	0.00879	0.02385	0.01381	0.03641	0.01130	0.01318	0.00879	0.00753	0.00502	0.00251	0.00628	0.00439	0.00502	0.00879
18	0.01093	0.00781	0.01061	0.01249	0.01342	0.00749	0.00934	0.01310	0.01656	0.02188	0.04415	0.50751	0.05139	0.02444	0.01063	0.00344	0.00561	0.21481	0.00751	0.00688
19	0.01513	0.00756	0.00756	0.00756	0.00945	0.00756	0.00567	0.01891	0.01702	0.03025	0.02647	0.03025	0.02080	0.00945	0.00567	0.00189	0.00378	0.00756	0.75988	0.00756
20	0.00989	0.00706	0.00942	0.01130	0.01177	0.00659	0.00753	0.01130	0.01554	0.02071	0.04472	0.70954	0.05367	0.02542	0.01036	0.00330	0.00471	0.02307	0.00753	0.00659
21	0.02008	0.01928	0.03294	0.04981	0.66422	0.01928	0.02490	0.02490	0.01848	0.02651	0.01526	0.02008	0.01285	0.00723	0.00803	0.00241	0.00964	0.00723	0.00402	0.01285
22	0.02018	0.01743	0.01835	0.01651	0.02110	0.02018	0.01284	0.04312	0.64956	0.03394	0.03303	0.03027	0.02477	0.01101	0.00826	0.00275	0.00642	0.00917	0.00826	0.01284
23	0.01357	0.01161	0.01684	0.01570	0.01668	0.01488	0.01259	0.01611	0.01284	0.01906	0.01817	0.02733	0.01718	0.04584	0.47152	0.00999	0.24004	0.00818	0.00409	0.00777
24	0.02008	0.01928	0.03294	0.04981	0.66422	0.01928	0.02490	0.02490	0.01848	0.02651	0.01526	0.02008	0.01285	0.00723	0.00803	0.00241	0.00964	0.00723	0.00402	0.01285
25	0.03031	0.03867	0.02299	0.02090	0.02508	0.68226	0.01568	0.03240	0.02299	0.01986	0.01254	0.01463	0.01045	0.00836	0.00732	0.00209	0.01463	0.00523	0.00418	0.00941
26	0.01119	0.00796	0.00868	0.00868	0.00943	0.00759	0.00526	0.01176	0.01365	0.01744	0.04122	0.06001	0.20406	0.52290	0.03253	0.00645	0.00683	0.01327	0.00564	0.00545
27	0.00989	0.00706	0.00942	0.01130	0.01177	0.00659	0.00753	0.01130	0.01554	0.02071	0.04472	0.70954	0.05367	0.02542	0.01036	0.00330	0.00471	0.02307	0.00753	0.00659
28	0.01333	0.01044	0.01233	0.01148	0.01411	0.01052	0.00871	0.02146	0.16996	0.03171	0.44941	0.05538	0.12806	0.01571	0.00926	0.00262	0.00447	0.01365	0.00862	0.00879
29	0.01467	0.00889	0.01141	0.01075	0.01318	0.00799	0.00806	0.01769	0.02101	0.12469	0.36983	0.17601	0.14884	0.01778	0.00950	0.00271	0.00449	0.01557	0.00864	0.00827
30	0.03085	0.02273	0.02435	0.01867	0.02516	0.02516	0.01542	0.63716	0.03815	0.05114	0.01948	0.01948	0.01380	0.00974	0.00812	0.00244	0.00893	0.00731	0.00812	0.01380
31	0.01775	0.01586	0.01580	0.01445	0.01852	0.04560	0.01115	0.03409	0.45039	0.03005	0.04551	0.04260	0.19721	0.01349	0.00858	0.00272	0.00615	0.01116	0.00788	0.01106
32	0.01513	0.00756	0.00756	0.00756	0.00945	0.00756	0.00567	0.01891	0.01702	0.03025	0.02647	0.03025	0.02080	0.00945	0.00567	0.00189	0.00378	0.00756	0.75988	0.00756
33	0.03118	0.02220	0.02402	0.01842	0.02490	0.02438	0.01522	0.60167	0.03726	0.08788	0.02023	0.01996	0.01417	0.00976	0.00812	0.00244	0.00881	0.00736	0.00823	0.01380
34	0.01742	0.01477	0.01714	0.01230	0.01948	0.01142	0.00986	0.04641	0.01772	0.02748	0.01464	0.01694	0.01209	0.00617	0.00610	0.00125	0.00613	0.00491	0.00495	0.73282
35	0.02501	0.27374	0.13793	0.01886	0.02529	0.34790	0.01744	0.02849	0.01978	0.02057	0.01244	0.01449	0.01041	0.00776	0.00666	0.00205	0.01214	0.00505	0.00381	0.01018
36	0.01916	0.02014	0.02570	0.03055	0.26400	0.15671	0.08977	0.02264	0.01866	0.02334	0.02344	0.22094	0.02422	0.01275	0.00874	0.00264	0.00973	0.01172	0.00509	0.01006
37	0.02797	0.22337	0.02829	0.01900	0.02393	0.50594	0.01519	0.03020	0.02123	0.01965	0.01220	0.01419	0.01044	0.00798	0.00674	0.00199	0.01302	0.00499	0.00399	0.00968
38	0.01755	0.20149	0.52445	0.02095	0.03176	0.02197	0.02619	0.02537	0.01698	0.02414	0.01379	0.01616	0.01031	0.00753	0.00712	0.00237	0.01121	0.00561	0.00344	0.01162
39	0.01973	0.01875	0.03118	0.04568	0.59379	0.01836	0.02323	0.02441	0.01830	0.02650	0.01517	0.01973	0.01276	0.00710	0.00781	0.00228	0.00924	0.00697	0.00410	0.09492
40	0.03085	0.02273	0.02435	0.01867	0.02516	0.02516	0.01542	0.63716	0.03815	0.05114	0.01948	0.01948	0.01380	0.00974	0.00812	0.00244	0.00893	0.00731	0.00812	0.01380
41	0.01627	0.04197	0.67279	0.02313	0.03512	0.01884	0.02998	0.02570	0.01713	0.02570	0.01456	0.01713	0.01028	0.00771	0.00771	0.00257	0.01199	0.00600	0.00343	0.01199
42	0.01182	0.00872	0.01143	0.01267	0.01453	0.00832	0.01044	0.01495	0.01871	0.02427	0.11807	0.16552	0.16846	0.02181	0.01061	0.00336	0.00607	0.35534	0.00765	0.00726
43	0.01409	0.00705	0.01057	0.01057	0.01057	0.00705	0.00705	0.01057	0.01057	0.01409	0.01409	0.02467	0.01409	0.02819	0.03171	0.76392	0.00705	0.00705	0.00352	0.00352
44	0.02124	0.02160	0.02872	0.11198	0.42947	0.12967	0.02174	0.05286	0.01988	0.02566	0.01823	0.02219	0.04442	0.00829	0.00800	0.00241	0.01030	0.00739	0.00436	0.01160
45	0.00980	0.00823	0.00851	0.00844	0.01109	0.00694	0.00633	0.01206	0.01900	0.02311	0.14698	0.07613	0.59540	0.02011	0.00959	0.00272	0.00408	0.01685	0.00769	0.00694
46	0.02169	0.71972	0.04252	0.01388	0.02083	0.03211	0.01388	0.02430	0.01649	0.01909	0.01128	0.01302	0.01041	0.00694	0.00521	0.00174	0.00868	0.00434	0.00347	0.01041
47	0.02108	0.02986	0.30774	0.02300	0.06609	0.02200	0.02282	0.20331	0.02236	0.03188	0.01521	0.01812	0.01154	0.00966	0.01187	0.00273	0.15727	0.00669	0.00486	0.01191
48	0.01606	0.04049	0.64375	0.02256	0.03411	0.01835	0.02900	0.02524	0.01739	0.02600	0.04287	0.01904	0.01319	0.00810	0.00779	0.00257	0.01163	0.00638	0.00367	0.01180
49	0.02004	0.01924	0.03227	0.04537	0.55972	0.01945	0.05932	0.02689	0.08534	0.02727	0.01721	0.02127	0.01408	0.00761	0.00815	0.00247	0.00954	0.00757	0.00447	0.01274
50	0.01723	0.01682	0.02769	0.33244	0.17488	0.02033	0.05755	0.02159	0.01582	0.02193	0.01367	0.02024	0.01129	0.00954	0.01332	0.00288	0.20184	0.00732	0.00371	0.00991
51	0.00989	0.00706	0.00942	0.01130	0.01177	0.00659	0.00753	0.01130	0.01554	0.02071	0.04472	0.70954	0.05367	0.02542	0.01036	0.00330	0.00471	0.02307	0.00753	0.00659
52	0.01896	0.01814	0.03091	0.20174	0.52104	0.01898	0.02435	0.02392	0.01795	0.02515	0.01507	0.02045	0.01237	0.00744	0.00805	0.00248	0.00992	0.00723	0.00392	0.01195
53	0.03031	0.03867	0.02299	0.02090	0.02508	0.68226	0.01568	0.03240	0.02299	0.01986	0.01254	0.01463	0.01045	0.00836	0.00732	0.00209	0.01463	0.00523	0.00418	0.00941
54	0.01627	0.04197	0.67279	0.02313	0.03512	0.01884	0.02998	0.02570	0.01713	0.02570	0.01456	0.01713	0.01028	0.00771	0.00771	0.00257	0.01199	0.00600	0.00343	0.01199
55	0.02825	0.03148	0.02223	0.01960	0.02425	0.43124	0.01503	0.13611	0.15879	0.02810	0.01806	0.01877	0.01406	0.00916	0.00765	0.00229	0.01193	0.00641	0.00571	0.01087
56	0.02848	0.18351	0.02715	0.01941	0.02418	0.54399	0.01530	0.03068	0.02161	0.01970	0.01227	0.01429	0.01044	0.00806	0.00687	0.00201	0.01337	0.00504	0.00403	0.00962
57	0.02342	0.17271	0.02694	0.02226	0.12954	0.20551	0.01556	0.08690	0.12398	0.02625	0.02260	0.02356	0.06837	0.00946	0.00741	0.00226	0.00976	0.00722	0.00532	0.01096
58	0.01513	0.00756	0.00756	0.00756	0.00945	0.00756	0.00567	0.01891	0.01702	0.03025	0.02647	0.03025	0.02080	0.00945	0.00567	0.00189	0.00378	0.00756	0.75988	0.00756
59	0.03641	0.01381	0.01883	0.01444	0.02071	0.01193	0.01193	0.03954	0.02322	0.66984	0.03201	0.02762	0.02009	0.01004	0.00816	0.00251	0.00690	0.00816	0.01004	0.01381
60	0.01915	0.02189	0.04788	0.03420	0.04241	0.02052	0.63475	0.02599	0.01915	0.02599	0.01642	0.02189	0.01231	0.00684	0.00958	0.00274	0.01368	0.00958	0.00410	0.01094
61	0.01025	0.00778	0.00948	0.01033	0.01186	0.00702	0.00744	0.01241	0.01793	0.02330	0.15998	0.35887	0.25437	0.02218	0.01003	0.00302	0.00453	0.05456	0.00776	0.00691
62	0.03609	0.01432	0.01915	0.01468	0.02097	0.01269	0.01213	0.07381	0.02408	0.63436	0.03129	0.02715	0.01973	0.01003	0.00816	0.00251	0.00702	0.00811	0.00993	0.01381
63	0.77215	0.01569	0.01193	0.01067	0.01569	0.01820	0.00879	0.02385	0.01381	0.03641	0.01130	0.01318	0.00879	0.00753	0.00502	0.00251	0.00628	0.00439	0.00502	0.00879
64	0.07394	0.07109	0.02331	0.01995	0.02432	0.61057	0.01518	0.03149	0.02213	0.02080	0.01241	0.01447	0.01035	0.00824	0.00708	0.00210	0.01384	0.00513	0.00420	0.00942
65	0.02067	0.02039	0.03237	0.04815	0.62757	0.05729	0.02437	0.02533	0.01874	0.02613	0.01511	0.01977	0.01272	0.00729	0.00799	0.00239	0.00993	0.00711	0.00403	0.01266
66	0.00982	0.00731	0.00916	0.01064	0.01160	0.00665	0.00724	0.01137	0.01616	0.02097	0.05269	0.57525	0.18281	0.02439	0.01019	0.00318	0.00458	0.02180	0.00753	0.00665
67	0.01180	0.00787	0.00885	0.00885	0.00885	0.00787	0.00492	0.01180	0.01180	0.01573	0.02557	0.05310	0.02950	0.71483	0.04130	0.00787	0.00787	0.01180	0.00492	0.00492
68	0.02983	0.01904	0.02129	0.01653	0.02257	0.02005	0.01359	0.42820	0.03249	0.19357	0.02928	0.02780	0.08594	0.01099	0.00829	0.00249	0.00793	0.00858	0.00851	0.01304
69	0.01180	0.00787	0.00885	0.00885	0.00885	0.00787	0.00492	0.01180	0.01180	0.01573	0.02557	0.05310	0.02950	0.71483	0.04130	0.00787	0.00787	0.01180	0.00492	0.00492
70	0.02035	0.01721	0.02097	0.02309	0.15735	0.01897	0.01504	0.03753	0.45657	0.05966	0.03164	0.03036	0.05359	0.01064	0.00827	0.00267	0.00701	0.00911	0.00740	0.01259
71	0.01513	0.00756	0.00756	0.00756	0.00945	0.00756	0.00567	0.01891	0.01702	0.03025	0.02647	0.03025	0.02080	0.00945	0.00567	0.00189	0.00378	0.00756	0.75988	0.00756
72	0.03031	0.03867	0.02299	0.02090	0.02508	0.68226	0.01568	0.03240	0.02299	0.01986	0.01254	0.01463	0.01045	0.00836	0.00732	0.00209	0.01463	0.00523	0.00418	0.00941
73	0.02338	0.15920	0.08671	0.01897	0.06170	0.16541	0.01572	0.12928	0.05809	0.02811	0.01539	0.01706	0.01229	0.00784	0.00690	0.00199	0.00969	0.00573	0.00499	0.17155
74	0.00989	0.00706	0.00942	0.01130	0.01177	0.00659	0.00753	0.01130	0.01554	0.02071	0.04472	0.70954	0.05367	0.02542	0.01036	0.00330	0.00471	0.02307	0.00753	0.00659
75	0.03085	0.02273	0.02435	0.01867	0.02516	0.02516	0.01542	0.63716	0.03815	0.05114	0.01948	0.01948	0.01380	0.00974	0.00812	0.00244	0.00893	0.00731	0.00812	0.01380
76	0.02240	0.01853	0.01960	0.01696	0.02195	0.02122	0.01338	0.16673	0.52233	0.03752	0.03021	0.02803	0.02249	0.01074	0.00823	0.00269	0.00694	0.00879	0.00823	0.01304
77	0.01897	0.01803	0.03006	0.19979	0.48339	0.01904	0.02364	0.02499	0.05489	0.02558	0.01610	0.02104	0.01307	0.00766	0.00806	0.00250	0.00973	0.00734	0.00417	0.01195
78	0.06073	0.06710	0.60931	0.02203	0.03342	0.01933	0.02811	0.02553	0.01691	0.02606	0.01424	0.01674	0.01020	0.00767	0.00745	0.00253	0.01153	0.00584	0.00352	0.01174
79	0.01180	0.00787	0.00885	0.00885	0.00885	0.00787	0.00492	0.01180	0.01180	0.01573	0.02557	0.05310	0.02950	0.71483	0.04130	0.00787	0.00787	0.01180	0.00492	0.00492
80	0.01711	0.04087	0.63561	0.02287	0.03455	0.01921	0.02915	0.06076	0.01834	0.02716	0.01484	0.01727	0.01048	0.00783	0.00773	0.00256	0.01182	0.00607	0.00370	0.01210
81	0.01205	0.01132	0.01739	0.01461	0.01845	0.01010	0.14389	0.01533	0.01866	0.02306	0.06359	0.06731	0.45264	0.01777	0.00976	0.00285	0.00656	0.08006	0.00678	0.00781
82	0.02057	0.01816	0.02435	0.03051	0.31140	0.05537	0.01754	0.15594	0.02398	0.03251	0.15705	0.03165	0.06440	0.01061	0.00843	0.00245	0.00821	0.00929	0.00617	0.01141
83	0.01460	0.01094	0.01308	0.01099	0.01530	0.00898	0.00859	0.01782	0.01918	0.06489	0.19739	0.07181	0.17365	0.01366	0.00825	0.00216	0.00512	0.04090	0.00700	0.29567
84	0.01288	0.00889	0.01051	0.01018	0.01082	0.00929	0.00648	0.04889	0.01357	0.01837	0.02452	0.04730	0.02692	0.55542	0.15522	0.00848	0.01043	0.01098	0.00500	0.00586
85	0.02811	0.02042	0.02200	0.01749	0.02335	0.02259	0.01424	0.44632	0.17237	0.08008	0.02347	0.02278	0.01688	0.01003	0.00805	0.00249	0.00804	0.00778	0.04018	0.01332
86	0.01733	0.02091	0.17326	0.01778	0.02385	0.01533	0.08294	0.15326	0.02175	0.02961	0.03279	0.18736	0.11745	0.01395	0.00879	0.00267	0.00831	0.01220	0.00616	0.05431
87	0.05123	0.51762	0.20223	0.01611	0.02426	0.02815	0.01778	0.02464	0.01654	0.02149	0.01212	0.01407	0.01031	0.00716	0.00584	0.00198	0.00943	0.00476	0.00352	0.01075
88	0.01643	0.04106	0.64696	0.02420	0.06052	0.01886	0.02977	0.02566	0.01719	0.02573	0.01459	0.01725	0.01038	0.00769	0.00772	0.00256	0.01190	0.00605	0.00345	0.01203
89	0.01029	0.00736	0.00987	0.01166	0.01233	0.00693	0.00814	0.01205	0.01615	0.02154	0.06742	0.61803	0.05376	0.02477	0.01042	0.00332	0.00498	0.08668	0.00758	0.00673
90	0.02623	0.03214	0.02083	0.01919	0.02278	0.53579	0.01447	0.02850	0.02083	0.01964	0.01455	0.01839	0.01259	0.01980	0.15449	0.00448	0.01618	0.00598	0.00422	0.00894
91	0.01038	0.00727	0.00927	0.01067	0.01102	0.00692	0.00686	0.01143	0.01458	0.01944	0.03983	0.54182	0.04749	0.20156	0.01826	0.00446	0.00551	0.02019	0.00686	0.00616
92	0.01308	0.00934	0.01308	0.01494	0.01681	0.00934	0.01308	0.01681	0.01868	0.02428	0.04296	0.09153	0.04670	0.02242	0.01121	0.00374	0.00747	0.60960	0.00747	0.00747
93	0.02008	0.01928	0.03294	0.04981	0.66422	0.01928	0.02490	0.02490	0.01848	0.02651	0.01526	0.02008	0.01285	0.00723	0.00803	0.00241	0.00964	0.00723	0.00402	0.01285
94	0.02063	0.01356	0.01528	0.01341	0.01774	0.01391	0.01052	0.03215	0.29507	0.18027	0.08207	0.04436	0.19916	0.01369	0.00867	0.00268	0.00576	0.01141	0.00852	0.01115
95	0.01691	0.01604	0.02720	0.48032	0.25850	0.01844	0.02332	0.02212	0.01697	0.02266	0.01470	0.02112	0.01149	0.00782	0.00809	0.00261	0.01042	0.00722	0.00374	0.01029
96	0.01187	0.00911	0.01358	0.01342	0.01480	0.01081	0.01049	0.01472	0.01301	0.01887	0.02123	0.03124	0.01985	0.05874	0.65287	0.01261	0.05255	0.00862	0.00431	0.00732
97	0.02842	0.01689	0.01966	0.01580	0.02131	0.01754	0.01280	0.23302	0.16128	0.26276	0.09670	0.02913	0.02519	0.01086	0.00832	0.00254	0.00713	0.00881	0.00891	0.01293
98	0.01829	0.01935	0.03373	0.02627	0.02944	0.02318	0.25557	0.02202	0.01502	0.02202	0.01287	0.01935	0.01129	0.01136	0.02006	0.00324	0.43545	0.00805	0.00376	0.00967
99	0.02009	0.02188	0.07059	0.04376	0.46821	0.04679	0.15769	0.02549	0.01874	0.02608	0.01536	0.02009	0.01250	0.00722	0.00832	0.00248	0.01085	0.00759	0.00401	0.01225
100	0.02123	0.02053	0.03192	0.04653	0.59443	0.05593	0.02388	0.05862	0.01979	0.02748	0.01534	0.01975	0.01277	0.00743	0.00800	0.00239	0.00987	0.00712	0.00425	0.01272
101	0.00989	0.00706	0.00942	0.01130	0.01177	0.00659	0.00753	0.01130	0.01554	0.02071	0.04472	0.70954	0.05367	0.02542	0.01036	0.00330	0.00471	0.02307	0.00753	0.00659
102	0.01715	0.01961	0.07330	0.03142	0.17079	0.01724	0.33226	0.02269	0.01874	0.02522	0.03004	0.03316	0.15025	0.00989	0.00913	0.00266	0.01066	0.01046	0.00477	0.01055
103	0.03033	0.03800	0.02305	0.02081	0.02509	0.65435	0.01567	0.05809	0.02364	0.02119	0.01284	0.01484	0.01059	0.00842	0.00735	0.00211	0.01439	0.00531	0.00435	0.00959
104	0.01107	0.00827	0.01032	0.01009	0.01211	0.00751	0.00762	0.01438	0.02135	0.02913	0.46677	0.10141	0.20102	0.01825	0.00971	0.00270	0.00414	0.04827	0.00847	0.00741
105	0.02771	0.06359	0.02600	0.02690	0.16418	0.50997	0.01761	0.03042	0.02173	0.02128	0.01308	0.01575	0.01097	0.00805	0.00738	0.00214	0.01329	0.00562	0.00411	0.01020
106	0.01960	0.02494	0.22817	0.02122	0.08563	0.01835	0.01910	0.03365	0.29587	0.06772	0.02378	0.02379	0.01763	0.00910	0.00786	0.00251	0.00849	0.00753	0.00612	0.07894
107	0.02016	0.07468	0.39265	0.02606	0.11492	0.16078	0.04820	0.02695	0.01860	0.02421	0.01411	0.01694	0.01074	0.00771	0.00760	0.00241	0.01213	0.00604	0.00369	0.01143
108	0.02330	0.17287	0.02499	0.01647	0.02156	0.09485	0.01368	0.20693	0.15759	0.03167	0.02019	0.02191	0.01612	0.01781	0.12043	0.00409	0.01111	0.00706	0.00607	0.01128

[dist]
# distance from previous block
# <min> <max>
0	3

[block]
# block no. 3 follows, 23 sequences, length 147
# corresponding to MSA columns:
# 216-362
name=unknown_D
#
# <colnr> <probs for GDERKNQSTAVLIFYWHMCP>
#	G	D	E	R	K	N	Q	S	T	A	V	L	I	F	Y	W	H	M	C	P
0	0.01868	0.04884	0.01589	0.01329	0.01572	0.10079	0.00956	0.15650	0.02007	0.02528	0.02502	0.14841	0.02660	0.31414	0.02247	0.00483	0.00850	0.01146	0.00591	0.00805
1	0.01607	0.01568	0.01996	0.01769	0.01845	0.05174	0.01431	0.01812	0.01518	0.02157	0.10502	0.09249	0.08420	0.01585	0.02036	0.00325	0.44631	0.01040	0.00502	0.00834
2	0.03035	0.02891	0.02294	0.02083	0.06199	0.35854	0.01540	0.16114	0.05693	0.13738	0.01847	0.01894	0.01364	0.00900	0.00772	0.00229	0.01142	0.00647	0.00619	0.01145
3	0.02239	0.02365	0.03070	0.04330	0.52029	0.16857	0.02283	0.02659	0.01949	0.02501	0.01465	0.01886	0.01231	0.00748	0.00787	0.00234	0.01076	0.00678	0.00405	0.01208
4	0.02225	0.01624	0.01833	0.01520	0.01910	0.01791	0.01187	0.35694	0.02660	0.03593	0.02136	0.02983	0.01879	0.17996	0.16660	0.00603	0.01156	0.00863	0.00655	0.01033
5	0.02371	0.25284	0.18793	0.02050	0.05695	0.24921	0.01902	0.05936	0.02008	0.02299	0.01313	0.01525	0.01069	0.00777	0.00682	0.00213	0.01157	0.00534	0.00397	0.01075
6	0.01579	0.01316	0.01439	0.01334	0.01677	0.01425	0.01021	0.02954	0.36088	0.03094	0.19365	0.07920	0.14518	0.01467	0.00890	0.00273	0.00532	0.01252	0.00826	0.01028
7	0.00982	0.00732	0.00915	0.01061	0.01159	0.00665	0.00723	0.01138	0.01620	0.02098	0.05311	0.56817	0.18961	0.02433	0.01019	0.00317	0.00457	0.02174	0.00753	0.00665
8	0.01246	0.01054	0.01077	0.01019	0.01343	0.01008	0.00779	0.04579	0.13276	0.02541	0.07051	0.06683	0.51717	0.01834	0.00928	0.00273	0.00474	0.01525	0.00769	0.00824
9	0.02691	0.06020	0.02746	0.02627	0.14958	0.28901	0.04721	0.18646	0.02504	0.02950	0.01490	0.01738	0.01188	0.00865	0.00863	0.00233	0.04574	0.00642	0.00510	0.01131
10	0.02875	0.18024	0.02829	0.01781	0.02419	0.08753	0.01510	0.44399	0.03190	0.04107	0.01700	0.01759	0.01273	0.00899	0.00739	0.00225	0.00940	0.00645	0.00671	0.01263
11	0.01159	0.00869	0.01304	0.01304	0.01449	0.01014	0.01014	0.01449	0.01304	0.01884	0.02173	0.03188	0.02029	0.06086	0.68268	0.01304	0.02173	0.00869	0.00435	0.00724
12	0.02363	0.18163	0.02848	0.02478	0.16709	0.22707	0.01667	0.03149	0.17226	0.02460	0.01783	0.01929	0.01445	0.00843	0.00723	0.00224	0.01019	0.00643	0.00497	0.01124
13	0.01709	0.03629	0.49591	0.02626	0.03718	0.01932	0.20116	0.02578	0.01770	0.02578	0.01509	0.01848	0.01085	0.00746	0.00824	0.00262	0.01247	0.00701	0.00362	0.01170
14	0.01697	0.00936	0.01191	0.01112	0.01395	0.00828	0.00837	0.01960	0.02010	0.18874	0.21178	0.22444	0.18712	0.01811	0.00942	0.00278	0.00490	0.01575	0.00854	0.00876
15	0.01870	0.18742	0.32874	0.02947	0.23062	0.02197	0.02475	0.02513	0.01741	0.02447	0.01404	0.01714	0.01112	0.00738	0.00725	0.00233	0.01050	0.00601	0.00362	0.01191
16	0.20453	0.02234	0.02234	0.02636	0.21925	0.16764	0.01622	0.03043	0.16047	0.02909	0.01769	0.01949	0.01401	0.00841	0.00719	0.00244	0.00922	0.00653	0.00525	0.01109
17	0.01910	0.02516	0.19887	0.04289	0.50107	0.01917	0.02622	0.02511	0.01813	0.02630	0.01508	0.01932	0.01219	0.00735	0.00795	0.00245	0.01025	0.00691	0.00386	0.01263
18	0.00959	0.00822	0.00822	0.00822	0.01096	0.00685	0.00617	0.01165	0.01850	0.02192	0.08220	0.07809	0.66092	0.02055	0.00959	0.00274	0.00411	0.01713	0.00754	0.00685
19	0.02125	0.28762	0.09776	0.01603	0.02161	0.21473	0.01469	0.02466	0.01976	0.02268	0.13757	0.02527	0.04604	0.00975	0.00708	0.00212	0.00969	0.00719	0.00485	0.00964
20	0.01924	0.02160	0.05484	0.02554	0.17638	0.16621	0.01722	0.02240	0.01724	0.02175	0.02180	0.02625	0.08290	0.01863	0.11421	0.00425	0.16756	0.00798	0.00435	0.00965
21	0.01023	0.00812	0.00840	0.00840	0.01034	0.00715	0.00580	0.01169	0.01654	0.02012	0.06569	0.07080	0.47680	0.22301	0.01884	0.00423	0.00521	0.01557	0.00677	0.00629
22	0.00987	0.00713	0.00935	0.01113	0.01172	0.00661	0.00746	0.01132	0.01570	0.02078	0.04682	0.67416	0.08769	0.02515	0.01031	0.00326	0.00467	0.02273	0.00753	0.00661
23	0.02596	0.03043	0.02722	0.03319	0.29675	0.40045	0.01960	0.02921	0.02107	0.02269	0.01370	0.01695	0.01147	0.00788	0.00762	0.00223	0.01251	0.00608	0.00411	0.01087
24	0.01801	0.01739	0.05631	0.17075	0.06066	0.01842	0.01606	0.03356	0.38370	0.02961	0.06146	0.03048	0.04707	0.01064	0.00830	0.00270	0.00766	0.00905	0.00674	0.01144
25	0.01782	0.23470	0.49356	0.02050	0.03105	0.02262	0.02540	0.02530	0.01695	0.02382	0.01363	0.01596	0.01032	0.00749	0.00700	0.00233	0.01105	0.00552	0.00344	0.01154
26	0.01980	0.02472	0.16054	0.04312	0.50860	0.05000	0.02549	0.02541	0.01842	0.02604	0.01500	0.01924	0.01223	0.00738	0.00793	0.00243	0.01034	0.00689	0.00391	0.01252
27	0.01667	0.03921	0.58683	0.02465	0.03612	0.01907	0.11317	0.02574	0.01741	0.02574	0.01482	0.01779	0.01056	0.00759	0.00797	0.00259	0.01222	0.00649	0.00352	0.01185
28	0.01274	0.00923	0.01261	0.01429	0.01624	0.00910	0.01241	0.01631	0.01866	0.02405	0.04676	0.09023	0.10620	0.02223	0.01105	0.00364	0.00715	0.55220	0.00748	0.00741
29	0.01710	0.01615	0.02616	0.09913	0.45004	0.01615	0.02015	0.02131	0.01827	0.02487	0.03140	0.03427	0.16961	0.01054	0.00842	0.00252	0.00841	0.00962	0.00483	0.01105
30	0.02140	0.02505	0.08812	0.03842	0.42459	0.16693	0.02220	0.02587	0.01937	0.02467	0.01855	0.02202	0.05043	0.00832	0.00793	0.00237	0.01065	0.00725	0.00421	0.01165
31	0.01648	0.04053	0.62787	0.02392	0.03564	0.01896	0.07345	0.02572	0.01728	0.02572	0.01469	0.01747	0.01042	0.00765	0.00784	0.00258	0.01211	0.00625	0.00347	0.01192
32	0.01990	0.01909	0.03260	0.07493	0.64054	0.01923	0.02481	0.02474	0.01839	0.02628	0.01523	0.02014	0.01277	0.00726	0.00804	0.00242	0.00969	0.00723	0.00400	0.01270
33	0.01648	0.06777	0.64880	0.02278	0.03458	0.01935	0.02937	0.02564	0.01711	0.02545	0.01444	0.01697	0.01028	0.00768	0.00761	0.00254	0.01187	0.00593	0.00343	0.01193
34	0.01982	0.01901	0.03245	0.08597	0.63014	0.01921	0.02477	0.02467	0.01835	0.02619	0.01522	0.02017	0.01274	0.00728	0.00804	0.00243	0.00971	0.00723	0.00399	0.01264
35	0.00988	0.00829	0.00863	0.00870	0.01135	0.00703	0.00663	0.01213	0.01874	0.02261	0.11011	0.07793	0.59606	0.02045	0.00968	0.00279	0.00428	0.05019	0.00760	0.00693
36	0.01785	0.01069	0.01328	0.01329	0.05084	0.00967	0.00940	0.05166	0.02000	0.18034	0.05459	0.20176	0.29895	0.01779	0.00925	0.00278	0.00548	0.01523	0.00797	0.00918
37	0.02633	0.03204	0.02358	0.02103	0.02389	0.47373	0.01634	0.02832	0.01964	0.01975	0.01194	0.01562	0.01052	0.01021	0.01344	0.00255	0.23203	0.00582	0.00398	0.00924
38	0.00989	0.00706	0.00942	0.01130	0.01177	0.00659	0.00753	0.01130	0.01554	0.02071	0.04472	0.70954	0.05367	0.02542	0.01036	0.00330	0.00471	0.02307	0.00753	0.00659
39	0.01151	0.00884	0.01090	0.01192	0.01418	0.00822	0.00997	0.01449	0.01860	0.02322	0.06058	0.08549	0.32252	0.02158	0.01048	0.00329	0.00596	0.34354	0.00750	0.00719
40	0.02885	0.12829	0.02578	0.01932	0.02436	0.43350	0.01527	0.15519	0.04898	0.02668	0.01456	0.01599	0.01167	0.00855	0.00723	0.00214	0.01234	0.00568	0.00504	0.01057
41	0.02247	0.65823	0.04076	0.01452	0.02121	0.09081	0.01405	0.02503	0.01707	0.01916	0.01139	0.01316	0.01042	0.00707	0.00540	0.00177	0.00922	0.00442	0.00354	0.01032
42	0.01066	0.00848	0.00971	0.01003	0.01245	0.00753	0.00795	0.01336	0.01921	0.02406	0.16071	0.07847	0.43426	0.02037	0.00995	0.00294	0.00482	0.15017	0.00773	0.00711
43	0.02008	0.01928	0.03294	0.04981	0.66422	0.01928	0.02490	0.02490	0.01848	0.02651	0.01526	0.02008	0.01285	0.00723	0.00803	0.00241	0.00964	0.00723	0.00402	0.01285
44	0.02282	0.01673	0.01863	0.01585	0.02004	0.01805	0.01240	0.39761	0.02949	0.03949	0.02914	0.28361	0.02906	0.01574	0.00897	0.00276	0.00731	0.01334	0.00789	0.01104
45	0.00987	0.00713	0.00934	0.01112	0.01172	0.00661	0.00745	0.01132	0.01571	0.02079	0.04694	0.67217	0.08961	0.02513	0.01031	0.00326	0.00467	0.02272	0.00753	0.00661
46	0.01022	0.00824	0.00909	0.00888	0.01135	0.00712	0.00666	0.01286	0.01998	0.02544	0.27386	0.07229	0.46707	0.01924	0.00958	0.00268	0.00402	0.01631	0.00800	0.00712
47	0.02847	0.03314	0.02320	0.02046	0.02448	0.48765	0.01577	0.11300	0.05071	0.02465	0.01414	0.01633	0.01154	0.00935	0.00974	0.00234	0.09426	0.00590	0.00481	0.01008
48	0.01781	0.01537	0.01608	0.01466	0.01883	0.01720	0.01135	0.03607	0.50828	0.03125	0.04403	0.04098	0.16719	0.01314	0.00856	0.00275	0.00590	0.01095	0.00809	0.01150
49	0.02879	0.02101	0.02268	0.01794	0.02399	0.02326	0.01464	0.46880	0.17414	0.08390	0.02326	0.02238	0.01663	0.01004	0.00815	0.00251	0.00825	0.00777	0.00826	0.01359
50	0.03085	0.02273	0.02435	0.01867	0.02516	0.02516	0.01542	0.63716	0.03815	0.05114	0.01948	0.01948	0.01380	0.00974	0.00812	0.00244	0.00893	0.00731	0.00812	0.01380
51	0.02792	0.02052	0.02245	0.01702	0.02366	0.02144	0.01399	0.47583	0.03280	0.06969	0.01884	0.01920	0.01365	0.00892	0.00765	0.00216	0.00820	0.00678	0.00745	0.18185
52	0.00989	0.00706	0.00942	0.01130	0.01177	0.00659	0.00753	0.01130	0.01554	0.02071	0.04472	0.70954	0.05367	0.02542	0.01036	0.00330	0.00471	0.02307	0.00753	0.00659
53	0.03073	0.02908	0.02319	0.02227	0.09345	0.38745	0.01575	0.08896	0.02395	0.18087	0.01819	0.01882	0.01335	0.00877	0.00767	0.00226	0.01169	0.00635	0.00594	0.01125
54	0.02571	0.15337	0.17259	0.02023	0.02663	0.42408	0.01860	0.02954	0.02059	0.02105	0.01279	0.01493	0.01041	0.00798	0.00705	0.00214	0.01304	0.00525	0.00389	0.01016
55	0.01159	0.00869	0.01304	0.01304	0.01449	0.01014	0.01014	0.01449	0.01304	0.01884	0.02173	0.03188	0.02029	0.06086	0.68268	0.01304	0.02173	0.00869	0.00435	0.00724
56	0.77215	0.01569	0.01193	0.01067	0.01569	0.01820	0.00879	0.02385	0.01381	0.03641	0.01130	0.01318	0.00879	0.00753	0.00502	0.00251	0.00628	0.00439	0.00502	0.00879
57	0.02245	0.02219	0.01939	0.01750	0.02199	0.16840	0.01348	0.04072	0.50929	0.03079	0.02844	0.02677	0.02156	0.01042	0.00805	0.00260	0.00826	0.00829	0.00734	0.01207
58	0.77215	0.01569	0.01193	0.01067	0.01569	0.01820	0.00879	0.02385	0.01381	0.03641	0.01130	0.01318	0.00879	0.00753	0.00502	0.00251	0.00628	0.00439	0.00502	0.00879
59	0.03641	0.01381	0.01883	0.01444	0.02071	0.01193	0.01193	0.03954	0.02322	0.66984	0.03201	0.02762	0.02009	0.01004	0.00816	0.00251	0.00690	0.00816	0.01004	0.01381
60	0.00982	0.00732	0.00915	0.01061	0.01159	0.00665	0.00722	0.01138	0.01620	0.02099	0.05316	0.56734	0.19041	0.02432	0.01018	0.00317	0.00457	0.02173	0.00753	0.00665
61	0.01308	0.00934	0.01308	0.01494	0.01681	0.00934	0.01308	0.01681	0.01868	0.02428	0.04296	0.09153	0.04670	0.02242	0.01121	0.00374	0.00747	0.60960	0.00747	0.00747
62	0.01818	0.01691	0.02848	0.04157	0.51876	0.01723	0.02160	0.02257	0.01726	0.02479	0.01671	0.02272	0.01452	0.01924	0.15907	0.00479	0.01235	0.00756	0.00409	0.01160
63	0.00979	0.00823	0.00850	0.00844	0.01109	0.00694	0.00633	0.01204	0.01898	0.02307	0.14468	0.07620	0.59773	0.02012	0.00959	0.00272	0.00408	0.01686	0.00769	0.00694
64	0.01159	0.00869	0.01304	0.01304	0.01449	0.01014	0.01014	0.01449	0.01304	0.01884	0.02173	0.03188	0.02029	0.06086	0.68268	0.01304	0.02173	0.00869	0.00435	0.00724
65	0.02169	0.71972	0.04252	0.01388	0.02083	0.03211	0.01388	0.02430	0.01649	0.01909	0.01128	0.01302	0.01041	0.00694	0.00521	0.00174	0.00868	0.00434	0.00347	0.01041
66	0.02599	0.02716	0.02031	0.01771	0.02221	0.33575	0.01379	0.20784	0.02650	0.02973	0.02840	0.03090	0.12887	0.01159	0.00814	0.00238	0.01074	0.03571	0.00610	0.01017
67	0.01627	0.01700	0.01358	0.01338	0.01629	0.19649	0.01046	0.01879	0.02001	0.02239	0.08167	0.06251	0.31242	0.01737	0.00932	0.00277	0.00780	0.14710	0.00665	0.00774
68	0.02218	0.68156	0.04143	0.01428	0.02106	0.06853	0.01398	0.02475	0.01685	0.01913	0.01135	0.01311	0.01042	0.00702	0.00532	0.00176	0.00901	0.00439	0.00351	0.01036
69	0.00979	0.00823	0.00850	0.00843	0.01108	0.00694	0.00632	0.01204	0.01897	0.02305	0.14376	0.07623	0.59866	0.02013	0.00959	0.00272	0.00408	0.01686	0.00768	0.00694
70	0.02300	0.18687	0.17355	0.04611	0.06009	0.23308	0.01868	0.07914	0.02078	0.02419	0.01743	0.01936	0.04727	0.00863	0.00720	0.00222	0.01122	0.00623	0.00435	0.01061
71	0.02159	0.02309	0.03081	0.06399	0.39283	0.16725	0.08735	0.02592	0.01915	0.02429	0.01513	0.01981	0.01262	0.01065	0.04797	0.00301	0.01195	0.00712	0.00407	0.01140
72	0.01970	0.01809	0.02759	0.16612	0.37144	0.01952	0.02129	0.05764	0.16027	0.02824	0.01928	0.02264	0.01517	0.00837	0.00810	0.00254	0.00911	0.00767	0.00508	0.01215
73	0.02316	0.05993	0.02916	0.03683	0.39494	0.23985	0.02057	0.02686	0.01988	0.02376	0.01672	0.02014	0.03673	0.00810	0.00771	0.00228	0.01104	0.00680	0.00418	0.01136
74	0.02632	0.02511	0.02133	0.01818	0.02273	0.25021	0.01432	0.28671	0.02723	0.03299	0.01758	0.02059	0.01410	0.02077	0.15974	0.00470	0.01380	0.00690	0.00590	0.01080
75	0.00989	0.00706	0.00942	0.01130	0.01177	0.00659	0.00753	0.01130	0.01554	0.02071	0.04472	0.70954	0.05367	0.02542	0.01036	0.00330	0.00471	0.02307	0.00753	0.00659
76	0.00986	0.00717	0.00931	0.01102	0.01169	0.00661	0.00741	0.01133	0.01581	0.02082	0.04817	0.65144	0.10954	0.02497	0.01029	0.00324	0.00465	0.02252	0.00753	0.00661
77	0.02052	0.02135	0.02910	0.33299	0.04292	0.13867	0.15726	0.08174	0.04896	0.02515	0.01584	0.02063	0.01200	0.00815	0.00830	0.00258	0.01177	0.00748	0.00445	0.01013
78	0.01330	0.00871	0.01133	0.01044	0.01272	0.00794	0.00791	0.01699	0.02277	0.08085	0.58403	0.05893	0.10036	0.01628	0.00946	0.00256	0.00408	0.01429	0.00895	0.00809
79	0.01683	0.01442	0.01683	0.01202	0.01923	0.01082	0.00961	0.02043	0.01683	0.02644	0.01442	0.01683	0.01202	0.00601	0.00601	0.00120	0.00601	0.00481	0.00481	0.76444
