[name]
unknown

[dist]
# distance from previous block
# <min> <max>
18	58

[block]
# block no. 0 follows, 22 sequences, length 100
# corresponding to MSA columns:
# 58-157
name=unknown_A
#
# <colnr> <probs for GDERKNQSTAVLIFYWHMCP>
#	G	D	E	R	K	N	Q	S	T	A	V	L	I	F	Y	W	H	M	C	P
0	0.01448	0.01205	0.01924	0.04072	0.01982	0.01285	0.12053	0.01744	0.01576	0.02281	0.05841	0.13236	0.02798	0.17169	0.08231	0.00502	0.09200	0.01182	0.11491	0.00782
1	0.01558	0.00935	0.01087	0.01039	0.01235	0.01021	0.00805	0.04870	0.01729	0.02869	0.02473	0.03013	0.02025	0.02236	0.16492	0.00475	0.04543	0.00798	0.49992	0.00806
2	0.01616	0.01098	0.01328	0.01313	0.01518	0.01107	0.00944	0.14094	0.02086	0.06169	0.03840	0.48078	0.04296	0.06843	0.01217	0.00347	0.00606	0.01867	0.00779	0.00856
3	0.07684	0.01999	0.01973	0.04347	0.02217	0.10044	0.01367	0.27071	0.02641	0.03708	0.02018	0.02504	0.01621	0.01065	0.00945	0.00253	0.07405	0.03884	0.16167	0.01086
4	0.01975	0.22995	0.42358	0.02066	0.03078	0.05668	0.02452	0.05856	0.01881	0.02550	0.01413	0.01636	0.01076	0.00782	0.00718	0.00236	0.01129	0.00569	0.00382	0.01179
5	0.01851	0.12071	0.51386	0.02387	0.06680	0.06568	0.02747	0.02656	0.01795	0.02515	0.01441	0.01703	0.01069	0.00782	0.00758	0.00249	0.01193	0.00595	0.00360	0.01195
6	0.01204	0.00814	0.00949	0.00943	0.00970	0.00816	0.00560	0.01258	0.01325	0.01793	0.08588	0.05390	0.03430	0.60623	0.07409	0.00783	0.00844	0.01219	0.00540	0.00543
7	0.01666	0.04297	0.66500	0.02368	0.03596	0.01929	0.03069	0.02631	0.01754	0.02631	0.01491	0.01754	0.01052	0.00789	0.00789	0.00263	0.01228	0.00614	0.00351	0.01228
8	0.01941	0.01857	0.03164	0.20122	0.51497	0.01944	0.02492	0.02449	0.01837	0.02575	0.01542	0.02094	0.01267	0.00762	0.00824	0.00254	0.01015	0.00740	0.00401	0.01223
9	0.01010	0.00843	0.00881	0.00871	0.01140	0.00713	0.00654	0.01247	0.01961	0.02403	0.16728	0.07733	0.56873	0.02045	0.00982	0.00278	0.00417	0.01717	0.00792	0.00713
10	0.01785	0.03591	0.47313	0.03198	0.22448	0.01943	0.02911	0.02606	0.01796	0.02656	0.01513	0.01846	0.01132	0.00774	0.00799	0.00258	0.01155	0.00652	0.00369	0.01255
11	0.01187	0.00890	0.01335	0.01335	0.01483	0.01038	0.01038	0.01483	0.01335	0.01928	0.02225	0.03264	0.02077	0.06231	0.67512	0.01335	0.02225	0.00890	0.00445	0.00742
12	0.02606	0.11918	0.02241	0.01446	0.02092	0.07457	0.01201	0.06115	0.02130	0.22871	0.05111	0.02229	0.01786	0.00855	0.00714	0.00195	0.00768	0.00661	0.00675	0.26926
13	0.01961	0.02241	0.04902	0.03501	0.04342	0.02101	0.62605	0.02661	0.01961	0.02661	0.01681	0.02241	0.01261	0.00700	0.00980	0.00280	0.01401	0.00980	0.00420	0.01120
14	0.05798	0.51262	0.03899	0.02118	0.14352	0.02867	0.01605	0.02572	0.01747	0.05274	0.01336	0.01545	0.01154	0.00735	0.00603	0.00199	0.00887	0.00520	0.00406	0.01123
15	0.01052	0.00754	0.01000	0.01130	0.01214	0.00701	0.00774	0.01257	0.01776	0.02416	0.19338	0.54662	0.06065	0.02382	0.01041	0.00319	0.00460	0.02152	0.00806	0.00701
16	0.02066	0.01785	0.01878	0.01691	0.02160	0.02066	0.01315	0.04414	0.64121	0.03475	0.03381	0.03099	0.02536	0.01127	0.00845	0.00282	0.00657	0.00939	0.00845	0.01315
17	0.01961	0.01877	0.03201	0.17503	0.53960	0.01949	0.02502	0.02466	0.01847	0.02599	0.01546	0.02087	0.01275	0.00758	0.00824	0.00253	0.01010	0.00740	0.00403	0.01239
18	0.00982	0.00842	0.00842	0.00842	0.01122	0.00701	0.00631	0.01192	0.01894	0.02244	0.08416	0.07995	0.65285	0.02104	0.00982	0.00281	0.00421	0.01753	0.00771	0.00701
19	0.02056	0.01974	0.03372	0.05099	0.65622	0.01974	0.02550	0.02550	0.01892	0.02714	0.01563	0.02056	0.01316	0.00740	0.00822	0.00247	0.00987	0.00740	0.00411	0.01316
20	0.01187	0.00890	0.01335	0.01335	0.01483	0.01038	0.01038	0.01483	0.01335	0.01928	0.02225	0.03264	0.02077	0.06231	0.67512	0.01335	0.02225	0.00890	0.00445	0.00742
21	0.01187	0.00890	0.01335	0.01335	0.01483	0.01038	0.01038	0.01483	0.01335	0.01928	0.02225	0.03264	0.02077	0.06231	0.67512	0.01335	0.02225	0.00890	0.00445	0.00742
22	0.02183	0.66729	0.08597	0.01486	0.02232	0.03194	0.01534	0.02497	0.01692	0.02001	0.01178	0.01361	0.01065	0.00716	0.00551	0.00184	0.00912	0.00456	0.00355	0.01077
23	0.02948	0.02451	0.02285	0.01835	0.02392	0.14090	0.01468	0.45291	0.03352	0.04326	0.01940	0.02175	0.01487	0.05372	0.01018	0.00275	0.00987	0.00740	0.04324	0.01244
24	0.02368	0.02260	0.02021	0.01693	0.02208	0.18847	0.01329	0.16838	0.08840	0.03078	0.01869	0.02124	0.01506	0.01743	0.11703	0.00392	0.01184	0.00675	0.00584	0.18736
25	0.02389	0.02440	0.02649	0.06256	0.21432	0.19128	0.01910	0.12383	0.02217	0.02767	0.01801	0.02151	0.04292	0.01011	0.01156	0.00263	0.13413	0.00734	0.00491	0.01117
26	0.01962	0.01892	0.02793	0.03053	0.21484	0.02373	0.02027	0.05431	0.01602	0.02390	0.01283	0.01900	0.01176	0.01213	0.02046	0.00322	0.44858	0.00732	0.00403	0.01060
27	0.00982	0.00842	0.00842	0.00842	0.01122	0.00701	0.00631	0.01192	0.01894	0.02244	0.08416	0.07995	0.65285	0.02104	0.00982	0.00281	0.00421	0.01753	0.00771	0.00701
28	0.02221	0.71304	0.04353	0.01421	0.02132	0.03287	0.01421	0.02488	0.01688	0.01955	0.01155	0.01333	0.01066	0.00711	0.00533	0.00178	0.00888	0.00444	0.00355	0.01066
29	0.02255	0.02038	0.03213	0.04524	0.54243	0.02083	0.02374	0.13433	0.02255	0.03169	0.01641	0.02045	0.01333	0.00787	0.00824	0.00247	0.00974	0.00742	0.00487	0.01333
30	0.08814	0.12018	0.02841	0.03089	0.30019	0.02155	0.01833	0.03122	0.19749	0.05229	0.02053	0.02215	0.01620	0.00861	0.00760	0.00248	0.00837	0.00732	0.00560	0.01245
31	0.01317	0.01082	0.01586	0.01510	0.01628	0.01350	0.01200	0.01590	0.01322	0.01943	0.01990	0.02964	0.01873	0.05241	0.54094	0.01134	0.16115	0.00856	0.00428	0.00776
32	0.01012	0.00723	0.00964	0.01157	0.01205	0.00675	0.00771	0.01157	0.01591	0.02121	0.04579	0.70262	0.05495	0.02603	0.01060	0.00337	0.00482	0.02362	0.00771	0.00675
33	0.01265	0.01015	0.01377	0.01368	0.01528	0.03739	0.01061	0.01558	0.01377	0.01933	0.02187	0.03192	0.02036	0.06012	0.64798	0.01290	0.02196	0.00876	0.00444	0.00751
34	0.02056	0.01974	0.03372	0.05099	0.65622	0.01974	0.02550	0.02550	0.01892	0.02714	0.01563	0.02056	0.01316	0.00740	0.00822	0.00247	0.00987	0.00740	0.00411	0.01316
35	0.01527	0.01391	0.01988	0.01792	0.01860	0.01851	0.01459	0.01762	0.01301	0.01967	0.01613	0.02483	0.01544	0.03652	0.32544	0.00811	0.38420	0.00802	0.00401	0.00832
36	0.01176	0.00849	0.01110	0.01045	0.01241	0.00784	0.00784	0.01568	0.02352	0.03331	0.65184	0.06206	0.07839	0.01698	0.00980	0.00261	0.00392	0.01502	0.00914	0.00784
37	0.20597	0.01458	0.01764	0.01389	0.02002	0.01370	0.01147	0.03677	0.02155	0.51750	0.02787	0.02486	0.01789	0.00969	0.00761	0.00257	0.00692	0.00746	0.00909	0.01295
38	0.02047	0.01990	0.03444	0.04776	0.56589	0.01991	0.08240	0.02653	0.05001	0.02747	0.01665	0.02126	0.01371	0.00756	0.00839	0.00252	0.01010	0.00773	0.00434	0.01297
39	0.15516	0.01657	0.01775	0.01332	0.02016	0.01516	0.01079	0.13405	0.02071	0.03359	0.01515	0.01706	0.01205	0.00714	0.00637	0.00171	0.00676	0.00532	0.00559	0.48561
40	0.01772	0.01444	0.04114	0.01381	0.01776	0.01374	0.01159	0.20290	0.02474	0.03252	0.04812	0.11471	0.23672	0.01733	0.00945	0.00289	0.00671	0.11922	0.04493	0.00954
41	0.01049	0.00738	0.00953	0.01110	0.01149	0.00699	0.00721	0.01166	0.01519	0.02025	0.04209	0.58055	0.05029	0.15446	0.01657	0.00426	0.00543	0.02144	0.00721	0.00642
42	0.01961	0.02241	0.04902	0.03501	0.04342	0.02101	0.62605	0.02661	0.01961	0.02661	0.01681	0.02241	0.01261	0.00700	0.00980	0.00280	0.01401	0.00980	0.00420	0.01120
43	0.02105	0.57267	0.17372	0.01620	0.02439	0.03003	0.01767	0.02518	0.01702	0.02096	0.01225	0.01421	0.01063	0.00727	0.00587	0.00196	0.00959	0.00480	0.00354	0.01100
44	0.01009	0.00737	0.00950	0.01120	0.01195	0.00678	0.00755	0.01161	0.01625	0.02135	0.05022	0.63076	0.12395	0.02545	0.01051	0.00331	0.00475	0.02291	0.00771	0.00678
45	0.01089	0.00875	0.00980	0.01002	0.01226	0.00795	0.00732	0.01449	0.05823	0.02473	0.16605	0.21817	0.37968	0.02091	0.00991	0.00291	0.00445	0.01801	0.00800	0.00748
46	0.01113	0.00847	0.01024	0.00979	0.01203	0.00757	0.00735	0.01446	0.02204	0.02980	0.46852	0.06783	0.26390	0.01829	0.00980	0.00267	0.00401	0.01583	0.00868	0.00757
47	0.02201	0.01852	0.01954	0.01718	0.02212	0.02129	0.01348	0.11629	0.56688	0.03692	0.03210	0.02963	0.02397	0.01111	0.00844	0.00278	0.00689	0.00916	0.00844	0.01327
48	0.01176	0.00849	0.01110	0.01045	0.01241	0.00784	0.00784	0.01568	0.02352	0.03331	0.65184	0.06206	0.07839	0.01698	0.00980	0.00261	0.00392	0.01502	0.00914	0.00784
49	0.01976	0.01955	0.03507	0.07452	0.42772	0.01954	0.16092	0.02615	0.05254	0.02739	0.04246	0.02329	0.01621	0.00795	0.00866	0.00258	0.01045	0.00836	0.00455	0.01231
50	0.00994	0.00842	0.00859	0.00854	0.01130	0.00707	0.00641	0.01216	0.01922	0.02313	0.11995	0.07882	0.61663	0.02078	0.00982	0.00279	0.00419	0.01737	0.00780	0.00707
51	0.01936	0.31411	0.19853	0.02204	0.03037	0.02462	0.18325	0.02486	0.01772	0.02325	0.01597	0.06030	0.01394	0.00847	0.00751	0.00237	0.01086	0.00752	0.00398	0.01097
52	0.02029	0.02132	0.07683	0.04913	0.61387	0.01971	0.02585	0.02555	0.01882	0.02708	0.01558	0.02035	0.01298	0.00744	0.00820	0.00248	0.01003	0.00732	0.00407	0.01310
53	0.02848	0.23443	0.02933	0.01932	0.02442	0.48901	0.01552	0.03077	0.02161	0.02010	0.01247	0.01450	0.01069	0.00814	0.00687	0.00204	0.01322	0.00509	0.00407	0.00993
54	0.08927	0.18143	0.06803	0.13752	0.06091	0.06018	0.01525	0.02206	0.01915	0.02663	0.20567	0.03041	0.03112	0.01052	0.00767	0.00240	0.00822	0.00850	0.00549	0.00958
55	0.08983	0.02738	0.28436	0.02376	0.13035	0.01760	0.02123	0.08156	0.01931	0.02964	0.01793	0.07907	0.01539	0.00936	0.00771	0.00245	0.00946	0.00770	0.00481	0.12111
56	0.02043	0.11677	0.14261	0.01603	0.02336	0.01860	0.01545	0.16502	0.02326	0.03273	0.10433	0.02364	0.02138	0.00902	0.00738	0.00206	0.00806	0.00709	0.00586	0.23690
57	0.05320	0.52443	0.03878	0.01640	0.02276	0.12542	0.04184	0.02593	0.01768	0.02071	0.01195	0.01420	0.01070	0.00767	0.00682	0.00199	0.04043	0.00494	0.00376	0.01040
58	0.02411	0.18921	0.03297	0.03340	0.31644	0.22025	0.01999	0.02766	0.01983	0.02330	0.01383	0.01717	0.01183	0.00768	0.00732	0.00221	0.01118	0.00609	0.00403	0.01151
59	0.01096	0.00854	0.01005	0.01019	0.01248	0.00762	0.00786	0.01387	0.02031	0.02628	0.26268	0.10756	0.35066	0.02023	0.01008	0.00291	0.00462	0.09757	0.00817	0.00736
60	0.01002	0.00762	0.00923	0.01052	0.01177	0.00684	0.00725	0.01169	0.01691	0.02162	0.05851	0.49615	0.25320	0.02437	0.01034	0.00319	0.00462	0.02160	0.00771	0.00684
61	0.01665	0.01177	0.01348	0.01210	0.01390	0.01259	0.00841	0.15788	0.01864	0.02515	0.02409	0.04284	0.02493	0.44227	0.13341	0.00757	0.01053	0.01050	0.00572	0.00755
62	0.01095	0.00758	0.00939	0.01051	0.01078	0.00730	0.00658	0.01179	0.01428	0.01905	0.03748	0.42792	0.04446	0.31504	0.02403	0.00536	0.00619	0.01873	0.00658	0.00602
63	0.02106	0.01465	0.01762	0.01278	0.01998	0.01129	0.01030	0.02466	0.01848	0.14846	0.01821	0.01934	0.01388	0.00694	0.00657	0.00149	0.00633	0.00558	0.00595	0.61645
64	0.02056	0.01974	0.03372	0.05099	0.65622	0.01974	0.02550	0.02550	0.01892	0.02714	0.01563	0.02056	0.01316	0.00740	0.00822	0.00247	0.00987	0.00740	0.00411	0.01316
65	0.18757	0.02082	0.07822	0.03924	0.43958	0.01951	0.04691	0.02536	0.01777	0.02933	0.01471	0.01882	0.01200	0.00749	0.00757	0.00252	0.00945	0.00675	0.00430	0.01208
66	0.02059	0.02021	0.03236	0.11213	0.56699	0.05120	0.02480	0.02545	0.01891	0.02623	0.01541	0.02045	0.01284	0.00755	0.00820	0.00248	0.01023	0.00730	0.00408	0.01260
67	0.02854	0.02289	0.02315	0.01866	0.02461	0.06867	0.01508	0.42729	0.20346	0.04533	0.02327	0.02264	0.01698	0.01023	0.00829	0.00256	0.00883	0.00786	0.00807	0.01355
68	0.01193	0.00866	0.01214	0.01214	0.01320	0.00973	0.00887	0.01406	0.01299	0.01839	0.02336	0.03877	0.02343	0.24458	0.49649	0.01186	0.01824	0.00980	0.00462	0.00674
69	0.01116	0.00830	0.01062	0.01209	0.01361	0.00777	0.00931	0.01357	0.01771	0.02274	0.05422	0.34918	0.19352	0.02381	0.01071	0.00339	0.00564	0.21786	0.00769	0.00712
70	0.02056	0.01974	0.03372	0.05099	0.65622	0.01974	0.02550	0.02550	0.01892	0.02714	0.01563	0.02056	0.01316	0.00740	0.00822	0.00247	0.00987	0.00740	0.00411	0.01316
71	0.00982	0.00842	0.00842	0.00842	0.01122	0.00701	0.00631	0.01192	0.01894	0.02244	0.08416	0.07995	0.65285	0.02104	0.00982	0.00281	0.00421	0.01753	0.00771	0.00701
72	0.01799	0.01433	0.01724	0.01801	0.09610	0.01494	0.01224	0.06582	0.23856	0.06203	0.16006	0.04584	0.17438	0.01396	0.00898	0.00270	0.00613	0.01189	0.00796	0.01086
73	0.76672	0.01607	0.01221	0.01092	0.01607	0.01864	0.00900	0.02442	0.01414	0.03727	0.01157	0.01350	0.00900	0.00771	0.00514	0.00257	0.00643	0.00450	0.00514	0.00900
74	0.02221	0.71304	0.04353	0.01421	0.02132	0.03287	0.01421	0.02488	0.01688	0.01955	0.01155	0.01333	0.01066	0.00711	0.00533	0.00178	0.00888	0.00444	0.00355	0.01066
75	0.01443	0.00722	0.01082	0.01082	0.01082	0.00722	0.00722	0.01082	0.01082	0.01443	0.01443	0.02525	0.01443	0.02886	0.03247	0.75830	0.00722	0.00722	0.00361	0.00361
76	0.02955	0.02072	0.02258	0.01777	0.02392	0.02257	0.01453	0.44810	0.12261	0.11616	0.02662	0.02550	0.04884	0.01075	0.00841	0.00256	0.00829	0.00836	0.00852	0.01363
77	0.02042	0.20444	0.16831	0.03131	0.20944	0.05026	0.15100	0.02606	0.01845	0.02462	0.01457	0.01824	0.01176	0.00739	0.00772	0.00238	0.01120	0.00681	0.00387	0.01177
78	0.01188	0.00886	0.01314	0.01314	0.01455	0.01027	0.01012	0.01470	0.01329	0.01913	0.02245	0.03372	0.02124	0.09450	0.64357	0.01309	0.02154	0.00906	0.00448	0.00730
79	0.01723	0.01477	0.01723	0.01230	0.01969	0.01107	0.00984	0.02092	0.01723	0.02707	0.01477	0.01723	0.01230	0.00615	0.00615	0.00123	0.00615	0.00492	0.00492	0.75883
80	0.02057	0.01956	0.03229	0.04773	0.59544	0.01983	0.02431	0.02728	0.07851	0.02787	0.01737	0.02156	0.01433	0.00777	0.00825	0.00250	0.00955	0.00759	0.00453	0.01316
81	0.01723	0.14651	0.41049	0.02063	0.02937	0.02137	0.02409	0.02395	0.01662	0.02379	0.01748	0.02066	0.04206	0.01191	0.04197	0.00315	0.10714	0.00670	0.00378	0.01108
82	0.02117	0.02112	0.03384	0.04833	0.58591	0.06110	0.05484	0.02604	0.01924	0.02668	0.01551	0.02030	0.01298	0.00746	0.00826	0.00246	0.01040	0.00739	0.00413	0.01284
83	0.02527	0.14209	0.02400	0.01791	0.02222	0.42892	0.01404	0.02757	0.02098	0.02037	0.02228	0.02431	0.09087	0.01467	0.06710	0.00317	0.01331	0.00702	0.00460	0.00928
84	0.02342	0.07465	0.28669	0.02559	0.10747	0.29292	0.02307	0.02899	0.02017	0.02356	0.01396	0.01662	0.01093	0.00807	0.00763	0.00236	0.01292	0.00588	0.00391	0.01120
85	0.01646	0.01782	0.13302	0.01856	0.05305	0.01404	0.01648	0.02537	0.15248	0.05026	0.03490	0.11875	0.03421	0.01678	0.00982	0.00324	0.00807	0.25959	0.00700	0.01009
86	0.00994	0.00842	0.00859	0.00854	0.01130	0.00707	0.00641	0.01216	0.01922	0.02313	0.11995	0.07882	0.61663	0.02078	0.00982	0.00279	0.00419	0.01737	0.00780	0.00707
87	0.01549	0.00774	0.00774	0.00774	0.00968	0.00774	0.00581	0.01936	0.01742	0.03097	0.02710	0.03097	0.02129	0.00968	0.00581	0.00194	0.00387	0.00774	0.75416	0.00774
88	0.01024	0.00750	0.00963	0.01107	0.01198	0.00688	0.00755	0.01200	0.01701	0.02252	0.10857	0.56440	0.13100	0.02454	0.01043	0.00323	0.00466	0.02204	0.00785	0.00688
89	0.03647	0.01432	0.01926	0.01488	0.02123	0.01262	0.01226	0.04066	0.05346	0.63182	0.03282	0.02841	0.02079	0.01033	0.00836	0.00258	0.00705	0.00840	0.01019	0.01409
90	0.01208	0.00805	0.00906	0.00906	0.00906	0.00805	0.00503	0.01208	0.01208	0.01611	0.02618	0.05436	0.03020	0.70804	0.04228	0.00805	0.00805	0.01208	0.00503	0.00503
91	0.01254	0.00858	0.01098	0.01059	0.01265	0.00780	0.00786	0.01586	0.02191	0.06090	0.46900	0.15443	0.13872	0.01843	0.00985	0.00274	0.00424	0.01622	0.00883	0.00789
92	0.01321	0.01204	0.02205	0.01891	0.02192	0.01151	0.19606	0.01653	0.01673	0.02262	0.03419	0.41656	0.03803	0.02453	0.08892	0.00438	0.00967	0.01768	0.00626	0.00818
93	0.02043	0.02019	0.03364	0.10576	0.53714	0.04314	0.06707	0.02547	0.01892	0.02633	0.01553	0.02063	0.01285	0.00750	0.00832	0.00251	0.01045	0.00750	0.00409	0.01254
94	0.02185	0.02219	0.03246	0.04734	0.57838	0.10059	0.02433	0.02644	0.01949	0.02630	0.01528	0.01987	0.01286	0.00754	0.00813	0.00243	0.01050	0.00715	0.00413	0.01272
95	0.05305	0.33701	0.03433	0.08177	0.02657	0.02526	0.09027	0.04770	0.01709	0.02273	0.01428	0.01872	0.01244	0.01576	0.10170	0.00385	0.07696	0.00640	0.00405	0.01006
96	0.01164	0.00858	0.01050	0.01126	0.01237	0.00840	0.00766	0.01519	0.07238	0.02334	0.13198	0.39838	0.08335	0.14621	0.01597	0.00403	0.00540	0.01868	0.00750	0.00718
97	0.01486	0.01289	0.01992	0.02736	0.28022	0.01247	0.01500	0.01847	0.01946	0.02696	0.19525	0.18706	0.10567	0.01540	0.00932	0.00274	0.00662	0.01399	0.00659	0.00973
98	0.12798	0.05202	0.02761	0.03598	0.40075	0.04629	0.01969	0.06543	0.01957	0.02915	0.02016	0.05264	0.04956	0.00924	0.00781	0.00250	0.00895	0.00805	0.00489	0.01174
99	0.09784	0.03500	0.13936	0.02374	0.09178	0.39009	0.01898	0.06315	0.02194	0.02550	0.01377	0.01615	0.01095	0.00832	0.00746	0.00232	0.01282	0.00574	0.00443	0.01066

[dist]
# distance from previous block
# <min> <max>
0	5

[block]
# block no. 1 follows, 22 sequences, length 67
# corresponding to MSA columns:
# 163-229
name=unknown_B
#
# <colnr> <probs for GDERKNQSTAVLIFYWHMCP>
#	G	D	E	R	K	N	Q	S	T	A	V	L	I	F	Y	W	H	M	C	P
0	0.01978	0.10951	0.18853	0.03931	0.40572	0.02127	0.04810	0.02566	0.01836	0.02600	0.01500	0.01902	0.01220	0.00747	0.00785	0.00244	0.01049	0.00683	0.00390	0.01257
1	0.01846	0.02927	0.29660	0.03212	0.20121	0.01942	0.13737	0.02730	0.07288	0.02726	0.01839	0.02380	0.01456	0.00856	0.00854	0.00269	0.01125	0.03372	0.00441	0.01219
2	0.01625	0.02294	0.19922	0.02844	0.15813	0.01614	0.16341	0.02192	0.01783	0.02507	0.02449	0.21877	0.02449	0.01286	0.00920	0.00285	0.01002	0.01235	0.00502	0.01060
3	0.01808	0.01685	0.02798	0.04153	0.50419	0.01669	0.02123	0.02223	0.01836	0.02580	0.02468	0.15000	0.05325	0.01154	0.00875	0.00265	0.00865	0.01092	0.00496	0.01166
4	0.01549	0.00774	0.00774	0.00774	0.00968	0.00774	0.00581	0.01936	0.01742	0.03097	0.02710	0.03097	0.02129	0.00968	0.00581	0.00194	0.00387	0.00774	0.75416	0.00774
5	0.01925	0.01638	0.01820	0.01444	0.02073	0.01554	0.01143	0.05852	0.26440	0.03128	0.02252	0.02279	0.01754	0.00835	0.00716	0.00192	0.00646	0.00681	0.00647	0.42981
6	0.02376	0.18855	0.11585	0.02800	0.21095	0.07095	0.02016	0.16733	0.04460	0.03090	0.01600	0.01827	0.01269	0.00821	0.00747	0.00232	0.01004	0.00648	0.00504	0.01243
7	0.02615	0.32936	0.03070	0.01617	0.02208	0.17833	0.01397	0.05774	0.07484	0.11448	0.02064	0.02084	0.04391	0.00906	0.00689	0.00215	0.00965	0.00640	0.00553	0.01112
8	0.01369	0.17501	0.01730	0.01030	0.01362	0.01394	0.00822	0.01645	0.04484	0.02101	0.05287	0.05679	0.34543	0.15839	0.01537	0.00364	0.00621	0.01296	0.00622	0.00774
9	0.01208	0.00805	0.00906	0.00906	0.00906	0.00805	0.00503	0.01208	0.01208	0.01611	0.02618	0.05436	0.03020	0.70804	0.04228	0.00805	0.00805	0.01208	0.00503	0.00503
10	0.02753	0.08132	0.02391	0.01750	0.02350	0.02333	0.01440	0.31708	0.24352	0.10195	0.02522	0.02398	0.01832	0.01020	0.00810	0.00255	0.00803	0.00796	0.00813	0.01349
11	0.03091	0.02287	0.02457	0.01880	0.02548	0.02508	0.01551	0.60011	0.03804	0.05117	0.01970	0.01982	0.01404	0.00979	0.00821	0.00243	0.00900	0.00736	0.00815	0.04896
12	0.17151	0.05330	0.14412	0.02211	0.13585	0.07845	0.01730	0.02571	0.01785	0.05860	0.01485	0.01728	0.01163	0.00748	0.00684	0.00216	0.00901	0.00569	0.00469	0.19555
13	0.02732	0.19429	0.02756	0.01889	0.02401	0.38995	0.01514	0.05956	0.12118	0.02388	0.01620	0.01737	0.01318	0.00871	0.00717	0.00218	0.01194	0.00588	0.00495	0.01064
14	0.01808	0.01345	0.01443	0.01269	0.01626	0.04540	0.00986	0.10537	0.08111	0.08823	0.28452	0.05232	0.19407	0.01545	0.00923	0.00263	0.00579	0.01299	0.00848	0.00964
15	0.01216	0.00942	0.01389	0.01380	0.01509	0.01114	0.01070	0.01491	0.01353	0.01950	0.02352	0.09066	0.02308	0.05570	0.57032	0.01178	0.06856	0.01008	0.00468	0.00748
16	0.02288	0.02342	0.02963	0.03846	0.40197	0.15390	0.04404	0.07930	0.02167	0.02761	0.02037	0.02367	0.05836	0.00882	0.00825	0.00244	0.01061	0.00780	0.00478	0.01201
17	0.01254	0.01399	0.11540	0.01256	0.01617	0.00967	0.01148	0.01737	0.02256	0.03220	0.55025	0.05495	0.06756	0.01553	0.00949	0.00262	0.00525	0.01361	0.00825	0.00855
18	0.01549	0.00774	0.00774	0.00774	0.00968	0.00774	0.00581	0.01936	0.01742	0.03097	0.02710	0.03097	0.02129	0.00968	0.00581	0.00194	0.00387	0.00774	0.75416	0.00774
19	0.01187	0.00890	0.01335	0.01335	0.01483	0.01038	0.01038	0.01483	0.01335	0.01928	0.02225	0.03264	0.02077	0.06231	0.67512	0.01335	0.02225	0.00890	0.00445	0.00742
20	0.02131	0.02379	0.05667	0.03718	0.39597	0.16770	0.02096	0.02544	0.01991	0.02491	0.02430	0.02724	0.09964	0.00955	0.00826	0.00245	0.01038	0.00826	0.00461	0.01147
21	0.01780	0.18057	0.53738	0.02173	0.03295	0.02208	0.02731	0.02601	0.01740	0.02492	0.01422	0.01667	0.01055	0.00773	0.00737	0.00246	0.01158	0.00579	0.00352	0.01195
22	0.03103	0.03959	0.02354	0.02140	0.02568	0.67469	0.01605	0.03317	0.02354	0.02033	0.01284	0.01498	0.01070	0.00856	0.00749	0.00214	0.01498	0.00535	0.00428	0.00963
23	0.03103	0.03959	0.02354	0.02140	0.02568	0.67469	0.01605	0.03317	0.02354	0.02033	0.01284	0.01498	0.01070	0.00856	0.00749	0.00214	0.01498	0.00535	0.00428	0.00963
24	0.01190	0.00877	0.01267	0.01267	0.01391	0.01001	0.00953	0.01440	0.01315	0.01878	0.02288	0.03610	0.02227	0.16530	0.57418	0.01251	0.01999	0.00941	0.00454	0.00704
25	0.03158	0.02327	0.02493	0.01911	0.02576	0.02576	0.01579	0.62852	0.03906	0.05236	0.01995	0.01995	0.01413	0.00997	0.00831	0.00249	0.00914	0.00748	0.00831	0.01413
26	0.00999	0.00842	0.00865	0.00859	0.01132	0.00708	0.00644	0.01225	0.01933	0.02339	0.13353	0.07839	0.60289	0.02069	0.00982	0.00279	0.00418	0.01731	0.00784	0.00708
27	0.01767	0.01676	0.02798	0.30156	0.36024	0.01811	0.02284	0.02259	0.01800	0.02437	0.02132	0.02643	0.06872	0.00896	0.00840	0.00262	0.00985	0.00829	0.00426	0.01105
28	0.03116	0.03574	0.02387	0.02086	0.02570	0.52158	0.01599	0.17364	0.02720	0.02789	0.01452	0.01615	0.01151	0.00889	0.00768	0.00222	0.01360	0.00585	0.00523	0.01069
29	0.01035	0.00740	0.00991	0.01183	0.01242	0.00695	0.00812	0.01197	0.01613	0.02147	0.04566	0.65917	0.05444	0.02581	0.01067	0.00341	0.00502	0.06477	0.00771	0.00681
30	0.01204	0.00823	0.00994	0.00994	0.01025	0.00853	0.00613	0.01265	0.01234	0.01676	0.02537	0.04990	0.02827	0.57544	0.17224	0.00914	0.01097	0.01143	0.00491	0.00552
31	0.01012	0.00723	0.00964	0.01157	0.01205	0.00675	0.00771	0.01157	0.01591	0.02121	0.04579	0.70262	0.05495	0.02603	0.01060	0.00337	0.00482	0.02362	0.00771	0.00675
32	0.01187	0.00890	0.01335	0.01335	0.01483	0.01038	0.01038	0.01483	0.01335	0.01928	0.02225	0.03264	0.02077	0.06231	0.67512	0.01335	0.02225	0.00890	0.00445	0.00742
33	0.01083	0.00814	0.00931	0.00992	0.01133	0.00747	0.00689	0.01235	0.01634	0.02059	0.05563	0.21620	0.28892	0.21513	0.01925	0.00450	0.00573	0.06808	0.00696	0.00645
34	0.01666	0.04297	0.66500	0.02368	0.03596	0.01929	0.03069	0.02631	0.01754	0.02631	0.01491	0.01754	0.01052	0.00789	0.00789	0.00263	0.01228	0.00614	0.00351	0.01228
35	0.00994	0.00794	0.00891	0.00968	0.01155	0.00691	0.00688	0.01178	0.01772	0.02194	0.06872	0.33051	0.41225	0.02305	0.01013	0.00303	0.00445	0.01998	0.00771	0.00691
36	0.03158	0.02327	0.02493	0.01911	0.02576	0.02576	0.01579	0.62852	0.03906	0.05236	0.01995	0.01995	0.01413	0.00997	0.00831	0.00249	0.00914	0.00748	0.00831	0.01413
37	0.01954	0.02221	0.04789	0.03438	0.04238	0.02122	0.59680	0.02629	0.01928	0.02629	0.01652	0.02221	0.01252	0.00737	0.01064	0.00284	0.04667	0.00968	0.00417	0.01110
38	0.13175	0.04925	0.02184	0.02154	0.15040	0.01699	0.01437	0.08525	0.06589	0.23362	0.02804	0.02749	0.07214	0.01002	0.00778	0.00250	0.00751	0.00811	0.00724	0.03826
39	0.01356	0.01161	0.01425	0.01406	0.01579	0.06894	0.01088	0.01645	0.01425	0.01938	0.02142	0.03108	0.01988	0.05757	0.61627	0.01236	0.02161	0.00859	0.00444	0.00761
40	0.01054	0.00761	0.00931	0.01047	0.01121	0.00710	0.00686	0.01175	0.01549	0.02020	0.04728	0.45035	0.14448	0.18615	0.01795	0.00439	0.00549	0.01992	0.00708	0.00639
41	0.01780	0.06370	0.49174	0.02975	0.18173	0.01993	0.02882	0.02606	0.01784	0.02624	0.01495	0.01809	0.01115	0.00775	0.00787	0.00256	0.01158	0.00637	0.00365	0.01242
42	0.02035	0.01953	0.03334	0.07813	0.63070	0.01968	0.02539	0.02531	0.01882	0.02689	0.01559	0.02063	0.01307	0.00744	0.00823	0.00248	0.00992	0.00740	0.00409	0.01299
43	0.01012	0.00723	0.00964	0.01157	0.01205	0.00675	0.00771	0.01157	0.01591	0.02121	0.04579	0.70262	0.05495	0.02603	0.01060	0.00337	0.00482	0.02362	0.00771	0.00675
44	0.01208	0.00805	0.00906	0.00906	0.00906	0.00805	0.00503	0.01208	0.01208	0.01611	0.02618	0.05436	0.03020	0.70804	0.04228	0.00805	0.00805	0.01208	0.00503	0.00503
45	0.02401	0.02055	0.07834	0.01873	0.04763	0.01980	0.01531	0.38409	0.03008	0.04061	0.02632	0.20456	0.02482	0.01403	0.00889	0.00274	0.00828	0.01173	0.00755	0.01193
46	0.02527	0.01879	0.02057	0.01704	0.02197	0.02057	0.01354	0.42350	0.08564	0.04304	0.02761	0.19153	0.02531	0.01410	0.00890	0.00274	0.00784	0.01168	0.00817	0.01220
47	0.01199	0.00842	0.01093	0.01093	0.01158	0.00907	0.00737	0.01328	0.01264	0.01749	0.02446	0.04488	0.02609	0.42626	0.31844	0.01037	0.01425	0.01069	0.00478	0.00607
48	0.03117	0.03547	0.02389	0.02082	0.02570	0.51073	0.01599	0.18360	0.02746	0.02842	0.01464	0.01624	0.01157	0.00892	0.00770	0.00223	0.01351	0.00589	0.00530	0.01077
49	0.00991	0.00842	0.00854	0.00851	0.01128	0.00705	0.00638	0.01210	0.01915	0.02295	0.11071	0.07911	0.62598	0.02085	0.00982	0.00280	0.00419	0.01742	0.00778	0.00705
50	0.01723	0.01477	0.01723	0.01230	0.01969	0.01107	0.00984	0.02092	0.01723	0.02707	0.01477	0.01723	0.01230	0.00615	0.00615	0.00123	0.00615	0.00492	0.00492	0.75883
51	0.01176	0.00849	0.01110	0.01045	0.01241	0.00784	0.00784	0.01568	0.02352	0.03331	0.65184	0.06206	0.07839	0.01698	0.00980	0.00261	0.00392	0.01502	0.00914	0.00784
52	0.01123	0.00886	0.01017	0.00977	0.01225	0.00800	0.00735	0.01513	0.04775	0.02828	0.35943	0.06911	0.34531	0.01864	0.00975	0.00271	0.00417	0.01596	0.00845	0.00768
53	0.01159	0.00849	0.01087	0.01027	0.01231	0.00777	0.00770	0.01535	0.02311	0.03236	0.60180	0.06363	0.12902	0.01734	0.00980	0.00263	0.00394	0.01525	0.00902	0.00777
54	0.03107	0.03843	0.02364	0.02124	0.02569	0.62839	0.01603	0.07565	0.02465	0.02262	0.01335	0.01534	0.01095	0.00866	0.00755	0.00217	0.01456	0.00550	0.00457	0.00995
55	0.02095	0.01682	0.01790	0.01581	0.02050	0.01878	0.01238	0.09096	0.46987	0.06630	0.03958	0.03673	0.11190	0.01247	0.00863	0.00277	0.00649	0.01031	0.00843	0.01243
56	0.01919	0.34835	0.38177	0.01937	0.02929	0.02548	0.02318	0.02566	0.01724	0.02323	0.01338	0.01562	0.01059	0.00753	0.00672	0.00224	0.01073	0.00537	0.00353	0.01154
57	0.03103	0.03959	0.02354	0.02140	0.02568	0.67469	0.01605	0.03317	0.02354	0.02033	0.01284	0.01498	0.01070	0.00856	0.00749	0.00214	0.01498	0.00535	0.00428	0.00963
58	0.02293	0.02158	0.01976	0.01755	0.02189	0.15395	0.01367	0.12664	0.31181	0.03179	0.02535	0.02629	0.01982	0.01945	0.12498	0.00447	0.01144	0.00818	0.00687	0.01157
59	0.01314	0.01092	0.01442	0.01265	0.01587	0.01014	0.06534	0.06850	0.02154	0.02793	0.20343	0.13114	0.33659	0.01832	0.00976	0.00279	0.00555	0.01598	0.00778	0.00820
60	0.01267	0.01027	0.01403	0.01640	0.11480	0.00953	0.01027	0.01629	0.02162	0.02958	0.40693	0.05996	0.21313	0.01648	0.00955	0.00264	0.00494	0.01444	0.00798	0.00848
61	0.01639	0.01614	0.01576	0.01525	0.01739	0.16712	0.01172	0.01916	0.01576	0.01953	0.02003	0.02847	0.01839	0.04962	0.51760	0.01071	0.02054	0.00806	0.00441	0.00794
62	0.01202	0.00829	0.01026	0.01026	0.01068	0.00871	0.00654	0.01285	0.01244	0.01700	0.02507	0.04827	0.02755	0.52684	0.21987	0.00954	0.01204	0.01119	0.00487	0.00570
63	0.02407	0.01708	0.01889	0.01647	0.02152	0.01893	0.01296	0.04339	0.51442	0.16355	0.03360	0.03044	0.02437	0.01107	0.00843	0.00277	0.00668	0.00918	0.00883	0.01335
64	0.03103	0.03959	0.02354	0.02140	0.02568	0.67469	0.01605	0.03317	0.02354	0.02033	0.01284	0.01498	0.01070	0.00856	0.00749	0.00214	0.01498	0.00535	0.00428	0.00963
65	0.02844	0.23725	0.02941	0.01929	0.02440	0.48632	0.01551	0.03074	0.02159	0.02010	0.01246	0.01450	0.01069	0.00813	0.00686	0.00203	0.01319	0.00508	0.00407	0.00993
66	0.02348	0.02527	0.03088	0.04275	0.48059	0.20217	0.02286	0.02763	0.02020	0.02524	0.01485	0.01901	0.01247	0.00772	0.00802	0.00238	0.01129	0.00683	0.00416	0.01218

[dist]
# distance from previous block
# <min> <max>
0	1

[block]
# block no. 2 follows, 22 sequences, length 85
# corresponding to MSA columns:
# 231-315
name=unknown_C
#
# <colnr> <probs for GDERKNQSTAVLIFYWHMCP>
#	G	D	E	R	K	N	Q	S	T	A	V	L	I	F	Y	W	H	M	C	P
0	0.02318	0.02471	0.03117	0.04359	0.49849	0.18357	0.02313	0.02742	0.02007	0.02544	0.01493	0.01917	0.01254	0.00769	0.00804	0.00239	0.01115	0.00689	0.00415	0.01228
1	0.02769	0.01983	0.02170	0.01703	0.02276	0.02143	0.01391	0.47615	0.03492	0.07608	0.11636	0.02995	0.06089	0.01165	0.00862	0.00253	0.00800	0.00920	0.00849	0.01280
2	0.02108	0.02072	0.03322	0.04953	0.62503	0.05214	0.02503	0.02588	0.01914	0.02680	0.01549	0.02028	0.01304	0.00746	0.00819	0.00245	0.01012	0.00730	0.00412	0.01298
3	0.02044	0.49944	0.24164	0.01723	0.02599	0.02854	0.01947	0.02533	0.01709	0.02170	0.01262	0.01467	0.01062	0.00736	0.00615	0.00205	0.00997	0.00498	0.00354	0.01118
4	0.01703	0.04043	0.58891	0.02508	0.03688	0.01951	0.10424	0.02635	0.01779	0.02635	0.01514	0.01814	0.01078	0.00778	0.00813	0.00265	0.01249	0.00659	0.00359	0.01214
5	0.02056	0.01974	0.03372	0.05099	0.65622	0.01974	0.02550	0.02550	0.01892	0.02714	0.01563	0.02056	0.01316	0.00740	0.00822	0.00247	0.00987	0.00740	0.00411	0.01316
6	0.01729	0.01499	0.01776	0.01293	0.01983	0.01201	0.01039	0.02086	0.01693	0.02661	0.01451	0.01729	0.01221	0.00670	0.00753	0.00139	0.05097	0.00508	0.00484	0.70989
7	0.01523	0.01421	0.01379	0.01209	0.01613	0.09092	0.00912	0.01801	0.01910	0.02504	0.12497	0.14535	0.18715	0.01474	0.00843	0.00226	0.00624	0.01242	0.00656	0.25825
8	0.01012	0.00723	0.00964	0.01157	0.01205	0.00675	0.00771	0.01157	0.01591	0.02121	0.04579	0.70262	0.05495	0.02603	0.01060	0.00337	0.00482	0.02362	0.00771	0.00675
9	0.02221	0.71304	0.04353	0.01421	0.02132	0.03287	0.01421	0.02488	0.01688	0.01955	0.01155	0.01333	0.01066	0.00711	0.00533	0.00178	0.00888	0.00444	0.00355	0.01066
10	0.01012	0.00723	0.00964	0.01157	0.01205	0.00675	0.00771	0.01157	0.01591	0.02121	0.04579	0.70262	0.05495	0.02603	0.01060	0.00337	0.00482	0.02362	0.00771	0.00675
11	0.01664	0.01568	0.02155	0.01882	0.01889	0.02121	0.01514	0.01814	0.01262	0.01917	0.01454	0.02620	0.01528	0.15739	0.06104	0.00499	0.52222	0.00832	0.00396	0.00819
12	0.01315	0.00883	0.01061	0.01018	0.01271	0.00778	0.00762	0.01598	0.02078	0.08568	0.29471	0.14515	0.29781	0.01909	0.00977	0.00278	0.00444	0.01646	0.00851	0.00796
13	0.01549	0.00774	0.00774	0.00774	0.00968	0.00774	0.00581	0.01936	0.01742	0.03097	0.02710	0.03097	0.02129	0.00968	0.00581	0.00194	0.00387	0.00774	0.75416	0.00774
14	0.01187	0.00890	0.01335	0.01335	0.01483	0.01038	0.01038	0.01483	0.01335	0.01928	0.02225	0.03264	0.02077	0.06231	0.67512	0.01335	0.02225	0.00890	0.00445	0.00742
15	0.02000	0.01915	0.03039	0.04464	0.53813	0.04670	0.02337	0.02465	0.01915	0.02652	0.01953	0.03071	0.01797	0.00966	0.00865	0.00265	0.00978	0.09151	0.00462	0.01222
16	0.03158	0.02327	0.02493	0.01911	0.02576	0.02576	0.01579	0.62852	0.03906	0.05236	0.01995	0.01995	0.01413	0.00997	0.00831	0.00249	0.00914	0.00748	0.00831	0.01413
17	0.09168	0.08724	0.02042	0.01623	0.02061	0.23556	0.01286	0.07437	0.11842	0.02700	0.02892	0.03167	0.11066	0.01449	0.04670	0.00310	0.01037	0.03380	0.00592	0.00996
18	0.01659	0.14974	0.29951	0.01774	0.02522	0.05643	0.01958	0.02222	0.01715	0.02286	0.02523	0.02825	0.10165	0.02024	0.13796	0.00457	0.01266	0.00791	0.00433	0.01016
19	0.01666	0.04297	0.66500	0.02368	0.03596	0.01929	0.03069	0.02631	0.01754	0.02631	0.01491	0.01754	0.01052	0.00789	0.00789	0.00263	0.01228	0.00614	0.00351	0.01228
20	0.02287	0.02076	0.02200	0.02096	0.10072	0.10235	0.01473	0.15838	0.14455	0.03262	0.02080	0.05354	0.01714	0.00972	0.00853	0.00228	0.03512	0.00770	0.00624	0.19898
21	0.01743	0.01313	0.01570	0.01193	0.01791	0.01031	0.00945	0.02104	0.01910	0.08175	0.14382	0.03049	0.06302	0.00947	0.00726	0.00170	0.00568	0.00790	0.00636	0.50655
22	0.01698	0.01288	0.01580	0.01458	0.01751	0.01459	0.01140	0.12286	0.14061	0.02860	0.02578	0.06914	0.02258	0.03845	0.35629	0.00824	0.01492	0.00955	0.04961	0.00963
23	0.01247	0.00865	0.01198	0.01198	0.01363	0.00968	0.00927	0.01557	0.01445	0.02175	0.02651	0.03483	0.05460	0.04975	0.50791	0.01054	0.01767	0.00913	0.15216	0.00746
24	0.01012	0.00723	0.00964	0.01157	0.01205	0.00675	0.00771	0.01157	0.01591	0.02121	0.04579	0.70262	0.05495	0.02603	0.01060	0.00337	0.00482	0.02362	0.00771	0.00675
25	0.76672	0.01607	0.01221	0.01092	0.01607	0.01864	0.00900	0.02442	0.01414	0.03727	0.01157	0.01350	0.00900	0.00771	0.00514	0.00257	0.00643	0.00450	0.00514	0.00900
26	0.02056	0.01974	0.03372	0.05099	0.65622	0.01974	0.02550	0.02550	0.01892	0.02714	0.01563	0.02056	0.01316	0.00740	0.00822	0.00247	0.00987	0.00740	0.00411	0.01316
27	0.01136	0.00818	0.01075	0.01072	0.01232	0.00757	0.00781	0.01467	0.02165	0.03035	0.50353	0.21881	0.07265	0.01920	0.01000	0.00280	0.00414	0.01713	0.00879	0.00757
28	0.01159	0.01053	0.00989	0.00973	0.01265	0.04093	0.00729	0.01506	0.05966	0.02309	0.07585	0.09776	0.55686	0.01998	0.00964	0.00280	0.00492	0.01664	0.00759	0.00753
29	0.01208	0.00805	0.00906	0.00906	0.00906	0.00805	0.00503	0.01208	0.01208	0.01611	0.02618	0.05436	0.03020	0.70804	0.04228	0.00805	0.00805	0.01208	0.00503	0.00503
30	0.03103	0.03959	0.02354	0.02140	0.02568	0.67469	0.01605	0.03317	0.02354	0.02033	0.01284	0.01498	0.01070	0.00856	0.00749	0.00214	0.01498	0.00535	0.00428	0.00963
31	0.03191	0.02274	0.02460	0.01886	0.02550	0.02497	0.01558	0.59427	0.03817	0.08787	0.02069	0.02043	0.01450	0.00999	0.00831	0.00250	0.00902	0.00753	0.00843	0.01413
32	0.01187	0.00890	0.01335	0.01335	0.01483	0.01038	0.01038	0.01483	0.01335	0.01928	0.02225	0.03264	0.02077	0.06231	0.67512	0.01335	0.02225	0.00890	0.00445	0.00742
33	0.01723	0.01477	0.01723	0.01230	0.01969	0.01107	0.00984	0.02092	0.01723	0.02707	0.01477	0.01723	0.01230	0.00615	0.00615	0.00123	0.00615	0.00492	0.00492	0.75883
34	0.01436	0.01215	0.01703	0.02188	0.17494	0.01196	0.01348	0.01946	0.07620	0.02544	0.06870	0.17042	0.18659	0.01782	0.00977	0.00302	0.00664	0.13399	0.00692	0.00923
35	0.11016	0.15952	0.02718	0.02237	0.09771	0.40579	0.01603	0.02976	0.02072	0.02287	0.01279	0.01516	0.01079	0.00806	0.00691	0.00216	0.01230	0.00533	0.00422	0.01016
36	0.01012	0.00843	0.00883	0.00873	0.01140	0.00714	0.00655	0.01250	0.01964	0.02411	0.17104	0.07721	0.56493	0.02042	0.00982	0.00278	0.00416	0.01715	0.00793	0.00714
37	0.06375	0.03595	0.36159	0.02591	0.06718	0.14754	0.12929	0.02755	0.01895	0.02588	0.01468	0.01781	0.01097	0.00783	0.00800	0.00255	0.01264	0.00659	0.00391	0.01143
38	0.02077	0.02193	0.02566	0.41582	0.12206	0.18306	0.02132	0.04906	0.01953	0.02298	0.01460	0.02007	0.01136	0.00832	0.00809	0.00256	0.01183	0.00688	0.00408	0.01001
39	0.02812	0.10032	0.09008	0.04980	0.02768	0.52167	0.01766	0.03121	0.02203	0.02090	0.01301	0.01540	0.01070	0.00835	0.00737	0.00218	0.01398	0.00543	0.00411	0.00997
40	0.01291	0.01080	0.01478	0.01854	0.13854	0.01010	0.01174	0.01612	0.01945	0.02530	0.14057	0.10178	0.29617	0.01845	0.00987	0.00294	0.00598	0.13031	0.00720	0.00844
41	0.02775	0.29020	0.03098	0.01873	0.02406	0.43585	0.01537	0.03009	0.02106	0.02004	0.01236	0.01437	0.01069	0.00802	0.00669	0.00200	0.01271	0.00501	0.00401	0.01001
42	0.02067	0.45673	0.17728	0.02098	0.08028	0.02792	0.06528	0.02537	0.01740	0.02219	0.01302	0.01554	0.01099	0.00729	0.00647	0.00210	0.01009	0.00547	0.00364	0.01126
43	0.01191	0.00874	0.01251	0.01251	0.01371	0.00993	0.00934	0.01430	0.01310	0.01866	0.02302	0.03688	0.02261	0.18838	0.55156	0.01232	0.01948	0.00952	0.00456	0.00695
44	0.02418	0.51560	0.06541	0.01642	0.02305	0.19283	0.01539	0.02701	0.01857	0.02003	0.01202	0.01392	0.01067	0.00750	0.00598	0.00190	0.01056	0.00474	0.00373	0.01047
45	0.01371	0.01124	0.01243	0.01164	0.01471	0.01135	0.00887	0.02278	0.20495	0.02988	0.26727	0.05920	0.26649	0.01673	0.00941	0.00274	0.00481	0.01425	0.00843	0.00912
46	0.00982	0.00842	0.00842	0.00842	0.01122	0.00701	0.00631	0.01192	0.01894	0.02244	0.08416	0.07995	0.65285	0.02104	0.00982	0.00281	0.00421	0.01753	0.00771	0.00701
47	0.01187	0.00890	0.01335	0.01335	0.01483	0.01038	0.01038	0.01483	0.01335	0.01928	0.02225	0.03264	0.02077	0.06231	0.67512	0.01335	0.02225	0.00890	0.00445	0.00742
48	0.02066	0.01785	0.01878	0.01691	0.02160	0.02066	0.01315	0.04414	0.64121	0.03475	0.03381	0.03099	0.02536	0.01127	0.00845	0.00282	0.00657	0.00939	0.00845	0.01315
49	0.02052	0.01987	0.03445	0.05022	0.62683	0.01980	0.05430	0.02555	0.01895	0.02711	0.01568	0.02065	0.01313	0.00738	0.00830	0.00248	0.01007	0.00752	0.00412	0.01307
50	0.03158	0.02327	0.02493	0.01911	0.02576	0.02576	0.01579	0.62852	0.03906	0.05236	0.01995	0.01995	0.01413	0.00997	0.00831	0.00249	0.00914	0.00748	0.00831	0.01413
51	0.01208	0.00805	0.00906	0.00906	0.00906	0.00805	0.00503	0.01208	0.01208	0.01611	0.02618	0.05436	0.03020	0.70804	0.04228	0.00805	0.00805	0.01208	0.00503	0.00503
52	0.01012	0.00723	0.00964	0.01157	0.01205	0.00675	0.00771	0.01157	0.01591	0.02121	0.04579	0.70262	0.05495	0.02603	0.01060	0.00337	0.00482	0.02362	0.00771	0.00675
53	0.02066	0.01785	0.01878	0.01691	0.02160	0.02066	0.01315	0.04414	0.64121	0.03475	0.03381	0.03099	0.02536	0.01127	0.00845	0.00282	0.00657	0.00939	0.00845	0.01315
54	0.03147	0.02646	0.02466	0.01956	0.02575	0.15246	0.01584	0.51228	0.03603	0.04610	0.01856	0.01898	0.01346	0.00970	0.00815	0.00242	0.01028	0.00706	0.00752	0.01325
55	0.03061	0.03880	0.02395	0.02259	0.05091	0.64849	0.01643	0.03287	0.02336	0.02060	0.01295	0.01520	0.01080	0.00851	0.00752	0.00215	0.01478	0.00543	0.00427	0.00977
56	0.01443	0.00722	0.01082	0.01082	0.01082	0.00722	0.00722	0.01082	0.01082	0.01443	0.01443	0.02525	0.01443	0.02886	0.03247	0.75830	0.00722	0.00722	0.00361	0.00361
57	0.01997	0.44245	0.29450	0.01804	0.02723	0.02739	0.02087	0.02545	0.01715	0.02228	0.01291	0.01503	0.01061	0.00742	0.00637	0.00212	0.01025	0.00513	0.00354	0.01131
58	0.01187	0.00890	0.01335	0.01335	0.01483	0.01038	0.01038	0.01483	0.01335	0.01928	0.02225	0.03264	0.02077	0.06231	0.67512	0.01335	0.02225	0.00890	0.00445	0.00742
59	0.02709	0.02996	0.05352	0.02440	0.05589	0.29130	0.11407	0.17917	0.02531	0.02983	0.01526	0.01806	0.01198	0.00917	0.01004	0.00251	0.07916	0.00690	0.00518	0.01121
60	0.01092	0.00819	0.01002	0.01116	0.01264	0.00757	0.00827	0.01296	0.01721	0.02192	0.05568	0.31289	0.23968	0.08689	0.01348	0.00373	0.00555	0.14692	0.00745	0.00687
61	0.01542	0.01122	0.01269	0.01141	0.01368	0.01140	0.00820	0.13330	0.02100	0.02806	0.16698	0.05262	0.14374	0.27671	0.05356	0.00517	0.00741	0.01259	0.00697	0.00786
62	0.01028	0.00853	0.00905	0.00919	0.01185	0.00730	0.00707	0.01266	0.01925	0.02338	0.11749	0.08005	0.55937	0.02095	0.00997	0.00289	0.00451	0.07129	0.00780	0.00713
63	0.02163	0.02268	0.03491	0.04019	0.36632	0.10104	0.17341	0.02845	0.07724	0.02687	0.01726	0.02130	0.01385	0.00780	0.00855	0.00254	0.01123	0.00793	0.00456	0.01223
64	0.58425	0.01558	0.01398	0.01189	0.01735	0.01703	0.00980	0.02844	0.01655	0.19354	0.01687	0.01719	0.01189	0.00835	0.00594	0.00257	0.00659	0.00546	0.00643	0.01028
65	0.02015	0.12508	0.46299	0.02206	0.03214	0.14893	0.02580	0.02747	0.01863	0.02431	0.01409	0.01652	0.01058	0.00793	0.00750	0.00243	0.01239	0.00578	0.00366	0.01156
66	0.01187	0.00890	0.01335	0.01335	0.01483	0.01038	0.01038	0.01483	0.01335	0.01928	0.02225	0.03264	0.02077	0.06231	0.67512	0.01335	0.02225	0.00890	0.00445	0.00742
67	0.00989	0.00812	0.00872	0.00920	0.01143	0.00695	0.00666	0.01183	0.01818	0.02213	0.07456	0.23571	0.50329	0.02229	0.01001	0.00295	0.00436	0.01905	0.00771	0.00695
68	0.02066	0.01785	0.01878	0.01691	0.02160	0.02066	0.01315	0.04414	0.64121	0.03475	0.03381	0.03099	0.02536	0.01127	0.00845	0.00282	0.00657	0.00939	0.00845	0.01315
69	0.02339	0.01676	0.02031	0.01980	0.10793	0.01715	0.01365	0.26885	0.02676	0.09410	0.03288	0.07689	0.12616	0.03913	0.01079	0.03171	0.00767	0.01034	0.00730	0.04841
70	0.01223	0.00944	0.01405	0.01384	0.01524	0.01126	0.01084	0.01513	0.01331	0.01933	0.02159	0.03180	0.02020	0.05953	0.63749	0.01279	0.06120	0.00881	0.00440	0.00751
71	0.03103	0.03959	0.02354	0.02140	0.02568	0.67469	0.01605	0.03317	0.02354	0.02033	0.01284	0.01498	0.01070	0.00856	0.00749	0.00214	0.01498	0.00535	0.00428	0.00963
72	0.01569	0.01477	0.02492	0.68808	0.05722	0.01846	0.02307	0.02123	0.01661	0.02123	0.01477	0.02215	0.01107	0.00831	0.00831	0.00277	0.01107	0.00738	0.00369	0.00923
