[name]
unknown

[dist]
# distance from previous block
# <min> <max>
17	34

[block]
# block no. 0 follows, 20 sequences, length 36
# corresponding to MSA columns:
# 34-69
name=unknown_A
#
# <colnr> <probs for GDERKNQSTAVLIFYWHMCP>
#	G	D	E	R	K	N	Q	S	T	A	V	L	I	F	Y	W	H	M	C	P
0	0.02002	0.02312	0.11095	0.04164	0.42872	0.05594	0.02404	0.02511	0.01947	0.02701	0.02099	0.12285	0.02002	0.01091	0.00893	0.00274	0.01020	0.01008	0.00482	0.01245
1	0.02057	0.11524	0.03381	0.04282	0.47675	0.02112	0.02275	0.02515	0.01978	0.02729	0.04871	0.02714	0.06325	0.00925	0.00841	0.00252	0.00949	0.00849	0.00475	0.01271
2	0.04953	0.01788	0.02710	0.03774	0.39614	0.01821	0.02025	0.02715	0.10911	0.03033	0.09165	0.03350	0.08233	0.01082	0.00887	0.00270	0.00847	0.00982	0.00596	0.01242
3	0.02145	0.02353	0.08182	0.04603	0.50048	0.07192	0.02519	0.02655	0.01994	0.02744	0.01816	0.06396	0.01622	0.00918	0.00871	0.00264	0.01066	0.00859	0.00453	0.01300
4	0.02493	0.02781	0.02788	0.03512	0.30387	0.28311	0.02024	0.02876	0.02250	0.02638	0.09591	0.02485	0.02169	0.00959	0.00853	0.00247	0.01177	0.00793	0.00508	0.01155
5	0.05618	0.06370	0.13422	0.03503	0.24612	0.17721	0.10945	0.02897	0.02059	0.02660	0.01535	0.01922	0.01233	0.00809	0.00834	0.00256	0.01251	0.00711	0.00429	0.01213
6	0.02319	0.02079	0.07199	0.04181	0.42591	0.01868	0.06069	0.02836	0.02060	0.12250	0.02400	0.02691	0.05631	0.00920	0.00885	0.00266	0.00996	0.00871	0.00553	0.01335
7	0.02532	0.02192	0.03243	0.04276	0.44186	0.02276	0.02349	0.21466	0.02668	0.03703	0.01787	0.02138	0.01414	0.00864	0.00866	0.00260	0.01012	0.00780	0.00574	0.01414
8	0.02927	0.03566	0.23220	0.02143	0.02933	0.27344	0.02093	0.03446	0.02268	0.18906	0.01977	0.02034	0.01392	0.00923	0.00825	0.00254	0.01257	0.00673	0.00590	0.01230
9	0.05780	0.02007	0.11850	0.02787	0.22053	0.01613	0.01890	0.02729	0.05991	0.11223	0.19201	0.03464	0.03411	0.01133	0.00891	0.00270	0.00822	0.00991	0.00689	0.01203
10	0.02159	0.02073	0.03541	0.05354	0.63903	0.02073	0.02677	0.02677	0.01986	0.02850	0.01641	0.02159	0.01382	0.00777	0.00864	0.00259	0.01036	0.00777	0.00432	0.01382
11	0.01751	0.01538	0.02145	0.02457	0.20453	0.01341	0.01464	0.02157	0.01952	0.02865	0.10183	0.06346	0.06595	0.01042	0.00810	0.00209	0.00712	0.00919	0.00583	0.34478
12	0.03093	0.02587	0.02607	0.02082	0.02640	0.11002	0.01700	0.44413	0.03463	0.04535	0.01851	0.01997	0.01384	0.01101	0.01166	0.00275	0.11269	0.00753	0.00742	0.01340
13	0.08245	0.59483	0.04165	0.01503	0.02229	0.03277	0.01461	0.06889	0.01920	0.02453	0.01277	0.01452	0.01132	0.00773	0.00581	0.00199	0.00914	0.00490	0.00423	0.01132
14	0.01068	0.00896	0.00936	0.00956	0.01241	0.00763	0.00737	0.01308	0.01990	0.02382	0.08414	0.08540	0.57681	0.02229	0.01048	0.00305	0.00478	0.07474	0.00809	0.00743
15	0.01195	0.00890	0.01112	0.01056	0.01279	0.00806	0.00792	0.01570	0.02377	0.03279	0.52951	0.06877	0.18859	0.01865	0.01029	0.00278	0.00417	0.01628	0.00931	0.00806
16	0.03316	0.02443	0.02618	0.02007	0.02705	0.02705	0.01658	0.60995	0.04101	0.05497	0.02094	0.02094	0.01483	0.01047	0.00873	0.00262	0.00960	0.00785	0.00873	0.01483
17	0.01626	0.00813	0.00813	0.00813	0.01016	0.00813	0.00610	0.02033	0.01829	0.03252	0.02846	0.03252	0.02236	0.01016	0.00610	0.00203	0.00407	0.00813	0.74187	0.00813
18	0.01031	0.00884	0.00884	0.00884	0.01178	0.00736	0.00663	0.01252	0.01988	0.02356	0.08837	0.08395	0.63549	0.02209	0.01031	0.00295	0.00442	0.01841	0.00810	0.00736
19	0.03554	0.01691	0.02107	0.01656	0.02306	0.01636	0.01355	0.13000	0.11943	0.46112	0.03252	0.02879	0.02133	0.01091	0.00878	0.00273	0.00768	0.00880	0.01018	0.01468
20	0.01310	0.00848	0.00966	0.00956	0.01014	0.00838	0.00584	0.01426	0.01526	0.02172	0.12056	0.05511	0.03824	0.50074	0.03417	0.00674	0.00722	0.01256	0.10215	0.00611
21	0.01063	0.00759	0.01012	0.01215	0.01265	0.00709	0.00810	0.01215	0.01670	0.02227	0.04808	0.68775	0.05769	0.02733	0.01113	0.00354	0.00506	0.02480	0.00810	0.00709
22	0.02950	0.02226	0.02421	0.01833	0.02550	0.02330	0.01506	0.46709	0.03544	0.04852	0.01962	0.02025	0.01437	0.00950	0.00818	0.00230	0.00884	0.00720	0.00786	0.19266
23	0.01949	0.01858	0.03161	0.30791	0.40109	0.02017	0.02572	0.02493	0.01887	0.02594	0.01604	0.02227	0.01292	0.00816	0.00867	0.00272	0.01088	0.00776	0.00414	0.01212
24	0.15750	0.42998	0.03317	0.01414	0.02019	0.06329	0.01306	0.02526	0.01733	0.02486	0.01430	0.01710	0.01254	0.01249	0.05787	0.00302	0.00995	0.00536	0.05828	0.01031
25	0.02052	0.02655	0.17184	0.04424	0.40005	0.02087	0.13361	0.02717	0.01968	0.02821	0.01647	0.02125	0.01311	0.00781	0.00886	0.00269	0.01170	0.00794	0.00420	0.01324
26	0.02213	0.02176	0.03488	0.05200	0.60864	0.05240	0.02628	0.02717	0.02010	0.02814	0.01626	0.02130	0.01369	0.00783	0.00860	0.00257	0.01063	0.00767	0.00433	0.01363
27	0.01837	0.01639	0.02630	0.16163	0.35607	0.01695	0.02074	0.02313	0.01917	0.02721	0.02733	0.03160	0.09579	0.01016	0.00851	0.00262	0.00895	0.00921	0.10852	0.01137
28	0.02144	0.01779	0.02512	0.02387	0.11458	0.01817	0.08737	0.20599	0.02525	0.03451	0.02746	0.10939	0.06076	0.01996	0.10111	0.00429	0.01112	0.01090	0.00655	0.07436
29	0.22052	0.02225	0.02083	0.01701	0.02308	0.10409	0.01377	0.22426	0.06266	0.17682	0.02155	0.02114	0.01517	0.00982	0.00777	0.00263	0.00902	0.00707	0.00778	0.01277
30	0.17220	0.01793	0.02587	0.07283	0.34445	0.01881	0.01962	0.06185	0.01958	0.03113	0.02043	0.11829	0.01932	0.01095	0.00834	0.00277	0.00886	0.00965	0.00536	0.01174
31	0.06294	0.02020	0.02662	0.19004	0.20498	0.10172	0.06251	0.02566	0.05385	0.02631	0.02774	0.03111	0.10857	0.01058	0.00876	0.00273	0.01038	0.00924	0.00514	0.01092
32	0.02060	0.02586	0.15480	0.04251	0.36446	0.02097	0.14932	0.02829	0.05393	0.02867	0.01761	0.02201	0.01389	0.00801	0.00893	0.00272	0.01156	0.00817	0.00447	0.01321
33	0.02274	0.06581	0.06960	0.02249	0.06546	0.05650	0.12283	0.19896	0.02523	0.03298	0.02672	0.03291	0.08051	0.12144	0.01468	0.00360	0.01041	0.00974	0.00614	0.01126
34	0.01794	0.18062	0.12395	0.01538	0.02088	0.11177	0.01449	0.02159	0.01971	0.02360	0.06994	0.11925	0.19856	0.01492	0.00862	0.00262	0.00867	0.01201	0.00590	0.00957
35	0.01709	0.08801	0.02537	0.05674	0.02444	0.01581	0.13468	0.02022	0.01712	0.05741	0.02852	0.13270	0.06455	0.06782	0.13218	0.05340	0.03750	0.01191	0.00552	0.00901

[dist]
# distance from previous block
# <min> <max>
19	44

[block]
# block no. 1 follows, 20 sequences, length 91
# corresponding to MSA columns:
# 114-204
name=unknown_B
#
# <colnr> <probs for GDERKNQSTAVLIFYWHMCP>
#	G	D	E	R	K	N	Q	S	T	A	V	L	I	F	Y	W	H	M	C	P
0	0.02877	0.02556	0.10129	0.02642	0.14946	0.07629	0.01947	0.26568	0.02906	0.12440	0.02095	0.02326	0.01561	0.04193	0.01028	0.00289	0.01032	0.00783	0.00700	0.01354
1	0.05677	0.36653	0.03650	0.02397	0.14607	0.12514	0.01732	0.02680	0.01871	0.02310	0.01373	0.01704	0.01220	0.01107	0.04074	0.00281	0.04036	0.00580	0.00409	0.01123
2	0.02431	0.09214	0.14728	0.03147	0.23096	0.05628	0.02261	0.18726	0.02547	0.03434	0.01865	0.02415	0.01526	0.00958	0.00846	0.00262	0.01067	0.03976	0.00558	0.01315
3	0.01672	0.01551	0.01959	0.02296	0.14187	0.09095	0.01480	0.02014	0.01648	0.02203	0.02078	0.02949	0.01893	0.04707	0.45009	0.01031	0.01984	0.00858	0.00458	0.00928
4	0.02294	0.40764	0.03474	0.05538	0.02424	0.12048	0.01492	0.06052	0.01993	0.02301	0.01928	0.02189	0.05454	0.01451	0.06958	0.00327	0.01144	0.00656	0.00454	0.01058
5	0.02295	0.01467	0.05897	0.01573	0.02033	0.01252	0.01380	0.02934	0.08534	0.23066	0.14585	0.05771	0.04160	0.01628	0.01008	0.00316	0.00733	0.19344	0.00901	0.01122
6	0.01082	0.00784	0.00993	0.01144	0.01240	0.00717	0.00777	0.01218	0.01703	0.02212	0.05427	0.52909	0.17104	0.02645	0.01228	0.04574	0.00508	0.02254	0.00785	0.00695
7	0.02276	0.13511	0.22271	0.02763	0.06951	0.13047	0.18421	0.05716	0.02116	0.02697	0.01561	0.01901	0.01205	0.00810	0.00840	0.00257	0.01302	0.00724	0.00431	0.01201
8	0.03073	0.03411	0.02301	0.02026	0.02496	0.45351	0.01550	0.14832	0.02721	0.02943	0.01678	0.01880	0.01330	0.00943	0.00782	0.00230	0.01310	0.00637	0.09425	0.01082
9	0.01101	0.00886	0.00980	0.00957	0.01221	0.00766	0.00718	0.01387	0.02153	0.02747	0.27543	0.07751	0.44599	0.02063	0.01030	0.00288	0.00431	0.01751	0.00861	0.00766
10	0.01268	0.00846	0.00951	0.00951	0.00951	0.00846	0.00529	0.01268	0.01268	0.01691	0.02748	0.05708	0.03171	0.69345	0.04440	0.00846	0.00846	0.01268	0.00529	0.00529
11	0.03010	0.03773	0.02879	0.02462	0.02952	0.53116	0.10459	0.03309	0.02352	0.02231	0.01400	0.01706	0.01154	0.00907	0.00930	0.00243	0.04997	0.00642	0.00445	0.01033
12	0.02518	0.56703	0.04150	0.01644	0.02331	0.15953	0.01531	0.02787	0.01913	0.02069	0.01240	0.01434	0.01120	0.00777	0.00605	0.00194	0.01061	0.00486	0.00388	0.01098
13	0.01764	0.04410	0.62019	0.02542	0.03812	0.02034	0.05927	0.02764	0.01852	0.02764	0.01575	0.01866	0.01115	0.00824	0.00838	0.00277	0.01298	0.00663	0.00372	0.01284
14	0.01996	0.01913	0.03219	0.22762	0.43275	0.02075	0.02553	0.02510	0.01873	0.02622	0.01582	0.02189	0.01303	0.00855	0.01001	0.00276	0.05568	0.00776	0.00416	0.01235
15	0.01921	0.03490	0.39140	0.03688	0.28975	0.02045	0.02994	0.02727	0.01902	0.02799	0.01597	0.01975	0.01221	0.00807	0.00843	0.00269	0.01183	0.00700	0.00395	0.01328
16	0.02782	0.02642	0.02267	0.01937	0.02417	0.23443	0.01526	0.26955	0.02884	0.03508	0.01905	0.02251	0.01536	0.02364	0.17015	0.00533	0.01508	0.00748	0.00630	0.01150
17	0.02012	0.02709	0.20342	0.08736	0.43456	0.02051	0.02810	0.02670	0.01930	0.02784	0.01614	0.02083	0.01291	0.00798	0.00855	0.00266	0.01114	0.00741	0.00411	0.01328
18	0.02159	0.02073	0.03541	0.05354	0.63903	0.02073	0.02677	0.02677	0.01986	0.02850	0.01641	0.02159	0.01382	0.00777	0.00864	0.00259	0.01036	0.00777	0.00432	0.01382
19	0.01521	0.01256	0.01300	0.01182	0.01503	0.04299	0.00907	0.09349	0.02476	0.03199	0.28710	0.06499	0.30867	0.01826	0.00997	0.00279	0.00555	0.01536	0.00858	0.00882
20	0.01031	0.00884	0.00884	0.00884	0.01178	0.00736	0.00663	0.01252	0.01988	0.02356	0.08837	0.08395	0.63549	0.02209	0.01031	0.00295	0.00442	0.01841	0.00810	0.00736
21	0.02251	0.01976	0.02375	0.06341	0.18255	0.07823	0.01701	0.16794	0.06639	0.03480	0.13269	0.06514	0.03006	0.04417	0.01073	0.00296	0.00902	0.01028	0.00689	0.01173
22	0.01806	0.10173	0.46234	0.10183	0.03770	0.02207	0.02848	0.02627	0.01780	0.02573	0.01494	0.01863	0.01117	0.00886	0.00983	0.00278	0.06945	0.00654	0.00372	0.01206
23	0.02332	0.69869	0.04571	0.01493	0.02239	0.03451	0.01493	0.02612	0.01772	0.02052	0.01213	0.01399	0.01119	0.00746	0.00560	0.00187	0.00933	0.00466	0.00373	0.01119
24	0.02606	0.10799	0.02411	0.01849	0.02312	0.25271	0.01449	0.15227	0.08797	0.03013	0.02412	0.15303	0.02290	0.01309	0.00853	0.00261	0.01060	0.01026	0.00648	0.01102
25	0.01040	0.00849	0.00919	0.00975	0.01202	0.00729	0.00703	0.01242	0.01901	0.02321	0.07728	0.25012	0.47647	0.02353	0.01054	0.00311	0.00460	0.02017	0.00810	0.00729
26	0.01031	0.00884	0.00884	0.00884	0.01178	0.00736	0.00663	0.01252	0.01988	0.02356	0.08837	0.08395	0.63549	0.02209	0.01031	0.00295	0.00442	0.01841	0.00810	0.00736
27	0.02908	0.02950	0.23169	0.02081	0.02971	0.02212	0.02107	0.30987	0.03049	0.15681	0.02172	0.02175	0.01485	0.00981	0.00859	0.00268	0.01028	0.00756	0.00744	0.01419
28	0.02586	0.09589	0.10984	0.02829	0.16663	0.23054	0.02061	0.10037	0.05472	0.02877	0.01787	0.02263	0.01485	0.00951	0.00823	0.00252	0.01197	0.03363	0.00518	0.01208
29	0.02465	0.39082	0.13731	0.01846	0.02606	0.15550	0.01816	0.05953	0.05192	0.02447	0.01465	0.01639	0.01217	0.00828	0.00682	0.00218	0.01107	0.00558	0.00440	0.01158
30	0.02147	0.02106	0.03734	0.05152	0.56748	0.02089	0.09678	0.02691	0.01995	0.02843	0.01656	0.02182	0.01375	0.00772	0.00884	0.00263	0.01089	0.00808	0.00433	0.01357
31	0.02159	0.02073	0.03541	0.05354	0.63903	0.02073	0.02677	0.02677	0.01986	0.02850	0.01641	0.02159	0.01382	0.00777	0.00864	0.00259	0.01036	0.00777	0.00432	0.01382
32	0.01246	0.00935	0.01402	0.01402	0.01558	0.01090	0.01090	0.01558	0.01402	0.02025	0.02336	0.03427	0.02181	0.06542	0.65888	0.01402	0.02336	0.00935	0.00467	0.00779
33	0.01074	0.00868	0.00955	0.00971	0.01214	0.00749	0.00714	0.01322	0.02035	0.02556	0.18680	0.16500	0.44907	0.02201	0.01042	0.00299	0.00445	0.01880	0.00839	0.00749
34	0.01254	0.00905	0.01252	0.01252	0.01356	0.01009	0.00904	0.01462	0.01358	0.01914	0.02473	0.04185	0.02510	0.27402	0.45478	0.01217	0.01841	0.01045	0.00488	0.00696
35	0.01780	0.07881	0.61719	0.02435	0.03696	0.02099	0.03134	0.02755	0.01838	0.02726	0.01547	0.01819	0.01106	0.00824	0.00815	0.00272	0.01271	0.00635	0.00369	0.01280
36	0.02332	0.69869	0.04571	0.01493	0.02239	0.03451	0.01493	0.02612	0.01772	0.02052	0.01213	0.01399	0.01119	0.00746	0.00560	0.00187	0.00933	0.00466	0.00373	0.01119
37	0.01750	0.04512	0.64825	0.02486	0.03775	0.02026	0.03223	0.02762	0.01842	0.02762	0.01565	0.01842	0.01105	0.00829	0.00829	0.00276	0.01289	0.00645	0.00368	0.01289
38	0.01063	0.00759	0.01012	0.01215	0.01265	0.00709	0.00810	0.01215	0.01670	0.02227	0.04808	0.68775	0.05769	0.02733	0.01113	0.00354	0.00506	0.02480	0.00810	0.00709
39	0.03048	0.03127	0.02425	0.02069	0.02564	0.33267	0.01620	0.23169	0.05964	0.03424	0.01780	0.01947	0.01384	0.01013	0.00952	0.00251	0.05717	0.00687	0.04414	0.01178
40	0.01042	0.00876	0.00905	0.00915	0.01190	0.00738	0.00680	0.01267	0.01988	0.02398	0.10979	0.12381	0.57210	0.02226	0.01036	0.00298	0.00445	0.01872	0.00817	0.00738
41	0.05570	0.04270	0.58651	0.02395	0.03619	0.02054	0.03033	0.05511	0.01931	0.02950	0.01573	0.01832	0.01115	0.00838	0.00816	0.00275	0.01242	0.00642	0.00401	0.01281
42	0.02051	0.15593	0.24814	0.03399	0.27421	0.02321	0.02557	0.02826	0.05963	0.02724	0.01663	0.01981	0.01323	0.00817	0.00796	0.00254	0.01081	0.00687	0.00430	0.01301
43	0.16652	0.07121	0.02245	0.01784	0.02330	0.20748	0.01419	0.10534	0.17139	0.08613	0.02125	0.02128	0.01600	0.00975	0.00768	0.00257	0.00998	0.00697	0.00674	0.01194
44	0.02332	0.69869	0.04571	0.01493	0.02239	0.03451	0.01493	0.02612	0.01772	0.02052	0.01213	0.01399	0.01119	0.00746	0.00560	0.00187	0.00933	0.00466	0.00373	0.01119
45	0.03505	0.01811	0.02193	0.01695	0.02347	0.01794	0.01395	0.25735	0.03107	0.37871	0.06971	0.02874	0.02310	0.01115	0.00886	0.00267	0.00803	0.00889	0.00993	0.01440
46	0.01051	0.00807	0.00963	0.01088	0.01232	0.00719	0.00754	0.01229	0.01791	0.02276	0.06346	0.45727	0.27825	0.02533	0.01082	0.00331	0.00482	0.02236	0.00810	0.00719
47	0.01355	0.01115	0.01220	0.01154	0.01468	0.01094	0.00877	0.02152	0.16069	0.03000	0.24103	0.06640	0.32785	0.01844	0.00997	0.00289	0.00490	0.01564	0.00873	0.00911
48	0.01071	0.00799	0.01001	0.01156	0.01270	0.00729	0.00803	0.01251	0.01760	0.02275	0.05734	0.52030	0.19148	0.02596	0.01098	0.00343	0.00505	0.04903	0.00809	0.00719
49	0.03258	0.04157	0.02472	0.02247	0.02697	0.65843	0.01685	0.03483	0.02472	0.02135	0.01348	0.01573	0.01124	0.00899	0.00787	0.00225	0.01573	0.00562	0.00449	0.01011
50	0.75506	0.01687	0.01282	0.01147	0.01687	0.01957	0.00945	0.02564	0.01484	0.03914	0.01215	0.01417	0.00945	0.00810	0.00540	0.00270	0.00675	0.00472	0.00540	0.00945
51	0.02097	0.02010	0.03429	0.12817	0.56922	0.02056	0.02646	0.02623	0.01957	0.02775	0.01630	0.02179	0.01355	0.00789	0.00865	0.00263	0.01052	0.00777	0.00426	0.01332
52	0.01031	0.00884	0.00884	0.00884	0.01178	0.00736	0.00663	0.01252	0.01988	0.02356	0.08837	0.08395	0.63549	0.02209	0.01031	0.00295	0.00442	0.01841	0.00810	0.00736
53	0.01292	0.00920	0.01331	0.01331	0.01492	0.01057	0.01032	0.01615	0.01453	0.02173	0.02398	0.03406	0.02187	0.05876	0.58017	0.01257	0.02104	0.00920	0.09356	0.00783
54	0.03137	0.02829	0.02642	0.02388	0.08691	0.19087	0.01753	0.37778	0.06043	0.04279	0.01920	0.02016	0.01432	0.00988	0.00850	0.00253	0.01115	0.00735	0.00720	0.01346
55	0.02332	0.69869	0.04571	0.01493	0.02239	0.03451	0.01493	0.02612	0.01772	0.02052	0.01213	0.01399	0.01119	0.00746	0.00560	0.00187	0.00933	0.00466	0.00373	0.01119
56	0.01211	0.00918	0.01133	0.01157	0.01391	0.00841	0.00919	0.01556	0.02191	0.02890	0.30150	0.07995	0.25839	0.02086	0.01075	0.00314	0.00522	0.16155	0.00870	0.00789
57	0.75506	0.01687	0.01282	0.01147	0.01687	0.01957	0.00945	0.02564	0.01484	0.03914	0.01215	0.01417	0.00945	0.00810	0.00540	0.00270	0.00675	0.00472	0.00540	0.00945
58	0.02170	0.01874	0.01972	0.01775	0.02268	0.02170	0.01381	0.04635	0.62327	0.03649	0.03550	0.03254	0.02663	0.01183	0.00888	0.00296	0.00690	0.00986	0.00888	0.01381
59	0.01061	0.00765	0.01006	0.01198	0.01261	0.00710	0.00802	0.01216	0.01686	0.02233	0.05010	0.65742	0.08672	0.02706	0.01109	0.00351	0.00503	0.02448	0.00810	0.00710
60	0.01750	0.04512	0.64825	0.02486	0.03775	0.02026	0.03223	0.02762	0.01842	0.02762	0.01565	0.01842	0.01105	0.00829	0.00829	0.00276	0.01289	0.00645	0.00368	0.01289
61	0.01167	0.00927	0.01056	0.01066	0.01302	0.00850	0.00782	0.01575	0.06116	0.02714	0.21877	0.19658	0.33479	0.02134	0.01037	0.00301	0.00464	0.01843	0.00854	0.00797
62	0.01908	0.01908	0.02672	0.02290	0.02290	0.02672	0.01908	0.02099	0.01336	0.02099	0.01145	0.01908	0.01145	0.01527	0.02863	0.00382	0.67748	0.00763	0.00382	0.00954
63	0.01076	0.00848	0.00971	0.01020	0.01226	0.00743	0.00735	0.01309	0.01976	0.02515	0.17095	0.26227	0.36580	0.02293	0.01055	0.00309	0.00456	0.01987	0.00836	0.00743
64	0.01257	0.00861	0.01023	0.01000	0.01068	0.00838	0.00626	0.01394	0.01667	0.02291	0.22908	0.05976	0.04852	0.46904	0.03307	0.00656	0.00701	0.01371	0.00672	0.00626
65	0.03258	0.04157	0.02472	0.02247	0.02697	0.65843	0.01685	0.03483	0.02472	0.02135	0.01348	0.01573	0.01124	0.00899	0.00787	0.00225	0.01573	0.00562	0.00449	0.01011
66	0.01246	0.00935	0.01402	0.01402	0.01558	0.01090	0.01090	0.01558	0.01402	0.02025	0.02336	0.03427	0.02181	0.06542	0.65888	0.01402	0.02336	0.00935	0.00467	0.00779
67	0.02353	0.55538	0.11630	0.01686	0.02469	0.09404	0.01720	0.02716	0.01849	0.02146	0.01269	0.01470	0.01118	0.00771	0.00614	0.00201	0.01039	0.00497	0.00380	0.01129
68	0.01886	0.13513	0.45886	0.02549	0.03690	0.02261	0.12899	0.02746	0.01869	0.02666	0.01549	0.01866	0.01145	0.00801	0.00825	0.00266	0.01269	0.00685	0.00382	0.01245
69	0.06352	0.41751	0.03609	0.01655	0.02321	0.09159	0.01498	0.15305	0.02312	0.02902	0.01476	0.01673	0.01245	0.01131	0.04044	0.00274	0.01061	0.00570	0.00502	0.01161
70	0.01031	0.00884	0.00884	0.00884	0.01178	0.00736	0.00663	0.01252	0.01988	0.02356	0.08837	0.08395	0.63549	0.02209	0.01031	0.00295	0.00442	0.01841	0.00810	0.00736
71	0.01268	0.00846	0.00951	0.00951	0.00951	0.00846	0.00529	0.01268	0.01268	0.01691	0.02748	0.05708	0.03171	0.69345	0.04440	0.00846	0.00846	0.01268	0.00529	0.00529
72	0.03258	0.04157	0.02472	0.02247	0.02697	0.65843	0.01685	0.03483	0.02472	0.02135	0.01348	0.01573	0.01124	0.00899	0.00787	0.00225	0.01573	0.00562	0.00449	0.01011
73	0.01031	0.00884	0.00884	0.00884	0.01178	0.00736	0.00663	0.01252	0.01988	0.02356	0.08837	0.08395	0.63549	0.02209	0.01031	0.00295	0.00442	0.01841	0.00810	0.00736
74	0.01246	0.00935	0.01402	0.01402	0.01558	0.01090	0.01090	0.01558	0.01402	0.02025	0.02336	0.03427	0.02181	0.06542	0.65888	0.01402	0.02336	0.00935	0.00467	0.00779
75	0.02332	0.69869	0.04571	0.01493	0.02239	0.03451	0.01493	0.02612	0.01772	0.02052	0.01213	0.01399	0.01119	0.00746	0.00560	0.00187	0.00933	0.00466	0.00373	0.01119
76	0.02332	0.69869	0.04571	0.01493	0.02239	0.03451	0.01493	0.02612	0.01772	0.02052	0.01213	0.01399	0.01119	0.00746	0.00560	0.00187	0.00933	0.00466	0.00373	0.01119
77	0.01739	0.01158	0.01429	0.01287	0.01606	0.01147	0.00989	0.02553	0.14466	0.10739	0.44351	0.05443	0.06397	0.01580	0.00983	0.00278	0.00506	0.01376	0.00960	0.01013
78	0.01031	0.00884	0.00884	0.00884	0.01178	0.00736	0.00663	0.01252	0.01988	0.02356	0.08837	0.08395	0.63549	0.02209	0.01031	0.00295	0.00442	0.01841	0.00810	0.00736
79	0.01033	0.00877	0.00891	0.00903	0.01183	0.00735	0.00671	0.01250	0.01970	0.02349	0.08607	0.11836	0.60257	0.02239	0.01036	0.00298	0.00445	0.01877	0.00810	0.00735
80	0.02332	0.69869	0.04571	0.01493	0.02239	0.03451	0.01493	0.02612	0.01772	0.02052	0.01213	0.01399	0.01119	0.00746	0.00560	0.00187	0.00933	0.00466	0.00373	0.01119
81	0.02819	0.25709	0.03109	0.01940	0.02493	0.37442	0.01585	0.03333	0.09457	0.02290	0.01569	0.01718	0.01308	0.00882	0.00723	0.00221	0.01254	0.00581	0.00477	0.01092
82	0.01246	0.00935	0.01402	0.01402	0.01558	0.01090	0.01090	0.01558	0.01402	0.02025	0.02336	0.03427	0.02181	0.06542	0.65888	0.01402	0.02336	0.00935	0.00467	0.00779
83	0.01809	0.01550	0.01809	0.01292	0.02067	0.01163	0.01034	0.02196	0.01809	0.02842	0.01550	0.01809	0.01292	0.00646	0.00646	0.00129	0.00646	0.00517	0.00517	0.74677
84	0.01061	0.00766	0.01005	0.01196	0.01260	0.00710	0.00801	0.01217	0.01688	0.02234	0.05037	0.65334	0.09062	0.02703	0.01109	0.00351	0.00502	0.02443	0.00810	0.00710
85	0.01626	0.00813	0.00813	0.00813	0.01016	0.00813	0.00610	0.02033	0.01829	0.03252	0.02846	0.03252	0.02236	0.01016	0.00610	0.00203	0.00407	0.00813	0.74187	0.00813
86	0.01141	0.00841	0.01085	0.01250	0.01382	0.00786	0.00929	0.01366	0.01810	0.02344	0.05492	0.43437	0.16064	0.02559	0.01121	0.00355	0.00567	0.15927	0.00808	0.00737
87	0.01924	0.17202	0.41534	0.02511	0.03615	0.02345	0.13687	0.02738	0.01869	0.02626	0.01532	0.01849	0.01149	0.00795	0.00813	0.00262	0.01252	0.00681	0.00383	0.01234
88	0.01356	0.01071	0.01247	0.01186	0.01467	0.01051	0.00908	0.02086	0.13086	0.03180	0.35395	0.06584	0.21823	0.01818	0.01012	0.00289	0.00488	0.04155	0.00900	0.00899
89	0.01061	0.00885	0.00926	0.00915	0.01197	0.00749	0.00687	0.01310	0.02060	0.02526	0.16940	0.08116	0.55340	0.02146	0.01031	0.00292	0.00437	0.01802	0.00832	0.00749
90	0.19507	0.02632	0.02229	0.02092	0.05467	0.25764	0.01574	0.02817	0.01880	0.05300	0.01423	0.01806	0.01199	0.01321	0.04531	0.00338	0.17994	0.00636	0.00481	0.01010

[dist]
# distance from previous block
# <min> <max>
0	1

[block]
# block no. 2 follows, 20 sequences, length 45
# corresponding to MSA columns:
# 206-250
name=unknown_C
#
# <colnr> <probs for GDERKNQSTAVLIFYWHMCP>
#	G	D	E	R	K	N	Q	S	T	A	V	L	I	F	Y	W	H	M	C	P
0	0.02398	0.06541	0.19946	0.02501	0.03367	0.05462	0.18031	0.20079	0.02600	0.03545	0.01825	0.02104	0.01347	0.00879	0.00867	0.00265	0.01182	0.00787	0.05010	0.01265
1	0.03131	0.02265	0.02420	0.01876	0.02520	0.02498	0.01543	0.54541	0.03853	0.05252	0.02176	0.02221	0.01566	0.01044	0.00844	0.00255	0.00899	0.00788	0.08898	0.01410
2	0.01246	0.00935	0.01402	0.01402	0.01558	0.01090	0.01090	0.01558	0.01402	0.02025	0.02336	0.03427	0.02181	0.06542	0.65888	0.01402	0.02336	0.00935	0.00467	0.00779
3	0.01251	0.00916	0.01307	0.01307	0.01429	0.01039	0.00971	0.01496	0.01374	0.01954	0.02424	0.03910	0.02390	0.19835	0.52882	0.01284	0.02021	0.01005	0.00480	0.00726
4	0.09289	0.02465	0.06826	0.12625	0.31257	0.12160	0.07663	0.02748	0.01980	0.02743	0.01548	0.02016	0.01247	0.00812	0.00834	0.00263	0.01159	0.00729	0.00436	0.01200
5	0.18975	0.03684	0.15406	0.02054	0.02701	0.38155	0.01846	0.03127	0.02119	0.02662	0.01365	0.01595	0.01080	0.00864	0.00741	0.00246	0.01314	0.00559	0.00452	0.01055
6	0.02014	0.01879	0.03009	0.17570	0.39671	0.02002	0.02370	0.02819	0.10616	0.02822	0.02053	0.02756	0.01712	0.00941	0.00887	0.00278	0.01001	0.03824	0.00508	0.01265
7	0.03208	0.07759	0.02587	0.02206	0.02672	0.62423	0.01675	0.03435	0.02434	0.02130	0.01341	0.01564	0.01123	0.00891	0.00774	0.00223	0.01538	0.00557	0.00445	0.01017
8	0.01058	0.00860	0.00937	0.00970	0.01208	0.00740	0.00708	0.01284	0.01974	0.02446	0.13557	0.20073	0.46609	0.02269	0.01047	0.00304	0.00451	0.01940	0.00825	0.00740
9	0.01215	0.00877	0.01149	0.01111	0.01299	0.00810	0.00822	0.01597	0.02379	0.03355	0.56838	0.13530	0.07953	0.01890	0.01038	0.00283	0.00422	0.01679	0.00943	0.00810
10	0.03914	0.01484	0.02024	0.01552	0.02227	0.01282	0.01282	0.04251	0.02497	0.64507	0.03441	0.02969	0.02159	0.01080	0.00877	0.00270	0.00742	0.00877	0.01080	0.01484
11	0.01142	0.00888	0.01037	0.01000	0.01246	0.00784	0.00750	0.01466	0.02250	0.02978	0.38563	0.07372	0.33435	0.01977	0.01030	0.00284	0.00425	0.01698	0.00892	0.00784
12	0.75506	0.01687	0.01282	0.01147	0.01687	0.01957	0.00945	0.02564	0.01484	0.03914	0.01215	0.01417	0.00945	0.00810	0.00540	0.00270	0.00675	0.00472	0.00540	0.00945
13	0.02170	0.01874	0.01972	0.01775	0.02268	0.02170	0.01381	0.04635	0.62327	0.03649	0.03550	0.03254	0.02663	0.01183	0.00888	0.00296	0.00690	0.00986	0.00888	0.01381
14	0.01207	0.00862	0.01178	0.01380	0.01494	0.00833	0.01061	0.01465	0.01813	0.02389	0.04728	0.43916	0.05453	0.02596	0.01152	0.00374	0.00631	0.25912	0.00807	0.00748
15	0.02718	0.16767	0.03239	0.03092	0.22243	0.32774	0.01965	0.03048	0.02175	0.02348	0.01415	0.01726	0.01206	0.00829	0.00765	0.00228	0.01271	0.00612	0.00428	0.01152
16	0.02138	0.01947	0.02910	0.03777	0.37862	0.04730	0.05252	0.05473	0.02073	0.03007	0.01832	0.02267	0.01493	0.00815	0.00805	0.00236	0.00938	0.00757	0.11831	0.09857
17	0.02414	0.24344	0.26591	0.02066	0.02962	0.12666	0.02200	0.11947	0.02274	0.02872	0.01505	0.01702	0.01172	0.00849	0.00746	0.00238	0.01172	0.00598	0.00462	0.01223
18	0.01031	0.00884	0.00884	0.00884	0.01178	0.00736	0.00663	0.01252	0.01988	0.02356	0.08837	0.08395	0.63549	0.02209	0.01031	0.00295	0.00442	0.01841	0.00810	0.00736
19	0.52638	0.02147	0.08958	0.01635	0.02309	0.02065	0.07193	0.08508	0.01846	0.03833	0.01397	0.01626	0.01055	0.00828	0.00654	0.00272	0.00852	0.00578	0.00544	0.01061
20	0.01063	0.00759	0.01012	0.01215	0.01265	0.00709	0.00810	0.01215	0.01670	0.02227	0.04808	0.68775	0.05769	0.02733	0.01113	0.00354	0.00506	0.02480	0.00810	0.00709
21	0.01515	0.00758	0.01136	0.01136	0.01136	0.00758	0.00758	0.01136	0.01136	0.01515	0.01515	0.02652	0.01515	0.03030	0.03409	0.74621	0.00758	0.00758	0.00379	0.00379
22	0.02332	0.69869	0.04571	0.01493	0.02239	0.03451	0.01493	0.02612	0.01772	0.02052	0.01213	0.01399	0.01119	0.00746	0.00560	0.00187	0.00933	0.00466	0.00373	0.01119
23	0.01050	0.00858	0.00928	0.00967	0.01204	0.00736	0.00704	0.01268	0.01949	0.02398	0.11281	0.21184	0.47854	0.02295	0.01048	0.00306	0.00454	0.01962	0.00819	0.00736
24	0.05997	0.03110	0.02366	0.02125	0.02426	0.39230	0.01654	0.02872	0.02010	0.02196	0.01384	0.01841	0.01226	0.01625	0.07789	0.00386	0.19706	0.00650	0.00437	0.00970
25	0.03022	0.03338	0.02414	0.02219	0.05060	0.41822	0.01637	0.17203	0.02773	0.02989	0.01865	0.08006	0.01656	0.01101	0.00841	0.00247	0.01303	0.00804	0.00585	0.01113
26	0.01105	0.00907	0.00986	0.01026	0.01302	0.00789	0.00809	0.01361	0.01992	0.02406	0.08007	0.08679	0.52046	0.02249	0.01065	0.00316	0.00513	0.12885	0.00809	0.00750
27	0.02285	0.62311	0.07807	0.01678	0.02461	0.03300	0.05170	0.02631	0.01793	0.02135	0.01265	0.01480	0.01131	0.00750	0.00602	0.00198	0.00984	0.00510	0.00377	0.01132
28	0.02208	0.01961	0.05783	0.01828	0.02348	0.02019	0.01552	0.15001	0.34455	0.03739	0.03370	0.04335	0.02836	0.01395	0.00948	0.00310	0.00803	0.13000	0.00835	0.01273
29	0.01097	0.00784	0.01052	0.01254	0.01320	0.00738	0.00870	0.01274	0.01704	0.02265	0.04789	0.62826	0.05694	0.02700	0.01123	0.00359	0.00536	0.08088	0.00809	0.00718
30	0.01750	0.04512	0.64825	0.02486	0.03775	0.02026	0.03223	0.02762	0.01842	0.02762	0.01565	0.01842	0.01105	0.00829	0.00829	0.00276	0.01289	0.00645	0.00368	0.01289
31	0.02612	0.01525	0.01891	0.01391	0.02128	0.01208	0.01128	0.02980	0.02071	0.26360	0.02272	0.02251	0.01623	0.00811	0.00734	0.00183	0.00683	0.00654	0.00731	0.46763
32	0.01095	0.00793	0.01035	0.01172	0.01267	0.00733	0.00804	0.01302	0.01846	0.02484	0.16572	0.52940	0.09696	0.02515	0.01092	0.00335	0.00484	0.02264	0.00839	0.00733
33	0.02410	0.01797	0.01888	0.01589	0.02001	0.05654	0.01275	0.27477	0.02753	0.03898	0.02256	0.02602	0.01774	0.01904	0.10923	0.00425	0.04888	0.00802	0.22567	0.01117
34	0.01249	0.00925	0.01351	0.01351	0.01489	0.01063	0.01027	0.01525	0.01387	0.01987	0.02383	0.03684	0.02292	0.13617	0.58965	0.01339	0.02169	0.00972	0.00474	0.00751
35	0.01063	0.00759	0.01012	0.01215	0.01265	0.00709	0.00810	0.01215	0.01670	0.02227	0.04808	0.68775	0.05769	0.02733	0.01113	0.00354	0.00506	0.02480	0.00810	0.00709
36	0.75506	0.01687	0.01282	0.01147	0.01687	0.01957	0.00945	0.02564	0.01484	0.03914	0.01215	0.01417	0.00945	0.00810	0.00540	0.00270	0.00675	0.00472	0.00540	0.00945
37	0.22793	0.17167	0.08905	0.01773	0.02432	0.19224	0.01592	0.11533	0.02231	0.03170	0.01416	0.01598	0.01125	0.00857	0.00688	0.00240	0.01071	0.00559	0.00513	0.01114
38	0.05518	0.10100	0.03063	0.05339	0.12211	0.14728	0.07873	0.09440	0.11330	0.02975	0.01819	0.02091	0.01452	0.00959	0.01010	0.00267	0.07340	0.00745	0.00545	0.01195
39	0.05975	0.29606	0.24987	0.01966	0.02838	0.02534	0.05569	0.02673	0.01824	0.05702	0.01811	0.02021	0.03877	0.00897	0.00832	0.00247	0.04376	0.00658	0.00440	0.01167
40	0.05121	0.02176	0.10452	0.05592	0.05810	0.07939	0.01771	0.14036	0.02461	0.03302	0.09113	0.04884	0.03168	0.01473	0.00964	0.00307	0.00961	0.18710	0.00687	0.01073
41	0.09989	0.12492	0.05415	0.05920	0.15517	0.11775	0.01755	0.03078	0.04906	0.14402	0.02275	0.02394	0.04574	0.00950	0.00784	0.00252	0.00982	0.00743	0.00595	0.01202
42	0.01922	0.01636	0.05731	0.04923	0.11639	0.01544	0.01525	0.05715	0.12251	0.09046	0.03897	0.04045	0.15622	0.02349	0.13685	0.00501	0.01088	0.01082	0.00683	0.01112
43	0.02036	0.12068	0.05552	0.11519	0.15634	0.04870	0.01825	0.05896	0.02017	0.05879	0.02644	0.13021	0.05293	0.01310	0.00962	0.00281	0.03695	0.03837	0.00569	0.01093
44	0.20052	0.09037	0.06051	0.09679	0.25364	0.08314	0.04460	0.02685	0.01861	0.02891	0.01458	0.01855	0.01186	0.00804	0.00753	0.00257	0.01033	0.00655	0.00447	0.01159

[dist]
# distance from previous block
# <min> <max>
14	83

[block]
# block no. 3 follows, 20 sequences, length 133
# corresponding to MSA columns:
# 339-471
name=unknown_D
#
# <colnr> <probs for GDERKNQSTAVLIFYWHMCP>
#	G	D	E	R	K	N	Q	S	T	A	V	L	I	F	Y	W	H	M	C	P
0	0.02083	0.05719	0.06461	0.03800	0.34637	0.07621	0.08175	0.02572	0.01961	0.02640	0.02020	0.02476	0.04535	0.01334	0.06308	0.00348	0.01196	0.00815	0.00454	0.04843
1	0.02113	0.02404	0.08223	0.25101	0.30974	0.11165	0.02497	0.02652	0.01964	0.02535	0.01563	0.02103	0.01249	0.00830	0.00852	0.00266	0.01176	0.00735	0.00414	0.01185
2	0.02584	0.08325	0.03156	0.03744	0.34532	0.20709	0.02150	0.03089	0.05285	0.05788	0.01712	0.02024	0.01391	0.00847	0.00818	0.00245	0.01151	0.00705	0.00489	0.01257
3	0.02118	0.02357	0.05695	0.02530	0.08342	0.13929	0.18387	0.08503	0.02313	0.02827	0.03723	0.03866	0.19099	0.01228	0.00943	0.00274	0.01096	0.01107	0.00589	0.01074
4	0.06131	0.02128	0.08810	0.04880	0.02692	0.02022	0.06563	0.27701	0.02715	0.03787	0.02248	0.08346	0.01948	0.05094	0.10478	0.00468	0.01185	0.00969	0.00665	0.01171
5	0.02103	0.08146	0.12772	0.04436	0.43772	0.02195	0.08673	0.02696	0.01955	0.02764	0.01607	0.02069	0.01313	0.00778	0.00850	0.00259	0.01110	0.00758	0.00419	0.01325
6	0.02723	0.11548	0.06311	0.09109	0.03321	0.35914	0.10765	0.05694	0.02290	0.02417	0.01460	0.01785	0.01173	0.00856	0.00811	0.00242	0.01395	0.00657	0.00447	0.01080
7	0.02657	0.03660	0.17026	0.03020	0.17336	0.32970	0.02270	0.06087	0.02297	0.02620	0.01505	0.01799	0.01199	0.00862	0.00819	0.00247	0.01350	0.00643	0.00448	0.01186
8	0.01094	0.00803	0.01034	0.01206	0.01309	0.00744	0.00850	0.01282	0.01753	0.02286	0.05392	0.53566	0.14353	0.02621	0.01111	0.00350	0.00527	0.08188	0.00809	0.00723
9	0.02047	0.02421	0.09398	0.06698	0.12893	0.05474	0.30246	0.02653	0.01929	0.02669	0.01670	0.02224	0.01317	0.00882	0.01181	0.00290	0.09865	0.00875	0.04116	0.01151
10	0.75506	0.01687	0.01282	0.01147	0.01687	0.01957	0.00945	0.02564	0.01484	0.03914	0.01215	0.01417	0.00945	0.00810	0.00540	0.00270	0.00675	0.00472	0.00540	0.00945
11	0.01908	0.01908	0.02672	0.02290	0.02290	0.02672	0.01908	0.02099	0.01336	0.02099	0.01145	0.01908	0.01145	0.01527	0.02863	0.00382	0.67748	0.00763	0.00382	0.00954
12	0.09865	0.01902	0.01955	0.01730	0.02245	0.02192	0.01359	0.09148	0.51139	0.03831	0.03186	0.02967	0.02386	0.01133	0.00850	0.00290	0.00711	0.00916	0.00850	0.01344
13	0.02140	0.48293	0.24462	0.01821	0.02746	0.02981	0.02064	0.02662	0.01795	0.02287	0.01329	0.01545	0.01115	0.00773	0.00649	0.00216	0.01050	0.00525	0.00372	0.01175
14	0.02015	0.01188	0.01228	0.01088	0.01405	0.01248	0.00851	0.15597	0.02352	0.03769	0.02673	0.02986	0.02063	0.01023	0.00670	0.00217	0.00534	0.00807	0.57320	0.00967
15	0.01204	0.00890	0.01123	0.01065	0.01284	0.00810	0.00799	0.01586	0.02396	0.03325	0.55166	0.06801	0.16615	0.01848	0.01029	0.00277	0.00416	0.01617	0.00937	0.00810
16	0.02170	0.01874	0.01972	0.01775	0.02268	0.02170	0.01381	0.04635	0.62327	0.03649	0.03550	0.03254	0.02663	0.01183	0.00888	0.00296	0.00690	0.00986	0.00888	0.01381
17	0.01968	0.01143	0.01178	0.01054	0.01358	0.01196	0.00822	0.13955	0.02289	0.03706	0.02694	0.03018	0.02084	0.01023	0.00663	0.00215	0.00518	0.00807	0.59362	0.00949
18	0.01057	0.00781	0.00989	0.01155	0.01250	0.00713	0.00783	0.01221	0.01727	0.02250	0.05527	0.57990	0.16090	0.02639	0.01099	0.00344	0.00495	0.02366	0.00810	0.00713
19	0.03261	0.04071	0.02479	0.02235	0.02697	0.62681	0.01684	0.06363	0.02553	0.02303	0.01386	0.01599	0.01142	0.00906	0.00791	0.00227	0.01542	0.00573	0.00471	0.01035
20	0.02750	0.01974	0.02143	0.01716	0.02287	0.02112	0.01389	0.42359	0.03436	0.07730	0.03596	0.08858	0.12965	0.01398	0.00921	0.00276	0.00818	0.01121	0.00867	0.01285
21	0.03316	0.02443	0.02618	0.02007	0.02705	0.02705	0.01658	0.60995	0.04101	0.05497	0.02094	0.02094	0.01483	0.01047	0.00873	0.00262	0.00960	0.00785	0.00873	0.01483
22	0.02159	0.02062	0.03460	0.05170	0.60730	0.02078	0.02610	0.02778	0.05093	0.02891	0.01739	0.02215	0.01448	0.00798	0.00865	0.00261	0.01018	0.00788	0.00455	0.01382
23	0.01074	0.00832	0.00983	0.01081	0.01254	0.00740	0.00773	0.01282	0.01870	0.02374	0.09931	0.36215	0.31085	0.02435	0.01077	0.00326	0.00486	0.04633	0.00818	0.00731
24	0.01133	0.00942	0.01001	0.01025	0.01287	0.00851	0.00753	0.01528	0.06985	0.02439	0.07578	0.20173	0.46759	0.02229	0.01036	0.00307	0.00476	0.01898	0.00816	0.00785
25	0.01959	0.01729	0.01883	0.01377	0.02132	0.04570	0.01098	0.05207	0.01958	0.02939	0.01567	0.01811	0.01293	0.00679	0.00665	0.00141	0.00709	0.00533	0.00531	0.67220
26	0.03074	0.03459	0.02496	0.02179	0.02634	0.43220	0.01687	0.15029	0.05795	0.02890	0.01593	0.01801	0.01279	0.01009	0.01024	0.00252	0.08260	0.00650	0.00551	0.01120
27	0.01079	0.00771	0.01031	0.01233	0.01291	0.00722	0.00838	0.01243	0.01686	0.02245	0.04799	0.65996	0.05734	0.02718	0.01118	0.00356	0.00520	0.05100	0.00809	0.00713
28	0.01144	0.00817	0.01106	0.01308	0.01394	0.00779	0.00952	0.01356	0.01750	0.02318	0.04763	0.54749	0.05591	0.02656	0.01135	0.00366	0.00577	0.15701	0.00808	0.00731
29	0.01697	0.00974	0.01045	0.00977	0.01224	0.00983	0.00746	0.07189	0.02160	0.03501	0.15032	0.03809	0.03381	0.01174	0.00718	0.00223	0.00457	0.00965	0.52871	0.00875
30	0.03316	0.02443	0.02618	0.02007	0.02705	0.02705	0.01658	0.60995	0.04101	0.05497	0.02094	0.02094	0.01483	0.01047	0.00873	0.00262	0.00960	0.00785	0.00873	0.01483
31	0.75506	0.01687	0.01282	0.01147	0.01687	0.01957	0.00945	0.02564	0.01484	0.03914	0.01215	0.01417	0.00945	0.00810	0.00540	0.00270	0.00675	0.00472	0.00540	0.00945
32	0.03316	0.02443	0.02618	0.02007	0.02705	0.02705	0.01658	0.60995	0.04101	0.05497	0.02094	0.02094	0.01483	0.01047	0.00873	0.00262	0.00960	0.00785	0.00873	0.01483
33	0.02159	0.02073	0.03541	0.05354	0.63903	0.02073	0.02677	0.02677	0.01986	0.02850	0.01641	0.02159	0.01382	0.00777	0.00864	0.00259	0.01036	0.00777	0.00432	0.01382
34	0.02332	0.69869	0.04571	0.01493	0.02239	0.03451	0.01493	0.02612	0.01772	0.02052	0.01213	0.01399	0.01119	0.00746	0.00560	0.00187	0.00933	0.00466	0.00373	0.01119
35	0.02108	0.01536	0.01880	0.11590	0.02439	0.01798	0.01386	0.17032	0.02304	0.03458	0.02152	0.02576	0.01685	0.01093	0.01119	0.00263	0.12692	0.00791	0.31063	0.01032
36	0.02702	0.02138	0.02272	0.01883	0.02471	0.02418	0.01509	0.30790	0.35306	0.04507	0.02875	0.02716	0.02115	0.01120	0.00881	0.00280	0.00815	0.00893	0.00881	0.01428
37	0.01072	0.00885	0.00941	0.00927	0.01204	0.00754	0.00695	0.01332	0.02086	0.02588	0.19925	0.08013	0.52317	0.02123	0.01030	0.00290	0.00436	0.01787	0.00841	0.00754
38	0.02065	0.01964	0.03246	0.04815	0.55824	0.01965	0.02449	0.02647	0.04745	0.02845	0.02332	0.02732	0.06655	0.00916	0.00879	0.00264	0.00971	0.00876	0.00484	0.01328
39	0.01063	0.00759	0.01012	0.01215	0.01265	0.00709	0.00810	0.01215	0.01670	0.02227	0.04808	0.68775	0.05769	0.02733	0.01113	0.00354	0.00506	0.02480	0.00810	0.00709
40	0.01515	0.00758	0.01136	0.01136	0.01136	0.00758	0.00758	0.01136	0.01136	0.01515	0.01515	0.02652	0.01515	0.03030	0.03409	0.74621	0.00758	0.00758	0.00379	0.00379
41	0.02332	0.69869	0.04571	0.01493	0.02239	0.03451	0.01493	0.02612	0.01772	0.02052	0.01213	0.01399	0.01119	0.00746	0.00560	0.00187	0.00933	0.00466	0.00373	0.01119
42	0.01063	0.00759	0.01012	0.01215	0.01265	0.00709	0.00810	0.01215	0.01670	0.02227	0.04808	0.68775	0.05769	0.02733	0.01113	0.00354	0.00506	0.02480	0.00810	0.00709
43	0.03234	0.02672	0.02599	0.02058	0.02682	0.12168	0.01675	0.49293	0.03712	0.04816	0.01933	0.02006	0.01412	0.01050	0.00964	0.00262	0.04545	0.00751	0.00783	0.01385
44	0.02941	0.03469	0.02411	0.08907	0.02966	0.48110	0.01736	0.08380	0.02504	0.02487	0.01711	0.02391	0.01487	0.01036	0.00838	0.00250	0.01411	0.05425	0.00511	0.01032
45	0.01063	0.00759	0.01012	0.01215	0.01265	0.00709	0.00810	0.01215	0.01670	0.02227	0.04808	0.68775	0.05769	0.02733	0.01113	0.00354	0.00506	0.02480	0.00810	0.00709
46	0.02715	0.02549	0.02615	0.02499	0.10737	0.15188	0.04448	0.20348	0.22619	0.03732	0.02349	0.02392	0.01779	0.01012	0.00866	0.00267	0.01029	0.00817	0.00714	0.01326
47	0.01864	0.01889	0.01696	0.01535	0.01871	0.17147	0.01173	0.02238	0.04586	0.02420	0.09205	0.03757	0.10698	0.05609	0.16734	0.00548	0.04600	0.00983	0.00584	0.10862
48	0.01063	0.00759	0.01012	0.01215	0.01265	0.00709	0.00810	0.01215	0.01670	0.02227	0.04808	0.68775	0.05769	0.02733	0.01113	0.00354	0.00506	0.02480	0.00810	0.00709
49	0.01908	0.01908	0.02672	0.02290	0.02290	0.02672	0.01908	0.02099	0.01336	0.02099	0.01145	0.01908	0.01145	0.01527	0.02863	0.00382	0.67748	0.00763	0.00382	0.00954
50	0.02437	0.02007	0.02123	0.01829	0.02370	0.02295	0.01445	0.17799	0.48727	0.04081	0.03210	0.02983	0.02387	0.01152	0.00884	0.00288	0.00753	0.00939	0.00884	0.01405
51	0.01268	0.00846	0.00951	0.00951	0.00951	0.00846	0.00529	0.01268	0.01268	0.01691	0.02748	0.05708	0.03171	0.69345	0.04440	0.00846	0.00846	0.01268	0.00529	0.00529
52	0.03002	0.15252	0.02906	0.02167	0.05347	0.32625	0.01673	0.17859	0.05818	0.03078	0.01639	0.01786	0.01304	0.00918	0.00776	0.00232	0.01234	0.00633	0.00564	0.01185
53	0.01268	0.00846	0.00951	0.00951	0.00951	0.00846	0.00529	0.01268	0.01268	0.01691	0.02748	0.05708	0.03171	0.69345	0.04440	0.00846	0.00846	0.01268	0.00529	0.00529
54	0.01908	0.01908	0.02672	0.02290	0.02290	0.02672	0.01908	0.02099	0.01336	0.02099	0.01145	0.01908	0.01145	0.01527	0.02863	0.00382	0.67748	0.00763	0.00382	0.00954
55	0.02268	0.05617	0.06686	0.04394	0.44106	0.10290	0.05351	0.02758	0.02002	0.02677	0.01561	0.02030	0.01308	0.00829	0.00946	0.00260	0.04465	0.00740	0.00426	0.01286
56	0.02138	0.02199	0.06726	0.05205	0.60778	0.02070	0.02705	0.02681	0.01979	0.02845	0.01637	0.02142	0.01367	0.00780	0.00862	0.00260	0.01049	0.00770	0.00428	0.01377
57	0.02138	0.02199	0.06726	0.05205	0.60778	0.02070	0.02705	0.02681	0.01979	0.02845	0.01637	0.02142	0.01367	0.00780	0.00862	0.00260	0.01049	0.00770	0.00428	0.01377
58	0.01071	0.00885	0.00939	0.00925	0.01203	0.00753	0.00694	0.01329	0.02082	0.02579	0.19507	0.08028	0.52740	0.02126	0.01031	0.00291	0.00436	0.01789	0.00839	0.00753
59	0.03258	0.04157	0.02472	0.02247	0.02697	0.65843	0.01685	0.03483	0.02472	0.02135	0.01348	0.01573	0.01124	0.00899	0.00787	0.00225	0.01573	0.00562	0.00449	0.01011
60	0.03262	0.04059	0.02480	0.02233	0.02697	0.62209	0.01684	0.06793	0.02566	0.02328	0.01391	0.01603	0.01144	0.00907	0.00791	0.00227	0.01538	0.00575	0.00474	0.01038
61	0.01144	0.00835	0.01077	0.01129	0.01277	0.00767	0.00804	0.01429	0.02089	0.02861	0.33895	0.33185	0.11823	0.02223	0.01065	0.00310	0.00454	0.01984	0.00884	0.00767
62	0.10675	0.02348	0.02238	0.01800	0.02390	0.10805	0.01448	0.35927	0.03210	0.10591	0.02105	0.02266	0.01562	0.04226	0.00983	0.00283	0.00960	0.00756	0.04137	0.01288
63	0.01268	0.00846	0.00951	0.00951	0.00951	0.00846	0.00529	0.01268	0.01268	0.01691	0.02748	0.05708	0.03171	0.69345	0.04440	0.00846	0.00846	0.01268	0.00529	0.00529
64	0.01908	0.01908	0.02672	0.02290	0.02290	0.02672	0.01908	0.02099	0.01336	0.02099	0.01145	0.01908	0.01145	0.01527	0.02863	0.00382	0.67748	0.00763	0.00382	0.00954
65	0.06081	0.02755	0.19493	0.02002	0.02805	0.02223	0.01956	0.23755	0.16661	0.09866	0.02372	0.02344	0.01691	0.01010	0.00849	0.00275	0.00954	0.00787	0.00741	0.01381
66	0.02428	0.02480	0.03157	0.04291	0.43933	0.14571	0.02327	0.05705	0.07241	0.02900	0.01765	0.02133	0.01443	0.00848	0.00851	0.00256	0.01109	0.00753	0.00494	0.01314
