[name]
unknown

[dist]
# distance from previous block
# <min> <max>
3	17

[block]
# block no. 0 follows, 20 sequences, length 6
# corresponding to MSA columns:
# 17-22
name=unknown_A
#
# <colnr> <probs for GDERKNQSTAVLIFYWHMCP>
#	G	D	E	R	K	N	Q	S	T	A	V	L	I	F	Y	W	H	M	C	P
0	0.01159	0.00840	0.01033	0.01081	0.01196	0.00795	0.00734	0.01349	0.01776	0.02378	0.17696	0.25900	0.14202	0.19837	0.05614	0.00514	0.00667	0.01784	0.00751	0.00696
1	0.01312	0.00855	0.01039	0.01048	0.01138	0.00877	0.00702	0.01495	0.01530	0.02238	0.08054	0.09437	0.03425	0.33604	0.15511	0.00755	0.01002	0.01232	0.14078	0.00669
2	0.06185	0.01569	0.01463	0.01318	0.01609	0.08756	0.00985	0.12813	0.02125	0.03079	0.02360	0.03306	0.02096	0.16755	0.09429	0.00507	0.00988	0.00875	0.22881	0.00899
3	0.01489	0.01061	0.01219	0.01196	0.01343	0.01072	0.00807	0.10307	0.01894	0.02506	0.03848	0.27011	0.08694	0.30702	0.02482	0.00544	0.00714	0.01657	0.00700	0.00752
4	0.01761	0.01264	0.01459	0.01362	0.01592	0.01313	0.00977	0.18071	0.02306	0.03097	0.07572	0.29539	0.04068	0.19278	0.01893	0.00449	0.00714	0.01630	0.00766	0.00888
5	0.01231	0.00830	0.00963	0.01000	0.01009	0.00821	0.00580	0.01259	0.01342	0.01789	0.03126	0.17271	0.03648	0.57132	0.03830	0.00756	0.00783	0.01491	0.00580	0.00562

[dist]
# distance from previous block
# <min> <max>
6	11

[block]
# block no. 1 follows, 20 sequences, length 25
# corresponding to MSA columns:
# 34-58
name=unknown_B
#
# <colnr> <probs for GDERKNQSTAVLIFYWHMCP>
#	G	D	E	R	K	N	Q	S	T	A	V	L	I	F	Y	W	H	M	C	P
0	0.11144	0.18047	0.02995	0.02520	0.13627	0.33080	0.01738	0.03038	0.02115	0.02451	0.01356	0.01623	0.01149	0.00833	0.00722	0.00228	0.01230	0.00570	0.00440	0.01095
1	0.43271	0.07053	0.07416	0.01605	0.05588	0.02018	0.01326	0.07454	0.01795	0.03524	0.01473	0.01876	0.01219	0.05553	0.00890	0.00294	0.00804	0.00589	0.00532	0.05723
2	0.01827	0.02075	0.10091	0.38566	0.19168	0.02006	0.05915	0.02537	0.04556	0.02533	0.01676	0.02274	0.01285	0.00851	0.00875	0.00282	0.01144	0.00785	0.00421	0.01134
3	0.02126	0.01898	0.02353	0.02567	0.15906	0.02110	0.01677	0.03871	0.40899	0.03318	0.02836	0.02826	0.02188	0.01078	0.00991	0.00282	0.05031	0.00893	0.00729	0.06421
4	0.01063	0.00759	0.01012	0.01215	0.01265	0.00709	0.00810	0.01215	0.01670	0.02227	0.04808	0.68775	0.05769	0.02733	0.01113	0.00354	0.00506	0.02480	0.00810	0.00709
5	0.02031	0.02525	0.14324	0.04104	0.41522	0.06320	0.02477	0.02585	0.01994	0.02728	0.02433	0.02776	0.08447	0.00959	0.00871	0.00264	0.01051	0.00860	0.00465	0.01265
6	0.09035	0.15290	0.02664	0.01981	0.04509	0.32644	0.01530	0.05866	0.06792	0.05313	0.05218	0.02045	0.01705	0.00946	0.00756	0.00235	0.01164	0.00659	0.00551	0.01097
7	0.01194	0.00780	0.01074	0.01230	0.01282	0.00745	0.00849	0.01247	0.01578	0.02098	0.04046	0.48786	0.04742	0.02773	0.01641	0.17174	0.00588	0.06819	0.00712	0.00642
8	0.01239	0.00842	0.00998	0.01025	0.01045	0.00848	0.00614	0.01286	0.01333	0.01791	0.02987	0.13888	0.03432	0.55154	0.09230	0.00828	0.00928	0.01401	0.00561	0.00574
9	0.02907	0.06936	0.02485	0.02015	0.02550	0.29786	0.01581	0.16783	0.19850	0.03323	0.02137	0.02160	0.01643	0.01005	0.00822	0.00251	0.01146	0.00728	0.00666	0.01230
10	0.01657	0.01611	0.02887	0.44037	0.04968	0.01852	0.13295	0.02197	0.01780	0.02331	0.02009	0.11138	0.01804	0.01117	0.01006	0.00303	0.03530	0.01049	0.00454	0.00973
11	0.01226	0.01083	0.01000	0.00986	0.01223	0.04897	0.00697	0.01397	0.01856	0.02192	0.06982	0.07353	0.45912	0.17327	0.01787	0.00415	0.00605	0.01630	0.00723	0.00707
12	0.02391	0.01894	0.01947	0.07453	0.02402	0.07265	0.01358	0.23699	0.10699	0.03744	0.02851	0.03009	0.07005	0.01256	0.00994	0.04982	0.00836	0.00885	0.14203	0.01127
13	0.02201	0.17630	0.02992	0.09637	0.05901	0.15215	0.01799	0.02490	0.01748	0.02143	0.01374	0.01916	0.01237	0.01538	0.06961	0.00376	0.22754	0.00673	0.00404	0.01012
14	0.04906	0.05474	0.27281	0.03878	0.33835	0.02105	0.04810	0.02707	0.01905	0.02827	0.01583	0.01986	0.01246	0.00796	0.00832	0.00265	0.01131	0.00711	0.00410	0.01312
15	0.01695	0.01264	0.01453	0.01431	0.05677	0.01180	0.01017	0.07739	0.06087	0.08138	0.08569	0.06169	0.39004	0.01743	0.00962	0.00278	0.00583	0.01453	0.00810	0.04748
16	0.01264	0.00862	0.01033	0.01033	0.01062	0.00890	0.00631	0.01321	0.01293	0.01752	0.02673	0.05293	0.02991	0.57906	0.15631	0.00947	0.01117	0.01208	0.00517	0.00574
17	0.02647	0.01943	0.02141	0.01772	0.02278	0.02112	0.01406	0.43247	0.03379	0.04526	0.02900	0.21891	0.02756	0.01548	0.00944	0.00289	0.00825	0.01288	0.00854	0.01253
18	0.02129	0.01822	0.02276	0.05174	0.02449	0.02017	0.01524	0.15148	0.02137	0.03111	0.01593	0.02035	0.01339	0.01406	0.05621	0.00329	0.22062	0.00695	0.00543	0.26592
19	0.01777	0.04351	0.60780	0.02675	0.07744	0.02029	0.03187	0.02757	0.01851	0.02768	0.01570	0.01863	0.01123	0.00825	0.00831	0.00275	0.01272	0.00653	0.00373	0.01295
20	0.01775	0.06149	0.03244	0.02443	0.02832	0.02056	0.22135	0.02178	0.01666	0.02340	0.01995	0.09971	0.01918	0.02220	0.12944	0.00515	0.21105	0.01064	0.00466	0.00983
21	0.01175	0.00950	0.01052	0.01016	0.01292	0.00859	0.00765	0.01608	0.06052	0.02838	0.27546	0.07407	0.40318	0.01994	0.01021	0.00288	0.00447	0.01694	0.00867	0.00808
22	0.06889	0.01226	0.01432	0.10960	0.04891	0.01254	0.01128	0.02007	0.09926	0.02648	0.06172	0.06020	0.38837	0.01708	0.00944	0.00291	0.00625	0.01421	0.00721	0.00901
23	0.02326	0.02461	0.02987	0.04066	0.41093	0.17222	0.02209	0.02838	0.04867	0.02673	0.02271	0.02600	0.06672	0.00947	0.00860	0.00256	0.01098	0.00826	0.00489	0.01238
24	0.01675	0.01531	0.02218	0.03040	0.29358	0.03788	0.01679	0.02063	0.02058	0.02770	0.14474	0.11640	0.14735	0.01509	0.00963	0.00284	0.00767	0.03746	0.00654	0.01051

[dist]
# distance from previous block
# <min> <max>
2	16

[block]
# block no. 2 follows, 20 sequences, length 9
# corresponding to MSA columns:
# 75-83
name=unknown_C
#
# <colnr> <probs for GDERKNQSTAVLIFYWHMCP>
#	G	D	E	R	K	N	Q	S	T	A	V	L	I	F	Y	W	H	M	C	P
0	0.31514	0.01785	0.01779	0.01532	0.02076	0.01979	0.01256	0.14918	0.13828	0.10720	0.02427	0.02922	0.01925	0.01120	0.00778	0.00286	0.00756	0.06455	0.00760	0.01183
1	0.01695	0.01135	0.01308	0.01132	0.01551	0.00982	0.00872	0.02113	0.04798	0.09604	0.10570	0.09717	0.20318	0.01491	0.00861	0.00242	0.00532	0.01255	0.11382	0.18443
2	0.01880	0.01350	0.01595	0.01340	0.01815	0.01263	0.01046	0.02733	0.15873	0.10015	0.24345	0.04266	0.07418	0.01298	0.00881	0.00242	0.00574	0.01106	0.00834	0.20127
3	0.01547	0.01889	0.17114	0.01418	0.01795	0.01285	0.01292	0.06247	0.01631	0.02254	0.02401	0.04459	0.02522	0.46880	0.03258	0.00658	0.00966	0.01075	0.00515	0.00793
4	0.26071	0.06780	0.01970	0.04802	0.02187	0.08319	0.01272	0.11732	0.02205	0.07883	0.08784	0.02500	0.02128	0.01616	0.07906	0.00384	0.01011	0.00752	0.00642	0.01057
5	0.01626	0.00813	0.00813	0.00813	0.01016	0.00813	0.00610	0.02033	0.01829	0.03252	0.02846	0.03252	0.02236	0.01016	0.00610	0.00203	0.00407	0.00813	0.74187	0.00813
6	0.01905	0.01586	0.01779	0.01362	0.02026	0.01380	0.01085	0.09402	0.07925	0.03166	0.02938	0.03003	0.11098	0.00988	0.00756	0.00187	0.00657	0.00800	0.00641	0.47317
7	0.01264	0.00852	0.00982	0.00972	0.01002	0.00842	0.00571	0.01323	0.01442	0.01952	0.11511	0.05825	0.03902	0.59591	0.03947	0.00763	0.00783	0.01313	0.00591	0.00571
8	0.22644	0.30274	0.09838	0.01619	0.02321	0.11722	0.01547	0.02841	0.01846	0.06474	0.01408	0.01574	0.01134	0.00815	0.00636	0.00230	0.00981	0.00526	0.00473	0.01097

[dist]
# distance from previous block
# <min> <max>
0	5

[block]
# block no. 3 follows, 20 sequences, length 49
# corresponding to MSA columns:
# 89-137
name=unknown_D
#
# <colnr> <probs for GDERKNQSTAVLIFYWHMCP>
#	G	D	E	R	K	N	Q	S	T	A	V	L	I	F	Y	W	H	M	C	P
0	0.02215	0.02209	0.03092	0.22385	0.36361	0.10164	0.02424	0.05800	0.02093	0.02725	0.01602	0.02128	0.01292	0.00834	0.00857	0.00264	0.01136	0.00750	0.00445	0.01223
1	0.02042	0.02696	0.18802	0.03853	0.30389	0.02097	0.12142	0.02999	0.10628	0.02934	0.01917	0.02269	0.01487	0.00841	0.00886	0.00274	0.01121	0.00816	0.00483	0.01325
2	0.02140	0.02383	0.07532	0.15851	0.36876	0.10958	0.02429	0.02658	0.02026	0.02664	0.04944	0.02321	0.01658	0.00870	0.00861	0.00262	0.01119	0.00780	0.00450	0.01217
3	0.12944	0.02495	0.02972	0.04038	0.40953	0.16658	0.02201	0.02845	0.02025	0.02839	0.01513	0.01918	0.01260	0.00810	0.00799	0.00253	0.01107	0.00684	0.00451	0.01234
4	0.02318	0.02067	0.03218	0.16773	0.35775	0.02197	0.04982	0.15947	0.02426	0.03330	0.01732	0.02186	0.01359	0.00856	0.00875	0.00268	0.01063	0.00790	0.00524	0.01314
5	0.02841	0.02002	0.02198	0.01817	0.02408	0.02204	0.01458	0.23539	0.32926	0.14246	0.03042	0.02817	0.02183	0.01121	0.00881	0.00280	0.00790	0.00901	0.00914	0.01432
6	0.02170	0.01874	0.01972	0.01775	0.02268	0.02170	0.01381	0.04635	0.62327	0.03649	0.03550	0.03254	0.02663	0.01183	0.00888	0.00296	0.00690	0.00986	0.00888	0.01381
7	0.01268	0.00846	0.00951	0.00951	0.00951	0.00846	0.00529	0.01268	0.01268	0.01691	0.02748	0.05708	0.03171	0.69345	0.04440	0.00846	0.00846	0.01268	0.00529	0.00529
8	0.01990	0.30474	0.33760	0.01957	0.02972	0.02506	0.02290	0.02641	0.01810	0.02485	0.01422	0.01660	0.01131	0.00776	0.00701	0.00224	0.01076	0.00559	0.00386	0.09180
9	0.01626	0.00813	0.00813	0.00813	0.01016	0.00813	0.00610	0.02033	0.01829	0.03252	0.02846	0.03252	0.02236	0.01016	0.00610	0.00203	0.00407	0.00813	0.74187	0.00813
10	0.01130	0.00888	0.01021	0.00988	0.01239	0.00779	0.00741	0.01444	0.02222	0.02912	0.35406	0.07480	0.36633	0.02002	0.01030	0.00285	0.00427	0.01713	0.00883	0.00779
11	0.02175	0.02309	0.02870	0.33178	0.23197	0.16613	0.02333	0.02655	0.01986	0.02400	0.01532	0.02102	0.01222	0.00849	0.00850	0.00266	0.01218	0.00727	0.00415	0.01107
12	0.01728	0.01694	0.02971	0.52566	0.05470	0.02042	0.10440	0.02295	0.01751	0.02295	0.01543	0.02292	0.01183	0.00913	0.01074	0.00299	0.07244	0.00809	0.00394	0.00996
13	0.01952	0.05602	0.03444	0.03820	0.32321	0.02025	0.14136	0.02434	0.01865	0.02606	0.02081	0.02635	0.04794	0.01633	0.09280	0.00418	0.06433	0.00888	0.00452	0.01181
14	0.01184	0.00800	0.01093	0.01254	0.01327	0.00763	0.00889	0.01309	0.01680	0.02240	0.07012	0.48137	0.05176	0.02685	0.01446	0.10817	0.00580	0.10174	0.00755	0.00681
15	0.01078	0.00765	0.01008	0.01196	0.01242	0.00718	0.00789	0.01218	0.01641	0.02188	0.04658	0.64205	0.05581	0.07560	0.01354	0.00390	0.00531	0.02392	0.00789	0.00695
16	0.02159	0.02073	0.03541	0.05354	0.63903	0.02073	0.02677	0.02677	0.01986	0.02850	0.01641	0.02159	0.01382	0.00777	0.00864	0.00259	0.01036	0.00777	0.00432	0.01382
17	0.02261	0.05789	0.02215	0.02375	0.16052	0.18194	0.01506	0.05568	0.02107	0.02811	0.02010	0.02423	0.01649	0.01413	0.06570	0.00331	0.01082	0.00731	0.23870	0.01042
18	0.03316	0.02443	0.02618	0.02007	0.02705	0.02705	0.01658	0.60995	0.04101	0.05497	0.02094	0.02094	0.01483	0.01047	0.00873	0.00262	0.00960	0.00785	0.00873	0.01483
19	0.20323	0.02576	0.07129	0.03294	0.28569	0.15233	0.02022	0.02920	0.04968	0.02996	0.01566	0.01888	0.01265	0.00834	0.00767	0.00258	0.01060	0.00659	0.00480	0.01191
20	0.02022	0.01988	0.03189	0.04038	0.37583	0.05705	0.10469	0.02518	0.02030	0.02732	0.02515	0.03843	0.04860	0.01143	0.00952	0.00290	0.01060	0.11348	0.00520	0.01195
21	0.01063	0.00759	0.01012	0.01215	0.01265	0.00709	0.00810	0.01215	0.01670	0.02227	0.04808	0.68775	0.05769	0.02733	0.01113	0.00354	0.00506	0.02480	0.00810	0.00709
22	0.01268	0.00846	0.00951	0.00951	0.00951	0.00846	0.00529	0.01268	0.01268	0.01691	0.02748	0.05708	0.03171	0.69345	0.04440	0.00846	0.00846	0.01268	0.00529	0.00529
23	0.02336	0.02490	0.01996	0.01835	0.02182	0.28866	0.01409	0.07858	0.05224	0.02466	0.01956	0.02509	0.01693	0.03372	0.29007	0.00742	0.01804	0.00765	0.00518	0.00972
24	0.01719	0.01255	0.03978	0.01284	0.01677	0.01075	0.01068	0.02260	0.08650	0.12845	0.06206	0.10528	0.32161	0.01912	0.01011	0.00309	0.00610	0.09646	0.00844	0.00962
25	0.01515	0.00758	0.01136	0.01136	0.01136	0.00758	0.00758	0.01136	0.01136	0.01515	0.01515	0.02652	0.01515	0.03030	0.03409	0.74621	0.00758	0.00758	0.00379	0.00379
26	0.03163	0.02296	0.02454	0.01899	0.02552	0.02534	0.01563	0.55655	0.03895	0.05294	0.02162	0.02199	0.01552	0.01044	0.00849	0.00256	0.00910	0.00788	0.07512	0.01423
27	0.02878	0.19719	0.03097	0.02256	0.06997	0.33038	0.01720	0.11387	0.02430	0.02647	0.01431	0.01668	0.01194	0.00912	0.00875	0.00233	0.05305	0.00598	0.00486	0.01129
28	0.02646	0.05985	0.11542	0.02350	0.06420	0.29501	0.01937	0.11098	0.02346	0.02727	0.01545	0.01886	0.01266	0.01377	0.05755	0.00341	0.09006	0.00664	0.00487	0.01121
29	0.01083	0.00803	0.01017	0.01178	0.01290	0.00737	0.00826	0.01268	0.01760	0.02283	0.05605	0.52030	0.17356	0.02602	0.01104	0.00346	0.00516	0.06665	0.00809	0.00721
30	0.02349	0.02005	0.02757	0.02141	0.05524	0.01885	0.12277	0.20991	0.02590	0.03677	0.01766	0.02015	0.01363	0.00796	0.00798	0.00207	0.00915	0.00708	0.00612	0.34623
31	0.01854	0.01744	0.02835	0.08753	0.44349	0.01739	0.02172	0.02312	0.01989	0.02732	0.05705	0.03619	0.14255	0.01117	0.00905	0.00269	0.00899	0.01026	0.00528	0.01197
32	0.01031	0.00884	0.00884	0.00884	0.01178	0.00736	0.00663	0.01252	0.01988	0.02356	0.08837	0.08395	0.63549	0.02209	0.01031	0.00295	0.00442	0.01841	0.00810	0.00736
33	0.01841	0.01816	0.02849	0.14296	0.03234	0.02255	0.10323	0.02303	0.04294	0.02325	0.01524	0.02215	0.01325	0.01595	0.06598	0.00409	0.34780	0.00814	0.00427	0.04777
34	0.01921	0.01450	0.01750	0.04921	0.02107	0.01361	0.01151	0.10666	0.05707	0.06311	0.24714	0.03751	0.03993	0.01186	0.00856	0.00226	0.00639	0.01004	0.00771	0.25517
35	0.13634	0.03803	0.02301	0.02089	0.02552	0.56668	0.01579	0.03351	0.02330	0.02390	0.01329	0.01551	0.01098	0.00886	0.00751	0.00231	0.01444	0.00549	0.00462	0.01002
36	0.16921	0.03538	0.41540	0.02595	0.09916	0.02028	0.06187	0.02714	0.01797	0.03010	0.01514	0.01820	0.01115	0.00814	0.00786	0.00274	0.01147	0.00647	0.00415	0.01222
37	0.01832	0.01728	0.02771	0.04059	0.45734	0.01685	0.02094	0.02264	0.01987	0.02707	0.03725	0.03965	0.19390	0.01192	0.00912	0.00269	0.00864	0.01085	0.00541	0.01195
38	0.01123	0.00819	0.01070	0.01249	0.01356	0.00767	0.00903	0.01329	0.01770	0.02313	0.05238	0.50842	0.12308	0.02612	0.01121	0.00356	0.00554	0.12732	0.00809	0.00729
39	0.02096	0.03687	0.36418	0.03362	0.22706	0.11206	0.02829	0.02839	0.01978	0.02700	0.01558	0.01904	0.01195	0.00822	0.00834	0.00263	0.01250	0.00675	0.00400	0.01279
40	0.01876	0.01784	0.03030	0.39548	0.31919	0.01998	0.02536	0.02429	0.01852	0.02507	0.01591	0.02251	0.01261	0.00830	0.00868	0.00277	0.01106	0.00776	0.00407	0.01154
41	0.01809	0.04094	0.53273	0.02717	0.03927	0.02061	0.14356	0.02769	0.01884	0.02769	0.01604	0.01941	0.01147	0.00811	0.00868	0.00280	0.01324	0.00719	0.00382	0.01267
42	0.02125	0.02169	0.04092	0.04778	0.43518	0.02118	0.22621	0.02717	0.02011	0.02831	0.01683	0.02226	0.01362	0.00763	0.00921	0.00271	0.01185	0.00864	0.00435	0.01311
43	0.01053	0.00885	0.00914	0.00907	0.01192	0.00746	0.00680	0.01295	0.02040	0.02480	0.14759	0.08191	0.57550	0.02163	0.01031	0.00292	0.00439	0.01812	0.00826	0.00746
44	0.01747	0.01516	0.01556	0.01462	0.01662	0.10325	0.01091	0.06432	0.01757	0.02318	0.02259	0.03512	0.02167	0.19136	0.30766	0.00900	0.04277	0.00932	0.05369	0.00818
45	0.02344	0.02416	0.01932	0.01739	0.02189	0.22094	0.01335	0.07872	0.24990	0.03016	0.03949	0.03808	0.16025	0.01317	0.00887	0.00270	0.00935	0.01032	0.00730	0.01124
46	0.12571	0.18946	0.38127	0.02037	0.03059	0.02384	0.02404	0.06234	0.01912	0.02931	0.01466	0.01695	0.01108	0.00820	0.00728	0.00254	0.01099	0.00588	0.00425	0.01213
47	0.07859	0.02209	0.14941	0.02154	0.08356	0.04433	0.04692	0.03023	0.02070	0.24552	0.02791	0.14235	0.02339	0.01250	0.00887	0.00284	0.00909	0.01071	0.00725	0.01220
48	0.02379	0.14806	0.21329	0.02008	0.02774	0.14043	0.01994	0.11249	0.10916	0.02972	0.01896	0.02189	0.01513	0.05067	0.01008	0.00287	0.01121	0.00705	0.00539	0.01203

[dist]
# distance from previous block
# <min> <max>
6	12

[block]
# block no. 4 follows, 20 sequences, length 34
# corresponding to MSA columns:
# 150-183
name=unknown_E
#
# <colnr> <probs for GDERKNQSTAVLIFYWHMCP>
#	G	D	E	R	K	N	Q	S	T	A	V	L	I	F	Y	W	H	M	C	P
0	0.28579	0.02576	0.24690	0.01841	0.05776	0.01740	0.01837	0.02415	0.01812	0.03248	0.10020	0.02856	0.07223	0.01058	0.00768	0.00274	0.00867	0.00810	0.00548	0.01062
1	0.01492	0.01412	0.01537	0.01824	0.10881	0.07509	0.01203	0.01791	0.02040	0.02455	0.06238	0.07035	0.37315	0.01899	0.01013	0.00302	0.00710	0.11756	0.00716	0.00873
2	0.02505	0.02908	0.02216	0.02204	0.07466	0.36077	0.01560	0.02983	0.08226	0.02371	0.02770	0.02957	0.10747	0.01520	0.05192	0.00332	0.05552	0.00852	0.00543	0.01019
3	0.01935	0.02745	0.22402	0.03646	0.29643	0.02129	0.02614	0.02532	0.01781	0.02631	0.01553	0.02073	0.01288	0.01232	0.04507	0.00346	0.14562	0.00741	0.00404	0.01237
4	0.02323	0.02846	0.15018	0.08793	0.25461	0.12999	0.02359	0.10247	0.02320	0.03035	0.05027	0.02242	0.01655	0.00906	0.00855	0.00260	0.01144	0.00759	0.00505	0.01248
5	0.01098	0.00774	0.01002	0.01169	0.01211	0.00732	0.00762	0.01224	0.01601	0.02135	0.04455	0.57962	0.05324	0.14154	0.01684	0.00439	0.00564	0.02272	0.00762	0.00678
6	0.03258	0.04157	0.02472	0.02247	0.02697	0.65843	0.01685	0.03483	0.02472	0.02135	0.01348	0.01573	0.01124	0.00899	0.00787	0.00225	0.01573	0.00562	0.00449	0.01011
7	0.01246	0.00935	0.01402	0.01402	0.01558	0.01090	0.01090	0.01558	0.01402	0.02025	0.02336	0.03427	0.02181	0.06542	0.65888	0.01402	0.02336	0.00935	0.00467	0.00779
8	0.01144	0.00880	0.00994	0.00988	0.01172	0.00821	0.00692	0.01329	0.01745	0.02217	0.10826	0.06821	0.33549	0.22137	0.10368	0.00595	0.00800	0.01537	0.00697	0.00689
9	0.02332	0.69869	0.04571	0.01493	0.02239	0.03451	0.01493	0.02612	0.01772	0.02052	0.01213	0.01399	0.01119	0.00746	0.00560	0.00187	0.00933	0.00466	0.00373	0.01119
10	0.01060	0.00770	0.01001	0.01187	0.01258	0.00711	0.00797	0.01218	0.01697	0.02238	0.05146	0.63705	0.10622	0.02689	0.01106	0.00349	0.00501	0.02426	0.00810	0.00711
11	0.03316	0.02443	0.02618	0.02007	0.02705	0.02705	0.01658	0.60995	0.04101	0.05497	0.02094	0.02094	0.01483	0.01047	0.00873	0.00262	0.00960	0.00785	0.00873	0.01483
12	0.02832	0.02203	0.02345	0.01909	0.02521	0.02479	0.01541	0.37206	0.28677	0.04717	0.02709	0.02584	0.01981	0.01105	0.00879	0.00276	0.00846	0.00870	0.00879	0.01440
13	0.01207	0.00820	0.00970	0.01030	0.01046	0.00804	0.00613	0.01252	0.01389	0.01852	0.03367	0.24642	0.03951	0.49346	0.03441	0.00698	0.00744	0.01632	0.00613	0.00583
14	0.02925	0.03114	0.02473	0.02096	0.02575	0.33526	0.01646	0.18023	0.02656	0.03070	0.01531	0.01782	0.01237	0.01006	0.01107	0.00248	0.11262	0.00645	0.00555	0.08521
15	0.02170	0.01874	0.01972	0.01775	0.02268	0.02170	0.01381	0.04635	0.62327	0.03649	0.03550	0.03254	0.02663	0.01183	0.00888	0.00296	0.00690	0.00986	0.00888	0.01381
16	0.01341	0.01089	0.01726	0.01606	0.01799	0.01264	0.05008	0.01672	0.01440	0.02080	0.02223	0.03260	0.02059	0.05845	0.57653	0.01265	0.06464	0.00930	0.00460	0.00816
17	0.01626	0.00813	0.00813	0.00813	0.01016	0.00813	0.00610	0.02033	0.01829	0.03252	0.02846	0.03252	0.02236	0.01016	0.00610	0.00203	0.00407	0.00813	0.74187	0.00813
18	0.03306	0.02737	0.02593	0.02048	0.02704	0.13530	0.01663	0.51134	0.03822	0.04921	0.01966	0.02005	0.01422	0.01022	0.00858	0.00255	0.01065	0.00747	0.00800	0.01402
19	0.01268	0.00846	0.00951	0.00951	0.00951	0.00846	0.00529	0.01268	0.01268	0.01691	0.02748	0.05708	0.03171	0.69345	0.04440	0.00846	0.00846	0.01268	0.00529	0.00529
20	0.01246	0.00935	0.01402	0.01402	0.01558	0.01090	0.01090	0.01558	0.01402	0.02025	0.02336	0.03427	0.02181	0.06542	0.65888	0.01402	0.02336	0.00935	0.00467	0.00779
21	0.02159	0.02073	0.03541	0.05354	0.63903	0.02073	0.02677	0.02677	0.01986	0.02850	0.01641	0.02159	0.01382	0.00777	0.00864	0.00259	0.01036	0.00777	0.00432	0.01382
22	0.01063	0.00759	0.01012	0.01215	0.01265	0.00709	0.00810	0.01215	0.01670	0.02227	0.04808	0.68775	0.05769	0.02733	0.01113	0.00354	0.00506	0.02480	0.00810	0.00709
23	0.01684	0.01193	0.01661	0.01982	0.13608	0.01265	0.01247	0.05229	0.01829	0.02849	0.02383	0.03038	0.02007	0.02989	0.24512	0.00655	0.01265	0.00849	0.28806	0.00949
24	0.01211	0.00898	0.01133	0.01094	0.01314	0.00820	0.00833	0.01589	0.02357	0.03245	0.50269	0.07053	0.17507	0.01897	0.01041	0.00286	0.00442	0.05280	0.00924	0.00807
25	0.02533	0.02156	0.03132	0.24397	0.04201	0.09502	0.16661	0.10081	0.02327	0.13439	0.01971	0.02326	0.01409	0.00898	0.00902	0.00277	0.01191	0.00833	0.00587	0.01178
26	0.02332	0.69869	0.04571	0.01493	0.02239	0.03451	0.01493	0.02612	0.01772	0.02052	0.01213	0.01399	0.01119	0.00746	0.00560	0.00187	0.00933	0.00466	0.00373	0.01119
27	0.01130	0.00858	0.01162	0.01447	0.05314	0.00800	0.00915	0.01313	0.01725	0.02281	0.05036	0.57957	0.11707	0.02550	0.01088	0.00342	0.00534	0.02301	0.00785	0.00755
28	0.01167	0.00831	0.01076	0.01129	0.01246	0.00778	0.00783	0.01421	0.01994	0.02754	0.31784	0.32458	0.06606	0.10125	0.01465	0.00375	0.00502	0.01918	0.00847	0.00741
29	0.01880	0.01882	0.02143	0.06339	0.07409	0.12740	0.01573	0.02142	0.01623	0.02108	0.01776	0.02778	0.01695	0.10717	0.20338	0.00684	0.19995	0.00839	0.00440	0.00901
30	0.01667	0.12292	0.01827	0.01308	0.01521	0.08970	0.00966	0.01820	0.01526	0.01889	0.02230	0.03935	0.02343	0.33862	0.19503	0.00813	0.01336	0.00970	0.00478	0.00745
31	0.02325	0.16080	0.10664	0.01815	0.02416	0.10815	0.01664	0.16894	0.02410	0.03043	0.02513	0.02731	0.08670	0.01718	0.08198	0.00382	0.05157	0.00813	0.00569	0.01124
32	0.12495	0.05207	0.05096	0.07161	0.22061	0.20650	0.01961	0.03096	0.09045	0.02808	0.01695	0.01984	0.01361	0.00871	0.00787	0.00255	0.01117	0.00680	0.00497	0.01174
33	0.02328	0.02512	0.03515	0.09616	0.36089	0.15397	0.12403	0.02828	0.02080	0.02639	0.01593	0.02084	0.01299	0.00803	0.00877	0.00261	0.01233	0.00775	0.00433	0.01235

[dist]
# distance from previous block
# <min> <max>
0	10

[block]
# block no. 5 follows, 20 sequences, length 37
# corresponding to MSA columns:
# 194-230
name=unknown_F
#
# <colnr> <probs for GDERKNQSTAVLIFYWHMCP>
#	G	D	E	R	K	N	Q	S	T	A	V	L	I	F	Y	W	H	M	C	P
0	0.01443	0.01096	0.01381	0.01425	0.04963	0.00942	0.00992	0.01712	0.01853	0.05291	0.04724	0.28510	0.17641	0.01916	0.00966	0.00281	0.00583	0.05320	0.00732	0.18228
1	0.24777	0.02427	0.02518	0.03155	0.27364	0.16812	0.01848	0.02937	0.05269	0.03053	0.01548	0.01857	0.01259	0.00838	0.00748	0.00256	0.01031	0.00646	0.00494	0.01163
2	0.01948	0.01780	0.01960	0.02057	0.08580	0.07629	0.01424	0.03278	0.30439	0.02911	0.02986	0.09366	0.02574	0.02505	0.15952	0.00547	0.01172	0.01058	0.00694	0.01142
3	0.01214	0.00991	0.01259	0.01408	0.05403	0.00948	0.01012	0.01504	0.01855	0.02352	0.06185	0.07077	0.35861	0.03153	0.16069	0.00566	0.00977	0.10660	0.00705	0.00799
4	0.02030	0.01900	0.06323	0.13008	0.15501	0.01850	0.01844	0.15880	0.06212	0.03286	0.03582	0.04004	0.15213	0.01287	0.00922	0.00284	0.00891	0.04169	0.00654	0.01160
5	0.02159	0.02073	0.03541	0.05354	0.63903	0.02073	0.02677	0.02677	0.01986	0.02850	0.01641	0.02159	0.01382	0.00777	0.00864	0.00259	0.01036	0.00777	0.00432	0.01382
6	0.01647	0.01550	0.02616	0.67248	0.06008	0.01938	0.02422	0.02229	0.01744	0.02229	0.01550	0.02326	0.01163	0.00872	0.00872	0.00291	0.01163	0.00775	0.00388	0.00969
7	0.01270	0.00927	0.01365	0.01365	0.01524	0.01073	0.01060	0.01588	0.01429	0.02102	0.02368	0.03416	0.02184	0.06194	0.61778	0.01326	0.02215	0.00927	0.05109	0.00781
8	0.01268	0.00846	0.00951	0.00951	0.00951	0.00846	0.00529	0.01268	0.01268	0.01691	0.02748	0.05708	0.03171	0.69345	0.04440	0.00846	0.00846	0.01268	0.00529	0.00529
9	0.01161	0.00889	0.01065	0.01021	0.01258	0.00792	0.00766	0.01505	0.02297	0.03088	0.43846	0.07190	0.28084	0.01936	0.01030	0.00282	0.00422	0.01672	0.00906	0.00792
10	0.02134	0.02047	0.03495	0.08379	0.61074	0.02066	0.02665	0.02655	0.01974	0.02819	0.01636	0.02167	0.01371	0.00782	0.00864	0.00261	0.01042	0.00777	0.00430	0.01362
11	0.02334	0.01955	0.02065	0.01808	0.02331	0.02246	0.01420	0.12694	0.54002	0.03913	0.03342	0.03089	0.02494	0.01164	0.00885	0.00291	0.00729	0.00957	0.00885	0.01395
12	0.02272	0.60152	0.04299	0.01607	0.02246	0.03340	0.01552	0.02539	0.01710	0.02059	0.01203	0.01472	0.01123	0.00858	0.00889	0.00214	0.10486	0.00509	0.00374	0.01096
13	0.01908	0.01908	0.02672	0.02290	0.02290	0.02672	0.01908	0.02099	0.01336	0.02099	0.01145	0.01908	0.01145	0.01527	0.02863	0.00382	0.67748	0.00763	0.00382	0.00954
14	0.01063	0.00759	0.01012	0.01215	0.01265	0.00709	0.00810	0.01215	0.01670	0.02227	0.04808	0.68775	0.05769	0.02733	0.01113	0.00354	0.00506	0.02480	0.00810	0.00709
15	0.03258	0.04157	0.02472	0.02247	0.02697	0.65843	0.01685	0.03483	0.02472	0.02135	0.01348	0.01573	0.01124	0.00899	0.00787	0.00225	0.01573	0.00562	0.00449	0.01011
16	0.03316	0.02443	0.02618	0.02007	0.02705	0.02705	0.01658	0.60995	0.04101	0.05497	0.02094	0.02094	0.01483	0.01047	0.00873	0.00262	0.00960	0.00785	0.00873	0.01483
17	0.02332	0.69869	0.04571	0.01493	0.02239	0.03451	0.01493	0.02612	0.01772	0.02052	0.01213	0.01399	0.01119	0.00746	0.00560	0.00187	0.00933	0.00466	0.00373	0.01119
18	0.01809	0.01550	0.01809	0.01292	0.02067	0.01163	0.01034	0.02196	0.01809	0.02842	0.01550	0.01809	0.01292	0.00646	0.00646	0.00129	0.00646	0.00517	0.00517	0.74677
19	0.01063	0.00759	0.01012	0.01215	0.01265	0.00709	0.00810	0.01215	0.01670	0.02227	0.04808	0.68775	0.05769	0.02733	0.01113	0.00354	0.00506	0.02480	0.00810	0.00709
20	0.02286	0.25366	0.31082	0.02113	0.03033	0.17263	0.02312	0.02881	0.01965	0.02390	0.01402	0.01638	0.01114	0.00819	0.00733	0.00236	0.01241	0.00568	0.00389	0.01170
21	0.01750	0.04512	0.64825	0.02486	0.03775	0.02026	0.03223	0.02762	0.01842	0.02762	0.01565	0.01842	0.01105	0.00829	0.00829	0.00276	0.01289	0.00645	0.00368	0.01289
22	0.02748	0.03940	0.19437	0.02597	0.08913	0.38311	0.02195	0.06955	0.02361	0.02593	0.01484	0.01736	0.01167	0.00878	0.00811	0.00244	0.01404	0.00620	0.00453	0.01153
23	0.03265	0.02105	0.02350	0.01829	0.02488	0.02240	0.01502	0.41239	0.07271	0.18886	0.02845	0.02694	0.04914	0.01123	0.00883	0.00267	0.00866	0.00874	0.00918	0.01439
24	0.01532	0.01174	0.01538	0.01473	0.01718	0.01353	0.01149	0.04979	0.12756	0.02545	0.02571	0.03324	0.02239	0.05043	0.47867	0.01090	0.01880	0.00931	0.03914	0.00925
25	0.01031	0.00884	0.00884	0.00884	0.01178	0.00736	0.00663	0.01252	0.01988	0.02356	0.08837	0.08395	0.63549	0.02209	0.01031	0.00295	0.00442	0.01841	0.00810	0.00736
26	0.01392	0.01060	0.01076	0.01062	0.01100	0.04954	0.00638	0.01427	0.01353	0.01741	0.02634	0.05301	0.02979	0.60996	0.08162	0.00842	0.00987	0.01203	0.00520	0.00575
27	0.01031	0.00884	0.00884	0.00884	0.01178	0.00736	0.00663	0.01252	0.01988	0.02356	0.08837	0.08395	0.63549	0.02209	0.01031	0.00295	0.00442	0.01841	0.00810	0.00736
28	0.02010	0.01488	0.01722	0.05599	0.02083	0.01601	0.01200	0.18629	0.12122	0.03239	0.03709	0.07405	0.14764	0.01851	0.01509	0.17503	0.00750	0.01123	0.00714	0.00981
29	0.75506	0.01687	0.01282	0.01147	0.01687	0.01957	0.00945	0.02564	0.01484	0.03914	0.01215	0.01417	0.00945	0.00810	0.00540	0.00270	0.00675	0.00472	0.00540	0.00945
30	0.02830	0.11321	0.07342	0.02329	0.03043	0.16957	0.15824	0.08665	0.05483	0.14722	0.02030	0.02159	0.01482	0.00899	0.00849	0.00256	0.01187	0.00770	0.00615	0.01236
31	0.02127	0.02040	0.03483	0.09235	0.60274	0.02064	0.02661	0.02649	0.01971	0.02811	0.01635	0.02169	0.01368	0.00783	0.00864	0.00261	0.01044	0.00777	0.00429	0.01356
32	0.01980	0.01857	0.03108	0.04483	0.49500	0.01924	0.02350	0.02445	0.01848	0.02662	0.01743	0.02377	0.01515	0.01863	0.12787	0.00473	0.04593	0.00805	0.00436	0.01251
33	0.05594	0.04111	0.55307	0.02521	0.06534	0.02032	0.02984	0.02845	0.04950	0.02872	0.01653	0.01908	0.01191	0.00844	0.00819	0.00276	0.01214	0.00660	0.00407	0.01281
34	0.02693	0.02565	0.02726	0.03076	0.23080	0.16925	0.01910	0.22334	0.02810	0.03527	0.02422	0.02605	0.07374	0.01035	0.00865	0.00255	0.01077	0.00833	0.00621	0.01268
35	0.01088	0.00776	0.01034	0.01210	0.01264	0.00742	0.00810	0.01240	0.01627	0.02179	0.04514	0.60463	0.05368	0.07266	0.05545	0.00454	0.00647	0.02301	0.00769	0.00702
36	0.02166	0.02316	0.08125	0.07152	0.20349	0.02085	0.34716	0.02827	0.02038	0.06797	0.01817	0.02308	0.01372	0.00782	0.00954	0.00282	0.01280	0.00915	0.00473	0.01248

[dist]
# distance from previous block
# <min> <max>
6	12

[block]
# block no. 6 follows, 20 sequences, length 30
# corresponding to MSA columns:
# 243-272
name=unknown_G
#
# <colnr> <probs for GDERKNQSTAVLIFYWHMCP>
#	G	D	E	R	K	N	Q	S	T	A	V	L	I	F	Y	W	H	M	C	P
0	0.02503	0.02659	0.02638	0.02928	0.19089	0.23942	0.01880	0.09415	0.02267	0.02718	0.02034	0.02400	0.05382	0.01404	0.05115	0.00338	0.10872	0.00781	0.00508	0.01126
1	0.02620	0.02536	0.02240	0.02051	0.05100	0.18747	0.01532	0.15435	0.29014	0.03521	0.02895	0.02822	0.05364	0.01121	0.00865	0.00269	0.00975	0.00874	0.00746	0.01269
2	0.01209	0.00863	0.01065	0.01052	0.01189	0.00810	0.00725	0.01459	0.02000	0.02752	0.35297	0.13411	0.10923	0.21102	0.02007	0.00447	0.00548	0.01612	0.00809	0.00720
3	0.07080	0.02193	0.02050	0.01768	0.02125	0.18063	0.01392	0.06036	0.02148	0.15001	0.07280	0.03062	0.06083	0.05925	0.01527	0.00323	0.15346	0.00887	0.00659	0.01050
4	0.07795	0.03535	0.02342	0.02084	0.02554	0.48384	0.01593	0.11389	0.02564	0.02716	0.01513	0.01764	0.01235	0.01301	0.05250	0.00314	0.01481	0.00613	0.00516	0.01057
5	0.01513	0.01341	0.01647	0.06084	0.10806	0.01359	0.01244	0.02351	0.16768	0.02736	0.06026	0.05838	0.35577	0.01664	0.00961	0.00290	0.00636	0.01408	0.00747	0.01003
6	0.01375	0.00925	0.01058	0.01044	0.01323	0.00797	0.00775	0.01607	0.02010	0.09370	0.11112	0.20654	0.40438	0.02166	0.01031	0.00303	0.00487	0.01852	0.00850	0.00820
7	0.01732	0.01698	0.01927	0.01793	0.01928	0.10902	0.01412	0.01974	0.01565	0.02088	0.02082	0.09985	0.02092	0.03663	0.28652	0.00781	0.23392	0.00998	0.00475	0.00862
8	0.01369	0.01132	0.01467	0.01454	0.01627	0.05052	0.01127	0.01675	0.01467	0.02032	0.02276	0.03313	0.02116	0.06197	0.61905	0.01330	0.02290	0.00912	0.00466	0.00793
9	0.01249	0.00922	0.01337	0.01337	0.01470	0.01055	0.01009	0.01516	0.01383	0.01977	0.02396	0.03756	0.02324	0.15598	0.57027	0.01322	0.02121	0.00983	0.00476	0.00743
10	0.01213	0.00921	0.01294	0.01294	0.01463	0.01020	0.00991	0.01493	0.01488	0.02059	0.03396	0.04346	0.12023	0.09353	0.52118	0.01194	0.01951	0.01098	0.00525	0.00758
11	0.01403	0.01085	0.01306	0.01249	0.01500	0.01093	0.00934	0.02213	0.15224	0.03307	0.40136	0.14195	0.09345	0.01801	0.01010	0.00291	0.00486	0.01583	0.00917	0.00924
12	0.01357	0.01054	0.01177	0.01163	0.01418	0.01017	0.00878	0.05484	0.06168	0.02642	0.09350	0.12286	0.30979	0.11754	0.01530	0.00390	0.00602	0.09152	0.00787	0.00811
13	0.01201	0.00817	0.00971	0.01038	0.01054	0.00801	0.00621	0.01251	0.01400	0.01867	0.03422	0.26349	0.04022	0.47544	0.03351	0.00685	0.00735	0.01665	0.00621	0.00587
14	0.01281	0.00952	0.01237	0.01374	0.01589	0.00909	0.01152	0.01621	0.02004	0.02565	0.08571	0.13120	0.19944	0.02349	0.01147	0.00365	0.00674	0.37550	0.00813	0.00781
15	0.03275	0.03661	0.02514	0.02178	0.02699	0.47549	0.01677	0.20147	0.02944	0.03109	0.01564	0.01724	0.01228	0.00942	0.00811	0.00235	0.01395	0.00627	0.00572	0.01148
16	0.02471	0.02664	0.03237	0.04472	0.46528	0.20175	0.02396	0.02906	0.02124	0.02647	0.01558	0.01993	0.01308	0.00812	0.00842	0.00249	0.01189	0.00716	0.00437	0.01277
17	0.01421	0.01047	0.01290	0.01141	0.01517	0.00894	0.04658	0.01689	0.02050	0.09348	0.07770	0.07392	0.52605	0.01986	0.01014	0.00292	0.00543	0.01680	0.00816	0.00849
18	0.01063	0.00759	0.01012	0.01215	0.01265	0.00709	0.00810	0.01215	0.01670	0.02227	0.04808	0.68775	0.05769	0.02733	0.01113	0.00354	0.00506	0.02480	0.00810	0.00709
19	0.02351	0.44253	0.03592	0.01640	0.02224	0.16488	0.01467	0.02624	0.01861	0.02065	0.01429	0.01774	0.01297	0.01744	0.11480	0.00397	0.01304	0.00565	0.00405	0.01039
20	0.01908	0.01908	0.02672	0.02290	0.02290	0.02672	0.01908	0.02099	0.01336	0.02099	0.01145	0.01908	0.01145	0.01527	0.02863	0.00382	0.67748	0.00763	0.00382	0.00954
21	0.02170	0.01874	0.01972	0.01775	0.02268	0.02170	0.01381	0.04635	0.62327	0.03649	0.03550	0.03254	0.02663	0.01183	0.00888	0.00296	0.00690	0.00986	0.00888	0.01381
22	0.01268	0.00846	0.00951	0.00951	0.00951	0.00846	0.00529	0.01268	0.01268	0.01691	0.02748	0.05708	0.03171	0.69345	0.04440	0.00846	0.00846	0.01268	0.00529	0.00529
23	0.01249	0.00924	0.01349	0.01349	0.01487	0.01062	0.01025	0.01524	0.01386	0.01986	0.02384	0.03692	0.02296	0.13850	0.58738	0.01337	0.02163	0.00973	0.00474	0.00750
24	0.01404	0.00961	0.01092	0.01070	0.01133	0.00975	0.00656	0.06016	0.01547	0.02066	0.02971	0.13820	0.03383	0.55036	0.03713	0.00734	0.00810	0.01391	0.00593	0.00629
25	0.01235	0.00892	0.01166	0.01097	0.01303	0.00823	0.00823	0.01646	0.02469	0.03498	0.63443	0.06516	0.08230	0.01783	0.01029	0.00274	0.00412	0.01578	0.00960	0.00823
26	0.01262	0.00871	0.01078	0.01078	0.01122	0.00914	0.00686	0.01350	0.01306	0.01785	0.02633	0.05068	0.02893	0.51708	0.21696	0.01002	0.01264	0.01175	0.00511	0.00599
27	0.02952	0.03218	0.02505	0.02440	0.09447	0.37031	0.01716	0.15592	0.07505	0.03061	0.02081	0.02217	0.04407	0.01004	0.00833	0.00246	0.01257	0.00730	0.00590	0.01169
28	0.02304	0.06173	0.13396	0.06298	0.02880	0.22499	0.03963	0.02770	0.02108	0.05328	0.02227	0.03553	0.02031	0.01183	0.00879	0.00271	0.01176	0.12983	0.00538	0.07440
29	0.21532	0.07209	0.09297	0.02058	0.05805	0.21505	0.01696	0.02744	0.01846	0.02692	0.01386	0.01756	0.01164	0.01322	0.05460	0.00343	0.10100	0.00606	0.00450	0.01029

[dist]
# distance from previous block
# <min> <max>
0	28

[block]
# block no. 7 follows, 20 sequences, length 21
# corresponding to MSA columns:
# 301-321
name=unknown_H
#
# <colnr> <probs for GDERKNQSTAVLIFYWHMCP>
#	G	D	E	R	K	N	Q	S	T	A	V	L	I	F	Y	W	H	M	C	P
0	0.02407	0.09725	0.18817	0.02305	0.06794	0.26522	0.02042	0.05531	0.02125	0.02477	0.01594	0.01968	0.01311	0.01713	0.10563	0.00415	0.01490	0.00655	0.00442	0.01105
1	0.03132	0.03250	0.02550	0.02159	0.02655	0.34573	0.01699	0.25479	0.02974	0.03426	0.01613	0.01811	0.01265	0.01025	0.01048	0.00256	0.08622	0.00670	0.00605	0.01187
2	0.01254	0.00902	0.01237	0.01237	0.01336	0.01001	0.00885	0.01452	0.01353	0.01903	0.02487	0.04262	0.02543	0.29544	0.43382	0.01198	0.01790	0.01057	0.00490	0.00687
3	0.01049	0.00860	0.00925	0.00960	0.01202	0.00736	0.00700	0.01267	0.01953	0.02395	0.11114	0.20057	0.49185	0.02287	0.01047	0.00305	0.00453	0.01951	0.00818	0.00736
4	0.01055	0.00872	0.00898	0.00912	0.01163	0.00745	0.00660	0.01251	0.01900	0.02285	0.07999	0.12118	0.54070	0.08554	0.01357	0.00350	0.00484	0.01829	0.00784	0.00715
5	0.01246	0.00935	0.01402	0.01402	0.01558	0.01090	0.01090	0.01558	0.01402	0.02025	0.02336	0.03427	0.02181	0.06542	0.65888	0.01402	0.02336	0.00935	0.00467	0.00779
6	0.02152	0.02091	0.03645	0.05245	0.60056	0.02081	0.06441	0.02685	0.01991	0.02846	0.01649	0.02171	0.01378	0.00774	0.00874	0.00261	0.01064	0.00794	0.00432	0.01368
7	0.03158	0.11316	0.02701	0.02165	0.02647	0.59046	0.01664	0.03388	0.02396	0.02126	0.01334	0.01554	0.01123	0.00882	0.00762	0.00221	0.01503	0.00551	0.00441	0.01023
8	0.01858	0.03863	0.48515	0.03249	0.19778	0.02038	0.03078	0.02740	0.01880	0.02786	0.01585	0.01926	0.01179	0.00815	0.00838	0.00272	0.01222	0.00680	0.00385	0.01314
9	0.01156	0.00898	0.01104	0.01078	0.01308	0.00846	0.00817	0.01470	0.02047	0.02724	0.28462	0.06598	0.28986	0.02981	0.15043	0.00526	0.00840	0.01544	0.00794	0.00779
10	0.01031	0.00884	0.00884	0.00884	0.01178	0.00736	0.00663	0.01252	0.01988	0.02356	0.08837	0.08395	0.63549	0.02209	0.01031	0.00295	0.00442	0.01841	0.00810	0.00736
11	0.01322	0.01068	0.01754	0.01616	0.01840	0.01195	0.06696	0.01674	0.01464	0.02097	0.02283	0.03326	0.02100	0.05996	0.59792	0.01298	0.02255	0.00943	0.00465	0.00816
12	0.01809	0.01550	0.01809	0.01292	0.02067	0.01163	0.01034	0.02196	0.01809	0.02842	0.01550	0.01809	0.01292	0.00646	0.00646	0.00129	0.00646	0.00517	0.00517	0.74677
13	0.01268	0.00846	0.00951	0.00951	0.00951	0.00846	0.00529	0.01268	0.01268	0.01691	0.02748	0.05708	0.03171	0.69345	0.04440	0.00846	0.00846	0.01268	0.00529	0.00529
14	0.01920	0.01828	0.03108	0.34309	0.36819	0.02010	0.02558	0.02467	0.01873	0.02559	0.01598	0.02237	0.01279	0.00822	0.00868	0.00274	0.01095	0.00776	0.00411	0.01189
15	0.02369	0.06255	0.02127	0.01867	0.05116	0.24633	0.01376	0.11350	0.05175	0.02900	0.08421	0.07298	0.14845	0.01362	0.00883	0.00259	0.00993	0.01072	0.00663	0.01034
16	0.23169	0.07876	0.01692	0.01234	0.01748	0.01650	0.00995	0.02453	0.10809	0.03032	0.03362	0.03514	0.14937	0.04958	0.00938	0.00276	0.00655	0.00898	0.00630	0.15173
17	0.15018	0.02243	0.12393	0.08270	0.13482	0.01910	0.18038	0.02534	0.01878	0.02924	0.02027	0.03199	0.01775	0.01032	0.00898	0.00297	0.01103	0.09370	0.00496	0.01113
18	0.09588	0.12227	0.05912	0.17270	0.06455	0.13739	0.01696	0.02390	0.01880	0.02432	0.02399	0.12361	0.05877	0.01212	0.00819	0.00268	0.01008	0.00978	0.00505	0.00983
19	0.10890	0.25547	0.02880	0.01632	0.02241	0.16124	0.01390	0.05409	0.05157	0.11601	0.04749	0.02053	0.01695	0.00914	0.00708	0.00226	0.00965	0.00642	0.00591	0.04586
20	0.02157	0.01674	0.01592	0.01442	0.01789	0.11802	0.01120	0.07985	0.05495	0.08850	0.02992	0.03312	0.07056	0.02530	0.17464	0.00539	0.01195	0.00901	0.19116	0.00990

[dist]
# distance from previous block
# <min> <max>
3	16

[block]
# block no. 8 follows, 20 sequences, length 84
# corresponding to MSA columns:
# 338-421
name=unknown_I
#
# <colnr> <probs for GDERKNQSTAVLIFYWHMCP>
#	G	D	E	R	K	N	Q	S	T	A	V	L	I	F	Y	W	H	M	C	P
0	0.02024	0.18751	0.06742	0.01629	0.02097	0.02192	0.01464	0.12434	0.02247	0.03066	0.14042	0.03205	0.06109	0.01518	0.04423	0.00322	0.11561	0.00914	0.04203	0.01057
1	0.02325	0.02394	0.02694	0.02231	0.02702	0.18444	0.12997	0.09971	0.09488	0.02828	0.02021	0.02472	0.01657	0.02360	0.17189	0.00553	0.05199	0.00835	0.00553	0.01085
2	0.02878	0.06834	0.02303	0.01812	0.02353	0.21588	0.01439	0.15015	0.12389	0.12555	0.03027	0.02937	0.08798	0.01143	0.00848	0.00256	0.01010	0.00865	0.00738	0.01213
3	0.02378	0.02749	0.02167	0.01955	0.02252	0.32312	0.01518	0.02707	0.04966	0.02232	0.02742	0.03008	0.11953	0.01602	0.04908	0.00344	0.17864	0.00872	0.00517	0.00955
4	0.02387	0.02744	0.02099	0.02077	0.05602	0.36238	0.01500	0.02663	0.02014	0.02130	0.01763	0.02352	0.01564	0.03167	0.27031	0.00701	0.01851	0.00724	0.00456	0.00938
5	0.02203	0.31041	0.19057	0.01998	0.05537	0.02622	0.01964	0.11860	0.02128	0.02817	0.01599	0.01903	0.01314	0.01516	0.08579	0.00371	0.01202	0.00634	0.00466	0.01192
6	0.02054	0.26870	0.14485	0.01630	0.02307	0.04930	0.01622	0.02931	0.14128	0.02719	0.02374	0.02487	0.04510	0.00968	0.00716	0.00235	0.00870	0.00729	0.12302	0.01133
7	0.01120	0.00898	0.01009	0.01080	0.01287	0.00821	0.00771	0.01463	0.05888	0.02389	0.06824	0.32925	0.35679	0.02356	0.01055	0.00319	0.00485	0.02047	0.00815	0.00768
8	0.02334	0.02129	0.02457	0.19459	0.03476	0.09277	0.04611	0.15687	0.20128	0.03352	0.02293	0.02536	0.01740	0.01358	0.05005	0.00349	0.01116	0.00838	0.00653	0.01203
9	0.02385	0.66111	0.04451	0.01536	0.02265	0.07020	0.01504	0.02662	0.01812	0.02057	0.01220	0.01409	0.01120	0.00755	0.00573	0.00189	0.00969	0.00472	0.00377	0.01113
10	0.01268	0.00846	0.00951	0.00951	0.00951	0.00846	0.00529	0.01268	0.01268	0.01691	0.02748	0.05708	0.03171	0.69345	0.04440	0.00846	0.00846	0.01268	0.00529	0.00529
11	0.01246	0.00935	0.01402	0.01402	0.01558	0.01090	0.01090	0.01558	0.01402	0.02025	0.02336	0.03427	0.02181	0.06542	0.65888	0.01402	0.02336	0.00935	0.00467	0.00779
12	0.01092	0.00813	0.01017	0.01120	0.01255	0.00738	0.00781	0.01312	0.01904	0.02519	0.17867	0.43045	0.18500	0.02424	0.01078	0.00325	0.00473	0.02157	0.00841	0.00738
13	0.01082	0.00886	0.00954	0.00937	0.01209	0.00758	0.00703	0.01350	0.02108	0.02641	0.22462	0.07926	0.49746	0.02103	0.01030	0.00290	0.00434	0.01775	0.00847	0.00758
14	0.01750	0.04512	0.64825	0.02486	0.03775	0.02026	0.03223	0.02762	0.01842	0.02762	0.01565	0.01842	0.01105	0.00829	0.00829	0.00276	0.01289	0.00645	0.00368	0.01289
15	0.01053	0.00885	0.00914	0.00907	0.01192	0.00746	0.00680	0.01295	0.02040	0.02480	0.14749	0.08191	0.57560	0.02163	0.01031	0.00292	0.00439	0.01812	0.00826	0.00746
16	0.01626	0.00813	0.00813	0.00813	0.01016	0.00813	0.00610	0.02033	0.01829	0.03252	0.02846	0.03252	0.02236	0.01016	0.00610	0.00203	0.00407	0.00813	0.74187	0.00813
17	0.01874	0.01858	0.02606	0.02244	0.02252	0.02589	0.01866	0.02071	0.01339	0.02095	0.01207	0.01987	0.01199	0.01788	0.06142	0.00435	0.64345	0.00772	0.00386	0.00945
18	0.02336	0.01561	0.01665	0.01400	0.01824	0.01697	0.01119	0.26424	0.06782	0.04135	0.02556	0.02786	0.01952	0.01342	0.04303	0.00299	0.00758	0.00820	0.35117	0.01125
19	0.01159	0.00800	0.00984	0.01091	0.01118	0.00773	0.00678	0.01240	0.01481	0.01975	0.03840	0.39141	0.04548	0.34033	0.02676	0.00585	0.00666	0.01911	0.00678	0.00624
