[name]
unknown

[dist]
# distance from previous block
# <min> <max>
0	0

[block]
# block no. 0 follows, 22 sequences, length 36
# corresponding to MSA columns:
# 0-35
name=unknown_A
#
# <colnr> <probs for GDERKNQSTAVLIFYWHMCP>
#	G	D	E	R	K	N	Q	S	T	A	V	L	I	F	Y	W	H	M	C	P
0	0.01339	0.00956	0.01339	0.01530	0.01721	0.00956	0.01339	0.01721	0.01912	0.02486	0.04399	0.09371	0.04781	0.02295	0.01147	0.00382	0.00765	0.60031	0.00765	0.00765
1	0.02056	0.01974	0.03372	0.05099	0.65622	0.01974	0.02550	0.02550	0.01892	0.02714	0.01563	0.02056	0.01316	0.00740	0.00822	0.00247	0.00987	0.00740	0.00411	0.01316
2	0.01060	0.00743	0.00950	0.01095	0.01132	0.00707	0.00706	0.01169	0.01497	0.01996	0.04098	0.54385	0.04889	0.19307	0.01836	0.00452	0.00561	0.02079	0.00706	0.00633
3	0.01012	0.00723	0.00964	0.01157	0.01205	0.00675	0.00771	0.01157	0.01591	0.02121	0.04579	0.70262	0.05495	0.02603	0.01060	0.00337	0.00482	0.02362	0.00771	0.00675
4	0.02308	0.02577	0.03456	0.03770	0.30259	0.19862	0.17698	0.02766	0.02011	0.02487	0.01499	0.01942	0.01226	0.00789	0.00916	0.00251	0.03866	0.00746	0.00416	0.01154
5	0.01127	0.00787	0.00915	0.00969	0.01015	0.00757	0.00593	0.01192	0.01395	0.01827	0.03839	0.23856	0.10939	0.43763	0.02966	0.00614	0.00670	0.01594	0.00609	0.00574
6	0.02547	0.01784	0.02039	0.01519	0.02217	0.01670	0.01240	0.24958	0.02629	0.12857	0.01930	0.01984	0.01418	0.00817	0.00727	0.00189	0.00740	0.00637	0.00696	0.37402
7	0.11485	0.00884	0.01064	0.01116	0.01219	0.00907	0.00782	0.01380	0.01371	0.02071	0.02752	0.20804	0.03070	0.15913	0.02289	0.23404	0.00672	0.07673	0.00558	0.00586
8	0.04931	0.01247	0.01539	0.01388	0.01758	0.01230	0.01088	0.07932	0.08592	0.21470	0.12434	0.20332	0.03932	0.01625	0.00929	0.00291	0.00623	0.06738	0.00870	0.01053
9	0.19999	0.01579	0.02402	0.46217	0.04587	0.01874	0.07507	0.02250	0.01628	0.02565	0.01417	0.02005	0.01071	0.00804	0.00767	0.00272	0.01021	0.00690	0.00409	0.00935
10	0.01534	0.01453	0.02511	0.02077	0.02358	0.01675	0.16312	0.01901	0.01473	0.02126	0.01808	0.02652	0.01631	0.03683	0.35036	0.00834	0.18772	0.00871	0.00419	0.00876
11	0.16453	0.54273	0.03655	0.01385	0.02056	0.02977	0.01331	0.05765	0.01757	0.02471	0.01201	0.01372	0.01053	0.00738	0.00546	0.00197	0.00843	0.00462	0.00411	0.01053
12	0.09301	0.01330	0.01593	0.01333	0.01776	0.01310	0.01055	0.07098	0.09070	0.26747	0.21986	0.03836	0.03784	0.04818	0.01026	0.00289	0.00618	0.01029	0.00885	0.01115
13	0.01059	0.00795	0.00927	0.00984	0.01122	0.00722	0.00672	0.01227	0.01711	0.02206	0.12580	0.28380	0.26281	0.15560	0.01638	0.00399	0.00513	0.01824	0.00736	0.00663
14	0.01010	0.00803	0.00906	0.00964	0.01160	0.00700	0.00691	0.01215	0.01836	0.02304	0.12378	0.28256	0.40389	0.02230	0.01007	0.00297	0.00438	0.01930	0.00785	0.00700
15	0.02338	0.01830	0.01992	0.01617	0.02166	0.01939	0.01282	0.27580	0.20242	0.03865	0.02474	0.06417	0.02026	0.05106	0.01004	0.00272	0.00753	0.00874	0.00748	0.15474
16	0.01807	0.01746	0.02802	0.27261	0.24670	0.02101	0.02239	0.02228	0.01620	0.02283	0.01388	0.02041	0.01172	0.00990	0.01404	0.00293	0.21788	0.00735	0.00381	0.01050
17	0.01728	0.00934	0.01145	0.01054	0.01211	0.00884	0.00696	0.01840	0.01582	0.15487	0.08619	0.08505	0.03395	0.45923	0.03037	0.00613	0.00729	0.01219	0.00667	0.00732
18	0.19645	0.00990	0.01022	0.01023	0.01184	0.01034	0.00694	0.01546	0.01488	0.02460	0.10794	0.18276	0.03651	0.30229	0.02226	0.00501	0.00643	0.01305	0.00616	0.00673
19	0.01078	0.00807	0.01007	0.01083	0.01241	0.00736	0.00791	0.01327	0.01898	0.02509	0.21795	0.32327	0.20705	0.02210	0.01027	0.00307	0.00468	0.07156	0.00809	0.00719
20	0.01115	0.00753	0.00941	0.01058	0.01117	0.00720	0.00693	0.01263	0.01558	0.02160	0.07260	0.45749	0.04746	0.18022	0.01737	0.00427	0.00542	0.01905	0.07582	0.00651
21	0.02522	0.01136	0.01454	0.01211	0.01596	0.01014	0.00915	0.02738	0.01970	0.36185	0.06869	0.04383	0.09983	0.22090	0.01876	0.00424	0.00687	0.01088	0.00835	0.01026
22	0.02446	0.01754	0.01919	0.01595	0.02054	0.01901	0.01265	0.40671	0.03088	0.04224	0.02711	0.18843	0.02496	0.01387	0.00858	0.00264	0.00747	0.01146	0.09474	0.01158
23	0.01145	0.00785	0.00947	0.00998	0.01036	0.00763	0.00617	0.01234	0.01457	0.01965	0.10476	0.25228	0.04331	0.42055	0.02888	0.00600	0.00659	0.01593	0.00632	0.00588
24	0.01037	0.00790	0.00954	0.01027	0.01185	0.00707	0.00727	0.01256	0.01854	0.02419	0.18717	0.35708	0.26134	0.02243	0.01017	0.00302	0.00442	0.01975	0.00802	0.00707
25	0.02053	0.01156	0.01420	0.01305	0.01666	0.01101	0.01035	0.02598	0.10411	0.21831	0.04675	0.09197	0.17161	0.07848	0.01245	0.00343	0.00643	0.12484	0.00834	0.00994
26	0.01630	0.00898	0.01193	0.01190	0.01390	0.00819	0.00854	0.01851	0.01882	0.15906	0.15776	0.40187	0.05078	0.05823	0.01170	0.00331	0.00530	0.01811	0.00838	0.00843
27	0.01075	0.00814	0.00910	0.00957	0.01103	0.00741	0.00656	0.01218	0.01628	0.02041	0.05713	0.19186	0.31816	0.23089	0.01992	0.00456	0.00567	0.04709	0.00690	0.00639
28	0.01106	0.00778	0.00921	0.00996	0.01047	0.00743	0.00622	0.01186	0.01436	0.01883	0.04053	0.30946	0.11210	0.36305	0.02619	0.00562	0.00635	0.01720	0.00639	0.00593
29	0.01117	0.00808	0.01000	0.01113	0.01216	0.00765	0.00790	0.01283	0.01610	0.02087	0.04719	0.32120	0.14959	0.19163	0.01839	0.00451	0.00605	0.12994	0.00704	0.00655
30	0.02526	0.01981	0.01928	0.01606	0.02092	0.07993	0.01280	0.30023	0.15995	0.04043	0.02399	0.02454	0.01795	0.01005	0.00765	0.00239	0.00784	0.00775	0.19124	0.01194
31	0.01852	0.26697	0.45725	0.02051	0.03106	0.02383	0.02518	0.02583	0.01732	0.02405	0.01379	0.01613	0.01057	0.00763	0.00704	0.00235	0.01114	0.00557	0.00352	0.01174
32	0.07145	0.03180	0.02348	0.01992	0.02519	0.38006	0.01556	0.27011	0.02922	0.03403	0.01560	0.01688	0.01197	0.00908	0.00769	0.00230	0.01219	0.00615	0.00593	0.01139
33	0.01197	0.00801	0.00909	0.00920	0.00922	0.00798	0.00518	0.01205	0.01229	0.01639	0.02724	0.08969	0.03155	0.67088	0.04056	0.00780	0.00788	0.01271	0.00518	0.00513
34	0.01305	0.01052	0.01191	0.01164	0.01424	0.01053	0.00866	0.02075	0.17199	0.02812	0.21575	0.18226	0.23176	0.01852	0.00963	0.00287	0.00483	0.01603	0.00828	0.00869
35	0.02011	0.01928	0.03291	0.10958	0.60114	0.01962	0.02527	0.02510	0.01870	0.02660	0.01555	0.02071	0.01297	0.00749	0.00823	0.00250	0.00998	0.00740	0.00407	0.01280

[dist]
# distance from previous block
# <min> <max>
1	4

[block]
# block no. 1 follows, 22 sequences, length 10
# corresponding to MSA columns:
# 40-49
name=unknown_B
#
# <colnr> <probs for GDERKNQSTAVLIFYWHMCP>
#	G	D	E	R	K	N	Q	S	T	A	V	L	I	F	Y	W	H	M	C	P
0	0.02403	0.03399	0.26828	0.02062	0.02820	0.20064	0.02064	0.18037	0.02420	0.03041	0.01660	0.02064	0.01320	0.06929	0.01087	0.00293	0.01186	0.00678	0.00508	0.01139
1	0.01720	0.06746	0.01780	0.01436	0.01719	0.04591	0.01133	0.12829	0.01866	0.02504	0.02100	0.03046	0.01937	0.11932	0.39806	0.00934	0.01686	0.00849	0.00514	0.00873
2	0.01236	0.00898	0.01154	0.01227	0.01388	0.00839	0.00914	0.01449	0.01624	0.02192	0.03753	0.29828	0.04263	0.16780	0.01710	0.00426	0.00654	0.19770	0.00681	0.09213
3	0.08016	0.01056	0.01163	0.01124	0.01293	0.01102	0.00756	0.01998	0.11319	0.06363	0.02973	0.15076	0.03099	0.38099	0.02636	0.00563	0.00709	0.01263	0.00636	0.00753
4	0.03143	0.02767	0.02456	0.01973	0.02574	0.20052	0.01586	0.46820	0.03488	0.04373	0.01803	0.01861	0.01320	0.00959	0.00809	0.00240	0.01071	0.00691	0.00723	0.01292
5	0.01817	0.01010	0.01249	0.01123	0.01475	0.00886	0.00888	0.02118	0.02146	0.20200	0.21231	0.06216	0.28417	0.01718	0.00954	0.00277	0.00519	0.05953	0.00878	0.00924
6	0.01928	0.12190	0.20170	0.02650	0.06073	0.05808	0.22461	0.02521	0.01776	0.02409	0.01496	0.01949	0.01198	0.01125	0.04715	0.00324	0.08980	0.00743	0.00388	0.01096
7	0.01041	0.00824	0.00922	0.00936	0.01148	0.00721	0.00678	0.01270	0.01911	0.02428	0.19916	0.16679	0.40495	0.05850	0.01171	0.00313	0.00445	0.01759	0.00788	0.00705
8	0.08904	0.01864	0.02442	0.15430	0.03167	0.01989	0.07695	0.22807	0.06732	0.09577	0.01942	0.02131	0.01407	0.00882	0.00795	0.00247	0.00908	0.00736	0.00650	0.09696
9	0.03141	0.02833	0.02450	0.01982	0.02574	0.22681	0.01587	0.44408	0.03425	0.04243	0.01774	0.01841	0.01307	0.00954	0.00806	0.00238	0.01095	0.00682	0.00706	0.01273

[dist]
# distance from previous block
# <min> <max>
0	2

[block]
# block no. 2 follows, 22 sequences, length 20
# corresponding to MSA columns:
# 52-71
name=unknown_C
#
# <colnr> <probs for GDERKNQSTAVLIFYWHMCP>
#	G	D	E	R	K	N	Q	S	T	A	V	L	I	F	Y	W	H	M	C	P
0	0.02247	0.02376	0.03059	0.10420	0.45742	0.16763	0.02313	0.02683	0.01974	0.02505	0.01492	0.01945	0.01241	0.00775	0.00807	0.00242	0.01114	0.00694	0.00411	0.01199
1	0.01072	0.00817	0.00985	0.01002	0.01192	0.00730	0.00729	0.01344	0.02018	0.02679	0.31748	0.21731	0.26847	0.02047	0.00999	0.00286	0.00423	0.01788	0.00832	0.00730
2	0.01549	0.00774	0.00774	0.00774	0.00968	0.00774	0.00581	0.01936	0.01742	0.03097	0.02710	0.03097	0.02129	0.00968	0.00581	0.00194	0.00387	0.00774	0.75416	0.00774
3	0.02124	0.22719	0.02901	0.01782	0.02138	0.02564	0.01531	0.14586	0.01976	0.02666	0.01689	0.09410	0.01645	0.01265	0.01488	0.00281	0.26867	0.00830	0.00503	0.01034
4	0.01144	0.00778	0.00925	0.00989	0.01005	0.00762	0.00592	0.01191	0.01334	0.01779	0.03264	0.26792	0.03835	0.48337	0.03185	0.00651	0.00699	0.01588	0.00592	0.00560
5	0.01014	0.00770	0.00936	0.01048	0.01181	0.00691	0.00727	0.01198	0.01742	0.02248	0.10216	0.45763	0.24709	0.02378	0.01029	0.00314	0.00456	0.02105	0.00782	0.00691
6	0.01837	0.01914	0.03264	0.09099	0.03192	0.02340	0.20562	0.02215	0.01522	0.02215	0.01310	0.01987	0.01144	0.01161	0.02004	0.00329	0.41742	0.00806	0.00381	0.00975
7	0.02367	0.02584	0.03002	0.07332	0.42460	0.22922	0.02235	0.02774	0.02028	0.02467	0.01469	0.01886	0.01227	0.00782	0.00799	0.00238	0.01156	0.00674	0.00414	0.01183
8	0.03103	0.03959	0.02354	0.02140	0.02568	0.67469	0.01605	0.03317	0.02354	0.02033	0.01284	0.01498	0.01070	0.00856	0.00749	0.00214	0.01498	0.00535	0.00428	0.00963
9	0.01137	0.00817	0.00886	0.00886	0.00974	0.00773	0.00544	0.01203	0.01424	0.01810	0.04440	0.06241	0.22594	0.49207	0.03208	0.00640	0.00684	0.01379	0.00588	0.00566
10	0.02267	0.02133	0.15163	0.01734	0.02320	0.04452	0.01632	0.15585	0.02216	0.14709	0.02178	0.02520	0.01675	0.02779	0.24067	0.00631	0.01423	0.00777	0.00617	0.01122
11	0.01890	0.01915	0.02379	0.03120	0.31387	0.12138	0.01756	0.02259	0.02010	0.02586	0.12546	0.03635	0.13443	0.01177	0.00948	0.00255	0.03950	0.01001	0.00553	0.01051
12	0.01055	0.00756	0.01002	0.01128	0.01214	0.00703	0.00774	0.01264	0.01789	0.02436	0.20386	0.53555	0.06106	0.02367	0.01039	0.00318	0.00458	0.02138	0.00809	0.00703
13	0.01767	0.16439	0.55239	0.02196	0.03330	0.02175	0.02771	0.02605	0.01742	0.02508	0.01430	0.01678	0.01055	0.00775	0.00743	0.00248	0.01166	0.00583	0.00352	0.01198
14	0.02574	0.02485	0.02643	0.06473	0.25257	0.20965	0.01908	0.08510	0.10160	0.08103	0.01891	0.02094	0.01460	0.00875	0.00806	0.00244	0.01070	0.00715	0.00558	0.01210
15	0.01079	0.00792	0.01061	0.01148	0.01264	0.00774	0.00819	0.01310	0.01715	0.02336	0.16689	0.38909	0.09623	0.03130	0.14726	0.00523	0.00818	0.01840	0.00733	0.00713
16	0.01104	0.00795	0.01082	0.01169	0.01255	0.00810	0.00820	0.01299	0.01535	0.02110	0.09135	0.36238	0.04372	0.12064	0.21452	0.00689	0.01039	0.01698	0.00653	0.00684
17	0.01294	0.01088	0.01174	0.01112	0.01445	0.01024	0.00835	0.01951	0.14643	0.02530	0.05970	0.16463	0.35375	0.01817	0.00925	0.00272	0.00501	0.01543	0.00755	0.09284
18	0.01549	0.00774	0.00774	0.00774	0.00968	0.00774	0.00581	0.01936	0.01742	0.03097	0.02710	0.03097	0.02129	0.00968	0.00581	0.00194	0.00387	0.00774	0.75416	0.00774
19	0.21901	0.16710	0.02379	0.01618	0.02145	0.21236	0.01323	0.05537	0.14585	0.02881	0.01679	0.01771	0.01336	0.00865	0.00666	0.00233	0.00955	0.00585	0.00537	0.01057

[dist]
# distance from previous block
# <min> <max>
3	6

[block]
# block no. 3 follows, 22 sequences, length 13
# corresponding to MSA columns:
# 78-90
name=unknown_D
#
# <colnr> <probs for GDERKNQSTAVLIFYWHMCP>
#	G	D	E	R	K	N	Q	S	T	A	V	L	I	F	Y	W	H	M	C	P
0	0.12521	0.39734	0.03317	0.04929	0.04820	0.11263	0.01466	0.06262	0.04575	0.02507	0.01350	0.01544	0.01140	0.00780	0.00616	0.00210	0.00941	0.00522	0.00439	0.01064
1	0.01142	0.00795	0.00939	0.00984	0.01028	0.00780	0.00608	0.01211	0.01363	0.01802	0.03547	0.20463	0.08914	0.45300	0.06996	0.00684	0.00782	0.01502	0.00585	0.00574
2	0.07818	0.01131	0.01260	0.01181	0.01406	0.01139	0.00826	0.10400	0.01793	0.02587	0.02936	0.25349	0.03245	0.25953	0.02051	0.00462	0.00685	0.01386	0.00638	0.07755
3	0.01667	0.01613	0.02715	0.02191	0.02542	0.01761	0.18861	0.02051	0.01702	0.02418	0.07055	0.06624	0.02516	0.04128	0.01654	0.00330	0.22336	0.09928	0.00519	0.07390
4	0.03108	0.03831	0.02365	0.02122	0.02569	0.62362	0.01603	0.08003	0.02476	0.02285	0.01340	0.01537	0.01097	0.00867	0.00756	0.00217	0.01452	0.00552	0.00460	0.00998
5	0.02221	0.71304	0.04353	0.01421	0.02132	0.03287	0.01421	0.02488	0.01688	0.01955	0.01155	0.01333	0.01066	0.00711	0.00533	0.00178	0.00888	0.00444	0.00355	0.01066
6	0.01443	0.00722	0.01082	0.01082	0.01082	0.00722	0.00722	0.01082	0.01082	0.01443	0.01443	0.02525	0.01443	0.02886	0.03247	0.75830	0.00722	0.00722	0.00361	0.00361
7	0.02261	0.01963	0.02923	0.18522	0.34132	0.02117	0.02218	0.19683	0.02415	0.03301	0.01667	0.02074	0.01297	0.00834	0.00827	0.00254	0.00993	0.00742	0.00522	0.01255
8	0.09645	0.02263	0.02381	0.01839	0.02491	0.02513	0.01519	0.57521	0.03686	0.05103	0.01921	0.01938	0.01368	0.00977	0.00803	0.00250	0.00890	0.00722	0.00803	0.01368
9	0.01049	0.00751	0.00997	0.01132	0.01213	0.00699	0.00774	0.01249	0.01762	0.02393	0.18214	0.55850	0.06022	0.02399	0.01042	0.00320	0.00462	0.02168	0.00803	0.00699
10	0.02047	0.02090	0.02957	0.24632	0.38260	0.10884	0.02345	0.02521	0.01883	0.02436	0.01498	0.02030	0.01217	0.00784	0.00815	0.00252	0.01094	0.00712	0.00400	0.01145
11	0.01912	0.05645	0.18539	0.06757	0.25711	0.02077	0.19020	0.02551	0.01830	0.02585	0.01534	0.02000	0.01208	0.00777	0.00933	0.00263	0.04310	0.00763	0.00393	0.01193
12	0.23610	0.02081	0.02182	0.02459	0.19191	0.10866	0.01554	0.13257	0.02198	0.06160	0.02155	0.02316	0.06742	0.00941	0.00741	0.00249	0.00885	0.00723	0.00576	0.01118

[dist]
# distance from previous block
# <min> <max>
20	141

[block]
# block no. 4 follows, 22 sequences, length 105
# corresponding to MSA columns:
# 242-346
name=unknown_E
#
# <colnr> <probs for GDERKNQSTAVLIFYWHMCP>
#	G	D	E	R	K	N	Q	S	T	A	V	L	I	F	Y	W	H	M	C	P
0	0.01906	0.02193	0.08163	0.14351	0.23260	0.11855	0.02023	0.02342	0.01881	0.02420	0.06080	0.02850	0.08581	0.01052	0.01015	0.00264	0.07397	0.00853	0.00467	0.01049
1	0.01655	0.01773	0.07824	0.04819	0.09175	0.01726	0.13023	0.02318	0.08452	0.02433	0.02192	0.06288	0.01980	0.02372	0.17011	0.00547	0.10392	0.04524	0.00495	0.01001
2	0.06863	0.07715	0.02036	0.04910	0.02183	0.17783	0.01296	0.05662	0.04315	0.11327	0.08822	0.02629	0.02201	0.01962	0.13203	0.00437	0.01186	0.00769	0.00601	0.04099
3	0.02102	0.27889	0.29251	0.01981	0.02802	0.12808	0.02154	0.02639	0.01787	0.02246	0.01307	0.01569	0.01063	0.00824	0.00844	0.00233	0.06482	0.00550	0.00366	0.01103
4	0.04998	0.02444	0.13982	0.13334	0.02907	0.17489	0.01806	0.02316	0.01715	0.02197	0.01629	0.02221	0.01376	0.02517	0.21368	0.00588	0.05069	0.00700	0.00409	0.00932
5	0.02505	0.02066	0.02637	0.02105	0.02562	0.02398	0.07461	0.33502	0.05862	0.03832	0.01928	0.02473	0.01570	0.01182	0.01393	0.00294	0.19986	0.04386	0.00658	0.01200
6	0.01349	0.00986	0.01099	0.01078	0.01199	0.01012	0.00703	0.04189	0.09464	0.02134	0.03525	0.14530	0.09207	0.42644	0.02890	0.00598	0.00708	0.01372	0.00625	0.00688
7	0.02617	0.41049	0.03455	0.01744	0.02328	0.32121	0.01504	0.02860	0.01987	0.01990	0.01213	0.01407	0.01068	0.00776	0.00630	0.00194	0.01162	0.00485	0.00388	0.01020
8	0.01099	0.00809	0.00985	0.01033	0.01142	0.00790	0.00702	0.01243	0.01497	0.01955	0.04467	0.22031	0.18798	0.24634	0.14424	0.00657	0.00894	0.01574	0.00626	0.00640
9	0.02029	0.01743	0.02173	0.02437	0.17676	0.01891	0.01553	0.09949	0.32337	0.03378	0.08252	0.03346	0.07294	0.01138	0.00860	0.00268	0.00727	0.00977	0.00737	0.01236
10	0.01160	0.00825	0.01008	0.01006	0.01126	0.00780	0.00690	0.01372	0.01814	0.02473	0.29652	0.12221	0.11131	0.26404	0.02148	0.00468	0.00564	0.03754	0.00736	0.00666
11	0.02221	0.71304	0.04353	0.01421	0.02132	0.03287	0.01421	0.02488	0.01688	0.01955	0.01155	0.01333	0.01066	0.00711	0.00533	0.00178	0.00888	0.00444	0.00355	0.01066
12	0.02066	0.01785	0.01878	0.01691	0.02160	0.02066	0.01315	0.04414	0.64121	0.03475	0.03381	0.03099	0.02536	0.01127	0.00845	0.00282	0.00657	0.00939	0.00845	0.01315
13	0.03103	0.03959	0.02354	0.02140	0.02568	0.67469	0.01605	0.03317	0.02354	0.02033	0.01284	0.01498	0.01070	0.00856	0.00749	0.00214	0.01498	0.00535	0.00428	0.00963
14	0.03103	0.03959	0.02354	0.02140	0.02568	0.67469	0.01605	0.03317	0.02354	0.02033	0.01284	0.01498	0.01070	0.00856	0.00749	0.00214	0.01498	0.00535	0.00428	0.00963
15	0.01876	0.01641	0.02167	0.02217	0.17670	0.01394	0.01399	0.05229	0.01873	0.02835	0.01524	0.01818	0.01261	0.00665	0.00677	0.00160	0.00722	0.00566	0.00489	0.53817
16	0.07447	0.02081	0.11228	0.01699	0.02424	0.01723	0.01562	0.19559	0.02645	0.37200	0.02557	0.02366	0.01674	0.00971	0.00809	0.00256	0.00833	0.00758	0.00849	0.01358
17	0.01041	0.00745	0.00989	0.01137	0.01211	0.00694	0.00773	0.01228	0.01723	0.02331	0.15130	0.59110	0.05903	0.02445	0.01046	0.00324	0.00466	0.02212	0.00796	0.00694
18	0.02461	0.32981	0.03114	0.01714	0.02276	0.23199	0.01453	0.03223	0.17269	0.02354	0.01744	0.01820	0.01429	0.00859	0.00678	0.00215	0.01024	0.00595	0.00499	0.01095
19	0.01713	0.03817	0.54359	0.06331	0.08671	0.01935	0.02892	0.02689	0.05025	0.02653	0.01595	0.01875	0.01155	0.00805	0.00797	0.00264	0.01172	0.00648	0.00383	0.01222
20	0.02559	0.03206	0.05471	0.02531	0.03044	0.38131	0.18554	0.02931	0.02076	0.02224	0.01375	0.01756	0.01125	0.00892	0.01083	0.00254	0.10677	0.00687	0.00414	0.01009
21	0.01096	0.00835	0.01008	0.00989	0.01199	0.00746	0.00733	0.01405	0.02128	0.02858	0.40740	0.12926	0.26478	0.01918	0.00988	0.00275	0.00410	0.01667	0.00854	0.00746
22	0.01012	0.00723	0.00964	0.01157	0.01205	0.00675	0.00771	0.01157	0.01591	0.02121	0.04579	0.70262	0.05495	0.02603	0.01060	0.00337	0.00482	0.02362	0.00771	0.00675
23	0.02272	0.01933	0.08037	0.10838	0.37083	0.01730	0.02183	0.02760	0.01959	0.16171	0.02267	0.02520	0.04734	0.00886	0.00832	0.00255	0.00931	0.00802	0.00552	0.01255
24	0.02056	0.01974	0.03372	0.05099	0.65622	0.01974	0.02550	0.02550	0.01892	0.02714	0.01563	0.02056	0.01316	0.00740	0.00822	0.00247	0.00987	0.00740	0.00411	0.01316
25	0.03196	0.01939	0.02213	0.01733	0.02362	0.02043	0.01420	0.34535	0.11955	0.25720	0.02628	0.02435	0.01792	0.01026	0.00835	0.00257	0.00807	0.00805	0.00900	0.01399
26	0.01605	0.01479	0.02461	0.37842	0.22140	0.01664	0.02091	0.02066	0.01714	0.02293	0.02080	0.14851	0.01985	0.01135	0.00871	0.00279	0.00956	0.01041	0.00456	0.00990
27	0.01175	0.00881	0.01121	0.01229	0.01428	0.00827	0.00999	0.01477	0.01912	0.02460	0.12217	0.16681	0.22638	0.02215	0.01070	0.00334	0.00588	0.29225	0.00784	0.00737
28	0.01612	0.01158	0.01302	0.01145	0.01492	0.01112	0.00893	0.13134	0.02448	0.06809	0.24991	0.05995	0.31298	0.01704	0.00944	0.00267	0.00521	0.01431	0.00843	0.00903
29	0.01208	0.00805	0.00906	0.00906	0.00906	0.00805	0.00503	0.01208	0.01208	0.01611	0.02618	0.05436	0.03020	0.70804	0.04228	0.00805	0.00805	0.01208	0.00503	0.00503
30	0.02063	0.02028	0.03282	0.04669	0.55794	0.05188	0.05423	0.02546	0.01919	0.02664	0.01716	0.02453	0.01498	0.00832	0.00845	0.00254	0.01020	0.04113	0.00433	0.01257
31	0.02033	0.02040	0.03749	0.04706	0.50535	0.02005	0.17335	0.02577	0.01909	0.02701	0.01592	0.02102	0.01302	0.00730	0.00861	0.00255	0.01089	0.00799	0.00413	0.01268
32	0.01012	0.00723	0.00964	0.01157	0.01205	0.00675	0.00771	0.01157	0.01591	0.02121	0.04579	0.70262	0.05495	0.02603	0.01060	0.00337	0.00482	0.02362	0.00771	0.00675
33	0.02221	0.71304	0.04353	0.01421	0.02132	0.03287	0.01421	0.02488	0.01688	0.01955	0.01155	0.01333	0.01066	0.00711	0.00533	0.00178	0.00888	0.00444	0.00355	0.01066
34	0.02243	0.01889	0.02619	0.05813	0.23776	0.01965	0.05247	0.24949	0.02643	0.03545	0.03005	0.03157	0.13262	0.01093	0.00865	0.00257	0.00883	0.00946	0.00635	0.01209
35	0.03058	0.07438	0.02457	0.02103	0.02546	0.64154	0.01596	0.03274	0.02320	0.02029	0.01277	0.01490	0.01070	0.00849	0.00738	0.00212	0.01467	0.00530	0.00424	0.00968
36	0.02759	0.03233	0.02652	0.02952	0.20049	0.43196	0.01875	0.06015	0.02255	0.02380	0.01388	0.01692	0.01156	0.00857	0.00861	0.00231	0.04316	0.00611	0.00441	0.01081
37	0.03103	0.03959	0.02354	0.02140	0.02568	0.67469	0.01605	0.03317	0.02354	0.02033	0.01284	0.01498	0.01070	0.00856	0.00749	0.00214	0.01498	0.00535	0.00428	0.00963
38	0.02923	0.03149	0.02522	0.02497	0.11819	0.38061	0.01726	0.19032	0.05134	0.03039	0.01596	0.01775	0.01255	0.00887	0.00785	0.00231	0.01235	0.00638	0.00549	0.01148
39	0.01292	0.00858	0.01136	0.01127	0.01252	0.00872	0.00796	0.01501	0.01605	0.05369	0.16284	0.14120	0.04085	0.23588	0.21611	0.00750	0.01085	0.01324	0.00639	0.00704
40	0.01002	0.00842	0.00870	0.00863	0.01134	0.00710	0.00647	0.01231	0.01941	0.02357	0.14314	0.07809	0.59317	0.02062	0.00982	0.00279	0.00418	0.01727	0.00786	0.00710
41	0.02309	0.64677	0.04165	0.01481	0.02175	0.06706	0.01438	0.05165	0.01821	0.02102	0.01198	0.01370	0.01081	0.00731	0.00558	0.00183	0.00922	0.00462	0.00380	0.01076
42	0.01175	0.00813	0.01016	0.01059	0.01103	0.00832	0.00688	0.01273	0.01332	0.01800	0.02975	0.16854	0.03367	0.43493	0.15318	0.00801	0.01010	0.03950	0.00552	0.00590
43	0.02613	0.03027	0.02183	0.02159	0.08337	0.42366	0.01511	0.08709	0.02377	0.02453	0.02710	0.02811	0.13095	0.01091	0.00808	0.00233	0.01191	0.00803	0.00530	0.00992
44	0.01666	0.04297	0.66500	0.02368	0.03596	0.01929	0.03069	0.02631	0.01754	0.02631	0.01491	0.01754	0.01052	0.00789	0.00789	0.00263	0.01228	0.00614	0.00351	0.01228
45	0.01208	0.00805	0.00906	0.00906	0.00906	0.00805	0.00503	0.01208	0.01208	0.01611	0.02618	0.05436	0.03020	0.70804	0.04228	0.00805	0.00805	0.01208	0.00503	0.00503
46	0.01836	0.02265	0.14770	0.11716	0.31001	0.02022	0.02401	0.02353	0.01688	0.02446	0.01473	0.02026	0.01230	0.01151	0.04198	0.00326	0.14847	0.00720	0.00387	0.01143
47	0.02007	0.01939	0.02803	0.19319	0.34907	0.05953	0.02188	0.02868	0.14312	0.02685	0.01889	0.02268	0.01496	0.00846	0.00824	0.00259	0.00981	0.00767	0.00489	0.01201
48	0.03103	0.03959	0.02354	0.02140	0.02568	0.67469	0.01605	0.03317	0.02354	0.02033	0.01284	0.01498	0.01070	0.00856	0.00749	0.00214	0.01498	0.00535	0.00428	0.00963
49	0.01162	0.00884	0.01139	0.04877	0.01475	0.00829	0.00842	0.01528	0.02226	0.03057	0.50812	0.06316	0.18316	0.01725	0.00972	0.00266	0.00438	0.01506	0.00856	0.00776
50	0.02444	0.03071	0.16911	0.06635	0.12784	0.21240	0.02105	0.15598	0.02413	0.02986	0.01698	0.02199	0.01372	0.00926	0.00813	0.00250	0.01171	0.03716	0.00508	0.01161
51	0.00982	0.00842	0.00842	0.00842	0.01122	0.00701	0.00631	0.01192	0.01894	0.02244	0.08416	0.07995	0.65285	0.02104	0.00982	0.00281	0.00421	0.01753	0.00771	0.00701
52	0.01022	0.00731	0.00973	0.01150	0.01207	0.00681	0.00772	0.01182	0.01637	0.02194	0.08272	0.66359	0.05637	0.02548	0.01055	0.00333	0.00476	0.02309	0.00780	0.00681
53	0.03024	0.02175	0.02407	0.01873	0.02475	0.02420	0.01546	0.52922	0.03542	0.08611	0.02032	0.02095	0.01465	0.01270	0.04059	0.00307	0.04868	0.00759	0.00798	0.01353
54	0.01939	0.01980	0.03706	0.13952	0.33026	0.02026	0.22424	0.02494	0.01848	0.02571	0.01565	0.02129	0.01255	0.00777	0.00974	0.00268	0.04670	0.00819	0.00405	0.01171
55	0.01330	0.01007	0.01216	0.01247	0.01504	0.00968	0.01022	0.06528	0.02104	0.02703	0.12280	0.10476	0.26462	0.02068	0.01040	0.00320	0.00602	0.25541	0.00789	0.00794
56	0.01987	0.08030	0.09473	0.23057	0.07332	0.14030	0.01876	0.02449	0.01832	0.02327	0.01421	0.01827	0.01134	0.00762	0.00733	0.00216	0.01047	0.00602	0.00410	0.19454
57	0.02282	0.09917	0.17256	0.05652	0.15545	0.05578	0.02153	0.18508	0.02318	0.03146	0.01549	0.01849	0.01210	0.00904	0.00992	0.00256	0.08500	0.00671	0.00497	0.01216
58	0.01038	0.00849	0.00920	0.00918	0.01177	0.00731	0.00699	0.01293	0.01983	0.02466	0.19125	0.07725	0.50978	0.02036	0.00990	0.00282	0.00434	0.04837	0.00799	0.00721
59	0.03112	0.03700	0.02376	0.02104	0.02569	0.57147	0.01601	0.12787	0.02601	0.02543	0.01397	0.01577	0.01125	0.00879	0.00762	0.00220	0.01405	0.00569	0.00492	0.01035
60	0.05217	0.02394	0.16984	0.03820	0.39967	0.01905	0.02416	0.02666	0.06968	0.02789	0.01851	0.02490	0.01551	0.00879	0.00823	0.00262	0.00984	0.04329	0.00460	0.01244
61	0.02685	0.10703	0.02886	0.02972	0.21912	0.40318	0.01876	0.02991	0.02139	0.02234	0.01356	0.01652	0.01145	0.00805	0.00748	0.00220	0.01274	0.00588	0.00415	0.01083
62	0.01025	0.00837	0.00906	0.00901	0.01152	0.00718	0.00671	0.01271	0.01977	0.02472	0.20445	0.10715	0.49937	0.02041	0.00985	0.00279	0.00418	0.01730	0.00802	0.00718
63	0.01026	0.00733	0.00979	0.01172	0.01226	0.00686	0.00795	0.01180	0.01604	0.02136	0.04571	0.67745	0.05465	0.02590	0.01064	0.00339	0.00494	0.04746	0.00771	0.00678
64	0.06354	0.02574	0.02164	0.06879	0.05842	0.26731	0.01531	0.13624	0.11661	0.02952	0.02209	0.02377	0.05069	0.01308	0.04857	0.00311	0.01152	0.00745	0.00582	0.01079
65	0.01225	0.00947	0.01409	0.01387	0.01526	0.01130	0.01086	0.01515	0.01331	0.01933	0.02156	0.03175	0.02017	0.05939	0.63564	0.01276	0.06311	0.00880	0.00440	0.00752
66	0.01028	0.00742	0.00977	0.01158	0.01227	0.00691	0.00793	0.01188	0.01625	0.02147	0.04787	0.63535	0.08856	0.02558	0.01060	0.00337	0.00493	0.05346	0.00771	0.00681
67	0.01208	0.00805	0.00906	0.00906	0.00906	0.00805	0.00503	0.01208	0.01208	0.01611	0.02618	0.05436	0.03020	0.70804	0.04228	0.00805	0.00805	0.01208	0.00503	0.00503
68	0.02212	0.33648	0.07066	0.02751	0.18200	0.09735	0.10570	0.02625	0.01853	0.02285	0.01361	0.01680	0.01155	0.00736	0.00705	0.00218	0.01070	0.00612	0.00386	0.01132
69	0.01348	0.01350	0.05761	0.01882	0.02222	0.01155	0.16468	0.01722	0.01752	0.02353	0.03644	0.37994	0.04049	0.01966	0.01041	0.00327	0.00807	0.12664	0.00658	0.00835
70	0.01208	0.00805	0.00906	0.00906	0.00906	0.00805	0.00503	0.01208	0.01208	0.01611	0.02618	0.05436	0.03020	0.70804	0.04228	0.00805	0.00805	0.01208	0.00503	0.00503
71	0.02221	0.71304	0.04353	0.01421	0.02132	0.03287	0.01421	0.02488	0.01688	0.01955	0.01155	0.01333	0.01066	0.00711	0.00533	0.00178	0.00888	0.00444	0.00355	0.01066
72	0.01336	0.00982	0.01116	0.01045	0.01338	0.00911	0.00796	0.01851	0.08880	0.06660	0.27615	0.06513	0.34278	0.01788	0.00957	0.00272	0.00454	0.01520	0.00846	0.00841
73	0.02625	0.40445	0.03437	0.01751	0.02332	0.32698	0.01506	0.02868	0.01993	0.01991	0.01214	0.01408	0.01068	0.00777	0.00632	0.00194	0.01168	0.00486	0.00389	0.01019
74	0.02297	0.10088	0.03135	0.03785	0.39977	0.18427	0.02121	0.02686	0.01960	0.02425	0.01478	0.01891	0.01261	0.01013	0.03770	0.00280	0.01159	0.00663	0.00411	0.01174
75	0.02221	0.71304	0.04353	0.01421	0.02132	0.03287	0.01421	0.02488	0.01688	0.01955	0.01155	0.01333	0.01066	0.00711	0.00533	0.00178	0.00888	0.00444	0.00355	0.01066
76	0.02213	0.02556	0.06484	0.03627	0.30350	0.18074	0.12526	0.02666	0.01969	0.02472	0.01649	0.05495	0.01442	0.00892	0.00922	0.00255	0.04030	0.00809	0.00431	0.01140
77	0.02027	0.01963	0.03410	0.08190	0.59342	0.01974	0.05765	0.02534	0.01884	0.02682	0.01565	0.02074	0.01303	0.00743	0.00831	0.00250	0.01015	0.00753	0.00410	0.01286
78	0.01003	0.00760	0.00925	0.01057	0.01179	0.00683	0.00727	0.01168	0.01686	0.02160	0.05787	0.50653	0.24324	0.02446	0.01036	0.00319	0.00463	0.02170	0.00771	0.00683
79	0.02856	0.23006	0.02930	0.01923	0.02445	0.45540	0.01551	0.06466	0.02253	0.02193	0.01288	0.01479	0.01088	0.00823	0.00692	0.00206	0.01292	0.00521	0.00430	0.01018
80	0.01187	0.00890	0.01335	0.01335	0.01483	0.01038	0.01038	0.01483	0.01335	0.01928	0.02225	0.03264	0.02077	0.06231	0.67512	0.01335	0.02225	0.00890	0.00445	0.00742
81	0.02145	0.01364	0.01597	0.01394	0.01817	0.01400	0.01092	0.03291	0.27160	0.18772	0.20177	0.04280	0.09252	0.01339	0.00890	0.00270	0.00579	0.01133	0.00902	0.01145
82	0.01666	0.04297	0.66500	0.02368	0.03596	0.01929	0.03069	0.02631	0.01754	0.02631	0.01491	0.01754	0.01052	0.00789	0.00789	0.00263	0.01228	0.00614	0.00351	0.01228
83	0.01208	0.00805	0.00906	0.00906	0.00906	0.00805	0.00503	0.01208	0.01208	0.01611	0.02618	0.05436	0.03020	0.70804	0.04228	0.00805	0.00805	0.01208	0.00503	0.00503
84	0.01065	0.00763	0.01015	0.01144	0.01234	0.00713	0.00796	0.01280	0.01790	0.02433	0.19492	0.52122	0.06044	0.02368	0.01044	0.00320	0.00471	0.04394	0.00806	0.00705
85	0.03091	0.02302	0.02496	0.01925	0.02557	0.02575	0.01591	0.59823	0.03775	0.05074	0.01950	0.01986	0.01397	0.01020	0.00925	0.00255	0.04318	0.00747	0.00808	0.01388
86	0.01012	0.00723	0.00964	0.01157	0.01205	0.00675	0.00771	0.01157	0.01591	0.02121	0.04579	0.70262	0.05495	0.02603	0.01060	0.00337	0.00482	0.02362	0.00771	0.00675
87	0.03103	0.03959	0.02354	0.02140	0.02568	0.67469	0.01605	0.03317	0.02354	0.02033	0.01284	0.01498	0.01070	0.00856	0.00749	0.00214	0.01498	0.00535	0.00428	0.00963
88	0.03158	0.02327	0.02493	0.01911	0.02576	0.02576	0.01579	0.62852	0.03906	0.05236	0.01995	0.01995	0.01413	0.00997	0.00831	0.00249	0.00914	0.00748	0.00831	0.01413
89	0.01221	0.00940	0.01400	0.01381	0.01521	0.01119	0.01080	0.01511	0.01332	0.01932	0.02164	0.03186	0.02024	0.05974	0.64030	0.01283	0.05829	0.00881	0.00441	0.00751
90	0.02221	0.71304	0.04353	0.01421	0.02132	0.03287	0.01421	0.02488	0.01688	0.01955	0.01155	0.01333	0.01066	0.00711	0.00533	0.00178	0.00888	0.00444	0.00355	0.01066
91	0.01411	0.00963	0.01071	0.01011	0.01080	0.00989	0.00615	0.07613	0.01488	0.01987	0.02553	0.05079	0.02853	0.63552	0.03875	0.00748	0.00817	0.01160	0.00537	0.00598
92	0.10882	0.03167	0.02113	0.01915	0.02363	0.44203	0.01457	0.03492	0.17458	0.02573	0.01787	0.01876	0.01412	0.00914	0.00747	0.00235	0.01198	0.00625	0.00540	0.01043
93	0.01193	0.00864	0.01203	0.01203	0.01306	0.00967	0.00874	0.01399	0.01296	0.01831	0.02346	0.03931	0.02367	0.26063	0.48076	0.01172	0.01789	0.00988	0.00463	0.00669
94	0.01069	0.00816	0.00983	0.01003	0.01192	0.00729	0.00729	0.01338	0.02008	0.02663	0.30906	0.22586	0.26850	0.02059	0.01000	0.00287	0.00424	0.01799	0.00830	0.00729
95	0.02327	0.02061	0.03156	0.04314	0.50101	0.02122	0.02311	0.17396	0.02388	0.03335	0.01669	0.02041	0.01340	0.00803	0.00825	0.00247	0.00969	0.00742	0.00515	0.01340
96	0.01005	0.00752	0.00934	0.01079	0.01185	0.00681	0.00737	0.01165	0.01665	0.02151	0.05523	0.54932	0.20215	0.02480	0.01041	0.00323	0.00467	0.02212	0.00771	0.00681
97	0.01107	0.00867	0.01067	0.01076	0.01299	0.00828	0.00837	0.01392	0.01843	0.02396	0.17033	0.06647	0.32410	0.03065	0.17379	0.00548	0.00897	0.07858	0.00717	0.00734
98	0.01880	0.01962	0.03613	0.02766	0.06045	0.01933	0.33469	0.02393	0.01771	0.02551	0.01515	0.02026	0.01224	0.00822	0.01209	0.00256	0.13841	0.00802	0.00427	0.19496
99	0.01003	0.00842	0.00871	0.00864	0.01135	0.00710	0.00648	0.01233	0.01944	0.02363	0.14615	0.07800	0.59012	0.02060	0.00982	0.00278	0.00418	0.01726	0.00787	0.00710
100	0.01006	0.00745	0.00941	0.01098	0.01189	0.00680	0.00745	0.01163	0.01647	0.02144	0.05294	0.58657	0.16638	0.02510	0.01046	0.00327	0.00471	0.02248	0.00771	0.00680
101	0.01208	0.00805	0.00906	0.00906	0.00906	0.00805	0.00503	0.01208	0.01208	0.01611	0.02618	0.05436	0.03020	0.70804	0.04228	0.00805	0.00805	0.01208	0.00503	0.00503
102	0.06961	0.47602	0.06141	0.01583	0.02266	0.09714	0.01496	0.11166	0.02059	0.02564	0.01301	0.01462	0.01105	0.00773	0.00607	0.00200	0.00954	0.00504	0.00440	0.01101
103	0.09112	0.20151	0.29074	0.01981	0.02813	0.09427	0.04329	0.02678	0.01777	0.05255	0.01415	0.01653	0.01097	0.00823	0.00823	0.00243	0.05249	0.00578	0.00409	0.01113
104	0.05144	0.29679	0.20071	0.02783	0.21990	0.02471	0.02174	0.02542	0.01756	0.02438	0.01368	0.01665	0.01132	0.00743	0.00688	0.00224	0.00997	0.00579	0.00378	0.01178

[dist]
# distance from previous block
# <min> <max>
0	16

[block]
# block no. 5 follows, 22 sequences, length 25
# corresponding to MSA columns:
# 363-387
name=unknown_F
#
# <colnr> <probs for GDERKNQSTAVLIFYWHMCP>
#	G	D	E	R	K	N	Q	S	T	A	V	L	I	F	Y	W	H	M	C	P
0	0.02713	0.05898	0.02506	0.02190	0.05654	0.34911	0.01653	0.14109	0.02359	0.02655	0.01434	0.01746	0.01195	0.01212	0.04043	0.00296	0.13256	0.00631	0.00489	0.01051
1	0.01435	0.01267	0.03954	0.01507	0.04033	0.01172	0.05059	0.04043	0.09511	0.03184	0.40480	0.05103	0.09445	0.01716	0.04108	0.00316	0.00647	0.01304	0.00801	0.00917
2	0.01130	0.00847	0.01047	0.00997	0.01213	0.00764	0.00748	0.01479	0.02243	0.03073	0.51699	0.06631	0.21485	0.01795	0.00980	0.00266	0.00399	0.01562	0.00881	0.00764
3	0.05616	0.30037	0.25169	0.01817	0.02650	0.05150	0.01964	0.05075	0.10374	0.02606	0.01613	0.01753	0.01268	0.00814	0.00683	0.00229	0.00988	0.00586	0.00449	0.01157
4	0.16829	0.02115	0.08763	0.04052	0.47200	0.01948	0.02270	0.02536	0.01784	0.02907	0.01475	0.01888	0.01209	0.00751	0.00758	0.00250	0.00941	0.00671	0.00426	0.01225
5	0.02580	0.19768	0.02834	0.16416	0.03064	0.10552	0.01636	0.14995	0.05961	0.11744	0.01838	0.01993	0.01370	0.00882	0.00746	0.00236	0.00980	0.00665	0.00586	0.01155
6	0.01789	0.01825	0.12764	0.01465	0.02017	0.01429	0.01353	0.02852	0.22522	0.10385	0.04926	0.04667	0.25739	0.01422	0.00886	0.00275	0.00674	0.01175	0.00753	0.01082
7	0.01001	0.00842	0.00869	0.00862	0.01134	0.00710	0.00647	0.01230	0.01940	0.02353	0.14115	0.07815	0.59518	0.02063	0.00982	0.00279	0.00418	0.01728	0.00786	0.00710
8	0.06192	0.00991	0.01191	0.01159	0.01297	0.01076	0.00828	0.03814	0.01485	0.02124	0.03196	0.11069	0.10118	0.27445	0.19968	0.00756	0.04837	0.01210	0.00552	0.00691
9	0.02522	0.12791	0.23458	0.02121	0.02846	0.37859	0.02057	0.02987	0.02073	0.02217	0.01335	0.01560	0.01064	0.00816	0.00734	0.00225	0.01331	0.00549	0.00394	0.01062
10	0.01187	0.00890	0.01335	0.01335	0.01483	0.01038	0.01038	0.01483	0.01335	0.01928	0.02225	0.03264	0.02077	0.06231	0.67512	0.01335	0.02225	0.00890	0.00445	0.00742
11	0.01024	0.00728	0.00961	0.01142	0.01187	0.00682	0.00755	0.01160	0.01568	0.02091	0.04464	0.66471	0.05350	0.06592	0.01246	0.00365	0.00501	0.02294	0.00755	0.00665
12	0.01737	0.03749	0.51319	0.02706	0.09287	0.01987	0.08087	0.02586	0.01754	0.02601	0.01489	0.01828	0.01097	0.00819	0.00931	0.00269	0.05520	0.00664	0.00363	0.01206
13	0.00982	0.00842	0.00842	0.00842	0.01122	0.00701	0.00631	0.01192	0.01894	0.02244	0.08416	0.07995	0.65285	0.02104	0.00982	0.00281	0.00421	0.01753	0.00771	0.00701
14	0.01188	0.00884	0.01303	0.01303	0.01440	0.01021	0.00998	0.01463	0.01326	0.01905	0.02255	0.03426	0.02148	0.11069	0.62770	0.01295	0.02119	0.00914	0.00449	0.00724
15	0.01169	0.00814	0.00907	0.00903	0.00960	0.00787	0.00540	0.01226	0.01384	0.01810	0.07061	0.05898	0.13470	0.55711	0.03516	0.00689	0.00719	0.01314	0.00570	0.00551
16	0.02523	0.01932	0.02127	0.01752	0.02275	0.02172	0.01414	0.36556	0.19528	0.04189	0.02405	0.02511	0.01828	0.01944	0.12462	0.00447	0.01074	0.00824	0.00768	0.01270
17	0.01666	0.04297	0.66500	0.02368	0.03596	0.01929	0.03069	0.02631	0.01754	0.02631	0.01491	0.01754	0.01052	0.00789	0.00789	0.00263	0.01228	0.00614	0.00351	0.01228
18	0.01208	0.00805	0.00906	0.00906	0.00906	0.00805	0.00503	0.01208	0.01208	0.01611	0.02618	0.05436	0.03020	0.70804	0.04228	0.00805	0.00805	0.01208	0.00503	0.00503
19	0.01012	0.00723	0.00964	0.01157	0.01205	0.00675	0.00771	0.01157	0.01591	0.02121	0.04579	0.70262	0.05495	0.02603	0.01060	0.00337	0.00482	0.02362	0.00771	0.00675
20	0.06718	0.22879	0.44842	0.02020	0.03056	0.02305	0.02466	0.02578	0.01713	0.02513	0.01375	0.01610	0.01046	0.00766	0.00700	0.00239	0.01095	0.00556	0.00363	0.01161
21	0.02765	0.02994	0.02211	0.01949	0.02412	0.37209	0.01501	0.14191	0.16119	0.02921	0.01932	0.02051	0.01517	0.01281	0.05003	0.00306	0.01254	0.00685	0.00593	0.01107
22	0.01279	0.00877	0.01085	0.01025	0.01264	0.00785	0.00771	0.01607	0.02198	0.06962	0.43588	0.09502	0.22344	0.01805	0.00975	0.00270	0.00424	0.01567	0.00878	0.00797
23	0.01218	0.00872	0.00997	0.00964	0.01227	0.00756	0.00723	0.01481	0.02031	0.06715	0.23684	0.11823	0.40596	0.01958	0.00978	0.00278	0.00436	0.01669	0.00828	0.00769
24	0.02169	0.12559	0.27504	0.01968	0.02737	0.15850	0.02041	0.10685	0.02181	0.02764	0.05177	0.07052	0.01810	0.01006	0.00783	0.00245	0.01095	0.00772	0.00495	0.01109

[dist]
# distance from previous block
# <min> <max>
5	35

[block]
# block no. 6 follows, 22 sequences, length 88
# corresponding to MSA columns:
# 423-510
name=unknown_G
#
# <colnr> <probs for GDERKNQSTAVLIFYWHMCP>
#	G	D	E	R	K	N	Q	S	T	A	V	L	I	F	Y	W	H	M	C	P
0	0.01468	0.01258	0.01373	0.01345	0.01589	0.05278	0.01008	0.02248	0.17435	0.02610	0.13193	0.18607	0.09708	0.02741	0.15682	0.00520	0.00956	0.01376	0.00718	0.00888
1	0.05152	0.01866	0.08663	0.33906	0.09836	0.01822	0.05459	0.02759	0.08590	0.10967	0.01930	0.02299	0.01402	0.00867	0.00823	0.00270	0.01003	0.00763	0.00519	0.01106
2	0.02093	0.01932	0.03449	0.11266	0.45039	0.01935	0.12605	0.02617	0.01909	0.06591	0.01680	0.02152	0.01331	0.00761	0.00851	0.00256	0.01052	0.00787	0.00447	0.01248
3	0.02539	0.20307	0.02907	0.01971	0.02356	0.34048	0.01616	0.02758	0.01899	0.02004	0.01200	0.01542	0.01075	0.00979	0.01222	0.00245	0.19405	0.00563	0.00393	0.00974
4	0.02292	0.03324	0.18423	0.02125	0.02705	0.33184	0.04852	0.02731	0.01956	0.02194	0.01511	0.01922	0.01252	0.01799	0.12532	0.00432	0.04714	0.00648	0.00408	0.00996
5	0.01076	0.00750	0.00945	0.01076	0.01108	0.00717	0.00685	0.01173	0.01467	0.01956	0.03944	0.49297	0.04694	0.24660	0.02085	0.00489	0.00587	0.01989	0.00685	0.00619
6	0.01263	0.00881	0.01062	0.00997	0.01252	0.00781	0.00755	0.01583	0.02184	0.06839	0.40338	0.06657	0.28726	0.01807	0.00972	0.00268	0.00422	0.01554	0.00869	0.00792
7	0.01811	0.02044	0.06368	0.02555	0.03028	0.06032	0.27250	0.02276	0.01666	0.02295	0.01621	0.02293	0.01377	0.02125	0.16121	0.00529	0.18367	0.00852	0.00409	0.00980
8	0.01959	0.01665	0.02559	0.02218	0.06420	0.01757	0.14923	0.17392	0.05704	0.03096	0.02284	0.05548	0.01993	0.02701	0.21829	0.00610	0.01399	0.04296	0.00587	0.01061
9	0.01167	0.00777	0.00996	0.01093	0.01209	0.00778	0.00779	0.01402	0.01585	0.02302	0.03866	0.37313	0.07345	0.03003	0.15429	0.00520	0.00837	0.01656	0.17229	0.00713
10	0.01710	0.01220	0.01369	0.01224	0.01571	0.01242	0.00949	0.08136	0.15800	0.07190	0.23271	0.05015	0.17883	0.01485	0.00889	0.00262	0.00525	0.01252	0.08027	0.00979
11	0.02587	0.06956	0.02791	0.09406	0.22027	0.37580	0.01949	0.02922	0.02109	0.02244	0.01380	0.01727	0.01148	0.00810	0.00767	0.00228	0.01270	0.00612	0.00413	0.01072
12	0.02614	0.02887	0.02117	0.02008	0.04869	0.38876	0.01458	0.13221	0.02440	0.02640	0.02138	0.16591	0.02104	0.01257	0.00834	0.00248	0.01154	0.00979	0.00573	0.00993
13	0.01208	0.00805	0.00906	0.00906	0.00906	0.00805	0.00503	0.01208	0.01208	0.01611	0.02618	0.05436	0.03020	0.70804	0.04228	0.00805	0.00805	0.01208	0.00503	0.00503
14	0.01214	0.00806	0.01027	0.01045	0.01082	0.00834	0.00672	0.01248	0.01257	0.01708	0.02575	0.10755	0.02857	0.41978	0.17597	0.10032	0.01074	0.01189	0.00499	0.00554
15	0.01838	0.01552	0.02537	0.03157	0.31499	0.01483	0.07550	0.02261	0.02003	0.08158	0.11823	0.03996	0.16195	0.01188	0.00895	0.00260	0.00799	0.01095	0.00612	0.01100
16	0.03115	0.03598	0.02385	0.02090	0.02570	0.53100	0.01599	0.16500	0.02698	0.02742	0.01441	0.01608	0.01146	0.00887	0.00767	0.00222	0.01369	0.00582	0.00517	0.01063
17	0.05939	0.03281	0.15669	0.02044	0.02720	0.26458	0.01855	0.22363	0.06139	0.03342	0.01667	0.01794	0.01251	0.00899	0.00779	0.00241	0.01170	0.00639	0.00569	0.01180
18	0.01958	0.01938	0.03449	0.14686	0.37342	0.01989	0.15709	0.02656	0.06877	0.02669	0.01721	0.02206	0.01368	0.00777	0.00861	0.00262	0.01071	0.00809	0.00441	0.01210
19	0.07046	0.02415	0.02670	0.07881	0.25130	0.17654	0.01949	0.11264	0.05081	0.02904	0.01571	0.01911	0.01268	0.00891	0.00949	0.00254	0.06830	0.00683	0.00494	0.01157
20	0.01779	0.08271	0.02432	0.02805	0.27034	0.01762	0.01654	0.02576	0.15241	0.02680	0.03697	0.04027	0.16907	0.01230	0.00855	0.00263	0.00760	0.04307	0.00604	0.01115
21	0.01443	0.00722	0.01082	0.01082	0.01082	0.00722	0.00722	0.01082	0.01082	0.01443	0.01443	0.02525	0.01443	0.02886	0.03247	0.75830	0.00722	0.00722	0.00361	0.00361
22	0.02221	0.71304	0.04353	0.01421	0.02132	0.03287	0.01421	0.02488	0.01688	0.01955	0.01155	0.01333	0.01066	0.00711	0.00533	0.00178	0.00888	0.00444	0.00355	0.01066
23	0.01141	0.00889	0.01059	0.01143	0.01351	0.00830	0.00885	0.01491	0.04876	0.02381	0.08525	0.22951	0.30102	0.02208	0.01036	0.00320	0.00534	0.16755	0.00779	0.00744
24	0.03103	0.03959	0.02354	0.02140	0.02568	0.67469	0.01605	0.03317	0.02354	0.02033	0.01284	0.01498	0.01070	0.00856	0.00749	0.00214	0.01498	0.00535	0.00428	0.00963
