[name]
unknown

[dist]
# distance from previous block
# <min> <max>
0	0

[block]
# block no. 0 follows, 22 sequences, length 21
# corresponding to MSA columns:
# 0-20
name=unknown_A
#
# <colnr> <probs for GDERKNQSTAVLIFYWHMCP>
#	G	D	E	R	K	N	Q	S	T	A	V	L	I	F	Y	W	H	M	C	P
0	0.01339	0.00956	0.01339	0.01530	0.01721	0.00956	0.01339	0.01721	0.01912	0.02486	0.04399	0.09371	0.04781	0.02295	0.01147	0.00382	0.00765	0.60031	0.00765	0.00765
1	0.02276	0.67071	0.04228	0.01467	0.02160	0.07321	0.01433	0.02540	0.01730	0.01959	0.01163	0.01343	0.01066	0.00720	0.00547	0.00180	0.00927	0.00450	0.00360	0.01060
2	0.01569	0.01477	0.02492	0.68808	0.05722	0.01846	0.02307	0.02123	0.01661	0.02123	0.01477	0.02215	0.01107	0.00831	0.00831	0.00277	0.01107	0.00738	0.00369	0.00923
3	0.02051	0.01508	0.01790	0.01535	0.01892	0.01683	0.01210	0.28280	0.02444	0.03336	0.02172	0.02970	0.01900	0.11709	0.30749	0.00797	0.01481	0.00866	0.00621	0.01006
4	0.02405	0.57252	0.03936	0.01571	0.02223	0.16679	0.01460	0.02661	0.01827	0.01971	0.01182	0.01367	0.01067	0.00741	0.00578	0.00185	0.01016	0.00463	0.00371	0.01045
5	0.01980	0.42194	0.31352	0.01833	0.02768	0.02697	0.02137	0.02550	0.01717	0.02248	0.01301	0.01516	0.01060	0.00745	0.00644	0.00215	0.01036	0.00518	0.00353	0.01136
6	0.01208	0.00805	0.00906	0.00906	0.00906	0.00805	0.00503	0.01208	0.01208	0.01611	0.02618	0.05436	0.03020	0.70804	0.04228	0.00805	0.00805	0.01208	0.00503	0.00503
7	0.01223	0.00911	0.01031	0.01057	0.01315	0.00822	0.00810	0.01554	0.04880	0.05488	0.06751	0.18028	0.41210	0.02111	0.01003	0.00302	0.00502	0.09445	0.00787	0.00770
8	0.01525	0.01263	0.01968	0.11485	0.17043	0.01421	0.01553	0.01908	0.01559	0.02293	0.01964	0.02732	0.01715	0.03255	0.30440	0.00733	0.05396	0.00810	0.10022	0.00915
9	0.01012	0.00723	0.00964	0.01157	0.01205	0.00675	0.00771	0.01157	0.01591	0.02121	0.04579	0.70262	0.05495	0.02603	0.01060	0.00337	0.00482	0.02362	0.00771	0.00675
10	0.01549	0.00774	0.00774	0.00774	0.00968	0.00774	0.00581	0.01936	0.01742	0.03097	0.02710	0.03097	0.02129	0.00968	0.00581	0.00194	0.00387	0.00774	0.75416	0.00774
11	0.01835	0.02385	0.17903	0.21393	0.35194	0.01929	0.02607	0.02455	0.01798	0.02537	0.01523	0.02028	0.01199	0.00776	0.00817	0.00259	0.01075	0.00710	0.00386	0.01191
12	0.02124	0.02102	0.03306	0.04907	0.61538	0.06216	0.02488	0.02599	0.01922	0.02670	0.01545	0.02020	0.01300	0.00748	0.00818	0.00245	0.01020	0.00727	0.00412	0.01293
13	0.01356	0.01085	0.01543	0.16115	0.02272	0.01281	0.01200	0.01594	0.01403	0.01955	0.02280	0.09577	0.02347	0.23860	0.16143	0.00675	0.09434	0.01063	0.04093	0.00724
14	0.02427	0.55553	0.03886	0.01590	0.02234	0.18299	0.01464	0.02682	0.01844	0.01973	0.01185	0.01371	0.01067	0.00745	0.00584	0.00186	0.01031	0.00465	0.00372	0.01042
15	0.02275	0.02388	0.03160	0.04482	0.52465	0.15640	0.02352	0.02710	0.01988	0.02572	0.01505	0.01940	0.01265	0.00764	0.00807	0.00240	0.01094	0.00697	0.00415	0.01242
16	0.22657	0.03334	0.02053	0.01862	0.02313	0.50032	0.01418	0.03085	0.02104	0.02483	0.01250	0.01459	0.01025	0.00834	0.00687	0.00225	0.01271	0.00512	0.00451	0.00946
17	0.15967	0.01040	0.01143	0.01048	0.01359	0.01012	0.00810	0.01862	0.02077	0.08318	0.35974	0.05360	0.17915	0.01548	0.00878	0.00264	0.00472	0.01296	0.00817	0.00841
18	0.03090	0.06885	0.02359	0.01876	0.02404	0.35091	0.01479	0.16105	0.02635	0.14339	0.02085	0.02105	0.03977	0.00961	0.00780	0.00230	0.01150	0.00680	0.00633	0.01136
19	0.01354	0.01057	0.01498	0.01953	0.16122	0.01044	0.01053	0.01508	0.01470	0.02004	0.02892	0.21876	0.03279	0.36290	0.02590	0.00550	0.00762	0.01405	0.00553	0.00739
20	0.01591	0.01284	0.01405	0.01303	0.01591	0.01393	0.00958	0.02808	0.31503	0.02903	0.16122	0.04700	0.09195	0.17624	0.01676	0.00400	0.00618	0.01187	0.00773	0.00964

[dist]
# distance from previous block
# <min> <max>
0	4

[block]
# block no. 1 follows, 22 sequences, length 42
# corresponding to MSA columns:
# 25-66
name=unknown_B
#
# <colnr> <probs for GDERKNQSTAVLIFYWHMCP>
#	G	D	E	R	K	N	Q	S	T	A	V	L	I	F	Y	W	H	M	C	P
0	0.07895	0.02140	0.16460	0.35702	0.13520	0.01824	0.02313	0.02274	0.01691	0.02455	0.01626	0.05540	0.01336	0.00895	0.00806	0.00271	0.01045	0.00771	0.00404	0.01033
1	0.01631	0.02136	0.16588	0.48941	0.10250	0.01875	0.02494	0.02270	0.01701	0.02283	0.01487	0.02101	0.01113	0.00814	0.00821	0.00271	0.01124	0.00711	0.00369	0.01022
2	0.01813	0.19846	0.33221	0.08159	0.11496	0.02185	0.02385	0.02472	0.01787	0.02479	0.05540	0.02019	0.01535	0.00826	0.00747	0.00241	0.01049	0.00658	0.00398	0.01145
3	0.01439	0.01410	0.01612	0.16295	0.08433	0.08114	0.01293	0.01747	0.01871	0.02232	0.05242	0.09508	0.34486	0.01596	0.00914	0.00273	0.00743	0.01345	0.00613	0.00834
4	0.02286	0.02409	0.03149	0.04451	0.51808	0.16323	0.02343	0.02718	0.01993	0.02565	0.01502	0.01934	0.01262	0.00766	0.00806	0.00240	0.01099	0.00695	0.00415	0.01239
5	0.01478	0.01126	0.07110	0.00985	0.01278	0.00886	0.00862	0.01921	0.01877	0.03104	0.16281	0.03650	0.03277	0.01111	0.00688	0.00215	0.00468	0.00919	0.51942	0.00820
6	0.02056	0.01974	0.03372	0.05099	0.65622	0.01974	0.02550	0.02550	0.01892	0.02714	0.01563	0.02056	0.01316	0.00740	0.00822	0.00247	0.00987	0.00740	0.00411	0.01316
7	0.02221	0.71304	0.04353	0.01421	0.02132	0.03287	0.01421	0.02488	0.01688	0.01955	0.01155	0.01333	0.01066	0.00711	0.00533	0.00178	0.00888	0.00444	0.00355	0.01066
8	0.02174	0.06828	0.37756	0.02061	0.02958	0.15038	0.02283	0.02812	0.01907	0.08962	0.01673	0.01977	0.01267	0.04349	0.00939	0.00270	0.01164	0.00637	0.00450	0.04495
9	0.01208	0.00805	0.00906	0.00906	0.00906	0.00805	0.00503	0.01208	0.01208	0.01611	0.02618	0.05436	0.03020	0.70804	0.04228	0.00805	0.00805	0.01208	0.00503	0.00503
10	0.01055	0.00741	0.00951	0.01102	0.01139	0.00703	0.00712	0.01168	0.01507	0.02009	0.04149	0.56060	0.04952	0.17544	0.01754	0.00440	0.00553	0.02109	0.00712	0.00637
11	0.01007	0.00843	0.00876	0.00868	0.01138	0.00712	0.00651	0.01241	0.01953	0.02385	0.15777	0.07763	0.57836	0.02051	0.00982	0.00278	0.00417	0.01721	0.00790	0.00712
12	0.02024	0.01987	0.03360	0.03833	0.34227	0.02053	0.16248	0.02956	0.15510	0.02832	0.01965	0.02316	0.01559	0.00852	0.00960	0.00268	0.04456	0.00839	0.00506	0.01250
13	0.07917	0.02280	0.02411	0.01858	0.02513	0.02530	0.01535	0.58942	0.03745	0.05138	0.01940	0.01953	0.01380	0.00983	0.00811	0.00250	0.00897	0.00729	0.00811	0.01380
14	0.03158	0.02327	0.02493	0.01911	0.02576	0.02576	0.01579	0.62852	0.03906	0.05236	0.01995	0.01995	0.01413	0.00997	0.00831	0.00249	0.00914	0.00748	0.00831	0.01413
15	0.01899	0.02912	0.28852	0.03997	0.40587	0.01956	0.02759	0.02582	0.01836	0.02680	0.01534	0.01934	0.01210	0.00760	0.00809	0.00253	0.01084	0.00689	0.00387	0.01280
16	0.01015	0.00843	0.00888	0.00876	0.01142	0.00715	0.00657	0.01257	0.01972	0.02430	0.18143	0.07688	0.55442	0.02034	0.00981	0.00277	0.00416	0.01710	0.00796	0.00715
17	0.01187	0.00890	0.01335	0.01335	0.01483	0.01038	0.01038	0.01483	0.01335	0.01928	0.02225	0.03264	0.02077	0.06231	0.67512	0.01335	0.02225	0.00890	0.00445	0.00742
18	0.02066	0.01785	0.01878	0.01691	0.02160	0.02066	0.01315	0.04414	0.64121	0.03475	0.03381	0.03099	0.02536	0.01127	0.00845	0.00282	0.00657	0.00939	0.00845	0.01315
19	0.02358	0.02446	0.03013	0.04070	0.44418	0.17285	0.02216	0.05977	0.05244	0.02726	0.01612	0.01975	0.01325	0.00800	0.00807	0.00241	0.01086	0.00703	0.00459	0.01239
20	0.01006	0.00747	0.00939	0.01093	0.01188	0.00680	0.00743	0.01164	0.01652	0.02146	0.05352	0.57711	0.17546	0.02502	0.01045	0.00326	0.00470	0.02239	0.00771	0.00680
21	0.01140	0.00781	0.00943	0.01002	0.01034	0.00760	0.00617	0.01221	0.01432	0.01926	0.08493	0.27280	0.04253	0.42129	0.02893	0.00603	0.00662	0.01620	0.00628	0.00584
22	0.03262	0.02040	0.02301	0.01777	0.02425	0.02165	0.01464	0.43115	0.06623	0.22436	0.02431	0.02289	0.01654	0.01013	0.00833	0.00253	0.00842	0.00783	0.00888	0.01408
23	0.03240	0.03402	0.02261	0.01995	0.02470	0.52956	0.01521	0.03477	0.02359	0.16090	0.01721	0.01789	0.01286	0.00894	0.00768	0.00223	0.01325	0.00601	0.00560	0.01062
24	0.01552	0.00890	0.01057	0.11986	0.01751	0.00951	0.00865	0.01967	0.01729	0.02937	0.02507	0.02952	0.01961	0.00945	0.00622	0.00207	0.00506	0.00768	0.63049	0.00799
25	0.01984	0.42691	0.30891	0.01826	0.02757	0.02707	0.02125	0.02549	0.01716	0.02243	0.01298	0.01513	0.01060	0.00744	0.00642	0.00214	0.01033	0.00517	0.00353	0.01135
26	0.01187	0.00890	0.01335	0.01335	0.01483	0.01038	0.01038	0.01483	0.01335	0.01928	0.02225	0.03264	0.02077	0.06231	0.67512	0.01335	0.02225	0.00890	0.00445	0.00742
27	0.00992	0.00842	0.00856	0.00852	0.01128	0.00706	0.00639	0.01212	0.01918	0.02302	0.11428	0.07900	0.62237	0.02082	0.00982	0.00280	0.00419	0.01740	0.00779	0.00706
28	0.02221	0.71304	0.04353	0.01421	0.02132	0.03287	0.01421	0.02488	0.01688	0.01955	0.01155	0.01333	0.01066	0.00711	0.00533	0.00178	0.00888	0.00444	0.00355	0.01066
29	0.03046	0.03840	0.02328	0.02115	0.02546	0.63869	0.01589	0.03378	0.05754	0.02113	0.01400	0.01586	0.01151	0.00871	0.00754	0.00218	0.01452	0.00557	0.00451	0.00982
30	0.03005	0.07481	0.02523	0.02238	0.05726	0.57248	0.01641	0.06337	0.02375	0.02230	0.01328	0.01543	0.01100	0.00850	0.00745	0.00216	0.01408	0.00551	0.00444	0.01010
31	0.02066	0.01785	0.01878	0.01691	0.02160	0.02066	0.01315	0.04414	0.64121	0.03475	0.03381	0.03099	0.02536	0.01127	0.00845	0.00282	0.00657	0.00939	0.00845	0.01315
32	0.01012	0.00723	0.00964	0.01157	0.01205	0.00675	0.00771	0.01157	0.01591	0.02121	0.04579	0.70262	0.05495	0.02603	0.01060	0.00337	0.00482	0.02362	0.00771	0.00675
33	0.02111	0.01935	0.03349	0.08187	0.55155	0.01936	0.06355	0.02613	0.01909	0.06000	0.01655	0.02117	0.01340	0.00757	0.00834	0.00251	0.01005	0.00761	0.00442	0.01288
34	0.02137	0.05556	0.17460	0.03007	0.13406	0.04789	0.22520	0.07196	0.07592	0.05455	0.01821	0.02118	0.01365	0.00806	0.00856	0.00261	0.01150	0.00794	0.00493	0.01217
35	0.01219	0.00938	0.01398	0.01379	0.01520	0.01116	0.01079	0.01510	0.01332	0.01932	0.02166	0.03189	0.02026	0.05983	0.64159	0.01285	0.05696	0.00882	0.00441	0.00750
36	0.55811	0.02070	0.01560	0.01361	0.01880	0.12354	0.01097	0.10139	0.01875	0.03647	0.01282	0.01454	0.00991	0.00813	0.00591	0.00249	0.00812	0.00501	0.00540	0.00974
37	0.01012	0.00723	0.00964	0.01157	0.01205	0.00675	0.00771	0.01157	0.01591	0.02121	0.04579	0.70262	0.05495	0.02603	0.01060	0.00337	0.00482	0.02362	0.00771	0.00675
38	0.01441	0.01079	0.01185	0.01142	0.01277	0.01156	0.00748	0.02115	0.19074	0.02166	0.02936	0.08153	0.03012	0.47484	0.03104	0.00632	0.00747	0.01192	0.00614	0.00743
39	0.01136	0.00802	0.00977	0.01024	0.01109	0.00764	0.00681	0.01288	0.01628	0.02181	0.15994	0.23284	0.10170	0.29783	0.02315	0.00508	0.00602	0.04429	0.00691	0.00634
40	0.06777	0.01950	0.01967	0.10921	0.08504	0.15812	0.01403	0.02325	0.01976	0.02673	0.14263	0.02651	0.02497	0.00938	0.00760	0.00212	0.00868	0.00759	0.00540	0.22203
41	0.02548	0.02162	0.02440	0.24394	0.03605	0.08481	0.01809	0.32993	0.06902	0.03771	0.01843	0.02093	0.01350	0.00936	0.00824	0.00257	0.01018	0.00737	0.00638	0.01199

[dist]
# distance from previous block
# <min> <max>
2	22

[block]
# block no. 2 follows, 22 sequences, length 32
# corresponding to MSA columns:
# 90-121
name=unknown_C
#
# <colnr> <probs for GDERKNQSTAVLIFYWHMCP>
#	G	D	E	R	K	N	Q	S	T	A	V	L	I	F	Y	W	H	M	C	P
0	0.06461	0.08547	0.06095	0.01171	0.01519	0.01222	0.00984	0.01867	0.01865	0.07930	0.22044	0.08222	0.12432	0.14403	0.01487	0.00360	0.00632	0.01227	0.00696	0.00836
1	0.02110	0.01839	0.02681	0.06198	0.36781	0.01889	0.01971	0.16692	0.02363	0.03209	0.02867	0.03092	0.12573	0.01045	0.00853	0.00255	0.00875	0.00920	0.00573	0.01215
2	0.01830	0.03301	0.40070	0.02901	0.18153	0.01964	0.02637	0.02925	0.12747	0.02799	0.01840	0.02063	0.01376	0.00837	0.00807	0.00262	0.01070	0.00701	0.00452	0.01264
3	0.02250	0.02394	0.02956	0.03956	0.41977	0.18015	0.02185	0.02641	0.01928	0.02452	0.01490	0.01961	0.01276	0.01100	0.04293	0.00302	0.06545	0.00696	0.00413	0.01169
4	0.02024	0.01941	0.03314	0.09280	0.61691	0.01965	0.02534	0.02522	0.01876	0.02675	0.01557	0.02067	0.01302	0.00746	0.00823	0.00249	0.00995	0.00740	0.00408	0.01290
5	0.02372	0.01892	0.01979	0.01626	0.02206	0.05380	0.01290	0.14040	0.30109	0.08809	0.02561	0.02467	0.01907	0.00959	0.00782	0.00232	0.00742	0.00768	0.00751	0.19126
6	0.01751	0.01662	0.02821	0.45003	0.28103	0.01894	0.02398	0.02282	0.01747	0.02344	0.01509	0.02156	0.01185	0.00797	0.00828	0.00266	0.01062	0.00739	0.00385	0.01070
7	0.19118	0.01027	0.01021	0.00969	0.01277	0.01006	0.00746	0.01615	0.01931	0.02958	0.25467	0.05816	0.30903	0.01652	0.00869	0.00269	0.00464	0.01359	0.00757	0.00776
8	0.02056	0.01974	0.03372	0.05099	0.65622	0.01974	0.02550	0.02550	0.01892	0.02714	0.01563	0.02056	0.01316	0.00740	0.00822	0.00247	0.00987	0.00740	0.00411	0.01316
9	0.03117	0.03536	0.02390	0.02081	0.02570	0.50660	0.01598	0.18739	0.02756	0.02863	0.01468	0.01627	0.01159	0.00893	0.00770	0.00223	0.01347	0.00590	0.00532	0.01080
10	0.02056	0.01974	0.03372	0.05099	0.65622	0.01974	0.02550	0.02550	0.01892	0.02714	0.01563	0.02056	0.01316	0.00740	0.00822	0.00247	0.00987	0.00740	0.00411	0.01316
11	0.14141	0.56506	0.07199	0.01420	0.02127	0.02985	0.01427	0.02488	0.01648	0.02276	0.01173	0.01358	0.01039	0.00725	0.00544	0.00195	0.00867	0.00454	0.00381	0.01048
12	0.02687	0.03266	0.02416	0.02153	0.02443	0.46460	0.01674	0.02891	0.02004	0.02022	0.01221	0.01601	0.01077	0.01050	0.01389	0.00262	0.23433	0.00597	0.00407	0.00946
13	0.01012	0.00723	0.00964	0.01157	0.01205	0.00675	0.00771	0.01157	0.01591	0.02121	0.04579	0.70262	0.05495	0.02603	0.01060	0.00337	0.00482	0.02362	0.00771	0.00675
14	0.01387	0.01014	0.01223	0.01265	0.01439	0.01011	0.00902	0.12002	0.02021	0.02678	0.04426	0.53368	0.09479	0.02281	0.01014	0.00317	0.00553	0.02030	0.00782	0.00807
15	0.01192	0.00870	0.01233	0.01233	0.01346	0.00983	0.00911	0.01418	0.01305	0.01853	0.02319	0.03782	0.02302	0.21648	0.52402	0.01209	0.01886	0.00966	0.00459	0.00685
16	0.02755	0.01639	0.01923	0.01588	0.02088	0.01686	0.01264	0.27151	0.06281	0.22725	0.03075	0.18607	0.02644	0.01397	0.00888	0.00274	0.00734	0.01170	0.00877	0.01231
17	0.01069	0.00845	0.00963	0.00933	0.01176	0.00739	0.00700	0.01361	0.02100	0.02734	0.33996	0.07189	0.39399	0.01921	0.00981	0.00272	0.00408	0.01640	0.00836	0.00739
18	0.03021	0.03803	0.02434	0.02373	0.07527	0.62319	0.01679	0.03257	0.02318	0.02087	0.01306	0.01542	0.01089	0.00847	0.00755	0.00217	0.01458	0.00551	0.00427	0.00991
19	0.02104	0.02240	0.02737	0.23939	0.28954	0.17512	0.02158	0.02536	0.01931	0.02346	0.01793	0.02253	0.04213	0.00860	0.00815	0.00250	0.01120	0.00738	0.00419	0.01081
20	0.01138	0.00868	0.00908	0.00892	0.01182	0.00729	0.00671	0.01351	0.01907	0.05836	0.07953	0.10530	0.59015	0.02066	0.00977	0.00282	0.00440	0.01729	0.00786	0.00740
21	0.03158	0.02327	0.02493	0.01911	0.02576	0.02576	0.01579	0.62852	0.03906	0.05236	0.01995	0.01995	0.01413	0.00997	0.00831	0.00249	0.00914	0.00748	0.00831	0.01413
22	0.01983	0.10038	0.46528	0.02304	0.03325	0.13576	0.05779	0.02740	0.01864	0.02468	0.01435	0.01697	0.01068	0.00789	0.00770	0.00248	0.01254	0.00604	0.00368	0.01161
23	0.02056	0.37676	0.30473	0.01878	0.02785	0.07760	0.02133	0.02613	0.01768	0.02247	0.01307	0.01524	0.01061	0.00755	0.00658	0.00217	0.01080	0.00523	0.00359	0.01126
24	0.00982	0.00842	0.00842	0.00842	0.01122	0.00701	0.00631	0.01192	0.01894	0.02244	0.08416	0.07995	0.65285	0.02104	0.00982	0.00281	0.00421	0.01753	0.00771	0.00701
25	0.02341	0.06103	0.03154	0.04127	0.45673	0.19335	0.02242	0.02749	0.02003	0.02495	0.01468	0.01871	0.01238	0.00769	0.00788	0.00235	0.01117	0.00671	0.00413	0.01210
26	0.02086	0.02211	0.01661	0.01594	0.01845	0.28539	0.01149	0.07258	0.02051	0.02278	0.02731	0.27262	0.02983	0.10943	0.01339	0.00342	0.00983	0.01313	0.00598	0.00833
27	0.01025	0.00728	0.00960	0.01140	0.01185	0.00683	0.00754	0.01160	0.01565	0.02087	0.04450	0.66008	0.05332	0.07078	0.01268	0.00368	0.00503	0.02286	0.00754	0.00664
28	0.01935	0.02295	0.12636	0.04204	0.42402	0.01925	0.13083	0.02528	0.01909	0.02726	0.05024	0.02270	0.01622	0.00792	0.00854	0.00256	0.01062	0.00806	0.00431	0.01240
29	0.01746	0.01473	0.01715	0.01255	0.01954	0.01146	0.00998	0.04576	0.01807	0.02782	0.01659	0.05298	0.01460	0.00734	0.00647	0.00139	0.00621	0.00600	0.00521	0.68868
30	0.02050	0.02322	0.07400	0.04104	0.32497	0.05555	0.28363	0.02643	0.01939	0.02650	0.01595	0.02089	0.01265	0.00732	0.00885	0.00260	0.01205	0.00826	0.00413	0.01208
31	0.01718	0.01618	0.07073	0.01714	0.06078	0.01499	0.01318	0.02933	0.28695	0.05772	0.07097	0.16395	0.11597	0.01508	0.00904	0.00286	0.00651	0.01300	0.00763	0.01082

[dist]
# distance from previous block
# <min> <max>
0	2

[block]
# block no. 3 follows, 22 sequences, length 78
# corresponding to MSA columns:
# 124-201
name=unknown_D
#
# <colnr> <probs for GDERKNQSTAVLIFYWHMCP>
#	G	D	E	R	K	N	Q	S	T	A	V	L	I	F	Y	W	H	M	C	P
0	0.01826	0.16392	0.43037	0.02410	0.03467	0.02216	0.14242	0.02610	0.01782	0.02511	0.01465	0.01769	0.01095	0.00757	0.00778	0.00250	0.01198	0.00653	0.00365	0.01177
1	0.01215	0.01045	0.01065	0.01024	0.01346	0.00995	0.00778	0.01886	0.15298	0.02509	0.07331	0.06940	0.51768	0.01894	0.00952	0.00281	0.00472	0.01578	0.00787	0.00833
2	0.01824	0.01835	0.02645	0.02237	0.02273	0.02526	0.04396	0.02027	0.01301	0.02027	0.01116	0.01835	0.01098	0.01422	0.02652	0.00360	0.66404	0.00738	0.00366	0.00918
3	0.02258	0.02357	0.03176	0.04529	0.53464	0.14603	0.02367	0.02698	0.01981	0.02583	0.01509	0.01949	0.01269	0.00763	0.00808	0.00240	0.01085	0.00701	0.00414	0.01248
4	0.02063	0.15211	0.02779	0.01877	0.02243	0.04991	0.07007	0.11198	0.01906	0.02636	0.01588	0.02065	0.01363	0.01636	0.08821	0.00389	0.22557	0.00714	0.07953	0.01003
5	0.01369	0.00903	0.01106	0.01023	0.01291	0.00801	0.00778	0.01695	0.02207	0.09268	0.40731	0.06443	0.25741	0.01762	0.00966	0.00267	0.00433	0.01516	0.00880	0.00820
6	0.01045	0.00741	0.00974	0.01147	0.01197	0.00700	0.00768	0.01185	0.01566	0.02085	0.04375	0.61244	0.05217	0.09409	0.01381	0.00386	0.00526	0.04648	0.00744	0.00661
7	0.06010	0.03279	0.02120	0.01926	0.02312	0.50463	0.01457	0.05484	0.02245	0.02330	0.01580	0.05038	0.01383	0.00978	0.00825	0.00228	0.04098	0.00658	0.06637	0.00947
8	0.01549	0.00774	0.00774	0.00774	0.00968	0.00774	0.00581	0.01936	0.01742	0.03097	0.02710	0.03097	0.02129	0.00968	0.00581	0.00194	0.00387	0.00774	0.75416	0.00774
9	0.01012	0.00723	0.00964	0.01157	0.01205	0.00675	0.00771	0.01157	0.01591	0.02121	0.04579	0.70262	0.05495	0.02603	0.01060	0.00337	0.00482	0.02362	0.00771	0.00675
10	0.02810	0.03215	0.02228	0.01994	0.02452	0.43913	0.01520	0.08057	0.20160	0.02684	0.01938	0.01994	0.01515	0.00944	0.00783	0.00236	0.01214	0.00667	0.00578	0.01097
11	0.03115	0.03619	0.02383	0.02092	0.02570	0.53928	0.01600	0.15740	0.02678	0.02701	0.01432	0.01602	0.01142	0.00886	0.00766	0.00221	0.01376	0.00579	0.00512	0.01057
12	0.01012	0.00723	0.00964	0.01157	0.01205	0.00675	0.00771	0.01157	0.01591	0.02121	0.04579	0.70262	0.05495	0.02603	0.01060	0.00337	0.00482	0.02362	0.00771	0.00675
13	0.01012	0.00723	0.00964	0.01157	0.01205	0.00675	0.00771	0.01157	0.01591	0.02121	0.04579	0.70262	0.05495	0.02603	0.01060	0.00337	0.00482	0.02362	0.00771	0.00675
14	0.22100	0.02523	0.02133	0.01754	0.02324	0.17580	0.01410	0.33343	0.02900	0.04097	0.01612	0.01712	0.01200	0.00906	0.00730	0.00243	0.00981	0.00621	0.00655	0.01175
15	0.00982	0.00842	0.00842	0.00842	0.01122	0.00701	0.00631	0.01192	0.01894	0.02244	0.08416	0.07995	0.65285	0.02104	0.00982	0.00281	0.00421	0.01753	0.00771	0.00701
16	0.01206	0.00814	0.00949	0.00949	0.00964	0.00829	0.00557	0.01236	0.01221	0.01643	0.02578	0.05219	0.02926	0.64348	0.10556	0.00858	0.00947	0.01176	0.00498	0.00527
17	0.01055	0.00844	0.00944	0.00919	0.01167	0.00733	0.00689	0.01335	0.02067	0.02657	0.29945	0.07316	0.43499	0.01950	0.00981	0.00273	0.00410	0.01658	0.00826	0.00733
18	0.02221	0.71304	0.04353	0.01421	0.02132	0.03287	0.01421	0.02488	0.01688	0.01955	0.01155	0.01333	0.01066	0.00711	0.00533	0.00178	0.00888	0.00444	0.00355	0.01066
19	0.00982	0.00842	0.00842	0.00842	0.01122	0.00701	0.00631	0.01192	0.01894	0.02244	0.08416	0.07995	0.65285	0.02104	0.00982	0.00281	0.00421	0.01753	0.00771	0.00701
20	0.01002	0.00820	0.00884	0.00915	0.01146	0.00702	0.00669	0.01214	0.01871	0.02302	0.11921	0.19470	0.49868	0.02167	0.00996	0.00290	0.00430	0.01848	0.00782	0.00702
21	0.03103	0.03959	0.02354	0.02140	0.02568	0.67469	0.01605	0.03317	0.02354	0.02033	0.01284	0.01498	0.01070	0.00856	0.00749	0.00214	0.01498	0.00535	0.00428	0.00963
22	0.02056	0.01974	0.03372	0.05099	0.65622	0.01974	0.02550	0.02550	0.01892	0.02714	0.01563	0.02056	0.01316	0.00740	0.00822	0.00247	0.00987	0.00740	0.00411	0.01316
23	0.01234	0.00959	0.01425	0.01398	0.01535	0.01150	0.01096	0.01522	0.01330	0.01934	0.02141	0.03156	0.02004	0.05875	0.62696	0.01263	0.07210	0.00878	0.00439	0.00754
24	0.01773	0.17217	0.54517	0.02185	0.03313	0.02191	0.02752	0.02603	0.01741	0.02500	0.01426	0.01673	0.01055	0.00774	0.00740	0.00247	0.01162	0.00581	0.00352	0.01197
25	0.02198	0.02498	0.03097	0.02508	0.02838	0.19776	0.17322	0.02521	0.01738	0.02178	0.01293	0.01841	0.01129	0.01101	0.01751	0.00302	0.33797	0.00741	0.00395	0.00977
26	0.03103	0.03959	0.02354	0.02140	0.02568	0.67469	0.01605	0.03317	0.02354	0.02033	0.01284	0.01498	0.01070	0.00856	0.00749	0.00214	0.01498	0.00535	0.00428	0.00963
27	0.01012	0.00723	0.00964	0.01157	0.01205	0.00675	0.00771	0.01157	0.01591	0.02121	0.04579	0.70262	0.05495	0.02603	0.01060	0.00337	0.00482	0.02362	0.00771	0.00675
28	0.03152	0.02491	0.02479	0.01934	0.02575	0.09109	0.01582	0.56859	0.03750	0.04913	0.01923	0.01945	0.01378	0.00983	0.00823	0.00246	0.00973	0.00727	0.00790	0.01368
29	0.03079	0.07537	0.02588	0.01935	0.02543	0.18988	0.01575	0.43642	0.03360	0.04200	0.01757	0.01823	0.01302	0.00942	0.00790	0.00235	0.01060	0.00673	0.00696	0.01275
30	0.01187	0.00890	0.01335	0.01335	0.01483	0.01038	0.01038	0.01483	0.01335	0.01928	0.02225	0.03264	0.02077	0.06231	0.67512	0.01335	0.02225	0.00890	0.00445	0.00742
31	0.01941	0.02074	0.02476	0.02123	0.02313	0.14691	0.07680	0.02195	0.01578	0.02069	0.01557	0.06067	0.01507	0.02019	0.11395	0.00465	0.35694	0.00836	0.00418	0.00902
32	0.01339	0.00826	0.01080	0.01136	0.01265	0.00767	0.00784	0.01529	0.01762	0.08688	0.15494	0.43223	0.05269	0.11067	0.01431	0.00375	0.00529	0.01900	0.00789	0.00747
33	0.02056	0.01974	0.03372	0.05099	0.65622	0.01974	0.02550	0.02550	0.01892	0.02714	0.01563	0.02056	0.01316	0.00740	0.00822	0.00247	0.00987	0.00740	0.00411	0.01316
34	0.01012	0.00723	0.00964	0.01157	0.01205	0.00675	0.00771	0.01157	0.01591	0.02121	0.04579	0.70262	0.05495	0.02603	0.01060	0.00337	0.00482	0.02362	0.00771	0.00675
35	0.03109	0.03782	0.02369	0.02115	0.02569	0.60404	0.01602	0.09799	0.02523	0.02382	0.01361	0.01552	0.01107	0.00871	0.00758	0.00218	0.01435	0.00558	0.00472	0.01012
36	0.01952	0.01847	0.02976	0.17657	0.37873	0.01971	0.05214	0.02826	0.13846	0.02735	0.01901	0.02299	0.01505	0.00832	0.00836	0.00261	0.00969	0.00790	0.00487	0.01224
37	0.01188	0.00884	0.01305	0.01305	0.01443	0.01022	0.01001	0.01464	0.01326	0.01906	0.02252	0.03415	0.02142	0.10723	0.63110	0.01298	0.02126	0.00912	0.00449	0.00725
38	0.02066	0.01785	0.01878	0.01691	0.02160	0.02066	0.01315	0.04414	0.64121	0.03475	0.03381	0.03099	0.02536	0.01127	0.00845	0.00282	0.00657	0.00939	0.00845	0.01315
39	0.02903	0.03540	0.02262	0.02053	0.02490	0.54858	0.01549	0.03529	0.14264	0.02311	0.01688	0.01807	0.01353	0.00908	0.00768	0.00227	0.01336	0.00613	0.00508	0.01031
40	0.01194	0.00799	0.00910	0.00925	0.00928	0.00796	0.00523	0.01204	0.01237	0.01649	0.02763	0.10256	0.03204	0.65734	0.03993	0.00771	0.00781	0.01294	0.00523	0.00516
41	0.01280	0.00860	0.01191	0.01191	0.01351	0.00970	0.00920	0.01600	0.01440	0.02230	0.02350	0.03221	0.02090	0.04874	0.50255	0.01041	0.01751	0.00860	0.19775	0.00750
42	0.01208	0.00805	0.00906	0.00906	0.00906	0.00805	0.00503	0.01208	0.01208	0.01611	0.02618	0.05436	0.03020	0.70804	0.04228	0.00805	0.00805	0.01208	0.00503	0.00503
43	0.01187	0.00890	0.01335	0.01335	0.01483	0.01038	0.01038	0.01483	0.01335	0.01928	0.02225	0.03264	0.02077	0.06231	0.67512	0.01335	0.02225	0.00890	0.00445	0.00742
44	0.02221	0.71304	0.04353	0.01421	0.02132	0.03287	0.01421	0.02488	0.01688	0.01955	0.01155	0.01333	0.01066	0.00711	0.00533	0.00178	0.00888	0.00444	0.00355	0.01066
45	0.01317	0.01023	0.01219	0.01139	0.01397	0.01012	0.00863	0.02050	0.13808	0.03218	0.46346	0.05857	0.14254	0.01644	0.00955	0.00268	0.00445	0.01430	0.00883	0.00872
46	0.02239	0.02378	0.03379	0.04342	0.45969	0.14200	0.10114	0.02707	0.01987	0.02580	0.01526	0.01976	0.01263	0.00757	0.00829	0.00245	0.01136	0.00733	0.00416	0.01225
47	0.22090	0.02820	0.02107	0.01795	0.02323	0.29367	0.01415	0.22529	0.02618	0.03516	0.01483	0.01622	0.01138	0.00880	0.00715	0.00237	0.01087	0.00583	0.00582	0.01094
48	0.01038	0.00825	0.00932	0.00944	0.01166	0.00719	0.00693	0.01287	0.01969	0.02514	0.22914	0.17070	0.40847	0.02073	0.00993	0.00284	0.00423	0.01780	0.00809	0.00719
49	0.02029	0.02135	0.07763	0.04909	0.61307	0.01971	0.02586	0.02555	0.01882	0.02708	0.01558	0.02035	0.01298	0.00744	0.00820	0.00248	0.01004	0.00731	0.00407	0.01310
50	0.01483	0.00785	0.00825	0.00825	0.00991	0.00794	0.00598	0.01815	0.01649	0.02836	0.02669	0.03409	0.02241	0.10283	0.05047	0.00341	0.00551	0.00837	0.61285	0.00737
51	0.03038	0.08966	0.02503	0.02087	0.02536	0.62698	0.01591	0.03256	0.02305	0.02027	0.01275	0.01486	0.01070	0.00845	0.00733	0.00211	0.01453	0.00528	0.00423	0.00971
52	0.01170	0.00792	0.00927	0.00960	0.00978	0.00780	0.00567	0.01216	0.01336	0.01790	0.06060	0.17559	0.03718	0.54692	0.03478	0.00691	0.00725	0.01438	0.00574	0.00549
53	0.02275	0.51782	0.07507	0.01521	0.02199	0.07687	0.01483	0.07175	0.01916	0.02339	0.01365	0.01552	0.01171	0.00767	0.00591	0.00192	0.00918	0.00509	0.05977	0.01073
54	0.01255	0.00921	0.01283	0.01261	0.01375	0.01064	0.00948	0.01495	0.01337	0.01958	0.02269	0.03584	0.02204	0.18005	0.46466	0.01090	0.05818	0.00933	0.06025	0.00708
55	0.01012	0.00723	0.00964	0.01157	0.01205	0.00675	0.00771	0.01157	0.01591	0.02121	0.04579	0.70262	0.05495	0.02603	0.01060	0.00337	0.00482	0.02362	0.00771	0.00675
56	0.03053	0.07915	0.02479	0.02088	0.02543	0.61047	0.01593	0.05644	0.02376	0.02156	0.01305	0.01508	0.01084	0.00853	0.00739	0.00213	0.01438	0.00538	0.00440	0.00987
57	0.01868	0.01725	0.02599	0.29089	0.23972	0.01950	0.02101	0.02916	0.19625	0.02700	0.02050	0.02417	0.01584	0.00886	0.00832	0.00269	0.00940	0.00796	0.00519	0.01162
58	0.01012	0.00723	0.00964	0.01157	0.01205	0.00675	0.00771	0.01157	0.01591	0.02121	0.04579	0.70262	0.05495	0.02603	0.01060	0.00337	0.00482	0.02362	0.00771	0.00675
59	0.03048	0.03843	0.02329	0.02116	0.02546	0.63977	0.01590	0.03376	0.05653	0.02110	0.01396	0.01584	0.01148	0.00871	0.00754	0.00218	0.01453	0.00557	0.00450	0.00982
60	0.02415	0.02710	0.02204	0.19161	0.03207	0.33956	0.01669	0.03138	0.14049	0.02398	0.01823	0.02087	0.01426	0.00908	0.00779	0.00242	0.01169	0.00680	0.04970	0.01009
61	0.01542	0.01489	0.02270	0.08589	0.02564	0.06037	0.13110	0.01923	0.01588	0.02120	0.02263	0.03012	0.05429	0.03650	0.34609	0.00813	0.06782	0.00907	0.00445	0.00858
62	0.00982	0.00842	0.00842	0.00842	0.01122	0.00701	0.00631	0.01192	0.01894	0.02244	0.08416	0.07995	0.65285	0.02104	0.00982	0.00281	0.00421	0.01753	0.00771	0.00701
63	0.01187	0.00890	0.01335	0.01335	0.01483	0.01038	0.01038	0.01483	0.01335	0.01928	0.02225	0.03264	0.02077	0.06231	0.67512	0.01335	0.02225	0.00890	0.00445	0.00742
64	0.29852	0.01885	0.01921	0.01529	0.02135	0.02050	0.01262	0.29347	0.02702	0.16781	0.01946	0.01927	0.01355	0.00922	0.00717	0.00254	0.00775	0.00658	0.00756	0.01227
65	0.02733	0.10989	0.02510	0.01739	0.02361	0.02397	0.01446	0.34092	0.18968	0.07899	0.02300	0.02233	0.01689	0.00981	0.00788	0.00244	0.00820	0.00753	0.00772	0.04287
66	0.06033	0.15713	0.02472	0.01718	0.02150	0.20717	0.01392	0.10493	0.08293	0.02620	0.01721	0.02134	0.01479	0.05652	0.08369	0.00390	0.06449	0.00675	0.00513	0.01017
67	0.02155	0.01553	0.01760	0.01511	0.01940	0.01670	0.01195	0.21730	0.15531	0.08421	0.08215	0.08548	0.09979	0.02003	0.09475	0.00408	0.00884	0.01108	0.00795	0.01120
68	0.01686	0.06105	0.01539	0.01223	0.01529	0.05165	0.00954	0.06563	0.01761	0.02569	0.02169	0.02929	0.01912	0.09506	0.21528	0.00602	0.01160	0.00783	0.21293	0.09023
69	0.02072	0.46134	0.06111	0.01443	0.02057	0.11002	0.01364	0.02351	0.01816	0.02050	0.02586	0.02657	0.13449	0.01002	0.00659	0.00206	0.00892	0.00716	0.00445	0.00989
70	0.06320	0.02536	0.02659	0.02326	0.07364	0.17556	0.09440	0.22788	0.14245	0.03563	0.01973	0.02089	0.01490	0.00920	0.00818	0.00251	0.01058	0.00748	0.00639	0.01219
71	0.02222	0.02343	0.03210	0.03139	0.18780	0.13534	0.15866	0.06759	0.01985	0.02605	0.01465	0.01926	0.01214	0.00915	0.01243	0.00267	0.15794	0.00743	0.00440	0.05552
72	0.01382	0.01117	0.01313	0.01467	0.05769	0.04900	0.00932	0.03881	0.01587	0.02088	0.03088	0.27885	0.03470	0.24519	0.12215	0.00622	0.00965	0.01485	0.00593	0.00721
73	0.01985	0.02123	0.06824	0.17974	0.34721	0.05872	0.06526	0.02703	0.08089	0.02614	0.01713	0.02156	0.01359	0.00805	0.00831	0.00258	0.01053	0.00757	0.00444	0.01192
74	0.01890	0.15275	0.07026	0.06727	0.28435	0.02023	0.08562	0.02291	0.01714	0.02324	0.01618	0.02385	0.01460	0.09868	0.01334	0.03833	0.00998	0.00761	0.00405	0.01071
75	0.02533	0.02976	0.02216	0.01890	0.02400	0.41501	0.04036	0.02816	0.02088	0.02237	0.01424	0.01723	0.01197	0.01183	0.05686	0.00275	0.01306	0.00569	0.00447	0.21497
76	0.19723	0.13470	0.02156	0.01664	0.06606	0.14515	0.01242	0.06015	0.01993	0.02910	0.09225	0.02534	0.05727	0.00979	0.00694	0.00227	0.00833	0.00723	0.04543	0.04218
77	0.02822	0.23238	0.02801	0.01651	0.02245	0.14469	0.01400	0.14645	0.05077	0.16587	0.05715	0.02179	0.01814	0.00938	0.00736	0.00225	0.00929	0.00688	0.00660	0.01182

[dist]
# distance from previous block
# <min> <max>
53	102

[block]
# block no. 4 follows, 22 sequences, length 9
# corresponding to MSA columns:
# 335-343
name=unknown_E
#
# <colnr> <probs for GDERKNQSTAVLIFYWHMCP>
#	G	D	E	R	K	N	Q	S	T	A	V	L	I	F	Y	W	H	M	C	P
0	0.02006	0.01915	0.02680	0.03470	0.34564	0.07219	0.02003	0.05786	0.02006	0.02745	0.08812	0.03104	0.02310	0.01118	0.01143	0.00275	0.10949	0.06252	0.00518	0.01123
1	0.02712	0.09147	0.06428	0.02747	0.16986	0.37550	0.01886	0.08291	0.02294	0.02499	0.01411	0.01670	0.01155	0.00826	0.00757	0.00224	0.01262	0.00597	0.00449	0.01107
2	0.06415	0.01982	0.02061	0.01952	0.08145	0.12461	0.01409	0.11895	0.06722	0.21325	0.02557	0.08114	0.02067	0.01127	0.00825	0.00254	0.00867	0.03629	0.00740	0.05454
3	0.02507	0.02665	0.02270	0.02109	0.05788	0.27212	0.01565	0.08264	0.21529	0.02805	0.01994	0.02118	0.01577	0.01012	0.01036	0.00255	0.09744	0.00712	0.00584	0.04254
4	0.01485	0.00850	0.01139	0.01202	0.01363	0.00776	0.00848	0.01681	0.01789	0.13052	0.09536	0.53394	0.05114	0.02259	0.01015	0.00317	0.00512	0.02030	0.00827	0.00809
5	0.01569	0.01477	0.02492	0.68808	0.05722	0.01846	0.02307	0.02123	0.01661	0.02123	0.01477	0.02215	0.01107	0.00831	0.00831	0.00277	0.01107	0.00738	0.00369	0.00923
6	0.02324	0.02511	0.03017	0.08725	0.43228	0.20852	0.02260	0.02741	0.02009	0.02476	0.01476	0.01906	0.01230	0.00780	0.00802	0.00239	0.01143	0.00681	0.00413	0.01187
7	0.01569	0.01477	0.02492	0.68808	0.05722	0.01846	0.02307	0.02123	0.01661	0.02123	0.01477	0.02215	0.01107	0.00831	0.00831	0.00277	0.01107	0.00738	0.00369	0.00923
8	0.08203	0.02073	0.11609	0.28883	0.28494	0.01909	0.02387	0.02387	0.01743	0.02562	0.01485	0.02015	0.01164	0.00784	0.00795	0.00261	0.01037	0.00697	0.00395	0.01117

[dist]
# distance from previous block
# <min> <max>
1	19

[block]
# block no. 5 follows, 22 sequences, length 16
# corresponding to MSA columns:
# 363-378
name=unknown_F
#
# <colnr> <probs for GDERKNQSTAVLIFYWHMCP>
#	G	D	E	R	K	N	Q	S	T	A	V	L	I	F	Y	W	H	M	C	P
0	0.02149	0.02190	0.03156	0.10613	0.51735	0.10620	0.02402	0.02611	0.01931	0.02569	0.01518	0.01997	0.01264	0.00764	0.00813	0.00245	0.01066	0.00713	0.00410	0.01233
1	0.02006	0.02370	0.08175	0.14143	0.16493	0.10105	0.26389	0.02588	0.01947	0.02530	0.04035	0.02226	0.01464	0.00794	0.00882	0.00263	0.01230	0.00831	0.00425	0.01103
2	0.01279	0.09617	0.01477	0.01064	0.01335	0.01084	0.00842	0.01630	0.02205	0.03009	0.49304	0.05848	0.15001	0.01632	0.00924	0.00254	0.00458	0.01406	0.00825	0.00807
3	0.01761	0.01481	0.02055	0.02005	0.08537	0.01621	0.05601	0.02572	0.16253	0.06277	0.14363	0.04267	0.11415	0.01409	0.01236	0.00293	0.12523	0.04606	0.00696	0.01029
4	0.01199	0.00841	0.01088	0.01088	0.01151	0.00904	0.00730	0.01325	0.01262	0.01745	0.02451	0.04515	0.02620	0.43428	0.31058	0.01030	0.01407	0.01073	0.00479	0.00604
5	0.02629	0.40176	0.03429	0.01754	0.02334	0.32953	0.01506	0.02871	0.01996	0.01991	0.01215	0.01409	0.01068	0.00778	0.00633	0.00194	0.01170	0.00486	0.00389	0.01018
6	0.01975	0.01719	0.02014	0.02033	0.10007	0.01848	0.01417	0.03681	0.43404	0.03210	0.02899	0.03050	0.02283	0.01053	0.00820	0.00257	0.00697	0.03673	0.00731	0.13230
7	0.01163	0.00848	0.01200	0.01231	0.01337	0.00939	0.00901	0.01382	0.01354	0.01903	0.02672	0.14377	0.02791	0.17075	0.45673	0.01082	0.01695	0.01182	0.00508	0.00689
8	0.02421	0.06900	0.02039	0.01680	0.02110	0.35688	0.01299	0.09880	0.02365	0.02482	0.03499	0.03494	0.20344	0.01238	0.00816	0.00236	0.01067	0.00920	0.00576	0.00946
9	0.01138	0.00827	0.01158	0.01216	0.01312	0.00894	0.00876	0.01343	0.01392	0.01937	0.02990	0.23662	0.03245	0.15035	0.37917	0.00955	0.01486	0.01380	0.00552	0.00685
10	0.01249	0.01847	0.20613	0.01439	0.01918	0.01085	0.01441	0.01718	0.01898	0.02628	0.21053	0.22152	0.14264	0.01730	0.00944	0.00285	0.00671	0.01504	0.00685	0.00875
11	0.01813	0.22077	0.50009	0.02117	0.03207	0.02290	0.02632	0.02593	0.01736	0.02451	0.01402	0.01642	0.01056	0.00768	0.00721	0.00240	0.01138	0.00569	0.00352	0.01185
12	0.01666	0.04297	0.66500	0.02368	0.03596	0.01929	0.03069	0.02631	0.01754	0.02631	0.01491	0.01754	0.01052	0.00789	0.00789	0.00263	0.01228	0.00614	0.00351	0.01228
13	0.01666	0.04297	0.66500	0.02368	0.03596	0.01929	0.03069	0.02631	0.01754	0.02631	0.01491	0.01754	0.01052	0.00789	0.00789	0.00263	0.01228	0.00614	0.00351	0.01228
14	0.02078	0.03289	0.32471	0.13295	0.12313	0.13196	0.02510	0.02742	0.01900	0.06303	0.01571	0.01891	0.01162	0.00815	0.00796	0.00254	0.01190	0.00651	0.00416	0.01157
15	0.02381	0.03359	0.34295	0.02497	0.11044	0.13108	0.02376	0.03026	0.02001	0.15399	0.01826	0.01966	0.01292	0.00843	0.00796	0.00251	0.01138	0.00661	0.00509	0.01231

[dist]
# distance from previous block
# <min> <max>
7	26

[block]
# block no. 6 follows, 22 sequences, length 108
# corresponding to MSA columns:
# 407-514
name=unknown_G
#
# <colnr> <probs for GDERKNQSTAVLIFYWHMCP>
#	G	D	E	R	K	N	Q	S	T	A	V	L	I	F	Y	W	H	M	C	P
0	0.01972	0.22782	0.16488	0.02245	0.02918	0.05861	0.15375	0.02460	0.01704	0.02259	0.01388	0.01812	0.01161	0.01142	0.04433	0.00311	0.13573	0.00676	0.00379	0.01061
1	0.17880	0.14005	0.02453	0.01795	0.02305	0.38572	0.01431	0.08000	0.02188	0.02633	0.01297	0.01483	0.01064	0.00828	0.00674	0.00220	0.01179	0.00521	0.00468	0.01004
2	0.05215	0.01242	0.01524	0.01432	0.01678	0.04096	0.01126	0.09604	0.01717	0.02452	0.02103	0.02930	0.01890	0.05054	0.52718	0.01093	0.01946	0.00835	0.00498	0.00846
3	0.05093	0.01807	0.14555	0.01512	0.01993	0.01333	0.01384	0.05331	0.10636	0.02814	0.08264	0.27977	0.03524	0.01586	0.00887	0.00279	0.00694	0.01376	0.00672	0.08284
4	0.01040	0.00726	0.00954	0.01137	0.01193	0.00680	0.00761	0.01198	0.01598	0.02172	0.04481	0.66748	0.05318	0.02517	0.01035	0.00330	0.00477	0.02279	0.04677	0.00680
5	0.09916	0.03519	0.02268	0.02012	0.02480	0.52556	0.01536	0.11351	0.02479	0.02626	0.01369	0.01552	0.01101	0.00867	0.00739	0.00223	0.01339	0.00556	0.00491	0.01019
6	0.02951	0.07252	0.02398	0.01984	0.02467	0.45566	0.01534	0.09151	0.10686	0.05727	0.01723	0.01816	0.01347	0.00906	0.00762	0.00226	0.01256	0.00619	0.00548	0.01081
7	0.03064	0.07124	0.02458	0.02094	0.02548	0.60976	0.01595	0.06393	0.02403	0.02197	0.01315	0.01516	0.01088	0.00856	0.00743	0.00214	0.01438	0.00542	0.00446	0.00992
8	0.01961	0.02241	0.04902	0.03501	0.04342	0.02101	0.62605	0.02661	0.01961	0.02661	0.01681	0.02241	0.01261	0.00700	0.00980	0.00280	0.01401	0.00980	0.00420	0.01120
9	0.02026	0.02051	0.03793	0.04399	0.42305	0.02020	0.22082	0.02684	0.05171	0.02737	0.01696	0.02171	0.01362	0.00747	0.00875	0.00259	0.01105	0.00829	0.00437	0.01252
10	0.01012	0.00723	0.00964	0.01157	0.01205	0.00675	0.00771	0.01157	0.01591	0.02121	0.04579	0.70262	0.05495	0.02603	0.01060	0.00337	0.00482	0.02362	0.00771	0.00675
11	0.01666	0.04297	0.66500	0.02368	0.03596	0.01929	0.03069	0.02631	0.01754	0.02631	0.01491	0.01754	0.01052	0.00789	0.00789	0.00263	0.01228	0.00614	0.00351	0.01228
12	0.01208	0.00805	0.00906	0.00906	0.00906	0.00805	0.00503	0.01208	0.01208	0.01611	0.02618	0.05436	0.03020	0.70804	0.04228	0.00805	0.00805	0.01208	0.00503	0.00503
13	0.02056	0.01974	0.03372	0.05099	0.65622	0.01974	0.02550	0.02550	0.01892	0.02714	0.01563	0.02056	0.01316	0.00740	0.00822	0.00247	0.00987	0.00740	0.00411	0.01316
14	0.02056	0.01974	0.03372	0.05099	0.65622	0.01974	0.02550	0.02550	0.01892	0.02714	0.01563	0.02056	0.01316	0.00740	0.00822	0.00247	0.00987	0.00740	0.00411	0.01316
15	0.01191	0.00873	0.01248	0.01248	0.01366	0.00991	0.00930	0.01428	0.01309	0.01864	0.02305	0.03704	0.02268	0.19319	0.54685	0.01228	0.01937	0.00955	0.00457	0.00693
16	0.01176	0.00849	0.01110	0.01045	0.01241	0.00784	0.00784	0.01568	0.02352	0.03331	0.65184	0.06206	0.07839	0.01698	0.00980	0.00261	0.00392	0.01502	0.00914	0.00784
17	0.02221	0.71304	0.04353	0.01421	0.02132	0.03287	0.01421	0.02488	0.01688	0.01955	0.01155	0.01333	0.01066	0.00711	0.00533	0.00178	0.00888	0.00444	0.00355	0.01066
18	0.01012	0.00723	0.00964	0.01157	0.01205	0.00675	0.00771	0.01157	0.01591	0.02121	0.04579	0.70262	0.05495	0.02603	0.01060	0.00337	0.00482	0.02362	0.00771	0.00675
19	0.01208	0.00805	0.00906	0.00906	0.00906	0.00805	0.00503	0.01208	0.01208	0.01611	0.02618	0.05436	0.03020	0.70804	0.04228	0.00805	0.00805	0.01208	0.00503	0.00503
20	0.01666	0.04297	0.66500	0.02368	0.03596	0.01929	0.03069	0.02631	0.01754	0.02631	0.01491	0.01754	0.01052	0.00789	0.00789	0.00263	0.01228	0.00614	0.00351	0.01228
21	0.02056	0.01974	0.03372	0.05099	0.65622	0.01974	0.02550	0.02550	0.01892	0.02714	0.01563	0.02056	0.01316	0.00740	0.00822	0.00247	0.00987	0.00740	0.00411	0.01316
22	0.01666	0.04297	0.66500	0.02368	0.03596	0.01929	0.03069	0.02631	0.01754	0.02631	0.01491	0.01754	0.01052	0.00789	0.00789	0.00263	0.01228	0.00614	0.00351	0.01228
23	0.01666	0.04297	0.66500	0.02368	0.03596	0.01929	0.03069	0.02631	0.01754	0.02631	0.01491	0.01754	0.01052	0.00789	0.00789	0.00263	0.01228	0.00614	0.00351	0.01228
24	0.03044	0.03835	0.02327	0.02114	0.02545	0.63716	0.01588	0.03380	0.05899	0.02116	0.01404	0.01590	0.01154	0.00872	0.00755	0.00218	0.01450	0.00558	0.00452	0.00983
25	0.02066	0.01785	0.01878	0.01691	0.02160	0.02066	0.01315	0.04414	0.64121	0.03475	0.03381	0.03099	0.02536	0.01127	0.00845	0.00282	0.00657	0.00939	0.00845	0.01315
26	0.01187	0.00890	0.01335	0.01335	0.01483	0.01038	0.01038	0.01483	0.01335	0.01928	0.02225	0.03264	0.02077	0.06231	0.67512	0.01335	0.02225	0.00890	0.00445	0.00742
27	0.00982	0.00842	0.00842	0.00842	0.01122	0.00701	0.00631	0.01192	0.01894	0.02244	0.08416	0.07995	0.65285	0.02104	0.00982	0.00281	0.00421	0.01753	0.00771	0.00701
28	0.01286	0.00939	0.01266	0.01429	0.01633	0.00919	0.01235	0.01644	0.01910	0.02451	0.04988	0.09169	0.13665	0.02267	0.01123	0.00368	0.00714	0.51473	0.00766	0.00756
29	0.01666	0.04297	0.66500	0.02368	0.03596	0.01929	0.03069	0.02631	0.01754	0.02631	0.01491	0.01754	0.01052	0.00789	0.00789	0.00263	0.01228	0.00614	0.00351	0.01228
30	0.02066	0.01785	0.01878	0.01691	0.02160	0.02066	0.01315	0.04414	0.64121	0.03475	0.03381	0.03099	0.02536	0.01127	0.00845	0.00282	0.00657	0.00939	0.00845	0.01315
31	0.02056	0.01974	0.03372	0.05099	0.65622	0.01974	0.02550	0.02550	0.01892	0.02714	0.01563	0.02056	0.01316	0.00740	0.00822	0.00247	0.00987	0.00740	0.00411	0.01316
32	0.02653	0.02939	0.02810	0.03405	0.29984	0.32760	0.02013	0.08702	0.02302	0.02637	0.01473	0.01788	0.01210	0.00819	0.00789	0.00232	0.01220	0.00645	0.00459	0.01160
33	0.02056	0.01974	0.03372	0.05099	0.65622	0.01974	0.02550	0.02550	0.01892	0.02714	0.01563	0.02056	0.01316	0.00740	0.00822	0.00247	0.00987	0.00740	0.00411	0.01316
34	0.00993	0.00842	0.00857	0.00853	0.01129	0.00706	0.00640	0.01213	0.01919	0.02305	0.11586	0.07895	0.62077	0.02081	0.00982	0.00279	0.00419	0.01739	0.00779	0.00706
35	0.03727	0.01414	0.01928	0.01478	0.02121	0.01221	0.01221	0.04049	0.02378	0.66198	0.03277	0.02828	0.02056	0.01028	0.00835	0.00257	0.00707	0.00835	0.01028	0.01414
