[name]
unknown

[dist]
# distance from previous block
# <min> <max>
0	536

[block]
# block no. 0 follows, 22 sequences, length 15
# corresponding to MSA columns:
# 536-550
name=unknown_A
#
# <colnr> <probs for GDERKNQSTAVLIFYWHMCP>
#	G	D	E	R	K	N	Q	S	T	A	V	L	I	F	Y	W	H	M	C	P
0	0.01960	0.50520	0.03463	0.01454	0.02011	0.02598	0.01397	0.02261	0.01754	0.02112	0.02113	0.03707	0.02164	0.01179	0.00715	0.00238	0.00852	0.18049	0.00476	0.00977
1	0.01302	0.01120	0.01148	0.01092	0.01429	0.01105	0.00833	0.02144	0.20278	0.02608	0.06928	0.06549	0.46746	0.01815	0.00941	0.00281	0.00491	0.01513	0.00793	0.00883
2	0.02812	0.03247	0.02176	0.01964	0.02374	0.48025	0.01482	0.12067	0.02481	0.02533	0.01864	0.11426	0.01756	0.01128	0.00806	0.00237	0.01264	0.00829	0.00539	0.00990
3	0.01102	0.00810	0.00943	0.00980	0.01087	0.00775	0.00648	0.01223	0.01496	0.01927	0.04656	0.18103	0.21779	0.30872	0.09400	0.00619	0.00782	0.01551	0.00627	0.00619
4	0.01141	0.00816	0.00887	0.00887	0.00970	0.00775	0.00541	0.01203	0.01411	0.01798	0.04331	0.06192	0.21416	0.50507	0.03269	0.00650	0.00692	0.01369	0.00583	0.00562
5	0.01448	0.00783	0.00813	0.00813	0.00950	0.00783	0.00558	0.01721	0.01584	0.02658	0.02683	0.03788	0.02393	0.21601	0.01658	0.00374	0.00511	0.00902	0.53284	0.00694
6	0.02170	0.02077	0.02004	0.08358	0.05937	0.16787	0.01433	0.12460	0.12363	0.03212	0.20647	0.03326	0.03376	0.01162	0.00858	0.00252	0.00876	0.00951	0.00697	0.01055
7	0.01186	0.00813	0.00970	0.00963	0.01024	0.00791	0.00603	0.01311	0.01570	0.02151	0.21224	0.09679	0.04597	0.46163	0.03072	0.00616	0.00663	0.01366	0.00641	0.00597
8	0.02522	0.05884	0.16033	0.01857	0.02514	0.11722	0.01733	0.22191	0.02583	0.10404	0.02278	0.12319	0.01961	0.01166	0.00831	0.00258	0.00979	0.00928	0.00658	0.01177
9	0.01794	0.10274	0.33305	0.01995	0.02770	0.09394	0.02216	0.02427	0.01864	0.02448	0.02291	0.03931	0.02157	0.01234	0.00864	0.00284	0.01087	0.18141	0.00483	0.01043
10	0.01934	0.15460	0.12022	0.22633	0.21507	0.05198	0.05109	0.02463	0.01790	0.02349	0.01442	0.01907	0.01156	0.00771	0.00769	0.00245	0.01080	0.00668	0.00381	0.01115
11	0.01450	0.01664	0.14697	0.11762	0.02485	0.01281	0.01603	0.01825	0.01564	0.02229	0.02291	0.07231	0.02173	0.02350	0.11905	0.12494	0.03197	0.09323	0.07662	0.00815
12	0.02308	0.07688	0.31269	0.02417	0.06416	0.28342	0.04929	0.02896	0.02008	0.02359	0.01401	0.01665	0.01083	0.00805	0.00769	0.00238	0.01312	0.00595	0.00388	0.01112
13	0.01777	0.01944	0.11350	0.06081	0.05389	0.03659	0.06594	0.10743	0.02294	0.03183	0.27123	0.03657	0.03867	0.01240	0.01067	0.00270	0.07048	0.01041	0.00659	0.01015
14	0.02207	0.12177	0.03214	0.07163	0.36605	0.13222	0.02145	0.02594	0.01868	0.02390	0.01407	0.01844	0.01206	0.00830	0.00954	0.00244	0.07708	0.00662	0.00399	0.01160

[dist]
# distance from previous block
# <min> <max>
3	52

[block]
# block no. 1 follows, 22 sequences, length 37
# corresponding to MSA columns:
# 604-640
name=unknown_B
#
# <colnr> <probs for GDERKNQSTAVLIFYWHMCP>
#	G	D	E	R	K	N	Q	S	T	A	V	L	I	F	Y	W	H	M	C	P
0	0.01957	0.01255	0.01496	0.01378	0.01664	0.01274	0.01021	0.18339	0.02283	0.10948	0.03518	0.36815	0.03707	0.08692	0.01282	0.00349	0.00660	0.01617	0.00793	0.00952
1	0.02460	0.02413	0.05875	0.03921	0.42044	0.15154	0.02215	0.02897	0.02040	0.10526	0.01718	0.02026	0.01347	0.00802	0.00808	0.00242	0.01066	0.00705	0.00489	0.01253
2	0.01935	0.01548	0.02291	0.02906	0.28086	0.01640	0.01675	0.10489	0.01944	0.02818	0.01830	0.02398	0.01547	0.01837	0.09988	0.09859	0.04520	0.00763	0.10887	0.01038
3	0.02096	0.47607	0.03377	0.01384	0.01988	0.06332	0.01284	0.07179	0.01948	0.02284	0.02702	0.02746	0.14113	0.01025	0.00660	0.00206	0.00830	0.00739	0.00482	0.01015
4	0.02058	0.14186	0.01847	0.01176	0.01608	0.01378	0.00983	0.02342	0.01900	0.19689	0.04182	0.04146	0.20366	0.01914	0.08966	0.00373	0.00803	0.01030	0.10076	0.00978
5	0.01137	0.00789	0.00981	0.01040	0.01088	0.00778	0.00666	0.01250	0.01464	0.01984	0.09617	0.27205	0.04269	0.35514	0.07974	0.00635	0.00770	0.01601	0.00631	0.00609
6	0.01726	0.03880	0.54013	0.02598	0.03747	0.01964	0.15138	0.02637	0.01796	0.02637	0.01529	0.01853	0.01095	0.00771	0.00828	0.00267	0.01263	0.00688	0.00365	0.01206
7	0.02306	0.22729	0.03582	0.02757	0.15470	0.17663	0.11736	0.02668	0.01883	0.02247	0.01347	0.01719	0.01152	0.00830	0.00954	0.00237	0.08596	0.00644	0.00395	0.01085
8	0.03069	0.02283	0.02443	0.01893	0.02542	0.02535	0.01558	0.58101	0.08801	0.05092	0.02107	0.02084	0.01504	0.01008	0.00832	0.00252	0.00893	0.00763	0.00832	0.01405
9	0.01187	0.00890	0.01335	0.01335	0.01483	0.01038	0.01038	0.01483	0.01335	0.01928	0.02225	0.03264	0.02077	0.06231	0.67512	0.01335	0.02225	0.00890	0.00445	0.00742
10	0.01012	0.00723	0.00964	0.01157	0.01205	0.00675	0.00771	0.01157	0.01591	0.02121	0.04579	0.70262	0.05495	0.02603	0.01060	0.00337	0.00482	0.02362	0.00771	0.00675
11	0.01761	0.15582	0.02502	0.05139	0.15433	0.01889	0.01511	0.02503	0.13496	0.02575	0.09942	0.02909	0.02477	0.02187	0.16038	0.00491	0.01119	0.00847	0.00551	0.01050
12	0.02084	0.01782	0.01626	0.01501	0.01855	0.14680	0.01135	0.02904	0.19016	0.10677	0.12084	0.15694	0.08530	0.01484	0.00893	0.00272	0.00747	0.01245	0.00774	0.01017
13	0.01012	0.00723	0.00964	0.01157	0.01205	0.00675	0.00771	0.01157	0.01591	0.02121	0.04579	0.70262	0.05495	0.02603	0.01060	0.00337	0.00482	0.02362	0.00771	0.00675
14	0.01168	0.00935	0.01060	0.01064	0.01298	0.00885	0.00783	0.01673	0.09727	0.02618	0.19831	0.20759	0.31138	0.02000	0.00982	0.00289	0.00457	0.01729	0.00813	0.00791
15	0.01801	0.02999	0.29965	0.06207	0.03829	0.02073	0.27162	0.02537	0.01772	0.02537	0.01517	0.01984	0.01145	0.00840	0.01116	0.00283	0.09940	0.00784	0.00382	0.01128
16	0.03106	0.03865	0.02362	0.02127	0.02569	0.63711	0.01604	0.06765	0.02444	0.02219	0.01325	0.01527	0.01090	0.00864	0.00754	0.00216	0.01464	0.00547	0.00451	0.00989
17	0.01694	0.07592	0.63444	0.02321	0.03524	0.01996	0.02988	0.02624	0.01751	0.02598	0.01474	0.01733	0.01053	0.00785	0.00777	0.00259	0.01211	0.00606	0.00351	0.01220
18	0.02416	0.31911	0.03516	0.02715	0.21357	0.17693	0.01810	0.05296	0.01999	0.02342	0.01344	0.01617	0.01157	0.00766	0.00683	0.00210	0.01060	0.00567	0.00409	0.01132
19	0.01057	0.00836	0.00878	0.00886	0.01086	0.00740	0.00624	0.01217	0.01707	0.02081	0.06680	0.07351	0.45971	0.20836	0.01873	0.00428	0.00539	0.03862	0.00698	0.00650
20	0.02050	0.05875	0.19829	0.05360	0.12953	0.01939	0.05843	0.03158	0.18829	0.07994	0.02157	0.02284	0.01608	0.00874	0.00804	0.00254	0.00942	0.00753	0.00565	0.05930
21	0.02229	0.05060	0.13942	0.09187	0.05757	0.08285	0.12333	0.17225	0.02364	0.03201	0.01776	0.02094	0.01337	0.00854	0.00797	0.00246	0.01061	0.00735	0.10381	0.01135
22	0.02152	0.62909	0.12140	0.01540	0.02316	0.03117	0.01628	0.02506	0.01696	0.02039	0.01197	0.01385	0.01064	0.00721	0.00565	0.00188	0.00931	0.00465	0.00355	0.01086
23	0.02376	0.01846	0.07710	0.13699	0.24534	0.01648	0.01974	0.02928	0.04546	0.21104	0.02383	0.02544	0.04035	0.00907	0.00823	0.00254	0.00893	0.00795	0.00615	0.04388
24	0.02030	0.02112	0.02547	0.26273	0.18222	0.15093	0.01983	0.02453	0.01846	0.02330	0.01439	0.01933	0.01167	0.00811	0.00871	0.00236	0.04432	0.00657	0.00410	0.13154
25	0.03158	0.02327	0.02493	0.01911	0.02576	0.02576	0.01579	0.62852	0.03906	0.05236	0.01995	0.01995	0.01413	0.00997	0.00831	0.00249	0.00914	0.00748	0.00831	0.01413
26	0.01635	0.01160	0.01826	0.09851	0.02247	0.01177	0.13370	0.02106	0.01776	0.02887	0.02347	0.02813	0.01825	0.00896	0.00693	0.00222	0.00683	0.00812	0.50811	0.00863
27	0.02533	0.01861	0.02079	0.01682	0.02167	0.02062	0.01350	0.43299	0.03074	0.04149	0.02110	0.02631	0.01725	0.09579	0.15266	0.00538	0.01179	0.00827	0.00714	0.01174
28	0.02270	0.01619	0.01750	0.01438	0.01804	0.01752	0.01083	0.34265	0.02680	0.03628	0.02288	0.03474	0.02114	0.29878	0.02224	0.00477	0.00842	0.00940	0.04470	0.01004
29	0.01216	0.00822	0.01014	0.01092	0.01260	0.00778	0.00834	0.01515	0.01874	0.02641	0.16185	0.23240	0.13348	0.01967	0.00955	0.00295	0.00496	0.13799	0.15929	0.00738
30	0.15076	0.02060	0.02204	0.05154	0.02518	0.02283	0.01461	0.41704	0.06747	0.09684	0.02016	0.02032	0.01431	0.00962	0.00780	0.00254	0.00848	0.00717	0.00772	0.01298
31	0.01199	0.00842	0.01092	0.01092	0.01156	0.00906	0.00735	0.01327	0.01263	0.01748	0.02448	0.04495	0.02612	0.42832	0.31642	0.01035	0.01420	0.01070	0.00478	0.00607
32	0.00994	0.00796	0.00889	0.00964	0.01154	0.00691	0.00685	0.01178	0.01776	0.02196	0.06931	0.32088	0.42151	0.02297	0.01012	0.00303	0.00444	0.01989	0.00771	0.00691
33	0.01193	0.00867	0.01218	0.01218	0.01326	0.00975	0.00893	0.01408	0.01300	0.01842	0.02332	0.03856	0.02334	0.23830	0.50264	0.01191	0.01838	0.00977	0.00461	0.00677
34	0.11883	0.18538	0.11213	0.01997	0.06049	0.19194	0.01716	0.14954	0.02295	0.02994	0.01426	0.01608	0.01129	0.00826	0.00697	0.00227	0.01070	0.00569	0.00493	0.01125
35	0.02183	0.02335	0.03083	0.12014	0.33034	0.15850	0.07124	0.02608	0.01900	0.02415	0.01452	0.01948	0.01209	0.00849	0.01025	0.00259	0.08459	0.00715	0.00405	0.01133
36	0.01139	0.00790	0.00912	0.00956	0.00998	0.00764	0.00578	0.01195	0.01369	0.01795	0.03688	0.20534	0.10263	0.47842	0.03156	0.00642	0.00690	0.01530	0.00593	0.00564

[dist]
# distance from previous block
# <min> <max>
0	1

[block]
# block no. 2 follows, 22 sequences, length 7
# corresponding to MSA columns:
# 642-648
name=unknown_C
#
# <colnr> <probs for GDERKNQSTAVLIFYWHMCP>
#	G	D	E	R	K	N	Q	S	T	A	V	L	I	F	Y	W	H	M	C	P
0	0.01033	0.00732	0.00958	0.01130	0.01173	0.00689	0.00742	0.01162	0.01550	0.02066	0.04369	0.63319	0.05229	0.09908	0.01400	0.00388	0.00517	0.02238	0.00742	0.00656
1	0.01785	0.01829	0.02826	0.13955	0.06698	0.06985	0.15052	0.02188	0.01621	0.02193	0.01568	0.02274	0.01351	0.02108	0.15488	0.00518	0.19405	0.00805	0.00402	0.00949
2	0.01176	0.00837	0.01118	0.01140	0.01217	0.00902	0.00790	0.01334	0.01312	0.01821	0.02651	0.11714	0.02847	0.32122	0.34233	0.01007	0.01450	0.01186	0.00506	0.00637
3	0.02419	0.01120	0.01323	0.01135	0.01525	0.01078	0.00898	0.02989	0.08554	0.26778	0.02993	0.02996	0.02145	0.01007	0.00704	0.00227	0.00535	0.00815	0.39688	0.01071
4	0.02337	0.34584	0.03509	0.02408	0.15051	0.17117	0.01734	0.02628	0.01829	0.02130	0.01259	0.01570	0.01120	0.00833	0.00887	0.00221	0.08767	0.00556	0.00384	0.01076
5	0.01096	0.00809	0.00922	0.00947	0.01072	0.00746	0.00628	0.01242	0.01649	0.02133	0.13121	0.17567	0.24397	0.27478	0.02193	0.00481	0.00569	0.01624	0.00691	0.00635
6	0.01621	0.34635	0.02601	0.01245	0.01633	0.01969	0.01064	0.01826	0.01607	0.01988	0.02902	0.20915	0.07919	0.08620	0.05710	0.00371	0.00824	0.01175	0.00523	0.00853

[dist]
# distance from previous block
# <min> <max>
0	14

[block]
# block no. 3 follows, 22 sequences, length 21
# corresponding to MSA columns:
# 663-683
name=unknown_D
#
# <colnr> <probs for GDERKNQSTAVLIFYWHMCP>
#	G	D	E	R	K	N	Q	S	T	A	V	L	I	F	Y	W	H	M	C	P
0	0.02360	0.02917	0.16125	0.10647	0.14162	0.16071	0.07152	0.15108	0.02355	0.02996	0.01577	0.01895	0.01199	0.00836	0.00816	0.00250	0.01179	0.00691	0.00484	0.01180
1	0.02160	0.02361	0.03470	0.03525	0.23927	0.13409	0.19651	0.02601	0.01864	0.02434	0.01452	0.01964	0.01211	0.00896	0.01248	0.00275	0.15260	0.00772	0.00407	0.01115
2	0.01093	0.00788	0.00960	0.01046	0.01129	0.00753	0.00697	0.01219	0.01515	0.01978	0.04449	0.32528	0.14615	0.24797	0.06022	0.00540	0.00690	0.03884	0.00665	0.00631
3	0.17671	0.02804	0.30975	0.21417	0.03824	0.01899	0.05307	0.02445	0.01665	0.02719	0.01425	0.01825	0.01046	0.00793	0.00752	0.00267	0.01076	0.00633	0.00394	0.01064
4	0.01663	0.01705	0.06377	0.43122	0.19022	0.01788	0.02307	0.02210	0.01746	0.02327	0.01802	0.02897	0.01535	0.00960	0.00859	0.00280	0.01051	0.06914	0.00419	0.01015
5	0.02103	0.56994	0.17626	0.01624	0.02445	0.02997	0.01773	0.02518	0.01702	0.02099	0.01227	0.01423	0.01063	0.00728	0.00588	0.00196	0.00961	0.00480	0.00354	0.01101
6	0.01002	0.00835	0.00874	0.00879	0.01138	0.00707	0.00654	0.01225	0.01918	0.02338	0.13444	0.11502	0.56442	0.02096	0.00986	0.00282	0.00422	0.01766	0.00785	0.00707
7	0.01885	0.01908	0.01842	0.04940	0.02059	0.18979	0.01355	0.02160	0.01657	0.02118	0.01765	0.02430	0.01568	0.02947	0.25450	0.00653	0.15407	0.00742	0.09288	0.00847
8	0.01195	0.00842	0.01049	0.06529	0.01366	0.00862	0.00710	0.01272	0.01329	0.01765	0.02954	0.19387	0.03406	0.50112	0.03255	0.00659	0.00759	0.01423	0.00551	0.00575
9	0.23089	0.01048	0.01048	0.01011	0.01178	0.01140	0.00682	0.01598	0.01283	0.02262	0.02148	0.03994	0.02294	0.42858	0.10637	0.00709	0.00926	0.00951	0.00500	0.00646
10	0.02164	0.02215	0.02431	0.16404	0.15144	0.15735	0.01848	0.03208	0.22555	0.02659	0.02062	0.02304	0.01613	0.00954	0.00929	0.00265	0.05066	0.00762	0.00547	0.01136
11	0.01952	0.01466	0.01853	0.11957	0.06212	0.01610	0.01360	0.21639	0.02335	0.03219	0.02486	0.14315	0.02337	0.07459	0.07569	0.00413	0.00934	0.01078	0.08808	0.00996
12	0.01669	0.01795	0.05518	0.01850	0.10892	0.12975	0.01227	0.01989	0.04253	0.02159	0.03700	0.06961	0.17833	0.21504	0.01844	0.00417	0.00868	0.01151	0.00557	0.00836
13	0.02698	0.03088	0.02610	0.16088	0.03371	0.39953	0.06749	0.10820	0.02381	0.02523	0.01450	0.01773	0.01138	0.00857	0.00796	0.00237	0.01332	0.00642	0.00468	0.01027
14	0.01759	0.01929	0.09897	0.14353	0.35635	0.01711	0.02232	0.02295	0.01912	0.02694	0.11660	0.03058	0.02445	0.00987	0.00861	0.00262	0.00929	0.03755	0.00494	0.01131
15	0.23556	0.02287	0.15645	0.10910	0.27200	0.01918	0.02149	0.02485	0.01697	0.02921	0.01420	0.01808	0.01116	0.00770	0.00727	0.00257	0.00951	0.00630	0.00424	0.01131
16	0.01864	0.02097	0.10099	0.20631	0.22578	0.04794	0.02134	0.02782	0.14650	0.02645	0.02307	0.02611	0.05334	0.00937	0.00832	0.00264	0.00968	0.00818	0.00505	0.01148
17	0.01880	0.01924	0.02691	0.16206	0.25637	0.09219	0.05643	0.02286	0.01830	0.02361	0.02515	0.02917	0.11015	0.01062	0.01075	0.00270	0.09085	0.00885	0.00455	0.01045
18	0.01723	0.01620	0.02672	0.23976	0.36102	0.01714	0.02152	0.02183	0.01805	0.02445	0.02509	0.06481	0.09043	0.01030	0.00857	0.00265	0.00930	0.00947	0.00460	0.01088
19	0.07678	0.01329	0.01943	0.13774	0.21475	0.01389	0.01525	0.01906	0.01679	0.02448	0.02954	0.13943	0.09368	0.09142	0.01225	0.00331	0.00779	0.01142	0.05051	0.00919
20	0.02053	0.02066	0.02644	0.26720	0.24141	0.12221	0.02101	0.05118	0.07068	0.02546	0.01914	0.02332	0.03725	0.00884	0.00822	0.00257	0.01059	0.00762	0.00465	0.01101

[dist]
# distance from previous block
# <min> <max>
3	27

[block]
# block no. 4 follows, 22 sequences, length 10
# corresponding to MSA columns:
# 711-720
name=unknown_E
#
# <colnr> <probs for GDERKNQSTAVLIFYWHMCP>
#	G	D	E	R	K	N	Q	S	T	A	V	L	I	F	Y	W	H	M	C	P
0	0.02342	0.02780	0.18200	0.01841	0.02537	0.12871	0.01757	0.21335	0.05924	0.03406	0.02257	0.02367	0.05413	0.00970	0.00781	0.00237	0.00980	0.00738	0.07027	0.06239
1	0.08375	0.06322	0.02436	0.02976	0.28385	0.12627	0.01704	0.02293	0.01834	0.02481	0.02261	0.20071	0.02339	0.01258	0.00829	0.00262	0.00902	0.01095	0.00515	0.01034
2	0.01751	0.02065	0.06571	0.01688	0.02049	0.19688	0.05969	0.02059	0.01875	0.02185	0.03527	0.19077	0.13124	0.02214	0.09687	0.00416	0.01123	0.03511	0.00573	0.00848
3	0.01772	0.01401	0.01554	0.01773	0.11132	0.07791	0.01144	0.02324	0.08577	0.02703	0.02328	0.02782	0.01905	0.01909	0.11985	0.03886	0.00941	0.00780	0.32402	0.00910
4	0.01564	0.00965	0.01188	0.01102	0.01414	0.00895	0.00858	0.01820	0.01829	0.14381	0.05696	0.05679	0.35457	0.03057	0.19627	0.00572	0.00982	0.01336	0.00729	0.00849
5	0.02469	0.24529	0.03073	0.02330	0.12910	0.24845	0.01655	0.03118	0.12818	0.02373	0.01655	0.01818	0.01365	0.00838	0.00710	0.00220	0.01074	0.00611	0.00475	0.01116
6	0.30140	0.01781	0.02365	0.08200	0.31433	0.01930	0.01803	0.02636	0.07042	0.03116	0.01559	0.01892	0.01248	0.00792	0.00709	0.00256	0.00838	0.00648	0.00484	0.01129
7	0.02858	0.14831	0.02656	0.01950	0.02455	0.43081	0.01543	0.09825	0.08574	0.02515	0.01550	0.01685	0.01253	0.00874	0.00732	0.00219	0.01248	0.00584	0.00502	0.01065
8	0.13333	0.02417	0.17799	0.08395	0.12072	0.08313	0.01913	0.02321	0.01645	0.02493	0.01576	0.02275	0.01370	0.08934	0.06238	0.00403	0.06384	0.00705	0.00419	0.00996
9	0.01750	0.07298	0.17453	0.01514	0.02038	0.08005	0.01482	0.05491	0.02007	0.02837	0.14134	0.06709	0.02916	0.01412	0.04407	0.00297	0.00876	0.00918	0.17501	0.00955

[dist]
# distance from previous block
# <min> <max>
0	2

[block]
# block no. 5 follows, 22 sequences, length 6
# corresponding to MSA columns:
# 723-728
name=unknown_F
#
# <colnr> <probs for GDERKNQSTAVLIFYWHMCP>
#	G	D	E	R	K	N	Q	S	T	A	V	L	I	F	Y	W	H	M	C	P
0	0.21581	0.06155	0.02270	0.12847	0.16728	0.01892	0.01623	0.02459	0.01677	0.08207	0.01623	0.01990	0.01275	0.00884	0.00907	0.00258	0.08185	0.00655	0.07745	0.01040
1	0.05257	0.01288	0.01402	0.10811	0.02014	0.05375	0.01063	0.07883	0.01873	0.02726	0.02826	0.07055	0.07441	0.08896	0.08376	0.00418	0.00876	0.00964	0.22625	0.00834
2	0.01584	0.01507	0.01528	0.07372	0.02042	0.10298	0.01077	0.01858	0.01788	0.02317	0.03339	0.23674	0.11138	0.01481	0.00840	0.00237	0.00716	0.01266	0.00596	0.25341
3	0.01880	0.02038	0.08244	0.02092	0.08935	0.11921	0.01603	0.08365	0.01856	0.02444	0.01823	0.02467	0.01593	0.03359	0.31496	0.00751	0.06939	0.00764	0.00463	0.00968
4	0.05628	0.01815	0.02094	0.02438	0.19373	0.08695	0.01502	0.10133	0.07755	0.07167	0.02898	0.08928	0.08101	0.01163	0.00816	0.00254	0.00807	0.00978	0.08351	0.01104
5	0.14901	0.07732	0.07856	0.02411	0.16416	0.14806	0.01691	0.05715	0.01907	0.02738	0.01484	0.01835	0.01231	0.01339	0.07588	0.00339	0.01132	0.00610	0.00456	0.07813

[dist]
# distance from previous block
# <min> <max>
6	21

[block]
# block no. 6 follows, 22 sequences, length 46
# corresponding to MSA columns:
# 750-795
name=unknown_G
#
# <colnr> <probs for GDERKNQSTAVLIFYWHMCP>
#	G	D	E	R	K	N	Q	S	T	A	V	L	I	F	Y	W	H	M	C	P
0	0.02187	0.02276	0.02743	0.09984	0.27162	0.16339	0.04760	0.05913	0.05121	0.02596	0.02174	0.02503	0.06792	0.00963	0.00936	0.00255	0.04888	0.00803	0.00484	0.01119
1	0.01900	0.02514	0.14938	0.23098	0.12278	0.14308	0.05146	0.02419	0.01850	0.02311	0.01837	0.10151	0.01653	0.01022	0.00841	0.00265	0.01128	0.00883	0.00433	0.01023
2	0.01378	0.01264	0.01339	0.01302	0.01477	0.08059	0.00977	0.01604	0.01737	0.02220	0.12107	0.15927	0.18110	0.06500	0.14526	0.00527	0.08175	0.01386	0.00631	0.00754
3	0.02221	0.02739	0.08721	0.01809	0.02272	0.29387	0.01506	0.03007	0.16341	0.02480	0.02978	0.08885	0.08736	0.01265	0.00847	0.00261	0.01039	0.03899	0.00598	0.01010
4	0.01754	0.05535	0.02134	0.02272	0.16077	0.08176	0.01472	0.05341	0.01829	0.02368	0.03040	0.03451	0.14163	0.02632	0.19649	0.00561	0.07136	0.00945	0.00510	0.00954
5	0.01681	0.23869	0.32887	0.01738	0.02596	0.02066	0.02022	0.02264	0.01765	0.02339	0.02944	0.03027	0.15477	0.01061	0.00755	0.00241	0.00944	0.00818	0.00447	0.01060
6	0.02426	0.12671	0.11707	0.02711	0.18613	0.23645	0.01950	0.02841	0.02006	0.05546	0.01482	0.01738	0.01193	0.00785	0.00736	0.00218	0.01129	0.00597	0.00438	0.07569
7	0.05485	0.18634	0.09183	0.01612	0.02125	0.16680	0.01430	0.08735	0.02051	0.02600	0.02121	0.15307	0.02064	0.01182	0.00748	0.00239	0.00929	0.00924	0.06966	0.00987
8	0.02339	0.17716	0.14811	0.02107	0.02678	0.25657	0.04932	0.02721	0.01868	0.02152	0.01277	0.01611	0.01080	0.00924	0.01115	0.00248	0.14758	0.00591	0.00385	0.01031
9	0.01446	0.20535	0.01869	0.01046	0.01309	0.01478	0.00800	0.01583	0.01538	0.01925	0.06823	0.04821	0.14658	0.34181	0.02391	0.00499	0.00732	0.01115	0.00536	0.00714
10	0.01640	0.00969	0.01127	0.01026	0.01370	0.00829	0.00790	0.01891	0.02038	0.17175	0.12850	0.09688	0.41791	0.01838	0.00952	0.00276	0.00487	0.01545	0.00846	0.00874
11	0.01261	0.01018	0.01154	0.01183	0.01432	0.01004	0.00900	0.01913	0.14192	0.02547	0.08860	0.21098	0.28472	0.02027	0.00994	0.00306	0.00526	0.09490	0.00792	0.00830
12	0.02613	0.01901	0.02049	0.01630	0.02109	0.02081	0.01278	0.45609	0.03151	0.04222	0.02169	0.02957	0.01862	0.20524	0.01781	0.00405	0.00884	0.00877	0.00739	0.01158
13	0.01930	0.01747	0.02200	0.01793	0.02144	0.02025	0.01470	0.07633	0.08273	0.02672	0.01538	0.01937	0.01317	0.01104	0.01668	0.00266	0.33473	0.00674	0.00498	0.25641
14	0.01363	0.01150	0.01673	0.01572	0.01679	0.01460	0.01256	0.01628	0.01318	0.01948	0.01908	0.02859	0.01801	0.04894	0.49390	0.01063	0.20983	0.00844	0.00422	0.00788
15	0.00996	0.00785	0.00900	0.00992	0.01162	0.00689	0.00698	0.01175	0.01749	0.02185	0.06581	0.37761	0.36703	0.02342	0.01019	0.00308	0.00450	0.02044	0.00771	0.00689
16	0.11467	0.01434	0.01853	0.01437	0.02066	0.01289	0.01187	0.03878	0.02275	0.59569	0.03052	0.02671	0.01934	0.01001	0.00801	0.00257	0.00700	0.00795	0.00974	0.01359
17	0.01187	0.00890	0.01335	0.01335	0.01483	0.01038	0.01038	0.01483	0.01335	0.01928	0.02225	0.03264	0.02077	0.06231	0.67512	0.01335	0.02225	0.00890	0.00445	0.00742
18	0.02555	0.02305	0.02105	0.01802	0.02298	0.15450	0.01429	0.25158	0.20917	0.03651	0.02650	0.02869	0.04589	0.01371	0.04132	0.00313	0.00995	0.03485	0.00728	0.01199
19	0.01937	0.01943	0.03470	0.03546	0.27576	0.01851	0.22229	0.02456	0.01845	0.02658	0.01558	0.02031	0.01267	0.00736	0.00927	0.00236	0.04569	0.00764	0.00430	0.17971
20	0.01049	0.00756	0.01002	0.01185	0.01262	0.00709	0.00831	0.01225	0.01643	0.02170	0.04747	0.60031	0.08363	0.02542	0.01067	0.00340	0.00512	0.09109	0.00770	0.00687
21	0.01929	0.02498	0.13183	0.03487	0.09626	0.02066	0.49193	0.02647	0.01926	0.02662	0.01644	0.02158	0.01237	0.00716	0.00940	0.00275	0.01341	0.00909	0.00410	0.01152
22	0.02803	0.22560	0.02934	0.01921	0.02430	0.41011	0.01561	0.08146	0.02253	0.02285	0.01300	0.01509	0.01099	0.00854	0.00785	0.00214	0.04330	0.00537	0.00439	0.01028
23	0.02758	0.09879	0.09272	0.01832	0.02497	0.08765	0.01636	0.39051	0.03106	0.04116	0.01845	0.01945	0.01366	0.00929	0.00765	0.00235	0.00956	0.00683	0.07105	0.01258
24	0.01037	0.00798	0.00949	0.01009	0.01181	0.00710	0.00719	0.01263	0.01880	0.02441	0.19683	0.31570	0.29364	0.02205	0.01012	0.00298	0.00438	0.01931	0.00803	0.00710
25	0.01033	0.00732	0.00958	0.01130	0.01173	0.00689	0.00743	0.01162	0.01550	0.02067	0.04372	0.63433	0.05234	0.09788	0.01394	0.00387	0.00516	0.02240	0.00743	0.00657
26	0.01763	0.03229	0.36786	0.10167	0.04106	0.01983	0.24830	0.02585	0.01820	0.02585	0.01559	0.01984	0.01135	0.00761	0.00864	0.00271	0.01278	0.00762	0.00378	0.01154
27	0.01196	0.00855	0.01155	0.01155	0.01241	0.00941	0.00814	0.01368	0.01282	0.01795	0.02390	0.04176	0.02473	0.33335	0.40950	0.01113	0.01629	0.01024	0.00470	0.00642
28	0.01187	0.00890	0.01335	0.01335	0.01483	0.01038	0.01038	0.01483	0.01335	0.01928	0.02225	0.03264	0.02077	0.06231	0.67512	0.01335	0.02225	0.00890	0.00445	0.00742
29	0.01108	0.00846	0.01040	0.01157	0.01343	0.00778	0.00904	0.01357	0.01815	0.02290	0.06014	0.25867	0.28557	0.02307	0.01059	0.00330	0.00552	0.21191	0.00769	0.00715
30	0.01723	0.01477	0.01723	0.01230	0.01969	0.01107	0.00984	0.02092	0.01723	0.02707	0.01477	0.01723	0.01230	0.00615	0.00615	0.00123	0.00615	0.00492	0.00492	0.75883
31	0.02243	0.02229	0.02220	0.02081	0.08884	0.18029	0.01489	0.02722	0.07216	0.05524	0.01621	0.01890	0.01327	0.00898	0.01069	0.00221	0.12852	0.00625	0.00501	0.26359
32	0.22528	0.01392	0.01548	0.01853	0.12924	0.04312	0.01159	0.01937	0.01614	0.02621	0.02854	0.10976	0.07835	0.15128	0.01482	0.00386	0.00752	0.07291	0.00565	0.00844
33	0.27708	0.02429	0.02291	0.05769	0.21965	0.21820	0.01691	0.02727	0.01859	0.02824	0.01336	0.01654	0.01090	0.00790	0.00696	0.00242	0.01031	0.00579	0.00449	0.01049
34	0.01261	0.00903	0.01124	0.01139	0.01349	0.00937	0.00893	0.01655	0.04454	0.02371	0.04233	0.05175	0.18810	0.03453	0.26537	0.00682	0.01161	0.08109	0.14988	0.00766
35	0.16966	0.02160	0.01823	0.01598	0.02044	0.21496	0.01256	0.06166	0.02042	0.17385	0.01966	0.02190	0.01504	0.02058	0.15275	0.00478	0.01277	0.00677	0.00609	0.01032
36	0.02337	0.02273	0.02520	0.03073	0.28126	0.16565	0.01801	0.13575	0.02327	0.02954	0.02275	0.02635	0.06898	0.04070	0.00961	0.00265	0.01001	0.00805	0.04401	0.01137
37	0.05105	0.01159	0.01349	0.07052	0.04822	0.01183	0.01017	0.02034	0.13213	0.02656	0.12989	0.05628	0.31501	0.05381	0.01090	0.00304	0.00578	0.01343	0.00724	0.00871
38	0.02333	0.02177	0.01911	0.01634	0.02095	0.16515	0.01259	0.17678	0.16830	0.03191	0.02855	0.03113	0.08480	0.08486	0.01174	0.00300	0.00897	0.00877	0.00674	0.07522
39	0.05230	0.01275	0.01645	0.01863	0.14092	0.01242	0.01110	0.04991	0.01665	0.02536	0.02092	0.03285	0.02002	0.24231	0.05550	0.00463	0.00827	0.00850	0.10691	0.14361
40	0.01145	0.00845	0.01154	0.08287	0.01636	0.00877	0.00893	0.01312	0.01464	0.01960	0.03439	0.37527	0.03954	0.21408	0.09701	0.00576	0.00841	0.01703	0.00617	0.00662
41	0.01821	0.26692	0.06242	0.18213	0.13685	0.02189	0.01785	0.02231	0.01749	0.02292	0.05166	0.07952	0.01910	0.00975	0.00738	0.00236	0.00893	0.00809	0.03399	0.01022
42	0.02210	0.09515	0.03604	0.04000	0.39563	0.05806	0.12502	0.07790	0.02081	0.02804	0.01561	0.01975	0.01275	0.00759	0.00815	0.00243	0.01069	0.00739	0.00444	0.01245
43	0.02538	0.09623	0.02692	0.02338	0.07831	0.35941	0.01733	0.02771	0.01922	0.02074	0.01237	0.01627	0.01097	0.01014	0.01335	0.00259	0.21980	0.00602	0.00400	0.00987
44	0.05135	0.01703	0.08524	0.17893	0.17460	0.01594	0.01835	0.01990	0.01717	0.02400	0.03152	0.10372	0.14329	0.01296	0.01027	0.00282	0.06730	0.01084	0.00506	0.00972
45	0.02156	0.01552	0.02299	0.02924	0.27936	0.01545	0.01679	0.05936	0.08006	0.14418	0.02848	0.19754	0.02644	0.01321	0.00888	0.00275	0.00771	0.01192	0.00681	0.01175

[dist]
# distance from previous block
# <min> <max>
7	12

[block]
# block no. 7 follows, 22 sequences, length 16
# corresponding to MSA columns:
# 809-824
name=unknown_H
#
# <colnr> <probs for GDERKNQSTAVLIFYWHMCP>
#	G	D	E	R	K	N	Q	S	T	A	V	L	I	F	Y	W	H	M	C	P
0	0.01990	0.29630	0.03302	0.21993	0.07816	0.06017	0.01847	0.02341	0.01656	0.02072	0.01276	0.01743	0.01101	0.00887	0.01041	0.00247	0.13056	0.00608	0.00369	0.01008
1	0.01485	0.00979	0.01218	0.04142	0.01486	0.01069	0.00890	0.06572	0.01666	0.02524	0.02404	0.03470	0.02175	0.16040	0.25500	0.00730	0.01206	0.00894	0.24782	0.00770
2	0.11534	0.15943	0.02586	0.01887	0.02377	0.48126	0.01489	0.03064	0.02123	0.02217	0.01246	0.01451	0.01049	0.00820	0.00682	0.00212	0.01287	0.00509	0.00425	0.00974
3	0.01030	0.00830	0.00923	0.00968	0.01194	0.00723	0.00724	0.01256	0.01875	0.02320	0.11509	0.18959	0.45701	0.02178	0.01009	0.00297	0.00457	0.06557	0.00781	0.00708
4	0.26571	0.04836	0.01310	0.01050	0.01421	0.01472	0.00841	0.09127	0.01854	0.03421	0.02030	0.02417	0.01630	0.04324	0.00764	0.00250	0.00579	0.00668	0.34543	0.00891
5	0.07824	0.20685	0.06534	0.01758	0.05763	0.06458	0.01482	0.06193	0.02138	0.30106	0.02166	0.02089	0.01514	0.00882	0.00723	0.00232	0.00862	0.00661	0.00688	0.01239
6	0.01948	0.06373	0.16839	0.01643	0.02203	0.17768	0.01555	0.02369	0.02046	0.06619	0.12496	0.07674	0.14514	0.01309	0.00849	0.00253	0.00921	0.01051	0.00603	0.00967
7	0.06497	0.01060	0.01195	0.01149	0.01411	0.01099	0.00860	0.02180	0.12094	0.07191	0.03792	0.12976	0.12540	0.05775	0.08818	0.04153	0.00741	0.01189	0.14427	0.00856
8	0.01686	0.01187	0.01361	0.01251	0.01578	0.01184	0.00954	0.08589	0.12495	0.08837	0.16004	0.17491	0.20576	0.01746	0.00944	0.00282	0.00545	0.01496	0.00840	0.00954
9	0.02637	0.02857	0.02597	0.02926	0.21332	0.31668	0.01838	0.10934	0.06830	0.02758	0.01654	0.01924	0.01339	0.01099	0.03762	0.00283	0.01240	0.00669	0.00507	0.01143
10	0.02160	0.02598	0.21861	0.06504	0.03021	0.01904	0.05573	0.15835	0.09637	0.06419	0.01920	0.02073	0.01405	0.00852	0.00789	0.00238	0.00956	0.00700	0.00578	0.14976
11	0.02295	0.03281	0.20419	0.02924	0.11697	0.21746	0.17283	0.05690	0.02107	0.02593	0.01509	0.01850	0.01162	0.00791	0.00831	0.00250	0.01305	0.00704	0.00422	0.01142
12	0.27701	0.10125	0.06771	0.01803	0.05528	0.06112	0.01499	0.14859	0.02085	0.06184	0.01467	0.01673	0.01140	0.00905	0.00900	0.00256	0.08762	0.00591	0.00544	0.01096
13	0.02619	0.11239	0.02534	0.01987	0.05208	0.21807	0.01544	0.02880	0.01983	0.15390	0.05973	0.02176	0.01748	0.01073	0.01250	0.00260	0.18002	0.00708	0.00559	0.01060
14	0.01308	0.04256	0.01277	0.01111	0.01357	0.00999	0.00826	0.01711	0.06022	0.02583	0.17973	0.20131	0.11477	0.06966	0.05071	0.00363	0.00616	0.01435	0.06871	0.07646
15	0.01413	0.11053	0.04726	0.05815	0.01805	0.01322	0.01097	0.04605	0.01791	0.02337	0.08648	0.25214	0.10383	0.11202	0.01368	0.00357	0.00684	0.04734	0.00643	0.00803

[dist]
# distance from previous block
# <min> <max>
34	67

[block]
# block no. 8 follows, 22 sequences, length 9
# corresponding to MSA columns:
# 906-914
name=unknown_I
#
# <colnr> <probs for GDERKNQSTAVLIFYWHMCP>
#	G	D	E	R	K	N	Q	S	T	A	V	L	I	F	Y	W	H	M	C	P
0	0.06083	0.01875	0.02557	0.06770	0.34084	0.07186	0.01920	0.02673	0.08574	0.05528	0.02191	0.02546	0.04609	0.01471	0.08021	0.00370	0.01075	0.00799	0.00512	0.01156
1	0.07583	0.02148	0.02807	0.03726	0.39721	0.08853	0.02064	0.07123	0.12202	0.03015	0.01831	0.02113	0.01466	0.00836	0.00797	0.00250	0.00957	0.00731	0.00520	0.01256
2	0.02243	0.07048	0.05064	0.03261	0.30300	0.15135	0.01965	0.03026	0.13776	0.02668	0.01817	0.02061	0.01467	0.00828	0.00778	0.00235	0.01004	0.00696	0.00496	0.06130
3	0.10522	0.02580	0.09273	0.16767	0.23503	0.18680	0.02128	0.02654	0.01895	0.02522	0.01421	0.01836	0.01136	0.00797	0.00767	0.00247	0.01129	0.00642	0.00412	0.01089
4	0.02381	0.21472	0.05861	0.07648	0.08818	0.02092	0.09221	0.02925	0.05748	0.17918	0.06257	0.02404	0.01902	0.00894	0.00775	0.00240	0.00903	0.00767	0.00600	0.01172
5	0.18742	0.06543	0.02131	0.04920	0.13453	0.01963	0.01435	0.09099	0.17886	0.03262	0.02806	0.02857	0.09512	0.01045	0.00760	0.00259	0.00745	0.00833	0.00628	0.01122
6	0.02225	0.08939	0.02390	0.02458	0.18727	0.07068	0.01594	0.06184	0.02118	0.13044	0.06973	0.09736	0.02801	0.01302	0.00875	0.00270	0.00845	0.10696	0.00659	0.01096
7	0.07773	0.02410	0.07272	0.01734	0.02286	0.15794	0.01459	0.13479	0.20588	0.07415	0.02903	0.02828	0.08307	0.01090	0.00808	0.00257	0.00904	0.00837	0.00694	0.01163
8	0.02299	0.01859	0.02596	0.02355	0.09401	0.02142	0.06693	0.18277	0.02230	0.08816	0.02093	0.02439	0.04833	0.01479	0.05542	0.00358	0.24044	0.00830	0.00584	0.01129

[dist]
# distance from previous block
# <min> <max>
2	5

[block]
# block no. 9 follows, 22 sequences, length 26
# corresponding to MSA columns:
# 920-945
name=unknown_J
#
# <colnr> <probs for GDERKNQSTAVLIFYWHMCP>
#	G	D	E	R	K	N	Q	S	T	A	V	L	I	F	Y	W	H	M	C	P
0	0.02158	0.14104	0.06135	0.06075	0.24370	0.11600	0.01875	0.07579	0.02069	0.02616	0.02196	0.02446	0.07934	0.00918	0.00768	0.00230	0.00979	0.00748	0.00476	0.04723
1	0.02326	0.01686	0.01932	0.04983	0.02230	0.01776	0.01286	0.32898	0.02800	0.06357	0.02639	0.18971	0.02497	0.05176	0.01053	0.00291	0.00774	0.01148	0.00750	0.08429
2	0.02040	0.01480	0.01663	0.01464	0.01789	0.01578	0.01100	0.29754	0.02598	0.03477	0.03046	0.27543	0.03180	0.13522	0.01496	0.00377	0.00738	0.01417	0.00753	0.00987
3	0.01159	0.00811	0.00932	0.00943	0.01003	0.00793	0.00581	0.01232	0.01387	0.01825	0.06093	0.10189	0.12413	0.49764	0.06877	0.00704	0.00788	0.01361	0.00574	0.00568
4	0.01539	0.01317	0.01783	0.20927	0.02823	0.01308	0.01306	0.01868	0.01577	0.02256	0.01877	0.07073	0.01806	0.14101	0.01493	0.00323	0.04155	0.00833	0.00470	0.31164
5	0.01088	0.00755	0.00942	0.01060	0.01090	0.00725	0.00668	0.01177	0.01443	0.01924	0.03823	0.45280	0.04541	0.28886	0.02281	0.00518	0.00607	0.01917	0.00668	0.00609
6	0.05624	0.14897	0.01898	0.01309	0.01579	0.01515	0.01070	0.01718	0.01401	0.02013	0.01980	0.02922	0.01875	0.09264	0.46121	0.01009	0.01774	0.00799	0.00435	0.00799
7	0.17811	0.09701	0.02596	0.02325	0.10800	0.35466	0.04987	0.02919	0.02014	0.02496	0.01305	0.01567	0.01078	0.00800	0.00703	0.00227	0.01191	0.00561	0.00436	0.01016
8	0.01187	0.00890	0.01335	0.01335	0.01483	0.01038	0.01038	0.01483	0.01335	0.01928	0.02225	0.03264	0.02077	0.06231	0.67512	0.01335	0.02225	0.00890	0.00445	0.00742
9	0.02384	0.01942	0.02057	0.01755	0.02281	0.02215	0.01392	0.21402	0.46617	0.03987	0.02978	0.02778	0.02209	0.01089	0.00841	0.00272	0.00732	0.00884	0.00841	0.01343
10	0.02943	0.02220	0.02372	0.01868	0.02494	0.02476	0.01527	0.51365	0.15743	0.04890	0.02267	0.02212	0.01634	0.01023	0.00834	0.00256	0.00864	0.00786	0.00834	0.01394
11	0.03158	0.02327	0.02493	0.01911	0.02576	0.02576	0.01579	0.62852	0.03906	0.05236	0.01995	0.01995	0.01413	0.00997	0.00831	0.00249	0.00914	0.00748	0.00831	0.01413
12	0.01893	0.31690	0.41094	0.01981	0.02997	0.02484	0.02396	0.02572	0.01727	0.02354	0.01354	0.01582	0.01058	0.00757	0.00685	0.00228	0.01089	0.00545	0.00353	0.01162
13	0.01885	0.26778	0.38983	0.02166	0.03178	0.02407	0.08762	0.02586	0.01753	0.02405	0.01397	0.01662	0.01079	0.00753	0.00723	0.00236	0.01131	0.00595	0.00360	0.01162
14	0.03154	0.02434	0.02484	0.01926	0.02576	0.06838	0.01581	0.58942	0.03804	0.05025	0.01948	0.01962	0.01390	0.00988	0.00826	0.00247	0.00953	0.00734	0.00805	0.01383
15	0.01813	0.16541	0.02294	0.01526	0.01850	0.07468	0.01267	0.05051	0.04997	0.02574	0.18670	0.03316	0.05347	0.01875	0.09265	0.00390	0.13319	0.00923	0.00584	0.00931
16	0.01271	0.00928	0.01245	0.01380	0.01583	0.00901	0.01177	0.01632	0.01963	0.02557	0.12330	0.08803	0.13185	0.02197	0.01105	0.00354	0.00674	0.45170	0.00784	0.00759
17	0.03003	0.02213	0.02366	0.01840	0.02468	0.02452	0.01512	0.55818	0.07949	0.05009	0.02125	0.02125	0.01526	0.01005	0.00820	0.00249	0.00870	0.00762	0.04513	0.01375
18	0.01208	0.00805	0.00906	0.00906	0.00906	0.00805	0.00503	0.01208	0.01208	0.01611	0.02618	0.05436	0.03020	0.70804	0.04228	0.00805	0.00805	0.01208	0.00503	0.00503
19	0.03010	0.02216	0.02388	0.01859	0.02482	0.02445	0.01523	0.58600	0.03746	0.05021	0.02173	0.06700	0.01694	0.01108	0.00847	0.00255	0.00884	0.00859	0.00827	0.01362
20	0.02318	0.02484	0.03119	0.04100	0.43401	0.18651	0.05299	0.02841	0.05018	0.02575	0.01586	0.01974	0.01309	0.00786	0.00813	0.00242	0.01122	0.00710	0.00437	0.01216
21	0.01208	0.00805	0.00906	0.00906	0.00906	0.00805	0.00503	0.01208	0.01208	0.01611	0.02618	0.05436	0.03020	0.70804	0.04228	0.00805	0.00805	0.01208	0.00503	0.00503
22	0.01033	0.00732	0.00958	0.01130	0.01174	0.00688	0.00743	0.01162	0.01550	0.02067	0.04373	0.63456	0.05235	0.09763	0.01393	0.00387	0.00516	0.02241	0.00743	0.00657
23	0.01733	0.01512	0.01808	0.01329	0.01991	0.01257	0.01071	0.02082	0.01676	0.02633	0.01436	0.01733	0.01216	0.00702	0.00835	0.00148	0.07751	0.00517	0.00479	0.68092
24	0.02046	0.06383	0.34031	0.02092	0.02902	0.18585	0.02233	0.02864	0.08341	0.02465	0.01698	0.01970	0.01319	0.01409	0.07779	0.00362	0.01328	0.00650	0.00432	0.01112
25	0.02257	0.02298	0.02476	0.01994	0.02457	0.18536	0.10061	0.08764	0.02058	0.02694	0.01564	0.01930	0.01280	0.00930	0.01135	0.00236	0.14457	0.00675	0.08342	0.15857

[dist]
# distance from previous block
# <min> <max>
0	103

[block]
# block no. 10 follows, 22 sequences, length 15
# corresponding to MSA columns:
# 1049-1063
name=unknown_K
#
# <colnr> <probs for GDERKNQSTAVLIFYWHMCP>
#	G	D	E	R	K	N	Q	S	T	A	V	L	I	F	Y	W	H	M	C	P
0	0.01773	0.02397	0.16765	0.25207	0.07701	0.01974	0.27110	0.02469	0.01814	0.02477	0.01567	0.02122	0.01169	0.00764	0.00883	0.00274	0.01246	0.00812	0.00388	0.01086
1	0.02903	0.03610	0.02450	0.07260	0.08122	0.57145	0.01736	0.03165	0.02265	0.02097	0.01322	0.01598	0.01094	0.00844	0.00761	0.00221	0.01426	0.00567	0.00422	0.00990
2	0.02004	0.02286	0.11848	0.04732	0.57294	0.01968	0.02619	0.02560	0.01873	0.02703	0.01553	0.02016	0.01281	0.00747	0.00818	0.00249	0.01019	0.00723	0.00403	0.01304
3	0.00982	0.00842	0.00842	0.00842	0.01122	0.00701	0.00631	0.01192	0.01894	0.02244	0.08416	0.07995	0.65285	0.02104	0.00982	0.00281	0.00421	0.01753	0.00771	0.00701
4	0.01208	0.00805	0.00906	0.00906	0.00906	0.00805	0.00503	0.01208	0.01208	0.01611	0.02618	0.05436	0.03020	0.70804	0.04228	0.00805	0.00805	0.01208	0.00503	0.00503
5	0.02718	0.01842	0.02127	0.07378	0.02578	0.02017	0.01458	0.21814	0.27140	0.17605	0.02778	0.02631	0.01971	0.01041	0.00838	0.00266	0.00784	0.00842	0.00841	0.01333
6	0.01187	0.00802	0.00931	0.00942	0.00965	0.00791	0.00555	0.01238	0.01353	0.01823	0.08827	0.11378	0.03709	0.57968	0.03628	0.00711	0.00736	0.01341	0.00567	0.00546
7	0.02056	0.01974	0.03372	0.05099	0.65622	0.01974	0.02550	0.02550	0.01892	0.02714	0.01563	0.02056	0.01316	0.00740	0.00822	0.00247	0.00987	0.00740	0.00411	0.01316
8	0.02208	0.08810	0.08764	0.03876	0.37956	0.13293	0.08120	0.02693	0.01947	0.02517	0.01483	0.01888	0.01224	0.00758	0.00796	0.00239	0.01126	0.00691	0.00405	0.01207
9	0.02372	0.02678	0.03106	0.03505	0.28592	0.26012	0.11794	0.02790	0.02101	0.02493	0.05373	0.02135	0.01616	0.00835	0.00831	0.00241	0.01205	0.00750	0.00450	0.01122
10	0.01837	0.01755	0.02852	0.03751	0.40577	0.01745	0.07476	0.02493	0.08579	0.02699	0.03116	0.03353	0.14023	0.01046	0.00871	0.00260	0.00878	0.00983	0.00529	0.01177
11	0.01846	0.01707	0.02902	0.14863	0.41600	0.01776	0.05053	0.02332	0.01790	0.02563	0.01705	0.02289	0.01415	0.01323	0.07528	0.00359	0.01107	0.00769	0.05930	0.01144
12	0.15912	0.02122	0.08604	0.02899	0.25562	0.06610	0.01862	0.02395	0.01723	0.02733	0.01609	0.06445	0.01448	0.00944	0.00940	0.00253	0.07710	0.00742	0.00454	0.09032
13	0.01878	0.08881	0.13534	0.02385	0.15326	0.08124	0.01795	0.06650	0.01883	0.02531	0.01981	0.08358	0.01808	0.02176	0.15647	0.00488	0.01270	0.00852	0.03391	0.01042
14	0.02477	0.02249	0.09713	0.02656	0.14905	0.06663	0.10118	0.13330	0.04943	0.14537	0.02285	0.08353	0.01842	0.01030	0.00861	0.00263	0.00985	0.00918	0.00642	0.01230

[dist]
# distance from previous block
# <min> <max>
9	38

[block]
# block no. 11 follows, 22 sequences, length 14
# corresponding to MSA columns:
# 1103-1116
name=unknown_L
#
# <colnr> <probs for GDERKNQSTAVLIFYWHMCP>
#	G	D	E	R	K	N	Q	S	T	A	V	L	I	F	Y	W	H	M	C	P
0	0.02200	0.06102	0.02451	0.08292	0.14339	0.02039	0.01665	0.23264	0.02411	0.03333	0.01849	0.02278	0.01494	0.01887	0.12941	0.00446	0.05420	0.00753	0.05702	0.01133
1	0.01565	0.03022	0.39378	0.02150	0.02988	0.01641	0.10659	0.02245	0.01657	0.02393	0.01923	0.06371	0.01722	0.12990	0.05347	0.00424	0.01198	0.00879	0.00415	0.01031
2	0.01874	0.01435	0.01611	0.01621	0.06087	0.05570	0.01163	0.10926	0.05944	0.08414	0.12674	0.15856	0.14903	0.01662	0.00941	0.00283	0.00677	0.06606	0.00779	0.00974
3	0.04611	0.01186	0.01437	0.01248	0.01608	0.01111	0.00935	0.02279	0.05414	0.16933	0.03254	0.16219	0.07024	0.14444	0.01553	0.00358	0.03524	0.01182	0.00705	0.14976
4	0.02251	0.14714	0.02287	0.01481	0.01990	0.02010	0.01233	0.26589	0.02561	0.03515	0.02220	0.10610	0.01977	0.01448	0.05100	0.00299	0.00847	0.00883	0.10200	0.07785
5	0.02159	0.03481	0.28314	0.10811	0.09109	0.24153	0.02348	0.02747	0.01942	0.02344	0.01455	0.01813	0.01130	0.01030	0.03451	0.00290	0.01322	0.00625	0.00389	0.01088
6	0.16099	0.01747	0.02597	0.19361	0.29813	0.01945	0.02038	0.02350	0.01674	0.02690	0.01413	0.01922	0.01160	0.00836	0.00952	0.00263	0.07928	0.00673	0.00419	0.04118
7	0.04459	0.10056	0.02338	0.01735	0.05147	0.01472	0.12535	0.02081	0.01866	0.08754	0.12081	0.04381	0.15649	0.12242	0.01399	0.00343	0.00785	0.01135	0.00629	0.00914
8	0.11428	0.01974	0.01853	0.02017	0.11242	0.16342	0.01320	0.08954	0.04537	0.02824	0.02393	0.17649	0.02370	0.05180	0.00998	0.00291	0.00872	0.01064	0.05727	0.00966
9	0.06141	0.02707	0.18560	0.02617	0.12515	0.13475	0.09612	0.02487	0.01786	0.02439	0.01588	0.02080	0.01308	0.01836	0.13424	0.00460	0.04786	0.00714	0.00410	0.01055
10	0.01699	0.01527	0.02137	0.02031	0.11351	0.01434	0.07520	0.07359	0.01991	0.02738	0.03703	0.03818	0.21298	0.01197	0.00955	0.00234	0.05193	0.01011	0.00582	0.22223
11	0.02371	0.01894	0.02305	0.04950	0.11628	0.01897	0.01523	0.29048	0.02707	0.03779	0.01849	0.04802	0.01498	0.00896	0.00769	0.00213	0.00817	0.00731	0.00637	0.25687
12	0.02086	0.01898	0.01828	0.01638	0.02052	0.10577	0.01276	0.10762	0.31433	0.03113	0.03168	0.03214	0.07724	0.02083	0.12870	0.00459	0.01064	0.00925	0.00709	0.01122
13	0.23360	0.19971	0.07616	0.02306	0.13797	0.02227	0.08658	0.02656	0.01745	0.08465	0.01504	0.01737	0.01174	0.00766	0.00677	0.00238	0.00904	0.00608	0.00478	0.01113

[dist]
# distance from previous block
# <min> <max>
17	58

[block]
# block no. 12 follows, 22 sequences, length 10
# corresponding to MSA columns:
# 1178-1187
name=unknown_M
#
# <colnr> <probs for GDERKNQSTAVLIFYWHMCP>
#	G	D	E	R	K	N	Q	S	T	A	V	L	I	F	Y	W	H	M	C	P
0	0.02056	0.01974	0.03372	0.05099	0.65622	0.01974	0.02550	0.02550	0.01892	0.02714	0.01563	0.02056	0.01316	0.00740	0.00822	0.00247	0.00987	0.00740	0.00411	0.01316
1	0.01610	0.01533	0.02500	0.57834	0.05138	0.01961	0.02226	0.02102	0.01597	0.02102	0.01413	0.02149	0.01105	0.00933	0.01143	0.00291	0.12337	0.00736	0.00368	0.00921
2	0.03149	0.02596	0.02470	0.01949	0.02575	0.13265	0.01583	0.53046	0.03650	0.04708	0.01878	0.01913	0.01356	0.00974	0.00818	0.00244	0.01010	0.00713	0.00765	0.01339
