[name]
unknown

[dist]
# distance from previous block
# <min> <max>
11	27

[block]
# block no. 0 follows, 22 sequences, length 20
# corresponding to MSA columns:
# 28-47
name=unknown_A
#
# <colnr> <probs for GDERKNQSTAVLIFYWHMCP>
#	G	D	E	R	K	N	Q	S	T	A	V	L	I	F	Y	W	H	M	C	P
0	0.02157	0.01778	0.01637	0.01448	0.01774	0.11688	0.01098	0.18637	0.06476	0.03110	0.02448	0.03638	0.02233	0.18961	0.01671	0.00389	0.00857	0.05464	0.13592	0.00943
1	0.16963	0.02417	0.06679	0.06946	0.29104	0.15285	0.01980	0.02772	0.05426	0.02780	0.01520	0.01852	0.01224	0.00800	0.00746	0.00247	0.01027	0.00644	0.00454	0.01134
2	0.07590	0.03435	0.44217	0.05685	0.17792	0.01931	0.02749	0.02576	0.01755	0.02714	0.01481	0.01811	0.01103	0.00778	0.00777	0.00259	0.01122	0.00635	0.00378	0.01210
3	0.01514	0.01005	0.01299	0.09204	0.01782	0.01165	0.01023	0.01879	0.01598	0.02625	0.02276	0.02870	0.01873	0.02018	0.13697	0.00443	0.09063	0.00787	0.43076	0.00802
4	0.02208	0.02363	0.02901	0.19594	0.35129	0.18720	0.02250	0.02644	0.01955	0.02398	0.01471	0.01951	0.01203	0.00792	0.00806	0.00246	0.01147	0.00687	0.00405	0.01131
5	0.01760	0.01625	0.01343	0.01288	0.01471	0.17926	0.00919	0.01960	0.01641	0.02098	0.02210	0.03466	0.02129	0.24244	0.16392	0.00642	0.01206	0.00876	0.16075	0.00730
6	0.02421	0.01930	0.01878	0.01616	0.02047	0.11881	0.01277	0.19736	0.11652	0.08508	0.02332	0.02553	0.01807	0.02091	0.14774	0.00470	0.01159	0.00784	0.09975	0.01109
7	0.02292	0.02508	0.02250	0.02475	0.14836	0.28333	0.01618	0.02957	0.12945	0.02401	0.01916	0.02278	0.01598	0.02056	0.15378	0.00478	0.01407	0.00725	0.00502	0.01047
8	0.02056	0.01974	0.03372	0.05099	0.65622	0.01974	0.02550	0.02550	0.01892	0.02714	0.01563	0.02056	0.01316	0.00740	0.00822	0.00247	0.00987	0.00740	0.00411	0.01316
9	0.02012	0.02163	0.02546	0.45236	0.11020	0.18669	0.02152	0.02472	0.01862	0.02160	0.01436	0.02015	0.01119	0.00828	0.00809	0.00258	0.01195	0.00686	0.00389	0.00973
10	0.02034	0.01754	0.02598	0.44036	0.12096	0.02048	0.02150	0.17730	0.02264	0.02991	0.01620	0.02139	0.01211	0.00862	0.00830	0.00266	0.01043	0.00741	0.00493	0.01095
11	0.01286	0.01786	0.18858	0.01380	0.01867	0.01085	0.01387	0.01812	0.02134	0.03011	0.41061	0.05210	0.12879	0.01500	0.00928	0.00264	0.00623	0.01291	0.00744	0.00895
12	0.01421	0.02399	0.30744	0.01667	0.02317	0.01280	0.01815	0.01982	0.01820	0.04789	0.10810	0.21696	0.10784	0.01556	0.00910	0.00285	0.00810	0.01339	0.00607	0.00968
13	0.02073	0.31997	0.28313	0.01933	0.02758	0.10005	0.02118	0.02600	0.01757	0.02232	0.01296	0.01554	0.01063	0.00816	0.00829	0.00230	0.06414	0.00543	0.00362	0.01105
14	0.17527	0.28824	0.13913	0.01658	0.02362	0.11800	0.01627	0.05680	0.05172	0.02687	0.01391	0.01559	0.01125	0.00794	0.00635	0.00223	0.00972	0.00529	0.00447	0.01075
15	0.15033	0.01290	0.01366	0.01216	0.01522	0.01419	0.00930	0.15103	0.01970	0.03149	0.02165	0.03047	0.01923	0.15908	0.14563	0.00564	0.00994	0.00821	0.16143	0.00876
16	0.02042	0.01548	0.01732	0.01482	0.01881	0.04894	0.01151	0.16190	0.02311	0.08191	0.08699	0.21886	0.03173	0.01478	0.00994	0.00259	0.05276	0.01229	0.00723	0.14863
17	0.01618	0.06694	0.38255	0.08712	0.09412	0.01770	0.02418	0.02331	0.01810	0.02594	0.08971	0.07645	0.02203	0.01029	0.00826	0.00264	0.01021	0.00866	0.00456	0.01105
18	0.02203	0.02858	0.29399	0.02872	0.15721	0.01833	0.11143	0.02979	0.04985	0.14927	0.01969	0.02157	0.01401	0.00829	0.00835	0.00262	0.01077	0.00751	0.00527	0.01270
19	0.02224	0.02638	0.16196	0.02068	0.05807	0.09862	0.01809	0.12685	0.27291	0.03344	0.05700	0.02555	0.02082	0.01011	0.00825	0.00262	0.00925	0.00810	0.00666	0.01241

[dist]
# distance from previous block
# <min> <max>
0	1

[block]
# block no. 1 follows, 22 sequences, length 17
# corresponding to MSA columns:
# 49-65
name=unknown_B
#
# <colnr> <probs for GDERKNQSTAVLIFYWHMCP>
#	G	D	E	R	K	N	Q	S	T	A	V	L	I	F	Y	W	H	M	C	P
0	0.12141	0.04549	0.01704	0.01545	0.06059	0.07896	0.01114	0.09880	0.02059	0.08373	0.03754	0.03817	0.20919	0.01515	0.01133	0.10256	0.00744	0.00986	0.00637	0.00921
1	0.27010	0.02610	0.23287	0.02859	0.23826	0.01922	0.02165	0.02540	0.01686	0.03027	0.01403	0.01720	0.01090	0.00767	0.00708	0.00256	0.00950	0.00601	0.00426	0.01147
2	0.02711	0.24216	0.08622	0.01944	0.02528	0.42402	0.01679	0.03007	0.02101	0.02062	0.01264	0.01471	0.01067	0.00807	0.00688	0.00207	0.01291	0.00515	0.00399	0.01017
3	0.01666	0.04297	0.66500	0.02368	0.03596	0.01929	0.03069	0.02631	0.01754	0.02631	0.01491	0.01754	0.01052	0.00789	0.00789	0.00263	0.01228	0.00614	0.00351	0.01228
4	0.01380	0.01118	0.01677	0.01529	0.01682	0.01272	0.06391	0.01645	0.01473	0.02167	0.02561	0.17052	0.02632	0.09271	0.21867	0.00665	0.13520	0.01189	0.10136	0.00774
5	0.18744	0.20976	0.05722	0.01560	0.02133	0.19840	0.01361	0.04829	0.01955	0.06884	0.02034	0.02127	0.06894	0.00924	0.00672	0.00226	0.00963	0.00634	0.00509	0.01013
6	0.01683	0.02207	0.16220	0.40938	0.10393	0.01907	0.10236	0.02335	0.01739	0.02350	0.01513	0.02108	0.01134	0.00797	0.00840	0.00272	0.01160	0.00744	0.00376	0.01047
7	0.02735	0.03131	0.08286	0.02367	0.09951	0.32379	0.01783	0.18970	0.02632	0.03037	0.01960	0.02115	0.05099	0.00950	0.00797	0.00236	0.01192	0.00697	0.00548	0.01133
8	0.01469	0.01432	0.01257	0.01310	0.01476	0.14634	0.00924	0.01638	0.01751	0.02073	0.04168	0.37712	0.13050	0.07025	0.05749	0.00403	0.00826	0.01712	0.00659	0.00732
9	0.01832	0.01738	0.02845	0.04212	0.52178	0.01709	0.02150	0.02267	0.01892	0.02616	0.02991	0.03294	0.14649	0.01024	0.00856	0.00254	0.00869	0.00951	0.00486	0.01188
10	0.02026	0.01943	0.03317	0.09064	0.61894	0.01966	0.02534	0.02523	0.01877	0.02677	0.01557	0.02066	0.01303	0.00746	0.00823	0.00249	0.00994	0.00740	0.00409	0.01291
11	0.01482	0.01200	0.01376	0.01372	0.01671	0.01261	0.01090	0.02509	0.24115	0.02813	0.09091	0.11723	0.17476	0.01821	0.00985	0.00312	0.00602	0.17353	0.00806	0.00941
12	0.02600	0.03090	0.02415	0.02637	0.15549	0.43953	0.01718	0.02885	0.02106	0.02160	0.01482	0.01877	0.01271	0.01630	0.10678	0.00387	0.01500	0.00631	0.00427	0.01004
13	0.01991	0.01490	0.01993	0.01666	0.02090	0.01501	0.06726	0.19319	0.02255	0.03074	0.02282	0.03690	0.02113	0.01846	0.04610	0.16704	0.00904	0.13088	0.00609	0.12049
14	0.02896	0.11825	0.02679	0.01967	0.02481	0.29624	0.01591	0.24985	0.02744	0.03198	0.01512	0.01688	0.01197	0.00942	0.00926	0.00236	0.07194	0.00619	0.00561	0.01137
15	0.02153	0.01867	0.02535	0.11062	0.25643	0.04990	0.01920	0.17473	0.02434	0.03268	0.07633	0.03340	0.02325	0.01106	0.00878	0.00268	0.00926	0.08419	0.00602	0.01158
16	0.02811	0.16127	0.02661	0.01941	0.02414	0.47904	0.01531	0.05923	0.02236	0.02167	0.01359	0.01612	0.01155	0.01204	0.05285	0.00286	0.01407	0.00553	0.00435	0.00989

[dist]
# distance from previous block
# <min> <max>
5	10

[block]
# block no. 2 follows, 22 sequences, length 9
# corresponding to MSA columns:
# 78-86
name=unknown_C
#
# <colnr> <probs for GDERKNQSTAVLIFYWHMCP>
#	G	D	E	R	K	N	Q	S	T	A	V	L	I	F	Y	W	H	M	C	P
0	0.01818	0.01683	0.02505	0.03459	0.38390	0.01709	0.01872	0.02624	0.14481	0.02763	0.03460	0.03592	0.15838	0.01123	0.00863	0.00261	0.00794	0.01007	0.00579	0.01179
1	0.01242	0.00973	0.01193	0.01184	0.01440	0.00857	0.00844	0.01562	0.04917	0.02345	0.03979	0.45891	0.07932	0.02001	0.00934	0.00278	0.00521	0.01785	0.00706	0.19418
2	0.01803	0.01508	0.01805	0.01420	0.01945	0.01449	0.01142	0.06391	0.06075	0.02799	0.01736	0.02071	0.01445	0.01281	0.06434	0.00281	0.10441	0.00626	0.05713	0.43633
3	0.02148	0.57311	0.08525	0.01772	0.02535	0.03033	0.10015	0.02521	0.01730	0.02097	0.01250	0.01486	0.01092	0.00714	0.00612	0.00198	0.00982	0.00530	0.00364	0.01084
4	0.01146	0.00779	0.00924	0.00985	0.01000	0.00764	0.00588	0.01192	0.01328	0.01771	0.03235	0.25834	0.03799	0.49345	0.03232	0.00658	0.00704	0.01571	0.00588	0.00557
5	0.01261	0.00846	0.01072	0.01066	0.01250	0.00770	0.00771	0.01535	0.02022	0.06562	0.33753	0.23601	0.14560	0.05668	0.01168	0.00314	0.00462	0.01714	0.00841	0.00766
6	0.00982	0.00842	0.00842	0.00842	0.01122	0.00701	0.00631	0.01192	0.01894	0.02244	0.08416	0.07995	0.65285	0.02104	0.00982	0.00281	0.00421	0.01753	0.00771	0.00701
7	0.02653	0.15851	0.02940	0.02609	0.15220	0.38558	0.01775	0.02931	0.02074	0.02154	0.01305	0.01599	0.01120	0.00841	0.00841	0.00223	0.05277	0.00571	0.00407	0.01050
8	0.01187	0.00890	0.01335	0.01335	0.01483	0.01038	0.01038	0.01483	0.01335	0.01928	0.02225	0.03264	0.02077	0.06231	0.67512	0.01335	0.02225	0.00890	0.00445	0.00742

[dist]
# distance from previous block
# <min> <max>
0	1

[block]
# block no. 3 follows, 22 sequences, length 24
# corresponding to MSA columns:
# 88-111
name=unknown_D
#
# <colnr> <probs for GDERKNQSTAVLIFYWHMCP>
#	G	D	E	R	K	N	Q	S	T	A	V	L	I	F	Y	W	H	M	C	P
0	0.01187	0.00890	0.01335	0.01335	0.01483	0.01038	0.01038	0.01483	0.01335	0.01928	0.02225	0.03264	0.02077	0.06231	0.67512	0.01335	0.02225	0.00890	0.00445	0.00742
1	0.01787	0.04129	0.62728	0.02316	0.03509	0.01888	0.02961	0.02714	0.01790	0.06344	0.01595	0.01817	0.01111	0.00803	0.00792	0.00263	0.01197	0.00627	0.00390	0.01239
2	0.01443	0.00722	0.01082	0.01082	0.01082	0.00722	0.00722	0.01082	0.01082	0.01443	0.01443	0.02525	0.01443	0.02886	0.03247	0.75830	0.00722	0.00722	0.00361	0.00361
3	0.02153	0.17871	0.39008	0.02073	0.03027	0.12422	0.02368	0.02810	0.01879	0.06943	0.01517	0.01704	0.01130	0.00801	0.00733	0.00237	0.01163	0.00582	0.00412	0.01166
4	0.02259	0.30706	0.25601	0.01887	0.02754	0.06187	0.02038	0.14391	0.02181	0.02837	0.01444	0.01618	0.01129	0.00802	0.00693	0.00224	0.01045	0.00568	0.00451	0.01185
5	0.00988	0.00819	0.00865	0.00903	0.01138	0.00696	0.00658	0.01185	0.01835	0.02220	0.07670	0.20095	0.53666	0.02201	0.00997	0.00292	0.00433	0.01872	0.00771	0.00696
6	0.01723	0.01477	0.01723	0.01230	0.01969	0.01107	0.00984	0.02092	0.01723	0.02707	0.01477	0.01723	0.01230	0.00615	0.00615	0.00123	0.00615	0.00492	0.00492	0.75883
7	0.02536	0.07727	0.02412	0.04860	0.06995	0.14944	0.01539	0.15031	0.21879	0.06409	0.02208	0.02233	0.01673	0.00943	0.00784	0.00242	0.00933	0.00732	0.00661	0.05258
8	0.01124	0.00841	0.00970	0.00962	0.01135	0.00770	0.00684	0.01342	0.01847	0.02417	0.23916	0.06832	0.27230	0.20724	0.01876	0.00424	0.00537	0.04951	0.00742	0.00676
9	0.02249	0.02341	0.05198	0.01792	0.02247	0.18405	0.01450	0.09507	0.27005	0.02950	0.02390	0.02546	0.01887	0.02020	0.13772	0.00465	0.01229	0.00792	0.00636	0.01121
10	0.02615	0.11484	0.02760	0.12687	0.11793	0.40475	0.01822	0.02926	0.02102	0.02132	0.01337	0.01666	0.01110	0.00818	0.00746	0.00224	0.01293	0.00584	0.00408	0.01019
11	0.01012	0.00723	0.00964	0.01157	0.01205	0.00675	0.00771	0.01157	0.01591	0.02121	0.04579	0.70262	0.05495	0.02603	0.01060	0.00337	0.00482	0.02362	0.00771	0.00675
12	0.01723	0.01477	0.01723	0.01230	0.01969	0.01107	0.00984	0.02092	0.01723	0.02707	0.01477	0.01723	0.01230	0.00615	0.00615	0.00123	0.00615	0.00492	0.00492	0.75883
13	0.01187	0.00890	0.01335	0.01335	0.01483	0.01038	0.01038	0.01483	0.01335	0.01928	0.02225	0.03264	0.02077	0.06231	0.67512	0.01335	0.02225	0.00890	0.00445	0.00742
14	0.76672	0.01607	0.01221	0.01092	0.01607	0.01864	0.00900	0.02442	0.01414	0.03727	0.01157	0.01350	0.00900	0.00771	0.00514	0.00257	0.00643	0.00450	0.00514	0.00900
15	0.01012	0.00723	0.00964	0.01157	0.01205	0.00675	0.00771	0.01157	0.01591	0.02121	0.04579	0.70262	0.05495	0.02603	0.01060	0.00337	0.00482	0.02362	0.00771	0.00675
16	0.00994	0.00842	0.00858	0.00854	0.01129	0.00706	0.00641	0.01215	0.01922	0.02311	0.11907	0.07885	0.61752	0.02079	0.00982	0.00279	0.00419	0.01738	0.00780	0.00706
17	0.24644	0.03270	0.02022	0.01833	0.02287	0.48261	0.01399	0.03061	0.02079	0.02529	0.01247	0.01455	0.01020	0.00831	0.00680	0.00227	0.01248	0.00510	0.00453	0.00945
18	0.02021	0.01938	0.03309	0.09655	0.61339	0.01965	0.02532	0.02519	0.01875	0.02672	0.01556	0.02067	0.01301	0.00747	0.00823	0.00249	0.00996	0.00740	0.00408	0.01288
19	0.02055	0.25120	0.27039	0.02706	0.18742	0.02339	0.02308	0.02641	0.01801	0.05864	0.01497	0.01753	0.01178	0.00764	0.00718	0.00231	0.01029	0.00603	0.00404	0.01208
20	0.02455	0.02731	0.02984	0.03971	0.41591	0.26936	0.02190	0.02842	0.02068	0.02455	0.01456	0.01843	0.01222	0.00784	0.00794	0.00234	0.01182	0.00662	0.00418	0.01181
21	0.02383	0.23405	0.18557	0.01940	0.02629	0.28918	0.01877	0.02801	0.01954	0.02150	0.01352	0.01616	0.01124	0.01113	0.04617	0.00281	0.01298	0.00549	0.00389	0.01045
22	0.02290	0.15055	0.02399	0.01779	0.06472	0.01819	0.01381	0.02561	0.01841	0.20898	0.02925	0.10646	0.07112	0.01359	0.01197	0.00279	0.14044	0.04215	0.00660	0.01066
23	0.01401	0.00970	0.01308	0.01545	0.08495	0.00914	0.00965	0.01604	0.01709	0.07200	0.06964	0.29105	0.13432	0.15391	0.01621	0.00402	0.00622	0.04862	0.00705	0.00785

[dist]
# distance from previous block
# <min> <max>
0	1

[block]
# block no. 4 follows, 22 sequences, length 16
# corresponding to MSA columns:
# 113-128
name=unknown_E
#
# <colnr> <probs for GDERKNQSTAVLIFYWHMCP>
#	G	D	E	R	K	N	Q	S	T	A	V	L	I	F	Y	W	H	M	C	P
0	0.01982	0.02143	0.07355	0.03895	0.41630	0.07458	0.06352	0.02421	0.01821	0.02475	0.01705	0.02523	0.01537	0.11601	0.01352	0.00334	0.01048	0.00803	0.00423	0.01140
1	0.07603	0.02378	0.02618	0.15427	0.20559	0.16502	0.01944	0.17420	0.02411	0.03141	0.01563	0.01900	0.01218	0.00848	0.00789	0.00247	0.01081	0.00677	0.00517	0.01159
2	0.06836	0.04078	0.01411	0.01235	0.01506	0.08829	0.00962	0.04764	0.01745	0.02567	0.02575	0.03080	0.06578	0.02842	0.23191	0.02813	0.01207	0.00821	0.22143	0.00817
3	0.01646	0.01580	0.02351	0.02718	0.22464	0.05696	0.08944	0.02051	0.01985	0.02655	0.17327	0.07533	0.12381	0.01602	0.05071	0.00330	0.00903	0.01173	0.00602	0.00988
4	0.01992	0.01897	0.03203	0.20151	0.34852	0.02042	0.09101	0.06972	0.01952	0.02703	0.01555	0.02095	0.01250	0.00827	0.00975	0.00266	0.05794	0.00766	0.00430	0.01176
5	0.02485	0.02840	0.12197	0.01993	0.02550	0.19981	0.01760	0.19245	0.10033	0.03160	0.01829	0.02050	0.01428	0.01437	0.06740	0.00350	0.07502	0.00703	0.00572	0.01145
6	0.09000	0.01259	0.05698	0.01288	0.01621	0.01107	0.01112	0.02094	0.05957	0.06627	0.12068	0.11763	0.07683	0.01619	0.00892	0.00291	0.00615	0.16115	0.12315	0.00876
7	0.23679	0.02400	0.09420	0.02175	0.13111	0.15826	0.01563	0.05667	0.01837	0.02813	0.01564	0.02218	0.01382	0.11644	0.01242	0.00331	0.00993	0.00671	0.00474	0.00989
8	0.01782	0.01661	0.01481	0.01364	0.01720	0.11510	0.01038	0.10353	0.12215	0.02797	0.05144	0.13358	0.28974	0.01668	0.00914	0.00273	0.00700	0.01376	0.00738	0.00933
9	0.15589	0.02330	0.09738	0.05781	0.04462	0.16157	0.01566	0.02392	0.01873	0.02726	0.13911	0.02548	0.02395	0.01065	0.01033	0.00259	0.10444	0.00764	0.00520	0.04449
10	0.06745	0.06395	0.01516	0.01267	0.01520	0.01307	0.00961	0.10829	0.01961	0.02790	0.08811	0.29773	0.03763	0.06411	0.08797	0.00437	0.00798	0.01459	0.03615	0.00844
11	0.27291	0.14298	0.01973	0.01512	0.07164	0.01824	0.01119	0.06627	0.01816	0.02952	0.03170	0.09269	0.15619	0.01237	0.00722	0.00254	0.00675	0.00960	0.00580	0.00941
12	0.27353	0.19191	0.07934	0.01879	0.11751	0.02054	0.01440	0.02305	0.01701	0.02866	0.06751	0.02468	0.07474	0.00946	0.00669	0.00239	0.00769	0.00707	0.00498	0.01007
13	0.02458	0.07770	0.20286	0.02706	0.14829	0.28755	0.02174	0.06832	0.02161	0.02532	0.01432	0.01697	0.01134	0.00816	0.00766	0.00234	0.01250	0.00604	0.00426	0.01139
14	0.01896	0.02354	0.11170	0.02794	0.19910	0.14919	0.07079	0.02315	0.01905	0.02392	0.02669	0.17861	0.06614	0.01286	0.00882	0.00268	0.01005	0.01142	0.00514	0.01027
15	0.02445	0.02247	0.01738	0.01525	0.01927	0.24652	0.01178	0.14724	0.02442	0.05826	0.02818	0.02926	0.09688	0.01082	0.00753	0.00226	0.00903	0.00813	0.21099	0.00989

[dist]
# distance from previous block
# <min> <max>
14	32

[block]
# block no. 5 follows, 22 sequences, length 7
# corresponding to MSA columns:
# 161-167
name=unknown_F
#
# <colnr> <probs for GDERKNQSTAVLIFYWHMCP>
#	G	D	E	R	K	N	Q	S	T	A	V	L	I	F	Y	W	H	M	C	P
0	0.06452	0.23482	0.02612	0.06402	0.06656	0.17414	0.01381	0.02348	0.01922	0.02285	0.06670	0.03090	0.14026	0.01093	0.00739	0.00228	0.00917	0.00829	0.00503	0.00951
1	0.09613	0.02064	0.23199	0.01424	0.01993	0.01258	0.01500	0.01985	0.01708	0.02716	0.03307	0.14325	0.11826	0.01330	0.00785	0.00261	0.00722	0.01097	0.17973	0.00914
2	0.02009	0.14325	0.02148	0.01519	0.01908	0.09838	0.01247	0.14510	0.02359	0.02986	0.13489	0.14840	0.03603	0.01510	0.00878	0.00269	0.00798	0.10110	0.00690	0.00966
3	0.11660	0.06389	0.02336	0.09518	0.06019	0.33862	0.01600	0.06352	0.09804	0.02632	0.01595	0.01805	0.01265	0.00870	0.00739	0.00236	0.01157	0.00615	0.00501	0.01042
4	0.01403	0.01015	0.01158	0.01134	0.01297	0.01015	0.00779	0.10597	0.01860	0.02439	0.04118	0.27349	0.13597	0.25961	0.02113	0.00477	0.00650	0.01617	0.00687	0.00732
5	0.02685	0.13109	0.02359	0.01617	0.02202	0.15580	0.01318	0.03433	0.15904	0.19018	0.02274	0.02206	0.01675	0.00901	0.00738	0.00221	0.00876	0.00682	0.00674	0.12526
6	0.18024	0.06417	0.01820	0.01706	0.09545	0.04938	0.01172	0.07985	0.01910	0.03044	0.02358	0.11563	0.04731	0.01113	0.00713	0.00235	0.00698	0.00893	0.11993	0.09141

[dist]
# distance from previous block
# <min> <max>
9	49

[block]
# block no. 6 follows, 22 sequences, length 46
# corresponding to MSA columns:
# 218-263
name=unknown_G
#
# <colnr> <probs for GDERKNQSTAVLIFYWHMCP>
#	G	D	E	R	K	N	Q	S	T	A	V	L	I	F	Y	W	H	M	C	P
0	0.22450	0.09469	0.02356	0.07458	0.08380	0.15765	0.01509	0.12763	0.02193	0.08183	0.01555	0.01741	0.01186	0.00843	0.00698	0.00239	0.00967	0.00598	0.00552	0.01097
1	0.20002	0.01407	0.04062	0.01327	0.01716	0.01405	0.01091	0.02498	0.08067	0.14003	0.05129	0.03488	0.05794	0.10280	0.10969	0.00493	0.03371	0.03286	0.00656	0.00955
2	0.13644	0.19985	0.05110	0.01556	0.01991	0.02114	0.04771	0.02071	0.01640	0.02433	0.05355	0.03141	0.15111	0.01229	0.01172	0.00267	0.16116	0.00870	0.00498	0.00924
3	0.02148	0.28320	0.10681	0.09553	0.02848	0.05241	0.05718	0.12116	0.02077	0.02696	0.01564	0.01881	0.01263	0.01141	0.04816	0.00291	0.01071	0.00633	0.04858	0.01086
4	0.01491	0.13740	0.01645	0.01088	0.01296	0.01359	0.00794	0.05092	0.01565	0.02002	0.03018	0.04976	0.09142	0.42913	0.02844	0.00580	0.00785	0.04438	0.00538	0.00695
5	0.01786	0.01051	0.01318	0.01197	0.01515	0.00972	0.00935	0.05761	0.02264	0.16064	0.27902	0.11939	0.16256	0.01721	0.00961	0.00279	0.00530	0.05739	0.00882	0.00926
6	0.02719	0.01844	0.06669	0.01634	0.02187	0.01710	0.01385	0.27461	0.02757	0.21487	0.02821	0.14777	0.02392	0.04898	0.01047	0.00297	0.00795	0.01079	0.00824	0.01218
7	0.02235	0.01854	0.01881	0.01603	0.02065	0.06666	0.01273	0.25309	0.17039	0.03595	0.03464	0.03480	0.13365	0.01935	0.09983	0.00409	0.00987	0.00979	0.00741	0.01136
8	0.01072	0.03518	0.01073	0.01039	0.01217	0.00801	0.00749	0.01280	0.01811	0.02331	0.14490	0.36342	0.26852	0.02223	0.01001	0.00300	0.00463	0.01949	0.00776	0.00715
9	0.01012	0.00843	0.00884	0.00873	0.01141	0.00714	0.00655	0.01251	0.01965	0.02415	0.17311	0.07715	0.56284	0.02040	0.00982	0.00278	0.00416	0.01714	0.00794	0.00714
10	0.01191	0.00875	0.01257	0.01257	0.01378	0.00996	0.00941	0.01433	0.01312	0.01871	0.02297	0.03659	0.02249	0.17985	0.55993	0.01239	0.01967	0.00948	0.00456	0.00698
11	0.01838	0.16032	0.43733	0.02693	0.14621	0.02184	0.02676	0.02590	0.01767	0.02523	0.01443	0.01732	0.01103	0.00766	0.00749	0.00245	0.01122	0.00606	0.00363	0.01214
12	0.02221	0.71304	0.04353	0.01421	0.02132	0.03287	0.01421	0.02488	0.01688	0.01955	0.01155	0.01333	0.01066	0.00711	0.00533	0.00178	0.00888	0.00444	0.00355	0.01066
13	0.00982	0.00842	0.00842	0.00842	0.01122	0.00701	0.00631	0.01192	0.01894	0.02244	0.08416	0.07995	0.65285	0.02104	0.00982	0.00281	0.00421	0.01753	0.00771	0.00701
14	0.01298	0.01046	0.01499	0.08589	0.09471	0.01030	0.01168	0.01680	0.02093	0.02873	0.36677	0.10368	0.12412	0.01638	0.00961	0.00276	0.00569	0.04745	0.00762	0.00844
15	0.01699	0.08012	0.34830	0.01990	0.02836	0.01852	0.05565	0.02737	0.13167	0.02819	0.11097	0.02878	0.04914	0.01022	0.00826	0.00262	0.00958	0.00853	0.00542	0.01141
16	0.01218	0.00937	0.01396	0.01378	0.01518	0.01114	0.01077	0.01509	0.01332	0.01932	0.02168	0.03191	0.02027	0.05991	0.64263	0.01286	0.05589	0.00882	0.00441	0.00750
17	0.01079	0.00795	0.00910	0.00963	0.01073	0.00734	0.00631	0.01203	0.01579	0.02024	0.07470	0.24813	0.23600	0.26868	0.02168	0.00484	0.00575	0.01722	0.00681	0.00626
18	0.01343	0.01144	0.01757	0.01575	0.01711	0.01241	0.09072	0.01532	0.01456	0.02008	0.02885	0.26500	0.03257	0.22934	0.05795	0.00528	0.12504	0.01475	0.00557	0.00725
19	0.02029	0.01946	0.03322	0.08691	0.62245	0.01967	0.02536	0.02525	0.01879	0.02681	0.01558	0.02065	0.01304	0.00745	0.00823	0.00248	0.00994	0.00740	0.00409	0.01294
20	0.01372	0.01237	0.01211	0.01214	0.01473	0.07784	0.00941	0.01774	0.05841	0.02530	0.16652	0.11511	0.28921	0.01912	0.00985	0.00293	0.00609	0.12184	0.00765	0.00791
21	0.01953	0.02324	0.11761	0.07456	0.35848	0.02001	0.21172	0.02573	0.01884	0.02658	0.01586	0.02083	0.01255	0.00739	0.00868	0.00261	0.01151	0.00798	0.00404	0.01225
22	0.01930	0.05753	0.23637	0.03380	0.25493	0.01998	0.12153	0.06226	0.01956	0.02766	0.01745	0.05963	0.01463	0.00873	0.00839	0.00260	0.01092	0.00821	0.00438	0.01214
23	0.02045	0.02100	0.02922	0.19540	0.34148	0.12027	0.04895	0.02511	0.01913	0.02448	0.01712	0.02552	0.01480	0.00892	0.00844	0.00260	0.01097	0.05067	0.00430	0.01118
24	0.28284	0.04894	0.10597	0.05506	0.08712	0.01681	0.01442	0.02303	0.05373	0.03008	0.07431	0.03114	0.12448	0.01086	0.00736	0.00260	0.00741	0.00846	0.00559	0.00979
25	0.02403	0.01919	0.02059	0.01758	0.02277	0.02170	0.01410	0.24996	0.38368	0.04032	0.02960	0.03146	0.02294	0.01163	0.00861	0.00277	0.00756	0.05005	0.00835	0.01311
26	0.01984	0.01901	0.03243	0.14460	0.56821	0.01955	0.02514	0.02487	0.01858	0.02627	0.01550	0.02079	0.01285	0.00753	0.00824	0.00251	0.01005	0.00740	0.00405	0.01258
27	0.01038	0.00760	0.00976	0.01099	0.01202	0.00698	0.00757	0.01236	0.01765	0.02355	0.16037	0.51142	0.13119	0.02379	0.01036	0.00317	0.00458	0.02133	0.00797	0.00698
28	0.01987	0.02014	0.02898	0.30212	0.34083	0.09809	0.02339	0.02471	0.01855	0.02396	0.01495	0.02052	0.01203	0.00790	0.00817	0.00255	0.01097	0.00715	0.00396	0.01116
29	0.15669	0.05353	0.01893	0.01938	0.13281	0.08779	0.01272	0.09653	0.02034	0.03224	0.01897	0.02192	0.01501	0.00869	0.00659	0.00223	0.00753	0.00663	0.27137	0.01008
30	0.02175	0.01520	0.01673	0.01459	0.01927	0.01610	0.01148	0.06888	0.34284	0.14895	0.04496	0.04165	0.17494	0.01337	0.00876	0.00275	0.00624	0.01105	0.00861	0.01191
31	0.02303	0.02230	0.02027	0.01720	0.02156	0.18551	0.01359	0.16573	0.05610	0.02955	0.02366	0.02599	0.07541	0.01699	0.09022	0.00370	0.08225	0.00780	0.00581	0.11332
32	0.19765	0.06839	0.04201	0.01393	0.03868	0.11119	0.01110	0.02056	0.01850	0.02652	0.07296	0.04473	0.24347	0.01386	0.00798	0.00260	0.00737	0.04377	0.00606	0.00865
33	0.02215	0.14929	0.02645	0.01854	0.02235	0.17907	0.01529	0.02705	0.09230	0.02266	0.01473	0.01796	0.01273	0.01031	0.01363	0.00254	0.23764	0.00626	0.00452	0.10454
34	0.01703	0.01510	0.01878	0.02080	0.13338	0.05447	0.03466	0.05832	0.12035	0.02846	0.15042	0.13709	0.09425	0.06541	0.01157	0.00312	0.00724	0.01277	0.00695	0.00982
35	0.06007	0.18474	0.14489	0.02392	0.10351	0.02131	0.13060	0.02752	0.05400	0.09186	0.06401	0.02274	0.01803	0.00858	0.00776	0.00244	0.00974	0.00755	0.00519	0.01155
36	0.06663	0.02181	0.04710	0.11687	0.04996	0.13094	0.01594	0.16965	0.02432	0.17068	0.01946	0.02102	0.01400	0.01017	0.00927	0.04535	0.00974	0.00695	0.00646	0.04368
37	0.08880	0.02950	0.08621	0.01995	0.05143	0.32002	0.01595	0.07386	0.08635	0.02824	0.10028	0.02359	0.02135	0.00986	0.00783	0.00240	0.01099	0.00730	0.00564	0.01045
38	0.05109	0.20674	0.07350	0.05553	0.04974	0.13948	0.01543	0.02908	0.07087	0.12296	0.05562	0.05698	0.01961	0.00991	0.00744	0.00236	0.00935	0.00763	0.00575	0.01093
39	0.06196	0.02235	0.06037	0.09719	0.21779	0.13694	0.01874	0.02967	0.10724	0.08408	0.06552	0.02437	0.01929	0.00925	0.00808	0.00252	0.00973	0.00773	0.00565	0.01154
40	0.02167	0.04847	0.05596	0.01881	0.05986	0.30217	0.01410	0.02602	0.06227	0.02425	0.12870	0.06049	0.09258	0.03748	0.00957	0.00263	0.01015	0.00961	0.00580	0.00941
41	0.02069	0.16564	0.15662	0.02477	0.10174	0.06174	0.12965	0.02778	0.07792	0.05840	0.01796	0.02103	0.01415	0.01309	0.07012	0.00345	0.01190	0.00724	0.00468	0.01142
42	0.02242	0.02563	0.13072	0.02587	0.12880	0.13719	0.10874	0.05455	0.07736	0.08533	0.02684	0.02811	0.09106	0.01000	0.00850	0.00257	0.01054	0.00867	0.00563	0.01147
43	0.06714	0.18561	0.02635	0.01948	0.05784	0.34785	0.01476	0.02724	0.02006	0.02167	0.01889	0.05939	0.05292	0.01015	0.00803	0.00227	0.03901	0.00711	0.00454	0.00968
44	0.02281	0.02106	0.04836	0.01977	0.06814	0.12061	0.01498	0.15944	0.10844	0.06365	0.09132	0.07160	0.02526	0.01591	0.06214	0.00349	0.05582	0.00938	0.00672	0.01110
45	0.01945	0.01933	0.09052	0.08905	0.07165	0.05714	0.01648	0.04703	0.08212	0.08270	0.05134	0.06689	0.07031	0.01421	0.04029	0.00318	0.10320	0.00935	0.00586	0.05992

[dist]
# distance from previous block
# <min> <max>
5	187

[block]
# block no. 7 follows, 22 sequences, length 73
# corresponding to MSA columns:
# 452-524
name=unknown_H
#
# <colnr> <probs for GDERKNQSTAVLIFYWHMCP>
#	G	D	E	R	K	N	Q	S	T	A	V	L	I	F	Y	W	H	M	C	P
0	0.11106	0.10095	0.10205	0.10547	0.05461	0.21307	0.01785	0.05604	0.01942	0.02503	0.01640	0.01944	0.03846	0.00934	0.00925	0.00250	0.07810	0.00641	0.00441	0.01014
1	0.02225	0.01922	0.02253	0.02077	0.07497	0.08106	0.04578	0.18788	0.02324	0.03212	0.02192	0.02761	0.04257	0.01160	0.01237	0.00272	0.16332	0.03916	0.13835	0.01057
2	0.05732	0.10556	0.05686	0.01668	0.02204	0.13632	0.01403	0.26871	0.02651	0.03437	0.02071	0.02481	0.04039	0.09063	0.01154	0.00299	0.00961	0.00749	0.04248	0.01096
3	0.15067	0.10246	0.01672	0.01194	0.01558	0.04989	0.00947	0.05256	0.04950	0.05483	0.16108	0.03594	0.05843	0.09625	0.01157	0.00307	0.00661	0.00927	0.09523	0.00894
4	0.01927	0.18248	0.24797	0.06656	0.02828	0.02150	0.01993	0.02816	0.12296	0.05972	0.07173	0.02354	0.01936	0.00954	0.00860	0.00253	0.04394	0.00732	0.00520	0.01140
5	0.01781	0.05850	0.18947	0.19326	0.16909	0.01954	0.10953	0.02505	0.05076	0.02512	0.01769	0.05519	0.01455	0.00882	0.00837	0.00266	0.01088	0.00820	0.00425	0.01124
6	0.10032	0.02458	0.05467	0.02131	0.02646	0.20435	0.15557	0.07324	0.02151	0.02827	0.11225	0.02530	0.02208	0.01252	0.04306	0.00311	0.04780	0.00825	0.00535	0.00999
7	0.01913	0.23645	0.24062	0.02027	0.08102	0.05400	0.01955	0.02443	0.01778	0.02397	0.01749	0.01965	0.04509	0.00803	0.00692	0.00210	0.00966	0.00608	0.00409	0.14368
8	0.22899	0.02676	0.18733	0.09954	0.07414	0.11491	0.01896	0.06999	0.01935	0.03022	0.04633	0.01923	0.01408	0.00857	0.00727	0.00254	0.01007	0.00635	0.00478	0.01059
9	0.20872	0.06057	0.44188	0.02066	0.03071	0.01973	0.05600	0.02579	0.01675	0.02887	0.01403	0.01660	0.01025	0.00777	0.00719	0.00259	0.01074	0.00585	0.00396	0.01132
10	0.05063	0.01292	0.01488	0.01301	0.01743	0.01266	0.01034	0.02980	0.17721	0.22579	0.07624	0.04874	0.22230	0.01461	0.00891	0.00276	0.00591	0.03628	0.00866	0.01092
11	0.02673	0.05801	0.02373	0.01943	0.02353	0.28747	0.01542	0.16925	0.07598	0.02954	0.01670	0.01892	0.01339	0.01016	0.01101	0.00251	0.13022	0.00662	0.05058	0.01081
12	0.01443	0.00722	0.01082	0.01082	0.01082	0.00722	0.00722	0.01082	0.01082	0.01443	0.01443	0.02525	0.01443	0.02886	0.03247	0.75830	0.00722	0.00722	0.00361	0.00361
13	0.01402	0.01099	0.01464	0.01622	0.07521	0.01096	0.01153	0.02035	0.09864	0.03013	0.32620	0.06351	0.08804	0.01715	0.00992	0.00295	0.00580	0.16671	0.00812	0.00891
14	0.02491	0.21962	0.03225	0.02788	0.20744	0.23467	0.01837	0.06271	0.02070	0.02394	0.01361	0.01659	0.01161	0.00820	0.00815	0.00223	0.04578	0.00591	0.00423	0.01118
15	0.02221	0.71304	0.04353	0.01421	0.02132	0.03287	0.01421	0.02488	0.01688	0.01955	0.01155	0.01333	0.01066	0.00711	0.00533	0.00178	0.00888	0.00444	0.00355	0.01066
16	0.01208	0.00805	0.00906	0.00906	0.00906	0.00805	0.00503	0.01208	0.01208	0.01611	0.02618	0.05436	0.03020	0.70804	0.04228	0.00805	0.00805	0.01208	0.00503	0.00503
17	0.01285	0.01050	0.01160	0.01097	0.01390	0.01028	0.00833	0.02025	0.15647	0.02887	0.26812	0.06311	0.31845	0.01751	0.00951	0.00274	0.00463	0.01489	0.00837	0.00864
18	0.02390	0.01699	0.01737	0.01466	0.01925	0.05027	0.01165	0.21059	0.16862	0.09510	0.03040	0.03013	0.06494	0.01095	0.00778	0.00244	0.00696	0.00868	0.19778	0.01154
19	0.01012	0.00723	0.00964	0.01157	0.01205	0.00675	0.00771	0.01157	0.01591	0.02121	0.04579	0.70262	0.05495	0.02603	0.01060	0.00337	0.00482	0.02362	0.00771	0.00675
20	0.02405	0.01743	0.01914	0.01663	0.02171	0.01940	0.01310	0.06866	0.50697	0.14555	0.03303	0.03004	0.02403	0.01104	0.00843	0.00276	0.00677	0.00913	0.00877	0.01336
21	0.03103	0.03959	0.02354	0.02140	0.02568	0.67469	0.01605	0.03317	0.02354	0.02033	0.01284	0.01498	0.01070	0.00856	0.00749	0.00214	0.01498	0.00535	0.00428	0.00963
22	0.01072	0.00853	0.00976	0.01037	0.01267	0.00757	0.00808	0.01321	0.01884	0.02336	0.09914	0.15587	0.42318	0.02184	0.01027	0.00308	0.00501	0.14358	0.00777	0.00716
23	0.01946	0.02343	0.07960	0.03445	0.04305	0.02092	0.59649	0.02660	0.01951	0.02660	0.01671	0.02217	0.01250	0.00705	0.00971	0.00279	0.01392	0.00962	0.00417	0.01126
24	0.00982	0.00842	0.00842	0.00842	0.01122	0.00701	0.00631	0.01192	0.01894	0.02244	0.08416	0.07995	0.65285	0.02104	0.00982	0.00281	0.00421	0.01753	0.00771	0.00701
25	0.01032	0.00738	0.00981	0.01144	0.01209	0.00688	0.00773	0.01205	0.01681	0.02264	0.11766	0.62665	0.05772	0.02495	0.01051	0.00328	0.00471	0.02260	0.00788	0.00688
26	0.19564	0.01618	0.01874	0.01471	0.02089	0.01601	0.01214	0.14112	0.02438	0.41751	0.02587	0.02357	0.01690	0.00967	0.00764	0.00256	0.00730	0.00736	0.00881	0.01301
27	0.02056	0.01974	0.03372	0.05099	0.65622	0.01974	0.02550	0.02550	0.01892	0.02714	0.01563	0.02056	0.01316	0.00740	0.00822	0.00247	0.00987	0.00740	0.00411	0.01316
28	0.11651	0.06454	0.02235	0.01926	0.02357	0.52052	0.01473	0.03045	0.02140	0.02223	0.01331	0.01600	0.01122	0.01227	0.05519	0.00298	0.01422	0.00546	0.00436	0.00944
29	0.02323	0.01805	0.01907	0.01627	0.02116	0.02036	0.01290	0.21782	0.36942	0.03955	0.02865	0.02764	0.02137	0.01065	0.00803	0.00259	0.00697	0.00858	0.11503	0.01267
30	0.02545	0.17796	0.03239	0.02917	0.21623	0.22773	0.04811	0.09932	0.02234	0.02632	0.01444	0.01726	0.01193	0.00798	0.00745	0.00223	0.01136	0.00624	0.00454	0.01153
31	0.01554	0.01366	0.01798	0.02220	0.18272	0.01379	0.01349	0.02369	0.16914	0.02724	0.07784	0.08027	0.24769	0.01525	0.00919	0.00279	0.00645	0.04389	0.00702	0.01016
32	0.01185	0.00796	0.00913	0.00936	0.00942	0.00790	0.00535	0.01202	0.01253	0.01671	0.02850	0.13124	0.03314	0.62716	0.03853	0.00750	0.00767	0.01345	0.00535	0.00524
33	0.02274	0.02425	0.10205	0.03161	0.27476	0.10768	0.02041	0.07998	0.12663	0.06006	0.02094	0.05540	0.01710	0.00955	0.00826	0.00255	0.00984	0.00817	0.00563	0.01239
34	0.02082	0.07364	0.41483	0.02165	0.06164	0.01779	0.02392	0.02807	0.01929	0.15096	0.07121	0.02324	0.01827	0.00904	0.00800	0.00256	0.01024	0.00727	0.00534	0.01222
35	0.01443	0.00722	0.01082	0.01082	0.01082	0.00722	0.00722	0.01082	0.01082	0.01443	0.01443	0.02525	0.01443	0.02886	0.03247	0.75830	0.00722	0.00722	0.00361	0.00361
36	0.05366	0.05975	0.25152	0.02100	0.06311	0.16039	0.05593	0.02611	0.01885	0.02629	0.01698	0.02002	0.01313	0.00830	0.00725	0.00233	0.01059	0.00647	0.16784	0.01048
37	0.02714	0.03240	0.02672	0.06022	0.22021	0.44480	0.01926	0.03029	0.02182	0.02246	0.01378	0.01701	0.01147	0.00819	0.00775	0.00227	0.01324	0.00607	0.00420	0.01069
38	0.01024	0.00732	0.00974	0.01149	0.01208	0.00683	0.00772	0.01186	0.01645	0.02208	0.08943	0.65650	0.05663	0.02538	0.01055	0.00332	0.00475	0.02300	0.00781	0.00683
39	0.01716	0.03997	0.58491	0.02572	0.08805	0.01939	0.02953	0.02697	0.04321	0.02673	0.01574	0.01835	0.01136	0.00799	0.00794	0.00262	0.01184	0.00638	0.00376	0.01239
40	0.01327	0.01367	0.08930	0.06049	0.01811	0.01073	0.01110	0.04675	0.01958	0.02641	0.23585	0.05406	0.17910	0.16681	0.01649	0.00385	0.00666	0.01295	0.00683	0.00799
41	0.01142	0.00843	0.01035	0.00990	0.01179	0.00771	0.00721	0.01453	0.02128	0.02919	0.46873	0.06458	0.18288	0.09972	0.01365	0.00330	0.00446	0.01516	0.00838	0.00735
42	0.00998	0.00780	0.00905	0.01006	0.01165	0.00688	0.00704	0.01174	0.01736	0.02180	0.06420	0.40383	0.34185	0.02363	0.01023	0.00310	0.00453	0.02070	0.00771	0.00688
43	0.01826	0.01538	0.01778	0.01279	0.02012	0.01213	0.01027	0.06467	0.01880	0.02889	0.01514	0.01742	0.01244	0.00643	0.00631	0.00132	0.00637	0.00511	0.00517	0.70521
44	0.01557	0.01468	0.01687	0.01594	0.01753	0.10266	0.01253	0.01822	0.01461	0.01955	0.01897	0.02769	0.01766	0.04660	0.47032	0.01012	0.14004	0.00813	0.00428	0.00801
45	0.00993	0.00833	0.00863	0.00874	0.01134	0.00703	0.00649	0.01208	0.01894	0.02288	0.10897	0.12391	0.58189	0.02120	0.00987	0.00284	0.00424	0.01785	0.00778	0.00703
46	0.01284	0.01105	0.01131	0.01078	0.01412	0.01082	0.00822	0.02091	0.19250	0.02588	0.07012	0.06630	0.47784	0.01831	0.00944	0.00281	0.00487	0.01526	0.00792	0.00872
47	0.02807	0.11388	0.02513	0.01949	0.02440	0.41661	0.01526	0.08732	0.14138	0.02583	0.01730	0.01827	0.01378	0.00903	0.00749	0.00226	0.01214	0.00620	0.00535	0.01082
48	0.01450	0.01326	0.02381	0.01964	0.02282	0.01424	0.18221	0.01826	0.01494	0.02111	0.02025	0.03057	0.01858	0.09785	0.38959	0.00926	0.06704	0.00930	0.00437	0.00839
49	0.01549	0.00774	0.00774	0.00774	0.00968	0.00774	0.00581	0.01936	0.01742	0.03097	0.02710	0.03097	0.02129	0.00968	0.00581	0.00194	0.00387	0.00774	0.75416	0.00774
50	0.22423	0.01032	0.01021	0.00986	0.01259	0.01136	0.00770	0.01978	0.01562	0.03018	0.02171	0.02646	0.01775	0.02063	0.15186	0.00461	0.00860	0.00709	0.38145	0.00802
51	0.03149	0.02593	0.02470	0.01949	0.02575	0.13158	0.01583	0.53144	0.03653	0.04713	0.01879	0.01914	0.01357	0.00974	0.00818	0.00244	0.01009	0.00713	0.00765	0.01339
52	0.01626	0.01365	0.01614	0.01198	0.01840	0.01050	0.00949	0.01999	0.01834	0.02818	0.12760	0.02517	0.02401	0.00807	0.00680	0.00148	0.00576	0.00671	0.00567	0.62582
53	0.01569	0.01477	0.02492	0.68808	0.05722	0.01846	0.02307	0.02123	0.01661	0.02123	0.01477	0.02215	0.01107	0.00831	0.00831	0.00277	0.01107	0.00738	0.00369	0.00923
54	0.03158	0.02327	0.02493	0.01911	0.02576	0.02576	0.01579	0.62852	0.03906	0.05236	0.01995	0.01995	0.01413	0.00997	0.00831	0.00249	0.00914	0.00748	0.00831	0.01413
55	0.01804	0.01020	0.01047	0.00954	0.01223	0.01060	0.00739	0.11589	0.02085	0.03436	0.02597	0.02922	0.02016	0.00973	0.00620	0.00202	0.00471	0.00770	0.63597	0.00875
56	0.01019	0.00801	0.00921	0.00980	0.01167	0.00703	0.00701	0.01231	0.01850	0.02350	0.14845	0.29600	0.36435	0.02223	0.01009	0.00298	0.00438	0.01932	0.00791	0.00703
57	0.01980	0.01191	0.01235	0.01079	0.01399	0.01257	0.00848	0.18270	0.02322	0.03671	0.02518	0.02802	0.01937	0.00976	0.00648	0.00209	0.00528	0.00767	0.55417	0.00945
58	0.02056	0.01974	0.03372	0.05099	0.65622	0.01974	0.02550	0.02550	0.01892	0.02714	0.01563	0.02056	0.01316	0.00740	0.00822	0.00247	0.00987	0.00740	0.00411	0.01316
59	0.02736	0.03263	0.02711	0.03179	0.24695	0.44486	0.01937	0.03048	0.02192	0.02272	0.01382	0.01694	0.01156	0.00815	0.00775	0.00225	0.01319	0.00607	0.00422	0.01087
60	0.19220	0.02170	0.02215	0.01732	0.02364	0.02421	0.01431	0.49653	0.03361	0.04906	0.01811	0.01854	0.01301	0.00948	0.00762	0.00251	0.00855	0.00683	0.00762	0.01301
61	0.01208	0.00805	0.00906	0.00906	0.00906	0.00805	0.00503	0.01208	0.01208	0.01611	0.02618	0.05436	0.03020	0.70804	0.04228	0.00805	0.00805	0.01208	0.00503	0.00503
62	0.01012	0.00723	0.00964	0.01157	0.01205	0.00675	0.00771	0.01157	0.01591	0.02121	0.04579	0.70262	0.05495	0.02603	0.01060	0.00337	0.00482	0.02362	0.00771	0.00675
63	0.02066	0.01785	0.01878	0.01691	0.02160	0.02066	0.01315	0.04414	0.64121	0.03475	0.03381	0.03099	0.02536	0.01127	0.00845	0.00282	0.00657	0.00939	0.00845	0.01315
64	0.01107	0.00882	0.01016	0.01083	0.01332	0.00791	0.00879	0.01378	0.01900	0.02329	0.07006	0.08478	0.44053	0.02171	0.01040	0.00316	0.00542	0.22204	0.00769	0.00724
65	0.02058	0.01940	0.03107	0.04495	0.54382	0.01990	0.02331	0.02880	0.12913	0.02849	0.01885	0.02241	0.01532	0.00809	0.00826	0.00253	0.00929	0.00775	0.00488	0.01316
66	0.01653	0.01575	0.02228	0.01960	0.01999	0.02151	0.01614	0.01864	0.01289	0.01981	0.01387	0.02195	0.01348	0.02702	0.19659	0.00617	0.51757	0.00770	0.00385	0.00865
67	0.01017	0.00775	0.00937	0.01040	0.01180	0.00694	0.00725	0.01207	0.01764	0.02276	0.11563	0.43282	0.25845	0.02350	0.01026	0.00311	0.00453	0.02076	0.00785	0.00694
68	0.01549	0.00774	0.00774	0.00774	0.00968	0.00774	0.00581	0.01936	0.01742	0.03097	0.02710	0.03097	0.02129	0.00968	0.00581	0.00194	0.00387	0.00774	0.75416	0.00774
69	0.01374	0.01179	0.01573	0.05199	0.12999	0.01157	0.01274	0.01872	0.07129	0.02481	0.05512	0.06559	0.31611	0.01761	0.00973	0.00298	0.00654	0.14816	0.00692	0.00887
70	0.06822	0.02291	0.02430	0.01871	0.02528	0.02541	0.01545	0.59841	0.03782	0.05160	0.01953	0.01962	0.01387	0.00986	0.00815	0.00250	0.00901	0.00733	0.00815	0.01387
71	0.01175	0.00825	0.01025	0.01090	0.01266	0.00746	0.00795	0.01406	0.01866	0.05217	0.16149	0.34366	0.22377	0.02214	0.01021	0.00308	0.00479	0.06127	0.00807	0.00740
72	0.02180	0.02035	0.03378	0.04606	0.53733	0.02054	0.06759	0.09709	0.02135	0.03009	0.01622	0.02062	0.01323	0.00768	0.00835	0.00249	0.01008	0.00758	0.00462	0.01313

[dist]
# distance from previous block
# <min> <max>
0	2

[block]
# block no. 8 follows, 22 sequences, length 140
# corresponding to MSA columns:
# 527-666
name=unknown_I
#
# <colnr> <probs for GDERKNQSTAVLIFYWHMCP>
#	G	D	E	R	K	N	Q	S	T	A	V	L	I	F	Y	W	H	M	C	P
0	0.16236	0.13804	0.23896	0.05070	0.08513	0.10871	0.02020	0.02578	0.01747	0.02604	0.01388	0.01698	0.01104	0.01046	0.03955	0.00293	0.01120	0.00576	0.00404	0.01075
1	0.02434	0.26720	0.14904	0.01895	0.02553	0.29934	0.01785	0.02810	0.01962	0.02112	0.01329	0.01584	0.01119	0.01082	0.04262	0.00271	0.01280	0.00538	0.00390	0.01035
2	0.01946	0.02482	0.17500	0.04216	0.45837	0.02016	0.02599	0.02517	0.01804	0.02630	0.01503	0.01966	0.01236	0.00817	0.00990	0.00261	0.07316	0.00711	0.00393	0.01259
3	0.01293	0.11228	0.01467	0.01094	0.01350	0.01097	0.00837	0.01498	0.01780	0.04647	0.08594	0.32616	0.25435	0.02043	0.00942	0.00287	0.00525	0.01764	0.00727	0.00776
4	0.01976	0.02277	0.01615	0.01498	0.01825	0.30429	0.01133	0.02193	0.02083	0.02181	0.07150	0.04710	0.31041	0.01499	0.00972	0.00255	0.04581	0.01148	0.00603	0.00832
5	0.01074	0.00775	0.01023	0.01155	0.01256	0.00724	0.00820	0.01293	0.01787	0.02404	0.16985	0.48995	0.08514	0.02370	0.01049	0.00324	0.00487	0.07460	0.00800	0.00706
6	0.01911	0.01124	0.01161	0.01030	0.01330	0.01180	0.00805	0.15642	0.02229	0.03578	0.02549	0.02849	0.01968	0.00974	0.00637	0.00206	0.00506	0.00768	0.58634	0.00918
7	0.01917	0.01832	0.03120	0.23327	0.48484	0.01937	0.02480	0.02427	0.01826	0.02545	0.01538	0.02102	0.01256	0.00766	0.00825	0.00255	0.01021	0.00740	0.00399	0.01203
8	0.01201	0.00835	0.01057	0.01057	0.01110	0.00888	0.00692	0.01305	0.01253	0.01723	0.02479	0.04671	0.02688	0.48042	0.26536	0.00992	0.01306	0.01096	0.00483	0.00587
9	0.01208	0.00805	0.00906	0.00906	0.00906	0.00805	0.00503	0.01208	0.01208	0.01611	0.02618	0.05436	0.03020	0.70804	0.04228	0.00805	0.00805	0.01208	0.00503	0.00503
10	0.01612	0.01174	0.01413	0.01247	0.01539	0.01180	0.00962	0.15332	0.02654	0.03685	0.47224	0.09213	0.06248	0.01596	0.00951	0.00263	0.00515	0.01386	0.00887	0.00919
11	0.01725	0.01500	0.02251	0.02797	0.24231	0.01646	0.01674	0.07458	0.01814	0.02561	0.02335	0.17587	0.02374	0.02307	0.13552	0.00487	0.11025	0.01132	0.00530	0.01015
12	0.01601	0.01240	0.01308	0.01175	0.01533	0.01235	0.00910	0.16162	0.06180	0.03068	0.05922	0.11726	0.37383	0.01766	0.00924	0.00274	0.00557	0.01468	0.04655	0.00911
13	0.01208	0.00805	0.00906	0.00906	0.00906	0.00805	0.00503	0.01208	0.01208	0.01611	0.02618	0.05436	0.03020	0.70804	0.04228	0.00805	0.00805	0.01208	0.00503	0.00503
14	0.01723	0.01477	0.01723	0.01230	0.01969	0.01107	0.00984	0.02092	0.01723	0.02707	0.01477	0.01723	0.01230	0.00615	0.00615	0.00123	0.00615	0.00492	0.00492	0.75883
15	0.01506	0.01266	0.01730	0.01575	0.01669	0.01592	0.01233	0.04608	0.01415	0.02054	0.01895	0.03113	0.01882	0.16596	0.29744	0.00844	0.25158	0.00887	0.00447	0.00787
16	0.01038	0.00844	0.00920	0.00901	0.01157	0.00725	0.00676	0.01301	0.02027	0.02560	0.24922	0.07475	0.48582	0.01986	0.00981	0.00275	0.00412	0.01680	0.00813	0.00725
17	0.01051	0.00844	0.00937	0.00914	0.01164	0.00731	0.00686	0.01326	0.02057	0.02631	0.28635	0.07358	0.44825	0.01959	0.00981	0.00274	0.00411	0.01664	0.00822	0.00731
18	0.01867	0.01780	0.03030	0.29876	0.42326	0.01924	0.02455	0.02383	0.01802	0.02484	0.01529	0.02118	0.01235	0.00775	0.00826	0.00258	0.01034	0.00739	0.00395	0.01163
