[name]
unknown

[dist]
# distance from previous block
# <min> <max>
0	0

[block]
# block no. 0 follows, 22 sequences, length 56
# corresponding to MSA columns:
# 0-55
name=unknown_A
#
# <colnr> <probs for GDERKNQSTAVLIFYWHMCP>
#	G	D	E	R	K	N	Q	S	T	A	V	L	I	F	Y	W	H	M	C	P
0	0.01339	0.00956	0.01339	0.01530	0.01721	0.00956	0.01339	0.01721	0.01912	0.02486	0.04399	0.09371	0.04781	0.02295	0.01147	0.00382	0.00765	0.60031	0.00765	0.00765
1	0.02387	0.02540	0.02819	0.10440	0.32301	0.22202	0.02098	0.06044	0.06328	0.02627	0.01614	0.01968	0.01306	0.00825	0.00803	0.00242	0.01131	0.00691	0.00464	0.01171
2	0.10077	0.05938	0.02213	0.04882	0.05173	0.13958	0.01454	0.18447	0.18299	0.03436	0.02457	0.02482	0.05629	0.01018	0.00781	0.00251	0.00905	0.00775	0.00661	0.01164
3	0.01034	0.00783	0.00907	0.00992	0.01122	0.00707	0.00671	0.01179	0.01643	0.02082	0.05732	0.35134	0.28231	0.13995	0.01568	0.00395	0.00513	0.01930	0.00726	0.00656
4	0.02749	0.02088	0.02308	0.04407	0.02555	0.02193	0.01465	0.45806	0.03291	0.04503	0.01849	0.01938	0.01357	0.00899	0.00779	0.00220	0.00850	0.00686	0.00731	0.19326
5	0.11180	0.01269	0.01350	0.04158	0.01718	0.01304	0.00972	0.14675	0.02228	0.03102	0.07763	0.15273	0.28504	0.01699	0.00895	0.00279	0.00594	0.01409	0.00740	0.00889
6	0.01381	0.01057	0.01373	0.05526	0.01822	0.01007	0.01079	0.05447	0.01836	0.02503	0.03627	0.36311	0.04045	0.01968	0.00971	0.00299	0.00633	0.14235	0.00699	0.14179
7	0.01101	0.00781	0.00984	0.01092	0.01156	0.00757	0.00731	0.01230	0.01496	0.01982	0.04073	0.38137	0.08518	0.23778	0.06281	0.00544	0.00706	0.05351	0.00668	0.00634
8	0.01096	0.00846	0.01000	0.00962	0.01192	0.00750	0.00721	0.01413	0.02163	0.02885	0.41862	0.06941	0.31439	0.01865	0.00981	0.00269	0.00404	0.01605	0.00856	0.00750
9	0.01707	0.01715	0.03197	0.47001	0.09406	0.01923	0.18476	0.02296	0.01757	0.02307	0.01537	0.02211	0.01163	0.00790	0.00870	0.00276	0.01178	0.00803	0.00386	0.01002
10	0.02275	0.02477	0.02880	0.17344	0.34039	0.21914	0.02212	0.02695	0.01985	0.02384	0.01460	0.01919	0.01198	0.00794	0.00802	0.00243	0.01168	0.00677	0.00408	0.01127
11	0.01012	0.00723	0.00964	0.01157	0.01205	0.00675	0.00771	0.01157	0.01591	0.02121	0.04579	0.70262	0.05495	0.02603	0.01060	0.00337	0.00482	0.02362	0.00771	0.00675
12	0.01372	0.01181	0.01224	0.01180	0.01469	0.03967	0.00898	0.02089	0.15395	0.02757	0.19881	0.10190	0.29038	0.01784	0.00954	0.00282	0.00532	0.04137	0.00805	0.00865
13	0.01723	0.01477	0.01723	0.01230	0.01969	0.01107	0.00984	0.02092	0.01723	0.02707	0.01477	0.01723	0.01230	0.00615	0.00615	0.00123	0.00615	0.00492	0.00492	0.75883
14	0.02494	0.01742	0.01878	0.01510	0.01995	0.01887	0.01222	0.39462	0.03155	0.04446	0.10267	0.02815	0.02418	0.01080	0.00786	0.00237	0.00713	0.00851	0.19874	0.01169
15	0.01176	0.00849	0.01110	0.01045	0.01241	0.00784	0.00784	0.01568	0.02352	0.03331	0.65184	0.06206	0.07839	0.01698	0.00980	0.00261	0.00392	0.01502	0.00914	0.00784
16	0.12372	0.02567	0.02191	0.01829	0.02380	0.19225	0.01454	0.29854	0.13311	0.03916	0.01936	0.01969	0.01447	0.00954	0.00772	0.00247	0.00988	0.00687	0.00688	0.01214
17	0.01037	0.00734	0.00957	0.01125	0.01167	0.00691	0.00737	0.01163	0.01542	0.02055	0.04328	0.61963	0.05178	0.11334	0.01466	0.00397	0.00523	0.02214	0.00737	0.00653
18	0.02878	0.03532	0.02573	0.02777	0.16138	0.53374	0.01808	0.03152	0.02255	0.02180	0.01344	0.01618	0.01123	0.00831	0.00765	0.00221	0.01388	0.00579	0.00424	0.01039
19	0.01882	0.01797	0.03058	0.27800	0.44278	0.01928	0.02463	0.02397	0.01809	0.02503	0.01532	0.02113	0.01242	0.00772	0.00825	0.00257	0.01030	0.00740	0.00396	0.01176
20	0.00982	0.00842	0.00842	0.00842	0.01122	0.00701	0.00631	0.01192	0.01894	0.02244	0.08416	0.07995	0.65285	0.02104	0.00982	0.00281	0.00421	0.01753	0.00771	0.00701
21	0.03115	0.03608	0.02384	0.02091	0.02570	0.53504	0.01600	0.16130	0.02688	0.02722	0.01437	0.01605	0.01144	0.00886	0.00767	0.00222	0.01372	0.00581	0.00515	0.01060
22	0.13263	0.02094	0.02187	0.01710	0.02323	0.02311	0.01408	0.48328	0.03364	0.07329	0.01974	0.02007	0.01412	0.00965	0.00772	0.00247	0.00835	0.00712	0.05456	0.01302
23	0.11522	0.01308	0.01441	0.01283	0.01670	0.01363	0.00999	0.02766	0.21011	0.08747	0.26948	0.04237	0.07562	0.01321	0.00850	0.00262	0.00544	0.01106	0.00825	0.04236
24	0.01623	0.01532	0.02172	0.01921	0.01966	0.02081	0.01578	0.01840	0.01292	0.01977	0.01440	0.02263	0.01394	0.02924	0.22670	0.00663	0.48640	0.00777	0.00389	0.00857
25	0.01012	0.00723	0.00964	0.01157	0.01205	0.00675	0.00771	0.01157	0.01591	0.02121	0.04579	0.70262	0.05495	0.02603	0.01060	0.00337	0.00482	0.02362	0.00771	0.00675
26	0.01029	0.00735	0.00983	0.01176	0.01231	0.00689	0.00800	0.01186	0.01607	0.02139	0.04570	0.67146	0.05458	0.02587	0.01065	0.00340	0.00496	0.05313	0.00771	0.00679
27	0.02056	0.01974	0.03372	0.05099	0.65622	0.01974	0.02550	0.02550	0.01892	0.02714	0.01563	0.02056	0.01316	0.00740	0.00822	0.00247	0.00987	0.00740	0.00411	0.01316
28	0.01982	0.02092	0.02520	0.02176	0.02231	0.10856	0.01790	0.02168	0.01411	0.02004	0.01115	0.01777	0.01088	0.01377	0.02473	0.00344	0.60606	0.00702	0.00372	0.00916
29	0.01075	0.00757	0.00970	0.01089	0.01145	0.00717	0.00715	0.01220	0.01606	0.02166	0.11915	0.48110	0.05262	0.17165	0.01732	0.00428	0.00540	0.02003	0.00732	0.00652
30	0.01666	0.04297	0.66500	0.02368	0.03596	0.01929	0.03069	0.02631	0.01754	0.02631	0.01491	0.01754	0.01052	0.00789	0.00789	0.00263	0.01228	0.00614	0.00351	0.01228
31	0.03103	0.03959	0.02354	0.02140	0.02568	0.67469	0.01605	0.03317	0.02354	0.02033	0.01284	0.01498	0.01070	0.00856	0.00749	0.00214	0.01498	0.00535	0.00428	0.00963
32	0.01176	0.00849	0.01110	0.01045	0.01241	0.00784	0.00784	0.01568	0.02352	0.03331	0.65184	0.06206	0.07839	0.01698	0.00980	0.00261	0.00392	0.01502	0.00914	0.00784
33	0.01549	0.00774	0.00774	0.00774	0.00968	0.00774	0.00581	0.01936	0.01742	0.03097	0.02710	0.03097	0.02129	0.00968	0.00581	0.00194	0.00387	0.00774	0.75416	0.00774
34	0.01666	0.04297	0.66500	0.02368	0.03596	0.01929	0.03069	0.02631	0.01754	0.02631	0.01491	0.01754	0.01052	0.00789	0.00789	0.00263	0.01228	0.00614	0.00351	0.01228
35	0.01818	0.01818	0.02545	0.02181	0.02181	0.02545	0.01818	0.01999	0.01272	0.01999	0.01091	0.01818	0.01091	0.01454	0.02726	0.00364	0.69284	0.00727	0.00364	0.00909
36	0.01004	0.00849	0.00873	0.00885	0.01160	0.00717	0.00675	0.01225	0.01895	0.02259	0.08165	0.08081	0.61504	0.02116	0.00992	0.00287	0.00442	0.05395	0.00771	0.00705
37	0.01996	0.01037	0.01263	0.01117	0.01331	0.01006	0.00777	0.05879	0.01694	0.17514	0.02609	0.04050	0.02426	0.35655	0.02766	0.09259	0.00743	0.00995	0.07095	0.00788
38	0.01530	0.16936	0.17567	0.01707	0.02293	0.01691	0.07991	0.01970	0.01753	0.02322	0.05485	0.22324	0.10215	0.01474	0.00862	0.00270	0.00832	0.01287	0.00551	0.00944
39	0.01186	0.01213	0.07983	0.01142	0.01465	0.00887	0.00993	0.01600	0.02190	0.03023	0.46216	0.06119	0.19482	0.01689	0.00960	0.00266	0.00487	0.01462	0.00824	0.00813
40	0.35962	0.01805	0.03590	0.01328	0.01767	0.08611	0.01086	0.10024	0.01877	0.03336	0.01762	0.06224	0.01514	0.01321	0.04178	0.03550	0.00831	0.00698	0.09616	0.00922
41	0.01925	0.01791	0.02952	0.31211	0.36852	0.01959	0.02387	0.06226	0.01925	0.02631	0.01555	0.02118	0.01236	0.00794	0.00826	0.00259	0.01032	0.00740	0.00421	0.01160
42	0.01204	0.00885	0.01309	0.01309	0.01459	0.01026	0.01017	0.01505	0.01354	0.01983	0.02248	0.03256	0.02079	0.05985	0.64388	0.01282	0.02139	0.00885	0.03945	0.00743
43	0.02616	0.02451	0.02529	0.05725	0.16206	0.16193	0.01774	0.22556	0.15139	0.03509	0.02004	0.02134	0.01530	0.00930	0.00814	0.00249	0.01012	0.00739	0.00636	0.01253
44	0.01489	0.01328	0.01940	0.02168	0.17151	0.01193	0.05074	0.01861	0.01933	0.02670	0.15066	0.07214	0.19928	0.01333	0.00872	0.00239	0.00656	0.01185	0.00632	0.16067
45	0.24622	0.01625	0.02490	0.05579	0.05982	0.01644	0.18808	0.02364	0.01868	0.05978	0.15234	0.02816	0.02596	0.00957	0.00800	0.00260	0.00851	0.00879	0.00582	0.04063
46	0.06632	0.02028	0.07097	0.12690	0.47385	0.01952	0.02398	0.02570	0.04378	0.02728	0.01596	0.02056	0.01296	0.00773	0.00803	0.00254	0.00983	0.00722	0.00426	0.01234
47	0.05943	0.01634	0.01828	0.05535	0.02202	0.01700	0.01234	0.24955	0.06739	0.03617	0.02785	0.13701	0.06193	0.01251	0.00816	0.00246	0.00719	0.01031	0.03451	0.14422
48	0.17768	0.01297	0.01480	0.09907	0.02142	0.01392	0.01127	0.02381	0.12795	0.06757	0.03156	0.22821	0.06116	0.01466	0.00828	0.00281	0.00647	0.01241	0.00676	0.05722
49	0.08092	0.02236	0.10914	0.38401	0.11715	0.10275	0.02229	0.02419	0.01769	0.02381	0.01437	0.01972	0.01103	0.00813	0.00787	0.00262	0.01120	0.00672	0.00391	0.01012
50	0.01787	0.01777	0.02537	0.43054	0.17195	0.07926	0.02144	0.02271	0.01788	0.02267	0.01842	0.02398	0.04532	0.00872	0.00820	0.00258	0.01062	0.00762	0.00410	0.04298
51	0.19196	0.01757	0.05338	0.19790	0.16734	0.01746	0.05658	0.02333	0.01689	0.02808	0.01500	0.01944	0.01181	0.00767	0.00722	0.00241	0.00896	0.00652	0.04431	0.10618
52	0.01473	0.01302	0.01982	0.08259	0.09855	0.01507	0.03856	0.01751	0.01545	0.02181	0.06240	0.16579	0.02781	0.09551	0.11120	0.00510	0.16953	0.01192	0.00515	0.00847
53	0.01712	0.01408	0.01505	0.01390	0.01653	0.06834	0.01095	0.08424	0.05789	0.02681	0.03134	0.03714	0.10739	0.02758	0.20413	0.00574	0.07050	0.03295	0.14948	0.00883
54	0.05891	0.02373	0.02127	0.01817	0.02198	0.20263	0.01447	0.21193	0.02450	0.03199	0.01694	0.02020	0.01369	0.01473	0.06803	0.00347	0.13181	0.00686	0.08416	0.01051
55	0.17302	0.02491	0.02053	0.17639	0.05478	0.29108	0.01571	0.02624	0.01959	0.02503	0.05097	0.02253	0.04797	0.00939	0.00748	0.00245	0.01098	0.00690	0.00475	0.00932

[dist]
# distance from previous block
# <min> <max>
20	53

[block]
# block no. 1 follows, 22 sequences, length 41
# corresponding to MSA columns:
# 110-150
name=unknown_B
#
# <colnr> <probs for GDERKNQSTAVLIFYWHMCP>
#	G	D	E	R	K	N	Q	S	T	A	V	L	I	F	Y	W	H	M	C	P
0	0.07966	0.02492	0.15434	0.19310	0.10924	0.07723	0.10064	0.05877	0.07190	0.02761	0.01662	0.02040	0.01258	0.00826	0.00810	0.00263	0.01104	0.00722	0.00458	0.01115
1	0.03117	0.03549	0.02389	0.02083	0.02570	0.51174	0.01599	0.18267	0.02744	0.02837	0.01463	0.01623	0.01156	0.00892	0.00770	0.00223	0.01351	0.00589	0.00529	0.01076
2	0.01858	0.02440	0.18680	0.17806	0.37822	0.01936	0.02626	0.02480	0.01809	0.02569	0.01527	0.02015	0.01207	0.00771	0.00816	0.00257	0.01071	0.00709	0.00388	0.01212
3	0.01022	0.00806	0.00928	0.01017	0.01202	0.00712	0.00741	0.01221	0.01780	0.02217	0.06632	0.31827	0.37665	0.02309	0.01025	0.00310	0.00472	0.06649	0.00771	0.00696
4	0.01204	0.00822	0.00991	0.00991	0.01021	0.00852	0.00609	0.01263	0.01233	0.01674	0.02540	0.05006	0.02833	0.58000	0.16777	0.00910	0.01087	0.01145	0.00492	0.00551
5	0.02235	0.17193	0.08694	0.11713	0.18613	0.17890	0.07364	0.02680	0.01923	0.02301	0.01403	0.01782	0.01150	0.00774	0.00756	0.00233	0.01161	0.00639	0.00394	0.01102
6	0.02020	0.15914	0.04671	0.03217	0.08808	0.02326	0.45667	0.02618	0.01901	0.02525	0.01567	0.02046	0.01226	0.00706	0.00879	0.00257	0.01266	0.00855	0.00407	0.01125
7	0.01176	0.00849	0.01110	0.01045	0.01241	0.00784	0.00784	0.01568	0.02352	0.03331	0.65184	0.06206	0.07839	0.01698	0.00980	0.00261	0.00392	0.01502	0.00914	0.00784
8	0.01446	0.18572	0.02093	0.01357	0.01646	0.01603	0.01135	0.01736	0.01424	0.01935	0.01956	0.02779	0.01823	0.04844	0.50693	0.01044	0.01890	0.00778	0.00423	0.00823
9	0.02039	0.05596	0.16884	0.02997	0.12898	0.12386	0.23488	0.02643	0.01991	0.02591	0.06911	0.02291	0.01744	0.00835	0.00861	0.00255	0.01210	0.00818	0.00445	0.01117
10	0.01418	0.01309	0.02437	0.02000	0.02353	0.01315	0.21623	0.01802	0.01580	0.02184	0.02475	0.14582	0.02459	0.08514	0.29101	0.00771	0.01544	0.01196	0.00497	0.00840
11	0.01217	0.00846	0.01051	0.01137	0.01217	0.00834	0.00814	0.01368	0.01514	0.01985	0.03685	0.14821	0.06541	0.37181	0.02697	0.00588	0.00736	0.20517	0.00633	0.00618
12	0.02499	0.50120	0.03724	0.01648	0.02269	0.23476	0.01479	0.02749	0.01898	0.01979	0.01196	0.01385	0.01067	0.00756	0.00601	0.00189	0.01080	0.00473	0.00378	0.01034
13	0.02056	0.01974	0.03372	0.05099	0.65622	0.01974	0.02550	0.02550	0.01892	0.02714	0.01563	0.02056	0.01316	0.00740	0.00822	0.00247	0.00987	0.00740	0.00411	0.01316
14	0.03572	0.01662	0.02082	0.01596	0.02245	0.01590	0.01318	0.20046	0.02793	0.49613	0.02928	0.02601	0.01881	0.01020	0.00834	0.00255	0.00763	0.00812	0.00975	0.01414
15	0.01217	0.00962	0.01194	0.01288	0.04251	0.00905	0.00944	0.01639	0.05312	0.02701	0.24025	0.09777	0.27475	0.01926	0.01002	0.00295	0.00520	0.12968	0.00801	0.00798
16	0.01176	0.00849	0.01110	0.01045	0.01241	0.00784	0.00784	0.01568	0.02352	0.03331	0.65184	0.06206	0.07839	0.01698	0.00980	0.00261	0.00392	0.01502	0.00914	0.00784
17	0.01092	0.00851	0.01297	0.01355	0.01470	0.00795	0.06003	0.01284	0.01622	0.02166	0.04334	0.64507	0.05136	0.02442	0.01054	0.00333	0.00560	0.02245	0.00741	0.00712
18	0.01012	0.00723	0.00964	0.01157	0.01205	0.00675	0.00771	0.01157	0.01591	0.02121	0.04579	0.70262	0.05495	0.02603	0.01060	0.00337	0.00482	0.02362	0.00771	0.00675
19	0.01911	0.01539	0.01903	0.01440	0.02024	0.01402	0.01170	0.02239	0.01689	0.07939	0.01552	0.01835	0.01273	0.00816	0.01052	0.00182	0.14239	0.00568	0.00512	0.54716
20	0.01666	0.04297	0.66500	0.02368	0.03596	0.01929	0.03069	0.02631	0.01754	0.02631	0.01491	0.01754	0.01052	0.00789	0.00789	0.00263	0.01228	0.00614	0.00351	0.01228
21	0.01181	0.00794	0.00914	0.00940	0.00947	0.00788	0.00540	0.01201	0.01260	0.01681	0.02886	0.14312	0.03359	0.61467	0.03795	0.00741	0.00761	0.01366	0.00540	0.00527
22	0.58628	0.01866	0.01526	0.01305	0.01844	0.05322	0.01068	0.14256	0.01947	0.03935	0.01326	0.01483	0.01008	0.00820	0.00588	0.00253	0.00739	0.00512	0.00572	0.01003
23	0.01829	0.01539	0.01779	0.01281	0.02014	0.01216	0.01028	0.06574	0.01884	0.02894	0.01515	0.01743	0.01244	0.00643	0.00631	0.00132	0.00637	0.00511	0.00517	0.70390
24	0.02717	0.02374	0.02973	0.02268	0.02928	0.08541	0.16506	0.37148	0.05920	0.04092	0.02185	0.02312	0.04102	0.00964	0.00867	0.00256	0.01057	0.00836	0.00690	0.01264
25	0.58400	0.18712	0.01990	0.01173	0.01736	0.02213	0.01028	0.02453	0.01481	0.03292	0.01156	0.01345	0.00941	0.00756	0.00519	0.00238	0.00703	0.00448	0.00475	0.00941
26	0.01042	0.00851	0.00925	0.00928	0.01187	0.00734	0.00710	0.01296	0.01974	0.02451	0.17969	0.07786	0.50855	0.02048	0.00994	0.00285	0.00441	0.06008	0.00796	0.00720
27	0.01018	0.00763	0.00946	0.01068	0.01187	0.00691	0.00737	0.01200	0.01731	0.02254	0.10670	0.49206	0.20707	0.02401	0.01034	0.00317	0.00459	0.02136	0.00783	0.00691
28	0.01569	0.01477	0.02492	0.68808	0.05722	0.01846	0.02307	0.02123	0.01661	0.02123	0.01477	0.02215	0.01107	0.00831	0.00831	0.00277	0.01107	0.00738	0.00369	0.00923
29	0.01012	0.00723	0.00964	0.01157	0.01205	0.00675	0.00771	0.01157	0.01591	0.02121	0.04579	0.70262	0.05495	0.02603	0.01060	0.00337	0.00482	0.02362	0.00771	0.00675
30	0.01012	0.00723	0.00964	0.01157	0.01205	0.00675	0.00771	0.01157	0.01591	0.02121	0.04579	0.70262	0.05495	0.02603	0.01060	0.00337	0.00482	0.02362	0.00771	0.00675
31	0.01305	0.01066	0.01598	0.07159	0.01937	0.01312	0.01252	0.01608	0.01354	0.01955	0.02007	0.02978	0.01860	0.05123	0.53040	0.01113	0.11271	0.00855	0.00428	0.00780
32	0.17717	0.01636	0.01931	0.04895	0.02293	0.01647	0.01284	0.15298	0.02457	0.38697	0.02519	0.02343	0.01655	0.00962	0.00772	0.00257	0.00756	0.00738	0.00856	0.01289
33	0.01120	0.00810	0.01081	0.01259	0.01372	0.00771	0.00952	0.01349	0.01721	0.02253	0.04801	0.45192	0.09665	0.02462	0.01084	0.00348	0.00573	0.21711	0.00769	0.00707
34	0.01331	0.01233	0.02286	0.01944	0.02258	0.01154	0.21530	0.01662	0.01715	0.02302	0.03606	0.47426	0.04073	0.01964	0.01034	0.00318	0.00790	0.01898	0.00653	0.00824
35	0.02030	0.01947	0.03324	0.08541	0.62386	0.01967	0.02536	0.02526	0.01879	0.02682	0.01558	0.02065	0.01305	0.00745	0.00823	0.00248	0.00993	0.00740	0.00409	0.01295
36	0.00992	0.00842	0.00856	0.00852	0.01128	0.00706	0.00639	0.01212	0.01918	0.02302	0.11417	0.07900	0.62248	0.02082	0.00982	0.00280	0.00419	0.01740	0.00779	0.00706
37	0.01993	0.01909	0.03258	0.13372	0.57844	0.01957	0.02518	0.02494	0.01862	0.02637	0.01551	0.02077	0.01289	0.00752	0.00823	0.00251	0.01003	0.00740	0.00406	0.01265
38	0.04800	0.12853	0.02024	0.01496	0.01848	0.16087	0.01216	0.04470	0.01891	0.02334	0.07138	0.03597	0.07395	0.02725	0.20609	0.00568	0.01326	0.06212	0.00535	0.00876
39	0.04328	0.01602	0.14895	0.01361	0.01689	0.01160	0.01234	0.01647	0.01373	0.02014	0.02194	0.03792	0.02214	0.32303	0.23855	0.00841	0.01348	0.00949	0.00453	0.00749
40	0.01968	0.31455	0.24846	0.06104	0.15329	0.02496	0.02243	0.02528	0.01749	0.02340	0.01365	0.01664	0.01113	0.00749	0.00692	0.00225	0.01033	0.00575	0.00366	0.01162

[dist]
# distance from previous block
# <min> <max>
1	4

[block]
# block no. 2 follows, 22 sequences, length 21
# corresponding to MSA columns:
# 155-175
name=unknown_C
#
# <colnr> <probs for GDERKNQSTAVLIFYWHMCP>
#	G	D	E	R	K	N	Q	S	T	A	V	L	I	F	Y	W	H	M	C	P
0	0.02020	0.01937	0.03307	0.09812	0.61191	0.01964	0.02532	0.02518	0.01875	0.02670	0.01556	0.02068	0.01300	0.00747	0.00823	0.00249	0.00996	0.00740	0.00408	0.01287
1	0.01781	0.01576	0.02636	0.46412	0.20595	0.01808	0.02274	0.02301	0.01764	0.05239	0.01716	0.02533	0.01374	0.00884	0.00843	0.00273	0.01043	0.03480	0.00428	0.01038
2	0.01884	0.01799	0.03062	0.27560	0.44504	0.01929	0.02464	0.02399	0.01810	0.02506	0.01532	0.02112	0.01242	0.00772	0.00825	0.00257	0.01029	0.00740	0.00396	0.01177
3	0.01808	0.01721	0.02925	0.37477	0.35180	0.01909	0.02426	0.02333	0.01774	0.02413	0.01519	0.02137	0.01210	0.00786	0.00827	0.00262	0.01048	0.00739	0.00390	0.01116
4	0.01966	0.01902	0.02156	0.07547	0.21803	0.14534	0.01644	0.02313	0.01996	0.05885	0.03685	0.04288	0.18533	0.01299	0.00883	0.00265	0.00911	0.06807	0.00575	0.01005
5	0.02371	0.02223	0.02289	0.02575	0.18258	0.19618	0.01637	0.06167	0.08369	0.08832	0.02243	0.02525	0.04022	0.01894	0.12823	0.00440	0.01263	0.00780	0.00563	0.01108
6	0.01072	0.00843	0.00996	0.00993	0.01205	0.00783	0.00737	0.01321	0.01835	0.02371	0.18446	0.10072	0.35563	0.06373	0.13137	0.00497	0.00763	0.01551	0.00728	0.00714
7	0.01012	0.00723	0.00964	0.01157	0.01205	0.00675	0.00771	0.01157	0.01591	0.02121	0.04579	0.70262	0.05495	0.02603	0.01060	0.00337	0.00482	0.02362	0.00771	0.00675
8	0.02056	0.01974	0.03372	0.05099	0.65622	0.01974	0.02550	0.02550	0.01892	0.02714	0.01563	0.02056	0.01316	0.00740	0.00822	0.00247	0.00987	0.00740	0.00411	0.01316
9	0.01394	0.01075	0.01588	0.14957	0.02359	0.01262	0.01289	0.04846	0.01565	0.02227	0.02098	0.02973	0.01850	0.04477	0.45611	0.00980	0.01795	0.00843	0.05996	0.00816
10	0.00984	0.00834	0.00849	0.00862	0.01127	0.00700	0.00640	0.01190	0.01874	0.02236	0.08172	0.11950	0.61487	0.02136	0.00987	0.00284	0.00425	0.01792	0.00771	0.00700
11	0.01666	0.04297	0.66500	0.02368	0.03596	0.01929	0.03069	0.02631	0.01754	0.02631	0.01491	0.01754	0.01052	0.00789	0.00789	0.00263	0.01228	0.00614	0.00351	0.01228
12	0.01259	0.00931	0.01347	0.01326	0.01471	0.01097	0.01036	0.01559	0.01373	0.02051	0.02210	0.03165	0.02026	0.05425	0.57042	0.01164	0.05843	0.00869	0.08051	0.00755
13	0.01187	0.00890	0.01335	0.01335	0.01483	0.01038	0.01038	0.01483	0.01335	0.01928	0.02225	0.03264	0.02077	0.06231	0.67512	0.01335	0.02225	0.00890	0.00445	0.00742
14	0.00994	0.00795	0.00889	0.00965	0.01154	0.00691	0.00686	0.01178	0.01775	0.02196	0.06917	0.32321	0.41927	0.02299	0.01013	0.00303	0.00445	0.01991	0.00771	0.00691
15	0.01012	0.00723	0.00964	0.01157	0.01205	0.00675	0.00771	0.01157	0.01591	0.02121	0.04579	0.70262	0.05495	0.02603	0.01060	0.00337	0.00482	0.02362	0.00771	0.00675
16	0.01975	0.02801	0.19172	0.24143	0.10308	0.13735	0.11173	0.02587	0.01876	0.02372	0.01484	0.01957	0.01129	0.00797	0.00826	0.00260	0.01239	0.00705	0.00387	0.01075
17	0.17839	0.04606	0.02452	0.01823	0.02395	0.01811	0.16673	0.15028	0.02229	0.03291	0.03490	0.03564	0.19039	0.01170	0.00831	0.00265	0.00842	0.01011	0.00623	0.01017
18	0.02895	0.02458	0.02267	0.01839	0.02369	0.15726	0.01480	0.40577	0.03208	0.04172	0.01888	0.02012	0.01410	0.00987	0.00877	0.00241	0.04273	0.00706	0.09395	0.01222
19	0.01063	0.00838	0.00958	0.00942	0.01175	0.00734	0.00701	0.01344	0.02065	0.02683	0.31461	0.10686	0.38464	0.01965	0.00985	0.00276	0.00412	0.01684	0.00830	0.00734
20	0.02501	0.03019	0.02011	0.01892	0.02200	0.46917	0.01405	0.02696	0.02101	0.02054	0.02111	0.18992	0.02196	0.01333	0.00937	0.00254	0.04974	0.01010	0.00512	0.00887

[dist]
# distance from previous block
# <min> <max>
0	4

[block]
# block no. 3 follows, 22 sequences, length 68
# corresponding to MSA columns:
# 180-247
name=unknown_D
#
# <colnr> <probs for GDERKNQSTAVLIFYWHMCP>
#	G	D	E	R	K	N	Q	S	T	A	V	L	I	F	Y	W	H	M	C	P
0	0.02356	0.61032	0.04048	0.01531	0.02199	0.13077	0.01449	0.02614	0.01790	0.01967	0.01175	0.01358	0.01067	0.00733	0.00566	0.00183	0.00981	0.00458	0.00366	0.01050
1	0.06122	0.02850	0.15591	0.08297	0.17684	0.17345	0.02107	0.06631	0.10230	0.02795	0.01720	0.01974	0.01332	0.00853	0.00787	0.00250	0.01100	0.00678	0.00487	0.01167
2	0.01198	0.00936	0.01105	0.01111	0.01340	0.00892	0.00843	0.01699	0.08478	0.02739	0.25788	0.16247	0.24908	0.01960	0.00995	0.00293	0.00479	0.07369	0.00826	0.00795
3	0.01386	0.13154	0.05919	0.01384	0.01684	0.01449	0.01191	0.01697	0.01429	0.01971	0.02137	0.06424	0.02064	0.07997	0.45206	0.00991	0.01772	0.00889	0.00444	0.00812
4	0.02803	0.13843	0.02603	0.01980	0.02418	0.51026	0.01549	0.03022	0.02168	0.02028	0.01553	0.01766	0.03775	0.00923	0.00847	0.00220	0.05498	0.00584	0.00428	0.00964
5	0.01196	0.00800	0.00910	0.00922	0.00925	0.00797	0.00520	0.01205	0.01232	0.01643	0.02741	0.09523	0.03176	0.66505	0.04029	0.00776	0.00785	0.01281	0.00520	0.00514
6	0.01443	0.00722	0.01082	0.01082	0.01082	0.00722	0.00722	0.01082	0.01082	0.01443	0.01443	0.02525	0.01443	0.02886	0.03247	0.75830	0.00722	0.00722	0.00361	0.00361
7	0.05675	0.06650	0.05928	0.03512	0.34835	0.06130	0.02106	0.19214	0.02435	0.03361	0.01618	0.01915	0.01282	0.00820	0.00787	0.00242	0.00987	0.00693	0.00526	0.01284
8	0.08457	0.01747	0.01927	0.01748	0.01914	0.11300	0.01401	0.02029	0.01466	0.02131	0.01567	0.02293	0.01455	0.03168	0.27497	0.00711	0.27182	0.00738	0.00418	0.00851
9	0.01059	0.00809	0.00959	0.00992	0.01170	0.00724	0.00709	0.01295	0.01912	0.02503	0.24023	0.24497	0.28516	0.05571	0.01166	0.00317	0.00448	0.01819	0.00801	0.00709
10	0.02261	0.02139	0.02414	0.09480	0.17371	0.10682	0.01769	0.09604	0.28910	0.03150	0.02344	0.02442	0.01797	0.00958	0.00824	0.00261	0.00917	0.00799	0.00639	0.01239
11	0.01080	0.00840	0.00944	0.00995	0.01187	0.00756	0.00735	0.01274	0.01744	0.02158	0.06359	0.14595	0.38449	0.14151	0.01582	0.00394	0.00548	0.10813	0.00724	0.00674
12	0.03103	0.03959	0.02354	0.02140	0.02568	0.67469	0.01605	0.03317	0.02354	0.02033	0.01284	0.01498	0.01070	0.00856	0.00749	0.00214	0.01498	0.00535	0.00428	0.00963
13	0.02221	0.71304	0.04353	0.01421	0.02132	0.03287	0.01421	0.02488	0.01688	0.01955	0.01155	0.01333	0.01066	0.00711	0.00533	0.00178	0.00888	0.00444	0.00355	0.01066
14	0.02032	0.01321	0.01556	0.01423	0.01810	0.01352	0.01128	0.06026	0.20867	0.15544	0.08155	0.11743	0.12092	0.01592	0.00935	0.00294	0.00628	0.09571	0.00856	0.01076
15	0.01115	0.00847	0.01026	0.00981	0.01204	0.00758	0.00736	0.01449	0.02207	0.02989	0.47281	0.06770	0.25955	0.01826	0.00980	0.00267	0.00401	0.01582	0.00869	0.00758
16	0.01048	0.00771	0.00991	0.01153	0.01256	0.00714	0.00820	0.01233	0.01680	0.02186	0.05173	0.52609	0.15019	0.02484	0.01059	0.00334	0.00508	0.09501	0.00770	0.00690
17	0.01079	0.00768	0.01026	0.01209	0.01279	0.00731	0.00856	0.01258	0.01627	0.02158	0.04446	0.56295	0.05242	0.06089	0.01240	0.00370	0.00548	0.12343	0.00756	0.00682
18	0.01207	0.00810	0.00932	0.00932	0.00941	0.00819	0.00535	0.01225	0.01216	0.01630	0.02594	0.05307	0.02964	0.66946	0.08010	0.00837	0.00890	0.01189	0.00500	0.00518
19	0.01922	0.01837	0.03129	0.22661	0.49110	0.01939	0.02483	0.02432	0.01828	0.02551	0.01539	0.02100	0.01258	0.00765	0.00825	0.00255	0.01020	0.00740	0.00400	0.01208
20	0.01262	0.00902	0.01251	0.01442	0.01600	0.00890	0.01206	0.01589	0.01837	0.02400	0.04441	0.23640	0.04948	0.02367	0.01127	0.00372	0.00699	0.46517	0.00766	0.00744
21	0.01187	0.00796	0.00912	0.00933	0.00938	0.00791	0.00532	0.01203	0.01249	0.01666	0.02830	0.12444	0.03288	0.63432	0.03886	0.00755	0.00770	0.01333	0.00532	0.00522
22	0.01008	0.00843	0.00878	0.00869	0.01138	0.00712	0.00652	0.01242	0.01955	0.02390	0.16006	0.07756	0.57604	0.02050	0.00982	0.00278	0.00417	0.01720	0.00791	0.00712
23	0.01587	0.01386	0.02228	0.03187	0.33480	0.01370	0.01752	0.01944	0.01793	0.02476	0.03042	0.26320	0.03291	0.01622	0.00956	0.00299	0.00780	0.10887	0.00590	0.01010
24	0.03103	0.03959	0.02354	0.02140	0.02568	0.67469	0.01605	0.03317	0.02354	0.02033	0.01284	0.01498	0.01070	0.00856	0.00749	0.00214	0.01498	0.00535	0.00428	0.00963
25	0.02523	0.48391	0.03685	0.01651	0.02280	0.21069	0.01482	0.06402	0.02008	0.02177	0.01242	0.01419	0.01088	0.00769	0.00611	0.00192	0.01059	0.00488	0.00405	0.01059
26	0.01309	0.00948	0.01334	0.01302	0.01447	0.01119	0.01019	0.01613	0.01406	0.02155	0.02219	0.03107	0.02002	0.04826	0.49297	0.01036	0.07671	0.00854	0.14573	0.00762
27	0.01203	0.00825	0.01007	0.01007	0.01041	0.00860	0.00629	0.01273	0.01238	0.01685	0.02526	0.04927	0.02799	0.55673	0.19058	0.00930	0.01138	0.01134	0.00490	0.00559
28	0.02706	0.05850	0.17302	0.01963	0.02763	0.02392	0.01888	0.43462	0.03210	0.04371	0.01817	0.01897	0.01306	0.00919	0.00798	0.00243	0.00972	0.00692	0.00683	0.04765
29	0.01552	0.01180	0.01603	0.01403	0.01728	0.01225	0.01115	0.01858	0.01498	0.05991	0.01964	0.02662	0.01740	0.03875	0.38345	0.00835	0.08668	0.00760	0.00484	0.21513
30	0.02620	0.16915	0.12734	0.02204	0.10550	0.17358	0.01791	0.03031	0.02069	0.17053	0.04664	0.02094	0.01630	0.00879	0.00750	0.00230	0.01033	0.00668	0.00559	0.01167
31	0.01022	0.00731	0.00973	0.01150	0.01207	0.00682	0.00772	0.01183	0.01638	0.02197	0.08399	0.66224	0.05642	0.02546	0.01055	0.00333	0.00476	0.02308	0.00780	0.00682
32	0.01009	0.00734	0.00952	0.01126	0.01197	0.00677	0.00758	0.01160	0.01620	0.02133	0.04949	0.64250	0.11268	0.02555	0.01053	0.00332	0.00476	0.02303	0.00771	0.00677
33	0.07076	0.02571	0.02299	0.02527	0.17036	0.27141	0.01624	0.11666	0.02297	0.02904	0.01669	0.01973	0.01346	0.01085	0.03547	0.00274	0.01128	0.00655	0.10107	0.01075
34	0.01792	0.01592	0.02246	0.05956	0.25609	0.01696	0.01691	0.02853	0.23507	0.02813	0.02899	0.18410	0.02711	0.01316	0.00887	0.00282	0.00759	0.01189	0.00645	0.01147
35	0.01012	0.00723	0.00964	0.01157	0.01205	0.00675	0.00771	0.01157	0.01591	0.02121	0.04579	0.70262	0.05495	0.02603	0.01060	0.00337	0.00482	0.02362	0.00771	0.00675
36	0.01224	0.00941	0.01191	0.01246	0.01471	0.00931	0.01014	0.01640	0.04976	0.02454	0.11505	0.07248	0.22765	0.02802	0.12620	0.00500	0.00871	0.23098	0.00731	0.00771
37	0.19435	0.03144	0.20193	0.02030	0.02719	0.23243	0.08133	0.02729	0.01860	0.02631	0.01433	0.01848	0.01162	0.04982	0.00938	0.00280	0.01174	0.00624	0.00430	0.01011
38	0.02129	0.03353	0.27376	0.03018	0.16175	0.17348	0.10386	0.02749	0.01928	0.02482	0.01463	0.01823	0.01140	0.00814	0.00902	0.00255	0.04436	0.00675	0.00391	0.01155
39	0.01045	0.00844	0.00929	0.00908	0.01161	0.00728	0.00681	0.01314	0.02043	0.02598	0.26900	0.07412	0.46580	0.01972	0.00981	0.00274	0.00411	0.01672	0.00818	0.00728
40	0.01352	0.01207	0.01317	0.01472	0.06273	0.07353	0.00988	0.01626	0.01986	0.02549	0.22330	0.23944	0.18053	0.01909	0.00976	0.00286	0.00593	0.04242	0.00751	0.00793
41	0.02054	0.05574	0.03187	0.03703	0.34900	0.08732	0.08418	0.02467	0.01798	0.02430	0.01510	0.02045	0.01301	0.01301	0.06546	0.00350	0.11399	0.00740	0.00407	0.01139
42	0.03046	0.03671	0.02429	0.02293	0.06337	0.56803	0.01659	0.09466	0.02488	0.02407	0.01375	0.01583	0.01120	0.00864	0.00762	0.00220	0.01407	0.00569	0.00469	0.01031
43	0.09603	0.01310	0.03750	0.04106	0.01834	0.01220	0.01123	0.08385	0.02108	0.09476	0.07850	0.08092	0.23975	0.01665	0.00921	0.00291	0.00648	0.11975	0.00751	0.00915
44	0.02303	0.36014	0.07317	0.02165	0.11898	0.12523	0.01696	0.02644	0.01877	0.05535	0.04700	0.01847	0.01509	0.00843	0.00762	0.00216	0.04017	0.00601	0.00439	0.01095
45	0.01362	0.01117	0.01378	0.01346	0.01432	0.04048	0.00992	0.01545	0.01408	0.01966	0.02556	0.15950	0.02732	0.19178	0.23825	0.00764	0.12227	0.01191	0.04271	0.00712
46	0.01866	0.01241	0.01415	0.01317	0.01624	0.01301	0.01063	0.18494	0.02392	0.03451	0.06358	0.11402	0.03201	0.01495	0.00853	0.00272	0.00630	0.14856	0.25831	0.00937
47	0.01089	0.00888	0.00971	0.00967	0.01218	0.00798	0.00718	0.01459	0.05750	0.02521	0.18891	0.13967	0.43771	0.02017	0.00981	0.00283	0.00436	0.01719	0.00804	0.00752
48	0.02425	0.01897	0.02098	0.01575	0.02268	0.01850	0.01283	0.31333	0.05247	0.03951	0.01801	0.01908	0.01370	0.00819	0.00728	0.00190	0.00760	0.00633	0.00669	0.37196
49	0.03044	0.02270	0.02429	0.01888	0.02533	0.02523	0.01552	0.56772	0.10171	0.05052	0.02139	0.02109	0.01530	0.01011	0.00833	0.00253	0.00887	0.00768	0.00833	0.01403
50	0.02221	0.71304	0.04353	0.01421	0.02132	0.03287	0.01421	0.02488	0.01688	0.01955	0.01155	0.01333	0.01066	0.00711	0.00533	0.00178	0.00888	0.00444	0.00355	0.01066
51	0.01276	0.00944	0.01144	0.01153	0.01344	0.00907	0.00836	0.07695	0.02090	0.02799	0.21638	0.35421	0.15395	0.02106	0.01002	0.00298	0.00492	0.01858	0.00817	0.00786
52	0.01110	0.00847	0.01020	0.00976	0.01201	0.00756	0.00732	0.01441	0.02197	0.02964	0.46000	0.06810	0.27251	0.01835	0.00980	0.00268	0.00402	0.01587	0.00866	0.00756
53	0.01033	0.00776	0.00957	0.01054	0.01189	0.00701	0.00736	0.01238	0.01803	0.02364	0.16144	0.42671	0.21686	0.02314	0.01026	0.00309	0.00450	0.02051	0.00796	0.00701
54	0.01208	0.00805	0.00906	0.00906	0.00906	0.00805	0.00503	0.01208	0.01208	0.01611	0.02618	0.05436	0.03020	0.70804	0.04228	0.00805	0.00805	0.01208	0.00503	0.00503
55	0.01012	0.00723	0.00964	0.01157	0.01205	0.00675	0.00771	0.01157	0.01591	0.02121	0.04579	0.70262	0.05495	0.02603	0.01060	0.00337	0.00482	0.02362	0.00771	0.00675
56	0.02009	0.01887	0.01923	0.20095	0.02919	0.16923	0.01493	0.08364	0.01945	0.02422	0.01747	0.02336	0.01446	0.02023	0.12646	0.08296	0.01255	0.00720	0.08676	0.00876
57	0.03320	0.01953	0.02247	0.01736	0.02382	0.02035	0.01430	0.37571	0.06332	0.28331	0.02552	0.02367	0.01714	0.01016	0.00833	0.00254	0.00823	0.00791	0.00907	0.01408
58	0.01187	0.00890	0.01335	0.01335	0.01483	0.01038	0.01038	0.01483	0.01335	0.01928	0.02225	0.03264	0.02077	0.06231	0.67512	0.01335	0.02225	0.00890	0.00445	0.00742
59	0.02041	0.02190	0.02511	0.02174	0.02248	0.13849	0.01781	0.02229	0.01461	0.02005	0.01124	0.01762	0.01087	0.01350	0.02382	0.00337	0.57481	0.00694	0.00375	0.00918
60	0.01132	0.00941	0.00987	0.00973	0.01247	0.00862	0.00732	0.01564	0.08230	0.02396	0.10205	0.07311	0.49522	0.06185	0.01173	0.00316	0.00482	0.04211	0.00769	0.00759
61	0.01187	0.00890	0.01335	0.01335	0.01483	0.01038	0.01038	0.01483	0.01335	0.01928	0.02225	0.03264	0.02077	0.06231	0.67512	0.01335	0.02225	0.00890	0.00445	0.00742
62	0.01699	0.01566	0.02604	0.18910	0.36673	0.01640	0.02077	0.02124	0.01768	0.02438	0.02249	0.18076	0.02247	0.01198	0.00880	0.00275	0.00896	0.01120	0.00486	0.01075
63	0.01950	0.01699	0.02867	0.03520	0.35203	0.01690	0.11232	0.05357	0.01921	0.02836	0.01841	0.02334	0.01495	0.00927	0.00943	0.04854	0.00902	0.00784	0.16529	0.01116
64	0.01889	0.01803	0.03069	0.26995	0.45035	0.01930	0.02466	0.02403	0.01812	0.02511	0.01533	0.02111	0.01244	0.00771	0.00825	0.00257	0.01028	0.00740	0.00397	0.01181
65	0.01380	0.01250	0.01780	0.04993	0.23138	0.01182	0.01356	0.01711	0.01912	0.02465	0.09286	0.05647	0.37585	0.01567	0.00922	0.00268	0.00638	0.01355	0.00642	0.00923
66	0.02021	0.01938	0.03309	0.09649	0.61345	0.01965	0.02532	0.02519	0.01875	0.02672	0.01556	0.02067	0.01301	0.00747	0.00823	0.00249	0.00996	0.00740	0.00408	0.01288
67	0.01720	0.01537	0.02467	0.21403	0.28817	0.01608	0.01926	0.02106	0.01665	0.02322	0.01664	0.02498	0.01469	0.08292	0.04644	0.04870	0.01009	0.00768	0.00416	0.08798

[dist]
# distance from previous block
# <min> <max>
2	5

[block]
# block no. 4 follows, 22 sequences, length 22
# corresponding to MSA columns:
# 253-274
name=unknown_E
#
# <colnr> <probs for GDERKNQSTAVLIFYWHMCP>
#	G	D	E	R	K	N	Q	S	T	A	V	L	I	F	Y	W	H	M	C	P
0	0.01629	0.01452	0.01461	0.01419	0.01593	0.13966	0.01066	0.01777	0.01498	0.01894	0.01898	0.02759	0.01751	0.04282	0.38548	0.16491	0.01700	0.00781	0.03329	0.00707
1	0.01768	0.01676	0.02269	0.14153	0.24048	0.06391	0.01751	0.02423	0.09346	0.02726	0.14897	0.03585	0.09222	0.01137	0.00868	0.00260	0.00832	0.01001	0.00592	0.01056
2	0.16229	0.01258	0.01547	0.04672	0.10495	0.01333	0.01197	0.02084	0.08256	0.02660	0.03122	0.08735	0.10217	0.01620	0.01203	0.11954	0.00686	0.07725	0.04150	0.00856
3	0.02004	0.02001	0.03022	0.23683	0.42371	0.07685	0.02395	0.02491	0.01864	0.02479	0.01513	0.02054	0.01233	0.00777	0.00818	0.00253	0.01067	0.00722	0.00400	0.01169
4	0.01666	0.04297	0.66500	0.02368	0.03596	0.01929	0.03069	0.02631	0.01754	0.02631	0.01491	0.01754	0.01052	0.00789	0.00789	0.00263	0.01228	0.00614	0.00351	0.01228
5	0.01048	0.00844	0.00934	0.00911	0.01163	0.00730	0.00684	0.01321	0.02051	0.02617	0.27894	0.07381	0.45574	0.01965	0.00981	0.00274	0.00411	0.01667	0.00821	0.00730
6	0.01980	0.01478	0.01842	0.01986	0.13125	0.01564	0.01282	0.17083	0.07763	0.03381	0.09490	0.03275	0.02596	0.09415	0.04603	0.00362	0.00791	0.00916	0.16025	0.01044
7	0.01024	0.00786	0.00939	0.01022	0.01179	0.00701	0.00720	0.01230	0.01815	0.02342	0.14786	0.37562	0.28340	0.02284	0.01019	0.00305	0.00446	0.02008	0.00792	0.00701
8	0.02423	0.02094	0.02639	0.01983	0.02677	0.05266	0.12334	0.26365	0.06770	0.03712	0.01833	0.02002	0.01386	0.00827	0.00788	0.00216	0.00921	0.00712	0.00633	0.24418
9	0.02503	0.23374	0.07080	0.02024	0.02633	0.26945	0.08570	0.08060	0.02145	0.02392	0.01428	0.01709	0.01186	0.01158	0.05121	0.00291	0.01287	0.00606	0.00437	0.01053
10	0.05269	0.28971	0.03119	0.02075	0.09453	0.14133	0.01576	0.02974	0.14003	0.02428	0.01655	0.01834	0.01379	0.00889	0.00857	0.00232	0.06956	0.00616	0.00478	0.01105
11	0.01764	0.01136	0.01272	0.01146	0.01396	0.01217	0.00863	0.14861	0.02032	0.03058	0.02450	0.03347	0.02140	0.15590	0.13365	0.00530	0.00913	0.00874	0.31193	0.00853
12	0.01164	0.00964	0.01472	0.01424	0.01586	0.00931	0.07944	0.01374	0.01635	0.02166	0.04429	0.48970	0.11518	0.05765	0.01277	0.00349	0.03601	0.02002	0.00699	0.00731
13	0.01739	0.01666	0.02532	0.18755	0.11210	0.04914	0.12560	0.07372	0.02013	0.02586	0.03273	0.11051	0.14250	0.01263	0.00908	0.00276	0.00942	0.01157	0.00552	0.00981
14	0.01766	0.01681	0.02612	0.02879	0.21012	0.04140	0.12599	0.02437	0.09055	0.02684	0.05599	0.04634	0.09873	0.01316	0.00946	0.00290	0.00907	0.13915	0.00601	0.01055
15	0.01013	0.00772	0.00915	0.01023	0.01156	0.00693	0.00702	0.01173	0.01681	0.02136	0.05900	0.42956	0.27782	0.06560	0.01223	0.00344	0.00479	0.02063	0.00755	0.00674
16	0.01196	0.00832	0.01139	0.01178	0.01291	0.00905	0.00861	0.01433	0.01415	0.02057	0.02800	0.16813	0.02888	0.13652	0.38131	0.00935	0.01478	0.01211	0.09084	0.00700
17	0.02169	0.02115	0.03121	0.03961	0.40433	0.06465	0.04719	0.07785	0.01975	0.02742	0.01490	0.01973	0.01260	0.00915	0.01214	0.00270	0.15008	0.00735	0.00440	0.01210
18	0.02042	0.02565	0.09531	0.02346	0.14563	0.24772	0.01655	0.02410	0.02066	0.02396	0.08541	0.06611	0.14644	0.01230	0.00849	0.00249	0.01008	0.00998	0.00543	0.00982
19	0.01029	0.00843	0.00906	0.00891	0.01151	0.00721	0.00668	0.01283	0.02004	0.02506	0.22092	0.07564	0.51445	0.02006	0.00981	0.00276	0.00414	0.01693	0.00806	0.00721
20	0.01220	0.00934	0.01141	0.01147	0.01377	0.00891	0.00897	0.01703	0.06856	0.02839	0.30949	0.10327	0.21030	0.01922	0.01008	0.00296	0.00499	0.13334	0.00836	0.00795
21	0.02407	0.02799	0.02431	0.28532	0.06503	0.35887	0.01910	0.02862	0.04795	0.02161	0.01465	0.01876	0.01160	0.00853	0.00789	0.00243	0.01285	0.00642	0.00423	0.00978

[dist]
# distance from previous block
# <min> <max>
0	2

[block]
# block no. 5 follows, 22 sequences, length 68
# corresponding to MSA columns:
# 277-344
name=unknown_F
#
# <colnr> <probs for GDERKNQSTAVLIFYWHMCP>
#	G	D	E	R	K	N	Q	S	T	A	V	L	I	F	Y	W	H	M	C	P
0	0.02874	0.03454	0.02663	0.02686	0.13031	0.49744	0.04969	0.06381	0.02341	0.02352	0.01389	0.01656	0.01139	0.00836	0.00778	0.00225	0.01377	0.00604	0.00447	0.01054
1	0.01125	0.00770	0.00931	0.01013	0.01033	0.00750	0.00617	0.01186	0.01371	0.01827	0.03451	0.32986	0.04072	0.41820	0.02882	0.00606	0.00668	0.01698	0.00617	0.00576
2	0.02509	0.49338	0.03701	0.01656	0.02274	0.24222	0.01481	0.02758	0.01905	0.01980	0.01197	0.01387	0.01067	0.00758	0.00604	0.00190	0.01087	0.00474	0.00379	0.01032
3	0.01065	0.00782	0.01012	0.01150	0.01203	0.00765	0.00772	0.01198	0.01549	0.02061	0.04415	0.56443	0.08265	0.10710	0.01501	0.00391	0.03203	0.02127	0.00723	0.00665
4	0.02267	0.01884	0.01991	0.01731	0.02237	0.02160	0.01363	0.15138	0.53071	0.03798	0.03127	0.02897	0.02330	0.01103	0.00843	0.00276	0.00705	0.00904	0.00843	0.01333
5	0.02772	0.03407	0.02403	0.02151	0.02468	0.50729	0.01660	0.02977	0.02075	0.02024	0.01234	0.01580	0.01075	0.01010	0.01259	0.00253	0.18976	0.00585	0.00411	0.00949
6	0.02056	0.01974	0.03372	0.05099	0.65622	0.01974	0.02550	0.02550	0.01892	0.02714	0.01563	0.02056	0.01316	0.00740	0.00822	0.00247	0.00987	0.00740	0.00411	0.01316
7	0.01733	0.12333	0.59047	0.02254	0.03420	0.02092	0.02872	0.02614	0.01746	0.02550	0.01451	0.01703	0.01054	0.00780	0.00759	0.00253	0.01187	0.00594	0.00351	0.01208
8	0.01191	0.00898	0.01133	0.01212	0.01433	0.00840	0.01001	0.01520	0.01993	0.02576	0.17740	0.08300	0.24898	0.02115	0.01061	0.00326	0.00580	0.29639	0.00797	0.00748
9	0.02302	0.01594	0.01680	0.01407	0.01844	0.01748	0.01124	0.27294	0.14074	0.04041	0.02541	0.02647	0.01911	0.01009	0.00732	0.00233	0.00652	0.00794	0.31241	0.01135
10	0.02186	0.02328	0.03002	0.10409	0.03288	0.15041	0.18479	0.05292	0.15647	0.02650	0.01876	0.02208	0.01466	0.00964	0.01142	0.00278	0.11330	0.00808	0.00516	0.01088
11	0.01208	0.00805	0.00906	0.00906	0.00906	0.00805	0.00503	0.01208	0.01208	0.01611	0.02618	0.05436	0.03020	0.70804	0.04228	0.00805	0.00805	0.01208	0.00503	0.00503
12	0.01129	0.00849	0.01015	0.01021	0.01213	0.00776	0.00762	0.01397	0.01965	0.02593	0.28344	0.09554	0.25893	0.11092	0.01434	0.00357	0.00505	0.08599	0.00789	0.00713
13	0.01647	0.01208	0.01339	0.01256	0.01532	0.01251	0.00941	0.14182	0.08640	0.02974	0.04198	0.20555	0.14655	0.10029	0.01312	0.00347	0.00619	0.04084	0.08339	0.00891
14	0.01147	0.00780	0.00924	0.00984	0.00999	0.00765	0.00587	0.01192	0.01327	0.01770	0.03229	0.25663	0.03792	0.49525	0.03240	0.00659	0.00704	0.01568	0.00587	0.00557
15	0.01340	0.00894	0.01080	0.01059	0.01162	0.00943	0.00720	0.04407	0.01470	0.02116	0.02583	0.07154	0.02668	0.37030	0.20025	0.00806	0.01108	0.01087	0.11692	0.00658
16	0.02838	0.02088	0.02265	0.01799	0.02372	0.02293	0.01458	0.53648	0.03560	0.04771	0.02380	0.12179	0.02022	0.01237	0.00865	0.00262	0.00850	0.00989	0.00822	0.01303
17	0.01282	0.00992	0.01072	0.01039	0.01280	0.00937	0.00752	0.08583	0.01976	0.02485	0.06057	0.18629	0.37067	0.12315	0.01463	0.00366	0.00549	0.01666	0.00739	0.00752
18	0.01330	0.04996	0.14026	0.01538	0.01922	0.01320	0.01448	0.01754	0.01433	0.02065	0.02031	0.02878	0.01830	0.04913	0.51388	0.01072	0.01968	0.00815	0.00423	0.00851
19	0.58655	0.01695	0.01740	0.02060	0.17065	0.01890	0.01298	0.02468	0.01529	0.03483	0.01255	0.01520	0.01000	0.00764	0.00589	0.00255	0.00726	0.00520	0.00489	0.01000
20	0.02042	0.01980	0.02278	0.19517	0.12509	0.14370	0.01766	0.08556	0.01987	0.02536	0.01703	0.02260	0.01406	0.01870	0.13128	0.00451	0.04664	0.00730	0.05252	0.00997
21	0.05576	0.08526	0.01811	0.01405	0.01782	0.17102	0.01109	0.07878	0.02181	0.02691	0.14686	0.04133	0.18143	0.01828	0.07271	0.00349	0.00949	0.01050	0.00637	0.00895
22	0.01042	0.00829	0.00930	0.00993	0.01201	0.00731	0.00739	0.01249	0.01799	0.02216	0.06849	0.21044	0.42491	0.05592	0.01177	0.00330	0.00494	0.08843	0.00757	0.00694
23	0.01773	0.01459	0.01633	0.01245	0.01861	0.01244	0.00994	0.11577	0.02113	0.02999	0.03235	0.03281	0.16727	0.01036	0.00738	0.00181	0.00616	0.00838	0.00614	0.45837
24	0.01320	0.00937	0.01132	0.01183	0.01292	0.00936	0.00799	0.08569	0.01770	0.02363	0.03763	0.45360	0.04367	0.19996	0.01850	0.00447	0.00617	0.01871	0.00709	0.00719
25	0.02350	0.09786	0.14482	0.05963	0.05893	0.24695	0.05791	0.02786	0.01956	0.04886	0.01442	0.01741	0.01148	0.00844	0.00901	0.00234	0.06411	0.00613	0.00427	0.07650
26	0.02027	0.04118	0.48090	0.02367	0.03383	0.17764	0.05538	0.02798	0.01909	0.02488	0.01450	0.01715	0.01067	0.00801	0.00789	0.00252	0.01301	0.00612	0.00373	0.01159
27	0.01855	0.01867	0.03467	0.27567	0.27601	0.01962	0.18624	0.02426	0.01827	0.02487	0.01563	0.02163	0.01226	0.00762	0.00868	0.00267	0.01142	0.00804	0.00399	0.01122
