[name]
unknown

[dist]
# distance from previous block
# <min> <max>
0	0

[block]
# block no. 0 follows, 22 sequences, length 11
# corresponding to MSA columns:
# 0-10
name=unknown_A
#
# <colnr> <probs for GDERKNQSTAVLIFYWHMCP>
#	G	D	E	R	K	N	Q	S	T	A	V	L	I	F	Y	W	H	M	C	P
0	0.01339	0.00956	0.01339	0.01530	0.01721	0.00956	0.01339	0.01721	0.01912	0.02486	0.04399	0.09371	0.04781	0.02295	0.01147	0.00382	0.00765	0.60031	0.00765	0.00765
1	0.01926	0.01837	0.01496	0.01337	0.01717	0.16552	0.01030	0.13259	0.02364	0.02823	0.05100	0.04971	0.33349	0.01516	0.00867	0.00252	0.00760	0.01204	0.06740	0.00901
2	0.01076	0.00761	0.00934	0.01046	0.01097	0.00721	0.00669	0.01177	0.01485	0.01958	0.04223	0.43222	0.09490	0.25713	0.02129	0.00492	0.00587	0.01921	0.00680	0.00619
3	0.02018	0.01934	0.03302	0.10142	0.60881	0.01964	0.02530	0.02516	0.01873	0.02667	0.01556	0.02069	0.01299	0.00747	0.00823	0.00249	0.00996	0.00740	0.00408	0.01285
4	0.01895	0.01877	0.03350	0.21697	0.35242	0.01996	0.12771	0.02421	0.01805	0.02504	0.01532	0.02116	0.01237	0.00800	0.00966	0.00268	0.05191	0.00780	0.00399	0.01153
5	0.02602	0.02627	0.02534	0.20216	0.09826	0.24710	0.01882	0.19928	0.02565	0.03041	0.01567	0.01888	0.01203	0.00878	0.00802	0.00244	0.01175	0.00671	0.00526	0.01117
6	0.01946	0.01859	0.03134	0.10049	0.56484	0.01880	0.02404	0.02426	0.01873	0.02635	0.02004	0.02458	0.05485	0.00837	0.00834	0.00251	0.00960	0.00806	0.00431	0.01243
7	0.01140	0.00812	0.01027	0.01070	0.01143	0.00829	0.00715	0.01268	0.01384	0.01861	0.03430	0.19616	0.08438	0.32887	0.19892	0.00797	0.01075	0.01428	0.00570	0.00621
8	0.01041	0.00809	0.01002	0.01073	0.01237	0.00770	0.00778	0.01247	0.01651	0.02125	0.05552	0.30050	0.28385	0.03247	0.16450	0.00546	0.00862	0.01779	0.00696	0.00701
9	0.04998	0.00941	0.01140	0.01107	0.01371	0.00853	0.00822	0.01813	0.01937	0.13864	0.15785	0.27194	0.21120	0.01946	0.00960	0.00291	0.00497	0.01689	0.00830	0.00843
10	0.01083	0.00756	0.00954	0.01071	0.01113	0.00722	0.00688	0.01197	0.01515	0.02031	0.07495	0.46164	0.04854	0.23975	0.02051	0.00480	0.00578	0.01949	0.00695	0.00627

[dist]
# distance from previous block
# <min> <max>
0	1

[block]
# block no. 1 follows, 22 sequences, length 16
# corresponding to MSA columns:
# 12-27
name=unknown_B
#
# <colnr> <probs for GDERKNQSTAVLIFYWHMCP>
#	G	D	E	R	K	N	Q	S	T	A	V	L	I	F	Y	W	H	M	C	P
0	0.02147	0.01596	0.01768	0.01487	0.01896	0.01709	0.01161	0.30255	0.07837	0.03893	0.15943	0.10151	0.06997	0.07865	0.01210	0.00316	0.00705	0.01175	0.00810	0.01078
1	0.01578	0.01107	0.01248	0.01162	0.01309	0.01150	0.00777	0.14045	0.01841	0.02460	0.02850	0.16706	0.03143	0.43646	0.02935	0.00603	0.00768	0.01326	0.00621	0.00725
2	0.01173	0.00879	0.01145	0.01175	0.01251	0.00909	0.00824	0.01363	0.01701	0.02352	0.20900	0.33310	0.05258	0.15290	0.01803	0.00408	0.07100	0.01743	0.00721	0.00695
3	0.01077	0.00750	0.00945	0.01074	0.01106	0.00718	0.00683	0.01174	0.01464	0.01952	0.03931	0.48868	0.04678	0.25111	0.02106	0.00492	0.00589	0.01981	0.00683	0.00618
4	0.02181	0.01097	0.01392	0.01206	0.01525	0.01021	0.00903	0.05374	0.02085	0.25007	0.18039	0.09993	0.03933	0.17211	0.01650	0.00387	0.00630	0.01205	0.04201	0.00963
5	0.01591	0.01408	0.01279	0.01277	0.01456	0.13346	0.00898	0.01779	0.01858	0.05183	0.14319	0.28426	0.08176	0.13392	0.01501	0.00372	0.00719	0.01568	0.00698	0.00755
6	0.01580	0.05028	0.10154	0.01276	0.01686	0.01114	0.01155	0.02009	0.02170	0.10265	0.40539	0.05037	0.08974	0.04144	0.01040	0.00279	0.00584	0.01254	0.00799	0.00915
7	0.01797	0.05267	0.29701	0.02921	0.22104	0.01782	0.05059	0.02471	0.01801	0.02721	0.01739	0.02107	0.01346	0.00801	0.00759	0.00243	0.00991	0.00693	0.14537	0.01159
8	0.01152	0.00837	0.01173	0.01215	0.01313	0.00915	0.00879	0.01360	0.01367	0.01911	0.02816	0.18376	0.03005	0.17619	0.40988	0.01016	0.01575	0.01273	0.00528	0.00682
9	0.01753	0.04455	0.01445	0.01246	0.01548	0.09154	0.00955	0.04483	0.01998	0.08750	0.10109	0.15470	0.18300	0.02071	0.07252	0.00365	0.00799	0.01318	0.07667	0.00863
10	0.01727	0.01537	0.01389	0.07859	0.01872	0.14811	0.01044	0.02047	0.01841	0.02486	0.07668	0.03507	0.08045	0.05277	0.10128	0.00407	0.00967	0.00905	0.25679	0.00804
11	0.21832	0.02626	0.14175	0.11211	0.02871	0.15651	0.01804	0.02676	0.05549	0.02691	0.01419	0.01750	0.01120	0.00916	0.00983	0.00268	0.10401	0.00607	0.00445	0.01005
12	0.06423	0.24048	0.08718	0.01759	0.07865	0.01955	0.01458	0.02221	0.01759	0.05739	0.11595	0.02705	0.02411	0.02107	0.15368	0.00468	0.01121	0.00772	0.00512	0.00997
13	0.46254	0.16971	0.02314	0.01921	0.13802	0.02197	0.01326	0.02472	0.01564	0.03147	0.01233	0.01479	0.01015	0.00752	0.00576	0.00238	0.00762	0.00503	0.00460	0.01015
14	0.04698	0.02469	0.08749	0.12808	0.17320	0.16231	0.01938	0.09389	0.02173	0.06042	0.02024	0.02289	0.05174	0.00907	0.00797	0.00243	0.01056	0.00730	0.00511	0.04452
15	0.01458	0.01766	0.13634	0.10806	0.02361	0.05272	0.01453	0.01902	0.01727	0.02375	0.03472	0.06747	0.15720	0.02137	0.12303	0.00442	0.01043	0.01030	0.13484	0.00866

[dist]
# distance from previous block
# <min> <max>
3	90

[block]
# block no. 2 follows, 22 sequences, length 10
# corresponding to MSA columns:
# 148-157
name=unknown_C
#
# <colnr> <probs for GDERKNQSTAVLIFYWHMCP>
#	G	D	E	R	K	N	Q	S	T	A	V	L	I	F	Y	W	H	M	C	P
0	0.10954	0.10745	0.07302	0.02057	0.06767	0.14704	0.06418	0.13915	0.02282	0.05720	0.01921	0.02080	0.04539	0.00885	0.00744	0.00231	0.01003	0.00682	0.00545	0.06504
1	0.01791	0.01479	0.01993	0.13538	0.11468	0.01599	0.01557	0.10749	0.11746	0.03138	0.14964	0.04435	0.07025	0.01339	0.00915	0.00282	0.00767	0.09475	0.00698	0.01044
2	0.06043	0.01607	0.01755	0.01470	0.01925	0.01683	0.01135	0.21096	0.13844	0.05927	0.02588	0.10864	0.02327	0.11806	0.01333	0.00333	0.00733	0.00998	0.00719	0.11812
3	0.01806	0.02166	0.09733	0.13490	0.07754	0.14251	0.01705	0.02203	0.01888	0.02389	0.13494	0.03314	0.06823	0.06245	0.01310	0.00307	0.08753	0.00925	0.00517	0.00926
4	0.01289	0.01013	0.01067	0.01054	0.01142	0.04789	0.00687	0.01384	0.01383	0.01773	0.03158	0.05091	0.10184	0.45978	0.15833	0.00810	0.01074	0.01172	0.00520	0.00600
5	0.01847	0.01926	0.02467	0.56736	0.05151	0.13728	0.02180	0.02339	0.01787	0.02106	0.01442	0.02085	0.01101	0.00835	0.00816	0.00265	0.01178	0.00701	0.00380	0.00930
6	0.01788	0.01788	0.01500	0.01427	0.01754	0.17513	0.01112	0.04987	0.07787	0.02611	0.12041	0.05676	0.23958	0.01638	0.00932	0.00277	0.00785	0.10841	0.00712	0.00875
7	0.01283	0.13567	0.01699	0.06135	0.01705	0.01241	0.01002	0.01496	0.01665	0.02173	0.07847	0.48466	0.04532	0.02069	0.00943	0.00299	0.00595	0.01838	0.00676	0.00771
8	0.11515	0.02468	0.12000	0.02989	0.22808	0.09185	0.02083	0.06366	0.01845	0.02750	0.01388	0.01803	0.01152	0.00947	0.01216	0.00274	0.16992	0.00660	0.00433	0.01124
9	0.01795	0.07496	0.54743	0.07566	0.03611	0.01958	0.02825	0.02656	0.01775	0.05845	0.01564	0.01824	0.01109	0.00801	0.00781	0.00259	0.01173	0.00626	0.00388	0.01204

[dist]
# distance from previous block
# <min> <max>
26	65

[block]
# block no. 3 follows, 22 sequences, length 58
# corresponding to MSA columns:
# 231-288
name=unknown_D
#
# <colnr> <probs for GDERKNQSTAVLIFYWHMCP>
#	G	D	E	R	K	N	Q	S	T	A	V	L	I	F	Y	W	H	M	C	P
0	0.14245	0.05155	0.10208	0.01384	0.01906	0.06146	0.01250	0.08643	0.01995	0.02860	0.03862	0.11082	0.20698	0.01391	0.00809	0.00258	0.00737	0.01112	0.00617	0.05641
1	0.11379	0.07384	0.21449	0.01664	0.02297	0.08583	0.01662	0.02315	0.04205	0.02607	0.04461	0.17760	0.02382	0.01241	0.00789	0.00257	0.00881	0.01013	0.00529	0.07144
2	0.01946	0.06916	0.06691	0.01579	0.02004	0.12090	0.01321	0.10648	0.10394	0.02829	0.07320	0.15512	0.11976	0.01470	0.00936	0.00269	0.03240	0.01195	0.00668	0.00994
3	0.06773	0.02421	0.21692	0.01833	0.05465	0.01604	0.01764	0.09572	0.02062	0.10171	0.02219	0.02324	0.05800	0.00881	0.00748	0.00221	0.00854	0.00696	0.00566	0.22334
4	0.02219	0.02936	0.21725	0.02488	0.07793	0.11172	0.13110	0.09896	0.02163	0.05334	0.01629	0.01895	0.01221	0.00787	0.00802	0.00235	0.01131	0.00685	0.00483	0.12296
5	0.01811	0.04683	0.12320	0.06060	0.26835	0.01844	0.17146	0.02380	0.01882	0.02634	0.06533	0.08071	0.02082	0.00967	0.00878	0.00265	0.01038	0.00963	0.00469	0.01137
6	0.02477	0.02514	0.02120	0.01995	0.05684	0.23989	0.01462	0.12182	0.25574	0.03089	0.02656	0.05647	0.04752	0.01108	0.00826	0.00255	0.00977	0.00866	0.00673	0.01154
7	0.01851	0.01457	0.01639	0.01791	0.09570	0.08849	0.01178	0.02277	0.06149	0.11029	0.17686	0.21101	0.08802	0.01617	0.00926	0.00276	0.00680	0.01409	0.00758	0.00955
8	0.06904	0.01218	0.01550	0.14313	0.02378	0.01202	0.01170	0.02185	0.04722	0.12340	0.08212	0.11749	0.16435	0.01392	0.00853	0.00260	0.00655	0.01178	0.00692	0.10591
9	0.02198	0.02384	0.06050	0.01809	0.02290	0.17149	0.01480	0.03578	0.34091	0.02922	0.05383	0.02601	0.02157	0.01057	0.00943	0.00258	0.05741	0.00805	0.00661	0.06443
10	0.01866	0.02412	0.17849	0.17490	0.38975	0.01937	0.02621	0.02481	0.01813	0.02574	0.01528	0.02018	0.01212	0.00770	0.00816	0.00257	0.01067	0.00710	0.00389	0.01215
11	0.01951	0.05015	0.06095	0.01938	0.10380	0.04120	0.01397	0.11807	0.08363	0.03045	0.10512	0.03054	0.02523	0.10852	0.01273	0.00305	0.00797	0.00855	0.00611	0.15107
12	0.05921	0.02340	0.02283	0.01826	0.02431	0.11481	0.01478	0.37814	0.08622	0.14122	0.02185	0.02127	0.01544	0.00985	0.00809	0.00249	0.00932	0.00737	0.00794	0.01321
13	0.01833	0.01860	0.10852	0.01507	0.02145	0.01453	0.01355	0.02855	0.19743	0.06434	0.12369	0.02902	0.02687	0.00983	0.00776	0.00218	0.00683	0.00818	0.00670	0.27857
14	0.01112	0.00778	0.01001	0.01142	0.01197	0.00750	0.00779	0.01251	0.01532	0.02034	0.04021	0.44037	0.04722	0.21079	0.01933	0.00471	0.00610	0.10214	0.00698	0.00641
15	0.00998	0.00847	0.00864	0.00873	0.01150	0.00713	0.00664	0.01217	0.01894	0.02255	0.08231	0.08058	0.62497	0.02113	0.00989	0.00285	0.00437	0.04439	0.00771	0.00704
16	0.08002	0.03454	0.21079	0.02045	0.02733	0.29638	0.01935	0.05977	0.12238	0.02718	0.01710	0.01846	0.01307	0.00881	0.00763	0.00244	0.01191	0.00628	0.00498	0.01114
17	0.02116	0.40146	0.07979	0.02806	0.22868	0.02699	0.05932	0.02528	0.01776	0.02289	0.01342	0.01653	0.01159	0.00724	0.00672	0.00212	0.00975	0.00586	0.00377	0.01160
18	0.04977	0.13475	0.37408	0.02290	0.06988	0.11523	0.02402	0.06960	0.01978	0.02681	0.01440	0.01677	0.01093	0.00798	0.00741	0.00242	0.01158	0.00589	0.00407	0.01173
19	0.01544	0.01222	0.01460	0.01505	0.01771	0.01319	0.01198	0.02629	0.25832	0.02783	0.04048	0.21089	0.04081	0.01916	0.01011	0.00333	0.00658	0.23850	0.00797	0.00956
20	0.01137	0.00869	0.01125	0.05313	0.01522	0.00823	0.00881	0.01451	0.02032	0.02728	0.33055	0.19008	0.19229	0.01947	0.00998	0.00289	0.00485	0.05543	0.00811	0.00752
21	0.02514	0.32266	0.03297	0.02081	0.09268	0.17561	0.01598	0.10943	0.08308	0.02644	0.01561	0.01712	0.01286	0.00826	0.00685	0.00213	0.01019	0.00587	0.00490	0.01141
22	0.01917	0.01955	0.02471	0.06876	0.17052	0.11268	0.01837	0.02221	0.01606	0.02164	0.01472	0.02134	0.01333	0.02093	0.14483	0.00499	0.26505	0.00735	0.00400	0.00979
23	0.01190	0.00878	0.01274	0.01274	0.01402	0.01005	0.00963	0.01444	0.01317	0.01884	0.02281	0.03571	0.02210	0.15374	0.58552	0.01260	0.02024	0.00935	0.00453	0.00708
24	0.01166	0.00917	0.01289	0.01669	0.10303	0.00868	0.00996	0.01360	0.01648	0.02194	0.04474	0.50908	0.11226	0.05434	0.01164	0.00340	0.00562	0.02013	0.00708	0.00760
25	0.02732	0.32327	0.03196	0.01837	0.02385	0.40434	0.01528	0.02968	0.02074	0.02000	0.01230	0.01428	0.01068	0.00795	0.00658	0.00199	0.01241	0.00497	0.00397	0.01006
26	0.01097	0.00837	0.00953	0.00929	0.01124	0.00752	0.00663	0.01334	0.01929	0.02522	0.28232	0.06837	0.31984	0.15313	0.01612	0.00375	0.00485	0.01555	0.00772	0.00693
27	0.01549	0.00774	0.00774	0.00774	0.00968	0.00774	0.00581	0.01936	0.01742	0.03097	0.02710	0.03097	0.02129	0.00968	0.00581	0.00194	0.00387	0.00774	0.75416	0.00774
28	0.02291	0.26099	0.13444	0.02143	0.09365	0.11695	0.01816	0.04886	0.13302	0.04797	0.01779	0.01898	0.01405	0.00843	0.00713	0.00228	0.00993	0.00630	0.00499	0.01173
29	0.02232	0.02274	0.06827	0.05631	0.17106	0.02167	0.30700	0.16592	0.02378	0.03251	0.01712	0.02120	0.01293	0.00786	0.00898	0.00265	0.01181	0.00849	0.00509	0.01229
30	0.01078	0.00845	0.00975	0.00943	0.01181	0.00742	0.00707	0.01379	0.02121	0.02785	0.36646	0.07105	0.36717	0.01902	0.00981	0.00271	0.00406	0.01629	0.00843	0.00742
31	0.01838	0.01910	0.02306	0.39628	0.04154	0.14562	0.01942	0.02252	0.01711	0.02065	0.01507	0.02184	0.01236	0.01662	0.10446	0.00423	0.08159	0.00719	0.00391	0.00904
32	0.02872	0.03403	0.02521	0.02629	0.13724	0.48710	0.01757	0.06974	0.05273	0.02423	0.01477	0.01703	0.01204	0.00857	0.00772	0.00225	0.01331	0.00604	0.00470	0.01070
33	0.02391	0.02628	0.02984	0.07031	0.41349	0.24309	0.02216	0.02792	0.02039	0.02454	0.01464	0.01873	0.01222	0.00784	0.00798	0.00237	0.01167	0.00670	0.00415	0.01177
34	0.02132	0.01903	0.02459	0.02193	0.06699	0.02103	0.10249	0.08398	0.46559	0.03439	0.02913	0.02824	0.02188	0.01030	0.00862	0.00277	0.00805	0.00918	0.00754	0.01294
35	0.01208	0.00805	0.00906	0.00906	0.00906	0.00805	0.00503	0.01208	0.01208	0.01611	0.02618	0.05436	0.03020	0.70804	0.04228	0.00805	0.00805	0.01208	0.00503	0.00503
36	0.05798	0.14589	0.02445	0.01528	0.02185	0.02143	0.01291	0.26195	0.05453	0.03624	0.02069	0.02142	0.04765	0.00894	0.00711	0.00205	0.00776	0.00671	0.00633	0.21884
37	0.01354	0.01063	0.01246	0.01236	0.01335	0.03975	0.00866	0.03970	0.01491	0.01996	0.02763	0.17986	0.03030	0.28861	0.21196	0.00788	0.04321	0.01289	0.00547	0.00684
38	0.02506	0.07707	0.13529	0.02849	0.15944	0.34072	0.06584	0.02943	0.02087	0.02316	0.01398	0.01702	0.01132	0.00800	0.00775	0.00232	0.01301	0.00618	0.00407	0.01099
39	0.02824	0.04025	0.14827	0.02184	0.02768	0.54725	0.01890	0.03184	0.02237	0.02149	0.01324	0.01548	0.01067	0.00843	0.00757	0.00224	0.01446	0.00550	0.00413	0.01015
40	0.02049	0.08468	0.01584	0.01181	0.01524	0.10096	0.00942	0.10799	0.02124	0.03145	0.02265	0.02553	0.01782	0.00932	0.00634	0.00203	0.00659	0.00706	0.47438	0.00919
41	0.01851	0.05713	0.39650	0.02120	0.03037	0.01979	0.05180	0.07145	0.14003	0.02885	0.01971	0.02301	0.01516	0.05810	0.01046	0.00302	0.01061	0.00740	0.00495	0.01196
42	0.01712	0.01536	0.01847	0.02212	0.18234	0.06261	0.01314	0.07926	0.02026	0.02618	0.06108	0.08781	0.20229	0.10574	0.01325	0.00329	0.00762	0.01198	0.00614	0.04392
43	0.01165	0.00796	0.00946	0.00975	0.01012	0.00777	0.00595	0.01249	0.01444	0.01954	0.11858	0.18151	0.04184	0.47758	0.03152	0.00637	0.00684	0.01474	0.00614	0.00576
44	0.01918	0.02002	0.02354	0.02061	0.02143	0.11733	0.01681	0.02120	0.01437	0.01995	0.01272	0.01967	0.01221	0.02013	0.11198	0.00473	0.50412	0.00721	0.00384	0.00894
45	0.02181	0.02738	0.14099	0.03292	0.26427	0.14344	0.06191	0.03079	0.14060	0.02716	0.01859	0.02113	0.01457	0.00843	0.00818	0.00252	0.01089	0.00734	0.00489	0.01221
46	0.03158	0.02327	0.02493	0.01911	0.02576	0.02576	0.01579	0.62852	0.03906	0.05236	0.01995	0.01995	0.01413	0.00997	0.00831	0.00249	0.00914	0.00748	0.00831	0.01413
47	0.02146	0.21919	0.12231	0.01795	0.02561	0.06835	0.06545	0.09210	0.04954	0.02747	0.01537	0.01738	0.01231	0.00757	0.00691	0.00199	0.00942	0.00588	0.00477	0.20896
48	0.01638	0.15763	0.28419	0.01764	0.02507	0.01834	0.01958	0.02341	0.05913	0.02475	0.03098	0.04127	0.10973	0.01276	0.00841	0.00274	0.00921	0.12318	0.00524	0.01038
49	0.01239	0.00814	0.01012	0.00998	0.01173	0.00766	0.00735	0.01595	0.02102	0.03106	0.42098	0.14554	0.06181	0.01657	0.00899	0.00256	0.00404	0.01455	0.18192	0.00766
50	0.02066	0.01785	0.01878	0.01691	0.02160	0.02066	0.01315	0.04414	0.64121	0.03475	0.03381	0.03099	0.02536	0.01127	0.00845	0.00282	0.00657	0.00939	0.00845	0.01315
51	0.01012	0.00723	0.00964	0.01157	0.01205	0.00675	0.00771	0.01157	0.01591	0.02121	0.04579	0.70262	0.05495	0.02603	0.01060	0.00337	0.00482	0.02362	0.00771	0.00675
52	0.01323	0.00949	0.01290	0.01254	0.01377	0.01107	0.00957	0.01587	0.01391	0.02121	0.02258	0.03374	0.02113	0.13265	0.39654	0.00946	0.08386	0.00893	0.15023	0.00733
53	0.02024	0.01941	0.03314	0.09308	0.61664	0.01965	0.02534	0.02521	0.01876	0.02675	0.01557	0.02067	0.01302	0.00746	0.00823	0.00249	0.00995	0.00740	0.00408	0.01290
54	0.03103	0.03959	0.02354	0.02140	0.02568	0.67469	0.01605	0.03317	0.02354	0.02033	0.01284	0.01498	0.01070	0.00856	0.00749	0.00214	0.01498	0.00535	0.00428	0.00963
55	0.01528	0.01490	0.01336	0.01322	0.01589	0.13744	0.00972	0.01744	0.01835	0.02229	0.04246	0.31970	0.15391	0.01885	0.00932	0.00277	0.00704	0.05454	0.00667	0.10683
56	0.01432	0.01370	0.01241	0.01321	0.01469	0.13674	0.00927	0.01616	0.01824	0.02220	0.09650	0.47720	0.08066	0.02154	0.00988	0.00303	0.00668	0.01896	0.00717	0.00742
57	0.01971	0.36865	0.29172	0.02032	0.02963	0.02613	0.08940	0.02564	0.01745	0.02303	0.01348	0.01602	0.01082	0.00741	0.00685	0.00223	0.01081	0.00572	0.00361	0.01137

[dist]
# distance from previous block
# <min> <max>
2	3

[block]
# block no. 4 follows, 22 sequences, length 70
# corresponding to MSA columns:
# 292-361
name=unknown_E
#
# <colnr> <probs for GDERKNQSTAVLIFYWHMCP>
#	G	D	E	R	K	N	Q	S	T	A	V	L	I	F	Y	W	H	M	C	P
0	0.02049	0.12106	0.24918	0.03315	0.27127	0.08901	0.04970	0.02653	0.01869	0.02513	0.01461	0.01808	0.01166	0.00763	0.00772	0.00241	0.01126	0.00647	0.00385	0.01209
1	0.02044	0.01712	0.02000	0.02014	0.10393	0.01848	0.01392	0.13046	0.31675	0.03483	0.08061	0.03462	0.09118	0.01175	0.00853	0.00262	0.00696	0.00987	0.00765	0.05013
2	0.02148	0.02081	0.02475	0.30047	0.12102	0.12100	0.01965	0.09983	0.13386	0.02801	0.01865	0.02218	0.01424	0.00896	0.00820	0.00261	0.01047	0.00745	0.00525	0.01110
3	0.01187	0.00890	0.01335	0.01335	0.01483	0.01038	0.01038	0.01483	0.01335	0.01928	0.02225	0.03264	0.02077	0.06231	0.67512	0.01335	0.02225	0.00890	0.00445	0.00742
4	0.02070	0.53031	0.21301	0.01680	0.02531	0.02917	0.01871	0.02527	0.01706	0.02139	0.01247	0.01448	0.01062	0.00732	0.00603	0.00201	0.00981	0.00490	0.00354	0.01110
5	0.01004	0.00755	0.00931	0.01071	0.01182	0.00682	0.00733	0.01166	0.01673	0.02154	0.05625	0.53281	0.21800	0.02467	0.01039	0.00322	0.00465	0.02196	0.00771	0.00682
6	0.01018	0.00806	0.00917	0.00969	0.01165	0.00705	0.00696	0.01234	0.01863	0.02357	0.15142	0.27229	0.38554	0.02203	0.01006	0.00296	0.00436	0.01909	0.00791	0.00705
7	0.76672	0.01607	0.01221	0.01092	0.01607	0.01864	0.00900	0.02442	0.01414	0.03727	0.01157	0.01350	0.00900	0.00771	0.00514	0.00257	0.00643	0.00450	0.00514	0.00900
8	0.01389	0.01187	0.01722	0.01606	0.01707	0.01521	0.01288	0.01649	0.01315	0.01951	0.01862	0.02800	0.01761	0.04701	0.46764	0.01024	0.23702	0.00838	0.00419	0.00795
9	0.76672	0.01607	0.01221	0.01092	0.01607	0.01864	0.00900	0.02442	0.01414	0.03727	0.01157	0.01350	0.00900	0.00771	0.00514	0.00257	0.00643	0.00450	0.00514	0.00900
10	0.01938	0.02622	0.22506	0.02832	0.19916	0.01998	0.02201	0.03348	0.27636	0.03003	0.02294	0.02394	0.01739	0.00916	0.00822	0.00266	0.00926	0.00783	0.00572	0.01288
11	0.01114	0.00796	0.01081	0.01274	0.01366	0.00763	0.00949	0.01333	0.01691	0.02235	0.04522	0.51209	0.05271	0.02506	0.01088	0.00351	0.00571	0.20407	0.00769	0.00703
12	0.02549	0.27510	0.03362	0.02482	0.13971	0.29862	0.04345	0.02854	0.02016	0.02156	0.01306	0.01573	0.01122	0.00776	0.00695	0.00210	0.01184	0.00559	0.00399	0.01071
13	0.02221	0.71304	0.04353	0.01421	0.02132	0.03287	0.01421	0.02488	0.01688	0.01955	0.01155	0.01333	0.01066	0.00711	0.00533	0.00178	0.00888	0.00444	0.00355	0.01066
14	0.01176	0.00849	0.01110	0.01045	0.01241	0.00784	0.00784	0.01568	0.02352	0.03331	0.65184	0.06206	0.07839	0.01698	0.00980	0.00261	0.00392	0.01502	0.00914	0.00784
15	0.03158	0.02327	0.02493	0.01911	0.02576	0.02576	0.01579	0.62852	0.03906	0.05236	0.01995	0.01995	0.01413	0.00997	0.00831	0.00249	0.00914	0.00748	0.00831	0.01413
16	0.01869	0.00952	0.01267	0.01235	0.01489	0.00853	0.00906	0.02085	0.01892	0.22241	0.07567	0.42636	0.07559	0.02037	0.00982	0.00305	0.00545	0.01808	0.00859	0.00913
17	0.01187	0.00890	0.01335	0.01335	0.01483	0.01038	0.01038	0.01483	0.01335	0.01928	0.02225	0.03264	0.02077	0.06231	0.67512	0.01335	0.02225	0.00890	0.00445	0.00742
18	0.53573	0.01674	0.01490	0.01263	0.01791	0.01879	0.01036	0.13437	0.01991	0.07997	0.05751	0.01888	0.01534	0.00891	0.00624	0.00256	0.00679	0.00599	0.00632	0.01018
19	0.07304	0.00974	0.01255	0.01322	0.01545	0.00942	0.01034	0.01889	0.01804	0.12392	0.04056	0.34828	0.04376	0.02118	0.01012	0.00333	0.00621	0.20568	0.00790	0.00837
20	0.03136	0.02987	0.02437	0.02004	0.02573	0.28815	0.01590	0.38779	0.03278	0.03941	0.01707	0.01794	0.01274	0.00940	0.00798	0.00235	0.01150	0.00662	0.00668	0.01231
21	0.01385	0.01225	0.02190	0.04727	0.02298	0.01307	0.15388	0.01769	0.01487	0.02089	0.02089	0.03107	0.01900	0.08488	0.45451	0.01013	0.01902	0.00923	0.00439	0.00824
22	0.03652	0.01534	0.02002	0.01535	0.02181	0.01399	0.01268	0.11789	0.02579	0.58173	0.03109	0.02718	0.01972	0.01024	0.00835	0.00256	0.00734	0.00824	0.01002	0.01414
23	0.01012	0.00723	0.00964	0.01157	0.01205	0.00675	0.00771	0.01157	0.01591	0.02121	0.04579	0.70262	0.05495	0.02603	0.01060	0.00337	0.00482	0.02362	0.00771	0.00675
24	0.02769	0.03327	0.02392	0.16786	0.03262	0.49612	0.01758	0.06200	0.02284	0.02222	0.01364	0.01682	0.01096	0.00858	0.00771	0.00230	0.01381	0.00591	0.00436	0.00978
25	0.02609	0.41652	0.03473	0.01738	0.02324	0.31547	0.01502	0.02853	0.01981	0.01989	0.01212	0.01405	0.01068	0.00775	0.00628	0.00194	0.01157	0.00484	0.00387	0.01021
26	0.01056	0.00836	0.00956	0.00988	0.01211	0.00736	0.00744	0.01307	0.01939	0.02458	0.18474	0.16925	0.40009	0.02116	0.01008	0.00294	0.00455	0.06973	0.00798	0.00719
27	0.02368	0.28383	0.18958	0.02067	0.06901	0.05518	0.01953	0.19026	0.02352	0.03070	0.01500	0.01673	0.01174	0.00817	0.00706	0.00224	0.01012	0.00593	0.00491	0.01213
28	0.02371	0.01495	0.01697	0.01435	0.01922	0.01529	0.01141	0.11133	0.22208	0.20513	0.06701	0.04163	0.17400	0.01337	0.00878	0.00270	0.00638	0.01101	0.00878	0.01189
29	0.00990	0.00842	0.00854	0.00851	0.01127	0.00705	0.00638	0.01209	0.01914	0.02292	0.10934	0.07916	0.62737	0.02086	0.00982	0.00280	0.00420	0.01742	0.00778	0.00705
30	0.01974	0.01890	0.03223	0.15893	0.55474	0.01952	0.02508	0.02477	0.01853	0.02614	0.01548	0.02083	0.01281	0.00756	0.00824	0.00252	0.01007	0.00740	0.00404	0.01249
31	0.01892	0.15669	0.33695	0.02997	0.19366	0.02202	0.07745	0.02587	0.01795	0.02532	0.01465	0.01797	0.01141	0.00755	0.00768	0.00245	0.01119	0.00647	0.00373	0.01212
32	0.01443	0.00722	0.01082	0.01082	0.01082	0.00722	0.00722	0.01082	0.01082	0.01443	0.01443	0.02525	0.01443	0.02886	0.03247	0.75830	0.00722	0.00722	0.00361	0.00361
33	0.03103	0.03959	0.02354	0.02140	0.02568	0.67469	0.01605	0.03317	0.02354	0.02033	0.01284	0.01498	0.01070	0.00856	0.00749	0.00214	0.01498	0.00535	0.00428	0.00963
34	0.02125	0.01942	0.02901	0.03954	0.44073	0.02036	0.02146	0.06698	0.19425	0.03079	0.02097	0.02344	0.01663	0.00864	0.00829	0.00257	0.00890	0.00796	0.00558	0.01321
35	0.02716	0.03321	0.02335	0.02102	0.02422	0.49676	0.01617	0.02928	0.02063	0.02020	0.01298	0.01670	0.01133	0.01299	0.05078	0.00312	0.16061	0.00597	0.00415	0.00938
36	0.00994	0.00842	0.00858	0.00854	0.01129	0.00706	0.00640	0.01215	0.01921	0.02310	0.11830	0.07887	0.61830	0.02080	0.00982	0.00279	0.00419	0.01738	0.00780	0.00706
37	0.01775	0.01393	0.01883	0.01975	0.10200	0.01551	0.01369	0.14941	0.05632	0.02831	0.02156	0.02823	0.01861	0.04088	0.40550	0.00898	0.01690	0.00843	0.00547	0.00995
38	0.01725	0.01604	0.02703	0.07856	0.32714	0.01662	0.07309	0.02253	0.04417	0.02465	0.02167	0.02753	0.04734	0.02324	0.19033	0.00552	0.01327	0.00861	0.00455	0.01085
39	0.01001	0.00766	0.00919	0.01042	0.01175	0.00684	0.00720	0.01170	0.01701	0.02166	0.05978	0.47552	0.27301	0.02421	0.01032	0.00317	0.00460	0.02140	0.00771	0.00684
40	0.03103	0.03959	0.02354	0.02140	0.02568	0.67469	0.01605	0.03317	0.02354	0.02033	0.01284	0.01498	0.01070	0.00856	0.00749	0.00214	0.01498	0.00535	0.00428	0.00963
41	0.01187	0.00890	0.01335	0.01335	0.01483	0.01038	0.01038	0.01483	0.01335	0.01928	0.02225	0.03264	0.02077	0.06231	0.67512	0.01335	0.02225	0.00890	0.00445	0.00742
42	0.01012	0.00723	0.00964	0.01157	0.01205	0.00675	0.00771	0.01157	0.01591	0.02121	0.04579	0.70262	0.05495	0.02603	0.01060	0.00337	0.00482	0.02362	0.00771	0.00675
43	0.02665	0.14822	0.02974	0.02835	0.19888	0.38528	0.01835	0.02965	0.02114	0.02208	0.01339	0.01624	0.01137	0.00799	0.00733	0.00217	0.01254	0.00576	0.00411	0.01078
44	0.01007	0.00744	0.00942	0.01100	0.01190	0.00680	0.00746	0.01163	0.01645	0.02143	0.05274	0.58973	0.16335	0.02512	0.01046	0.00327	0.00471	0.02251	0.00771	0.00680
45	0.02460	0.02418	0.02346	0.02447	0.13818	0.18000	0.01644	0.11503	0.29915	0.03219	0.02360	0.02376	0.01811	0.00974	0.00816	0.00255	0.00955	0.00780	0.00663	0.01243
46	0.02037	0.02089	0.06508	0.04963	0.62541	0.01972	0.02575	0.02554	0.01885	0.02710	0.01559	0.02041	0.01303	0.00743	0.00821	0.00248	0.00999	0.00734	0.00408	0.01312
47	0.02522	0.17275	0.16694	0.01983	0.05407	0.08097	0.01839	0.17811	0.05011	0.09392	0.01785	0.01876	0.01328	0.00857	0.00742	0.00230	0.00986	0.00639	0.00575	0.04950
48	0.14983	0.14366	0.02294	0.01530	0.02072	0.02189	0.01292	0.20387	0.13033	0.05751	0.07749	0.02830	0.02264	0.01076	0.00760	0.00253	0.00757	0.04562	0.00703	0.01149
49	0.00987	0.00821	0.00863	0.00896	0.01136	0.00697	0.00655	0.01186	0.01841	0.02223	0.07752	0.18773	0.54936	0.02190	0.00995	0.00290	0.00431	0.01859	0.00771	0.00697
50	0.01430	0.02304	0.25381	0.02019	0.02652	0.01398	0.12824	0.01983	0.01741	0.02421	0.03096	0.28392	0.05678	0.01570	0.00947	0.00299	0.00925	0.03425	0.00555	0.00960
51	0.01944	0.20994	0.36536	0.02521	0.11366	0.05595	0.04974	0.02619	0.01794	0.02440	0.01412	0.01693	0.01100	0.00762	0.00734	0.00237	0.01130	0.00598	0.00367	0.01180
52	0.02106	0.02068	0.03324	0.04958	0.62624	0.05089	0.02505	0.02586	0.01914	0.02682	0.01549	0.02030	0.01304	0.00746	0.00819	0.00245	0.01011	0.00730	0.00412	0.01299
53	0.01240	0.00988	0.01356	0.05775	0.05938	0.01016	0.01093	0.01521	0.01635	0.02140	0.04309	0.05755	0.20520	0.11378	0.21008	0.00669	0.01140	0.11174	0.00592	0.00756
54	0.02317	0.14974	0.03695	0.03311	0.23769	0.13586	0.17038	0.06753	0.02087	0.02615	0.01499	0.01870	0.01221	0.00762	0.00797	0.00237	0.01155	0.00711	0.00434	0.01168
55	0.02338	0.05354	0.02910	0.07094	0.35505	0.19497	0.02077	0.06717	0.02130	0.02615	0.01836	0.02176	0.04413	0.00860	0.00800	0.00239	0.01093	0.00724	0.00457	0.01166
56	0.10657	0.17421	0.02668	0.10326	0.02703	0.27234	0.01575	0.02803	0.01910	0.06341	0.01375	0.01656	0.01121	0.00885	0.00897	0.00237	0.08175	0.00571	0.00446	0.00997
57	0.01679	0.04211	0.63916	0.02415	0.03627	0.01937	0.05567	0.02632	0.01763	0.02632	0.01499	0.01774	0.01061	0.00786	0.00797	0.00264	0.01235	0.00629	0.00354	0.01223
58	0.01820	0.01635	0.02659	0.03567	0.37574	0.01628	0.05023	0.05272	0.02010	0.02780	0.06285	0.07964	0.05214	0.01254	0.00919	0.00281	0.00876	0.11561	0.00562	0.01117
59	0.00989	0.00815	0.00869	0.00911	0.01140	0.00695	0.00662	0.01184	0.01827	0.02217	0.07570	0.21725	0.52101	0.02214	0.00999	0.00293	0.00434	0.01887	0.00771	0.00695
60	0.02441	0.51338	0.03802	0.01748	0.04704	0.19704	0.01512	0.02703	0.01867	0.02004	0.01204	0.01403	0.01077	0.00749	0.00600	0.00190	0.01049	0.00479	0.00376	0.01049
61	0.02131	0.01261	0.01574	0.01232	0.01778	0.01034	0.00982	0.02481	0.02083	0.21567	0.18287	0.03567	0.07241	0.01102	0.00794	0.00207	0.00574	0.00926	0.00773	0.30405
62	0.02892	0.02714	0.02309	0.01933	0.02479	0.22765	0.01527	0.30885	0.17164	0.03832	0.02089	0.02091	0.01562	0.00983	0.00809	0.00246	0.01038	0.00725	0.00708	0.01250
63	0.02178	0.04796	0.03296	0.04633	0.56251	0.09282	0.02403	0.02632	0.01935	0.02610	0.01516	0.01967	0.01279	0.00752	0.00803	0.00241	0.01040	0.00706	0.00411	0.01267
64	0.01323	0.01062	0.01462	0.01392	0.01461	0.01286	0.01046	0.01503	0.01298	0.01865	0.02203	0.06883	0.02294	0.23106	0.32223	0.00923	0.16485	0.01016	0.00460	0.00708
65	0.01280	0.01088	0.01135	0.01101	0.01413	0.01071	0.00830	0.02068	0.18837	0.02569	0.06702	0.12193	0.42860	0.01882	0.00952	0.00286	0.00491	0.01585	0.00792	0.00866
66	0.01039	0.00765	0.00973	0.01087	0.01199	0.00700	0.00752	0.01241	0.01783	0.02372	0.16787	0.48485	0.15059	0.02353	0.01033	0.00314	0.00455	0.02104	0.00799	0.00700
67	0.02196	0.07009	0.12861	0.02929	0.11560	0.17457	0.22157	0.02728	0.01955	0.02447	0.01476	0.01871	0.01172	0.00785	0.00909	0.00247	0.04285	0.00722	0.00408	0.04826
68	0.02782	0.25458	0.03040	0.02012	0.04807	0.41933	0.01581	0.05266	0.02181	0.02154	0.01280	0.01485	0.01091	0.00810	0.00686	0.00205	0.01261	0.00522	0.00419	0.01026
69	0.05021	0.09435	0.40652	0.02035	0.02990	0.02040	0.02350	0.03077	0.15480	0.06160	0.01957	0.02052	0.01426	0.00868	0.00770	0.00259	0.01020	0.00675	0.00502	0.01229

[dist]
# distance from previous block
# <min> <max>
0	2

[block]
# block no. 5 follows, 22 sequences, length 132
# corresponding to MSA columns:
# 364-495
name=unknown_F
#
# <colnr> <probs for GDERKNQSTAVLIFYWHMCP>
#	G	D	E	R	K	N	Q	S	T	A	V	L	I	F	Y	W	H	M	C	P
0	0.01908	0.04993	0.10635	0.01692	0.02058	0.08008	0.01502	0.02231	0.01790	0.10220	0.07391	0.15564	0.08002	0.01509	0.01352	0.00295	0.18147	0.01145	0.00602	0.00956
1	0.01508	0.01447	0.06962	0.01333	0.01807	0.01106	0.01124	0.06534	0.01912	0.02700	0.06088	0.23425	0.08624	0.01524	0.00857	0.00243	0.00632	0.04399	0.00648	0.27126
2	0.01930	0.02408	0.13980	0.17974	0.15234	0.12518	0.02047	0.05244	0.01886	0.02409	0.01786	0.05911	0.01588	0.07263	0.04036	0.00353	0.01151	0.00817	0.00442	0.01025
3	0.19487	0.20920	0.17499	0.01735	0.02452	0.17450	0.01718	0.02773	0.01826	0.05438	0.01359	0.01540	0.01070	0.00791	0.00652	0.00228	0.01044	0.00524	0.00438	0.01057
4	0.02626	0.03600	0.14139	0.02648	0.13101	0.41986	0.02013	0.03114	0.04839	0.02316	0.01458	0.01705	0.01171	0.00837	0.00773	0.00231	0.01329	0.00601	0.00429	0.01084
5	0.02015	0.02135	0.02557	0.38721	0.14605	0.17055	0.02103	0.02468	0.01864	0.02235	0.01446	0.01992	0.01141	0.00808	0.00797	0.00248	0.01148	0.00676	0.00397	0.05589
6	0.02339	0.02234	0.02739	0.22830	0.22800	0.12841	0.02097	0.16547	0.02367	0.03011	0.01591	0.01997	0.01236	0.00846	0.00815	0.00251	0.01090	0.00708	0.00499	0.01163
7	0.01153	0.00882	0.01254	0.01254	0.01424	0.00983	0.00971	0.01436	0.01427	0.01980	0.03243	0.04041	0.12466	0.05552	0.56577	0.01162	0.01929	0.01032	0.00499	0.00735
8	0.01037	0.00784	0.00961	0.01065	0.01208	0.00708	0.00756	0.01241	0.01785	0.02313	0.12631	0.41117	0.23978	0.02333	0.01031	0.00313	0.00466	0.04783	0.00787	0.00699
9	0.01187	0.00890	0.01335	0.01335	0.01483	0.01038	0.01038	0.01483	0.01335	0.01928	0.02225	0.03264	0.02077	0.06231	0.67512	0.01335	0.02225	0.00890	0.00445	0.00742
10	0.01012	0.00723	0.00964	0.01157	0.01205	0.00675	0.00771	0.01157	0.01591	0.02121	0.04579	0.70262	0.05495	0.02603	0.01060	0.00337	0.00482	0.02362	0.00771	0.00675
11	0.01081	0.00845	0.00979	0.00946	0.01183	0.00744	0.00709	0.01385	0.02128	0.02801	0.37489	0.07079	0.35865	0.01896	0.00981	0.00271	0.00406	0.01625	0.00845	0.00744
12	0.03103	0.03959	0.02354	0.02140	0.02568	0.67469	0.01605	0.03317	0.02354	0.02033	0.01284	0.01498	0.01070	0.00856	0.00749	0.00214	0.01498	0.00535	0.00428	0.00963
13	0.64589	0.01725	0.01430	0.01227	0.01766	0.01981	0.01011	0.12371	0.01823	0.03975	0.01294	0.01456	0.00984	0.00808	0.00566	0.00256	0.00687	0.00499	0.00566	0.00984
14	0.01012	0.00723	0.00964	0.01157	0.01205	0.00675	0.00771	0.01157	0.01591	0.02121	0.04579	0.70262	0.05495	0.02603	0.01060	0.00337	0.00482	0.02362	0.00771	0.00675
15	0.01723	0.01477	0.01723	0.01230	0.01969	0.01107	0.00984	0.02092	0.01723	0.02707	0.01477	0.01723	0.01230	0.00615	0.00615	0.00123	0.00615	0.00492	0.00492	0.75883
16	0.01443	0.00722	0.01082	0.01082	0.01082	0.00722	0.00722	0.01082	0.01082	0.01443	0.01443	0.02525	0.01443	0.02886	0.03247	0.75830	0.00722	0.00722	0.00361	0.00361
17	0.01723	0.01477	0.01723	0.01230	0.01969	0.01107	0.00984	0.02092	0.01723	0.02707	0.01477	0.01723	0.01230	0.00615	0.00615	0.00123	0.00615	0.00492	0.00492	0.75883
18	0.01208	0.00805	0.00906	0.00906	0.00906	0.00805	0.00503	0.01208	0.01208	0.01611	0.02618	0.05436	0.03020	0.70804	0.04228	0.00805	0.00805	0.01208	0.00503	0.00503
19	0.01809	0.01722	0.02925	0.37425	0.35229	0.01909	0.02427	0.02333	0.01775	0.02414	0.01519	0.02137	0.01210	0.00786	0.00827	0.00262	0.01048	0.00739	0.00390	0.01116
20	0.03158	0.02327	0.02493	0.01911	0.02576	0.02576	0.01579	0.62852	0.03906	0.05236	0.01995	0.01995	0.01413	0.00997	0.00831	0.00249	0.00914	0.00748	0.00831	0.01413
21	0.01854	0.01926	0.03151	0.02521	0.02737	0.02430	0.17458	0.02170	0.01449	0.02170	0.01242	0.01926	0.01134	0.01260	0.02277	0.00342	0.51818	0.00792	0.00378	0.00963
22	0.02221	0.71304	0.04353	0.01421	0.02132	0.03287	0.01421	0.02488	0.01688	0.01955	0.01155	0.01333	0.01066	0.00711	0.00533	0.00178	0.00888	0.00444	0.00355	0.01066
23	0.02122	0.01623	0.01786	0.01576	0.02026	0.01804	0.01232	0.06714	0.45523	0.09185	0.13464	0.03533	0.03310	0.01206	0.00866	0.00275	0.00631	0.01013	0.00872	0.01241
24	0.01376	0.01026	0.01188	0.01028	0.01413	0.00850	0.00792	0.01681	0.02011	0.06573	0.22322	0.05723	0.30522	0.01579	0.00887	0.00237	0.00475	0.01334	0.00762	0.18220
25	0.01187	0.00890	0.01335	0.01335	0.01483	0.01038	0.01038	0.01483	0.01335	0.01928	0.02225	0.03264	0.02077	0.06231	0.67512	0.01335	0.02225	0.00890	0.00445	0.00742
26	0.01666	0.04297	0.66500	0.02368	0.03596	0.01929	0.03069	0.02631	0.01754	0.02631	0.01491	0.01754	0.01052	0.00789	0.00789	0.00263	0.01228	0.00614	0.00351	0.01228
27	0.01392	0.00887	0.01150	0.01094	0.01241	0.00886	0.00772	0.01609	0.01689	0.07325	0.22208	0.04967	0.04237	0.28623	0.17632	0.00714	0.00997	0.01197	0.00660	0.00719
28	0.01189	0.00883	0.01298	0.01298	0.01434	0.01019	0.00993	0.01460	0.01324	0.01901	0.02259	0.03449	0.02157	0.11744	0.62109	0.01290	0.02104	0.00917	0.00450	0.00721
29	0.01961	0.02241	0.04902	0.03501	0.04342	0.02101	0.62605	0.02661	0.01961	0.02661	0.01681	0.02241	0.01261	0.00700	0.00980	0.00280	0.01401	0.00980	0.00420	0.01120
30	0.02277	0.02393	0.03157	0.04474	0.52301	0.15811	0.02350	0.02712	0.01989	0.02570	0.01504	0.01938	0.01264	0.00765	0.00807	0.00240	0.01095	0.00697	0.00415	0.01241
31	0.01187	0.00890	0.01335	0.01335	0.01483	0.01038	0.01038	0.01483	0.01335	0.01928	0.02225	0.03264	0.02077	0.06231	0.67512	0.01335	0.02225	0.00890	0.00445	0.00742
32	0.01458	0.12627	0.01700	0.01204	0.01466	0.04452	0.00929	0.01780	0.05379	0.02029	0.03495	0.06656	0.14953	0.18791	0.18879	0.00658	0.01122	0.01102	0.00545	0.00775
33	0.06538	0.03289	0.32901	0.01933	0.02836	0.13589	0.02093	0.02594	0.01833	0.02611	0.01429	0.01674	0.01096	0.00752	0.00717	0.00215	0.01071	0.00556	0.00414	0.21860
34	0.02367	0.33910	0.14160	0.01840	0.02517	0.16898	0.01786	0.07808	0.02001	0.02370	0.01307	0.01535	0.01096	0.00839	0.00822	0.00221	0.06483	0.00541	0.00412	0.01088
35	0.01955	0.02475	0.15080	0.04085	0.34309	0.02008	0.22544	0.02601	0.01890	0.02682	0.01589	0.02064	0.01251	0.00736	0.00869	0.00261	0.01167	0.00797	0.00403	0.01235
36	0.03039	0.03838	0.02417	0.02321	0.06431	0.63457	0.01663	0.03270	0.02326	0.02075	0.01301	0.01532	0.01085	0.00849	0.00754	0.00216	0.01467	0.00548	0.00427	0.00985
37	0.01312	0.00948	0.01301	0.01478	0.01676	0.00937	0.01285	0.01681	0.01911	0.02468	0.04703	0.09266	0.09371	0.02280	0.01135	0.00375	0.00739	0.55610	0.00765	0.00760
38	0.01043	0.00743	0.00948	0.01099	0.01151	0.00698	0.00720	0.01167	0.01544	0.02043	0.04460	0.56303	0.08261	0.13786	0.01577	0.00411	0.00532	0.02140	0.00727	0.00648
39	0.01007	0.00742	0.00944	0.01105	0.01191	0.00679	0.00748	0.01163	0.01640	0.02141	0.05209	0.60028	0.15322	0.02521	0.01047	0.00328	0.00472	0.02262	0.00771	0.00679
40	0.01080	0.00845	0.00978	0.00945	0.01182	0.00743	0.00708	0.01382	0.02125	0.02795	0.37157	0.07089	0.36200	0.01899	0.00981	0.00271	0.00406	0.01626	0.00844	0.00743
41	0.02552	0.01160	0.01514	0.01248	0.01706	0.01011	0.00998	0.02872	0.02283	0.37912	0.20637	0.04661	0.15063	0.01401	0.00900	0.00262	0.00571	0.01179	0.00951	0.01117
42	0.03103	0.03959	0.02354	0.02140	0.02568	0.67469	0.01605	0.03317	0.02354	0.02033	0.01284	0.01498	0.01070	0.00856	0.00749	0.00214	0.01498	0.00535	0.00428	0.00963
43	0.01854	0.01767	0.03006	0.31551	0.40752	0.01921	0.02449	0.02372	0.01796	0.02468	0.01527	0.02122	0.01229	0.00778	0.00826	0.00259	0.01037	0.00739	0.00394	0.01153
44	0.03158	0.02327	0.02493	0.01911	0.02576	0.02576	0.01579	0.62852	0.03906	0.05236	0.01995	0.01995	0.01413	0.00997	0.00831	0.00249	0.00914	0.00748	0.00831	0.01413
45	0.01226	0.00858	0.01029	0.01012	0.01242	0.00759	0.00749	0.01498	0.02036	0.06537	0.28174	0.18321	0.29546	0.01980	0.00986	0.00282	0.00439	0.01716	0.00839	0.00770
46	0.02863	0.03426	0.02597	0.02817	0.17206	0.49397	0.01823	0.05770	0.02315	0.02333	0.01380	0.01650	0.01142	0.00835	0.00770	0.00223	0.01354	0.00592	0.00442	0.01065
47	0.05624	0.29882	0.09418	0.02151	0.10677	0.19246	0.01720	0.02690	0.01883	0.02277	0.01299	0.01542	0.01104	0.00755	0.00657	0.00204	0.01059	0.00527	0.00399	0.06887
48	0.02018	0.01098	0.01400	0.01231	0.01585	0.01020	0.00954	0.02531	0.07886	0.22627	0.30720	0.10487	0.09901	0.01548	0.00930	0.00270	0.00524	0.01338	0.00920	0.01012
49	0.01208	0.00805	0.00906	0.00906	0.00906	0.00805	0.00503	0.01208	0.01208	0.01611	0.02618	0.05436	0.03020	0.70804	0.04228	0.00805	0.00805	0.01208	0.00503	0.00503
50	0.02433	0.14747	0.02913	0.02867	0.24625	0.12855	0.01778	0.07737	0.04510	0.08814	0.01894	0.05261	0.01613	0.03359	0.00891	0.00255	0.00977	0.00763	0.00535	0.01172
51	0.02314	0.35074	0.08518	0.02126	0.07931	0.17498	0.06493	0.02683	0.01886	0.02192	0.01307	0.01561	0.01113	0.00746	0.00667	0.00203	0.01086	0.00549	0.00390	0.05664
52	0.02664	0.03001	0.02086	0.01853	0.02261	0.42578	0.01411	0.11545	0.02579	0.02799	0.16220	0.02663	0.02691	0.01072	0.00815	0.00230	0.01157	0.00790	0.00599	0.00987
53	0.13034	0.02487	0.12786	0.01847	0.02561	0.02303	0.01706	0.41853	0.03093	0.04452	0.01806	0.01921	0.01312	0.01163	0.03727	0.00301	0.00986	0.00691	0.00691	0.01281
54	0.19715	0.02064	0.01882	0.01613	0.02073	0.12687	0.01289	0.23495	0.02421	0.03521	0.01742	0.02085	0.01406	0.02247	0.17638	0.00520	0.01279	0.00680	0.00593	0.01050
55	0.01190	0.00876	0.01265	0.01265	0.01389	0.01000	0.00950	0.01438	0.01314	0.01876	0.02290	0.03621	0.02232	0.16844	0.57111	0.01248	0.01992	0.00942	0.00455	0.00703
56	0.02547	0.01806	0.01988	0.01688	0.02221	0.01997	0.01341	0.13953	0.43021	0.15145	0.03134	0.02869	0.02264	0.01088	0.00841	0.00272	0.00709	0.00889	0.00876	0.01349
57	0.01569	0.01477	0.02492	0.68808	0.05722	0.01846	0.02307	0.02123	0.01661	0.02123	0.01477	0.02215	0.01107	0.00831	0.00831	0.00277	0.01107	0.00738	0.00369	0.00923
58	0.00982	0.00842	0.00842	0.00842	0.01122	0.00701	0.00631	0.01192	0.01894	0.02244	0.08416	0.07995	0.65285	0.02104	0.00982	0.00281	0.00421	0.01753	0.00771	0.00701
59	0.02261	0.02499	0.02617	0.33337	0.09089	0.25933	0.04700	0.05466	0.02052	0.02306	0.01446	0.01931	0.01131	0.00835	0.00807	0.00250	0.01245	0.00675	0.00418	0.01000
60	0.02934	0.16896	0.02738	0.02002	0.02484	0.55140	0.01570	0.03158	0.02226	0.02018	0.01259	0.01466	0.01069	0.00828	0.00708	0.00207	0.01381	0.00518	0.00414	0.00983
61	0.01187	0.00890	0.01335	0.01335	0.01483	0.01038	0.01038	0.01483	0.01335	0.01928	0.02225	0.03264	0.02077	0.06231	0.67512	0.01335	0.02225	0.00890	0.00445	0.00742
62	0.01666	0.04297	0.66500	0.02368	0.03596	0.01929	0.03069	0.02631	0.01754	0.02631	0.01491	0.01754	0.01052	0.00789	0.00789	0.00263	0.01228	0.00614	0.00351	0.01228
63	0.03106	0.03873	0.02362	0.02128	0.02569	0.64025	0.01604	0.06477	0.02437	0.02203	0.01322	0.01524	0.01088	0.00864	0.00753	0.00216	0.01467	0.00546	0.00449	0.00987
64	0.01208	0.00805	0.00906	0.00906	0.00906	0.00805	0.00503	0.01208	0.01208	0.01611	0.02618	0.05436	0.03020	0.70804	0.04228	0.00805	0.00805	0.01208	0.00503	0.00503
65	0.01208	0.00805	0.00906	0.00906	0.00906	0.00805	0.00503	0.01208	0.01208	0.01611	0.02618	0.05436	0.03020	0.70804	0.04228	0.00805	0.00805	0.01208	0.00503	0.00503
66	0.01549	0.00774	0.00774	0.00774	0.00968	0.00774	0.00581	0.01936	0.01742	0.03097	0.02710	0.03097	0.02129	0.00968	0.00581	0.00194	0.00387	0.00774	0.75416	0.00774
67	0.00996	0.00787	0.00898	0.00986	0.01160	0.00689	0.00695	0.01176	0.01755	0.02188	0.06656	0.36550	0.37866	0.02333	0.01018	0.00307	0.00449	0.02032	0.00771	0.00689
68	0.01187	0.00890	0.01335	0.01335	0.01483	0.01038	0.01038	0.01483	0.01335	0.01928	0.02225	0.03264	0.02077	0.06231	0.67512	0.01335	0.02225	0.00890	0.00445	0.00742
69	0.01980	0.01629	0.01861	0.01352	0.02078	0.01370	0.01091	0.12972	0.02114	0.03160	0.01569	0.01771	0.01263	0.00684	0.00654	0.00146	0.00669	0.00538	0.00553	0.62548
70	0.02056	0.01974	0.03372	0.05099	0.65622	0.01974	0.02550	0.02550	0.01892	0.02714	0.01563	0.02056	0.01316	0.00740	0.00822	0.00247	0.00987	0.00740	0.00411	0.01316
