[name]
unknown

[dist]
# distance from previous block
# <min> <max>
3	63

[block]
# block no. 0 follows, 19 sequences, length 54
# corresponding to MSA columns:
# 67-120
name=unknown_A
#
# <colnr> <probs for GDERKNQSTAVLIFYWHMCP>
#	G	D	E	R	K	N	Q	S	T	A	V	L	I	F	Y	W	H	M	C	P
0	0.01871	0.01648	0.02643	0.34268	0.19987	0.01875	0.02206	0.05430	0.01952	0.02695	0.01843	0.02532	0.01476	0.01552	0.08166	0.00410	0.01222	0.00818	0.06308	0.01099
1	0.02222	0.02389	0.03152	0.16896	0.18930	0.16179	0.12080	0.02723	0.02151	0.02651	0.06658	0.02933	0.02064	0.01012	0.00932	0.00280	0.01228	0.03891	0.00503	0.01127
2	0.02535	0.02616	0.02417	0.02471	0.10526	0.22057	0.01703	0.09164	0.15743	0.03005	0.02430	0.10335	0.02172	0.01280	0.01094	0.00287	0.07350	0.00990	0.00644	0.01180
3	0.08082	0.01318	0.01674	0.12396	0.02450	0.01329	0.01243	0.05573	0.02093	0.18721	0.04067	0.04144	0.17148	0.01583	0.01215	0.09347	0.00746	0.01075	0.04780	0.01015
4	0.01763	0.02017	0.10181	0.20102	0.26796	0.01773	0.02278	0.02305	0.01954	0.02630	0.03319	0.03667	0.15173	0.01162	0.00922	0.00285	0.00991	0.01027	0.00511	0.01144
5	0.01787	0.02434	0.17135	0.02388	0.06214	0.06694	0.13744	0.02306	0.01792	0.02421	0.02151	0.05830	0.02003	0.14515	0.14028	0.00617	0.01460	0.00998	0.00473	0.01011
6	0.01065	0.00877	0.00936	0.00983	0.01229	0.00749	0.00714	0.01275	0.01965	0.02387	0.08128	0.22045	0.49784	0.02387	0.01076	0.00316	0.00468	0.02036	0.00831	0.00749
7	0.02199	0.01595	0.02521	0.49386	0.05145	0.01862	0.02183	0.02853	0.05322	0.15010	0.02106	0.02575	0.01490	0.00956	0.00896	0.00294	0.01076	0.00829	0.00573	0.01127
8	0.06037	0.46206	0.07900	0.01658	0.02385	0.09715	0.01600	0.06185	0.02044	0.02492	0.01824	0.01975	0.04980	0.00903	0.00666	0.00218	0.01009	0.00609	0.00458	0.01137
9	0.06011	0.02374	0.10870	0.13560	0.17312	0.02269	0.13521	0.06010	0.01973	0.02879	0.01594	0.02148	0.01272	0.00970	0.01272	0.00304	0.13197	0.00811	0.00453	0.01199
10	0.01120	0.00875	0.01015	0.01052	0.01265	0.00771	0.00762	0.01378	0.02080	0.02683	0.21722	0.23717	0.33781	0.02295	0.01079	0.00313	0.00462	0.01991	0.00870	0.00771
11	0.02163	0.02433	0.11047	0.05130	0.55708	0.02120	0.02815	0.02756	0.02019	0.02912	0.01673	0.02174	0.01382	0.00804	0.00881	0.00268	0.01095	0.00780	0.00435	0.01405
12	0.02144	0.26252	0.20798	0.03020	0.16048	0.02629	0.11789	0.02766	0.01932	0.02603	0.01529	0.01885	0.01236	0.00794	0.00795	0.00250	0.01170	0.00691	0.00406	0.01263
13	0.01143	0.00961	0.01003	0.01015	0.01309	0.00848	0.00769	0.01500	0.05227	0.02495	0.08308	0.11691	0.53134	0.02250	0.01064	0.00312	0.00491	0.04855	0.00835	0.00793
14	0.02132	0.08414	0.48749	0.02539	0.07100	0.02085	0.02908	0.03005	0.01976	0.10264	0.01823	0.02020	0.01284	0.00873	0.00840	0.00275	0.01213	0.00686	0.00472	0.01341
15	0.01462	0.01383	0.02432	0.09181	0.02793	0.01333	0.18236	0.01849	0.01888	0.02452	0.04451	0.24269	0.16724	0.05793	0.01274	0.00354	0.00890	0.01689	0.00654	0.00893
16	0.01866	0.04127	0.50652	0.02826	0.04054	0.02120	0.16074	0.02841	0.01939	0.02841	0.01652	0.02008	0.01184	0.00828	0.00897	0.00287	0.01364	0.00750	0.00395	0.01296
17	0.01910	0.01068	0.01093	0.01005	0.01285	0.01105	0.00776	0.10187	0.02202	0.03658	0.02811	0.03169	0.02185	0.01047	0.00663	0.00217	0.00496	0.00830	0.63364	0.00930
18	0.18601	0.01985	0.03121	0.21709	0.12409	0.02157	0.15649	0.08471	0.02087	0.03246	0.01634	0.02133	0.01246	0.00852	0.00854	0.00287	0.01115	0.00788	0.00503	0.01152
19	0.01903	0.02296	0.11084	0.03650	0.23732	0.01901	0.21958	0.02514	0.02045	0.02794	0.03148	0.03483	0.13230	0.01074	0.00973	0.00287	0.01129	0.01081	0.00513	0.01205
20	0.01085	0.00796	0.01020	0.01198	0.01285	0.00731	0.00809	0.01251	0.01759	0.02302	0.05509	0.59669	0.13850	0.02728	0.01130	0.00355	0.00510	0.02452	0.00831	0.00731
21	0.03010	0.02993	0.02929	0.03216	0.21589	0.23993	0.02037	0.22666	0.02953	0.03602	0.01739	0.01985	0.01362	0.00935	0.00862	0.00255	0.01226	0.00724	0.00604	0.01322
22	0.02476	0.17208	0.03679	0.04115	0.41780	0.02346	0.02295	0.02929	0.02052	0.10201	0.01811	0.02140	0.01454	0.00828	0.00817	0.00250	0.01002	0.00738	0.00511	0.01369
23	0.01772	0.09267	0.02662	0.02023	0.02228	0.02215	0.05475	0.02060	0.01495	0.02168	0.01665	0.02490	0.01567	0.03275	0.24920	0.00740	0.31774	0.00830	0.00426	0.00948
24	0.01067	0.00871	0.00943	0.01001	0.01233	0.00747	0.00722	0.01273	0.01948	0.02380	0.07905	0.25252	0.46721	0.02416	0.01081	0.00319	0.00472	0.02072	0.00831	0.00747
25	0.02025	0.02293	0.10798	0.21140	0.40775	0.02084	0.02746	0.02636	0.01954	0.02744	0.01649	0.02219	0.01323	0.00829	0.00884	0.00276	0.01129	0.00780	0.00423	0.01294
26	0.01999	0.01906	0.03243	0.30428	0.39720	0.02069	0.02639	0.02557	0.01936	0.02662	0.01645	0.02284	0.01325	0.00837	0.00889	0.00279	0.01116	0.00796	0.00424	0.01244
27	0.01681	0.01456	0.02302	0.03164	0.29876	0.01421	0.01723	0.02116	0.02188	0.03097	0.26284	0.13189	0.04835	0.01487	0.00989	0.00286	0.00732	0.01367	0.00712	0.01093
28	0.08650	0.04208	0.54141	0.02503	0.03726	0.02083	0.06866	0.02816	0.01870	0.02946	0.01586	0.01883	0.01133	0.00842	0.00836	0.00284	0.01276	0.00671	0.00399	0.01281
29	0.01837	0.04081	0.51716	0.08025	0.11210	0.02076	0.03172	0.02779	0.01899	0.02800	0.01614	0.01968	0.01172	0.00847	0.00858	0.00282	0.01280	0.00688	0.00387	0.01307
30	0.01886	0.11824	0.53846	0.02597	0.06964	0.02247	0.03073	0.02811	0.01889	0.02755	0.01569	0.01855	0.01151	0.00837	0.00821	0.00272	0.01266	0.00648	0.00382	0.01308
31	0.02007	0.01818	0.02898	0.45136	0.18626	0.02110	0.02452	0.09104	0.02126	0.02820	0.01676	0.02319	0.01282	0.00893	0.00893	0.00287	0.01139	0.00797	0.00466	0.01151
32	0.02260	0.02239	0.03504	0.08728	0.55727	0.06326	0.02663	0.02775	0.02056	0.02838	0.01657	0.02184	0.01387	0.00811	0.00881	0.00265	0.01107	0.00782	0.00441	0.01368
33	0.01968	0.01499	0.01618	0.01417	0.01830	0.01529	0.01103	0.23928	0.02812	0.03634	0.05594	0.17630	0.28048	0.01910	0.01011	0.00301	0.00671	0.01597	0.00855	0.01045
34	0.01301	0.00867	0.00976	0.00976	0.00976	0.00867	0.00542	0.01301	0.01301	0.01735	0.02819	0.05855	0.03253	0.68559	0.04554	0.00867	0.00867	0.01301	0.00542	0.00542
35	0.01954	0.06028	0.12220	0.03239	0.10514	0.02054	0.32697	0.02641	0.02128	0.02948	0.11897	0.02982	0.02509	0.00952	0.00983	0.00286	0.01221	0.01036	0.00527	0.01182
36	0.01071	0.00852	0.00962	0.01050	0.01246	0.00743	0.00743	0.01268	0.01901	0.02361	0.07319	0.33662	0.38688	0.02492	0.01093	0.00328	0.00481	0.02165	0.00831	0.00743
37	0.03146	0.02379	0.02541	0.02007	0.02677	0.02655	0.01639	0.48001	0.16616	0.05227	0.02472	0.02406	0.01784	0.01104	0.00898	0.00276	0.00924	0.00850	0.00898	0.01499
38	0.02225	0.01922	0.02023	0.01821	0.02326	0.02225	0.01416	0.04754	0.61361	0.03742	0.03641	0.03338	0.02731	0.01214	0.00910	0.00303	0.00708	0.01011	0.00910	0.01416
39	0.01960	0.01119	0.01455	0.01269	0.01608	0.01035	0.00985	0.04933	0.02615	0.16711	0.46942	0.05686	0.06773	0.01638	0.01014	0.00280	0.00521	0.01425	0.01007	0.01022
40	0.01150	0.00848	0.01077	0.01150	0.01299	0.00775	0.00813	0.01416	0.02066	0.02788	0.26911	0.36302	0.15387	0.02361	0.01097	0.00324	0.00473	0.02101	0.00888	0.00775
41	0.01172	0.00910	0.01378	0.01448	0.01568	0.00850	0.05552	0.01376	0.01745	0.02330	0.04681	0.62719	0.05552	0.02639	0.01135	0.00358	0.00598	0.02424	0.00800	0.00765
42	0.02194	0.02955	0.19395	0.04463	0.42612	0.07151	0.02811	0.02835	0.02038	0.02840	0.01638	0.02081	0.01321	0.00821	0.00870	0.00268	0.01175	0.00744	0.00427	0.01362
43	0.02191	0.02191	0.04004	0.05102	0.49784	0.02157	0.15641	0.02773	0.02054	0.02910	0.01712	0.02259	0.01404	0.00787	0.00924	0.00274	0.01164	0.00856	0.00445	0.01369
44	0.01299	0.00952	0.01406	0.01406	0.01568	0.01103	0.01092	0.01623	0.01461	0.02143	0.02424	0.03505	0.02240	0.06410	0.61606	0.01373	0.02292	0.00952	0.04345	0.00801
45	0.02637	0.02837	0.02588	0.02244	0.02523	0.25743	0.01792	0.10743	0.02203	0.02650	0.01453	0.01939	0.01271	0.01530	0.05146	0.00370	0.30054	0.00719	0.00492	0.01067
46	0.03107	0.02277	0.02446	0.01907	0.02523	0.02508	0.01538	0.51785	0.03800	0.05092	0.02242	0.02666	0.01764	0.10513	0.01407	0.00352	0.00968	0.00875	0.00846	0.01384
47	0.01284	0.00935	0.01316	0.01316	0.01434	0.01052	0.00967	0.01520	0.01402	0.01987	0.02507	0.04130	0.02504	0.22970	0.49118	0.01288	0.01994	0.01049	0.00496	0.00731
48	0.01194	0.00907	0.01205	0.01402	0.04709	0.00839	0.00919	0.01450	0.01992	0.02680	0.20461	0.39920	0.14264	0.02361	0.01093	0.00328	0.00514	0.02112	0.00850	0.00800
49	0.02770	0.20788	0.02930	0.01966	0.02460	0.38861	0.01581	0.03029	0.02176	0.02150	0.01504	0.01863	0.01320	0.01784	0.10763	0.00409	0.01563	0.00610	0.00443	0.01029
50	0.02863	0.03057	0.02423	0.09997	0.03040	0.31989	0.01716	0.14541	0.12079	0.03134	0.02287	0.02424	0.04445	0.01059	0.00863	0.00261	0.01239	0.00780	0.00627	0.01173
51	0.02778	0.03253	0.03274	0.03652	0.25051	0.34241	0.09235	0.03183	0.02301	0.02541	0.01545	0.01932	0.01275	0.00856	0.00866	0.00252	0.01399	0.00716	0.00453	0.01197
52	0.01107	0.00786	0.01033	0.01224	0.01272	0.00738	0.00807	0.01250	0.01680	0.02240	0.04762	0.62995	0.05704	0.08074	0.01415	0.00404	0.00547	0.02444	0.00807	0.00712
53	0.01682	0.04369	0.01569	0.01426	0.01699	0.04559	0.01139	0.01999	0.01992	0.08185	0.11372	0.13781	0.10850	0.03079	0.15529	0.00577	0.01093	0.13454	0.00753	0.00892

[dist]
# distance from previous block
# <min> <max>
3	6

[block]
# block no. 1 follows, 19 sequences, length 27
# corresponding to MSA columns:
# 128-154
name=unknown_B
#
# <colnr> <probs for GDERKNQSTAVLIFYWHMCP>
#	G	D	E	R	K	N	Q	S	T	A	V	L	I	F	Y	W	H	M	C	P
0	0.01410	0.01348	0.01170	0.01181	0.01422	0.09785	0.00845	0.01599	0.01967	0.02289	0.06494	0.19726	0.36186	0.08855	0.01391	0.00362	0.00672	0.01781	0.00750	0.00767
1	0.02004	0.01915	0.02087	0.09283	0.02504	0.10609	0.01450	0.05112	0.01816	0.02417	0.01790	0.02841	0.01709	0.15610	0.04863	0.00444	0.16085	0.00821	0.00492	0.16146
2	0.01824	0.01479	0.01753	0.01555	0.01906	0.01601	0.01259	0.13197	0.05323	0.03152	0.07036	0.05316	0.20161	0.02237	0.07711	0.00424	0.10161	0.07737	0.00738	0.05429
3	0.01944	0.01369	0.01499	0.01307	0.01526	0.01451	0.00897	0.19269	0.02190	0.02930	0.02613	0.04720	0.02723	0.47900	0.03434	0.00684	0.00903	0.01149	0.00650	0.00842
4	0.02831	0.07662	0.02768	0.08597	0.02982	0.19706	0.01805	0.21870	0.05619	0.03404	0.01721	0.01998	0.01359	0.01084	0.01201	0.00278	0.12578	0.00724	0.00602	0.01210
5	0.02822	0.10613	0.02802	0.02090	0.02548	0.21480	0.01704	0.20312	0.02646	0.03220	0.01625	0.01955	0.01342	0.01473	0.05558	0.00352	0.15012	0.00704	0.00571	0.01170
6	0.01475	0.01074	0.01229	0.01148	0.01450	0.01015	0.00865	0.02061	0.09758	0.06687	0.27255	0.06749	0.28323	0.05466	0.01216	0.00324	0.00515	0.01586	0.00899	0.00907
7	0.01288	0.00869	0.00972	0.00972	0.00988	0.00861	0.00549	0.01300	0.01340	0.01771	0.03150	0.06001	0.06397	0.65047	0.04368	0.00837	0.00845	0.01332	0.00557	0.00553
8	0.01205	0.00874	0.01147	0.01235	0.01385	0.00816	0.00912	0.01504	0.02097	0.02849	0.27305	0.32625	0.10254	0.02349	0.01117	0.00335	0.00521	0.09795	0.00889	0.00787
9	0.02657	0.02848	0.02505	0.02738	0.15085	0.29749	0.01786	0.03352	0.12129	0.05106	0.02054	0.02354	0.01668	0.01766	0.09868	0.00422	0.01422	0.00762	0.00562	0.01166
10	0.03283	0.02447	0.02618	0.02035	0.02729	0.02719	0.01672	0.54439	0.09954	0.05448	0.02298	0.02268	0.01643	0.01088	0.00897	0.00272	0.00957	0.00826	0.00897	0.01511
11	0.01668	0.00834	0.00834	0.00834	0.01042	0.00834	0.00625	0.02085	0.01876	0.03335	0.02918	0.03335	0.02293	0.01042	0.00625	0.00208	0.00417	0.00834	0.73525	0.00834
12	0.74878	0.01730	0.01315	0.01177	0.01730	0.02007	0.00969	0.02630	0.01523	0.04014	0.01246	0.01453	0.00969	0.00830	0.00554	0.00277	0.00692	0.00484	0.00554	0.00969
13	0.01086	0.00902	0.00914	0.00914	0.01181	0.00768	0.00664	0.01286	0.01953	0.02337	0.08332	0.08287	0.55665	0.10027	0.01467	0.00368	0.00502	0.01819	0.00797	0.00730
14	0.01107	0.00846	0.01018	0.01107	0.01273	0.00756	0.00780	0.01331	0.01961	0.02544	0.15790	0.37110	0.26243	0.02455	0.01098	0.00328	0.00480	0.02162	0.00856	0.00756
15	0.01301	0.00867	0.00976	0.00976	0.00976	0.00867	0.00542	0.01301	0.01301	0.01735	0.02819	0.05855	0.03253	0.68559	0.04554	0.00867	0.00867	0.01301	0.00542	0.00542
16	0.02534	0.02075	0.02197	0.01883	0.02444	0.02369	0.01491	0.19262	0.46351	0.04240	0.03249	0.03025	0.02413	0.01177	0.00906	0.00294	0.00781	0.00957	0.00906	0.01444
17	0.03172	0.03416	0.02433	0.02118	0.02601	0.41151	0.01622	0.18848	0.02852	0.03072	0.01611	0.01876	0.01296	0.01192	0.01112	0.07938	0.01353	0.00660	0.00573	0.01103
18	0.02632	0.02776	0.02627	0.02939	0.18370	0.25268	0.01871	0.08944	0.10701	0.02933	0.01985	0.02309	0.01619	0.01682	0.09019	0.00407	0.01378	0.00767	0.00565	0.01209
19	0.02032	0.15713	0.02416	0.01592	0.02138	0.02149	0.01311	0.03431	0.30994	0.03031	0.03154	0.03158	0.06571	0.01680	0.07266	0.00372	0.00905	0.00898	0.00703	0.10487
20	0.01608	0.01252	0.01462	0.01462	0.04189	0.01356	0.01032	0.02355	0.14739	0.02801	0.07690	0.04891	0.14980	0.13528	0.04477	0.00439	0.06269	0.01215	0.13324	0.00930
21	0.01679	0.07502	0.10637	0.01721	0.02088	0.04398	0.01524	0.02217	0.07650	0.02386	0.02698	0.18605	0.02731	0.02804	0.14685	0.05017	0.08916	0.01223	0.00570	0.00953
22	0.01768	0.11344	0.33083	0.01908	0.02758	0.06079	0.02157	0.02387	0.01896	0.02504	0.03223	0.03615	0.14168	0.07949	0.01229	0.00331	0.01070	0.00953	0.00495	0.01085
23	0.06247	0.24053	0.12332	0.05695	0.02634	0.15388	0.01714	0.02612	0.02041	0.02501	0.06845	0.02900	0.09494	0.01092	0.00780	0.00246	0.01046	0.00810	0.00510	0.01060
24	0.02296	0.23927	0.02885	0.01623	0.02245	0.11066	0.01382	0.08272	0.02104	0.02680	0.01642	0.01997	0.01419	0.01806	0.11662	0.00402	0.01220	0.00621	0.00500	0.20251
25	0.02135	0.24683	0.16068	0.02572	0.14342	0.08543	0.02086	0.02627	0.01880	0.02419	0.01615	0.02053	0.01384	0.01819	0.11715	0.00442	0.01363	0.00670	0.00417	0.01166
26	0.11927	0.10014	0.02832	0.05532	0.16998	0.19572	0.01832	0.11412	0.02425	0.03185	0.04956	0.02113	0.01655	0.00935	0.00798	0.00252	0.01113	0.00708	0.00551	0.01191

[dist]
# distance from previous block
# <min> <max>
2	32

[block]
# block no. 2 follows, 19 sequences, length 18
# corresponding to MSA columns:
# 187-204
name=unknown_C
#
# <colnr> <probs for GDERKNQSTAVLIFYWHMCP>
#	G	D	E	R	K	N	Q	S	T	A	V	L	I	F	Y	W	H	M	C	P
0	0.02339	0.01298	0.01561	0.01313	0.01809	0.01166	0.01039	0.02900	0.08858	0.24728	0.11684	0.05253	0.23247	0.01552	0.00951	0.00277	0.00606	0.01293	0.00931	0.07194
1	0.02430	0.03738	0.23252	0.02981	0.07171	0.23341	0.18570	0.03087	0.02178	0.02631	0.01592	0.01962	0.01219	0.00844	0.00895	0.00270	0.01457	0.00751	0.00431	0.01199
2	0.02371	0.02088	0.02156	0.19478	0.03234	0.13383	0.01642	0.16507	0.02505	0.03295	0.02041	0.02484	0.01589	0.01458	0.06141	0.00354	0.01152	0.00779	0.16265	0.01080
3	0.16223	0.02503	0.02401	0.15673	0.03251	0.16541	0.01765	0.17809	0.02498	0.03454	0.01580	0.01926	0.01226	0.01010	0.01037	0.00281	0.08424	0.00689	0.00571	0.01136
4	0.02199	0.02461	0.02025	0.01868	0.02098	0.26403	0.01420	0.02392	0.01963	0.02191	0.03010	0.12725	0.10411	0.06684	0.01705	0.00348	0.17488	0.01151	0.00555	0.00901
5	0.02802	0.02061	0.02280	0.01858	0.02407	0.02262	0.01493	0.44399	0.03520	0.04729	0.02678	0.14306	0.02385	0.01858	0.06261	0.00383	0.01016	0.01136	0.00849	0.01316
6	0.02304	0.34072	0.03263	0.01687	0.02246	0.12328	0.01464	0.03007	0.12988	0.02419	0.01924	0.02199	0.01644	0.01961	0.12464	0.00446	0.01275	0.00681	0.00511	0.01117
7	0.01674	0.01032	0.01080	0.01026	0.01280	0.01029	0.00764	0.08246	0.02108	0.03214	0.04127	0.09301	0.13833	0.06691	0.01083	0.00296	0.00530	0.01194	0.40629	0.00865
8	0.02321	0.01981	0.02952	0.03306	0.24929	0.02031	0.08319	0.10870	0.13304	0.05917	0.04658	0.02916	0.02116	0.06258	0.01196	0.00320	0.00968	0.00932	0.00652	0.04052
9	0.10050	0.01909	0.02151	0.22209	0.03376	0.10902	0.01742	0.02371	0.01842	0.02542	0.02043	0.03493	0.01917	0.04645	0.01311	0.00329	0.09048	0.09823	0.00512	0.07783
10	0.30827	0.01981	0.01796	0.08728	0.02378	0.11450	0.01351	0.02410	0.01779	0.02959	0.02755	0.02997	0.12576	0.01233	0.01092	0.00295	0.11060	0.00841	0.00549	0.00944
11	0.21722	0.02943	0.23363	0.02694	0.15224	0.02199	0.02266	0.13445	0.02255	0.03692	0.01627	0.01888	0.01220	0.00876	0.00786	0.00275	0.01037	0.00669	0.00535	0.01284
12	0.02335	0.02014	0.07104	0.01916	0.02468	0.01971	0.05953	0.27091	0.02761	0.03850	0.02230	0.02696	0.01779	0.02848	0.21566	0.00644	0.01455	0.00865	0.07267	0.01186
13	0.02937	0.03080	0.02739	0.02604	0.09371	0.28635	0.01883	0.17792	0.02665	0.03157	0.01570	0.01892	0.01282	0.01084	0.01291	0.00278	0.15284	0.00704	0.00557	0.01192
14	0.01660	0.01665	0.06278	0.01473	0.01759	0.09637	0.01221	0.01998	0.01878	0.02486	0.08647	0.05172	0.05891	0.14793	0.13583	0.00613	0.01172	0.10519	0.08719	0.00835
15	0.10116	0.01716	0.02185	0.02610	0.20532	0.01763	0.01578	0.12823	0.05421	0.03473	0.07470	0.04295	0.19684	0.01360	0.00912	0.00281	0.00775	0.01140	0.00706	0.01161
16	0.05042	0.13935	0.02301	0.01999	0.12066	0.07609	0.01342	0.02250	0.02050	0.02791	0.13196	0.03946	0.12115	0.01578	0.04520	0.00318	0.00870	0.01026	0.10045	0.01003
17	0.02468	0.10675	0.12639	0.02158	0.02661	0.27404	0.01933	0.02845	0.02078	0.02407	0.07077	0.02193	0.01836	0.01128	0.01309	0.00277	0.16650	0.00725	0.00472	0.01064

[dist]
# distance from previous block
# <min> <max>
64	152

[block]
# block no. 3 follows, 19 sequences, length 9
# corresponding to MSA columns:
# 394-402
name=unknown_D
#
# <colnr> <probs for GDERKNQSTAVLIFYWHMCP>
#	G	D	E	R	K	N	Q	S	T	A	V	L	I	F	Y	W	H	M	C	P
0	0.02174	0.02884	0.19099	0.02823	0.15380	0.11335	0.02246	0.02696	0.02011	0.06049	0.05662	0.02828	0.06851	0.01164	0.01250	0.00292	0.12693	0.00869	0.00519	0.01176
1	0.02242	0.01953	0.02983	0.04040	0.40271	0.02014	0.02178	0.12555	0.02286	0.03196	0.01952	0.02720	0.01710	0.08939	0.06699	0.00432	0.01139	0.00869	0.00537	0.01285
2	0.02516	0.02451	0.03260	0.04258	0.40257	0.10644	0.02380	0.11314	0.02363	0.03156	0.01664	0.02100	0.01374	0.00928	0.01071	0.00273	0.07373	0.00768	0.00508	0.01340
3	0.01743	0.01625	0.01642	0.01776	0.08508	0.08644	0.01176	0.06577	0.06872	0.02757	0.05704	0.11017	0.31264	0.05268	0.01174	0.00322	0.00745	0.01485	0.00741	0.00961
4	0.02167	0.01633	0.02069	0.02238	0.13816	0.01702	0.01428	0.20410	0.02683	0.03758	0.13057	0.08717	0.03357	0.09315	0.01346	0.00342	0.00787	0.01146	0.08903	0.01126
5	0.02401	0.01697	0.02332	0.14977	0.13597	0.01775	0.01760	0.11355	0.07234	0.14584	0.03607	0.03889	0.12070	0.01266	0.00937	0.00290	0.00879	0.03373	0.00745	0.01233
6	0.01774	0.02695	0.25062	0.02034	0.02806	0.01791	0.06539	0.03019	0.18659	0.03162	0.12615	0.03842	0.09629	0.01257	0.00939	0.00292	0.00926	0.01078	0.00679	0.01201
7	0.01972	0.01864	0.02331	0.12839	0.16733	0.06926	0.01787	0.03002	0.18927	0.02886	0.05467	0.03512	0.08787	0.01704	0.06997	0.00395	0.01061	0.01007	0.00638	0.01165
8	0.01604	0.01242	0.01495	0.01363	0.01737	0.01111	0.01004	0.08156	0.02039	0.02870	0.03506	0.38569	0.03895	0.01896	0.00954	0.00276	0.00619	0.01678	0.00738	0.25248

[dist]
# distance from previous block
# <min> <max>
83	190

[block]
# block no. 4 follows, 19 sequences, length 35
# corresponding to MSA columns:
# 608-642
name=unknown_E
#
# <colnr> <probs for GDERKNQSTAVLIFYWHMCP>
#	G	D	E	R	K	N	Q	S	T	A	V	L	I	F	Y	W	H	M	C	P
0	0.02548	0.23722	0.08280	0.02630	0.11531	0.05709	0.12164	0.05583	0.02152	0.10671	0.01802	0.02031	0.01390	0.00835	0.00799	0.00242	0.01089	0.00718	0.00534	0.05570
1	0.02350	0.07309	0.02575	0.02565	0.13773	0.18773	0.01712	0.03188	0.16126	0.02654	0.02153	0.02586	0.01817	0.04829	0.09521	0.00448	0.05097	0.00810	0.00561	0.01150
2	0.02297	0.19645	0.06790	0.02230	0.10482	0.07168	0.01718	0.13379	0.02444	0.03176	0.10482	0.03078	0.02585	0.01566	0.06030	0.00350	0.01084	0.03718	0.00610	0.01169
3	0.08826	0.06092	0.22104	0.02333	0.10687	0.05743	0.02050	0.02443	0.01916	0.02844	0.10348	0.02840	0.02405	0.02093	0.13021	0.00491	0.01302	0.00840	0.00514	0.01107
4	0.02082	0.02120	0.02840	0.12049	0.35611	0.10510	0.02179	0.02523	0.02074	0.02643	0.03031	0.03368	0.12971	0.01106	0.00909	0.00272	0.01040	0.00974	0.00513	0.01184
5	0.01920	0.03370	0.35291	0.03651	0.27896	0.02014	0.02912	0.02700	0.01959	0.02844	0.02105	0.02444	0.05108	0.00917	0.00878	0.00277	0.01161	0.00794	0.00433	0.01325
6	0.07586	0.02351	0.10560	0.14200	0.27924	0.02141	0.02367	0.12216	0.02291	0.03339	0.01698	0.02114	0.01323	0.00861	0.00847	0.00267	0.01053	0.00742	0.00516	0.05603
7	0.02023	0.02019	0.03542	0.03623	0.23530	0.02043	0.19335	0.02614	0.04056	0.02796	0.02208	0.02943	0.04383	0.01041	0.01213	0.00291	0.09827	0.03802	0.00501	0.08210
8	0.02810	0.13376	0.03019	0.02545	0.09200	0.36908	0.01854	0.03075	0.02149	0.02250	0.01355	0.01718	0.01185	0.01008	0.01188	0.00259	0.13956	0.00625	0.00434	0.01084
9	0.02730	0.23166	0.16659	0.02108	0.02872	0.27191	0.02014	0.08568	0.02344	0.02637	0.01465	0.01673	0.01182	0.00875	0.00757	0.00234	0.01297	0.00588	0.00461	0.01179
10	0.05596	0.01819	0.10392	0.22032	0.10556	0.01611	0.01939	0.02215	0.04866	0.02604	0.02799	0.24065	0.02847	0.01523	0.00952	0.00313	0.00919	0.01352	0.00579	0.01020
11	0.08684	0.02990	0.02353	0.01990	0.02551	0.27082	0.01564	0.25948	0.06305	0.03811	0.02365	0.02423	0.05884	0.01090	0.00846	0.00259	0.01156	0.00781	0.00693	0.01225
12	0.02267	0.06997	0.02294	0.01810	0.02217	0.13532	0.01457	0.13104	0.02219	0.02856	0.01867	0.02426	0.01619	0.03007	0.23455	0.00665	0.08846	0.00764	0.00542	0.08057
13	0.01799	0.06324	0.01613	0.01216	0.01676	0.01294	0.00973	0.05324	0.06571	0.09763	0.09929	0.05919	0.33868	0.01696	0.00945	0.00271	0.00592	0.01398	0.00819	0.08006
14	0.02392	0.69097	0.04688	0.01531	0.02296	0.03540	0.01531	0.02679	0.01818	0.02105	0.01244	0.01435	0.01148	0.00765	0.00574	0.00191	0.00957	0.00478	0.00383	0.01148
15	0.02881	0.02206	0.02588	0.02408	0.11124	0.02355	0.01712	0.41575	0.03469	0.04707	0.02329	0.08946	0.01947	0.01184	0.00902	0.00268	0.00924	0.00964	0.00797	0.06713
16	0.01371	0.00929	0.01294	0.01294	0.01465	0.01051	0.01001	0.01714	0.01542	0.02376	0.02521	0.03472	0.02250	0.05361	0.49684	0.01145	0.01925	0.00929	0.17870	0.00807
17	0.01539	0.01278	0.01351	0.01251	0.01621	0.01286	0.00961	0.05686	0.18478	0.03111	0.13754	0.06554	0.36002	0.01855	0.01007	0.00298	0.00550	0.01552	0.00875	0.00992
18	0.02557	0.57981	0.04334	0.01644	0.02376	0.09384	0.01562	0.06973	0.02062	0.02372	0.01324	0.01505	0.01176	0.00803	0.00620	0.00201	0.01022	0.00512	0.00428	0.01165
19	0.01413	0.01085	0.01363	0.06364	0.01894	0.01083	0.01114	0.07088	0.02103	0.02711	0.05414	0.31166	0.19315	0.02294	0.01094	0.00342	0.00654	0.11853	0.00802	0.00848
20	0.01129	0.00913	0.00968	0.00987	0.01237	0.00798	0.00733	0.01341	0.01936	0.02345	0.07761	0.08361	0.48664	0.11701	0.01571	0.00393	0.00548	0.07094	0.00789	0.00732
21	0.09271	0.02203	0.03194	0.14755	0.35135	0.06865	0.05740	0.06929	0.02147	0.03061	0.01644	0.02132	0.01320	0.00844	0.00860	0.00272	0.01111	0.00766	0.00481	0.01269
22	0.17552	0.02912	0.02712	0.03315	0.26017	0.27586	0.01969	0.03057	0.02134	0.02849	0.01472	0.01815	0.01218	0.00855	0.00786	0.00254	0.01210	0.00644	0.00473	0.01171
23	0.40296	0.20265	0.02319	0.05362	0.02112	0.02274	0.01203	0.02495	0.01757	0.03319	0.09520	0.02211	0.02039	0.00951	0.00648	0.00255	0.00760	0.00655	0.00555	0.01003
24	0.02368	0.02417	0.03482	0.05057	0.54778	0.10684	0.02607	0.02858	0.02105	0.02823	0.01642	0.02132	0.01381	0.00814	0.00875	0.00261	0.01138	0.00767	0.00445	0.01365
25	0.01376	0.10604	0.01623	0.01157	0.01474	0.01214	0.00938	0.01719	0.02244	0.02950	0.33066	0.06788	0.23632	0.01861	0.01002	0.00285	0.00539	0.05830	0.00840	0.00859
26	0.01241	0.00842	0.00994	0.01053	0.01068	0.00827	0.00625	0.01285	0.01419	0.01892	0.03423	0.23616	0.04014	0.49757	0.03578	0.00723	0.00768	0.01656	0.00625	0.00595
27	0.03010	0.02102	0.02325	0.01868	0.02456	0.02272	0.01505	0.44525	0.03605	0.09496	0.02784	0.14716	0.02410	0.01405	0.00942	0.00287	0.00879	0.01143	0.00899	0.01371
28	0.01965	0.01286	0.01494	0.01287	0.01595	0.01261	0.00911	0.07699	0.06194	0.09676	0.02701	0.04298	0.02601	0.36443	0.06077	0.00625	0.00904	0.01058	0.00664	0.11264
29	0.01267	0.00872	0.01072	0.01102	0.01140	0.00895	0.00692	0.01349	0.01385	0.01878	0.03039	0.14233	0.03438	0.47476	0.15549	0.00904	0.01108	0.01412	0.00571	0.00617
30	0.01757	0.03534	0.42836	0.02200	0.03199	0.01878	0.02598	0.02885	0.10897	0.02916	0.02914	0.03500	0.07646	0.01189	0.00914	0.00300	0.01101	0.05958	0.00542	0.01237
31	0.03104	0.03879	0.02509	0.02450	0.07182	0.55950	0.01735	0.03357	0.02465	0.02260	0.01920	0.02127	0.05287	0.01003	0.00829	0.00238	0.01494	0.00681	0.00484	0.01047
32	0.02207	0.02136	0.03664	0.05165	0.55409	0.02141	0.06829	0.02864	0.05286	0.02963	0.01799	0.02290	0.01485	0.00817	0.00899	0.00270	0.01076	0.00828	0.00469	0.01402
33	0.02552	0.02965	0.10679	0.02362	0.07594	0.18759	0.01883	0.08306	0.28626	0.03292	0.02498	0.02505	0.01900	0.01043	0.00872	0.00276	0.01079	0.00816	0.00681	0.01312
34	0.01984	0.03113	0.26882	0.03116	0.16696	0.05858	0.10241	0.02681	0.01976	0.02787	0.01877	0.06831	0.01599	0.00950	0.00882	0.00267	0.01172	0.00861	0.00458	0.09769

[dist]
# distance from previous block
# <min> <max>
1	5

[block]
# block no. 5 follows, 19 sequences, length 18
# corresponding to MSA columns:
# 648-665
name=unknown_F
#
# <colnr> <probs for GDERKNQSTAVLIFYWHMCP>
#	G	D	E	R	K	N	Q	S	T	A	V	L	I	F	Y	W	H	M	C	P
0	0.13639	0.02144	0.02112	0.05354	0.09948	0.13994	0.01529	0.12344	0.02279	0.03269	0.01910	0.02354	0.01560	0.02029	0.12966	0.00479	0.01283	0.00742	0.08977	0.01086
1	0.03270	0.03734	0.02581	0.02253	0.02742	0.47414	0.01736	0.15933	0.02832	0.02948	0.01539	0.01752	0.01235	0.00995	0.00957	0.00249	0.05496	0.00640	0.00552	0.01140
2	0.02377	0.01762	0.01980	0.01636	0.02257	0.01776	0.01292	0.03932	0.34510	0.12334	0.02999	0.02842	0.02226	0.01030	0.00833	0.00247	0.00702	0.00848	0.00823	0.23595
3	0.01301	0.00867	0.00976	0.00976	0.00976	0.00867	0.00542	0.01301	0.01301	0.01735	0.02819	0.05855	0.03253	0.68559	0.04554	0.00867	0.00867	0.01301	0.00542	0.00542
4	0.12850	0.01883	0.06344	0.01638	0.02193	0.01838	0.01404	0.13211	0.14893	0.11824	0.02926	0.03021	0.05172	0.02026	0.11161	0.00467	0.01052	0.00889	0.03993	0.01218
5	0.16716	0.17945	0.02937	0.02148	0.06707	0.14742	0.01677	0.02686	0.01777	0.02572	0.01282	0.01689	0.01141	0.01055	0.01359	0.00282	0.21173	0.00615	0.00439	0.01059
6	0.01285	0.00861	0.00981	0.00997	0.01001	0.00857	0.00564	0.01297	0.01333	0.01777	0.02981	0.10630	0.03457	0.63504	0.04291	0.00829	0.00841	0.01397	0.00564	0.00556
7	0.01339	0.00949	0.01247	0.01295	0.01463	0.00919	0.01012	0.01676	0.02116	0.02885	0.29089	0.07815	0.06192	0.14946	0.01799	0.00444	0.00660	0.22537	0.00838	0.00778
8	0.02972	0.03362	0.02760	0.08477	0.03161	0.38311	0.05280	0.12544	0.02589	0.02803	0.01532	0.01860	0.01232	0.01003	0.01073	0.00265	0.08459	0.00686	0.00518	0.01117
9	0.03192	0.03863	0.02896	0.02466	0.03007	0.51122	0.09040	0.08870	0.02641	0.02604	0.01510	0.01765	0.01214	0.00915	0.00847	0.00243	0.01540	0.00659	0.00501	0.01105
10	0.01144	0.00910	0.01026	0.00997	0.01261	0.00792	0.00748	0.01451	0.02243	0.02901	0.31158	0.07813	0.40217	0.02085	0.01056	0.00294	0.00440	0.01776	0.00894	0.00792
11	0.02154	0.02064	0.03522	0.12520	0.56422	0.02110	0.02716	0.02693	0.02008	0.02849	0.01672	0.02234	0.01391	0.00808	0.00887	0.00269	0.01078	0.00797	0.00438	0.01368
12	0.02522	0.02849	0.02888	0.22764	0.20678	0.28131	0.02244	0.02948	0.02168	0.02424	0.01530	0.02017	0.01239	0.00879	0.00856	0.00261	0.01331	0.00705	0.00437	0.01130
13	0.01111	0.00874	0.00945	0.00985	0.01181	0.00771	0.00682	0.01280	0.01834	0.02260	0.07064	0.19491	0.40263	0.15159	0.01748	0.00423	0.00546	0.01901	0.00775	0.00709
14	0.01301	0.00867	0.00976	0.00976	0.00976	0.00867	0.00542	0.01301	0.01301	0.01735	0.02819	0.05855	0.03253	0.68559	0.04554	0.00867	0.00867	0.01301	0.00542	0.00542
15	0.01543	0.01056	0.01173	0.01101	0.01183	0.01087	0.00676	0.08073	0.01636	0.02185	0.02741	0.05427	0.03053	0.60772	0.04131	0.00798	0.00881	0.01244	0.00583	0.00655
16	0.01509	0.01330	0.01215	0.01248	0.01353	0.10029	0.00815	0.01609	0.01664	0.02026	0.03743	0.25336	0.08124	0.32956	0.02668	0.00573	0.00833	0.01637	0.00644	0.00688
17	0.16818	0.12051	0.02665	0.01997	0.06008	0.10450	0.01546	0.27395	0.02868	0.04035	0.01752	0.02026	0.01391	0.04170	0.00946	0.00283	0.01003	0.00691	0.00657	0.01247

[dist]
# distance from previous block
# <min> <max>
9	31

[block]
# block no. 6 follows, 19 sequences, length 73
# corresponding to MSA columns:
# 699-771
name=unknown_G
#
# <colnr> <probs for GDERKNQSTAVLIFYWHMCP>
#	G	D	E	R	K	N	Q	S	T	A	V	L	I	F	Y	W	H	M	C	P
0	0.02391	0.25391	0.07381	0.02286	0.10647	0.09228	0.04956	0.02785	0.02025	0.09414	0.02471	0.02673	0.07262	0.01428	0.05691	0.00334	0.01138	0.00796	0.00536	0.01166
1	0.06172	0.02421	0.11281	0.02464	0.15475	0.13628	0.01761	0.02398	0.02138	0.02774	0.10554	0.04229	0.18457	0.01342	0.00911	0.00274	0.00949	0.01102	0.00609	0.01061
2	0.09709	0.08512	0.19564	0.02358	0.09016	0.13856	0.02067	0.03186	0.11550	0.02938	0.01832	0.02020	0.01425	0.00891	0.00786	0.00253	0.01098	0.00671	0.00518	0.07750
3	0.02625	0.02987	0.03497	0.03987	0.30137	0.26021	0.12101	0.03080	0.02239	0.02635	0.01591	0.02020	0.01306	0.00837	0.00885	0.00258	0.01348	0.00757	0.00451	0.01237
4	0.02482	0.02277	0.03296	0.09523	0.42466	0.05627	0.02450	0.14813	0.02501	0.03404	0.01757	0.02182	0.01407	0.00870	0.00884	0.00267	0.01086	0.00787	0.00535	0.01384
5	0.14356	0.06246	0.30626	0.14067	0.03649	0.02138	0.02413	0.02949	0.09860	0.03022	0.01800	0.02082	0.01333	0.00900	0.00803	0.00283	0.01090	0.00695	0.00484	0.01205
6	0.02073	0.19091	0.09297	0.17455	0.03742	0.09528	0.12710	0.02570	0.01943	0.02390	0.01914	0.09701	0.01755	0.01059	0.00859	0.00271	0.01174	0.00931	0.00460	0.01077
7	0.01427	0.01268	0.05063	0.01640	0.01915	0.01137	0.04744	0.01804	0.01821	0.02428	0.03914	0.07227	0.07210	0.13058	0.13579	0.00652	0.01170	0.28451	0.00671	0.00823
8	0.03029	0.03265	0.02505	0.02324	0.06036	0.35039	0.01707	0.14475	0.16555	0.03246	0.02072	0.02151	0.01606	0.01012	0.00852	0.00257	0.01252	0.00734	0.00647	0.01238
9	0.01729	0.01379	0.01451	0.01239	0.01696	0.01308	0.00976	0.16163	0.02566	0.03279	0.06560	0.06294	0.40980	0.01802	0.00976	0.00276	0.00608	0.01477	0.00816	0.08427
10	0.01112	0.00788	0.01032	0.01218	0.01265	0.00741	0.00801	0.01251	0.01671	0.02228	0.04715	0.61634	0.05645	0.09514	0.01490	0.00415	0.00555	0.02417	0.00801	0.00708
11	0.02179	0.02090	0.03568	0.09552	0.59190	0.02116	0.02728	0.02715	0.02021	0.02880	0.01677	0.02226	0.01402	0.00804	0.00886	0.00268	0.01071	0.00797	0.00440	0.01389
12	0.01289	0.00914	0.01212	0.01212	0.01293	0.00996	0.00836	0.01452	0.01371	0.01909	0.02603	0.04659	0.02734	0.36970	0.35433	0.01159	0.01648	0.01126	0.00510	0.00673
13	0.02011	0.02119	0.04104	0.18712	0.14270	0.02230	0.30244	0.02627	0.01938	0.02656	0.01664	0.02322	0.01307	0.00888	0.01206	0.00305	0.08882	0.00921	0.00431	0.01164
14	0.01668	0.00834	0.00834	0.00834	0.01042	0.00834	0.00625	0.02085	0.01876	0.03335	0.02918	0.03335	0.02293	0.01042	0.00625	0.00208	0.00417	0.00834	0.73525	0.00834
15	0.01137	0.00822	0.01075	0.01197	0.01304	0.00760	0.00827	0.01369	0.01953	0.02648	0.20933	0.48343	0.09288	0.02510	0.01114	0.00338	0.00489	0.02258	0.00873	0.00760
16	0.01167	0.00911	0.01058	0.01021	0.01276	0.00802	0.00766	0.01496	0.02298	0.03031	0.37108	0.07599	0.34186	0.02037	0.01056	0.00291	0.00437	0.01746	0.00912	0.00802
17	0.02214	0.02126	0.03631	0.05491	0.62978	0.02126	0.02746	0.02746	0.02037	0.02923	0.01683	0.02214	0.01417	0.00797	0.00886	0.00266	0.01063	0.00797	0.00443	0.01417
18	0.03323	0.02296	0.02509	0.01939	0.02604	0.02498	0.01584	0.50403	0.03845	0.11294	0.02334	0.02487	0.01708	0.05576	0.01139	0.00309	0.00954	0.00848	0.00893	0.01456
19	0.02099	0.02008	0.03422	0.18914	0.50459	0.02095	0.02688	0.02644	0.01982	0.02782	0.01662	0.02252	0.01368	0.00819	0.00888	0.00273	0.01091	0.00797	0.00433	0.01324
20	0.15511	0.01804	0.02762	0.32843	0.25305	0.02040	0.02294	0.02512	0.01827	0.02832	0.01559	0.02151	0.01230	0.00848	0.00828	0.00283	0.01054	0.00738	0.00443	0.01138
21	0.13706	0.01053	0.01015	0.00998	0.01334	0.00987	0.00773	0.01560	0.01976	0.02759	0.10093	0.07364	0.46755	0.02009	0.00980	0.00302	0.00510	0.04237	0.00790	0.00799
22	0.01798	0.01757	0.05472	0.09029	0.29709	0.01657	0.01988	0.02424	0.05597	0.03066	0.19741	0.03989	0.07556	0.01227	0.00946	0.00279	0.00842	0.01111	0.00644	0.01166
23	0.01129	0.00904	0.01022	0.01095	0.01335	0.00797	0.00837	0.01374	0.01983	0.02437	0.07568	0.19723	0.42424	0.02399	0.01103	0.00332	0.00529	0.11417	0.00830	0.00762
24	0.01282	0.00942	0.01352	0.01352	0.01482	0.01072	0.01011	0.01542	0.01412	0.02013	0.02475	0.03951	0.02426	0.18234	0.53748	0.01332	0.02111	0.01022	0.00491	0.00751
25	0.01938	0.01097	0.01385	0.01352	0.01641	0.01031	0.00995	0.02392	0.08052	0.17883	0.04922	0.38207	0.11179	0.02152	0.01048	0.00328	0.00592	0.01898	0.00908	0.01001
26	0.01668	0.00834	0.00834	0.00834	0.01042	0.00834	0.00625	0.02085	0.01876	0.03335	0.02918	0.03335	0.02293	0.01042	0.00625	0.00208	0.00417	0.00834	0.73525	0.00834
27	0.01242	0.00914	0.01163	0.01100	0.01322	0.00834	0.00825	0.01642	0.02476	0.03453	0.56361	0.06904	0.14670	0.01879	0.01055	0.00284	0.00426	0.01649	0.00967	0.00834
28	0.01668	0.00834	0.00834	0.00834	0.01042	0.00834	0.00625	0.02085	0.01876	0.03335	0.02918	0.03335	0.02293	0.01042	0.00625	0.00208	0.00417	0.00834	0.73525	0.00834
29	0.01855	0.01590	0.01855	0.01325	0.02120	0.01193	0.01060	0.02253	0.01855	0.02915	0.01590	0.01855	0.01325	0.00663	0.00663	0.00133	0.00663	0.00530	0.00530	0.74028
30	0.02868	0.03494	0.02867	0.02466	0.02856	0.42902	0.07706	0.03143	0.02199	0.02249	0.01374	0.01782	0.01179	0.01067	0.01368	0.00278	0.18043	0.00677	0.00443	0.01040
31	0.01668	0.00834	0.00834	0.00834	0.01042	0.00834	0.00625	0.02085	0.01876	0.03335	0.02918	0.03335	0.02293	0.01042	0.00625	0.00208	0.00417	0.00834	0.73525	0.00834
32	0.07191	0.03213	0.30574	0.02128	0.03051	0.02148	0.02288	0.16441	0.10491	0.07066	0.02252	0.05360	0.01720	0.01059	0.00866	0.00286	0.01048	0.00834	0.00645	0.01340
33	0.02214	0.02126	0.03631	0.05491	0.62978	0.02126	0.02746	0.02746	0.02037	0.02923	0.01683	0.02214	0.01417	0.00797	0.00886	0.00266	0.01063	0.00797	0.00443	0.01417
34	0.02566	0.02846	0.03165	0.03047	0.13192	0.23232	0.09826	0.06183	0.02136	0.02596	0.01473	0.01960	0.01254	0.01082	0.01505	0.00297	0.21288	0.00755	0.00461	0.01135
35	0.01284	0.00860	0.00981	0.00998	0.01002	0.00856	0.00565	0.01297	0.01334	0.01779	0.02990	0.10878	0.03468	0.63241	0.04278	0.00827	0.00839	0.01401	0.00565	0.00557
36	0.01280	0.00951	0.01400	0.01400	0.01547	0.01098	0.01072	0.01574	0.01427	0.02049	0.02431	0.03704	0.02319	0.11712	0.60124	0.01392	0.02273	0.00986	0.00484	0.00778
37	0.01090	0.00779	0.01038	0.01246	0.01298	0.00727	0.00830	0.01246	0.01713	0.02284	0.04931	0.67975	0.05917	0.02803	0.01142	0.00363	0.00519	0.02543	0.00830	0.00727
38	0.01090	0.00779	0.01038	0.01246	0.01298	0.00727	0.00830	0.01246	0.01713	0.02284	0.04931	0.67975	0.05917	0.02803	0.01142	0.00363	0.00519	0.02543	0.00830	0.00727
39	0.01105	0.00887	0.00994	0.01067	0.01297	0.00776	0.00795	0.01332	0.01959	0.02410	0.07581	0.23706	0.42476	0.02422	0.01097	0.00329	0.00508	0.07674	0.00830	0.00755
40	0.02161	0.02071	0.03535	0.11709	0.57179	0.02112	0.02719	0.02699	0.02012	0.02858	0.01673	0.02232	0.01394	0.00807	0.00887	0.00269	0.01076	0.00797	0.00438	0.01374
41	0.02161	0.02071	0.03535	0.11709	0.57179	0.02112	0.02719	0.02699	0.02012	0.02858	0.01673	0.02232	0.01394	0.00807	0.00887	0.00269	0.01076	0.00797	0.00438	0.01374
42	0.17425	0.02273	0.04593	0.01753	0.02337	0.05642	0.01445	0.31912	0.06409	0.04373	0.02080	0.02540	0.01679	0.10157	0.01316	0.00352	0.00941	0.00802	0.00735	0.01237
43	0.28481	0.02107	0.02088	0.01647	0.02316	0.02289	0.01355	0.31877	0.02938	0.04695	0.01753	0.01863	0.01299	0.00932	0.00743	0.00253	0.00837	0.00655	0.00725	0.11147
44	0.02513	0.02944	0.03008	0.27442	0.04375	0.30991	0.10807	0.02965	0.02181	0.02329	0.01528	0.02035	0.01199	0.00886	0.00879	0.00268	0.01434	0.00734	0.00435	0.01046
45	0.09631	0.02085	0.03395	0.05051	0.56726	0.02114	0.02564	0.02734	0.01985	0.03034	0.01638	0.02137	0.01371	0.00801	0.00852	0.00267	0.01025	0.00765	0.00454	0.01371
46	0.02214	0.02126	0.03631	0.05491	0.62978	0.02126	0.02746	0.02746	0.02037	0.02923	0.01683	0.02214	0.01417	0.00797	0.00886	0.00266	0.01063	0.00797	0.00443	0.01417
47	0.01265	0.00983	0.01175	0.01219	0.01465	0.00921	0.00957	0.01702	0.05441	0.02796	0.18907	0.13919	0.28052	0.02214	0.01100	0.00330	0.00558	0.15303	0.00867	0.00826
48	0.01613	0.01154	0.01374	0.01392	0.04484	0.01082	0.01010	0.02180	0.09006	0.09072	0.17122	0.06870	0.32764	0.01889	0.01028	0.00301	0.00562	0.05255	0.00878	0.00962
49	0.02586	0.02023	0.02248	0.01672	0.02430	0.01941	0.01363	0.29571	0.02968	0.04204	0.01854	0.01994	0.01418	0.00857	0.00773	0.00197	0.00815	0.00660	0.00703	0.39724
50	0.02009	0.01891	0.03196	0.21807	0.42528	0.01999	0.02569	0.02548	0.01971	0.02729	0.01905	0.02898	0.01658	0.00959	0.00916	0.00286	0.01079	0.05338	0.00461	0.01254
51	0.01266	0.00914	0.01196	0.01126	0.01337	0.00844	0.00844	0.01688	0.02532	0.03588	0.62506	0.06683	0.08441	0.01829	0.01055	0.00281	0.00422	0.01618	0.00985	0.00844
52	0.01182	0.00817	0.01011	0.01128	0.01157	0.00788	0.00705	0.01270	0.01533	0.02044	0.04009	0.40851	0.04754	0.31514	0.02632	0.00583	0.00671	0.02001	0.00705	0.00646
53	0.02385	0.04695	0.02481	0.01855	0.02396	0.02222	0.01535	0.20132	0.02443	0.03507	0.01630	0.01958	0.01336	0.01054	0.01384	0.00251	0.19818	0.00686	0.00597	0.27635
54	0.01855	0.01590	0.01855	0.01325	0.02120	0.01193	0.01060	0.02253	0.01855	0.02915	0.01590	0.01855	0.01325	0.00663	0.00663	0.00133	0.00663	0.00530	0.00530	0.74028
55	0.03213	0.06152	0.02607	0.01911	0.02578	0.02538	0.01575	0.43821	0.08388	0.11016	0.02388	0.02465	0.01748	0.04173	0.01046	0.00295	0.00932	0.00836	0.00872	0.01446
56	0.01848	0.02045	0.06743	0.02584	0.02934	0.02228	0.18438	0.02253	0.01662	0.02412	0.01939	0.11088	0.01909	0.01661	0.04470	0.00397	0.32799	0.01100	0.00471	0.01023
57	0.01301	0.00867	0.00976	0.00976	0.00976	0.00867	0.00542	0.01301	0.01301	0.01735	0.02819	0.05855	0.03253	0.68559	0.04554	0.00867	0.00867	0.01301	0.00542	0.00542
58	0.02795	0.01655	0.01937	0.01550	0.02113	0.01621	0.01230	0.16780	0.08210	0.22763	0.05669	0.03634	0.07242	0.08863	0.01307	0.00330	0.00772	0.00999	0.00880	0.09648
59	0.03259	0.01962	0.02246	0.01785	0.02429	0.02046	0.01454	0.26908	0.14157	0.25291	0.03309	0.03058	0.05538	0.01181	0.00909	0.00280	0.00824	0.00940	0.00968	0.01458
60	0.01198	0.00879	0.01095	0.01188	0.01334	0.00820	0.00864	0.01431	0.01910	0.02507	0.14544	0.28348	0.17239	0.11393	0.01589	0.00414	0.00588	0.11100	0.00815	0.00742
61	0.01228	0.00955	0.01123	0.01102	0.01344	0.00879	0.00818	0.01672	0.05682	0.03032	0.33557	0.14217	0.26986	0.02060	0.01058	0.00299	0.00461	0.01785	0.00908	0.00832
62	0.02536	0.03091	0.25017	0.02798	0.14273	0.05078	0.02396	0.11866	0.09353	0.11526	0.02188	0.02301	0.01578	0.00954	0.00875	0.00277	0.01089	0.00777	0.00632	0.01394
63	0.02560	0.09263	0.02764	0.02172	0.02574	0.30386	0.06295	0.05419	0.02170	0.02394	0.01879	0.09620	0.01808	0.01545	0.04774	0.00342	0.11603	0.00900	0.00506	0.01025
64	0.01090	0.00779	0.01038	0.01246	0.01298	0.00727	0.00830	0.01246	0.01713	0.02284	0.04931	0.67975	0.05917	0.02803	0.01142	0.00363	0.00519	0.02543	0.00830	0.00727
65	0.06239	0.01835	0.03021	0.35652	0.30997	0.02050	0.02510	0.02509	0.01883	0.02669	0.01611	0.02255	0.01279	0.00848	0.00870	0.00283	0.01106	0.00778	0.00427	0.01179
66	0.07947	0.02747	0.19847	0.07750	0.38712	0.02095	0.02740	0.02734	0.01941	0.02951	0.01621	0.02073	0.01291	0.00820	0.00850	0.00273	0.01111	0.00735	0.00432	0.01331
67	0.02169	0.02453	0.04287	0.03421	0.08744	0.10568	0.40492	0.02766	0.02117	0.02712	0.02101	0.09827	0.01859	0.01016	0.01018	0.00296	0.01373	0.01141	0.00496	0.01146
68	0.02217	0.02248	0.06217	0.10069	0.30235	0.10382	0.02164	0.05388	0.02005	0.02615	0.01626	0.02230	0.01375	0.01306	0.01400	0.15099	0.01104	0.00756	0.00449	0.01115
69	0.09490	0.04932	0.05042	0.10715	0.06921	0.01894	0.07684	0.09206	0.08342	0.06096	0.03708	0.03794	0.15989	0.01247	0.00900	0.00286	0.00891	0.01058	0.00668	0.01136
70	0.23263	0.15927	0.02872	0.01883	0.02482	0.14745	0.08030	0.02769	0.01875	0.02854	0.01370	0.01679	0.01144	0.00869	0.00878	0.00246	0.06596	0.00597	0.00473	0.09447
71	0.09476	0.01202	0.01349	0.01211	0.01562	0.01135	0.00894	0.04804	0.01930	0.11713	0.03918	0.16191	0.11865	0.14625	0.01600	0.00391	0.00663	0.01338	0.04825	0.09309
72	0.11255	0.01201	0.01350	0.01240	0.01548	0.01158	0.00892	0.05089	0.01851	0.06049	0.07007	0.22369	0.03609	0.17781	0.01776	0.00421	0.00681	0.01402	0.00705	0.12615

[dist]
# distance from previous block
# <min> <max>
21	67

[block]
