[name]
unknown

[dist]
# distance from previous block
# <min> <max>
0	558

[block]
# block no. 0 follows, 23 sequences, length 7
# corresponding to MSA columns:
# 586-592
name=unknown_A
#
# <colnr> <probs for GDERKNQSTAVLIFYWHMCP>
#	G	D	E	R	K	N	Q	S	T	A	V	L	I	F	Y	W	H	M	C	P
0	0.01069	0.00850	0.01020	0.01045	0.01272	0.00802	0.00821	0.01329	0.01757	0.02222	0.09651	0.06883	0.38898	0.02960	0.15997	0.00518	0.00854	0.10655	0.00690	0.00708
1	0.01807	0.11769	0.36224	0.02720	0.07988	0.02101	0.20953	0.02556	0.01775	0.02503	0.01477	0.01826	0.01109	0.00732	0.00799	0.00251	0.01193	0.00696	0.00368	0.01154
2	0.00985	0.00722	0.00925	0.01087	0.01166	0.00663	0.00734	0.01135	0.01595	0.02088	0.04992	0.62196	0.13789	0.02475	0.01025	0.00322	0.00462	0.02224	0.00753	0.00663
3	0.12253	0.01356	0.01699	0.01367	0.01900	0.01294	0.01118	0.06430	0.02129	0.44897	0.02730	0.02607	0.01843	0.01579	0.08867	0.00374	0.00855	0.00769	0.04723	0.01208
4	0.02340	0.18678	0.03324	0.03197	0.28578	0.21714	0.06101	0.02704	0.01939	0.02281	0.01362	0.01697	0.01155	0.00747	0.00727	0.00218	0.01116	0.00613	0.00394	0.01115
5	0.02008	0.01823	0.02904	0.24891	0.38389	0.01970	0.02284	0.10850	0.02050	0.02810	0.01558	0.02049	0.01234	0.00786	0.00807	0.00251	0.00991	0.00723	0.00446	0.01177
6	0.02167	0.02690	0.16516	0.01849	0.02473	0.14584	0.01703	0.09904	0.27974	0.03044	0.02691	0.02648	0.06129	0.01029	0.00803	0.00255	0.00934	0.00806	0.00634	0.01169

[dist]
# distance from previous block
# <min> <max>
6	11

[block]
# block no. 1 follows, 23 sequences, length 41
# corresponding to MSA columns:
# 604-644
name=unknown_B
#
# <colnr> <probs for GDERKNQSTAVLIFYWHMCP>
#	G	D	E	R	K	N	Q	S	T	A	V	L	I	F	Y	W	H	M	C	P
0	0.22559	0.02499	0.02114	0.01988	0.05705	0.26492	0.01497	0.02573	0.01703	0.02458	0.01178	0.01550	0.01020	0.00987	0.01266	0.00267	0.22226	0.00569	0.00420	0.00927
1	0.01880	0.01797	0.03062	0.22358	0.50046	0.01894	0.02427	0.02378	0.01787	0.02495	0.01504	0.02050	0.01230	0.00747	0.00805	0.00249	0.00996	0.00722	0.00391	0.01182
2	0.02134	0.01724	0.09204	0.01484	0.02040	0.01469	0.01306	0.03246	0.25502	0.18640	0.06662	0.03697	0.13217	0.01202	0.00834	0.00258	0.00665	0.00995	0.00787	0.04933
3	0.01775	0.01173	0.01555	0.01407	0.01622	0.01330	0.01086	0.02229	0.08810	0.13113	0.02392	0.03299	0.02114	0.16502	0.27160	0.00769	0.11304	0.00902	0.00576	0.00880
4	0.01785	0.01514	0.02369	0.01921	0.02344	0.01515	0.17838	0.17392	0.02300	0.03106	0.09460	0.28257	0.03483	0.01554	0.00950	0.00285	0.00810	0.01458	0.00690	0.00970
5	0.01974	0.10219	0.12295	0.04201	0.50353	0.02068	0.02435	0.02494	0.01806	0.02555	0.01471	0.01887	0.01222	0.00726	0.00767	0.00236	0.00986	0.00673	0.00387	0.01246
6	0.00967	0.00822	0.00833	0.00830	0.01101	0.00688	0.00623	0.01180	0.01868	0.02237	0.10649	0.07736	0.63635	0.02038	0.00959	0.00273	0.00410	0.01702	0.00759	0.00688
7	0.01605	0.01406	0.01609	0.01713	0.09156	0.01488	0.01164	0.02875	0.33073	0.02840	0.05012	0.04772	0.27118	0.01429	0.00875	0.00271	0.00589	0.01205	0.00748	0.01051
8	0.02008	0.01928	0.03294	0.04981	0.66422	0.01928	0.02490	0.02490	0.01848	0.02651	0.01526	0.02008	0.01285	0.00723	0.00803	0.00241	0.00964	0.00723	0.00402	0.01285
9	0.00966	0.00793	0.00852	0.00900	0.01116	0.00678	0.00651	0.01156	0.01775	0.02162	0.07272	0.23775	0.50738	0.02178	0.00978	0.00288	0.00426	0.01863	0.00753	0.00678
10	0.01903	0.02152	0.04586	0.03307	0.04055	0.02090	0.58054	0.02542	0.01856	0.02542	0.01591	0.02152	0.01217	0.00749	0.01107	0.00281	0.07398	0.00936	0.00406	0.01076
11	0.02210	0.03379	0.25812	0.03074	0.22856	0.23803	0.02367	0.02766	0.01949	0.02402	0.01411	0.01723	0.01114	0.00777	0.00768	0.00236	0.01213	0.00613	0.00386	0.01141
12	0.01754	0.01373	0.02034	0.20165	0.08503	0.01585	0.01660	0.02243	0.05474	0.08973	0.02619	0.03808	0.05606	0.01754	0.07608	0.00396	0.11856	0.11085	0.00553	0.00950
13	0.02824	0.01950	0.02099	0.01642	0.02206	0.02127	0.01346	0.49376	0.03352	0.07826	0.02139	0.02187	0.01540	0.00970	0.00767	0.00234	0.00788	0.00740	0.14622	0.01265
14	0.01912	0.02000	0.06126	0.11144	0.44195	0.01971	0.10669	0.02425	0.01783	0.02529	0.01496	0.02019	0.01229	0.00781	0.00962	0.00258	0.06175	0.00748	0.00393	0.01186
15	0.01500	0.01722	0.07616	0.01662	0.02116	0.08131	0.11771	0.01979	0.04678	0.02446	0.10132	0.05457	0.27340	0.01528	0.00932	0.00276	0.00801	0.08408	0.00639	0.00867
16	0.01048	0.00739	0.00964	0.01122	0.01173	0.00704	0.00759	0.01187	0.01520	0.02021	0.04142	0.54725	0.04908	0.13857	0.01552	0.00409	0.00547	0.07275	0.00710	0.00639
17	0.01864	0.01763	0.02925	0.04145	0.50071	0.01864	0.02204	0.02284	0.01703	0.02465	0.01564	0.02146	0.01364	0.01548	0.10391	0.00402	0.08993	0.00742	0.00401	0.01162
18	0.02373	0.01957	0.01966	0.01666	0.02149	0.06841	0.01316	0.29284	0.23178	0.03813	0.03024	0.09825	0.06507	0.01241	0.00844	0.00262	0.00777	0.01006	0.00777	0.01195
19	0.01716	0.00891	0.01200	0.01216	0.01422	0.00805	0.00874	0.01905	0.01765	0.19883	0.04123	0.52242	0.04445	0.02120	0.00975	0.00308	0.00531	0.01898	0.00822	0.00857
20	0.01960	0.01943	0.01990	0.02017	0.08535	0.18424	0.01420	0.02118	0.01588	0.02027	0.01487	0.02112	0.01342	0.01937	0.09475	0.13371	0.19718	0.00686	0.07030	0.00821
21	0.01747	0.19134	0.53389	0.02109	0.03197	0.02177	0.02643	0.02539	0.01699	0.02424	0.01384	0.01622	0.01031	0.00754	0.00716	0.00239	0.01126	0.00563	0.00344	0.01164
22	0.01795	0.25089	0.47851	0.02028	0.03071	0.02293	0.02502	0.02527	0.01693	0.02366	0.01355	0.01586	0.01032	0.00747	0.00694	0.00231	0.01097	0.00549	0.00344	0.01151
23	0.00986	0.00718	0.00929	0.01098	0.01169	0.00662	0.00739	0.01133	0.01584	0.02084	0.04861	0.64398	0.11672	0.02492	0.01028	0.00324	0.00465	0.02245	0.00753	0.00662
24	0.02221	0.67891	0.04135	0.01430	0.02108	0.07106	0.01399	0.02478	0.01688	0.01914	0.01136	0.01311	0.01042	0.00703	0.00533	0.00176	0.00903	0.00439	0.00351	0.01035
25	0.01032	0.00815	0.00930	0.00923	0.01146	0.00713	0.00684	0.01298	0.01990	0.02578	0.29442	0.12705	0.38959	0.01950	0.00965	0.00272	0.00406	0.01673	0.00806	0.00713
26	0.01159	0.00869	0.01304	0.01304	0.01449	0.01014	0.01014	0.01449	0.01304	0.01884	0.02173	0.03188	0.02029	0.06086	0.68268	0.01304	0.02173	0.00869	0.00435	0.00724
27	0.02263	0.01951	0.06207	0.03804	0.40433	0.01835	0.07901	0.02817	0.04508	0.14165	0.01886	0.02177	0.01436	0.00819	0.00904	0.00253	0.04092	0.00763	0.00523	0.01262
28	0.01836	0.02739	0.21910	0.03117	0.04041	0.02006	0.46905	0.02591	0.01860	0.02591	0.01591	0.02058	0.01175	0.00708	0.00906	0.00269	0.01322	0.00860	0.00392	0.01123
29	0.00989	0.00706	0.00942	0.01130	0.01177	0.00659	0.00753	0.01130	0.01554	0.02071	0.04472	0.70954	0.05367	0.02542	0.01036	0.00330	0.00471	0.02307	0.00753	0.00659
30	0.01054	0.00739	0.00939	0.01054	0.01101	0.00703	0.00684	0.01179	0.01518	0.02041	0.09362	0.47581	0.04917	0.21023	0.01862	0.00446	0.00548	0.01930	0.00695	0.00623
31	0.01836	0.01787	0.03116	0.12667	0.21835	0.01846	0.19328	0.02679	0.12602	0.02656	0.02170	0.03082	0.01836	0.00965	0.00889	0.00276	0.01015	0.07792	0.00511	0.01115
32	0.01627	0.04197	0.67279	0.02313	0.03512	0.01884	0.02998	0.02570	0.01713	0.02570	0.01456	0.01713	0.01028	0.00771	0.00771	0.00257	0.01199	0.00600	0.00343	0.01199
33	0.10159	0.02064	0.01875	0.04861	0.02207	0.13154	0.01278	0.28208	0.02700	0.03540	0.03306	0.03292	0.17618	0.01193	0.00803	0.00247	0.00850	0.00913	0.00676	0.01054
34	0.26036	0.01337	0.01433	0.01550	0.07264	0.01446	0.01105	0.02325	0.12914	0.02920	0.03301	0.07971	0.10955	0.04793	0.00960	0.00309	0.00650	0.11184	0.00640	0.00907
35	0.01959	0.24575	0.12501	0.01844	0.06506	0.15513	0.01578	0.02297	0.01754	0.02089	0.01930	0.14162	0.01949	0.04201	0.03538	0.00296	0.01023	0.00880	0.00447	0.00958
36	0.08346	0.09450	0.01697	0.01269	0.01636	0.01532	0.01006	0.17223	0.02190	0.02988	0.04023	0.24675	0.17557	0.01662	0.00855	0.00270	0.00623	0.01390	0.00699	0.00911
37	0.09800	0.20627	0.02910	0.02733	0.25710	0.02190	0.01717	0.02703	0.12512	0.02661	0.01924	0.02548	0.01678	0.00916	0.00728	0.00241	0.00829	0.05941	0.00500	0.01130
38	0.12869	0.12790	0.33968	0.01752	0.02551	0.01822	0.01983	0.02344	0.01657	0.05692	0.01961	0.13457	0.01796	0.01071	0.00743	0.00256	0.00918	0.00854	0.00469	0.01046
39	0.19999	0.05915	0.06364	0.10651	0.20268	0.02105	0.01810	0.17897	0.02189	0.03392	0.01503	0.01791	0.01160	0.00805	0.00717	0.00245	0.00889	0.00634	0.00518	0.01148
40	0.08209	0.04092	0.05181	0.11486	0.13253	0.01592	0.01539	0.04223	0.01567	0.02328	0.01850	0.05434	0.01737	0.10415	0.18347	0.00588	0.05979	0.00836	0.00445	0.00900

[dist]
# distance from previous block
# <min> <max>
3	52

[block]
# block no. 2 follows, 23 sequences, length 47
# corresponding to MSA columns:
# 698-744
name=unknown_C
#
# <colnr> <probs for GDERKNQSTAVLIFYWHMCP>
#	G	D	E	R	K	N	Q	S	T	A	V	L	I	F	Y	W	H	M	C	P
0	0.01321	0.08967	0.05798	0.01253	0.01515	0.01182	0.01047	0.01663	0.04730	0.02136	0.03831	0.19775	0.10989	0.17145	0.01639	0.00408	0.00695	0.14527	0.00626	0.00754
1	0.02324	0.18527	0.02884	0.02492	0.16025	0.26483	0.01703	0.02604	0.01890	0.02129	0.01517	0.04806	0.01421	0.00970	0.00938	0.00235	0.08629	0.02991	0.00418	0.01013
2	0.11762	0.14766	0.13640	0.02266	0.13689	0.10707	0.01783	0.02939	0.08609	0.09930	0.01739	0.01871	0.01326	0.00817	0.00705	0.00234	0.00944	0.00621	0.00511	0.01142
3	0.02133	0.41732	0.03186	0.01521	0.02035	0.16710	0.01345	0.02389	0.01713	0.01920	0.01384	0.01750	0.01259	0.01907	0.15425	0.00429	0.01282	0.00548	0.00382	0.00950
4	0.02108	0.28189	0.25103	0.01781	0.02599	0.02421	0.01924	0.15851	0.02195	0.02939	0.06332	0.01944	0.01612	0.00855	0.00703	0.00224	0.00950	0.00634	0.00489	0.01149
5	0.02051	0.57107	0.18076	0.01591	0.02396	0.02920	0.01741	0.02460	0.01663	0.02054	0.01200	0.01392	0.01038	0.00711	0.00576	0.00192	0.00940	0.00470	0.00346	0.01076
6	0.01087	0.00847	0.00999	0.01018	0.01249	0.00760	0.00801	0.01380	0.01989	0.02561	0.24922	0.07551	0.36013	0.01973	0.00991	0.00288	0.00470	0.13585	0.00795	0.00722
7	0.02073	0.02151	0.02886	0.14620	0.42908	0.13577	0.02218	0.02505	0.01892	0.02424	0.01721	0.02159	0.03693	0.00808	0.00798	0.00241	0.01050	0.00725	0.00411	0.01140
8	0.01933	0.08122	0.27191	0.02635	0.03511	0.02054	0.27985	0.02617	0.01798	0.06750	0.01595	0.01955	0.01182	0.00793	0.00974	0.00265	0.06333	0.00759	0.00416	0.01132
9	0.00982	0.00732	0.00915	0.01062	0.01159	0.00665	0.00723	0.01137	0.01618	0.02098	0.05294	0.57104	0.18686	0.02435	0.01019	0.00317	0.00458	0.02176	0.00753	0.00665
10	0.07199	0.02425	0.01836	0.01840	0.05290	0.32447	0.01333	0.06068	0.02090	0.02393	0.02614	0.16210	0.05515	0.01384	0.00839	0.00261	0.01023	0.07777	0.00565	0.00891
11	0.01640	0.01462	0.01863	0.20720	0.02826	0.09331	0.06044	0.02044	0.01665	0.02304	0.01940	0.02572	0.01595	0.02199	0.18128	0.00508	0.01245	0.00763	0.20313	0.00837
12	0.02858	0.03310	0.02270	0.02022	0.02419	0.50708	0.01549	0.05545	0.06798	0.05416	0.01506	0.01692	0.01212	0.00930	0.00948	0.00233	0.08506	0.00593	0.00485	0.00999
13	0.00979	0.00782	0.00877	0.00939	0.01130	0.00680	0.00672	0.01171	0.01768	0.02202	0.09766	0.29770	0.42002	0.02206	0.00986	0.00292	0.00430	0.01908	0.00760	0.00680
14	0.01926	0.03163	0.40879	0.02300	0.03216	0.01809	0.12119	0.02625	0.01753	0.10579	0.01673	0.01964	0.01206	0.00940	0.01072	0.04156	0.06346	0.00697	0.00438	0.01139
15	0.02888	0.19145	0.02748	0.01833	0.02378	0.34707	0.01493	0.15410	0.02459	0.07527	0.01514	0.01623	0.01185	0.00844	0.00705	0.00211	0.01151	0.00567	0.00526	0.01087
16	0.01384	0.00896	0.01077	0.00992	0.01273	0.00786	0.00758	0.01685	0.02116	0.10842	0.34315	0.06365	0.30990	0.01739	0.00940	0.00262	0.00433	0.01486	0.00850	0.00810
17	0.25242	0.01794	0.02391	0.01876	0.02446	0.01924	0.17180	0.12497	0.13310	0.03503	0.01927	0.02113	0.01451	0.00851	0.00733	0.00254	0.00839	0.00735	0.07858	0.01075
18	0.09039	0.23501	0.02741	0.01671	0.02234	0.21635	0.01399	0.12753	0.08379	0.07044	0.01645	0.01718	0.01287	0.00845	0.00676	0.00217	0.00991	0.00580	0.00545	0.01099
19	0.01617	0.01230	0.01399	0.01325	0.01609	0.01280	0.01007	0.15342	0.10511	0.02985	0.06571	0.27034	0.13763	0.04577	0.01071	0.00313	0.00607	0.06079	0.00770	0.00908
20	0.00989	0.00766	0.00901	0.00987	0.01145	0.00679	0.00695	0.01177	0.01742	0.02220	0.11086	0.38267	0.31929	0.02259	0.00996	0.00299	0.00438	0.01981	0.00765	0.00679
21	0.01153	0.00904	0.01057	0.01075	0.01280	0.00867	0.00783	0.01649	0.09826	0.02593	0.22071	0.26157	0.23602	0.01978	0.00965	0.00286	0.00451	0.01729	0.00800	0.00774
22	0.01837	0.09697	0.16084	0.03164	0.17282	0.02008	0.27275	0.02441	0.01806	0.02493	0.01741	0.07173	0.01497	0.00851	0.00848	0.00257	0.01127	0.00885	0.00415	0.01118
23	0.02077	0.34665	0.21991	0.02030	0.02855	0.10099	0.11019	0.02587	0.01781	0.02207	0.01311	0.01568	0.01066	0.00731	0.00680	0.00216	0.01104	0.00568	0.00363	0.01082
24	0.01063	0.00827	0.00974	0.00995	0.01211	0.00738	0.00760	0.01337	0.01961	0.02536	0.25150	0.13519	0.34770	0.02003	0.00986	0.00286	0.00449	0.08927	0.00796	0.00715
25	0.01011	0.00775	0.00927	0.00992	0.01154	0.00691	0.00705	0.01227	0.01820	0.02366	0.18853	0.33777	0.28428	0.02175	0.00991	0.00293	0.00430	0.01909	0.00783	0.00691
26	0.01888	0.53184	0.06760	0.01380	0.01961	0.02594	0.01334	0.02157	0.01632	0.01978	0.01864	0.16300	0.01971	0.01095	0.00644	0.00211	0.00799	0.00845	0.00434	0.00967
27	0.01132	0.00794	0.00871	0.00871	0.00931	0.00764	0.00519	0.01177	0.01327	0.01709	0.03799	0.05858	0.16799	0.56256	0.03435	0.00674	0.00704	0.01297	0.00549	0.00534
28	0.01159	0.00869	0.01304	0.01304	0.01449	0.01014	0.01014	0.01449	0.01304	0.01884	0.02173	0.03188	0.02029	0.06086	0.68268	0.01304	0.02173	0.00869	0.00435	0.00724
29	0.02010	0.01887	0.02974	0.04250	0.52316	0.01948	0.02226	0.02890	0.15689	0.02814	0.01916	0.02232	0.01547	0.00806	0.00808	0.00248	0.00893	0.00766	0.00495	0.01285
30	0.02852	0.02699	0.02269	0.01898	0.02432	0.24391	0.01499	0.31513	0.15637	0.03721	0.01989	0.02004	0.01489	0.00954	0.00788	0.00238	0.01033	0.00699	0.00683	0.01214
31	0.01241	0.00942	0.01238	0.01174	0.01264	0.01043	0.00850	0.01443	0.01558	0.02205	0.21799	0.04640	0.03962	0.27121	0.16761	0.00680	0.09676	0.01142	0.00586	0.00676
32	0.01136	0.00820	0.01074	0.01029	0.01210	0.00758	0.00765	0.01501	0.02241	0.03164	0.61335	0.10975	0.07483	0.01726	0.00963	0.00261	0.00389	0.01531	0.00883	0.00758
33	0.03031	0.03867	0.02299	0.02090	0.02508	0.68226	0.01568	0.03240	0.02299	0.01986	0.01254	0.01463	0.01045	0.00836	0.00732	0.00209	0.01463	0.00523	0.00418	0.00941
34	0.01744	0.07879	0.05095	0.02228	0.14027	0.01581	0.07880	0.02403	0.10982	0.05787	0.10510	0.14659	0.03036	0.04552	0.01005	0.00283	0.00767	0.01128	0.00616	0.03838
35	0.02171	0.46217	0.18578	0.01706	0.02477	0.12488	0.01788	0.02582	0.01760	0.02074	0.01223	0.01421	0.01039	0.00733	0.00610	0.00198	0.01032	0.00485	0.00357	0.01063
36	0.01775	0.01775	0.02485	0.02130	0.02130	0.02485	0.01775	0.01953	0.01243	0.01953	0.01065	0.01775	0.01065	0.01420	0.02663	0.00355	0.69998	0.00710	0.00355	0.00888
37	0.01775	0.01775	0.02485	0.02130	0.02130	0.02485	0.01775	0.01953	0.01243	0.01953	0.01065	0.01775	0.01065	0.01420	0.02663	0.00355	0.69998	0.00710	0.00355	0.00888
38	0.00989	0.00706	0.00942	0.01130	0.01177	0.00659	0.00753	0.01130	0.01554	0.02071	0.04472	0.70954	0.05367	0.02542	0.01036	0.00330	0.00471	0.02307	0.00753	0.00659
39	0.02169	0.71972	0.04252	0.01388	0.02083	0.03211	0.01388	0.02430	0.01649	0.01909	0.01128	0.01302	0.01041	0.00694	0.00521	0.00174	0.00868	0.00434	0.00347	0.01041
40	0.02491	0.01666	0.01882	0.01575	0.02078	0.01792	0.01256	0.16914	0.30187	0.17428	0.10878	0.03116	0.02788	0.01123	0.00837	0.00261	0.00675	0.00924	0.00870	0.01261
41	0.02247	0.15209	0.14423	0.01918	0.02483	0.22150	0.01762	0.03043	0.15418	0.02378	0.01686	0.01856	0.01352	0.00930	0.00965	0.00244	0.09763	0.00630	0.00472	0.01073
42	0.01627	0.04197	0.67279	0.02313	0.03512	0.01884	0.02998	0.02570	0.01713	0.02570	0.01456	0.01713	0.01028	0.00771	0.00771	0.00257	0.01199	0.00600	0.00343	0.01199
43	0.01406	0.00897	0.01107	0.01015	0.01286	0.00796	0.00775	0.01728	0.02168	0.10964	0.40981	0.06163	0.24247	0.01694	0.00940	0.00260	0.00430	0.01458	0.00866	0.00819
44	0.01898	0.01818	0.03034	0.18601	0.40273	0.01921	0.06905	0.02636	0.09750	0.02614	0.01740	0.02184	0.01387	0.00787	0.00820	0.00254	0.00980	0.00765	0.00447	0.01187
45	0.01104	0.00815	0.01052	0.01168	0.01321	0.00764	0.00899	0.01364	0.01814	0.02378	0.14238	0.30850	0.16672	0.02230	0.01036	0.00322	0.00531	0.19963	0.00772	0.00707
46	0.01627	0.04197	0.67279	0.02313	0.03512	0.01884	0.02998	0.02570	0.01713	0.02570	0.01456	0.01713	0.01028	0.00771	0.00771	0.00257	0.01199	0.00600	0.00343	0.01199

[dist]
# distance from previous block
# <min> <max>
0	12

[block]
# block no. 3 follows, 23 sequences, length 42
# corresponding to MSA columns:
# 757-798
name=unknown_D
#
# <colnr> <probs for GDERKNQSTAVLIFYWHMCP>
#	G	D	E	R	K	N	Q	S	T	A	V	L	I	F	Y	W	H	M	C	P
0	0.00959	0.00822	0.00822	0.00822	0.01096	0.00685	0.00617	0.01165	0.01850	0.02192	0.08220	0.07809	0.66092	0.02055	0.00959	0.00274	0.00411	0.01713	0.00754	0.00685
1	0.01745	0.01461	0.01599	0.01479	0.01843	0.01639	0.01131	0.03452	0.46515	0.03219	0.14682	0.11286	0.03734	0.01365	0.00873	0.00278	0.00576	0.01174	0.00830	0.01120
2	0.02281	0.01423	0.01744	0.01276	0.01968	0.01116	0.01032	0.02627	0.01878	0.22297	0.01980	0.02012	0.01448	0.00724	0.00667	0.00160	0.00628	0.00583	0.00641	0.53516
3	0.77215	0.01569	0.01193	0.01067	0.01569	0.01820	0.00879	0.02385	0.01381	0.03641	0.01130	0.01318	0.00879	0.00753	0.00502	0.00251	0.00628	0.00439	0.00502	0.00879
4	0.01148	0.00829	0.01085	0.01021	0.01212	0.00766	0.00766	0.01531	0.02297	0.03254	0.65994	0.06061	0.07656	0.01659	0.00957	0.00255	0.00383	0.01467	0.00893	0.00766
5	0.77215	0.01569	0.01193	0.01067	0.01569	0.01820	0.00879	0.02385	0.01381	0.03641	0.01130	0.01318	0.00879	0.00753	0.00502	0.00251	0.00628	0.00439	0.00502	0.00879
6	0.77215	0.01569	0.01193	0.01067	0.01569	0.01820	0.00879	0.02385	0.01381	0.03641	0.01130	0.01318	0.00879	0.00753	0.00502	0.00251	0.00628	0.00439	0.00502	0.00879
7	0.01412	0.01358	0.02601	0.02093	0.02470	0.01277	0.27884	0.01772	0.01667	0.02242	0.03023	0.33514	0.03294	0.09784	0.01363	0.00359	0.00896	0.01591	0.00574	0.00828
8	0.01627	0.04197	0.67279	0.02313	0.03512	0.01884	0.02998	0.02570	0.01713	0.02570	0.01456	0.01713	0.01028	0.00771	0.00771	0.00257	0.01199	0.00600	0.00343	0.01199
9	0.03595	0.01455	0.01929	0.01479	0.02108	0.01302	0.01222	0.08905	0.02446	0.61858	0.03097	0.02694	0.01957	0.01002	0.00816	0.00250	0.00707	0.00809	0.00988	0.01381
10	0.01940	0.01876	0.03273	0.04625	0.57528	0.01862	0.07289	0.02418	0.01835	0.02612	0.01711	0.06138	0.01525	0.00828	0.00830	0.00249	0.00967	0.00836	0.00423	0.01233
11	0.01130	0.00807	0.01103	0.01291	0.01400	0.00781	0.00998	0.01373	0.01692	0.02229	0.04394	0.43644	0.05059	0.02409	0.01073	0.00349	0.00593	0.28225	0.00751	0.00698
12	0.01180	0.00787	0.00885	0.00885	0.00885	0.00787	0.00492	0.01180	0.01180	0.01573	0.02557	0.05310	0.02950	0.71483	0.04130	0.00787	0.00787	0.01180	0.00492	0.00492
13	0.02340	0.01293	0.01430	0.01191	0.01589	0.01326	0.00953	0.19474	0.02404	0.15337	0.02554	0.02677	0.01872	0.00964	0.00681	0.00216	0.00579	0.00760	0.41315	0.01044
14	0.02369	0.02616	0.02695	0.16217	0.26444	0.28119	0.02036	0.05515	0.02073	0.02389	0.01422	0.01820	0.01155	0.00796	0.00777	0.00234	0.01181	0.00644	0.00419	0.01079
15	0.01835	0.27233	0.41911	0.02156	0.06778	0.02340	0.02417	0.02517	0.01699	0.02349	0.01348	0.01590	0.01048	0.00742	0.00687	0.00227	0.01072	0.00550	0.00348	0.01150
16	0.00989	0.00706	0.00942	0.01130	0.01177	0.00659	0.00753	0.01130	0.01554	0.02071	0.04472	0.70954	0.05367	0.02542	0.01036	0.00330	0.00471	0.02307	0.00753	0.00659
17	0.01152	0.00760	0.00913	0.00959	0.00970	0.00749	0.00573	0.01158	0.01262	0.01682	0.02933	0.21142	0.03417	0.49095	0.03296	0.06753	0.00703	0.01417	0.00544	0.00521
18	0.11119	0.02214	0.02209	0.01819	0.02272	0.10451	0.01478	0.31978	0.06431	0.03752	0.01695	0.01895	0.01313	0.01212	0.03611	0.00302	0.13788	0.00684	0.00630	0.01147
19	0.01290	0.00928	0.01283	0.01460	0.01651	0.00921	0.01272	0.01655	0.01867	0.02416	0.04496	0.09084	0.07802	0.02232	0.01113	0.00369	0.00730	0.57938	0.00747	0.00744
20	0.01159	0.00869	0.01304	0.01304	0.01449	0.01014	0.01014	0.01449	0.01304	0.01884	0.02173	0.03188	0.02029	0.06086	0.68268	0.01304	0.02173	0.00869	0.00435	0.00724
21	0.01627	0.04197	0.67279	0.02313	0.03512	0.01884	0.02998	0.02570	0.01713	0.02570	0.01456	0.01713	0.01028	0.00771	0.00771	0.00257	0.01199	0.00600	0.00343	0.01199
22	0.02579	0.03137	0.02669	0.02274	0.02642	0.43535	0.09691	0.02842	0.01991	0.02058	0.01259	0.01634	0.01074	0.00959	0.01233	0.00253	0.18195	0.00625	0.00402	0.00948
23	0.01162	0.00790	0.00937	0.00952	0.00973	0.00802	0.00572	0.01207	0.01224	0.01649	0.02667	0.10346	0.03040	0.58514	0.11165	0.00809	0.00919	0.01235	0.00506	0.00532
24	0.01513	0.00756	0.00756	0.00756	0.00945	0.00756	0.00567	0.01891	0.01702	0.03025	0.02647	0.03025	0.02080	0.00945	0.00567	0.00189	0.00378	0.00756	0.75988	0.00756
25	0.01917	0.01835	0.03129	0.17362	0.54753	0.01904	0.02445	0.02410	0.01804	0.02540	0.01510	0.02038	0.01246	0.00740	0.00805	0.00247	0.00987	0.00723	0.00394	0.01212
26	0.01155	0.00993	0.03865	0.01379	0.05217	0.00847	0.00991	0.01457	0.01880	0.02566	0.25150	0.31428	0.10684	0.01997	0.00986	0.00296	0.00520	0.07062	0.00762	0.00764
27	0.01814	0.01713	0.02900	0.25354	0.43123	0.01828	0.02343	0.02309	0.01777	0.02453	0.01666	0.02488	0.01424	0.00843	0.00825	0.00258	0.00988	0.04352	0.00409	0.01130
28	0.11382	0.09491	0.02342	0.01914	0.02365	0.55066	0.01474	0.03073	0.02139	0.02167	0.01229	0.01433	0.01026	0.00814	0.00687	0.00211	0.01317	0.00505	0.00421	0.00942
29	0.01166	0.00841	0.01161	0.01161	0.01256	0.00936	0.00836	0.01357	0.01262	0.01778	0.02304	0.03913	0.02344	0.28445	0.46339	0.01127	0.01699	0.00976	0.00454	0.00645
30	0.01815	0.18468	0.37058	0.02343	0.03296	0.02238	0.15703	0.02518	0.01722	0.02404	0.01407	0.01729	0.01077	0.00764	0.00841	0.00247	0.04238	0.00646	0.00359	0.01128
31	0.01375	0.00793	0.00980	0.00980	0.01138	0.00846	0.00742	0.01662	0.01505	0.02478	0.02375	0.03040	0.02007	0.02973	0.25497	0.06723	0.01060	0.00793	0.42319	0.00712
32	0.01846	0.03000	0.33230	0.02190	0.07859	0.07840	0.02156	0.07765	0.07342	0.02840	0.08449	0.07655	0.02214	0.01046	0.00817	0.00257	0.00992	0.00861	0.00523	0.01119
33	0.01212	0.00918	0.01090	0.01113	0.01323	0.00867	0.00839	0.06307	0.01997	0.02602	0.16127	0.26416	0.25108	0.02070	0.00989	0.00297	0.00502	0.08687	0.00782	0.00754
34	0.01650	0.01550	0.02449	0.03559	0.44087	0.01503	0.01850	0.02037	0.01848	0.02494	0.03815	0.03992	0.23442	0.01178	0.00857	0.00252	0.00775	0.01061	0.00522	0.01080
35	0.02202	0.07818	0.10048	0.13669	0.14121	0.25351	0.01884	0.02623	0.01923	0.02297	0.01506	0.01870	0.01209	0.00807	0.00728	0.00226	0.01114	0.00620	0.08974	0.01011
36	0.27729	0.01925	0.01844	0.13512	0.07841	0.13643	0.01425	0.02603	0.08449	0.02887	0.06666	0.02401	0.01823	0.00941	0.00715	0.00254	0.00871	0.02986	0.00528	0.00957
37	0.10060	0.05288	0.21212	0.02064	0.13631	0.01506	0.01725	0.02015	0.01746	0.02538	0.03887	0.03929	0.24816	0.01226	0.00804	0.00256	0.00789	0.01003	0.00522	0.00983
38	0.13839	0.02090	0.01781	0.01565	0.01991	0.16527	0.01215	0.21039	0.06190	0.03308	0.02706	0.14658	0.07212	0.01285	0.00799	0.00257	0.00850	0.01012	0.00662	0.01014
39	0.02009	0.37532	0.24229	0.01713	0.02507	0.09211	0.01867	0.02488	0.01746	0.02185	0.01581	0.01771	0.03599	0.00796	0.00642	0.00209	0.00999	0.00559	0.03300	0.01057
40	0.01908	0.39278	0.34656	0.01834	0.02772	0.02571	0.02165	0.02497	0.01680	0.02228	0.01286	0.01500	0.01035	0.00731	0.00641	0.00214	0.01028	0.00514	0.00345	0.01117
41	0.08370	0.01905	0.13417	0.01564	0.02170	0.01504	0.01466	0.05356	0.14615	0.22986	0.08685	0.03379	0.05237	0.01139	0.00822	0.00265	0.00738	0.04452	0.00766	0.01165

[dist]
# distance from previous block
# <min> <max>
1	3

[block]
# block no. 4 follows, 23 sequences, length 211
# corresponding to MSA columns:
# 802-1012
name=unknown_E
#
# <colnr> <probs for GDERKNQSTAVLIFYWHMCP>
#	G	D	E	R	K	N	Q	S	T	A	V	L	I	F	Y	W	H	M	C	P
0	0.33101	0.02155	0.16524	0.01444	0.02089	0.01743	0.01430	0.12648	0.01959	0.03377	0.02657	0.02718	0.13069	0.01036	0.00701	0.00255	0.00764	0.00761	0.00565	0.01002
1	0.10260	0.02458	0.01938	0.01729	0.02070	0.28802	0.01330	0.09282	0.06112	0.02539	0.01660	0.02194	0.01452	0.08035	0.09308	0.00420	0.08295	0.00683	0.00499	0.00932
2	0.01874	0.01791	0.03051	0.23174	0.49277	0.01893	0.02424	0.02373	0.01784	0.02488	0.01503	0.02052	0.01228	0.00748	0.00806	0.00249	0.00997	0.00722	0.00390	0.01177
3	0.15683	0.02979	0.02153	0.01846	0.02351	0.36435	0.01442	0.21943	0.02615	0.03243	0.01449	0.01590	0.01121	0.00865	0.00718	0.00227	0.01143	0.00573	0.00555	0.01067
4	0.00982	0.00829	0.00854	0.00866	0.01134	0.00701	0.00661	0.01198	0.01851	0.02207	0.07965	0.07896	0.62098	0.02067	0.00970	0.00280	0.00433	0.05565	0.00753	0.00689
5	0.01138	0.00835	0.01070	0.01030	0.01230	0.00768	0.00785	0.01501	0.02220	0.03084	0.55679	0.06453	0.13837	0.01740	0.00968	0.00265	0.00410	0.05363	0.00868	0.00756
6	0.02904	0.01198	0.01626	0.01350	0.01822	0.01048	0.01070	0.03182	0.02144	0.48819	0.06692	0.18602	0.03068	0.01391	0.00874	0.00269	0.00624	0.01192	0.00941	0.01184
7	0.01351	0.03913	0.01647	0.01420	0.01568	0.01402	0.01138	0.01634	0.01626	0.02332	0.21457	0.03811	0.06232	0.03116	0.24829	0.00644	0.19498	0.01028	0.00563	0.00791
8	0.01018	0.00829	0.00904	0.00898	0.01150	0.00715	0.00683	0.01271	0.01950	0.02440	0.20885	0.07484	0.50165	0.01976	0.00966	0.00275	0.00421	0.04482	0.00784	0.00706
9	0.01794	0.01709	0.02906	0.34100	0.38980	0.01871	0.02383	0.02302	0.01746	0.02390	0.01488	0.02078	0.01193	0.00763	0.00807	0.00254	0.01017	0.00722	0.00383	0.01112
10	0.77215	0.01569	0.01193	0.01067	0.01569	0.01820	0.00879	0.02385	0.01381	0.03641	0.01130	0.01318	0.00879	0.00753	0.00502	0.00251	0.00628	0.00439	0.00502	0.00879
11	0.02027	0.07050	0.40837	0.02572	0.11574	0.17201	0.02525	0.02707	0.01863	0.02415	0.01403	0.01675	0.01067	0.00776	0.00754	0.00240	0.01213	0.00590	0.00368	0.01144
12	0.16224	0.06118	0.02394	0.20960	0.03294	0.29599	0.05650	0.02670	0.01881	0.02353	0.01303	0.01673	0.01037	0.00797	0.00716	0.00237	0.01165	0.00587	0.00413	0.00933
13	0.01127	0.00829	0.01055	0.00998	0.01199	0.00756	0.00749	0.01489	0.02246	0.03132	0.59381	0.06261	0.14344	0.01704	0.00957	0.00257	0.00386	0.01495	0.00877	0.00756
14	0.01159	0.00869	0.01304	0.01304	0.01449	0.01014	0.01014	0.01449	0.01304	0.01884	0.02173	0.03188	0.02029	0.06086	0.68268	0.01304	0.02173	0.00869	0.00435	0.00724
15	0.01531	0.03574	0.55016	0.02066	0.03082	0.01674	0.02579	0.02363	0.01803	0.02654	0.11113	0.02587	0.04570	0.00951	0.00805	0.00257	0.01049	0.00770	0.00439	0.01116
16	0.02077	0.44154	0.03540	0.01681	0.02121	0.06271	0.01532	0.02306	0.01541	0.01928	0.01113	0.01474	0.01050	0.00953	0.01274	0.00238	0.24877	0.00534	0.00353	0.00983
17	0.01180	0.00787	0.00885	0.00885	0.00885	0.00787	0.00492	0.01180	0.01180	0.01573	0.02557	0.05310	0.02950	0.71483	0.04130	0.00787	0.00787	0.01180	0.00492	0.00492
18	0.01414	0.00907	0.01162	0.01083	0.01343	0.00854	0.00835	0.01717	0.01945	0.10742	0.27000	0.05476	0.22174	0.02705	0.16410	0.00501	0.00841	0.01316	0.00762	0.00812
19	0.01915	0.02189	0.04788	0.03420	0.04241	0.02052	0.63475	0.02599	0.01915	0.02599	0.01642	0.02189	0.01231	0.00684	0.00958	0.00274	0.01368	0.00958	0.00410	0.01094
20	0.01627	0.04197	0.67279	0.02313	0.03512	0.01884	0.02998	0.02570	0.01713	0.02570	0.01456	0.01713	0.01028	0.00771	0.00771	0.00257	0.01199	0.00600	0.00343	0.01199
21	0.02154	0.02578	0.01674	0.01553	0.01911	0.39635	0.01165	0.02362	0.02109	0.02073	0.04203	0.04149	0.28580	0.01352	0.00828	0.00237	0.01018	0.01026	0.00560	0.00832
22	0.77215	0.01569	0.01193	0.01067	0.01569	0.01820	0.00879	0.02385	0.01381	0.03641	0.01130	0.01318	0.00879	0.00753	0.00502	0.00251	0.00628	0.00439	0.00502	0.00879
23	0.00959	0.00822	0.00822	0.00822	0.01096	0.00685	0.00617	0.01165	0.01850	0.02192	0.08220	0.07809	0.66092	0.02055	0.00959	0.00274	0.00411	0.01713	0.00754	0.00685
24	0.01775	0.01775	0.02485	0.02130	0.02130	0.02485	0.01775	0.01953	0.01243	0.01953	0.01065	0.01775	0.01065	0.01420	0.02663	0.00355	0.69998	0.00710	0.00355	0.00888
25	0.01532	0.01442	0.02434	0.69533	0.05589	0.01803	0.02253	0.02073	0.01622	0.02073	0.01442	0.02163	0.01082	0.00811	0.00811	0.00270	0.01082	0.00721	0.00361	0.00901
26	0.01148	0.00829	0.01085	0.01021	0.01212	0.00766	0.00766	0.01531	0.02297	0.03254	0.65994	0.06061	0.07656	0.01659	0.00957	0.00255	0.00383	0.01467	0.00893	0.00766
27	0.01915	0.02189	0.04788	0.03420	0.04241	0.02052	0.63475	0.02599	0.01915	0.02599	0.01642	0.02189	0.01231	0.00684	0.00958	0.00274	0.01368	0.00958	0.00410	0.01094
28	0.01532	0.01442	0.02434	0.69533	0.05589	0.01803	0.02253	0.02073	0.01622	0.02073	0.01442	0.02163	0.01082	0.00811	0.00811	0.00270	0.01082	0.00721	0.00361	0.00901
29	0.01054	0.00826	0.00954	0.00922	0.01154	0.00725	0.00691	0.01348	0.02074	0.02724	0.37168	0.06933	0.36812	0.01857	0.00958	0.00265	0.00397	0.01590	0.00824	0.00725
30	0.01683	0.01442	0.01683	0.01202	0.01923	0.01082	0.00961	0.02043	0.01683	0.02644	0.01442	0.01683	0.01202	0.00601	0.00601	0.00120	0.00601	0.00481	0.00481	0.76444
31	0.01045	0.00825	0.00941	0.00912	0.01149	0.00721	0.00684	0.01330	0.02052	0.02672	0.34343	0.07019	0.39670	0.01876	0.00958	0.00266	0.00398	0.01602	0.00817	0.00721
32	0.03031	0.03867	0.02299	0.02090	0.02508	0.68226	0.01568	0.03240	0.02299	0.01986	0.01254	0.01463	0.01045	0.00836	0.00732	0.00209	0.01463	0.00523	0.00418	0.00941
33	0.02919	0.02113	0.02258	0.01750	0.02351	0.02331	0.01440	0.57206	0.03593	0.04894	0.02022	0.02062	0.01454	0.00971	0.00786	0.00238	0.00839	0.00733	0.08728	0.01314
34	0.02308	0.02497	0.03002	0.04132	0.47666	0.21383	0.02220	0.02710	0.01980	0.02456	0.01446	0.01848	0.01215	0.00756	0.00782	0.00232	0.01110	0.00664	0.00406	0.01184
35	0.02008	0.01928	0.03294	0.04981	0.66422	0.01928	0.02490	0.02490	0.01848	0.02651	0.01526	0.02008	0.01285	0.00723	0.00803	0.00241	0.00964	0.00723	0.00402	0.01285
36	0.01104	0.00856	0.01023	0.01063	0.01293	0.00776	0.00851	0.01399	0.01958	0.02505	0.20359	0.07798	0.34825	0.02018	0.01006	0.00299	0.00502	0.18862	0.00784	0.00722
37	0.01906	0.02162	0.04638	0.03336	0.04104	0.02080	0.59463	0.02557	0.01871	0.02557	0.01604	0.02162	0.01220	0.00732	0.01068	0.00279	0.05831	0.00941	0.00407	0.01081
38	0.02018	0.01743	0.01835	0.01651	0.02110	0.02018	0.01284	0.04312	0.64956	0.03394	0.03303	0.03027	0.02477	0.01101	0.00826	0.00275	0.00642	0.00917	0.00826	0.01284
39	0.03085	0.02273	0.02435	0.01867	0.02516	0.02516	0.01542	0.63716	0.03815	0.05114	0.01948	0.01948	0.01380	0.00974	0.00812	0.00244	0.00893	0.00731	0.00812	0.01380
40	0.02018	0.01743	0.01835	0.01651	0.02110	0.02018	0.01284	0.04312	0.64956	0.03394	0.03303	0.03027	0.02477	0.01101	0.00826	0.00275	0.00642	0.00917	0.00826	0.01284
41	0.03085	0.02273	0.02435	0.01867	0.02516	0.02516	0.01542	0.63716	0.03815	0.05114	0.01948	0.01948	0.01380	0.00974	0.00812	0.00244	0.00893	0.00731	0.00812	0.01380
42	0.01056	0.00826	0.00956	0.00924	0.01155	0.00726	0.00693	0.01352	0.02078	0.02735	0.37740	0.06916	0.36234	0.01853	0.00958	0.00264	0.00397	0.01587	0.00825	0.00726
43	0.01148	0.00829	0.01085	0.01021	0.01212	0.00766	0.00766	0.01531	0.02297	0.03254	0.65994	0.06061	0.07656	0.01659	0.00957	0.00255	0.00383	0.01467	0.00893	0.00766
44	0.01099	0.00753	0.00909	0.00989	0.01009	0.00733	0.00602	0.01159	0.01338	0.01784	0.03368	0.33098	0.03973	0.42300	0.02820	0.00593	0.00653	0.01657	0.00602	0.00563
45	0.01050	0.00804	0.00963	0.00969	0.01164	0.00717	0.00709	0.01324	0.01997	0.02650	0.33649	0.18707	0.28429	0.01966	0.00972	0.00276	0.00409	0.01712	0.00817	0.00717
46	0.01504	0.00990	0.01096	0.01018	0.01151	0.01031	0.00678	0.09954	0.01648	0.02351	0.02470	0.04306	0.02522	0.45076	0.06346	0.00626	0.00797	0.01022	0.14738	0.00676
47	0.02260	0.64800	0.04046	0.01462	0.02127	0.10057	0.01407	0.02515	0.01717	0.01917	0.01141	0.01319	0.01042	0.00709	0.00543	0.00177	0.00930	0.00443	0.00355	0.01031
48	0.01668	0.03958	0.60541	0.02594	0.10137	0.01889	0.02945	0.02561	0.01727	0.02578	0.01464	0.01744	0.01055	0.00766	0.00774	0.00255	0.01174	0.00613	0.00349	0.01208
49	0.01901	0.02567	0.21327	0.04229	0.48691	0.01916	0.02633	0.02513	0.01810	0.02628	0.01507	0.01925	0.01213	0.00736	0.00794	0.00245	0.01030	0.00688	0.00385	0.01261
50	0.02428	0.02099	0.03158	0.06644	0.24409	0.02197	0.13360	0.28745	0.02692	0.03668	0.01724	0.02024	0.01305	0.00828	0.00836	0.00250	0.01014	0.00770	0.00577	0.01271
51	0.01518	0.01377	0.02225	0.02084	0.07453	0.01372	0.15461	0.02254	0.13493	0.02606	0.07536	0.22981	0.06715	0.01585	0.00960	0.00296	0.00769	0.07701	0.00668	0.00944
52	0.01882	0.01734	0.02689	0.13663	0.38200	0.01847	0.02099	0.02752	0.15347	0.02705	0.02122	0.02836	0.01788	0.00942	0.00835	0.00264	0.00895	0.05702	0.00515	0.01183
53	0.02061	0.32892	0.17720	0.02650	0.20558	0.06785	0.02065	0.02530	0.01761	0.02268	0.01321	0.01602	0.01107	0.00728	0.00669	0.00213	0.01007	0.00558	0.00366	0.01138
54	0.02318	0.02537	0.02923	0.07392	0.42339	0.23621	0.02176	0.02714	0.01984	0.02403	0.01433	0.01838	0.01196	0.00765	0.00780	0.00232	0.01134	0.00657	0.00405	0.01153
55	0.00966	0.00795	0.00850	0.00895	0.01115	0.00679	0.00649	0.01156	0.01780	0.02164	0.07335	0.22713	0.51759	0.02170	0.00977	0.00287	0.00425	0.01853	0.00753	0.00679
56	0.01591	0.02534	0.27547	0.02562	0.11469	0.01605	0.13609	0.02229	0.01793	0.02504	0.02638	0.07954	0.06746	0.01188	0.00896	0.00282	0.01023	0.10300	0.00483	0.01048
57	0.02009	0.01919	0.03224	0.04822	0.63357	0.01932	0.02433	0.02577	0.04855	0.02686	0.01611	0.02057	0.01342	0.00741	0.00804	0.00243	0.00949	0.00732	0.00422	0.01285
58	0.02008	0.01928	0.03294	0.04981	0.66422	0.01928	0.02490	0.02490	0.01848	0.02651	0.01526	0.02008	0.01285	0.00723	0.00803	0.00241	0.00964	0.00723	0.00402	0.01285
59	0.01106	0.00869	0.01027	0.01106	0.01343	0.00790	0.00909	0.01383	0.01857	0.02292	0.06561	0.08377	0.40126	0.02134	0.01027	0.00316	0.00553	0.26760	0.00751	0.00711
60	0.02608	0.06554	0.02605	0.02827	0.21054	0.42021	0.01775	0.02909	0.02103	0.02231	0.01402	0.01697	0.01170	0.00802	0.00733	0.00216	0.01230	0.00589	0.04437	0.01036
61	0.01074	0.00785	0.00873	0.00905	0.01004	0.00731	0.00577	0.01166	0.01466	0.01864	0.04772	0.17132	0.24475	0.36722	0.02551	0.00539	0.00608	0.01547	0.00623	0.00584
62	0.05846	0.02325	0.06534	0.02077	0.08968	0.08148	0.01600	0.33838	0.02837	0.03888	0.01680	0.01818	0.01262	0.00844	0.00748	0.00218	0.00907	0.00643	0.00628	0.15191
63	0.02008	0.01928	0.03294	0.04981	0.66422	0.01928	0.02490	0.02490	0.01848	0.02651	0.01526	0.02008	0.01285	0.00723	0.00803	0.00241	0.00964	0.00723	0.00402	0.01285
64	0.02447	0.02496	0.02586	0.02310	0.07760	0.23086	0.10103	0.14381	0.05505	0.02899	0.01692	0.01981	0.01339	0.00924	0.00993	0.00245	0.09018	0.00705	0.08462	0.01066
65	0.02148	0.69286	0.06749	0.01425	0.02139	0.03158	0.01452	0.02435	0.01651	0.01935	0.01141	0.01318	0.01041	0.00697	0.00531	0.00177	0.00881	0.00440	0.00347	0.01048
66	0.01024	0.00721	0.00931	0.01085	0.01123	0.00683	0.00705	0.01139	0.01484	0.01979	0.04118	0.58803	0.04919	0.15303	0.01608	0.00414	0.00529	0.02098	0.00705	0.00628
67	0.00984	0.00756	0.00901	0.01005	0.01147	0.00674	0.00701	0.01160	0.01700	0.02169	0.08544	0.43640	0.29079	0.02315	0.01003	0.00305	0.00444	0.02040	0.00759	0.00674
68	0.00994	0.00812	0.00846	0.00854	0.01080	0.00699	0.00615	0.01180	0.01773	0.02156	0.09735	0.10725	0.53056	0.10279	0.01338	0.00337	0.00457	0.01670	0.00728	0.00664
69	0.01660	0.03967	0.60127	0.02439	0.03595	0.01904	0.09920	0.02573	0.01736	0.02573	0.01477	0.01768	0.01051	0.00761	0.00792	0.00259	0.01219	0.00641	0.00350	0.01187
70	0.02018	0.01743	0.01835	0.01651	0.02110	0.02018	0.01284	0.04312	0.64956	0.03394	0.03303	0.03027	0.02477	0.01101	0.00826	0.00275	0.00642	0.00917	0.00826	0.01284
71	0.02008	0.01928	0.03294	0.04981	0.66422	0.01928	0.02490	0.02490	0.01848	0.02651	0.01526	0.02008	0.01285	0.00723	0.00803	0.00241	0.00964	0.00723	0.00402	0.01285
72	0.01532	0.01442	0.02434	0.69533	0.05589	0.01803	0.02253	0.02073	0.01622	0.02073	0.01442	0.02163	0.01082	0.00811	0.00811	0.00270	0.01082	0.00721	0.00361	0.00901
73	0.03085	0.02273	0.02435	0.01867	0.02516	0.02516	0.01542	0.63716	0.03815	0.05114	0.01948	0.01948	0.01380	0.00974	0.00812	0.00244	0.00893	0.00731	0.00812	0.01380
74	0.77215	0.01569	0.01193	0.01067	0.01569	0.01820	0.00879	0.02385	0.01381	0.03641	0.01130	0.01318	0.00879	0.00753	0.00502	0.00251	0.00628	0.00439	0.00502	0.00879
75	0.77215	0.01569	0.01193	0.01067	0.01569	0.01820	0.00879	0.02385	0.01381	0.03641	0.01130	0.01318	0.00879	0.00753	0.00502	0.00251	0.00628	0.00439	0.00502	0.00879
76	0.03539	0.01384	0.01873	0.01431	0.02064	0.01187	0.01181	0.03855	0.02289	0.63629	0.03110	0.02706	0.01967	0.00983	0.00805	0.00244	0.00686	0.00799	0.00977	0.05294
77	0.77215	0.01569	0.01193	0.01067	0.01569	0.01820	0.00879	0.02385	0.01381	0.03641	0.01130	0.01318	0.00879	0.00753	0.00502	0.00251	0.00628	0.00439	0.00502	0.00879
78	0.77215	0.01569	0.01193	0.01067	0.01569	0.01820	0.00879	0.02385	0.01381	0.03641	0.01130	0.01318	0.00879	0.00753	0.00502	0.00251	0.00628	0.00439	0.00502	0.00879
79	0.01915	0.02189	0.04788	0.03420	0.04241	0.02052	0.63475	0.02599	0.01915	0.02599	0.01642	0.02189	0.01231	0.00684	0.00958	0.00274	0.01368	0.00958	0.00410	0.01094
80	0.03085	0.02273	0.02435	0.01867	0.02516	0.02516	0.01542	0.63716	0.03815	0.05114	0.01948	0.01948	0.01380	0.00974	0.00812	0.00244	0.00893	0.00731	0.00812	0.01380
81	0.01148	0.00829	0.01085	0.01021	0.01212	0.00766	0.00766	0.01531	0.02297	0.03254	0.65994	0.06061	0.07656	0.01659	0.00957	0.00255	0.00383	0.01467	0.00893	0.00766
82	0.03031	0.03867	0.02299	0.02090	0.02508	0.68226	0.01568	0.03240	0.02299	0.01986	0.01254	0.01463	0.01045	0.00836	0.00732	0.00209	0.01463	0.00523	0.00418	0.00941
83	0.02008	0.01928	0.03294	0.04981	0.66422	0.01928	0.02490	0.02490	0.01848	0.02651	0.01526	0.02008	0.01285	0.00723	0.00803	0.00241	0.00964	0.00723	0.00402	0.01285
84	0.03031	0.03867	0.02299	0.02090	0.02508	0.68226	0.01568	0.03240	0.02299	0.01986	0.01254	0.01463	0.01045	0.00836	0.00732	0.00209	0.01463	0.00523	0.00418	0.00941
85	0.01627	0.04197	0.67279	0.02313	0.03512	0.01884	0.02998	0.02570	0.01713	0.02570	0.01456	0.01713	0.01028	0.00771	0.00771	0.00257	0.01199	0.00600	0.00343	0.01199
86	0.02018	0.01743	0.01835	0.01651	0.02110	0.02018	0.01284	0.04312	0.64956	0.03394	0.03303	0.03027	0.02477	0.01101	0.00826	0.00275	0.00642	0.00917	0.00826	0.01284
87	0.01513	0.00756	0.00756	0.00756	0.00945	0.00756	0.00567	0.01891	0.01702	0.03025	0.02647	0.03025	0.02080	0.00945	0.00567	0.00189	0.00378	0.00756	0.75988	0.00756
88	0.01148	0.00829	0.01085	0.01021	0.01212	0.00766	0.00766	0.01531	0.02297	0.03254	0.65994	0.06061	0.07656	0.01659	0.00957	0.00255	0.00383	0.01467	0.00893	0.00766
89	0.01987	0.01906	0.03256	0.07832	0.63734	0.01922	0.02480	0.02472	0.01838	0.02625	0.01523	0.02015	0.01276	0.00727	0.00804	0.00242	0.00969	0.00723	0.00400	0.01268
90	0.01035	0.00825	0.00927	0.00901	0.01142	0.00717	0.00676	0.01311	0.02028	0.02615	0.31256	0.07112	0.42792	0.01897	0.00958	0.00267	0.00400	0.01615	0.00809	0.00717
91	0.01223	0.00977	0.01122	0.01165	0.01371	0.00980	0.00840	0.01883	0.16084	0.02463	0.08283	0.36310	0.20109	0.02047	0.00965	0.00299	0.00490	0.01798	0.00777	0.00813
92	0.01775	0.01775	0.02485	0.02130	0.02130	0.02485	0.01775	0.01953	0.01243	0.01953	0.01065	0.01775	0.01065	0.01420	0.02663	0.00355	0.69998	0.00710	0.00355	0.00888
93	0.02008	0.01928	0.03294	0.04981	0.66422	0.01928	0.02490	0.02490	0.01848	0.02651	0.01526	0.02008	0.01285	0.00723	0.00803	0.00241	0.00964	0.00723	0.00402	0.01285
94	0.01686	0.01456	0.01716	0.01241	0.01932	0.01140	0.00995	0.02039	0.01664	0.02615	0.01427	0.01686	0.01196	0.00635	0.00687	0.00130	0.03493	0.00490	0.00476	0.73295
95	0.02018	0.01743	0.01835	0.01651	0.02110	0.02018	0.01284	0.04312	0.64956	0.03394	0.03303	0.03027	0.02477	0.01101	0.00826	0.00275	0.00642	0.00917	0.00826	0.01284
96	0.02988	0.03786	0.02341	0.02211	0.05172	0.65463	0.01606	0.03209	0.02281	0.02014	0.01266	0.01486	0.01055	0.00831	0.00735	0.00210	0.01442	0.00531	0.00417	0.00955
97	0.00984	0.00802	0.00871	0.00898	0.01123	0.00689	0.00657	0.01197	0.01843	0.02282	0.13631	0.18960	0.49038	0.02101	0.00973	0.00282	0.00419	0.01793	0.00768	0.00689
98	0.01825	0.01281	0.01407	0.01227	0.01472	0.01376	0.00882	0.20136	0.05275	0.02887	0.02401	0.03847	0.02320	0.36286	0.06032	0.00566	0.00844	0.00973	0.08126	0.00837
99	0.01148	0.00829	0.01085	0.01021	0.01212	0.00766	0.00766	0.01531	0.02297	0.03254	0.65994	0.06061	0.07656	0.01659	0.00957	0.00255	0.00383	0.01467	0.00893	0.00766
