[name]
unknown

[dist]
# distance from previous block
# <min> <max>
0	31

[block]
# block no. 0 follows, 21 sequences, length 26
# corresponding to MSA columns:
# 31-56
name=unknown_A
#
# <colnr> <probs for GDERKNQSTAVLIFYWHMCP>
#	G	D	E	R	K	N	Q	S	T	A	V	L	I	F	Y	W	H	M	C	P
0	0.02029	0.06327	0.18386	0.01851	0.02464	0.13272	0.01821	0.02649	0.05514	0.05718	0.02623	0.04266	0.02428	0.01311	0.00884	0.00282	0.01013	0.18202	0.03881	0.05078
1	0.15377	0.08384	0.17220	0.02306	0.13639	0.01969	0.01875	0.05535	0.07537	0.09864	0.01942	0.02101	0.01450	0.00871	0.00738	0.00253	0.00886	0.00681	0.06172	0.01202
2	0.02314	0.01982	0.01877	0.01595	0.02097	0.10017	0.01251	0.14323	0.24486	0.03527	0.02519	0.02551	0.01924	0.00989	0.00768	0.00234	0.00776	0.00776	0.14067	0.11926
3	0.01900	0.05837	0.27514	0.02122	0.05081	0.01938	0.05500	0.09854	0.12772	0.03066	0.02961	0.05851	0.09639	0.01135	0.00862	0.00273	0.00965	0.00948	0.00586	0.01193
4	0.02082	0.18701	0.35130	0.02060	0.02980	0.05887	0.02324	0.02955	0.08703	0.05919	0.01735	0.01901	0.01309	0.00876	0.00843	0.00253	0.04035	0.00640	0.00459	0.01211
5	0.02053	0.08547	0.43541	0.02616	0.09902	0.13720	0.02704	0.02803	0.01918	0.02547	0.01474	0.01753	0.01111	0.00810	0.00787	0.00253	0.01258	0.00616	0.00380	0.01207
6	0.05212	0.11828	0.02895	0.11170	0.21942	0.10511	0.01892	0.05865	0.08098	0.06154	0.01775	0.02047	0.01401	0.00844	0.00772	0.00240	0.00993	0.00689	0.00518	0.05154
7	0.02166	0.25214	0.24512	0.02677	0.16049	0.10810	0.02292	0.02721	0.01884	0.02410	0.01404	0.01689	0.01142	0.00781	0.00726	0.00231	0.01129	0.00590	0.00384	0.01188
8	0.01550	0.21805	0.01990	0.01087	0.01306	0.01589	0.00798	0.01632	0.01385	0.01756	0.02231	0.04305	0.02492	0.49237	0.03193	0.00632	0.00851	0.01002	0.00470	0.00689
9	0.02904	0.02279	0.02794	0.02264	0.06134	0.02471	0.07336	0.46674	0.03437	0.04658	0.01912	0.02045	0.01400	0.00979	0.00950	0.00257	0.04357	0.00772	0.00744	0.05632
10	0.01037	0.00741	0.00987	0.01185	0.01234	0.00691	0.00790	0.01185	0.01629	0.02172	0.04690	0.69537	0.05629	0.02666	0.01086	0.00346	0.00494	0.02419	0.00790	0.00691
11	0.01006	0.00862	0.00862	0.00862	0.01149	0.00718	0.00647	0.01221	0.01940	0.02299	0.08621	0.08190	0.64438	0.02155	0.01006	0.00287	0.00431	0.01796	0.00790	0.00718
12	0.02634	0.01915	0.02065	0.01648	0.02125	0.02094	0.01286	0.43694	0.03170	0.04247	0.02235	0.03103	0.01942	0.21788	0.01898	0.00427	0.00903	0.00908	0.00750	0.01167
13	0.01146	0.00868	0.01057	0.01009	0.01236	0.00778	0.00757	0.01493	0.02271	0.03086	0.47987	0.06895	0.24581	0.01862	0.01004	0.00273	0.00410	0.01614	0.00894	0.00778
14	0.03179	0.04056	0.02412	0.02192	0.02631	0.66676	0.01644	0.03398	0.02412	0.02083	0.01315	0.01535	0.01096	0.00877	0.00767	0.00219	0.01535	0.00548	0.00438	0.00987
15	0.01720	0.01417	0.01977	0.13035	0.02568	0.01727	0.01514	0.11449	0.01838	0.02567	0.01908	0.02692	0.01672	0.03721	0.33719	0.00830	0.13389	0.00833	0.00492	0.00932
16	0.02160	0.20895	0.05184	0.15441	0.07760	0.10467	0.01805	0.03027	0.16319	0.02500	0.01844	0.02094	0.01477	0.00919	0.00864	0.00251	0.04675	0.00692	0.00499	0.01126
17	0.03487	0.01375	0.01869	0.01458	0.02058	0.01194	0.01194	0.03825	0.02432	0.57519	0.11087	0.03335	0.02857	0.01140	0.00875	0.00264	0.00683	0.00942	0.01039	0.01366
18	0.01586	0.00793	0.00793	0.00793	0.00991	0.00793	0.00595	0.01983	0.01785	0.03173	0.02776	0.03173	0.02181	0.00991	0.00595	0.00198	0.00397	0.00793	0.74817	0.00793
19	0.01707	0.04402	0.65683	0.02426	0.03683	0.01976	0.03144	0.02695	0.01797	0.02695	0.01527	0.01797	0.01078	0.00809	0.00809	0.00270	0.01258	0.00629	0.00359	0.01258
20	0.06182	0.13313	0.27421	0.02635	0.13789	0.13867	0.02329	0.06181	0.02030	0.02712	0.01463	0.01733	0.01143	0.00812	0.00756	0.00244	0.01163	0.00611	0.00422	0.01193
21	0.01045	0.00850	0.00926	0.00935	0.01181	0.00731	0.00691	0.01287	0.01991	0.02487	0.18311	0.14517	0.47812	0.02135	0.01014	0.00290	0.00432	0.01817	0.00817	0.00731
22	0.01289	0.00899	0.01152	0.01173	0.01286	0.00941	0.00823	0.04066	0.01600	0.02243	0.06432	0.21038	0.03588	0.22038	0.21992	0.00772	0.01139	0.01408	0.05412	0.00710
23	0.02622	0.02720	0.02912	0.11631	0.19685	0.23481	0.06035	0.15077	0.02494	0.03001	0.01595	0.01939	0.01254	0.00861	0.00831	0.00249	0.01213	0.00707	0.00511	0.01183
24	0.02791	0.02495	0.05845	0.06934	0.02809	0.10271	0.01678	0.37017	0.10898	0.04180	0.02094	0.02284	0.01579	0.04053	0.00994	0.00283	0.01004	0.00777	0.00725	0.01288
25	0.01204	0.00863	0.01050	0.01026	0.01222	0.00830	0.00761	0.01504	0.01922	0.02682	0.26069	0.05830	0.20244	0.08621	0.13228	0.00514	0.00788	0.01376	0.09519	0.00747

[dist]
# distance from previous block
# <min> <max>
0	1

[block]
# block no. 1 follows, 21 sequences, length 7
# corresponding to MSA columns:
# 58-64
name=unknown_B
#
# <colnr> <probs for GDERKNQSTAVLIFYWHMCP>
#	G	D	E	R	K	N	Q	S	T	A	V	L	I	F	Y	W	H	M	C	P
0	0.14549	0.01815	0.02932	0.25300	0.28441	0.01972	0.08056	0.02458	0.01783	0.02750	0.01512	0.02056	0.01199	0.00790	0.00807	0.00268	0.01034	0.00731	0.00426	0.01121
1	0.02015	0.02122	0.03343	0.28816	0.21005	0.09465	0.15914	0.02559	0.01917	0.02453	0.01561	0.02146	0.01223	0.00798	0.00874	0.00269	0.01216	0.00789	0.00409	0.01105
2	0.09035	0.01950	0.02569	0.36683	0.14649	0.07733	0.02108	0.10274	0.02084	0.02843	0.01549	0.02064	0.01188	0.00854	0.00812	0.00267	0.01078	0.00712	0.00467	0.01081
3	0.02098	0.02144	0.02792	0.23855	0.24966	0.14210	0.05251	0.02569	0.01943	0.02493	0.01641	0.02163	0.01312	0.00831	0.00815	0.00252	0.01111	0.00734	0.07734	0.01087
4	0.01471	0.00889	0.01044	0.01032	0.01177	0.00964	0.00768	0.01779	0.01616	0.02671	0.02711	0.08328	0.02447	0.09065	0.11597	0.00470	0.05717	0.00976	0.44515	0.00762
5	0.01210	0.01210	0.07324	0.01157	0.01478	0.00898	0.00996	0.01628	0.02248	0.03102	0.46204	0.06312	0.19560	0.01740	0.00985	0.00272	0.00491	0.01507	0.00849	0.00829
6	0.16487	0.22971	0.08782	0.01603	0.02245	0.09088	0.01481	0.08851	0.06283	0.06285	0.06878	0.02119	0.01832	0.00924	0.00698	0.00236	0.00895	0.00661	0.00570	0.01113

[dist]
# distance from previous block
# <min> <max>
1	68

[block]
# block no. 2 follows, 21 sequences, length 11
# corresponding to MSA columns:
# 133-143
name=unknown_C
#
# <colnr> <probs for GDERKNQSTAVLIFYWHMCP>
#	G	D	E	R	K	N	Q	S	T	A	V	L	I	F	Y	W	H	M	C	P
0	0.02633	0.02777	0.02328	0.02516	0.14774	0.33902	0.01638	0.03028	0.04752	0.08254	0.09237	0.02764	0.05656	0.01051	0.00835	0.00242	0.01129	0.00818	0.00585	0.01080
1	0.01976	0.01871	0.03167	0.08355	0.55398	0.01887	0.02423	0.02451	0.01895	0.02688	0.01892	0.08573	0.01746	0.00946	0.00866	0.00263	0.00968	0.00917	0.00454	0.01263
2	0.02106	0.02022	0.03454	0.05223	0.64784	0.02022	0.02612	0.02612	0.01938	0.02780	0.01601	0.02106	0.01348	0.00758	0.00842	0.00253	0.01011	0.00758	0.00421	0.01348
3	0.02239	0.01801	0.01613	0.01503	0.01844	0.16903	0.01125	0.02647	0.07056	0.15741	0.07337	0.23541	0.09817	0.01662	0.00929	0.00282	0.00797	0.01401	0.00775	0.00986
4	0.01184	0.00869	0.01109	0.01049	0.01259	0.00794	0.00787	0.01566	0.02360	0.03296	0.58519	0.06548	0.13918	0.01783	0.01004	0.00270	0.00405	0.01566	0.00922	0.00794
5	0.03235	0.02384	0.02554	0.01958	0.02639	0.02639	0.01618	0.61946	0.04001	0.05363	0.02043	0.02043	0.01447	0.01022	0.00851	0.00255	0.00936	0.00766	0.00851	0.01447
6	0.01238	0.00825	0.00928	0.00928	0.00928	0.00825	0.00516	0.01238	0.01238	0.01650	0.02681	0.05569	0.03094	0.70092	0.04331	0.00825	0.00825	0.01238	0.00516	0.00516
7	0.01807	0.03573	0.43555	0.02844	0.09483	0.02079	0.11617	0.02618	0.01785	0.02634	0.01516	0.01908	0.01140	0.00868	0.01067	0.00282	0.08925	0.00710	0.00377	0.01213
8	0.10046	0.07467	0.18022	0.05985	0.03091	0.18529	0.09261	0.07816	0.02102	0.02807	0.01512	0.01819	0.01168	0.00859	0.00844	0.00253	0.03580	0.00654	0.03083	0.01100
9	0.09125	0.16346	0.13124	0.06225	0.21676	0.02214	0.02055	0.02516	0.01782	0.05161	0.01896	0.02206	0.04846	0.00920	0.00914	0.00256	0.06425	0.00709	0.00451	0.01153
10	0.01275	0.01077	0.01620	0.01726	0.08000	0.01018	0.06748	0.01536	0.01751	0.02310	0.07755	0.26579	0.18577	0.10051	0.05617	0.00433	0.00769	0.01686	0.00673	0.00799

[dist]
# distance from previous block
# <min> <max>
0	41

[block]
# block no. 3 follows, 21 sequences, length 12
# corresponding to MSA columns:
# 185-196
name=unknown_D
#
# <colnr> <probs for GDERKNQSTAVLIFYWHMCP>
#	G	D	E	R	K	N	Q	S	T	A	V	L	I	F	Y	W	H	M	C	P
0	0.06624	0.02001	0.02538	0.10341	0.20772	0.07943	0.01839	0.10027	0.04805	0.21391	0.02184	0.02301	0.01562	0.00915	0.00826	0.00259	0.00950	0.00761	0.00677	0.01286
1	0.02673	0.11311	0.02446	0.01760	0.02322	0.13149	0.01432	0.19927	0.19698	0.07892	0.02756	0.02674	0.06111	0.01077	0.00812	0.00252	0.00910	0.00821	0.00732	0.01244
2	0.05653	0.36065	0.03107	0.01525	0.02044	0.06241	0.01355	0.05672	0.05700	0.02453	0.05240	0.02184	0.01783	0.01863	0.12269	0.00419	0.04245	0.00665	0.00484	0.01031
3	0.01862	0.01415	0.01811	0.01554	0.01799	0.01623	0.01239	0.05487	0.05921	0.05995	0.12277	0.02985	0.02619	0.01470	0.01722	0.08621	0.22368	0.00877	0.09137	0.09219
4	0.01105	0.00857	0.01005	0.00987	0.01215	0.00758	0.00733	0.01406	0.02147	0.02833	0.35521	0.11631	0.32765	0.01989	0.01010	0.00282	0.00421	0.01715	0.00862	0.00758
5	0.02383	0.02576	0.03093	0.08544	0.42876	0.20707	0.02315	0.02810	0.02059	0.02538	0.01512	0.01952	0.01261	0.00799	0.00821	0.00245	0.01171	0.00697	0.00423	0.01217
6	0.01006	0.00862	0.00862	0.00862	0.01149	0.00718	0.00647	0.01221	0.01940	0.02299	0.08621	0.08190	0.64438	0.02155	0.01006	0.00287	0.00431	0.01796	0.00790	0.00718
7	0.02509	0.02181	0.02448	0.01855	0.02554	0.10435	0.08055	0.19296	0.02544	0.06894	0.01762	0.01935	0.01342	0.00807	0.00765	0.00200	0.00932	0.00659	0.00615	0.32212
8	0.01773	0.01484	0.01561	0.01475	0.01830	0.05181	0.01186	0.09719	0.16133	0.03135	0.11397	0.06073	0.17460	0.01720	0.00985	0.00304	0.00699	0.16085	0.00809	0.00992
9	0.01285	0.01079	0.01126	0.01157	0.01335	0.05378	0.00811	0.01468	0.01755	0.02239	0.08703	0.30343	0.16849	0.13738	0.01570	0.00389	0.00624	0.03989	0.00710	0.05454
10	0.01907	0.14034	0.38818	0.03055	0.20480	0.02205	0.02733	0.02649	0.01826	0.02611	0.01494	0.01816	0.01155	0.00782	0.00777	0.00251	0.01135	0.00638	0.00377	0.01257
11	0.02253	0.02012	0.03166	0.08563	0.39429	0.02094	0.06048	0.15329	0.02335	0.03242	0.01740	0.02194	0.01400	0.01172	0.04995	0.00328	0.01110	0.00785	0.00514	0.01292

[dist]
# distance from previous block
# <min> <max>
0	1

[block]
# block no. 4 follows, 21 sequences, length 6
# corresponding to MSA columns:
# 198-203
name=unknown_E
#
# <colnr> <probs for GDERKNQSTAVLIFYWHMCP>
#	G	D	E	R	K	N	Q	S	T	A	V	L	I	F	Y	W	H	M	C	P
0	0.01983	0.02014	0.03783	0.16338	0.34802	0.02039	0.21241	0.02567	0.01916	0.02651	0.01623	0.02196	0.01291	0.00762	0.00895	0.00269	0.01168	0.00836	0.00416	0.01210
1	0.01973	0.01886	0.03213	0.22041	0.49010	0.01987	0.02545	0.02495	0.01875	0.02618	0.01577	0.02150	0.01291	0.00783	0.00845	0.00261	0.01044	0.00758	0.00410	0.01240
2	0.02671	0.02285	0.02224	0.01870	0.02425	0.09235	0.01485	0.27001	0.33417	0.04111	0.02675	0.02554	0.01984	0.01073	0.00850	0.00268	0.00869	0.00841	0.00814	0.01348
3	0.02210	0.63024	0.11470	0.01567	0.02356	0.03208	0.01649	0.02565	0.01737	0.02082	0.01223	0.01415	0.01090	0.00737	0.00576	0.00192	0.00950	0.00475	0.00363	0.01111
4	0.02483	0.02554	0.02054	0.01862	0.02296	0.26036	0.01451	0.09729	0.22891	0.03076	0.06970	0.03400	0.02564	0.01215	0.00873	0.00269	0.01016	0.07441	0.00701	0.01120
5	0.01092	0.00788	0.00974	0.01076	0.01163	0.00735	0.00715	0.01245	0.01671	0.02210	0.11045	0.41299	0.13229	0.16624	0.01747	0.00430	0.00545	0.01996	0.00748	0.00670

[dist]
# distance from previous block
# <min> <max>
3	5

[block]
# block no. 5 follows, 21 sequences, length 150
# corresponding to MSA columns:
# 209-358
name=unknown_F
#
# <colnr> <probs for GDERKNQSTAVLIFYWHMCP>
#	G	D	E	R	K	N	Q	S	T	A	V	L	I	F	Y	W	H	M	C	P
0	0.01874	0.01782	0.03000	0.26431	0.41066	0.01903	0.02416	0.02384	0.01857	0.02546	0.01967	0.02506	0.04840	0.00869	0.00855	0.00265	0.01020	0.00816	0.00427	0.01175
1	0.02897	0.02430	0.02350	0.01921	0.02512	0.10553	0.01541	0.37597	0.21311	0.04417	0.02371	0.02314	0.01743	0.01043	0.00845	0.00261	0.00934	0.00797	0.00804	0.01360
2	0.01648	0.01290	0.01551	0.01405	0.01606	0.04943	0.03788	0.06031	0.01720	0.02489	0.02378	0.06159	0.02245	0.16224	0.18784	0.00658	0.07205	0.00971	0.18094	0.00811
3	0.01123	0.00854	0.00942	0.00963	0.01132	0.00778	0.00673	0.01284	0.01708	0.02136	0.08282	0.09916	0.34111	0.25276	0.02154	0.00480	0.00595	0.06234	0.00702	0.00657
4	0.01225	0.00876	0.01188	0.01188	0.01278	0.00966	0.00840	0.01404	0.01314	0.01842	0.02444	0.04253	0.02523	0.32437	0.41206	0.01146	0.01685	0.01045	0.00480	0.00660
5	0.03134	0.07337	0.02513	0.02156	0.02609	0.63554	0.01635	0.03356	0.02378	0.02079	0.01309	0.01526	0.01096	0.00870	0.00756	0.00217	0.01504	0.00544	0.00435	0.00992
6	0.02272	0.27120	0.28724	0.02033	0.02903	0.18682	0.02187	0.02821	0.01928	0.02303	0.01356	0.01582	0.01087	0.00798	0.00708	0.00227	0.01207	0.00549	0.00381	0.01133
7	0.02402	0.19358	0.02582	0.01646	0.02138	0.14187	0.01362	0.17113	0.05400	0.03022	0.02036	0.06841	0.01784	0.01675	0.08542	0.00365	0.01112	0.00793	0.06560	0.01081
8	0.02047	0.01961	0.03347	0.12702	0.57769	0.02006	0.02582	0.02560	0.01910	0.02708	0.01590	0.02126	0.01323	0.00769	0.00843	0.00256	0.01026	0.00758	0.00416	0.01300
9	0.01216	0.00912	0.01368	0.01368	0.01520	0.01064	0.01064	0.01520	0.01368	0.01976	0.02279	0.03343	0.02127	0.06382	0.66720	0.01368	0.02279	0.00912	0.00456	0.00760
10	0.03179	0.04056	0.02412	0.02192	0.02631	0.66676	0.01644	0.03398	0.02412	0.02083	0.01315	0.01535	0.01096	0.00877	0.00767	0.00219	0.01535	0.00548	0.00438	0.00987
11	0.01977	0.03117	0.29560	0.06650	0.32939	0.05650	0.02770	0.02672	0.01895	0.02678	0.01550	0.01951	0.01211	0.00790	0.00824	0.00259	0.01150	0.00692	0.00394	0.01272
12	0.01187	0.00804	0.00943	0.00993	0.01005	0.00791	0.00584	0.01224	0.01336	0.01781	0.03185	0.21612	0.03730	0.53182	0.03518	0.00705	0.00742	0.01534	0.00584	0.00560
13	0.01399	0.01029	0.01376	0.01523	0.01743	0.01039	0.01309	0.01926	0.06304	0.02650	0.07565	0.08923	0.07555	0.02228	0.01138	0.00374	0.00741	0.49560	0.00797	0.00821
14	0.02476	0.20567	0.17382	0.02004	0.02682	0.31346	0.01901	0.02891	0.02026	0.02196	0.01399	0.01680	0.01164	0.01212	0.05374	0.00302	0.01367	0.00569	0.00403	0.01059
15	0.03103	0.01828	0.08971	0.08076	0.05701	0.01494	0.01627	0.07643	0.02339	0.41871	0.02882	0.06315	0.02016	0.01081	0.00862	0.00269	0.00837	0.00898	0.00855	0.01333
16	0.01212	0.00814	0.00936	0.00961	0.00967	0.00808	0.00550	0.01231	0.01287	0.01716	0.02935	0.13628	0.03413	0.61597	0.03923	0.00765	0.00783	0.01386	0.00550	0.00538
17	0.02106	0.02022	0.03454	0.05223	0.64784	0.02022	0.02612	0.02612	0.01938	0.02780	0.01601	0.02106	0.01348	0.00758	0.00842	0.00253	0.01011	0.00758	0.00421	0.01348
18	0.02009	0.02296	0.05022	0.03587	0.04448	0.02152	0.61693	0.02726	0.02009	0.02726	0.01722	0.02296	0.01291	0.00717	0.01004	0.00287	0.01435	0.01004	0.00430	0.01148
19	0.02009	0.02296	0.05022	0.03587	0.04448	0.02152	0.61693	0.02726	0.02009	0.02726	0.01722	0.02296	0.01291	0.00717	0.01004	0.00287	0.01435	0.01004	0.00430	0.01148
20	0.01708	0.04057	0.57732	0.07044	0.03757	0.02005	0.03018	0.02622	0.01763	0.02622	0.01503	0.01834	0.01084	0.00849	0.00922	0.00276	0.04979	0.00644	0.00361	0.01218
21	0.01037	0.00741	0.00987	0.01185	0.01234	0.00691	0.00790	0.01185	0.01629	0.02172	0.04690	0.69537	0.05629	0.02666	0.01086	0.00346	0.00494	0.02419	0.00790	0.00691
22	0.02145	0.02122	0.03499	0.05005	0.58788	0.04720	0.05910	0.02651	0.01961	0.02748	0.01596	0.02093	0.01334	0.00761	0.00849	0.00253	0.01057	0.00763	0.00422	0.01322
23	0.02171	0.02274	0.02978	0.23338	0.34876	0.14833	0.02345	0.02638	0.01962	0.02461	0.01518	0.02041	0.01234	0.00809	0.00830	0.00255	0.01152	0.00716	0.00412	0.01156
24	0.01081	0.00850	0.00884	0.00884	0.01078	0.00753	0.00604	0.01227	0.01712	0.02088	0.06692	0.07339	0.44517	0.24217	0.02086	0.00462	0.00559	0.01615	0.00701	0.00653
25	0.02228	0.02316	0.03539	0.04616	0.48643	0.10186	0.10627	0.02727	0.02007	0.02685	0.01581	0.02060	0.01308	0.00768	0.00855	0.00253	0.01135	0.00766	0.00425	0.01275
26	0.06387	0.02171	0.02448	0.16138	0.18443	0.14951	0.01868	0.08995	0.04973	0.02800	0.01960	0.08571	0.01741	0.01253	0.03401	0.00307	0.01098	0.00875	0.00526	0.01093
27	0.01238	0.00825	0.00928	0.00928	0.00928	0.00825	0.00516	0.01238	0.01238	0.01650	0.02681	0.05569	0.03094	0.70092	0.04331	0.00825	0.00825	0.01238	0.00516	0.00516
28	0.01989	0.02073	0.02588	0.02230	0.02272	0.08780	0.01841	0.02178	0.01410	0.02051	0.01136	0.01830	0.01115	0.01430	0.02598	0.00358	0.62079	0.00726	0.00379	0.00936
29	0.01369	0.01137	0.01661	0.01573	0.01689	0.01429	0.01253	0.01645	0.01352	0.01993	0.02004	0.02993	0.01888	0.05225	0.51595	0.01132	0.17956	0.00872	0.00436	0.00800
30	0.01126	0.00836	0.01008	0.01020	0.01183	0.00763	0.00719	0.01372	0.01966	0.02630	0.29523	0.19259	0.20981	0.11989	0.01506	0.00369	0.00489	0.01735	0.00809	0.00718
31	0.01216	0.00912	0.01368	0.01368	0.01520	0.01064	0.01064	0.01520	0.01368	0.01976	0.02279	0.03343	0.02127	0.06382	0.66720	0.01368	0.02279	0.00912	0.00456	0.00760
32	0.02160	0.02109	0.03295	0.04828	0.57305	0.05217	0.02475	0.02785	0.06286	0.02801	0.01718	0.02153	0.01424	0.00792	0.00840	0.00254	0.01013	0.00762	0.00453	0.01330
33	0.01478	0.00739	0.01109	0.01109	0.01109	0.00739	0.00739	0.01109	0.01109	0.01478	0.01478	0.02587	0.01478	0.02956	0.03326	0.75240	0.00739	0.00739	0.00370	0.00370
34	0.02238	0.02387	0.03695	0.04371	0.40594	0.11476	0.17288	0.02755	0.02025	0.02665	0.01589	0.02070	0.01297	0.00765	0.00872	0.00256	0.01194	0.00789	0.00426	0.01245
35	0.01327	0.00899	0.01059	0.01001	0.01224	0.00810	0.00723	0.01578	0.02012	0.07043	0.28351	0.06586	0.26082	0.15643	0.01666	0.00387	0.00520	0.01519	0.00809	0.00761
36	0.03514	0.01637	0.02037	0.01575	0.02206	0.01567	0.01296	0.18491	0.02782	0.45935	0.02987	0.02702	0.01946	0.01041	0.00836	0.00257	0.00754	0.00829	0.06206	0.01402
37	0.01344	0.00935	0.01165	0.01178	0.01378	0.00891	0.00855	0.01798	0.07472	0.06305	0.25299	0.31646	0.12334	0.02069	0.01017	0.00303	0.00485	0.01833	0.00862	0.00834
38	0.01708	0.01181	0.01370	0.01199	0.01547	0.01138	0.00935	0.12383	0.02550	0.08252	0.31565	0.05881	0.23584	0.01685	0.00966	0.00271	0.00530	0.01427	0.00886	0.00942
39	0.01006	0.00862	0.00862	0.00862	0.01149	0.00718	0.00647	0.01221	0.01940	0.02299	0.08621	0.08190	0.64438	0.02155	0.01006	0.00287	0.00431	0.01796	0.00790	0.00718
40	0.01037	0.00741	0.00987	0.01185	0.01234	0.00691	0.00790	0.01185	0.01629	0.02172	0.04690	0.69537	0.05629	0.02666	0.01086	0.00346	0.00494	0.02419	0.00790	0.00691
41	0.01125	0.00778	0.00961	0.01072	0.01099	0.00750	0.00669	0.01208	0.01457	0.01942	0.03805	0.41345	0.04511	0.32382	0.02516	0.00557	0.00640	0.01898	0.00669	0.00614
42	0.01076	0.00842	0.00903	0.00918	0.01108	0.00747	0.00634	0.01241	0.01759	0.02180	0.09527	0.12916	0.41026	0.19219	0.01847	0.00426	0.00534	0.01699	0.00729	0.00669
43	0.01037	0.00741	0.00987	0.01185	0.01234	0.00691	0.00790	0.01185	0.01629	0.02172	0.04690	0.69537	0.05629	0.02666	0.01086	0.00346	0.00494	0.02419	0.00790	0.00691
44	0.03123	0.02073	0.02308	0.01805	0.02436	0.02230	0.01478	0.42461	0.09180	0.16180	0.05939	0.02551	0.02049	0.01081	0.00862	0.00261	0.00842	0.00845	0.00895	0.01402
45	0.01053	0.00858	0.00895	0.00889	0.01132	0.00739	0.00644	0.01258	0.01893	0.02317	0.12843	0.07696	0.51677	0.10678	0.01425	0.00353	0.00478	0.01703	0.00769	0.00700
46	0.01802	0.01425	0.01523	0.01346	0.01746	0.01499	0.01051	0.13645	0.20144	0.03442	0.13667	0.05073	0.23497	0.01536	0.00916	0.00275	0.00590	0.01275	0.04493	0.01053
47	0.01238	0.00825	0.00928	0.00928	0.00928	0.00825	0.00516	0.01238	0.01238	0.01650	0.02681	0.05569	0.03094	0.70092	0.04331	0.00825	0.00825	0.01238	0.00516	0.00516
48	0.01523	0.01085	0.01225	0.01174	0.01351	0.01126	0.00798	0.02156	0.15995	0.05125	0.07775	0.11325	0.06995	0.35643	0.02626	0.00558	0.00701	0.01324	0.00694	0.00801
49	0.01070	0.00764	0.01025	0.01223	0.01286	0.00720	0.00847	0.01242	0.01662	0.02209	0.04672	0.63642	0.05557	0.02635	0.01095	0.00350	0.00522	0.07990	0.00789	0.00700
50	0.01006	0.00862	0.00862	0.00862	0.01149	0.00718	0.00647	0.01221	0.01940	0.02299	0.08621	0.08190	0.64438	0.02155	0.01006	0.00287	0.00431	0.01796	0.00790	0.00718
51	0.76103	0.01646	0.01251	0.01119	0.01646	0.01909	0.00922	0.02502	0.01448	0.03818	0.01185	0.01382	0.00922	0.00790	0.00527	0.00263	0.00658	0.00461	0.00527	0.00922
52	0.01658	0.01142	0.01314	0.01241	0.01468	0.01145	0.00885	0.13426	0.02084	0.05806	0.04155	0.27180	0.12618	0.19713	0.01860	0.00440	0.00670	0.01615	0.00744	0.00837
53	0.01223	0.00883	0.01220	0.01220	0.01321	0.00984	0.00880	0.01425	0.01324	0.01866	0.02414	0.04089	0.02451	0.27740	0.45805	0.01186	0.01792	0.01021	0.00476	0.00678
54	0.01006	0.00862	0.00862	0.00862	0.01149	0.00718	0.00647	0.01221	0.01940	0.02299	0.08621	0.08190	0.64438	0.02155	0.01006	0.00287	0.00431	0.01796	0.00790	0.00718
55	0.01216	0.00912	0.01368	0.01368	0.01520	0.01064	0.01064	0.01520	0.01368	0.01976	0.02279	0.03343	0.02127	0.06382	0.66720	0.01368	0.02279	0.00912	0.00456	0.00760
56	0.01247	0.00951	0.01399	0.01382	0.01518	0.01121	0.01068	0.01527	0.01357	0.01960	0.02249	0.03406	0.02138	0.09932	0.60056	0.01289	0.05267	0.00923	0.00456	0.00753
57	0.01707	0.04402	0.65683	0.02426	0.03683	0.01976	0.03144	0.02695	0.01797	0.02695	0.01527	0.01797	0.01078	0.00809	0.00809	0.00270	0.01258	0.00629	0.00359	0.01258
58	0.03235	0.02384	0.02554	0.01958	0.02639	0.02639	0.01618	0.61946	0.04001	0.05363	0.02043	0.02043	0.01447	0.01022	0.00851	0.00255	0.00936	0.00766	0.00851	0.01447
59	0.02436	0.02299	0.09290	0.05224	0.02799	0.04964	0.07317	0.32367	0.02921	0.03891	0.02425	0.15443	0.02193	0.01282	0.00904	0.00278	0.00967	0.01092	0.00705	0.01203
60	0.02311	0.03051	0.12274	0.06035	0.07078	0.23125	0.18880	0.02809	0.01989	0.02392	0.01458	0.01903	0.01168	0.00901	0.01138	0.00272	0.10983	0.00739	0.00411	0.01082
61	0.01195	0.00870	0.01124	0.01061	0.01266	0.00799	0.00795	0.01588	0.02386	0.03359	0.61669	0.06445	0.10729	0.01760	0.01004	0.00269	0.00403	0.01551	0.00930	0.00799
62	0.01196	0.00986	0.01065	0.01024	0.01314	0.00916	0.00774	0.01734	0.09782	0.02737	0.21944	0.07098	0.42500	0.01925	0.00988	0.00283	0.00454	0.01627	0.00837	0.00819
63	0.01707	0.04402	0.65683	0.02426	0.03683	0.01976	0.03144	0.02695	0.01797	0.02695	0.01527	0.01797	0.01078	0.00809	0.00809	0.00270	0.01258	0.00629	0.00359	0.01258
64	0.01145	0.00870	0.01070	0.01028	0.01252	0.00796	0.00774	0.01483	0.02193	0.02974	0.43088	0.06699	0.24693	0.02193	0.05640	0.00351	0.00543	0.01573	0.00859	0.00774
65	0.02868	0.06762	0.02390	0.02041	0.02504	0.47378	0.01560	0.03638	0.17636	0.02449	0.01848	0.01938	0.01473	0.00939	0.00781	0.00235	0.01288	0.00647	0.00542	0.01082
66	0.01017	0.00855	0.00882	0.00891	0.01160	0.00721	0.00662	0.01236	0.01942	0.02341	0.10882	0.11744	0.58428	0.02167	0.01010	0.00290	0.00433	0.01821	0.00797	0.00721
67	0.02371	0.33603	0.22285	0.01897	0.02722	0.15413	0.01989	0.02852	0.01925	0.05807	0.01436	0.01615	0.01146	0.00800	0.00686	0.00220	0.01128	0.00548	0.00416	0.01141
68	0.01216	0.00912	0.01368	0.01368	0.01520	0.01064	0.01064	0.01520	0.01368	0.01976	0.02279	0.03343	0.02127	0.06382	0.66720	0.01368	0.02279	0.00912	0.00456	0.00760
69	0.02505	0.43752	0.10698	0.01745	0.02459	0.18357	0.01680	0.02848	0.01936	0.05224	0.01361	0.01530	0.01142	0.00789	0.00644	0.00205	0.01090	0.00517	0.00415	0.01103
70	0.02736	0.02066	0.02231	0.01816	0.02377	0.02290	0.01459	0.42878	0.15477	0.04603	0.02659	0.10772	0.02203	0.01255	0.00884	0.00273	0.00828	0.01013	0.00846	0.01332
71	0.36681	0.16231	0.23357	0.01621	0.02431	0.02221	0.01768	0.02575	0.01620	0.03084	0.01299	0.01517	0.01008	0.00784	0.00624	0.00249	0.00908	0.00516	0.00439	0.01067
72	0.02395	0.53434	0.03913	0.01558	0.02252	0.03128	0.01467	0.11240	0.08701	0.02650	0.01552	0.01657	0.01305	0.00816	0.00624	0.00204	0.00888	0.00554	0.00488	0.01170
73	0.02047	0.16151	0.16867	0.03040	0.21501	0.02310	0.07519	0.03004	0.13949	0.02756	0.01880	0.02120	0.01480	0.00837	0.00795	0.00252	0.01015	0.00732	0.00485	0.01260
74	0.01357	0.01105	0.01281	0.01256	0.01415	0.04716	0.00915	0.01675	0.04542	0.02068	0.05728	0.04408	0.08469	0.22003	0.34218	0.00956	0.01518	0.01090	0.00544	0.00735
75	0.02054	0.01967	0.03332	0.05018	0.61784	0.01961	0.02519	0.02546	0.01938	0.02758	0.01932	0.02393	0.04322	0.00824	0.00850	0.00254	0.00984	0.00807	0.00439	0.01318
76	0.01288	0.01089	0.01144	0.01119	0.01435	0.01060	0.00854	0.02026	0.16429	0.02602	0.06989	0.10471	0.43740	0.01956	0.00985	0.00296	0.00509	0.04332	0.00808	0.00869
77	0.01193	0.00827	0.00920	0.00928	0.00976	0.00803	0.00548	0.01233	0.01364	0.01774	0.03698	0.08643	0.12839	0.56611	0.03674	0.00721	0.00749	0.01374	0.00570	0.00555
78	0.07648	0.03194	0.21286	0.05984	0.03315	0.15008	0.10817	0.16816	0.02442	0.03260	0.01611	0.01873	0.01192	0.00860	0.00821	0.00259	0.01213	0.00695	0.00515	0.01192
79	0.01077	0.00869	0.00961	0.00950	0.01210	0.00753	0.00721	0.01352	0.02072	0.02622	0.24107	0.07734	0.46076	0.02047	0.01012	0.00286	0.00438	0.04136	0.00831	0.00745
80	0.02044	0.01823	0.02471	0.02653	0.19994	0.01782	0.04269	0.05906	0.19267	0.03122	0.02123	0.02296	0.01673	0.00837	0.00784	0.00221	0.00801	0.00740	0.00596	0.26596
81	0.01986	0.02343	0.12393	0.04042	0.38543	0.02158	0.05124	0.02497	0.01772	0.02594	0.01482	0.02012	0.01252	0.00935	0.01302	0.00285	0.16903	0.00747	0.00401	0.01228
82	0.01926	0.25554	0.37038	0.02228	0.05726	0.02397	0.05355	0.02618	0.01790	0.02479	0.01427	0.01693	0.01113	0.00767	0.00726	0.00234	0.01112	0.00590	0.00374	0.04851
83	0.01371	0.00980	0.01371	0.01567	0.01763	0.00980	0.01371	0.01763	0.01959	0.02547	0.04506	0.09599	0.04898	0.02351	0.01175	0.00392	0.00784	0.59056	0.00784	0.00784
84	0.02151	0.02107	0.03410	0.05096	0.62175	0.04736	0.02571	0.02645	0.01958	0.02751	0.01589	0.02082	0.01337	0.00763	0.00839	0.00251	0.01033	0.00749	0.00422	0.01333
85	0.02040	0.02157	0.04230	0.04184	0.29293	0.02125	0.33689	0.02638	0.01937	0.02708	0.01636	0.02191	0.01304	0.00780	0.01043	0.00278	0.05236	0.00887	0.00423	0.01218
86	0.01765	0.01513	0.01765	0.01260	0.02017	0.01134	0.01008	0.02143	0.01765	0.02773	0.01513	0.01765	0.01260	0.00630	0.00630	0.00126	0.00630	0.00504	0.00504	0.75295
87	0.01183	0.00869	0.01108	0.01048	0.01258	0.00794	0.00786	0.01564	0.02358	0.03292	0.58314	0.06555	0.14125	0.01785	0.01004	0.00270	0.00405	0.01567	0.00921	0.00794
88	0.01216	0.00912	0.01368	0.01368	0.01520	0.01064	0.01064	0.01520	0.01368	0.01976	0.02279	0.03343	0.02127	0.06382	0.66720	0.01368	0.02279	0.00912	0.00456	0.00760
89	0.01142	0.00867	0.01051	0.01005	0.01233	0.00776	0.00754	0.01485	0.02261	0.03063	0.46826	0.06933	0.25756	0.01870	0.01004	0.00274	0.00411	0.01620	0.00891	0.00776
90	0.01286	0.01014	0.01502	0.01461	0.01597	0.01230	0.01150	0.01577	0.01361	0.01983	0.02154	0.03183	0.02018	0.05854	0.59812	0.01260	0.09439	0.00894	0.00447	0.00778
91	0.01216	0.00912	0.01368	0.01368	0.01520	0.01064	0.01064	0.01520	0.01368	0.01976	0.02279	0.03343	0.02127	0.06382	0.66720	0.01368	0.02279	0.00912	0.00456	0.00760
92	0.02071	0.01986	0.03391	0.09655	0.60627	0.02013	0.02594	0.02581	0.01921	0.02737	0.01595	0.02118	0.01333	0.00765	0.00843	0.00255	0.01020	0.00758	0.00418	0.01320
93	0.01006	0.00862	0.00862	0.00862	0.01149	0.00718	0.00647	0.01221	0.01940	0.02299	0.08621	0.08190	0.64438	0.02155	0.01006	0.00287	0.00431	0.01796	0.00790	0.00718
94	0.03185	0.02442	0.02520	0.01960	0.02621	0.05759	0.01607	0.56654	0.06419	0.05126	0.02067	0.02066	0.01478	0.01020	0.00848	0.00255	0.00955	0.00764	0.00832	0.01420
95	0.03184	0.03907	0.02424	0.02171	0.02632	0.60962	0.01642	0.08622	0.02553	0.02375	0.01380	0.01580	0.01128	0.00890	0.00775	0.00222	0.01481	0.00568	0.00475	0.01028
96	0.01238	0.00825	0.00928	0.00928	0.00928	0.00825	0.00516	0.01238	0.01238	0.01650	0.02681	0.05569	0.03094	0.70092	0.04331	0.00825	0.00825	0.01238	0.00516	0.00516
97	0.01216	0.00912	0.01368	0.01368	0.01520	0.01064	0.01064	0.01520	0.01368	0.01976	0.02279	0.03343	0.02127	0.06382	0.66720	0.01368	0.02279	0.00912	0.00456	0.00760
98	0.01734	0.01301	0.01535	0.01351	0.01691	0.01363	0.01064	0.18326	0.02498	0.03375	0.20336	0.04763	0.15926	0.02787	0.17443	0.00544	0.01027	0.01217	0.00763	0.00955
99	0.03179	0.04056	0.02412	0.02192	0.02631	0.66676	0.01644	0.03398	0.02412	0.02083	0.01315	0.01535	0.01096	0.00877	0.00767	0.00219	0.01535	0.00548	0.00438	0.00987
100	0.01229	0.00858	0.01094	0.01094	0.01151	0.00915	0.00722	0.01344	0.01287	0.01773	0.02530	0.04730	0.02730	0.46087	0.27839	0.01030	0.01373	0.01115	0.00493	0.00608
101	0.02106	0.02022	0.03454	0.05223	0.64784	0.02022	0.02612	0.02612	0.01938	0.02780	0.01601	0.02106	0.01348	0.00758	0.00842	0.00253	0.01011	0.00758	0.00421	0.01348
102	0.02401	0.02584	0.02590	0.02193	0.02663	0.22039	0.10108	0.03653	0.29094	0.02823	0.02300	0.02403	0.01789	0.01043	0.01064	0.00276	0.08380	0.00817	0.00619	0.01163
103	0.01238	0.00825	0.00928	0.00928	0.00928	0.00825	0.00516	0.01238	0.01238	0.01650	0.02681	0.05569	0.03094	0.70092	0.04331	0.00825	0.00825	0.01238	0.00516	0.00516
104	0.01037	0.00741	0.00987	0.01185	0.01234	0.00691	0.00790	0.01185	0.01629	0.02172	0.04690	0.69537	0.05629	0.02666	0.01086	0.00346	0.00494	0.02419	0.00790	0.00691
105	0.03122	0.02056	0.02296	0.01801	0.02430	0.02195	0.01489	0.44907	0.03495	0.15958	0.02749	0.02946	0.04845	0.01161	0.00879	0.00266	0.00864	0.04288	0.00881	0.01373
106	0.02275	0.70604	0.04459	0.01456	0.02184	0.03367	0.01456	0.02548	0.01729	0.02002	0.01183	0.01365	0.01092	0.00728	0.00546	0.00182	0.00910	0.00455	0.00364	0.01092
107	0.01707	0.04402	0.65683	0.02426	0.03683	0.01976	0.03144	0.02695	0.01797	0.02695	0.01527	0.01797	0.01078	0.00809	0.00809	0.00270	0.01258	0.00629	0.00359	0.01258
108	0.03235	0.02384	0.02554	0.01958	0.02639	0.02639	0.01618	0.61946	0.04001	0.05363	0.02043	0.02043	0.01447	0.01022	0.00851	0.00255	0.00936	0.00766	0.00851	0.01447
109	0.01916	0.02021	0.03495	0.02732	0.03049	0.02439	0.23877	0.02297	0.01563	0.02297	0.01340	0.02021	0.01181	0.01205	0.02135	0.00341	0.43845	0.00840	0.00394	0.01011
110	0.03398	0.02123	0.02393	0.01834	0.02509	0.02252	0.01515	0.45836	0.03565	0.22090	0.02409	0.02281	0.01631	0.01030	0.00853	0.00258	0.00877	0.00791	0.00908	0.01448
111	0.01149	0.00875	0.01071	0.01198	0.01328	0.00849	0.00830	0.01551	0.08332	0.02340	0.05119	0.53609	0.13696	0.02430	0.01051	0.00331	0.00504	0.02173	0.00798	0.00766
112	0.01284	0.01009	0.01361	0.01317	0.01469	0.01086	0.01024	0.01602	0.01977	0.02774	0.33019	0.13729	0.08591	0.02397	0.08386	0.00423	0.10377	0.06613	0.00765	0.00797
113	0.02729	0.20354	0.03044	0.06971	0.09256	0.39456	0.01749	0.03016	0.02141	0.02142	0.01326	0.01604	0.01124	0.00825	0.00726	0.00218	0.01295	0.00561	0.00414	0.01048
114	0.20607	0.31811	0.23537	0.01686	0.02536	0.02550	0.01870	0.02584	0.01681	0.02683	0.01295	0.01510	0.01045	0.00770	0.00626	0.00231	0.00960	0.00513	0.00403	0.01103
115	0.01748	0.01337	0.01922	0.15557	0.17859	0.01421	0.01503	0.05391	0.01883	0.02802	0.02468	0.03147	0.04881	0.07762	0.01110	0.00298	0.00772	0.00869	0.26304	0.00967
116	0.01929	0.01841	0.03134	0.27560	0.43835	0.01975	0.02523	0.02456	0.01854	0.02565	0.01569	0.02164	0.01272	0.00791	0.00845	0.00264	0.01055	0.00758	0.00406	0.01205
117	0.01586	0.00793	0.00793	0.00793	0.00991	0.00793	0.00595	0.01983	0.01785	0.03173	0.02776	0.03173	0.02181	0.00991	0.00595	0.00198	0.00397	0.00793	0.74817	0.00793
118	0.02431	0.02285	0.03177	0.04290	0.46601	0.08210	0.02323	0.14478	0.02392	0.03228	0.01662	0.02040	0.01344	0.00822	0.00837	0.00250	0.01045	0.00740	0.00508	0.01334
119	0.01378	0.01150	0.01678	0.01585	0.01699	0.01451	0.01264	0.01652	0.01352	0.01994	0.01988	0.02972	0.01874	0.05155	0.50687	0.01118	0.18896	0.00870	0.00435	0.00803
120	0.01006	0.00862	0.00862	0.00862	0.01149	0.00718	0.00647	0.01221	0.01940	0.02299	0.08621	0.08190	0.64438	0.02155	0.01006	0.00287	0.00431	0.01796	0.00790	0.00718
121	0.01985	0.01898	0.03235	0.20485	0.50469	0.01990	0.02551	0.02505	0.01880	0.02633	0.01579	0.02146	0.01296	0.00781	0.00845	0.00260	0.01041	0.00758	0.00411	0.01250
122	0.02117	0.01828	0.01924	0.01732	0.02213	0.02117	0.01347	0.04522	0.63246	0.03560	0.03464	0.03175	0.02598	0.01155	0.00866	0.00289	0.00673	0.00962	0.00866	0.01347
123	0.01154	0.00825	0.01070	0.01132	0.01209	0.00845	0.00768	0.01301	0.01441	0.01948	0.03556	0.25395	0.07256	0.26310	0.21070	0.00797	0.01115	0.01552	0.00602	0.00654
124	0.02126	0.03815	0.53021	0.02244	0.03383	0.01832	0.02768	0.02984	0.01924	0.15152	0.01891	0.02015	0.01282	0.00857	0.00818	0.00268	0.01152	0.00674	0.00497	0.01296
125	0.02275	0.70604	0.04459	0.01456	0.02184	0.03367	0.01456	0.02548	0.01729	0.02002	0.01183	0.01365	0.01092	0.00728	0.00546	0.00182	0.00910	0.00455	0.00364	0.01092
126	0.01019	0.00811	0.00915	0.00998	0.01185	0.00707	0.00707	0.01206	0.01809	0.02246	0.06966	0.34016	0.39681	0.02370	0.01040	0.00312	0.00457	0.02058	0.00790	0.00707
127	0.01216	0.00912	0.01368	0.01368	0.01520	0.01064	0.01064	0.01520	0.01368	0.01976	0.02279	0.03343	0.02127	0.06382	0.66720	0.01368	0.02279	0.00912	0.00456	0.00760
128	0.02240	0.02319	0.03187	0.10900	0.48362	0.13049	0.02422	0.02703	0.01995	0.02601	0.01543	0.02025	0.01284	0.00788	0.00830	0.00250	0.01113	0.00722	0.00420	0.01247
129	0.01231	0.00851	0.01062	0.01062	0.01108	0.00897	0.00682	0.01323	0.01277	0.01749	0.02559	0.04894	0.02801	0.50757	0.23266	0.00990	0.01266	0.01139	0.00498	0.00590
130	0.01607	0.01513	0.02552	0.68047	0.05861	0.01891	0.02363	0.02174	0.01702	0.02174	0.01513	0.02269	0.01134	0.00851	0.00851	0.00284	0.01134	0.00756	0.00378	0.00945
131	0.01586	0.00793	0.00793	0.00793	0.00991	0.00793	0.00595	0.01983	0.01785	0.03173	0.02776	0.03173	0.02181	0.00991	0.00595	0.00198	0.00397	0.00793	0.74817	0.00793
132	0.01075	0.00865	0.00958	0.00935	0.01192	0.00748	0.00701	0.01355	0.02103	0.02687	0.28040	0.07551	0.44777	0.02010	0.01005	0.00280	0.00421	0.01706	0.00841	0.00748
133	0.03128	0.07816	0.02527	0.02151	0.02606	0.63098	0.01634	0.03350	0.02373	0.02078	0.01308	0.01525	0.01096	0.00869	0.00755	0.00217	0.01499	0.00543	0.00434	0.00993
134	0.31787	0.08951	0.02146	0.01691	0.02204	0.31932	0.01342	0.06278	0.02062	0.02944	0.01293	0.01488	0.01047	0.00838	0.00658	0.00235	0.01100	0.00518	0.00490	0.00996
135	0.01239	0.01081	0.01423	0.10953	0.08716	0.01039	0.01126	0.01562	0.01972	0.02492	0.14790	0.06426	0.40543	0.01759	0.00966	0.00280	0.00590	0.01499	0.00712	0.00831
136	0.02009	0.02296	0.05022	0.03587	0.04448	0.02152	0.61693	0.02726	0.02009	0.02726	0.01722	0.02296	0.01291	0.00717	0.01004	0.00287	0.01435	0.01004	0.00430	0.01148
137	0.02117	0.01828	0.01924	0.01732	0.02213	0.02117	0.01347	0.04522	0.63246	0.03560	0.03464	0.03175	0.02598	0.01155	0.00866	0.00289	0.00673	0.00962	0.00866	0.01347
138	0.01037	0.00741	0.00987	0.01185	0.01234	0.00691	0.00790	0.01185	0.01629	0.02172	0.04690	0.69537	0.05629	0.02666	0.01086	0.00346	0.00494	0.02419	0.00790	0.00691
139	0.01765	0.01513	0.01765	0.01260	0.02017	0.01134	0.01008	0.02143	0.01765	0.02773	0.01513	0.01765	0.01260	0.00630	0.00630	0.00126	0.00630	0.00504	0.00504	0.75295
140	0.01707	0.04402	0.65683	0.02426	0.03683	0.01976	0.03144	0.02695	0.01797	0.02695	0.01527	0.01797	0.01078	0.00809	0.00809	0.00270	0.01258	0.00629	0.00359	0.01258
141	0.01167	0.00854	0.01115	0.01222	0.01379	0.00802	0.00936	0.01454	0.01953	0.02599	0.19929	0.29562	0.13432	0.02285	0.01080	0.00332	0.00543	0.17784	0.00825	0.00748
142	0.02448	0.02569	0.01992	0.01826	0.02204	0.31539	0.01397	0.03117	0.13764	0.06086	0.02126	0.02450	0.01741	0.02526	0.19784	0.00566	0.01536	0.00750	0.00562	0.01018
143	0.02514	0.20258	0.03340	0.02402	0.08554	0.26117	0.11017	0.06095	0.02185	0.02426	0.01928	0.02162	0.05637	0.00901	0.00777	0.00230	0.01199	0.00716	0.00464	0.01079
144	0.02500	0.35435	0.03258	0.01737	0.02278	0.28181	0.01481	0.02756	0.01954	0.02031	0.01374	0.01682	0.01224	0.01500	0.08971	0.00346	0.01330	0.00549	0.00405	0.01008
145	0.01164	0.00835	0.01076	0.01178	0.01296	0.00792	0.00857	0.01394	0.01813	0.02424	0.16455	0.31329	0.09734	0.12340	0.01561	0.00406	0.00578	0.13283	0.00777	0.00708
146	0.17163	0.11326	0.02570	0.02289	0.12069	0.26831	0.01591	0.05534	0.02133	0.08884	0.01550	0.01729	0.01215	0.00846	0.00717	0.00234	0.01098	0.00592	0.00521	0.01109
147	0.01663	0.01292	0.01556	0.01658	0.09485	0.01248	0.01107	0.10008	0.05303	0.06069	0.12377	0.05881	0.35687	0.01676	0.00950	0.00275	0.00596	0.01410	0.00785	0.00973
148	0.02473	0.18728	0.03280	0.02788	0.19511	0.06166	0.04727	0.17037	0.11198	0.03277	0.01862	0.02043	0.01472	0.00875	0.00780	0.00241	0.00971	0.00716	0.00575	0.01280
149	0.20568	0.07534	0.05976	0.02423	0.14691	0.24021	0.01680	0.02893	0.04721	0.02801	0.04223	0.01900	0.01476	0.00868	0.00725	0.00242	0.01067	0.00629	0.00488	0.01073

[dist]
# distance from previous block
# <min> <max>
0	34

[block]
# block no. 6 follows, 21 sequences, length 9
# corresponding to MSA columns:
# 393-401
name=unknown_G
#
# <colnr> <probs for GDERKNQSTAVLIFYWHMCP>
#	G	D	E	R	K	N	Q	S	T	A	V	L	I	F	Y	W	H	M	C	P
0	0.01801	0.01845	0.06750	0.02416	0.17098	0.06404	0.01589	0.06569	0.04752	0.02729	0.08918	0.13149	0.08966	0.07321	0.01329	0.00328	0.05209	0.01201	0.00614	0.01014
1	0.07088	0.02037	0.02487	0.10265	0.20245	0.08199	0.01831	0.18737	0.02411	0.03297	0.01915	0.06128	0.01638	0.01583	0.08047	0.00382	0.01140	0.00836	0.00569	0.01164
2	0.02669	0.18440	0.06289	0.02641	0.17050	0.07384	0.01888	0.27030	0.02765	0.03604	0.01660	0.01850	0.01297	0.00871	0.00770	0.00236	0.01008	0.00669	0.00583	0.01298
3	0.10875	0.07739	0.06310	0.02445	0.11121	0.39002	0.01773	0.06526	0.02253	0.02592	0.01387	0.01631	0.01131	0.00846	0.00744	0.00231	0.01275	0.00579	0.00460	0.01079
4	0.08995	0.03243	0.34802	0.03045	0.14041	0.02019	0.16471	0.02670	0.01837	0.02825	0.01552	0.01926	0.01158	0.00777	0.00833	0.00270	0.01199	0.00722	0.00402	0.01215
5	0.02148	0.01858	0.02822	0.09992	0.37661	0.01905	0.02110	0.08497	0.06962	0.05770	0.02377	0.02670	0.06146	0.00935	0.00849	0.00256	0.00915	0.00844	0.00554	0.04728
6	0.01586	0.00793	0.00793	0.00793	0.00991	0.00793	0.00595	0.01983	0.01785	0.03173	0.02776	0.03173	0.02181	0.00991	0.00595	0.00198	0.00397	0.00793	0.74817	0.00793
7	0.02338	0.50230	0.03874	0.01684	0.02256	0.12256	0.01547	0.02590	0.01759	0.02021	0.01191	0.01468	0.01097	0.00870	0.00934	0.00218	0.11726	0.00514	0.00376	0.01052
8	0.01281	0.00908	0.01037	0.00981	0.01266	0.00786	0.00744	0.01568	0.02135	0.07352	0.27011	0.07179	0.40801	0.01933	0.00994	0.00279	0.00443	0.01640	0.00859	0.00801

[dist]
# distance from previous block
# <min> <max>
0	1

[block]
# block no. 7 follows, 21 sequences, length 59
# corresponding to MSA columns:
# 403-461
name=unknown_H
#
# <colnr> <probs for GDERKNQSTAVLIFYWHMCP>
#	G	D	E	R	K	N	Q	S	T	A	V	L	I	F	Y	W	H	M	C	P
0	0.02509	0.15102	0.02508	0.01645	0.02197	0.08478	0.01367	0.28134	0.06288	0.03644	0.05946	0.03017	0.10438	0.01223	0.00906	0.02995	0.00870	0.00878	0.00698	0.01157
1	0.01042	0.00772	0.00974	0.01116	0.01221	0.00704	0.00764	0.01220	0.01741	0.02281	0.09492	0.53699	0.16849	0.02507	0.01065	0.00329	0.00476	0.02242	0.00800	0.00704
2	0.02557	0.02183	0.02461	0.02450	0.14239	0.06566	0.01665	0.25078	0.17750	0.03881	0.02191	0.02263	0.01663	0.00945	0.00820	0.00244	0.00888	0.00765	0.00701	0.10690
3	0.01912	0.13724	0.20295	0.01795	0.04803	0.01862	0.01768	0.06958	0.01958	0.02796	0.01946	0.02139	0.05106	0.00826	0.00715	0.00200	0.00878	0.00641	0.00482	0.29197
4	0.01839	0.21414	0.42732	0.02213	0.05625	0.02281	0.02539	0.02573	0.01756	0.02468	0.01491	0.01802	0.01164	0.01165	0.05231	0.00321	0.01226	0.00608	0.00370	0.01184
5	0.01762	0.04040	0.55572	0.02697	0.06749	0.01999	0.09951	0.02695	0.01828	0.02703	0.01553	0.01870	0.01116	0.00795	0.00833	0.00271	0.01266	0.00679	0.00371	0.01249
6	0.02329	0.01810	0.02991	0.17277	0.40947	0.01849	0.02303	0.02814	0.01984	0.14526	0.01916	0.02289	0.01448	0.00833	0.00847	0.00261	0.00982	0.00776	0.00532	0.01285
7	0.02577	0.03009	0.08187	0.08211	0.24023	0.26896	0.02151	0.09783	0.02329	0.02759	0.01530	0.01865	0.01224	0.00846	0.00812	0.00244	0.01234	0.00667	0.00469	0.01183
8	0.01962	0.02040	0.03964	0.17196	0.26220	0.02053	0.28664	0.02574	0.01921	0.02634	0.01636	0.02223	0.01280	0.00759	0.00916	0.00274	0.01223	0.00867	0.00417	0.01178
9	0.01952	0.02123	0.06420	0.07730	0.35581	0.07665	0.04994	0.02409	0.01929	0.02556	0.02700	0.03043	0.11648	0.01042	0.00968	0.00266	0.04434	0.00913	0.00475	0.01151
10	0.01016	0.00862	0.00876	0.00872	0.01156	0.00723	0.00654	0.01240	0.01963	0.02354	0.11390	0.08099	0.61635	0.02135	0.01006	0.00286	0.00430	0.01783	0.00798	0.00723
