[name]
unknown

[dist]
# distance from previous block
# <min> <max>
0	2

[block]
# block no. 0 follows, 20 sequences, length 26
# corresponding to MSA columns:
# 2-27
name=unknown_A
#
# <colnr> <probs for GDERKNQSTAVLIFYWHMCP>
#	G	D	E	R	K	N	Q	S	T	A	V	L	I	F	Y	W	H	M	C	P
0	0.01840	0.02291	0.16519	0.03581	0.31717	0.01738	0.02413	0.02432	0.01961	0.02758	0.02526	0.04416	0.02423	0.01283	0.00959	0.00306	0.01022	0.18098	0.00530	0.01186
1	0.08961	0.01698	0.02659	0.27779	0.28599	0.01853	0.02175	0.02329	0.01846	0.02660	0.02415	0.02886	0.08597	0.00985	0.00855	0.00276	0.00979	0.00872	0.00470	0.01107
2	0.01951	0.01860	0.03164	0.30556	0.40329	0.02018	0.02573	0.02494	0.01888	0.02597	0.01604	0.02227	0.01293	0.00816	0.00867	0.00272	0.01088	0.00776	0.00414	0.01214
3	0.01246	0.00935	0.01402	0.01402	0.01558	0.01090	0.01090	0.01558	0.01402	0.02025	0.02336	0.03427	0.02181	0.06542	0.65888	0.01402	0.02336	0.00935	0.00467	0.00779
4	0.03258	0.04157	0.02472	0.02247	0.02697	0.65843	0.01685	0.03483	0.02472	0.02135	0.01348	0.01573	0.01124	0.00899	0.00787	0.00225	0.01573	0.00562	0.00449	0.01011
5	0.01107	0.00788	0.01043	0.01215	0.01283	0.00742	0.00831	0.01284	0.01725	0.02311	0.08878	0.57259	0.05755	0.06374	0.01299	0.00379	0.00536	0.05675	0.00804	0.00712
6	0.02159	0.02073	0.03541	0.05354	0.63903	0.02073	0.02677	0.02677	0.01986	0.02850	0.01641	0.02159	0.01382	0.00777	0.00864	0.00259	0.01036	0.00777	0.00432	0.01382
7	0.01246	0.00935	0.01402	0.01402	0.01558	0.01090	0.01090	0.01558	0.01402	0.02025	0.02336	0.03427	0.02181	0.06542	0.65888	0.01402	0.02336	0.00935	0.00467	0.00779
8	0.01626	0.00813	0.00813	0.00813	0.01016	0.00813	0.00610	0.02033	0.01829	0.03252	0.02846	0.03252	0.02236	0.01016	0.00610	0.00203	0.00407	0.00813	0.74187	0.00813
9	0.01626	0.00813	0.00813	0.00813	0.01016	0.00813	0.00610	0.02033	0.01829	0.03252	0.02846	0.03252	0.02236	0.01016	0.00610	0.00203	0.00407	0.00813	0.74187	0.00813
10	0.02332	0.69869	0.04571	0.01493	0.02239	0.03451	0.01493	0.02612	0.01772	0.02052	0.01213	0.01399	0.01119	0.00746	0.00560	0.00187	0.00933	0.00466	0.00373	0.01119
11	0.02332	0.69869	0.04571	0.01493	0.02239	0.03451	0.01493	0.02612	0.01772	0.02052	0.01213	0.01399	0.01119	0.00746	0.00560	0.00187	0.00933	0.00466	0.00373	0.01119
12	0.01088	0.00886	0.00963	0.00944	0.01213	0.00761	0.00708	0.01363	0.02124	0.02679	0.24244	0.07865	0.47941	0.02089	0.01030	0.00289	0.00433	0.01767	0.00852	0.00761
13	0.01939	0.01115	0.01147	0.01034	0.01329	0.01163	0.00804	0.12939	0.02250	0.03667	0.02707	0.03038	0.02097	0.01022	0.00658	0.00214	0.00509	0.00808	0.60626	0.00937
14	0.01177	0.00889	0.01086	0.01037	0.01268	0.00799	0.00778	0.01534	0.02333	0.03175	0.47985	0.07048	0.23890	0.01904	0.01029	0.00280	0.00420	0.01652	0.00918	0.00799
15	0.01267	0.00852	0.00982	0.00982	0.00992	0.00862	0.00567	0.01288	0.01278	0.01714	0.02720	0.05553	0.03104	0.65085	0.08608	0.00883	0.00947	0.01246	0.00524	0.00546
16	0.01809	0.01550	0.01809	0.01292	0.02067	0.01163	0.01034	0.02196	0.01809	0.02842	0.01550	0.01809	0.01292	0.00646	0.00646	0.00129	0.00646	0.00517	0.00517	0.74677
17	0.03316	0.02443	0.02618	0.02007	0.02705	0.02705	0.01658	0.60995	0.04101	0.05497	0.02094	0.02094	0.01483	0.01047	0.00873	0.00262	0.00960	0.00785	0.00873	0.01483
18	0.02608	0.01904	0.02019	0.01616	0.02166	0.02044	0.01313	0.40751	0.03363	0.04534	0.03682	0.03632	0.15371	0.01302	0.00877	0.00262	0.00779	0.01023	0.09515	0.01238
19	0.02363	0.01831	0.01978	0.01750	0.02264	0.02071	0.01370	0.04592	0.55680	0.10410	0.03538	0.03223	0.02607	0.01172	0.00886	0.00293	0.00696	0.00974	0.00909	0.01392
20	0.01195	0.00776	0.01070	0.01224	0.01273	0.00741	0.00840	0.01238	0.01567	0.02085	0.04010	0.48817	0.04703	0.02780	0.01666	0.18036	0.00587	0.06046	0.00707	0.00637
21	0.01375	0.01046	0.01307	0.04517	0.01703	0.01007	0.00978	0.07174	0.01953	0.02613	0.04474	0.47159	0.10251	0.02238	0.01028	0.00316	0.00589	0.01992	0.00769	0.07511
22	0.03193	0.03600	0.02583	0.02412	0.07079	0.46249	0.01750	0.17116	0.02825	0.02986	0.01547	0.01739	0.01228	0.00925	0.00813	0.00236	0.01389	0.00630	0.00549	0.01150
23	0.19186	0.01396	0.01691	0.01547	0.01802	0.01699	0.01245	0.05929	0.01592	0.02724	0.01833	0.02577	0.01648	0.03877	0.34264	0.00866	0.13947	0.00783	0.00496	0.00899
24	0.02498	0.25348	0.02866	0.01651	0.02190	0.15115	0.01399	0.13360	0.05702	0.02949	0.01851	0.02091	0.01516	0.01380	0.06179	0.00318	0.01097	0.00660	0.10722	0.01108
25	0.09481	0.21733	0.02550	0.01584	0.01990	0.21823	0.01274	0.02426	0.01767	0.02094	0.01347	0.01838	0.01225	0.01498	0.01500	0.22974	0.01053	0.00586	0.00415	0.00842

[dist]
# distance from previous block
# <min> <max>
0	5

[block]
# block no. 1 follows, 20 sequences, length 18
# corresponding to MSA columns:
# 33-50
name=unknown_B
#
# <colnr> <probs for GDERKNQSTAVLIFYWHMCP>
#	G	D	E	R	K	N	Q	S	T	A	V	L	I	F	Y	W	H	M	C	P
0	0.02103	0.02016	0.03440	0.12103	0.57590	0.02058	0.02649	0.02628	0.01960	0.02782	0.01631	0.02177	0.01358	0.00788	0.00864	0.00263	0.01050	0.00777	0.00427	0.01337
1	0.01244	0.00836	0.00958	0.00982	0.00988	0.00830	0.00561	0.01262	0.01316	0.01754	0.02990	0.13094	0.03476	0.61543	0.04050	0.00788	0.00806	0.01410	0.00561	0.00550
2	0.03103	0.02282	0.02499	0.05881	0.02794	0.02534	0.01635	0.53545	0.03809	0.05151	0.02111	0.02185	0.01514	0.01034	0.00855	0.00260	0.00936	0.00787	0.05679	0.01408
3	0.02036	0.18141	0.33263	0.02038	0.03008	0.02310	0.02307	0.07845	0.01997	0.02827	0.01510	0.01766	0.01172	0.00842	0.00859	0.00239	0.04773	0.00606	0.00437	0.12024
4	0.02418	0.01826	0.02103	0.01751	0.02183	0.02068	0.01400	0.32526	0.06475	0.03894	0.02249	0.02849	0.01878	0.09063	0.18424	0.00627	0.05515	0.00882	0.00703	0.01167
5	0.01268	0.00846	0.00951	0.00951	0.00951	0.00846	0.00529	0.01268	0.01268	0.01691	0.02748	0.05708	0.03171	0.69345	0.04440	0.00846	0.00846	0.01268	0.00529	0.00529
6	0.75506	0.01687	0.01282	0.01147	0.01687	0.01957	0.00945	0.02564	0.01484	0.03914	0.01215	0.01417	0.00945	0.00810	0.00540	0.00270	0.00675	0.00472	0.00540	0.00945
7	0.01063	0.00759	0.01012	0.01215	0.01265	0.00709	0.00810	0.01215	0.01670	0.02227	0.04808	0.68775	0.05769	0.02733	0.01113	0.00354	0.00506	0.02480	0.00810	0.00709
8	0.02170	0.01874	0.01972	0.01775	0.02268	0.02170	0.01381	0.04635	0.62327	0.03649	0.03550	0.03254	0.02663	0.01183	0.00888	0.00296	0.00690	0.00986	0.00888	0.01381
9	0.03914	0.01484	0.02024	0.01552	0.02227	0.01282	0.01282	0.04251	0.02497	0.64507	0.03441	0.02969	0.02159	0.01080	0.00877	0.00270	0.00742	0.00877	0.01080	0.01484
10	0.01067	0.00885	0.00934	0.00922	0.01200	0.00752	0.00691	0.01322	0.02073	0.02559	0.18510	0.08062	0.53750	0.02134	0.01031	0.00291	0.00436	0.01794	0.00837	0.00752
11	0.03316	0.02443	0.02618	0.02007	0.02705	0.02705	0.01658	0.60995	0.04101	0.05497	0.02094	0.02094	0.01483	0.01047	0.00873	0.00262	0.00960	0.00785	0.00873	0.01483
12	0.02170	0.01874	0.01972	0.01775	0.02268	0.02170	0.01381	0.04635	0.62327	0.03649	0.03550	0.03254	0.02663	0.01183	0.00888	0.00296	0.00690	0.00986	0.00888	0.01381
13	0.01246	0.00935	0.01402	0.01402	0.01558	0.01090	0.01090	0.01558	0.01402	0.02025	0.02336	0.03427	0.02181	0.06542	0.65888	0.01402	0.02336	0.00935	0.00467	0.00779
14	0.02059	0.02353	0.05147	0.03676	0.04559	0.02206	0.60735	0.02794	0.02059	0.02794	0.01765	0.02353	0.01324	0.00735	0.01029	0.00294	0.01471	0.01029	0.00441	0.01176
15	0.01063	0.00759	0.01012	0.01215	0.01265	0.00709	0.00810	0.01215	0.01670	0.02227	0.04808	0.68775	0.05769	0.02733	0.01113	0.00354	0.00506	0.02480	0.00810	0.00709
16	0.02159	0.02073	0.03541	0.05354	0.63903	0.02073	0.02677	0.02677	0.01986	0.02850	0.01641	0.02159	0.01382	0.00777	0.00864	0.00259	0.01036	0.00777	0.00432	0.01382
17	0.01989	0.01980	0.01699	0.01561	0.01923	0.16900	0.01186	0.02967	0.20845	0.03096	0.24285	0.04519	0.10634	0.01430	0.00927	0.00271	0.00781	0.01178	0.00799	0.01031

[dist]
# distance from previous block
# <min> <max>
0	20

[block]
# block no. 2 follows, 20 sequences, length 20
# corresponding to MSA columns:
# 71-90
name=unknown_C
#
# <colnr> <probs for GDERKNQSTAVLIFYWHMCP>
#	G	D	E	R	K	N	Q	S	T	A	V	L	I	F	Y	W	H	M	C	P
0	0.30175	0.02950	0.17964	0.01774	0.02470	0.16461	0.01720	0.05744	0.01998	0.03213	0.04341	0.02095	0.03888	0.00945	0.00728	0.00262	0.01032	0.00655	0.00521	0.01063
1	0.01715	0.03910	0.52985	0.02514	0.07565	0.01884	0.02896	0.02622	0.01927	0.02857	0.09030	0.02427	0.01983	0.00940	0.00855	0.00275	0.01166	0.00766	0.00444	0.01239
2	0.01994	0.02146	0.04287	0.03062	0.03917	0.01937	0.45361	0.02640	0.01994	0.02807	0.01710	0.02213	0.01315	0.00712	0.00931	0.00252	0.01258	0.00897	0.00461	0.20104
3	0.02150	0.02098	0.03686	0.05202	0.58534	0.02085	0.07930	0.02688	0.01993	0.02845	0.01652	0.02176	0.01376	0.00773	0.00879	0.00262	0.01076	0.00800	0.00433	0.01363
4	0.02159	0.02073	0.03541	0.05354	0.63903	0.02073	0.02677	0.02677	0.01986	0.02850	0.01641	0.02159	0.01382	0.00777	0.00864	0.00259	0.01036	0.00777	0.00432	0.01382
5	0.02159	0.02073	0.03541	0.05354	0.63903	0.02073	0.02677	0.02677	0.01986	0.02850	0.01641	0.02159	0.01382	0.00777	0.00864	0.00259	0.01036	0.00777	0.00432	0.01382
6	0.75506	0.01687	0.01282	0.01147	0.01687	0.01957	0.00945	0.02564	0.01484	0.03914	0.01215	0.01417	0.00945	0.00810	0.00540	0.00270	0.00675	0.00472	0.00540	0.00945
7	0.02159	0.02073	0.03541	0.05354	0.63903	0.02073	0.02677	0.02677	0.01986	0.02850	0.01641	0.02159	0.01382	0.00777	0.00864	0.00259	0.01036	0.00777	0.00432	0.01382
8	0.01159	0.00889	0.01061	0.01018	0.01257	0.00791	0.00763	0.01500	0.02290	0.03074	0.43155	0.07214	0.28784	0.01941	0.01030	0.00282	0.00423	0.01675	0.00904	0.00791
9	0.01248	0.00928	0.01369	0.01369	0.01513	0.01072	0.01049	0.01536	0.01392	0.02000	0.02367	0.03595	0.02254	0.11171	0.61359	0.01361	0.02227	0.00959	0.00472	0.00760
10	0.01094	0.00772	0.01003	0.01174	0.01217	0.00729	0.00767	0.01223	0.01609	0.02145	0.04493	0.59146	0.05373	0.12903	0.01621	0.00429	0.00558	0.02295	0.00767	0.00681
11	0.01259	0.00884	0.01147	0.01147	0.01215	0.00952	0.00772	0.01394	0.01326	0.01836	0.02570	0.04718	0.02741	0.42075	0.31121	0.01087	0.01493	0.01124	0.00502	0.00637
12	0.09990	0.01995	0.11472	0.50420	0.05197	0.01953	0.02372	0.02344	0.01729	0.02496	0.01515	0.02153	0.01130	0.00859	0.00828	0.00286	0.01126	0.00722	0.00402	0.01013
13	0.01063	0.00759	0.01012	0.01215	0.01265	0.00709	0.00810	0.01215	0.01670	0.02227	0.04808	0.68775	0.05769	0.02733	0.01113	0.00354	0.00506	0.02480	0.00810	0.00709
14	0.02212	0.02542	0.16718	0.02773	0.18763	0.08908	0.02055	0.02899	0.06270	0.10369	0.14580	0.03083	0.02871	0.01073	0.00884	0.00266	0.00968	0.00912	0.00636	0.01217
15	0.01815	0.03724	0.44830	0.08632	0.04166	0.02061	0.16996	0.02722	0.01885	0.02722	0.01612	0.02009	0.01163	0.00810	0.00881	0.00282	0.01321	0.00749	0.00388	0.01233
16	0.02786	0.16130	0.02882	0.02378	0.09876	0.41522	0.01693	0.03056	0.02245	0.02222	0.01910	0.02113	0.05755	0.00952	0.00771	0.00227	0.01304	0.00664	0.00459	0.01056
17	0.01832	0.01742	0.01585	0.01465	0.01871	0.09255	0.01122	0.03104	0.30283	0.02935	0.05460	0.05167	0.27531	0.01571	0.00934	0.00287	0.00694	0.01287	0.00803	0.01071
18	0.02739	0.02860	0.02654	0.02915	0.18340	0.27562	0.01875	0.07370	0.13676	0.05411	0.01966	0.02149	0.01548	0.00968	0.00931	0.00259	0.04239	0.00735	0.00579	0.01225
19	0.02163	0.36346	0.24587	0.02331	0.10212	0.06022	0.02227	0.02715	0.01857	0.02391	0.01390	0.01648	0.01146	0.00786	0.00698	0.00227	0.01098	0.00569	0.00383	0.01202

[dist]
# distance from previous block
# <min> <max>
0	2

[block]
# block no. 3 follows, 20 sequences, length 140
# corresponding to MSA columns:
# 93-160,176-247
name=unknown_D
#
# <colnr> <probs for GDERKNQSTAVLIFYWHMCP>
#	G	D	E	R	K	N	Q	S	T	A	V	L	I	F	Y	W	H	M	C	P
0	0.24892	0.02935	0.08722	0.02179	0.02843	0.23765	0.13674	0.02926	0.01990	0.02911	0.01424	0.01723	0.01116	0.00819	0.00758	0.00253	0.01203	0.00636	0.00471	0.04759
1	0.02315	0.23592	0.05706	0.01702	0.02196	0.20391	0.01441	0.02691	0.04934	0.05301	0.02409	0.18832	0.02433	0.01339	0.00810	0.00254	0.01003	0.01062	0.00566	0.01022
2	0.02208	0.02467	0.06271	0.12174	0.23898	0.17008	0.02108	0.02768	0.05132	0.02565	0.01848	0.02543	0.01576	0.01288	0.04991	0.00331	0.01226	0.03715	0.00476	0.05408
3	0.02399	0.01795	0.02062	0.08998	0.02584	0.02005	0.01452	0.29259	0.11493	0.04042	0.02618	0.09041	0.02176	0.01558	0.05004	0.00344	0.00917	0.00992	0.10055	0.01206
4	0.01810	0.08729	0.57509	0.02575	0.06918	0.02123	0.03078	0.02748	0.01845	0.02720	0.01546	0.01829	0.01121	0.00820	0.00813	0.00269	0.01252	0.00640	0.00372	0.01283
5	0.01774	0.01723	0.01599	0.01681	0.05377	0.13856	0.01248	0.05384	0.02211	0.02594	0.05362	0.06730	0.27525	0.01857	0.01013	0.00307	0.00831	0.17320	0.00719	0.00890
6	0.02416	0.49308	0.03819	0.01604	0.02271	0.10014	0.01475	0.06215	0.07607	0.02423	0.01842	0.01949	0.04126	0.00888	0.00655	0.00210	0.00960	0.00606	0.00478	0.01135
7	0.01508	0.01234	0.01632	0.01403	0.01801	0.01201	0.01110	0.01844	0.01563	0.02359	0.01958	0.02695	0.01768	0.03902	0.36291	0.00835	0.05035	0.00757	0.00483	0.30622
8	0.05260	0.01053	0.01363	0.05442	0.01750	0.01079	0.01018	0.01841	0.01844	0.09408	0.12759	0.20647	0.12673	0.06979	0.09504	0.00483	0.03788	0.01516	0.00740	0.00852
9	0.01063	0.00759	0.01012	0.01215	0.01265	0.00709	0.00810	0.01215	0.01670	0.02227	0.04808	0.68775	0.05769	0.02733	0.01113	0.00354	0.00506	0.02480	0.00810	0.00709
10	0.02334	0.02432	0.13070	0.02532	0.13904	0.02140	0.01943	0.21405	0.15870	0.03793	0.02978	0.03007	0.08453	0.01117	0.00884	0.00275	0.00914	0.00919	0.00702	0.01327
11	0.01246	0.00935	0.01402	0.01402	0.01558	0.01090	0.01090	0.01558	0.01402	0.02025	0.02336	0.03427	0.02181	0.06542	0.65888	0.01402	0.02336	0.00935	0.00467	0.00779
12	0.01895	0.07626	0.35478	0.02865	0.13576	0.02281	0.02701	0.02578	0.01739	0.02571	0.01454	0.01884	0.01163	0.00984	0.01310	0.00293	0.17322	0.00685	0.00383	0.01213
13	0.02513	0.02186	0.03258	0.04330	0.45183	0.02266	0.02365	0.20516	0.02633	0.03660	0.01779	0.02139	0.01413	0.00860	0.00866	0.00260	0.01013	0.00780	0.00567	0.01413
14	0.02986	0.23471	0.03089	0.02025	0.02562	0.47505	0.01629	0.03227	0.02266	0.02111	0.01308	0.01522	0.01122	0.00854	0.00720	0.00214	0.01385	0.00534	0.00427	0.01043
15	0.01031	0.00884	0.00884	0.00884	0.01178	0.00736	0.00663	0.01252	0.01988	0.02356	0.08837	0.08395	0.63549	0.02209	0.01031	0.00295	0.00442	0.01841	0.00810	0.00736
16	0.03258	0.04157	0.02472	0.02247	0.02697	0.65843	0.01685	0.03483	0.02472	0.02135	0.01348	0.01573	0.01124	0.00899	0.00787	0.00225	0.01573	0.00562	0.00449	0.01011
17	0.01263	0.00868	0.01066	0.01066	0.01106	0.00908	0.00672	0.01342	0.01303	0.01776	0.02643	0.05126	0.02918	0.53317	0.20121	0.00988	0.01226	0.01183	0.00513	0.00592
18	0.01887	0.01807	0.02649	0.25602	0.03647	0.02410	0.02080	0.05190	0.01625	0.02321	0.01340	0.02068	0.01169	0.01267	0.02045	0.00343	0.40386	0.00769	0.00409	0.00987
19	0.03298	0.02982	0.02572	0.02082	0.02702	0.22534	0.01667	0.42933	0.03590	0.04441	0.01860	0.01931	0.01370	0.01001	0.00846	0.00250	0.01152	0.00715	0.00740	0.01335
20	0.75506	0.01687	0.01282	0.01147	0.01687	0.01957	0.00945	0.02564	0.01484	0.03914	0.01215	0.01417	0.00945	0.00810	0.00540	0.00270	0.00675	0.00472	0.00540	0.00945
21	0.01205	0.00890	0.01125	0.01067	0.01285	0.00811	0.00800	0.01590	0.02400	0.03334	0.55610	0.06785	0.16166	0.01844	0.01029	0.00277	0.00416	0.01615	0.00939	0.00811
22	0.01063	0.00759	0.01012	0.01215	0.01265	0.00709	0.00810	0.01215	0.01670	0.02227	0.04808	0.68775	0.05769	0.02733	0.01113	0.00354	0.00506	0.02480	0.00810	0.00709
23	0.02059	0.02353	0.05147	0.03676	0.04559	0.02206	0.60735	0.02794	0.02059	0.02794	0.01765	0.02353	0.01324	0.00735	0.01029	0.00294	0.01471	0.01029	0.00441	0.01176
24	0.03316	0.02443	0.02618	0.02007	0.02705	0.02705	0.01658	0.60995	0.04101	0.05497	0.02094	0.02094	0.01483	0.01047	0.00873	0.00262	0.00960	0.00785	0.00873	0.01483
25	0.03287	0.03305	0.02544	0.02128	0.02701	0.34436	0.01672	0.32091	0.03282	0.03807	0.01719	0.01832	0.01303	0.00973	0.00829	0.00243	0.01268	0.00673	0.00660	0.01246
26	0.01246	0.00935	0.01402	0.01402	0.01558	0.01090	0.01090	0.01558	0.01402	0.02025	0.02336	0.03427	0.02181	0.06542	0.65888	0.01402	0.02336	0.00935	0.00467	0.00779
27	0.01054	0.00795	0.00975	0.01119	0.01240	0.00717	0.00767	0.01225	0.01762	0.02264	0.05974	0.51302	0.22490	0.02581	0.01090	0.00337	0.00487	0.02295	0.00810	0.00717
28	0.01268	0.00846	0.00951	0.00951	0.00951	0.00846	0.00529	0.01268	0.01268	0.01691	0.02748	0.05708	0.03171	0.69345	0.04440	0.00846	0.00846	0.01268	0.00529	0.00529
29	0.02746	0.01840	0.02060	0.01745	0.02308	0.02004	0.01387	0.10996	0.40386	0.19392	0.03356	0.03049	0.02399	0.01141	0.00883	0.00285	0.00734	0.00935	0.00935	0.01419
30	0.02853	0.03491	0.02652	0.02327	0.02681	0.46497	0.04581	0.03093	0.02159	0.02157	0.01316	0.01697	0.01139	0.01053	0.01333	0.00269	0.18630	0.00636	0.00432	0.01004
31	0.02196	0.55460	0.11503	0.08043	0.02789	0.03135	0.01788	0.02592	0.01778	0.02153	0.01287	0.01542	0.01122	0.00768	0.00622	0.00207	0.00997	0.00518	0.00374	0.01125
32	0.02995	0.10043	0.02925	0.02613	0.13095	0.25878	0.01825	0.23820	0.02899	0.03451	0.01651	0.01841	0.01296	0.00915	0.00807	0.00240	0.01195	0.00669	0.00590	0.01255
33	0.01061	0.00767	0.01004	0.01194	0.01260	0.00710	0.00800	0.01217	0.01690	0.02235	0.05064	0.64931	0.09448	0.02699	0.01108	0.00350	0.00502	0.02439	0.00810	0.00710
34	0.01162	0.00854	0.01146	0.01291	0.01418	0.00838	0.00965	0.01400	0.01730	0.02286	0.04794	0.38673	0.11418	0.03257	0.12175	0.00536	0.00873	0.13690	0.00750	0.00743
35	0.01063	0.00759	0.01012	0.01215	0.01265	0.00709	0.00810	0.01215	0.01670	0.02227	0.04808	0.68775	0.05769	0.02733	0.01113	0.00354	0.00506	0.02480	0.00810	0.00709
36	0.75506	0.01687	0.01282	0.01147	0.01687	0.01957	0.00945	0.02564	0.01484	0.03914	0.01215	0.01417	0.00945	0.00810	0.00540	0.00270	0.00675	0.00472	0.00540	0.00945
37	0.03234	0.02364	0.02530	0.01949	0.02623	0.02613	0.01607	0.58123	0.03991	0.05388	0.02131	0.02151	0.01520	0.01046	0.00860	0.00259	0.00933	0.00787	0.04443	0.01451
38	0.01415	0.00943	0.01157	0.01073	0.01349	0.00838	0.00815	0.01761	0.02324	0.08682	0.41211	0.06772	0.24687	0.01850	0.01016	0.00280	0.00451	0.01595	0.00925	0.00856
39	0.01626	0.00813	0.00813	0.00813	0.01016	0.00813	0.00610	0.02033	0.01829	0.03252	0.02846	0.03252	0.02236	0.01016	0.00610	0.00203	0.00407	0.00813	0.74187	0.00813
40	0.01235	0.00892	0.01166	0.01097	0.01303	0.00823	0.00823	0.01646	0.02469	0.03498	0.63443	0.06516	0.08230	0.01783	0.01029	0.00274	0.00412	0.01578	0.00960	0.00823
41	0.03218	0.07060	0.02565	0.02214	0.02676	0.63087	0.01677	0.03445	0.02441	0.02131	0.01342	0.01565	0.01123	0.00892	0.00776	0.00223	0.01545	0.00558	0.00446	0.01016
42	0.75506	0.01687	0.01282	0.01147	0.01687	0.01957	0.00945	0.02564	0.01484	0.03914	0.01215	0.01417	0.00945	0.00810	0.00540	0.00270	0.00675	0.00472	0.00540	0.00945
43	0.01216	0.00824	0.00967	0.01019	0.01031	0.00811	0.00600	0.01255	0.01371	0.01828	0.03274	0.21803	0.03834	0.52345	0.03591	0.00720	0.00759	0.01578	0.00600	0.00574
44	0.01548	0.01378	0.01980	0.01806	0.01891	0.01811	0.01463	0.01804	0.01372	0.02059	0.01794	0.02735	0.01709	0.04258	0.37186	0.00937	0.32125	0.00857	0.00428	0.00859
45	0.01074	0.00768	0.01022	0.01207	0.01268	0.00716	0.00811	0.01242	0.01721	0.02308	0.08541	0.64811	0.05926	0.02672	0.01108	0.00349	0.00500	0.02422	0.00819	0.00716
46	0.03380	0.02229	0.02472	0.01907	0.02591	0.02401	0.01571	0.47267	0.06471	0.16986	0.02426	0.02319	0.01670	0.01060	0.00874	0.00265	0.00905	0.00813	0.00914	0.01479
47	0.02510	0.28740	0.03361	0.01939	0.02401	0.15689	0.01673	0.09505	0.02059	0.02488	0.01324	0.01666	0.01171	0.01042	0.01319	0.00260	0.20703	0.00610	0.00450	0.01092
48	0.01154	0.00859	0.01074	0.01083	0.01270	0.00779	0.00788	0.01467	0.02187	0.02975	0.38926	0.21473	0.18575	0.02090	0.01049	0.00297	0.00440	0.01841	0.00895	0.00779
49	0.02260	0.02290	0.03360	0.08561	0.53288	0.09639	0.02545	0.02747	0.02030	0.02729	0.01601	0.02099	0.01338	0.00797	0.00855	0.00257	0.01107	0.00752	0.00431	0.01314
50	0.05334	0.34772	0.26456	0.02301	0.10104	0.02697	0.02245	0.02673	0.01811	0.02490	0.01393	0.01653	0.01138	0.00783	0.00694	0.00232	0.01065	0.00569	0.00386	0.01205
51	0.61515	0.02069	0.09457	0.01584	0.05912	0.01973	0.01343	0.02596	0.01562	0.03700	0.01286	0.01518	0.00993	0.00810	0.00597	0.00270	0.00775	0.00514	0.00511	0.01016
52	0.02698	0.06071	0.02375	0.01921	0.02468	0.16511	0.01521	0.17926	0.31763	0.03677	0.02586	0.02503	0.01955	0.01064	0.00844	0.00266	0.00964	0.00816	0.00760	0.01310
53	0.01641	0.01543	0.02089	0.01872	0.02029	0.05810	0.04339	0.01927	0.01480	0.02095	0.01837	0.02736	0.01716	0.04179	0.36963	0.00923	0.24656	0.00857	0.00436	0.00873
54	0.02197	0.20233	0.17864	0.02126	0.02695	0.12919	0.02078	0.02611	0.01751	0.02250	0.01295	0.01708	0.01126	0.01061	0.01457	0.00282	0.24250	0.00627	0.00387	0.01085
55	0.01794	0.01669	0.02765	0.03701	0.35648	0.01721	0.05031	0.02179	0.01830	0.02583	0.02567	0.22522	0.02698	0.01447	0.01144	0.00302	0.07423	0.01310	0.00543	0.01123
56	0.01096	0.00836	0.01014	0.01127	0.01289	0.00755	0.00816	0.01313	0.01868	0.02392	0.09969	0.37362	0.26603	0.02453	0.01087	0.00332	0.00506	0.07627	0.00819	0.00735
57	0.01212	0.00835	0.00971	0.01005	0.01046	0.00811	0.00607	0.01279	0.01461	0.01941	0.07048	0.17817	0.07970	0.48422	0.03389	0.00683	0.00730	0.01553	0.00625	0.00593
58	0.03074	0.02160	0.13102	0.01996	0.02774	0.01646	0.08689	0.03879	0.10915	0.37913	0.02938	0.02744	0.01952	0.01011	0.00888	0.00278	0.00915	0.00871	0.00855	0.01400
59	0.02170	0.01874	0.01972	0.01775	0.02268	0.02170	0.01381	0.04635	0.62327	0.03649	0.03550	0.03254	0.02663	0.01183	0.00888	0.00296	0.00690	0.00986	0.00888	0.01381
60	0.02315	0.01901	0.02411	0.02448	0.16472	0.01828	0.01594	0.20711	0.02561	0.03639	0.01949	0.06243	0.01658	0.00935	0.00797	0.00215	0.00826	0.00786	0.00628	0.30084
61	0.02257	0.44326	0.07054	0.02181	0.12747	0.06497	0.01710	0.02625	0.01859	0.02348	0.01472	0.01743	0.01273	0.00791	0.00644	0.00207	0.00955	0.00568	0.07608	0.01137
62	0.06021	0.04348	0.61145	0.02409	0.03654	0.02022	0.03091	0.02751	0.01821	0.02829	0.01545	0.01817	0.01096	0.00828	0.00812	0.00276	0.01254	0.00635	0.00378	0.01269
63	0.01986	0.02236	0.10596	0.20006	0.42737	0.02034	0.02680	0.02579	0.01910	0.02689	0.01610	0.02162	0.01296	0.00806	0.00861	0.00269	0.01097	0.00761	0.00414	0.01271
64	0.03073	0.17332	0.02893	0.02096	0.02605	0.53334	0.01647	0.03308	0.02332	0.02118	0.01321	0.01538	0.01123	0.00868	0.00741	0.00217	0.01445	0.00543	0.00434	0.01033
65	0.03129	0.03968	0.02380	0.02168	0.02609	0.62072	0.01626	0.03354	0.02444	0.02148	0.01782	0.01968	0.04739	0.00975	0.00801	0.00229	0.01508	0.00636	0.00470	0.00995
66	0.03316	0.02443	0.02618	0.02007	0.02705	0.02705	0.01658	0.60995	0.04101	0.05497	0.02094	0.02094	0.01483	0.01047	0.00873	0.00262	0.00960	0.00785	0.00873	0.01483
67	0.75506	0.01687	0.01282	0.01147	0.01687	0.01957	0.00945	0.02564	0.01484	0.03914	0.01215	0.01417	0.00945	0.00810	0.00540	0.00270	0.00675	0.00472	0.00540	0.00945
68	0.01063	0.00759	0.01012	0.01215	0.01265	0.00709	0.00810	0.01215	0.01670	0.02227	0.04808	0.68775	0.05769	0.02733	0.01113	0.00354	0.00506	0.02480	0.00810	0.00709
69	0.03316	0.02443	0.02618	0.02007	0.02705	0.02705	0.01658	0.60995	0.04101	0.05497	0.02094	0.02094	0.01483	0.01047	0.00873	0.00262	0.00960	0.00785	0.00873	0.01483
70	0.01268	0.00846	0.00951	0.00951	0.00951	0.00846	0.00529	0.01268	0.01268	0.01691	0.02748	0.05708	0.03171	0.69345	0.04440	0.00846	0.00846	0.01268	0.00529	0.00529
71	0.02107	0.44562	0.27902	0.01877	0.02834	0.02899	0.02163	0.02670	0.01799	0.02327	0.01349	0.01571	0.01114	0.00778	0.00664	0.00221	0.01071	0.00535	0.00371	0.01185
72	0.03778	0.01563	0.02056	0.01591	0.02257	0.01416	0.01310	0.07560	0.06047	0.57573	0.03370	0.02935	0.02149	0.01084	0.00878	0.00271	0.00752	0.00878	0.01057	0.01478
73	0.01204	0.00819	0.00970	0.01034	0.01050	0.00803	0.00617	0.01252	0.01394	0.01859	0.03393	0.25456	0.03985	0.48487	0.03398	0.00692	0.00739	0.01648	0.00617	0.00585
74	0.02231	0.49794	0.19839	0.01785	0.02655	0.06312	0.01944	0.02695	0.01826	0.02238	0.01310	0.01521	0.01116	0.00775	0.00640	0.00211	0.01057	0.00517	0.00376	0.01157
75	0.22004	0.03442	0.05008	0.01959	0.02483	0.43040	0.01561	0.06184	0.02270	0.02800	0.01362	0.01572	0.01095	0.00880	0.00729	0.00241	0.01295	0.00554	0.00491	0.01031
76	0.02439	0.02162	0.03317	0.04543	0.49079	0.02226	0.02430	0.16803	0.02499	0.03491	0.01751	0.02143	0.01406	0.00843	0.00866	0.00260	0.01018	0.00779	0.00539	0.01406
77	0.01919	0.01541	0.01767	0.01374	0.02026	0.01338	0.01087	0.02733	0.14600	0.06245	0.06039	0.02800	0.05386	0.00932	0.00752	0.00189	0.00636	0.00767	0.00666	0.47204
78	0.02026	0.27047	0.40895	0.02131	0.03191	0.05730	0.02548	0.02747	0.01849	0.02486	0.01433	0.01675	0.01111	0.00804	0.00734	0.00243	0.01180	0.00579	0.00374	0.01217
79	0.02276	0.02033	0.03440	0.05101	0.59800	0.02020	0.02584	0.02782	0.02020	0.06952	0.01761	0.02213	0.01433	0.00797	0.00864	0.00260	0.01017	0.00784	0.00475	0.01389
80	0.01113	0.00893	0.00998	0.00988	0.01250	0.00777	0.00752	0.01402	0.02136	0.02719	0.25313	0.07898	0.43469	0.02090	0.01040	0.00294	0.00452	0.04793	0.00856	0.00766
81	0.01551	0.00815	0.00841	0.00850	0.01018	0.00813	0.00607	0.01889	0.01744	0.02988	0.02920	0.06519	0.02524	0.10637	0.01167	0.00300	0.00472	0.00951	0.60623	0.00769
82	0.01437	0.00946	0.01172	0.01083	0.01358	0.00844	0.00824	0.01790	0.02342	0.09050	0.42922	0.06683	0.22597	0.01831	0.01015	0.00279	0.00451	0.01581	0.00931	0.00863
83	0.02962	0.02267	0.02419	0.01935	0.02570	0.02540	0.01572	0.43593	0.22079	0.04927	0.02544	0.02452	0.01848	0.01089	0.00877	0.00272	0.00877	0.00847	0.00877	0.01452
84	0.01268	0.00846	0.00951	0.00951	0.00951	0.00846	0.00529	0.01268	0.01268	0.01691	0.02748	0.05708	0.03171	0.69345	0.04440	0.00846	0.00846	0.01268	0.00529	0.00529
85	0.03316	0.02443	0.02618	0.02007	0.02705	0.02705	0.01658	0.60995	0.04101	0.05497	0.02094	0.02094	0.01483	0.01047	0.00873	0.00262	0.00960	0.00785	0.00873	0.01483
86	0.03258	0.04157	0.02472	0.02247	0.02697	0.65843	0.01685	0.03483	0.02472	0.02135	0.01348	0.01573	0.01124	0.00899	0.00787	0.00225	0.01573	0.00562	0.00449	0.01011
87	0.75506	0.01687	0.01282	0.01147	0.01687	0.01957	0.00945	0.02564	0.01484	0.03914	0.01215	0.01417	0.00945	0.00810	0.00540	0.00270	0.00675	0.00472	0.00540	0.00945
88	0.02332	0.69869	0.04571	0.01493	0.02239	0.03451	0.01493	0.02612	0.01772	0.02052	0.01213	0.01399	0.01119	0.00746	0.00560	0.00187	0.00933	0.00466	0.00373	0.01119
89	0.01272	0.00938	0.01219	0.01276	0.01495	0.00885	0.01042	0.01646	0.02191	0.02925	0.29096	0.08248	0.16427	0.02122	0.01104	0.00332	0.00583	0.25533	0.00868	0.00800
90	0.02138	0.01307	0.01360	0.01175	0.01528	0.01387	0.00928	0.19914	0.02518	0.03933	0.02618	0.02901	0.02008	0.01026	0.00689	0.00221	0.00574	0.00805	0.51953	0.01016
91	0.01158	0.00824	0.01023	0.01107	0.01175	0.00807	0.00724	0.01279	0.01521	0.02017	0.04145	0.31737	0.10033	0.27817	0.10032	0.00655	0.00843	0.01785	0.00665	0.00653
92	0.01059	0.00773	0.00998	0.01178	0.01255	0.00712	0.00793	0.01219	0.01706	0.02241	0.05258	0.62028	0.12226	0.02674	0.01104	0.00348	0.00499	0.02408	0.00810	0.00712
93	0.01750	0.01275	0.01522	0.01340	0.01657	0.01293	0.01035	0.16751	0.02811	0.03889	0.42299	0.11214	0.06278	0.01684	0.00997	0.00279	0.00560	0.01460	0.00924	0.00981
94	0.02260	0.58274	0.04247	0.01629	0.02248	0.03318	0.01563	0.02524	0.01698	0.02060	0.01201	0.01486	0.01124	0.00879	0.00953	0.00220	0.12332	0.00517	0.00375	0.01091
95	0.75506	0.01687	0.01282	0.01147	0.01687	0.01957	0.00945	0.02564	0.01484	0.03914	0.01215	0.01417	0.00945	0.00810	0.00540	0.00270	0.00675	0.00472	0.00540	0.00945
96	0.02453	0.02823	0.03067	0.03279	0.21557	0.27745	0.11942	0.02854	0.02195	0.02492	0.02398	0.02696	0.08652	0.00989	0.00881	0.00255	0.01257	0.00859	0.00485	0.01120
97	0.08791	0.02349	0.13414	0.02432	0.09839	0.05071	0.11830	0.05154	0.01990	0.02981	0.01957	0.05743	0.01695	0.00963	0.00825	0.00250	0.00998	0.03605	0.03908	0.16203
98	0.01814	0.02051	0.12772	0.02184	0.09636	0.01681	0.04576	0.06478	0.16826	0.03309	0.18658	0.07046	0.06585	0.01324	0.00935	0.00283	0.00796	0.01159	0.00733	0.01154
99	0.02410	0.02687	0.03740	0.04068	0.30841	0.18386	0.19488	0.02917	0.02131	0.02651	0.01603	0.02066	0.01299	0.00796	0.00893	0.00261	0.01301	0.00796	0.00439	0.01227
100	0.01275	0.00959	0.01169	0.01281	0.01401	0.00973	0.00876	0.01804	0.11974	0.02410	0.04363	0.50549	0.04949	0.09912	0.01447	0.00399	0.00575	0.02090	0.00792	0.00803
101	0.01515	0.00758	0.01136	0.01136	0.01136	0.00758	0.00758	0.01136	0.01136	0.01515	0.01515	0.02652	0.01515	0.03030	0.03409	0.74621	0.00758	0.00758	0.00379	0.00379
102	0.02126	0.02039	0.03482	0.09295	0.60217	0.02064	0.02661	0.02648	0.01971	0.02810	0.01635	0.02170	0.01368	0.00783	0.00864	0.00261	0.01044	0.00777	0.00429	0.01355
103	0.08677	0.01498	0.01975	0.01525	0.02191	0.01327	0.01260	0.04139	0.02429	0.60476	0.03293	0.02866	0.02078	0.01062	0.00855	0.00270	0.00738	0.00850	0.01044	0.01449
104	0.01908	0.01908	0.02672	0.02290	0.02290	0.02672	0.01908	0.02099	0.01336	0.02099	0.01145	0.01908	0.01145	0.01527	0.02863	0.00382	0.67748	0.00763	0.00382	0.00954
105	0.01750	0.04512	0.64825	0.02486	0.03775	0.02026	0.03223	0.02762	0.01842	0.02762	0.01565	0.01842	0.01105	0.00829	0.00829	0.00276	0.01289	0.00645	0.00368	0.01289
106	0.01246	0.00935	0.01402	0.01402	0.01558	0.01090	0.01090	0.01558	0.01402	0.02025	0.02336	0.03427	0.02181	0.06542	0.65888	0.01402	0.02336	0.00935	0.00467	0.00779
107	0.01908	0.01908	0.02672	0.02290	0.02290	0.02672	0.01908	0.02099	0.01336	0.02099	0.01145	0.01908	0.01145	0.01527	0.02863	0.00382	0.67748	0.00763	0.00382	0.00954
108	0.01212	0.00891	0.01135	0.01074	0.01289	0.00813	0.00805	0.01602	0.02416	0.03372	0.57395	0.06724	0.14358	0.01830	0.01029	0.00277	0.00415	0.01607	0.00944	0.00813
109	0.01515	0.00758	0.01136	0.01136	0.01136	0.00758	0.00758	0.01136	0.01136	0.01515	0.01515	0.02652	0.01515	0.03030	0.03409	0.74621	0.00758	0.00758	0.00379	0.00379
110	0.02996	0.02220	0.02390	0.01913	0.02547	0.02468	0.01554	0.40822	0.21829	0.07982	0.02609	0.02494	0.01879	0.01090	0.00877	0.00273	0.00866	0.00852	0.00888	0.01452
111	0.01626	0.00813	0.00813	0.00813	0.01016	0.00813	0.00610	0.02033	0.01829	0.03252	0.02846	0.03252	0.02236	0.01016	0.00610	0.00203	0.00407	0.00813	0.74187	0.00813
112	0.02700	0.01755	0.01988	0.01707	0.02256	0.01900	0.01351	0.04518	0.44119	0.22170	0.03517	0.03168	0.02509	0.01152	0.00884	0.00288	0.00706	0.00953	0.00946	0.01412
113	0.01268	0.00846	0.00951	0.00951	0.00951	0.00846	0.00529	0.01268	0.01268	0.01691	0.02748	0.05708	0.03171	0.69345	0.04440	0.00846	0.00846	0.01268	0.00529	0.00529
114	0.03001	0.03207	0.02188	0.01963	0.02419	0.43140	0.01492	0.03595	0.11491	0.08930	0.02045	0.02137	0.01573	0.00972	0.00794	0.00238	0.01239	0.00683	0.07795	0.01097
115	0.75506	0.01687	0.01282	0.01147	0.01687	0.01957	0.00945	0.02564	0.01484	0.03914	0.01215	0.01417	0.00945	0.00810	0.00540	0.00270	0.00675	0.00472	0.00540	0.00945
116	0.03229	0.07250	0.02653	0.02105	0.02674	0.36302	0.01663	0.27057	0.03101	0.03511	0.01647	0.01777	0.01271	0.00951	0.00809	0.00238	0.01284	0.00648	0.00619	0.01211
117	0.01777	0.04350	0.60748	0.02677	0.07776	0.02029	0.03187	0.02757	0.01851	0.02768	0.01570	0.01863	0.01123	0.00825	0.00831	0.00275	0.01272	0.00653	0.00373	0.01295
118	0.03197	0.08529	0.02612	0.02197	0.02666	0.61692	0.01673	0.03425	0.02425	0.02129	0.01339	0.01561	0.01123	0.00889	0.00771	0.00222	0.01530	0.00555	0.00444	0.01018
119	0.01158	0.00889	0.01060	0.01017	0.01256	0.00791	0.00763	0.01499	0.02289	0.03071	0.43021	0.07218	0.28919	0.01943	0.01030	0.00282	0.00423	0.01676	0.00904	0.00791
120	0.01124	0.00887	0.01012	0.00981	0.01235	0.00776	0.00736	0.01431	0.02207	0.02876	0.33705	0.07539	0.38357	0.02015	0.01030	0.00285	0.00428	0.01721	0.00878	0.00776
121	0.02170	0.01874	0.01972	0.01775	0.02268	0.02170	0.01381	0.04635	0.62327	0.03649	0.03550	0.03254	0.02663	0.01183	0.00888	0.00296	0.00690	0.00986	0.00888	0.01381
122	0.02170	0.01874	0.01972	0.01775	0.02268	0.02170	0.01381	0.04635	0.62327	0.03649	0.03550	0.03254	0.02663	0.01183	0.00888	0.00296	0.00690	0.00986	0.00888	0.01381
123	0.75506	0.01687	0.01282	0.01147	0.01687	0.01957	0.00945	0.02564	0.01484	0.03914	0.01215	0.01417	0.00945	0.00810	0.00540	0.00270	0.00675	0.00472	0.00540	0.00945
124	0.03316	0.02443	0.02618	0.02007	0.02705	0.02705	0.01658	0.60995	0.04101	0.05497	0.02094	0.02094	0.01483	0.01047	0.00873	0.00262	0.00960	0.00785	0.00873	0.01483
125	0.02332	0.69869	0.04571	0.01493	0.02239	0.03451	0.01493	0.02612	0.01772	0.02052	0.01213	0.01399	0.01119	0.00746	0.00560	0.00187	0.00933	0.00466	0.00373	0.01119
126	0.02332	0.69869	0.04571	0.01493	0.02239	0.03451	0.01493	0.02612	0.01772	0.02052	0.01213	0.01399	0.01119	0.00746	0.00560	0.00187	0.00933	0.00466	0.00373	0.01119
127	0.01626	0.00813	0.00813	0.00813	0.01016	0.00813	0.00610	0.02033	0.01829	0.03252	0.02846	0.03252	0.02236	0.01016	0.00610	0.00203	0.00407	0.00813	0.74187	0.00813
128	0.03316	0.02443	0.02618	0.02007	0.02705	0.02705	0.01658	0.60995	0.04101	0.05497	0.02094	0.02094	0.01483	0.01047	0.00873	0.00262	0.00960	0.00785	0.00873	0.01483
129	0.01268	0.00846	0.00951	0.00951	0.00951	0.00846	0.00529	0.01268	0.01268	0.01691	0.02748	0.05708	0.03171	0.69345	0.04440	0.00846	0.00846	0.01268	0.00529	0.00529
130	0.02176	0.01431	0.02011	0.02324	0.17575	0.01370	0.01435	0.02765	0.08126	0.17931	0.17969	0.04546	0.13897	0.01370	0.00936	0.00275	0.00684	0.01191	0.00822	0.01166
131	0.01051	0.00884	0.00912	0.00905	0.01191	0.00745	0.00679	0.01291	0.02036	0.02470	0.14277	0.08207	0.58038	0.02167	0.01031	0.00293	0.00439	0.01815	0.00825	0.00745
132	0.01515	0.00758	0.01136	0.01136	0.01136	0.00758	0.00758	0.01136	0.01136	0.01515	0.01515	0.02652	0.01515	0.03030	0.03409	0.74621	0.00758	0.00758	0.00379	0.00379
133	0.02332	0.69869	0.04571	0.01493	0.02239	0.03451	0.01493	0.02612	0.01772	0.02052	0.01213	0.01399	0.01119	0.00746	0.00560	0.00187	0.00933	0.00466	0.00373	0.01119
134	0.01150	0.00822	0.01113	0.01315	0.01404	0.00784	0.00962	0.01366	0.01756	0.02325	0.04759	0.53735	0.05578	0.02650	0.01137	0.00366	0.00582	0.16657	0.00808	0.00733
135	0.01647	0.01550	0.02616	0.67248	0.06008	0.01938	0.02422	0.02229	0.01744	0.02229	0.01550	0.02326	0.01163	0.00872	0.00872	0.00291	0.01163	0.00775	0.00388	0.00969
136	0.02574	0.02075	0.02200	0.01857	0.02422	0.02359	0.01479	0.24531	0.41772	0.04301	0.03036	0.02845	0.02246	0.01135	0.00882	0.00284	0.00785	0.00915	0.00882	0.01417
137	0.02392	0.06473	0.02545	0.02659	0.17986	0.05387	0.01725	0.03733	0.29377	0.10220	0.02842	0.03112	0.02231	0.01095	0.00872	0.00279	0.00853	0.04168	0.00731	0.01323
138	0.02843	0.02962	0.02244	0.01998	0.02491	0.32349	0.01533	0.06835	0.27608	0.06546	0.02428	0.02383	0.01846	0.01036	0.00838	0.00259	0.01125	0.00769	0.00690	0.01216
139	0.01859	0.01078	0.01331	0.04321	0.01623	0.01081	0.00930	0.02112	0.01814	0.14420	0.04074	0.04752	0.15929	0.16418	0.05264	0.00456	0.05003	0.01154	0.15501	0.00879

[dist]
# distance from previous block
# <min> <max>
0	1

[block]
# block no. 4 follows, 20 sequences, length 113
# corresponding to MSA columns:
# 249-361
name=unknown_E
#
# <colnr> <probs for GDERKNQSTAVLIFYWHMCP>
#	G	D	E	R	K	N	Q	S	T	A	V	L	I	F	Y	W	H	M	C	P
0	0.03090	0.02275	0.02460	0.01908	0.02553	0.02501	0.01567	0.54545	0.03924	0.05280	0.08761	0.02575	0.02217	0.01127	0.00890	0.00263	0.00900	0.00871	0.00882	0.01412
1	0.02476	0.02100	0.04089	0.02991	0.03751	0.02020	0.40031	0.03212	0.06274	0.16730	0.02232	0.02530	0.01595	0.00887	0.01085	0.00294	0.04866	0.00978	0.00613	0.01248
2	0.01965	0.01927	0.03411	0.18815	0.38780	0.01985	0.10817	0.02512	0.01942	0.02674	0.02048	0.02579	0.04865	0.00874	0.00899	0.00273	0.01093	0.00873	0.00445	0.01222
3	0.03258	0.04157	0.02472	0.02247	0.02697	0.65843	0.01685	0.03483	0.02472	0.02135	0.01348	0.01573	0.01124	0.00899	0.00787	0.00225	0.01573	0.00562	0.00449	0.01011
4	0.02333	0.02461	0.02817	0.03682	0.34498	0.18014	0.02069	0.03008	0.10120	0.02730	0.02488	0.02735	0.07250	0.00995	0.00863	0.00259	0.01070	0.00849	0.00532	0.01228
5	0.01951	0.01861	0.03165	0.30475	0.40405	0.02018	0.02574	0.02495	0.01888	0.02598	0.01604	0.02227	0.01293	0.00816	0.00867	0.00272	0.01088	0.00776	0.00414	0.01214
6	0.03316	0.02443	0.02618	0.02007	0.02705	0.02705	0.01658	0.60995	0.04101	0.05497	0.02094	0.02094	0.01483	0.01047	0.00873	0.00262	0.00960	0.00785	0.00873	0.01483
7	0.01908	0.01908	0.02672	0.02290	0.02290	0.02672	0.01908	0.02099	0.01336	0.02099	0.01145	0.01908	0.01145	0.01527	0.02863	0.00382	0.67748	0.00763	0.00382	0.00954
8	0.02903	0.02230	0.02388	0.01901	0.02544	0.02467	0.01544	0.41546	0.20758	0.04820	0.02484	0.02413	0.01813	0.01065	0.00865	0.00264	0.00865	0.00829	0.00858	0.05444
9	0.02059	0.02353	0.05147	0.03676	0.04559	0.02206	0.60735	0.02794	0.02059	0.02794	0.01765	0.02353	0.01324	0.00735	0.01029	0.00294	0.01471	0.01029	0.00441	0.01176
10	0.75506	0.01687	0.01282	0.01147	0.01687	0.01957	0.00945	0.02564	0.01484	0.03914	0.01215	0.01417	0.00945	0.00810	0.00540	0.00270	0.00675	0.00472	0.00540	0.00945
11	0.01196	0.00890	0.01112	0.01057	0.01279	0.00806	0.00792	0.01571	0.02377	0.03280	0.53012	0.06875	0.18798	0.01865	0.01029	0.00278	0.00417	0.01628	0.00932	0.00806
12	0.02170	0.01874	0.01972	0.01775	0.02268	0.02170	0.01381	0.04635	0.62327	0.03649	0.03550	0.03254	0.02663	0.01183	0.00888	0.00296	0.00690	0.00986	0.00888	0.01381
13	0.02924	0.01384	0.01792	0.01444	0.01960	0.01278	0.01164	0.09518	0.02662	0.37030	0.24011	0.04098	0.04182	0.01319	0.00929	0.00271	0.00652	0.01109	0.01016	0.01256
14	0.01224	0.00891	0.01151	0.01086	0.01297	0.00819	0.00815	0.01626	0.02444	0.03439	0.60605	0.06613	0.11106	0.01805	0.01029	0.00275	0.00413	0.01591	0.00952	0.00819
15	0.02223	0.02194	0.03478	0.05173	0.60329	0.05796	0.02619	0.02724	0.02015	0.02808	0.01624	0.02125	0.01367	0.00784	0.00859	0.00257	0.01068	0.00765	0.00433	0.01360
16	0.01268	0.00846	0.00951	0.00951	0.00951	0.00846	0.00529	0.01268	0.01268	0.01691	0.02748	0.05708	0.03171	0.69345	0.04440	0.00846	0.00846	0.01268	0.00529	0.00529
17	0.01949	0.26882	0.44201	0.02146	0.03249	0.02514	0.02631	0.02711	0.01818	0.02519	0.01445	0.01690	0.01110	0.00801	0.00737	0.00246	0.01167	0.00584	0.00370	0.01231
18	0.05928	0.06210	0.02367	0.05064	0.05446	0.14415	0.01500	0.22837	0.02732	0.03593	0.02163	0.02322	0.04983	0.00975	0.00784	0.00231	0.00971	0.00731	0.04456	0.12292
19	0.01310	0.00976	0.01239	0.04919	0.01453	0.01058	0.00844	0.01416	0.01451	0.01973	0.06473	0.17627	0.03666	0.41718	0.03227	0.00638	0.07327	0.01448	0.00587	0.00648
20	0.03001	0.02644	0.02587	0.13891	0.03302	0.15932	0.01802	0.38161	0.03329	0.04193	0.01838	0.02026	0.01349	0.00984	0.00854	0.00259	0.01126	0.00736	0.00695	0.01290
21	0.13121	0.02645	0.15214	0.06313	0.06337	0.05901	0.22343	0.02650	0.01823	0.02783	0.01506	0.01989	0.01179	0.00905	0.01169	0.00295	0.11502	0.00778	0.00430	0.01117
22	0.01660	0.01631	0.05034	0.08282	0.02647	0.01683	0.09254	0.02556	0.16966	0.02669	0.03197	0.26193	0.03200	0.01671	0.01214	0.00325	0.08666	0.01463	0.00670	0.01020
23	0.01060	0.00771	0.01000	0.01182	0.01257	0.00711	0.00795	0.01218	0.01701	0.02239	0.05199	0.62907	0.11385	0.02682	0.01105	0.00348	0.00500	0.02418	0.00810	0.00711
24	0.01246	0.00935	0.01402	0.01402	0.01558	0.01090	0.01090	0.01558	0.01402	0.02025	0.02336	0.03427	0.02181	0.06542	0.65888	0.01402	0.02336	0.00935	0.00467	0.00779
25	0.02170	0.01874	0.01972	0.01775	0.02268	0.02170	0.01381	0.04635	0.62327	0.03649	0.03550	0.03254	0.02663	0.01183	0.00888	0.00296	0.00690	0.00986	0.00888	0.01381
26	0.34652	0.01571	0.01706	0.01378	0.01995	0.01572	0.01137	0.03527	0.02062	0.38492	0.02485	0.02303	0.01638	0.00964	0.00732	0.00270	0.00713	0.00703	0.00848	0.01253
27	0.03316	0.02443	0.02618	0.02007	0.02705	0.02705	0.01658	0.60995	0.04101	0.05497	0.02094	0.02094	0.01483	0.01047	0.00873	0.00262	0.00960	0.00785	0.00873	0.01483
28	0.01246	0.00935	0.01402	0.01402	0.01558	0.01090	0.01090	0.01558	0.01402	0.02025	0.02336	0.03427	0.02181	0.06542	0.65888	0.01402	0.02336	0.00935	0.00467	0.00779
29	0.02332	0.69869	0.04571	0.01493	0.02239	0.03451	0.01493	0.02612	0.01772	0.02052	0.01213	0.01399	0.01119	0.00746	0.00560	0.00187	0.00933	0.00466	0.00373	0.01119
30	0.03258	0.04157	0.02472	0.02247	0.02697	0.65843	0.01685	0.03483	0.02472	0.02135	0.01348	0.01573	0.01124	0.00899	0.00787	0.00225	0.01573	0.00562	0.00449	0.01011
31	0.02292	0.02392	0.03197	0.14108	0.43468	0.14234	0.02449	0.02763	0.02042	0.02619	0.01571	0.02072	0.01299	0.00815	0.00850	0.00257	0.01158	0.00736	0.00428	0.01249
32	0.01031	0.00884	0.00884	0.00884	0.01178	0.00736	0.00663	0.01252	0.01988	0.02356	0.08837	0.08395	0.63549	0.02209	0.01031	0.00295	0.00442	0.01841	0.00810	0.00736
