[name]
unknown

[dist]
# distance from previous block
# <min> <max>
0	3

[block]
# block no. 0 follows, 22 sequences, length 114
# corresponding to MSA columns:
# 3-116
name=unknown_A
#
# <colnr> <probs for GDERKNQSTAVLIFYWHMCP>
#	G	D	E	R	K	N	Q	S	T	A	V	L	I	F	Y	W	H	M	C	P
0	0.02003	0.02036	0.14089	0.01708	0.02211	0.08672	0.01624	0.02557	0.04819	0.12954	0.09603	0.05350	0.03424	0.01524	0.00952	0.00303	0.00883	0.23570	0.00709	0.01008
1	0.02158	0.02473	0.02168	0.22568	0.07165	0.30389	0.01692	0.02493	0.02024	0.02143	0.02733	0.03003	0.13455	0.01081	0.00823	0.00248	0.01139	0.00845	0.00475	0.00922
2	0.02126	0.02277	0.02218	0.01902	0.02207	0.23136	0.06189	0.05875	0.02168	0.02665	0.21209	0.03123	0.03217	0.01249	0.01291	0.00270	0.16429	0.00927	0.00588	0.00933
3	0.01818	0.01818	0.02545	0.02181	0.02181	0.02545	0.01818	0.01999	0.01272	0.01999	0.01091	0.01818	0.01091	0.01454	0.02726	0.00364	0.69284	0.00727	0.00364	0.00909
4	0.01723	0.01477	0.01723	0.01230	0.01969	0.01107	0.00984	0.02092	0.01723	0.02707	0.01477	0.01723	0.01230	0.00615	0.00615	0.00123	0.00615	0.00492	0.00492	0.75883
5	0.01164	0.00849	0.01095	0.01033	0.01234	0.00779	0.00775	0.01546	0.02325	0.03267	0.61831	0.06311	0.11231	0.01722	0.00980	0.00262	0.00394	0.01517	0.00906	0.00779
6	0.01001	0.00769	0.00917	0.01036	0.01173	0.00685	0.00717	0.01170	0.01707	0.02168	0.06053	0.46346	0.28460	0.02411	0.01030	0.00316	0.00458	0.02128	0.00771	0.00685
7	0.03127	0.03258	0.02414	0.02042	0.02572	0.39600	0.01594	0.28885	0.03021	0.03408	0.01589	0.01711	0.01217	0.00917	0.00784	0.00229	0.01247	0.00626	0.00601	0.01156
8	0.00982	0.00842	0.00842	0.00842	0.01122	0.00701	0.00631	0.01192	0.01894	0.02244	0.08416	0.07995	0.65285	0.02104	0.00982	0.00281	0.00421	0.01753	0.00771	0.00701
9	0.01053	0.00740	0.00952	0.01105	0.01143	0.00702	0.00715	0.01167	0.01511	0.02015	0.04171	0.56777	0.04980	0.16790	0.01719	0.00435	0.00549	0.02122	0.00715	0.00639
10	0.19911	0.00984	0.01007	0.01044	0.01256	0.00999	0.00745	0.01516	0.01607	0.02560	0.07986	0.29467	0.15708	0.10048	0.01278	0.00357	0.00543	0.01578	0.00684	0.00722
11	0.03129	0.03206	0.02418	0.02035	0.02572	0.37531	0.01593	0.30783	0.03070	0.03511	0.01612	0.01727	0.01228	0.00921	0.00787	0.00230	0.01229	0.00633	0.00614	0.01171
12	0.02056	0.01974	0.03372	0.05099	0.65622	0.01974	0.02550	0.02550	0.01892	0.02714	0.01563	0.02056	0.01316	0.00740	0.00822	0.00247	0.00987	0.00740	0.00411	0.01316
13	0.01187	0.00890	0.01335	0.01335	0.01483	0.01038	0.01038	0.01483	0.01335	0.01928	0.02225	0.03264	0.02077	0.06231	0.67512	0.01335	0.02225	0.00890	0.00445	0.00742
14	0.01982	0.01974	0.03592	0.11907	0.46161	0.01986	0.15015	0.02525	0.01880	0.02637	0.01578	0.02112	0.01281	0.00742	0.00856	0.00257	0.01086	0.00790	0.00408	0.01231
15	0.17865	0.13848	0.02297	0.01509	0.02105	0.10092	0.01257	0.16346	0.02209	0.03243	0.01497	0.01709	0.01209	0.01129	0.04791	0.00276	0.00944	0.00564	0.00541	0.16570
16	0.01093	0.00764	0.00933	0.01034	0.01074	0.00732	0.00650	0.01180	0.01445	0.01911	0.03954	0.39469	0.07657	0.31456	0.02398	0.00533	0.00616	0.01841	0.00658	0.00604
17	0.01454	0.01283	0.01847	0.01693	0.01779	0.01676	0.01368	0.01702	0.01309	0.01958	0.01745	0.02651	0.01659	0.04208	0.40079	0.00924	0.30621	0.00821	0.00411	0.00812
18	0.02211	0.20950	0.23053	0.02642	0.15893	0.16952	0.02210	0.02731	0.01900	0.02341	0.01373	0.01651	0.01115	0.00774	0.00721	0.00227	0.01151	0.00579	0.00382	0.01145
19	0.02533	0.02832	0.02395	0.02670	0.16514	0.35835	0.01763	0.06673	0.02266	0.02479	0.01992	0.03170	0.01861	0.01116	0.00847	0.00256	0.01205	0.12045	0.00515	0.01033
20	0.01012	0.00723	0.00964	0.01157	0.01205	0.00675	0.00771	0.01157	0.01591	0.02121	0.04579	0.70262	0.05495	0.02603	0.01060	0.00337	0.00482	0.02362	0.00771	0.00675
21	0.02642	0.02009	0.02185	0.01664	0.02324	0.02071	0.01362	0.42980	0.03205	0.04381	0.02273	0.02310	0.05479	0.00969	0.00784	0.00218	0.00804	0.00746	0.00739	0.20856
22	0.02762	0.02665	0.02157	0.01970	0.05919	0.28320	0.01454	0.23664	0.02748	0.03389	0.01821	0.02010	0.01407	0.00920	0.00749	0.00224	0.01052	0.00667	0.14999	0.01103
23	0.02119	0.02199	0.02973	0.20469	0.39579	0.13474	0.02323	0.02578	0.01916	0.02447	0.01492	0.01997	0.01221	0.00783	0.00812	0.00248	0.01107	0.00704	0.00404	0.01156
24	0.02009	0.01703	0.01804	0.01625	0.02072	0.01941	0.01261	0.07438	0.53598	0.03432	0.03662	0.06930	0.06335	0.01256	0.00864	0.00283	0.00649	0.01053	0.00836	0.01250
25	0.01818	0.01818	0.02545	0.02181	0.02181	0.02545	0.01818	0.01999	0.01272	0.01999	0.01091	0.01818	0.01091	0.01454	0.02726	0.00364	0.69284	0.00727	0.00364	0.00909
26	0.00994	0.00842	0.00858	0.00854	0.01129	0.00706	0.00641	0.01215	0.01922	0.02312	0.11932	0.07884	0.61726	0.02079	0.00982	0.00279	0.00419	0.01738	0.00780	0.00706
27	0.00987	0.00821	0.00863	0.00896	0.01137	0.00697	0.00656	0.01186	0.01841	0.02223	0.07748	0.18831	0.54880	0.02191	0.00995	0.00290	0.00431	0.01859	0.00771	0.00697
28	0.01012	0.00723	0.00964	0.01157	0.01205	0.00675	0.00771	0.01157	0.01591	0.02121	0.04579	0.70262	0.05495	0.02603	0.01060	0.00337	0.00482	0.02362	0.00771	0.00675
29	0.01012	0.00723	0.00964	0.01157	0.01205	0.00675	0.00771	0.01157	0.01591	0.02121	0.04579	0.70262	0.05495	0.02603	0.01060	0.00337	0.00482	0.02362	0.00771	0.00675
30	0.01723	0.01477	0.01723	0.01230	0.01969	0.01107	0.00984	0.02092	0.01723	0.02707	0.01477	0.01723	0.01230	0.00615	0.00615	0.00123	0.00615	0.00492	0.00492	0.75883
31	0.01666	0.04297	0.66500	0.02368	0.03596	0.01929	0.03069	0.02631	0.01754	0.02631	0.01491	0.01754	0.01052	0.00789	0.00789	0.00263	0.01228	0.00614	0.00351	0.01228
32	0.03351	0.01747	0.02107	0.01626	0.02252	0.01738	0.01339	0.27454	0.02988	0.38138	0.06353	0.02690	0.02134	0.01055	0.00842	0.00254	0.00772	0.00839	0.00943	0.01377
33	0.02083	0.02118	0.03645	0.04635	0.50071	0.04913	0.15000	0.02607	0.01927	0.02673	0.01575	0.02070	0.01293	0.00737	0.00852	0.00252	0.01096	0.00781	0.00414	0.01260
34	0.02104	0.01749	0.01884	0.01697	0.02156	0.01994	0.01347	0.10650	0.50128	0.03557	0.03344	0.03706	0.02672	0.01249	0.00879	0.00290	0.00699	0.07800	0.00834	0.01262
35	0.01012	0.00723	0.00964	0.01157	0.01205	0.00675	0.00771	0.01157	0.01591	0.02121	0.04579	0.70262	0.05495	0.02603	0.01060	0.00337	0.00482	0.02362	0.00771	0.00675
36	0.01072	0.00768	0.01022	0.01151	0.01244	0.00718	0.00807	0.01292	0.01799	0.02444	0.19685	0.50754	0.06038	0.02359	0.01045	0.00321	0.00476	0.05491	0.00807	0.00707
37	0.03103	0.03959	0.02354	0.02140	0.02568	0.67469	0.01605	0.03317	0.02354	0.02033	0.01284	0.01498	0.01070	0.00856	0.00749	0.00214	0.01498	0.00535	0.00428	0.00963
38	0.01481	0.01159	0.01279	0.01185	0.01516	0.01168	0.00908	0.02407	0.21354	0.05488	0.21747	0.05791	0.27979	0.01649	0.00933	0.00275	0.00498	0.01397	0.00843	0.00942
39	0.02813	0.16289	0.02929	0.04986	0.02729	0.31668	0.05131	0.18425	0.02573	0.02885	0.01474	0.01669	0.01170	0.00854	0.00746	0.00223	0.01207	0.00607	0.00515	0.01106
40	0.00982	0.00842	0.00842	0.00842	0.01122	0.00701	0.00631	0.01192	0.01894	0.02244	0.08416	0.07995	0.65285	0.02104	0.00982	0.00281	0.00421	0.01753	0.00771	0.00701
41	0.02574	0.44334	0.03553	0.01709	0.02307	0.28991	0.01495	0.02820	0.01955	0.01986	0.01207	0.01399	0.01068	0.00769	0.00620	0.00192	0.01133	0.00481	0.00384	0.01025
42	0.01017	0.00793	0.00924	0.00997	0.01171	0.00700	0.00708	0.01221	0.01820	0.02319	0.13422	0.33828	0.33589	0.02265	0.01014	0.00302	0.00443	0.01979	0.00788	0.00700
43	0.02062	0.32606	0.33020	0.01942	0.02861	0.09849	0.02208	0.02647	0.01793	0.02278	0.01326	0.01547	0.01060	0.00764	0.00676	0.00221	0.01114	0.00533	0.00361	0.01130
44	0.01208	0.00805	0.00906	0.00906	0.00906	0.00805	0.00503	0.01208	0.01208	0.01611	0.02618	0.05436	0.03020	0.70804	0.04228	0.00805	0.00805	0.01208	0.00503	0.00503
45	0.01079	0.00867	0.00980	0.01040	0.01287	0.00769	0.00827	0.01333	0.01886	0.02304	0.07173	0.11003	0.46476	0.02176	0.01030	0.00310	0.00516	0.17456	0.00770	0.00717
46	0.02056	0.01974	0.03372	0.05099	0.65622	0.01974	0.02550	0.02550	0.01892	0.02714	0.01563	0.02056	0.01316	0.00740	0.00822	0.00247	0.00987	0.00740	0.00411	0.01316
47	0.01933	0.01848	0.03150	0.21185	0.50498	0.01941	0.02488	0.02442	0.01833	0.02565	0.01541	0.02096	0.01263	0.00763	0.00824	0.00254	0.01017	0.00740	0.00401	0.01217
48	0.02032	0.01975	0.02313	0.01992	0.02113	0.09617	0.01632	0.06764	0.01648	0.02377	0.01370	0.01944	0.01234	0.01296	0.02111	0.00318	0.48467	0.00713	0.09147	0.00937
49	0.00986	0.00827	0.00857	0.00881	0.01132	0.00698	0.00649	0.01188	0.01856	0.02229	0.07935	0.15797	0.57794	0.02166	0.00992	0.00288	0.00428	0.01830	0.00771	0.00698
50	0.01314	0.00796	0.00865	0.00865	0.00925	0.00796	0.00527	0.01435	0.01374	0.02074	0.02646	0.04708	0.02743	0.49059	0.03093	0.00615	0.00675	0.01073	0.23829	0.00588
51	0.01285	0.00853	0.01127	0.05435	0.01488	0.00918	0.00876	0.01562	0.01509	0.02282	0.02815	0.16285	0.02793	0.10893	0.23897	0.00684	0.01125	0.01166	0.22283	0.00723
52	0.02056	0.01974	0.03372	0.05099	0.65622	0.01974	0.02550	0.02550	0.01892	0.02714	0.01563	0.02056	0.01316	0.00740	0.00822	0.00247	0.00987	0.00740	0.00411	0.01316
53	0.18364	0.02094	0.02136	0.01680	0.02288	0.02331	0.01384	0.47015	0.03271	0.04807	0.01859	0.01920	0.01345	0.00949	0.00752	0.00248	0.00829	0.00687	0.04769	0.01272
54	0.01798	0.01747	0.02374	0.01983	0.02137	0.02246	0.01644	0.02019	0.01366	0.02147	0.01171	0.01798	0.01120	0.01280	0.02287	0.00313	0.54999	0.00678	0.00390	0.16505
55	0.01483	0.01017	0.01258	0.01295	0.01471	0.01012	0.00924	0.11449	0.02006	0.05404	0.04097	0.56097	0.04673	0.02270	0.01013	0.00319	0.00563	0.02030	0.00792	0.00828
56	0.02012	0.02234	0.10447	0.04793	0.58671	0.01969	0.02608	0.02559	0.01876	0.02705	0.01555	0.02022	0.01286	0.00746	0.00819	0.00249	0.01014	0.00726	0.00404	0.01306
57	0.02751	0.21651	0.03000	0.02281	0.09519	0.43056	0.01662	0.03011	0.02125	0.02089	0.01281	0.01517	0.01097	0.00804	0.00700	0.00208	0.01279	0.00534	0.00407	0.01030
58	0.01042	0.00844	0.00925	0.00905	0.01159	0.00727	0.00679	0.01309	0.02036	0.02583	0.26092	0.07438	0.47398	0.01978	0.00981	0.00275	0.00412	0.01675	0.00816	0.00727
59	0.01187	0.00890	0.01335	0.01335	0.01483	0.01038	0.01038	0.01483	0.01335	0.01928	0.02225	0.03264	0.02077	0.06231	0.67512	0.01335	0.02225	0.00890	0.00445	0.00742
60	0.01027	0.00843	0.00904	0.00889	0.01150	0.00721	0.00667	0.01280	0.02000	0.02497	0.21620	0.07579	0.51923	0.02010	0.00981	0.00276	0.00414	0.01695	0.00805	0.00721
61	0.03103	0.03959	0.02354	0.02140	0.02568	0.67469	0.01605	0.03317	0.02354	0.02033	0.01284	0.01498	0.01070	0.00856	0.00749	0.00214	0.01498	0.00535	0.00428	0.00963
62	0.01012	0.00723	0.00964	0.01157	0.01205	0.00675	0.00771	0.01157	0.01591	0.02121	0.04579	0.70262	0.05495	0.02603	0.01060	0.00337	0.00482	0.02362	0.00771	0.00675
63	0.01892	0.01025	0.01269	0.01190	0.01426	0.01027	0.00892	0.04664	0.01855	0.15780	0.03292	0.24786	0.03158	0.05592	0.01149	0.00302	0.04968	0.01322	0.23517	0.00894
64	0.25403	0.49602	0.03378	0.01319	0.01969	0.02844	0.01259	0.02473	0.01603	0.02507	0.01155	0.01338	0.01014	0.00730	0.00527	0.00202	0.00812	0.00446	0.00405	0.01014
65	0.01900	0.02669	0.17716	0.03266	0.04187	0.02065	0.50220	0.02655	0.01918	0.02655	0.01641	0.02140	0.01217	0.00719	0.00941	0.00277	0.01365	0.00904	0.00406	0.01143
66	0.01985	0.01195	0.01240	0.01083	0.01404	0.01263	0.00851	0.18458	0.02329	0.03677	0.02516	0.02798	0.01935	0.00976	0.00649	0.00209	0.00530	0.00767	0.55186	0.00947
67	0.00982	0.00842	0.00842	0.00842	0.01122	0.00701	0.00631	0.01192	0.01894	0.02244	0.08416	0.07995	0.65285	0.02104	0.00982	0.00281	0.00421	0.01753	0.00771	0.00701
68	0.01666	0.04297	0.66500	0.02368	0.03596	0.01929	0.03069	0.02631	0.01754	0.02631	0.01491	0.01754	0.01052	0.00789	0.00789	0.00263	0.01228	0.00614	0.00351	0.01228
69	0.01191	0.00955	0.01054	0.01065	0.01347	0.00870	0.00852	0.04891	0.02015	0.02474	0.07104	0.07969	0.47433	0.02084	0.01012	0.00303	0.00530	0.15322	0.00773	0.00757
70	0.02201	0.67915	0.04265	0.01459	0.02135	0.03251	0.01441	0.02464	0.01668	0.01957	0.01152	0.01356	0.01067	0.00747	0.00640	0.00187	0.04224	0.00458	0.00356	0.01058
71	0.06030	0.01854	0.02064	0.01680	0.02262	0.01997	0.01358	0.23290	0.25218	0.20933	0.02807	0.02592	0.01971	0.01043	0.00824	0.00263	0.00754	0.00828	0.00876	0.01356
72	0.02032	0.01950	0.03329	0.08206	0.62701	0.01968	0.02538	0.02529	0.01880	0.02685	0.01558	0.02064	0.01306	0.00745	0.00823	0.00248	0.00993	0.00740	0.00409	0.01297
73	0.01690	0.01482	0.01318	0.01274	0.01468	0.14744	0.00938	0.01944	0.01639	0.02221	0.02231	0.03220	0.02042	0.14632	0.24269	0.00695	0.01322	0.00838	0.21278	0.00756
74	0.01101	0.00846	0.01007	0.00967	0.01195	0.00752	0.00725	0.01423	0.02175	0.02913	0.43356	0.06894	0.29927	0.01854	0.00981	0.00269	0.00403	0.01599	0.00859	0.00752
75	0.01555	0.01161	0.01344	0.01286	0.01510	0.04684	0.00997	0.05796	0.04724	0.02529	0.02344	0.03035	0.02016	0.03974	0.38806	0.00854	0.01543	0.00834	0.20176	0.00833
76	0.02066	0.01785	0.01878	0.01691	0.02160	0.02066	0.01315	0.04414	0.64121	0.03475	0.03381	0.03099	0.02536	0.01127	0.00845	0.00282	0.00657	0.00939	0.00845	0.01315
77	0.29982	0.02465	0.01995	0.01669	0.02220	0.18246	0.01337	0.26185	0.02615	0.03899	0.01514	0.01637	0.01141	0.00880	0.00695	0.00243	0.00958	0.00587	0.00616	0.01115
78	0.01187	0.00890	0.01335	0.01335	0.01483	0.01038	0.01038	0.01483	0.01335	0.01928	0.02225	0.03264	0.02077	0.06231	0.67512	0.01335	0.02225	0.00890	0.00445	0.00742
79	0.76672	0.01607	0.01221	0.01092	0.01607	0.01864	0.00900	0.02442	0.01414	0.03727	0.01157	0.01350	0.00900	0.00771	0.00514	0.00257	0.00643	0.00450	0.00514	0.00900
80	0.01204	0.00822	0.00989	0.00989	0.01017	0.00850	0.00606	0.01261	0.01233	0.01672	0.02542	0.05018	0.02839	0.58377	0.16408	0.00907	0.01079	0.01147	0.00492	0.00549
81	0.01684	0.04170	0.62684	0.02438	0.03642	0.01940	0.06758	0.02633	0.01767	0.02633	0.01503	0.01784	0.01065	0.00784	0.00801	0.00264	0.01238	0.00637	0.00355	0.01221
82	0.01699	0.04067	0.59596	0.02495	0.03679	0.01949	0.09742	0.02634	0.01777	0.02634	0.01512	0.01809	0.01076	0.00779	0.00811	0.00265	0.01247	0.00655	0.00359	0.01216
83	0.03118	0.03524	0.02391	0.02079	0.02570	0.50149	0.01598	0.19208	0.02768	0.02888	0.01474	0.01631	0.01162	0.00894	0.00771	0.00223	0.01342	0.00592	0.00536	0.01083
84	0.01647	0.01555	0.02610	0.52879	0.18001	0.01827	0.02292	0.02175	0.01718	0.02250	0.01768	0.02409	0.03677	0.00862	0.00835	0.00271	0.01055	0.00779	0.00394	0.00996
85	0.01156	0.00988	0.01207	0.01430	0.08811	0.00883	0.00943	0.01427	0.01914	0.02370	0.09435	0.07376	0.48644	0.01948	0.00981	0.00287	0.00525	0.08155	0.00734	0.00784
86	0.01549	0.00774	0.00774	0.00774	0.00968	0.00774	0.00581	0.01936	0.01742	0.03097	0.02710	0.03097	0.02129	0.00968	0.00581	0.00194	0.00387	0.00774	0.75416	0.00774
87	0.01797	0.17049	0.50629	0.02355	0.07156	0.02193	0.02720	0.02598	0.01750	0.02506	0.01431	0.01692	0.01071	0.00771	0.00742	0.00246	0.01148	0.00589	0.00355	0.01202
88	0.00982	0.00842	0.00842	0.00842	0.01122	0.00701	0.00631	0.01192	0.01894	0.02244	0.08416	0.07995	0.65285	0.02104	0.00982	0.00281	0.00421	0.01753	0.00771	0.00701
89	0.01023	0.00813	0.00919	0.00956	0.01163	0.00709	0.00693	0.01249	0.01898	0.02403	0.17338	0.23215	0.40375	0.02158	0.01001	0.00291	0.00431	0.01861	0.00796	0.00709
90	0.02056	0.01974	0.03372	0.05099	0.65622	0.01974	0.02550	0.02550	0.01892	0.02714	0.01563	0.02056	0.01316	0.00740	0.00822	0.00247	0.00987	0.00740	0.00411	0.01316
91	0.01094	0.01251	0.08638	0.01055	0.01433	0.00860	0.00944	0.01423	0.01951	0.02465	0.16729	0.06970	0.48460	0.01883	0.00959	0.00275	0.00511	0.01578	0.00745	0.00777
92	0.01666	0.04297	0.66500	0.02368	0.03596	0.01929	0.03069	0.02631	0.01754	0.02631	0.01491	0.01754	0.01052	0.00789	0.00789	0.00263	0.01228	0.00614	0.00351	0.01228
93	0.02054	0.01917	0.01809	0.01641	0.02083	0.09235	0.01267	0.03911	0.49850	0.03168	0.03741	0.03498	0.09782	0.01212	0.00851	0.00274	0.00724	0.00990	0.00790	0.01203
94	0.03103	0.03959	0.02354	0.02140	0.02568	0.67469	0.01605	0.03317	0.02354	0.02033	0.01284	0.01498	0.01070	0.00856	0.00749	0.00214	0.01498	0.00535	0.00428	0.00963
95	0.03080	0.01692	0.02041	0.01543	0.02215	0.01584	0.01267	0.20521	0.02660	0.33316	0.02473	0.02321	0.01672	0.00920	0.00781	0.00222	0.00745	0.00727	0.00842	0.19377
96	0.03103	0.03959	0.02354	0.02140	0.02568	0.67469	0.01605	0.03317	0.02354	0.02033	0.01284	0.01498	0.01070	0.00856	0.00749	0.00214	0.01498	0.00535	0.00428	0.00963
97	0.01253	0.05425	0.01529	0.01341	0.01525	0.01183	0.01063	0.01548	0.01358	0.01930	0.02156	0.03139	0.02012	0.05875	0.63198	0.01261	0.02139	0.00861	0.00439	0.00763
98	0.02308	0.02563	0.02772	0.20757	0.27034	0.25683	0.02144	0.02716	0.01999	0.02312	0.01439	0.01896	0.01172	0.00806	0.00798	0.00243	0.01204	0.00665	0.00406	0.01085
99	0.01196	0.00800	0.00910	0.00922	0.00925	0.00797	0.00520	0.01205	0.01232	0.01642	0.02739	0.09452	0.03174	0.66579	0.04032	0.00776	0.00785	0.01280	0.00520	0.00514
100	0.01239	0.00870	0.01058	0.01103	0.01190	0.00857	0.00728	0.05195	0.01687	0.02273	0.10498	0.35330	0.04603	0.26971	0.02178	0.00492	0.00616	0.01746	0.00695	0.00673
101	0.02025	0.01942	0.03315	0.09202	0.61764	0.01966	0.02534	0.02522	0.01877	0.02676	0.01557	0.02066	0.01302	0.00746	0.00823	0.00249	0.00995	0.00740	0.00409	0.01291
102	0.01045	0.00844	0.00929	0.00908	0.01161	0.00728	0.00681	0.01315	0.02043	0.02599	0.26928	0.07411	0.46551	0.01972	0.00981	0.00274	0.00411	0.01671	0.00818	0.00728
103	0.00982	0.00842	0.00842	0.00842	0.01122	0.00701	0.00631	0.01192	0.01894	0.02244	0.08416	0.07995	0.65285	0.02104	0.00982	0.00281	0.00421	0.01753	0.00771	0.00701
104	0.01329	0.00900	0.01004	0.00968	0.01010	0.00915	0.00570	0.05027	0.01375	0.01835	0.02579	0.05223	0.02921	0.66480	0.04018	0.00771	0.00812	0.01180	0.00524	0.00560
105	0.00982	0.00842	0.00842	0.00842	0.01122	0.00701	0.00631	0.01192	0.01894	0.02244	0.08416	0.07995	0.65285	0.02104	0.00982	0.00281	0.00421	0.01753	0.00771	0.00701
106	0.03106	0.03872	0.02362	0.02128	0.02569	0.63986	0.01604	0.06513	0.02438	0.02205	0.01322	0.01525	0.01088	0.00864	0.00753	0.00216	0.01467	0.00546	0.00450	0.00987
107	0.01140	0.01035	0.03800	0.01096	0.01375	0.00859	0.00889	0.01528	0.04964	0.02513	0.16366	0.14702	0.36144	0.02014	0.00994	0.00295	0.00508	0.08227	0.00780	0.00771
108	0.01723	0.01477	0.01723	0.01230	0.01969	0.01107	0.00984	0.02092	0.01723	0.02707	0.01477	0.01723	0.01230	0.00615	0.00615	0.00123	0.00615	0.00492	0.00492	0.75883
109	0.01022	0.00730	0.00972	0.01150	0.01207	0.00681	0.00772	0.01181	0.01635	0.02191	0.08093	0.66548	0.05630	0.02550	0.01056	0.00333	0.00477	0.02312	0.00779	0.00681
110	0.05256	0.04015	0.50233	0.02245	0.03276	0.12778	0.02656	0.02812	0.04492	0.02617	0.01522	0.01751	0.01112	0.00814	0.00773	0.00255	0.01222	0.00607	0.00392	0.01173
111	0.56137	0.01622	0.05402	0.01165	0.01659	0.01643	0.01015	0.02272	0.01631	0.03574	0.14497	0.02386	0.02353	0.00965	0.00629	0.00258	0.00628	0.00679	0.00587	0.00897
112	0.25243	0.15507	0.10206	0.02318	0.09710	0.02250	0.14322	0.02501	0.01663	0.02817	0.01344	0.01686	0.01083	0.00787	0.00823	0.00253	0.05372	0.00628	0.00425	0.01062
113	0.01717	0.15977	0.06561	0.02135	0.14101	0.01733	0.01529	0.02051	0.01570	0.04682	0.01825	0.02472	0.01617	0.03272	0.30044	0.05092	0.01496	0.00739	0.00432	0.00956

[dist]
# distance from previous block
# <min> <max>
1	6

[block]
# block no. 1 follows, 22 sequences, length 6
# corresponding to MSA columns:
# 123-128
name=unknown_B
#
# <colnr> <probs for GDERKNQSTAVLIFYWHMCP>
#	G	D	E	R	K	N	Q	S	T	A	V	L	I	F	Y	W	H	M	C	P
0	0.02199	0.02073	0.01714	0.01568	0.01899	0.21727	0.01173	0.02917	0.16700	0.07609	0.10974	0.03763	0.02966	0.14397	0.01490	0.00361	0.00919	0.03919	0.00671	0.00961
1	0.02495	0.02244	0.01988	0.01684	0.02145	0.17325	0.01320	0.29789	0.02936	0.03653	0.09138	0.09201	0.09885	0.01310	0.00865	0.00254	0.00902	0.01038	0.00732	0.01093
2	0.02128	0.01607	0.01891	0.01622	0.02028	0.01814	0.01301	0.27814	0.10062	0.03516	0.02268	0.02707	0.01852	0.03395	0.31179	0.00747	0.01480	0.00836	0.00657	0.01095
3	0.01282	0.00893	0.01116	0.01117	0.01352	0.00839	0.00864	0.01554	0.01857	0.06793	0.14018	0.12868	0.28082	0.02827	0.13626	0.00493	0.00824	0.08075	0.00747	0.00775
4	0.02765	0.15931	0.02804	0.01940	0.02431	0.25986	0.01593	0.21159	0.02544	0.02992	0.01448	0.01665	0.01177	0.00959	0.01022	0.00240	0.11094	0.00611	0.00528	0.01112
5	0.01422	0.19560	0.02042	0.01264	0.01587	0.01571	0.01063	0.01695	0.01535	0.01995	0.03116	0.03649	0.13807	0.03983	0.37116	0.00828	0.01528	0.00936	0.00483	0.00820

[dist]
# distance from previous block
# <min> <max>
0	31

[block]
# block no. 2 follows, 22 sequences, length 177
# corresponding to MSA columns:
# 160-336
name=unknown_C
#
# <colnr> <probs for GDERKNQSTAVLIFYWHMCP>
#	G	D	E	R	K	N	Q	S	T	A	V	L	I	F	Y	W	H	M	C	P
0	0.02092	0.11082	0.13368	0.02469	0.10963	0.15281	0.09340	0.05596	0.01936	0.02431	0.01617	0.02071	0.01346	0.01900	0.14436	0.00461	0.01419	0.00702	0.00427	0.01063
1	0.02344	0.02660	0.02121	0.02107	0.09689	0.33672	0.01438	0.02626	0.02052	0.02308	0.02013	0.07200	0.05037	0.00981	0.00759	0.00207	0.01071	0.00754	0.00488	0.20474
2	0.08936	0.20840	0.02786	0.01848	0.02378	0.39316	0.01498	0.08841	0.02258	0.02465	0.01310	0.01492	0.01088	0.00826	0.00682	0.00212	0.01215	0.00526	0.00456	0.01028
3	0.02645	0.01741	0.01907	0.01555	0.02067	0.04309	0.01248	0.27044	0.06321	0.17987	0.10474	0.06865	0.09560	0.01290	0.00875	0.00261	0.00740	0.01050	0.00860	0.01201
4	0.01971	0.01795	0.01621	0.01521	0.01833	0.14818	0.01172	0.15013	0.02312	0.02813	0.03690	0.16964	0.11717	0.07388	0.01212	0.00331	0.00850	0.11390	0.00691	0.00898
5	0.02317	0.11275	0.08730	0.03250	0.21858	0.20533	0.15117	0.02788	0.02000	0.02412	0.01454	0.01826	0.01183	0.00765	0.00798	0.00238	0.01227	0.00688	0.00406	0.01137
6	0.07561	0.06257	0.01437	0.01204	0.01419	0.01203	0.00950	0.01677	0.01413	0.02229	0.02065	0.02863	0.01853	0.04170	0.39738	0.07882	0.01546	0.00785	0.12997	0.00749
7	0.02056	0.01974	0.03372	0.05099	0.65622	0.01974	0.02550	0.02550	0.01892	0.02714	0.01563	0.02056	0.01316	0.00740	0.00822	0.00247	0.00987	0.00740	0.00411	0.01316
8	0.02769	0.03402	0.02404	0.02151	0.02467	0.50565	0.01660	0.02974	0.02073	0.02024	0.01234	0.01581	0.01075	0.01012	0.01264	0.00253	0.19147	0.00585	0.00411	0.00949
9	0.02110	0.46424	0.19612	0.01967	0.07332	0.05702	0.01924	0.02565	0.01749	0.02183	0.01275	0.01499	0.01082	0.00739	0.00628	0.00206	0.01007	0.00513	0.00362	0.01121
10	0.01058	0.00787	0.00985	0.01058	0.01200	0.00715	0.00747	0.01294	0.01892	0.02528	0.24497	0.37390	0.18375	0.02216	0.01019	0.00302	0.00441	0.01967	0.00816	0.00715
11	0.02424	0.02597	0.01999	0.01814	0.02231	0.28636	0.01372	0.03724	0.34164	0.02746	0.02468	0.02624	0.01975	0.06303	0.01063	0.00294	0.01011	0.00795	0.00649	0.01110
12	0.01056	0.00834	0.01099	0.01147	0.01303	0.00755	0.03500	0.01239	0.01684	0.02157	0.05580	0.43468	0.24498	0.06137	0.01207	0.00342	0.00522	0.02039	0.00741	0.00694
13	0.01208	0.00805	0.00906	0.00906	0.00906	0.00805	0.00503	0.01208	0.01208	0.01611	0.02618	0.05436	0.03020	0.70804	0.04228	0.00805	0.00805	0.01208	0.00503	0.00503
14	0.01208	0.00805	0.00906	0.00906	0.00906	0.00805	0.00503	0.01208	0.01208	0.01611	0.02618	0.05436	0.03020	0.70804	0.04228	0.00805	0.00805	0.01208	0.00503	0.00503
15	0.02913	0.03459	0.02514	0.02528	0.11207	0.50247	0.01741	0.08322	0.02382	0.02403	0.01376	0.01631	0.01134	0.00876	0.00846	0.00228	0.04098	0.00589	0.00458	0.01048
16	0.02045	0.01972	0.03276	0.04182	0.44223	0.02010	0.10539	0.02947	0.14638	0.02863	0.01951	0.02295	0.01558	0.00814	0.00849	0.00258	0.00976	0.00814	0.00501	0.01289
17	0.03103	0.03959	0.02354	0.02140	0.02568	0.67469	0.01605	0.03317	0.02354	0.02033	0.01284	0.01498	0.01070	0.00856	0.00749	0.00214	0.01498	0.00535	0.00428	0.00963
18	0.18217	0.01909	0.08181	0.01882	0.05041	0.01739	0.11138	0.14550	0.02233	0.03386	0.07805	0.03421	0.14799	0.01150	0.00824	0.00264	0.00825	0.00970	0.00627	0.01039
19	0.02248	0.02439	0.02333	0.05586	0.19609	0.24280	0.01700	0.02986	0.14676	0.02544	0.02776	0.02901	0.10280	0.01050	0.00824	0.00249	0.01023	0.00850	0.00553	0.01093
20	0.01875	0.01090	0.01123	0.01005	0.01294	0.01140	0.00783	0.14305	0.02182	0.03531	0.02565	0.02873	0.01984	0.00974	0.00632	0.00205	0.00494	0.00769	0.60272	0.00904
21	0.01829	0.01723	0.02841	0.27567	0.33529	0.01944	0.02288	0.02302	0.01727	0.02431	0.01525	0.02130	0.01249	0.00869	0.01044	0.00269	0.09220	0.00739	0.03672	0.01101
22	0.01716	0.03987	0.57778	0.02667	0.09103	0.01942	0.06074	0.02625	0.01777	0.02640	0.01507	0.01806	0.01086	0.00780	0.00802	0.00263	0.01215	0.00644	0.00360	0.01230
23	0.01219	0.00821	0.00987	0.00987	0.01026	0.00851	0.00615	0.01296	0.01257	0.01740	0.02542	0.04893	0.02790	0.54638	0.16918	0.00886	0.01075	0.01125	0.03769	0.00564
24	0.01050	0.00748	0.00944	0.01084	0.01138	0.00703	0.00707	0.01170	0.01533	0.02025	0.04435	0.52817	0.09000	0.16528	0.01703	0.00429	0.00544	0.02085	0.00716	0.00641
25	0.01409	0.05839	0.01831	0.01546	0.01696	0.01554	0.01253	0.01676	0.01344	0.01947	0.01879	0.02784	0.01770	0.04703	0.47328	0.01022	0.18377	0.00821	0.00419	0.00804
26	0.02902	0.02306	0.07497	0.01829	0.02474	0.07057	0.01572	0.28323	0.16817	0.16761	0.02471	0.02354	0.01740	0.01005	0.00825	0.00257	0.00885	0.00781	0.00804	0.01342
27	0.01946	0.02365	0.08956	0.03507	0.07431	0.02083	0.55534	0.02653	0.01943	0.02662	0.01662	0.02199	0.01249	0.00708	0.00959	0.00277	0.01368	0.00943	0.00415	0.01138
28	0.01008	0.00737	0.00949	0.01118	0.01195	0.00678	0.00754	0.01161	0.01628	0.02136	0.05049	0.62632	0.12821	0.02542	0.01051	0.00330	0.00474	0.02287	0.00771	0.00678
29	0.02014	0.01799	0.01650	0.01541	0.01828	0.14836	0.01145	0.17301	0.02344	0.02915	0.05786	0.32660	0.03456	0.01811	0.01042	0.03991	0.00808	0.01459	0.00702	0.00911
30	0.01908	0.06469	0.17358	0.03086	0.03956	0.02154	0.43914	0.02611	0.01868	0.02582	0.01582	0.02069	0.01198	0.00758	0.01006	0.00275	0.04815	0.00863	0.00399	0.01129
31	0.01208	0.00805	0.00906	0.00906	0.00906	0.00805	0.00503	0.01208	0.01208	0.01611	0.02618	0.05436	0.03020	0.70804	0.04228	0.00805	0.00805	0.01208	0.00503	0.00503
32	0.02287	0.01617	0.02080	0.02209	0.14970	0.01661	0.01449	0.13372	0.14862	0.13963	0.13390	0.03598	0.08496	0.01190	0.00871	0.00261	0.00713	0.01014	0.00789	0.01206
33	0.01715	0.01470	0.02013	0.06828	0.02157	0.01894	0.01486	0.06866	0.01591	0.02389	0.01680	0.02387	0.01496	0.02533	0.18756	0.00576	0.32995	0.00777	0.09499	0.00892
34	0.02879	0.02188	0.02336	0.01855	0.02470	0.02446	0.01511	0.47898	0.19315	0.04785	0.02349	0.02277	0.01700	0.01030	0.00835	0.00258	0.00848	0.00797	0.00835	0.01388
35	0.01235	0.00960	0.01427	0.01399	0.01536	0.01153	0.01098	0.01523	0.01330	0.01934	0.02139	0.03154	0.02002	0.05868	0.62596	0.01261	0.07313	0.00878	0.00439	0.00754
36	0.00982	0.00842	0.00842	0.00842	0.01122	0.00701	0.00631	0.01192	0.01894	0.02244	0.08416	0.07995	0.65285	0.02104	0.00982	0.00281	0.00421	0.01753	0.00771	0.00701
37	0.00982	0.00842	0.00842	0.00842	0.01122	0.00701	0.00631	0.01192	0.01894	0.02244	0.08416	0.07995	0.65285	0.02104	0.00982	0.00281	0.00421	0.01753	0.00771	0.00701
38	0.01160	0.00849	0.01088	0.01028	0.01231	0.00777	0.00771	0.01537	0.02314	0.03242	0.60513	0.06353	0.12565	0.01732	0.00980	0.00263	0.00394	0.01523	0.00903	0.00777
39	0.02057	0.01951	0.03189	0.04681	0.57846	0.01985	0.02398	0.02778	0.09517	0.02807	0.01785	0.02184	0.01465	0.00788	0.00825	0.00251	0.00947	0.00765	0.00464	0.01316
40	0.76672	0.01607	0.01221	0.01092	0.01607	0.01864	0.00900	0.02442	0.01414	0.03727	0.01157	0.01350	0.00900	0.00771	0.00514	0.00257	0.00643	0.00450	0.00514	0.00900
41	0.01194	0.00862	0.01191	0.01191	0.01289	0.00960	0.00859	0.01391	0.01292	0.01822	0.02357	0.03994	0.02394	0.27943	0.46234	0.01157	0.01748	0.00997	0.00465	0.00662
42	0.01666	0.04297	0.66500	0.02368	0.03596	0.01929	0.03069	0.02631	0.01754	0.02631	0.01491	0.01754	0.01052	0.00789	0.00789	0.00263	0.01228	0.00614	0.00351	0.01228
43	0.03103	0.03959	0.02354	0.02140	0.02568	0.67469	0.01605	0.03317	0.02354	0.02033	0.01284	0.01498	0.01070	0.00856	0.00749	0.00214	0.01498	0.00535	0.00428	0.00963
44	0.01364	0.00808	0.00931	0.00931	0.01052	0.00838	0.00648	0.01606	0.01485	0.02374	0.02581	0.03896	0.02410	0.24887	0.15364	0.00626	0.00897	0.00940	0.35682	0.00679
45	0.00982	0.00842	0.00842	0.00842	0.01122	0.00701	0.00631	0.01192	0.01894	0.02244	0.08416	0.07995	0.65285	0.02104	0.00982	0.00281	0.00421	0.01753	0.00771	0.00701
46	0.76672	0.01607	0.01221	0.01092	0.01607	0.01864	0.00900	0.02442	0.01414	0.03727	0.01157	0.01350	0.00900	0.00771	0.00514	0.00257	0.00643	0.00450	0.00514	0.00900
47	0.02023	0.01940	0.03313	0.09373	0.61603	0.01965	0.02533	0.02521	0.01876	0.02674	0.01557	0.02067	0.01302	0.00746	0.00823	0.00249	0.00995	0.00740	0.00408	0.01290
48	0.02056	0.01974	0.03372	0.05099	0.65622	0.01974	0.02550	0.02550	0.01892	0.02714	0.01563	0.02056	0.01316	0.00740	0.00822	0.00247	0.00987	0.00740	0.00411	0.01316
49	0.00982	0.00842	0.00842	0.00842	0.01122	0.00701	0.00631	0.01192	0.01894	0.02244	0.08416	0.07995	0.65285	0.02104	0.00982	0.00281	0.00421	0.01753	0.00771	0.00701
50	0.01151	0.00870	0.01043	0.01059	0.01252	0.00802	0.00769	0.04002	0.02033	0.02693	0.25599	0.27516	0.23984	0.02085	0.01000	0.00291	0.00453	0.01826	0.00821	0.00751
51	0.03062	0.03499	0.02360	0.02068	0.02549	0.50257	0.01585	0.16090	0.05850	0.02791	0.01543	0.01686	0.01218	0.00900	0.00772	0.00225	0.01330	0.00601	0.00535	0.01077
52	0.01075	0.00871	0.00971	0.01021	0.01278	0.00768	0.00815	0.01330	0.01898	0.02307	0.07370	0.08353	0.49532	0.02154	0.01025	0.00307	0.00510	0.16926	0.00770	0.00718
53	0.01176	0.00849	0.01110	0.01045	0.01241	0.00784	0.00784	0.01568	0.02352	0.03331	0.65184	0.06206	0.07839	0.01698	0.00980	0.00261	0.00392	0.01502	0.00914	0.00784
54	0.02199	0.53166	0.11897	0.01867	0.07161	0.07324	0.01725	0.02566	0.01756	0.02102	0.01236	0.01451	0.01084	0.00733	0.00601	0.00196	0.00979	0.00494	0.00364	0.01098
55	0.02168	0.57281	0.04465	0.01844	0.02581	0.03046	0.13845	0.02523	0.01743	0.02098	0.01262	0.01517	0.01106	0.00709	0.00624	0.00198	0.00992	0.00553	0.00369	0.01077
56	0.02066	0.01785	0.01878	0.01691	0.02160	0.02066	0.01315	0.04414	0.64121	0.03475	0.03381	0.03099	0.02536	0.01127	0.00845	0.00282	0.00657	0.00939	0.00845	0.01315
57	0.01036	0.00746	0.00987	0.01171	0.01240	0.00697	0.00808	0.01201	0.01628	0.02154	0.04734	0.62906	0.08067	0.02557	0.01064	0.00338	0.00501	0.06711	0.00771	0.00683
58	0.02058	0.01935	0.03066	0.04401	0.52634	0.01993	0.02297	0.02931	0.14628	0.02870	0.01935	0.02270	0.01566	0.00819	0.00827	0.00254	0.00919	0.00781	0.00500	0.01316
59	0.01048	0.00757	0.01040	0.01193	0.01262	0.00749	0.00826	0.01224	0.01538	0.02081	0.04097	0.56550	0.04795	0.03345	0.14661	0.00542	0.00839	0.02060	0.00704	0.00688
60	0.01961	0.02241	0.04902	0.03501	0.04342	0.02101	0.62605	0.02661	0.01961	0.02661	0.01681	0.02241	0.01261	0.00700	0.00980	0.00280	0.01401	0.00980	0.00420	0.01120
61	0.02846	0.02972	0.02243	0.01936	0.02433	0.34463	0.01502	0.20892	0.12851	0.03220	0.02185	0.02224	0.04561	0.01003	0.00800	0.00239	0.01137	0.00723	0.00631	0.01140
62	0.03011	0.03511	0.02481	0.02150	0.02639	0.50716	0.04582	0.13135	0.05293	0.02654	0.01512	0.01686	0.01200	0.00884	0.00778	0.00226	0.01360	0.00610	0.00512	0.01060
63	0.02595	0.06478	0.05664	0.01614	0.02191	0.01854	0.01379	0.15582	0.19926	0.20131	0.10936	0.03019	0.02698	0.01103	0.00833	0.00258	0.00735	0.00896	0.00839	0.01269
64	0.03036	0.09069	0.02506	0.02086	0.02535	0.62599	0.01591	0.03254	0.02304	0.02027	0.01274	0.01486	0.01070	0.00845	0.00733	0.00211	0.01452	0.00528	0.00423	0.00971
65	0.01839	0.17482	0.41274	0.02408	0.03451	0.02240	0.14920	0.02608	0.01783	0.02500	0.01461	0.01768	0.01098	0.00755	0.00776	0.00249	0.01194	0.00654	0.00366	0.01173
66	0.02031	0.01971	0.02944	0.20274	0.40112	0.06900	0.02303	0.05414	0.01944	0.02605	0.01571	0.02104	0.01284	0.01028	0.03782	0.00300	0.01107	0.00731	0.00424	0.01171
67	0.01471	0.01320	0.01430	0.01362	0.01642	0.05595	0.03613	0.02228	0.18002	0.02497	0.04881	0.24232	0.20782	0.05660	0.01134	0.00322	0.00637	0.01575	0.00737	0.00878
68	0.01967	0.01750	0.01532	0.01394	0.01623	0.14793	0.00981	0.14150	0.02038	0.02497	0.02463	0.12031	0.02604	0.33792	0.02431	0.00513	0.00929	0.01121	0.00588	0.00804
69	0.36541	0.04766	0.02282	0.02586	0.23310	0.02076	0.01586	0.12280	0.01990	0.03557	0.01429	0.01691	0.01130	0.00795	0.00670	0.00249	0.00813	0.00596	0.00524	0.01130
70	0.02579	0.02503	0.02831	0.03414	0.31486	0.16889	0.02016	0.18526	0.05970	0.03259	0.01713	0.01972	0.01353	0.00855	0.00809	0.00242	0.01065	0.00707	0.00548	0.01262
71	0.02414	0.56797	0.03938	0.01556	0.02226	0.11646	0.01459	0.07563	0.01958	0.02235	0.01241	0.01409	0.01095	0.00753	0.00586	0.00188	0.00970	0.00481	0.00404	0.01081
72	0.01010	0.00851	0.00880	0.00895	0.01169	0.00721	0.00686	0.01233	0.01895	0.02263	0.08102	0.08102	0.60565	0.02119	0.00995	0.00288	0.00448	0.06300	0.00771	0.00706
73	0.01990	0.01907	0.03253	0.13696	0.57539	0.01957	0.02517	0.02492	0.01861	0.02634	0.01551	0.02078	0.01288	0.00752	0.00824	0.00251	0.01003	0.00740	0.00406	0.01263
74	0.01583	0.01552	0.01365	0.01373	0.01654	0.14406	0.01084	0.01959	0.05187	0.02376	0.07755	0.09414	0.26263	0.01861	0.00980	0.00299	0.00754	0.18620	0.00710	0.00807
75	0.02038	0.01612	0.01829	0.01433	0.02046	0.01489	0.01171	0.19935	0.02405	0.03389	0.02571	0.03237	0.07252	0.01053	0.00773	0.00204	0.00704	0.07603	0.00648	0.38607
76	0.01012	0.00723	0.00964	0.01157	0.01205	0.00675	0.00771	0.01157	0.01591	0.02121	0.04579	0.70262	0.05495	0.02603	0.01060	0.00337	0.00482	0.02362	0.00771	0.00675
77	0.01023	0.00848	0.00898	0.00900	0.01166	0.00724	0.00684	0.01263	0.01949	0.02386	0.15003	0.07849	0.55450	0.02065	0.00990	0.00283	0.00434	0.04583	0.00788	0.00714
78	0.02056	0.01974	0.03372	0.05099	0.65622	0.01974	0.02550	0.02550	0.01892	0.02714	0.01563	0.02056	0.01316	0.00740	0.00822	0.00247	0.00987	0.00740	0.00411	0.01316
79	0.01239	0.00943	0.01339	0.01311	0.01418	0.01105	0.00988	0.01466	0.01304	0.01869	0.02219	0.03599	0.02195	0.19084	0.49644	0.01153	0.07023	0.00943	0.00451	0.00706
80	0.01828	0.01556	0.01661	0.01511	0.01923	0.01745	0.01168	0.03679	0.49028	0.03318	0.12062	0.04057	0.10272	0.01312	0.00878	0.00279	0.00596	0.01105	0.00846	0.01176
81	0.01187	0.00890	0.01335	0.01335	0.01483	0.01038	0.01038	0.01483	0.01335	0.01928	0.02225	0.03264	0.02077	0.06231	0.67512	0.01335	0.02225	0.00890	0.00445	0.00742
82	0.03182	0.02289	0.02469	0.01893	0.02557	0.02519	0.01564	0.60390	0.03842	0.07789	0.02048	0.02029	0.01440	0.00999	0.00831	0.00250	0.00905	0.00752	0.00839	0.01413
83	0.01661	0.01211	0.01559	0.01424	0.01677	0.01388	0.01129	0.14120	0.01907	0.02747	0.02186	0.02921	0.01904	0.04325	0.43076	0.00935	0.04685	0.00840	0.09417	0.00890
84	0.01012	0.00723	0.00964	0.01157	0.01205	0.00675	0.00771	0.01157	0.01591	0.02121	0.04579	0.70262	0.05495	0.02603	0.01060	0.00337	0.00482	0.02362	0.00771	0.00675
85	0.01229	0.00952	0.01416	0.01392	0.01530	0.01139	0.01091	0.01518	0.01331	0.01933	0.02149	0.03167	0.02011	0.05910	0.63166	0.01270	0.06724	0.00879	0.00440	0.00753
86	0.02556	0.16743	0.03052	0.07208	0.19093	0.24750	0.01857	0.10436	0.02249	0.02607	0.01434	0.01721	0.01179	0.00813	0.00740	0.00224	0.01141	0.00611	0.00456	0.01130
87	0.01212	0.01034	0.01221	0.01142	0.01303	0.01105	0.00858	0.01386	0.01658	0.02138	0.09548	0.06091	0.35650	0.15893	0.01998	0.00403	0.14591	0.01416	0.00643	0.00709
88	0.00982	0.00842	0.00842	0.00842	0.01122	0.00701	0.00631	0.01192	0.01894	0.02244	0.08416	0.07995	0.65285	0.02104	0.00982	0.00281	0.00421	0.01753	0.00771	0.00701
89	0.01443	0.00722	0.01082	0.01082	0.01082	0.00722	0.00722	0.01082	0.01082	0.01443	0.01443	0.02525	0.01443	0.02886	0.03247	0.75830	0.00722	0.00722	0.00361	0.00361
90	0.02056	0.01974	0.03372	0.05099	0.65622	0.01974	0.02550	0.02550	0.01892	0.02714	0.01563	0.02056	0.01316	0.00740	0.00822	0.00247	0.00987	0.00740	0.00411	0.01316
91	0.02153	0.02707	0.09081	0.02969	0.03654	0.15520	0.37850	0.02712	0.01940	0.02449	0.01512	0.01998	0.01184	0.00832	0.01131	0.00275	0.09724	0.00829	0.00409	0.01071
92	0.01012	0.00723	0.00964	0.01157	0.01205	0.00675	0.00771	0.01157	0.01591	0.02121	0.04579	0.70262	0.05495	0.02603	0.01060	0.00337	0.00482	0.02362	0.00771	0.00675
93	0.01334	0.01087	0.01184	0.01152	0.01437	0.01080	0.00861	0.04648	0.15393	0.02700	0.10565	0.19280	0.32302	0.01915	0.00962	0.00290	0.00504	0.01638	0.00801	0.00866
94	0.02002	0.01897	0.03218	0.04828	0.60774	0.01897	0.02458	0.02487	0.01893	0.02697	0.01778	0.02611	0.01579	0.00858	0.00847	0.00257	0.00970	0.05239	0.00438	0.01274
95	0.03005	0.03802	0.02302	0.02099	0.02513	0.64066	0.01576	0.03223	0.02302	0.02028	0.01332	0.01589	0.01122	0.01131	0.04170	0.00271	0.01535	0.00553	0.00429	0.00952
96	0.01203	0.00885	0.01310	0.01310	0.01460	0.01027	0.01018	0.01504	0.01353	0.01981	0.02247	0.03256	0.02079	0.05993	0.64494	0.01284	0.02142	0.00885	0.03826	0.00743
97	0.01803	0.03344	0.37955	0.02893	0.03941	0.02009	0.30659	0.02645	0.01850	0.02645	0.01579	0.01980	0.01149	0.00748	0.00878	0.00271	0.01308	0.00784	0.00383	0.01178
98	0.02458	0.02853	0.03355	0.03477	0.23959	0.28710	0.17801	0.02892	0.02098	0.02423	0.01480	0.01877	0.01201	0.00777	0.00834	0.00242	0.01303	0.00719	0.00420	0.01121
99	0.00982	0.00842	0.00842	0.00842	0.01122	0.00701	0.00631	0.01192	0.01894	0.02244	0.08416	0.07995	0.65285	0.02104	0.00982	0.00281	0.00421	0.01753	0.00771	0.00701
100	0.01666	0.04297	0.66500	0.02368	0.03596	0.01929	0.03069	0.02631	0.01754	0.02631	0.01491	0.01754	0.01052	0.00789	0.00789	0.00263	0.01228	0.00614	0.00351	0.01228
101	0.01632	0.01449	0.01595	0.04322	0.01833	0.09550	0.01190	0.04936	0.01696	0.02296	0.02444	0.16327	0.02444	0.03113	0.23482	0.00638	0.10402	0.01096	0.08733	0.00824
102	0.02010	0.01899	0.03198	0.18320	0.47039	0.01985	0.04828	0.05807	0.01957	0.02727	0.01573	0.02094	0.01275	0.00772	0.00831	0.00255	0.01025	0.00750	0.00426	0.01230
103	0.01099	0.00915	0.00969	0.00943	0.01223	0.00820	0.00711	0.01505	0.06699	0.02536	0.18385	0.07297	0.50049	0.01956	0.00971	0.00277	0.00433	0.01646	0.00803	0.00763
104	0.01961	0.02241	0.04902	0.03501	0.04342	0.02101	0.62605	0.02661	0.01961	0.02661	0.01681	0.02241	0.01261	0.00700	0.00980	0.00280	0.01401	0.00980	0.00420	0.01120
105	0.01872	0.03131	0.32917	0.03156	0.21063	0.04679	0.05203	0.02534	0.01748	0.02530	0.01446	0.01861	0.01143	0.00882	0.01119	0.00273	0.12199	0.00681	0.00376	0.01186
106	0.02056	0.01974	0.03372	0.05099	0.65622	0.01974	0.02550	0.02550	0.01892	0.02714	0.01563	0.02056	0.01316	0.00740	0.00822	0.00247	0.00987	0.00740	0.00411	0.01316
107	0.01266	0.00933	0.01238	0.01390	0.01600	0.00904	0.01195	0.01614	0.01909	0.02437	0.05214	0.09091	0.17066	0.02256	0.01114	0.00362	0.00695	0.48198	0.00766	0.00752
108	0.02697	0.03140	0.15133	0.01918	0.02529	0.32711	0.01726	0.03088	0.02159	0.15298	0.02315	0.02390	0.06184	0.01201	0.03632	0.00286	0.01230	0.00720	0.00562	0.01080
109	0.01440	0.01233	0.01479	0.01440	0.01649	0.06205	0.01115	0.01982	0.09106	0.02126	0.02295	0.03110	0.02057	0.05197	0.54278	0.01121	0.01978	0.00869	0.00493	0.00829
110	0.01027	0.00735	0.00978	0.01146	0.01208	0.00685	0.00772	0.01195	0.01661	0.02233	0.10204	0.64316	0.05712	0.02519	0.01053	0.00330	0.00474	0.02282	0.00784	0.00685
111	0.01606	0.01514	0.02558	0.63974	0.10267	0.01855	0.02326	0.02155	0.01679	0.02167	0.01483	0.02203	0.01123	0.00824	0.00830	0.00275	0.01098	0.00738	0.00372	0.00953
112	0.02177	0.02237	0.03363	0.04615	0.53246	0.10009	0.06991	0.02652	0.01954	0.02627	0.01537	0.02002	0.01282	0.00751	0.00825	0.00245	0.01081	0.00733	0.00414	0.01258
113	0.02329	0.63052	0.04108	0.01510	0.02186	0.11152	0.01444	0.02589	0.01770	0.01964	0.01171	0.01353	0.01067	0.00729	0.00560	0.00182	0.00963	0.00455	0.00364	0.01053
114	0.00983	0.00835	0.00848	0.00858	0.01126	0.00700	0.00638	0.01190	0.01878	0.02238	0.08219	0.11185	0.62222	0.02129	0.00986	0.00283	0.00424	0.01784	0.00771	0.00700
115	0.02794	0.02533	0.02322	0.02080	0.07180	0.18802	0.01543	0.35583	0.03112	0.03863	0.02568	0.02608	0.09145	0.01077	0.00828	0.00244	0.01008	0.00816	0.00689	0.01204
116	0.39506	0.01504	0.01541	0.04256	0.01970	0.01601	0.01084	0.03084	0.05979	0.24996	0.02126	0.02101	0.01478	0.00896	0.00664	0.00256	0.00673	0.00644	0.04543	0.01098
117	0.01208	0.00805	0.00906	0.00906	0.00906	0.00805	0.00503	0.01208	0.01208	0.01611	0.02618	0.05436	0.03020	0.70804	0.04228	0.00805	0.00805	0.01208	0.00503	0.00503
118	0.01012	0.00723	0.00964	0.01157	0.01205	0.00675	0.00771	0.01157	0.01591	0.02121	0.04579	0.70262	0.05495	0.02603	0.01060	0.00337	0.00482	0.02362	0.00771	0.00675
119	0.01958	0.02078	0.10347	0.04099	0.47555	0.01780	0.02318	0.02471	0.01917	0.05481	0.04916	0.02721	0.06860	0.00912	0.00839	0.00252	0.00931	0.00846	0.00482	0.01237
