[name]
unknown

[dist]
# distance from previous block
# <min> <max>
0	149

[block]
# block no. 0 follows, 19 sequences, length 74
# corresponding to MSA columns:
# 149-222
name=unknown_A
#
# <colnr> <probs for GDERKNQSTAVLIFYWHMCP>
#	G	D	E	R	K	N	Q	S	T	A	V	L	I	F	Y	W	H	M	C	P
0	0.01442	0.01030	0.01442	0.01648	0.01854	0.01030	0.01442	0.01854	0.02060	0.02677	0.04737	0.10092	0.05149	0.02471	0.01236	0.00412	0.00824	0.56956	0.00824	0.00824
1	0.01149	0.00936	0.01033	0.01082	0.01362	0.00820	0.00861	0.01419	0.02044	0.02479	0.08035	0.08962	0.48965	0.02315	0.01100	0.00328	0.00541	0.14969	0.00829	0.00772
2	0.02025	0.01933	0.03290	0.27407	0.42537	0.02076	0.02652	0.02580	0.01948	0.02694	0.01649	0.02276	0.01336	0.00832	0.00889	0.00277	0.01110	0.00796	0.00427	0.01265
3	0.02154	0.02064	0.03522	0.12500	0.56441	0.02110	0.02716	0.02693	0.02009	0.02850	0.01672	0.02234	0.01391	0.00808	0.00887	0.00269	0.01078	0.00797	0.00438	0.01368
4	0.01154	0.00805	0.01019	0.01164	0.01200	0.00769	0.00743	0.01262	0.01588	0.02118	0.04291	0.49160	0.05110	0.22719	0.02175	0.00516	0.00625	0.02167	0.00743	0.00671
5	0.01786	0.03529	0.44844	0.02141	0.03152	0.01728	0.02581	0.02633	0.02087	0.06398	0.16899	0.03149	0.03016	0.01108	0.00904	0.00282	0.01067	0.00913	0.00570	0.01214
6	0.01278	0.00959	0.01438	0.01438	0.01598	0.01118	0.01118	0.01598	0.01438	0.02077	0.02396	0.03515	0.02237	0.06710	0.65013	0.01438	0.02396	0.00959	0.00479	0.00799
7	0.01957	0.01957	0.02740	0.02349	0.02349	0.02740	0.01957	0.02153	0.01370	0.02153	0.01174	0.01957	0.01174	0.01566	0.02936	0.00391	0.66921	0.00783	0.00391	0.00979
8	0.01149	0.00936	0.01033	0.01082	0.01362	0.00820	0.00861	0.01419	0.02044	0.02479	0.08035	0.08962	0.48965	0.02315	0.01100	0.00328	0.00541	0.14969	0.00829	0.00772
9	0.01171	0.00911	0.01064	0.01025	0.01278	0.00804	0.00769	0.01503	0.02307	0.03052	0.38076	0.07564	0.33205	0.02029	0.01056	0.00291	0.00436	0.01741	0.00914	0.00804
10	0.03516	0.02170	0.02459	0.01902	0.02597	0.02296	0.01566	0.39658	0.07193	0.23196	0.02660	0.02494	0.01807	0.01093	0.00897	0.00273	0.00900	0.00847	0.00961	0.01515
11	0.01536	0.01360	0.02071	0.01866	0.02012	0.01684	0.05105	0.01829	0.01483	0.02170	0.02182	0.08526	0.02154	0.04319	0.35221	0.00932	0.23148	0.01045	0.00479	0.00877
12	0.01068	0.00907	0.00921	0.00918	0.01215	0.00760	0.00688	0.01305	0.02065	0.02478	0.11846	0.08510	0.59794	0.02243	0.01057	0.00301	0.00452	0.01874	0.00839	0.00760
13	0.01082	0.00861	0.00954	0.01024	0.01225	0.00752	0.00723	0.01272	0.01889	0.02334	0.07331	0.28362	0.40306	0.06129	0.01280	0.00354	0.00498	0.02075	0.00815	0.00734
14	0.01298	0.00871	0.00995	0.00989	0.01007	0.00865	0.00568	0.01335	0.01408	0.01895	0.07993	0.05926	0.03702	0.62774	0.04250	0.00817	0.00829	0.01328	0.00580	0.00568
15	0.20578	0.01512	0.01809	0.01448	0.02060	0.01433	0.01187	0.03688	0.02311	0.43578	0.08753	0.03023	0.02527	0.01112	0.00833	0.00277	0.00712	0.00871	0.00964	0.01325
16	0.01155	0.00811	0.01037	0.01171	0.01225	0.00770	0.00763	0.01297	0.01686	0.02266	0.09420	0.47906	0.05503	0.18338	0.01945	0.00476	0.00593	0.02168	0.00775	0.00693
17	0.02175	0.02320	0.02708	0.02342	0.02414	0.12538	0.01921	0.02377	0.01554	0.02159	0.01207	0.01903	0.01171	0.01464	0.02601	0.00366	0.56638	0.00750	0.00402	0.00988
18	0.01182	0.00845	0.01107	0.01177	0.01299	0.00788	0.00822	0.01451	0.02067	0.02852	0.31164	0.36725	0.06935	0.05752	0.01278	0.00352	0.00493	0.02056	0.00886	0.00771
19	0.02090	0.01998	0.03406	0.19961	0.49482	0.02093	0.02684	0.02636	0.01978	0.02772	0.01661	0.02255	0.01364	0.00820	0.00888	0.00273	0.01094	0.00797	0.00432	0.01317
20	0.01087	0.00790	0.01026	0.01215	0.01289	0.00729	0.00817	0.01249	0.01743	0.02296	0.05311	0.62517	0.11129	0.02753	0.01134	0.00358	0.00513	0.02483	0.00831	0.00729
21	0.01301	0.00867	0.00976	0.00976	0.00976	0.00867	0.00542	0.01301	0.01301	0.01735	0.02819	0.05855	0.03253	0.68559	0.04554	0.00867	0.00867	0.01301	0.00542	0.00542
22	0.01221	0.00906	0.01147	0.01291	0.01457	0.00851	0.00996	0.01477	0.01893	0.02425	0.05748	0.28883	0.19387	0.06477	0.01359	0.00396	0.00633	0.21885	0.00811	0.00758
23	0.02612	0.02780	0.02492	0.02174	0.02461	0.26687	0.01722	0.05747	0.02066	0.05205	0.01642	0.05547	0.01502	0.01296	0.01705	0.00304	0.28350	0.00795	0.00508	0.04409
24	0.02369	0.02316	0.02751	0.03391	0.27274	0.10498	0.02003	0.03773	0.29222	0.03200	0.02538	0.02648	0.01983	0.01004	0.00886	0.00278	0.00974	0.00866	0.00659	0.01366
25	0.01230	0.00913	0.01145	0.01087	0.01314	0.00829	0.00816	0.01618	0.02447	0.03384	0.53195	0.07019	0.17880	0.01905	0.01056	0.00285	0.00427	0.01665	0.00958	0.00829
26	0.01283	0.00884	0.01089	0.01102	0.01143	0.00919	0.00696	0.01368	0.01358	0.01849	0.02845	0.09007	0.03170	0.49942	0.18711	0.00973	0.01210	0.01294	0.00544	0.00614
27	0.01868	0.01878	0.01657	0.01591	0.01805	0.19178	0.01176	0.02098	0.01722	0.02040	0.02193	0.03443	0.02132	0.17430	0.34717	0.00981	0.01869	0.00919	0.00487	0.00815
28	0.02143	0.01985	0.08074	0.05551	0.20129	0.01793	0.01939	0.03162	0.16484	0.08734	0.08523	0.03640	0.02779	0.01174	0.00925	0.00286	0.00873	0.05780	0.00701	0.05327
29	0.02149	0.02632	0.16597	0.04130	0.38952	0.02040	0.02600	0.06122	0.02112	0.03064	0.01682	0.02095	0.01350	0.00809	0.00851	0.00253	0.01066	0.00735	0.00466	0.10296
30	0.01554	0.00777	0.01166	0.01166	0.01166	0.00777	0.00777	0.01166	0.01166	0.01554	0.01554	0.02720	0.01554	0.03108	0.03497	0.73970	0.00777	0.00777	0.00389	0.00389
31	0.01760	0.02288	0.16869	0.02252	0.07835	0.01710	0.07471	0.02852	0.16629	0.03124	0.13641	0.07020	0.10017	0.01346	0.00961	0.00294	0.00876	0.01190	0.00699	0.01167
32	0.01554	0.00777	0.01166	0.01166	0.01166	0.00777	0.00777	0.01166	0.01166	0.01554	0.01554	0.02720	0.01554	0.03108	0.03497	0.73970	0.00777	0.00777	0.00389	0.00389
33	0.02392	0.69097	0.04688	0.01531	0.02296	0.03540	0.01531	0.02679	0.01818	0.02105	0.01244	0.01435	0.01148	0.00765	0.00574	0.00191	0.00957	0.00478	0.00383	0.01148
34	0.01501	0.01242	0.01747	0.02213	0.16032	0.01172	0.01322	0.01794	0.01852	0.02485	0.04320	0.16609	0.14927	0.12532	0.01586	0.00398	0.00750	0.09980	0.00667	0.06870
35	0.01319	0.00919	0.01239	0.01239	0.01352	0.01014	0.00893	0.01546	0.01432	0.02077	0.02576	0.04242	0.02564	0.25846	0.40245	0.01150	0.01740	0.01056	0.06831	0.00720
36	0.01957	0.01957	0.02740	0.02349	0.02349	0.02740	0.01957	0.02153	0.01370	0.02153	0.01174	0.01957	0.01174	0.01566	0.02936	0.00391	0.66921	0.00783	0.00391	0.00979
37	0.01057	0.00906	0.00906	0.00906	0.01208	0.00755	0.00680	0.01284	0.02039	0.02417	0.09063	0.08610	0.62615	0.02266	0.01057	0.00302	0.00453	0.01888	0.00831	0.00755
38	0.01278	0.00959	0.01438	0.01438	0.01598	0.01118	0.01118	0.01598	0.01438	0.02077	0.02396	0.03515	0.02237	0.06710	0.65013	0.01438	0.02396	0.00959	0.00479	0.00799
39	0.01301	0.00867	0.00976	0.00976	0.00976	0.00867	0.00542	0.01301	0.01301	0.01735	0.02819	0.05855	0.03253	0.68559	0.04554	0.00867	0.00867	0.01301	0.00542	0.00542
40	0.01651	0.00835	0.00840	0.00840	0.01039	0.00835	0.00622	0.02048	0.01850	0.03262	0.02914	0.03452	0.02337	0.04156	0.00807	0.00239	0.00438	0.00855	0.70159	0.00820
41	0.01634	0.01302	0.01460	0.01394	0.01717	0.01351	0.01060	0.07397	0.18429	0.03210	0.13576	0.19047	0.18461	0.01936	0.01029	0.00315	0.00595	0.04195	0.00880	0.01012
42	0.01798	0.01049	0.01293	0.01246	0.01516	0.00962	0.00909	0.04610	0.02073	0.14691	0.07982	0.30322	0.17681	0.07918	0.01355	0.00368	0.00599	0.01837	0.00871	0.00918
43	0.01356	0.01156	0.01197	0.01144	0.01490	0.01121	0.00870	0.02159	0.16617	0.02812	0.10923	0.07202	0.44695	0.01982	0.01021	0.00301	0.00514	0.01657	0.00859	0.00923
44	0.01578	0.01237	0.01376	0.01335	0.01600	0.01308	0.00972	0.02619	0.23174	0.02971	0.12043	0.17362	0.11171	0.11386	0.01499	0.00388	0.00611	0.01524	0.04877	0.00972
45	0.01278	0.00959	0.01438	0.01438	0.01598	0.01118	0.01118	0.01598	0.01438	0.02077	0.02396	0.03515	0.02237	0.06710	0.65013	0.01438	0.02396	0.00959	0.00479	0.00799
46	0.01427	0.01246	0.01265	0.01208	0.01473	0.06441	0.00903	0.01870	0.05301	0.03081	0.36395	0.09888	0.22373	0.01892	0.01032	0.00288	0.00553	0.01621	0.00885	0.00859
47	0.02988	0.02635	0.02380	0.01972	0.02547	0.16136	0.01565	0.34651	0.09985	0.04291	0.02720	0.06114	0.05542	0.01222	0.00901	0.00271	0.01034	0.00938	0.00794	0.01314
48	0.01153	0.00863	0.01081	0.01197	0.01355	0.00791	0.00876	0.01399	0.01956	0.02553	0.14009	0.36647	0.20502	0.02486	0.01121	0.00343	0.00530	0.09524	0.00851	0.00763
49	0.01101	0.00828	0.01021	0.01143	0.01279	0.00747	0.00792	0.01306	0.01891	0.02466	0.12505	0.45445	0.21124	0.02552	0.01110	0.00338	0.00491	0.02267	0.00848	0.00747
50	0.01452	0.01131	0.01349	0.01311	0.01564	0.01152	0.00973	0.02321	0.16754	0.03277	0.32568	0.19424	0.09385	0.01915	0.01039	0.00306	0.00515	0.01687	0.00924	0.00954
51	0.01458	0.01172	0.01254	0.01200	0.01523	0.01135	0.00903	0.08645	0.08035	0.02906	0.06903	0.18850	0.38435	0.02125	0.01040	0.00310	0.00554	0.01800	0.00846	0.00906
52	0.01313	0.00942	0.01358	0.01358	0.01513	0.01079	0.01042	0.01622	0.01468	0.02166	0.02466	0.03636	0.02301	0.09849	0.55883	0.01298	0.02135	0.00968	0.06815	0.00787
53	0.19196	0.01470	0.01745	0.01405	0.01994	0.01395	0.01149	0.03612	0.02272	0.41462	0.06737	0.02953	0.02345	0.01087	0.00810	0.00271	0.00695	0.00849	0.07256	0.01298
54	0.01308	0.01082	0.01172	0.01186	0.01463	0.01052	0.00872	0.01991	0.14222	0.02656	0.06845	0.23282	0.35175	0.02191	0.01049	0.00319	0.00523	0.01881	0.00847	0.00884
55	0.07222	0.02149	0.02424	0.23464	0.07506	0.14472	0.01857	0.03307	0.02204	0.23440	0.02199	0.02389	0.01536	0.00963	0.00858	0.00274	0.01091	0.00768	0.00666	0.01209
56	0.01201	0.00919	0.01106	0.01079	0.01323	0.00824	0.00822	0.01551	0.02322	0.03102	0.39316	0.07604	0.28003	0.02029	0.01067	0.00297	0.00459	0.05246	0.00918	0.00810
57	0.01286	0.00928	0.01284	0.01284	0.01391	0.01035	0.00927	0.01499	0.01392	0.01963	0.02537	0.04291	0.02574	0.27239	0.44945	0.01248	0.01889	0.01072	0.00500	0.00714
58	0.01420	0.00881	0.01019	0.01030	0.01141	0.00882	0.00706	0.01642	0.01670	0.02504	0.08828	0.05410	0.03577	0.32409	0.05961	0.00600	0.00764	0.05996	0.22861	0.00699
59	0.18553	0.02796	0.02103	0.02129	0.07496	0.30555	0.01488	0.06189	0.02221	0.02873	0.02058	0.13530	0.02009	0.01236	0.00823	0.00270	0.01131	0.00940	0.00571	0.01028
60	0.01114	0.00795	0.01024	0.01197	0.01254	0.00745	0.00788	0.01254	0.01678	0.02223	0.04867	0.57574	0.08257	0.10831	0.01556	0.00422	0.00559	0.02360	0.00795	0.00705
61	0.02062	0.01962	0.03223	0.04477	0.45359	0.02116	0.02421	0.02510	0.01852	0.02691	0.01677	0.02320	0.01470	0.01613	0.08643	0.00423	0.12659	0.00813	0.00438	0.01270
62	0.02169	0.02068	0.03460	0.10568	0.54682	0.02119	0.02649	0.02817	0.05312	0.02913	0.01784	0.02292	0.01471	0.00829	0.00888	0.00271	0.01054	0.00809	0.00465	0.01380
63	0.01184	0.00818	0.01010	0.01126	0.01155	0.00789	0.00703	0.01270	0.01530	0.02040	0.03994	0.40420	0.04735	0.31970	0.02655	0.00587	0.00674	0.01992	0.00703	0.00645
64	0.02440	0.65847	0.04580	0.01570	0.02320	0.06619	0.01541	0.02724	0.01854	0.02109	0.01251	0.01444	0.01148	0.00773	0.00586	0.00193	0.00990	0.00483	0.00387	0.01143
65	0.01090	0.00779	0.01038	0.01246	0.01298	0.00727	0.00830	0.01246	0.01713	0.02284	0.04931	0.67975	0.05917	0.02803	0.01142	0.00363	0.00519	0.02543	0.00830	0.00727
66	0.02214	0.02126	0.03631	0.05491	0.62978	0.02126	0.02746	0.02746	0.02037	0.02923	0.01683	0.02214	0.01417	0.00797	0.00886	0.00266	0.01063	0.00797	0.00443	0.01417
67	0.02630	0.03102	0.02327	0.02396	0.09208	0.40136	0.01651	0.02915	0.02205	0.02258	0.02042	0.02472	0.04601	0.02286	0.15342	0.00511	0.01668	0.00755	0.00482	0.01012
68	0.01286	0.00928	0.01282	0.01282	0.01388	0.01034	0.00924	0.01498	0.01392	0.01962	0.02539	0.04303	0.02579	0.27545	0.44646	0.01246	0.01881	0.01074	0.00500	0.00712
69	0.01855	0.01590	0.01855	0.01325	0.02120	0.01193	0.01060	0.02253	0.01855	0.02915	0.01590	0.01855	0.01325	0.00663	0.00663	0.00133	0.00663	0.00530	0.00530	0.74028
70	0.02329	0.01229	0.01615	0.04057	0.01954	0.01088	0.01092	0.02698	0.02362	0.25423	0.24530	0.07359	0.10285	0.01488	0.00955	0.00271	0.00611	0.01273	0.00938	0.08443
71	0.02013	0.28263	0.42207	0.02176	0.03294	0.02614	0.02655	0.02777	0.01863	0.02566	0.01473	0.01723	0.01139	0.00819	0.00749	0.00250	0.01188	0.00594	0.00380	0.01258
72	0.02177	0.03134	0.23826	0.03871	0.26932	0.05318	0.12782	0.05900	0.02142	0.02992	0.01689	0.02107	0.01305	0.00828	0.00900	0.00276	0.01250	0.00787	0.00448	0.01335
73	0.01057	0.00906	0.00906	0.00906	0.01208	0.00755	0.00680	0.01284	0.02039	0.02417	0.09063	0.08610	0.62615	0.02266	0.01057	0.00302	0.00453	0.01888	0.00831	0.00755

[dist]
# distance from previous block
# <min> <max>
0	1

[block]
# block no. 1 follows, 19 sequences, length 69
# corresponding to MSA columns:
# 224-292
name=unknown_B
#
# <colnr> <probs for GDERKNQSTAVLIFYWHMCP>
#	G	D	E	R	K	N	Q	S	T	A	V	L	I	F	Y	W	H	M	C	P
0	0.02980	0.02124	0.02334	0.01869	0.02474	0.02315	0.01513	0.40662	0.10942	0.09197	0.07390	0.06982	0.02555	0.01266	0.00926	0.00281	0.00859	0.01015	0.00915	0.01403
1	0.01652	0.01034	0.01359	0.01201	0.01499	0.01020	0.05414	0.02078	0.01821	0.03060	0.02649	0.03185	0.02140	0.01929	0.11306	0.00414	0.00848	0.00850	0.50410	0.06130
2	0.02232	0.02016	0.03277	0.08346	0.39955	0.02026	0.06469	0.03009	0.09299	0.05881	0.02007	0.02389	0.01590	0.00856	0.00885	0.00265	0.01014	0.00826	0.00537	0.07124
3	0.06431	0.03272	0.02530	0.02135	0.02711	0.37264	0.05189	0.09871	0.06235	0.02925	0.01664	0.01862	0.01324	0.00904	0.00805	0.00231	0.01289	0.00648	0.00554	0.12157
4	0.01658	0.01587	0.01592	0.01542	0.01774	0.13358	0.01182	0.01962	0.01779	0.02243	0.07437	0.03766	0.06868	0.04890	0.42990	0.01032	0.01949	0.01004	0.00541	0.00845
5	0.07822	0.01850	0.02661	0.03478	0.32095	0.01916	0.01958	0.03178	0.15663	0.07695	0.10009	0.03044	0.02639	0.01049	0.00888	0.00278	0.00849	0.00934	0.00676	0.01317
6	0.03262	0.04095	0.02498	0.02270	0.02734	0.60447	0.01706	0.03658	0.06773	0.02301	0.01546	0.01738	0.01266	0.00943	0.00814	0.00236	0.01548	0.00608	0.00493	0.01064
7	0.02264	0.02079	0.03180	0.07580	0.43373	0.02180	0.02383	0.06725	0.14843	0.03235	0.02126	0.02459	0.01693	0.00908	0.00892	0.00276	0.00989	0.00843	0.00569	0.01402
8	0.02214	0.02126	0.03631	0.05491	0.62978	0.02126	0.02746	0.02746	0.02037	0.02923	0.01683	0.02214	0.01417	0.00797	0.00886	0.00266	0.01063	0.00797	0.00443	0.01417
9	0.03269	0.04125	0.02606	0.02511	0.06664	0.60898	0.01794	0.03519	0.02503	0.02237	0.01402	0.01652	0.01170	0.00914	0.00812	0.00233	0.01578	0.00591	0.00460	0.01062
10	0.01122	0.00866	0.01024	0.01076	0.01271	0.00768	0.00772	0.01375	0.02057	0.02672	0.21367	0.27935	0.29816	0.02333	0.01085	0.00317	0.00467	0.02038	0.00870	0.00768
11	0.01957	0.01957	0.02740	0.02349	0.02349	0.02740	0.01957	0.02153	0.01370	0.02153	0.01174	0.01957	0.01174	0.01566	0.02936	0.00391	0.66921	0.00783	0.00391	0.00979
12	0.01855	0.01590	0.01855	0.01325	0.02120	0.01193	0.01060	0.02253	0.01855	0.02915	0.01590	0.01855	0.01325	0.00663	0.00663	0.00133	0.00663	0.00530	0.00530	0.74028
13	0.01278	0.00959	0.01438	0.01438	0.01598	0.01118	0.01118	0.01598	0.01438	0.02077	0.02396	0.03515	0.02237	0.06710	0.65013	0.01438	0.02396	0.00959	0.00479	0.00799
14	0.02968	0.01580	0.01959	0.01615	0.02155	0.01551	0.01319	0.15001	0.06660	0.29809	0.15165	0.04305	0.03642	0.01387	0.00964	0.00291	0.00742	0.06579	0.00998	0.01311
15	0.03766	0.01920	0.02322	0.01781	0.02482	0.01905	0.01471	0.26870	0.03227	0.40146	0.02971	0.02682	0.01934	0.01094	0.00898	0.00273	0.00852	0.00862	0.01021	0.01522
16	0.01311	0.00879	0.01010	0.01025	0.01040	0.00879	0.00608	0.01341	0.01356	0.01803	0.02958	0.06163	0.03391	0.63749	0.04312	0.00834	0.00864	0.05352	0.00563	0.00563
17	0.01794	0.04628	0.63923	0.02550	0.03872	0.02078	0.03305	0.02833	0.01889	0.02833	0.01606	0.01889	0.01133	0.00850	0.00850	0.00283	0.01322	0.00661	0.00378	0.01322
18	0.01690	0.01590	0.02683	0.66408	0.06162	0.01988	0.02485	0.02286	0.01789	0.02286	0.01590	0.02385	0.01193	0.00894	0.00894	0.00298	0.01193	0.00795	0.00398	0.00994
19	0.01302	0.01068	0.01207	0.01340	0.01473	0.04942	0.00934	0.01491	0.01793	0.02337	0.04482	0.56590	0.05281	0.02530	0.01095	0.00343	0.00615	0.05048	0.00787	0.05343
20	0.02392	0.69097	0.04688	0.01531	0.02296	0.03540	0.01531	0.02679	0.01818	0.02105	0.01244	0.01435	0.01148	0.00765	0.00574	0.00191	0.00957	0.00478	0.00383	0.01148
21	0.01090	0.00779	0.01038	0.01246	0.01298	0.00727	0.00830	0.01246	0.01713	0.02284	0.04931	0.67975	0.05917	0.02803	0.01142	0.00363	0.00519	0.02543	0.00830	0.00727
22	0.01192	0.00912	0.01093	0.01048	0.01291	0.00813	0.00786	0.01545	0.02357	0.03172	0.43523	0.07367	0.27683	0.01984	0.01056	0.00289	0.00433	0.01714	0.00930	0.00813
23	0.03120	0.03895	0.02568	0.02312	0.02699	0.55010	0.01765	0.03345	0.02349	0.02184	0.01350	0.01668	0.01156	0.01025	0.01147	0.00256	0.12063	0.00609	0.00450	0.01028
24	0.01442	0.01030	0.01442	0.01648	0.01854	0.01030	0.01442	0.01854	0.02060	0.02677	0.04737	0.10092	0.05149	0.02471	0.01236	0.00412	0.00824	0.56956	0.00824	0.00824
25	0.02541	0.02503	0.03108	0.08514	0.34910	0.13669	0.02277	0.11529	0.02429	0.03155	0.01686	0.02084	0.01363	0.00861	0.00859	0.00254	0.01136	0.00741	0.00517	0.05865
26	0.01230	0.00893	0.01032	0.01032	0.01142	0.00878	0.00675	0.01345	0.01527	0.01979	0.04474	0.06232	0.19483	0.40111	0.13497	0.00805	0.01004	0.01407	0.00612	0.00643
27	0.01387	0.01069	0.01362	0.05560	0.01802	0.01130	0.01070	0.01936	0.10104	0.02430	0.04145	0.25132	0.08297	0.13697	0.09648	0.00569	0.00913	0.08194	0.00721	0.00834
28	0.02687	0.03022	0.03172	0.04156	0.37737	0.28469	0.02319	0.03092	0.02246	0.02615	0.01557	0.01962	0.01306	0.00849	0.00853	0.00251	0.01294	0.00705	0.00450	0.01258
29	0.01090	0.00779	0.01038	0.01246	0.01298	0.00727	0.00830	0.01246	0.01713	0.02284	0.04931	0.67975	0.05917	0.02803	0.01142	0.00363	0.00519	0.02543	0.00830	0.00727
30	0.01144	0.00832	0.01060	0.01204	0.01306	0.00775	0.00837	0.01335	0.01806	0.02379	0.09402	0.46331	0.12905	0.08170	0.01419	0.00396	0.00557	0.06595	0.00817	0.00731
31	0.01278	0.00959	0.01438	0.01438	0.01598	0.01118	0.01118	0.01598	0.01438	0.02077	0.02396	0.03515	0.02237	0.06710	0.65013	0.01438	0.02396	0.00959	0.00479	0.00799
32	0.74878	0.01730	0.01315	0.01177	0.01730	0.02007	0.00969	0.02630	0.01523	0.04014	0.01246	0.01453	0.00969	0.00830	0.00554	0.00277	0.00692	0.00484	0.00554	0.00969
33	0.03166	0.01392	0.01791	0.01433	0.02010	0.01226	0.01163	0.05941	0.02517	0.43871	0.08502	0.04452	0.15725	0.01405	0.00944	0.00282	0.00682	0.01157	0.01030	0.01312
34	0.01582	0.01080	0.01194	0.01126	0.01491	0.00968	0.00880	0.02021	0.06805	0.10909	0.07562	0.07539	0.45433	0.02039	0.01037	0.00307	0.00542	0.05691	0.00874	0.00917
35	0.01301	0.00867	0.00976	0.00976	0.00976	0.00867	0.00542	0.01301	0.01301	0.01735	0.02819	0.05855	0.03253	0.68559	0.04554	0.00867	0.00867	0.01301	0.00542	0.00542
36	0.01321	0.00939	0.01228	0.01246	0.01421	0.00899	0.00961	0.01671	0.02200	0.03032	0.36694	0.07494	0.06678	0.12932	0.01678	0.00414	0.00607	0.16931	0.00868	0.00789
37	0.03782	0.01454	0.01953	0.01517	0.02161	0.01267	0.01247	0.04135	0.02493	0.57633	0.03469	0.03074	0.02222	0.01101	0.00873	0.00270	0.00727	0.00893	0.08275	0.01454
38	0.02092	0.01762	0.01974	0.01528	0.02234	0.01620	0.01215	0.07903	0.18862	0.03382	0.02217	0.02299	0.01739	0.00853	0.00752	0.00192	0.00703	0.00690	0.00669	0.47314
39	0.01554	0.00777	0.01166	0.01166	0.01166	0.00777	0.00777	0.01166	0.01166	0.01554	0.01554	0.02720	0.01554	0.03108	0.03497	0.73970	0.00777	0.00777	0.00389	0.00389
40	0.02164	0.02075	0.03541	0.11283	0.57576	0.02113	0.02721	0.02702	0.02014	0.02862	0.01674	0.02231	0.01396	0.00806	0.00887	0.00269	0.01075	0.00797	0.00439	0.01377
41	0.01422	0.01118	0.01228	0.01185	0.01480	0.01067	0.00886	0.08789	0.04660	0.02934	0.11233	0.21444	0.34901	0.02167	0.01051	0.00311	0.00543	0.01851	0.00854	0.00878
42	0.01852	0.01040	0.01312	0.01200	0.01527	0.00919	0.00914	0.02168	0.02297	0.17603	0.26450	0.15030	0.20363	0.01905	0.01031	0.00297	0.00526	0.01645	0.00953	0.00969
43	0.02569	0.01369	0.01643	0.01382	0.01814	0.01301	0.01060	0.11712	0.02404	0.25344	0.04373	0.09690	0.14507	0.14733	0.01668	0.00404	0.00738	0.01289	0.00886	0.01115
44	0.01340	0.01171	0.01805	0.01619	0.01872	0.01168	0.09224	0.01650	0.01909	0.02556	0.13176	0.26632	0.17294	0.02435	0.05901	0.00410	0.06465	0.01791	0.00736	0.00844
45	0.01201	0.00858	0.01041	0.01126	0.01218	0.00813	0.00756	0.01351	0.01699	0.02232	0.08890	0.28625	0.13009	0.25987	0.02343	0.00532	0.00651	0.06249	0.00739	0.00681
46	0.01268	0.00919	0.01084	0.01125	0.01296	0.00862	0.00791	0.03908	0.02001	0.02683	0.14948	0.30167	0.19401	0.09155	0.01418	0.00374	0.00537	0.01922	0.05367	0.00775
47	0.01172	0.00866	0.01111	0.01251	0.01395	0.00804	0.00925	0.01420	0.01928	0.02525	0.11809	0.39285	0.16267	0.02536	0.01136	0.00353	0.00557	0.13051	0.00846	0.00764
48	0.08139	0.02014	0.02325	0.01793	0.02488	0.02068	0.01481	0.31312	0.03296	0.31688	0.02715	0.02509	0.01800	0.01074	0.00876	0.00273	0.00866	0.00828	0.00969	0.01487
49	0.15025	0.01100	0.01167	0.01191	0.01443	0.01119	0.00878	0.01850	0.06164	0.02867	0.11324	0.24581	0.16392	0.06820	0.01238	0.00360	0.00580	0.04288	0.00781	0.00833
50	0.02148	0.01489	0.01714	0.01565	0.01969	0.01573	0.01231	0.07319	0.24102	0.11474	0.07819	0.08132	0.08642	0.06909	0.01277	0.00359	0.00716	0.09518	0.00888	0.01156
51	0.03342	0.04264	0.02535	0.02305	0.02766	0.64967	0.01729	0.03572	0.02535	0.02190	0.01383	0.01613	0.01152	0.00922	0.00807	0.00230	0.01613	0.00576	0.00461	0.01037
52	0.01076	0.00835	0.00980	0.01096	0.01258	0.00739	0.00764	0.01263	0.01857	0.02343	0.06755	0.41773	0.30942	0.02566	0.01105	0.00336	0.00490	0.02254	0.00831	0.00739
53	0.01780	0.01320	0.01494	0.01399	0.01699	0.01345	0.01057	0.17673	0.02464	0.03219	0.04836	0.24316	0.17159	0.09604	0.01448	0.00384	0.00699	0.06347	0.00815	0.00942
54	0.01294	0.00966	0.01119	0.01071	0.01315	0.00904	0.00794	0.01761	0.05939	0.03101	0.34293	0.06764	0.23836	0.06199	0.01243	0.00322	0.00478	0.01585	0.06184	0.00832
55	0.02089	0.01284	0.01331	0.01178	0.01521	0.01366	0.00922	0.14891	0.07089	0.03868	0.02808	0.03077	0.02160	0.01063	0.00707	0.00229	0.00563	0.00842	0.51984	0.01029
56	0.01444	0.00982	0.01214	0.01254	0.01393	0.00973	0.00885	0.01812	0.06483	0.05028	0.11503	0.23615	0.04842	0.24422	0.02256	0.00519	0.00689	0.09134	0.00771	0.00781
57	0.01126	0.00822	0.01017	0.01142	0.01239	0.00759	0.00765	0.01289	0.01763	0.02313	0.09060	0.45132	0.15319	0.11970	0.01606	0.00419	0.00551	0.02196	0.00800	0.00713
58	0.01199	0.00872	0.00942	0.00965	0.01116	0.00801	0.00639	0.01345	0.01708	0.02206	0.05762	0.13594	0.29209	0.27781	0.02382	0.00520	0.00617	0.01656	0.06010	0.00676
59	0.02939	0.02169	0.02414	0.01923	0.02518	0.02414	0.01574	0.47294	0.03604	0.04864	0.02202	0.02445	0.01677	0.02300	0.14840	0.00523	0.01292	0.00839	0.00805	0.01364
60	0.01311	0.00987	0.01191	0.01169	0.01384	0.00868	0.00793	0.01482	0.01653	0.02281	0.03893	0.33116	0.07751	0.20044	0.01953	0.00445	0.00640	0.01729	0.00687	0.16621
61	0.01268	0.00874	0.00976	0.00973	0.01021	0.00852	0.00573	0.01315	0.01449	0.01901	0.06139	0.06247	0.11168	0.57156	0.03953	0.00769	0.00795	0.01390	0.00598	0.00582
62	0.01880	0.01477	0.01662	0.01663	0.01950	0.05322	0.01342	0.14207	0.02450	0.03168	0.04029	0.24211	0.04341	0.02170	0.01110	0.00356	0.00822	0.26065	0.00818	0.00959
63	0.27244	0.02369	0.02312	0.13042	0.15169	0.17248	0.01785	0.02788	0.01942	0.03002	0.01591	0.02213	0.01341	0.00935	0.00771	0.00273	0.01079	0.03324	0.00496	0.01074
64	0.18035	0.02335	0.07399	0.07073	0.38703	0.06170	0.02321	0.02758	0.01935	0.03075	0.01558	0.01994	0.01271	0.00821	0.00806	0.00269	0.01043	0.00705	0.00461	0.01268
65	0.13530	0.02780	0.06530	0.07110	0.21918	0.19093	0.02059	0.07225	0.06078	0.03096	0.01686	0.01996	0.01339	0.00892	0.00815	0.00264	0.01151	0.00696	0.00521	0.01222
66	0.06079	0.07497	0.12958	0.05658	0.17186	0.19666	0.02205	0.12707	0.02471	0.03140	0.01613	0.01904	0.01267	0.00891	0.00824	0.00256	0.01225	0.00680	0.00514	0.01258
67	0.06770	0.28045	0.33765	0.02174	0.03211	0.02626	0.06606	0.02766	0.01855	0.02644	0.01464	0.01732	0.01144	0.00811	0.00744	0.00250	0.01160	0.00611	0.00396	0.01227
68	0.02897	0.21391	0.03090	0.02061	0.02574	0.38912	0.01667	0.03322	0.06911	0.02287	0.01509	0.01727	0.01278	0.00950	0.00907	0.00237	0.06118	0.00599	0.00470	0.01093

[dist]
# distance from previous block
# <min> <max>
0	1

[block]
# block no. 2 follows, 19 sequences, length 179
# corresponding to MSA columns:
# 294-472
name=unknown_C
#
# <colnr> <probs for GDERKNQSTAVLIFYWHMCP>
#	G	D	E	R	K	N	Q	S	T	A	V	L	I	F	Y	W	H	M	C	P
0	0.01796	0.09105	0.25986	0.02644	0.07061	0.01958	0.16378	0.02463	0.01906	0.02654	0.02378	0.16925	0.02288	0.01256	0.00943	0.00296	0.01136	0.01175	0.00503	0.01149
1	0.06435	0.21765	0.35054	0.02140	0.03156	0.07608	0.02451	0.06763	0.02060	0.02845	0.01506	0.01736	0.01156	0.00847	0.00758	0.00253	0.01187	0.00604	0.00432	0.01245
2	0.02945	0.02889	0.02325	0.01972	0.02492	0.26939	0.01545	0.26271	0.03134	0.03725	0.07218	0.02811	0.06163	0.01419	0.03864	0.00311	0.01216	0.00862	0.00707	0.01189
3	0.06054	0.01745	0.01985	0.01623	0.02232	0.01765	0.01297	0.09148	0.23871	0.18940	0.06589	0.02999	0.02498	0.01093	0.00853	0.00260	0.00721	0.00889	0.00878	0.14560
4	0.01090	0.00901	0.00956	0.00956	0.01232	0.00767	0.00712	0.01343	0.02097	0.02585	0.16856	0.11212	0.51751	0.02227	0.01061	0.00302	0.00452	0.01880	0.00854	0.00767
5	0.01156	0.00867	0.01072	0.01113	0.01292	0.00783	0.00800	0.01441	0.02136	0.02863	0.30085	0.27819	0.20775	0.02264	0.01085	0.00314	0.00462	0.01996	0.00895	0.00783
6	0.01907	0.01885	0.05908	0.13585	0.37371	0.01818	0.02236	0.02354	0.01826	0.02553	0.01922	0.03046	0.01783	0.16123	0.01714	0.00407	0.01051	0.00904	0.00455	0.01150
7	0.01088	0.00878	0.00968	0.01007	0.01243	0.00759	0.00732	0.01320	0.02020	0.02515	0.13988	0.21810	0.43867	0.02339	0.01076	0.00314	0.00465	0.02007	0.00848	0.00759
8	0.01278	0.00959	0.01438	0.01438	0.01598	0.01118	0.01118	0.01598	0.01438	0.02077	0.02396	0.03515	0.02237	0.06710	0.65013	0.01438	0.02396	0.00959	0.00479	0.00799
9	0.01446	0.01045	0.01294	0.01360	0.01521	0.01040	0.00961	0.10061	0.02136	0.02865	0.08037	0.54379	0.05414	0.02485	0.01100	0.00344	0.00583	0.02227	0.00850	0.00853
10	0.01900	0.01794	0.02890	0.04245	0.46181	0.01753	0.02184	0.02348	0.02038	0.02785	0.03690	0.03953	0.18058	0.01196	0.00932	0.00276	0.00897	0.01094	0.00548	0.01237
11	0.01229	0.00879	0.00955	0.00955	0.01045	0.00834	0.00583	0.01296	0.01520	0.01937	0.04674	0.06673	0.20888	0.48864	0.03515	0.00699	0.00744	0.01475	0.00628	0.00605
12	0.01090	0.00779	0.01038	0.01246	0.01298	0.00727	0.00830	0.01246	0.01713	0.02284	0.04931	0.67975	0.05917	0.02803	0.01142	0.00363	0.00519	0.02543	0.00830	0.00727
13	0.02208	0.02143	0.03732	0.05386	0.59411	0.02134	0.06231	0.02753	0.02042	0.02919	0.01691	0.02226	0.01413	0.00795	0.00896	0.00268	0.01090	0.00813	0.00443	0.01404
14	0.01255	0.00935	0.01191	0.06379	0.01621	0.00918	0.00891	0.01489	0.01866	0.02480	0.18567	0.17652	0.14220	0.21398	0.02083	0.00477	0.00656	0.04442	0.00749	0.00732
15	0.01157	0.00910	0.01045	0.01011	0.01270	0.00798	0.00759	0.01478	0.02276	0.02978	0.34678	0.07686	0.36650	0.02056	0.01056	0.00292	0.00438	0.01759	0.00905	0.00798
16	0.01668	0.00834	0.00834	0.00834	0.01042	0.00834	0.00625	0.02085	0.01876	0.03335	0.02918	0.03335	0.02293	0.01042	0.00625	0.00208	0.00417	0.00834	0.73525	0.00834
17	0.01724	0.01611	0.02641	0.62257	0.05915	0.02003	0.02416	0.02444	0.05618	0.02379	0.01722	0.02446	0.01291	0.00915	0.00895	0.00298	0.01161	0.00809	0.00430	0.01021
18	0.01692	0.00984	0.01215	0.01162	0.01405	0.00888	0.00834	0.01914	0.02004	0.13715	0.15132	0.20476	0.17670	0.14762	0.01715	0.00416	0.00599	0.01699	0.00853	0.00864
19	0.07478	0.01659	0.01948	0.01626	0.02143	0.01682	0.01289	0.21850	0.02810	0.23956	0.03309	0.20303	0.02913	0.01540	0.00942	0.00298	0.00765	0.01289	0.00927	0.01271
20	0.01083	0.00807	0.01008	0.01169	0.01277	0.00733	0.00796	0.01254	0.01787	0.02314	0.05864	0.54564	0.18726	0.02682	0.01123	0.00350	0.00504	0.02395	0.00831	0.00733
21	0.01554	0.00777	0.01166	0.01166	0.01166	0.00777	0.00777	0.01166	0.01166	0.01554	0.01554	0.02720	0.01554	0.03108	0.03497	0.73970	0.00777	0.00777	0.00389	0.00389
22	0.01356	0.00926	0.01174	0.01246	0.01408	0.00869	0.00880	0.04116	0.02032	0.05517	0.14744	0.46143	0.11327	0.02433	0.01097	0.00336	0.00529	0.02172	0.00872	0.00822
23	0.01339	0.00912	0.01102	0.01158	0.01214	0.00912	0.00787	0.01451	0.01507	0.01991	0.03340	0.07007	0.03768	0.50588	0.03651	0.00744	0.00856	0.16435	0.00619	0.00619
24	0.74878	0.01730	0.01315	0.01177	0.01730	0.02007	0.00969	0.02630	0.01523	0.04014	0.01246	0.01453	0.00969	0.00830	0.00554	0.00277	0.00692	0.00484	0.00554	0.00969
25	0.01173	0.00911	0.01067	0.01028	0.01279	0.00804	0.00771	0.01508	0.02312	0.03065	0.38634	0.07544	0.32639	0.02024	0.01056	0.00291	0.00436	0.01739	0.00916	0.00804
26	0.03342	0.04264	0.02535	0.02305	0.02766	0.64967	0.01729	0.03572	0.02535	0.02190	0.01383	0.01613	0.01152	0.00922	0.00807	0.00230	0.01613	0.00576	0.00461	0.01037
27	0.01946	0.08853	0.15380	0.27891	0.23580	0.02199	0.02640	0.02580	0.01891	0.02582	0.01590	0.02140	0.01249	0.00842	0.00852	0.00275	0.01154	0.00739	0.00407	0.01210
28	0.01073	0.00899	0.00933	0.00941	0.01222	0.00759	0.00699	0.01307	0.02050	0.02482	0.12176	0.12120	0.55735	0.02271	0.01062	0.00305	0.00455	0.01911	0.00840	0.00759
29	0.01794	0.04628	0.63923	0.02550	0.03872	0.02078	0.03305	0.02833	0.01889	0.02833	0.01606	0.01889	0.01133	0.00850	0.00850	0.00283	0.01322	0.00661	0.00378	0.01322
30	0.03379	0.03166	0.02629	0.02151	0.02771	0.26128	0.01711	0.38808	0.03579	0.04343	0.01861	0.01947	0.01383	0.01017	0.00862	0.00254	0.01221	0.00719	0.00732	0.01340
31	0.02358	0.02851	0.06998	0.02406	0.02727	0.22407	0.06600	0.02675	0.01842	0.02264	0.01399	0.01978	0.01246	0.01569	0.05870	0.00391	0.32224	0.00742	0.00423	0.01028
32	0.01333	0.01039	0.01543	0.01512	0.01658	0.01250	0.01186	0.01643	0.01432	0.02083	0.02297	0.03389	0.02151	0.06293	0.59989	0.01353	0.07619	0.00944	0.00472	0.00813
33	0.01090	0.00779	0.01038	0.01246	0.01298	0.00727	0.00830	0.01246	0.01713	0.02284	0.04931	0.67975	0.05917	0.02803	0.01142	0.00363	0.00519	0.02543	0.00830	0.00727
34	0.01668	0.00834	0.00834	0.00834	0.01042	0.00834	0.00625	0.02085	0.01876	0.03335	0.02918	0.03335	0.02293	0.01042	0.00625	0.00208	0.00417	0.00834	0.73525	0.00834
35	0.02392	0.69097	0.04688	0.01531	0.02296	0.03540	0.01531	0.02679	0.01818	0.02105	0.01244	0.01435	0.01148	0.00765	0.00574	0.00191	0.00957	0.00478	0.00383	0.01148
36	0.02796	0.07487	0.02479	0.02249	0.05331	0.42330	0.01691	0.03195	0.05321	0.02393	0.02168	0.03401	0.02038	0.01229	0.00886	0.00269	0.01344	0.11805	0.00550	0.01038
37	0.01971	0.23665	0.46432	0.02249	0.03407	0.02510	0.02781	0.02788	0.01868	0.02618	0.01499	0.01755	0.01138	0.00825	0.00769	0.00256	0.01214	0.00607	0.00379	0.01271
38	0.01554	0.00777	0.01166	0.01166	0.01166	0.00777	0.00777	0.01166	0.01166	0.01554	0.01554	0.02720	0.01554	0.03108	0.03497	0.73970	0.00777	0.00777	0.00389	0.00389
39	0.01855	0.01590	0.01855	0.01325	0.02120	0.01193	0.01060	0.02253	0.01855	0.02915	0.01590	0.01855	0.01325	0.00663	0.00663	0.00133	0.00663	0.00530	0.00530	0.74028
40	0.02214	0.02126	0.03631	0.05491	0.62978	0.02126	0.02746	0.02746	0.02037	0.02923	0.01683	0.02214	0.01417	0.00797	0.00886	0.00266	0.01063	0.00797	0.00443	0.01417
41	0.03342	0.04264	0.02535	0.02305	0.02766	0.64967	0.01729	0.03572	0.02535	0.02190	0.01383	0.01613	0.01152	0.00922	0.00807	0.00230	0.01613	0.00576	0.00461	0.01037
42	0.01057	0.00906	0.00906	0.00906	0.01208	0.00755	0.00680	0.01284	0.02039	0.02417	0.09063	0.08610	0.62615	0.02266	0.01057	0.00302	0.00453	0.01888	0.00831	0.00755
43	0.01266	0.00914	0.01196	0.01126	0.01337	0.00844	0.00844	0.01688	0.02532	0.03588	0.62506	0.06683	0.08441	0.01829	0.01055	0.00281	0.00422	0.01618	0.00985	0.00844
44	0.03582	0.02216	0.02505	0.01921	0.02630	0.02343	0.01587	0.43566	0.03720	0.22753	0.02556	0.02413	0.01726	0.01084	0.00896	0.00271	0.00919	0.00833	0.00958	0.01522
45	0.03342	0.04264	0.02535	0.02305	0.02766	0.64967	0.01729	0.03572	0.02535	0.02190	0.01383	0.01613	0.01152	0.00922	0.00807	0.00230	0.01613	0.00576	0.00461	0.01037
46	0.01957	0.01957	0.02740	0.02349	0.02349	0.02740	0.01957	0.02153	0.01370	0.02153	0.01174	0.01957	0.01174	0.01566	0.02936	0.00391	0.66921	0.00783	0.00391	0.00979
47	0.01314	0.01035	0.01200	0.01137	0.01415	0.00983	0.00859	0.01928	0.09565	0.03216	0.37455	0.06917	0.25836	0.01900	0.01038	0.00291	0.00467	0.01634	0.00924	0.00884
48	0.03401	0.02506	0.02685	0.02058	0.02774	0.02774	0.01700	0.59995	0.04206	0.05638	0.02148	0.02148	0.01521	0.01074	0.00895	0.00268	0.00984	0.00805	0.00895	0.01521
49	0.07961	0.01497	0.01978	0.01539	0.02194	0.01326	0.01266	0.04096	0.02499	0.56467	0.07005	0.03175	0.02523	0.01135	0.00889	0.00277	0.00737	0.00920	0.01068	0.01449
50	0.01148	0.00830	0.01085	0.01190	0.01307	0.00767	0.00828	0.01396	0.02004	0.02728	0.24478	0.44609	0.09403	0.02450	0.01109	0.00333	0.00483	0.02202	0.00882	0.00767
51	0.02392	0.69097	0.04688	0.01531	0.02296	0.03540	0.01531	0.02679	0.01818	0.02105	0.01244	0.01435	0.01148	0.00765	0.00574	0.00191	0.00957	0.00478	0.00383	0.01148
52	0.01878	0.01610	0.01865	0.01355	0.02133	0.01256	0.01082	0.02406	0.05495	0.02966	0.01716	0.01946	0.01411	0.00696	0.00678	0.00143	0.00665	0.00559	0.00553	0.69586
53	0.01190	0.00848	0.00982	0.01045	0.01119	0.00803	0.00657	0.01281	0.01568	0.02033	0.04660	0.25442	0.15407	0.35721	0.02839	0.00605	0.00681	0.01794	0.00686	0.00639
54	0.01283	0.00938	0.01333	0.01333	0.01457	0.01062	0.00988	0.01531	0.01407	0.02000	0.02492	0.04043	0.02466	0.20682	0.51355	0.01309	0.02051	0.01036	0.00493	0.00741
55	0.01301	0.00867	0.00976	0.00976	0.00976	0.00867	0.00542	0.01301	0.01301	0.01735	0.02819	0.05855	0.03253	0.68559	0.04554	0.00867	0.00867	0.01301	0.00542	0.00542
56	0.01057	0.00906	0.00906	0.00906	0.01208	0.00755	0.00680	0.01284	0.02039	0.02417	0.09063	0.08610	0.62615	0.02266	0.01057	0.00302	0.00453	0.01888	0.00831	0.00755
57	0.02999	0.02380	0.03073	0.10187	0.03473	0.02602	0.10477	0.44389	0.03597	0.04813	0.02029	0.02217	0.01457	0.01004	0.00919	0.00277	0.01088	0.00842	0.00768	0.01410
58	0.01821	0.04467	0.60048	0.02739	0.07671	0.02081	0.03269	0.02828	0.01898	0.02839	0.01610	0.01910	0.01152	0.00847	0.00852	0.00282	0.01306	0.00670	0.00382	0.01328
59	0.01940	0.01889	0.02624	0.02256	0.02269	0.02624	0.01876	0.02149	0.01401	0.02225	0.01281	0.02042	0.01243	0.01534	0.02795	0.00380	0.62853	0.00786	0.04865	0.00970
60	0.04014	0.01523	0.02076	0.01592	0.02284	0.01315	0.01315	0.04360	0.02561	0.63597	0.03530	0.03045	0.02215	0.01107	0.00900	0.00277	0.00761	0.00900	0.01107	0.01523
61	0.01777	0.00939	0.00950	0.00911	0.01151	0.00956	0.00693	0.05731	0.02023	0.03480	0.02870	0.03261	0.02245	0.01044	0.00642	0.00212	0.00453	0.00832	0.68952	0.00877
62	0.03401	0.02506	0.02685	0.02058	0.02774	0.02774	0.01700	0.59995	0.04206	0.05638	0.02148	0.02148	0.01521	0.01074	0.00895	0.00268	0.00984	0.00805	0.00895	0.01521
63	0.01301	0.00867	0.00976	0.00976	0.00976	0.00867	0.00542	0.01301	0.01301	0.01735	0.02819	0.05855	0.03253	0.68559	0.04554	0.00867	0.00867	0.01301	0.00542	0.00542
64	0.01266	0.00914	0.01196	0.01126	0.01337	0.00844	0.00844	0.01688	0.02532	0.03588	0.62506	0.06683	0.08441	0.01829	0.01055	0.00281	0.00422	0.01618	0.00985	0.00844
65	0.04014	0.01523	0.02076	0.01592	0.02284	0.01315	0.01315	0.04360	0.02561	0.63597	0.03530	0.03045	0.02215	0.01107	0.00900	0.00277	0.00761	0.00900	0.01107	0.01523
66	0.02214	0.02126	0.03631	0.05491	0.62978	0.02126	0.02746	0.02746	0.02037	0.02923	0.01683	0.02214	0.01417	0.00797	0.00886	0.00266	0.01063	0.00797	0.00443	0.01417
67	0.02136	0.02046	0.03490	0.14604	0.54479	0.02105	0.02707	0.02677	0.02000	0.02828	0.01669	0.02240	0.01384	0.00812	0.00887	0.00271	0.01082	0.00797	0.00436	0.01354
68	0.03401	0.02506	0.02685	0.02058	0.02774	0.02774	0.01700	0.59995	0.04206	0.05638	0.02148	0.02148	0.01521	0.01074	0.00895	0.00268	0.00984	0.00805	0.00895	0.01521
69	0.01165	0.00867	0.01095	0.01258	0.01361	0.00832	0.00858	0.01490	0.05834	0.02395	0.05177	0.58733	0.10287	0.02650	0.01119	0.00354	0.00527	0.02385	0.00836	0.00776
70	0.02076	0.01797	0.02684	0.51871	0.05397	0.02165	0.02307	0.15323	0.02335	0.03043	0.01716	0.02332	0.01267	0.00935	0.00895	0.00291	0.01146	0.00797	0.00510	0.01113
71	0.02333	0.07767	0.03544	0.07769	0.48357	0.09479	0.02517	0.02813	0.02065	0.02741	0.01608	0.02090	0.01354	0.00814	0.00852	0.00257	0.01124	0.00746	0.00438	0.01331
72	0.02392	0.69097	0.04688	0.01531	0.02296	0.03540	0.01531	0.02679	0.01818	0.02105	0.01244	0.01435	0.01148	0.00765	0.00574	0.00191	0.00957	0.00478	0.00383	0.01148
73	0.01504	0.01101	0.01538	0.19111	0.02573	0.01176	0.01199	0.01780	0.01774	0.05367	0.12350	0.10703	0.07416	0.26011	0.02288	0.00508	0.00825	0.01340	0.00644	0.00793
74	0.01240	0.00877	0.01013	0.01060	0.01141	0.00842	0.00687	0.01340	0.01561	0.02020	0.04428	0.15203	0.14708	0.41476	0.03148	0.00654	0.00740	0.06571	0.00660	0.00632
75	0.01183	0.00911	0.01081	0.01038	0.01286	0.00809	0.00779	0.01528	0.02336	0.03122	0.41273	0.07448	0.29965	0.02003	0.01056	0.00290	0.00434	0.01725	0.00924	0.00809
76	0.74878	0.01730	0.01315	0.01177	0.01730	0.02007	0.00969	0.02630	0.01523	0.04014	0.01246	0.01453	0.00969	0.00830	0.00554	0.00277	0.00692	0.00484	0.00554	0.00969
77	0.01409	0.00999	0.01275	0.01281	0.01533	0.00861	0.00907	0.01629	0.01787	0.05499	0.04106	0.49784	0.04694	0.02234	0.01021	0.00307	0.00564	0.02006	0.00776	0.17326
78	0.03401	0.02506	0.02685	0.02058	0.02774	0.02774	0.01700	0.59995	0.04206	0.05638	0.02148	0.02148	0.01521	0.01074	0.00895	0.00268	0.00984	0.00805	0.00895	0.01521
79	0.01209	0.00912	0.01117	0.01066	0.01302	0.00820	0.00799	0.01578	0.02398	0.03269	0.47973	0.07207	0.23172	0.01948	0.01056	0.00287	0.00431	0.01691	0.00943	0.00820
80	0.01310	0.01119	0.01494	0.18867	0.02648	0.01172	0.01257	0.01758	0.05510	0.02426	0.05559	0.22981	0.26600	0.01977	0.01027	0.00318	0.00688	0.01718	0.00718	0.00853
81	0.03129	0.01371	0.01807	0.01451	0.01991	0.01232	0.01173	0.06113	0.02598	0.41774	0.19474	0.04006	0.03879	0.01299	0.00929	0.00274	0.00663	0.01088	0.04443	0.01306
82	0.01090	0.00779	0.01038	0.01246	0.01298	0.00727	0.00830	0.01246	0.01713	0.02284	0.04931	0.67975	0.05917	0.02803	0.01142	0.00363	0.00519	0.02543	0.00830	0.00727
83	0.01941	0.01847	0.03138	0.37211	0.33393	0.02054	0.02610	0.02506	0.01908	0.02591	0.01635	0.02303	0.01300	0.00848	0.00890	0.00283	0.01130	0.00796	0.00419	0.01197
84	0.01668	0.00834	0.00834	0.00834	0.01042	0.00834	0.00625	0.02085	0.01876	0.03335	0.02918	0.03335	0.02293	0.01042	0.00625	0.00208	0.00417	0.00834	0.73525	0.00834
85	0.01266	0.00914	0.01196	0.01126	0.01337	0.00844	0.00844	0.01688	0.02532	0.03588	0.62506	0.06683	0.08441	0.01829	0.01055	0.00281	0.00422	0.01618	0.00985	0.00844
86	0.01319	0.00836	0.00964	0.01021	0.01078	0.00822	0.00639	0.01448	0.01534	0.02219	0.03423	0.22478	0.03789	0.36389	0.02796	0.00591	0.00678	0.01547	0.15777	0.00654
87	0.01266	0.00914	0.01196	0.01126	0.01337	0.00844	0.00844	0.01688	0.02532	0.03588	0.62506	0.06683	0.08441	0.01829	0.01055	0.00281	0.00422	0.01618	0.00985	0.00844
88	0.01475	0.01267	0.01997	0.01801	0.01990	0.01521	0.06022	0.01806	0.01479	0.02155	0.02116	0.03128	0.01963	0.05245	0.47981	0.01146	0.14648	0.00933	0.00460	0.00866
89	0.01690	0.01590	0.02683	0.66408	0.06162	0.01988	0.02485	0.02286	0.01789	0.02286	0.01590	0.02385	0.01193	0.00894	0.00894	0.00298	0.01193	0.00795	0.00398	0.00994
90	0.01794	0.04628	0.63923	0.02550	0.03872	0.02078	0.03305	0.02833	0.01889	0.02833	0.01606	0.01889	0.01133	0.00850	0.00850	0.00283	0.01322	0.00661	0.00378	0.01322
91	0.02216	0.02095	0.03391	0.04942	0.53905	0.02141	0.02547	0.03046	0.10911	0.03045	0.01976	0.02382	0.01614	0.00859	0.00889	0.00271	0.01010	0.00829	0.00513	0.01417
92	0.03023	0.02148	0.02370	0.01812	0.02497	0.02234	0.01474	0.40768	0.03441	0.09564	0.02195	0.02398	0.01649	0.05247	0.01081	0.00281	0.00898	0.00792	0.00820	0.15307
93	0.01794	0.04628	0.63923	0.02550	0.03872	0.02078	0.03305	0.02833	0.01889	0.02833	0.01606	0.01889	0.01133	0.00850	0.00850	0.00283	0.01322	0.00661	0.00378	0.01322
94	0.02392	0.69097	0.04688	0.01531	0.02296	0.03540	0.01531	0.02679	0.01818	0.02105	0.01244	0.01435	0.01148	0.00765	0.00574	0.00191	0.00957	0.00478	0.00383	0.01148
95	0.01690	0.01590	0.02683	0.66408	0.06162	0.01988	0.02485	0.02286	0.01789	0.02286	0.01590	0.02385	0.01193	0.00894	0.00894	0.00298	0.01193	0.00795	0.00398	0.00994
96	0.02181	0.02092	0.03572	0.09327	0.59400	0.02117	0.02729	0.02717	0.02021	0.02883	0.01677	0.02225	0.01403	0.00803	0.00886	0.00268	0.01071	0.00797	0.00440	0.01390
