[name]
unknown

[dist]
# distance from previous block
# <min> <max>
0	25

[block]
# block no. 0 follows, 21 sequences, length 13
# corresponding to MSA columns:
# 25-37
name=unknown_A
#
# <colnr> <probs for GDERKNQSTAVLIFYWHMCP>
#	G	D	E	R	K	N	Q	S	T	A	V	L	I	F	Y	W	H	M	C	P
0	0.01194	0.00851	0.01093	0.01214	0.01326	0.00820	0.00899	0.01406	0.01718	0.02261	0.08320	0.27756	0.09579	0.17568	0.01829	0.00458	0.00647	0.19635	0.00736	0.00690
1	0.01421	0.01204	0.01620	0.12274	0.02290	0.01232	0.01205	0.01706	0.01628	0.02281	0.03040	0.21889	0.07551	0.05727	0.05197	0.00366	0.07823	0.01280	0.00571	0.19695
2	0.02115	0.01654	0.02566	0.02416	0.10550	0.01668	0.13634	0.03117	0.19331	0.12129	0.05904	0.11861	0.02886	0.01297	0.00944	0.00293	0.00850	0.04872	0.00736	0.01176
3	0.01810	0.01828	0.01466	0.01405	0.01592	0.21128	0.00986	0.01985	0.01840	0.02151	0.12542	0.10165	0.03435	0.25458	0.08098	0.00552	0.01077	0.01154	0.00581	0.00747
4	0.01734	0.02530	0.21536	0.02900	0.12509	0.01845	0.18069	0.02337	0.01794	0.02552	0.02157	0.14992	0.02053	0.01200	0.01113	0.00296	0.07704	0.01104	0.00472	0.01101
5	0.02030	0.02045	0.02048	0.28922	0.03532	0.19758	0.01662	0.02442	0.01903	0.02374	0.01760	0.02284	0.01400	0.01170	0.04247	0.00298	0.01130	0.00702	0.15878	0.04417
6	0.01537	0.01369	0.02045	0.02778	0.27476	0.01287	0.01526	0.01869	0.01844	0.02509	0.04079	0.20670	0.17721	0.01570	0.00925	0.00273	0.00704	0.01408	0.00612	0.07799
7	0.01963	0.01639	0.01866	0.01887	0.07811	0.08407	0.01342	0.05563	0.08288	0.08270	0.03273	0.03588	0.12117	0.02873	0.21323	0.00613	0.06569	0.00983	0.00617	0.01007
8	0.01516	0.01178	0.01582	0.18212	0.02587	0.01319	0.01292	0.04959	0.09037	0.02622	0.03231	0.21067	0.05744	0.02109	0.08538	0.00413	0.00890	0.01302	0.11507	0.00894
9	0.01825	0.01356	0.01614	0.08291	0.02068	0.01454	0.01133	0.20097	0.02286	0.03033	0.03216	0.22541	0.05995	0.19064	0.01809	0.00430	0.00778	0.01406	0.00697	0.00908
10	0.02055	0.01972	0.02957	0.26384	0.28761	0.05583	0.04864	0.06217	0.07621	0.02753	0.01756	0.02234	0.01378	0.00847	0.00851	0.00267	0.01066	0.00776	0.00474	0.01185
11	0.13934	0.01221	0.01320	0.01252	0.01514	0.01318	0.00910	0.02448	0.17008	0.06222	0.02785	0.12797	0.02633	0.14113	0.01827	0.11613	0.00671	0.01092	0.04457	0.00862
12	0.01902	0.01101	0.01453	0.01337	0.01640	0.01022	0.01005	0.02148	0.01891	0.18384	0.08373	0.34676	0.04074	0.01849	0.01073	0.00292	0.04932	0.01601	0.00805	0.10444

[dist]
# distance from previous block
# <min> <max>
7	9

[block]
# block no. 1 follows, 21 sequences, length 55
# corresponding to MSA columns:
# 47-101
name=unknown_B
#
# <colnr> <probs for GDERKNQSTAVLIFYWHMCP>
#	G	D	E	R	K	N	Q	S	T	A	V	L	I	F	Y	W	H	M	C	P
0	0.02531	0.01778	0.01988	0.01649	0.02165	0.01922	0.01318	0.23389	0.23294	0.11994	0.15090	0.03389	0.03227	0.01213	0.00887	0.00270	0.00715	0.00997	0.00899	0.01286
1	0.02186	0.02168	0.03942	0.06305	0.20427	0.02214	0.29680	0.11275	0.02212	0.03049	0.01679	0.02171	0.01309	0.00840	0.01075	0.00280	0.06612	0.00872	0.00483	0.01220
2	0.03098	0.02370	0.02476	0.01903	0.02582	0.05055	0.01563	0.54123	0.03733	0.04995	0.01965	0.01997	0.01416	0.00980	0.00828	0.00242	0.00932	0.00733	0.00803	0.08206
3	0.21067	0.01318	0.01524	0.01509	0.06405	0.01290	0.01066	0.02375	0.01844	0.15424	0.07732	0.10557	0.07157	0.06812	0.01088	0.00311	0.00660	0.03353	0.00710	0.07798
4	0.01212	0.00878	0.01108	0.01233	0.01343	0.00848	0.00850	0.06056	0.01833	0.02434	0.04649	0.61467	0.07844	0.02512	0.01064	0.00336	0.00526	0.02260	0.00795	0.00753
5	0.02903	0.02228	0.02515	0.01984	0.02519	0.02568	0.01639	0.48587	0.03403	0.04622	0.01885	0.02064	0.01415	0.01328	0.03923	0.00323	0.13253	0.00768	0.00748	0.01325
6	0.03106	0.03501	0.02529	0.02380	0.07614	0.46485	0.01716	0.17058	0.02746	0.02908	0.01509	0.01700	0.01199	0.00901	0.00793	0.00230	0.01352	0.00616	0.00534	0.01124
7	0.05476	0.20154	0.45039	0.02120	0.03178	0.05222	0.02565	0.02682	0.01791	0.02555	0.01419	0.01661	0.01075	0.00791	0.00730	0.00246	0.01158	0.00575	0.00372	0.01190
8	0.02681	0.13953	0.02999	0.02800	0.17320	0.36407	0.01861	0.02974	0.02107	0.02233	0.01347	0.01669	0.01157	0.00871	0.00904	0.00233	0.06384	0.00598	0.00418	0.01085
9	0.01047	0.00760	0.00989	0.01150	0.01230	0.00702	0.00779	0.01220	0.01715	0.02279	0.09627	0.59725	0.10527	0.02553	0.01073	0.00335	0.00482	0.02301	0.00801	0.00702
10	0.02457	0.02710	0.02868	0.09600	0.31603	0.25866	0.02134	0.03010	0.06841	0.02528	0.01632	0.01993	0.01332	0.00841	0.00817	0.00246	0.01189	0.00696	0.00458	0.01178
11	0.02084	0.01964	0.03144	0.07625	0.51026	0.02032	0.02379	0.02925	0.12639	0.02887	0.01922	0.02301	0.01556	0.00832	0.00847	0.00260	0.00958	0.00794	0.00497	0.01329
12	0.01006	0.00862	0.00862	0.00862	0.01149	0.00718	0.00647	0.01221	0.01940	0.02299	0.08621	0.08190	0.64438	0.02155	0.01006	0.00287	0.00431	0.01796	0.00790	0.00718
13	0.02098	0.02044	0.03580	0.05092	0.59948	0.02032	0.07346	0.02621	0.01943	0.02776	0.01610	0.02121	0.01343	0.00755	0.00855	0.00255	0.01045	0.00778	0.00422	0.01332
14	0.01929	0.19389	0.37476	0.02821	0.16937	0.02313	0.02630	0.02642	0.01812	0.02552	0.01463	0.01764	0.01141	0.00778	0.00755	0.00245	0.01121	0.00617	0.00374	0.01239
15	0.01146	0.00786	0.00955	0.01046	0.01068	0.00764	0.00641	0.01214	0.01417	0.01889	0.03600	0.34806	0.04252	0.39274	0.02848	0.00606	0.00674	0.01778	0.00641	0.00596
16	0.01607	0.01513	0.02552	0.68047	0.05861	0.01891	0.02363	0.02174	0.01702	0.02174	0.01513	0.02269	0.01134	0.00851	0.00851	0.00284	0.01134	0.00756	0.00378	0.00945
17	0.02106	0.02022	0.03454	0.05223	0.64784	0.02022	0.02612	0.02612	0.01938	0.02780	0.01601	0.02106	0.01348	0.00758	0.00842	0.00253	0.01011	0.00758	0.00421	0.01348
18	0.01737	0.01052	0.01231	0.01153	0.01497	0.00950	0.00887	0.02141	0.06646	0.16431	0.06283	0.16004	0.34367	0.01920	0.00981	0.00295	0.00539	0.04102	0.00854	0.00927
19	0.02117	0.01828	0.01924	0.01732	0.02213	0.02117	0.01347	0.04522	0.63246	0.03560	0.03464	0.03175	0.02598	0.01155	0.00866	0.00289	0.00673	0.00962	0.00866	0.01347
20	0.03179	0.04056	0.02412	0.02192	0.02631	0.66676	0.01644	0.03398	0.02412	0.02083	0.01315	0.01535	0.01096	0.00877	0.00767	0.00219	0.01535	0.00548	0.00438	0.00987
21	0.01037	0.00741	0.00987	0.01185	0.01234	0.00691	0.00790	0.01185	0.01629	0.02172	0.04690	0.69537	0.05629	0.02666	0.01086	0.00346	0.00494	0.02419	0.00790	0.00691
22	0.03235	0.02384	0.02554	0.01958	0.02639	0.02639	0.01618	0.61946	0.04001	0.05363	0.02043	0.02043	0.01447	0.01022	0.00851	0.00255	0.00936	0.00766	0.00851	0.01447
23	0.01089	0.00853	0.00962	0.00956	0.01176	0.00751	0.00695	0.01340	0.02008	0.02585	0.25239	0.11804	0.37717	0.07507	0.01277	0.00328	0.00458	0.01716	0.00814	0.00727
24	0.60053	0.01740	0.01496	0.01272	0.01831	0.01968	0.01048	0.11383	0.01897	0.08570	0.01471	0.01591	0.01086	0.00843	0.00599	0.00262	0.00704	0.00535	0.00613	0.01038
25	0.01102	0.00937	0.00958	0.00940	0.01238	0.00831	0.00708	0.01496	0.06713	0.02451	0.10938	0.07712	0.56897	0.02057	0.00995	0.00287	0.00448	0.01719	0.00803	0.00771
26	0.01586	0.00793	0.00793	0.00793	0.00991	0.00793	0.00595	0.01983	0.01785	0.03173	0.02776	0.03173	0.02181	0.00991	0.00595	0.00198	0.00397	0.00793	0.74817	0.00793
27	0.02068	0.01983	0.03386	0.09980	0.60322	0.02012	0.02593	0.02579	0.01920	0.02734	0.01594	0.02119	0.01332	0.00765	0.00843	0.00255	0.01020	0.00758	0.00418	0.01318
28	0.03122	0.08812	0.02604	0.02079	0.02598	0.46457	0.01623	0.17333	0.02739	0.02861	0.01479	0.01643	0.01180	0.00900	0.00770	0.00225	0.01343	0.00593	0.00531	0.01105
29	0.01043	0.00864	0.00914	0.00902	0.01173	0.00734	0.00676	0.01294	0.02029	0.02510	0.19195	0.07842	0.53732	0.02076	0.01005	0.00284	0.00425	0.01747	0.00818	0.00734
30	0.01037	0.00741	0.00987	0.01185	0.01234	0.00691	0.00790	0.01185	0.01629	0.02172	0.04690	0.69537	0.05629	0.02666	0.01086	0.00346	0.00494	0.02419	0.00790	0.00691
31	0.03188	0.03800	0.02433	0.02156	0.02632	0.56866	0.01640	0.12368	0.02655	0.02585	0.01427	0.01613	0.01150	0.00899	0.00780	0.00225	0.01443	0.00582	0.00502	0.01057
32	0.02187	0.02176	0.03375	0.04994	0.60078	0.06917	0.02538	0.02671	0.01974	0.02727	0.01579	0.02063	0.01329	0.00767	0.00837	0.00250	0.01051	0.00742	0.00423	0.01321
33	0.03179	0.04056	0.02412	0.02192	0.02631	0.66676	0.01644	0.03398	0.02412	0.02083	0.01315	0.01535	0.01096	0.00877	0.00767	0.00219	0.01535	0.00548	0.00438	0.00987
34	0.08320	0.34595	0.17876	0.01820	0.02589	0.17331	0.01846	0.02772	0.01877	0.02327	0.01293	0.01505	0.01076	0.00786	0.00655	0.00217	0.01112	0.00517	0.00393	0.01093
35	0.01216	0.00912	0.01368	0.01368	0.01520	0.01064	0.01064	0.01520	0.01368	0.01976	0.02279	0.03343	0.02127	0.06382	0.66720	0.01368	0.02279	0.00912	0.00456	0.00760
36	0.03046	0.13863	0.02713	0.02084	0.02565	0.57346	0.01617	0.03273	0.02311	0.02071	0.01296	0.01510	0.01096	0.00855	0.00735	0.00214	0.01443	0.00534	0.00428	0.01002
37	0.01149	0.00887	0.00945	0.00917	0.01208	0.00752	0.00692	0.01394	0.02023	0.05066	0.15825	0.07726	0.54336	0.02054	0.00999	0.00284	0.00439	0.01723	0.00821	0.00760
38	0.07297	0.03492	0.46547	0.02345	0.07911	0.01803	0.02592	0.02515	0.01871	0.02892	0.10689	0.02456	0.02103	0.00939	0.00818	0.00267	0.01068	0.00759	0.00461	0.01173
39	0.02412	0.02583	0.03002	0.11540	0.36898	0.21296	0.02255	0.05156	0.02133	0.02604	0.01523	0.01952	0.01252	0.00815	0.00821	0.00246	0.01179	0.00696	0.00438	0.01197
40	0.08881	0.02327	0.02453	0.01893	0.02562	0.02583	0.01564	0.57340	0.03803	0.05244	0.01977	0.01992	0.01407	0.01004	0.00826	0.00256	0.00915	0.00743	0.00826	0.01407
41	0.01101	0.00866	0.00994	0.00962	0.01208	0.00759	0.00722	0.01406	0.02165	0.02833	0.35327	0.07311	0.37399	0.01956	0.01005	0.00278	0.00417	0.01673	0.00861	0.00759
42	0.02798	0.32127	0.03275	0.01882	0.02442	0.39971	0.01565	0.03040	0.02124	0.02049	0.01260	0.01463	0.01094	0.00814	0.00674	0.00204	0.01271	0.00509	0.00407	0.01031
43	0.01233	0.00906	0.01341	0.01341	0.01495	0.01051	0.01042	0.01541	0.01387	0.02032	0.02303	0.03335	0.02130	0.06130	0.63621	0.01313	0.02191	0.00906	0.03941	0.00761
44	0.01024	0.00863	0.00888	0.00881	0.01161	0.00726	0.00661	0.01257	0.01983	0.02403	0.13802	0.08019	0.59193	0.02117	0.01006	0.00286	0.00428	0.01772	0.00804	0.00726
45	0.01238	0.00825	0.00928	0.00928	0.00928	0.00825	0.00516	0.01238	0.01238	0.01650	0.02681	0.05569	0.03094	0.70092	0.04331	0.00825	0.00825	0.01238	0.00516	0.00516
46	0.01924	0.02143	0.04518	0.03464	0.08820	0.02010	0.51513	0.02579	0.01997	0.02691	0.02345	0.02822	0.07090	0.00852	0.00992	0.00284	0.01310	0.01058	0.00463	0.01124
47	0.03179	0.04056	0.02412	0.02192	0.02631	0.66676	0.01644	0.03398	0.02412	0.02083	0.01315	0.01535	0.01096	0.00877	0.00767	0.00219	0.01535	0.00548	0.00438	0.00987
48	0.01178	0.00800	0.00946	0.01005	0.01020	0.00785	0.00598	0.01222	0.01354	0.01806	0.03281	0.24656	0.03850	0.49973	0.03363	0.00682	0.00726	0.01590	0.00598	0.00568
49	0.02959	0.03546	0.02529	0.07731	0.08594	0.50963	0.01789	0.07423	0.02425	0.02389	0.01410	0.01682	0.01148	0.00874	0.00787	0.00230	0.01412	0.00600	0.00462	0.01049
50	0.02245	0.02893	0.15708	0.05479	0.17160	0.16432	0.02120	0.03356	0.20273	0.02815	0.02073	0.02240	0.01599	0.00917	0.00826	0.00261	0.01084	0.00745	0.00543	0.01232
51	0.03195	0.03586	0.02452	0.02126	0.02633	0.48665	0.01637	0.19865	0.02859	0.03005	0.01520	0.01678	0.01195	0.00918	0.00791	0.00229	0.01366	0.00609	0.00555	0.01116
52	0.01219	0.00899	0.01301	0.01301	0.01430	0.01028	0.00981	0.01477	0.01348	0.01926	0.02340	0.03681	0.02274	0.16053	0.57250	0.01285	0.02059	0.00961	0.00465	0.00723
53	0.01735	0.04231	0.61224	0.02626	0.08061	0.01980	0.03106	0.02689	0.01807	0.02701	0.01532	0.01819	0.01097	0.00805	0.00811	0.00268	0.01240	0.00638	0.00364	0.01264
54	0.02656	0.02954	0.02877	0.06188	0.29568	0.31544	0.02089	0.07204	0.02292	0.02622	0.01499	0.01848	0.01232	0.00835	0.00809	0.00239	0.01250	0.00663	0.00458	0.01174

[dist]
# distance from previous block
# <min> <max>
0	1

[block]
# block no. 2 follows, 21 sequences, length 50
# corresponding to MSA columns:
# 103-152
name=unknown_C
#
# <colnr> <probs for GDERKNQSTAVLIFYWHMCP>
#	G	D	E	R	K	N	Q	S	T	A	V	L	I	F	Y	W	H	M	C	P
0	0.01939	0.22884	0.37339	0.02637	0.13926	0.02381	0.02569	0.02639	0.01802	0.02512	0.01442	0.01728	0.01129	0.00777	0.00740	0.00242	0.01115	0.00602	0.00371	0.01226
1	0.02279	0.06254	0.02645	0.03188	0.30522	0.01664	0.01888	0.02702	0.02057	0.16029	0.05578	0.04053	0.02582	0.01211	0.00905	0.00281	0.00865	0.13438	0.00655	0.01204
2	0.02036	0.02425	0.13718	0.04688	0.51933	0.02021	0.05485	0.02631	0.01918	0.02764	0.01594	0.02064	0.01301	0.00765	0.00845	0.00257	0.01071	0.00749	0.00412	0.01324
3	0.01030	0.00767	0.00960	0.01115	0.01216	0.00697	0.00759	0.01193	0.01697	0.02200	0.05543	0.56233	0.18382	0.02555	0.01069	0.00333	0.00480	0.02284	0.00790	0.00697
4	0.02179	0.01710	0.01953	0.01881	0.06343	0.01899	0.01369	0.04065	0.47419	0.09131	0.09468	0.03398	0.03016	0.01178	0.00877	0.00282	0.00673	0.00997	0.00860	0.01301
5	0.01707	0.04402	0.65683	0.02426	0.03683	0.01976	0.03144	0.02695	0.01797	0.02695	0.01527	0.01797	0.01078	0.00809	0.00809	0.00270	0.01258	0.00629	0.00359	0.01258
6	0.76103	0.01646	0.01251	0.01119	0.01646	0.01909	0.00922	0.02502	0.01448	0.03818	0.01185	0.01382	0.00922	0.00790	0.00527	0.00263	0.00658	0.00461	0.00527	0.00922
7	0.01220	0.00894	0.01278	0.01278	0.01400	0.01015	0.00953	0.01462	0.01341	0.01909	0.02361	0.03795	0.02324	0.19310	0.54061	0.01258	0.01984	0.00978	0.00468	0.00710
8	0.01269	0.01005	0.01615	0.01518	0.01718	0.01137	0.05161	0.01601	0.01411	0.02026	0.02242	0.03272	0.02071	0.06000	0.62279	0.01295	0.02222	0.00918	0.00454	0.00786
9	0.01586	0.00793	0.00793	0.00793	0.00991	0.00793	0.00595	0.01983	0.01785	0.03173	0.02776	0.03173	0.02181	0.00991	0.00595	0.00198	0.00397	0.00793	0.74817	0.00793
10	0.01078	0.00758	0.00975	0.01133	0.01172	0.00718	0.00734	0.01196	0.01550	0.02066	0.04283	0.56557	0.05114	0.16347	0.01745	0.00443	0.00561	0.02179	0.00734	0.00656
11	0.02199	0.01813	0.02294	0.16490	0.10461	0.02018	0.01709	0.21444	0.14965	0.03548	0.02944	0.05922	0.08139	0.01167	0.00879	0.00275	0.00864	0.00980	0.00691	0.01199
12	0.02711	0.02532	0.02837	0.02247	0.02836	0.16195	0.13714	0.29977	0.02969	0.03736	0.02136	0.10045	0.01839	0.01125	0.00892	0.00265	0.01114	0.00965	0.00669	0.01196
13	0.01900	0.02000	0.06597	0.22531	0.31970	0.02075	0.05824	0.02415	0.01774	0.02492	0.01508	0.02111	0.01235	0.00892	0.01137	0.00282	0.10941	0.00763	0.00399	0.01155
14	0.35444	0.22035	0.11712	0.01534	0.02215	0.10070	0.01485	0.02650	0.01694	0.02928	0.01250	0.01456	0.01014	0.00785	0.00602	0.00236	0.00922	0.00494	0.00445	0.01027
15	0.06850	0.03850	0.02360	0.02127	0.02582	0.60179	0.01607	0.06314	0.02444	0.02336	0.01346	0.01553	0.01105	0.00880	0.00759	0.00223	0.01460	0.00555	0.00464	0.01007
16	0.01421	0.01018	0.01406	0.01477	0.05673	0.00992	0.04035	0.03998	0.01915	0.02787	0.15700	0.24878	0.04419	0.08614	0.01258	0.00333	0.00588	0.01511	0.17162	0.00816
17	0.01397	0.01159	0.01259	0.01183	0.01506	0.01167	0.00902	0.02330	0.20747	0.02981	0.21949	0.06172	0.30508	0.01739	0.00963	0.00282	0.00497	0.01473	0.00853	0.00933
18	0.54051	0.01626	0.01497	0.01259	0.01827	0.01769	0.01038	0.05520	0.01817	0.19962	0.01790	0.01807	0.01254	0.00869	0.00627	0.00263	0.00688	0.00577	0.00678	0.01082
19	0.01016	0.00823	0.00903	0.00966	0.01177	0.00710	0.00693	0.01210	0.01840	0.02258	0.07354	0.27964	0.45482	0.02320	0.01032	0.00306	0.00451	0.01997	0.00790	0.00710
20	0.02255	0.01668	0.01822	0.01589	0.02074	0.01824	0.01249	0.09052	0.40038	0.11393	0.06852	0.03790	0.10079	0.01277	0.00887	0.00281	0.00661	0.01058	0.00883	0.01268
21	0.01707	0.04402	0.65683	0.02426	0.03683	0.01976	0.03144	0.02695	0.01797	0.02695	0.01527	0.01797	0.01078	0.00809	0.00809	0.00270	0.01258	0.00629	0.00359	0.01258
22	0.01037	0.00741	0.00987	0.01185	0.01234	0.00691	0.00790	0.01185	0.01629	0.02172	0.04690	0.69537	0.05629	0.02666	0.01086	0.00346	0.00494	0.02419	0.00790	0.00691
23	0.03191	0.03693	0.02442	0.02142	0.02633	0.52789	0.01638	0.16095	0.02756	0.02794	0.01473	0.01645	0.01172	0.00908	0.00786	0.00227	0.01405	0.00595	0.00528	0.01086
24	0.02346	0.01526	0.01605	0.01330	0.01751	0.01644	0.01066	0.29614	0.02806	0.04182	0.02438	0.02652	0.01843	0.01005	0.00713	0.00225	0.00645	0.00781	0.40733	0.01095
25	0.01217	0.00907	0.01343	0.01343	0.01487	0.01051	0.01033	0.01504	0.01360	0.01958	0.02302	0.03466	0.02181	0.09900	0.63275	0.01338	0.02199	0.00930	0.00459	0.00746
26	0.03118	0.03929	0.02384	0.02166	0.02607	0.63000	0.01627	0.03462	0.05875	0.02167	0.01438	0.01628	0.01182	0.00893	0.00773	0.00223	0.01486	0.00572	0.00463	0.01007
27	0.02275	0.70604	0.04459	0.01456	0.02184	0.03367	0.01456	0.02548	0.01729	0.02002	0.01183	0.01365	0.01092	0.00728	0.00546	0.00182	0.00910	0.00455	0.00364	0.01092
28	0.01037	0.00741	0.00987	0.01185	0.01234	0.00691	0.00790	0.01185	0.01629	0.02172	0.04690	0.69537	0.05629	0.02666	0.01086	0.00346	0.00494	0.02419	0.00790	0.00691
29	0.01059	0.00864	0.00936	0.00918	0.01182	0.00741	0.00689	0.01325	0.02066	0.02598	0.23583	0.07698	0.49290	0.02044	0.01005	0.00282	0.00423	0.01727	0.00830	0.00741
30	0.03262	0.02340	0.02527	0.01937	0.02617	0.02574	0.01600	0.59233	0.03928	0.08180	0.02105	0.02083	0.01478	0.01023	0.00852	0.00256	0.00926	0.00770	0.00861	0.01447
31	0.01707	0.04402	0.65683	0.02426	0.03683	0.01976	0.03144	0.02695	0.01797	0.02695	0.01527	0.01797	0.01078	0.00809	0.00809	0.00270	0.01258	0.00629	0.00359	0.01258
32	0.03184	0.03897	0.02425	0.02170	0.02632	0.60591	0.01642	0.08961	0.02563	0.02394	0.01385	0.01583	0.01130	0.00891	0.00775	0.00223	0.01478	0.00569	0.00478	0.01030
33	0.01006	0.00862	0.00862	0.00862	0.01149	0.00718	0.00647	0.01221	0.01940	0.02299	0.08621	0.08190	0.64438	0.02155	0.01006	0.00287	0.00431	0.01796	0.00790	0.00718
34	0.01684	0.01616	0.01946	0.01769	0.01872	0.08301	0.01402	0.01902	0.01434	0.01985	0.01738	0.02758	0.01696	0.09902	0.27508	0.00786	0.29609	0.00837	0.00425	0.00830
35	0.01238	0.00825	0.00928	0.00928	0.00928	0.00825	0.00516	0.01238	0.01238	0.01650	0.02681	0.05569	0.03094	0.70092	0.04331	0.00825	0.00825	0.01238	0.00516	0.00516
36	0.02106	0.02022	0.03454	0.05223	0.64784	0.02022	0.02612	0.02612	0.01938	0.02780	0.01601	0.02106	0.01348	0.00758	0.00842	0.00253	0.01011	0.00758	0.00421	0.01348
37	0.01707	0.04402	0.65683	0.02426	0.03683	0.01976	0.03144	0.02695	0.01797	0.02695	0.01527	0.01797	0.01078	0.00809	0.00809	0.00270	0.01258	0.00629	0.00359	0.01258
38	0.01037	0.00741	0.00987	0.01185	0.01234	0.00691	0.00790	0.01185	0.01629	0.02172	0.04690	0.69537	0.05629	0.02666	0.01086	0.00346	0.00494	0.02419	0.00790	0.00691
39	0.01037	0.00741	0.00987	0.01185	0.01234	0.00691	0.00790	0.01185	0.01629	0.02172	0.04690	0.69537	0.05629	0.02666	0.01086	0.00346	0.00494	0.02419	0.00790	0.00691
40	0.01055	0.00864	0.00930	0.00914	0.01180	0.00739	0.00685	0.01316	0.02056	0.02574	0.22398	0.07737	0.50489	0.02053	0.01005	0.00282	0.00424	0.01732	0.00826	0.00739
41	0.03179	0.04056	0.02412	0.02192	0.02631	0.66676	0.01644	0.03398	0.02412	0.02083	0.01315	0.01535	0.01096	0.00877	0.00767	0.00219	0.01535	0.00548	0.00438	0.00987
42	0.01030	0.00767	0.00960	0.01115	0.01216	0.00697	0.00759	0.01193	0.01697	0.02200	0.05543	0.56233	0.18382	0.02555	0.01069	0.00333	0.00480	0.02284	0.00790	0.00697
43	0.01586	0.00793	0.00793	0.00793	0.00991	0.00793	0.00595	0.01983	0.01785	0.03173	0.02776	0.03173	0.02181	0.00991	0.00595	0.00198	0.00397	0.00793	0.74817	0.00793
44	0.03182	0.03966	0.02419	0.02180	0.02631	0.63228	0.01643	0.06551	0.02497	0.02259	0.01355	0.01562	0.01115	0.00885	0.00772	0.00221	0.01502	0.00560	0.00461	0.01011
45	0.06871	0.02603	0.02580	0.02905	0.21421	0.22828	0.01820	0.09211	0.07792	0.10946	0.01921	0.02072	0.01462	0.00898	0.00806	0.00247	0.01086	0.00706	0.00596	0.01231
46	0.01037	0.00741	0.00987	0.01185	0.01234	0.00691	0.00790	0.01185	0.01629	0.02172	0.04690	0.69537	0.05629	0.02666	0.01086	0.00346	0.00494	0.02419	0.00790	0.00691
47	0.01319	0.01104	0.01303	0.07925	0.01893	0.01129	0.01033	0.02009	0.14289	0.02528	0.05778	0.19957	0.29464	0.01942	0.00989	0.00306	0.00584	0.04818	0.00764	0.00867
48	0.21608	0.12596	0.10225	0.02090	0.06092	0.16910	0.07650	0.05317	0.01955	0.02849	0.01530	0.04734	0.01304	0.00890	0.00724	0.00247	0.01069	0.00674	0.00474	0.01061
49	0.19044	0.18405	0.02481	0.01539	0.02059	0.02329	0.01319	0.19202	0.02220	0.03366	0.01648	0.01985	0.01366	0.02006	0.14155	0.00470	0.04117	0.00650	0.00558	0.01080

[dist]
# distance from previous block
# <min> <max>
5	21

[block]
# block no. 3 follows, 21 sequences, length 22
# corresponding to MSA columns:
# 174-195
name=unknown_D
#
# <colnr> <probs for GDERKNQSTAVLIFYWHMCP>
#	G	D	E	R	K	N	Q	S	T	A	V	L	I	F	Y	W	H	M	C	P
0	0.01819	0.01470	0.02155	0.01773	0.02225	0.01476	0.12765	0.02836	0.20241	0.08313	0.20322	0.07604	0.10493	0.01401	0.00955	0.00283	0.00716	0.01278	0.00805	0.01070
1	0.22262	0.02704	0.02343	0.02485	0.15061	0.24893	0.01646	0.13467	0.02344	0.03271	0.01469	0.01702	0.01164	0.00856	0.00734	0.00244	0.01089	0.00607	0.00532	0.01126
2	0.05514	0.26327	0.06591	0.02257	0.09887	0.02266	0.11391	0.02347	0.01711	0.02363	0.01593	0.02080	0.01381	0.01975	0.15209	0.00474	0.01302	0.00692	0.00415	0.04224
3	0.01704	0.01594	0.05329	0.01442	0.01810	0.04735	0.01160	0.12071	0.10963	0.02963	0.04650	0.26346	0.18133	0.01846	0.00963	0.00297	0.00679	0.01578	0.00767	0.00968
4	0.02221	0.02483	0.01781	0.01680	0.01973	0.33266	0.01247	0.02521	0.04781	0.02109	0.02615	0.03757	0.06970	0.15111	0.08839	0.00486	0.01294	0.05485	0.00530	0.00849
5	0.01416	0.01013	0.01243	0.01244	0.01435	0.00974	0.00880	0.08486	0.01866	0.02510	0.03892	0.41741	0.07693	0.05349	0.01410	0.08654	0.00597	0.01782	0.00714	0.07101
6	0.02312	0.35874	0.10936	0.01872	0.02463	0.15981	0.01773	0.02642	0.01794	0.02110	0.01238	0.01547	0.01096	0.00915	0.01057	0.00237	0.14163	0.00551	0.00380	0.01059
7	0.02132	0.02773	0.16911	0.04208	0.41882	0.09065	0.05439	0.02721	0.01962	0.02683	0.01559	0.01986	0.01259	0.00780	0.00835	0.00254	0.01142	0.00719	0.00410	0.01279
8	0.01960	0.03743	0.42543	0.03056	0.16408	0.08639	0.06373	0.02752	0.01902	0.02652	0.01532	0.01864	0.01149	0.00800	0.00823	0.00262	0.01245	0.00670	0.00385	0.01242
9	0.01458	0.01285	0.01523	0.05129	0.05515	0.05085	0.01152	0.01912	0.05227	0.02844	0.29806	0.05778	0.17884	0.01670	0.01093	0.00286	0.04963	0.05757	0.00763	0.00871
10	0.01032	0.00836	0.00916	0.00952	0.01180	0.00721	0.00693	0.01250	0.01918	0.02379	0.13131	0.21318	0.46255	0.02226	0.01023	0.00298	0.00442	0.01906	0.00804	0.00721
11	0.02593	0.08456	0.02464	0.01776	0.02368	0.02362	0.01468	0.32342	0.15382	0.04072	0.02161	0.02236	0.01646	0.01268	0.04148	0.00302	0.04341	0.00756	0.00728	0.09128
12	0.02476	0.16163	0.03045	0.02153	0.02524	0.28202	0.05532	0.02726	0.01872	0.02096	0.01248	0.01663	0.01115	0.01048	0.01435	0.00269	0.24408	0.00627	0.00401	0.00998
13	0.01217	0.00907	0.01342	0.01342	0.01485	0.01050	0.01032	0.01503	0.01360	0.01957	0.02303	0.03473	0.02184	0.10108	0.63071	0.01336	0.02194	0.00931	0.00459	0.00746
14	0.01078	0.00830	0.00998	0.01114	0.01285	0.00749	0.00825	0.01294	0.01811	0.02285	0.06286	0.34442	0.29825	0.02404	0.01067	0.00329	0.00515	0.11356	0.00789	0.00717
15	0.01765	0.01631	0.02210	0.15225	0.02875	0.01786	0.01573	0.02117	0.01596	0.02406	0.01379	0.01900	0.01186	0.00966	0.01406	0.00241	0.23672	0.00637	0.00434	0.34995
16	0.01037	0.00741	0.00987	0.01185	0.01234	0.00691	0.00790	0.01185	0.01629	0.02172	0.04690	0.69537	0.05629	0.02666	0.01086	0.00346	0.00494	0.02419	0.00790	0.00691
17	0.01186	0.00849	0.01000	0.01000	0.01088	0.00849	0.00648	0.01289	0.01406	0.01846	0.03816	0.05673	0.15431	0.43896	0.15723	0.00820	0.01026	0.01289	0.00560	0.00604
18	0.01216	0.00912	0.01368	0.01368	0.01520	0.01064	0.01064	0.01520	0.01368	0.01976	0.02279	0.03343	0.02127	0.06382	0.66720	0.01368	0.02279	0.00912	0.00456	0.00760
19	0.02151	0.20166	0.03720	0.04227	0.48223	0.02378	0.02306	0.02595	0.01883	0.02574	0.01490	0.01910	0.01280	0.00750	0.00764	0.00234	0.00984	0.00678	0.00406	0.01280
20	0.02628	0.11233	0.22478	0.02138	0.02912	0.26995	0.02088	0.14411	0.02451	0.02900	0.01508	0.01696	0.01158	0.00867	0.00772	0.00238	0.01263	0.00605	0.00485	0.01172
21	0.03186	0.03858	0.02428	0.02165	0.02632	0.59089	0.01641	0.10334	0.02600	0.02471	0.01402	0.01595	0.01138	0.00894	0.00777	0.00224	0.01464	0.00574	0.00487	0.01041

[dist]
# distance from previous block
# <min> <max>
0	1

[block]
# block no. 4 follows, 21 sequences, length 51
# corresponding to MSA columns:
# 197-247
name=unknown_E
#
# <colnr> <probs for GDERKNQSTAVLIFYWHMCP>
#	G	D	E	R	K	N	Q	S	T	A	V	L	I	F	Y	W	H	M	C	P
0	0.01864	0.01839	0.03230	0.04022	0.40233	0.01782	0.13599	0.02351	0.01952	0.02672	0.03050	0.03378	0.14149	0.01034	0.00907	0.00266	0.00975	0.01016	0.00498	0.01182
1	0.01151	0.00970	0.01013	0.01001	0.01299	0.00883	0.00766	0.01614	0.08401	0.02496	0.10411	0.07654	0.52192	0.02042	0.01000	0.00292	0.00474	0.04744	0.00805	0.00792
2	0.03056	0.09337	0.02610	0.02102	0.04883	0.36442	0.04350	0.03345	0.02266	0.17259	0.01868	0.01990	0.01406	0.01161	0.03989	0.00287	0.01294	0.00660	0.00578	0.01117
3	0.01257	0.00850	0.01002	0.00964	0.01181	0.00784	0.00723	0.01622	0.02169	0.03140	0.38860	0.05949	0.17522	0.01641	0.00906	0.00255	0.00406	0.01410	0.18572	0.00784
4	0.02275	0.70604	0.04459	0.01456	0.02184	0.03367	0.01456	0.02548	0.01729	0.02002	0.01183	0.01365	0.01092	0.00728	0.00546	0.00182	0.00910	0.00455	0.00364	0.01092
5	0.02074	0.01989	0.03397	0.09244	0.61013	0.02014	0.02596	0.02584	0.01923	0.02741	0.01595	0.02117	0.01334	0.00764	0.00843	0.00255	0.01019	0.00758	0.00418	0.01322
6	0.02184	0.02168	0.02392	0.07057	0.20732	0.17185	0.01854	0.07828	0.02211	0.02715	0.02489	0.07516	0.02436	0.01333	0.00926	0.00288	0.01051	0.15997	0.00576	0.01063
7	0.01085	0.00761	0.00973	0.01124	0.01161	0.00723	0.00724	0.01198	0.01536	0.02048	0.04210	0.54243	0.05023	0.18787	0.01862	0.00460	0.00573	0.02137	0.00724	0.00649
8	0.02061	0.04079	0.45853	0.02495	0.06703	0.15764	0.02712	0.02926	0.04810	0.02610	0.01577	0.01822	0.01168	0.00837	0.00804	0.00259	0.01276	0.00634	0.00403	0.01209
9	0.02714	0.02930	0.02444	0.19222	0.03445	0.33376	0.01807	0.14436	0.06427	0.02833	0.01644	0.01928	0.01270	0.00916	0.00812	0.00247	0.01260	0.00671	0.00530	0.01088
10	0.01163	0.00868	0.01080	0.01027	0.01246	0.00785	0.00770	0.01525	0.02311	0.03179	0.52663	0.06741	0.19847	0.01827	0.01004	0.00272	0.00408	0.01593	0.00906	0.00785
11	0.02104	0.19645	0.31426	0.01974	0.02866	0.09064	0.02184	0.09227	0.02105	0.02727	0.02127	0.02277	0.06904	0.00943	0.00764	0.00243	0.01092	0.00701	0.00463	0.01162
12	0.02024	0.45185	0.03408	0.01496	0.01988	0.06136	0.01344	0.02250	0.01683	0.02020	0.01847	0.12982	0.01956	0.04822	0.01061	0.00263	0.07256	0.00856	0.00448	0.00974
13	0.01437	0.01290	0.01675	0.02109	0.17817	0.01241	0.01249	0.02016	0.09986	0.02589	0.06121	0.05952	0.39934	0.01661	0.00945	0.00279	0.00614	0.01417	0.00704	0.00964
14	0.02728	0.37252	0.03433	0.01825	0.02408	0.35096	0.01550	0.02974	0.02071	0.02043	0.01249	0.01450	0.01094	0.00803	0.00657	0.00201	0.01223	0.00502	0.00401	0.01039
15	0.01236	0.00979	0.01012	0.00973	0.01295	0.00874	0.00740	0.01663	0.07750	0.05221	0.07900	0.07481	0.55830	0.02012	0.00986	0.00286	0.00467	0.01676	0.00809	0.00810
16	0.01232	0.00846	0.01033	0.01033	0.01070	0.00882	0.00647	0.01305	0.01269	0.01728	0.02585	0.05037	0.02863	0.54860	0.19248	0.00955	0.01173	0.01160	0.00501	0.00574
17	0.02363	0.02508	0.03205	0.04499	0.49924	0.17480	0.02380	0.02800	0.02051	0.02613	0.01533	0.01970	0.01288	0.00787	0.00825	0.00245	0.01136	0.00708	0.00425	0.01262
18	0.01895	0.02442	0.15950	0.03327	0.21761	0.02167	0.10620	0.02420	0.01697	0.02492	0.01485	0.02052	0.01250	0.01249	0.04517	0.00350	0.22015	0.00769	0.00396	0.01146
19	0.01006	0.00862	0.00862	0.00862	0.01149	0.00718	0.00647	0.01221	0.01940	0.02299	0.08621	0.08190	0.64438	0.02155	0.01006	0.00287	0.00431	0.01796	0.00790	0.00718
20	0.01216	0.00912	0.01368	0.01368	0.01520	0.01064	0.01064	0.01520	0.01368	0.01976	0.02279	0.03343	0.02127	0.06382	0.66720	0.01368	0.02279	0.00912	0.00456	0.00760
21	0.01185	0.00822	0.00924	0.00943	0.00989	0.00797	0.00561	0.01230	0.01376	0.01793	0.03725	0.12071	0.12128	0.53898	0.03544	0.00702	0.00737	0.01431	0.00581	0.00562
22	0.03121	0.03946	0.02468	0.02357	0.06001	0.63171	0.01697	0.03356	0.02386	0.02121	0.01331	0.01566	0.01110	0.00871	0.00771	0.00221	0.01506	0.00559	0.00438	0.01006
23	0.01607	0.01513	0.02552	0.68047	0.05861	0.01891	0.02363	0.02174	0.01702	0.02174	0.01513	0.02269	0.01134	0.00851	0.00851	0.00284	0.01134	0.00756	0.00378	0.00945
24	0.02948	0.02241	0.02392	0.01900	0.02530	0.02505	0.01548	0.47200	0.19214	0.04900	0.02408	0.02334	0.01743	0.01056	0.00855	0.00264	0.00869	0.00817	0.00855	0.01421
25	0.01041	0.00850	0.00879	0.00890	0.01122	0.00732	0.00636	0.01222	0.01820	0.02197	0.07531	0.11356	0.52128	0.12053	0.01493	0.00369	0.00492	0.01751	0.00750	0.00687
26	0.06499	0.02534	0.02931	0.03706	0.35670	0.16925	0.02116	0.13796	0.02403	0.03155	0.01595	0.01925	0.01286	0.00836	0.00810	0.00246	0.01098	0.00696	0.00511	0.01261
27	0.01936	0.02799	0.19525	0.03309	0.04265	0.02110	0.47695	0.02719	0.01958	0.02719	0.01675	0.02176	0.01240	0.00739	0.00957	0.00283	0.01392	0.00915	0.00413	0.01174
28	0.01037	0.00741	0.00987	0.01185	0.01234	0.00691	0.00790	0.01185	0.01629	0.02172	0.04690	0.69537	0.05629	0.02666	0.01086	0.00346	0.00494	0.02419	0.00790	0.00691
29	0.01006	0.00862	0.00862	0.00862	0.01149	0.00718	0.00647	0.01221	0.01940	0.02299	0.08621	0.08190	0.64438	0.02155	0.01006	0.00287	0.00431	0.01796	0.00790	0.00718
30	0.02829	0.25873	0.03137	0.02097	0.05506	0.42683	0.01629	0.03080	0.02164	0.02090	0.01286	0.01507	0.01107	0.00822	0.00698	0.00209	0.01304	0.00528	0.00413	0.01039
31	0.01216	0.00912	0.01368	0.01368	0.01520	0.01064	0.01064	0.01520	0.01368	0.01976	0.02279	0.03343	0.02127	0.06382	0.66720	0.01368	0.02279	0.00912	0.00456	0.00760
32	0.02117	0.01828	0.01924	0.01732	0.02213	0.02117	0.01347	0.04522	0.63246	0.03560	0.03464	0.03175	0.02598	0.01155	0.00866	0.00289	0.00673	0.00962	0.00866	0.01347
33	0.03235	0.02384	0.02554	0.01958	0.02639	0.02639	0.01618	0.61946	0.04001	0.05363	0.02043	0.02043	0.01447	0.01022	0.00851	0.00255	0.00936	0.00766	0.00851	0.01447
34	0.01201	0.00876	0.01238	0.01259	0.01370	0.00976	0.00924	0.01427	0.01369	0.01930	0.02614	0.10748	0.02691	0.18930	0.47157	0.01150	0.01797	0.01136	0.00503	0.00703
35	0.01053	0.00864	0.00928	0.00912	0.01179	0.00739	0.00684	0.01313	0.02052	0.02565	0.21942	0.07752	0.50952	0.02056	0.01005	0.00283	0.00424	0.01735	0.00825	0.00739
36	0.01037	0.00741	0.00987	0.01185	0.01234	0.00691	0.00790	0.01185	0.01629	0.02172	0.04690	0.69537	0.05629	0.02666	0.01086	0.00346	0.00494	0.02419	0.00790	0.00691
37	0.03179	0.04056	0.02412	0.02192	0.02631	0.66676	0.01644	0.03398	0.02412	0.02083	0.01315	0.01535	0.01096	0.00877	0.00767	0.00219	0.01535	0.00548	0.00438	0.00987
38	0.02150	0.51097	0.06857	0.01687	0.02266	0.03121	0.01631	0.02435	0.01630	0.02045	0.01183	0.01504	0.01097	0.00914	0.01095	0.00232	0.17095	0.00532	0.00366	0.01061
39	0.01404	0.01171	0.01761	0.01721	0.04632	0.01383	0.03630	0.01668	0.01390	0.02007	0.02084	0.03319	0.02027	0.14541	0.40655	0.01019	0.13415	0.00928	0.00448	0.00796
40	0.01006	0.00862	0.00862	0.00862	0.01149	0.00718	0.00647	0.01221	0.01940	0.02299	0.08621	0.08190	0.64438	0.02155	0.01006	0.00287	0.00431	0.01796	0.00790	0.00718
41	0.01317	0.00905	0.01046	0.01055	0.01111	0.00909	0.00652	0.05110	0.01508	0.02013	0.03121	0.20637	0.03595	0.49551	0.03333	0.00674	0.00753	0.01490	0.00603	0.00617
42	0.01115	0.00773	0.00964	0.01085	0.01115	0.00743	0.00683	0.01205	0.01477	0.01970	0.03911	0.44709	0.04645	0.28836	0.02346	0.00532	0.00622	0.01961	0.00683	0.00623
43	0.01845	0.01640	0.02553	0.58372	0.05390	0.02000	0.02254	0.10925	0.02038	0.02641	0.01590	0.02236	0.01180	0.00876	0.00851	0.00279	0.01105	0.00758	0.00447	0.01019
44	0.02226	0.02249	0.03338	0.04884	0.57832	0.09254	0.02504	0.02700	0.01991	0.02702	0.01569	0.02042	0.01320	0.00772	0.00834	0.00249	0.01070	0.00735	0.00423	0.01308
45	0.01688	0.01651	0.01553	0.01501	0.01699	0.16716	0.01123	0.01928	0.01598	0.01954	0.02107	0.03234	0.02021	0.14320	0.41889	0.01014	0.01890	0.00872	0.00460	0.00779
46	0.01087	0.00762	0.00973	0.01120	0.01157	0.00725	0.00721	0.01198	0.01531	0.02041	0.04185	0.53436	0.04991	0.19637	0.01903	0.00466	0.00577	0.02122	0.00721	0.00647
47	0.01503	0.01061	0.01247	0.01248	0.01489	0.01038	0.00910	0.07168	0.07542	0.06661	0.05192	0.38561	0.18766	0.02156	0.01011	0.00313	0.00550	0.01890	0.00819	0.00874
48	0.01031	0.00765	0.00962	0.01119	0.01217	0.00697	0.00761	0.01192	0.01692	0.02198	0.05489	0.57079	0.17571	0.02562	0.01070	0.00334	0.00481	0.02293	0.00790	0.00697
49	0.02731	0.07025	0.02311	0.01985	0.02381	0.49920	0.01516	0.02971	0.02163	0.02057	0.01504	0.01893	0.01305	0.01987	0.14148	0.00450	0.01652	0.00617	0.00438	0.00946
50	0.01500	0.05319	0.01487	0.01438	0.01619	0.10499	0.01092	0.01723	0.01828	0.02239	0.03953	0.41387	0.04533	0.02219	0.01030	0.00329	0.00738	0.15575	0.00713	0.00779

[dist]
# distance from previous block
# <min> <max>
3	14

[block]
# block no. 5 follows, 21 sequences, length 71
# corresponding to MSA columns:
# 262-332
name=unknown_F
#
# <colnr> <probs for GDERKNQSTAVLIFYWHMCP>
#	G	D	E	R	K	N	Q	S	T	A	V	L	I	F	Y	W	H	M	C	P
0	0.05514	0.10278	0.02202	0.05384	0.02241	0.27298	0.01383	0.02592	0.01955	0.02379	0.02077	0.02377	0.05716	0.01044	0.00976	0.00241	0.09612	0.00705	0.15096	0.00930
1	0.02125	0.02163	0.02481	0.23031	0.07086	0.14536	0.01924	0.06639	0.06180	0.02466	0.01600	0.02128	0.01314	0.01346	0.04988	0.00350	0.17417	0.00737	0.00462	0.01025
2	0.01781	0.02535	0.22602	0.02580	0.15204	0.01701	0.05410	0.02608	0.08862	0.02776	0.02415	0.05685	0.05979	0.00980	0.00825	0.00246	0.00937	0.00856	0.00512	0.15505
3	0.03015	0.07006	0.02627	0.02500	0.09628	0.56350	0.01745	0.03269	0.02325	0.02158	0.01341	0.01591	0.01124	0.00856	0.00765	0.00221	0.01446	0.00567	0.00433	0.01032
4	0.01640	0.01095	0.01314	0.01224	0.01547	0.01051	0.00961	0.02279	0.11238	0.10975	0.26500	0.06273	0.20890	0.01740	0.00983	0.00289	0.00532	0.07639	0.00886	0.00942
5	0.01420	0.01213	0.01760	0.01642	0.01746	0.01552	0.01316	0.01687	0.01347	0.01998	0.01911	0.02874	0.01808	0.04833	0.46478	0.01053	0.23259	0.00859	0.00429	0.00814
6	0.01070	0.00880	0.00951	0.00978	0.01248	0.00762	0.00763	0.01320	0.01963	0.02385	0.10409	0.08325	0.52956	0.02167	0.01031	0.00302	0.00483	0.10478	0.00796	0.00732
7	0.01067	0.00864	0.00947	0.00926	0.01187	0.00744	0.00695	0.01339	0.02084	0.02640	0.25696	0.07628	0.47150	0.02028	0.01005	0.00281	0.00422	0.01717	0.00835	0.00744
8	0.02083	0.01998	0.03412	0.08193	0.61998	0.02016	0.02600	0.02591	0.01927	0.02752	0.01597	0.02114	0.01338	0.00763	0.00843	0.00254	0.01017	0.00758	0.00419	0.01329
9	0.02232	0.02274	0.03286	0.04711	0.54230	0.10259	0.02457	0.02688	0.01971	0.02661	0.01544	0.02023	0.01306	0.00804	0.00916	0.00254	0.03948	0.00731	0.00421	0.01284
10	0.10747	0.02049	0.02000	0.06458	0.05822	0.14235	0.01437	0.16650	0.02294	0.03162	0.01855	0.02303	0.01519	0.02327	0.17836	0.00535	0.01348	0.00728	0.05659	0.01035
11	0.01216	0.00912	0.01368	0.01368	0.01520	0.01064	0.01064	0.01520	0.01368	0.01976	0.02279	0.03343	0.02127	0.06382	0.66720	0.01368	0.02279	0.00912	0.00456	0.00760
12	0.01576	0.01442	0.02059	0.01851	0.01918	0.01925	0.01509	0.01814	0.01332	0.02016	0.01631	0.02517	0.01564	0.03652	0.31052	0.00812	0.39246	0.00819	0.00409	0.00855
13	0.01862	0.01862	0.02607	0.02234	0.02234	0.02607	0.01862	0.02048	0.01303	0.02048	0.01117	0.01862	0.01117	0.01489	0.02793	0.00372	0.68535	0.00745	0.00372	0.00931
14	0.02106	0.02022	0.03454	0.05223	0.64784	0.02022	0.02612	0.02612	0.01938	0.02780	0.01601	0.02106	0.01348	0.00758	0.00842	0.00253	0.01011	0.00758	0.00421	0.01348
15	0.01707	0.04402	0.65683	0.02426	0.03683	0.01976	0.03144	0.02695	0.01797	0.02695	0.01527	0.01797	0.01078	0.00809	0.00809	0.00270	0.01258	0.00629	0.00359	0.01258
16	0.01444	0.01156	0.01333	0.01283	0.01574	0.01187	0.00991	0.02387	0.20250	0.03083	0.26085	0.09777	0.16800	0.01762	0.00985	0.00295	0.00532	0.07274	0.00864	0.00939
17	0.02223	0.02330	0.03068	0.16969	0.40726	0.14969	0.02369	0.02684	0.01986	0.02521	0.01526	0.02024	0.01255	0.00800	0.00829	0.00252	0.01140	0.00716	0.00416	0.01196
18	0.01006	0.00862	0.00862	0.00862	0.01149	0.00718	0.00647	0.01221	0.01940	0.02299	0.08621	0.08190	0.64438	0.02155	0.01006	0.00287	0.00431	0.01796	0.00790	0.00718
19	0.09567	0.44929	0.21443	0.01696	0.02554	0.02827	0.01879	0.02585	0.01720	0.02381	0.01281	0.01489	0.01071	0.00757	0.00618	0.00215	0.00983	0.00505	0.00379	0.01122
20	0.02847	0.28478	0.03163	0.01922	0.02467	0.43443	0.01575	0.03086	0.02161	0.02053	0.01267	0.01472	0.01095	0.00822	0.00686	0.00206	0.01305	0.00514	0.00411	0.01025
21	0.01238	0.00825	0.00928	0.00928	0.00928	0.00825	0.00516	0.01238	0.01238	0.01650	0.02681	0.05569	0.03094	0.70092	0.04331	0.00825	0.00825	0.01238	0.00516	0.00516
22	0.01211	0.01007	0.01076	0.01033	0.01332	0.00943	0.00782	0.01790	0.11151	0.02711	0.19086	0.07075	0.43870	0.01923	0.00985	0.00284	0.00461	0.01620	0.00831	0.00829
23	0.01037	0.00741	0.00987	0.01185	0.01234	0.00691	0.00790	0.01185	0.01629	0.02172	0.04690	0.69537	0.05629	0.02666	0.01086	0.00346	0.00494	0.02419	0.00790	0.00691
24	0.01586	0.00793	0.00793	0.00793	0.00991	0.00793	0.00595	0.01983	0.01785	0.03173	0.02776	0.03173	0.02181	0.00991	0.00595	0.00198	0.00397	0.00793	0.74817	0.00793
25	0.02106	0.02022	0.03454	0.05223	0.64784	0.02022	0.02612	0.02612	0.01938	0.02780	0.01601	0.02106	0.01348	0.00758	0.00842	0.00253	0.01011	0.00758	0.00421	0.01348
26	0.76103	0.01646	0.01251	0.01119	0.01646	0.01909	0.00922	0.02502	0.01448	0.03818	0.01185	0.01382	0.00922	0.00790	0.00527	0.00263	0.00658	0.00461	0.00527	0.00922
27	0.01238	0.00825	0.00928	0.00928	0.00928	0.00825	0.00516	0.01238	0.01238	0.01650	0.02681	0.05569	0.03094	0.70092	0.04331	0.00825	0.00825	0.01238	0.00516	0.00516
28	0.03294	0.02289	0.02496	0.01913	0.02592	0.02499	0.01580	0.56112	0.03843	0.11421	0.02176	0.02129	0.01514	0.01025	0.00852	0.00256	0.00915	0.00775	0.00872	0.01447
29	0.01222	0.00828	0.00924	0.00924	0.00943	0.00818	0.00525	0.01236	0.01286	0.01695	0.03090	0.05749	0.07310	0.65423	0.04103	0.00788	0.00798	0.01276	0.00535	0.00530
30	0.03192	0.01981	0.02248	0.01775	0.02408	0.02102	0.01449	0.32447	0.15402	0.23666	0.02737	0.02536	0.01883	0.01058	0.00856	0.00265	0.00818	0.00833	0.00917	0.01427
31	0.01238	0.00825	0.00928	0.00928	0.00928	0.00825	0.00516	0.01238	0.01238	0.01650	0.02681	0.05569	0.03094	0.70092	0.04331	0.00825	0.00825	0.01238	0.00516	0.00516
32	0.01056	0.00755	0.01005	0.01172	0.01239	0.00704	0.00791	0.01233	0.01718	0.02314	0.11513	0.62310	0.05903	0.02560	0.01077	0.00337	0.00483	0.02319	0.00807	0.00704
33	0.01621	0.01190	0.01310	0.01218	0.01392	0.01271	0.00820	0.08809	0.13493	0.02478	0.02899	0.09159	0.02987	0.44255	0.03042	0.00623	0.00786	0.01213	0.00640	0.00794
34	0.01059	0.00864	0.00936	0.00918	0.01182	0.00741	0.00689	0.01325	0.02066	0.02599	0.23654	0.07695	0.49218	0.02043	0.01005	0.00282	0.00423	0.01727	0.00830	0.00741
35	0.02015	0.02531	0.16120	0.04475	0.45622	0.02028	0.09477	0.02642	0.01918	0.02757	0.01600	0.02066	0.01287	0.00764	0.00854	0.00260	0.01109	0.00760	0.00410	0.01307
36	0.02623	0.01906	0.02056	0.01642	0.02115	0.02083	0.01280	0.43340	0.03154	0.04225	0.02239	0.03124	0.01952	0.22191	0.01918	0.00430	0.00902	0.00911	0.00748	0.01162
37	0.02232	0.22443	0.03253	0.02941	0.25006	0.10122	0.01853	0.06656	0.01992	0.02526	0.01574	0.01997	0.01365	0.01618	0.10543	0.00394	0.01228	0.00666	0.00441	0.01148
38	0.01763	0.11047	0.37960	0.02677	0.15450	0.01985	0.02527	0.02474	0.01835	0.02583	0.02404	0.02622	0.09182	0.00960	0.00810	0.00258	0.01063	0.00783	0.00427	0.01188
39	0.02465	0.06681	0.02649	0.02567	0.14025	0.30264	0.06162	0.02819	0.02254	0.04982	0.14165	0.02713	0.02593	0.01015	0.00837	0.00240	0.01133	0.00828	0.00555	0.01053
40	0.01013	0.00835	0.00890	0.00934	0.01168	0.00712	0.00678	0.01213	0.01871	0.02271	0.07746	0.21839	0.51354	0.02269	0.01024	0.00300	0.00445	0.01935	0.00790	0.00712
41	0.05861	0.12297	0.02327	0.01567	0.02193	0.04573	0.01288	0.10670	0.22794	0.03275	0.02165	0.02188	0.01687	0.00889	0.00725	0.00216	0.00763	0.00684	0.00648	0.23191
42	0.01800	0.08657	0.51537	0.02624	0.06585	0.02095	0.09671	0.02684	0.01823	0.02654	0.01529	0.01838	0.01116	0.00790	0.00814	0.00265	0.01242	0.00666	0.00371	0.01238
43	0.01946	0.02461	0.19196	0.05287	0.03046	0.05402	0.16097	0.02484	0.01815	0.07590	0.01941	0.02767	0.01642	0.14695	0.01546	0.00366	0.01110	0.00847	0.00486	0.09275
44	0.02190	0.01684	0.01848	0.01625	0.02090	0.01874	0.01272	0.08028	0.44506	0.08740	0.12982	0.03577	0.03336	0.01230	0.00886	0.00281	0.00653	0.01031	0.00892	0.01276
