[name]
unknown

[dist]
# distance from previous block
# <min> <max>
0	4

[block]
# block no. 0 follows, 22 sequences, length 123
# corresponding to MSA columns:
# 4-126
name=unknown_A
#
# <colnr> <probs for GDERKNQSTAVLIFYWHMCP>
#	G	D	E	R	K	N	Q	S	T	A	V	L	I	F	Y	W	H	M	C	P
0	0.02044	0.01518	0.02258	0.06542	0.26700	0.01510	0.01707	0.02640	0.08231	0.13429	0.05933	0.04059	0.12099	0.01225	0.00888	0.00272	0.00781	0.06357	0.00666	0.01143
1	0.01301	0.00956	0.01248	0.04980	0.01611	0.00965	0.00944	0.01725	0.05353	0.05228	0.23589	0.11783	0.16926	0.02802	0.16231	0.00521	0.00896	0.01396	0.00734	0.00810
2	0.01330	0.01051	0.01166	0.01156	0.01419	0.01025	0.00864	0.07709	0.08087	0.02637	0.05941	0.26093	0.31973	0.02058	0.00984	0.00299	0.00526	0.04071	0.00784	0.00827
3	0.01479	0.01087	0.01292	0.01239	0.01454	0.01125	0.00925	0.11685	0.01930	0.02549	0.03916	0.14151	0.14133	0.18894	0.13888	0.00609	0.00966	0.07234	0.00658	0.00785
4	0.01186	0.00844	0.00970	0.01008	0.01074	0.00835	0.00629	0.01377	0.04976	0.01906	0.03707	0.21845	0.09547	0.43116	0.02929	0.00608	0.00679	0.01535	0.00616	0.00612
5	0.01083	0.00767	0.00992	0.01091	0.01169	0.00722	0.00734	0.01268	0.01723	0.02347	0.19474	0.44398	0.05708	0.12694	0.01519	0.00389	0.00508	0.01972	0.00767	0.00676
6	0.01167	0.00806	0.00978	0.00989	0.01057	0.00778	0.00632	0.01310	0.01621	0.02221	0.22149	0.16061	0.04897	0.38649	0.02723	0.00563	0.00627	0.01483	0.00673	0.00617
7	0.02023	0.01116	0.01330	0.01155	0.01410	0.01081	0.00815	0.08132	0.01876	0.18346	0.06539	0.04624	0.06455	0.38461	0.02667	0.00551	0.00746	0.01116	0.00707	0.00851
8	0.01086	0.00779	0.01021	0.01126	0.01196	0.00776	0.00764	0.01235	0.01476	0.01984	0.03895	0.40511	0.07256	0.17186	0.15077	0.00631	0.00896	0.01801	0.00651	0.00655
9	0.01249	0.00914	0.01031	0.00981	0.01146	0.00873	0.00671	0.04828	0.01840	0.02427	0.19919	0.06141	0.21392	0.30391	0.02317	0.00491	0.00601	0.01407	0.00700	0.00681
10	0.02200	0.01138	0.01415	0.01229	0.01650	0.01036	0.00982	0.02591	0.05500	0.28420	0.05221	0.05171	0.26836	0.02051	0.07906	0.00386	0.00754	0.03633	0.00846	0.01033
11	0.02756	0.02890	0.02175	0.01924	0.02400	0.34229	0.01479	0.09566	0.25149	0.05710	0.02210	0.02192	0.01684	0.00977	0.00796	0.00244	0.01098	0.00717	0.00647	0.01156
12	0.01499	0.00933	0.01121	0.01062	0.01344	0.00812	0.00788	0.01736	0.01936	0.12687	0.14429	0.20354	0.28394	0.04754	0.01094	0.00302	0.00500	0.01631	0.00811	0.03815
13	0.01890	0.01919	0.05750	0.24552	0.44622	0.01933	0.02497	0.02422	0.01815	0.02529	0.01533	0.02092	0.01241	0.00770	0.00824	0.00257	0.01034	0.00734	0.00396	0.01191
14	0.01546	0.01148	0.01326	0.01288	0.01534	0.01158	0.00948	0.16675	0.02229	0.02927	0.04643	0.41507	0.15598	0.02106	0.00988	0.00305	0.00579	0.01843	0.00786	0.00865
15	0.10053	0.01415	0.01602	0.01352	0.01828	0.01453	0.01081	0.06241	0.17749	0.25677	0.05744	0.02916	0.02309	0.01044	0.00761	0.00250	0.00619	0.00837	0.15889	0.01180
16	0.02099	0.02039	0.03565	0.04449	0.46970	0.02037	0.14529	0.06014	0.04768	0.02877	0.01691	0.02136	0.01364	0.00764	0.00856	0.00255	0.01052	0.00798	0.00456	0.01282
17	0.01149	0.00782	0.00912	0.00973	0.01051	0.00746	0.00626	0.01277	0.01519	0.02076	0.06525	0.26783	0.11696	0.30094	0.02288	0.00503	0.00593	0.01622	0.08164	0.00623
18	0.02008	0.03845	0.51815	0.02263	0.03362	0.02078	0.02727	0.16447	0.02248	0.03228	0.01606	0.01809	0.01135	0.00837	0.00799	0.00260	0.01156	0.00645	0.00461	0.01270
19	0.02056	0.01974	0.03372	0.05099	0.65622	0.01974	0.02550	0.02550	0.01892	0.02714	0.01563	0.02056	0.01316	0.00740	0.00822	0.00247	0.00987	0.00740	0.00411	0.01316
20	0.02920	0.02129	0.02326	0.01766	0.02444	0.02244	0.01453	0.49001	0.03435	0.07557	0.01958	0.01983	0.01409	0.00928	0.00792	0.00226	0.00850	0.00705	0.00778	0.15096
21	0.01254	0.00967	0.01174	0.01279	0.01424	0.00994	0.00896	0.01904	0.15937	0.02431	0.04304	0.54853	0.04816	0.02264	0.01011	0.00325	0.00522	0.02035	0.00788	0.00822
22	0.01208	0.00805	0.00906	0.00906	0.00906	0.00805	0.00503	0.01208	0.01208	0.01611	0.02618	0.05436	0.03020	0.70804	0.04228	0.00805	0.00805	0.01208	0.00503	0.00503
23	0.02991	0.03243	0.02416	0.02074	0.02532	0.41018	0.01618	0.21471	0.02722	0.03013	0.01483	0.01683	0.01177	0.00959	0.00973	0.00240	0.08126	0.00620	0.00545	0.01096
24	0.01187	0.00890	0.01335	0.01335	0.01483	0.01038	0.01038	0.01483	0.01335	0.01928	0.02225	0.03264	0.02077	0.06231	0.67512	0.01335	0.02225	0.00890	0.00445	0.00742
25	0.01089	0.00779	0.00997	0.01073	0.01172	0.00728	0.00732	0.01295	0.01792	0.02438	0.23564	0.38405	0.08639	0.11592	0.01463	0.00375	0.00495	0.01906	0.00780	0.00687
26	0.17943	0.02556	0.02205	0.01799	0.02379	0.17321	0.01448	0.37034	0.03048	0.04197	0.01663	0.01751	0.01231	0.00919	0.00748	0.00243	0.00993	0.00639	0.00675	0.01206
27	0.01666	0.04297	0.66500	0.02368	0.03596	0.01929	0.03069	0.02631	0.01754	0.02631	0.01491	0.01754	0.01052	0.00789	0.00789	0.00263	0.01228	0.00614	0.00351	0.01228
28	0.01059	0.00813	0.00977	0.01054	0.01230	0.00731	0.00776	0.01293	0.01862	0.02398	0.15712	0.29686	0.29087	0.02233	0.01026	0.00308	0.00472	0.07779	0.00793	0.00712
29	0.03141	0.05329	0.02472	0.01820	0.02474	0.02400	0.01510	0.49307	0.06464	0.13300	0.02197	0.02130	0.01538	0.00995	0.00819	0.00249	0.00873	0.00755	0.00837	0.01392
30	0.01208	0.00805	0.00906	0.00906	0.00906	0.00805	0.00503	0.01208	0.01208	0.01611	0.02618	0.05436	0.03020	0.70804	0.04228	0.00805	0.00805	0.01208	0.00503	0.00503
31	0.02519	0.01977	0.02036	0.01651	0.02173	0.05765	0.01335	0.40865	0.03154	0.04118	0.03269	0.03301	0.14316	0.01737	0.07553	0.00363	0.00980	0.00952	0.00757	0.01176
32	0.24717	0.02824	0.31588	0.01715	0.02611	0.01721	0.01925	0.02449	0.01642	0.02985	0.01385	0.01623	0.01046	0.00744	0.00665	0.00229	0.00908	0.00536	0.00433	0.18255
33	0.02300	0.01961	0.02732	0.01999	0.02734	0.01870	0.15338	0.24332	0.02572	0.03617	0.01712	0.01940	0.01304	0.00774	0.00778	0.00205	0.00904	0.00697	0.00599	0.31632
34	0.01208	0.00805	0.00906	0.00906	0.00906	0.00805	0.00503	0.01208	0.01208	0.01611	0.02618	0.05436	0.03020	0.70804	0.04228	0.00805	0.00805	0.01208	0.00503	0.00503
35	0.01861	0.27874	0.44634	0.02035	0.03081	0.02407	0.02490	0.02580	0.01731	0.02393	0.01373	0.01606	0.01057	0.00762	0.00699	0.00233	0.01108	0.00554	0.00352	0.01171
36	0.02486	0.02848	0.02741	0.03162	0.24085	0.31970	0.01971	0.02789	0.01978	0.02260	0.01341	0.01754	0.01158	0.00937	0.01172	0.00255	0.14967	0.00644	0.00409	0.01073
37	0.01013	0.00754	0.00933	0.01074	0.01173	0.00686	0.00728	0.01167	0.01644	0.02128	0.05377	0.53269	0.19109	0.05336	0.01175	0.00344	0.00481	0.02174	0.00760	0.00674
38	0.01208	0.00805	0.00906	0.00906	0.00906	0.00805	0.00503	0.01208	0.01208	0.01611	0.02618	0.05436	0.03020	0.70804	0.04228	0.00805	0.00805	0.01208	0.00503	0.00503
39	0.01666	0.04297	0.66500	0.02368	0.03596	0.01929	0.03069	0.02631	0.01754	0.02631	0.01491	0.01754	0.01052	0.00789	0.00789	0.00263	0.01228	0.00614	0.00351	0.01228
40	0.02310	0.02443	0.02599	0.09752	0.24838	0.20767	0.01930	0.03217	0.18365	0.02660	0.01952	0.02186	0.01545	0.00884	0.00808	0.00250	0.01059	0.00734	0.00526	0.01175
41	0.01549	0.00774	0.00774	0.00774	0.00968	0.00774	0.00581	0.01936	0.01742	0.03097	0.02710	0.03097	0.02129	0.00968	0.00581	0.00194	0.00387	0.00774	0.75416	0.00774
42	0.01057	0.00742	0.00951	0.01099	0.01136	0.00705	0.00710	0.01169	0.01503	0.02004	0.04129	0.55389	0.04927	0.18250	0.01787	0.00445	0.00556	0.02097	0.00710	0.00635
43	0.01533	0.02249	0.21967	0.29274	0.04020	0.01701	0.05670	0.02162	0.01632	0.02264	0.01664	0.02316	0.01322	0.02049	0.16125	0.00516	0.01417	0.00749	0.00384	0.00986
44	0.01031	0.00843	0.00909	0.00893	0.01152	0.00722	0.00670	0.01287	0.02009	0.02518	0.22689	0.07545	0.50841	0.02002	0.00981	0.00276	0.00414	0.01690	0.00807	0.00722
45	0.01723	0.01477	0.01723	0.01230	0.01969	0.01107	0.00984	0.02092	0.01723	0.02707	0.01477	0.01723	0.01230	0.00615	0.00615	0.00123	0.00615	0.00492	0.00492	0.75883
46	0.03109	0.03795	0.02368	0.02117	0.02569	0.60953	0.01603	0.09296	0.02510	0.02355	0.01355	0.01548	0.01105	0.00870	0.00757	0.00218	0.01439	0.00556	0.00469	0.01008
47	0.02507	0.02270	0.02109	0.01818	0.02330	0.12705	0.01428	0.18931	0.39055	0.03686	0.02696	0.02564	0.02018	0.01051	0.00826	0.00263	0.00857	0.00826	0.00775	0.01283
48	0.01040	0.00786	0.00960	0.01039	0.01188	0.00707	0.00733	0.01258	0.01849	0.02426	0.19163	0.37650	0.23679	0.02255	0.01019	0.00304	0.00444	0.01991	0.00803	0.00707
49	0.01549	0.00774	0.00774	0.00774	0.00968	0.00774	0.00581	0.01936	0.01742	0.03097	0.02710	0.03097	0.02129	0.00968	0.00581	0.00194	0.00387	0.00774	0.75416	0.00774
50	0.01029	0.00736	0.00979	0.01146	0.01209	0.00686	0.00772	0.01198	0.01667	0.02242	0.10665	0.63829	0.05730	0.02512	0.01052	0.00330	0.00473	0.02275	0.00786	0.00686
51	0.76672	0.01607	0.01221	0.01092	0.01607	0.01864	0.00900	0.02442	0.01414	0.03727	0.01157	0.01350	0.00900	0.00771	0.00514	0.00257	0.00643	0.00450	0.00514	0.00900
52	0.73152	0.01733	0.04285	0.01152	0.01700	0.01867	0.01002	0.02451	0.01430	0.03676	0.01172	0.01369	0.00907	0.00772	0.00527	0.00257	0.00670	0.00458	0.00506	0.00915
53	0.02066	0.01785	0.01878	0.01691	0.02160	0.02066	0.01315	0.04414	0.64121	0.03475	0.03381	0.03099	0.02536	0.01127	0.00845	0.00282	0.00657	0.00939	0.00845	0.01315
54	0.14863	0.02123	0.02188	0.01743	0.02352	0.02379	0.01426	0.43638	0.13241	0.04707	0.02083	0.02069	0.01511	0.00982	0.00782	0.00256	0.00829	0.00731	0.00782	0.01314
55	0.02317	0.01909	0.02019	0.01741	0.02256	0.02183	0.01376	0.17822	0.50306	0.03879	0.03063	0.02846	0.02278	0.01097	0.00842	0.00274	0.00716	0.00895	0.00842	0.01337
56	0.01194	0.00914	0.01121	0.01024	0.01294	0.00801	0.00774	0.01547	0.02193	0.03047	0.47069	0.06095	0.18708	0.01666	0.00942	0.00251	0.00421	0.01447	0.00841	0.08652
57	0.01041	0.00844	0.00924	0.00904	0.01159	0.00727	0.00678	0.01308	0.02034	0.02578	0.25852	0.07445	0.47641	0.01979	0.00981	0.00275	0.00412	0.01676	0.00815	0.00727
58	0.02185	0.01782	0.01895	0.01648	0.02133	0.02000	0.01308	0.18017	0.40545	0.03728	0.03618	0.03606	0.08946	0.01247	0.00869	0.00278	0.00699	0.03413	0.00831	0.01251
59	0.02975	0.01932	0.02195	0.01663	0.02339	0.01945	0.01367	0.36093	0.03079	0.18670	0.02176	0.02126	0.01521	0.00921	0.00785	0.00224	0.00801	0.00712	0.00802	0.17674
60	0.02291	0.29128	0.03147	0.01824	0.02248	0.19073	0.01564	0.02524	0.01730	0.02031	0.01186	0.01545	0.01084	0.00970	0.01264	0.00241	0.21974	0.00556	0.00384	0.05236
61	0.03145	0.02701	0.02461	0.01964	0.02574	0.17465	0.01585	0.49193	0.03550	0.04501	0.01832	0.01881	0.01334	0.00965	0.00812	0.00241	0.01048	0.00699	0.00739	0.01310
62	0.01117	0.00838	0.00979	0.00949	0.01134	0.00761	0.00676	0.01370	0.01968	0.02621	0.33606	0.06649	0.26080	0.15744	0.01634	0.00377	0.00485	0.01527	0.00784	0.00700
63	0.01796	0.01736	0.02422	0.01961	0.02236	0.02076	0.04947	0.02065	0.01450	0.02255	0.01243	0.01812	0.01143	0.01153	0.01977	0.00285	0.44300	0.00669	0.00406	0.24070
64	0.02135	0.02202	0.03048	0.16250	0.44557	0.12476	0.02354	0.02595	0.01924	0.02497	0.01502	0.01995	0.01238	0.00775	0.00812	0.00247	0.01091	0.00707	0.00406	0.01187
65	0.76672	0.01607	0.01221	0.01092	0.01607	0.01864	0.00900	0.02442	0.01414	0.03727	0.01157	0.01350	0.00900	0.00771	0.00514	0.00257	0.00643	0.00450	0.00514	0.00900
66	0.01012	0.00723	0.00964	0.01157	0.01205	0.00675	0.00771	0.01157	0.01591	0.02121	0.04579	0.70262	0.05495	0.02603	0.01060	0.00337	0.00482	0.02362	0.00771	0.00675
67	0.01002	0.00842	0.00869	0.00862	0.01134	0.00710	0.00647	0.01230	0.01940	0.02355	0.14179	0.07813	0.59453	0.02063	0.00982	0.00279	0.00418	0.01728	0.00786	0.00710
68	0.45758	0.01525	0.01521	0.01256	0.01824	0.01591	0.01036	0.03123	0.01822	0.30202	0.02055	0.01976	0.01390	0.00880	0.00650	0.00257	0.00670	0.00613	0.00732	0.01118
69	0.02015	0.01936	0.03275	0.08586	0.58589	0.01999	0.02494	0.02494	0.01843	0.02640	0.01531	0.02052	0.01291	0.00786	0.00931	0.00255	0.04868	0.00739	0.00406	0.01270
70	0.01443	0.00722	0.01082	0.01082	0.01082	0.00722	0.00722	0.01082	0.01082	0.01443	0.01443	0.02525	0.01443	0.02886	0.03247	0.75830	0.00722	0.00722	0.00361	0.00361
71	0.02066	0.01785	0.01878	0.01691	0.02160	0.02066	0.01315	0.04414	0.64121	0.03475	0.03381	0.03099	0.02536	0.01127	0.00845	0.00282	0.00657	0.00939	0.00845	0.01315
72	0.01208	0.00805	0.00906	0.00906	0.00906	0.00805	0.00503	0.01208	0.01208	0.01611	0.02618	0.05436	0.03020	0.70804	0.04228	0.00805	0.00805	0.01208	0.00503	0.00503
73	0.02221	0.71304	0.04353	0.01421	0.02132	0.03287	0.01421	0.02488	0.01688	0.01955	0.01155	0.01333	0.01066	0.00711	0.00533	0.00178	0.00888	0.00444	0.00355	0.01066
74	0.02221	0.71304	0.04353	0.01421	0.02132	0.03287	0.01421	0.02488	0.01688	0.01955	0.01155	0.01333	0.01066	0.00711	0.00533	0.00178	0.00888	0.00444	0.00355	0.01066
75	0.01261	0.00918	0.01230	0.01338	0.01540	0.00887	0.01127	0.01628	0.02020	0.02672	0.19946	0.08441	0.11797	0.02127	0.01089	0.00342	0.00637	0.39436	0.00803	0.00763
76	0.01187	0.00890	0.01335	0.01335	0.01483	0.01038	0.01038	0.01483	0.01335	0.01928	0.02225	0.03264	0.02077	0.06231	0.67512	0.01335	0.02225	0.00890	0.00445	0.00742
77	0.03727	0.01414	0.01928	0.01478	0.02121	0.01221	0.01221	0.04049	0.02378	0.66198	0.03277	0.02828	0.02056	0.01028	0.00835	0.00257	0.00707	0.00835	0.01028	0.01414
78	0.01038	0.00782	0.00962	0.01048	0.01190	0.00705	0.00736	0.01253	0.01832	0.02408	0.18324	0.39990	0.22157	0.02278	0.01022	0.00306	0.00447	0.02017	0.00801	0.00705
79	0.02221	0.71304	0.04353	0.01421	0.02132	0.03287	0.01421	0.02488	0.01688	0.01955	0.01155	0.01333	0.01066	0.00711	0.00533	0.00178	0.00888	0.00444	0.00355	0.01066
80	0.01362	0.01065	0.01522	0.01453	0.01616	0.01277	0.01147	0.05017	0.01475	0.02123	0.02098	0.03046	0.01940	0.05454	0.57223	0.01176	0.08885	0.00866	0.00459	0.00797
81	0.03158	0.02327	0.02493	0.01911	0.02576	0.02576	0.01579	0.62852	0.03906	0.05236	0.01995	0.01995	0.01413	0.00997	0.00831	0.00249	0.00914	0.00748	0.00831	0.01413
82	0.05926	0.01910	0.02113	0.01679	0.02197	0.02082	0.01351	0.44102	0.03125	0.07775	0.01915	0.02125	0.01433	0.01385	0.01324	0.16071	0.00851	0.00735	0.00730	0.01171
83	0.02718	0.03342	0.02149	0.01978	0.02350	0.54098	0.01491	0.02948	0.02149	0.02012	0.01474	0.01853	0.01273	0.01938	0.14187	0.00440	0.01644	0.00607	0.00431	0.00919
84	0.02988	0.03766	0.02549	0.02359	0.05675	0.60600	0.05147	0.03243	0.02310	0.02102	0.01320	0.01567	0.01093	0.00842	0.00766	0.00219	0.01468	0.00570	0.00427	0.00989
85	0.03103	0.03959	0.02354	0.02140	0.02568	0.67469	0.01605	0.03317	0.02354	0.02033	0.01284	0.01498	0.01070	0.00856	0.00749	0.00214	0.01498	0.00535	0.00428	0.00963
86	0.01818	0.01818	0.02545	0.02181	0.02181	0.02545	0.01818	0.01999	0.01272	0.01999	0.01091	0.01818	0.01091	0.01454	0.02726	0.00364	0.69284	0.00727	0.00364	0.00909
87	0.01319	0.00950	0.01311	0.01492	0.01688	0.00942	0.01299	0.01692	0.01911	0.02473	0.04622	0.09294	0.08152	0.02284	0.01138	0.00377	0.00746	0.56784	0.00765	0.00761
88	0.01818	0.01818	0.02545	0.02181	0.02181	0.02545	0.01818	0.01999	0.01272	0.01999	0.01091	0.01818	0.01091	0.01454	0.02726	0.00364	0.69284	0.00727	0.00364	0.00909
89	0.02056	0.01974	0.03372	0.05099	0.65622	0.01974	0.02550	0.02550	0.01892	0.02714	0.01563	0.02056	0.01316	0.00740	0.00822	0.00247	0.00987	0.00740	0.00411	0.01316
90	0.01134	0.00793	0.01013	0.01082	0.01129	0.00806	0.00706	0.01245	0.01370	0.01856	0.03236	0.28065	0.03711	0.33539	0.15839	0.00745	0.00976	0.01555	0.00587	0.00612
91	0.01061	0.00845	0.00951	0.00925	0.01171	0.00735	0.00693	0.01345	0.02080	0.02687	0.31553	0.07266	0.41872	0.01939	0.00981	0.00273	0.00409	0.01651	0.00830	0.00735
92	0.01594	0.01502	0.02537	0.65556	0.08779	0.01852	0.02319	0.02144	0.01673	0.02153	0.01481	0.02207	0.01118	0.00826	0.00830	0.00275	0.01101	0.00738	0.00371	0.00943
93	0.02325	0.01596	0.01815	0.01364	0.02047	0.04354	0.01094	0.02788	0.05499	0.19091	0.02041	0.02076	0.01511	0.00763	0.00692	0.00171	0.00683	0.00608	0.00648	0.48834
94	0.26068	0.01473	0.01711	0.01360	0.01963	0.01418	0.01123	0.03557	0.02083	0.47065	0.02628	0.02375	0.01702	0.00949	0.00737	0.00257	0.00687	0.00717	0.00871	0.01256
95	0.01723	0.01477	0.01723	0.01230	0.01969	0.01107	0.00984	0.02092	0.01723	0.02707	0.01477	0.01723	0.01230	0.00615	0.00615	0.00123	0.00615	0.00492	0.00492	0.75883
96	0.57401	0.01795	0.01554	0.01307	0.01861	0.02050	0.01078	0.18278	0.02067	0.04123	0.01376	0.01519	0.01034	0.00830	0.00597	0.00255	0.00714	0.00528	0.00597	0.01034
97	0.01208	0.00805	0.00906	0.00906	0.00906	0.00805	0.00503	0.01208	0.01208	0.01611	0.02618	0.05436	0.03020	0.70804	0.04228	0.00805	0.00805	0.01208	0.00503	0.00503
98	0.03103	0.03959	0.02354	0.02140	0.02568	0.67469	0.01605	0.03317	0.02354	0.02033	0.01284	0.01498	0.01070	0.00856	0.00749	0.00214	0.01498	0.00535	0.00428	0.00963
99	0.76672	0.01607	0.01221	0.01092	0.01607	0.01864	0.00900	0.02442	0.01414	0.03727	0.01157	0.01350	0.00900	0.00771	0.00514	0.00257	0.00643	0.00450	0.00514	0.00900
100	0.01681	0.01625	0.02414	0.22633	0.03206	0.02187	0.01895	0.01988	0.01398	0.02031	0.01317	0.02077	0.01189	0.01714	0.08268	0.00429	0.41934	0.00746	0.00373	0.00897
101	0.76672	0.01607	0.01221	0.01092	0.01607	0.01864	0.00900	0.02442	0.01414	0.03727	0.01157	0.01350	0.00900	0.00771	0.00514	0.00257	0.00643	0.00450	0.00514	0.00900
102	0.01223	0.00943	0.01404	0.01383	0.01523	0.01124	0.01083	0.01513	0.01332	0.01933	0.02161	0.03182	0.02021	0.05960	0.63837	0.01280	0.06030	0.00881	0.00440	0.00751
103	0.03158	0.02327	0.02493	0.01911	0.02576	0.02576	0.01579	0.62852	0.03906	0.05236	0.01995	0.01995	0.01413	0.00997	0.00831	0.00249	0.00914	0.00748	0.00831	0.01413
104	0.70167	0.01589	0.01284	0.01127	0.01652	0.01806	0.00928	0.02585	0.01500	0.09299	0.01346	0.01481	0.01003	0.00794	0.00543	0.00257	0.00648	0.00484	0.00560	0.00946
105	0.03727	0.01414	0.01928	0.01478	0.02121	0.01221	0.01221	0.04049	0.02378	0.66198	0.03277	0.02828	0.02056	0.01028	0.00835	0.00257	0.00707	0.00835	0.01028	0.01414
106	0.01208	0.00805	0.00906	0.00906	0.00906	0.00805	0.00503	0.01208	0.01208	0.01611	0.02618	0.05436	0.03020	0.70804	0.04228	0.00805	0.00805	0.01208	0.00503	0.00503
107	0.01042	0.00798	0.00956	0.01014	0.01184	0.00712	0.00724	0.01273	0.01892	0.02470	0.21210	0.31553	0.27788	0.02194	0.01012	0.00298	0.00437	0.01925	0.00807	0.00712
108	0.76672	0.01607	0.01221	0.01092	0.01607	0.01864	0.00900	0.02442	0.01414	0.03727	0.01157	0.01350	0.00900	0.00771	0.00514	0.00257	0.00643	0.00450	0.00514	0.00900
109	0.02221	0.71304	0.04353	0.01421	0.02132	0.03287	0.01421	0.02488	0.01688	0.01955	0.01155	0.01333	0.01066	0.00711	0.00533	0.00178	0.00888	0.00444	0.00355	0.01066
110	0.01775	0.01834	0.01503	0.01478	0.01762	0.21298	0.01164	0.02072	0.02133	0.02467	0.16502	0.06033	0.16685	0.01694	0.00957	0.00285	0.00844	0.18005	0.00693	0.00817
111	0.03190	0.02275	0.02461	0.01887	0.02550	0.02499	0.01559	0.59516	0.03819	0.08694	0.02067	0.02042	0.01449	0.00999	0.00831	0.00250	0.00902	0.00753	0.00842	0.01413
112	0.76672	0.01607	0.01221	0.01092	0.01607	0.01864	0.00900	0.02442	0.01414	0.03727	0.01157	0.01350	0.00900	0.00771	0.00514	0.00257	0.00643	0.00450	0.00514	0.00900
113	0.01167	0.00788	0.00918	0.00959	0.00969	0.00778	0.00560	0.01197	0.01288	0.01718	0.03030	0.19065	0.03540	0.56467	0.03562	0.00707	0.00737	0.01451	0.00560	0.00539
114	0.01176	0.00849	0.01110	0.01045	0.01241	0.00784	0.00784	0.01568	0.02352	0.03331	0.65184	0.06206	0.07839	0.01698	0.00980	0.00261	0.00392	0.01502	0.00914	0.00784
115	0.01752	0.01581	0.01975	0.01522	0.02034	0.01549	0.01240	0.02063	0.01584	0.02490	0.01358	0.01752	0.01187	0.00873	0.01264	0.00197	0.21706	0.00564	0.00453	0.52855
116	0.03553	0.01693	0.02101	0.01611	0.02260	0.01636	0.01331	0.22058	0.02846	0.47527	0.02885	0.02572	0.01859	0.01019	0.00834	0.00255	0.00770	0.00809	0.00968	0.01413
117	0.52694	0.01842	0.01636	0.01360	0.01923	0.02096	0.01121	0.22146	0.02227	0.04219	0.01430	0.01560	0.01067	0.00845	0.00617	0.00255	0.00731	0.00547	0.00617	0.01067
118	0.02263	0.58520	0.10693	0.01553	0.02304	0.05732	0.01594	0.02603	0.01752	0.04734	0.01285	0.01447	0.01107	0.00738	0.00582	0.00192	0.00942	0.00482	0.00386	0.01093
119	0.02429	0.01875	0.02009	0.01698	0.02226	0.02096	0.01351	0.21845	0.38984	0.07496	0.03237	0.03023	0.05666	0.01137	0.00848	0.00271	0.00725	0.00921	0.00847	0.01316
120	0.01012	0.00723	0.00964	0.01157	0.01205	0.00675	0.00771	0.01157	0.01591	0.02121	0.04579	0.70262	0.05495	0.02603	0.01060	0.00337	0.00482	0.02362	0.00771	0.00675
121	0.02056	0.01974	0.03372	0.05099	0.65622	0.01974	0.02550	0.02550	0.01892	0.02714	0.01563	0.02056	0.01316	0.00740	0.00822	0.00247	0.00987	0.00740	0.00411	0.01316
122	0.02480	0.01878	0.02028	0.01723	0.02255	0.02108	0.01369	0.18191	0.44116	0.09757	0.03044	0.02813	0.02226	0.01087	0.00841	0.00272	0.00723	0.00884	0.00859	0.01347

[dist]
# distance from previous block
# <min> <max>
0	3

[block]
# block no. 1 follows, 22 sequences, length 26
# corresponding to MSA columns:
# 130-155
name=unknown_B
#
# <colnr> <probs for GDERKNQSTAVLIFYWHMCP>
#	G	D	E	R	K	N	Q	S	T	A	V	L	I	F	Y	W	H	M	C	P
0	0.01988	0.01702	0.01811	0.01634	0.02079	0.01953	0.01268	0.04163	0.58658	0.03462	0.08848	0.03374	0.03005	0.01178	0.00857	0.00280	0.00634	0.00989	0.00851	0.01268
1	0.01068	0.00965	0.01201	0.01077	0.01407	0.00825	0.06113	0.01322	0.01899	0.02281	0.07820	0.07486	0.59622	0.01980	0.00982	0.00280	0.00507	0.01685	0.00740	0.00738
2	0.01287	0.00882	0.01101	0.01027	0.01268	0.00792	0.00777	0.01636	0.02254	0.06883	0.49121	0.06391	0.19971	0.01746	0.00972	0.00265	0.00417	0.01517	0.00890	0.00804
3	0.01208	0.00805	0.00906	0.00906	0.00906	0.00805	0.00503	0.01208	0.01208	0.01611	0.02618	0.05436	0.03020	0.70804	0.04228	0.00805	0.00805	0.01208	0.00503	0.00503
4	0.01443	0.00722	0.01082	0.01082	0.01082	0.00722	0.00722	0.01082	0.01082	0.01443	0.01443	0.02525	0.01443	0.02886	0.03247	0.75830	0.00722	0.00722	0.00361	0.00361
5	0.00982	0.00842	0.00842	0.00842	0.01122	0.00701	0.00631	0.01192	0.01894	0.02244	0.08416	0.07995	0.65285	0.02104	0.00982	0.00281	0.00421	0.01753	0.00771	0.00701
6	0.01187	0.00890	0.01335	0.01335	0.01483	0.01038	0.01038	0.01483	0.01335	0.01928	0.02225	0.03264	0.02077	0.06231	0.67512	0.01335	0.02225	0.00890	0.00445	0.00742
7	0.01012	0.00723	0.00964	0.01157	0.01205	0.00675	0.00771	0.01157	0.01591	0.02121	0.04579	0.70262	0.05495	0.02603	0.01060	0.00337	0.00482	0.02362	0.00771	0.00675
8	0.01012	0.00723	0.00964	0.01157	0.01205	0.00675	0.00771	0.01157	0.01591	0.02121	0.04579	0.70262	0.05495	0.02603	0.01060	0.00337	0.00482	0.02362	0.00771	0.00675
9	0.01666	0.04297	0.66500	0.02368	0.03596	0.01929	0.03069	0.02631	0.01754	0.02631	0.01491	0.01754	0.01052	0.00789	0.00789	0.00263	0.01228	0.00614	0.00351	0.01228
10	0.01654	0.01643	0.03015	0.54620	0.05422	0.01901	0.15407	0.02240	0.01726	0.02240	0.01521	0.02221	0.01141	0.00802	0.00863	0.00278	0.01171	0.00791	0.00380	0.00966
11	0.02686	0.02048	0.02240	0.01688	0.02377	0.02094	0.01384	0.42889	0.03189	0.04405	0.01824	0.01905	0.01353	0.00872	0.00760	0.00208	0.00816	0.00664	0.00720	0.25881
12	0.02066	0.01785	0.01878	0.01691	0.02160	0.02066	0.01315	0.04414	0.64121	0.03475	0.03381	0.03099	0.02536	0.01127	0.00845	0.00282	0.00657	0.00939	0.00845	0.01315
13	0.03135	0.03023	0.02434	0.02009	0.02573	0.30261	0.01590	0.37453	0.03244	0.03869	0.01691	0.01783	0.01267	0.00937	0.00796	0.00234	0.01163	0.00657	0.00659	0.01221
14	0.02197	0.02460	0.02373	0.02092	0.02250	0.24367	0.01677	0.02399	0.01644	0.02004	0.01256	0.01837	0.01171	0.01674	0.07788	0.00399	0.40429	0.00677	0.00393	0.00912
15	0.01208	0.00805	0.00906	0.00906	0.00906	0.00805	0.00503	0.01208	0.01208	0.01611	0.02618	0.05436	0.03020	0.70804	0.04228	0.00805	0.00805	0.01208	0.00503	0.00503
16	0.01569	0.01477	0.02492	0.68808	0.05722	0.01846	0.02307	0.02123	0.01661	0.02123	0.01477	0.02215	0.01107	0.00831	0.00831	0.00277	0.01107	0.00738	0.00369	0.00923
17	0.03103	0.03959	0.02354	0.02140	0.02568	0.67469	0.01605	0.03317	0.02354	0.02033	0.01284	0.01498	0.01070	0.00856	0.00749	0.00214	0.01498	0.00535	0.00428	0.00963
18	0.01055	0.00844	0.00943	0.00918	0.01167	0.00732	0.00689	0.01333	0.02066	0.02653	0.29772	0.07322	0.43674	0.01951	0.00981	0.00273	0.00410	0.01659	0.00825	0.00732
19	0.00991	0.00806	0.00878	0.00935	0.01147	0.00693	0.00673	0.01182	0.01804	0.02208	0.07280	0.26419	0.47594	0.02251	0.01005	0.00297	0.00439	0.01933	0.00771	0.00693
20	0.03158	0.02327	0.02493	0.01911	0.02576	0.02576	0.01579	0.62852	0.03906	0.05236	0.01995	0.01995	0.01413	0.00997	0.00831	0.00249	0.00914	0.00748	0.00831	0.01413
21	0.01961	0.02241	0.04902	0.03501	0.04342	0.02101	0.62605	0.02661	0.01961	0.02661	0.01681	0.02241	0.01261	0.00700	0.00980	0.00280	0.01401	0.00980	0.00420	0.01120
22	0.00982	0.00842	0.00842	0.00842	0.01122	0.00701	0.00631	0.01192	0.01894	0.02244	0.08416	0.07995	0.65285	0.02104	0.00982	0.00281	0.00421	0.01753	0.00771	0.00701
23	0.02102	0.50745	0.03818	0.01646	0.02147	0.03067	0.01539	0.02343	0.01565	0.01968	0.01136	0.01476	0.01073	0.00931	0.01182	0.00233	0.21125	0.00528	0.00358	0.01020
24	0.15016	0.02434	0.12142	0.03670	0.36944	0.07668	0.05285	0.02615	0.01833	0.02815	0.01464	0.01850	0.01181	0.00761	0.00766	0.00250	0.01028	0.00666	0.00422	0.01190
25	0.39583	0.02642	0.25486	0.02073	0.10509	0.01902	0.01908	0.02525	0.01600	0.03195	0.01331	0.01588	0.01009	0.00774	0.00655	0.00258	0.00902	0.00547	0.00441	0.01073

[dist]
# distance from previous block
# <min> <max>
0	1

[block]
# block no. 2 follows, 22 sequences, length 70
# corresponding to MSA columns:
# 157-226
name=unknown_C
#
# <colnr> <probs for GDERKNQSTAVLIFYWHMCP>
#	G	D	E	R	K	N	Q	S	T	A	V	L	I	F	Y	W	H	M	C	P
0	0.05393	0.20516	0.48213	0.02076	0.03143	0.02257	0.02563	0.02587	0.01722	0.02518	0.01393	0.01632	0.01048	0.00769	0.00714	0.00242	0.01117	0.00565	0.00360	0.01173
1	0.01597	0.06437	0.50672	0.02056	0.03078	0.01796	0.02537	0.02471	0.04428	0.02577	0.02663	0.02790	0.11370	0.01010	0.00812	0.00263	0.01060	0.00803	0.00439	0.01141
2	0.02163	0.02170	0.02932	0.07156	0.38117	0.10311	0.04593	0.03040	0.15617	0.02763	0.01927	0.02230	0.01540	0.00843	0.00825	0.00253	0.01002	0.00768	0.00507	0.01243
3	0.00982	0.00842	0.00842	0.00842	0.01122	0.00701	0.00631	0.01192	0.01894	0.02244	0.08416	0.07995	0.65285	0.02104	0.00982	0.00281	0.00421	0.01753	0.00771	0.00701
4	0.03257	0.01989	0.14451	0.01660	0.02408	0.01394	0.01584	0.03789	0.04876	0.51207	0.02935	0.02631	0.01882	0.00986	0.00827	0.00259	0.00806	0.00797	0.00889	0.01374
5	0.01066	0.00845	0.00958	0.00930	0.01174	0.00737	0.00697	0.01355	0.02092	0.02715	0.33000	0.07220	0.40407	0.01928	0.00981	0.00272	0.00408	0.01645	0.00833	0.00737
6	0.01012	0.00723	0.00964	0.01157	0.01205	0.00675	0.00771	0.01157	0.01591	0.02121	0.04579	0.70262	0.05495	0.02603	0.01060	0.00337	0.00482	0.02362	0.00771	0.00675
7	0.01012	0.00723	0.00964	0.01157	0.01205	0.00675	0.00771	0.01157	0.01591	0.02121	0.04579	0.70262	0.05495	0.02603	0.01060	0.00337	0.00482	0.02362	0.00771	0.00675
8	0.01617	0.01522	0.02159	0.01912	0.01959	0.02065	0.01569	0.01835	0.01292	0.01977	0.01452	0.02278	0.01405	0.02976	0.23368	0.00673	0.47919	0.00779	0.00389	0.00856
9	0.02128	0.01464	0.01764	0.01281	0.01999	0.01130	0.01032	0.02487	0.01855	0.15545	0.01841	0.01946	0.01397	0.00699	0.00660	0.00150	0.00634	0.00562	0.00601	0.60825
10	0.01744	0.01710	0.02404	0.02083	0.02100	0.02370	0.01727	0.01939	0.01280	0.01991	0.01222	0.01985	0.01205	0.02009	0.10247	0.00476	0.61499	0.00746	0.00373	0.00889
11	0.01139	0.00899	0.01037	0.01015	0.01264	0.00820	0.00778	0.01540	0.05117	0.02760	0.30765	0.07135	0.34644	0.01907	0.00986	0.00280	0.00446	0.05866	0.00832	0.00769
12	0.02565	0.02682	0.02117	0.01885	0.02355	0.27720	0.01451	0.08928	0.34841	0.03059	0.02443	0.02379	0.01867	0.01010	0.00806	0.00252	0.01008	0.00765	0.00681	0.01185
13	0.01944	0.01859	0.03169	0.19798	0.51802	0.01944	0.02494	0.02451	0.01838	0.02578	0.01543	0.02093	0.01268	0.00761	0.00824	0.00254	0.01015	0.00740	0.00402	0.01225
14	0.01020	0.00757	0.00952	0.01084	0.01191	0.00689	0.00744	0.01199	0.01715	0.02248	0.10472	0.52395	0.17646	0.02426	0.01038	0.00320	0.00462	0.02167	0.00783	0.00689
15	0.03158	0.02327	0.02493	0.01911	0.02576	0.02576	0.01579	0.62852	0.03906	0.05236	0.01995	0.01995	0.01413	0.00997	0.00831	0.00249	0.00914	0.00748	0.00831	0.01413
16	0.01138	0.00848	0.01058	0.01006	0.01218	0.00768	0.00754	0.01495	0.02263	0.03120	0.54173	0.06553	0.18981	0.01777	0.00980	0.00265	0.00398	0.01551	0.00887	0.00768
17	0.01663	0.01573	0.02662	0.56450	0.17340	0.01871	0.02354	0.02205	0.01706	0.02237	0.01493	0.02184	0.01148	0.00813	0.00829	0.00271	0.01084	0.00739	0.00377	0.00999
18	0.01097	0.00846	0.01001	0.00962	0.01193	0.00750	0.00722	0.01415	0.02165	0.02888	0.42055	0.06935	0.31244	0.01864	0.00981	0.00269	0.00404	0.01605	0.00856	0.00750
19	0.01087	0.00815	0.00985	0.01095	0.01217	0.00767	0.00758	0.01334	0.04227	0.02166	0.05195	0.42599	0.19035	0.10139	0.01396	0.00377	0.00525	0.04845	0.00744	0.00693
20	0.47428	0.01860	0.06195	0.01376	0.01928	0.01933	0.01190	0.03084	0.21418	0.03567	0.01890	0.01937	0.01432	0.00886	0.00640	0.00265	0.00690	0.00618	0.00608	0.01056
21	0.10360	0.14522	0.29363	0.02011	0.08191	0.01931	0.01971	0.02290	0.01606	0.02443	0.01629	0.02407	0.01459	0.14926	0.01412	0.00356	0.00995	0.00698	0.00407	0.01024
22	0.02429	0.28292	0.03719	0.06640	0.03031	0.17852	0.16897	0.02816	0.01962	0.06851	0.01494	0.01768	0.01191	0.00774	0.00738	0.00224	0.01162	0.00649	0.00439	0.01071
23	0.02961	0.03602	0.02503	0.02540	0.11326	0.55125	0.01735	0.06190	0.02368	0.02288	0.01358	0.01600	0.01121	0.00847	0.00763	0.00220	0.01398	0.00574	0.00446	0.01035
24	0.02759	0.02036	0.02259	0.01795	0.02355	0.02265	0.01470	0.50443	0.03386	0.04567	0.02041	0.02251	0.01547	0.02055	0.14314	0.00469	0.01179	0.00777	0.00753	0.01277
25	0.03103	0.03959	0.02354	0.02140	0.02568	0.67469	0.01605	0.03317	0.02354	0.02033	0.01284	0.01498	0.01070	0.00856	0.00749	0.00214	0.01498	0.00535	0.00428	0.00963
26	0.01666	0.04297	0.66500	0.02368	0.03596	0.01929	0.03069	0.02631	0.01754	0.02631	0.01491	0.01754	0.01052	0.00789	0.00789	0.00263	0.01228	0.00614	0.00351	0.01228
27	0.76672	0.01607	0.01221	0.01092	0.01607	0.01864	0.00900	0.02442	0.01414	0.03727	0.01157	0.01350	0.00900	0.00771	0.00514	0.00257	0.00643	0.00450	0.00514	0.00900
28	0.01116	0.00797	0.01083	0.01276	0.01369	0.00764	0.00952	0.01337	0.01693	0.02237	0.04521	0.50862	0.05267	0.02505	0.01088	0.00352	0.00572	0.20735	0.00769	0.00704
29	0.03158	0.02327	0.02493	0.01911	0.02576	0.02576	0.01579	0.62852	0.03906	0.05236	0.01995	0.01995	0.01413	0.00997	0.00831	0.00249	0.00914	0.00748	0.00831	0.01413
30	0.03158	0.02327	0.02493	0.01911	0.02576	0.02576	0.01579	0.62852	0.03906	0.05236	0.01995	0.01995	0.01413	0.00997	0.00831	0.00249	0.00914	0.00748	0.00831	0.01413
31	0.01182	0.00884	0.01070	0.01153	0.01338	0.00833	0.00912	0.01425	0.01763	0.02221	0.05504	0.08073	0.26493	0.16078	0.01710	0.00431	0.00648	0.26881	0.00714	0.00689
32	0.76672	0.01607	0.01221	0.01092	0.01607	0.01864	0.00900	0.02442	0.01414	0.03727	0.01157	0.01350	0.00900	0.00771	0.00514	0.00257	0.00643	0.00450	0.00514	0.00900
33	0.01521	0.01464	0.02791	0.02225	0.02637	0.01528	0.25185	0.01970	0.01577	0.02219	0.01957	0.02793	0.01709	0.03832	0.38296	0.00875	0.05176	0.00917	0.00431	0.00898
34	0.00984	0.00834	0.00850	0.00863	0.01128	0.00700	0.00641	0.01190	0.01873	0.02236	0.08158	0.12174	0.61273	0.02137	0.00987	0.00284	0.00425	0.01794	0.00771	0.00700
35	0.01869	0.01472	0.01738	0.01249	0.01980	0.01116	0.01002	0.02235	0.01770	0.07341	0.01608	0.01803	0.01291	0.00645	0.00631	0.00133	0.00622	0.00517	0.00531	0.70448
36	0.01010	0.00732	0.00955	0.01134	0.01199	0.00677	0.00761	0.01159	0.01613	0.02130	0.04859	0.65718	0.09858	0.02566	0.01055	0.00333	0.00478	0.02317	0.00771	0.00677
37	0.01569	0.01477	0.02492	0.68808	0.05722	0.01846	0.02307	0.02123	0.01661	0.02123	0.01477	0.02215	0.01107	0.00831	0.00831	0.00277	0.01107	0.00738	0.00369	0.00923
38	0.01569	0.01477	0.02492	0.68808	0.05722	0.01846	0.02307	0.02123	0.01661	0.02123	0.01477	0.02215	0.01107	0.00831	0.00831	0.00277	0.01107	0.00738	0.00369	0.00923
39	0.01443	0.00722	0.01082	0.01082	0.01082	0.00722	0.00722	0.01082	0.01082	0.01443	0.01443	0.02525	0.01443	0.02886	0.03247	0.75830	0.00722	0.00722	0.00361	0.00361
40	0.02066	0.01785	0.01878	0.01691	0.02160	0.02066	0.01315	0.04414	0.64121	0.03475	0.03381	0.03099	0.02536	0.01127	0.00845	0.00282	0.00657	0.00939	0.00845	0.01315
41	0.03017	0.03816	0.02367	0.02143	0.02542	0.63112	0.01619	0.03229	0.02282	0.02031	0.01271	0.01520	0.01071	0.00896	0.00882	0.00224	0.06047	0.00548	0.00424	0.00959
42	0.01084	0.00846	0.00984	0.00949	0.01185	0.00745	0.00712	0.01391	0.02136	0.02819	0.38456	0.07048	0.34886	0.01889	0.00981	0.00270	0.00406	0.01621	0.00847	0.00745
43	0.08496	0.01312	0.01657	0.01321	0.01881	0.01163	0.01078	0.03354	0.02209	0.48707	0.04162	0.03765	0.14757	0.01227	0.00842	0.00262	0.00644	0.00993	0.00939	0.01232
44	0.01001	0.00842	0.00868	0.00862	0.01134	0.00710	0.00646	0.01230	0.01939	0.02352	0.14051	0.07817	0.59582	0.02064	0.00982	0.00279	0.00418	0.01728	0.00786	0.00710
45	0.02045	0.01840	0.02573	0.12684	0.27129	0.02024	0.01946	0.06291	0.28148	0.03075	0.02337	0.02515	0.01804	0.00929	0.00834	0.00266	0.00862	0.00824	0.00609	0.01264
46	0.01116	0.00797	0.01083	0.01276	0.01369	0.00764	0.00952	0.01337	0.01693	0.02237	0.04521	0.50862	0.05267	0.02505	0.01088	0.00352	0.00572	0.20735	0.00769	0.00704
47	0.02841	0.24842	0.03040	0.01831	0.02432	0.24209	0.01537	0.23981	0.02687	0.03134	0.01493	0.01620	0.01189	0.00859	0.00709	0.00215	0.01099	0.00581	0.00547	0.01154
48	0.02196	0.21859	0.28257	0.02146	0.05312	0.15743	0.02181	0.05302	0.01933	0.02411	0.01363	0.01614	0.01088	0.00823	0.00814	0.00234	0.04638	0.00569	0.00392	0.01126
49	0.02127	0.07000	0.05560	0.03608	0.38170	0.01980	0.02090	0.02972	0.14176	0.07053	0.02158	0.02645	0.01765	0.00920	0.00823	0.00257	0.00894	0.03978	0.00551	0.01270
50	0.02176	0.03046	0.18480	0.12397	0.19271	0.20200	0.07555	0.02733	0.01961	0.02417	0.01466	0.01865	0.01149	0.00794	0.00809	0.00249	0.01241	0.00673	0.00396	0.01124
51	0.01044	0.00844	0.00927	0.00907	0.01160	0.00728	0.00680	0.01312	0.02040	0.02592	0.26556	0.07423	0.46928	0.01974	0.00981	0.00274	0.00412	0.01673	0.00817	0.00728
52	0.01724	0.03323	0.44834	0.02408	0.08441	0.01729	0.05616	0.02516	0.01898	0.05456	0.11751	0.02561	0.02211	0.00936	0.00834	0.00262	0.01061	0.00795	0.00478	0.01167
53	0.00992	0.00801	0.00883	0.00949	0.01150	0.00692	0.00679	0.01180	0.01790	0.02202	0.07105	0.29262	0.44864	0.02274	0.01009	0.00300	0.00442	0.01961	0.00771	0.00692
54	0.01187	0.00890	0.01335	0.01335	0.01483	0.01038	0.01038	0.01483	0.01335	0.01928	0.02225	0.03264	0.02077	0.06231	0.67512	0.01335	0.02225	0.00890	0.00445	0.00742
55	0.01024	0.00839	0.00905	0.00921	0.01171	0.00721	0.00693	0.01258	0.01925	0.02373	0.14524	0.12398	0.51365	0.02102	0.00995	0.00287	0.00438	0.04559	0.00788	0.00712
56	0.03103	0.03959	0.02354	0.02140	0.02568	0.67469	0.01605	0.03317	0.02354	0.02033	0.01284	0.01498	0.01070	0.00856	0.00749	0.00214	0.01498	0.00535	0.00428	0.00963
57	0.76672	0.01607	0.01221	0.01092	0.01607	0.01864	0.00900	0.02442	0.01414	0.03727	0.01157	0.01350	0.00900	0.00771	0.00514	0.00257	0.00643	0.00450	0.00514	0.00900
58	0.01099	0.00846	0.01004	0.00964	0.01194	0.00751	0.00723	0.01419	0.02170	0.02901	0.42694	0.06914	0.30597	0.01859	0.00981	0.00269	0.00403	0.01602	0.00858	0.00751
59	0.01129	0.00784	0.00983	0.01058	0.01096	0.00784	0.00676	0.01223	0.01374	0.01851	0.03336	0.30548	0.03870	0.35957	0.10965	0.00689	0.00858	0.01620	0.00601	0.00601
60	0.02221	0.71304	0.04353	0.01421	0.02132	0.03287	0.01421	0.02488	0.01688	0.01955	0.01155	0.01333	0.01066	0.00711	0.00533	0.00178	0.00888	0.00444	0.00355	0.01066
61	0.03103	0.03959	0.02354	0.02140	0.02568	0.67469	0.01605	0.03317	0.02354	0.02033	0.01284	0.01498	0.01070	0.00856	0.00749	0.00214	0.01498	0.00535	0.00428	0.00963
62	0.03158	0.02327	0.02493	0.01911	0.02576	0.02576	0.01579	0.62852	0.03906	0.05236	0.01995	0.01995	0.01413	0.00997	0.00831	0.00249	0.00914	0.00748	0.00831	0.01413
63	0.01176	0.00849	0.01110	0.01045	0.01241	0.00784	0.00784	0.01568	0.02352	0.03331	0.65184	0.06206	0.07839	0.01698	0.00980	0.00261	0.00392	0.01502	0.00914	0.00784
64	0.01786	0.01568	0.01636	0.01503	0.01759	0.09686	0.01137	0.11486	0.01948	0.02547	0.02559	0.19671	0.02656	0.08958	0.16444	0.00564	0.06427	0.01182	0.00589	0.05894
65	0.01000	0.00769	0.00916	0.01033	0.01172	0.00685	0.00716	0.01171	0.01709	0.02169	0.06081	0.45879	0.28908	0.02407	0.01030	0.00315	0.00458	0.02123	0.00771	0.00685
66	0.02030	0.01947	0.03324	0.08558	0.62370	0.01967	0.02536	0.02526	0.01879	0.02682	0.01558	0.02065	0.01305	0.00745	0.00823	0.00248	0.00993	0.00740	0.00409	0.01295
67	0.02710	0.02771	0.02920	0.10426	0.03304	0.24833	0.13711	0.23023	0.02713	0.03243	0.01624	0.01898	0.01227	0.00870	0.00832	0.00247	0.01235	0.00719	0.00555	0.01140
68	0.18260	0.02403	0.06061	0.06001	0.30668	0.14676	0.01982	0.05680	0.01963	0.02896	0.01436	0.01784	0.01161	0.00789	0.00741	0.00245	0.01027	0.00632	0.00453	0.01142
69	0.06618	0.01547	0.01340	0.01249	0.01542	0.13836	0.00944	0.02024	0.05176	0.02885	0.33579	0.05193	0.17876	0.01530	0.00898	0.00257	0.00642	0.01270	0.00760	0.00835

[dist]
# distance from previous block
# <min> <max>
0	30

[block]
# block no. 3 follows, 22 sequences, length 87
# corresponding to MSA columns:
# 257-343
name=unknown_D
#
# <colnr> <probs for GDERKNQSTAVLIFYWHMCP>
#	G	D	E	R	K	N	Q	S	T	A	V	L	I	F	Y	W	H	M	C	P
0	0.05516	0.01689	0.15384	0.01284	0.01772	0.01122	0.01254	0.01829	0.04889	0.02757	0.21191	0.05548	0.29476	0.01587	0.00906	0.00270	0.00614	0.01325	0.00706	0.00879
1	0.06125	0.04137	0.62620	0.02292	0.03477	0.01925	0.02940	0.02620	0.01734	0.02696	0.01471	0.01730	0.01043	0.00788	0.00773	0.00263	0.01193	0.00604	0.00360	0.01208
2	0.01922	0.01837	0.03129	0.22677	0.49095	0.01938	0.02483	0.02432	0.01828	0.02551	0.01539	0.02100	0.01258	0.00765	0.00825	0.00255	0.01020	0.00740	0.00400	0.01207
3	0.36629	0.01898	0.06375	0.05733	0.16000	0.01872	0.01574	0.07588	0.01873	0.10996	0.01608	0.01807	0.01193	0.00818	0.00681	0.00256	0.00812	0.00610	0.00561	0.01117
4	0.76672	0.01607	0.01221	0.01092	0.01607	0.01864	0.00900	0.02442	0.01414	0.03727	0.01157	0.01350	0.00900	0.00771	0.00514	0.00257	0.00643	0.00450	0.00514	0.00900
5	0.02389	0.58520	0.03974	0.01558	0.02215	0.15471	0.01456	0.02645	0.01814	0.01969	0.01179	0.01364	0.01067	0.00738	0.00574	0.00185	0.01004	0.00461	0.00369	0.01047
6	0.01005	0.00818	0.00890	0.00923	0.01149	0.00703	0.00673	0.01218	0.01872	0.02314	0.12612	0.20423	0.48170	0.02169	0.00998	0.00290	0.00431	0.01854	0.00784	0.00703
7	0.02234	0.02181	0.02020	0.01813	0.02236	0.13959	0.01409	0.04015	0.47709	0.03091	0.02811	0.02703	0.02150	0.01105	0.00984	0.00276	0.06508	0.00848	0.00730	0.01217
8	0.01047	0.00844	0.00932	0.00910	0.01162	0.00729	0.00682	0.01318	0.02047	0.02609	0.27490	0.07394	0.45983	0.01968	0.00981	0.00274	0.00411	0.01669	0.00820	0.00729
9	0.76672	0.01607	0.01221	0.01092	0.01607	0.01864	0.00900	0.02442	0.01414	0.03727	0.01157	0.01350	0.00900	0.00771	0.00514	0.00257	0.00643	0.00450	0.00514	0.00900
10	0.02056	0.01974	0.03372	0.05099	0.65622	0.01974	0.02550	0.02550	0.01892	0.02714	0.01563	0.02056	0.01316	0.00740	0.00822	0.00247	0.00987	0.00740	0.00411	0.01316
11	0.03107	0.03849	0.02364	0.02125	0.02569	0.63064	0.01603	0.07359	0.02460	0.02251	0.01332	0.01532	0.01093	0.00866	0.00755	0.00216	0.01458	0.00549	0.00455	0.00994
12	0.01959	0.07561	0.01913	0.01679	0.04869	0.04774	0.01327	0.12806	0.02228	0.06423	0.03445	0.05796	0.07301	0.08024	0.01258	0.00351	0.00826	0.25811	0.00699	0.00950
13	0.02409	0.02750	0.02644	0.02798	0.16119	0.29649	0.01887	0.02672	0.01860	0.02169	0.01274	0.01735	0.01131	0.01048	0.01484	0.00275	0.26026	0.00649	0.00401	0.01020
14	0.01187	0.00890	0.01335	0.01335	0.01483	0.01038	0.01038	0.01483	0.01335	0.01928	0.02225	0.03264	0.02077	0.06231	0.67512	0.01335	0.02225	0.00890	0.00445	0.00742
15	0.03158	0.02327	0.02493	0.01911	0.02576	0.02576	0.01579	0.62852	0.03906	0.05236	0.01995	0.01995	0.01413	0.00997	0.00831	0.00249	0.00914	0.00748	0.00831	0.01413
16	0.18016	0.02181	0.02236	0.01746	0.02380	0.02432	0.01442	0.50643	0.03402	0.04931	0.01825	0.01864	0.01309	0.00952	0.00767	0.00251	0.00859	0.00688	0.00767	0.01309
17	0.01208	0.00805	0.00906	0.00906	0.00906	0.00805	0.00503	0.01208	0.01208	0.01611	0.02618	0.05436	0.03020	0.70804	0.04228	0.00805	0.00805	0.01208	0.00503	0.00503
18	0.03103	0.03959	0.02354	0.02140	0.02568	0.67469	0.01605	0.03317	0.02354	0.02033	0.01284	0.01498	0.01070	0.00856	0.00749	0.00214	0.01498	0.00535	0.00428	0.00963
19	0.76672	0.01607	0.01221	0.01092	0.01607	0.01864	0.00900	0.02442	0.01414	0.03727	0.01157	0.01350	0.00900	0.00771	0.00514	0.00257	0.00643	0.00450	0.00514	0.00900
