[name]
unknown

[dist]
# distance from previous block
# <min> <max>
0	0

[block]
# block no. 0 follows, 21 sequences, length 32
# corresponding to MSA columns:
# 0-31
name=unknown_A
#
# <colnr> <probs for GDERKNQSTAVLIFYWHMCP>
#	G	D	E	R	K	N	Q	S	T	A	V	L	I	F	Y	W	H	M	C	P
0	0.01371	0.00980	0.01371	0.01567	0.01763	0.00980	0.01371	0.01763	0.01959	0.02547	0.04506	0.09599	0.04898	0.02351	0.01175	0.00392	0.00784	0.59056	0.00784	0.00784
1	0.01021	0.00855	0.00888	0.00896	0.01163	0.00722	0.00666	0.01244	0.01951	0.02364	0.12014	0.11886	0.57097	0.02160	0.01011	0.00290	0.00433	0.01818	0.00800	0.00722
2	0.02106	0.02022	0.03454	0.05223	0.64784	0.02022	0.02612	0.02612	0.01938	0.02780	0.01601	0.02106	0.01348	0.00758	0.00842	0.00253	0.01011	0.00758	0.00421	0.01348
3	0.01147	0.00829	0.00913	0.00930	0.01025	0.00780	0.00581	0.01228	0.01493	0.01901	0.04730	0.12040	0.22647	0.42735	0.02997	0.00613	0.00672	0.01518	0.00626	0.00595
4	0.01774	0.01085	0.01232	0.01089	0.01475	0.00961	0.00851	0.05667	0.02212	0.16353	0.11348	0.06510	0.42566	0.01812	0.00963	0.00279	0.00524	0.01507	0.00863	0.00930
5	0.01083	0.00865	0.00970	0.00943	0.01197	0.00751	0.00708	0.01371	0.02123	0.02733	0.30352	0.07475	0.42436	0.01993	0.01005	0.00280	0.00420	0.01696	0.00847	0.00751
6	0.76103	0.01646	0.01251	0.01119	0.01646	0.01909	0.00922	0.02502	0.01448	0.03818	0.01185	0.01382	0.00922	0.00790	0.00527	0.00263	0.00658	0.00461	0.00527	0.00922
7	0.01017	0.00863	0.00878	0.00874	0.01157	0.00723	0.00656	0.01244	0.01967	0.02363	0.11840	0.08084	0.61179	0.02131	0.01006	0.00286	0.00429	0.01781	0.00799	0.00723
8	0.01006	0.00862	0.00862	0.00862	0.01149	0.00718	0.00647	0.01221	0.01940	0.02299	0.08621	0.08190	0.64438	0.02155	0.01006	0.00287	0.00431	0.01796	0.00790	0.00718
9	0.15338	0.00956	0.00922	0.00910	0.01115	0.01001	0.00650	0.01858	0.01587	0.02881	0.02583	0.07718	0.02380	0.16784	0.01464	0.00363	0.00549	0.00939	0.39254	0.00747
10	0.01218	0.00904	0.01329	0.01329	0.01467	0.01043	0.01015	0.01495	0.01356	0.01947	0.02315	0.03540	0.02213	0.12005	0.61214	0.01320	0.02151	0.00941	0.00461	0.00738
11	0.01258	0.00898	0.01302	0.01302	0.01459	0.01033	0.01010	0.01573	0.01415	0.02113	0.02336	0.03324	0.02134	0.05764	0.59136	0.01234	0.02064	0.00898	0.08984	0.00764
12	0.01041	0.00833	0.00931	0.00970	0.01187	0.00723	0.00703	0.01265	0.01928	0.02421	0.15312	0.22954	0.42295	0.02223	0.01025	0.00299	0.00442	0.01913	0.00810	0.00723
13	0.01081	0.00775	0.01027	0.01155	0.01244	0.00721	0.00793	0.01296	0.01835	0.02500	0.20435	0.52859	0.06262	0.02422	0.01064	0.00325	0.00469	0.02187	0.00829	0.00721
14	0.01218	0.00904	0.01329	0.01329	0.01467	0.01043	0.01015	0.01495	0.01356	0.01947	0.02315	0.03540	0.02213	0.12005	0.61214	0.01320	0.02151	0.00941	0.00461	0.00738
15	0.09085	0.01525	0.01559	0.01302	0.01729	0.01654	0.01045	0.26679	0.02665	0.04132	0.02329	0.02545	0.01764	0.00985	0.00694	0.00228	0.00642	0.00752	0.37612	0.01074
16	0.02638	0.01855	0.02030	0.01636	0.02110	0.02007	0.01279	0.40505	0.03101	0.07166	0.02428	0.07146	0.02142	0.18032	0.01718	0.00401	0.00871	0.00989	0.00775	0.01172
17	0.01216	0.00912	0.01368	0.01368	0.01520	0.01064	0.01064	0.01520	0.01368	0.01976	0.02279	0.03343	0.02127	0.06382	0.66720	0.01368	0.02279	0.00912	0.00456	0.00760
18	0.19986	0.01749	0.02069	0.01821	0.01993	0.04870	0.01495	0.02131	0.01395	0.02471	0.01327	0.01967	0.01229	0.02072	0.12340	0.00498	0.38561	0.00694	0.00426	0.00904
19	0.01095	0.00852	0.00995	0.00988	0.01212	0.00752	0.00730	0.01384	0.02108	0.02767	0.32320	0.14226	0.33453	0.02032	0.01014	0.00285	0.00425	0.01754	0.00854	0.00752
20	0.01216	0.00912	0.01368	0.01368	0.01520	0.01064	0.01064	0.01520	0.01368	0.01976	0.02279	0.03343	0.02127	0.06382	0.66720	0.01368	0.02279	0.00912	0.00456	0.00760
21	0.01827	0.03601	0.43167	0.02998	0.09290	0.02030	0.19528	0.02696	0.01869	0.02711	0.01588	0.01964	0.01162	0.00778	0.00866	0.00273	0.01286	0.00746	0.00385	0.01235
22	0.02857	0.03519	0.02459	0.02203	0.02534	0.50993	0.01698	0.03068	0.02140	0.02074	0.01267	0.01615	0.01101	0.01027	0.01263	0.00257	0.17934	0.00596	0.00422	0.00973
23	0.01070	0.00865	0.00951	0.00930	0.01189	0.00746	0.00697	0.01346	0.02092	0.02660	0.26662	0.07596	0.46172	0.02021	0.01005	0.00281	0.00421	0.01713	0.00838	0.00746
24	0.01909	0.01821	0.03099	0.29992	0.41553	0.01970	0.02514	0.02439	0.01845	0.02541	0.01566	0.02170	0.01264	0.00795	0.00846	0.00265	0.01060	0.00757	0.00404	0.01189
25	0.02201	0.01849	0.01991	0.04563	0.02381	0.02117	0.01397	0.12342	0.49493	0.03697	0.03415	0.03206	0.05190	0.01168	0.00870	0.00284	0.00719	0.00964	0.00840	0.01315
26	0.01765	0.01513	0.01765	0.01260	0.02017	0.01134	0.01008	0.02143	0.01765	0.02773	0.01513	0.01765	0.01260	0.00630	0.00630	0.00126	0.00630	0.00504	0.00504	0.75295
27	0.01053	0.00858	0.00932	0.00926	0.01182	0.00737	0.00690	0.01309	0.02034	0.02551	0.21366	0.10711	0.48519	0.02083	0.01009	0.00286	0.00427	0.01766	0.00824	0.00737
28	0.01221	0.00892	0.01267	0.01267	0.01384	0.01009	0.00938	0.01455	0.01338	0.01901	0.02371	0.03853	0.02349	0.20965	0.52439	0.01243	0.01947	0.00986	0.00470	0.00704
29	0.02197	0.26763	0.14066	0.01805	0.02430	0.19554	0.01723	0.02589	0.01849	0.02140	0.01506	0.01895	0.01305	0.01950	0.14323	0.00452	0.01421	0.00605	0.00402	0.01024
30	0.01704	0.05501	0.02115	0.07552	0.02260	0.04794	0.01467	0.04680	0.01633	0.02276	0.04405	0.02624	0.01827	0.03198	0.26805	0.00709	0.20714	0.00808	0.00460	0.04468
31	0.09813	0.02120	0.05123	0.01830	0.02373	0.02285	0.01547	0.29840	0.13414	0.07156	0.05183	0.02393	0.01890	0.01111	0.01083	0.00279	0.09734	0.00804	0.00751	0.01270

[dist]
# distance from previous block
# <min> <max>
0	1

[block]
# block no. 1 follows, 21 sequences, length 9
# corresponding to MSA columns:
# 33-41
name=unknown_B
#
# <colnr> <probs for GDERKNQSTAVLIFYWHMCP>
#	G	D	E	R	K	N	Q	S	T	A	V	L	I	F	Y	W	H	M	C	P
0	0.09114	0.24374	0.17406	0.01541	0.02225	0.02105	0.01596	0.02426	0.06532	0.02691	0.10860	0.03183	0.10566	0.01111	0.00753	0.00244	0.00817	0.00859	0.00551	0.01045
1	0.31580	0.01374	0.01524	0.01820	0.13021	0.01438	0.01145	0.02006	0.01718	0.03033	0.06272	0.12952	0.16325	0.01401	0.00794	0.00279	0.00637	0.01143	0.00623	0.00916
2	0.02368	0.02663	0.09330	0.04089	0.41590	0.13915	0.02395	0.08276	0.02202	0.02884	0.01582	0.01965	0.01284	0.00809	0.00826	0.00249	0.01124	0.00708	0.00458	0.01282
3	0.02291	0.02679	0.06918	0.03455	0.29298	0.22489	0.04812	0.02718	0.02002	0.02436	0.01607	0.02088	0.01358	0.01596	0.10178	0.00403	0.01393	0.00716	0.00428	0.01134
4	0.09521	0.02222	0.04441	0.01927	0.06079	0.17937	0.01455	0.12541	0.02155	0.02854	0.01942	0.05760	0.01724	0.02765	0.22223	0.00614	0.01490	0.00808	0.00538	0.01004
5	0.06511	0.02550	0.24511	0.02569	0.16758	0.01727	0.02101	0.02591	0.10234	0.02810	0.03044	0.07844	0.10851	0.01173	0.00855	0.00276	0.00908	0.00992	0.00547	0.01150
6	0.11215	0.02494	0.06721	0.03367	0.30582	0.13495	0.02051	0.11486	0.02279	0.03183	0.04134	0.02064	0.01524	0.00865	0.00797	0.00250	0.01041	0.00711	0.00518	0.01220
7	0.09457	0.15736	0.21532	0.02252	0.07120	0.14041	0.05943	0.02680	0.01906	0.02594	0.05371	0.01973	0.01543	0.00880	0.00828	0.00247	0.03697	0.00661	0.00437	0.01102
8	0.02095	0.02464	0.12690	0.04133	0.34358	0.02094	0.19928	0.06550	0.02074	0.02922	0.01655	0.02114	0.01300	0.00771	0.00886	0.00265	0.01165	0.00812	0.00443	0.01283

[dist]
# distance from previous block
# <min> <max>
0	15

[block]
# block no. 2 follows, 21 sequences, length 42
# corresponding to MSA columns:
# 57-98
name=unknown_C
#
# <colnr> <probs for GDERKNQSTAVLIFYWHMCP>
#	G	D	E	R	K	N	Q	S	T	A	V	L	I	F	Y	W	H	M	C	P
0	0.35116	0.09873	0.05304	0.01488	0.02034	0.14684	0.01269	0.02829	0.08975	0.03068	0.02079	0.02177	0.06162	0.00951	0.00668	0.00251	0.00874	0.00650	0.00543	0.01005
1	0.02348	0.21009	0.07332	0.01837	0.02414	0.26547	0.04251	0.02677	0.02035	0.02280	0.04985	0.07870	0.01891	0.01006	0.00750	0.00221	0.01104	0.00765	0.00477	0.08202
2	0.02089	0.02782	0.14639	0.02054	0.02488	0.18209	0.01867	0.02666	0.07757	0.02406	0.04687	0.02590	0.06634	0.01235	0.01495	0.00295	0.23779	0.00811	0.00491	0.01027
3	0.01683	0.01895	0.14140	0.01749	0.05077	0.01431	0.01527	0.10034	0.06639	0.03236	0.21043	0.15096	0.04261	0.01512	0.00934	0.00280	0.00731	0.03903	0.00733	0.04097
4	0.15991	0.13973	0.22422	0.01825	0.02629	0.02302	0.01903	0.18189	0.02272	0.03443	0.01597	0.01824	0.01223	0.01245	0.05419	0.00328	0.01077	0.00626	0.00528	0.01183
5	0.15468	0.03070	0.29990	0.02603	0.06368	0.02061	0.18508	0.06891	0.01955	0.03102	0.01558	0.01889	0.01147	0.00793	0.00815	0.00271	0.01162	0.00716	0.00447	0.01184
6	0.09143	0.02461	0.15096	0.03594	0.34589	0.06490	0.02295	0.02540	0.01827	0.02716	0.01609	0.02086	0.01331	0.01465	0.08826	0.00390	0.01217	0.00708	0.00425	0.01192
7	0.01356	0.01136	0.01442	0.01426	0.01599	0.05737	0.01105	0.01653	0.01442	0.01983	0.02211	0.03214	0.02054	0.05990	0.62023	0.01286	0.02226	0.00886	0.00455	0.00776
8	0.01135	0.00925	0.01021	0.01063	0.01314	0.00845	0.00809	0.01517	0.06264	0.02398	0.07103	0.18136	0.43060	0.02192	0.01030	0.00310	0.00502	0.08816	0.00795	0.00767
9	0.02002	0.02141	0.02015	0.01843	0.02031	0.21611	0.01439	0.02230	0.01663	0.02012	0.01676	0.02487	0.01576	0.06697	0.25062	0.00705	0.20745	0.00770	0.00430	0.00865
10	0.01952	0.02134	0.09256	0.19484	0.45253	0.01987	0.02606	0.02519	0.01870	0.02632	0.01573	0.02114	0.01273	0.00785	0.00841	0.00262	0.01063	0.00745	0.00405	0.01246
11	0.02062	0.01503	0.01795	0.01297	0.02039	0.01151	0.01044	0.02433	0.01862	0.11844	0.01780	0.01929	0.01383	0.00692	0.00663	0.00146	0.00644	0.00555	0.00584	0.64595
12	0.01235	0.00835	0.00981	0.00981	0.00999	0.00853	0.00581	0.01271	0.01253	0.01689	0.02633	0.05304	0.02979	0.62500	0.11767	0.00890	0.00998	0.01199	0.00509	0.00545
13	0.02066	0.01943	0.03091	0.09882	0.48065	0.02029	0.02354	0.02933	0.13416	0.02875	0.01943	0.02320	0.01564	0.00840	0.00848	0.00262	0.00958	0.00796	0.00501	0.01314
14	0.03179	0.04056	0.02412	0.02192	0.02631	0.66676	0.01644	0.03398	0.02412	0.02083	0.01315	0.01535	0.01096	0.00877	0.00767	0.00219	0.01535	0.00548	0.00438	0.00987
15	0.01311	0.01634	0.15159	0.01331	0.01715	0.01066	0.01248	0.01706	0.01865	0.02582	0.23516	0.05524	0.11158	0.21063	0.01918	0.00436	0.00734	0.04559	0.00666	0.00810
16	0.01067	0.00783	0.00949	0.01067	0.01159	0.00722	0.00708	0.01203	0.01625	0.02103	0.05177	0.44303	0.18005	0.15029	0.01669	0.00422	0.00541	0.02065	0.00739	0.00665
17	0.02042	0.01978	0.03397	0.11785	0.47964	0.02027	0.08201	0.02710	0.06285	0.02763	0.01735	0.02219	0.01408	0.00793	0.00861	0.00262	0.01042	0.00796	0.00449	0.01284
18	0.02084	0.02085	0.03817	0.04845	0.50828	0.02052	0.16277	0.02638	0.01954	0.02768	0.01629	0.02150	0.01335	0.00749	0.00880	0.00261	0.01109	0.00815	0.00423	0.01302
19	0.02705	0.16688	0.06385	0.02679	0.15273	0.37662	0.01884	0.03034	0.02149	0.02242	0.01359	0.01632	0.01146	0.00820	0.00742	0.00221	0.01291	0.00577	0.00416	0.01095
20	0.02275	0.70604	0.04459	0.01456	0.02184	0.03367	0.01456	0.02548	0.01729	0.02002	0.01183	0.01365	0.01092	0.00728	0.00546	0.00182	0.00910	0.00455	0.00364	0.01092
21	0.01739	0.01636	0.02604	0.07141	0.42007	0.01611	0.01990	0.02158	0.01926	0.02600	0.03771	0.03999	0.20880	0.01196	0.00894	0.00265	0.00838	0.01080	0.00533	0.01132
22	0.01059	0.00837	0.00953	0.00981	0.01196	0.00732	0.00714	0.01302	0.01980	0.02529	0.20649	0.21166	0.38546	0.02171	0.01023	0.00296	0.00438	0.01873	0.00824	0.00732
23	0.02375	0.63223	0.04232	0.01538	0.02234	0.10389	0.01477	0.02643	0.01805	0.02011	0.01198	0.01384	0.01093	0.00745	0.00571	0.00186	0.00979	0.00465	0.00372	0.01080
24	0.01216	0.00912	0.01368	0.01368	0.01520	0.01064	0.01064	0.01520	0.01368	0.01976	0.02279	0.03343	0.02127	0.06382	0.66720	0.01368	0.02279	0.00912	0.00456	0.00760
25	0.01862	0.01862	0.02607	0.02234	0.02234	0.02607	0.01862	0.02048	0.01303	0.02048	0.01117	0.01862	0.01117	0.01489	0.02793	0.00372	0.68535	0.00745	0.00372	0.00931
26	0.01101	0.00777	0.00959	0.01077	0.01127	0.00737	0.00689	0.01205	0.01522	0.02009	0.04309	0.44100	0.08982	0.24836	0.02149	0.00499	0.00598	0.01986	0.00700	0.00635
27	0.01216	0.00912	0.01368	0.01368	0.01520	0.01064	0.01064	0.01520	0.01368	0.01976	0.02279	0.03343	0.02127	0.06382	0.66720	0.01368	0.02279	0.00912	0.00456	0.00760
28	0.01169	0.00834	0.01076	0.01220	0.01319	0.00801	0.00891	0.01362	0.01669	0.02186	0.04525	0.35586	0.09120	0.15740	0.01741	0.00448	0.00637	0.18256	0.00734	0.00685
29	0.03235	0.02384	0.02554	0.01958	0.02639	0.02639	0.01618	0.61946	0.04001	0.05363	0.02043	0.02043	0.01447	0.01022	0.00851	0.00255	0.00936	0.00766	0.00851	0.01447
30	0.01466	0.00782	0.00836	0.00879	0.01045	0.00771	0.00637	0.01809	0.01751	0.02954	0.03194	0.17668	0.02934	0.01357	0.00702	0.00230	0.00418	0.01148	0.58647	0.00771
31	0.01391	0.02564	0.32060	0.01664	0.02396	0.01343	0.01884	0.02023	0.01986	0.02761	0.18828	0.04672	0.20225	0.01407	0.00911	0.00274	0.00821	0.01173	0.00619	0.00998
32	0.01735	0.04232	0.61244	0.02625	0.08042	0.01980	0.03106	0.02689	0.01807	0.02701	0.01532	0.01819	0.01097	0.00805	0.00811	0.00268	0.01240	0.00638	0.00364	0.01264
33	0.02211	0.27521	0.10181	0.01923	0.02417	0.14761	0.01777	0.02530	0.01724	0.02106	0.01279	0.01683	0.01148	0.01256	0.04433	0.00311	0.20726	0.00598	0.00384	0.01028
34	0.01006	0.00862	0.00862	0.00862	0.01149	0.00718	0.00647	0.01221	0.01940	0.02299	0.08621	0.08190	0.64438	0.02155	0.01006	0.00287	0.00431	0.01796	0.00790	0.00718
35	0.02375	0.63223	0.04232	0.01538	0.02234	0.10389	0.01477	0.02643	0.01805	0.02011	0.01198	0.01384	0.01093	0.00745	0.00571	0.00186	0.00979	0.00465	0.00372	0.01080
36	0.01031	0.00764	0.00963	0.01122	0.01218	0.00697	0.00762	0.01192	0.01690	0.02197	0.05460	0.57527	0.17142	0.02566	0.01070	0.00334	0.00481	0.02297	0.00790	0.00697
37	0.03179	0.04056	0.02412	0.02192	0.02631	0.66676	0.01644	0.03398	0.02412	0.02083	0.01315	0.01535	0.01096	0.00877	0.00767	0.00219	0.01535	0.00548	0.00438	0.00987
38	0.02030	0.01964	0.03409	0.14129	0.53140	0.02010	0.05719	0.02555	0.01908	0.02691	0.01595	0.02140	0.01314	0.00769	0.00852	0.00259	0.01051	0.00771	0.00416	0.01280
39	0.01342	0.01098	0.01610	0.01537	0.01660	0.01366	0.01220	0.01623	0.01355	0.01990	0.02052	0.03053	0.01930	0.05425	0.54205	0.01173	0.15250	0.00879	0.00440	0.00793
40	0.01407	0.01122	0.04506	0.01086	0.01446	0.00871	0.00906	0.01718	0.02075	0.09533	0.17841	0.06981	0.41207	0.01892	0.00985	0.00284	0.00517	0.03954	0.00823	0.00846
41	0.02771	0.08077	0.03197	0.02728	0.09849	0.36668	0.13492	0.08326	0.02373	0.02572	0.01482	0.01780	0.01193	0.00835	0.00814	0.00237	0.01359	0.00673	0.00466	0.01107

[dist]
# distance from previous block
# <min> <max>
0	2

[block]
# block no. 3 follows, 21 sequences, length 29
# corresponding to MSA columns:
# 101-129
name=unknown_D
#
# <colnr> <probs for GDERKNQSTAVLIFYWHMCP>
#	G	D	E	R	K	N	Q	S	T	A	V	L	I	F	Y	W	H	M	C	P
0	0.19493	0.20736	0.34695	0.01867	0.02815	0.02317	0.02184	0.02612	0.01697	0.02784	0.01358	0.01588	0.01045	0.00783	0.00674	0.00246	0.01026	0.00544	0.00400	0.01136
1	0.02178	0.02158	0.03385	0.05021	0.60637	0.06335	0.02547	0.02664	0.01969	0.02734	0.01582	0.02068	0.01331	0.00766	0.00837	0.00251	0.01046	0.00744	0.00422	0.01324
2	0.01315	0.01048	0.01515	0.01459	0.01574	0.01275	0.01134	0.01574	0.01346	0.01957	0.02140	0.03323	0.02063	0.11477	0.51334	0.01167	0.12171	0.00916	0.00449	0.00763
3	0.01021	0.00804	0.00922	0.01017	0.01190	0.00705	0.00715	0.01204	0.01791	0.02238	0.06736	0.37613	0.36232	0.02400	0.01044	0.00315	0.00461	0.02095	0.00790	0.00705
4	0.02128	0.22326	0.22008	0.03071	0.23692	0.07938	0.02358	0.02686	0.01878	0.02475	0.01436	0.01756	0.01174	0.00775	0.00742	0.00235	0.01100	0.00616	0.00388	0.01218
5	0.02223	0.02102	0.03072	0.04257	0.47069	0.06746	0.02277	0.09158	0.02146	0.02937	0.01696	0.02179	0.01417	0.01351	0.07335	0.00361	0.01166	0.00759	0.00474	0.01274
6	0.02453	0.52088	0.03963	0.01862	0.06454	0.16539	0.01573	0.02731	0.01886	0.02071	0.01239	0.01450	0.01110	0.00761	0.00612	0.00195	0.01048	0.00495	0.00383	0.01087
7	0.01992	0.02358	0.13464	0.10966	0.49057	0.02002	0.02674	0.02582	0.01892	0.02707	0.01580	0.02072	0.01283	0.00776	0.00838	0.00259	0.01063	0.00737	0.00407	0.01294
8	0.02641	0.07682	0.02711	0.12736	0.10582	0.39544	0.01877	0.02950	0.02111	0.02173	0.01356	0.01732	0.01134	0.00897	0.00934	0.00243	0.06637	0.00615	0.00417	0.01027
9	0.01236	0.00831	0.00960	0.00960	0.00971	0.00842	0.00555	0.01258	0.01247	0.01674	0.02652	0.05407	0.03024	0.65463	0.08864	0.00864	0.00931	0.01214	0.00511	0.00533
10	0.01006	0.00862	0.00862	0.00862	0.01149	0.00718	0.00647	0.01221	0.01940	0.02299	0.08621	0.08190	0.64438	0.02155	0.01006	0.00287	0.00431	0.01796	0.00790	0.00718
11	0.03085	0.03515	0.02543	0.02444	0.08763	0.47272	0.01734	0.15231	0.02688	0.02819	0.01492	0.01694	0.01192	0.00895	0.00792	0.00230	0.01361	0.00613	0.00521	0.01116
12	0.01176	0.00869	0.01098	0.01041	0.01254	0.00791	0.00781	0.01551	0.02342	0.03254	0.56419	0.06617	0.16044	0.01799	0.01004	0.00270	0.00406	0.01576	0.00916	0.00791
13	0.01278	0.00992	0.01440	0.01405	0.01528	0.01185	0.01084	0.01541	0.01349	0.01950	0.02210	0.03424	0.02128	0.12208	0.54582	0.01221	0.08339	0.00928	0.00454	0.00752
14	0.02724	0.03250	0.02563	0.02850	0.17678	0.44438	0.01823	0.03021	0.02193	0.02242	0.01480	0.01852	0.01259	0.01391	0.07291	0.00341	0.01480	0.00635	0.00436	0.01052
15	0.01116	0.00807	0.00931	0.00995	0.01082	0.00755	0.00637	0.01217	0.01537	0.01979	0.04795	0.26902	0.19033	0.31542	0.02462	0.00537	0.00621	0.01757	0.00672	0.00622
16	0.02255	0.02205	0.02103	0.05168	0.08503	0.17212	0.01508	0.09956	0.20470	0.02995	0.02763	0.16006	0.02533	0.01327	0.00883	0.00276	0.00927	0.01108	0.00681	0.01121
17	0.03113	0.08891	0.02560	0.02139	0.02598	0.62076	0.01631	0.03336	0.02362	0.02077	0.01306	0.01522	0.01096	0.00866	0.00751	0.00217	0.01489	0.00541	0.00433	0.00994
18	0.16781	0.01191	0.01305	0.01178	0.01530	0.01210	0.00917	0.02327	0.08935	0.09518	0.33492	0.04822	0.10676	0.01453	0.00877	0.00271	0.00519	0.01212	0.00843	0.00943
19	0.02382	0.02003	0.02800	0.12441	0.27808	0.02158	0.02059	0.23350	0.06101	0.03677	0.05293	0.02400	0.01790	0.00939	0.00857	0.00261	0.00950	0.00815	0.00619	0.01296
20	0.01216	0.00912	0.01368	0.01368	0.01520	0.01064	0.01064	0.01520	0.01368	0.01976	0.02279	0.03343	0.02127	0.06382	0.66720	0.01368	0.02279	0.00912	0.00456	0.00760
21	0.02901	0.24802	0.03074	0.01932	0.02491	0.38873	0.01582	0.10327	0.02392	0.02461	0.01363	0.01544	0.01138	0.00848	0.00708	0.00212	0.01264	0.00546	0.00466	0.01076
22	0.01478	0.00739	0.01109	0.01109	0.01109	0.00739	0.00739	0.01109	0.01109	0.01478	0.01478	0.02587	0.01478	0.02956	0.03326	0.75240	0.00739	0.00739	0.00370	0.00370
23	0.02694	0.34671	0.03396	0.01818	0.02402	0.24457	0.01565	0.11369	0.02262	0.02516	0.01348	0.01547	0.01146	0.00862	0.00788	0.00216	0.04837	0.00547	0.00460	0.01099
24	0.01969	0.18808	0.15806	0.01778	0.02357	0.15149	0.01711	0.02392	0.01756	0.02155	0.01666	0.02182	0.01452	0.02752	0.23785	0.00623	0.01589	0.00670	0.00410	0.00989
25	0.12828	0.02367	0.02006	0.01882	0.05648	0.21168	0.01378	0.15972	0.05169	0.03391	0.12178	0.07464	0.02699	0.01174	0.00823	0.00256	0.00949	0.00913	0.00668	0.01065
26	0.01818	0.05479	0.03300	0.02734	0.09727	0.02059	0.21789	0.02259	0.01839	0.02586	0.11945	0.02998	0.04927	0.01176	0.01492	0.00300	0.21045	0.00990	0.00506	0.01029
27	0.01664	0.12668	0.01879	0.01260	0.01692	0.08810	0.01012	0.01969	0.02043	0.02621	0.20501	0.07214	0.16536	0.01390	0.00834	0.00228	0.00668	0.01142	0.00666	0.15203
28	0.01974	0.01963	0.05402	0.02331	0.09396	0.10460	0.12924	0.02381	0.01980	0.07106	0.05883	0.18651	0.02848	0.01345	0.00919	0.00271	0.00949	0.03439	0.00607	0.09172

[dist]
# distance from previous block
# <min> <max>
0	22

[block]
# block no. 4 follows, 21 sequences, length 61
# corresponding to MSA columns:
# 152-212
name=unknown_E
#
# <colnr> <probs for GDERKNQSTAVLIFYWHMCP>
#	G	D	E	R	K	N	Q	S	T	A	V	L	I	F	Y	W	H	M	C	P
0	0.14930	0.04777	0.08894	0.06151	0.20144	0.01762	0.08090	0.02258	0.01748	0.02702	0.02543	0.03111	0.09644	0.08393	0.01184	0.00325	0.00925	0.00893	0.00488	0.01039
1	0.02316	0.02090	0.02480	0.02875	0.23219	0.07915	0.01763	0.16966	0.14156	0.03410	0.03046	0.03119	0.10675	0.01109	0.00866	0.00262	0.00893	0.00929	0.00663	0.01248
2	0.09206	0.05384	0.02747	0.03195	0.27230	0.23162	0.01906	0.08085	0.02179	0.02775	0.01486	0.01845	0.01233	0.00942	0.00914	0.04330	0.01125	0.00650	0.00470	0.01137
3	0.01555	0.01192	0.01691	0.02126	0.17770	0.01163	0.01210	0.04231	0.01701	0.02241	0.03689	0.04400	0.19220	0.11079	0.02057	0.21491	0.00744	0.01107	0.00541	0.00789
4	0.01425	0.00758	0.01069	0.01069	0.01069	0.00758	0.00690	0.01137	0.01137	0.01516	0.01742	0.03240	0.01832	0.17671	0.03546	0.58930	0.00758	0.00848	0.00402	0.00402
5	0.01825	0.05123	0.01673	0.01357	0.01723	0.12992	0.01005	0.05053	0.01911	0.02427	0.06618	0.12822	0.06135	0.16368	0.01583	0.00355	0.00821	0.01093	0.00590	0.18525
6	0.01221	0.00819	0.00933	0.00949	0.00984	0.00805	0.00563	0.01278	0.01379	0.01866	0.05632	0.11576	0.06545	0.54776	0.03573	0.00705	0.00740	0.01368	0.03723	0.00565
7	0.01632	0.01162	0.01339	0.01276	0.01458	0.01203	0.00888	0.15662	0.02052	0.02743	0.03336	0.30416	0.03720	0.26583	0.02200	0.00497	0.00719	0.01600	0.00706	0.00808
8	0.02294	0.01678	0.01838	0.01570	0.01980	0.01833	0.01200	0.24427	0.18630	0.06443	0.02900	0.10397	0.02589	0.16373	0.01643	0.00399	0.00786	0.01102	0.00784	0.01136
9	0.08659	0.15165	0.24236	0.01986	0.05885	0.08972	0.01963	0.02595	0.01819	0.02628	0.01413	0.01663	0.01124	0.00756	0.00693	0.00214	0.01014	0.00552	0.00420	0.18242
10	0.02377	0.02367	0.02702	0.15219	0.20904	0.15654	0.02024	0.10866	0.10242	0.02930	0.01801	0.02135	0.01420	0.00927	0.00939	0.00263	0.04773	0.00741	0.00530	0.01188
11	0.01712	0.01570	0.02491	0.03558	0.39958	0.01528	0.01872	0.02137	0.02022	0.02791	0.14271	0.04155	0.15931	0.01230	0.00906	0.00263	0.00779	0.01118	0.00591	0.01117
12	0.01303	0.01041	0.01536	0.01485	0.01617	0.01273	0.01172	0.01591	0.01359	0.01985	0.02122	0.03142	0.01990	0.05718	0.58039	0.01233	0.11276	0.00889	0.00445	0.00783
13	0.01839	0.01561	0.01849	0.04711	0.02248	0.01257	0.01112	0.05498	0.01887	0.02888	0.01542	0.01806	0.01265	0.00663	0.00654	0.00141	0.00673	0.00532	0.00517	0.67356
14	0.03018	0.02226	0.02427	0.01895	0.02519	0.02470	0.01558	0.55460	0.03719	0.05000	0.02069	0.02183	0.01520	0.01597	0.07922	0.00375	0.01081	0.00782	0.00809	0.01373
15	0.01216	0.00855	0.01067	0.01023	0.01156	0.00810	0.00706	0.01482	0.02015	0.02821	0.43623	0.06092	0.06372	0.24702	0.02122	0.00455	0.00544	0.01438	0.00795	0.00706
16	0.02373	0.45727	0.09880	0.02024	0.08033	0.14860	0.01757	0.02726	0.01881	0.02154	0.01278	0.01505	0.01114	0.00766	0.00639	0.00204	0.01068	0.00516	0.00383	0.01111
17	0.01038	0.00816	0.00938	0.01008	0.01195	0.00716	0.00718	0.01246	0.01867	0.02362	0.12720	0.31772	0.35962	0.02311	0.01037	0.00308	0.00452	0.02012	0.00805	0.00716
18	0.01881	0.01443	0.01705	0.04759	0.04564	0.01524	0.01209	0.10409	0.19650	0.06533	0.21602	0.04645	0.13678	0.01430	0.00924	0.00275	0.00629	0.01213	0.00840	0.01088
19	0.01013	0.00833	0.00892	0.00939	0.01170	0.00712	0.00681	0.01213	0.01866	0.02269	0.07686	0.22787	0.50445	0.02277	0.01025	0.00301	0.00446	0.01944	0.00790	0.00712
20	0.01765	0.01513	0.01765	0.01260	0.02017	0.01134	0.01008	0.02143	0.01765	0.02773	0.01513	0.01765	0.01260	0.00630	0.00630	0.00126	0.00630	0.00504	0.00504	0.75295
21	0.02066	0.09951	0.03407	0.15968	0.35362	0.02155	0.07187	0.05541	0.01972	0.02704	0.01564	0.02046	0.01275	0.00776	0.00813	0.00247	0.01035	0.00731	0.00433	0.04767
22	0.02089	0.02587	0.16335	0.09695	0.16632	0.08578	0.02137	0.08807	0.11159	0.02931	0.02193	0.02474	0.04033	0.01294	0.05071	0.00335	0.01132	0.00791	0.00531	0.01195
23	0.01037	0.00741	0.00987	0.01185	0.01234	0.00691	0.00790	0.01185	0.01629	0.02172	0.04690	0.69537	0.05629	0.02666	0.01086	0.00346	0.00494	0.02419	0.00790	0.00691
24	0.01054	0.00860	0.00884	0.00884	0.01159	0.00741	0.00665	0.01286	0.01900	0.02338	0.07912	0.07613	0.57167	0.02303	0.04431	0.00338	0.00526	0.01685	0.05528	0.00725
25	0.02609	0.17937	0.03222	0.03081	0.24057	0.30410	0.01938	0.02940	0.02098	0.02307	0.01385	0.01695	0.01182	0.00803	0.00745	0.00223	0.01216	0.00600	0.00416	0.01135
26	0.02076	0.02102	0.03510	0.04282	0.40882	0.06093	0.15367	0.02597	0.01986	0.02699	0.01917	0.02906	0.01696	0.00926	0.00908	0.00273	0.01113	0.06983	0.00463	0.01221
27	0.02590	0.03056	0.02617	0.20088	0.13508	0.39125	0.01990	0.02948	0.02148	0.02219	0.01414	0.01821	0.01147	0.00851	0.00802	0.00242	0.01344	0.00637	0.00420	0.01034
28	0.02077	0.02165	0.06598	0.04914	0.55386	0.02034	0.08979	0.02628	0.01939	0.02770	0.01610	0.02112	0.01329	0.00756	0.00858	0.00257	0.01068	0.00778	0.00419	0.01322
29	0.02524	0.18525	0.17465	0.02089	0.02740	0.32150	0.01968	0.02929	0.02021	0.02203	0.01317	0.01587	0.01093	0.00883	0.00910	0.00236	0.07331	0.00564	0.00398	0.01067
30	0.01006	0.00862	0.00862	0.00862	0.01149	0.00718	0.00647	0.01221	0.01940	0.02299	0.08621	0.08190	0.64438	0.02155	0.01006	0.00287	0.00431	0.01796	0.00790	0.00718
31	0.01216	0.00912	0.01368	0.01368	0.01520	0.01064	0.01064	0.01520	0.01368	0.01976	0.02279	0.03343	0.02127	0.06382	0.66720	0.01368	0.02279	0.00912	0.00456	0.00760
32	0.01055	0.00754	0.01008	0.01206	0.01263	0.00707	0.00822	0.01216	0.01647	0.02193	0.04680	0.66268	0.05589	0.02649	0.01091	0.00348	0.00510	0.05509	0.00790	0.00696
33	0.01862	0.01862	0.02607	0.02234	0.02234	0.02607	0.01862	0.02048	0.01303	0.02048	0.01117	0.01862	0.01117	0.01489	0.02793	0.00372	0.68535	0.00745	0.00372	0.00931
34	0.01006	0.00862	0.00862	0.00862	0.01149	0.00718	0.00647	0.01221	0.01940	0.02299	0.08621	0.08190	0.64438	0.02155	0.01006	0.00287	0.00431	0.01796	0.00790	0.00718
35	0.01027	0.00816	0.00911	0.00983	0.01171	0.00713	0.00693	0.01209	0.01795	0.02224	0.06921	0.30479	0.40228	0.05366	0.01183	0.00333	0.00471	0.01999	0.00778	0.00699
36	0.02117	0.01828	0.01924	0.01732	0.02213	0.02117	0.01347	0.04522	0.63246	0.03560	0.03464	0.03175	0.02598	0.01155	0.00866	0.00289	0.00673	0.00962	0.00866	0.01347
37	0.01216	0.00912	0.01368	0.01368	0.01520	0.01064	0.01064	0.01520	0.01368	0.01976	0.02279	0.03343	0.02127	0.06382	0.66720	0.01368	0.02279	0.00912	0.00456	0.00760
38	0.01165	0.00839	0.01102	0.01098	0.01263	0.00776	0.00800	0.01506	0.02223	0.03118	0.50143	0.21390	0.07458	0.01960	0.01023	0.00286	0.00423	0.01748	0.00902	0.00776
39	0.03179	0.04056	0.02412	0.02192	0.02631	0.66676	0.01644	0.03398	0.02412	0.02083	0.01315	0.01535	0.01096	0.00877	0.00767	0.00219	0.01535	0.00548	0.00438	0.00987
40	0.36931	0.15497	0.02497	0.02210	0.15704	0.09781	0.01481	0.02640	0.01723	0.03033	0.01291	0.01555	0.01069	0.00781	0.00628	0.00240	0.00887	0.00535	0.00461	0.01056
41	0.01791	0.03903	0.52634	0.03012	0.16496	0.01986	0.03033	0.02678	0.01826	0.02713	0.01543	0.01862	0.01135	0.00798	0.00816	0.00266	0.01206	0.00656	0.00372	0.01277
42	0.01035	0.00748	0.00979	0.01164	0.01229	0.00693	0.00781	0.01187	0.01649	0.02181	0.04943	0.65596	0.09406	0.02633	0.01081	0.00342	0.00490	0.02379	0.00790	0.00693
43	0.01248	0.00959	0.01429	0.01411	0.01555	0.01141	0.01104	0.01546	0.01364	0.01979	0.02222	0.03269	0.02077	0.06139	0.63534	0.01318	0.05581	0.00903	0.00452	0.00768
44	0.01607	0.01513	0.02552	0.68047	0.05861	0.01891	0.02363	0.02174	0.01702	0.02174	0.01513	0.02269	0.01134	0.00851	0.00851	0.00284	0.01134	0.00756	0.00378	0.00945
45	0.01645	0.01543	0.02190	0.01943	0.01994	0.02088	0.01594	0.01871	0.01325	0.02024	0.01508	0.02359	0.01457	0.03133	0.24268	0.00707	0.46277	0.00801	0.00400	0.00873
46	0.76103	0.01646	0.01251	0.01119	0.01646	0.01909	0.00922	0.02502	0.01448	0.03818	0.01185	0.01382	0.00922	0.00790	0.00527	0.00263	0.00658	0.00461	0.00527	0.00922
47	0.01857	0.01282	0.01399	0.01253	0.01518	0.01377	0.00917	0.15319	0.09248	0.03103	0.02730	0.06906	0.02526	0.23807	0.05216	0.00490	0.00787	0.01035	0.18321	0.00907
48	0.01311	0.01070	0.01505	0.07450	0.10004	0.01036	0.01147	0.01691	0.02153	0.02940	0.36648	0.09053	0.17413	0.01661	0.00974	0.00275	0.00556	0.01463	0.00784	0.00865
49	0.02117	0.01828	0.01924	0.01732	0.02213	0.02117	0.01347	0.04522	0.63246	0.03560	0.03464	0.03175	0.02598	0.01155	0.00866	0.00289	0.00673	0.00962	0.00866	0.01347
50	0.02234	0.01910	0.02376	0.08762	0.17380	0.05451	0.01716	0.19065	0.09775	0.03631	0.15667	0.03129	0.02952	0.01108	0.00880	0.00262	0.00858	0.00944	0.00702	0.01198
51	0.01590	0.00916	0.01212	0.01219	0.01433	0.00833	0.00896	0.01845	0.01989	0.13831	0.18673	0.36694	0.08530	0.02117	0.01026	0.00312	0.00524	0.04629	0.00871	0.00859
52	0.01021	0.00802	0.00924	0.01021	0.01191	0.00705	0.00717	0.01203	0.01787	0.02237	0.06690	0.38332	0.35542	0.02406	0.01045	0.00316	0.00462	0.02102	0.00790	0.00705
53	0.02522	0.01738	0.01936	0.01680	0.02203	0.01911	0.01324	0.04433	0.48777	0.18268	0.03438	0.03109	0.02481	0.01130	0.00864	0.00283	0.00686	0.00937	0.00911	0.01371
54	0.01969	0.02028	0.06657	0.19371	0.44566	0.01994	0.02520	0.02613	0.05018	0.02676	0.01672	0.02181	0.01348	0.00803	0.00844	0.00263	0.01036	0.00761	0.00431	0.01250
55	0.08137	0.01963	0.11179	0.16683	0.03013	0.01758	0.01688	0.14491	0.05557	0.03135	0.03220	0.03722	0.13334	0.04750	0.01040	0.00307	0.00884	0.03483	0.00614	0.01043
56	0.05369	0.02290	0.11436	0.07910	0.50917	0.02004	0.02592	0.02595	0.01885	0.02785	0.01568	0.02042	0.01282	0.00771	0.00824	0.00257	0.01034	0.00728	0.00416	0.01296
57	0.05271	0.02679	0.20630	0.09120	0.24201	0.07741	0.02322	0.02519	0.01898	0.02685	0.04881	0.05510	0.01760	0.00933	0.00823	0.00258	0.01051	0.00800	0.00454	0.04464
58	0.29715	0.01613	0.01863	0.02121	0.15516	0.01705	0.01339	0.08323	0.01855	0.03256	0.01931	0.06368	0.01816	0.08984	0.01142	0.00325	0.00778	0.03780	0.00562	0.07009
59	0.15382	0.02090	0.06053	0.07858	0.08858	0.06032	0.15887	0.02877	0.10213	0.06130	0.02247	0.02483	0.04856	0.00911	0.00821	0.00265	0.00995	0.00820	0.00553	0.04669
60	0.01792	0.01720	0.06297	0.08298	0.19970	0.01667	0.01774	0.08203	0.07374	0.02846	0.05888	0.03257	0.07684	0.02347	0.16542	0.00529	0.01218	0.00940	0.00564	0.01092

[dist]
# distance from previous block
# <min> <max>
8	147

[block]
# block no. 5 follows, 21 sequences, length 71
# corresponding to MSA columns:
# 402-422,427-432,436-446,449-481
name=unknown_F
#
# <colnr> <probs for GDERKNQSTAVLIFYWHMCP>
#	G	D	E	R	K	N	Q	S	T	A	V	L	I	F	Y	W	H	M	C	P
0	0.05498	0.02105	0.06413	0.11732	0.35360	0.04576	0.08122	0.02662	0.06147	0.02747	0.02057	0.02458	0.04605	0.00874	0.00850	0.00264	0.01032	0.00820	0.00469	0.01207
1	0.02163	0.02079	0.03238	0.04702	0.55465	0.05226	0.02422	0.05283	0.02080	0.02896	0.04955	0.02302	0.01696	0.00829	0.00848	0.00252	0.01001	0.00790	0.00469	0.01305
2	0.01656	0.01499	0.02047	0.09636	0.13934	0.04361	0.01571	0.02272	0.09144	0.02504	0.08353	0.03338	0.05861	0.02787	0.21362	0.00616	0.06572	0.00953	0.00548	0.00986
3	0.02212	0.02344	0.02778	0.13174	0.32116	0.18773	0.02131	0.02638	0.02061	0.02540	0.06009	0.02675	0.01903	0.00956	0.00853	0.00257	0.01112	0.03869	0.00474	0.01126
4	0.02132	0.18155	0.06682	0.06824	0.24128	0.05423	0.06763	0.05676	0.01933	0.02566	0.01598	0.04709	0.01408	0.00925	0.00978	0.00255	0.07481	0.00759	0.00438	0.01166
5	0.02251	0.02253	0.05531	0.02537	0.18173	0.18971	0.01603	0.02555	0.01967	0.08515	0.05454	0.06780	0.02308	0.15605	0.01580	0.00372	0.01036	0.00941	0.00553	0.01014
6	0.01772	0.01492	0.01630	0.01743	0.06868	0.07339	0.01168	0.13679	0.02197	0.02835	0.03652	0.38951	0.06147	0.04991	0.01131	0.00327	0.00734	0.01701	0.00727	0.00917
7	0.01144	0.00791	0.00980	0.01071	0.01103	0.00777	0.00673	0.01229	0.01426	0.01910	0.03587	0.34983	0.04210	0.35384	0.06331	0.00634	0.00754	0.01765	0.00639	0.00610
8	0.01385	0.01160	0.01692	0.01594	0.01707	0.01467	0.01272	0.01658	0.01351	0.01994	0.01975	0.02956	0.01863	0.05103	0.50000	0.01107	0.19608	0.00868	0.00434	0.00805
9	0.01006	0.00862	0.00862	0.00862	0.01149	0.00718	0.00647	0.01221	0.01940	0.02299	0.08621	0.08190	0.64438	0.02155	0.01006	0.00287	0.00431	0.01796	0.00790	0.00718
10	0.01765	0.01513	0.01765	0.01260	0.02017	0.01134	0.01008	0.02143	0.01765	0.02773	0.01513	0.01765	0.01260	0.00630	0.00630	0.00126	0.00630	0.00504	0.00504	0.75295
11	0.02221	0.02282	0.03210	0.10757	0.49745	0.11806	0.02441	0.02689	0.01987	0.02617	0.01549	0.02035	0.01289	0.00785	0.00832	0.00251	0.01102	0.00726	0.00420	0.01255
12	0.01932	0.01831	0.03103	0.17523	0.48588	0.01904	0.02436	0.02425	0.01869	0.02617	0.01797	0.06805	0.01601	0.00909	0.00861	0.00265	0.01000	0.00873	0.00438	0.01222
13	0.01058	0.00857	0.00939	0.00933	0.01185	0.00738	0.00694	0.01316	0.02041	0.02573	0.22450	0.11167	0.46916	0.02079	0.01010	0.00286	0.00427	0.01766	0.00827	0.00738
14	0.01905	0.01842	0.03152	0.27529	0.36157	0.02022	0.05511	0.02421	0.01813	0.02509	0.01542	0.02158	0.01252	0.00840	0.00989	0.00274	0.05750	0.00769	0.00403	0.01164
15	0.01238	0.00825	0.00928	0.00928	0.00928	0.00825	0.00516	0.01238	0.01238	0.01650	0.02681	0.05569	0.03094	0.70092	0.04331	0.00825	0.00825	0.01238	0.00516	0.00516
16	0.76103	0.01646	0.01251	0.01119	0.01646	0.01909	0.00922	0.02502	0.01448	0.03818	0.01185	0.01382	0.00922	0.00790	0.00527	0.00263	0.00658	0.00461	0.00527	0.00922
17	0.01765	0.01513	0.01765	0.01260	0.02017	0.01134	0.01008	0.02143	0.01765	0.02773	0.01513	0.01765	0.01260	0.00630	0.00630	0.00126	0.00630	0.00504	0.00504	0.75295
18	0.01122	0.00867	0.01024	0.00985	0.01221	0.00768	0.00738	0.01447	0.02215	0.02953	0.41324	0.07114	0.31327	0.01911	0.01005	0.00276	0.00414	0.01645	0.00876	0.00768
19	0.01017	0.00863	0.00878	0.00874	0.01156	0.00723	0.00655	0.01243	0.01966	0.02361	0.11745	0.08087	0.61276	0.02132	0.01006	0.00286	0.00429	0.01782	0.00798	0.00723
20	0.01707	0.04402	0.65683	0.02426	0.03683	0.01976	0.03144	0.02695	0.01797	0.02695	0.01527	0.01797	0.01078	0.00809	0.00809	0.00270	0.01258	0.00629	0.00359	0.01258
21	0.01347	0.01099	0.01595	0.01519	0.01632	0.01363	0.01196	0.01611	0.01348	0.01973	0.02066	0.03163	0.01975	0.08794	0.50474	0.01138	0.15588	0.00895	0.00442	0.00781
22	0.03131	0.03965	0.02458	0.02327	0.05394	0.63802	0.01687	0.03363	0.02391	0.02114	0.01328	0.01560	0.01107	0.00872	0.00771	0.00221	0.01511	0.00557	0.00438	0.01003
23	0.02275	0.70604	0.04459	0.01456	0.02184	0.03367	0.01456	0.02548	0.01729	0.02002	0.01183	0.01365	0.01092	0.00728	0.00546	0.00182	0.00910	0.00455	0.00364	0.01092
24	0.01051	0.00836	0.00893	0.00925	0.01125	0.00732	0.00647	0.01218	0.01769	0.02167	0.06972	0.17522	0.44503	0.13929	0.01591	0.00389	0.00509	0.01799	0.00743	0.00679
25	0.02901	0.03593	0.02453	0.02201	0.02547	0.53163	0.01690	0.03113	0.02178	0.02075	0.01274	0.01604	0.01101	0.01006	0.01195	0.00252	0.15666	0.00590	0.00425	0.00975
26	0.01065	0.00864	0.00944	0.00924	0.01186	0.00744	0.00693	0.01336	0.02079	0.02630	0.25193	0.07645	0.47660	0.02032	0.01005	0.00282	0.00422	0.01720	0.00834	0.00744
27	0.03191	0.03703	0.02442	0.02143	0.02633	0.53170	0.01639	0.15746	0.02747	0.02775	0.01469	0.01642	0.01170	0.00907	0.00785	0.00227	0.01408	0.00594	0.00526	0.01084
28	0.02224	0.02267	0.03270	0.07970	0.53567	0.10610	0.02471	0.02694	0.01989	0.02657	0.01558	0.02038	0.01304	0.00779	0.00833	0.00250	0.01087	0.00730	0.00421	0.01280
29	0.01019	0.00808	0.00917	0.01005	0.01187	0.00706	0.00710	0.01205	0.01803	0.02243	0.06886	0.35270	0.38478	0.02381	0.01041	0.00313	0.00459	0.02071	0.00790	0.00706
30	0.55900	0.01966	0.01602	0.01368	0.01921	0.06543	0.01116	0.14928	0.02046	0.04019	0.01372	0.01530	0.01043	0.00844	0.00611	0.00259	0.00777	0.00530	0.00588	0.01035
31	0.01187	0.00835	0.00925	0.00922	0.00992	0.00802	0.00558	0.01253	0.01446	0.01878	0.07147	0.06159	0.16190	0.52302	0.03462	0.00683	0.00720	0.01370	0.00595	0.00573
32	0.01238	0.00825	0.00928	0.00928	0.00928	0.00825	0.00516	0.01238	0.01238	0.01650	0.02681	0.05569	0.03094	0.70092	0.04331	0.00825	0.00825	0.01238	0.00516	0.00516
33	0.03235	0.02384	0.02554	0.01958	0.02639	0.02639	0.01618	0.61946	0.04001	0.05363	0.02043	0.02043	0.01447	0.01022	0.00851	0.00255	0.00936	0.00766	0.00851	0.01447
34	0.03179	0.04056	0.02412	0.02192	0.02631	0.66676	0.01644	0.03398	0.02412	0.02083	0.01315	0.01535	0.01096	0.00877	0.00767	0.00219	0.01535	0.00548	0.00438	0.00987
35	0.01095	0.00882	0.00986	0.01009	0.01268	0.00774	0.00788	0.01367	0.02013	0.02505	0.16236	0.08148	0.46301	0.02125	0.01033	0.00302	0.00484	0.11129	0.00811	0.00742
36	0.01322	0.00994	0.01228	0.01180	0.01196	0.01111	0.00785	0.01390	0.01352	0.01866	0.06092	0.11092	0.03282	0.48258	0.03575	0.00672	0.12161	0.01284	0.00541	0.00618
37	0.01060	0.00789	0.00988	0.01098	0.01223	0.00717	0.00763	0.01268	0.01833	0.02420	0.16153	0.45594	0.18194	0.02395	0.01055	0.00320	0.00464	0.02133	0.00816	0.00717
38	0.02387	0.62488	0.04220	0.01533	0.02239	0.07711	0.01477	0.05664	0.01893	0.02181	0.01237	0.01412	0.01111	0.00753	0.00577	0.00188	0.00955	0.00477	0.00394	0.01103
39	0.02020	0.01884	0.02902	0.07443	0.43452	0.01964	0.02191	0.02958	0.16288	0.02904	0.02429	0.02709	0.05193	0.00935	0.00858	0.00265	0.00906	0.00865	0.00544	0.01291
40	0.02482	0.16897	0.12978	0.01883	0.02593	0.02437	0.04221	0.30026	0.02768	0.03690	0.01950	0.05694	0.01642	0.05780	0.01040	0.00288	0.00972	0.00809	0.00626	0.01225
41	0.02294	0.02321	0.02031	0.05557	0.02481	0.19490	0.01487	0.03782	0.36552	0.02970	0.02886	0.03386	0.02361	0.01194	0.00872	0.00281	0.00945	0.07230	0.00714	0.01165
42	0.07907	0.02902	0.06015	0.02190	0.02757	0.22721	0.07604	0.23781	0.02713	0.03455	0.01593	0.01829	0.01229	0.00970	0.01029	0.00261	0.08609	0.00690	0.00578	0.01169
43	0.01907	0.01829	0.05744	0.02576	0.18490	0.01821	0.01692	0.03320	0.31424	0.03191	0.10242	0.06162	0.03055	0.01213	0.00895	0.00282	0.00759	0.03448	0.00723	0.01227
44	0.01216	0.00912	0.01368	0.01368	0.01520	0.01064	0.01064	0.01520	0.01368	0.01976	0.02279	0.03343	0.02127	0.06382	0.66720	0.01368	0.02279	0.00912	0.00456	0.00760
45	0.01252	0.00881	0.01077	0.01158	0.01236	0.00868	0.00761	0.05406	0.01671	0.02230	0.03878	0.44844	0.04546	0.23658	0.02086	0.00489	0.00628	0.01935	0.00708	0.00689
46	0.01071	0.00762	0.01011	0.01198	0.01255	0.00718	0.00816	0.01228	0.01631	0.02170	0.04570	0.61964	0.05442	0.06255	0.01266	0.00374	0.00532	0.06275	0.00775	0.00688
47	0.01765	0.01513	0.01765	0.01260	0.02017	0.01134	0.01008	0.02143	0.01765	0.02773	0.01513	0.01765	0.01260	0.00630	0.00630	0.00126	0.00630	0.00504	0.00504	0.75295
48	0.01690	0.01451	0.01521	0.01411	0.01807	0.01577	0.01083	0.03249	0.39623	0.03069	0.05282	0.07724	0.23904	0.01562	0.00923	0.00291	0.00583	0.01310	0.00837	0.01104
49	0.01385	0.01160	0.01692	0.01594	0.01707	0.01467	0.01272	0.01658	0.01351	0.01994	0.01975	0.02956	0.01863	0.05103	0.50000	0.01107	0.19608	0.00868	0.00434	0.00805
50	0.01204	0.00857	0.01061	0.01045	0.01150	0.00858	0.00707	0.01382	0.01610	0.02199	0.17974	0.05547	0.09667	0.34594	0.15834	0.00752	0.00981	0.01295	0.00630	0.00653
51	0.03179	0.04056	0.02412	0.02192	0.02631	0.66676	0.01644	0.03398	0.02412	0.02083	0.01315	0.01535	0.01096	0.00877	0.00767	0.00219	0.01535	0.00548	0.00438	0.00987
52	0.02717	0.38051	0.03458	0.01816	0.02403	0.34336	0.01548	0.02964	0.02063	0.02042	0.01248	0.01448	0.01094	0.00801	0.00654	0.00200	0.01216	0.00501	0.00400	0.01040
53	0.01968	0.25275	0.05776	0.01975	0.05137	0.05853	0.01672	0.02255	0.01567	0.02085	0.01382	0.01929	0.01283	0.01941	0.12270	0.00454	0.25137	0.00659	0.00388	0.00994
54	0.01029	0.00772	0.00955	0.01101	0.01212	0.00698	0.00752	0.01194	0.01710	0.02206	0.05718	0.53492	0.21010	0.02533	0.01065	0.00330	0.00477	0.02256	0.00790	0.00698
55	0.02010	0.02501	0.18600	0.01913	0.02597	0.02080	0.01817	0.04044	0.47174	0.03334	0.02957	0.02815	0.02200	0.01064	0.00851	0.00284	0.00826	0.00875	0.00733	0.01324
56	0.01802	0.01327	0.01564	0.01195	0.01745	0.01063	0.00900	0.02077	0.01684	0.07825	0.01976	0.02856	0.01812	0.18834	0.01618	0.00321	0.00689	0.00726	0.00554	0.49431
57	0.02220	0.18015	0.36244	0.02124	0.03093	0.09267	0.02392	0.11922	0.02190	0.02897	0.01512	0.01716	0.01140	0.00832	0.00755	0.00244	0.01164	0.00605	0.00445	0.01223
58	0.02512	0.53199	0.03924	0.01649	0.02301	0.19926	0.01505	0.02771	0.01908	0.02023	0.01218	0.01409	0.01093	0.00767	0.00604	0.00192	0.01073	0.00479	0.00384	0.01064
59	0.01707	0.04402	0.65683	0.02426	0.03683	0.01976	0.03144	0.02695	0.01797	0.02695	0.01527	0.01797	0.01078	0.00809	0.00809	0.00270	0.01258	0.00629	0.00359	0.01258
60	0.01216	0.00912	0.01368	0.01368	0.01520	0.01064	0.01064	0.01520	0.01368	0.01976	0.02279	0.03343	0.02127	0.06382	0.66720	0.01368	0.02279	0.00912	0.00456	0.00760
61	0.01581	0.02355	0.21934	0.15884	0.03375	0.01663	0.07695	0.02423	0.09249	0.02589	0.03632	0.03782	0.17866	0.01203	0.00895	0.00281	0.00962	0.01037	0.00544	0.01051
62	0.01135	0.00817	0.01046	0.01191	0.01290	0.00775	0.00855	0.01319	0.01673	0.02185	0.04772	0.40450	0.11483	0.12847	0.01592	0.00422	0.00599	0.14116	0.00747	0.00687
