[name]
unknown

[dist]
# distance from previous block
# <min> <max>
0	2

[block]
# block no. 0 follows, 21 sequences, length 34
# corresponding to MSA columns:
# 2-35
name=unknown_A
#
# <colnr> <probs for GDERKNQSTAVLIFYWHMCP>
#	G	D	E	R	K	N	Q	S	T	A	V	L	I	F	Y	W	H	M	C	P
0	0.01693	0.01300	0.01597	0.01637	0.01942	0.01395	0.01380	0.06331	0.18839	0.03002	0.04065	0.07365	0.04050	0.01940	0.01070	0.00355	0.00763	0.39484	0.00810	0.00980
1	0.05705	0.01819	0.01826	0.01646	0.02073	0.08322	0.01359	0.23759	0.02721	0.03546	0.03745	0.05427	0.12006	0.01614	0.00960	0.00303	0.00857	0.20509	0.00762	0.01042
2	0.02596	0.10167	0.02452	0.01727	0.02293	0.01992	0.05168	0.15923	0.16683	0.17186	0.07684	0.07378	0.02616	0.01174	0.00856	0.00265	0.00785	0.00983	0.00815	0.01259
3	0.01787	0.01325	0.01573	0.01450	0.01845	0.01312	0.01142	0.02714	0.19978	0.07363	0.05461	0.13621	0.03415	0.04964	0.01093	0.00311	0.00666	0.13541	0.00765	0.15675
4	0.01636	0.01682	0.02934	0.02376	0.05478	0.01711	0.24059	0.02055	0.01832	0.02452	0.03910	0.04163	0.22518	0.01353	0.01338	0.00296	0.14403	0.01187	0.00543	0.04074
5	0.02299	0.02628	0.03023	0.02488	0.02794	0.22383	0.13615	0.02601	0.01786	0.02193	0.01298	0.01846	0.01145	0.01147	0.01811	0.00308	0.34503	0.00735	0.00404	0.00991
6	0.07501	0.28555	0.38318	0.01971	0.02979	0.02483	0.02356	0.02627	0.01746	0.02524	0.01375	0.01607	0.01071	0.00778	0.00691	0.00237	0.01085	0.00552	0.00374	0.01172
7	0.15977	0.02615	0.09706	0.01733	0.02289	0.19011	0.01509	0.15325	0.02500	0.03465	0.14972	0.02681	0.02622	0.01068	0.00797	0.00252	0.00969	0.00801	0.00640	0.01067
8	0.17015	0.09949	0.02461	0.02069	0.06921	0.33035	0.01530	0.08495	0.02270	0.06769	0.01494	0.01663	0.01177	0.00861	0.00717	0.00232	0.01158	0.00577	0.00523	0.01083
9	0.01403	0.01100	0.01203	0.01243	0.01458	0.04168	0.00889	0.01805	0.07759	0.05334	0.04988	0.41671	0.16396	0.02170	0.01004	0.00309	0.00567	0.01910	0.00781	0.03841
10	0.02234	0.02018	0.01729	0.01618	0.01927	0.23101	0.01224	0.02490	0.01982	0.11642	0.05825	0.14881	0.02726	0.02807	0.19211	0.00571	0.01371	0.01089	0.00626	0.00929
11	0.01902	0.16605	0.40597	0.02839	0.16483	0.02253	0.02706	0.02649	0.01814	0.02580	0.01477	0.01780	0.01139	0.00782	0.00765	0.00249	0.01138	0.00623	0.00374	0.01245
12	0.13100	0.01822	0.03064	0.05959	0.06173	0.01850	0.25504	0.10156	0.02054	0.03050	0.02099	0.12275	0.01917	0.01213	0.01056	0.05036	0.01029	0.01062	0.00548	0.01035
13	0.03086	0.02138	0.02365	0.01799	0.02488	0.02243	0.01481	0.45887	0.03474	0.12325	0.02124	0.02106	0.01500	0.00967	0.00819	0.00237	0.00864	0.00738	0.00824	0.12535
14	0.02039	0.01314	0.01575	0.01459	0.01814	0.01323	0.01154	0.14930	0.05602	0.12502	0.04306	0.23149	0.11115	0.01872	0.00996	0.00312	0.00678	0.11992	0.00846	0.01022
15	0.02142	0.01832	0.02714	0.03592	0.36581	0.01882	0.01988	0.16237	0.02356	0.03257	0.02366	0.16535	0.02288	0.01229	0.00897	0.00273	0.00883	0.01116	0.00601	0.01231
16	0.01147	0.00962	0.01011	0.01017	0.01292	0.00886	0.00754	0.01620	0.09402	0.02434	0.07399	0.16787	0.48034	0.02109	0.01001	0.00296	0.00470	0.01787	0.00799	0.00791
17	0.02516	0.01739	0.01936	0.01681	0.02203	0.01913	0.01324	0.04434	0.48969	0.18073	0.03439	0.03110	0.02482	0.01131	0.00864	0.00283	0.00685	0.00937	0.00910	0.01371
18	0.02085	0.02081	0.03790	0.04873	0.51860	0.02050	0.15267	0.02636	0.01953	0.02769	0.01627	0.02147	0.01336	0.00749	0.00877	0.00260	0.01102	0.00811	0.00423	0.01305
19	0.02150	0.02196	0.03054	0.12217	0.44183	0.11697	0.02337	0.02608	0.01944	0.02550	0.01590	0.02118	0.01333	0.01144	0.05007	0.00322	0.01185	0.00736	0.00421	0.01207
20	0.12464	0.01125	0.01384	0.05792	0.09343	0.01123	0.01082	0.01633	0.01754	0.02539	0.04975	0.25071	0.24925	0.01855	0.00929	0.00297	0.00600	0.01596	0.00679	0.00832
21	0.02238	0.02271	0.03327	0.04852	0.57171	0.09941	0.02493	0.02708	0.01996	0.02695	0.01566	0.02036	0.01317	0.00773	0.00833	0.00249	0.01075	0.00733	0.00423	0.01304
22	0.01985	0.22857	0.25194	0.02578	0.03533	0.02446	0.24557	0.02664	0.01856	0.02505	0.01500	0.01858	0.01162	0.00751	0.00805	0.00251	0.01223	0.00719	0.00387	0.01168
23	0.02106	0.02022	0.03454	0.05223	0.64784	0.02022	0.02612	0.02612	0.01938	0.02780	0.01601	0.02106	0.01348	0.00758	0.00842	0.00253	0.01011	0.00758	0.00421	0.01348
24	0.01256	0.00908	0.01000	0.00952	0.01250	0.00775	0.00723	0.01517	0.02070	0.07254	0.19233	0.07430	0.48615	0.01990	0.00994	0.00282	0.00447	0.01675	0.00839	0.00790
25	0.11023	0.01499	0.01575	0.01377	0.01810	0.01601	0.01085	0.12778	0.18748	0.05914	0.15488	0.04425	0.16446	0.01408	0.00877	0.00275	0.00615	0.01150	0.00826	0.01079
26	0.02830	0.03034	0.02602	0.02741	0.15894	0.32909	0.01810	0.14349	0.10060	0.03028	0.01776	0.01953	0.01400	0.00913	0.00811	0.00242	0.01205	0.00685	0.00565	0.01195
27	0.01682	0.01589	0.02688	0.58614	0.14708	0.01910	0.02401	0.02240	0.01737	0.02265	0.01526	0.02244	0.01166	0.00837	0.00850	0.00279	0.01116	0.00757	0.00385	0.01006
28	0.02106	0.02022	0.03454	0.05223	0.64784	0.02022	0.02612	0.02612	0.01938	0.02780	0.01601	0.02106	0.01348	0.00758	0.00842	0.00253	0.01011	0.00758	0.00421	0.01348
29	0.17322	0.17259	0.05236	0.01730	0.02333	0.17593	0.01481	0.14127	0.09797	0.03233	0.01670	0.01775	0.01310	0.00886	0.00702	0.00237	0.00997	0.00606	0.00567	0.01138
30	0.02813	0.02488	0.02242	0.01837	0.02375	0.17317	0.01456	0.34521	0.05507	0.04072	0.09558	0.02601	0.02262	0.03339	0.00957	0.00264	0.00987	0.00823	0.00742	0.03838
31	0.02106	0.02022	0.03454	0.05223	0.64784	0.02022	0.02612	0.02612	0.01938	0.02780	0.01601	0.02106	0.01348	0.00758	0.00842	0.00253	0.01011	0.00758	0.00421	0.01348
32	0.01707	0.04402	0.65683	0.02426	0.03683	0.01976	0.03144	0.02695	0.01797	0.02695	0.01527	0.01797	0.01078	0.00809	0.00809	0.00270	0.01258	0.00629	0.00359	0.01258
33	0.02209	0.32094	0.16803	0.01766	0.02487	0.17606	0.01767	0.02617	0.01930	0.02208	0.02200	0.02334	0.08849	0.00955	0.00711	0.00223	0.01073	0.00679	0.00433	0.01057

[dist]
# distance from previous block
# <min> <max>
2	46

[block]
# block no. 1 follows, 21 sequences, length 44
# corresponding to MSA columns:
# 82-125
name=unknown_B
#
# <colnr> <probs for GDERKNQSTAVLIFYWHMCP>
#	G	D	E	R	K	N	Q	S	T	A	V	L	I	F	Y	W	H	M	C	P
0	0.02117	0.02193	0.02738	0.03771	0.38871	0.15402	0.02041	0.02491	0.01976	0.02511	0.02162	0.15560	0.02157	0.01167	0.00876	0.00264	0.01017	0.01048	0.00499	0.01139
1	0.12937	0.11437	0.12271	0.01779	0.02359	0.20125	0.01608	0.05935	0.06948	0.02679	0.01699	0.02094	0.01421	0.05057	0.07851	0.00389	0.01225	0.00656	0.00492	0.01039
2	0.04840	0.01794	0.05892	0.01841	0.07746	0.08436	0.01358	0.02726	0.12705	0.09597	0.22044	0.10606	0.04122	0.01381	0.00901	0.00272	0.00737	0.01178	0.00766	0.01058
3	0.02102	0.06385	0.02740	0.03106	0.29301	0.05296	0.01828	0.06518	0.02036	0.02854	0.01718	0.02319	0.01489	0.00826	0.00769	0.00213	0.00892	0.03808	0.00495	0.25307
4	0.01849	0.02194	0.15720	0.09520	0.15357	0.01843	0.02071	0.10142	0.01968	0.02778	0.01909	0.05795	0.01659	0.02216	0.15625	0.00521	0.06393	0.00851	0.00484	0.01104
5	0.01806	0.01930	0.07616	0.10644	0.37257	0.01755	0.06059	0.02300	0.01877	0.02581	0.02749	0.03223	0.11334	0.04005	0.01029	0.00290	0.00970	0.00949	0.00475	0.01150
6	0.01244	0.04304	0.01329	0.01214	0.01333	0.01045	0.00878	0.01432	0.01393	0.01917	0.02757	0.15304	0.02958	0.23777	0.34190	0.00977	0.01486	0.01243	0.00526	0.00694
7	0.01277	0.00971	0.01112	0.01128	0.01288	0.00971	0.00774	0.01775	0.11332	0.02390	0.10865	0.23241	0.14778	0.21923	0.01976	0.00458	0.00598	0.01646	0.00737	0.00759
8	0.02219	0.20931	0.15637	0.02446	0.07588	0.15388	0.11438	0.02707	0.01942	0.02390	0.04150	0.01936	0.01446	0.00868	0.00902	0.00244	0.05560	0.00683	0.00418	0.01108
9	0.01743	0.01564	0.02537	0.36200	0.12544	0.01763	0.06442	0.06574	0.01855	0.02458	0.01915	0.06059	0.01719	0.11446	0.01401	0.00363	0.01047	0.00931	0.00465	0.00975
10	0.02666	0.03159	0.02574	0.02775	0.15625	0.41357	0.01828	0.02949	0.02117	0.02218	0.01427	0.01826	0.01229	0.01330	0.05950	0.00329	0.08532	0.00640	0.00429	0.01040
11	0.01205	0.00862	0.01167	0.01188	0.01273	0.00937	0.00835	0.01381	0.01348	0.01877	0.02680	0.11124	0.02849	0.29288	0.36998	0.01062	0.01560	0.01190	0.00513	0.00663
12	0.02167	0.02230	0.03691	0.04666	0.47969	0.06904	0.14432	0.02694	0.01988	0.02717	0.01604	0.02101	0.01318	0.00759	0.00869	0.00257	0.01136	0.00792	0.00424	0.01281
13	0.01411	0.01128	0.01306	0.01354	0.01570	0.01190	0.00974	0.02352	0.23150	0.02665	0.04532	0.42177	0.08602	0.02104	0.01004	0.00322	0.00552	0.01868	0.00816	0.00922
14	0.01016	0.00863	0.00876	0.00873	0.01156	0.00723	0.00655	0.01241	0.01964	0.02357	0.11529	0.08094	0.61494	0.02134	0.01006	0.00286	0.00430	0.01783	0.00798	0.00723
15	0.02055	0.01450	0.01545	0.01362	0.01735	0.01600	0.01060	0.15203	0.21037	0.03604	0.02802	0.03072	0.02201	0.04946	0.04495	0.00334	0.00718	0.00869	0.28830	0.01083
16	0.01410	0.00915	0.01141	0.01195	0.01396	0.00848	0.00869	0.01728	0.04880	0.09191	0.07899	0.40159	0.17577	0.02252	0.01035	0.00321	0.00526	0.05010	0.00828	0.00821
17	0.02413	0.01665	0.01778	0.01454	0.01875	0.01804	0.01135	0.34446	0.02880	0.04058	0.02358	0.03041	0.01966	0.14918	0.01487	0.00356	0.00776	0.00868	0.19630	0.01093
18	0.01409	0.00862	0.01112	0.01140	0.01277	0.00803	0.00783	0.01601	0.01805	0.08990	0.17371	0.34990	0.05256	0.16523	0.01729	0.00421	0.00567	0.01810	0.00792	0.00759
19	0.76103	0.01646	0.01251	0.01119	0.01646	0.01909	0.00922	0.02502	0.01448	0.03818	0.01185	0.01382	0.00922	0.00790	0.00527	0.00263	0.00658	0.00461	0.00527	0.00922
20	0.01240	0.00886	0.01240	0.01240	0.01361	0.00997	0.00918	0.01482	0.01361	0.01967	0.02395	0.03826	0.02344	0.20164	0.49439	0.01186	0.01859	0.00977	0.04411	0.00708
21	0.01301	0.00923	0.00939	0.00907	0.01171	0.00850	0.00676	0.04708	0.01960	0.02659	0.06259	0.06305	0.39788	0.06432	0.01113	0.00298	0.00476	0.01428	0.21044	0.00764
22	0.01052	0.00862	0.00931	0.00940	0.01198	0.00741	0.00709	0.01299	0.01993	0.02466	0.16369	0.11159	0.50559	0.02130	0.01017	0.00292	0.00445	0.04294	0.00811	0.00732
23	0.03179	0.04056	0.02412	0.02192	0.02631	0.66676	0.01644	0.03398	0.02412	0.02083	0.01315	0.01535	0.01096	0.00877	0.00767	0.00219	0.01535	0.00548	0.00438	0.00987
24	0.02117	0.01828	0.01924	0.01732	0.02213	0.02117	0.01347	0.04522	0.63246	0.03560	0.03464	0.03175	0.02598	0.01155	0.00866	0.00289	0.00673	0.00962	0.00866	0.01347
25	0.01226	0.00824	0.00950	0.00961	0.00970	0.00828	0.00554	0.01247	0.01263	0.01691	0.02768	0.08783	0.03183	0.63840	0.06869	0.00824	0.00871	0.01285	0.00527	0.00535
26	0.01064	0.00752	0.00980	0.01151	0.01193	0.00709	0.00753	0.01192	0.01577	0.02103	0.04422	0.61001	0.05290	0.11663	0.01519	0.00410	0.00538	0.02262	0.00753	0.00668
27	0.01216	0.00912	0.01368	0.01368	0.01520	0.01064	0.01064	0.01520	0.01368	0.01976	0.02279	0.03343	0.02127	0.06382	0.66720	0.01368	0.02279	0.00912	0.00456	0.00760
28	0.01236	0.00832	0.00961	0.00961	0.00973	0.00843	0.00557	0.01259	0.01247	0.01675	0.02651	0.05402	0.03021	0.65307	0.09018	0.00866	0.00934	0.01213	0.00511	0.00534
29	0.01745	0.01256	0.01463	0.01385	0.01618	0.01326	0.01004	0.16007	0.08503	0.02937	0.03335	0.31245	0.03553	0.10851	0.01662	0.08263	0.00687	0.01544	0.00733	0.00883
30	0.01233	0.00843	0.01017	0.01017	0.01047	0.00873	0.00626	0.01294	0.01264	0.01716	0.02600	0.05121	0.02899	0.57267	0.16891	0.00934	0.01118	0.01172	0.00504	0.00565
31	0.01246	0.00840	0.00897	0.00883	0.01121	0.00762	0.00662	0.01563	0.01986	0.02833	0.18380	0.06085	0.31218	0.01669	0.00865	0.00253	0.00413	0.01398	0.26164	0.00762
32	0.01662	0.01213	0.01438	0.01309	0.01473	0.01333	0.00932	0.13552	0.01848	0.02514	0.02539	0.09074	0.02673	0.36661	0.13090	0.00730	0.05445	0.01148	0.00585	0.00782
33	0.01249	0.01034	0.01119	0.01114	0.01388	0.01000	0.00826	0.01905	0.14253	0.02605	0.10644	0.18868	0.36799	0.02024	0.00993	0.00297	0.00490	0.01731	0.00815	0.00846
34	0.01713	0.01228	0.01416	0.01318	0.01540	0.01275	0.00944	0.18003	0.02239	0.03009	0.08253	0.28092	0.03969	0.20775	0.01912	0.00447	0.00700	0.01565	0.00743	0.00860
35	0.02778	0.17546	0.02755	0.01929	0.02453	0.36160	0.01543	0.07245	0.14617	0.02576	0.01767	0.01862	0.01420	0.00911	0.00746	0.00228	0.01191	0.00626	0.00536	0.01111
36	0.01765	0.01809	0.07496	0.06837	0.29669	0.01624	0.09138	0.02154	0.01735	0.02422	0.02058	0.10479	0.01992	0.07636	0.01473	0.08216	0.00980	0.01017	0.00462	0.01038
37	0.01032	0.00841	0.00913	0.00941	0.01177	0.00723	0.00688	0.01255	0.01934	0.02394	0.13789	0.18860	0.48087	0.02202	0.01020	0.00296	0.00439	0.01879	0.00806	0.00723
38	0.01083	0.00830	0.00904	0.00937	0.01095	0.00747	0.00630	0.01220	0.01671	0.02077	0.06124	0.17706	0.35586	0.23232	0.02047	0.00463	0.00563	0.01728	0.00705	0.00651
39	0.02321	0.36481	0.17947	0.01834	0.02623	0.11508	0.01873	0.06917	0.06617	0.02520	0.01511	0.01670	0.01227	0.00819	0.00681	0.00220	0.01059	0.00567	0.00444	0.01159
40	0.05703	0.01711	0.02344	0.09398	0.15526	0.04601	0.04927	0.06482	0.01966	0.02690	0.03239	0.04041	0.14334	0.01356	0.01207	0.00298	0.11514	0.07090	0.00560	0.01013
41	0.01272	0.00825	0.00996	0.01005	0.01119	0.00810	0.00688	0.01508	0.01738	0.02551	0.19840	0.14202	0.04546	0.22858	0.06447	0.00509	0.00671	0.01372	0.16350	0.00695
42	0.01064	0.00858	0.00947	0.00939	0.01189	0.00741	0.00699	0.01329	0.02057	0.02610	0.24330	0.10918	0.45205	0.02064	0.01009	0.00285	0.00426	0.01756	0.00832	0.00741
43	0.01428	0.01210	0.01971	0.01658	0.01869	0.01267	0.13055	0.01660	0.01429	0.01973	0.02287	0.04115	0.02362	0.35817	0.19090	0.00822	0.05704	0.01078	0.00474	0.00731

[dist]
# distance from previous block
# <min> <max>
0	1

[block]
# block no. 2 follows, 21 sequences, length 55
# corresponding to MSA columns:
# 127-181
name=unknown_C
#
# <colnr> <probs for GDERKNQSTAVLIFYWHMCP>
#	G	D	E	R	K	N	Q	S	T	A	V	L	I	F	Y	W	H	M	C	P
0	0.10545	0.01357	0.01372	0.01250	0.01643	0.04241	0.00976	0.02486	0.12819	0.11162	0.05103	0.04958	0.27969	0.02062	0.07935	0.00394	0.00789	0.01212	0.00756	0.00969
1	0.01031	0.00763	0.00964	0.01125	0.01219	0.00696	0.00763	0.01192	0.01687	0.02196	0.05421	0.58136	0.16558	0.02571	0.01071	0.00335	0.00482	0.02303	0.00790	0.00696
2	0.03235	0.02384	0.02554	0.01958	0.02639	0.02639	0.01618	0.61946	0.04001	0.05363	0.02043	0.02043	0.01447	0.01022	0.00851	0.00255	0.00936	0.00766	0.00851	0.01447
3	0.01977	0.01880	0.03154	0.18606	0.48106	0.01938	0.02458	0.02488	0.01876	0.02648	0.01576	0.02120	0.01296	0.00770	0.00831	0.00252	0.01014	0.00742	0.00417	0.05849
4	0.01085	0.00858	0.00977	0.00964	0.01202	0.00750	0.00717	0.01369	0.02104	0.02726	0.30139	0.11281	0.38756	0.02025	0.01010	0.00283	0.00423	0.01734	0.00847	0.00750
5	0.02603	0.02070	0.02198	0.01830	0.02398	0.02344	0.01465	0.29506	0.37470	0.04345	0.02846	0.02683	0.02097	0.01097	0.00860	0.00274	0.00788	0.00877	0.00860	0.01391
6	0.02209	0.02920	0.13946	0.02841	0.12403	0.19198	0.09432	0.02663	0.01868	0.02362	0.01441	0.01921	0.01207	0.01221	0.04254	0.00330	0.17579	0.00714	0.00406	0.01085
7	0.01407	0.01181	0.01956	0.02064	0.10232	0.01279	0.06695	0.01762	0.01496	0.02136	0.02156	0.03183	0.01991	0.07970	0.49199	0.01097	0.01969	0.00914	0.00452	0.00863
8	0.02564	0.49362	0.03806	0.01691	0.02327	0.23576	0.01516	0.02820	0.01947	0.02028	0.01225	0.01419	0.01093	0.00776	0.00617	0.00194	0.01109	0.00485	0.00388	0.01058
9	0.01331	0.01082	0.01589	0.01523	0.01648	0.01340	0.01207	0.01614	0.01356	0.01989	0.02071	0.03078	0.01947	0.05507	0.55276	0.01190	0.14140	0.00882	0.00441	0.00790
10	0.06843	0.01801	0.02881	0.06629	0.03034	0.05463	0.21637	0.02822	0.04969	0.15296	0.02194	0.02593	0.01664	0.02098	0.15622	0.00518	0.01380	0.00875	0.00587	0.01095
11	0.02768	0.22143	0.02972	0.02017	0.05523	0.27126	0.01579	0.09576	0.10335	0.05679	0.01750	0.01850	0.01390	0.00889	0.00735	0.00225	0.01116	0.00625	0.00546	0.01153
12	0.06300	0.02035	0.01877	0.01555	0.02034	0.10521	0.01242	0.30994	0.02916	0.04111	0.02150	0.02323	0.01621	0.00981	0.00738	0.00232	0.00821	0.00731	0.25679	0.01139
13	0.01581	0.01172	0.01382	0.01365	0.01625	0.01182	0.01050	0.14892	0.02275	0.02975	0.04791	0.32701	0.15418	0.02149	0.01034	0.00323	0.00632	0.11770	0.00803	0.00882
14	0.01296	0.00883	0.01043	0.01015	0.01223	0.00795	0.00725	0.01528	0.01950	0.06690	0.23133	0.13732	0.26124	0.14179	0.01600	0.00383	0.00519	0.01628	0.00802	0.00752
15	0.05964	0.01447	0.01641	0.01426	0.01890	0.01494	0.01123	0.03442	0.26823	0.19735	0.12208	0.04183	0.12318	0.01337	0.00886	0.00278	0.00614	0.01110	0.00897	0.01186
16	0.25358	0.02995	0.20414	0.01832	0.02556	0.16404	0.01799	0.03085	0.08454	0.07168	0.01703	0.01830	0.01265	0.00871	0.00721	0.00258	0.01035	0.00609	0.00530	0.01115
17	0.03003	0.02246	0.02430	0.01848	0.02541	0.02402	0.01521	0.52520	0.03649	0.04955	0.01960	0.01999	0.01418	0.00960	0.00816	0.00235	0.00888	0.00725	0.00797	0.13087
18	0.01069	0.00851	0.00959	0.00960	0.01195	0.00741	0.00709	0.01333	0.02048	0.02621	0.25005	0.14211	0.41121	0.02085	0.01014	0.00288	0.00429	0.01785	0.00834	0.00741
19	0.02106	0.02022	0.03454	0.05223	0.64784	0.02022	0.02612	0.02612	0.01938	0.02780	0.01601	0.02106	0.01348	0.00758	0.00842	0.00253	0.01011	0.00758	0.00421	0.01348
20	0.17470	0.01406	0.01717	0.01509	0.01844	0.01575	0.01242	0.02494	0.01825	0.17933	0.08582	0.03739	0.06149	0.01720	0.05658	0.00377	0.15950	0.07110	0.00697	0.01002
21	0.01653	0.01317	0.01411	0.01317	0.01568	0.01449	0.00929	0.02840	0.31555	0.02621	0.03411	0.04553	0.06437	0.32462	0.02445	0.00532	0.00728	0.01136	0.00703	0.00933
22	0.01328	0.00930	0.01045	0.01018	0.01268	0.00847	0.00752	0.04119	0.02033	0.05484	0.15451	0.16193	0.32724	0.04995	0.01116	0.00307	0.00486	0.01649	0.07467	0.00790
23	0.01136	0.00968	0.00990	0.00966	0.01271	0.00875	0.00730	0.01598	0.08637	0.02487	0.10574	0.07561	0.55158	0.02028	0.00990	0.00287	0.00456	0.01694	0.00805	0.00791
24	0.01037	0.00741	0.00987	0.01185	0.01234	0.00691	0.00790	0.01185	0.01629	0.02172	0.04690	0.69537	0.05629	0.02666	0.01086	0.00346	0.00494	0.02419	0.00790	0.00691
25	0.01283	0.00904	0.01026	0.01031	0.01120	0.00890	0.00653	0.04773	0.01572	0.02060	0.03847	0.18647	0.11735	0.43315	0.03026	0.00623	0.00712	0.01524	0.00628	0.00633
26	0.01038	0.00819	0.00937	0.01001	0.01193	0.00718	0.00715	0.01249	0.01878	0.02373	0.13175	0.30107	0.37195	0.02295	0.01035	0.00306	0.00450	0.01993	0.00806	0.00718
27	0.01478	0.00739	0.01109	0.01109	0.01109	0.00739	0.00739	0.01109	0.01109	0.01478	0.01478	0.02587	0.01478	0.02956	0.03326	0.75240	0.00739	0.00739	0.00370	0.00370
28	0.01224	0.00879	0.01200	0.01200	0.01294	0.00973	0.00855	0.01412	0.01318	0.01852	0.02433	0.04191	0.02496	0.30663	0.42943	0.01161	0.01725	0.01036	0.00479	0.00667
29	0.02309	0.06008	0.05184	0.31844	0.07731	0.28228	0.02074	0.02735	0.02008	0.02185	0.01423	0.01899	0.01127	0.00848	0.00800	0.00250	0.01284	0.00652	0.00404	0.01005
30	0.01472	0.01289	0.01859	0.01712	0.01803	0.01676	0.01381	0.01729	0.01342	0.02004	0.01818	0.02755	0.01726	0.04440	0.41343	0.00973	0.28581	0.00845	0.00423	0.00828
31	0.01243	0.00779	0.00908	0.00997	0.01101	0.00748	0.00673	0.01451	0.01633	0.02413	0.03991	0.33963	0.07758	0.13266	0.01462	0.00374	0.00514	0.01666	0.24363	0.00696
32	0.03161	0.02347	0.02512	0.01943	0.02611	0.02604	0.01600	0.58127	0.07941	0.05243	0.02138	0.02118	0.01524	0.01030	0.00852	0.00258	0.00919	0.00779	0.00852	0.01441
33	0.42478	0.01554	0.01588	0.01303	0.01891	0.01603	0.01075	0.03267	0.01908	0.32452	0.02196	0.02087	0.01473	0.00912	0.00680	0.00263	0.00689	0.00645	0.00772	0.01167
34	0.76103	0.01646	0.01251	0.01119	0.01646	0.01909	0.00922	0.02502	0.01448	0.03818	0.01185	0.01382	0.00922	0.00790	0.00527	0.00263	0.00658	0.00461	0.00527	0.00922
35	0.01220	0.00896	0.01287	0.01287	0.01412	0.01020	0.00964	0.01468	0.01344	0.01916	0.02353	0.03750	0.02304	0.18016	0.55327	0.01269	0.02014	0.00971	0.00467	0.00715
36	0.02275	0.70604	0.04459	0.01456	0.02184	0.03367	0.01456	0.02548	0.01729	0.02002	0.01183	0.01365	0.01092	0.00728	0.00546	0.00182	0.00910	0.00455	0.00364	0.01092
37	0.76103	0.01646	0.01251	0.01119	0.01646	0.01909	0.00922	0.02502	0.01448	0.03818	0.01185	0.01382	0.00922	0.00790	0.00527	0.00263	0.00658	0.00461	0.00527	0.00922
38	0.02275	0.70604	0.04459	0.01456	0.02184	0.03367	0.01456	0.02548	0.01729	0.02002	0.01183	0.01365	0.01092	0.00728	0.00546	0.00182	0.00910	0.00455	0.00364	0.01092
39	0.01765	0.01513	0.01765	0.01260	0.02017	0.01134	0.01008	0.02143	0.01765	0.02773	0.01513	0.01765	0.01260	0.00630	0.00630	0.00126	0.00630	0.00504	0.00504	0.75295
40	0.01318	0.00818	0.00897	0.00897	0.00943	0.00818	0.00534	0.01409	0.01363	0.01999	0.02703	0.05019	0.02884	0.54236	0.03474	0.00681	0.00727	0.01136	0.17565	0.00579
41	0.01192	0.00806	0.00942	0.00987	0.00998	0.00794	0.00579	0.01225	0.01327	0.01770	0.03142	0.20247	0.03676	0.54620	0.03587	0.00715	0.00749	0.01509	0.00579	0.00556
42	0.01862	0.01862	0.02607	0.02234	0.02234	0.02607	0.01862	0.02048	0.01303	0.02048	0.01117	0.01862	0.01117	0.01489	0.02793	0.00372	0.68535	0.00745	0.00372	0.00931
43	0.01178	0.00800	0.00946	0.01004	0.01019	0.00785	0.00597	0.01222	0.01354	0.01805	0.03276	0.24501	0.03844	0.50137	0.03371	0.00683	0.00727	0.01587	0.00597	0.00568
44	0.01219	0.00839	0.01033	0.01046	0.01084	0.00871	0.00660	0.01299	0.01293	0.01759	0.02723	0.09312	0.03041	0.50989	0.18432	0.00918	0.01137	0.01241	0.00520	0.00583
45	0.02106	0.02022	0.03454	0.05223	0.64784	0.02022	0.02612	0.02612	0.01938	0.02780	0.01601	0.02106	0.01348	0.00758	0.00842	0.00253	0.01011	0.00758	0.00421	0.01348
46	0.02735	0.02655	0.02377	0.02020	0.02472	0.21105	0.01604	0.21852	0.16687	0.03448	0.02004	0.02125	0.01555	0.01088	0.01152	0.00272	0.12245	0.00744	0.00655	0.01205
47	0.01977	0.14238	0.03022	0.38989	0.14198	0.09231	0.02162	0.02444	0.01821	0.02230	0.01446	0.02001	0.01157	0.00817	0.00786	0.00254	0.01118	0.00680	0.00389	0.01040
48	0.01158	0.00814	0.01060	0.01211	0.01282	0.00787	0.00856	0.01327	0.01612	0.02135	0.04183	0.41274	0.04877	0.18246	0.01859	0.00467	0.00636	0.14822	0.00725	0.00671
49	0.10445	0.02757	0.02821	0.03628	0.34331	0.26650	0.02062	0.02900	0.02066	0.02626	0.01447	0.01811	0.01206	0.00807	0.00780	0.00241	0.01173	0.00646	0.00439	0.01165
50	0.01075	0.00763	0.00970	0.01118	0.01170	0.00719	0.00729	0.01197	0.01567	0.02075	0.04483	0.53875	0.07987	0.16004	0.01725	0.00438	0.00556	0.02155	0.00736	0.00658
51	0.01006	0.00862	0.00862	0.00862	0.01149	0.00718	0.00647	0.01221	0.01940	0.02299	0.08621	0.08190	0.64438	0.02155	0.01006	0.00287	0.00431	0.01796	0.00790	0.00718
52	0.21600	0.03343	0.02127	0.01907	0.02383	0.46345	0.01460	0.06805	0.02267	0.02725	0.01328	0.01528	0.01074	0.00864	0.00712	0.00233	0.01276	0.00540	0.00486	0.00999
53	0.01880	0.01791	0.03046	0.33661	0.38112	0.01963	0.02499	0.02414	0.01831	0.02506	0.01561	0.02180	0.01251	0.00800	0.00846	0.00267	0.01067	0.00757	0.00402	0.01166
54	0.20618	0.01687	0.01933	0.20788	0.07131	0.05753	0.01528	0.08605	0.02060	0.03142	0.10501	0.03045	0.07773	0.01086	0.00798	0.00268	0.00848	0.00868	0.00585	0.00983

[dist]
# distance from previous block
# <min> <max>
0	89

[block]
# block no. 3 follows, 21 sequences, length 27
# corresponding to MSA columns:
# 276-302
name=unknown_D
#
# <colnr> <probs for GDERKNQSTAVLIFYWHMCP>
#	G	D	E	R	K	N	Q	S	T	A	V	L	I	F	Y	W	H	M	C	P
0	0.01707	0.04402	0.65683	0.02426	0.03683	0.01976	0.03144	0.02695	0.01797	0.02695	0.01527	0.01797	0.01078	0.00809	0.00809	0.00270	0.01258	0.00629	0.00359	0.01258
1	0.08192	0.01309	0.01650	0.01319	0.01862	0.01189	0.01076	0.03531	0.02217	0.46710	0.03075	0.02858	0.02044	0.01021	0.00773	0.00248	0.00643	0.00814	0.18209	0.01260
2	0.01614	0.01237	0.01812	0.02317	0.19961	0.01180	0.01351	0.01941	0.01934	0.07902	0.11134	0.15527	0.19275	0.02048	0.06525	0.00374	0.00790	0.01411	0.00692	0.00974
3	0.01143	0.00856	0.01060	0.01033	0.01240	0.00773	0.00766	0.01478	0.02228	0.03039	0.45891	0.12682	0.20839	0.01922	0.01012	0.00279	0.00417	0.01681	0.00889	0.00773
4	0.02226	0.01411	0.01575	0.01320	0.01795	0.01377	0.01054	0.16244	0.06589	0.17152	0.05574	0.05246	0.31774	0.01579	0.00927	0.00275	0.00630	0.01291	0.00868	0.01093
5	0.01300	0.00820	0.00894	0.00894	0.00957	0.00811	0.00542	0.01403	0.01406	0.02032	0.03096	0.05209	0.06951	0.50196	0.03279	0.00650	0.00703	0.01176	0.17091	0.00591
6	0.01931	0.01188	0.01428	0.01322	0.01642	0.01181	0.00988	0.02684	0.16621	0.16252	0.12128	0.20255	0.09363	0.07503	0.01241	0.00340	0.00597	0.01464	0.00861	0.01013
7	0.07890	0.02337	0.02471	0.01904	0.02576	0.02592	0.01573	0.58149	0.03838	0.05265	0.01988	0.02001	0.01414	0.01007	0.00831	0.00256	0.00919	0.00747	0.00831	0.01414
8	0.03179	0.04056	0.02412	0.02192	0.02631	0.66676	0.01644	0.03398	0.02412	0.02083	0.01315	0.01535	0.01096	0.00877	0.00767	0.00219	0.01535	0.00548	0.00438	0.00987
9	0.01046	0.00845	0.00931	0.00949	0.01184	0.00729	0.00697	0.01285	0.01976	0.02479	0.18009	0.17304	0.45268	0.02159	0.01018	0.00293	0.00435	0.01846	0.00816	0.00729
10	0.01826	0.01169	0.01404	0.01276	0.01595	0.01131	0.00972	0.11983	0.02394	0.11681	0.20058	0.22256	0.15156	0.01842	0.00980	0.00289	0.00566	0.01593	0.00874	0.00956
11	0.76103	0.01646	0.01251	0.01119	0.01646	0.01909	0.00922	0.02502	0.01448	0.03818	0.01185	0.01382	0.00922	0.00790	0.00527	0.00263	0.00658	0.00461	0.00527	0.00922
12	0.02174	0.01857	0.01957	0.01744	0.02235	0.02144	0.01361	0.07480	0.60194	0.03653	0.03391	0.03117	0.02539	0.01148	0.00865	0.00287	0.00687	0.00952	0.00865	0.01352
13	0.01149	0.00786	0.00917	0.01015	0.01143	0.00728	0.00697	0.01347	0.01697	0.02345	0.05079	0.37419	0.18476	0.07946	0.01251	0.00345	0.00489	0.01870	0.14601	0.00702
14	0.01128	0.00845	0.01058	0.01205	0.01312	0.00818	0.00826	0.01478	0.07016	0.02304	0.04917	0.58567	0.10347	0.02491	0.01060	0.00336	0.00504	0.02240	0.00797	0.00751
15	0.01272	0.00994	0.01475	0.01443	0.01582	0.01198	0.01133	0.01566	0.01362	0.01982	0.02178	0.03214	0.02040	0.05957	0.61158	0.01281	0.08044	0.00897	0.00449	0.00775
16	0.01048	0.00757	0.00973	0.01140	0.01206	0.00703	0.00759	0.01192	0.01629	0.02148	0.04887	0.60009	0.10439	0.07188	0.01299	0.00373	0.00511	0.02286	0.00771	0.00682
17	0.33947	0.01647	0.01570	0.01374	0.01862	0.01830	0.01097	0.12602	0.13394	0.06685	0.02792	0.08406	0.07209	0.01188	0.00749	0.00276	0.00677	0.00907	0.00714	0.01075
18	0.01887	0.01341	0.01540	0.01379	0.01763	0.01398	0.01069	0.03097	0.27770	0.11016	0.25415	0.04796	0.11060	0.01455	0.00928	0.00278	0.00558	0.01241	0.00906	0.01101
19	0.01437	0.01117	0.01349	0.01409	0.04156	0.01151	0.00976	0.02153	0.15508	0.02707	0.17392	0.13159	0.08540	0.17691	0.01768	0.00424	0.00636	0.06810	0.00759	0.00860
20	0.05796	0.06843	0.03369	0.03538	0.27784	0.14998	0.12159	0.05908	0.02075	0.02720	0.01510	0.01924	0.01242	0.00838	0.00954	0.00256	0.05731	0.00725	0.00447	0.01183
21	0.01575	0.00912	0.01157	0.01154	0.01365	0.00823	0.00825	0.01781	0.01874	0.13786	0.11294	0.34152	0.14908	0.08677	0.01334	0.00359	0.00547	0.01822	0.00827	0.00829
22	0.01126	0.00853	0.01015	0.01108	0.01277	0.00784	0.00825	0.01335	0.01772	0.02235	0.05927	0.23293	0.28325	0.11563	0.01516	0.00398	0.00579	0.14619	0.00751	0.00699
23	0.06868	0.02040	0.01794	0.01747	0.05188	0.21931	0.03939	0.02222	0.01974	0.02451	0.14941	0.09401	0.03377	0.16615	0.01637	0.00383	0.00962	0.01096	0.00594	0.00841
24	0.20380	0.01312	0.01590	0.07177	0.06181	0.01331	0.01210	0.02197	0.01779	0.09543	0.05365	0.18629	0.02932	0.01437	0.00838	0.00281	0.00689	0.06908	0.00665	0.09557
25	0.07254	0.02517	0.09411	0.05545	0.11393	0.12985	0.09809	0.06744	0.07448	0.07073	0.01825	0.02060	0.01385	0.00840	0.00804	0.00244	0.01066	0.00715	0.00542	0.10340
26	0.11314	0.08616	0.07816	0.02469	0.13075	0.02325	0.05615	0.22392	0.02491	0.03602	0.01996	0.02220	0.04631	0.00986	0.00961	0.00264	0.06670	0.00756	0.00584	0.01217

[dist]
# distance from previous block
# <min> <max>
3	5

[block]
# block no. 4 follows, 21 sequences, length 169
# corresponding to MSA columns:
# 308-476
name=unknown_E
#
# <colnr> <probs for GDERKNQSTAVLIFYWHMCP>
#	G	D	E	R	K	N	Q	S	T	A	V	L	I	F	Y	W	H	M	C	P
0	0.10466	0.01466	0.01697	0.02125	0.16488	0.06580	0.01271	0.01899	0.01876	0.02615	0.07886	0.19315	0.19800	0.01647	0.00908	0.00283	0.00699	0.01414	0.00651	0.00913
1	0.30827	0.02051	0.02059	0.05583	0.02454	0.02317	0.01398	0.35791	0.02894	0.04586	0.01685	0.01806	0.01229	0.00923	0.00728	0.00260	0.00843	0.00650	0.00700	0.01218
2	0.10322	0.02128	0.01860	0.01767	0.05920	0.18575	0.01285	0.05420	0.08409	0.14579	0.03690	0.03581	0.16513	0.01232	0.00833	0.00259	0.00882	0.00958	0.00707	0.01081
3	0.02125	0.02110	0.01997	0.09799	0.06397	0.17091	0.01459	0.09181	0.13222	0.02939	0.09851	0.03762	0.14014	0.01262	0.00878	0.00263	0.00909	0.01022	0.00670	0.01049
4	0.01006	0.00862	0.00862	0.00862	0.01149	0.00718	0.00647	0.01221	0.01940	0.02299	0.08621	0.08190	0.64438	0.02155	0.01006	0.00287	0.00431	0.01796	0.00790	0.00718
5	0.01160	0.00927	0.01057	0.01111	0.01336	0.00866	0.00831	0.01578	0.07267	0.02459	0.09572	0.24472	0.33865	0.02205	0.01033	0.00313	0.00505	0.07862	0.00804	0.00777
6	0.02057	0.04320	0.50638	0.02370	0.03433	0.17361	0.02788	0.02862	0.01943	0.02549	0.01477	0.01734	0.01082	0.00825	0.00799	0.00258	0.01324	0.00610	0.00378	0.01193
7	0.01427	0.01189	0.01749	0.23434	0.02964	0.01373	0.01455	0.02051	0.08248	0.02511	0.14828	0.07703	0.03258	0.02827	0.20568	0.00609	0.01240	0.01086	0.00591	0.00888
8	0.01006	0.00862	0.00862	0.00862	0.01149	0.00718	0.00647	0.01221	0.01940	0.02299	0.08621	0.08190	0.64438	0.02155	0.01006	0.00287	0.00431	0.01796	0.00790	0.00718
9	0.02031	0.02181	0.04370	0.04026	0.23605	0.02139	0.39070	0.02647	0.01942	0.02701	0.01645	0.02208	0.01299	0.00779	0.01064	0.00281	0.05481	0.00909	0.00424	0.01198
10	0.02408	0.19040	0.07322	0.03095	0.23141	0.19920	0.05583	0.02897	0.04421	0.02428	0.01500	0.01809	0.01248	0.00800	0.00760	0.00231	0.01157	0.00644	0.00426	0.01171
11	0.26958	0.06506	0.02572	0.02357	0.11475	0.18621	0.07882	0.02810	0.01872	0.05319	0.01417	0.01712	0.01137	0.00850	0.00840	0.00255	0.05264	0.00617	0.00480	0.01056
12	0.02304	0.02426	0.03302	0.04286	0.43707	0.14475	0.07626	0.02887	0.05694	0.02688	0.01668	0.02077	0.01369	0.00801	0.00844	0.00251	0.01129	0.00752	0.00452	0.01261
13	0.01175	0.00928	0.01068	0.01036	0.01293	0.00850	0.00788	0.01610	0.05804	0.02872	0.32490	0.07151	0.33481	0.01922	0.01004	0.00283	0.00448	0.04141	0.00859	0.00796
14	0.02168	0.01983	0.06205	0.02431	0.14876	0.01985	0.01689	0.16683	0.22670	0.03517	0.02918	0.06852	0.05456	0.01484	0.04882	0.00342	0.00913	0.00984	0.00708	0.01256
15	0.02053	0.02030	0.03294	0.17594	0.47282	0.05111	0.05164	0.02567	0.01916	0.02623	0.01575	0.02120	0.01291	0.00781	0.00848	0.00259	0.01080	0.00759	0.00414	0.01241
16	0.05925	0.26893	0.08571	0.01815	0.02500	0.14487	0.01652	0.19421	0.05783	0.03180	0.01600	0.01721	0.01264	0.00870	0.00711	0.00226	0.01038	0.00602	0.00548	0.01193
17	0.02594	0.02932	0.02535	0.24356	0.07492	0.35318	0.01941	0.08227	0.02289	0.02452	0.01464	0.01861	0.01156	0.00874	0.00807	0.00246	0.01315	0.00650	0.00455	0.01036
18	0.03235	0.02384	0.02554	0.01958	0.02639	0.02639	0.01618	0.61946	0.04001	0.05363	0.02043	0.02043	0.01447	0.01022	0.00851	0.00255	0.00936	0.00766	0.00851	0.01447
19	0.01138	0.00835	0.00905	0.00915	0.01029	0.00777	0.00580	0.01229	0.01530	0.01928	0.05089	0.09665	0.27084	0.40416	0.02881	0.00593	0.00656	0.01512	0.00636	0.00603
20	0.01058	0.00755	0.01011	0.01209	0.01267	0.00709	0.00826	0.01221	0.01650	0.02196	0.04679	0.65801	0.05583	0.02646	0.01092	0.00348	0.00512	0.05949	0.00790	0.00697
21	0.02117	0.01828	0.01924	0.01732	0.02213	0.02117	0.01347	0.04522	0.63246	0.03560	0.03464	0.03175	0.02598	0.01155	0.00866	0.00289	0.00673	0.00962	0.00866	0.01347
22	0.02891	0.01807	0.02063	0.01639	0.02162	0.01908	0.01305	0.34450	0.02998	0.18078	0.02468	0.02942	0.01930	0.13651	0.05403	0.00425	0.00949	0.00879	0.00814	0.01241
23	0.01195	0.00818	0.00942	0.00965	0.00998	0.00800	0.00573	0.01246	0.01384	0.01837	0.06067	0.14287	0.07313	0.53987	0.03551	0.00704	0.00738	0.01442	0.00587	0.00564
24	0.01150	0.00837	0.01083	0.01087	0.01255	0.00770	0.00790	0.01477	0.02185	0.03035	0.46036	0.22261	0.10862	0.01997	0.01024	0.00288	0.00426	0.01775	0.00891	0.00770
25	0.01221	0.00892	0.01266	0.01266	0.01383	0.01009	0.00938	0.01455	0.01338	0.01901	0.02372	0.03856	0.02350	0.21054	0.52353	0.01243	0.01945	0.00987	0.00470	0.00704
26	0.01796	0.01581	0.02025	0.01594	0.05511	0.01235	0.04255	0.02198	0.01787	0.02771	0.01528	0.01811	0.01267	0.00642	0.00661	0.00141	0.00693	0.00544	0.00496	0.67465
27	0.01920	0.01899	0.03023	0.03345	0.25511	0.05753	0.12715	0.02354	0.01765	0.02479	0.01715	0.02355	0.01475	0.01963	0.13826	0.00487	0.11704	0.00819	0.03804	0.01088
28	0.01088	0.00858	0.00989	0.01025	0.01250	0.00758	0.00775	0.01349	0.01989	0.02528	0.18752	0.17213	0.38124	0.02169	0.01035	0.00303	0.00471	0.07767	0.00819	0.00738
29	0.01852	0.01565	0.01812	0.01302	0.02054	0.01224	0.01045	0.05712	0.01898	0.02928	0.01544	0.01781	0.01272	0.00654	0.00643	0.00134	0.00649	0.00520	0.00525	0.70888
30	0.06787	0.15045	0.21956	0.01816	0.02609	0.09868	0.01862	0.05291	0.07411	0.05753	0.02122	0.02226	0.05071	0.00916	0.00743	0.00236	0.00993	0.00682	0.00518	0.08094
31	0.01427	0.01218	0.01238	0.01191	0.01349	0.08214	0.00842	0.01650	0.01818	0.02375	0.23210	0.05123	0.07626	0.24710	0.13764	0.00640	0.01002	0.01232	0.00651	0.00718
32	0.01119	0.00806	0.01002	0.01066	0.01173	0.00752	0.00722	0.01314	0.01797	0.02418	0.20933	0.32598	0.12342	0.15969	0.01710	0.00415	0.00529	0.01872	0.00775	0.00689
33	0.02049	0.02129	0.06723	0.08905	0.54691	0.02018	0.05794	0.02595	0.01919	0.02735	0.01598	0.02110	0.01318	0.00764	0.00850	0.00257	0.01054	0.00765	0.00416	0.01307
34	0.02452	0.16287	0.06947	0.03155	0.25573	0.22508	0.02037	0.02966	0.05767	0.02451	0.01538	0.01828	0.01279	0.00817	0.00760	0.00232	0.01149	0.00638	0.00439	0.01179
35	0.01946	0.01135	0.01467	0.01298	0.01582	0.01140	0.01003	0.02192	0.01912	0.19447	0.12320	0.08322	0.16583	0.10384	0.06991	0.00446	0.08859	0.01273	0.00770	0.00931
36	0.01037	0.00796	0.00932	0.01036	0.01180	0.00711	0.00714	0.01203	0.01733	0.02192	0.06188	0.40225	0.29748	0.06658	0.01255	0.00351	0.00489	0.02088	0.00773	0.00692
37	0.01694	0.01260	0.01485	0.01381	0.01712	0.01273	0.01127	0.15920	0.02563	0.03401	0.21021	0.06633	0.17117	0.01829	0.01017	0.00304	0.00644	0.17843	0.00843	0.00933
38	0.02791	0.03472	0.03277	0.02655	0.03233	0.45291	0.21546	0.03175	0.02278	0.02296	0.01450	0.01787	0.01161	0.00824	0.00846	0.00242	0.01502	0.00699	0.00436	0.01040
39	0.01131	0.00834	0.01056	0.01175	0.01315	0.00778	0.00870	0.01363	0.01820	0.02377	0.11616	0.34176	0.17214	0.06424	0.01274	0.00364	0.00553	0.14155	0.00788	0.00718
40	0.01025	0.00788	0.00939	0.01060	0.01201	0.00702	0.00734	0.01199	0.01750	0.02221	0.06215	0.45736	0.28445	0.02468	0.01055	0.00323	0.00469	0.02177	0.00790	0.00702
41	0.01009	0.00849	0.00875	0.00896	0.01158	0.00716	0.00662	0.01217	0.01907	0.02286	0.08205	0.14677	0.58220	0.02209	0.01014	0.00294	0.00438	0.01862	0.00790	0.00716
42	0.01139	0.00816	0.01060	0.01137	0.01213	0.00827	0.00771	0.01288	0.01468	0.01979	0.03737	0.30256	0.07665	0.23129	0.18793	0.00742	0.01042	0.01653	0.00625	0.00660
43	0.02142	0.01711	0.01827	0.01600	0.02077	0.01897	0.01256	0.12104	0.40851	0.06046	0.06526	0.03873	0.11760	0.01303	0.00890	0.00282	0.00666	0.01077	0.00863	0.01250
44	0.01457	0.00835	0.00931	0.00966	0.01112	0.00835	0.00712	0.01749	0.01673	0.02663	0.03059	0.04944	0.02904	0.19306	0.01676	0.00397	0.00578	0.11287	0.42197	0.00719
45	0.01765	0.01513	0.01765	0.01260	0.02017	0.01134	0.01008	0.02143	0.01765	0.02773	0.01513	0.01765	0.01260	0.00630	0.00630	0.00126	0.00630	0.00504	0.00504	0.75295
46	0.01391	0.01170	0.01704	0.01603	0.01714	0.01483	0.01281	0.01663	0.01350	0.01995	0.01964	0.02941	0.01853	0.05053	0.49348	0.01097	0.20284	0.00866	0.00433	0.00806
47	0.05708	0.02643	0.02171	0.02186	0.08820	0.30250	0.01538	0.06403	0.05932	0.02727	0.10275	0.03080	0.05295	0.01170	0.00964	0.00259	0.05291	0.03684	0.00586	0.01021
48	0.02789	0.02771	0.02576	0.02655	0.15106	0.23829	0.01779	0.20167	0.13606	0.03424	0.01964	0.02088	0.01515	0.00944	0.00824	0.00249	0.01105	0.00727	0.00629	0.01255
49	0.14056	0.01909	0.01850	0.04454	0.02205	0.09152	0.01314	0.22035	0.05708	0.03577	0.02661	0.18548	0.02585	0.01444	0.00867	0.00286	0.00839	0.04731	0.00715	0.01063
50	0.29479	0.06361	0.13324	0.01619	0.02345	0.02026	0.01555	0.14864	0.02237	0.15963	0.01848	0.01887	0.01299	0.00888	0.00708	0.00258	0.00849	0.00630	0.00657	0.01202
51	0.02583	0.02970	0.02335	0.02486	0.13422	0.38779	0.01639	0.05695	0.02383	0.02586	0.11742	0.02713	0.04968	0.01055	0.00833	0.00238	0.01185	0.00807	0.00550	0.01032
52	0.02106	0.02022	0.03454	0.05223	0.64784	0.02022	0.02612	0.02612	0.01938	0.02780	0.01601	0.02106	0.01348	0.00758	0.00842	0.00253	0.01011	0.00758	0.00421	0.01348
53	0.01308	0.01059	0.01417	0.01406	0.01572	0.04140	0.01091	0.01608	0.01417	0.01981	0.02234	0.03258	0.02079	0.06124	0.63628	0.01314	0.02245	0.00895	0.00455	0.00770
54	0.16792	0.17903	0.02566	0.01623	0.02087	0.02044	0.07588	0.05009	0.01695	0.02620	0.02044	0.02510	0.05248	0.02503	0.19692	0.00570	0.05314	0.00759	0.00480	0.00953
55	0.02601	0.32421	0.03467	0.01962	0.02511	0.29769	0.05166	0.02870	0.01994	0.02083	0.01265	0.01537	0.01108	0.00859	0.00869	0.00221	0.07308	0.00553	0.00400	0.01037
56	0.02076	0.01991	0.03399	0.09046	0.61199	0.02014	0.02597	0.02585	0.01923	0.02743	0.01595	0.02116	0.01335	0.00764	0.00843	0.00255	0.01019	0.00758	0.00419	0.01323
57	0.01277	0.01089	0.01128	0.01093	0.01413	0.01056	0.00826	0.02020	0.16805	0.02597	0.07124	0.10796	0.45759	0.01944	0.00977	0.00291	0.00494	0.01632	0.00809	0.00869
58	0.01238	0.00825	0.00928	0.00928	0.00928	0.00825	0.00516	0.01238	0.01238	0.01650	0.02681	0.05569	0.03094	0.70092	0.04331	0.00825	0.00825	0.01238	0.00516	0.00516
59	0.07936	0.00963	0.01111	0.01145	0.01278	0.00975	0.00789	0.04968	0.01630	0.02322	0.03576	0.28063	0.07389	0.21657	0.02160	0.07476	0.00664	0.04564	0.00652	0.00683
60	0.02863	0.03192	0.02309	0.02051	0.02483	0.41553	0.01591	0.13843	0.05083	0.02762	0.01769	0.02291	0.01506	0.01330	0.04455	0.00309	0.04875	0.04126	0.00550	0.01058
61	0.03181	0.03982	0.02418	0.02182	0.02631	0.63836	0.01643	0.05995	0.02482	0.02228	0.01348	0.01557	0.01112	0.00883	0.00771	0.00221	0.01508	0.00558	0.00457	0.01007
62	0.01808	0.01638	0.02023	0.02490	0.16859	0.08288	0.01658	0.02429	0.08702	0.02716	0.07004	0.06068	0.03592	0.01649	0.01009	0.00322	0.00882	0.29182	0.00679	0.01002
63	0.02194	0.61147	0.13206	0.01595	0.02398	0.03169	0.01697	0.02569	0.01739	0.02101	0.01232	0.01427	0.01090	0.00740	0.00584	0.00195	0.00960	0.00480	0.00363	0.01116
64	0.01035	0.00748	0.00980	0.01166	0.01229	0.00693	0.00781	0.01187	0.01648	0.02180	0.04925	0.65876	0.09138	0.02636	0.01081	0.00342	0.00490	0.02382	0.00790	0.00693
65	0.01216	0.00912	0.01368	0.01368	0.01520	0.01064	0.01064	0.01520	0.01368	0.01976	0.02279	0.03343	0.02127	0.06382	0.66720	0.01368	0.02279	0.00912	0.00456	0.00760
66	0.03145	0.02279	0.02459	0.01912	0.02571	0.02516	0.01571	0.53030	0.10189	0.08125	0.02258	0.02205	0.01601	0.01037	0.00853	0.00259	0.00898	0.00791	0.00863	0.01437
67	0.03235	0.02384	0.02554	0.01958	0.02639	0.02639	0.01618	0.61946	0.04001	0.05363	0.02043	0.02043	0.01447	0.01022	0.00851	0.00255	0.00936	0.00766	0.00851	0.01447
68	0.01032	0.00868	0.00898	0.00904	0.01183	0.00734	0.00687	0.01264	0.01963	0.02362	0.11046	0.08168	0.59088	0.02145	0.01013	0.00291	0.00446	0.04386	0.00797	0.00725
69	0.01072	0.00865	0.00953	0.00931	0.01190	0.00746	0.00698	0.01349	0.02095	0.02668	0.27086	0.07582	0.45743	0.02018	0.01005	0.00281	0.00421	0.01711	0.00839	0.00746
70	0.01355	0.00968	0.01352	0.01548	0.01737	0.00965	0.01343	0.01735	0.01943	0.02528	0.04515	0.12549	0.04934	0.02366	0.01171	0.00390	0.00769	0.56269	0.00784	0.00779
71	0.02275	0.70604	0.04459	0.01456	0.02184	0.03367	0.01456	0.02548	0.01729	0.02002	0.01183	0.01365	0.01092	0.00728	0.00546	0.00182	0.00910	0.00455	0.00364	0.01092
72	0.01946	0.01665	0.01751	0.01591	0.02022	0.01890	0.01222	0.03973	0.52991	0.03310	0.03961	0.03851	0.09167	0.05455	0.01092	0.00321	0.00657	0.01067	0.00837	0.01230
73	0.01217	0.00870	0.01177	0.01185	0.01272	0.00953	0.00834	0.01393	0.01327	0.01854	0.02539	0.06958	0.02657	0.31614	0.39157	0.01109	0.01626	0.01104	0.00493	0.00660
74	0.01036	0.00781	0.00947	0.01077	0.01196	0.00705	0.00735	0.01198	0.01706	0.02189	0.05786	0.48455	0.23172	0.05328	0.01198	0.00348	0.00489	0.02183	0.00779	0.00692
75	0.03179	0.04056	0.02412	0.02192	0.02631	0.66676	0.01644	0.03398	0.02412	0.02083	0.01315	0.01535	0.01096	0.00877	0.00767	0.00219	0.01535	0.00548	0.00438	0.00987
76	0.01707	0.04402	0.65683	0.02426	0.03683	0.01976	0.03144	0.02695	0.01797	0.02695	0.01527	0.01797	0.01078	0.00809	0.00809	0.00270	0.01258	0.00629	0.00359	0.01258
