[name]
unknown

[dist]
# distance from previous block
# <min> <max>
0	19

[block]
# block no. 0 follows, 21 sequences, length 7
# corresponding to MSA columns:
# 19-25
name=unknown_A
#
# <colnr> <probs for GDERKNQSTAVLIFYWHMCP>
#	G	D	E	R	K	N	Q	S	T	A	V	L	I	F	Y	W	H	M	C	P
0	0.01312	0.00960	0.01288	0.01452	0.01663	0.00937	0.01253	0.01675	0.01956	0.02506	0.05179	0.09369	0.14632	0.02319	0.01148	0.00375	0.00726	0.49694	0.00785	0.00773
1	0.01644	0.01515	0.02365	0.15542	0.16722	0.01590	0.07519	0.02368	0.11297	0.02594	0.03464	0.15654	0.11363	0.01387	0.00932	0.00290	0.00846	0.01270	0.00603	0.01037
2	0.10123	0.05911	0.02408	0.02351	0.12506	0.23292	0.01604	0.08959	0.11742	0.05959	0.05542	0.02254	0.01840	0.00957	0.00786	0.00247	0.01034	0.00727	0.00605	0.01156
3	0.01322	0.01476	0.11700	0.01409	0.01762	0.01046	0.01312	0.01729	0.01915	0.02585	0.17095	0.06821	0.12534	0.12390	0.01543	0.00398	0.00739	0.20700	0.00707	0.00815
4	0.01925	0.25963	0.03242	0.23271	0.03391	0.02643	0.01881	0.02265	0.01582	0.02073	0.01268	0.01819	0.01114	0.01014	0.01373	0.00277	0.22890	0.00646	0.00371	0.00992
5	0.09036	0.01710	0.01611	0.01582	0.04975	0.11888	0.01153	0.02218	0.05287	0.02586	0.03383	0.08779	0.11966	0.05918	0.01078	0.00294	0.00797	0.09350	0.00616	0.15773
6	0.02147	0.01798	0.02740	0.11715	0.03146	0.01924	0.16011	0.21546	0.02446	0.03346	0.02017	0.02647	0.01628	0.06297	0.11259	0.00472	0.01249	0.00878	0.05645	0.01090

[dist]
# distance from previous block
# <min> <max>
6	22

[block]
# block no. 1 follows, 21 sequences, length 85
# corresponding to MSA columns:
# 48-132
name=unknown_B
#
# <colnr> <probs for GDERKNQSTAVLIFYWHMCP>
#	G	D	E	R	K	N	Q	S	T	A	V	L	I	F	Y	W	H	M	C	P
0	0.05557	0.01843	0.02524	0.03236	0.32898	0.04713	0.01807	0.02480	0.04949	0.02788	0.02315	0.02595	0.07454	0.00886	0.00784	0.00223	0.00845	0.00777	0.00507	0.20817
1	0.04809	0.01847	0.05868	0.03009	0.24392	0.04822	0.08697	0.04550	0.01947	0.02682	0.03033	0.19694	0.08255	0.01387	0.00920	0.00283	0.00897	0.01275	0.00569	0.01064
2	0.11604	0.01580	0.02231	0.19948	0.18754	0.01739	0.01771	0.08481	0.01963	0.02927	0.02293	0.08736	0.04793	0.01370	0.04316	0.00329	0.00950	0.00934	0.04234	0.01045
3	0.02376	0.33938	0.06519	0.08561	0.02734	0.14712	0.01660	0.08392	0.05437	0.02475	0.01521	0.01775	0.01265	0.01106	0.03980	0.00276	0.01125	0.00593	0.00458	0.01097
4	0.02096	0.19047	0.02659	0.01658	0.02123	0.02165	0.04182	0.17621	0.02194	0.02966	0.01887	0.02377	0.01605	0.02778	0.23284	0.00619	0.04479	0.00749	0.04458	0.01051
5	0.02817	0.02091	0.02143	0.01705	0.02258	0.05454	0.01385	0.44572	0.03422	0.04684	0.05447	0.02457	0.01916	0.01047	0.00807	0.00244	0.00838	0.00801	0.14646	0.01268
6	0.02692	0.18890	0.02766	0.01824	0.02406	0.35481	0.01473	0.06171	0.02212	0.02381	0.01364	0.01569	0.01147	0.00801	0.00693	0.00194	0.01178	0.00530	0.00457	0.15770
7	0.01031	0.00763	0.00964	0.01125	0.01218	0.00696	0.00763	0.01192	0.01687	0.02196	0.05424	0.58082	0.16609	0.02571	0.01071	0.00335	0.00482	0.02303	0.00790	0.00696
8	0.03235	0.02384	0.02554	0.01958	0.02639	0.02639	0.01618	0.61946	0.04001	0.05363	0.02043	0.02043	0.01447	0.01022	0.00851	0.00255	0.00936	0.00766	0.00851	0.01447
9	0.01088	0.00762	0.00972	0.01120	0.01157	0.00725	0.00720	0.01198	0.01530	0.02040	0.04182	0.53337	0.04987	0.19742	0.01908	0.00467	0.00578	0.02120	0.00720	0.00647
10	0.01335	0.01175	0.02056	0.01757	0.02060	0.01096	0.16218	0.01707	0.01970	0.02701	0.22620	0.32719	0.05282	0.01882	0.01040	0.00306	0.00703	0.01785	0.00745	0.00842
11	0.01964	0.02538	0.15816	0.25737	0.21439	0.08690	0.02456	0.02681	0.05755	0.02531	0.01643	0.02106	0.01272	0.00838	0.00832	0.00266	0.01138	0.00722	0.00424	0.01153
12	0.01168	0.00784	0.00908	0.01007	0.01152	0.00724	0.00705	0.01396	0.01745	0.02457	0.05167	0.37727	0.19138	0.02117	0.00942	0.00294	0.00454	0.01855	0.19537	0.00724
13	0.01006	0.00862	0.00862	0.00862	0.01149	0.00718	0.00647	0.01221	0.01940	0.02299	0.08621	0.08190	0.64438	0.02155	0.01006	0.00287	0.00431	0.01796	0.00790	0.00718
14	0.02131	0.53839	0.19964	0.01702	0.02564	0.03015	0.01884	0.02585	0.01746	0.02178	0.01270	0.01474	0.01089	0.00748	0.00613	0.00204	0.00998	0.00499	0.00363	0.01134
15	0.01628	0.03242	0.39511	0.02069	0.02951	0.04991	0.05449	0.02325	0.01849	0.02531	0.03301	0.03432	0.17138	0.01184	0.00972	0.00278	0.04640	0.00946	0.00477	0.01084
16	0.01478	0.00739	0.01109	0.01109	0.01109	0.00739	0.00739	0.01109	0.01109	0.01478	0.01478	0.02587	0.01478	0.02956	0.03326	0.75240	0.00739	0.00739	0.00370	0.00370
17	0.02330	0.01511	0.01588	0.01319	0.01735	0.01626	0.01056	0.29046	0.02785	0.04161	0.02445	0.02663	0.01850	0.01005	0.00711	0.00224	0.00640	0.00781	0.41434	0.01088
18	0.02071	0.39021	0.02980	0.01318	0.01832	0.05604	0.01181	0.02558	0.07475	0.02438	0.01896	0.02234	0.01622	0.04495	0.00799	0.00232	0.00781	0.00636	0.19823	0.01002
19	0.01034	0.00868	0.00901	0.00908	0.01186	0.00736	0.00691	0.01268	0.01964	0.02368	0.11243	0.08167	0.58617	0.02144	0.01014	0.00292	0.00447	0.04629	0.00797	0.00726
20	0.01707	0.04402	0.65683	0.02426	0.03683	0.01976	0.03144	0.02695	0.01797	0.02695	0.01527	0.01797	0.01078	0.00809	0.00809	0.00270	0.01258	0.00629	0.00359	0.01258
21	0.02854	0.01327	0.01717	0.01464	0.01941	0.01241	0.01149	0.03454	0.11505	0.39942	0.03711	0.19816	0.03073	0.01477	0.00916	0.00288	0.00658	0.01268	0.00958	0.01241
22	0.02348	0.02620	0.02303	0.02645	0.18703	0.29467	0.01646	0.05744	0.02251	0.02496	0.03280	0.03398	0.17223	0.01177	0.00852	0.00247	0.01085	0.00931	0.00545	0.01039
23	0.02421	0.01948	0.02583	0.02980	0.24571	0.02055	0.01818	0.29410	0.02821	0.03845	0.02379	0.14668	0.02193	0.01235	0.00892	0.00271	0.00880	0.01072	0.00686	0.01271
24	0.01216	0.00912	0.01368	0.01368	0.01520	0.01064	0.01064	0.01520	0.01368	0.01976	0.02279	0.03343	0.02127	0.06382	0.66720	0.01368	0.02279	0.00912	0.00456	0.00760
25	0.02123	0.02157	0.01929	0.01496	0.02172	0.17733	0.01169	0.02461	0.01929	0.02598	0.01463	0.01706	0.01219	0.00693	0.00665	0.00150	0.00859	0.00515	0.00488	0.56476
26	0.01028	0.00863	0.00893	0.00886	0.01163	0.00728	0.00664	0.01265	0.01993	0.02425	0.14925	0.07983	0.58056	0.02108	0.01006	0.00285	0.00428	0.01767	0.00807	0.00728
27	0.01986	0.01957	0.03297	0.10501	0.37526	0.02169	0.07894	0.02437	0.01760	0.02530	0.01481	0.02078	0.01263	0.00949	0.01352	0.00289	0.18163	0.00778	0.00405	0.01184
28	0.02627	0.44711	0.03663	0.01743	0.02358	0.28000	0.01529	0.02879	0.01995	0.02034	0.01235	0.01431	0.01094	0.00786	0.00632	0.00196	0.01153	0.00491	0.00393	0.01051
29	0.09454	0.03108	0.27983	0.05905	0.10990	0.11614	0.02249	0.02834	0.01948	0.09768	0.02037	0.02230	0.04435	0.00909	0.00797	0.00260	0.01100	0.00708	0.00497	0.01173
30	0.02402	0.02754	0.06161	0.07270	0.35567	0.22625	0.02253	0.02940	0.05180	0.02561	0.01596	0.01971	0.01306	0.00824	0.00818	0.00246	0.01180	0.00695	0.00444	0.01207
31	0.01289	0.00963	0.01080	0.01081	0.01343	0.00890	0.00797	0.01732	0.08266	0.05788	0.10339	0.22812	0.36291	0.02097	0.01004	0.00300	0.00486	0.01802	0.00821	0.00820
32	0.01052	0.00753	0.01001	0.01174	0.01238	0.00702	0.00791	0.01224	0.01702	0.02288	0.10240	0.63658	0.05852	0.02580	0.01079	0.00338	0.00485	0.02337	0.00804	0.00702
33	0.01948	0.01860	0.03168	0.25179	0.46067	0.01980	0.02533	0.02473	0.01863	0.02588	0.01573	0.02158	0.01280	0.00788	0.00845	0.00263	0.01050	0.00758	0.00408	0.01220
34	0.01925	0.01837	0.03127	0.28023	0.43400	0.01974	0.02522	0.02453	0.01852	0.02560	0.01569	0.02165	0.01270	0.00792	0.00846	0.00264	0.01056	0.00758	0.00406	0.01202
35	0.01014	0.00831	0.00894	0.00944	0.01171	0.00712	0.00683	0.01212	0.01861	0.02267	0.07626	0.23726	0.49545	0.02285	0.01026	0.00302	0.00447	0.01954	0.00790	0.00712
36	0.01868	0.01798	0.03113	0.34487	0.34198	0.01967	0.05494	0.02413	0.01831	0.02494	0.01566	0.02192	0.01245	0.00799	0.00855	0.00269	0.01090	0.00770	0.00402	0.01150
37	0.01508	0.01044	0.01423	0.01374	0.01575	0.01148	0.01048	0.07204	0.01698	0.05463	0.02704	0.13435	0.02658	0.09082	0.43350	0.01019	0.01713	0.01146	0.00577	0.00832
38	0.01766	0.11280	0.59322	0.02325	0.03528	0.02121	0.02969	0.02680	0.01790	0.02623	0.01491	0.01752	0.01079	0.00800	0.00781	0.00260	0.01222	0.00611	0.00360	0.01240
39	0.01006	0.00862	0.00862	0.00862	0.01149	0.00718	0.00647	0.01221	0.01940	0.02299	0.08621	0.08190	0.64438	0.02155	0.01006	0.00287	0.00431	0.01796	0.00790	0.00718
40	0.02106	0.02022	0.03454	0.05223	0.64784	0.02022	0.02612	0.02612	0.01938	0.02780	0.01601	0.02106	0.01348	0.00758	0.00842	0.00253	0.01011	0.00758	0.00421	0.01348
41	0.01858	0.02475	0.18948	0.23009	0.31964	0.01972	0.02673	0.02504	0.01833	0.02580	0.01556	0.02076	0.01217	0.00798	0.00836	0.00266	0.01110	0.00725	0.00393	0.01207
42	0.01179	0.00834	0.00911	0.00911	0.00984	0.00798	0.00549	0.01233	0.01415	0.01814	0.04186	0.06233	0.18629	0.52887	0.03489	0.00689	0.00725	0.01379	0.00585	0.00567
43	0.01006	0.00862	0.00862	0.00862	0.01149	0.00718	0.00647	0.01221	0.01940	0.02299	0.08621	0.08190	0.64438	0.02155	0.01006	0.00287	0.00431	0.01796	0.00790	0.00718
44	0.01216	0.00912	0.01368	0.01368	0.01520	0.01064	0.01064	0.01520	0.01368	0.01976	0.02279	0.03343	0.02127	0.06382	0.66720	0.01368	0.02279	0.00912	0.00456	0.00760
45	0.03337	0.01987	0.02280	0.01774	0.02426	0.02080	0.01457	0.35146	0.09315	0.27087	0.02664	0.02467	0.01802	0.01046	0.00854	0.00262	0.00833	0.00818	0.00926	0.01438
46	0.03179	0.04056	0.02412	0.02192	0.02631	0.66676	0.01644	0.03398	0.02412	0.02083	0.01315	0.01535	0.01096	0.00877	0.00767	0.00219	0.01535	0.00548	0.00438	0.00987
47	0.01018	0.00863	0.00880	0.00875	0.01157	0.00724	0.00656	0.01246	0.01969	0.02369	0.12146	0.08074	0.60869	0.02129	0.01006	0.00286	0.00429	0.01780	0.00800	0.00724
48	0.01037	0.00741	0.00987	0.01185	0.01234	0.00691	0.00790	0.01185	0.01629	0.02172	0.04690	0.69537	0.05629	0.02666	0.01086	0.00346	0.00494	0.02419	0.00790	0.00691
49	0.01567	0.01429	0.02042	0.01839	0.01909	0.01904	0.01498	0.01807	0.01333	0.02015	0.01647	0.02537	0.01577	0.03719	0.31919	0.00826	0.38347	0.00821	0.00410	0.00853
50	0.02080	0.01995	0.03407	0.08530	0.61682	0.02015	0.02599	0.02589	0.01925	0.02748	0.01596	0.02115	0.01337	0.00763	0.00843	0.00254	0.01017	0.00758	0.00419	0.01327
51	0.01859	0.01597	0.01681	0.01532	0.01963	0.01785	0.01186	0.03747	0.48580	0.03303	0.06965	0.04302	0.15117	0.01377	0.00899	0.00288	0.00614	0.01151	0.00854	0.01200
52	0.01974	0.01887	0.03216	0.21847	0.49192	0.01987	0.02546	0.02496	0.01875	0.02620	0.01577	0.02149	0.01291	0.00783	0.00845	0.00261	0.01044	0.00758	0.00410	0.01241
53	0.01613	0.01586	0.05838	0.02126	0.14517	0.04536	0.01418	0.02272	0.08595	0.03188	0.38135	0.04633	0.05321	0.01377	0.00932	0.00265	0.00664	0.01213	0.00763	0.01008
54	0.03179	0.04056	0.02412	0.02192	0.02631	0.66676	0.01644	0.03398	0.02412	0.02083	0.01315	0.01535	0.01096	0.00877	0.00767	0.00219	0.01535	0.00548	0.00438	0.00987
55	0.01238	0.00825	0.00928	0.00928	0.00928	0.00825	0.00516	0.01238	0.01238	0.01650	0.02681	0.05569	0.03094	0.70092	0.04331	0.00825	0.00825	0.01238	0.00516	0.00516
56	0.02045	0.02142	0.05707	0.02190	0.08245	0.14360	0.07658	0.08748	0.07094	0.02799	0.02777	0.23249	0.02771	0.01449	0.00909	0.00280	0.00944	0.01274	0.04330	0.01028
57	0.01037	0.00741	0.00987	0.01185	0.01234	0.00691	0.00790	0.01185	0.01629	0.02172	0.04690	0.69537	0.05629	0.02666	0.01086	0.00346	0.00494	0.02419	0.00790	0.00691
58	0.01238	0.00825	0.00928	0.00928	0.00928	0.00825	0.00516	0.01238	0.01238	0.01650	0.02681	0.05569	0.03094	0.70092	0.04331	0.00825	0.00825	0.01238	0.00516	0.00516
59	0.02244	0.02458	0.02865	0.09200	0.12476	0.20118	0.08846	0.02598	0.01854	0.02318	0.01440	0.01965	0.01223	0.01030	0.01421	0.00284	0.21713	0.00726	0.04191	0.01030
60	0.01720	0.01443	0.01667	0.01713	0.05219	0.01563	0.01289	0.03106	0.33027	0.03027	0.04592	0.05682	0.14661	0.01623	0.00969	0.00313	0.00674	0.15819	0.00807	0.01087
61	0.01232	0.00844	0.01021	0.01018	0.01057	0.00868	0.00633	0.01310	0.01324	0.01804	0.05863	0.05195	0.03174	0.54586	0.15805	0.00897	0.01074	0.01193	0.00527	0.00576
62	0.01216	0.00912	0.01368	0.01368	0.01520	0.01064	0.01064	0.01520	0.01368	0.01976	0.02279	0.03343	0.02127	0.06382	0.66720	0.01368	0.02279	0.00912	0.00456	0.00760
63	0.03194	0.03613	0.02449	0.02130	0.02633	0.49731	0.01637	0.18891	0.02832	0.02951	0.01508	0.01669	0.01189	0.00915	0.00790	0.00229	0.01376	0.00606	0.00548	0.01108
64	0.01217	0.00907	0.01343	0.01343	0.01486	0.01050	0.01033	0.01504	0.01360	0.01957	0.02302	0.03469	0.02182	0.09994	0.63183	0.01337	0.02197	0.00930	0.00459	0.00746
65	0.01999	0.01913	0.03261	0.18660	0.52182	0.01994	0.02559	0.02518	0.01887	0.02651	0.01582	0.02141	0.01302	0.00778	0.00844	0.00259	0.01037	0.00758	0.00412	0.01262
66	0.01216	0.00912	0.01368	0.01368	0.01520	0.01064	0.01064	0.01520	0.01368	0.01976	0.02279	0.03343	0.02127	0.06382	0.66720	0.01368	0.02279	0.00912	0.00456	0.00760
67	0.03039	0.10860	0.02711	0.02216	0.05605	0.44713	0.01666	0.14200	0.02611	0.02720	0.01451	0.01639	0.01174	0.00882	0.00763	0.00224	0.01330	0.00589	0.00507	0.01102
68	0.01216	0.00912	0.01368	0.01368	0.01520	0.01064	0.01064	0.01520	0.01368	0.01976	0.02279	0.03343	0.02127	0.06382	0.66720	0.01368	0.02279	0.00912	0.00456	0.00760
69	0.10482	0.23331	0.12789	0.01898	0.02524	0.25674	0.01762	0.02831	0.01920	0.02340	0.01279	0.01535	0.01075	0.00862	0.00846	0.00233	0.06621	0.00540	0.00408	0.01049
70	0.01192	0.00886	0.01123	0.01169	0.01343	0.00842	0.00866	0.01592	0.05154	0.02813	0.30059	0.27447	0.12464	0.02117	0.01041	0.00309	0.00486	0.07460	0.00855	0.00783
71	0.02134	0.02284	0.15023	0.02918	0.20995	0.01824	0.05428	0.13542	0.02304	0.07136	0.05102	0.12818	0.02329	0.01176	0.00893	0.00274	0.00943	0.01049	0.00611	0.01217
72	0.01216	0.00912	0.01368	0.01368	0.01520	0.01064	0.01064	0.01520	0.01368	0.01976	0.02279	0.03343	0.02127	0.06382	0.66720	0.01368	0.02279	0.00912	0.00456	0.00760
73	0.01204	0.00870	0.01138	0.01071	0.01271	0.00803	0.00803	0.01606	0.02409	0.03413	0.64335	0.06357	0.08030	0.01740	0.01004	0.00268	0.00401	0.01539	0.00937	0.00803
74	0.22162	0.06097	0.02150	0.01915	0.05094	0.30107	0.01426	0.03317	0.14736	0.02877	0.01734	0.01853	0.01373	0.00899	0.00717	0.00245	0.01070	0.00616	0.00546	0.01066
75	0.06810	0.03274	0.05465	0.15179	0.03269	0.40907	0.01817	0.08757	0.02342	0.02545	0.01428	0.01734	0.01127	0.00878	0.00781	0.00240	0.01336	0.00610	0.00468	0.01033
76	0.02009	0.02296	0.05022	0.03587	0.04448	0.02152	0.61693	0.02726	0.02009	0.02726	0.01722	0.02296	0.01291	0.00717	0.01004	0.00287	0.01435	0.01004	0.00430	0.01148
77	0.01313	0.01007	0.01439	0.01396	0.01519	0.01206	0.01080	0.01580	0.01371	0.02019	0.02209	0.03369	0.02103	0.11446	0.49859	0.01137	0.09732	0.00916	0.04539	0.00759
78	0.01924	0.01062	0.01343	0.01280	0.01568	0.00985	0.00968	0.05235	0.02012	0.18811	0.04602	0.27735	0.13033	0.07840	0.01290	0.00357	0.00626	0.07564	0.00838	0.00927
79	0.01215	0.00816	0.00935	0.00957	0.00962	0.00810	0.00546	0.01232	0.01281	0.01708	0.02906	0.12712	0.03377	0.62563	0.03969	0.00772	0.00788	0.01370	0.00546	0.00535
80	0.02355	0.43276	0.13483	0.01768	0.02508	0.15523	0.01751	0.02850	0.05361	0.02215	0.01392	0.01569	0.01176	0.00794	0.00649	0.00209	0.01074	0.00529	0.00406	0.01112
81	0.01161	0.00916	0.01145	0.05363	0.01630	0.00863	0.00978	0.01451	0.01926	0.02440	0.11736	0.17385	0.30852	0.02162	0.01052	0.00321	0.00573	0.16516	0.00776	0.00753
82	0.01945	0.01521	0.01398	0.01284	0.01544	0.11016	0.00986	0.08282	0.02002	0.02949	0.02321	0.02861	0.01916	0.04516	0.10051	0.00403	0.04499	0.00785	0.38839	0.00881
83	0.10094	0.01958	0.02151	0.01728	0.02336	0.02108	0.01418	0.32047	0.12321	0.17981	0.02579	0.02689	0.01876	0.01088	0.00838	0.00269	0.00816	0.03486	0.00864	0.01351
84	0.25649	0.02579	0.02267	0.02581	0.18024	0.24010	0.01635	0.03023	0.07650	0.02940	0.01547	0.01784	0.01245	0.00845	0.00720	0.00248	0.01047	0.00613	0.00501	0.01091

[dist]
# distance from previous block
# <min> <max>
1	3

[block]
# block no. 2 follows, 21 sequences, length 21
# corresponding to MSA columns:
# 136-156
name=unknown_C
#
# <colnr> <probs for GDERKNQSTAVLIFYWHMCP>
#	G	D	E	R	K	N	Q	S	T	A	V	L	I	F	Y	W	H	M	C	P
0	0.32633	0.19821	0.02695	0.02170	0.14972	0.05319	0.01497	0.07179	0.01864	0.03172	0.01343	0.01586	0.01103	0.00789	0.00633	0.00237	0.00858	0.00548	0.00484	0.01098
1	0.01964	0.22870	0.02613	0.01573	0.02019	0.07148	0.01330	0.04610	0.10767	0.02395	0.01926	0.02351	0.01669	0.02657	0.21924	0.00589	0.04944	0.00712	0.00499	0.05440
2	0.01244	0.00841	0.01078	0.01123	0.01178	0.00863	0.00759	0.01330	0.01376	0.01856	0.02949	0.12922	0.03286	0.37735	0.14882	0.06773	0.01039	0.07613	0.00555	0.00599
3	0.01216	0.00912	0.01368	0.01368	0.01520	0.01064	0.01064	0.01520	0.01368	0.01976	0.02279	0.03343	0.02127	0.06382	0.66720	0.01368	0.02279	0.00912	0.00456	0.00760
4	0.08025	0.17494	0.25371	0.02081	0.02840	0.06162	0.04663	0.07298	0.01889	0.02705	0.01393	0.01709	0.01115	0.00925	0.01084	0.00265	0.12803	0.00621	0.00423	0.01134
5	0.01112	0.00836	0.01017	0.01033	0.01213	0.00755	0.00743	0.01385	0.02043	0.02734	0.32201	0.21477	0.22807	0.05312	0.01181	0.00318	0.00451	0.01800	0.00842	0.00740
6	0.01037	0.00741	0.00987	0.01185	0.01234	0.00691	0.00790	0.01185	0.01629	0.02172	0.04690	0.69537	0.05629	0.02666	0.01086	0.00346	0.00494	0.02419	0.00790	0.00691
7	0.02007	0.01921	0.03276	0.17670	0.53110	0.01996	0.02563	0.02525	0.01891	0.02660	0.01583	0.02138	0.01306	0.00777	0.00844	0.00259	0.01035	0.00758	0.00413	0.01268
8	0.01861	0.01828	0.02834	0.43922	0.24616	0.05792	0.02400	0.02388	0.01820	0.02364	0.01529	0.02173	0.01201	0.00823	0.00843	0.00270	0.01119	0.00745	0.00396	0.01077
9	0.01494	0.01321	0.01901	0.01741	0.01827	0.01728	0.01407	0.01747	0.01340	0.02007	0.01779	0.02705	0.01692	0.04275	0.39190	0.00939	0.30812	0.00840	0.00420	0.00834
10	0.01405	0.01190	0.01731	0.01622	0.01729	0.01516	0.01298	0.01675	0.01349	0.01997	0.01939	0.02909	0.01831	0.04948	0.47980	0.01076	0.21701	0.00863	0.00431	0.00810
11	0.09590	0.02020	0.05724	0.03246	0.19345	0.01865	0.24658	0.02870	0.02021	0.13887	0.04888	0.02436	0.01725	0.00846	0.00882	0.00270	0.01067	0.00872	0.00568	0.01218
12	0.01824	0.03223	0.35932	0.02827	0.08503	0.01939	0.18710	0.02669	0.05005	0.02661	0.01683	0.02090	0.01267	0.00964	0.01062	0.06077	0.01215	0.00767	0.00411	0.01171
13	0.20384	0.02096	0.02327	0.16888	0.20332	0.13526	0.01814	0.02524	0.01851	0.02743	0.01971	0.02330	0.06035	0.00916	0.00765	0.00259	0.01000	0.00727	0.00470	0.01042
14	0.18159	0.10158	0.20582	0.02929	0.23583	0.02092	0.02195	0.02686	0.01795	0.06226	0.01537	0.01822	0.01191	0.00792	0.00732	0.00253	0.00978	0.00629	0.00454	0.01207
15	0.08283	0.02225	0.06373	0.03209	0.26916	0.09606	0.06119	0.06347	0.02064	0.09684	0.01847	0.02280	0.01477	0.03888	0.05704	0.00357	0.01138	0.00760	0.00530	0.01194
16	0.02432	0.12364	0.02910	0.02022	0.02587	0.19530	0.12231	0.12541	0.02380	0.02920	0.06682	0.02401	0.01901	0.04064	0.00956	0.00257	0.01090	0.00774	0.04388	0.05570
17	0.13385	0.05797	0.07674	0.06492	0.13989	0.05406	0.06407	0.11685	0.02059	0.03047	0.01656	0.02219	0.01388	0.06038	0.05067	0.00368	0.04980	0.00738	0.00501	0.01102
18	0.16954	0.06906	0.10241	0.01287	0.01723	0.01421	0.01179	0.01903	0.01608	0.02587	0.03214	0.07057	0.13268	0.08268	0.13115	0.00513	0.01002	0.01003	0.05896	0.00858
19	0.02457	0.17884	0.06717	0.06601	0.22003	0.05536	0.01926	0.03108	0.08896	0.13819	0.02005	0.02160	0.01525	0.00863	0.00774	0.00243	0.00947	0.00711	0.00566	0.01260
20	0.01995	0.01672	0.06274	0.01627	0.02074	0.04780	0.04423	0.07124	0.08844	0.11620	0.10110	0.03678	0.08116	0.02766	0.20308	0.00593	0.01247	0.01014	0.00692	0.01043

[dist]
# distance from previous block
# <min> <max>
24	153

[block]
# block no. 3 follows, 21 sequences, length 58
# corresponding to MSA columns:
# 325-382
name=unknown_D
#
# <colnr> <probs for GDERKNQSTAVLIFYWHMCP>
#	G	D	E	R	K	N	Q	S	T	A	V	L	I	F	Y	W	H	M	C	P
0	0.08540	0.01673	0.01847	0.02329	0.18016	0.11011	0.01381	0.02014	0.01860	0.02489	0.03696	0.25599	0.12938	0.01646	0.00911	0.00286	0.00789	0.01426	0.00617	0.00932
1	0.35563	0.17157	0.02325	0.01503	0.02071	0.14040	0.01261	0.08664	0.05340	0.03248	0.01419	0.01570	0.01135	0.00835	0.00625	0.00238	0.00900	0.00533	0.00526	0.01046
2	0.22817	0.06084	0.01990	0.09015	0.02451	0.23682	0.01387	0.02557	0.01800	0.02548	0.01503	0.01958	0.01276	0.02039	0.15036	0.00486	0.01374	0.00621	0.00456	0.00920
3	0.02336	0.09917	0.05289	0.02318	0.13067	0.13708	0.01635	0.08826	0.13035	0.06169	0.05688	0.06409	0.05749	0.01125	0.00831	0.00255	0.00931	0.00913	0.00636	0.01165
4	0.01953	0.02559	0.13903	0.09374	0.10720	0.14175	0.05258	0.02411	0.01877	0.02386	0.02412	0.06192	0.08452	0.01140	0.01097	0.00272	0.09570	0.00897	0.00468	0.04882
5	0.30959	0.09230	0.21512	0.01991	0.06062	0.05746	0.04448	0.06066	0.01833	0.03193	0.01392	0.01633	0.01065	0.00803	0.00684	0.00255	0.00982	0.00574	0.00464	0.01107
6	0.02051	0.02438	0.09859	0.28962	0.24244	0.13080	0.02408	0.02585	0.01911	0.02414	0.01509	0.02037	0.01191	0.00820	0.00829	0.00261	0.01177	0.00707	0.00400	0.01118
7	0.10067	0.24563	0.02303	0.04947	0.01883	0.05448	0.01116	0.02114	0.01744	0.02486	0.02745	0.14324	0.07438	0.01260	0.00716	0.00239	0.00722	0.00998	0.13983	0.00903
8	0.01357	0.01050	0.01399	0.01680	0.08805	0.01066	0.01035	0.01765	0.08043	0.02262	0.03543	0.31292	0.03933	0.20436	0.04806	0.00504	0.00757	0.04802	0.00666	0.00799
9	0.01176	0.00889	0.01201	0.01184	0.01347	0.00825	0.04231	0.01399	0.01773	0.02390	0.13983	0.30770	0.15797	0.13115	0.01551	0.00389	0.00571	0.01807	0.04885	0.00717
10	0.01736	0.01251	0.01475	0.01419	0.01659	0.01302	0.01068	0.18193	0.02276	0.03033	0.03585	0.30296	0.03920	0.13522	0.01582	0.00409	0.00720	0.10908	0.00760	0.00887
11	0.02327	0.01893	0.02053	0.01663	0.02276	0.01987	0.01327	0.19663	0.29836	0.03837	0.02530	0.02471	0.01909	0.00972	0.00796	0.00234	0.00734	0.00781	0.00761	0.21949
12	0.01985	0.02563	0.14377	0.03826	0.20051	0.02090	0.36870	0.02691	0.01956	0.02735	0.01659	0.02166	0.01272	0.00743	0.00931	0.00275	0.01296	0.00880	0.00417	0.01218
13	0.01063	0.00769	0.01006	0.01148	0.01236	0.00711	0.00784	0.01257	0.01776	0.02386	0.14840	0.55640	0.09263	0.02484	0.01068	0.00329	0.00475	0.02238	0.00814	0.00711
14	0.01216	0.00912	0.01368	0.01368	0.01520	0.01064	0.01064	0.01520	0.01368	0.01976	0.02279	0.03343	0.02127	0.06382	0.66720	0.01368	0.02279	0.00912	0.00456	0.00760
15	0.02117	0.01828	0.01924	0.01732	0.02213	0.02117	0.01347	0.04522	0.63246	0.03560	0.03464	0.03175	0.02598	0.01155	0.00866	0.00289	0.00673	0.00962	0.00866	0.01347
16	0.02830	0.01826	0.01987	0.01576	0.02117	0.01958	0.01285	0.38393	0.03194	0.11427	0.02399	0.02461	0.01730	0.01017	0.00779	0.00240	0.00759	0.00784	0.21979	0.01261
17	0.01246	0.00939	0.01196	0.01325	0.01552	0.00890	0.01122	0.01577	0.01952	0.02462	0.05921	0.09115	0.25380	0.02284	0.01117	0.00356	0.00662	0.39358	0.00786	0.00761
18	0.01234	0.00977	0.01112	0.01078	0.01336	0.00925	0.00816	0.01759	0.08906	0.02819	0.27464	0.06920	0.30714	0.05425	0.01172	0.00314	0.00488	0.04891	0.00837	0.00812
19	0.01909	0.01163	0.01544	0.01399	0.01700	0.01256	0.01109	0.09408	0.01904	0.12371	0.02473	0.03095	0.02047	0.04295	0.41023	0.00929	0.01663	0.00872	0.08886	0.00955
20	0.01565	0.00912	0.01041	0.01008	0.01210	0.00964	0.00763	0.05122	0.01771	0.02908	0.02607	0.03291	0.02180	0.06326	0.17257	0.00528	0.00919	0.00847	0.47976	0.00805
21	0.01523	0.00799	0.00818	0.00818	0.00980	0.00799	0.00581	0.01848	0.01686	0.02897	0.02759	0.03607	0.02347	0.13507	0.01272	0.00312	0.00474	0.00874	0.61359	0.00743
22	0.01121	0.00827	0.01060	0.01148	0.01263	0.00815	0.00814	0.01306	0.01586	0.02092	0.04553	0.30568	0.15080	0.13929	0.15854	0.00635	0.00939	0.05047	0.00674	0.00689
23	0.01081	0.00829	0.00991	0.01027	0.01215	0.00739	0.00741	0.01339	0.02005	0.02633	0.26033	0.25650	0.28313	0.02167	0.01029	0.00298	0.00440	0.01894	0.00839	0.00739
24	0.01037	0.00741	0.00987	0.01185	0.01234	0.00691	0.00790	0.01185	0.01629	0.02172	0.04690	0.69537	0.05629	0.02666	0.01086	0.00346	0.00494	0.02419	0.00790	0.00691
25	0.01058	0.00835	0.00962	0.01050	0.01247	0.00739	0.00777	0.01270	0.01838	0.02284	0.06835	0.28964	0.37942	0.02349	0.01052	0.00319	0.00492	0.08482	0.00789	0.00717
26	0.02005	0.06648	0.20826	0.04227	0.44166	0.02087	0.02693	0.02631	0.01886	0.02712	0.01556	0.01977	0.01258	0.00770	0.00816	0.00253	0.01074	0.00705	0.00401	0.01308
27	0.02651	0.03201	0.02459	0.24321	0.03716	0.44906	0.01886	0.02987	0.02173	0.02114	0.01382	0.01781	0.01109	0.00868	0.00795	0.00241	0.01400	0.00618	0.00418	0.00973
28	0.02072	0.01987	0.03393	0.09491	0.60781	0.02013	0.02595	0.02582	0.01922	0.02739	0.01595	0.02117	0.01333	0.00765	0.00843	0.00255	0.01019	0.00758	0.00418	0.01321
29	0.01280	0.00891	0.01268	0.01268	0.01428	0.01017	0.00983	0.01600	0.01440	0.02183	0.02365	0.03314	0.02137	0.05450	0.55278	0.01165	0.01954	0.00891	0.13322	0.00766
30	0.01216	0.00912	0.01368	0.01368	0.01520	0.01064	0.01064	0.01520	0.01368	0.01976	0.02279	0.03343	0.02127	0.06382	0.66720	0.01368	0.02279	0.00912	0.00456	0.00760
31	0.01048	0.00745	0.00984	0.01171	0.01217	0.00699	0.00775	0.01188	0.01608	0.02143	0.04579	0.65976	0.05487	0.06419	0.01267	0.00372	0.00512	0.02354	0.00775	0.00681
32	0.02237	0.66107	0.08619	0.01522	0.02286	0.03273	0.01571	0.02558	0.01734	0.02049	0.01206	0.01394	0.01091	0.00734	0.00564	0.00188	0.00934	0.00467	0.00364	0.01103
33	0.01238	0.00825	0.00928	0.00928	0.00928	0.00825	0.00516	0.01238	0.01238	0.01650	0.02681	0.05569	0.03094	0.70092	0.04331	0.00825	0.00825	0.01238	0.00516	0.00516
34	0.01042	0.00831	0.00898	0.00941	0.01140	0.00726	0.00662	0.01215	0.01784	0.02190	0.07016	0.21306	0.43871	0.10771	0.01440	0.00367	0.00494	0.01863	0.00756	0.00687
35	0.01586	0.00793	0.00793	0.00793	0.00991	0.00793	0.00595	0.01983	0.01785	0.03173	0.02776	0.03173	0.02181	0.00991	0.00595	0.00198	0.00397	0.00793	0.74817	0.00793
36	0.01037	0.00741	0.00987	0.01185	0.01234	0.00691	0.00790	0.01185	0.01629	0.02172	0.04690	0.69537	0.05629	0.02666	0.01086	0.00346	0.00494	0.02419	0.00790	0.00691
37	0.01216	0.00912	0.01368	0.01368	0.01520	0.01064	0.01064	0.01520	0.01368	0.01976	0.02279	0.03343	0.02127	0.06382	0.66720	0.01368	0.02279	0.00912	0.00456	0.00760
38	0.01096	0.00790	0.01051	0.01238	0.01326	0.00745	0.00888	0.01291	0.01705	0.02247	0.04854	0.55601	0.08449	0.02583	0.01098	0.00351	0.00543	0.12646	0.00789	0.00709
39	0.01177	0.00875	0.01285	0.01328	0.01458	0.00983	0.01004	0.01447	0.01425	0.02018	0.02804	0.17734	0.02889	0.05575	0.52451	0.01145	0.01891	0.01240	0.00529	0.00745
40	0.01156	0.00845	0.01021	0.01087	0.01221	0.00792	0.00777	0.01350	0.01745	0.02272	0.12208	0.20835	0.19178	0.20281	0.01933	0.00457	0.00602	0.10828	0.00734	0.00679
41	0.02078	0.01994	0.03404	0.08735	0.61491	0.02015	0.02598	0.02587	0.01925	0.02746	0.01596	0.02115	0.01336	0.00763	0.00843	0.00254	0.01018	0.00758	0.00419	0.01325
42	0.02782	0.01596	0.01827	0.01469	0.01946	0.01640	0.01158	0.25636	0.02724	0.21050	0.02637	0.03093	0.02042	0.13536	0.01443	0.00352	0.00774	0.00881	0.12236	0.01178
43	0.01218	0.00902	0.01319	0.01319	0.01454	0.01037	0.01003	0.01488	0.01353	0.01939	0.02324	0.03591	0.02235	0.13484	0.59766	0.01307	0.02117	0.00948	0.00463	0.00733
44	0.01238	0.00825	0.00928	0.00928	0.00928	0.00825	0.00516	0.01238	0.01238	0.01650	0.02681	0.05569	0.03094	0.70092	0.04331	0.00825	0.00825	0.01238	0.00516	0.00516
45	0.02923	0.01848	0.02079	0.01641	0.02169	0.01953	0.01301	0.36593	0.03071	0.17176	0.02458	0.02989	0.01944	0.16045	0.01609	0.00381	0.00868	0.00888	0.00821	0.01245
46	0.01031	0.00797	0.00941	0.01044	0.01200	0.00708	0.00730	0.01218	0.01794	0.02279	0.08926	0.40948	0.30520	0.02411	0.01049	0.00318	0.00463	0.02119	0.00796	0.00708
47	0.02509	0.47605	0.07123	0.01723	0.02395	0.21816	0.01601	0.02805	0.01932	0.02063	0.01240	0.01438	0.01093	0.00776	0.00625	0.00198	0.01111	0.00492	0.00386	0.01070
48	0.02312	0.02160	0.06327	0.05318	0.18339	0.02149	0.08296	0.19511	0.15779	0.03610	0.02520	0.02664	0.05093	0.00996	0.00875	0.00269	0.00949	0.00881	0.00654	0.01299
49	0.01069	0.00778	0.01008	0.01133	0.01235	0.00717	0.00780	0.01277	0.01820	0.02444	0.17570	0.50994	0.11172	0.02428	0.01062	0.00324	0.00469	0.02181	0.00821	0.00717
50	0.01423	0.01108	0.01310	0.01310	0.04930	0.01006	0.00901	0.04787	0.01894	0.02571	0.08018	0.09198	0.22330	0.14015	0.01518	0.00357	0.00615	0.04516	0.04754	0.13440
51	0.01093	0.00857	0.01001	0.01063	0.01277	0.00764	0.00808	0.01345	0.01937	0.02449	0.14031	0.20669	0.36289	0.02239	0.01048	0.00313	0.00495	0.10784	0.00807	0.00733
52	0.07219	0.02217	0.02676	0.13584	0.30733	0.15907	0.02039	0.02540	0.01878	0.02460	0.01483	0.02012	0.01246	0.01046	0.01083	0.08610	0.01090	0.00690	0.00420	0.01069
53	0.02282	0.02604	0.06373	0.15638	0.34149	0.19329	0.02336	0.02748	0.02014	0.02479	0.01504	0.01966	0.01227	0.00810	0.00822	0.00250	0.01187	0.00695	0.00415	0.01173
54	0.23019	0.02812	0.05637	0.01811	0.02244	0.30799	0.01480	0.02750	0.01875	0.02585	0.01390	0.01759	0.01174	0.01579	0.08943	0.00389	0.07757	0.00592	0.00454	0.00951
55	0.01781	0.01397	0.01488	0.01358	0.01754	0.01480	0.01041	0.03119	0.33476	0.07196	0.05278	0.05104	0.24959	0.05362	0.01110	0.00316	0.00598	0.01272	0.00832	0.01080
56	0.01264	0.00909	0.01092	0.01036	0.01245	0.00881	0.00787	0.01609	0.02126	0.03035	0.36739	0.05959	0.19716	0.01687	0.01029	0.00265	0.04161	0.01420	0.14253	0.00789
57	0.01037	0.00741	0.00987	0.01185	0.01234	0.00691	0.00790	0.01185	0.01629	0.02172	0.04690	0.69537	0.05629	0.02666	0.01086	0.00346	0.00494	0.02419	0.00790	0.00691

[dist]
# distance from previous block
# <min> <max>
0	1

[block]
# block no. 4 follows, 21 sequences, length 23
# corresponding to MSA columns:
# 384-406
name=unknown_E
#
# <colnr> <probs for GDERKNQSTAVLIFYWHMCP>
#	G	D	E	R	K	N	Q	S	T	A	V	L	I	F	Y	W	H	M	C	P
0	0.02308	0.02619	0.06457	0.03892	0.37099	0.17743	0.02295	0.02722	0.01950	0.02498	0.01456	0.01915	0.01238	0.00899	0.01113	0.00263	0.11226	0.00698	0.00415	0.01193
1	0.01199	0.00809	0.00940	0.00977	0.00987	0.00799	0.00568	0.01227	0.01313	0.01750	0.03067	0.17837	0.03580	0.57161	0.03709	0.00733	0.00761	0.01464	0.00568	0.00549
2	0.02117	0.01828	0.01924	0.01732	0.02213	0.02117	0.01347	0.04522	0.63246	0.03560	0.03464	0.03175	0.02598	0.01155	0.00866	0.00289	0.00673	0.00962	0.00866	0.01347
3	0.01978	0.01249	0.01295	0.01154	0.01486	0.01340	0.00901	0.13712	0.11374	0.03645	0.02740	0.02959	0.02104	0.01022	0.00684	0.00223	0.00540	0.00813	0.49782	0.01000
4	0.01862	0.01862	0.02607	0.02234	0.02234	0.02607	0.01862	0.02048	0.01303	0.02048	0.01117	0.01862	0.01117	0.01489	0.02793	0.00372	0.68535	0.00745	0.00372	0.00931
5	0.01841	0.03601	0.44751	0.03367	0.24236	0.01992	0.02965	0.02667	0.01844	0.02724	0.01552	0.01901	0.01169	0.00792	0.00820	0.00264	0.01175	0.00672	0.00380	0.01288
6	0.02350	0.02022	0.02728	0.03155	0.26186	0.02230	0.01942	0.19763	0.12134	0.03527	0.02277	0.02501	0.04401	0.01054	0.01107	0.00276	0.09589	0.00838	0.00625	0.01294
7	0.01233	0.00832	0.00959	0.00949	0.00979	0.00822	0.00559	0.01293	0.01412	0.01913	0.11880	0.05687	0.03830	0.59894	0.03835	0.00742	0.00762	0.01283	0.00578	0.00559
8	0.01037	0.00741	0.00987	0.01185	0.01234	0.00691	0.00790	0.01185	0.01629	0.02172	0.04690	0.69537	0.05629	0.02666	0.01086	0.00346	0.00494	0.02419	0.00790	0.00691
9	0.02761	0.09503	0.02683	0.13807	0.03146	0.28788	0.01758	0.18615	0.02587	0.02963	0.01522	0.01801	0.01197	0.00926	0.00883	0.00244	0.04536	0.00644	0.00527	0.01109
10	0.01104	0.00790	0.01061	0.01238	0.01323	0.00747	0.00885	0.01312	0.01744	0.02331	0.09370	0.54840	0.05700	0.02542	0.01094	0.00347	0.00533	0.11523	0.00801	0.00715
11	0.01067	0.00753	0.00979	0.01147	0.01189	0.00711	0.00749	0.01193	0.01571	0.02094	0.04391	0.59993	0.05250	0.12726	0.01570	0.00417	0.00543	0.02243	0.00749	0.00665
12	0.01169	0.00796	0.00948	0.01016	0.01032	0.00779	0.00609	0.01220	0.01371	0.01828	0.03366	0.27354	0.03957	0.47130	0.03226	0.00662	0.00712	0.01640	0.00609	0.00575
13	0.01238	0.00917	0.01223	0.01455	0.04779	0.00890	0.00943	0.05212	0.01800	0.02413	0.04350	0.61486	0.05124	0.02456	0.01058	0.00335	0.00551	0.02222	0.00774	0.00776
14	0.01037	0.00741	0.00987	0.01185	0.01234	0.00691	0.00790	0.01185	0.01629	0.02172	0.04690	0.69537	0.05629	0.02666	0.01086	0.00346	0.00494	0.02419	0.00790	0.00691
15	0.02933	0.02170	0.02315	0.01828	0.02440	0.02409	0.01493	0.48445	0.12658	0.04914	0.02315	0.02305	0.01679	0.01039	0.00832	0.00256	0.00853	0.00798	0.06939	0.01378
16	0.02645	0.43523	0.03638	0.01740	0.02366	0.24960	0.01531	0.06613	0.02107	0.02243	0.01283	0.01466	0.01116	0.00798	0.00641	0.00199	0.01125	0.00507	0.00420	0.01079
17	0.01053	0.00824	0.00923	0.00975	0.01158	0.00728	0.00684	0.01238	0.01805	0.02264	0.10470	0.25344	0.37261	0.09671	0.01391	0.00361	0.00490	0.01897	0.00770	0.00694
18	0.02202	0.01587	0.01745	0.01544	0.01971	0.01749	0.01204	0.12733	0.31397	0.08463	0.03224	0.10205	0.02631	0.01453	0.03196	0.00313	0.00717	0.01056	0.11409	0.01199
19	0.02374	0.02197	0.02005	0.05957	0.06993	0.20204	0.01452	0.07500	0.08479	0.09609	0.03638	0.03993	0.15143	0.01307	0.00885	0.00268	0.00957	0.05299	0.00678	0.01063
20	0.01834	0.01525	0.01825	0.01611	0.01941	0.08406	0.04314	0.07632	0.01826	0.05151	0.02061	0.02779	0.01799	0.04087	0.37948	0.05430	0.01736	0.00818	0.00515	0.06762
21	0.02178	0.02093	0.02159	0.07511	0.13510	0.15443	0.01571	0.14586	0.02394	0.02942	0.03209	0.14616	0.11456	0.01385	0.00896	0.00270	0.00940	0.01159	0.00630	0.01052
22	0.07263	0.21316	0.02865	0.01778	0.02365	0.20279	0.01487	0.22195	0.02688	0.03327	0.05514	0.01952	0.01640	0.00933	0.00735	0.00227	0.01043	0.00652	0.00591	0.01151

[dist]
# distance from previous block
# <min> <max>
14	56

[block]
# block no. 5 follows, 21 sequences, length 9
# corresponding to MSA columns:
# 463-471
name=unknown_F
#
# <colnr> <probs for GDERKNQSTAVLIFYWHMCP>
#	G	D	E	R	K	N	Q	S	T	A	V	L	I	F	Y	W	H	M	C	P
0	0.12785	0.01472	0.02166	0.14536	0.13545	0.01562	0.07013	0.02186	0.05916	0.02684	0.03107	0.17747	0.09119	0.01379	0.00885	0.00290	0.00819	0.01231	0.00582	0.00976
1	0.09285	0.02292	0.02887	0.15085	0.36571	0.14497	0.02221	0.02678	0.01942	0.02640	0.01491	0.01955	0.01222	0.00800	0.00799	0.00253	0.01100	0.00689	0.00427	0.01168
2	0.02343	0.31432	0.03206	0.01904	0.05551	0.16841	0.01544	0.06790	0.01965	0.02301	0.01455	0.01826	0.01289	0.01691	0.10717	0.00392	0.06668	0.00606	0.00433	0.01045
3	0.01243	0.00857	0.01072	0.01164	0.01232	0.00848	0.00820	0.01386	0.01522	0.02010	0.03576	0.17817	0.04073	0.38110	0.02824	0.00612	0.00755	0.18809	0.00643	0.00626
4	0.01219	0.00899	0.01302	0.01302	0.01431	0.01028	0.00981	0.01477	0.01348	0.01927	0.02340	0.03678	0.02273	0.15971	0.57330	0.01286	0.02061	0.00961	0.00465	0.00723
5	0.02800	0.02865	0.02196	0.01925	0.02374	0.32412	0.01476	0.23090	0.02812	0.03226	0.02193	0.14359	0.02060	0.01259	0.00855	0.00255	0.01136	0.00971	0.00646	0.01090
6	0.01126	0.00803	0.00936	0.01004	0.01074	0.00759	0.00634	0.01217	0.01502	0.01949	0.04473	0.27911	0.15372	0.34418	0.02604	0.00561	0.00639	0.01745	0.00660	0.00613
7	0.02513	0.31885	0.03311	0.02170	0.09458	0.26572	0.01651	0.02803	0.02027	0.02169	0.01572	0.02236	0.01457	0.00930	0.00718	0.00222	0.01143	0.05674	0.00435	0.01055
8	0.02216	0.06161	0.09108	0.03494	0.32655	0.07217	0.02159	0.08128	0.11567	0.03001	0.02168	0.02404	0.04136	0.00914	0.00828	0.00255	0.00988	0.00788	0.00535	0.01279

[dist]
# distance from previous block
# <min> <max>
0	7

[block]
# block no. 6 follows, 21 sequences, length 32
# corresponding to MSA columns:
# 479-510
name=unknown_G
#
# <colnr> <probs for GDERKNQSTAVLIFYWHMCP>
#	G	D	E	R	K	N	Q	S	T	A	V	L	I	F	Y	W	H	M	C	P
0	0.01578	0.07304	0.01455	0.01178	0.01325	0.10422	0.00796	0.01668	0.01549	0.01875	0.05055	0.09911	0.05327	0.43689	0.02985	0.00603	0.00876	0.01199	0.00540	0.00665
1	0.02345	0.45668	0.15300	0.01775	0.02545	0.15277	0.01802	0.02739	0.01873	0.02145	0.01272	0.01477	0.01090	0.00771	0.00637	0.00205	0.01094	0.00505	0.00377	0.01102
2	0.01879	0.19288	0.44252	0.02444	0.07135	0.02308	0.06195	0.02658	0.01802	0.02543	0.01464	0.01746	0.01110	0.00782	0.00762	0.00249	0.01173	0.00619	0.00368	0.01219
3	0.02663	0.42068	0.03581	0.01772	0.02376	0.30514	0.01537	0.02913	0.02022	0.02037	0.01240	0.01438	0.01094	0.00792	0.00641	0.00198	0.01178	0.00495	0.00396	0.01047
4	0.01051	0.00852	0.00941	0.00999	0.01232	0.00741	0.00752	0.01273	0.01883	0.02302	0.07433	0.19956	0.46890	0.02273	0.01039	0.00310	0.00481	0.08084	0.00789	0.00720
5	0.02543	0.03033	0.02530	0.18111	0.06003	0.40304	0.05054	0.02880	0.02145	0.02175	0.01634	0.06557	0.01445	0.00983	0.00826	0.00249	0.01338	0.00763	0.00448	0.00980
6	0.01006	0.00862	0.00862	0.00862	0.01149	0.00718	0.00647	0.01221	0.01940	0.02299	0.08621	0.08190	0.64438	0.02155	0.01006	0.00287	0.00431	0.01796	0.00790	0.00718
7	0.49117	0.01972	0.05699	0.10425	0.09910	0.05411	0.01486	0.02532	0.01613	0.03319	0.01305	0.01617	0.01019	0.00800	0.00637	0.00263	0.00846	0.00550	0.00480	0.01000
8	0.03093	0.03913	0.02424	0.02195	0.02605	0.62501	0.01658	0.03310	0.02339	0.02080	0.01303	0.01556	0.01098	0.00917	0.00899	0.00229	0.05901	0.00561	0.00434	0.00983
9	0.01064	0.00824	0.00970	0.01019	0.01207	0.00730	0.00732	0.01302	0.01951	0.02527	0.20808	0.27980	0.31390	0.02223	0.01032	0.00302	0.00445	0.01939	0.00826	0.00730
10	0.02587	0.02181	0.02912	0.02257	0.02913	0.02356	0.15283	0.29548	0.22982	0.04168	0.02436	0.02472	0.01789	0.00996	0.00891	0.00274	0.00964	0.00885	0.00760	0.01346
11	0.02059	0.02343	0.07606	0.06938	0.21342	0.15617	0.05072	0.02562	0.05518	0.02400	0.02003	0.06341	0.01869	0.12993	0.01455	0.00358	0.01093	0.00902	0.00481	0.01047
12	0.01098	0.00766	0.00969	0.01107	0.01141	0.00732	0.00706	0.01201	0.01510	0.02013	0.04078	0.50032	0.04856	0.23226	0.02076	0.00492	0.00595	0.02059	0.00706	0.00638
13	0.03235	0.02384	0.02554	0.01958	0.02639	0.02639	0.01618	0.61946	0.04001	0.05363	0.02043	0.02043	0.01447	0.01022	0.00851	0.00255	0.00936	0.00766	0.00851	0.01447
14	0.01230	0.00857	0.01088	0.01088	0.01144	0.00912	0.00715	0.01340	0.01285	0.01769	0.02535	0.04758	0.02742	0.46884	0.27058	0.01023	0.01355	0.01119	0.00494	0.00605
15	0.03179	0.04056	0.02412	0.02192	0.02631	0.66676	0.01644	0.03398	0.02412	0.02083	0.01315	0.01535	0.01096	0.00877	0.00767	0.00219	0.01535	0.00548	0.00438	0.00987
16	0.01083	0.00784	0.01023	0.01135	0.01240	0.00724	0.00786	0.01306	0.01867	0.02531	0.21818	0.48292	0.09499	0.02376	0.01058	0.00320	0.00464	0.02136	0.00832	0.00724
17	0.01035	0.00748	0.00980	0.01166	0.01229	0.00693	0.00781	0.01187	0.01648	0.02180	0.04923	0.65901	0.09114	0.02636	0.01081	0.00342	0.00490	0.02382	0.00790	0.00693
18	0.01124	0.00777	0.00962	0.01073	0.01101	0.00750	0.00670	0.01208	0.01459	0.01945	0.03815	0.41673	0.04524	0.32036	0.02500	0.00554	0.00638	0.01905	0.00670	0.00615
19	0.01983	0.02174	0.01747	0.05605	0.02142	0.27688	0.01294	0.02221	0.01892	0.02091	0.02577	0.22728	0.02717	0.02681	0.15969	0.00525	0.01364	0.01214	0.00546	0.00842
20	0.01064	0.00770	0.01007	0.01147	0.01236	0.00712	0.00784	0.01260	0.01782	0.02395	0.15293	0.55172	0.09270	0.02477	0.01067	0.00329	0.00474	0.02232	0.00816	0.00712
21	0.01807	0.01768	0.02562	0.40576	0.08162	0.06296	0.05539	0.02312	0.01798	0.02374	0.01516	0.02094	0.01183	0.00789	0.00803	0.00241	0.01058	0.00699	0.00417	0.18007
22	0.01153	0.00846	0.01080	0.01067	0.01251	0.00774	0.00783	0.01489	0.02220	0.03070	0.47588	0.17569	0.14051	0.01949	0.01018	0.00283	0.00421	0.01722	0.00894	0.00774
23	0.02291	0.02407	0.03165	0.09533	0.47145	0.15536	0.02390	0.02742	0.02018	0.02587	0.01534	0.01999	0.01279	0.00790	0.00827	0.00248	0.01130	0.00714	0.00421	0.01241
24	0.01006	0.00862	0.00862	0.00862	0.01149	0.00718	0.00647	0.01221	0.01940	0.02299	0.08621	0.08190	0.64438	0.02155	0.01006	0.00287	0.00431	0.01796	0.00790	0.00718
25	0.03179	0.04056	0.02412	0.02192	0.02631	0.66676	0.01644	0.03398	0.02412	0.02083	0.01315	0.01535	0.01096	0.00877	0.00767	0.00219	0.01535	0.00548	0.00438	0.00987
26	0.01238	0.00825	0.00928	0.00928	0.00928	0.00825	0.00516	0.01238	0.01238	0.01650	0.02681	0.05569	0.03094	0.70092	0.04331	0.00825	0.00825	0.01238	0.00516	0.00516
27	0.02588	0.02983	0.02223	0.02006	0.02341	0.39985	0.01547	0.06633	0.02145	0.02269	0.01544	0.01999	0.01343	0.02149	0.15194	0.00488	0.10478	0.00666	0.00460	0.00961
28	0.01774	0.09586	0.56486	0.02429	0.03616	0.02101	0.07125	0.02685	0.01806	0.02641	0.01513	0.01797	0.01094	0.00796	0.00801	0.00264	0.01242	0.00641	0.00365	0.01237
29	0.01367	0.01085	0.01271	0.01330	0.01563	0.01112	0.01010	0.02148	0.17449	0.02619	0.05124	0.29517	0.16390	0.02122	0.01030	0.00328	0.00580	0.12265	0.00808	0.00881
30	0.03076	0.03904	0.02338	0.02129	0.02560	0.63537	0.01597	0.03295	0.02389	0.02093	0.01663	0.01851	0.04110	0.00938	0.00779	0.00222	0.01482	0.00607	0.00455	0.00974
