[name]
unknown

[dist]
# distance from previous block
# <min> <max>
7	47

[block]
# block no. 0 follows, 23 sequences, length 29
# corresponding to MSA columns:
# 48-76
name=unknown_A
#
# <colnr> <probs for GDERKNQSTAVLIFYWHMCP>
#	G	D	E	R	K	N	Q	S	T	A	V	L	I	F	Y	W	H	M	C	P
0	0.04705	0.01665	0.02729	0.13492	0.44312	0.01718	0.02126	0.02272	0.01856	0.02677	0.10009	0.02790	0.02193	0.00914	0.00824	0.00252	0.00884	0.02977	0.00476	0.01127
1	0.01658	0.01620	0.02346	0.27696	0.24863	0.05862	0.01914	0.02081	0.01794	0.02290	0.03011	0.03360	0.16043	0.01068	0.00837	0.00257	0.00913	0.00936	0.00468	0.00984
2	0.01813	0.01805	0.03266	0.27108	0.29733	0.01933	0.14883	0.02344	0.01758	0.02409	0.01501	0.02090	0.01194	0.00775	0.00915	0.00263	0.03958	0.00770	0.00387	0.01095
3	0.04760	0.02337	0.15951	0.08451	0.47467	0.01907	0.02515	0.02475	0.01789	0.02635	0.01492	0.01933	0.01205	0.00739	0.00786	0.00246	0.01006	0.00687	0.00391	0.01228
4	0.01055	0.00843	0.00950	0.00972	0.01187	0.00761	0.00710	0.01383	0.05004	0.02427	0.18174	0.21705	0.37834	0.02043	0.00970	0.00283	0.00431	0.01762	0.00784	0.00724
5	0.01366	0.00799	0.00960	0.00960	0.01122	0.00850	0.00722	0.01690	0.01528	0.02530	0.02472	0.03221	0.02114	0.07050	0.24964	0.00623	0.01044	0.00822	0.44433	0.00729
6	0.01209	0.00853	0.01073	0.01187	0.01313	0.00832	0.00824	0.01598	0.08610	0.04857	0.04450	0.57993	0.07488	0.02300	0.01000	0.00318	0.00496	0.02067	0.00771	0.00759
7	0.01630	0.01561	0.02206	0.01935	0.01969	0.02138	0.01595	0.01834	0.01257	0.01936	0.01327	0.02109	0.01293	0.02523	0.18173	0.00579	0.53963	0.00748	0.00374	0.00849
8	0.77215	0.01569	0.01193	0.01067	0.01569	0.01820	0.00879	0.02385	0.01381	0.03641	0.01130	0.01318	0.00879	0.00753	0.00502	0.00251	0.00628	0.00439	0.00502	0.00879
9	0.03031	0.03867	0.02299	0.02090	0.02508	0.68226	0.01568	0.03240	0.02299	0.01986	0.01254	0.01463	0.01045	0.00836	0.00732	0.00209	0.01463	0.00523	0.00418	0.00941
10	0.01168	0.00835	0.01132	0.01132	0.01217	0.00921	0.00800	0.01338	0.01253	0.01756	0.02331	0.04060	0.02407	0.32960	0.41911	0.01091	0.01604	0.00997	0.00458	0.00629
11	0.01809	0.01696	0.02628	0.02588	0.19763	0.01470	0.11622	0.02255	0.01765	0.02639	0.01498	0.01854	0.01229	0.00648	0.00714	0.00178	0.00825	0.00624	0.00448	0.43748
12	0.03031	0.03867	0.02299	0.02090	0.02508	0.68226	0.01568	0.03240	0.02299	0.01986	0.01254	0.01463	0.01045	0.00836	0.00732	0.00209	0.01463	0.00523	0.00418	0.00941
13	0.01159	0.00869	0.01304	0.01304	0.01449	0.01014	0.01014	0.01449	0.01304	0.01884	0.02173	0.03188	0.02029	0.06086	0.68268	0.01304	0.02173	0.00869	0.00435	0.00724
14	0.01173	0.00815	0.01027	0.01027	0.01076	0.00864	0.00669	0.01271	0.01222	0.01679	0.02427	0.04590	0.02637	0.49283	0.25903	0.00962	0.01257	0.01075	0.00472	0.00571
15	0.01163	0.00852	0.01218	0.01218	0.01333	0.00968	0.00907	0.01394	0.01279	0.01820	0.02252	0.03624	0.02218	0.19524	0.55088	0.01198	0.01888	0.00933	0.00446	0.00677
16	0.01627	0.04197	0.67279	0.02313	0.03512	0.01884	0.02998	0.02570	0.01713	0.02570	0.01456	0.01713	0.01028	0.00771	0.00771	0.00257	0.01199	0.00600	0.00343	0.01199
17	0.01532	0.01442	0.02434	0.69533	0.05589	0.01803	0.02253	0.02073	0.01622	0.02073	0.01442	0.02163	0.01082	0.00811	0.00811	0.00270	0.01082	0.00721	0.00361	0.00901
18	0.01159	0.00869	0.01304	0.01304	0.01449	0.01014	0.01014	0.01449	0.01304	0.01884	0.02173	0.03188	0.02029	0.06086	0.68268	0.01304	0.02173	0.00869	0.00435	0.00724
19	0.01501	0.01219	0.01861	0.02507	0.24747	0.01188	0.01452	0.01726	0.01690	0.02245	0.03605	0.04899	0.16855	0.01770	0.01390	0.15891	0.00740	0.13324	0.00543	0.00846
20	0.02085	0.02109	0.03108	0.10032	0.54051	0.09490	0.02365	0.02541	0.01880	0.02527	0.01488	0.01959	0.01241	0.00743	0.00796	0.00240	0.01031	0.00700	0.00400	0.01214
21	0.01582	0.01391	0.02272	0.51902	0.11592	0.01657	0.02022	0.02091	0.01659	0.02282	0.01636	0.02278	0.01257	0.00822	0.00773	0.00255	0.00961	0.00727	0.11919	0.00922
22	0.02042	0.01842	0.02929	0.04198	0.52390	0.01877	0.02187	0.06808	0.06032	0.02901	0.01763	0.02154	0.01435	0.00783	0.00786	0.00239	0.00890	0.00739	0.06758	0.01248
23	0.01730	0.01541	0.02361	0.11810	0.32327	0.01576	0.01805	0.07173	0.02053	0.02800	0.12680	0.03606	0.12890	0.01120	0.00855	0.00253	0.00792	0.01002	0.00565	0.01064
24	0.01754	0.01931	0.09894	0.07424	0.18047	0.01661	0.15915	0.07288	0.01988	0.02725	0.03022	0.03280	0.14607	0.01034	0.00853	0.00256	0.00933	0.00969	0.05363	0.01056
25	0.02082	0.01906	0.01596	0.06229	0.05130	0.20828	0.01158	0.07439	0.02064	0.02759	0.02378	0.02656	0.05483	0.00962	0.00688	0.00213	0.00820	0.00739	0.33976	0.00895
26	0.01784	0.05654	0.17812	0.02707	0.23434	0.01683	0.01948	0.07349	0.02063	0.02964	0.16373	0.02897	0.02735	0.00984	0.00801	0.00241	0.00835	0.00853	0.05779	0.01105
27	0.05382	0.02578	0.30582	0.01668	0.02416	0.01558	0.01837	0.11429	0.02095	0.02946	0.07626	0.03775	0.20345	0.01230	0.00830	0.00259	0.00843	0.00990	0.00577	0.01034
28	0.01511	0.15822	0.05905	0.05996	0.01956	0.01582	0.01201	0.06852	0.01823	0.02321	0.03975	0.04164	0.24202	0.02445	0.16257	0.00486	0.01043	0.01039	0.00550	0.00871

[dist]
# distance from previous block
# <min> <max>
21	83

[block]
# block no. 1 follows, 23 sequences, length 92
# corresponding to MSA columns:
# 162-253
name=unknown_B
#
# <colnr> <probs for GDERKNQSTAVLIFYWHMCP>
#	G	D	E	R	K	N	Q	S	T	A	V	L	I	F	Y	W	H	M	C	P
0	0.08644	0.01100	0.01390	0.01464	0.07119	0.01133	0.01022	0.02078	0.04503	0.10141	0.05672	0.03669	0.12224	0.02688	0.21288	0.00566	0.01053	0.00951	0.12405	0.00891
1	0.01901	0.20838	0.19807	0.02086	0.02792	0.07997	0.13735	0.02417	0.01717	0.02262	0.01491	0.01889	0.01223	0.01353	0.08078	0.00349	0.05002	0.00660	0.03372	0.01029
2	0.05209	0.01767	0.01692	0.01649	0.04702	0.14239	0.01194	0.06334	0.12254	0.08167	0.02812	0.13832	0.04906	0.04949	0.12128	0.00456	0.01056	0.01051	0.00636	0.00966
3	0.05385	0.17531	0.19931	0.02399	0.05941	0.04568	0.20047	0.02719	0.01841	0.09804	0.01621	0.01871	0.01208	0.00755	0.00766	0.00241	0.01095	0.00690	0.00451	0.01136
4	0.02297	0.03037	0.15695	0.08205	0.18853	0.25501	0.02120	0.05133	0.06833	0.02499	0.01559	0.01842	0.01226	0.00818	0.00774	0.00238	0.01171	0.00642	0.00440	0.01118
5	0.01684	0.01890	0.09922	0.03563	0.41766	0.01590	0.02046	0.02144	0.01833	0.02519	0.03310	0.03528	0.18605	0.01085	0.00841	0.00252	0.00843	0.00974	0.00489	0.01115
6	0.01724	0.15347	0.08132	0.02167	0.09586	0.04521	0.08866	0.02113	0.01599	0.02168	0.01709	0.05180	0.01562	0.02336	0.19505	0.00534	0.07615	0.00776	0.00412	0.04149
7	0.01452	0.01286	0.01606	0.01901	0.13956	0.04179	0.01201	0.01979	0.08906	0.02362	0.04194	0.04415	0.23477	0.02665	0.18905	0.00537	0.01061	0.01110	0.03914	0.00894
8	0.00959	0.00822	0.00822	0.00822	0.01096	0.00685	0.00617	0.01165	0.01850	0.02192	0.08220	0.07809	0.66092	0.02055	0.00959	0.00274	0.00411	0.01713	0.00754	0.00685
9	0.06457	0.40297	0.02953	0.01348	0.01819	0.10562	0.01173	0.02210	0.01596	0.01950	0.01503	0.02265	0.01486	0.15633	0.05468	0.00379	0.00991	0.00626	0.00400	0.00886
10	0.02169	0.71972	0.04252	0.01388	0.02083	0.03211	0.01388	0.02430	0.01649	0.01909	0.01128	0.01302	0.01041	0.00694	0.00521	0.00174	0.00868	0.00434	0.00347	0.01041
11	0.01315	0.01101	0.01650	0.09229	0.02046	0.01374	0.01295	0.01613	0.01329	0.01918	0.01886	0.02811	0.01744	0.04627	0.48526	0.01012	0.14513	0.00823	0.00412	0.00775
12	0.01532	0.01442	0.02434	0.69533	0.05589	0.01803	0.02253	0.02073	0.01622	0.02073	0.01442	0.02163	0.01082	0.00811	0.00811	0.00270	0.01082	0.00721	0.00361	0.00901
13	0.00989	0.00706	0.00942	0.01130	0.01177	0.00659	0.00753	0.01130	0.01554	0.02071	0.04472	0.70954	0.05367	0.02542	0.01036	0.00330	0.00471	0.02307	0.00753	0.00659
14	0.02325	0.02572	0.09397	0.01797	0.02329	0.19682	0.01527	0.10336	0.29022	0.03088	0.02339	0.02337	0.01773	0.00966	0.00772	0.00245	0.00933	0.00742	0.06668	0.01151
15	0.01939	0.02081	0.02478	0.02114	0.02288	0.14904	0.07035	0.02183	0.01514	0.02006	0.01315	0.01959	0.01218	0.01930	0.11803	0.00460	0.40778	0.00719	0.00384	0.00892
16	0.01045	0.00825	0.00941	0.00912	0.01149	0.00721	0.00684	0.01330	0.02052	0.02672	0.34322	0.07019	0.39691	0.01876	0.00958	0.00266	0.00398	0.01602	0.00817	0.00721
17	0.02823	0.20593	0.02800	0.01891	0.02404	0.44599	0.01520	0.09929	0.02311	0.02323	0.01302	0.01478	0.01082	0.00817	0.00688	0.00204	0.01250	0.00524	0.00445	0.01016
18	0.02760	0.03278	0.02572	0.02854	0.19619	0.47578	0.01814	0.05708	0.02245	0.02302	0.01358	0.01631	0.01124	0.00812	0.00754	0.00219	0.01304	0.00585	0.00431	0.01052
19	0.01090	0.00817	0.01141	0.08904	0.01675	0.00831	0.00919	0.01294	0.01575	0.02114	0.08806	0.48173	0.04655	0.08278	0.05410	0.00415	0.00665	0.01875	0.00678	0.00685
20	0.01305	0.01108	0.01426	0.01383	0.01533	0.01251	0.01126	0.01544	0.01661	0.02195	0.07180	0.06324	0.23385	0.07201	0.01704	0.00363	0.19166	0.18770	0.00631	0.00746
21	0.10635	0.05076	0.03046	0.04230	0.52961	0.05325	0.02211	0.02514	0.01809	0.02697	0.01450	0.01871	0.01216	0.00731	0.00753	0.00238	0.00947	0.00668	0.00412	0.01211
22	0.32730	0.43302	0.03006	0.01258	0.01874	0.02644	0.01181	0.02412	0.01540	0.02614	0.01129	0.01308	0.00975	0.00718	0.00513	0.00205	0.00770	0.00436	0.00410	0.00975
23	0.00959	0.00822	0.00822	0.00822	0.01096	0.00685	0.00617	0.01165	0.01850	0.02192	0.08220	0.07809	0.66092	0.02055	0.00959	0.00274	0.00411	0.01713	0.00754	0.00685
24	0.01180	0.00787	0.00885	0.00885	0.00885	0.00787	0.00492	0.01180	0.01180	0.01573	0.02557	0.05310	0.02950	0.71483	0.04130	0.00787	0.00787	0.01180	0.00492	0.00492
25	0.01859	0.01783	0.02769	0.03845	0.44576	0.04744	0.02083	0.02262	0.01703	0.02402	0.01607	0.02207	0.01409	0.01894	0.14862	0.00469	0.07259	0.00743	0.00405	0.01120
26	0.32273	0.19141	0.17041	0.01564	0.02258	0.11161	0.01573	0.02553	0.01644	0.02764	0.01220	0.01423	0.00974	0.00754	0.00599	0.00228	0.00927	0.00486	0.00418	0.00998
27	0.02008	0.01928	0.03294	0.04981	0.66422	0.01928	0.02490	0.02490	0.01848	0.02651	0.01526	0.02008	0.01285	0.00723	0.00803	0.00241	0.00964	0.00723	0.00402	0.01285
28	0.01561	0.21493	0.02053	0.01183	0.01572	0.04961	0.00991	0.02009	0.07011	0.02558	0.25110	0.04641	0.19130	0.01391	0.00810	0.00236	0.00604	0.01138	0.00673	0.00876
29	0.00969	0.00822	0.00835	0.00832	0.01102	0.00689	0.00624	0.01183	0.01872	0.02246	0.11142	0.07721	0.63137	0.02035	0.00959	0.00273	0.00410	0.01700	0.00761	0.00689
30	0.00989	0.00706	0.00942	0.01130	0.01177	0.00659	0.00753	0.01130	0.01554	0.02071	0.04472	0.70954	0.05367	0.02542	0.01036	0.00330	0.00471	0.02307	0.00753	0.00659
31	0.02169	0.71972	0.04252	0.01388	0.02083	0.03211	0.01388	0.02430	0.01649	0.01909	0.01128	0.01302	0.01041	0.00694	0.00521	0.00174	0.00868	0.00434	0.00347	0.01041
32	0.00967	0.00822	0.00833	0.00830	0.01101	0.00688	0.00623	0.01180	0.01868	0.02237	0.10658	0.07735	0.63626	0.02038	0.00959	0.00273	0.00410	0.01702	0.00759	0.00688
33	0.77215	0.01569	0.01193	0.01067	0.01569	0.01820	0.00879	0.02385	0.01381	0.03641	0.01130	0.01318	0.00879	0.00753	0.00502	0.00251	0.00628	0.00439	0.00502	0.00879
34	0.01513	0.00756	0.00756	0.00756	0.00945	0.00756	0.00567	0.01891	0.01702	0.03025	0.02647	0.03025	0.02080	0.00945	0.00567	0.00189	0.00378	0.00756	0.75988	0.00756
35	0.03031	0.03867	0.02299	0.02090	0.02508	0.68226	0.01568	0.03240	0.02299	0.01986	0.01254	0.01463	0.01045	0.00836	0.00732	0.00209	0.01463	0.00523	0.00418	0.00941
36	0.01672	0.01027	0.01137	0.01045	0.01304	0.01087	0.00813	0.11770	0.01974	0.03103	0.02711	0.03112	0.05035	0.01994	0.13677	0.00417	0.00809	0.00820	0.45647	0.00848
37	0.77215	0.01569	0.01193	0.01067	0.01569	0.01820	0.00879	0.02385	0.01381	0.03641	0.01130	0.01318	0.00879	0.00753	0.00502	0.00251	0.00628	0.00439	0.00502	0.00879
38	0.01038	0.00825	0.00932	0.00905	0.01145	0.00719	0.00679	0.01318	0.02037	0.02637	0.32433	0.07076	0.41602	0.01889	0.00958	0.00266	0.00399	0.01610	0.00812	0.00719
39	0.01822	0.01449	0.01608	0.01450	0.01834	0.01601	0.01122	0.03448	0.43174	0.06056	0.22426	0.03942	0.04037	0.01267	0.00865	0.00268	0.00565	0.01081	0.00854	0.01130
40	0.01980	0.01572	0.01650	0.01480	0.01895	0.01789	0.01153	0.07477	0.48153	0.03424	0.03084	0.02960	0.02327	0.01061	0.00772	0.00256	0.00603	0.00873	0.16311	0.01181
41	0.01180	0.00787	0.00885	0.00885	0.00885	0.00787	0.00492	0.01180	0.01180	0.01573	0.02557	0.05310	0.02950	0.71483	0.04130	0.00787	0.00787	0.01180	0.00492	0.00492
42	0.00999	0.00725	0.00947	0.01120	0.01191	0.00672	0.00765	0.01155	0.01590	0.02096	0.04769	0.63299	0.10256	0.02490	0.01033	0.00327	0.00477	0.04670	0.00753	0.00665
43	0.00989	0.00706	0.00942	0.01130	0.01177	0.00659	0.00753	0.01130	0.01554	0.02071	0.04472	0.70954	0.05367	0.02542	0.01036	0.00330	0.00471	0.02307	0.00753	0.00659
44	0.07656	0.02229	0.02359	0.01818	0.02458	0.02473	0.01501	0.59934	0.03665	0.05023	0.01898	0.01909	0.01349	0.00960	0.00793	0.00244	0.00877	0.00713	0.00793	0.01349
45	0.00989	0.00706	0.00942	0.01130	0.01177	0.00659	0.00753	0.01130	0.01554	0.02071	0.04472	0.70954	0.05367	0.02542	0.01036	0.00330	0.00471	0.02307	0.00753	0.00659
46	0.01945	0.01952	0.02787	0.04001	0.49082	0.08695	0.02089	0.02354	0.01895	0.02506	0.02586	0.02894	0.11797	0.00951	0.00821	0.00243	0.00927	0.00863	0.00461	0.01151
47	0.01165	0.00847	0.01192	0.01192	0.01298	0.00953	0.00874	0.01377	0.01271	0.01801	0.02276	0.03756	0.02275	0.23593	0.51098	0.01166	0.01802	0.00953	0.00450	0.00662
48	0.01822	0.02561	0.23340	0.07772	0.39411	0.01852	0.02572	0.02446	0.01793	0.02579	0.01651	0.02315	0.01377	0.00826	0.00811	0.00255	0.01033	0.03978	0.00399	0.01206
49	0.01513	0.00756	0.00756	0.00756	0.00945	0.00756	0.00567	0.01891	0.01702	0.03025	0.02647	0.03025	0.02080	0.00945	0.00567	0.00189	0.00378	0.00756	0.75988	0.00756
50	0.02050	0.02155	0.02784	0.27299	0.31660	0.15543	0.02216	0.02497	0.01861	0.02309	0.01440	0.01951	0.01164	0.00778	0.00791	0.00245	0.01109	0.00681	0.00390	0.01078
51	0.01234	0.00997	0.01168	0.04102	0.01506	0.00979	0.00860	0.01859	0.11904	0.02842	0.32584	0.06040	0.27520	0.01676	0.00931	0.00266	0.00465	0.01436	0.00809	0.00824
52	0.01148	0.00829	0.01085	0.01021	0.01212	0.00766	0.00766	0.01531	0.02297	0.03254	0.65994	0.06061	0.07656	0.01659	0.00957	0.00255	0.00383	0.01467	0.00893	0.00766
53	0.03031	0.03867	0.02299	0.02090	0.02508	0.68226	0.01568	0.03240	0.02299	0.01986	0.01254	0.01463	0.01045	0.00836	0.00732	0.00209	0.01463	0.00523	0.00418	0.00941
54	0.54281	0.01511	0.01408	0.01184	0.01726	0.01625	0.00977	0.02874	0.01674	0.23386	0.01776	0.01768	0.01231	0.00831	0.00600	0.00251	0.00647	0.00557	0.00659	0.01035
55	0.00959	0.00822	0.00822	0.00822	0.01096	0.00685	0.00617	0.01165	0.01850	0.02192	0.08220	0.07809	0.66092	0.02055	0.00959	0.00274	0.00411	0.01713	0.00754	0.00685
56	0.02169	0.71972	0.04252	0.01388	0.02083	0.03211	0.01388	0.02430	0.01649	0.01909	0.01128	0.01302	0.01041	0.00694	0.00521	0.00174	0.00868	0.00434	0.00347	0.01041
57	0.00959	0.00822	0.00822	0.00822	0.01096	0.00685	0.00617	0.01165	0.01850	0.02192	0.08220	0.07809	0.66092	0.02055	0.00959	0.00274	0.00411	0.01713	0.00754	0.00685
58	0.02169	0.71972	0.04252	0.01388	0.02083	0.03211	0.01388	0.02430	0.01649	0.01909	0.01128	0.01302	0.01041	0.00694	0.00521	0.00174	0.00868	0.00434	0.00347	0.01041
59	0.01824	0.01764	0.01414	0.01349	0.01560	0.21873	0.00988	0.02051	0.01676	0.02102	0.02064	0.03030	0.01913	0.16125	0.19983	0.00620	0.01291	0.00797	0.16823	0.00753
60	0.03008	0.03323	0.02321	0.02009	0.02496	0.46617	0.01550	0.20841	0.05133	0.02948	0.01534	0.01664	0.01197	0.00886	0.00758	0.00222	0.01266	0.00598	0.00548	0.01081
61	0.00972	0.00771	0.00875	0.00958	0.01132	0.00674	0.00677	0.01149	0.01719	0.02139	0.06570	0.35609	0.39357	0.02269	0.00993	0.00298	0.00437	0.01974	0.00753	0.00674
62	0.00959	0.00822	0.00822	0.00822	0.01096	0.00685	0.00617	0.01165	0.01850	0.02192	0.08220	0.07809	0.66092	0.02055	0.00959	0.00274	0.00411	0.01713	0.00754	0.00685
63	0.02924	0.03652	0.02314	0.02189	0.05260	0.61263	0.01590	0.03274	0.06144	0.02102	0.01392	0.01583	0.01144	0.00848	0.00741	0.00215	0.01391	0.00556	0.00443	0.00977
64	0.02393	0.02585	0.02927	0.03889	0.42501	0.23908	0.02144	0.05379	0.02082	0.02537	0.01454	0.01825	0.01210	0.00771	0.00780	0.00231	0.01126	0.00657	0.00425	0.01175
65	0.03034	0.03787	0.02306	0.02079	0.02509	0.64902	0.01567	0.06299	0.02376	0.02144	0.01289	0.01488	0.01062	0.00843	0.00736	0.00211	0.01434	0.00533	0.00438	0.00963
66	0.01046	0.00825	0.00943	0.00913	0.01149	0.00722	0.00685	0.01333	0.02055	0.02680	0.34743	0.07007	0.39265	0.01873	0.00958	0.00265	0.00398	0.01600	0.00818	0.00722
67	0.05624	0.02014	0.01957	0.01926	0.08590	0.12814	0.01363	0.14805	0.20741	0.03298	0.02269	0.02387	0.01753	0.01194	0.03994	0.00290	0.00892	0.00748	0.12221	0.01120
68	0.00991	0.00742	0.00920	0.01047	0.01159	0.00672	0.00720	0.01162	0.01671	0.02171	0.09045	0.51483	0.20529	0.02369	0.01012	0.00311	0.00451	0.02110	0.00762	0.00672
69	0.00989	0.00706	0.00942	0.01130	0.01177	0.00659	0.00753	0.01130	0.01554	0.02071	0.04472	0.70954	0.05367	0.02542	0.01036	0.00330	0.00471	0.02307	0.00753	0.00659
70	0.01745	0.01659	0.02817	0.40755	0.32709	0.01859	0.02359	0.02259	0.01723	0.02331	0.01480	0.02094	0.01172	0.00772	0.00808	0.00257	0.01029	0.00722	0.00379	0.01073
71	0.01081	0.00811	0.00992	0.01111	0.01218	0.00781	0.00757	0.01392	0.06623	0.02155	0.04745	0.51861	0.13265	0.07642	0.01245	0.00353	0.00500	0.02028	0.00739	0.00700
72	0.01180	0.00787	0.00885	0.00885	0.00885	0.00787	0.00492	0.01180	0.01180	0.01573	0.02557	0.05310	0.02950	0.71483	0.04130	0.00787	0.00787	0.01180	0.00492	0.00492
73	0.01003	0.00809	0.00841	0.00851	0.01060	0.00703	0.00600	0.01166	0.01704	0.02066	0.06923	0.10780	0.50600	0.15466	0.01574	0.00376	0.00487	0.01642	0.00703	0.00646
74	0.01754	0.20007	0.52577	0.02097	0.03179	0.02194	0.02623	0.02537	0.01698	0.02416	0.01380	0.01617	0.01031	0.00753	0.00713	0.00238	0.01122	0.00561	0.00344	0.01162
75	0.01158	0.00777	0.00891	0.00913	0.00918	0.00772	0.00521	0.01174	0.01223	0.01630	0.02775	0.12789	0.03225	0.63629	0.03777	0.00735	0.00751	0.01308	0.00521	0.00511
76	0.01045	0.00825	0.00941	0.00912	0.01149	0.00721	0.00684	0.01330	0.02052	0.02672	0.34322	0.07019	0.39691	0.01876	0.00958	0.00266	0.00398	0.01602	0.00817	0.00721
77	0.01164	0.00821	0.01015	0.01108	0.01178	0.00803	0.00730	0.04852	0.01588	0.02118	0.03810	0.49292	0.04484	0.20905	0.01851	0.00447	0.00580	0.01912	0.00687	0.00657
78	0.01015	0.00824	0.00900	0.00881	0.01131	0.00709	0.00661	0.01274	0.01982	0.02508	0.25393	0.07289	0.48723	0.01937	0.00958	0.00268	0.00403	0.01640	0.00795	0.00709
79	0.01215	0.00952	0.01412	0.01379	0.01511	0.01148	0.01084	0.01495	0.01298	0.01890	0.02072	0.03059	0.01941	0.05660	0.62284	0.01218	0.08360	0.00855	0.00427	0.00739
80	0.02947	0.03541	0.02267	0.02027	0.02458	0.57508	0.01538	0.10044	0.02424	0.02337	0.01377	0.01601	0.01131	0.01104	0.03988	0.00266	0.01432	0.00563	0.00464	0.00980
81	0.02864	0.02598	0.02567	0.02522	0.14834	0.18553	0.01731	0.37049	0.03063	0.03870	0.01696	0.01841	0.01279	0.00892	0.00790	0.00235	0.01047	0.00678	0.00636	0.01254
82	0.01897	0.02313	0.08642	0.03352	0.04196	0.02042	0.59745	0.02597	0.01903	0.02597	0.01630	0.02159	0.01219	0.00689	0.00946	0.00273	0.01358	0.00936	0.00406	0.01101
83	0.02419	0.02411	0.02742	0.13010	0.28299	0.18512	0.02028	0.15434	0.02339	0.02917	0.01535	0.01883	0.01216	0.00817	0.00788	0.00238	0.01090	0.00674	0.00486	0.01164
84	0.01775	0.01775	0.02485	0.02130	0.02130	0.02485	0.01775	0.01953	0.01243	0.01953	0.01065	0.01775	0.01065	0.01420	0.02663	0.00355	0.69998	0.00710	0.00355	0.00888
85	0.01205	0.00887	0.01167	0.01277	0.01475	0.00849	0.01068	0.01541	0.01927	0.02514	0.15658	0.10750	0.16305	0.02119	0.01060	0.00333	0.00613	0.37742	0.00774	0.00736
86	0.01022	0.00760	0.00953	0.01040	0.01169	0.00691	0.00729	0.01237	0.01799	0.02390	0.20560	0.41989	0.18243	0.02223	0.01001	0.00300	0.00437	0.01977	0.00788	0.00691
87	0.01760	0.12094	0.10228	0.01497	0.02242	0.01596	0.03789	0.02181	0.01669	0.02493	0.01388	0.01655	0.01152	0.00678	0.00723	0.00162	0.04080	0.00518	0.00436	0.49658
88	0.01141	0.00770	0.00897	0.00935	0.00945	0.00760	0.00546	0.01170	0.01257	0.01676	0.02951	0.18835	0.03448	0.57279	0.03492	0.00692	0.00722	0.01412	0.00546	0.00526
89	0.01142	0.00776	0.00891	0.00920	0.00938	0.00763	0.00537	0.01172	0.01264	0.01674	0.03074	0.15464	0.05821	0.58174	0.03530	0.00696	0.00723	0.01374	0.00542	0.00525
90	0.00989	0.00706	0.00942	0.01130	0.01177	0.00659	0.00753	0.01130	0.01554	0.02071	0.04472	0.70954	0.05367	0.02542	0.01036	0.00330	0.00471	0.02307	0.00753	0.00659
91	0.02537	0.02777	0.02422	0.22013	0.07355	0.33972	0.01822	0.12684	0.02319	0.02561	0.01439	0.01781	0.01125	0.00844	0.00772	0.00235	0.01228	0.00627	0.00464	0.01022

[dist]
# distance from previous block
# <min> <max>
0	1

[block]
# block no. 2 follows, 23 sequences, length 31
# corresponding to MSA columns:
# 255-285
name=unknown_C
#
# <colnr> <probs for GDERKNQSTAVLIFYWHMCP>
#	G	D	E	R	K	N	Q	S	T	A	V	L	I	F	Y	W	H	M	C	P
0	0.01853	0.01769	0.03013	0.26055	0.46562	0.01887	0.02413	0.02354	0.01774	0.02462	0.01499	0.02059	0.01219	0.00752	0.00806	0.00251	0.01002	0.00722	0.00388	0.01160
1	0.05973	0.16001	0.02688	0.02084	0.05989	0.42104	0.01580	0.02865	0.01994	0.02080	0.01220	0.01493	0.01053	0.00865	0.00903	0.00223	0.08979	0.00535	0.00401	0.00970
2	0.01047	0.00757	0.00938	0.01058	0.01141	0.00709	0.00719	0.01186	0.01546	0.02014	0.04650	0.43088	0.14288	0.16612	0.01666	0.00418	0.00547	0.06281	0.00699	0.00635
3	0.01851	0.01455	0.01640	0.01499	0.01814	0.01616	0.01137	0.16554	0.22736	0.03167	0.03253	0.26169	0.03182	0.05610	0.01164	0.00319	0.03690	0.01357	0.00758	0.01029
4	0.01939	0.01994	0.03779	0.03968	0.34064	0.01902	0.28226	0.02495	0.01861	0.02628	0.01567	0.02055	0.01255	0.00695	0.00850	0.00244	0.01102	0.00800	0.00413	0.08164
5	0.01292	0.01049	0.01281	0.01425	0.05167	0.01033	0.01059	0.01873	0.11205	0.02465	0.05540	0.12049	0.28243	0.01936	0.00989	0.00309	0.00591	0.20925	0.00742	0.00827
6	0.01777	0.03150	0.34695	0.02890	0.03892	0.01972	0.34532	0.02585	0.01818	0.02585	0.01553	0.01961	0.01134	0.00726	0.00868	0.00266	0.01287	0.00786	0.00378	0.01145
7	0.01783	0.01664	0.02364	0.24367	0.23379	0.05446	0.01909	0.06889	0.01956	0.02531	0.02763	0.03450	0.11568	0.01096	0.00850	0.00264	0.00923	0.05280	0.00501	0.01017
8	0.02381	0.55656	0.03813	0.01518	0.02184	0.08085	0.01427	0.12247	0.02043	0.02425	0.01268	0.01417	0.01096	0.00750	0.00583	0.00187	0.00917	0.00488	0.00426	0.01087
9	0.01083	0.00855	0.00995	0.01040	0.01279	0.00767	0.00834	0.01360	0.01913	0.02397	0.14577	0.07967	0.40946	0.02057	0.01005	0.00300	0.00504	0.18639	0.00770	0.00713
10	0.01165	0.00780	0.00889	0.00904	0.00907	0.00777	0.00512	0.01176	0.01209	0.01612	0.02704	0.10344	0.03135	0.66197	0.03893	0.00752	0.00762	0.01266	0.00512	0.00505
11	0.01642	0.01636	0.01760	0.02210	0.16406	0.14835	0.01319	0.01875	0.01774	0.02187	0.03136	0.40869	0.03543	0.01775	0.00920	0.00284	0.00788	0.01577	0.00604	0.00860
12	0.02079	0.20306	0.37333	0.02041	0.02941	0.17408	0.02286	0.02690	0.01832	0.02278	0.01332	0.01558	0.01035	0.00768	0.00702	0.00226	0.01181	0.00542	0.00361	0.01102
13	0.01031	0.00771	0.00959	0.01025	0.01169	0.00698	0.00726	0.01262	0.01852	0.02466	0.24432	0.36332	0.19997	0.02156	0.00994	0.00294	0.00430	0.01910	0.00797	0.00698
14	0.01443	0.01286	0.01848	0.01685	0.01763	0.01692	0.01365	0.01681	0.01276	0.01915	0.01663	0.02537	0.01585	0.03937	0.38059	0.00867	0.33404	0.00796	0.00398	0.00800
15	0.01370	0.00962	0.01144	0.01168	0.01301	0.00971	0.00803	0.10560	0.01814	0.02456	0.03574	0.42540	0.04069	0.18035	0.01690	0.00415	0.00602	0.01743	0.04049	0.00733
16	0.00989	0.00706	0.00942	0.01130	0.01177	0.00659	0.00753	0.01130	0.01554	0.02071	0.04472	0.70954	0.05367	0.02542	0.01036	0.00330	0.00471	0.02307	0.00753	0.00659
17	0.01280	0.01050	0.01602	0.15809	0.02343	0.01271	0.01302	0.01596	0.01371	0.01922	0.02037	0.05516	0.01921	0.07426	0.43502	0.00952	0.07016	0.00894	0.00427	0.00762
18	0.01627	0.04197	0.67279	0.02313	0.03512	0.01884	0.02998	0.02570	0.01713	0.02570	0.01456	0.01713	0.01028	0.00771	0.00771	0.00257	0.01199	0.00600	0.00343	0.01199
19	0.02135	0.05149	0.13707	0.07943	0.19803	0.01764	0.07703	0.02643	0.01863	0.15297	0.05128	0.02352	0.01700	0.01119	0.03961	0.00303	0.04968	0.00773	0.00531	0.01157
20	0.05180	0.00906	0.01104	0.01147	0.01343	0.00871	0.00840	0.01686	0.05380	0.07411	0.13497	0.37492	0.12584	0.02045	0.00964	0.00301	0.00501	0.05180	0.00784	0.00785
21	0.01892	0.01829	0.02823	0.13470	0.38663	0.04511	0.05072	0.02565	0.08920	0.02586	0.02190	0.02722	0.05194	0.00912	0.00832	0.00256	0.00945	0.02989	0.00477	0.01152
22	0.30136	0.01484	0.01974	0.01970	0.10174	0.01557	0.10232	0.05150	0.01693	0.02968	0.02293	0.22324	0.02345	0.01284	0.00782	0.00276	0.00745	0.01123	0.00566	0.00922
23	0.05840	0.05859	0.17832	0.08709	0.15922	0.01936	0.02002	0.16337	0.02215	0.03146	0.05475	0.07387	0.01872	0.00993	0.00795	0.00253	0.00921	0.00830	0.00535	0.01140
24	0.09599	0.02004	0.11951	0.14258	0.21350	0.01710	0.01978	0.02784	0.05052	0.15460	0.01882	0.02111	0.01373	0.00818	0.00765	0.00248	0.00899	0.00694	0.00541	0.04523
25	0.02314	0.02282	0.10538	0.01636	0.02144	0.16726	0.01429	0.11083	0.04867	0.12291	0.16218	0.06401	0.03005	0.01153	0.00822	0.00244	0.00869	0.00928	0.03998	0.01052
26	0.13091	0.13785	0.10393	0.05325	0.10064	0.01846	0.01560	0.02305	0.07417	0.02494	0.01867	0.06065	0.01654	0.02101	0.16185	0.00486	0.01151	0.00757	0.00465	0.00987
27	0.20698	0.21692	0.02695	0.05998	0.15366	0.07283	0.01512	0.05474	0.01778	0.02679	0.01636	0.01904	0.04040	0.00995	0.02997	0.00262	0.00912	0.00606	0.00448	0.01025
28	0.02247	0.15034	0.05271	0.04712	0.16101	0.23290	0.01693	0.04853	0.04631	0.02392	0.05351	0.07258	0.01876	0.00977	0.00756	0.00229	0.01033	0.00774	0.00481	0.01040
29	0.02116	0.07376	0.10839	0.06226	0.24569	0.01764	0.01912	0.02640	0.04150	0.13882	0.02162	0.02415	0.03908	0.01194	0.04722	0.00307	0.04069	0.00755	0.03837	0.01157
30	0.08580	0.02101	0.17619	0.02430	0.16879	0.01553	0.01911	0.04898	0.01940	0.11072	0.05449	0.03805	0.02368	0.01176	0.00851	0.00278	0.00875	0.14524	0.00593	0.01097

[dist]
# distance from previous block
# <min> <max>
1	98

[block]
# block no. 3 follows, 23 sequences, length 80
# corresponding to MSA columns:
# 401-480
name=unknown_D
#
# <colnr> <probs for GDERKNQSTAVLIFYWHMCP>
#	G	D	E	R	K	N	Q	S	T	A	V	L	I	F	Y	W	H	M	C	P
0	0.03031	0.03867	0.02299	0.02090	0.02508	0.68226	0.01568	0.03240	0.02299	0.01986	0.01254	0.01463	0.01045	0.00836	0.00732	0.00209	0.01463	0.00523	0.00418	0.00941
1	0.00987	0.00823	0.00861	0.00851	0.01113	0.00697	0.00638	0.01218	0.01915	0.02348	0.16722	0.07552	0.57493	0.01997	0.00959	0.00271	0.00407	0.01676	0.00774	0.00697
2	0.01159	0.00869	0.01304	0.01304	0.01449	0.01014	0.01014	0.01449	0.01304	0.01884	0.02173	0.03188	0.02029	0.06086	0.68268	0.01304	0.02173	0.00869	0.00435	0.00724
3	0.01291	0.00971	0.00970	0.00957	0.00982	0.04821	0.00556	0.01303	0.01247	0.01598	0.02479	0.05080	0.02836	0.67258	0.03927	0.00752	0.00827	0.01141	0.00487	0.00519
4	0.01864	0.01388	0.01663	0.01647	0.05600	0.01457	0.01164	0.25529	0.02450	0.03288	0.03315	0.40018	0.03574	0.01824	0.00935	0.00291	0.00664	0.01600	0.00755	0.00977
5	0.01603	0.00942	0.00849	0.00836	0.01039	0.04792	0.00627	0.01971	0.01737	0.02963	0.02564	0.02932	0.02018	0.00939	0.00577	0.00190	0.00443	0.00742	0.71468	0.00767
6	0.07370	0.01982	0.02155	0.01702	0.02281	0.02152	0.01388	0.47591	0.03289	0.11210	0.02280	0.08823	0.01810	0.01119	0.00816	0.00253	0.00814	0.00878	0.00808	0.01279
7	0.02757	0.25520	0.02920	0.01867	0.02373	0.47555	0.01511	0.02982	0.02093	0.01961	0.01214	0.01412	0.01044	0.00791	0.00665	0.00198	0.01274	0.00494	0.00396	0.00973
8	0.00973	0.00826	0.00841	0.00849	0.01119	0.00695	0.00644	0.01185	0.01850	0.02201	0.08065	0.07862	0.63661	0.02062	0.00965	0.00278	0.00424	0.04057	0.00753	0.00687
9	0.01180	0.00787	0.00885	0.00885	0.00885	0.00787	0.00492	0.01180	0.01180	0.01573	0.02557	0.05310	0.02950	0.71483	0.04130	0.00787	0.00787	0.01180	0.00492	0.00492
10	0.02366	0.56449	0.03807	0.01548	0.02180	0.18029	0.01429	0.02614	0.01797	0.01927	0.01157	0.01338	0.01042	0.00727	0.00569	0.00182	0.01003	0.00454	0.00363	0.01018
11	0.02195	0.08125	0.13463	0.03401	0.28713	0.17977	0.09571	0.02692	0.01928	0.02415	0.01433	0.01798	0.01162	0.00751	0.00778	0.00235	0.01162	0.00661	0.00393	0.01147
12	0.01607	0.01421	0.02358	0.05904	0.27014	0.01411	0.08065	0.02049	0.01892	0.02712	0.16779	0.03485	0.06621	0.01429	0.05777	0.00323	0.00876	0.00989	0.08288	0.00999
13	0.01179	0.00791	0.00907	0.00907	0.00915	0.00799	0.00520	0.01194	0.01187	0.01590	0.02536	0.05196	0.02901	0.67978	0.07568	0.00814	0.00861	0.01163	0.00489	0.00504
14	0.01975	0.07088	0.18529	0.06968	0.24542	0.05059	0.16343	0.05134	0.01911	0.02616	0.01512	0.01916	0.01179	0.00744	0.00810	0.00248	0.01131	0.00720	0.00402	0.01174
15	0.02477	0.03034	0.09192	0.02464	0.12231	0.32608	0.01816	0.05822	0.13727	0.02542	0.01714	0.01898	0.01359	0.00898	0.00871	0.00240	0.04857	0.00653	0.00497	0.01100
16	0.01633	0.00931	0.01165	0.01079	0.01368	0.00820	0.00817	0.01905	0.02039	0.17257	0.23809	0.17536	0.22911	0.01784	0.00940	0.00273	0.00477	0.01542	0.00853	0.00863
17	0.02123	0.03291	0.24521	0.02577	0.03344	0.20661	0.21156	0.02718	0.01903	0.02365	0.01425	0.01795	0.01098	0.00814	0.00969	0.00256	0.06831	0.00697	0.00386	0.01069
18	0.05849	0.03127	0.02238	0.05040	0.06217	0.45013	0.01555	0.11698	0.02385	0.02611	0.01462	0.01689	0.01168	0.00852	0.00731	0.00219	0.01232	0.00584	0.05322	0.01008
19	0.01967	0.01805	0.02696	0.03684	0.41535	0.01893	0.02026	0.03026	0.22195	0.02876	0.02277	0.02795	0.01887	0.00942	0.00831	0.00261	0.00846	0.04649	0.00561	0.01250
20	0.01159	0.00869	0.01304	0.01304	0.01449	0.01014	0.01014	0.01449	0.01304	0.01884	0.02173	0.03188	0.02029	0.06086	0.68268	0.01304	0.02173	0.00869	0.00435	0.00724
21	0.02169	0.71972	0.04252	0.01388	0.02083	0.03211	0.01388	0.02430	0.01649	0.01909	0.01128	0.01302	0.01041	0.00694	0.00521	0.00174	0.00868	0.00434	0.00347	0.01041
22	0.01066	0.00826	0.00971	0.00935	0.01162	0.00731	0.00701	0.01372	0.02103	0.02794	0.40952	0.06819	0.32985	0.01831	0.00958	0.00263	0.00395	0.01574	0.00833	0.00731
23	0.00979	0.00823	0.00850	0.00843	0.01108	0.00693	0.00632	0.01203	0.01896	0.02303	0.14276	0.07626	0.59967	0.02013	0.00959	0.00272	0.00408	0.01687	0.00768	0.00693
24	0.00967	0.00789	0.00856	0.00909	0.01119	0.00678	0.00655	0.01155	0.01766	0.02158	0.07165	0.25586	0.48997	0.02192	0.00981	0.00290	0.00428	0.01880	0.00753	0.00678
25	0.02112	0.00932	0.01073	0.00950	0.01262	0.00879	0.00743	0.02472	0.01876	0.21031	0.02803	0.02951	0.02060	0.00962	0.00637	0.00207	0.00466	0.00773	0.54878	0.00932
26	0.01153	0.00775	0.00893	0.00919	0.00926	0.00769	0.00528	0.01173	0.01232	0.01643	0.02824	0.14471	0.03287	0.61862	0.03698	0.00723	0.00743	0.01337	0.00528	0.00515
27	0.03085	0.02273	0.02435	0.01867	0.02516	0.02516	0.01542	0.63716	0.03815	0.05114	0.01948	0.01948	0.01380	0.00974	0.00812	0.00244	0.00893	0.00731	0.00812	0.01380
28	0.01148	0.00829	0.01085	0.01021	0.01212	0.00766	0.00766	0.01531	0.02297	0.03254	0.65994	0.06061	0.07656	0.01659	0.00957	0.00255	0.00383	0.01467	0.00893	0.00766
29	0.00980	0.00739	0.00908	0.01043	0.01154	0.00666	0.00715	0.01140	0.01637	0.02105	0.05527	0.53177	0.22462	0.02405	0.01014	0.00314	0.00454	0.02139	0.00753	0.00666
30	0.02008	0.01928	0.03294	0.04981	0.66422	0.01928	0.02490	0.02490	0.01848	0.02651	0.01526	0.02008	0.01285	0.00723	0.00803	0.00241	0.00964	0.00723	0.00402	0.01285
31	0.01409	0.00705	0.01057	0.01057	0.01057	0.00705	0.00705	0.01057	0.01057	0.01409	0.01409	0.02467	0.01409	0.02819	0.03171	0.76392	0.00705	0.00705	0.00352	0.00352
32	0.00959	0.00822	0.00822	0.00822	0.01096	0.00685	0.00617	0.01165	0.01850	0.02192	0.08220	0.07809	0.66092	0.02055	0.00959	0.00274	0.00411	0.01713	0.00754	0.00685
33	0.01784	0.01802	0.02633	0.02213	0.02266	0.02458	0.05733	0.01994	0.01286	0.01994	0.01102	0.01802	0.01076	0.01373	0.02553	0.00350	0.65596	0.00726	0.00359	0.00901
34	0.00989	0.00706	0.00942	0.01130	0.01177	0.00659	0.00753	0.01130	0.01554	0.02071	0.04472	0.70954	0.05367	0.02542	0.01036	0.00330	0.00471	0.02307	0.00753	0.00659
35	0.02911	0.03690	0.02214	0.02017	0.02426	0.64304	0.01513	0.03120	0.02273	0.01998	0.01659	0.01832	0.04822	0.00907	0.00745	0.00213	0.01402	0.00592	0.00438	0.00926
36	0.01750	0.01784	0.01865	0.01839	0.05304	0.16665	0.01366	0.02010	0.01548	0.01961	0.01716	0.02459	0.01579	0.03703	0.36623	0.00815	0.15010	0.00752	0.00414	0.00835
37	0.77215	0.01569	0.01193	0.01067	0.01569	0.01820	0.00879	0.02385	0.01381	0.03641	0.01130	0.01318	0.00879	0.00753	0.00502	0.00251	0.00628	0.00439	0.00502	0.00879
38	0.02169	0.71972	0.04252	0.01388	0.02083	0.03211	0.01388	0.02430	0.01649	0.01909	0.01128	0.01302	0.01041	0.00694	0.00521	0.00174	0.00868	0.00434	0.00347	0.01041
39	0.02593	0.14825	0.20811	0.01871	0.02605	0.20938	0.01845	0.03115	0.04252	0.17001	0.01806	0.01858	0.01310	0.00842	0.00730	0.00228	0.01083	0.00610	0.00533	0.01143
40	0.01771	0.04620	0.03174	0.02816	0.13947	0.01947	0.22028	0.02202	0.01626	0.02345	0.01603	0.02221	0.01364	0.01681	0.11207	0.00430	0.17964	0.00809	0.05244	0.01000
41	0.01032	0.00752	0.00972	0.01072	0.01180	0.00692	0.00745	0.01248	0.01792	0.02420	0.22395	0.46853	0.11352	0.02247	0.01006	0.00303	0.00440	0.02015	0.00793	0.00692
42	0.00971	0.00822	0.00839	0.00835	0.01103	0.00690	0.00626	0.01188	0.01878	0.02260	0.11926	0.07697	0.62344	0.02030	0.00959	0.00273	0.00409	0.01697	0.00762	0.00690
43	0.01206	0.00881	0.01088	0.01180	0.01310	0.00856	0.00824	0.07693	0.01817	0.02401	0.04537	0.58178	0.10280	0.02335	0.01005	0.00316	0.00510	0.02089	0.00759	0.00737
44	0.01180	0.00787	0.00885	0.00885	0.00885	0.00787	0.00492	0.01180	0.01180	0.01573	0.02557	0.05310	0.02950	0.71483	0.04130	0.00787	0.00787	0.01180	0.00492	0.00492
45	0.01180	0.00787	0.00885	0.00885	0.00885	0.00787	0.00492	0.01180	0.01180	0.01573	0.02557	0.05310	0.02950	0.71483	0.04130	0.00787	0.00787	0.01180	0.00492	0.00492
46	0.02159	0.67479	0.04191	0.01619	0.06210	0.03128	0.01459	0.02434	0.01661	0.01957	0.01154	0.01347	0.01057	0.00696	0.00539	0.00178	0.00874	0.00452	0.00351	0.01057
47	0.01308	0.01138	0.01791	0.37010	0.03530	0.01338	0.01584	0.01660	0.01576	0.02067	0.02736	0.31898	0.02934	0.01586	0.00989	0.00300	0.03823	0.01406	0.00530	0.00796
48	0.01093	0.00833	0.01008	0.00981	0.01200	0.00748	0.00746	0.01415	0.02120	0.02844	0.42739	0.06836	0.27380	0.01828	0.00967	0.00268	0.00414	0.05005	0.00837	0.00737
49	0.01494	0.01361	0.01945	0.01752	0.01819	0.01813	0.01427	0.01722	0.01271	0.01921	0.01572	0.02421	0.01506	0.03554	0.32662	0.00789	0.38984	0.00783	0.00391	0.00813
50	0.02094	0.01797	0.02357	0.02945	0.29698	0.05589	0.01661	0.16149	0.02156	0.02932	0.01901	0.02796	0.01725	0.17717	0.01587	0.00368	0.00910	0.00824	0.03722	0.01075
51	0.01127	0.00805	0.01100	0.01288	0.01395	0.00778	0.00993	0.01369	0.01690	0.02226	0.04396	0.44166	0.05065	0.02412	0.01073	0.00349	0.00591	0.27730	0.00751	0.00697
52	0.00989	0.00706	0.00942	0.01130	0.01177	0.00659	0.00753	0.01130	0.01554	0.02071	0.04472	0.70954	0.05367	0.02542	0.01036	0.00330	0.00471	0.02307	0.00753	0.00659
53	0.01960	0.01879	0.03207	0.11496	0.60282	0.01915	0.02466	0.02448	0.01825	0.02593	0.01518	0.02024	0.01265	0.00732	0.00804	0.00244	0.00976	0.00723	0.00398	0.01247
54	0.02147	0.02837	0.21452	0.03410	0.29766	0.08803	0.05679	0.11004	0.02129	0.02895	0.01542	0.01869	0.01197	0.00781	0.00796	0.00244	0.01094	0.00681	0.00443	0.01228
55	0.49779	0.05512	0.01690	0.01413	0.01897	0.23390	0.01125	0.02664	0.01691	0.03026	0.01170	0.01364	0.00940	0.00777	0.00577	0.00234	0.00909	0.00466	0.00468	0.00906
56	0.77215	0.01569	0.01193	0.01067	0.01569	0.01820	0.00879	0.02385	0.01381	0.03641	0.01130	0.01318	0.00879	0.00753	0.00502	0.00251	0.00628	0.00439	0.00502	0.00879
57	0.01274	0.01039	0.01525	0.01459	0.01576	0.01289	0.01157	0.01543	0.01293	0.01897	0.01966	0.02924	0.01848	0.05213	0.55997	0.01127	0.14859	0.00840	0.00420	0.00755
58	0.01149	0.00774	0.00894	0.00925	0.00933	0.00766	0.00534	0.01172	0.01241	0.01654	0.02869	0.16002	0.03344	0.60254	0.03626	0.00712	0.00735	0.01364	0.00534	0.00519
59	0.00998	0.00824	0.00876	0.00863	0.01120	0.00702	0.00647	0.01240	0.01942	0.02412	0.20190	0.07447	0.53986	0.01973	0.00959	0.00270	0.00405	0.01662	0.00782	0.00702
60	0.00989	0.00706	0.00942	0.01130	0.01177	0.00659	0.00753	0.01130	0.01554	0.02071	0.04472	0.70954	0.05367	0.02542	0.01036	0.00330	0.00471	0.02307	0.00753	0.00659
61	0.01627	0.04197	0.67279	0.02313	0.03512	0.01884	0.02998	0.02570	0.01713	0.02570	0.01456	0.01713	0.01028	0.00771	0.00771	0.00257	0.01199	0.00600	0.00343	0.01199
62	0.01159	0.00869	0.01304	0.01304	0.01449	0.01014	0.01014	0.01449	0.01304	0.01884	0.02173	0.03188	0.02029	0.06086	0.68268	0.01304	0.02173	0.00869	0.00435	0.00724
63	0.02131	0.02295	0.02439	0.02109	0.02237	0.18130	0.01716	0.04950	0.01606	0.02098	0.01149	0.01709	0.01074	0.01262	0.02123	0.00315	0.50679	0.00666	0.00390	0.00922
64	0.02178	0.02367	0.02758	0.22235	0.30405	0.21549	0.02150	0.02596	0.01918	0.02292	0.01422	0.01890	0.01157	0.00781	0.00784	0.00240	0.01145	0.00663	0.00395	0.01075
65	0.01627	0.04197	0.67279	0.02313	0.03512	0.01884	0.02998	0.02570	0.01713	0.02570	0.01456	0.01713	0.01028	0.00771	0.00771	0.00257	0.01199	0.00600	0.00343	0.01199
66	0.01342	0.01227	0.01739	0.06197	0.23123	0.01164	0.01336	0.01659	0.01836	0.02338	0.05596	0.05548	0.40724	0.01539	0.00899	0.00263	0.00634	0.01325	0.00613	0.00898
67	0.01999	0.01955	0.03450	0.04817	0.59904	0.01941	0.08882	0.02502	0.01855	0.02645	0.01538	0.02027	0.01280	0.00719	0.00819	0.00244	0.01006	0.00748	0.00403	0.01265
68	0.01159	0.00869	0.01304	0.01304	0.01449	0.01014	0.01014	0.01449	0.01304	0.01884	0.02173	0.03188	0.02029	0.06086	0.68268	0.01304	0.02173	0.00869	0.00435	0.00724
69	0.01958	0.01877	0.03203	0.11747	0.60045	0.01915	0.02465	0.02447	0.01824	0.02590	0.01517	0.02025	0.01264	0.00732	0.00804	0.00244	0.00976	0.00723	0.00397	0.01245
70	0.01019	0.00759	0.00949	0.01040	0.01168	0.00689	0.00727	0.01229	0.01785	0.02366	0.19281	0.42904	0.18641	0.02239	0.01002	0.00301	0.00438	0.01991	0.00785	0.00689
71	0.01874	0.01791	0.03052	0.23153	0.49296	0.01893	0.02424	0.02373	0.01784	0.02488	0.01503	0.02052	0.01228	0.00748	0.00806	0.00249	0.00997	0.00722	0.00390	0.01177
72	0.02028	0.01892	0.03089	0.11411	0.53318	0.01956	0.02355	0.06448	0.04530	0.02779	0.01617	0.02062	0.01319	0.00764	0.00806	0.00246	0.00959	0.00731	0.00441	0.01251
73	0.01885	0.05536	0.01506	0.01269	0.01593	0.20625	0.00978	0.04707	0.01986	0.02465	0.03678	0.03787	0.19712	0.01447	0.03809	0.00271	0.00833	0.00944	0.22138	0.00830
74	0.01863	0.23014	0.31662	0.02360	0.03308	0.02311	0.19563	0.02538	0.01752	0.02389	0.01415	0.01729	0.01089	0.00725	0.00752	0.00238	0.01152	0.00653	0.00363	0.01125
75	0.01713	0.01626	0.02760	0.45045	0.28666	0.01850	0.02343	0.02231	0.01708	0.02292	0.01474	0.02105	0.01159	0.00778	0.00808	0.00259	0.01037	0.00722	0.00376	0.01047
76	0.07865	0.18337	0.06632	0.02935	0.30935	0.02001	0.01802	0.02239	0.01756	0.02470	0.02573	0.02789	0.12570	0.00956	0.00738	0.00233	0.00831	0.00799	0.00455	0.01085
77	0.01167	0.00839	0.01150	0.01150	0.01241	0.00930	0.00822	0.01350	0.01258	0.01769	0.02315	0.03969	0.02368	0.30175	0.44642	0.01113	0.01663	0.00984	0.00456	0.00639
78	0.01163	0.00855	0.01230	0.01230	0.01350	0.00974	0.00922	0.01402	0.01282	0.01829	0.02241	0.03561	0.02190	0.17579	0.56995	0.01213	0.01930	0.00924	0.00445	0.00684
79	0.01741	0.01556	0.02316	0.03130	0.33462	0.01604	0.01729	0.02566	0.16226	0.02782	0.09206	0.14783	0.02942	0.01227	0.00865	0.00266	0.00743	0.01124	0.00612	0.01121

[dist]
# distance from previous block
# <min> <max>
0	3

[block]
# block no. 4 follows, 23 sequences, length 36
# corresponding to MSA columns:
# 484-519
name=unknown_E
#
# <colnr> <probs for GDERKNQSTAVLIFYWHMCP>
#	G	D	E	R	K	N	Q	S	T	A	V	L	I	F	Y	W	H	M	C	P
0	0.01872	0.01853	0.02903	0.03290	0.27057	0.02250	0.04890	0.02190	0.01507	0.02252	0.01270	0.01884	0.01158	0.01117	0.01866	0.00307	0.40180	0.00726	0.00376	0.01051
1	0.02077	0.05671	0.37720	0.02703	0.15314	0.11058	0.02496	0.05850	0.01953	0.05521	0.01535	0.01782	0.01143	0.00789	0.00768	0.00244	0.01141	0.00624	0.00418	0.01193
2	0.01387	0.01175	0.01349	0.07589	0.01885	0.01247	0.01030	0.02335	0.23675	0.02573	0.05089	0.18951	0.25119	0.01710	0.00915	0.00286	0.00566	0.01469	0.00742	0.00908
3	0.02457	0.02423	0.02836	0.06703	0.34827	0.17167	0.02059	0.16180	0.02375	0.03016	0.01554	0.01878	0.01242	0.00809	0.00789	0.00236	0.01068	0.00679	0.00494	0.01209
4	0.01056	0.00754	0.01019	0.01207	0.01283	0.00717	0.00870	0.01246	0.01620	0.02147	0.04435	0.57909	0.05220	0.02479	0.01054	0.00339	0.00529	0.14687	0.00752	0.00678
