[name]
unknown

[dist]
# distance from previous block
# <min> <max>
0	6

[block]
# block no. 0 follows, 22 sequences, length 8
# corresponding to MSA columns:
# 6-13
name=unknown_A
#
# <colnr> <probs for GDERKNQSTAVLIFYWHMCP>
#	G	D	E	R	K	N	Q	S	T	A	V	L	I	F	Y	W	H	M	C	P
0	0.06791	0.01692	0.02660	0.03623	0.39918	0.01670	0.02012	0.02715	0.01961	0.15182	0.02291	0.03239	0.01945	0.01027	0.00854	0.00269	0.00879	0.09452	0.00590	0.01229
1	0.02101	0.13336	0.03008	0.03214	0.32701	0.08463	0.01871	0.02498	0.01861	0.02521	0.01447	0.01797	0.01229	0.00715	0.00715	0.00201	0.00926	0.00608	0.00425	0.20363
2	0.21781	0.02095	0.02188	0.02418	0.18332	0.11492	0.01537	0.12339	0.02180	0.03334	0.06144	0.02051	0.01657	0.00865	0.00724	0.00234	0.00880	0.00667	0.00554	0.08530
3	0.02018	0.01882	0.02820	0.08150	0.30951	0.02012	0.06592	0.03284	0.27115	0.02976	0.02303	0.02505	0.01792	0.00901	0.00844	0.00266	0.00893	0.00839	0.00585	0.01273
4	0.02056	0.01974	0.03372	0.05099	0.65622	0.01974	0.02550	0.02550	0.01892	0.02714	0.01563	0.02056	0.01316	0.00740	0.00822	0.00247	0.00987	0.00740	0.00411	0.01316
5	0.02056	0.01974	0.03372	0.05099	0.65622	0.01974	0.02550	0.02550	0.01892	0.02714	0.01563	0.02056	0.01316	0.00740	0.00822	0.00247	0.00987	0.00740	0.00411	0.01316
6	0.17362	0.01599	0.01309	0.01219	0.01575	0.11753	0.00933	0.06333	0.02011	0.02787	0.07919	0.10569	0.28510	0.01567	0.00842	0.00267	0.00680	0.01253	0.00674	0.00839
7	0.02689	0.02209	0.02219	0.02022	0.07887	0.10706	0.01484	0.34192	0.09153	0.04076	0.02114	0.02220	0.01584	0.00964	0.00781	0.00239	0.00888	0.00742	0.12595	0.01234

[dist]
# distance from previous block
# <min> <max>
0	1

[block]
# block no. 1 follows, 22 sequences, length 49
# corresponding to MSA columns:
# 15-63
name=unknown_B
#
# <colnr> <probs for GDERKNQSTAVLIFYWHMCP>
#	G	D	E	R	K	N	Q	S	T	A	V	L	I	F	Y	W	H	M	C	P
0	0.02127	0.01881	0.03176	0.11445	0.54785	0.01906	0.02428	0.02614	0.01903	0.07273	0.01679	0.02129	0.01348	0.00771	0.00824	0.00251	0.00979	0.00747	0.00452	0.01282
1	0.01986	0.01900	0.03207	0.04821	0.61405	0.01891	0.02424	0.02461	0.01892	0.02683	0.02011	0.02444	0.05498	0.00829	0.00833	0.00249	0.00950	0.00806	0.00435	0.01276
2	0.01964	0.01880	0.03206	0.17135	0.54305	0.01950	0.02504	0.02469	0.01848	0.02602	0.01546	0.02086	0.01277	0.00757	0.00824	0.00252	0.01010	0.00740	0.00403	0.01242
3	0.02186	0.03441	0.46766	0.02110	0.03148	0.01769	0.02511	0.03088	0.06035	0.17898	0.02044	0.02100	0.01391	0.00869	0.00804	0.00263	0.01065	0.00688	0.00546	0.01278
4	0.01666	0.04297	0.66500	0.02368	0.03596	0.01929	0.03069	0.02631	0.01754	0.02631	0.01491	0.01754	0.01052	0.00789	0.00789	0.00263	0.01228	0.00614	0.00351	0.01228
5	0.01942	0.01858	0.03167	0.19963	0.51647	0.01944	0.02493	0.02450	0.01838	0.02576	0.01543	0.02093	0.01267	0.00761	0.00824	0.00254	0.01015	0.00740	0.00401	0.01224
6	0.01482	0.02224	0.22729	0.02478	0.18357	0.01417	0.01934	0.01996	0.01791	0.02465	0.03708	0.16230	0.16945	0.01426	0.00894	0.00277	0.00837	0.01242	0.00544	0.01023
7	0.04864	0.01401	0.01611	0.01616	0.05915	0.04453	0.01188	0.02708	0.15297	0.12535	0.16614	0.05051	0.11507	0.01477	0.00915	0.00282	0.00658	0.10078	0.00805	0.01027
8	0.01089	0.00815	0.01120	0.01247	0.01310	0.00846	0.00878	0.01263	0.01527	0.02080	0.03964	0.54548	0.04640	0.03174	0.12830	0.00514	0.04753	0.02009	0.00690	0.00700
9	0.01036	0.00821	0.00937	0.00996	0.01203	0.00723	0.00738	0.01259	0.01858	0.02328	0.12095	0.23802	0.40070	0.02211	0.01015	0.00302	0.00462	0.06654	0.00783	0.00707
10	0.02123	0.02162	0.03109	0.14032	0.48556	0.10577	0.02390	0.02588	0.01919	0.02538	0.01513	0.02006	0.01253	0.00769	0.00814	0.00247	0.01072	0.00713	0.00407	0.01212
11	0.01666	0.04297	0.66500	0.02368	0.03596	0.01929	0.03069	0.02631	0.01754	0.02631	0.01491	0.01754	0.01052	0.00789	0.00789	0.00263	0.01228	0.00614	0.00351	0.01228
12	0.01027	0.00744	0.00971	0.01125	0.01203	0.00688	0.00763	0.01202	0.01689	0.02254	0.11118	0.59545	0.09647	0.02476	0.01047	0.00326	0.00469	0.02233	0.00786	0.00688
13	0.02508	0.02601	0.02958	0.03813	0.38868	0.21222	0.02145	0.10712	0.02292	0.02847	0.01538	0.01885	0.01257	0.00808	0.00802	0.00237	0.01127	0.00681	0.00471	0.01225
14	0.02129	0.01997	0.03314	0.04888	0.61445	0.02014	0.02485	0.06545	0.02025	0.02881	0.01591	0.02052	0.01322	0.00757	0.00823	0.00247	0.00982	0.00741	0.00439	0.01322
15	0.01160	0.00932	0.01053	0.01111	0.01316	0.00896	0.00797	0.01665	0.11186	0.02376	0.05941	0.35033	0.29104	0.02178	0.00996	0.00306	0.00484	0.01901	0.00783	0.00782
16	0.02781	0.03349	0.02667	0.03050	0.21950	0.47337	0.01895	0.03081	0.02212	0.02242	0.01370	0.01670	0.01146	0.00820	0.00772	0.00224	0.01341	0.00598	0.00423	0.01072
17	0.08553	0.22836	0.19606	0.02908	0.23019	0.02343	0.04764	0.02547	0.01758	0.02557	0.01394	0.01713	0.01137	0.00745	0.00709	0.00233	0.01007	0.00606	0.00389	0.01175
18	0.02180	0.31151	0.26001	0.02080	0.06391	0.08692	0.02102	0.07920	0.01980	0.02534	0.01383	0.01597	0.01106	0.00779	0.00687	0.00222	0.01074	0.00557	0.00406	0.01159
19	0.01036	0.00880	0.01066	0.01046	0.01296	0.00762	0.03634	0.01254	0.01823	0.02234	0.07159	0.22872	0.47669	0.02158	0.01001	0.00294	0.00483	0.01864	0.00755	0.00715
20	0.02625	0.03023	0.10688	0.02229	0.08427	0.31630	0.01743	0.03275	0.10826	0.10225	0.02285	0.02344	0.05117	0.00967	0.00799	0.00242	0.01139	0.00728	0.00568	0.01120
21	0.02250	0.06516	0.14238	0.01565	0.02158	0.01520	0.01485	0.10971	0.02345	0.19262	0.18481	0.09595	0.03502	0.01275	0.00864	0.00260	0.00746	0.01068	0.00773	0.01125
22	0.01666	0.04297	0.66500	0.02368	0.03596	0.01929	0.03069	0.02631	0.01754	0.02631	0.01491	0.01754	0.01052	0.00789	0.00789	0.00263	0.01228	0.00614	0.00351	0.01228
23	0.02249	0.02599	0.03807	0.03228	0.11733	0.18771	0.32864	0.02745	0.01980	0.02440	0.01503	0.01984	0.01202	0.00823	0.01082	0.00268	0.08414	0.00809	0.00415	0.01084
24	0.02254	0.02349	0.03180	0.04540	0.53709	0.14348	0.02371	0.02695	0.01979	0.02585	0.01510	0.01951	0.01269	0.00762	0.00809	0.00241	0.01084	0.00701	0.00414	0.01249
25	0.02020	0.02277	0.01857	0.02035	0.11353	0.28160	0.01331	0.02279	0.02086	0.02273	0.06978	0.07958	0.23314	0.01400	0.00867	0.00251	0.00947	0.01128	0.00584	0.00902
26	0.01695	0.00966	0.01268	0.01126	0.01418	0.00871	0.00868	0.02064	0.02337	0.16278	0.49944	0.05584	0.09118	0.01577	0.00950	0.00261	0.00458	0.01375	0.00932	0.00910
27	0.01980	0.33734	0.36083	0.01941	0.02903	0.05693	0.02274	0.02601	0.01754	0.02305	0.01333	0.01556	0.01059	0.00758	0.00675	0.00223	0.01092	0.00535	0.00357	0.01144
28	0.01977	0.41822	0.31697	0.01838	0.02776	0.02690	0.02147	0.02551	0.01717	0.02252	0.01303	0.01518	0.01060	0.00745	0.00646	0.00215	0.01038	0.00519	0.00353	0.01137
29	0.00993	0.00796	0.00888	0.00962	0.01154	0.00691	0.00685	0.01179	0.01778	0.02197	0.06947	0.31824	0.42404	0.02295	0.01012	0.00302	0.00444	0.01986	0.00771	0.00691
30	0.02764	0.09885	0.02868	0.02741	0.18578	0.22046	0.01818	0.23303	0.02696	0.03289	0.01583	0.01792	0.01249	0.00860	0.00773	0.00231	0.01106	0.00650	0.00553	0.01217
31	0.02404	0.02549	0.18526	0.01864	0.02583	0.02073	0.01808	0.35943	0.03064	0.04213	0.13805	0.02729	0.02535	0.01077	0.00849	0.00255	0.00895	0.00856	0.00725	0.01247
32	0.02006	0.01922	0.03281	0.11709	0.59407	0.01961	0.02524	0.02505	0.01868	0.02653	0.01554	0.02073	0.01294	0.00750	0.00823	0.00250	0.00999	0.00740	0.00407	0.01275
33	0.01002	0.00838	0.00847	0.00847	0.01103	0.00710	0.00620	0.01194	0.01833	0.02189	0.07907	0.07770	0.59818	0.08136	0.01267	0.00327	0.00455	0.01705	0.00748	0.00684
34	0.02250	0.02385	0.03043	0.11019	0.44696	0.17241	0.02304	0.02684	0.01976	0.02494	0.01489	0.01942	0.01237	0.00777	0.00806	0.00242	0.01119	0.00692	0.00411	0.01193
35	0.03017	0.10764	0.02573	0.02046	0.02524	0.55149	0.01584	0.08459	0.02422	0.02306	0.01333	0.01525	0.01100	0.00853	0.00734	0.00213	0.01384	0.00544	0.00456	0.01013
36	0.00982	0.00842	0.00842	0.00842	0.01122	0.00701	0.00631	0.01192	0.01894	0.02244	0.08416	0.07995	0.65285	0.02104	0.00982	0.00281	0.00421	0.01753	0.00771	0.00701
37	0.02172	0.65421	0.09810	0.01505	0.02261	0.03168	0.01566	0.02500	0.01694	0.02014	0.01184	0.01370	0.01065	0.00718	0.00556	0.00185	0.00918	0.00459	0.00355	0.01080
38	0.23688	0.10711	0.02079	0.01385	0.02002	0.01736	0.01176	0.06215	0.02093	0.37534	0.02350	0.02182	0.01575	0.00914	0.00706	0.00246	0.00723	0.00673	0.00788	0.01226
39	0.02628	0.02938	0.02727	0.02263	0.02800	0.32772	0.13054	0.08700	0.18140	0.02800	0.01955	0.02090	0.01509	0.00908	0.00824	0.00247	0.01214	0.00741	0.00568	0.01122
40	0.01061	0.00845	0.00951	0.00924	0.01170	0.00735	0.00693	0.01345	0.02080	0.02686	0.31468	0.07268	0.41958	0.01939	0.00981	0.00273	0.00409	0.01651	0.00830	0.00735
41	0.01208	0.00805	0.00906	0.00906	0.00906	0.00805	0.00503	0.01208	0.01208	0.01611	0.02618	0.05436	0.03020	0.70804	0.04228	0.00805	0.00805	0.01208	0.00503	0.00503
42	0.01012	0.00723	0.00964	0.01157	0.01205	0.00675	0.00771	0.01157	0.01591	0.02121	0.04579	0.70262	0.05495	0.02603	0.01060	0.00337	0.00482	0.02362	0.00771	0.00675
43	0.76672	0.01607	0.01221	0.01092	0.01607	0.01864	0.00900	0.02442	0.01414	0.03727	0.01157	0.01350	0.00900	0.00771	0.00514	0.00257	0.00643	0.00450	0.00514	0.00900
44	0.01187	0.00890	0.01335	0.01335	0.01483	0.01038	0.01038	0.01483	0.01335	0.01928	0.02225	0.03264	0.02077	0.06231	0.67512	0.01335	0.02225	0.00890	0.00445	0.00742
45	0.01818	0.01818	0.02545	0.02181	0.02181	0.02545	0.01818	0.01999	0.01272	0.01999	0.01091	0.01818	0.01091	0.01454	0.02726	0.00364	0.69284	0.00727	0.00364	0.00909
46	0.02172	0.65421	0.09810	0.01505	0.02261	0.03168	0.01566	0.02500	0.01694	0.02014	0.01184	0.01370	0.01065	0.00718	0.00556	0.00185	0.00918	0.00459	0.00355	0.01080
47	0.00986	0.00826	0.00858	0.00883	0.01133	0.00698	0.00650	0.01188	0.01854	0.02228	0.07911	0.16192	0.57415	0.02170	0.00992	0.00288	0.00429	0.01833	0.00771	0.00698
48	0.02056	0.01974	0.03372	0.05099	0.65622	0.01974	0.02550	0.02550	0.01892	0.02714	0.01563	0.02056	0.01316	0.00740	0.00822	0.00247	0.00987	0.00740	0.00411	0.01316

[dist]
# distance from previous block
# <min> <max>
0	31

[block]
# block no. 2 follows, 22 sequences, length 379
# corresponding to MSA columns:
# 95-473
name=unknown_C
#
# <colnr> <probs for GDERKNQSTAVLIFYWHMCP>
#	G	D	E	R	K	N	Q	S	T	A	V	L	I	F	Y	W	H	M	C	P
0	0.01062	0.00857	0.00954	0.00965	0.01218	0.00748	0.00747	0.01329	0.01983	0.02481	0.18758	0.07822	0.46923	0.02050	0.01002	0.00289	0.00457	0.08833	0.00798	0.00725
1	0.01012	0.00723	0.00964	0.01157	0.01205	0.00675	0.00771	0.01157	0.01591	0.02121	0.04579	0.70262	0.05495	0.02603	0.01060	0.00337	0.00482	0.02362	0.00771	0.00675
2	0.02266	0.02371	0.03168	0.04507	0.52997	0.15088	0.02360	0.02703	0.01984	0.02578	0.01507	0.01944	0.01267	0.00763	0.00808	0.00240	0.01089	0.00699	0.00415	0.01245
3	0.01045	0.00748	0.00993	0.01134	0.01212	0.00697	0.00774	0.01239	0.01743	0.02363	0.16713	0.57436	0.05964	0.02422	0.01044	0.00322	0.00464	0.02190	0.00800	0.00697
4	0.01699	0.08297	0.62790	0.02311	0.03508	0.02010	0.02971	0.02622	0.01750	0.02591	0.01471	0.01729	0.01053	0.00785	0.00774	0.00258	0.01207	0.00604	0.00351	0.01218
5	0.01215	0.01620	0.16024	0.01566	0.01927	0.01041	0.04862	0.01577	0.01649	0.02267	0.03713	0.50829	0.04245	0.02082	0.00994	0.00317	0.00704	0.01886	0.00656	0.00826
6	0.02056	0.01974	0.03372	0.05099	0.65622	0.01974	0.02550	0.02550	0.01892	0.02714	0.01563	0.02056	0.01316	0.00740	0.00822	0.00247	0.00987	0.00740	0.00411	0.01316
7	0.02778	0.03367	0.02592	0.06659	0.17021	0.48856	0.01859	0.03075	0.02209	0.02192	0.01358	0.01666	0.01128	0.00828	0.00770	0.00225	0.01360	0.00593	0.00421	0.01041
8	0.02056	0.01974	0.03372	0.05099	0.65622	0.01974	0.02550	0.02550	0.01892	0.02714	0.01563	0.02056	0.01316	0.00740	0.00822	0.00247	0.00987	0.00740	0.00411	0.01316
9	0.01666	0.04297	0.66500	0.02368	0.03596	0.01929	0.03069	0.02631	0.01754	0.02631	0.01491	0.01754	0.01052	0.00789	0.00789	0.00263	0.01228	0.00614	0.00351	0.01228
10	0.01006	0.00843	0.00874	0.00866	0.01137	0.00711	0.00650	0.01238	0.01950	0.02377	0.15359	0.07776	0.58259	0.02054	0.00982	0.00278	0.00417	0.01723	0.00789	0.00711
11	0.01638	0.04098	0.62724	0.02291	0.03460	0.01863	0.02937	0.02569	0.01788	0.02671	0.05169	0.02011	0.01444	0.00842	0.00800	0.00263	0.01179	0.00665	0.00383	0.01202
12	0.01129	0.00795	0.01026	0.01123	0.01208	0.00761	0.00782	0.01320	0.01696	0.02292	0.16247	0.35287	0.05315	0.17852	0.01773	0.00434	0.00572	0.08981	0.00738	0.00669
13	0.01666	0.04297	0.66500	0.02368	0.03596	0.01929	0.03069	0.02631	0.01754	0.02631	0.01491	0.01754	0.01052	0.00789	0.00789	0.00263	0.01228	0.00614	0.00351	0.01228
14	0.01666	0.04297	0.66500	0.02368	0.03596	0.01929	0.03069	0.02631	0.01754	0.02631	0.01491	0.01754	0.01052	0.00789	0.00789	0.00263	0.01228	0.00614	0.00351	0.01228
15	0.02894	0.03562	0.02558	0.02733	0.15193	0.54355	0.01794	0.03164	0.02262	0.02169	0.01340	0.01610	0.01119	0.00833	0.00764	0.00221	0.01396	0.00576	0.00425	0.01034
16	0.01899	0.01813	0.03088	0.25647	0.46303	0.01933	0.02471	0.02412	0.01817	0.02523	0.01535	0.02107	0.01249	0.00769	0.00825	0.00256	0.01026	0.00740	0.00398	0.01189
17	0.02992	0.02087	0.02252	0.01749	0.02355	0.02282	0.01437	0.52182	0.03558	0.08312	0.02152	0.02175	0.01536	0.00995	0.00801	0.00243	0.00838	0.00756	0.09964	0.01335
18	0.01665	0.01595	0.02378	0.17157	0.02891	0.02096	0.04082	0.01938	0.01384	0.02007	0.01430	0.02394	0.01364	0.08973	0.06131	0.00444	0.40017	0.00800	0.00387	0.00867
19	0.02097	0.02153	0.03658	0.04560	0.47960	0.05913	0.16113	0.02621	0.01935	0.02661	0.01573	0.02065	0.01289	0.00738	0.00854	0.00252	0.01111	0.00782	0.00414	0.01251
20	0.01076	0.00815	0.00986	0.01103	0.01226	0.00768	0.00757	0.01356	0.05250	0.02200	0.05276	0.48911	0.18727	0.05961	0.01195	0.00346	0.00495	0.02082	0.00762	0.00709
21	0.01052	0.00751	0.01010	0.01202	0.01268	0.00709	0.00841	0.01226	0.01630	0.02165	0.04557	0.62815	0.05407	0.02565	0.01071	0.00343	0.00517	0.09415	0.00770	0.00686
22	0.03158	0.02327	0.02493	0.01911	0.02576	0.02576	0.01579	0.62852	0.03906	0.05236	0.01995	0.01995	0.01413	0.00997	0.00831	0.00249	0.00914	0.00748	0.00831	0.01413
23	0.02859	0.02721	0.15309	0.02003	0.02780	0.02447	0.01877	0.50794	0.03475	0.04714	0.01894	0.01946	0.01341	0.00956	0.00823	0.00252	0.00977	0.00721	0.00735	0.01376
24	0.01569	0.01477	0.02492	0.68808	0.05722	0.01846	0.02307	0.02123	0.01661	0.02123	0.01477	0.02215	0.01107	0.00831	0.00831	0.00277	0.01107	0.00738	0.00369	0.00923
25	0.02394	0.02614	0.03044	0.04145	0.45285	0.23098	0.02245	0.02797	0.02041	0.02494	0.01473	0.01876	0.01237	0.00778	0.00799	0.00236	0.01152	0.00674	0.00417	0.01202
26	0.01030	0.00843	0.00908	0.00892	0.01152	0.00722	0.00669	0.01286	0.02007	0.02514	0.22527	0.07550	0.51005	0.02003	0.00981	0.00276	0.00414	0.01691	0.00807	0.00722
27	0.01699	0.08297	0.62790	0.02311	0.03508	0.02010	0.02971	0.02622	0.01750	0.02591	0.01471	0.01729	0.01053	0.00785	0.00774	0.00258	0.01207	0.00604	0.00351	0.01218
28	0.03103	0.03959	0.02354	0.02140	0.02568	0.67469	0.01605	0.03317	0.02354	0.02033	0.01284	0.01498	0.01070	0.00856	0.00749	0.00214	0.01498	0.00535	0.00428	0.00963
29	0.01480	0.01192	0.01370	0.01314	0.01619	0.01245	0.01032	0.02523	0.23769	0.03065	0.24444	0.05925	0.15070	0.01662	0.00960	0.00291	0.00549	0.10694	0.00843	0.00952
30	0.00997	0.00842	0.00863	0.00858	0.01132	0.00708	0.00643	0.01222	0.01930	0.02331	0.12969	0.07851	0.60677	0.02071	0.00982	0.00279	0.00418	0.01733	0.00783	0.00708
31	0.03103	0.03959	0.02354	0.02140	0.02568	0.67469	0.01605	0.03317	0.02354	0.02033	0.01284	0.01498	0.01070	0.00856	0.00749	0.00214	0.01498	0.00535	0.00428	0.00963
32	0.01915	0.01830	0.03118	0.23505	0.48316	0.01937	0.02480	0.02426	0.01825	0.02543	0.01538	0.02102	0.01256	0.00766	0.00825	0.00255	0.01022	0.00740	0.00399	0.01202
33	0.01270	0.00979	0.01361	0.01317	0.01405	0.01156	0.00982	0.01468	0.01291	0.01847	0.02198	0.03704	0.02224	0.23990	0.41612	0.01066	0.10023	0.00960	0.00452	0.00694
34	0.01151	0.00848	0.01077	0.01020	0.01226	0.00774	0.00765	0.01521	0.02294	0.03195	0.58074	0.06430	0.15034	0.01749	0.00980	0.00264	0.00396	0.01534	0.00897	0.00774
35	0.01012	0.00723	0.00964	0.01157	0.01205	0.00675	0.00771	0.01157	0.01591	0.02121	0.04579	0.70262	0.05495	0.02603	0.01060	0.00337	0.00482	0.02362	0.00771	0.00675
36	0.02056	0.01974	0.03372	0.05099	0.65622	0.01974	0.02550	0.02550	0.01892	0.02714	0.01563	0.02056	0.01316	0.00740	0.00822	0.00247	0.00987	0.00740	0.00411	0.01316
37	0.01549	0.00774	0.00774	0.00774	0.00968	0.00774	0.00581	0.01936	0.01742	0.03097	0.02710	0.03097	0.02129	0.00968	0.00581	0.00194	0.00387	0.00774	0.75416	0.00774
38	0.01187	0.00890	0.01335	0.01335	0.01483	0.01038	0.01038	0.01483	0.01335	0.01928	0.02225	0.03264	0.02077	0.06231	0.67512	0.01335	0.02225	0.00890	0.00445	0.00742
39	0.01666	0.04297	0.66500	0.02368	0.03596	0.01929	0.03069	0.02631	0.01754	0.02631	0.01491	0.01754	0.01052	0.00789	0.00789	0.00263	0.01228	0.00614	0.00351	0.01228
40	0.03003	0.02286	0.02161	0.01775	0.02324	0.15095	0.01409	0.25008	0.13156	0.17929	0.02403	0.02428	0.01752	0.04258	0.00977	0.00275	0.00936	0.00778	0.00782	0.01264
41	0.01208	0.00805	0.00906	0.00906	0.00906	0.00805	0.00503	0.01208	0.01208	0.01611	0.02618	0.05436	0.03020	0.70804	0.04228	0.00805	0.00805	0.01208	0.00503	0.00503
42	0.01012	0.00723	0.00964	0.01157	0.01205	0.00675	0.00771	0.01157	0.01591	0.02121	0.04579	0.70262	0.05495	0.02603	0.01060	0.00337	0.00482	0.02362	0.00771	0.00675
43	0.02238	0.14412	0.17456	0.02749	0.16982	0.19274	0.02146	0.02690	0.01871	0.02306	0.01349	0.01694	0.01124	0.00864	0.00981	0.00245	0.09511	0.00608	0.00387	0.01113
44	0.03013	0.03538	0.02328	0.02068	0.02531	0.52704	0.01574	0.11324	0.08369	0.02594	0.01576	0.01715	0.01253	0.00900	0.00769	0.00225	0.01342	0.00601	0.00521	0.01056
45	0.01012	0.00723	0.00964	0.01157	0.01205	0.00675	0.00771	0.01157	0.01591	0.02121	0.04579	0.70262	0.05495	0.02603	0.01060	0.00337	0.00482	0.02362	0.00771	0.00675
46	0.02627	0.02242	0.16578	0.01776	0.02489	0.01748	0.01689	0.06298	0.24949	0.26246	0.02857	0.02649	0.01978	0.01009	0.00828	0.00267	0.00815	0.00820	0.00799	0.01335
47	0.02172	0.02432	0.17513	0.04037	0.43788	0.01872	0.02505	0.02751	0.01920	0.10459	0.01756	0.02082	0.01347	0.00787	0.00817	0.00252	0.01007	0.00723	0.00473	0.01308
48	0.02946	0.03697	0.02377	0.02145	0.02521	0.59529	0.01631	0.03156	0.02222	0.02029	0.01260	0.01537	0.01073	0.00929	0.00991	0.00232	0.09789	0.00559	0.00420	0.00956
49	0.01666	0.04297	0.66500	0.02368	0.03596	0.01929	0.03069	0.02631	0.01754	0.02631	0.01491	0.01754	0.01052	0.00789	0.00789	0.00263	0.01228	0.00614	0.00351	0.01228
50	0.01111	0.01279	0.08935	0.01116	0.01501	0.00884	0.01020	0.01436	0.01879	0.02322	0.07056	0.07407	0.49710	0.01968	0.00979	0.00291	0.00563	0.09049	0.00719	0.00774
51	0.01813	0.07662	0.51147	0.02462	0.03566	0.05445	0.11220	0.02663	0.01811	0.02567	0.01488	0.01786	0.01083	0.00776	0.00800	0.00258	0.01247	0.00652	0.00365	0.01190
52	0.01001	0.00767	0.00919	0.01041	0.01174	0.00685	0.00720	0.01170	0.01702	0.02166	0.05993	0.47306	0.27537	0.02419	0.01031	0.00316	0.00459	0.02137	0.00771	0.00685
53	0.01732	0.15487	0.02625	0.07785	0.02328	0.02286	0.01603	0.01990	0.01405	0.01985	0.01398	0.02087	0.01313	0.02344	0.16967	0.00541	0.34131	0.00709	0.00381	0.00903
54	0.28016	0.17869	0.12828	0.01526	0.02179	0.02205	0.01484	0.02887	0.15304	0.03039	0.01831	0.02122	0.01479	0.00900	0.00662	0.00251	0.00803	0.03004	0.00534	0.01077
55	0.01530	0.01369	0.02070	0.02396	0.16174	0.01610	0.01551	0.01808	0.01494	0.02165	0.02221	0.15990	0.02306	0.02888	0.20492	0.00610	0.20838	0.01104	0.00479	0.00906
56	0.02222	0.01650	0.01787	0.01528	0.01946	0.01816	0.01171	0.19121	0.27844	0.07221	0.03016	0.03498	0.04613	0.16925	0.01613	0.00390	0.00754	0.00973	0.00772	0.01140
57	0.02107	0.02220	0.03493	0.11668	0.37185	0.09998	0.15999	0.02620	0.01937	0.02551	0.01545	0.02048	0.01249	0.00756	0.00850	0.00254	0.01157	0.00769	0.00410	0.01184
58	0.02147	0.02020	0.01933	0.15037	0.02759	0.16008	0.01438	0.10659	0.11836	0.05747	0.03599	0.03625	0.17289	0.01228	0.00853	0.00260	0.00909	0.00982	0.00647	0.01025
59	0.05295	0.01659	0.02037	0.02000	0.09567	0.01838	0.01400	0.20517	0.05523	0.06679	0.02274	0.03428	0.02069	0.16957	0.01845	0.00402	0.09212	0.05600	0.00642	0.01055
60	0.01742	0.03717	0.49857	0.02676	0.06186	0.01990	0.13775	0.02604	0.01775	0.02611	0.01510	0.01857	0.01103	0.00802	0.00914	0.00270	0.04356	0.00691	0.00366	0.01197
61	0.01593	0.16562	0.32207	0.01715	0.02504	0.01810	0.01960	0.02207	0.01891	0.02613	0.16609	0.03346	0.09461	0.01120	0.00802	0.00247	0.00884	0.00903	0.00525	0.01038
62	0.01903	0.32879	0.39991	0.01964	0.02971	0.02508	0.02366	0.02570	0.01726	0.02342	0.01348	0.01574	0.01058	0.00756	0.00680	0.00227	0.01083	0.00542	0.00353	0.01159
63	0.01855	0.02324	0.17004	0.03921	0.41634	0.01800	0.02470	0.02434	0.01865	0.02659	0.02003	0.03165	0.01815	0.01001	0.00867	0.00272	0.01004	0.10244	0.00455	0.01208
64	0.02027	0.02105	0.05961	0.12637	0.52722	0.04946	0.02499	0.02536	0.01879	0.02607	0.01536	0.02037	0.01268	0.00759	0.00819	0.00250	0.01035	0.00725	0.00404	0.01248
65	0.01891	0.02440	0.15481	0.30139	0.19345	0.08918	0.02402	0.02551	0.04399	0.02414	0.01559	0.02044	0.01202	0.00815	0.00812	0.00260	0.01125	0.00700	0.00402	0.01100
66	0.01920	0.02120	0.04227	0.03123	0.03723	0.02228	0.45190	0.02471	0.01764	0.02471	0.01512	0.02120	0.01212	0.00916	0.01481	0.00304	0.20849	0.00908	0.00404	0.01060
67	0.01922	0.01948	0.05751	0.03060	0.15670	0.01824	0.26853	0.10303	0.02117	0.02895	0.02319	0.16869	0.02200	0.01163	0.00939	0.00281	0.01048	0.01186	0.00546	0.01106
68	0.02830	0.02629	0.15601	0.01958	0.02726	0.02307	0.01842	0.42367	0.06938	0.09350	0.02074	0.02076	0.01456	0.00965	0.00824	0.00255	0.00947	0.00739	0.00748	0.01369
69	0.02697	0.10521	0.02539	0.02027	0.02400	0.46543	0.01589	0.02916	0.02053	0.02014	0.01291	0.01629	0.01128	0.01232	0.04703	0.00296	0.12482	0.00576	0.00411	0.00953
70	0.01978	0.01894	0.03230	0.15342	0.55992	0.01953	0.02511	0.02481	0.01855	0.02619	0.01549	0.02082	0.01282	0.00755	0.00824	0.00252	0.01006	0.00740	0.00404	0.01253
71	0.02146	0.52219	0.18332	0.01678	0.02489	0.06685	0.01806	0.02568	0.01741	0.02112	0.01239	0.01438	0.01063	0.00737	0.00604	0.00199	0.01001	0.00488	0.00359	0.01097
72	0.01191	0.00873	0.01249	0.01249	0.01368	0.00992	0.00931	0.01428	0.01310	0.01865	0.02304	0.03699	0.02266	0.19160	0.54841	0.01229	0.01941	0.00954	0.00457	0.00694
73	0.02252	0.19234	0.24152	0.02265	0.03084	0.21044	0.11673	0.02799	0.01943	0.02309	0.01385	0.01661	0.01093	0.00776	0.00749	0.00232	0.01255	0.00610	0.00385	0.01098
74	0.02056	0.01974	0.03372	0.05099	0.65622	0.01974	0.02550	0.02550	0.01892	0.02714	0.01563	0.02056	0.01316	0.00740	0.00822	0.00247	0.00987	0.00740	0.00411	0.01316
75	0.01008	0.00739	0.00948	0.01115	0.01194	0.00678	0.00753	0.01161	0.01631	0.02137	0.05088	0.61996	0.13432	0.02536	0.01050	0.00330	0.00474	0.02281	0.00771	0.00678
76	0.02043	0.01552	0.01676	0.01495	0.01947	0.01693	0.01166	0.03724	0.44366	0.10594	0.04381	0.04051	0.15089	0.01312	0.00872	0.00279	0.00616	0.01091	0.00852	0.01203
77	0.02033	0.01892	0.01792	0.01626	0.02066	0.08877	0.01255	0.03869	0.49257	0.03158	0.03825	0.03578	0.10709	0.01228	0.00853	0.00274	0.00716	0.01004	0.00791	0.01196
78	0.01422	0.16830	0.01843	0.01142	0.01443	0.01360	0.00935	0.01761	0.02115	0.02881	0.44408	0.05186	0.05888	0.05625	0.01079	0.00280	0.00545	0.03671	0.00757	0.00830
79	0.02458	0.01771	0.01945	0.01674	0.02192	0.01967	0.01323	0.09846	0.47703	0.14567	0.03233	0.02948	0.02347	0.01098	0.00842	0.00274	0.00690	0.00903	0.00876	0.01341
80	0.03130	0.03169	0.02421	0.02029	0.02572	0.36042	0.01592	0.32150	0.03106	0.03584	0.01628	0.01739	0.01236	0.00924	0.00789	0.00231	0.01215	0.00638	0.00623	0.01181
81	0.01141	0.00958	0.01005	0.00973	0.01265	0.00879	0.00735	0.01637	0.09566	0.02541	0.15432	0.07156	0.49887	0.01930	0.00965	0.00278	0.00446	0.01620	0.00800	0.00787
82	0.02074	0.11424	0.03988	0.11404	0.16320	0.08349	0.29347	0.02612	0.01911	0.02453	0.01525	0.02010	0.01209	0.00740	0.00849	0.00253	0.01223	0.00790	0.00404	0.01113
83	0.01818	0.01818	0.02545	0.02181	0.02181	0.02545	0.01818	0.01999	0.01272	0.01999	0.01091	0.01818	0.01091	0.01454	0.02726	0.00364	0.69284	0.00727	0.00364	0.00909
84	0.01025	0.00764	0.00959	0.01108	0.01218	0.00698	0.00774	0.01199	0.01679	0.02171	0.05438	0.52440	0.19011	0.02471	0.01048	0.00327	0.00485	0.05728	0.00771	0.00686
85	0.02995	0.12196	0.02599	0.02052	0.02515	0.59620	0.01583	0.03216	0.02273	0.02024	0.01268	0.01478	0.01070	0.00838	0.00723	0.00210	0.01424	0.00524	0.00419	0.00976
86	0.02119	0.02092	0.03311	0.04922	0.61858	0.05884	0.02493	0.02595	0.01919	0.02673	0.01546	0.02023	0.01301	0.00747	0.00818	0.00245	0.01017	0.00728	0.00412	0.01295
87	0.01086	0.00776	0.01049	0.01241	0.01322	0.00739	0.00900	0.01285	0.01664	0.02204	0.04538	0.56452	0.05333	0.02533	0.01080	0.00348	0.00546	0.15441	0.00770	0.00695
88	0.03116	0.03589	0.02386	0.02088	0.02570	0.52752	0.01599	0.16820	0.02706	0.02759	0.01445	0.01611	0.01148	0.00888	0.00768	0.00222	0.01366	0.00583	0.00519	0.01065
89	0.03158	0.02327	0.02493	0.01911	0.02576	0.02576	0.01579	0.62852	0.03906	0.05236	0.01995	0.01995	0.01413	0.00997	0.00831	0.00249	0.00914	0.00748	0.00831	0.01413
90	0.00999	0.00847	0.00865	0.00874	0.01150	0.00713	0.00665	0.01217	0.01894	0.02256	0.08226	0.08060	0.62421	0.02113	0.00990	0.00285	0.00437	0.04512	0.00771	0.00704
91	0.01137	0.00875	0.01044	0.01025	0.01242	0.00805	0.00759	0.01533	0.05000	0.02850	0.37133	0.14454	0.25269	0.01909	0.00984	0.00278	0.00424	0.01660	0.00849	0.00769
92	0.01012	0.00723	0.00964	0.01157	0.01205	0.00675	0.00771	0.01157	0.01591	0.02121	0.04579	0.70262	0.05495	0.02603	0.01060	0.00337	0.00482	0.02362	0.00771	0.00675
93	0.03158	0.02327	0.02493	0.01911	0.02576	0.02576	0.01579	0.62852	0.03906	0.05236	0.01995	0.01995	0.01413	0.00997	0.00831	0.00249	0.00914	0.00748	0.00831	0.01413
94	0.01966	0.02225	0.04811	0.03597	0.08000	0.02093	0.59020	0.02654	0.01957	0.02664	0.01674	0.02230	0.01264	0.00703	0.00971	0.00278	0.01376	0.00966	0.00420	0.01132
95	0.03103	0.03959	0.02354	0.02140	0.02568	0.67469	0.01605	0.03317	0.02354	0.02033	0.01284	0.01498	0.01070	0.00856	0.00749	0.00214	0.01498	0.00535	0.00428	0.00963
96	0.01762	0.03709	0.50183	0.02982	0.16059	0.01948	0.06520	0.02616	0.01794	0.02649	0.01517	0.01843	0.01118	0.00774	0.00807	0.00261	0.01190	0.00661	0.00367	0.01239
97	0.01147	0.00888	0.01076	0.01174	0.01401	0.00817	0.00963	0.01433	0.01886	0.02348	0.06364	0.12036	0.34269	0.02219	0.01062	0.00330	0.00582	0.28508	0.00768	0.00729
98	0.01029	0.00874	0.00892	0.00896	0.01170	0.00756	0.00668	0.01324	0.04455	0.02288	0.07978	0.11509	0.59115	0.02093	0.00981	0.00284	0.00434	0.01756	0.00774	0.00725
99	0.02849	0.36177	0.03211	0.01601	0.02228	0.17256	0.01406	0.03119	0.02035	0.20222	0.01787	0.01795	0.01348	0.00834	0.00668	0.00208	0.00975	0.00576	0.00563	0.01142
100	0.01954	0.04229	0.53656	0.02322	0.03390	0.15052	0.02776	0.02768	0.01874	0.02511	0.01449	0.01703	0.01056	0.00803	0.00781	0.00253	0.01282	0.00598	0.00366	0.01175
101	0.00983	0.00836	0.00847	0.00856	0.01126	0.00700	0.00638	0.01191	0.01879	0.02238	0.08234	0.10943	0.62454	0.02128	0.00986	0.00283	0.00424	0.01782	0.00771	0.00700
102	0.03103	0.03959	0.02354	0.02140	0.02568	0.67469	0.01605	0.03317	0.02354	0.02033	0.01284	0.01498	0.01070	0.00856	0.00749	0.00214	0.01498	0.00535	0.00428	0.00963
103	0.01762	0.01634	0.02691	0.50871	0.19143	0.01913	0.02324	0.05386	0.01830	0.02419	0.01523	0.02167	0.01171	0.00819	0.00829	0.00269	0.01070	0.00739	0.00403	0.01038
104	0.01695	0.01606	0.02721	0.52248	0.21291	0.01879	0.02370	0.02234	0.01721	0.02276	0.01499	0.02174	0.01162	0.00807	0.00828	0.00269	0.01076	0.00739	0.00380	0.01025
105	0.01208	0.00805	0.00906	0.00906	0.00906	0.00805	0.00503	0.01208	0.01208	0.01611	0.02618	0.05436	0.03020	0.70804	0.04228	0.00805	0.00805	0.01208	0.00503	0.00503
106	0.01743	0.01443	0.01584	0.01501	0.01866	0.01590	0.01172	0.05656	0.37517	0.03089	0.04269	0.12746	0.11421	0.01586	0.00929	0.00300	0.00630	0.09057	0.00815	0.01087
107	0.02261	0.02269	0.10734	0.08638	0.08658	0.05734	0.01751	0.27441	0.02718	0.03563	0.03081	0.03163	0.14095	0.01143	0.00850	0.00258	0.00917	0.00917	0.00647	0.01163
108	0.02757	0.02647	0.02061	0.01765	0.02229	0.28396	0.01376	0.23564	0.05986	0.03422	0.01923	0.02072	0.01476	0.00941	0.00749	0.00226	0.01031	0.00677	0.15603	0.01098
109	0.01012	0.00723	0.00964	0.01157	0.01205	0.00675	0.00771	0.01157	0.01591	0.02121	0.04579	0.70262	0.05495	0.02603	0.01060	0.00337	0.00482	0.02362	0.00771	0.00675
110	0.01948	0.01836	0.03095	0.04603	0.57748	0.01828	0.02334	0.02429	0.01948	0.02790	0.09344	0.02564	0.02114	0.00857	0.00842	0.00249	0.00914	0.00833	0.00473	0.01251
111	0.01692	0.01885	0.09405	0.14083	0.34734	0.01660	0.02131	0.02182	0.01840	0.02504	0.03095	0.03396	0.15762	0.01069	0.00856	0.00261	0.00904	0.00956	0.00480	0.01104
112	0.01759	0.01048	0.01281	0.01229	0.01566	0.00961	0.00993	0.02158	0.05583	0.16844	0.05709	0.10611	0.28354	0.01883	0.00988	0.00305	0.00591	0.16395	0.00832	0.00913
113	0.01864	0.01778	0.03026	0.30162	0.42057	0.01923	0.02454	0.02382	0.01801	0.02481	0.01529	0.02119	0.01234	0.00776	0.00826	0.00259	0.01034	0.00739	0.00395	0.01161
114	0.01881	0.17047	0.35399	0.02582	0.09950	0.02237	0.10486	0.02700	0.05384	0.02557	0.01566	0.01844	0.01197	0.00776	0.00770	0.00248	0.01124	0.00661	0.00396	0.01196
115	0.02995	0.12196	0.02599	0.02052	0.02515	0.59620	0.01583	0.03216	0.02273	0.02024	0.01268	0.01478	0.01070	0.00838	0.00723	0.00210	0.01424	0.00524	0.00419	0.00976
116	0.01269	0.00864	0.01208	0.01208	0.01367	0.00979	0.00935	0.01586	0.01427	0.02193	0.02335	0.03226	0.02089	0.05039	0.52364	0.01077	0.01809	0.00864	0.17413	0.00749
117	0.03093	0.02295	0.02456	0.01898	0.02551	0.02546	0.01563	0.59363	0.07501	0.05131	0.02077	0.02060	0.01480	0.01005	0.00832	0.00251	0.00899	0.00759	0.00832	0.01407
118	0.01824	0.01829	0.03379	0.31874	0.24739	0.01951	0.17472	0.02395	0.01811	0.02448	0.01555	0.02170	0.01213	0.00769	0.00865	0.00268	0.01142	0.00799	0.00396	0.01099
119	0.02056	0.01974	0.03372	0.05099	0.65622	0.01974	0.02550	0.02550	0.01892	0.02714	0.01563	0.02056	0.01316	0.00740	0.00822	0.00247	0.00987	0.00740	0.00411	0.01316
120	0.00982	0.00842	0.00842	0.00842	0.01122	0.00701	0.00631	0.01192	0.01894	0.02244	0.08416	0.07995	0.65285	0.02104	0.00982	0.00281	0.00421	0.01753	0.00771	0.00701
121	0.03024	0.10195	0.02550	0.02059	0.02528	0.57559	0.01586	0.06793	0.02384	0.02217	0.01314	0.01512	0.01090	0.00851	0.00734	0.00213	0.01406	0.00539	0.00445	0.01000
122	0.01312	0.00950	0.01163	0.01239	0.01458	0.00913	0.00966	0.01749	0.07378	0.05181	0.05452	0.25728	0.21856	0.02170	0.01035	0.00326	0.00573	0.18966	0.00787	0.00798
123	0.01725	0.03885	0.54167	0.02595	0.03745	0.01964	0.14990	0.02637	0.01795	0.02637	0.01529	0.01851	0.01094	0.00771	0.00828	0.00266	0.01262	0.00687	0.00365	0.01206
124	0.01569	0.01477	0.02492	0.68808	0.05722	0.01846	0.02307	0.02123	0.01661	0.02123	0.01477	0.02215	0.01107	0.00831	0.00831	0.00277	0.01107	0.00738	0.00369	0.00923
125	0.01837	0.24877	0.47413	0.02077	0.03146	0.02346	0.02563	0.02587	0.01734	0.02423	0.01388	0.01625	0.01057	0.00765	0.00711	0.00237	0.01124	0.00562	0.00352	0.01178
126	0.02007	0.02228	0.09512	0.04630	0.51654	0.01987	0.10571	0.02572	0.01888	0.02699	0.01572	0.02052	0.01284	0.00740	0.00840	0.00253	0.01064	0.00760	0.00407	0.01282
127	0.01573	0.01524	0.01400	0.01476	0.01652	0.15924	0.01107	0.01800	0.01797	0.02151	0.03508	0.34281	0.03930	0.02589	0.09134	0.00440	0.00982	0.13314	0.00652	0.00766
128	0.02221	0.71304	0.04353	0.01421	0.02132	0.03287	0.01421	0.02488	0.01688	0.01955	0.01155	0.01333	0.01066	0.00711	0.00533	0.00178	0.00888	0.00444	0.00355	0.01066
129	0.01979	0.01896	0.03233	0.15133	0.56188	0.01954	0.02511	0.02482	0.01855	0.02621	0.01549	0.02081	0.01283	0.00754	0.00824	0.00251	0.01006	0.00740	0.00405	0.01254
130	0.01973	0.02454	0.16100	0.04460	0.49664	0.01972	0.06121	0.02572	0.01868	0.02694	0.01555	0.02006	0.01260	0.00748	0.00825	0.00252	0.01059	0.00729	0.00400	0.01287
131	0.01569	0.01477	0.02492	0.68808	0.05722	0.01846	0.02307	0.02123	0.01661	0.02123	0.01477	0.02215	0.01107	0.00831	0.00831	0.00277	0.01107	0.00738	0.00369	0.00923
132	0.01961	0.02241	0.04902	0.03501	0.04342	0.02101	0.62605	0.02661	0.01961	0.02661	0.01681	0.02241	0.01261	0.00700	0.00980	0.00280	0.01401	0.00980	0.00420	0.01120
133	0.02184	0.02217	0.03248	0.04737	0.57910	0.09984	0.02434	0.02643	0.01948	0.02631	0.01529	0.01988	0.01286	0.00754	0.00813	0.00243	0.01049	0.00715	0.00413	0.01273
134	0.01394	0.01297	0.01175	0.01133	0.01379	0.09668	0.00827	0.01735	0.05370	0.02451	0.19151	0.10002	0.29613	0.09581	0.01314	0.00330	0.00617	0.01466	0.00732	0.00764
135	0.00982	0.00842	0.00842	0.00842	0.01122	0.00701	0.00631	0.01192	0.01894	0.02244	0.08416	0.07995	0.65285	0.02104	0.00982	0.00281	0.00421	0.01753	0.00771	0.00701
136	0.01208	0.00805	0.00906	0.00906	0.00906	0.00805	0.00503	0.01208	0.01208	0.01611	0.02618	0.05436	0.03020	0.70804	0.04228	0.00805	0.00805	0.01208	0.00503	0.00503
137	0.02771	0.06384	0.02755	0.02919	0.20460	0.37889	0.01862	0.10341	0.02381	0.02615	0.01444	0.01710	0.01182	0.00834	0.00770	0.00226	0.01253	0.00615	0.00469	0.01123
138	0.01012	0.00723	0.00964	0.01157	0.01205	0.00675	0.00771	0.01157	0.01591	0.02121	0.04579	0.70262	0.05495	0.02603	0.01060	0.00337	0.00482	0.02362	0.00771	0.00675
139	0.01961	0.02241	0.04902	0.03501	0.04342	0.02101	0.62605	0.02661	0.01961	0.02661	0.01681	0.02241	0.01261	0.00700	0.00980	0.00280	0.01401	0.00980	0.00420	0.01120
140	0.02317	0.02383	0.11503	0.03831	0.39478	0.02139	0.02343	0.19691	0.02446	0.03419	0.01676	0.01998	0.01308	0.00820	0.00820	0.00250	0.00998	0.00726	0.00522	0.01332
141	0.01749	0.11322	0.56088	0.02430	0.07142	0.02077	0.02862	0.02611	0.01755	0.02564	0.01459	0.01727	0.01070	0.00778	0.00764	0.00253	0.01177	0.00603	0.00355	0.01216
142	0.02056	0.01974	0.03372	0.05099	0.65622	0.01974	0.02550	0.02550	0.01892	0.02714	0.01563	0.02056	0.01316	0.00740	0.00822	0.00247	0.00987	0.00740	0.00411	0.01316
143	0.03103	0.03959	0.02354	0.02140	0.02568	0.67469	0.01605	0.03317	0.02354	0.02033	0.01284	0.01498	0.01070	0.00856	0.00749	0.00214	0.01498	0.00535	0.00428	0.00963
144	0.01845	0.25909	0.46456	0.02063	0.03124	0.02367	0.02538	0.02585	0.01733	0.02413	0.01382	0.01618	0.01057	0.00764	0.00707	0.00236	0.01118	0.00559	0.00352	0.01176
145	0.02815	0.02631	0.02229	0.15286	0.03050	0.31655	0.01625	0.03372	0.09475	0.16743	0.02020	0.02131	0.01473	0.00922	0.00796	0.00244	0.01142	0.00691	0.00601	0.01098
146	0.00991	0.00842	0.00854	0.00851	0.01128	0.00705	0.00638	0.01209	0.01914	0.02294	0.11007	0.07913	0.62662	0.02085	0.00982	0.00280	0.00419	0.01742	0.00778	0.00705
147	0.02056	0.01974	0.03372	0.05099	0.65622	0.01974	0.02550	0.02550	0.01892	0.02714	0.01563	0.02056	0.01316	0.00740	0.00822	0.00247	0.00987	0.00740	0.00411	0.01316
148	0.02866	0.03509	0.02585	0.02811	0.16869	0.52615	0.01819	0.03143	0.02249	0.02188	0.01347	0.01625	0.01126	0.00830	0.00766	0.00221	0.01382	0.00582	0.00424	0.01043
149	0.00982	0.00842	0.00842	0.00842	0.01122	0.00701	0.00631	0.01192	0.01894	0.02244	0.08416	0.07995	0.65285	0.02104	0.00982	0.00281	0.00421	0.01753	0.00771	0.00701
150	0.01012	0.00723	0.00964	0.01157	0.01205	0.00675	0.00771	0.01157	0.01591	0.02121	0.04579	0.70262	0.05495	0.02603	0.01060	0.00337	0.00482	0.02362	0.00771	0.00675
151	0.02152	0.01856	0.09701	0.01756	0.04672	0.01648	0.01475	0.03501	0.30787	0.14829	0.09926	0.03643	0.05602	0.01203	0.00868	0.00275	0.00715	0.03369	0.00802	0.01217
152	0.27896	0.02856	0.30803	0.01788	0.02615	0.01934	0.01962	0.02922	0.14123	0.03182	0.01753	0.01882	0.01296	0.00851	0.00705	0.00265	0.00910	0.00622	0.00507	0.01131
153	0.01346	0.01137	0.01761	0.01614	0.01775	0.01374	0.04735	0.01645	0.01360	0.01984	0.01987	0.02941	0.01850	0.05042	0.51879	0.01097	0.14382	0.00866	0.00429	0.00794
154	0.03110	0.03771	0.02370	0.02114	0.02569	0.59980	0.01602	0.10188	0.02533	0.02403	0.01366	0.01555	0.01110	0.00872	0.00759	0.00218	0.01431	0.00560	0.00475	0.01015
155	0.01736	0.06660	0.56325	0.02664	0.11124	0.01988	0.02941	0.02615	0.01768	0.02614	0.01486	0.01774	0.01085	0.00780	0.00783	0.00258	0.01185	0.00623	0.00358	0.01232
156	0.02239	0.02320	0.03194	0.04583	0.54623	0.13399	0.02385	0.02683	0.01972	0.02595	0.01514	0.01959	0.01273	0.00760	0.00810	0.00241	0.01076	0.00704	0.00414	0.01254
157	0.00993	0.00842	0.00858	0.00854	0.01129	0.00706	0.00640	0.01215	0.01921	0.02309	0.11805	0.07888	0.61856	0.02080	0.00982	0.00279	0.00419	0.01738	0.00780	0.00706
158	0.01083	0.00815	0.01018	0.04937	0.01388	0.00779	0.00775	0.01246	0.01615	0.02092	0.07166	0.36812	0.18395	0.16009	0.01661	0.00412	0.00566	0.01867	0.00700	0.00665
159	0.03106	0.03883	0.02361	0.02129	0.02569	0.64439	0.01604	0.06097	0.02427	0.02183	0.01317	0.01521	0.01086	0.00863	0.00753	0.00216	0.01471	0.00545	0.00447	0.00984
160	0.01180	0.00961	0.01072	0.01106	0.01373	0.00903	0.00872	0.01654	0.08533	0.02423	0.06747	0.11379	0.41431	0.02072	0.01009	0.00307	0.00528	0.14891	0.00778	0.00780
161	0.01961	0.02241	0.04902	0.03501	0.04342	0.02101	0.62605	0.02661	0.01961	0.02661	0.01681	0.02241	0.01261	0.00700	0.00980	0.00280	0.01401	0.00980	0.00420	0.01120
162	0.02905	0.03372	0.06029	0.02051	0.02579	0.42118	0.01649	0.15860	0.10198	0.02914	0.01701	0.01813	0.01320	0.00915	0.00780	0.00233	0.01258	0.00634	0.00559	0.01115
163	0.01187	0.00890	0.01335	0.01335	0.01483	0.01038	0.01038	0.01483	0.01335	0.01928	0.02225	0.03264	0.02077	0.06231	0.67512	0.01335	0.02225	0.00890	0.00445	0.00742
164	0.01208	0.00805	0.00906	0.00906	0.00906	0.00805	0.00503	0.01208	0.01208	0.01611	0.02618	0.05436	0.03020	0.70804	0.04228	0.00805	0.00805	0.01208	0.00503	0.00503
165	0.01997	0.01902	0.03175	0.12687	0.54508	0.01964	0.02446	0.02609	0.05578	0.02687	0.01661	0.02138	0.01363	0.00774	0.00825	0.00253	0.00982	0.00752	0.00432	0.01268
166	0.01020	0.00737	0.00966	0.01132	0.01202	0.00683	0.00764	0.01183	0.01653	0.02200	0.08418	0.62843	0.09087	0.02520	0.01051	0.00330	0.00473	0.02275	0.00780	0.00683
167	0.00982	0.00842	0.00842	0.00842	0.01122	0.00701	0.00631	0.01192	0.01894	0.02244	0.08416	0.07995	0.65285	0.02104	0.00982	0.00281	0.00421	0.01753	0.00771	0.00701
168	0.01012	0.00723	0.00964	0.01157	0.01205	0.00675	0.00771	0.01157	0.01591	0.02121	0.04579	0.70262	0.05495	0.02603	0.01060	0.00337	0.00482	0.02362	0.00771	0.00675
169	0.02315	0.64105	0.04140	0.01498	0.02179	0.10149	0.01441	0.02576	0.01759	0.01963	0.01169	0.01350	0.01067	0.00726	0.00556	0.00182	0.00954	0.00454	0.00363	0.01055
170	0.02221	0.71304	0.04353	0.01421	0.02132	0.03287	0.01421	0.02488	0.01688	0.01955	0.01155	0.01333	0.01066	0.00711	0.00533	0.00178	0.00888	0.00444	0.00355	0.01066
171	0.01961	0.02241	0.04902	0.03501	0.04342	0.02101	0.62605	0.02661	0.01961	0.02661	0.01681	0.02241	0.01261	0.00700	0.00980	0.00280	0.01401	0.00980	0.00420	0.01120
172	0.01011	0.00727	0.00959	0.01145	0.01202	0.00676	0.00766	0.01158	0.01602	0.02125	0.04724	0.67910	0.07753	0.02584	0.01057	0.00335	0.00480	0.02339	0.00771	0.00676
173	0.24103	0.16921	0.31968	0.01747	0.02610	0.02138	0.01999	0.02486	0.01613	0.02775	0.01322	0.01578	0.01025	0.00849	0.00750	0.03151	0.00965	0.00535	0.00401	0.01064
174	0.01107	0.00856	0.01032	0.01134	0.01339	0.00781	0.00895	0.01362	0.01839	0.02300	0.06307	0.20922	0.33123	0.02268	0.01053	0.00326	0.00548	0.21322	0.00769	0.00717
175	0.00982	0.00842	0.00842	0.00842	0.01122	0.00701	0.00631	0.01192	0.01894	0.02244	0.08416	0.07995	0.65285	0.02104	0.00982	0.00281	0.00421	0.01753	0.00771	0.00701
176	0.01768	0.01883	0.03805	0.02849	0.03429	0.01914	0.41207	0.02313	0.01735	0.02414	0.01732	0.02421	0.01425	0.02047	0.16283	0.00530	0.09890	0.00929	0.00419	0.01009
177	0.02065	0.02119	0.03607	0.08437	0.44443	0.05777	0.16101	0.02593	0.01920	0.02627	0.01568	0.02075	0.01276	0.00743	0.00855	0.00254	0.01118	0.00783	0.00412	0.01227
178	0.01012	0.00723	0.00964	0.01157	0.01205	0.00675	0.00771	0.01157	0.01591	0.02121	0.04579	0.70262	0.05495	0.02603	0.01060	0.00337	0.00482	0.02362	0.00771	0.00675
179	0.01683	0.04178	0.62943	0.02433	0.03639	0.01939	0.06507	0.02633	0.01766	0.02633	0.01502	0.01782	0.01064	0.00784	0.00800	0.00264	0.01238	0.00635	0.00355	0.01222
180	0.02361	0.38757	0.16229	0.01815	0.02549	0.21248	0.01804	0.02752	0.01890	0.02112	0.01259	0.01464	0.01064	0.00768	0.00646	0.00205	0.01130	0.00504	0.00375	0.01069
181	0.01763	0.15986	0.55659	0.02203	0.03340	0.02166	0.02782	0.02606	0.01742	0.02513	0.01432	0.01680	0.01055	0.00776	0.00745	0.00248	0.01169	0.00584	0.00352	0.01200
182	0.02056	0.01974	0.03372	0.05099	0.65622	0.01974	0.02550	0.02550	0.01892	0.02714	0.01563	0.02056	0.01316	0.00740	0.00822	0.00247	0.00987	0.00740	0.00411	0.01316
