[name]
unknown

[dist]
# distance from previous block
# <min> <max>
0	47

[block]
# block no. 0 follows, 22 sequences, length 9
# corresponding to MSA columns:
# 47-55
name=unknown_A
#
# <colnr> <probs for GDERKNQSTAVLIFYWHMCP>
#	G	D	E	R	K	N	Q	S	T	A	V	L	I	F	Y	W	H	M	C	P
0	0.01425	0.01035	0.01368	0.01491	0.01721	0.01039	0.01288	0.05686	0.02042	0.02644	0.04616	0.08758	0.10213	0.02192	0.01111	0.00364	0.00743	0.50693	0.00770	0.00802
1	0.02096	0.02080	0.02547	0.36747	0.04251	0.14124	0.06447	0.11800	0.02158	0.02632	0.01736	0.06424	0.01442	0.00966	0.00841	0.00265	0.01132	0.00824	0.00482	0.01006
2	0.16484	0.02541	0.02242	0.02030	0.06875	0.18722	0.01511	0.28093	0.07390	0.03840	0.01734	0.01838	0.01309	0.00911	0.00753	0.00244	0.00998	0.00653	0.00642	0.01191
3	0.01100	0.00774	0.00985	0.01068	0.01140	0.00733	0.00708	0.01269	0.01680	0.02288	0.18752	0.38815	0.05452	0.19171	0.01821	0.00434	0.00540	0.01870	0.00740	0.00659
4	0.01115	0.00783	0.01007	0.01094	0.01142	0.00787	0.00718	0.01233	0.01404	0.01897	0.03440	0.34500	0.03980	0.28627	0.13769	0.00685	0.00905	0.01677	0.00615	0.00623
5	0.01246	0.00986	0.01407	0.19392	0.02425	0.01080	0.01180	0.01548	0.01595	0.02145	0.03630	0.19805	0.12726	0.07462	0.13378	0.00517	0.00977	0.01350	0.06397	0.00754
6	0.02394	0.02615	0.03043	0.04144	0.45261	0.23123	0.02245	0.02797	0.02041	0.02494	0.01473	0.01876	0.01237	0.00778	0.00799	0.00236	0.01152	0.00674	0.00417	0.01202
7	0.16590	0.01378	0.09528	0.01276	0.01592	0.01083	0.01085	0.01614	0.01599	0.02526	0.03775	0.42393	0.08632	0.01953	0.00907	0.00307	0.00607	0.01696	0.00664	0.00795
8	0.02877	0.03089	0.02312	0.01989	0.02445	0.38260	0.01550	0.21075	0.02707	0.03013	0.01952	0.02101	0.05395	0.01029	0.00947	0.00241	0.06678	0.00695	0.00567	0.01078

[dist]
# distance from previous block
# <min> <max>
8	21

[block]
# block no. 1 follows, 22 sequences, length 6
# corresponding to MSA columns:
# 77-82
name=unknown_B
#
# <colnr> <probs for GDERKNQSTAVLIFYWHMCP>
#	G	D	E	R	K	N	Q	S	T	A	V	L	I	F	Y	W	H	M	C	P
0	0.02287	0.07528	0.02259	0.08823	0.09441	0.30432	0.01503	0.02445	0.01844	0.01965	0.01479	0.02177	0.01352	0.07761	0.01532	0.14091	0.01150	0.00669	0.00410	0.00853
1	0.01780	0.01902	0.08848	0.01619	0.02013	0.10014	0.01392	0.06012	0.12680	0.02553	0.02238	0.02753	0.01876	0.03426	0.32013	0.00757	0.01564	0.00807	0.04785	0.00966
2	0.01709	0.06204	0.19708	0.03098	0.24827	0.01743	0.07840	0.02252	0.01780	0.02506	0.02238	0.17921	0.02205	0.01184	0.00868	0.00272	0.00966	0.01092	0.00477	0.01110
3	0.17825	0.01020	0.01173	0.01150	0.01321	0.01100	0.00828	0.04256	0.01413	0.02309	0.02149	0.13654	0.02238	0.10082	0.11173	0.25258	0.00891	0.01005	0.00509	0.00645
4	0.06953	0.02338	0.09855	0.19253	0.27742	0.09196	0.02254	0.07770	0.02016	0.02772	0.01514	0.01948	0.01191	0.00804	0.00793	0.00253	0.01070	0.00685	0.00439	0.01154
5	0.14936	0.01744	0.02168	0.17065	0.19837	0.06523	0.01703	0.02466	0.08146	0.02715	0.02741	0.02989	0.11601	0.01033	0.00793	0.00262	0.00866	0.00857	0.00524	0.01032

[dist]
# distance from previous block
# <min> <max>
8	18

[block]
# block no. 2 follows, 22 sequences, length 147
# corresponding to MSA columns:
# 101-247
name=unknown_C
#
# <colnr> <probs for GDERKNQSTAVLIFYWHMCP>
#	G	D	E	R	K	N	Q	S	T	A	V	L	I	F	Y	W	H	M	C	P
0	0.07716	0.02460	0.02576	0.10426	0.17236	0.16694	0.01844	0.24727	0.02672	0.03486	0.01621	0.01880	0.01244	0.00873	0.00789	0.00245	0.01064	0.00678	0.00571	0.01199
1	0.02209	0.01991	0.02251	0.11266	0.14711	0.09847	0.01640	0.21209	0.02551	0.03232	0.03285	0.03404	0.16526	0.01172	0.00855	0.00256	0.00908	0.00959	0.00625	0.01104
2	0.02727	0.02028	0.02460	0.19764	0.11004	0.08738	0.01812	0.20353	0.02572	0.17297	0.02017	0.02193	0.01428	0.00914	0.00822	0.00254	0.00988	0.00742	0.00661	0.01226
3	0.01147	0.00833	0.01087	0.01117	0.01250	0.00796	0.00784	0.01375	0.01731	0.02405	0.21420	0.30094	0.05152	0.12326	0.10269	0.00502	0.00739	0.01658	0.00717	0.04600
4	0.07297	0.01201	0.01172	0.04043	0.01376	0.06109	0.00747	0.03961	0.01470	0.02003	0.02588	0.04653	0.05362	0.51046	0.03242	0.00648	0.00846	0.01083	0.00518	0.00633
5	0.05900	0.02084	0.02099	0.01705	0.02255	0.05602	0.01377	0.38116	0.15403	0.04393	0.02284	0.02295	0.01683	0.01002	0.00785	0.00247	0.00818	0.00765	0.09915	0.01270
6	0.02089	0.01598	0.01779	0.01506	0.01944	0.01736	0.01206	0.28499	0.09099	0.03607	0.03719	0.03820	0.16891	0.02435	0.15654	0.00501	0.01061	0.01039	0.00733	0.01084
7	0.08203	0.01573	0.09861	0.01303	0.01624	0.01349	0.01072	0.02270	0.16285	0.02379	0.02520	0.04027	0.02455	0.38681	0.02635	0.00560	0.00812	0.00998	0.00566	0.00828
8	0.06693	0.02647	0.19106	0.01913	0.02714	0.02134	0.01872	0.33679	0.02946	0.15093	0.02042	0.02043	0.01404	0.00936	0.00804	0.00255	0.00946	0.00713	0.00723	0.01338
9	0.01876	0.01481	0.01715	0.04463	0.02044	0.01643	0.01222	0.17320	0.18535	0.03215	0.03439	0.10386	0.10070	0.02486	0.15662	0.00513	0.01041	0.01119	0.00715	0.01053
10	0.02825	0.02835	0.02629	0.05862	0.16252	0.27219	0.01832	0.24266	0.02774	0.03322	0.01606	0.01828	0.01246	0.00880	0.00798	0.00237	0.01162	0.00664	0.00565	0.01197
11	0.02417	0.06322	0.02178	0.09837	0.02639	0.35375	0.01484	0.06084	0.07771	0.02379	0.02758	0.02867	0.12307	0.01093	0.00801	0.00239	0.01127	0.00813	0.00536	0.00974
12	0.02316	0.30267	0.06274	0.01579	0.02218	0.17825	0.01404	0.02618	0.01866	0.05069	0.01438	0.01741	0.01239	0.04075	0.00805	0.00212	0.00981	0.00539	0.00439	0.17095
13	0.26708	0.26832	0.19792	0.01591	0.02372	0.02418	0.01697	0.05653	0.01730	0.02891	0.01289	0.01485	0.01026	0.00767	0.00611	0.00230	0.00899	0.00507	0.00431	0.01072
14	0.02345	0.02066	0.03142	0.04264	0.49096	0.02132	0.02295	0.18356	0.02420	0.03375	0.01676	0.02040	0.01341	0.00808	0.00825	0.00247	0.00968	0.00742	0.00521	0.01341
15	0.01633	0.02939	0.34609	0.02232	0.03125	0.01703	0.15432	0.04922	0.01926	0.02659	0.03204	0.03357	0.16414	0.01092	0.00879	0.00270	0.01060	0.00971	0.00487	0.01087
16	0.01581	0.01162	0.01294	0.01185	0.01533	0.01154	0.00913	0.02448	0.19686	0.08623	0.19217	0.05739	0.28924	0.01639	0.00929	0.00274	0.00507	0.01383	0.00848	0.00958
17	0.01751	0.26935	0.30296	0.01744	0.02562	0.02150	0.01987	0.02345	0.01863	0.02550	0.15496	0.02594	0.02562	0.00963	0.00742	0.00233	0.00924	0.00752	0.00477	0.01073
18	0.01910	0.30558	0.03511	0.01968	0.02419	0.02542	0.12111	0.02219	0.01595	0.02103	0.01578	0.07779	0.01542	0.01333	0.04307	0.00314	0.20013	0.00805	0.00410	0.00983
19	0.01354	0.01053	0.01434	0.01606	0.08078	0.01028	0.01118	0.01878	0.06389	0.03033	0.37946	0.06359	0.09114	0.01714	0.00992	0.00289	0.00556	0.14376	0.00817	0.00867
20	0.01064	0.00819	0.00961	0.00977	0.01171	0.00729	0.00707	0.01315	0.01964	0.02570	0.27023	0.19626	0.31111	0.04800	0.01126	0.00306	0.00438	0.01766	0.00810	0.00717
21	0.02183	0.66741	0.08585	0.01486	0.02232	0.03195	0.01534	0.02497	0.01692	0.02001	0.01178	0.01361	0.01065	0.00716	0.00550	0.00183	0.00912	0.00456	0.00355	0.01077
22	0.72810	0.01639	0.01411	0.01217	0.01748	0.01876	0.04090	0.02453	0.01442	0.03672	0.01184	0.01396	0.00918	0.00767	0.00538	0.00258	0.00682	0.00477	0.00509	0.00911
23	0.01000	0.00848	0.00867	0.00877	0.01153	0.00714	0.00668	0.01220	0.01895	0.02257	0.08208	0.08066	0.62157	0.02114	0.00990	0.00286	0.00439	0.04766	0.00771	0.00705
24	0.03307	0.02088	0.02345	0.01798	0.02457	0.02221	0.01485	0.47438	0.03505	0.21215	0.02331	0.02213	0.01581	0.01005	0.00832	0.00251	0.00860	0.00771	0.00883	0.01413
25	0.01185	0.00815	0.00998	0.01009	0.01054	0.00830	0.00637	0.01279	0.01360	0.01854	0.08044	0.10898	0.03497	0.48455	0.13894	0.00803	0.00971	0.01284	0.00553	0.00581
26	0.02317	0.01888	0.01997	0.01709	0.02223	0.02139	0.01354	0.20677	0.43958	0.03906	0.03253	0.03043	0.05481	0.01141	0.00848	0.00273	0.00717	0.00928	0.00837	0.01311
27	0.01022	0.00852	0.00898	0.00912	0.01181	0.00728	0.00701	0.01256	0.01915	0.02313	0.10533	0.08040	0.57368	0.02103	0.00997	0.00289	0.00450	0.06954	0.00777	0.00711
28	0.01597	0.01444	0.02247	0.39535	0.04041	0.01822	0.01912	0.04570	0.01618	0.02192	0.01596	0.02366	0.01330	0.02130	0.15776	0.00523	0.13225	0.00770	0.00405	0.00902
29	0.02463	0.52866	0.03806	0.01618	0.02252	0.20860	0.01472	0.02715	0.01870	0.01976	0.01190	0.01378	0.01067	0.00751	0.00592	0.00188	0.01055	0.00469	0.00375	0.01038
30	0.03103	0.03959	0.02354	0.02140	0.02568	0.67469	0.01605	0.03317	0.02354	0.02033	0.01284	0.01498	0.01070	0.00856	0.00749	0.00214	0.01498	0.00535	0.00428	0.00963
31	0.02442	0.01971	0.02090	0.01767	0.02303	0.02242	0.01406	0.24514	0.43410	0.04081	0.02904	0.02719	0.02150	0.01082	0.00840	0.00271	0.00746	0.00873	0.00840	0.01349
32	0.02818	0.02810	0.02454	0.02060	0.02479	0.26600	0.01645	0.26310	0.02704	0.03279	0.01516	0.01769	0.01209	0.01054	0.01252	0.00263	0.17416	0.00664	0.00570	0.01126
33	0.01014	0.00876	0.00931	0.04520	0.01371	0.00763	0.00722	0.01243	0.01881	0.02238	0.08040	0.07682	0.61812	0.02035	0.00974	0.00280	0.00458	0.01698	0.00750	0.00713
34	0.01196	0.00852	0.01141	0.01141	0.01222	0.00933	0.00796	0.01359	0.01278	0.01785	0.02403	0.04247	0.02504	0.35469	0.38857	0.01095	0.01582	0.01034	0.00471	0.00634
35	0.02056	0.01974	0.03372	0.05099	0.65622	0.01974	0.02550	0.02550	0.01892	0.02714	0.01563	0.02056	0.01316	0.00740	0.00822	0.00247	0.00987	0.00740	0.00411	0.01316
36	0.01969	0.12935	0.48141	0.02209	0.03241	0.12627	0.02621	0.02722	0.01842	0.02447	0.01414	0.01658	0.01057	0.00790	0.00750	0.00244	0.01227	0.00579	0.00364	0.01164
37	0.06774	0.04114	0.62055	0.02281	0.03460	0.01925	0.02922	0.02618	0.01731	0.02706	0.01468	0.01726	0.01042	0.00788	0.00771	0.00263	0.01188	0.00603	0.00362	0.01205
38	0.02021	0.01745	0.01835	0.01655	0.02117	0.02009	0.01286	0.04279	0.61507	0.03423	0.03593	0.03305	0.05172	0.01168	0.00851	0.00282	0.00648	0.00973	0.00842	0.01289
39	0.02617	0.02373	0.02900	0.03486	0.33120	0.10930	0.02053	0.25705	0.02723	0.03587	0.01691	0.01958	0.01320	0.00854	0.00816	0.00243	0.01027	0.00716	0.00574	0.01306
40	0.02778	0.22552	0.02965	0.01889	0.02420	0.30563	0.01562	0.16097	0.02433	0.02713	0.01391	0.01582	0.01146	0.00887	0.00841	0.00222	0.05813	0.00569	0.00492	0.01088
41	0.01290	0.01090	0.01146	0.01089	0.01409	0.01069	0.00829	0.02083	0.18261	0.02700	0.14034	0.06493	0.41816	0.01798	0.00946	0.00278	0.00479	0.01509	0.00808	0.00872
42	0.01723	0.01477	0.01723	0.01230	0.01969	0.01107	0.00984	0.02092	0.01723	0.02707	0.01477	0.01723	0.01230	0.00615	0.00615	0.00123	0.00615	0.00492	0.00492	0.75883
43	0.00990	0.00842	0.00853	0.00851	0.01127	0.00705	0.00638	0.01209	0.01914	0.02292	0.10916	0.07916	0.62755	0.02086	0.00982	0.00280	0.00420	0.01742	0.00778	0.00705
44	0.01144	0.00825	0.01082	0.01067	0.01234	0.00763	0.00781	0.01488	0.02205	0.03098	0.53496	0.18559	0.07386	0.01873	0.00995	0.00276	0.00409	0.01668	0.00887	0.00763
45	0.01008	0.00739	0.00948	0.01115	0.01194	0.00678	0.00753	0.01161	0.01631	0.02137	0.05087	0.62008	0.13420	0.02537	0.01050	0.00330	0.00474	0.02281	0.00771	0.00678
46	0.01006	0.00787	0.00912	0.00998	0.01167	0.00694	0.00704	0.01196	0.01779	0.02246	0.09723	0.36537	0.34677	0.02311	0.01018	0.00306	0.00447	0.02020	0.00779	0.00694
47	0.01818	0.01818	0.02545	0.02181	0.02181	0.02545	0.01818	0.01999	0.01272	0.01999	0.01091	0.01818	0.01091	0.01454	0.02726	0.00364	0.69284	0.00727	0.00364	0.00909
48	0.76672	0.01607	0.01221	0.01092	0.01607	0.01864	0.00900	0.02442	0.01414	0.03727	0.01157	0.01350	0.00900	0.00771	0.00514	0.00257	0.00643	0.00450	0.00514	0.00900
49	0.01549	0.00774	0.00774	0.00774	0.00968	0.00774	0.00581	0.01936	0.01742	0.03097	0.02710	0.03097	0.02129	0.00968	0.00581	0.00194	0.00387	0.00774	0.75416	0.00774
50	0.01187	0.00890	0.01335	0.01335	0.01483	0.01038	0.01038	0.01483	0.01335	0.01928	0.02225	0.03264	0.02077	0.06231	0.67512	0.01335	0.02225	0.00890	0.00445	0.00742
51	0.76672	0.01607	0.01221	0.01092	0.01607	0.01864	0.00900	0.02442	0.01414	0.03727	0.01157	0.01350	0.00900	0.00771	0.00514	0.00257	0.00643	0.00450	0.00514	0.00900
52	0.03158	0.02327	0.02493	0.01911	0.02576	0.02576	0.01579	0.62852	0.03906	0.05236	0.01995	0.01995	0.01413	0.00997	0.00831	0.00249	0.00914	0.00748	0.00831	0.01413
53	0.01940	0.01855	0.03162	0.20274	0.51354	0.01943	0.02492	0.02448	0.01837	0.02573	0.01542	0.02094	0.01266	0.00762	0.00824	0.00254	0.01016	0.00740	0.00401	0.01222
54	0.02224	0.02339	0.02969	0.12750	0.41137	0.16445	0.02258	0.02739	0.04513	0.02516	0.01564	0.01996	0.01284	0.00794	0.00808	0.00245	0.01102	0.00703	0.00427	0.01186
55	0.03103	0.03959	0.02354	0.02140	0.02568	0.67469	0.01605	0.03317	0.02354	0.02033	0.01284	0.01498	0.01070	0.00856	0.00749	0.00214	0.01498	0.00535	0.00428	0.00963
56	0.01208	0.00805	0.00906	0.00906	0.00906	0.00805	0.00503	0.01208	0.01208	0.01611	0.02618	0.05436	0.03020	0.70804	0.04228	0.00805	0.00805	0.01208	0.00503	0.00503
57	0.01404	0.01280	0.01991	0.47994	0.04298	0.01502	0.01785	0.01839	0.01686	0.02117	0.03207	0.03811	0.16525	0.05899	0.01098	0.00314	0.00923	0.01012	0.00474	0.00842
58	0.01745	0.01714	0.01398	0.01297	0.01504	0.19044	0.00903	0.01925	0.01848	0.02234	0.18594	0.04368	0.03657	0.29916	0.02238	0.00466	0.00877	0.01064	0.00590	0.04620
59	0.01208	0.00805	0.00906	0.00906	0.00906	0.00805	0.00503	0.01208	0.01208	0.01611	0.02618	0.05436	0.03020	0.70804	0.04228	0.00805	0.00805	0.01208	0.00503	0.00503
60	0.03143	0.02774	0.02455	0.01974	0.02574	0.20343	0.01586	0.46552	0.03481	0.04359	0.01800	0.01859	0.01319	0.00959	0.00809	0.00240	0.01074	0.00690	0.00721	0.01290
61	0.02056	0.01974	0.03372	0.05099	0.65622	0.01974	0.02550	0.02550	0.01892	0.02714	0.01563	0.02056	0.01316	0.00740	0.00822	0.00247	0.00987	0.00740	0.00411	0.01316
62	0.01716	0.01246	0.01535	0.01515	0.01787	0.01306	0.01226	0.17574	0.02314	0.03075	0.03706	0.24292	0.03959	0.02246	0.04495	0.00384	0.00800	0.25148	0.00767	0.00908
63	0.01012	0.00723	0.00964	0.01157	0.01205	0.00675	0.00771	0.01157	0.01591	0.02121	0.04579	0.70262	0.05495	0.02603	0.01060	0.00337	0.00482	0.02362	0.00771	0.00675
64	0.02034	0.01951	0.03332	0.07969	0.62924	0.01968	0.02539	0.02530	0.01881	0.02687	0.01559	0.02063	0.01307	0.00744	0.00823	0.00248	0.00992	0.00740	0.00409	0.01298
65	0.03158	0.02327	0.02493	0.01911	0.02576	0.02576	0.01579	0.62852	0.03906	0.05236	0.01995	0.01995	0.01413	0.00997	0.00831	0.00249	0.00914	0.00748	0.00831	0.01413
66	0.03113	0.03660	0.02380	0.02098	0.02570	0.55588	0.01600	0.14217	0.02638	0.02619	0.01414	0.01589	0.01133	0.00882	0.00764	0.00220	0.01391	0.00574	0.00502	0.01045
67	0.02056	0.01974	0.03372	0.05099	0.65622	0.01974	0.02550	0.02550	0.01892	0.02714	0.01563	0.02056	0.01316	0.00740	0.00822	0.00247	0.00987	0.00740	0.00411	0.01316
68	0.01028	0.00843	0.00906	0.00890	0.01150	0.00721	0.00668	0.01282	0.02003	0.02503	0.21938	0.07569	0.51601	0.02007	0.00981	0.00276	0.00414	0.01694	0.00806	0.00721
69	0.01058	0.00845	0.00948	0.00922	0.01169	0.00734	0.00691	0.01340	0.02074	0.02673	0.30821	0.07289	0.42612	0.01944	0.00981	0.00273	0.00409	0.01654	0.00828	0.00734
70	0.02327	0.01893	0.02003	0.01711	0.02227	0.02144	0.01356	0.21185	0.43452	0.03922	0.03240	0.03032	0.05455	0.01140	0.00848	0.00272	0.00720	0.00926	0.00837	0.01312
71	0.01084	0.00801	0.01030	0.01186	0.01312	0.00747	0.00880	0.01298	0.01724	0.02231	0.05259	0.44024	0.16592	0.02435	0.01066	0.00337	0.00538	0.15984	0.00770	0.00701
72	0.02221	0.71304	0.04353	0.01421	0.02132	0.03287	0.01421	0.02488	0.01688	0.01955	0.01155	0.01333	0.01066	0.00711	0.00533	0.00178	0.00888	0.00444	0.00355	0.01066
73	0.01012	0.00723	0.00964	0.01157	0.01205	0.00675	0.00771	0.01157	0.01591	0.02121	0.04579	0.70262	0.05495	0.02603	0.01060	0.00337	0.00482	0.02362	0.00771	0.00675
74	0.01603	0.01477	0.02321	0.53824	0.04890	0.01682	0.02014	0.02116	0.01675	0.02252	0.01477	0.02106	0.01135	0.00783	0.00783	0.00243	0.00998	0.00684	0.00396	0.17544
75	0.03103	0.03959	0.02354	0.02140	0.02568	0.67469	0.01605	0.03317	0.02354	0.02033	0.01284	0.01498	0.01070	0.00856	0.00749	0.00214	0.01498	0.00535	0.00428	0.00963
76	0.01818	0.01818	0.02545	0.02181	0.02181	0.02545	0.01818	0.01999	0.01272	0.01999	0.01091	0.01818	0.01091	0.01454	0.02726	0.00364	0.69284	0.00727	0.00364	0.00909
77	0.76672	0.01607	0.01221	0.01092	0.01607	0.01864	0.00900	0.02442	0.01414	0.03727	0.01157	0.01350	0.00900	0.00771	0.00514	0.00257	0.00643	0.00450	0.00514	0.00900
78	0.02483	0.27057	0.17261	0.01945	0.02647	0.30995	0.01867	0.02881	0.01993	0.02139	0.01286	0.01498	0.01065	0.00792	0.00684	0.00212	0.01230	0.00521	0.00386	0.01057
79	0.03158	0.02327	0.02493	0.01911	0.02576	0.02576	0.01579	0.62852	0.03906	0.05236	0.01995	0.01995	0.01413	0.00997	0.00831	0.00249	0.00914	0.00748	0.00831	0.01413
80	0.02000	0.01915	0.03240	0.04877	0.62264	0.01908	0.02450	0.02479	0.01892	0.02690	0.01919	0.02365	0.04646	0.00811	0.00831	0.00248	0.00957	0.00793	0.00430	0.01284
81	0.01818	0.01818	0.02545	0.02181	0.02181	0.02545	0.01818	0.01999	0.01272	0.01999	0.01091	0.01818	0.01091	0.01454	0.02726	0.00364	0.69284	0.00727	0.00364	0.00909
82	0.02066	0.01785	0.01878	0.01691	0.02160	0.02066	0.01315	0.04414	0.64121	0.03475	0.03381	0.03099	0.02536	0.01127	0.00845	0.00282	0.00657	0.00939	0.00845	0.01315
83	0.02080	0.42809	0.22035	0.01732	0.02548	0.08345	0.01879	0.02542	0.01774	0.02171	0.01596	0.01774	0.04002	0.00810	0.00647	0.00210	0.01018	0.00561	0.00379	0.01087
84	0.02789	0.14860	0.02676	0.01852	0.02424	0.21016	0.01513	0.25265	0.13439	0.03446	0.01884	0.01927	0.01448	0.00929	0.00758	0.00232	0.01031	0.00667	0.00635	0.01207
85	0.01339	0.00956	0.01339	0.01530	0.01721	0.00956	0.01339	0.01721	0.01912	0.02486	0.04399	0.09371	0.04781	0.02295	0.01147	0.00382	0.00765	0.60031	0.00765	0.00765
86	0.01918	0.01825	0.03102	0.17585	0.51174	0.01897	0.02431	0.02409	0.01834	0.02573	0.01665	0.04799	0.01441	0.00832	0.00834	0.00256	0.00991	0.00804	0.00417	0.01212
87	0.01193	0.00866	0.01211	0.01211	0.01316	0.00971	0.00883	0.01404	0.01298	0.01836	0.02339	0.03894	0.02351	0.24968	0.49149	0.01181	0.01813	0.00982	0.00462	0.00673
88	0.02087	0.26294	0.30963	0.01923	0.02803	0.08226	0.02138	0.07933	0.02007	0.02619	0.04698	0.01842	0.01441	0.00834	0.00714	0.00229	0.01067	0.00608	0.00431	0.01144
89	0.02051	0.12250	0.44831	0.02204	0.03192	0.16624	0.02547	0.02766	0.01879	0.02417	0.01405	0.01647	0.01058	0.00795	0.00750	0.00242	0.01247	0.00576	0.00368	0.01150
90	0.01175	0.00903	0.01110	0.01213	0.01446	0.00839	0.01013	0.01478	0.01904	0.02375	0.06246	0.08738	0.32609	0.02207	0.01071	0.00336	0.00607	0.33227	0.00768	0.00736
91	0.01666	0.04297	0.66500	0.02368	0.03596	0.01929	0.03069	0.02631	0.01754	0.02631	0.01491	0.01754	0.01052	0.00789	0.00789	0.00263	0.01228	0.00614	0.00351	0.01228
92	0.02624	0.03307	0.16455	0.02009	0.02658	0.30596	0.01827	0.13595	0.05658	0.05709	0.02139	0.02227	0.05620	0.00973	0.00797	0.00241	0.01183	0.00707	0.00554	0.01122
93	0.02221	0.71304	0.04353	0.01421	0.02132	0.03287	0.01421	0.02488	0.01688	0.01955	0.01155	0.01333	0.01066	0.00711	0.00533	0.00178	0.00888	0.00444	0.00355	0.01066
94	0.00998	0.00842	0.00864	0.00859	0.01132	0.00708	0.00644	0.01224	0.01932	0.02336	0.13218	0.07844	0.60425	0.02070	0.00982	0.00279	0.00418	0.01732	0.00784	0.00708
95	0.01985	0.01889	0.03208	0.04831	0.61235	0.01885	0.02428	0.02455	0.01871	0.02674	0.01768	0.06701	0.01600	0.00867	0.00839	0.00253	0.00953	0.00851	0.00436	0.01272
96	0.02829	0.03439	0.02621	0.02916	0.19096	0.50301	0.01853	0.03116	0.02233	0.02212	0.01357	0.01644	0.01135	0.00826	0.00768	0.00223	0.01364	0.00589	0.00424	0.01056
97	0.01163	0.00849	0.01092	0.01031	0.01233	0.00778	0.00773	0.01542	0.02320	0.03257	0.61318	0.06327	0.11751	0.01726	0.00980	0.00263	0.00394	0.01519	0.00905	0.00778
98	0.01012	0.00723	0.00964	0.01157	0.01205	0.00675	0.00771	0.01157	0.01591	0.02121	0.04579	0.70262	0.05495	0.02603	0.01060	0.00337	0.00482	0.02362	0.00771	0.00675
99	0.02167	0.17415	0.13248	0.02846	0.18697	0.08283	0.08572	0.05615	0.10216	0.02686	0.01712	0.01958	0.01359	0.00811	0.00769	0.00240	0.01048	0.00691	0.00469	0.01200
100	0.01937	0.02454	0.17273	0.08834	0.47826	0.01955	0.02648	0.02538	0.01845	0.02655	0.01541	0.02000	0.01243	0.00757	0.00816	0.00252	0.01048	0.00712	0.00395	0.01270
101	0.01011	0.00729	0.00958	0.01140	0.01201	0.00676	0.00764	0.01159	0.01606	0.02127	0.04778	0.67026	0.08602	0.02577	0.01056	0.00334	0.00479	0.02330	0.00771	0.00676
102	0.02118	0.02459	0.06142	0.02450	0.06776	0.16845	0.05053	0.02398	0.01616	0.02124	0.01218	0.01782	0.01108	0.01198	0.01963	0.00313	0.42386	0.00692	0.00383	0.00977
103	0.00982	0.00842	0.00842	0.00842	0.01122	0.00701	0.00631	0.01192	0.01894	0.02244	0.08416	0.07995	0.65285	0.02104	0.00982	0.00281	0.00421	0.01753	0.00771	0.00701
104	0.01896	0.01801	0.03016	0.25988	0.43060	0.01936	0.02415	0.02490	0.04543	0.02552	0.01614	0.02154	0.01301	0.00787	0.00826	0.00258	0.01012	0.00748	0.00416	0.01186
105	0.02380	0.02344	0.07920	0.03870	0.40480	0.05249	0.02277	0.19227	0.02459	0.03371	0.01663	0.01989	0.01311	0.00820	0.00819	0.00247	0.01010	0.00723	0.00523	0.01319
106	0.01549	0.00774	0.00774	0.00774	0.00968	0.00774	0.00581	0.01936	0.01742	0.03097	0.02710	0.03097	0.02129	0.00968	0.00581	0.00194	0.00387	0.00774	0.75416	0.00774
107	0.01549	0.00774	0.00774	0.00774	0.00968	0.00774	0.00581	0.01936	0.01742	0.03097	0.02710	0.03097	0.02129	0.00968	0.00581	0.00194	0.00387	0.00774	0.75416	0.00774
108	0.01011	0.00729	0.00958	0.01142	0.01201	0.00676	0.00765	0.01158	0.01605	0.02127	0.04761	0.67303	0.08336	0.02579	0.01057	0.00335	0.00479	0.02333	0.00771	0.00676
109	0.01130	0.00847	0.01046	0.00997	0.01213	0.00764	0.00747	0.01478	0.02242	0.03072	0.51662	0.06632	0.21522	0.01795	0.00980	0.00266	0.00399	0.01562	0.00880	0.00764
110	0.76672	0.01607	0.01221	0.01092	0.01607	0.01864	0.00900	0.02442	0.01414	0.03727	0.01157	0.01350	0.00900	0.00771	0.00514	0.00257	0.00643	0.00450	0.00514	0.00900
111	0.01208	0.00805	0.00906	0.00906	0.00906	0.00805	0.00503	0.01208	0.01208	0.01611	0.02618	0.05436	0.03020	0.70804	0.04228	0.00805	0.00805	0.01208	0.00503	0.00503
112	0.03158	0.02327	0.02493	0.01911	0.02576	0.02576	0.01579	0.62852	0.03906	0.05236	0.01995	0.01995	0.01413	0.00997	0.00831	0.00249	0.00914	0.00748	0.00831	0.01413
113	0.01029	0.00735	0.00983	0.01176	0.01232	0.00689	0.00801	0.01186	0.01607	0.02140	0.04569	0.67098	0.05457	0.02587	0.01065	0.00340	0.00497	0.05359	0.00771	0.00679
114	0.76672	0.01607	0.01221	0.01092	0.01607	0.01864	0.00900	0.02442	0.01414	0.03727	0.01157	0.01350	0.00900	0.00771	0.00514	0.00257	0.00643	0.00450	0.00514	0.00900
115	0.76672	0.01607	0.01221	0.01092	0.01607	0.01864	0.00900	0.02442	0.01414	0.03727	0.01157	0.01350	0.00900	0.00771	0.00514	0.00257	0.00643	0.00450	0.00514	0.00900
116	0.02056	0.01974	0.03372	0.05099	0.65622	0.01974	0.02550	0.02550	0.01892	0.02714	0.01563	0.02056	0.01316	0.00740	0.00822	0.00247	0.00987	0.00740	0.00411	0.01316
117	0.01772	0.00975	0.01295	0.01156	0.01448	0.00881	0.00887	0.02131	0.02306	0.18224	0.46311	0.09763	0.06302	0.01600	0.00951	0.00265	0.00473	0.01402	0.00932	0.00926
118	0.03158	0.02327	0.02493	0.01911	0.02576	0.02576	0.01579	0.62852	0.03906	0.05236	0.01995	0.01995	0.01413	0.00997	0.00831	0.00249	0.00914	0.00748	0.00831	0.01413
119	0.01339	0.00956	0.01339	0.01530	0.01721	0.00956	0.01339	0.01721	0.01912	0.02486	0.04399	0.09371	0.04781	0.02295	0.01147	0.00382	0.00765	0.60031	0.00765	0.00765
120	0.01187	0.00890	0.01335	0.01335	0.01483	0.01038	0.01038	0.01483	0.01335	0.01928	0.02225	0.03264	0.02077	0.06231	0.67512	0.01335	0.02225	0.00890	0.00445	0.00742
121	0.01663	0.00998	0.01019	0.00977	0.01232	0.01061	0.00744	0.02485	0.15574	0.03181	0.02859	0.03098	0.02219	0.01003	0.00639	0.00213	0.00447	0.00811	0.58881	0.00894
122	0.03727	0.01414	0.01928	0.01478	0.02121	0.01221	0.01221	0.04049	0.02378	0.66198	0.03277	0.02828	0.02056	0.01028	0.00835	0.00257	0.00707	0.00835	0.01028	0.01414
123	0.01012	0.00723	0.00964	0.01157	0.01205	0.00675	0.00771	0.01157	0.01591	0.02121	0.04579	0.70262	0.05495	0.02603	0.01060	0.00337	0.00482	0.02362	0.00771	0.00675
124	0.02056	0.01974	0.03372	0.05099	0.65622	0.01974	0.02550	0.02550	0.01892	0.02714	0.01563	0.02056	0.01316	0.00740	0.00822	0.00247	0.00987	0.00740	0.00411	0.01316
125	0.03106	0.03871	0.02362	0.02128	0.02569	0.63958	0.01604	0.06539	0.02438	0.02206	0.01323	0.01525	0.01089	0.00864	0.00754	0.00216	0.01467	0.00547	0.00450	0.00987
126	0.02335	0.02300	0.11098	0.01954	0.02740	0.01948	0.09430	0.27168	0.02653	0.03728	0.01717	0.01905	0.01285	0.00806	0.00774	0.00214	0.00921	0.00676	0.00603	0.25743
127	0.06202	0.02242	0.02401	0.01906	0.02519	0.05200	0.04164	0.42193	0.16752	0.04534	0.02214	0.02195	0.01613	0.00996	0.00823	0.00257	0.00892	0.00777	0.00784	0.01336
128	0.01012	0.00723	0.00964	0.01157	0.01205	0.00675	0.00771	0.01157	0.01591	0.02121	0.04579	0.70262	0.05495	0.02603	0.01060	0.00337	0.00482	0.02362	0.00771	0.00675
129	0.01208	0.00805	0.00906	0.00906	0.00906	0.00805	0.00503	0.01208	0.01208	0.01611	0.02618	0.05436	0.03020	0.70804	0.04228	0.00805	0.00805	0.01208	0.00503	0.00503
130	0.03092	0.02288	0.02458	0.01880	0.02548	0.02509	0.01552	0.60071	0.03806	0.05120	0.01971	0.01982	0.01404	0.00980	0.00821	0.00244	0.00900	0.00736	0.00816	0.04822
131	0.01771	0.01750	0.02476	0.05580	0.02326	0.02427	0.01801	0.01978	0.01296	0.02002	0.01172	0.01916	0.01145	0.01680	0.06134	0.00412	0.62130	0.00736	0.00368	0.00900
132	0.01012	0.00723	0.00964	0.01157	0.01205	0.00675	0.00771	0.01157	0.01591	0.02121	0.04579	0.70262	0.05495	0.02603	0.01060	0.00337	0.00482	0.02362	0.00771	0.00675
133	0.01066	0.00845	0.00959	0.00930	0.01174	0.00737	0.00698	0.01356	0.02093	0.02719	0.33184	0.07214	0.40221	0.01927	0.00981	0.00272	0.00408	0.01644	0.00834	0.00737
134	0.01043	0.00844	0.00926	0.00906	0.01159	0.00727	0.00679	0.01310	0.02037	0.02586	0.26251	0.07433	0.47236	0.01977	0.00981	0.00274	0.00412	0.01674	0.00816	0.00727
135	0.01339	0.00956	0.01339	0.01530	0.01721	0.00956	0.01339	0.01721	0.01912	0.02486	0.04399	0.09371	0.04781	0.02295	0.01147	0.00382	0.00765	0.60031	0.00765	0.00765
136	0.02221	0.71304	0.04353	0.01421	0.02132	0.03287	0.01421	0.02488	0.01688	0.01955	0.01155	0.01333	0.01066	0.00711	0.00533	0.00178	0.00888	0.00444	0.00355	0.01066
137	0.00982	0.00842	0.00842	0.00842	0.01122	0.00701	0.00631	0.01192	0.01894	0.02244	0.08416	0.07995	0.65285	0.02104	0.00982	0.00281	0.00421	0.01753	0.00771	0.00701
138	0.01012	0.00723	0.00964	0.01157	0.01205	0.00675	0.00771	0.01157	0.01591	0.02121	0.04579	0.70262	0.05495	0.02603	0.01060	0.00337	0.00482	0.02362	0.00771	0.00675
139	0.01723	0.01477	0.01723	0.01230	0.01969	0.01107	0.00984	0.02092	0.01723	0.02707	0.01477	0.01723	0.01230	0.00615	0.00615	0.00123	0.00615	0.00492	0.00492	0.75883
140	0.01181	0.00822	0.01001	0.01011	0.01061	0.00845	0.00643	0.01266	0.01293	0.01742	0.02938	0.08596	0.06181	0.49225	0.17920	0.00870	0.01083	0.01228	0.00519	0.00576
141	0.02826	0.25118	0.02982	0.01914	0.02431	0.47304	0.01547	0.03057	0.02145	0.02008	0.01244	0.01446	0.01069	0.00810	0.00681	0.00203	0.01307	0.00507	0.00405	0.00995
142	0.01187	0.00890	0.01335	0.01335	0.01483	0.01038	0.01038	0.01483	0.01335	0.01928	0.02225	0.03264	0.02077	0.06231	0.67512	0.01335	0.02225	0.00890	0.00445	0.00742
143	0.02793	0.03459	0.02227	0.02035	0.02407	0.55820	0.01539	0.03016	0.02172	0.02018	0.01400	0.01746	0.01204	0.01595	0.09685	0.00369	0.04563	0.00591	0.00427	0.00931
144	0.02387	0.02618	0.18888	0.01809	0.02502	0.06442	0.01760	0.27881	0.05942	0.03819	0.02028	0.02174	0.01496	0.00934	0.00766	0.00241	0.00918	0.00713	0.15480	0.01202
145	0.02633	0.03018	0.02567	0.06032	0.19891	0.38399	0.01842	0.06990	0.02275	0.02453	0.01804	0.02070	0.04637	0.00900	0.00791	0.00232	0.01242	0.00681	0.00467	0.01074
146	0.02397	0.02688	0.06312	0.03934	0.40842	0.20986	0.02252	0.05916	0.02123	0.02644	0.01501	0.01875	0.01236	0.00790	0.00800	0.00238	0.01144	0.00675	0.00435	0.01214

[dist]
# distance from previous block
# <min> <max>
0	2

[block]
# block no. 3 follows, 22 sequences, length 20
# corresponding to MSA columns:
# 250-269
name=unknown_D
#
# <colnr> <probs for GDERKNQSTAVLIFYWHMCP>
#	G	D	E	R	K	N	Q	S	T	A	V	L	I	F	Y	W	H	M	C	P
0	0.01331	0.01357	0.05615	0.01129	0.01464	0.06088	0.00938	0.01692	0.04443	0.02377	0.08204	0.05796	0.38333	0.02070	0.05641	0.03074	0.00704	0.01347	0.07611	0.00784
1	0.01719	0.02267	0.16747	0.02123	0.02557	0.02057	0.06329	0.02146	0.01487	0.02262	0.01383	0.01971	0.01211	0.01644	0.08553	0.00407	0.34479	0.00710	0.00388	0.09562
2	0.01076	0.00845	0.00972	0.00940	0.01180	0.00741	0.00705	0.01374	0.02116	0.02771	0.35935	0.07127	0.37437	0.01907	0.00981	0.00271	0.00407	0.01632	0.00841	0.00741
3	0.02372	0.01817	0.03067	0.10697	0.41088	0.01802	0.06404	0.02848	0.01981	0.16794	0.01944	0.02257	0.01456	0.00811	0.00837	0.00254	0.00966	0.00778	0.00545	0.01284
4	0.01168	0.00972	0.01611	0.01542	0.01720	0.00909	0.10934	0.01404	0.01651	0.02210	0.04102	0.59083	0.04799	0.02290	0.01047	0.00328	0.00633	0.02135	0.00713	0.00748
5	0.01723	0.01477	0.01723	0.01230	0.01969	0.01107	0.00984	0.02092	0.01723	0.02707	0.01477	0.01723	0.01230	0.00615	0.00615	0.00123	0.00615	0.00492	0.00492	0.75883
6	0.01192	0.00871	0.01236	0.01236	0.01350	0.00985	0.00915	0.01420	0.01306	0.01855	0.02316	0.03764	0.02294	0.21106	0.52934	0.01213	0.01898	0.00963	0.00458	0.00687
7	0.03115	0.03596	0.02385	0.02089	0.02570	0.53011	0.01599	0.16581	0.02700	0.02747	0.01442	0.01609	0.01146	0.00888	0.00767	0.00222	0.01368	0.00582	0.00518	0.01063
8	0.00996	0.00842	0.00861	0.00856	0.01131	0.00707	0.00642	0.01219	0.01927	0.02323	0.12532	0.07865	0.61120	0.02075	0.00982	0.00279	0.00419	0.01735	0.00782	0.00707
9	0.02387	0.01883	0.02293	0.08309	0.10833	0.02063	0.01605	0.31006	0.11732	0.04056	0.12473	0.02872	0.02588	0.01082	0.00856	0.00258	0.00819	0.00897	0.00749	0.01238
10	0.01923	0.01927	0.03620	0.03285	0.17233	0.01955	0.30232	0.06573	0.01926	0.02681	0.01728	0.02327	0.01411	0.01726	0.12403	0.00456	0.06162	0.00878	0.00447	0.01105
11	0.01301	0.00932	0.01286	0.01418	0.01611	0.00917	0.01211	0.01686	0.02014	0.02681	0.18401	0.08642	0.05485	0.02157	0.01109	0.00355	0.00679	0.46548	0.00799	0.00769
12	0.02349	0.01925	0.02038	0.01748	0.02268	0.02199	0.01383	0.19571	0.48504	0.03932	0.03022	0.02813	0.02245	0.01093	0.00842	0.00273	0.00724	0.00890	0.00842	0.01340
13	0.02415	0.07250	0.05587	0.05916	0.29266	0.12944	0.02053	0.14292	0.06835	0.03058	0.01696	0.01972	0.01346	0.00840	0.00793	0.00241	0.01041	0.00696	0.00517	0.01240
14	0.01223	0.01052	0.01073	0.01031	0.01353	0.01005	0.00784	0.01910	0.15758	0.02518	0.07294	0.06904	0.51305	0.01886	0.00951	0.00281	0.00474	0.01572	0.00788	0.00838
15	0.01012	0.00723	0.00964	0.01157	0.01205	0.00675	0.00771	0.01157	0.01591	0.02121	0.04579	0.70262	0.05495	0.02603	0.01060	0.00337	0.00482	0.02362	0.00771	0.00675
16	0.01213	0.00910	0.01269	0.01266	0.01359	0.01039	0.00931	0.01416	0.01327	0.01876	0.02490	0.10549	0.02592	0.21091	0.41476	0.01045	0.05868	0.01107	0.00487	0.00688
17	0.02453	0.19707	0.03022	0.02363	0.10670	0.28167	0.01733	0.02709	0.01881	0.02096	0.01245	0.01605	0.01106	0.00943	0.01161	0.00244	0.16897	0.00584	0.00393	0.01022
18	0.01002	0.00842	0.00869	0.00862	0.01134	0.00710	0.00647	0.01231	0.01940	0.02355	0.14222	0.07812	0.59410	0.02062	0.00982	0.00279	0.00418	0.01728	0.00786	0.00710
19	0.02056	0.01974	0.03372	0.05099	0.65622	0.01974	0.02550	0.02550	0.01892	0.02714	0.01563	0.02056	0.01316	0.00740	0.00822	0.00247	0.00987	0.00740	0.00411	0.01316

[dist]
# distance from previous block
# <min> <max>
0	1

[block]
# block no. 4 follows, 22 sequences, length 37
# corresponding to MSA columns:
# 271-307
name=unknown_E
#
# <colnr> <probs for GDERKNQSTAVLIFYWHMCP>
#	G	D	E	R	K	N	Q	S	T	A	V	L	I	F	Y	W	H	M	C	P
0	0.02292	0.03023	0.15465	0.03679	0.34599	0.21537	0.02369	0.02795	0.02003	0.02494	0.01465	0.01830	0.01191	0.00784	0.00794	0.00240	0.01187	0.00654	0.00404	0.01193
1	0.01706	0.01523	0.02491	0.03610	0.40205	0.01514	0.01955	0.02107	0.01835	0.02550	0.02723	0.17287	0.02833	0.01418	0.00934	0.00291	0.00842	0.12546	0.00553	0.01079
2	0.02128	0.02376	0.05547	0.24528	0.29321	0.17132	0.02276	0.02596	0.01920	0.02365	0.01468	0.01964	0.01181	0.00798	0.00807	0.00249	0.01154	0.00687	0.00399	0.01105
3	0.01723	0.01477	0.01723	0.01230	0.01969	0.01107	0.00984	0.02092	0.01723	0.02707	0.01477	0.01723	0.01230	0.00615	0.00615	0.00123	0.00615	0.00492	0.00492	0.75883
4	0.01756	0.01712	0.03037	0.42652	0.22655	0.01913	0.09732	0.02310	0.01763	0.02357	0.01526	0.02173	0.01186	0.00789	0.00847	0.00269	0.01109	0.00768	0.00387	0.01059
5	0.03037	0.03338	0.02355	0.02042	0.02538	0.44421	0.01575	0.19835	0.07635	0.03030	0.01645	0.01761	0.01280	0.00916	0.00779	0.00229	0.01271	0.00626	0.00572	0.01115
6	0.02056	0.01974	0.03372	0.05099	0.65622	0.01974	0.02550	0.02550	0.01892	0.02714	0.01563	0.02056	0.01316	0.00740	0.00822	0.00247	0.00987	0.00740	0.00411	0.01316
7	0.02407	0.01494	0.01543	0.01398	0.01754	0.10918	0.01053	0.02631	0.02023	0.27478	0.03771	0.25970	0.07773	0.04495	0.01050	0.00302	0.00732	0.01391	0.00810	0.01006
8	0.01763	0.03620	0.46209	0.02741	0.03841	0.01986	0.22681	0.02641	0.01822	0.02641	0.01553	0.01914	0.01121	0.00760	0.00852	0.00269	0.01285	0.00735	0.00374	0.01192
9	0.01208	0.00805	0.00906	0.00906	0.00906	0.00805	0.00503	0.01208	0.01208	0.01611	0.02618	0.05436	0.03020	0.70804	0.04228	0.00805	0.00805	0.01208	0.00503	0.00503
10	0.01048	0.00751	0.00996	0.01132	0.01213	0.00699	0.00774	0.01247	0.01758	0.02387	0.17914	0.56167	0.06010	0.02404	0.01043	0.00321	0.00462	0.02173	0.00803	0.00699
11	0.02573	0.07311	0.05184	0.02791	0.18955	0.01835	0.11599	0.05968	0.04669	0.22910	0.02227	0.02375	0.01613	0.01177	0.04770	0.00316	0.01022	0.00799	0.00642	0.01263
12	0.01419	0.01249	0.01945	0.01736	0.01898	0.01532	0.06087	0.01717	0.01367	0.02005	0.01873	0.02789	0.01744	0.04494	0.44630	0.00987	0.20435	0.00853	0.00421	0.00817
13	0.01012	0.00723	0.00964	0.01157	0.01205	0.00675	0.00771	0.01157	0.01591	0.02121	0.04579	0.70262	0.05495	0.02603	0.01060	0.00337	0.00482	0.02362	0.00771	0.00675
14	0.01863	0.01777	0.03023	0.30336	0.41894	0.01923	0.02454	0.02380	0.01800	0.02480	0.01529	0.02119	0.01233	0.00776	0.00826	0.00259	0.01035	0.00739	0.00395	0.01160
15	0.02260	0.02619	0.28605	0.01911	0.02726	0.01613	0.06423	0.05122	0.06361	0.18598	0.02294	0.02375	0.01606	0.00902	0.00787	0.00252	0.00925	0.00749	0.12668	0.01205
16	0.01758	0.03357	0.40904	0.02842	0.08561	0.01922	0.19151	0.02579	0.01830	0.02637	0.01720	0.02360	0.01350	0.00850	0.00865	0.00273	0.01229	0.04234	0.00399	0.01178
17	0.01198	0.00820	0.01027	0.01077	0.01247	0.00739	0.00768	0.01429	0.01893	0.06037	0.20554	0.36591	0.19176	0.02177	0.01010	0.00301	0.00458	0.01926	0.00822	0.00749
18	0.01723	0.01477	0.01723	0.01230	0.01969	0.01107	0.00984	0.02092	0.01723	0.02707	0.01477	0.01723	0.01230	0.00615	0.00615	0.00123	0.00615	0.00492	0.00492	0.75883
19	0.06513	0.45550	0.03524	0.01610	0.02190	0.15114	0.01450	0.02718	0.05456	0.02162	0.01306	0.01505	0.01146	0.00821	0.00753	0.00209	0.06015	0.00512	0.00407	0.01041
20	0.00984	0.00833	0.00850	0.00864	0.01128	0.00699	0.00641	0.01190	0.01872	0.02236	0.08147	0.12352	0.61102	0.02139	0.00987	0.00285	0.00425	0.01796	0.00771	0.00699
21	0.02894	0.02171	0.02352	0.01786	0.02465	0.02306	0.01470	0.51685	0.03505	0.04771	0.01899	0.01945	0.01379	0.00927	0.00791	0.00226	0.00859	0.00701	0.00769	0.15100
22	0.02761	0.24637	0.03038	0.05306	0.02597	0.23371	0.01575	0.21680	0.02594	0.03018	0.01476	0.01639	0.01178	0.00853	0.00711	0.00217	0.01101	0.00584	0.00528	0.01135
23	0.02914	0.02206	0.02356	0.01862	0.02483	0.02462	0.01520	0.49780	0.17376	0.04842	0.02305	0.02242	0.01664	0.01026	0.00834	0.00257	0.00857	0.00791	0.00834	0.01391
24	0.01208	0.00805	0.00906	0.00906	0.00906	0.00805	0.00503	0.01208	0.01208	0.01611	0.02618	0.05436	0.03020	0.70804	0.04228	0.00805	0.00805	0.01208	0.00503	0.00503
25	0.02888	0.02515	0.22535	0.01851	0.02675	0.01736	0.01878	0.14424	0.05443	0.31777	0.02479	0.02347	0.01642	0.00951	0.00820	0.00259	0.00908	0.00754	0.00768	0.01350
26	0.02045	0.02368	0.04714	0.03401	0.04211	0.06918	0.58110	0.02709	0.01990	0.02615	0.01651	0.02186	0.01246	0.00712	0.00963	0.00275	0.01408	0.00948	0.00421	0.01109
27	0.01208	0.00805	0.00906	0.00906	0.00906	0.00805	0.00503	0.01208	0.01208	0.01611	0.02618	0.05436	0.03020	0.70804	0.04228	0.00805	0.00805	0.01208	0.00503	0.00503
28	0.00990	0.00811	0.00873	0.00922	0.01143	0.00695	0.00667	0.01183	0.01816	0.02213	0.07436	0.23902	0.50011	0.02231	0.01002	0.00295	0.00436	0.01909	0.00771	0.00695
29	0.01549	0.00774	0.00774	0.00774	0.00968	0.00774	0.00581	0.01936	0.01742	0.03097	0.02710	0.03097	0.02129	0.00968	0.00581	0.00194	0.00387	0.00774	0.75416	0.00774
30	0.01628	0.01248	0.01543	0.01593	0.01883	0.01336	0.01345	0.05677	0.18474	0.02894	0.04002	0.07321	0.04008	0.01917	0.01051	0.00349	0.00744	0.41255	0.00790	0.00945
31	0.03158	0.02327	0.02493	0.01911	0.02576	0.02576	0.01579	0.62852	0.03906	0.05236	0.01995	0.01995	0.01413	0.00997	0.00831	0.00249	0.00914	0.00748	0.00831	0.01413
32	0.01012	0.00723	0.00964	0.01157	0.01205	0.00675	0.00771	0.01157	0.01591	0.02121	0.04579	0.70262	0.05495	0.02603	0.01060	0.00337	0.00482	0.02362	0.00771	0.00675
33	0.01918	0.01769	0.02899	0.22175	0.40307	0.01881	0.02287	0.05917	0.01983	0.02748	0.06562	0.02422	0.01776	0.00856	0.00838	0.00256	0.00969	0.00800	0.00464	0.01171
34	0.01723	0.15301	0.51240	0.02111	0.03176	0.02073	0.02624	0.02528	0.01787	0.02569	0.06128	0.02011	0.01555	0.00843	0.00760	0.00249	0.01109	0.00651	0.00393	0.01168
35	0.02516	0.03678	0.18317	0.02206	0.02842	0.41429	0.06171	0.02964	0.02178	0.02327	0.06383	0.01983	0.01611	0.00895	0.00793	0.00235	0.01337	0.00662	0.00447	0.01026
36	0.07408	0.05689	0.17333	0.08754	0.14616	0.14773	0.02048	0.02855	0.06823	0.06184	0.04542	0.02123	0.01578	0.00873	0.00777	0.00249	0.01058	0.00693	0.00493	0.01131

[dist]
# distance from previous block
# <min> <max>
1	58

[block]
# block no. 5 follows, 22 sequences, length 94
# corresponding to MSA columns:
# 376-469
name=unknown_F
#
# <colnr> <probs for GDERKNQSTAVLIFYWHMCP>
#	G	D	E	R	K	N	Q	S	T	A	V	L	I	F	Y	W	H	M	C	P
0	0.02043	0.02107	0.03633	0.04304	0.41937	0.05731	0.19217	0.02562	0.01924	0.02633	0.01715	0.05148	0.01474	0.00820	0.00873	0.00258	0.01109	0.00869	0.00431	0.01212
1	0.02760	0.03385	0.02933	0.02791	0.11796	0.47053	0.12138	0.03097	0.02222	0.02237	0.01391	0.01704	0.01137	0.00813	0.00799	0.00230	0.01409	0.00640	0.00424	0.01040
2	0.02273	0.02673	0.06460	0.03684	0.26101	0.18672	0.22623	0.02786	0.02026	0.02519	0.01528	0.01963	0.01223	0.00758	0.00856	0.00250	0.01267	0.00764	0.00416	0.01156
3	0.01012	0.00723	0.00964	0.01157	0.01205	0.00675	0.00771	0.01157	0.01591	0.02121	0.04579	0.70262	0.05495	0.02603	0.01060	0.00337	0.00482	0.02362	0.00771	0.00675
4	0.01650	0.01384	0.01594	0.01594	0.05449	0.01492	0.01139	0.03011	0.33783	0.03170	0.19660	0.08286	0.11436	0.01451	0.00907	0.00278	0.00571	0.01250	0.00825	0.01070
5	0.01443	0.00722	0.01082	0.01082	0.01082	0.00722	0.00722	0.01082	0.01082	0.01443	0.01443	0.02525	0.01443	0.02886	0.03247	0.75830	0.00722	0.00722	0.00361	0.00361
6	0.02293	0.02423	0.03142	0.04430	0.51366	0.16782	0.02336	0.02723	0.01996	0.02560	0.01500	0.01930	0.01260	0.00766	0.00806	0.00239	0.01103	0.00694	0.00415	0.01236
7	0.00982	0.00842	0.00842	0.00842	0.01122	0.00701	0.00631	0.01192	0.01894	0.02244	0.08416	0.07995	0.65285	0.02104	0.00982	0.00281	0.00421	0.01753	0.00771	0.00701
8	0.03103	0.03959	0.02354	0.02140	0.02568	0.67469	0.01605	0.03317	0.02354	0.02033	0.01284	0.01498	0.01070	0.00856	0.00749	0.00214	0.01498	0.00535	0.00428	0.00963
9	0.01131	0.00847	0.01048	0.00998	0.01214	0.00765	0.00749	0.01481	0.02246	0.03080	0.52055	0.06619	0.21124	0.01792	0.00980	0.00266	0.00399	0.01560	0.00881	0.00765
10	0.02060	0.49842	0.20861	0.01784	0.02638	0.02864	0.05132	0.02535	0.01720	0.02172	0.01272	0.01493	0.01073	0.00731	0.00625	0.00206	0.01006	0.00518	0.00358	0.01112
11	0.02450	0.01699	0.01890	0.01641	0.02151	0.01871	0.01293	0.04330	0.49842	0.17981	0.03357	0.03037	0.02425	0.01104	0.00843	0.00276	0.00669	0.00915	0.00888	0.01338
12	0.01003	0.00848	0.00871	0.00882	0.01157	0.00716	0.00672	0.01223	0.01895	0.02258	0.08181	0.08075	0.61757	0.02115	0.00991	0.00286	0.00441	0.05152	0.00771	0.00705
13	0.01245	0.00938	0.01356	0.01330	0.01444	0.01102	0.01013	0.01469	0.01304	0.01873	0.02162	0.03404	0.02099	0.13863	0.52337	0.04287	0.06712	0.00912	0.00443	0.00708
14	0.02377	0.02656	0.02828	0.14862	0.31017	0.27246	0.02143	0.02773	0.02031	0.02350	0.01440	0.01868	0.01185	0.00800	0.00795	0.00239	0.01205	0.00661	0.00411	0.01112
15	0.01795	0.19794	0.52127	0.02149	0.03257	0.02243	0.02688	0.02598	0.01739	0.02474	0.01413	0.01656	0.01056	0.00771	0.00730	0.00243	0.01149	0.00575	0.00352	0.01190
