[name]
unknown

[dist]
# distance from previous block
# <min> <max>
0	2

[block]
# block no. 0 follows, 21 sequences, length 35
# corresponding to MSA columns:
# 2-36
name=unknown_A
#
# <colnr> <probs for GDERKNQSTAVLIFYWHMCP>
#	G	D	E	R	K	N	Q	S	T	A	V	L	I	F	Y	W	H	M	C	P
0	0.02197	0.02352	0.01839	0.01648	0.02080	0.27114	0.01252	0.05482	0.02135	0.02479	0.02663	0.15176	0.06020	0.01325	0.00837	0.00237	0.00977	0.04574	0.00584	0.19031
1	0.20180	0.34051	0.14622	0.05045	0.02544	0.06579	0.01692	0.02597	0.01714	0.02585	0.01272	0.01505	0.01050	0.00773	0.00619	0.00225	0.00962	0.00509	0.00408	0.01067
2	0.02062	0.05759	0.34041	0.01875	0.02748	0.05407	0.02111	0.02691	0.01979	0.14222	0.03332	0.03312	0.14581	0.01138	0.00846	0.00266	0.00987	0.00905	0.00584	0.01157
3	0.02295	0.01991	0.13642	0.01579	0.02255	0.01450	0.01489	0.09186	0.05669	0.18815	0.12621	0.03416	0.07824	0.01141	0.00847	0.00246	0.00754	0.00939	0.00764	0.13076
4	0.06132	0.02904	0.25670	0.03141	0.15015	0.02048	0.20023	0.02874	0.08467	0.02877	0.01787	0.02126	0.01346	0.00808	0.00863	0.00273	0.01167	0.00790	0.00456	0.01233
5	0.03179	0.04056	0.02412	0.02192	0.02631	0.66676	0.01644	0.03398	0.02412	0.02083	0.01315	0.01535	0.01096	0.00877	0.00767	0.00219	0.01535	0.00548	0.00438	0.00987
6	0.02346	0.06173	0.03202	0.04178	0.44647	0.15940	0.02272	0.02881	0.05391	0.02631	0.01619	0.02002	0.01349	0.00804	0.00812	0.00244	0.01099	0.00708	0.00446	0.01257
7	0.01225	0.00821	0.00992	0.01013	0.01036	0.00833	0.00617	0.01257	0.01288	0.01735	0.02797	0.12099	0.03184	0.52518	0.10876	0.04370	0.00947	0.01305	0.00532	0.00555
8	0.02470	0.49332	0.03760	0.01622	0.02261	0.16502	0.01474	0.06146	0.02037	0.02282	0.04262	0.01677	0.01443	0.00825	0.00632	0.00198	0.01019	0.00544	0.00435	0.01077
9	0.01028	0.00773	0.00954	0.01098	0.01212	0.00699	0.00751	0.01195	0.01713	0.02206	0.05745	0.53072	0.21412	0.02529	0.01065	0.00330	0.00477	0.02252	0.00790	0.00699
10	0.01086	0.00828	0.00998	0.01034	0.01218	0.00740	0.00746	0.01347	0.02012	0.02656	0.27221	0.26131	0.26578	0.02162	0.01029	0.00298	0.00440	0.01894	0.00842	0.00740
11	0.02275	0.70604	0.04459	0.01456	0.02184	0.03367	0.01456	0.02548	0.01729	0.02002	0.01183	0.01365	0.01092	0.00728	0.00546	0.00182	0.00910	0.00455	0.00364	0.01092
12	0.01204	0.00870	0.01138	0.01071	0.01271	0.00803	0.00803	0.01606	0.02409	0.03413	0.64335	0.06357	0.08030	0.01740	0.01004	0.00268	0.00401	0.01539	0.00937	0.00803
13	0.02135	0.03752	0.45920	0.02427	0.06172	0.02156	0.02710	0.18593	0.02395	0.03415	0.01669	0.01877	0.01189	0.00863	0.00822	0.00265	0.01160	0.00672	0.00494	0.01313
14	0.01765	0.01513	0.01765	0.01260	0.02017	0.01134	0.01008	0.02143	0.01765	0.02773	0.01513	0.01765	0.01260	0.00630	0.00630	0.00126	0.00630	0.00504	0.00504	0.75295
15	0.01952	0.01855	0.03111	0.21847	0.45217	0.01934	0.02449	0.02466	0.01864	0.02617	0.01572	0.02129	0.01285	0.00775	0.00832	0.00253	0.01021	0.00743	0.00415	0.05661
16	0.01799	0.01382	0.01492	0.01338	0.01564	0.04842	0.00967	0.15528	0.02040	0.02710	0.06060	0.04103	0.02692	0.32578	0.16518	0.00743	0.01176	0.01039	0.00602	0.00827
17	0.01063	0.00805	0.00981	0.01062	0.01216	0.00723	0.00749	0.01285	0.01888	0.02472	0.18423	0.37485	0.24136	0.02315	0.01044	0.00311	0.00455	0.02044	0.00821	0.00723
18	0.01707	0.04402	0.65683	0.02426	0.03683	0.01976	0.03144	0.02695	0.01797	0.02695	0.01527	0.01797	0.01078	0.00809	0.00809	0.00270	0.01258	0.00629	0.00359	0.01258
19	0.01238	0.00825	0.00928	0.00928	0.00928	0.00825	0.00516	0.01238	0.01238	0.01650	0.02681	0.05569	0.03094	0.70092	0.04331	0.00825	0.00825	0.01238	0.00516	0.00516
20	0.01317	0.01011	0.01339	0.01292	0.01345	0.01175	0.00923	0.01455	0.01312	0.01848	0.02408	0.07561	0.02595	0.34641	0.24755	0.00911	0.11841	0.01113	0.00488	0.00671
21	0.01216	0.00912	0.01368	0.01368	0.01520	0.01064	0.01064	0.01520	0.01368	0.01976	0.02279	0.03343	0.02127	0.06382	0.66720	0.01368	0.02279	0.00912	0.00456	0.00760
22	0.01921	0.29320	0.42639	0.02061	0.03119	0.02500	0.02509	0.02640	0.01771	0.02434	0.01398	0.01634	0.01083	0.00778	0.00710	0.00237	0.01127	0.00563	0.00361	0.01195
23	0.06093	0.01379	0.01330	0.03798	0.01642	0.05313	0.00947	0.13770	0.02233	0.03527	0.02406	0.02718	0.01861	0.00974	0.00662	0.00218	0.00615	0.00753	0.48815	0.00945
24	0.01887	0.01125	0.01351	0.01257	0.01596	0.01066	0.00952	0.02468	0.11626	0.17933	0.08901	0.22462	0.20259	0.01841	0.00969	0.00296	0.00556	0.01587	0.00875	0.00993
25	0.01875	0.23960	0.47596	0.02139	0.03240	0.02387	0.02646	0.02652	0.01777	0.02490	0.01426	0.01669	0.01082	0.00785	0.00731	0.00244	0.01155	0.00577	0.00361	0.01209
26	0.02803	0.27619	0.06259	0.01834	0.02522	0.12956	0.01636	0.28223	0.02817	0.03493	0.01590	0.01704	0.01245	0.00882	0.00725	0.00224	0.01036	0.00612	0.00585	0.01236
27	0.01180	0.00853	0.01060	0.01028	0.01192	0.00792	0.00732	0.01472	0.02096	0.02894	0.43463	0.09989	0.13057	0.14567	0.01628	0.00378	0.00489	0.01560	0.00834	0.00734
28	0.01967	0.34758	0.37610	0.01981	0.02996	0.02614	0.02370	0.02628	0.01766	0.02377	0.01369	0.01599	0.01084	0.00772	0.00688	0.00229	0.01098	0.00549	0.00361	0.01182
29	0.02157	0.20068	0.20946	0.01833	0.02609	0.02319	0.01879	0.06772	0.20193	0.06405	0.05026	0.02380	0.01930	0.00959	0.00773	0.00252	0.00908	0.00746	0.00605	0.01243
30	0.01238	0.00825	0.00928	0.00928	0.00928	0.00825	0.00516	0.01238	0.01238	0.01650	0.02681	0.05569	0.03094	0.70092	0.04331	0.00825	0.00825	0.01238	0.00516	0.00516
31	0.01799	0.01023	0.01330	0.01266	0.01524	0.00955	0.00939	0.05475	0.02166	0.15999	0.21772	0.33048	0.05350	0.01959	0.01000	0.00300	0.00541	0.01736	0.00892	0.00927
32	0.01839	0.03521	0.40915	0.03051	0.09660	0.02035	0.21359	0.02697	0.01876	0.02713	0.01595	0.01981	0.01170	0.00775	0.00873	0.00273	0.01290	0.00758	0.00387	0.01232
33	0.02607	0.02887	0.02902	0.07217	0.31067	0.29738	0.02122	0.06577	0.02255	0.02607	0.01501	0.01867	0.01234	0.00830	0.00811	0.00240	0.01238	0.00669	0.00453	0.01177
34	0.02084	0.02154	0.06914	0.05068	0.61387	0.02019	0.02641	0.02616	0.01930	0.02775	0.01597	0.02089	0.01333	0.00761	0.00841	0.00254	0.01025	0.00751	0.00418	0.01343

[dist]
# distance from previous block
# <min> <max>
0	1

[block]
# block no. 1 follows, 21 sequences, length 56
# corresponding to MSA columns:
# 38-93
name=unknown_B
#
# <colnr> <probs for GDERKNQSTAVLIFYWHMCP>
#	G	D	E	R	K	N	Q	S	T	A	V	L	I	F	Y	W	H	M	C	P
0	0.02258	0.06229	0.16520	0.03393	0.28185	0.15844	0.02320	0.03014	0.09057	0.02666	0.01719	0.02005	0.01368	0.00839	0.00808	0.00250	0.01132	0.00695	0.00460	0.01239
1	0.02667	0.03085	0.02909	0.03639	0.32302	0.35811	0.02106	0.03023	0.02185	0.02416	0.01452	0.01808	0.01216	0.00820	0.00803	0.00235	0.01285	0.00648	0.00430	0.01159
2	0.01304	0.00962	0.01308	0.01181	0.01449	0.00869	0.04025	0.01663	0.02240	0.05710	0.42358	0.09642	0.20445	0.01800	0.01002	0.00277	0.00482	0.01586	0.00873	0.00824
3	0.01016	0.00863	0.00877	0.00873	0.01156	0.00723	0.00655	0.01242	0.01965	0.02358	0.11586	0.08092	0.61437	0.02133	0.01006	0.00286	0.00429	0.01782	0.00798	0.00723
4	0.01869	0.03403	0.38997	0.03465	0.23849	0.02009	0.08980	0.02671	0.01865	0.02726	0.01571	0.01950	0.01189	0.00783	0.00840	0.00266	0.01195	0.00710	0.00387	0.01276
5	0.01942	0.01855	0.03158	0.25877	0.45413	0.01979	0.02530	0.02468	0.01860	0.02581	0.01572	0.02160	0.01278	0.00789	0.00845	0.00263	0.01052	0.00758	0.00407	0.01216
6	0.02077	0.02194	0.07948	0.05021	0.60371	0.02019	0.02650	0.02618	0.01928	0.02774	0.01595	0.02084	0.01328	0.00762	0.00840	0.00254	0.01029	0.00749	0.00417	0.01341
7	0.05527	0.01615	0.02015	0.20238	0.03056	0.01804	0.01525	0.21131	0.05559	0.03652	0.17996	0.03542	0.06366	0.01210	0.00883	0.00270	0.00805	0.01008	0.00722	0.01075
8	0.01039	0.00770	0.00970	0.01117	0.01220	0.00702	0.00763	0.01212	0.01727	0.02255	0.08265	0.54599	0.17210	0.02523	0.01067	0.00331	0.00477	0.02256	0.00797	0.00702
9	0.02107	0.02011	0.03366	0.05023	0.61187	0.02027	0.02539	0.02722	0.05462	0.02825	0.01708	0.02168	0.01420	0.00781	0.00844	0.00255	0.00992	0.00770	0.00447	0.01348
10	0.01006	0.00862	0.00862	0.00862	0.01149	0.00718	0.00647	0.01221	0.01940	0.02299	0.08621	0.08190	0.64438	0.02155	0.01006	0.00287	0.00431	0.01796	0.00790	0.00718
11	0.02106	0.02022	0.03454	0.05223	0.64784	0.02022	0.02612	0.02612	0.01938	0.02780	0.01601	0.02106	0.01348	0.00758	0.00842	0.00253	0.01011	0.00758	0.00421	0.01348
12	0.03179	0.04056	0.02412	0.02192	0.02631	0.66676	0.01644	0.03398	0.02412	0.02083	0.01315	0.01535	0.01096	0.00877	0.00767	0.00219	0.01535	0.00548	0.00438	0.00987
13	0.01163	0.00893	0.00934	0.00906	0.01209	0.00750	0.00686	0.01394	0.01988	0.05671	0.11011	0.07824	0.58458	0.02077	0.00998	0.00285	0.00445	0.01734	0.00811	0.00761
14	0.01586	0.00793	0.00793	0.00793	0.00991	0.00793	0.00595	0.01983	0.01785	0.03173	0.02776	0.03173	0.02181	0.00991	0.00595	0.00198	0.00397	0.00793	0.74817	0.00793
15	0.02223	0.01881	0.01984	0.01753	0.02253	0.02166	0.01373	0.09975	0.57620	0.03731	0.03329	0.03068	0.02489	0.01142	0.00865	0.00285	0.00698	0.00944	0.00865	0.01357
16	0.02106	0.02022	0.03454	0.05223	0.64784	0.02022	0.02612	0.02612	0.01938	0.02780	0.01601	0.02106	0.01348	0.00758	0.00842	0.00253	0.01011	0.00758	0.00421	0.01348
17	0.01661	0.01431	0.01488	0.01375	0.01776	0.01543	0.01059	0.03167	0.38074	0.03042	0.05581	0.05234	0.27989	0.01565	0.00923	0.00288	0.00574	0.01305	0.00835	0.01089
18	0.02009	0.02296	0.05022	0.03587	0.04448	0.02152	0.61693	0.02726	0.02009	0.02726	0.01722	0.02296	0.01291	0.00717	0.01004	0.00287	0.01435	0.01004	0.00430	0.01148
19	0.03179	0.04056	0.02412	0.02192	0.02631	0.66676	0.01644	0.03398	0.02412	0.02083	0.01315	0.01535	0.01096	0.00877	0.00767	0.00219	0.01535	0.00548	0.00438	0.00987
20	0.01031	0.00863	0.00896	0.00888	0.01165	0.00729	0.00666	0.01269	0.01998	0.02438	0.15576	0.07961	0.57396	0.02103	0.01006	0.00285	0.00427	0.01764	0.00809	0.00729
21	0.02201	0.02862	0.16584	0.03860	0.36666	0.12866	0.02473	0.02900	0.06414	0.02701	0.01672	0.02021	0.01338	0.00818	0.00824	0.00253	0.01128	0.00710	0.00443	0.01268
22	0.01006	0.00862	0.00862	0.00862	0.01149	0.00718	0.00647	0.01221	0.01940	0.02299	0.08621	0.08190	0.64438	0.02155	0.01006	0.00287	0.00431	0.01796	0.00790	0.00718
23	0.01352	0.00815	0.00884	0.00884	0.00949	0.00815	0.00542	0.01483	0.01417	0.02151	0.02713	0.04781	0.02794	0.47375	0.03103	0.00619	0.00684	0.01091	0.24942	0.00607
24	0.01707	0.04402	0.65683	0.02426	0.03683	0.01976	0.03144	0.02695	0.01797	0.02695	0.01527	0.01797	0.01078	0.00809	0.00809	0.00270	0.01258	0.00629	0.00359	0.01258
25	0.02728	0.02073	0.02235	0.01753	0.02388	0.02222	0.01425	0.39560	0.13949	0.04533	0.02243	0.02251	0.01654	0.00982	0.00807	0.00238	0.00816	0.00760	0.04285	0.13097
26	0.01954	0.33142	0.39105	0.02005	0.03032	0.02580	0.02411	0.02631	0.01767	0.02394	0.01378	0.01609	0.01084	0.00774	0.00695	0.00232	0.01107	0.00553	0.00361	0.01186
27	0.02610	0.01883	0.02095	0.01697	0.02208	0.02087	0.01380	0.42015	0.03178	0.04381	0.02179	0.02453	0.01678	0.02174	0.15022	0.00489	0.01164	0.00801	0.09283	0.01224
28	0.01966	0.01864	0.03067	0.14504	0.47962	0.01933	0.02379	0.02586	0.05834	0.02708	0.02110	0.02550	0.05022	0.00878	0.00855	0.00262	0.00975	0.00831	0.00464	0.01249
29	0.01262	0.00889	0.01254	0.01254	0.01396	0.01007	0.00952	0.01546	0.01404	0.02085	0.02380	0.03551	0.02233	0.12280	0.52423	0.01172	0.01905	0.00931	0.09337	0.00739
30	0.01037	0.00741	0.00987	0.01185	0.01234	0.00691	0.00790	0.01185	0.01629	0.02172	0.04690	0.69537	0.05629	0.02666	0.01086	0.00346	0.00494	0.02419	0.00790	0.00691
31	0.02106	0.02022	0.03454	0.05223	0.64784	0.02022	0.02612	0.02612	0.01938	0.02780	0.01601	0.02106	0.01348	0.00758	0.00842	0.00253	0.01011	0.00758	0.00421	0.01348
32	0.01029	0.00863	0.00894	0.00886	0.01164	0.00728	0.00665	0.01266	0.01994	0.02427	0.15036	0.07979	0.57943	0.02107	0.01006	0.00285	0.00428	0.01766	0.00807	0.00728
33	0.02074	0.01989	0.03396	0.09253	0.61004	0.02014	0.02596	0.02584	0.01923	0.02741	0.01595	0.02117	0.01334	0.00764	0.00843	0.00255	0.01019	0.00758	0.00418	0.01322
34	0.76103	0.01646	0.01251	0.01119	0.01646	0.01909	0.00922	0.02502	0.01448	0.03818	0.01185	0.01382	0.00922	0.00790	0.00527	0.00263	0.00658	0.00461	0.00527	0.00922
35	0.01444	0.01083	0.01257	0.01218	0.01466	0.01060	0.00901	0.11940	0.02261	0.02982	0.15646	0.31000	0.20313	0.02085	0.01010	0.00301	0.00539	0.01816	0.00826	0.00850
36	0.02106	0.02022	0.03454	0.05223	0.64784	0.02022	0.02612	0.02612	0.01938	0.02780	0.01601	0.02106	0.01348	0.00758	0.00842	0.00253	0.01011	0.00758	0.00421	0.01348
37	0.02158	0.02121	0.03404	0.05076	0.61766	0.05161	0.02565	0.02650	0.01961	0.02746	0.01587	0.02078	0.01336	0.00764	0.00839	0.00251	0.01036	0.00748	0.00422	0.01330
38	0.02159	0.02025	0.03303	0.04822	0.57424	0.02057	0.02475	0.05462	0.06460	0.02955	0.01756	0.02181	0.01443	0.00799	0.00845	0.00255	0.00983	0.00773	0.00473	0.01352
39	0.02106	0.02022	0.03454	0.05223	0.64784	0.02022	0.02612	0.02612	0.01938	0.02780	0.01601	0.02106	0.01348	0.00758	0.00842	0.00253	0.01011	0.00758	0.00421	0.01348
40	0.01037	0.00741	0.00987	0.01185	0.01234	0.00691	0.00790	0.01185	0.01629	0.02172	0.04690	0.69537	0.05629	0.02666	0.01086	0.00346	0.00494	0.02419	0.00790	0.00691
41	0.03475	0.01377	0.01839	0.01435	0.02048	0.01186	0.01177	0.03790	0.02375	0.57675	0.04000	0.03543	0.09714	0.01188	0.00874	0.00266	0.00688	0.00971	0.01021	0.01359
42	0.01765	0.01513	0.01765	0.01260	0.02017	0.01134	0.01008	0.02143	0.01765	0.02773	0.01513	0.01765	0.01260	0.00630	0.00630	0.00126	0.00630	0.00504	0.00504	0.75295
43	0.76103	0.01646	0.01251	0.01119	0.01646	0.01909	0.00922	0.02502	0.01448	0.03818	0.01185	0.01382	0.00922	0.00790	0.00527	0.00263	0.00658	0.00461	0.00527	0.00922
44	0.02117	0.01828	0.01924	0.01732	0.02213	0.02117	0.01347	0.04522	0.63246	0.03560	0.03464	0.03175	0.02598	0.01155	0.00866	0.00289	0.00673	0.00962	0.00866	0.01347
45	0.02430	0.01726	0.01912	0.01581	0.02045	0.01908	0.01276	0.34396	0.05939	0.04141	0.02318	0.02596	0.01795	0.02067	0.13642	0.00462	0.01069	0.00810	0.16721	0.01167
46	0.01859	0.04189	0.61082	0.02360	0.03574	0.01924	0.03007	0.02800	0.01843	0.07221	0.01659	0.01876	0.01152	0.00826	0.00812	0.00269	0.01219	0.00645	0.00409	0.01271
47	0.02179	0.02352	0.03721	0.03892	0.28520	0.10454	0.21809	0.02674	0.01936	0.02574	0.01539	0.02062	0.01266	0.00859	0.01149	0.00276	0.10328	0.00810	0.00420	0.01179
48	0.01006	0.00862	0.00862	0.00862	0.01149	0.00718	0.00647	0.01221	0.01940	0.02299	0.08621	0.08190	0.64438	0.02155	0.01006	0.00287	0.00431	0.01796	0.00790	0.00718
49	0.01212	0.00776	0.00929	0.01028	0.01096	0.00751	0.00671	0.01372	0.01552	0.02241	0.03712	0.37215	0.04172	0.21294	0.01894	0.00449	0.00566	0.01736	0.16672	0.00664
50	0.01116	0.00866	0.01015	0.00978	0.01217	0.00765	0.00733	0.01434	0.02200	0.02916	0.39475	0.07175	0.33200	0.01925	0.01005	0.00276	0.00415	0.01654	0.00871	0.00765
51	0.01724	0.04281	0.62196	0.02492	0.03727	0.01986	0.06510	0.02697	0.01809	0.02697	0.01538	0.01825	0.01090	0.00803	0.00820	0.00271	0.01268	0.00650	0.00363	0.01251
52	0.01238	0.00825	0.00928	0.00928	0.00928	0.00825	0.00516	0.01238	0.01238	0.01650	0.02681	0.05569	0.03094	0.70092	0.04331	0.00825	0.00825	0.01238	0.00516	0.00516
53	0.03235	0.02384	0.02554	0.01958	0.02639	0.02639	0.01618	0.61946	0.04001	0.05363	0.02043	0.02043	0.01447	0.01022	0.00851	0.00255	0.00936	0.00766	0.00851	0.01447
54	0.01194	0.00807	0.00941	0.00984	0.00994	0.00796	0.00575	0.01226	0.01322	0.01763	0.03115	0.19360	0.03640	0.55556	0.03632	0.00722	0.00754	0.01492	0.00575	0.00554
55	0.02147	0.05570	0.01633	0.01287	0.01628	0.01267	0.01017	0.05509	0.01871	0.19105	0.02620	0.03271	0.02147	0.11142	0.22174	0.00666	0.01196	0.00879	0.13897	0.00976

[dist]
# distance from previous block
# <min> <max>
0	1

[block]
# block no. 2 follows, 21 sequences, length 10
# corresponding to MSA columns:
# 95-104
name=unknown_C
#
# <colnr> <probs for GDERKNQSTAVLIFYWHMCP>
#	G	D	E	R	K	N	Q	S	T	A	V	L	I	F	Y	W	H	M	C	P
0	0.02763	0.34709	0.03355	0.01853	0.02425	0.37515	0.01558	0.03007	0.02097	0.02046	0.01254	0.01457	0.01094	0.00808	0.00665	0.00202	0.01247	0.00505	0.00404	0.01035
1	0.01148	0.00840	0.01040	0.01060	0.01216	0.00776	0.00758	0.01408	0.01982	0.02678	0.31089	0.19779	0.16428	0.11625	0.01496	0.00371	0.00502	0.04263	0.00815	0.00724
2	0.02604	0.29708	0.12989	0.01945	0.02622	0.32313	0.01804	0.02962	0.02054	0.02147	0.01297	0.01510	0.01092	0.00809	0.00689	0.00213	0.01252	0.00525	0.00398	0.01069
3	0.01207	0.00914	0.01025	0.01032	0.01190	0.00880	0.00700	0.01545	0.06954	0.02282	0.11468	0.16148	0.22770	0.25628	0.02158	0.00481	0.00595	0.01600	0.00717	0.00707
4	0.09680	0.02306	0.03069	0.04333	0.48624	0.12249	0.02289	0.02725	0.01964	0.02774	0.01514	0.01943	0.01265	0.00780	0.00799	0.00249	0.01059	0.00695	0.00435	0.01248
5	0.02045	0.02352	0.12957	0.03929	0.39844	0.02038	0.02388	0.03090	0.16851	0.02957	0.02043	0.02317	0.01610	0.00863	0.00843	0.00264	0.00968	0.00787	0.00520	0.01333
6	0.06598	0.01269	0.01558	0.01430	0.01725	0.01441	0.01131	0.12892	0.05143	0.02906	0.02269	0.02952	0.01952	0.04292	0.41122	0.00934	0.01680	0.00848	0.06929	0.00931
7	0.02053	0.01968	0.03358	0.11937	0.58487	0.02008	0.02585	0.02565	0.01913	0.02715	0.01591	0.02124	0.01325	0.00768	0.00843	0.00256	0.01024	0.00758	0.00417	0.01305
8	0.01892	0.01960	0.01634	0.05431	0.01986	0.23106	0.01184	0.02114	0.01777	0.02054	0.02372	0.13342	0.02425	0.13613	0.17483	0.00619	0.01367	0.01062	0.03779	0.00799
9	0.23496	0.22967	0.15312	0.01530	0.02225	0.02189	0.01561	0.02531	0.01713	0.06915	0.04878	0.01996	0.01568	0.01323	0.06311	0.00335	0.00985	0.00616	0.00494	0.01056

[dist]
# distance from previous block
# <min> <max>
0	20

[block]
# block no. 3 follows, 21 sequences, length 73
# corresponding to MSA columns:
# 125-197
name=unknown_D
#
# <colnr> <probs for GDERKNQSTAVLIFYWHMCP>
#	G	D	E	R	K	N	Q	S	T	A	V	L	I	F	Y	W	H	M	C	P
0	0.02141	0.02186	0.03269	0.15260	0.44507	0.09460	0.05678	0.02636	0.01957	0.02596	0.01560	0.02078	0.01280	0.00785	0.00844	0.00256	0.01115	0.00747	0.00417	0.01228
1	0.01875	0.01786	0.02914	0.04055	0.45327	0.01765	0.05021	0.02435	0.05282	0.02721	0.03154	0.03426	0.14405	0.01066	0.00885	0.00264	0.00894	0.00995	0.00522	0.01209
2	0.02006	0.16498	0.16187	0.10870	0.18594	0.06065	0.02208	0.02658	0.05863	0.02470	0.01610	0.02000	0.01311	0.01117	0.04143	0.00306	0.03833	0.00677	0.00422	0.01160
3	0.07464	0.38027	0.03399	0.01745	0.02315	0.26400	0.01511	0.02830	0.01938	0.02154	0.01228	0.01455	0.01084	0.00827	0.00746	0.00211	0.04727	0.00505	0.00402	0.01034
4	0.01087	0.00843	0.00989	0.01000	0.01211	0.00746	0.00732	0.01361	0.02061	0.02698	0.29031	0.18627	0.32380	0.02090	0.01020	0.00290	0.00431	0.01812	0.00846	0.00746
5	0.01037	0.00741	0.00987	0.01185	0.01234	0.00691	0.00790	0.01185	0.01629	0.02172	0.04690	0.69537	0.05629	0.02666	0.01086	0.00346	0.00494	0.02419	0.00790	0.00691
6	0.02569	0.31169	0.06371	0.06242	0.02692	0.26345	0.01697	0.06168	0.02088	0.02269	0.01315	0.01571	0.01117	0.00849	0.00788	0.00220	0.04498	0.00549	0.00420	0.01064
7	0.01157	0.00942	0.01142	0.01233	0.05404	0.00838	0.00838	0.01465	0.02125	0.02772	0.30213	0.07062	0.37937	0.01898	0.00994	0.00277	0.00458	0.01626	0.00824	0.00794
8	0.01073	0.00837	0.00975	0.00999	0.01206	0.00738	0.00727	0.01330	0.02012	0.02610	0.24707	0.21591	0.33864	0.02145	0.01023	0.00295	0.00436	0.01860	0.00835	0.00738
9	0.03179	0.04056	0.02412	0.02192	0.02631	0.66676	0.01644	0.03398	0.02412	0.02083	0.01315	0.01535	0.01096	0.00877	0.00767	0.00219	0.01535	0.00548	0.00438	0.00987
10	0.03185	0.03885	0.02426	0.02168	0.02632	0.60114	0.01642	0.09398	0.02575	0.02419	0.01390	0.01587	0.01132	0.00892	0.00776	0.00223	0.01473	0.00570	0.00481	0.01034
11	0.01234	0.00891	0.01029	0.00990	0.01254	0.00777	0.00743	0.01519	0.02118	0.06187	0.27983	0.10513	0.37736	0.01973	0.01001	0.00282	0.00440	0.01685	0.00857	0.00788
12	0.01707	0.04402	0.65683	0.02426	0.03683	0.01976	0.03144	0.02695	0.01797	0.02695	0.01527	0.01797	0.01078	0.00809	0.00809	0.00270	0.01258	0.00629	0.00359	0.01258
13	0.17549	0.01636	0.01847	0.15126	0.02693	0.01836	0.01372	0.20581	0.02408	0.06805	0.01992	0.02259	0.01478	0.00933	0.00725	0.00250	0.00784	0.00712	0.17933	0.01083
14	0.02186	0.01842	0.01942	0.01714	0.02207	0.02105	0.01342	0.10780	0.53556	0.03699	0.03563	0.03299	0.05559	0.01190	0.00871	0.00285	0.00691	0.00982	0.00861	0.01327
15	0.01731	0.01328	0.01442	0.01245	0.01632	0.01323	0.00979	0.19818	0.02677	0.03492	0.19600	0.05889	0.32095	0.01713	0.00958	0.00273	0.00578	0.01422	0.00843	0.00960
16	0.01738	0.01613	0.01508	0.01430	0.01622	0.14586	0.01039	0.05146	0.01686	0.02081	0.02196	0.03607	0.02185	0.25222	0.29661	0.00897	0.01589	0.00933	0.00493	0.00767
17	0.01130	0.00821	0.01065	0.01101	0.01250	0.00756	0.00789	0.01426	0.02090	0.02884	0.38788	0.30046	0.10460	0.02110	0.01035	0.00298	0.00438	0.01883	0.00873	0.00756
18	0.02172	0.02094	0.03017	0.04186	0.45738	0.05858	0.02244	0.03128	0.17036	0.02931	0.02042	0.02335	0.01640	0.00863	0.00844	0.00260	0.00959	0.00796	0.00532	0.01326
19	0.01045	0.00864	0.00917	0.00903	0.01174	0.00735	0.00678	0.01298	0.02033	0.02520	0.19670	0.07826	0.53251	0.02073	0.01005	0.00283	0.00425	0.01745	0.00819	0.00735
20	0.02017	0.02169	0.04408	0.07598	0.22946	0.02098	0.40422	0.02661	0.01970	0.02712	0.01673	0.02236	0.01300	0.00737	0.00947	0.00276	0.01289	0.00916	0.00425	0.01198
21	0.03004	0.02269	0.02424	0.01911	0.02551	0.02531	0.01562	0.50100	0.16223	0.04991	0.02336	0.02277	0.01685	0.01049	0.00854	0.00262	0.00882	0.00807	0.00854	0.01427
22	0.01721	0.04303	0.62823	0.02480	0.03719	0.01985	0.05905	0.02697	0.01807	0.02697	0.01536	0.01820	0.01088	0.00804	0.00818	0.00270	0.01266	0.00647	0.00363	0.01253
23	0.01216	0.00912	0.01368	0.01368	0.01520	0.01064	0.01064	0.01520	0.01368	0.01976	0.02279	0.03343	0.02127	0.06382	0.66720	0.01368	0.02279	0.00912	0.00456	0.00760
24	0.02316	0.01927	0.02036	0.01772	0.02289	0.02210	0.01395	0.14741	0.52704	0.03881	0.03211	0.02974	0.02393	0.01131	0.00863	0.00283	0.00720	0.00927	0.00863	0.01365
25	0.02347	0.01943	0.02054	0.01779	0.02301	0.02224	0.01403	0.16368	0.51024	0.03932	0.03171	0.02942	0.02360	0.01127	0.00863	0.00282	0.00728	0.00922	0.00863	0.01368
26	0.01053	0.00761	0.00996	0.01156	0.01234	0.00704	0.00784	0.01231	0.01727	0.02308	0.11119	0.59680	0.09014	0.02542	0.01073	0.00334	0.00481	0.02294	0.00805	0.00704
27	0.02389	0.02117	0.02159	0.01965	0.05306	0.12752	0.01489	0.21333	0.06080	0.03307	0.01979	0.02365	0.01611	0.02150	0.14616	0.00490	0.09450	0.00771	0.06570	0.01103
28	0.01006	0.00862	0.00862	0.00862	0.01149	0.00718	0.00647	0.01221	0.01940	0.02299	0.08621	0.08190	0.64438	0.02155	0.01006	0.00287	0.00431	0.01796	0.00790	0.00718
29	0.01765	0.01513	0.01765	0.01260	0.02017	0.01134	0.01008	0.02143	0.01765	0.02773	0.01513	0.01765	0.01260	0.00630	0.00630	0.00126	0.00630	0.00504	0.00504	0.75295
30	0.01017	0.00863	0.00878	0.00874	0.01157	0.00723	0.00656	0.01244	0.01967	0.02365	0.11906	0.08082	0.61112	0.02131	0.01006	0.00286	0.00429	0.01781	0.00799	0.00723
31	0.01216	0.00912	0.01368	0.01368	0.01520	0.01064	0.01064	0.01520	0.01368	0.01976	0.02279	0.03343	0.02127	0.06382	0.66720	0.01368	0.02279	0.00912	0.00456	0.00760
32	0.01006	0.00862	0.00862	0.00862	0.01149	0.00718	0.00647	0.01221	0.01940	0.02299	0.08621	0.08190	0.64438	0.02155	0.01006	0.00287	0.00431	0.01796	0.00790	0.00718
33	0.02106	0.02022	0.03454	0.05223	0.64784	0.02022	0.02612	0.02612	0.01938	0.02780	0.01601	0.02106	0.01348	0.00758	0.00842	0.00253	0.01011	0.00758	0.00421	0.01348
34	0.02106	0.02022	0.03454	0.05223	0.64784	0.02022	0.02612	0.02612	0.01938	0.02780	0.01601	0.02106	0.01348	0.00758	0.00842	0.00253	0.01011	0.00758	0.00421	0.01348
35	0.02450	0.02132	0.03180	0.04228	0.45844	0.02210	0.02309	0.20695	0.02567	0.03567	0.01736	0.02087	0.01378	0.00839	0.00845	0.00254	0.00988	0.00761	0.00552	0.01378
36	0.01131	0.00867	0.01035	0.00993	0.01226	0.00772	0.00745	0.01463	0.02235	0.03000	0.43672	0.07037	0.28950	0.01894	0.01004	0.00275	0.00412	0.01634	0.00882	0.00772
37	0.02302	0.01496	0.01820	0.01327	0.02058	0.01165	0.01072	0.02667	0.01940	0.19159	0.01995	0.02061	0.01482	0.00741	0.00689	0.00162	0.00655	0.00596	0.00648	0.55965
38	0.01113	0.00844	0.01026	0.01027	0.01227	0.00757	0.00752	0.01413	0.02126	0.02849	0.36557	0.18164	0.24980	0.02033	0.01019	0.00288	0.00427	0.01775	0.00866	0.00757
39	0.01238	0.00825	0.00928	0.00928	0.00928	0.00825	0.00516	0.01238	0.01238	0.01650	0.02681	0.05569	0.03094	0.70092	0.04331	0.00825	0.00825	0.01238	0.00516	0.00516
40	0.02125	0.01366	0.01869	0.02064	0.14593	0.01328	0.01280	0.08214	0.02208	0.15799	0.16914	0.04281	0.06873	0.15449	0.01612	0.00379	0.00735	0.01113	0.00751	0.01048
41	0.01223	0.00883	0.01224	0.01224	0.01326	0.00986	0.00884	0.01427	0.01325	0.01869	0.02411	0.04071	0.02444	0.27223	0.46312	0.01190	0.01804	0.01018	0.00475	0.00680
42	0.02521	0.52501	0.03902	0.01656	0.02306	0.20589	0.01507	0.02779	0.01915	0.02024	0.01219	0.01411	0.01093	0.00769	0.00606	0.00192	0.01080	0.00480	0.00384	0.01063
43	0.02960	0.20330	0.02922	0.02000	0.02521	0.47915	0.01597	0.06115	0.02323	0.02227	0.01319	0.01518	0.01113	0.00848	0.00717	0.00212	0.01351	0.00536	0.00441	0.01036
44	0.01056	0.00864	0.00932	0.00915	0.01180	0.00740	0.00686	0.01318	0.02058	0.02580	0.22692	0.07727	0.50192	0.02050	0.01005	0.00282	0.00424	0.01731	0.00827	0.00740
45	0.01075	0.00855	0.00905	0.00898	0.01117	0.00749	0.00636	0.01266	0.01845	0.02284	0.13324	0.07455	0.45806	0.16101	0.01690	0.00396	0.00509	0.01654	0.00749	0.00686
46	0.03179	0.04056	0.02412	0.02192	0.02631	0.66676	0.01644	0.03398	0.02412	0.02083	0.01315	0.01535	0.01096	0.00877	0.00767	0.00219	0.01535	0.00548	0.00438	0.00987
47	0.01165	0.00794	0.00950	0.01022	0.01039	0.00776	0.00615	0.01218	0.01380	0.01840	0.03412	0.28829	0.04016	0.45575	0.03151	0.00651	0.00705	0.01667	0.00615	0.00579
48	0.76103	0.01646	0.01251	0.01119	0.01646	0.01909	0.00922	0.02502	0.01448	0.03818	0.01185	0.01382	0.00922	0.00790	0.00527	0.00263	0.00658	0.00461	0.00527	0.00922
49	0.01155	0.00869	0.01076	0.01122	0.01290	0.00817	0.00803	0.01535	0.05443	0.02731	0.27373	0.32516	0.15788	0.02155	0.01030	0.00304	0.00460	0.01911	0.00849	0.00774
50	0.01586	0.00793	0.00793	0.00793	0.00991	0.00793	0.00595	0.01983	0.01785	0.03173	0.02776	0.03173	0.02181	0.00991	0.00595	0.00198	0.00397	0.00793	0.74817	0.00793
51	0.02405	0.02613	0.03086	0.07843	0.42518	0.21719	0.02303	0.02827	0.02069	0.02533	0.01509	0.01941	0.01259	0.00800	0.00820	0.00244	0.01178	0.00694	0.00424	0.01215
52	0.02583	0.02219	0.02465	0.02017	0.02548	0.16493	0.11306	0.06596	0.14932	0.15010	0.09472	0.05614	0.02615	0.01120	0.00888	0.00266	0.00982	0.00968	0.00737	0.01169
53	0.03179	0.04056	0.02412	0.02192	0.02631	0.66676	0.01644	0.03398	0.02412	0.02083	0.01315	0.01535	0.01096	0.00877	0.00767	0.00219	0.01535	0.00548	0.00438	0.00987
54	0.01344	0.01088	0.01652	0.25336	0.03026	0.01209	0.01499	0.01701	0.01723	0.02246	0.03385	0.25456	0.03672	0.05666	0.01206	0.00362	0.00822	0.17183	0.00625	0.00798
55	0.01981	0.01608	0.01708	0.01541	0.01992	0.01782	0.01198	0.03822	0.47309	0.06668	0.04520	0.04193	0.15306	0.01355	0.00894	0.00287	0.00626	0.01128	0.00861	0.01223
56	0.01216	0.00912	0.01368	0.01368	0.01520	0.01064	0.01064	0.01520	0.01368	0.01976	0.02279	0.03343	0.02127	0.06382	0.66720	0.01368	0.02279	0.00912	0.00456	0.00760
57	0.02099	0.16218	0.03437	0.02307	0.02713	0.06147	0.14634	0.05725	0.01760	0.02370	0.01379	0.01915	0.01215	0.01336	0.04737	0.00347	0.29469	0.00739	0.00418	0.01035
58	0.01209	0.00856	0.01063	0.01055	0.01143	0.00876	0.00705	0.01355	0.01474	0.02006	0.10687	0.05300	0.08500	0.39398	0.19954	0.00854	0.01120	0.01236	0.00575	0.00632
59	0.02987	0.01916	0.02458	0.02420	0.15215	0.01926	0.01641	0.23596	0.06185	0.22790	0.02384	0.02354	0.01675	0.00950	0.00832	0.00248	0.00845	0.00779	0.00794	0.08005
60	0.01126	0.00806	0.01085	0.01250	0.01348	0.00764	0.00911	0.01356	0.01793	0.02402	0.11981	0.49409	0.05773	0.02487	0.01094	0.00346	0.00542	0.13995	0.00807	0.00724
61	0.01865	0.02375	0.16097	0.23686	0.30255	0.01981	0.06551	0.02503	0.01841	0.02574	0.01567	0.02105	0.01224	0.00794	0.00849	0.00268	0.01127	0.00747	0.00396	0.01193
62	0.01174	0.00869	0.01095	0.01039	0.01253	0.00790	0.00779	0.01547	0.02337	0.03241	0.55768	0.06639	0.16703	0.01804	0.01004	0.00271	0.00406	0.01579	0.00914	0.00790
63	0.02075	0.01956	0.03140	0.08794	0.50456	0.02029	0.02384	0.02901	0.12145	0.02870	0.01906	0.02295	0.01542	0.00830	0.00847	0.00261	0.00963	0.00792	0.00493	0.01321
64	0.03179	0.04056	0.02412	0.02192	0.02631	0.66676	0.01644	0.03398	0.02412	0.02083	0.01315	0.01535	0.01096	0.00877	0.00767	0.00219	0.01535	0.00548	0.00438	0.00987
65	0.05364	0.01146	0.05410	0.01163	0.01451	0.00941	0.00964	0.01727	0.02316	0.03388	0.56704	0.05781	0.07179	0.01626	0.00965	0.00268	0.00472	0.01419	0.00876	0.00840
66	0.76103	0.01646	0.01251	0.01119	0.01646	0.01909	0.00922	0.02502	0.01448	0.03818	0.01185	0.01382	0.00922	0.00790	0.00527	0.00263	0.00658	0.00461	0.00527	0.00922
67	0.02362	0.02372	0.02638	0.06552	0.19862	0.15403	0.04215	0.06726	0.24719	0.03030	0.02252	0.02395	0.01748	0.00947	0.00843	0.00262	0.01014	0.00800	0.00610	0.01248
68	0.01914	0.01826	0.03107	0.29422	0.42088	0.01971	0.02516	0.02443	0.01847	0.02547	0.01567	0.02169	0.01266	0.00794	0.00846	0.00265	0.01059	0.00757	0.00405	0.01193
69	0.01931	0.01843	0.03138	0.27266	0.44110	0.01976	0.02525	0.02458	0.01855	0.02568	0.01570	0.02163	0.01273	0.00791	0.00845	0.00264	0.01054	0.00758	0.00406	0.01207
70	0.76103	0.01646	0.01251	0.01119	0.01646	0.01909	0.00922	0.02502	0.01448	0.03818	0.01185	0.01382	0.00922	0.00790	0.00527	0.00263	0.00658	0.00461	0.00527	0.00922
71	0.02234	0.01781	0.02000	0.01867	0.05605	0.01986	0.01384	0.11127	0.42792	0.06738	0.10016	0.03321	0.02973	0.01177	0.00878	0.00279	0.00696	0.00986	0.00857	0.01303
72	0.01188	0.00804	0.00943	0.00991	0.01003	0.00792	0.00583	0.01225	0.01334	0.01778	0.03175	0.21272	0.03716	0.53540	0.03535	0.00707	0.00744	0.01528	0.00583	0.00559

[dist]
# distance from previous block
# <min> <max>
0	2

[block]
# block no. 4 follows, 21 sequences, length 10
# corresponding to MSA columns:
# 200-209
name=unknown_E
#
# <colnr> <probs for GDERKNQSTAVLIFYWHMCP>
#	G	D	E	R	K	N	Q	S	T	A	V	L	I	F	Y	W	H	M	C	P
0	0.02784	0.01804	0.01957	0.01557	0.02087	0.01938	0.01268	0.37942	0.03169	0.10455	0.02395	0.02473	0.01736	0.01015	0.00773	0.00239	0.00750	0.00783	0.23630	0.01246
1	0.01725	0.08007	0.01953	0.04806	0.07889	0.04880	0.01302	0.08608	0.05857	0.02672	0.03361	0.34964	0.03654	0.01829	0.00949	0.00301	0.00743	0.04861	0.00689	0.00949
2	0.16235	0.44952	0.09472	0.01555	0.02268	0.09007	0.01534	0.02635	0.01748	0.02418	0.01229	0.01426	0.01059	0.00762	0.00588	0.00209	0.00955	0.00482	0.00401	0.01066
3	0.02386	0.20761	0.06223	0.01823	0.02334	0.22264	0.01594	0.08491	0.02190	0.02502	0.02230	0.03182	0.05017	0.01183	0.00922	0.00256	0.05320	0.09772	0.00523	0.01026
4	0.01827	0.01358	0.01527	0.01351	0.01694	0.01456	0.01049	0.17716	0.08126	0.03176	0.03798	0.04235	0.15665	0.09078	0.16441	0.00572	0.01050	0.01090	0.07823	0.00968
5	0.01805	0.02089	0.07736	0.04557	0.02598	0.11826	0.12071	0.02228	0.01944	0.02519	0.06284	0.13440	0.08296	0.01240	0.00872	0.00247	0.00940	0.01106	0.00560	0.17643
6	0.16504	0.02459	0.11723	0.04726	0.08437	0.12239	0.01701	0.11243	0.02233	0.07860	0.07677	0.02315	0.01895	0.01049	0.00896	0.03653	0.00967	0.00730	0.00589	0.01104
7	0.15382	0.07065	0.24445	0.01862	0.02596	0.08028	0.01956	0.05854	0.01973	0.05751	0.02156	0.03359	0.01915	0.01151	0.00818	0.00283	0.01014	0.12768	0.00544	0.01081
8	0.09198	0.02270	0.12158	0.03002	0.25248	0.04294	0.02021	0.11245	0.02218	0.05230	0.04304	0.02831	0.03964	0.01008	0.00827	0.00264	0.00935	0.04226	0.03557	0.01201
9	0.11855	0.05403	0.04449	0.01868	0.05776	0.18125	0.01454	0.08432	0.02256	0.10221	0.06664	0.02915	0.02139	0.01066	0.00794	0.00246	0.00958	0.06296	0.00630	0.08452

[dist]
# distance from previous block
# <min> <max>
15	105

[block]
# block no. 5 follows, 21 sequences, length 147
# corresponding to MSA columns:
# 319-465
name=unknown_F
#
# <colnr> <probs for GDERKNQSTAVLIFYWHMCP>
#	G	D	E	R	K	N	Q	S	T	A	V	L	I	F	Y	W	H	M	C	P
0	0.02024	0.09535	0.09450	0.08643	0.06262	0.15512	0.01661	0.07555	0.02054	0.02504	0.02497	0.16480	0.04679	0.01668	0.05424	0.00342	0.01101	0.01071	0.00541	0.00997
1	0.09505	0.01591	0.02031	0.11844	0.18256	0.05975	0.01574	0.02177	0.01954	0.02824	0.13531	0.03808	0.08845	0.01186	0.00846	0.00261	0.00802	0.04141	0.04154	0.04694
2	0.02374	0.12933	0.02965	0.02890	0.21036	0.19942	0.01868	0.05893	0.02054	0.02469	0.01898	0.02219	0.05590	0.01007	0.01081	0.00253	0.11232	0.00725	0.00459	0.01109
3	0.04731	0.09163	0.21447	0.01551	0.02177	0.04337	0.01618	0.02387	0.05753	0.02793	0.06900	0.03087	0.07438	0.01333	0.04108	0.00300	0.00890	0.00840	0.18139	0.01008
4	0.11079	0.01881	0.06786	0.12577	0.22009	0.01852	0.01915	0.06064	0.01916	0.02885	0.04794	0.02786	0.08098	0.01044	0.00998	0.00269	0.07167	0.00840	0.00510	0.04530
5	0.02393	0.09544	0.16151	0.02865	0.19572	0.12556	0.02136	0.09001	0.06446	0.05788	0.01751	0.01967	0.01354	0.00848	0.00789	0.00242	0.01077	0.00676	0.00513	0.04333
6	0.02502	0.22755	0.21207	0.02054	0.02809	0.30347	0.02024	0.02958	0.02044	0.02237	0.01339	0.01563	0.01090	0.00816	0.00717	0.00223	0.01280	0.00545	0.00395	0.01094
7	0.02780	0.27195	0.03098	0.01878	0.02426	0.36281	0.01550	0.07818	0.02256	0.02319	0.01371	0.01596	0.01169	0.01077	0.03582	0.00259	0.01298	0.00549	0.00447	0.01052
8	0.01379	0.01037	0.01272	0.01359	0.01526	0.01076	0.01020	0.02014	0.13732	0.02463	0.04055	0.28400	0.04393	0.13737	0.01620	0.00429	0.00669	0.18245	0.00756	0.00817
9	0.01161	0.00797	0.00988	0.01107	0.01180	0.00765	0.00750	0.01313	0.01582	0.02142	0.04204	0.38187	0.07851	0.20991	0.01947	0.00468	0.00603	0.07452	0.05852	0.00661
10	0.01053	0.00858	0.00931	0.00926	0.01181	0.00736	0.00689	0.01307	0.02031	0.02546	0.21102	0.10834	0.48669	0.02086	0.01009	0.00286	0.00427	0.01769	0.00824	0.00736
11	0.01839	0.05801	0.10292	0.12016	0.07592	0.01938	0.14193	0.05234	0.11192	0.02690	0.02027	0.02512	0.01618	0.02024	0.14732	0.00503	0.01352	0.00841	0.00500	0.01104
12	0.01171	0.00813	0.00932	0.00970	0.01013	0.00787	0.00584	0.01225	0.01396	0.01827	0.03768	0.18267	0.10791	0.49052	0.03312	0.00669	0.00715	0.01532	0.00601	0.00573
13	0.02275	0.70604	0.04459	0.01456	0.02184	0.03367	0.01456	0.02548	0.01729	0.02002	0.01183	0.01365	0.01092	0.00728	0.00546	0.00182	0.00910	0.00455	0.00364	0.01092
14	0.02078	0.02101	0.03906	0.04752	0.47406	0.02059	0.19628	0.02645	0.01958	0.02765	0.01636	0.02161	0.01332	0.00746	0.00889	0.00263	0.01133	0.00829	0.00424	0.01290
15	0.02480	0.02243	0.02288	0.02060	0.06047	0.10545	0.01548	0.18341	0.25317	0.03563	0.02316	0.02361	0.01777	0.01047	0.01012	0.00263	0.07393	0.00785	0.00701	0.07912
16	0.02928	0.02231	0.02381	0.01896	0.02522	0.02496	0.01543	0.46191	0.20256	0.04869	0.02433	0.02354	0.01763	0.01058	0.00855	0.00265	0.00864	0.00820	0.00855	0.01420
17	0.01059	0.00813	0.00971	0.01039	0.01210	0.00724	0.00738	0.01285	0.01906	0.02474	0.18362	0.33358	0.28432	0.02283	0.01039	0.00308	0.00451	0.02003	0.00820	0.00724
18	0.02070	0.39029	0.06334	0.01420	0.02016	0.02509	0.01340	0.02824	0.13799	0.02589	0.01983	0.02123	0.01616	0.00871	0.00632	0.00211	0.00773	0.00635	0.16139	0.01088
19	0.01033	0.00755	0.00973	0.01147	0.01224	0.00694	0.00773	0.01189	0.01666	0.02187	0.05152	0.62338	0.12530	0.02606	0.01077	0.00339	0.00486	0.02346	0.00790	0.00694
20	0.02729	0.37152	0.03430	0.01826	0.02409	0.35191	0.01551	0.02975	0.02072	0.02043	0.01250	0.01450	0.01094	0.00803	0.00657	0.00201	0.01224	0.00502	0.00401	0.01039
21	0.01428	0.01049	0.01254	0.01124	0.01496	0.00891	0.00885	0.01758	0.02069	0.06432	0.22398	0.06159	0.24510	0.01672	0.00937	0.00258	0.00521	0.07874	0.00787	0.16496
22	0.20634	0.03308	0.02186	0.02056	0.05114	0.45229	0.01512	0.05962	0.02236	0.02687	0.01332	0.01548	0.01082	0.00858	0.00717	0.00233	0.01273	0.00547	0.00479	0.01009
23	0.01824	0.04080	0.57299	0.02496	0.03691	0.01962	0.08560	0.02759	0.01844	0.05345	0.01623	0.01890	0.01141	0.00810	0.00829	0.00271	0.01252	0.00674	0.00395	0.01255
24	0.02765	0.02150	0.02289	0.01863	0.02460	0.02420	0.01504	0.37809	0.28903	0.04605	0.02640	0.02519	0.01931	0.01077	0.00857	0.00269	0.00826	0.00849	0.00857	0.01405
25	0.08088	0.07797	0.06608	0.03407	0.29483	0.02105	0.09041	0.03038	0.12332	0.06913	0.01972	0.02224	0.01532	0.00842	0.00815	0.00259	0.00962	0.00772	0.00538	0.01271
26	0.01692	0.01366	0.01439	0.01322	0.01723	0.01432	0.01021	0.02988	0.32066	0.06065	0.05826	0.05464	0.30964	0.01609	0.00930	0.00287	0.00565	0.01340	0.00841	0.01063
27	0.01017	0.00863	0.00878	0.00874	0.01157	0.00723	0.00656	0.01244	0.01967	0.02365	0.11904	0.08082	0.61114	0.02131	0.01006	0.00286	0.00429	0.01781	0.00799	0.00723
28	0.03179	0.04056	0.02412	0.02192	0.02631	0.66676	0.01644	0.03398	0.02412	0.02083	0.01315	0.01535	0.01096	0.00877	0.00767	0.00219	0.01535	0.00548	0.00438	0.00987
29	0.01017	0.00863	0.00878	0.00874	0.01157	0.00723	0.00656	0.01244	0.01967	0.02364	0.11875	0.08083	0.61143	0.02131	0.01006	0.00286	0.00429	0.01781	0.00799	0.00723
30	0.02089	0.02435	0.15036	0.03216	0.26475	0.02080	0.02197	0.06356	0.24719	0.03184	0.02299	0.02438	0.01763	0.00928	0.00845	0.00269	0.00931	0.00809	0.00596	0.01335
31	0.01053	0.00864	0.00927	0.00912	0.01178	0.00738	0.00684	0.01313	0.02051	0.02563	0.21831	0.07755	0.51064	0.02057	0.01005	0.00283	0.00424	0.01735	0.00825	0.00738
32	0.02438	0.02120	0.03174	0.03625	0.31998	0.02186	0.09081	0.23757	0.02684	0.03671	0.02158	0.02440	0.04840	0.00924	0.00874	0.00260	0.01002	0.00847	0.00596	0.01325
33	0.03195	0.03574	0.02453	0.02125	0.02633	0.48232	0.01637	0.20261	0.02869	0.03028	0.01525	0.01681	0.01197	0.00919	0.00792	0.00230	0.01362	0.00611	0.00557	0.01119
34	0.01716	0.01565	0.02491	0.15347	0.31947	0.01630	0.01980	0.02251	0.05213	0.02564	0.02920	0.13646	0.07641	0.01296	0.00914	0.00285	0.00873	0.04086	0.00546	0.01089
35	0.02647	0.02163	0.02565	0.09518	0.15933	0.14972	0.04157	0.03119	0.04950	0.18843	0.05261	0.02467	0.01851	0.00997	0.01010	0.00266	0.06666	0.00799	0.00628	0.01188
36	0.01721	0.04301	0.62768	0.02481	0.03720	0.01985	0.05958	0.02697	0.01807	0.02697	0.01537	0.01821	0.01088	0.00804	0.00818	0.00270	0.01266	0.00647	0.00363	0.01252
37	0.28298	0.03417	0.42653	0.01959	0.02955	0.01952	0.02350	0.02626	0.01672	0.03096	0.01405	0.01649	0.01022	0.00802	0.00708	0.00267	0.01043	0.00569	0.00419	0.01138
38	0.02106	0.02022	0.03454	0.05223	0.64784	0.02022	0.02612	0.02612	0.01938	0.02780	0.01601	0.02106	0.01348	0.00758	0.00842	0.00253	0.01011	0.00758	0.00421	0.01348
39	0.01140	0.00890	0.01066	0.01110	0.01344	0.00817	0.00878	0.01430	0.01966	0.02505	0.15760	0.10328	0.34786	0.02450	0.05610	0.00386	0.00641	0.15354	0.00788	0.00749
40	0.01822	0.01885	0.03333	0.02616	0.02962	0.02209	0.24266	0.02226	0.01578	0.02293	0.01516	0.02243	0.01331	0.01919	0.11523	0.00487	0.33532	0.00867	0.00407	0.00987
41	0.01796	0.01695	0.03029	0.33421	0.18383	0.01842	0.13701	0.02358	0.01824	0.02536	0.01721	0.02343	0.01336	0.00820	0.00849	0.00267	0.01078	0.00809	0.09133	0.01058
42	0.01867	0.03744	0.48786	0.02252	0.03312	0.02037	0.02679	0.05804	0.15402	0.03007	0.01976	0.02111	0.01429	0.00894	0.00823	0.00273	0.01115	0.00708	0.00493	0.01286
43	0.01235	0.00900	0.01310	0.01310	0.01453	0.01034	0.01003	0.01522	0.01379	0.02010	0.02331	0.03490	0.02197	0.10546	0.59212	0.01274	0.02088	0.00929	0.04034	0.00744
44	0.02309	0.02476	0.02999	0.07394	0.42023	0.19106	0.02241	0.02727	0.02052	0.02540	0.01881	0.02275	0.04509	0.00866	0.00831	0.00247	0.01126	0.00756	0.00443	0.01199
45	0.01114	0.00866	0.01012	0.00975	0.01216	0.00764	0.00732	0.01430	0.02195	0.02904	0.38906	0.07194	0.33776	0.01929	0.01005	0.00277	0.00415	0.01656	0.00870	0.00764
46	0.01041	0.00821	0.00955	0.01024	0.01211	0.00735	0.00734	0.01247	0.01813	0.02289	0.09629	0.30375	0.35913	0.02592	0.05228	0.00377	0.00571	0.01956	0.00776	0.00715
47	0.02409	0.01914	0.02057	0.01735	0.02255	0.02149	0.01380	0.24705	0.34931	0.04187	0.10099	0.03144	0.02824	0.01176	0.00877	0.00274	0.00736	0.00960	0.00869	0.01319
48	0.06375	0.02529	0.11029	0.02585	0.06937	0.14527	0.20134	0.02498	0.01914	0.02521	0.02129	0.15171	0.02049	0.01188	0.01000	0.00284	0.04522	0.01083	0.00496	0.01029
49	0.01807	0.03627	0.43880	0.02773	0.03846	0.02062	0.21086	0.02672	0.01837	0.02672	0.01567	0.01953	0.01146	0.00814	0.00968	0.00280	0.04669	0.00750	0.00382	0.01208
50	0.01916	0.01993	0.02202	0.05816	0.02314	0.14667	0.01615	0.02165	0.01563	0.02041	0.01520	0.02256	0.01410	0.02767	0.21027	0.00629	0.32042	0.00756	0.00410	0.00893
51	0.03235	0.02384	0.02554	0.01958	0.02639	0.02639	0.01618	0.61946	0.04001	0.05363	0.02043	0.02043	0.01447	0.01022	0.00851	0.00255	0.00936	0.00766	0.00851	0.01447
