[name]
unknown

[dist]
# distance from previous block
# <min> <max>
21	50

[block]
# block no. 0 follows, 20 sequences, length 11
# corresponding to MSA columns:
# 63-73
name=unknown_A
#
# <colnr> <probs for GDERKNQSTAVLIFYWHMCP>
#	G	D	E	R	K	N	Q	S	T	A	V	L	I	F	Y	W	H	M	C	P
0	0.01816	0.02542	0.18962	0.02199	0.08695	0.12613	0.01865	0.02246	0.01792	0.02325	0.02234	0.13385	0.02171	0.02515	0.14686	0.06113	0.01361	0.01019	0.00484	0.00978
1	0.16936	0.02401	0.04973	0.06991	0.08892	0.15344	0.01624	0.10199	0.09798	0.06304	0.01958	0.02140	0.01488	0.00935	0.00769	0.00258	0.00984	0.00701	0.06148	0.01158
2	0.02140	0.02114	0.03312	0.15916	0.49952	0.06099	0.02570	0.02650	0.01975	0.02696	0.01606	0.02151	0.01327	0.00801	0.00860	0.00262	0.01092	0.00763	0.00425	0.01286
3	0.02353	0.02235	0.03198	0.16912	0.14588	0.08021	0.14316	0.17127	0.02521	0.03270	0.02145	0.02522	0.04879	0.00949	0.00905	0.00273	0.01151	0.00873	0.00557	0.01205
4	0.14705	0.01695	0.05043	0.01849	0.02309	0.01725	0.11586	0.06757	0.01877	0.06340	0.02011	0.02510	0.01618	0.02138	0.14612	0.00511	0.08072	0.00806	0.12821	0.01014
5	0.02789	0.02586	0.02158	0.01820	0.02266	0.22127	0.01386	0.28035	0.02884	0.03492	0.02022	0.02829	0.01790	0.17979	0.01732	0.00395	0.01125	0.00835	0.00654	0.01097
6	0.08082	0.10437	0.01925	0.01451	0.01857	0.12820	0.01146	0.02757	0.14982	0.02877	0.09571	0.08489	0.10873	0.01346	0.00825	0.00261	0.00772	0.01074	0.07454	0.01002
7	0.01225	0.00828	0.00964	0.01006	0.01017	0.00817	0.00587	0.01257	0.01353	0.01803	0.03180	0.18916	0.03715	0.55394	0.03743	0.00743	0.00775	0.01522	0.00587	0.00566
8	0.01579	0.01146	0.01320	0.01255	0.01466	0.01174	0.00915	0.11725	0.02015	0.02645	0.04049	0.11641	0.13609	0.27559	0.07157	0.00596	0.00872	0.07790	0.00689	0.00797
9	0.07943	0.01786	0.01938	0.01625	0.02058	0.02035	0.01305	0.24659	0.13084	0.03998	0.02312	0.02506	0.01777	0.01209	0.01143	0.04499	0.07635	0.00799	0.16527	0.01164
10	0.01551	0.01702	0.06199	0.02295	0.02794	0.01510	0.25557	0.02003	0.01876	0.02504	0.03892	0.23391	0.13698	0.01649	0.01149	0.00316	0.04777	0.01575	0.00610	0.00951

[dist]
# distance from previous block
# <min> <max>
2	34

[block]
# block no. 1 follows, 20 sequences, length 6
# corresponding to MSA columns:
# 110-115
name=unknown_B
#
# <colnr> <probs for GDERKNQSTAVLIFYWHMCP>
#	G	D	E	R	K	N	Q	S	T	A	V	L	I	F	Y	W	H	M	C	P
0	0.14555	0.02872	0.19244	0.02396	0.11072	0.11249	0.02019	0.03300	0.11473	0.10616	0.02029	0.02136	0.01493	0.00915	0.00795	0.00268	0.01033	0.00704	0.00586	0.01243
1	0.02649	0.02031	0.01989	0.06459	0.02392	0.13634	0.01386	0.17911	0.02568	0.12294	0.02287	0.02554	0.01734	0.01823	0.10482	0.00417	0.01160	0.00784	0.14318	0.01129
2	0.07142	0.02515	0.02033	0.01859	0.02267	0.25881	0.01466	0.12282	0.06261	0.02949	0.02289	0.03379	0.02067	0.02160	0.12250	0.00472	0.01372	0.09710	0.00611	0.01034
3	0.02842	0.08275	0.02453	0.02023	0.02482	0.39875	0.01595	0.11468	0.02532	0.02670	0.01912	0.02771	0.01722	0.01450	0.04932	0.00323	0.01389	0.07688	0.00550	0.01048
4	0.11402	0.03422	0.27391	0.02622	0.11921	0.13299	0.02348	0.11996	0.02284	0.03237	0.01578	0.01828	0.01188	0.00865	0.00798	0.00262	0.01175	0.00650	0.00492	0.01242
5	0.06601	0.01966	0.12894	0.08525	0.12064	0.01585	0.01779	0.05105	0.06527	0.02848	0.03796	0.11176	0.15098	0.01458	0.00923	0.00296	0.00842	0.04836	0.00623	0.01056

[dist]
# distance from previous block
# <min> <max>
0	1

[block]
# block no. 2 follows, 20 sequences, length 8
# corresponding to MSA columns:
# 117-124
name=unknown_C
#
# <colnr> <probs for GDERKNQSTAVLIFYWHMCP>
#	G	D	E	R	K	N	Q	S	T	A	V	L	I	F	Y	W	H	M	C	P
0	0.02145	0.02138	0.11695	0.01933	0.02368	0.02034	0.01747	0.11222	0.01969	0.08059	0.01833	0.02494	0.01566	0.08033	0.07363	0.00447	0.24586	0.00800	0.00546	0.07023
1	0.01865	0.01821	0.03115	0.08183	0.15598	0.01803	0.19611	0.02682	0.11149	0.02806	0.02833	0.09130	0.06962	0.01122	0.00937	0.00279	0.00994	0.01109	0.00574	0.07427
2	0.01768	0.01328	0.01752	0.12492	0.07292	0.01484	0.01393	0.06188	0.04971	0.02974	0.03051	0.03917	0.07375	0.01276	0.01013	0.00276	0.07004	0.06731	0.26753	0.00964
3	0.02259	0.13126	0.08369	0.12590	0.02933	0.10119	0.01694	0.06871	0.09769	0.07879	0.12986	0.02938	0.02700	0.01082	0.00837	0.00258	0.00949	0.00865	0.00645	0.01131
4	0.01352	0.02270	0.25346	0.01545	0.02198	0.01248	0.01677	0.01920	0.02044	0.02777	0.18748	0.05458	0.26872	0.01584	0.00953	0.00283	0.00758	0.01323	0.00676	0.00967
5	0.02266	0.01822	0.04571	0.01883	0.08600	0.10966	0.01370	0.02595	0.02168	0.17730	0.04748	0.07739	0.22108	0.01556	0.00947	0.00285	0.00822	0.06004	0.00761	0.01061
6	0.02071	0.02063	0.01817	0.01618	0.02063	0.17179	0.01242	0.02887	0.16143	0.02903	0.12673	0.08701	0.03287	0.01287	0.00869	0.00249	0.00842	0.04148	0.00699	0.17259
7	0.20266	0.02220	0.07695	0.01787	0.06328	0.11388	0.01419	0.05151	0.05844	0.06468	0.03112	0.03149	0.13389	0.01129	0.00786	0.00257	0.00863	0.00860	0.00619	0.07271

[dist]
# distance from previous block
# <min> <max>
15	22

[block]
# block no. 3 follows, 20 sequences, length 51
# corresponding to MSA columns:
# 147-197
name=unknown_D
#
# <colnr> <probs for GDERKNQSTAVLIFYWHMCP>
#	G	D	E	R	K	N	Q	S	T	A	V	L	I	F	Y	W	H	M	C	P
0	0.01114	0.00898	0.00999	0.01004	0.01269	0.00783	0.00773	0.01395	0.02096	0.02633	0.20424	0.08127	0.45458	0.02136	0.01048	0.00301	0.00472	0.07467	0.00842	0.00762
1	0.01107	0.00788	0.01040	0.01191	0.01252	0.00755	0.00798	0.01269	0.01659	0.02235	0.08037	0.54014	0.05413	0.10066	0.05591	0.00469	0.00653	0.02196	0.00767	0.00701
2	0.06625	0.08924	0.02834	0.09832	0.13548	0.24108	0.01876	0.16376	0.02569	0.03133	0.01574	0.01855	0.01246	0.00891	0.00796	0.00245	0.01188	0.00661	0.00535	0.01186
3	0.01954	0.19099	0.22573	0.01756	0.02478	0.02081	0.01845	0.10167	0.02093	0.02900	0.02322	0.15149	0.02197	0.01234	0.00803	0.00260	0.00913	0.01000	0.08065	0.01110
4	0.01063	0.00759	0.01012	0.01215	0.01265	0.00709	0.00810	0.01215	0.01670	0.02227	0.04808	0.68775	0.05769	0.02733	0.01113	0.00354	0.00506	0.02480	0.00810	0.00709
5	0.01058	0.00878	0.00931	0.00965	0.01228	0.00750	0.00726	0.01283	0.01955	0.02359	0.08135	0.14967	0.53620	0.02278	0.01051	0.00308	0.00472	0.05488	0.00810	0.00738
6	0.01854	0.01738	0.07524	0.01743	0.02041	0.01721	0.01461	0.15261	0.02139	0.02956	0.02894	0.28850	0.03098	0.01926	0.01551	0.04667	0.15490	0.01447	0.00665	0.00974
7	0.01063	0.00759	0.01012	0.01215	0.01265	0.00709	0.00810	0.01215	0.01670	0.02227	0.04808	0.68775	0.05769	0.02733	0.01113	0.00354	0.00506	0.02480	0.00810	0.00709
8	0.01899	0.01807	0.03071	0.36786	0.34502	0.02004	0.02548	0.02449	0.01863	0.02534	0.01595	0.02244	0.01271	0.00825	0.00868	0.00275	0.01101	0.00776	0.00409	0.01172
9	0.02418	0.17585	0.02991	0.27766	0.03904	0.26864	0.01934	0.02796	0.02030	0.02154	0.01398	0.01832	0.01138	0.00855	0.00770	0.00242	0.01270	0.00625	0.00408	0.01018
10	0.02267	0.01979	0.02655	0.03341	0.28668	0.05966	0.02024	0.15309	0.02489	0.03318	0.02579	0.04318	0.02435	0.01314	0.00959	0.00299	0.00987	0.17244	0.00637	0.01214
11	0.01883	0.01884	0.03476	0.35409	0.21009	0.02039	0.16640	0.02485	0.01885	0.02531	0.01626	0.02288	0.01260	0.00814	0.00908	0.00283	0.01204	0.00837	0.00412	0.01129
12	0.02750	0.09340	0.02866	0.02960	0.19128	0.39178	0.01885	0.03055	0.02231	0.02326	0.01616	0.05608	0.01462	0.00958	0.00806	0.00238	0.01308	0.00723	0.00459	0.01104
13	0.01670	0.01574	0.02658	0.64453	0.08622	0.01944	0.02434	0.02249	0.01755	0.02257	0.01554	0.02318	0.01173	0.00868	0.00872	0.00289	0.01157	0.00775	0.00390	0.00988
14	0.02332	0.69869	0.04571	0.01493	0.02239	0.03451	0.01493	0.02612	0.01772	0.02052	0.01213	0.01399	0.01119	0.00746	0.00560	0.00187	0.00933	0.00466	0.00373	0.01119
15	0.01599	0.01633	0.14903	0.01188	0.01638	0.01073	0.01189	0.02123	0.01846	0.03063	0.03106	0.03407	0.07532	0.01083	0.00696	0.00228	0.00604	0.00869	0.51309	0.00911
16	0.02018	0.15071	0.31782	0.02366	0.03304	0.09043	0.12355	0.02718	0.01991	0.02644	0.07111	0.02246	0.01791	0.00892	0.00830	0.00258	0.01210	0.00755	0.00444	0.01169
17	0.02132	0.02045	0.03492	0.08615	0.60853	0.02065	0.02664	0.02653	0.01973	0.02817	0.01636	0.02168	0.01370	0.00782	0.00864	0.00261	0.01043	0.00777	0.00429	0.01360
18	0.01054	0.00792	0.00978	0.01127	0.01242	0.00716	0.00771	0.01224	0.01754	0.02261	0.05868	0.52880	0.20980	0.02595	0.01092	0.00339	0.00489	0.02312	0.00810	0.00716
19	0.02129	0.02042	0.03487	0.08967	0.60524	0.02065	0.02662	0.02651	0.01972	0.02813	0.01635	0.02169	0.01369	0.00783	0.00864	0.00261	0.01044	0.00777	0.00429	0.01358
20	0.01261	0.01066	0.01144	0.01308	0.01395	0.06599	0.00889	0.01420	0.01743	0.02218	0.04495	0.62698	0.05349	0.02567	0.01084	0.00343	0.00603	0.02306	0.00777	0.00736
21	0.01038	0.00856	0.00912	0.00956	0.01197	0.00730	0.00695	0.01244	0.01918	0.02328	0.07950	0.21680	0.50837	0.02324	0.01049	0.00308	0.00456	0.01981	0.00810	0.00730
22	0.02405	0.01733	0.01943	0.01679	0.02140	0.01894	0.01383	0.30203	0.08392	0.04135	0.02910	0.04163	0.02526	0.01705	0.05048	0.00359	0.00905	0.13413	0.11883	0.01179
23	0.02015	0.01957	0.03316	0.03556	0.27513	0.01860	0.16532	0.02719	0.07410	0.02882	0.01950	0.04871	0.01637	0.00852	0.00869	0.00246	0.01006	0.00869	0.00509	0.17430
24	0.01815	0.01813	0.02325	0.02037	0.02198	0.08869	0.05197	0.02088	0.01528	0.02118	0.01653	0.02470	0.01543	0.03294	0.26200	0.00743	0.31956	0.00822	0.00425	0.00908
25	0.01031	0.00884	0.00884	0.00884	0.01178	0.00736	0.00663	0.01252	0.01988	0.02356	0.08837	0.08395	0.63549	0.02209	0.01031	0.00295	0.00442	0.01841	0.00810	0.00736
26	0.01222	0.00832	0.00991	0.01035	0.01056	0.00830	0.00623	0.01273	0.01365	0.01828	0.03178	0.19452	0.03685	0.51051	0.07267	0.00770	0.00857	0.01516	0.00587	0.00583
27	0.02271	0.02583	0.06873	0.21731	0.16036	0.16507	0.08606	0.05887	0.02099	0.02595	0.01551	0.02057	0.01228	0.00893	0.00992	0.00273	0.05501	0.00747	0.00441	0.01130
28	0.03258	0.04157	0.02472	0.02247	0.02697	0.65843	0.01685	0.03483	0.02472	0.02135	0.01348	0.01573	0.01124	0.00899	0.00787	0.00225	0.01573	0.00562	0.00449	0.01011
29	0.01036	0.00862	0.00906	0.00940	0.01193	0.00732	0.00688	0.01245	0.01934	0.02334	0.08148	0.18721	0.53668	0.02299	0.01045	0.00305	0.00453	0.01950	0.00810	0.00732
30	0.02793	0.02979	0.02453	0.02125	0.02506	0.31633	0.01674	0.16171	0.02498	0.02887	0.01564	0.01934	0.01306	0.01581	0.07151	0.00374	0.16062	0.00691	0.00533	0.01086
31	0.02295	0.01754	0.01831	0.01566	0.01911	0.06234	0.01180	0.26849	0.02576	0.03380	0.02302	0.06416	0.02168	0.19406	0.07948	0.08498	0.01054	0.00987	0.00661	0.00984
32	0.01246	0.00935	0.01402	0.01402	0.01558	0.01090	0.01090	0.01558	0.01402	0.02025	0.02336	0.03427	0.02181	0.06542	0.65888	0.01402	0.02336	0.00935	0.00467	0.00779
33	0.03028	0.21051	0.03059	0.01992	0.02578	0.34574	0.01628	0.16777	0.02671	0.02904	0.01488	0.01650	0.01207	0.00894	0.00747	0.00223	0.01260	0.00589	0.00529	0.01151
34	0.01196	0.00907	0.01072	0.01156	0.01328	0.00845	0.00815	0.05034	0.01930	0.02478	0.05965	0.44594	0.24572	0.02453	0.01071	0.00329	0.00514	0.02161	0.00814	0.00767
35	0.01565	0.08590	0.02079	0.01846	0.07292	0.01666	0.01323	0.01816	0.01460	0.02058	0.02016	0.03224	0.01985	0.15376	0.31393	0.00894	0.13211	0.00898	0.00450	0.00857
36	0.01835	0.10191	0.52971	0.02524	0.03720	0.02174	0.09239	0.02752	0.01859	0.02702	0.01555	0.01856	0.01130	0.00811	0.00826	0.00270	0.01276	0.00670	0.00377	0.01262
37	0.01031	0.00884	0.00884	0.00884	0.01178	0.00736	0.00663	0.01252	0.01988	0.02356	0.08837	0.08395	0.63549	0.02209	0.01031	0.00295	0.00442	0.01841	0.00810	0.00736
38	0.05896	0.01934	0.02021	0.01734	0.02283	0.05621	0.01371	0.07650	0.38263	0.18566	0.03212	0.02942	0.02309	0.01118	0.00863	0.00282	0.00769	0.00901	0.00894	0.01372
39	0.02389	0.26542	0.17128	0.02653	0.14880	0.17619	0.02153	0.02864	0.01995	0.02386	0.01407	0.01688	0.01169	0.00807	0.00733	0.00230	0.01183	0.00590	0.00402	0.01183
40	0.01065	0.00885	0.00930	0.00919	0.01199	0.00751	0.00689	0.01317	0.02068	0.02545	0.17860	0.08084	0.54408	0.02139	0.01031	0.00291	0.00437	0.01797	0.00835	0.00751
41	0.01063	0.00759	0.01012	0.01215	0.01265	0.00709	0.00810	0.01215	0.01670	0.02227	0.04808	0.68775	0.05769	0.02733	0.01113	0.00354	0.00506	0.02480	0.00810	0.00709
42	0.01829	0.02133	0.09413	0.02543	0.16284	0.11942	0.01775	0.02250	0.01795	0.02337	0.02299	0.02934	0.05215	0.03388	0.29093	0.00754	0.01684	0.00856	0.00464	0.01012
43	0.01626	0.00813	0.00813	0.00813	0.01016	0.00813	0.00610	0.02033	0.01829	0.03252	0.02846	0.03252	0.02236	0.01016	0.00610	0.00203	0.00407	0.00813	0.74187	0.00813
44	0.01763	0.01487	0.01605	0.01524	0.01892	0.01643	0.01152	0.03398	0.40346	0.03151	0.04584	0.18406	0.12060	0.01671	0.00958	0.00309	0.00614	0.01437	0.00859	0.01141
45	0.01723	0.01679	0.01872	0.01746	0.01912	0.11808	0.01378	0.01993	0.01557	0.02060	0.01898	0.02773	0.01768	0.04460	0.40653	0.00974	0.17610	0.00835	0.00444	0.00857
46	0.01267	0.00850	0.00973	0.00973	0.00981	0.00858	0.00556	0.01283	0.01275	0.01708	0.02728	0.05597	0.03123	0.66286	0.07433	0.00873	0.00918	0.01252	0.00526	0.00541
47	0.01268	0.00846	0.00951	0.00951	0.00951	0.00846	0.00529	0.01268	0.01268	0.01691	0.02748	0.05708	0.03171	0.69345	0.04440	0.00846	0.00846	0.01268	0.00529	0.00529
48	0.03206	0.02768	0.02586	0.05868	0.02896	0.16552	0.01709	0.44911	0.03605	0.04567	0.01898	0.01993	0.01386	0.01004	0.00854	0.00255	0.01107	0.00736	0.00751	0.01350
49	0.01031	0.00884	0.00884	0.00884	0.01178	0.00736	0.00663	0.01252	0.01988	0.02356	0.08837	0.08395	0.63549	0.02209	0.01031	0.00295	0.00442	0.01841	0.00810	0.00736
50	0.01066	0.00885	0.00932	0.00920	0.01199	0.00751	0.00690	0.01319	0.02070	0.02550	0.18119	0.08075	0.54146	0.02137	0.01031	0.00291	0.00437	0.01796	0.00836	0.00751

[dist]
# distance from previous block
# <min> <max>
2	4

[block]
# block no. 4 follows, 20 sequences, length 18
# corresponding to MSA columns:
# 202-219
name=unknown_E
#
# <colnr> <probs for GDERKNQSTAVLIFYWHMCP>
#	G	D	E	R	K	N	Q	S	T	A	V	L	I	F	Y	W	H	M	C	P
0	0.01781	0.04324	0.60107	0.02707	0.08404	0.02029	0.03181	0.02756	0.01853	0.02769	0.01571	0.01866	0.01126	0.00825	0.00831	0.00275	0.01270	0.00655	0.00373	0.01296
1	0.02302	0.65015	0.04435	0.01549	0.02242	0.03396	0.01522	0.02575	0.01741	0.02056	0.01208	0.01436	0.01121	0.00802	0.00724	0.00201	0.05705	0.00488	0.00374	0.01108
2	0.01096	0.00810	0.01015	0.01147	0.01262	0.00744	0.00797	0.01286	0.01790	0.02342	0.09988	0.46306	0.17027	0.05825	0.01259	0.00363	0.00517	0.04900	0.00807	0.00718
3	0.01953	0.02025	0.02215	0.01989	0.02128	0.14432	0.01596	0.02190	0.01578	0.02082	0.01577	0.02343	0.01482	0.03057	0.23221	0.00687	0.33335	0.00781	0.00423	0.00908
4	0.01945	0.01855	0.03155	0.31189	0.39738	0.02016	0.02571	0.02490	0.01885	0.02591	0.01603	0.02228	0.01290	0.00817	0.00867	0.00272	0.01089	0.00776	0.00413	0.01209
5	0.01063	0.00759	0.01012	0.01215	0.01265	0.00709	0.00810	0.01215	0.01670	0.02227	0.04808	0.68775	0.05769	0.02733	0.01113	0.00354	0.00506	0.02480	0.00810	0.00709
6	0.01100	0.00886	0.00980	0.00956	0.01221	0.00766	0.00717	0.01386	0.02152	0.02744	0.27388	0.07756	0.44755	0.02064	0.01030	0.00288	0.00432	0.01751	0.00861	0.00766
7	0.02401	0.02104	0.03177	0.12364	0.40245	0.02224	0.02374	0.18123	0.02518	0.03474	0.01750	0.02163	0.01381	0.00861	0.00867	0.00264	0.01032	0.00779	0.00543	0.01356
8	0.01647	0.01550	0.02616	0.67248	0.06008	0.01938	0.02422	0.02229	0.01744	0.02229	0.01550	0.02326	0.01163	0.00872	0.00872	0.00291	0.01163	0.00775	0.00388	0.00969
9	0.01060	0.00769	0.01002	0.01189	0.01258	0.00711	0.00798	0.01217	0.01695	0.02237	0.05117	0.64133	0.10212	0.02693	0.01107	0.00350	0.00501	0.02431	0.00810	0.00711
10	0.02159	0.02073	0.03541	0.05354	0.63903	0.02073	0.02677	0.02677	0.01986	0.02850	0.01641	0.02159	0.01382	0.00777	0.00864	0.00259	0.01036	0.00777	0.00432	0.01382
11	0.01136	0.00851	0.01054	0.01081	0.01263	0.00769	0.00781	0.01427	0.02123	0.02858	0.33445	0.25096	0.20600	0.02161	0.01054	0.00302	0.00446	0.01903	0.00881	0.00769
12	0.01063	0.00759	0.01012	0.01215	0.01265	0.00709	0.00810	0.01215	0.01670	0.02227	0.04808	0.68775	0.05769	0.02733	0.01113	0.00354	0.00506	0.02480	0.00810	0.00709
13	0.02170	0.01874	0.01972	0.01775	0.02268	0.02170	0.01381	0.04635	0.62327	0.03649	0.03550	0.03254	0.02663	0.01183	0.00888	0.00296	0.00690	0.00986	0.00888	0.01381
14	0.01268	0.00846	0.00951	0.00951	0.00951	0.00846	0.00529	0.01268	0.01268	0.01691	0.02748	0.05708	0.03171	0.69345	0.04440	0.00846	0.00846	0.01268	0.00529	0.00529
15	0.03258	0.04157	0.02472	0.02247	0.02697	0.65843	0.01685	0.03483	0.02472	0.02135	0.01348	0.01573	0.01124	0.00899	0.00787	0.00225	0.01573	0.00562	0.00449	0.01011
16	0.02282	0.02584	0.02992	0.03128	0.19733	0.22847	0.13516	0.02689	0.02161	0.02507	0.02968	0.03217	0.13371	0.01087	0.00904	0.00262	0.01184	0.00963	0.00513	0.01093
17	0.02193	0.02163	0.03425	0.08764	0.57007	0.05751	0.02605	0.02698	0.02000	0.02772	0.01619	0.02135	0.01354	0.00790	0.00860	0.00259	0.01075	0.00765	0.00430	0.01336

[dist]
# distance from previous block
# <min> <max>
0	2

[block]
# block no. 5 follows, 20 sequences, length 44
# corresponding to MSA columns:
# 222-265
name=unknown_F
#
# <colnr> <probs for GDERKNQSTAVLIFYWHMCP>
#	G	D	E	R	K	N	Q	S	T	A	V	L	I	F	Y	W	H	M	C	P
0	0.10420	0.22514	0.22323	0.02875	0.20493	0.02447	0.02302	0.02671	0.01823	0.02712	0.01445	0.01756	0.01171	0.00788	0.00728	0.00244	0.01042	0.00612	0.00408	0.01227
1	0.02314	0.25605	0.03234	0.05270	0.17566	0.06891	0.01747	0.02779	0.04831	0.07969	0.02270	0.02767	0.04835	0.00995	0.00776	0.00241	0.00941	0.04256	0.00536	0.04178
2	0.01843	0.01728	0.01630	0.01466	0.01755	0.13677	0.01126	0.07304	0.02511	0.03250	0.38491	0.04979	0.09208	0.01556	0.01089	0.00272	0.05114	0.01273	0.00806	0.00922
3	0.01221	0.00930	0.01148	0.01206	0.01443	0.00857	0.00979	0.01556	0.02115	0.02734	0.20814	0.08466	0.28054	0.02178	0.01095	0.00329	0.00569	0.22679	0.00845	0.00783
4	0.09744	0.01107	0.01502	0.01452	0.01638	0.01330	0.01147	0.01720	0.01405	0.02246	0.02103	0.03063	0.01948	0.05443	0.52836	0.01182	0.07986	0.00867	0.00468	0.00813
5	0.01909	0.03520	0.38513	0.02551	0.07764	0.05632	0.08073	0.02688	0.01903	0.02751	0.01574	0.01890	0.01184	0.00784	0.00811	0.00244	0.01176	0.00660	0.00414	0.15959
6	0.01053	0.00799	0.00971	0.01109	0.01237	0.00717	0.00763	0.01226	0.01771	0.02268	0.06092	0.49531	0.24185	0.02566	0.01087	0.00335	0.00486	0.02276	0.00810	0.00717
7	0.01515	0.01040	0.01171	0.01086	0.01406	0.00950	0.00821	0.01975	0.07485	0.09724	0.18324	0.06785	0.36509	0.05858	0.01201	0.00320	0.00516	0.01569	0.00861	0.00884
8	0.01247	0.00954	0.01209	0.01234	0.01463	0.00821	0.00865	0.01457	0.01704	0.02379	0.04004	0.52243	0.04664	0.02218	0.00998	0.00299	0.00541	0.01995	0.00737	0.18969
9	0.03258	0.04157	0.02472	0.02247	0.02697	0.65843	0.01685	0.03483	0.02472	0.02135	0.01348	0.01573	0.01124	0.00899	0.00787	0.00225	0.01573	0.00562	0.00449	0.01011
10	0.01078	0.00765	0.01008	0.01196	0.01243	0.00718	0.00790	0.01218	0.01641	0.02188	0.04660	0.64244	0.05583	0.07519	0.01352	0.00390	0.00530	0.02393	0.00790	0.00696
11	0.01063	0.00759	0.01012	0.01215	0.01265	0.00709	0.00810	0.01215	0.01670	0.02227	0.04808	0.68775	0.05769	0.02733	0.01113	0.00354	0.00506	0.02480	0.00810	0.00709
12	0.01681	0.01585	0.02677	0.63179	0.09814	0.01947	0.02439	0.02258	0.01760	0.02270	0.01556	0.02315	0.01177	0.00866	0.00872	0.00289	0.01154	0.00775	0.00391	0.00996
13	0.01040	0.00848	0.00920	0.00978	0.01203	0.00728	0.00705	0.01241	0.01898	0.02319	0.07688	0.25607	0.47079	0.02358	0.01054	0.00312	0.00460	0.02023	0.00810	0.00728
14	0.02321	0.02431	0.03222	0.11766	0.45072	0.14822	0.02450	0.02787	0.02056	0.02636	0.01572	0.02061	0.01305	0.00812	0.00849	0.00256	0.01158	0.00734	0.00430	0.01261
15	0.01081	0.00886	0.00953	0.00936	0.01209	0.00758	0.00702	0.01349	0.02107	0.02638	0.22317	0.07931	0.49893	0.02104	0.01030	0.00290	0.00434	0.01776	0.00847	0.00758
16	0.02577	0.01787	0.02314	0.01703	0.02451	0.01590	0.06540	0.14454	0.02435	0.16393	0.02078	0.02160	0.01516	0.00826	0.00774	0.00200	0.00803	0.00692	0.00700	0.38007
17	0.08828	0.02375	0.02891	0.18600	0.31548	0.16017	0.02246	0.02740	0.01992	0.02644	0.01518	0.02003	0.01235	0.00829	0.00820	0.00260	0.01151	0.00702	0.00435	0.01166
18	0.01866	0.17595	0.52764	0.02287	0.03468	0.02311	0.02876	0.02732	0.01828	0.02620	0.01495	0.01753	0.01108	0.00812	0.00775	0.00258	0.01218	0.00609	0.00369	0.01255
19	0.02129	0.02286	0.02012	0.01843	0.02124	0.22697	0.01434	0.02671	0.09937	0.02320	0.02518	0.02950	0.06967	0.02707	0.19026	0.00591	0.13428	0.00866	0.00532	0.00963
20	0.01616	0.01559	0.06751	0.01881	0.02374	0.01283	0.15851	0.02112	0.02187	0.06563	0.23953	0.05651	0.15027	0.01561	0.01026	0.00297	0.00805	0.07785	0.00752	0.00965
21	0.02380	0.66494	0.04463	0.01531	0.02262	0.06656	0.01502	0.02657	0.01808	0.02056	0.01220	0.01408	0.01120	0.00754	0.00571	0.00189	0.00966	0.00471	0.00377	0.01114
22	0.02244	0.02811	0.24088	0.03563	0.29890	0.01965	0.02566	0.03087	0.07559	0.10737	0.02020	0.02255	0.01504	0.00871	0.00856	0.00270	0.01053	0.00764	0.00535	0.01363
23	0.02582	0.02152	0.02854	0.03507	0.30768	0.10482	0.02067	0.02964	0.02028	0.15180	0.01927	0.02268	0.01508	0.01244	0.04263	0.00330	0.11282	0.00774	0.00560	0.01259
24	0.01110	0.00819	0.00975	0.01064	0.01176	0.00753	0.00711	0.01263	0.01714	0.02221	0.09025	0.35452	0.20321	0.17147	0.01816	0.00442	0.00558	0.01993	0.00757	0.00683
25	0.01566	0.01185	0.01284	0.01188	0.01469	0.01169	0.00870	0.13858	0.02239	0.02865	0.05546	0.16246	0.29064	0.15487	0.01693	0.00408	0.00642	0.01606	0.00767	0.00848
26	0.01615	0.00995	0.01198	0.01177	0.01326	0.00999	0.00842	0.04361	0.01698	0.06742	0.03136	0.05814	0.03250	0.37921	0.05596	0.00644	0.00851	0.12518	0.08581	0.00736
27	0.02351	0.24806	0.02779	0.01633	0.02181	0.15090	0.01368	0.03212	0.18564	0.05349	0.03109	0.03049	0.10839	0.01128	0.00779	0.00244	0.00913	0.00850	0.00626	0.01129
28	0.01071	0.00790	0.00982	0.01129	0.01225	0.00724	0.00760	0.01226	0.01705	0.02214	0.05466	0.52157	0.17149	0.07414	0.01336	0.00378	0.00518	0.02265	0.00790	0.00701
29	0.02922	0.03452	0.02318	0.02101	0.02564	0.46187	0.01591	0.03839	0.20949	0.02602	0.02028	0.02092	0.01599	0.00987	0.00818	0.00247	0.01301	0.00693	0.00585	0.01125
30	0.02341	0.02299	0.02209	0.02418	0.14496	0.18482	0.01569	0.05595	0.15778	0.06014	0.03683	0.03658	0.15280	0.01241	0.00887	0.00267	0.00950	0.01007	0.00674	0.01153
31	0.01249	0.00844	0.00986	0.01004	0.01019	0.00850	0.00591	0.01283	0.01313	0.01761	0.02905	0.11187	0.03338	0.59270	0.08183	0.00838	0.00913	0.01355	0.00550	0.00561
32	0.01092	0.00825	0.01018	0.01158	0.01300	0.00751	0.00832	0.01293	0.01806	0.02310	0.06018	0.43615	0.23351	0.02536	0.01099	0.00341	0.00520	0.08598	0.00809	0.00728
33	0.03258	0.04157	0.02472	0.02247	0.02697	0.65843	0.01685	0.03483	0.02472	0.02135	0.01348	0.01573	0.01124	0.00899	0.00787	0.00225	0.01573	0.00562	0.00449	0.01011
34	0.02463	0.46166	0.03681	0.01640	0.02266	0.19869	0.01470	0.02723	0.01978	0.02101	0.01929	0.02070	0.06693	0.00918	0.00662	0.00206	0.01060	0.00615	0.00433	0.01056
35	0.01109	0.00792	0.01065	0.01267	0.01338	0.00748	0.00889	0.01294	0.01715	0.02278	0.04782	0.60895	0.05669	0.02690	0.01126	0.00361	0.00546	0.09907	0.00809	0.00721
36	0.01195	0.00858	0.01107	0.01261	0.01350	0.00826	0.00860	0.04735	0.01813	0.02419	0.04648	0.64848	0.05517	0.02634	0.01099	0.00349	0.00533	0.02380	0.00813	0.00754
37	0.01765	0.01612	0.02484	0.44255	0.04637	0.02024	0.02125	0.06336	0.01829	0.02439	0.01803	0.08160	0.01594	0.01176	0.01274	0.00312	0.13812	0.00926	0.00459	0.00980
38	0.01810	0.01498	0.01774	0.01786	0.07187	0.05259	0.01224	0.04980	0.01803	0.06144	0.03572	0.04518	0.15533	0.20322	0.05190	0.00502	0.14275	0.01143	0.00597	0.00884
39	0.01275	0.00810	0.01121	0.01199	0.01281	0.00776	0.00849	0.01337	0.01705	0.02313	0.16601	0.28786	0.04886	0.02591	0.01835	0.24011	0.00592	0.06691	0.00705	0.00637
40	0.01052	0.00801	0.00969	0.01104	0.01236	0.00718	0.00761	0.01227	0.01776	0.02270	0.06149	0.48671	0.25007	0.02558	0.01086	0.00334	0.00485	0.02267	0.00810	0.00718
41	0.01300	0.00972	0.01171	0.01231	0.01424	0.00929	0.00905	0.06645	0.02054	0.02677	0.09756	0.38060	0.19759	0.02355	0.01074	0.00330	0.00551	0.07181	0.00826	0.00801
42	0.01427	0.01062	0.01436	0.08682	0.01979	0.01117	0.01104	0.01753	0.01644	0.02456	0.02801	0.19116	0.02798	0.02844	0.17959	0.00562	0.04070	0.01210	0.15302	0.10678
43	0.02233	0.25749	0.03156	0.02201	0.12999	0.09514	0.01570	0.02680	0.04613	0.02524	0.01515	0.01765	0.01290	0.00757	0.00681	0.00190	0.00921	0.00571	0.00461	0.24609

[dist]
# distance from previous block
# <min> <max>
0	11

[block]
# block no. 6 follows, 20 sequences, length 138
# corresponding to MSA columns:
# 277-414
name=unknown_G
#
# <colnr> <probs for GDERKNQSTAVLIFYWHMCP>
#	G	D	E	R	K	N	Q	S	T	A	V	L	I	F	Y	W	H	M	C	P
0	0.02261	0.02494	0.02988	0.08953	0.03301	0.19341	0.16907	0.02702	0.02023	0.02532	0.01528	0.01944	0.01233	0.00811	0.00931	0.00229	0.04922	0.00702	0.00458	0.23740
1	0.02335	0.01939	0.01863	0.01627	0.02076	0.09652	0.01275	0.17194	0.16481	0.06791	0.03941	0.04398	0.14080	0.06974	0.01212	0.00329	0.00841	0.05070	0.00790	0.01132
2	0.02020	0.01873	0.02191	0.02429	0.17460	0.06867	0.01521	0.06742	0.11661	0.03002	0.03385	0.03458	0.14130	0.01129	0.00844	0.00239	0.00807	0.00946	0.00633	0.18663
3	0.03039	0.21159	0.03135	0.01896	0.02576	0.10960	0.01616	0.37646	0.03255	0.04124	0.01757	0.01837	0.01338	0.00946	0.00776	0.00236	0.01031	0.00669	0.00682	0.01323
4	0.01314	0.01013	0.01379	0.01361	0.01553	0.01144	0.01044	0.01802	0.07210	0.02192	0.03111	0.04028	0.08293	0.09211	0.49871	0.01157	0.01910	0.01047	0.00544	0.00817
5	0.01142	0.00799	0.00982	0.01095	0.01137	0.00764	0.00692	0.01238	0.01528	0.02022	0.04195	0.40973	0.07584	0.28940	0.02419	0.00545	0.00637	0.01971	0.00699	0.00639
6	0.02899	0.15009	0.03102	0.02631	0.14396	0.21822	0.01833	0.21877	0.02783	0.03351	0.01623	0.01824	0.01290	0.00896	0.00789	0.00237	0.01155	0.00659	0.00570	0.01256
7	0.01246	0.00935	0.01402	0.01402	0.01558	0.01090	0.01090	0.01558	0.01402	0.02025	0.02336	0.03427	0.02181	0.06542	0.65888	0.01402	0.02336	0.00935	0.00467	0.00779
8	0.01206	0.00963	0.01090	0.01054	0.01320	0.00887	0.00791	0.01683	0.07107	0.02909	0.29859	0.09585	0.34415	0.01977	0.01022	0.00289	0.00453	0.01692	0.00876	0.00822
9	0.01340	0.01035	0.01508	0.01467	0.01608	0.01248	0.01153	0.01643	0.01418	0.02101	0.02234	0.03251	0.02070	0.05688	0.55383	0.01224	0.09395	0.00909	0.04524	0.00800
10	0.01324	0.00968	0.01212	0.01167	0.01213	0.01059	0.00781	0.01435	0.01427	0.01980	0.09177	0.05078	0.03377	0.45767	0.13241	0.00822	0.07577	0.01202	0.00552	0.00640
11	0.01315	0.00922	0.01120	0.01052	0.01313	0.00820	0.00795	0.01659	0.02311	0.06484	0.42023	0.06943	0.26242	0.01886	0.01021	0.00281	0.00440	0.01626	0.00917	0.00831
12	0.01901	0.01809	0.03074	0.36572	0.34702	0.02005	0.02549	0.02451	0.01864	0.02536	0.01595	0.02243	0.01271	0.00825	0.00868	0.00275	0.01100	0.00776	0.00409	0.01174
13	0.01750	0.04512	0.64825	0.02486	0.03775	0.02026	0.03223	0.02762	0.01842	0.02762	0.01565	0.01842	0.01105	0.00829	0.00829	0.00276	0.01289	0.00645	0.00368	0.01289
14	0.01169	0.00955	0.01041	0.01007	0.01290	0.00862	0.00759	0.01602	0.06361	0.02774	0.24096	0.07496	0.43442	0.02015	0.01020	0.00289	0.00451	0.01706	0.00858	0.00806
15	0.02059	0.02353	0.05147	0.03676	0.04559	0.02206	0.60735	0.02794	0.02059	0.02794	0.01765	0.02353	0.01324	0.00735	0.01029	0.00294	0.01471	0.01029	0.00441	0.01176
16	0.01096	0.00785	0.01042	0.01192	0.01272	0.00731	0.00812	0.01298	0.01824	0.02471	0.16092	0.56794	0.06243	0.02550	0.01097	0.00339	0.00488	0.02306	0.00839	0.00731
17	0.01031	0.00884	0.00884	0.00884	0.01178	0.00736	0.00663	0.01252	0.01988	0.02356	0.08837	0.08395	0.63549	0.02209	0.01031	0.00295	0.00442	0.01841	0.00810	0.00736
18	0.01410	0.01082	0.01370	0.01298	0.01557	0.01147	0.01011	0.07987	0.01940	0.02604	0.08459	0.04920	0.20095	0.04366	0.35649	0.00881	0.01508	0.01223	0.00644	0.00847
19	0.01713	0.02209	0.14146	0.02018	0.02306	0.05606	0.01834	0.02053	0.01594	0.02265	0.02286	0.21016	0.02460	0.01702	0.01851	0.00345	0.31918	0.01220	0.00506	0.00952
20	0.02262	0.02523	0.02356	0.02104	0.02294	0.24883	0.01671	0.02488	0.01753	0.02098	0.01447	0.02081	0.01337	0.02268	0.14252	0.00522	0.31573	0.00724	0.00422	0.00941
21	0.16985	0.29323	0.06220	0.09374	0.09323	0.02605	0.09984	0.02599	0.01776	0.02665	0.01387	0.01736	0.01144	0.00778	0.00699	0.00241	0.01007	0.00620	0.00424	0.01110
22	0.01257	0.00841	0.00955	0.00966	0.00969	0.00838	0.00545	0.01265	0.01292	0.01722	0.02866	0.09323	0.03320	0.65527	0.04249	0.00818	0.00826	0.01338	0.00545	0.00539
23	0.01764	0.00947	0.00961	0.00911	0.01155	0.00968	0.00696	0.06861	0.02015	0.03436	0.02784	0.03157	0.02174	0.01019	0.00631	0.00208	0.00452	0.00811	0.68183	0.00868
24	0.02881	0.02141	0.02327	0.01853	0.02454	0.02331	0.01498	0.47510	0.06123	0.04837	0.02515	0.11553	0.02130	0.01273	0.00897	0.00270	0.00870	0.01021	0.00848	0.04665
25	0.01515	0.00758	0.01136	0.01136	0.01136	0.00758	0.00758	0.01136	0.01136	0.01515	0.01515	0.02652	0.01515	0.03030	0.03409	0.74621	0.00758	0.00758	0.00379	0.00379
26	0.01102	0.00828	0.00977	0.01053	0.01194	0.00751	0.00720	0.01282	0.01803	0.02329	0.12259	0.32515	0.24814	0.12400	0.01573	0.00399	0.00525	0.01988	0.00784	0.00703
27	0.02875	0.31345	0.03340	0.01935	0.02507	0.40029	0.01606	0.03123	0.02182	0.02101	0.01292	0.01501	0.01122	0.00836	0.00693	0.00209	0.01308	0.00522	0.00418	0.01056
28	0.02195	0.02789	0.15430	0.04380	0.42818	0.09055	0.05289	0.02787	0.02015	0.02752	0.01600	0.02042	0.01297	0.00799	0.00856	0.00260	0.01164	0.00739	0.00422	0.01314
29	0.02237	0.02203	0.03337	0.04843	0.54560	0.06556	0.02501	0.02894	0.06961	0.02865	0.01777	0.02207	0.01468	0.00819	0.00860	0.00260	0.01046	0.00779	0.00470	0.01356
30	0.01314	0.01010	0.01473	0.01449	0.01586	0.01204	0.01130	0.01609	0.01429	0.02096	0.02386	0.06935	0.02288	0.05627	0.53624	0.01197	0.08225	0.01000	0.03626	0.00793
31	0.01101	0.00827	0.01039	0.01125	0.01272	0.00764	0.00797	0.01332	0.01884	0.02492	0.17049	0.37497	0.19912	0.02689	0.05623	0.00398	0.00601	0.02041	0.00815	0.00743
32	0.02332	0.69869	0.04571	0.01493	0.02239	0.03451	0.01493	0.02612	0.01772	0.02052	0.01213	0.01399	0.01119	0.00746	0.00560	0.00187	0.00933	0.00466	0.00373	0.01119
33	0.02545	0.10141	0.02683	0.02544	0.14215	0.25464	0.01708	0.06064	0.14455	0.02751	0.02485	0.02591	0.06614	0.01031	0.00821	0.00249	0.01099	0.00794	0.00576	0.01169
34	0.02856	0.02723	0.14477	0.02044	0.02810	0.02434	0.01900	0.45593	0.03496	0.04742	0.02183	0.06725	0.01711	0.01123	0.00881	0.00271	0.00991	0.00877	0.00771	0.01392
35	0.01402	0.01187	0.01357	0.01273	0.01469	0.04383	0.00975	0.01716	0.02119	0.02896	0.32825	0.10175	0.17545	0.01811	0.01258	0.00293	0.09999	0.01483	0.05008	0.00825
36	0.01215	0.00908	0.01224	0.01471	0.06337	0.00864	0.00905	0.01409	0.01751	0.02367	0.12853	0.39547	0.08020	0.14959	0.01703	0.00425	0.00597	0.01951	0.00748	0.00748
37	0.02630	0.02501	0.02868	0.02300	0.02918	0.12942	0.13517	0.18872	0.24851	0.03709	0.02439	0.02487	0.01825	0.01009	0.00895	0.00275	0.01066	0.00871	0.00720	0.01305
38	0.01268	0.00846	0.00951	0.00951	0.00951	0.00846	0.00529	0.01268	0.01268	0.01691	0.02748	0.05708	0.03171	0.69345	0.04440	0.00846	0.00846	0.01268	0.00529	0.00529
39	0.01100	0.00786	0.01055	0.01257	0.01325	0.00741	0.00875	0.01279	0.01707	0.02269	0.04787	0.62319	0.05687	0.02697	0.01123	0.00359	0.00539	0.08565	0.00809	0.00719
40	0.02262	0.02625	0.04195	0.06742	0.04013	0.15121	0.39124	0.02826	0.02046	0.02553	0.01601	0.02145	0.01255	0.00863	0.01172	0.00289	0.08734	0.00892	0.00433	0.01107
41	0.03316	0.02443	0.02618	0.02007	0.02705	0.02705	0.01658	0.60995	0.04101	0.05497	0.02094	0.02094	0.01483	0.01047	0.00873	0.00262	0.00960	0.00785	0.00873	0.01483
42	0.01267	0.00853	0.00988	0.00988	0.01001	0.00866	0.00575	0.01292	0.01279	0.01719	0.02715	0.05521	0.03090	0.64202	0.09472	0.00891	0.00968	0.01241	0.00524	0.00549
43	0.02241	0.02739	0.07320	0.08549	0.04281	0.14422	0.41806	0.02879	0.02102	0.02619	0.01657	0.02176	0.01261	0.00783	0.00960	0.00280	0.01456	0.00900	0.00435	0.01133
44	0.03093	0.02829	0.02359	0.01988	0.02533	0.25893	0.01566	0.24545	0.08856	0.09399	0.02104	0.02190	0.01578	0.01394	0.05405	0.00332	0.01238	0.00741	0.00708	0.01248
45	0.03059	0.02274	0.02454	0.01881	0.02556	0.02452	0.01539	0.51865	0.03723	0.05035	0.02064	0.02226	0.01538	0.04078	0.01008	0.00274	0.00920	0.00778	0.00818	0.09458
46	0.01143	0.00855	0.01061	0.01080	0.01265	0.00773	0.00783	0.01442	0.02148	0.02902	0.35529	0.23420	0.20136	0.02131	0.01052	0.00300	0.00443	0.01876	0.00886	0.00773
47	0.22475	0.01136	0.01173	0.01145	0.01466	0.01157	0.00916	0.01844	0.02001	0.03208	0.23382	0.06034	0.18438	0.01705	0.00918	0.00299	0.00558	0.10532	0.00779	0.00835
48	0.01806	0.01831	0.02909	0.29571	0.10873	0.07003	0.13881	0.02300	0.01880	0.02403	0.02214	0.15039	0.02103	0.01194	0.00942	0.00295	0.01118	0.01137	0.00490	0.01010
49	0.02008	0.02070	0.03927	0.16449	0.26554	0.02132	0.24769	0.02602	0.01930	0.02666	0.01642	0.02251	0.01304	0.00822	0.01043	0.00286	0.05050	0.00872	0.00424	0.01199
50	0.03085	0.16647	0.02889	0.02080	0.02609	0.48086	0.01646	0.08553	0.02486	0.02425	0.01390	0.01587	0.01156	0.00883	0.00751	0.00221	0.01394	0.00564	0.00473	0.01075
51	0.01891	0.01799	0.03057	0.37742	0.33608	0.02002	0.02544	0.02442	0.01860	0.02525	0.01593	0.02246	0.01267	0.00827	0.00868	0.00276	0.01102	0.00776	0.00409	0.01166
52	0.02444	0.03360	0.14433	0.02370	0.05975	0.31878	0.01998	0.02830	0.02021	0.02287	0.01607	0.05514	0.01445	0.01368	0.04345	0.00329	0.13559	0.00750	0.00441	0.01046
53	0.01063	0.00759	0.01012	0.01215	0.01265	0.00709	0.00810	0.01215	0.01670	0.02227	0.04808	0.68775	0.05769	0.02733	0.01113	0.00354	0.00506	0.02480	0.00810	0.00709
54	0.02332	0.69869	0.04571	0.01493	0.02239	0.03451	0.01493	0.02612	0.01772	0.02052	0.01213	0.01399	0.01119	0.00746	0.00560	0.00187	0.00933	0.00466	0.00373	0.01119
55	0.01249	0.00924	0.01346	0.01346	0.01483	0.01060	0.01021	0.01522	0.01385	0.01984	0.02387	0.03709	0.02303	0.14315	0.58283	0.01333	0.02152	0.00976	0.00475	0.00748
56	0.01649	0.01451	0.01631	0.01407	0.01773	0.03872	0.01102	0.06612	0.02021	0.02728	0.07657	0.12087	0.21010	0.01619	0.01226	0.00270	0.11562	0.01276	0.00670	0.18379
57	0.01259	0.00841	0.00954	0.00964	0.00967	0.00839	0.00542	0.01266	0.01288	0.01717	0.02848	0.08768	0.03297	0.66113	0.04278	0.00822	0.00829	0.01327	0.00542	0.00537
58	0.01089	0.00886	0.00964	0.00945	0.01214	0.00761	0.00709	0.01365	0.02126	0.02683	0.24467	0.07857	0.47715	0.02087	0.01030	0.00289	0.00433	0.01766	0.00853	0.00761
59	0.06419	0.03255	0.02756	0.03131	0.21504	0.37938	0.01953	0.07900	0.02408	0.02716	0.01493	0.01789	0.01224	0.00869	0.00805	0.00241	0.01314	0.00642	0.00483	0.01161
60	0.02231	0.12473	0.40465	0.02299	0.03293	0.19531	0.02592	0.02940	0.02004	0.02504	0.01463	0.01714	0.01112	0.00838	0.00784	0.00251	0.01322	0.00600	0.00391	0.01193
61	0.01195	0.00890	0.01112	0.01056	0.01279	0.00806	0.00792	0.01570	0.02377	0.03278	0.52934	0.06877	0.18876	0.01865	0.01029	0.00278	0.00417	0.01628	0.00931	0.00806
62	0.01699	0.01430	0.01948	0.11648	0.14195	0.01462	0.01479	0.10114	0.02345	0.03104	0.16494	0.05045	0.22577	0.01489	0.00953	0.00278	0.00728	0.01279	0.00715	0.01017
63	0.06681	0.19511	0.17327	0.02039	0.02783	0.26584	0.01951	0.08706	0.02266	0.02689	0.01432	0.01636	0.01144	0.00856	0.00737	0.00234	0.01246	0.00575	0.00459	0.01144
64	0.01031	0.00884	0.00884	0.00884	0.01178	0.00736	0.00663	0.01252	0.01988	0.02356	0.08837	0.08395	0.63549	0.02209	0.01031	0.00295	0.00442	0.01841	0.00810	0.00736
65	0.01063	0.00759	0.01012	0.01215	0.01265	0.00709	0.00810	0.01215	0.01670	0.02227	0.04808	0.68775	0.05769	0.02733	0.01113	0.00354	0.00506	0.02480	0.00810	0.00709
66	0.01558	0.01168	0.01505	0.01441	0.01663	0.01305	0.01095	0.09185	0.06755	0.02591	0.02789	0.12594	0.02725	0.10610	0.37751	0.00971	0.01637	0.01167	0.00606	0.00884
67	0.02071	0.08234	0.18931	0.04322	0.43836	0.02174	0.02716	0.02693	0.01933	0.02763	0.01587	0.02017	0.01291	0.00788	0.00830	0.00257	0.01091	0.00719	0.00411	0.01337
68	0.01063	0.00759	0.01012	0.01215	0.01265	0.00709	0.00810	0.01215	0.01670	0.02227	0.04808	0.68775	0.05769	0.02733	0.01113	0.00354	0.00506	0.02480	0.00810	0.00709
69	0.03258	0.04157	0.02472	0.02247	0.02697	0.65843	0.01685	0.03483	0.02472	0.02135	0.01348	0.01573	0.01124	0.00899	0.00787	0.00225	0.01573	0.00562	0.00449	0.01011
70	0.01557	0.00819	0.00840	0.00840	0.01004	0.00819	0.00594	0.01885	0.01721	0.02952	0.02827	0.03725	0.02416	0.14166	0.01347	0.00327	0.00491	0.00901	0.60012	0.00758
71	0.02359	0.03071	0.10871	0.03236	0.06877	0.19637	0.35384	0.02974	0.02145	0.02613	0.01623	0.02073	0.01248	0.00792	0.00933	0.00271	0.01457	0.00847	0.00435	0.01154
72	0.01212	0.00963	0.01100	0.01070	0.01339	0.00886	0.00817	0.01675	0.06413	0.02911	0.29738	0.07374	0.34262	0.01980	0.01030	0.00293	0.00467	0.04777	0.00874	0.00819
73	0.02547	0.07951	0.14851	0.05747	0.06244	0.20437	0.10398	0.12613	0.02400	0.02939	0.01577	0.01891	0.01224	0.00901	0.00941	0.00261	0.04695	0.00705	0.00491	0.01186
74	0.01783	0.09657	0.17635	0.01666	0.02234	0.06812	0.01643	0.02291	0.02022	0.05743	0.20773	0.03584	0.03567	0.02287	0.14027	0.00489	0.01189	0.00975	0.00612	0.01011
75	0.01066	0.00810	0.00985	0.01120	0.01258	0.00730	0.00785	0.01251	0.01789	0.02285	0.06136	0.46402	0.24902	0.02546	0.01090	0.00336	0.00497	0.04481	0.00810	0.00722
76	0.03041	0.03438	0.02454	0.02285	0.06092	0.44626	0.01666	0.14433	0.02760	0.02939	0.06594	0.02112	0.01790	0.00993	0.00827	0.00238	0.01328	0.00701	0.00572	0.01109
77	0.01355	0.00991	0.01327	0.01498	0.01688	0.00988	0.01246	0.01798	0.04901	0.02571	0.04820	0.21370	0.08049	0.02405	0.01162	0.00381	0.00719	0.41114	0.00809	0.00809
78	0.01246	0.00935	0.01402	0.01402	0.01558	0.01090	0.01090	0.01558	0.01402	0.02025	0.02336	0.03427	0.02181	0.06542	0.65888	0.01402	0.02336	0.00935	0.00467	0.00779
79	0.03258	0.04157	0.02472	0.02247	0.02697	0.65843	0.01685	0.03483	0.02472	0.02135	0.01348	0.01573	0.01124	0.00899	0.00787	0.00225	0.01573	0.00562	0.00449	0.01011
80	0.01248	0.00928	0.01370	0.01370	0.01515	0.01073	0.01051	0.01537	0.01393	0.02002	0.02365	0.03587	0.02250	0.10950	0.61575	0.01363	0.02232	0.00958	0.00472	0.00761
81	0.02131	0.15413	0.02310	0.01538	0.02012	0.02079	0.01256	0.16171	0.16665	0.03351	0.03377	0.15641	0.07638	0.01436	0.00858	0.00272	0.00730	0.01182	0.04802	0.01138
82	0.01089	0.00886	0.00964	0.00945	0.01214	0.00761	0.00709	0.01365	0.02126	0.02683	0.24467	0.07857	0.47715	0.02087	0.01030	0.00289	0.00433	0.01766	0.00853	0.00761
83	0.01809	0.01550	0.01809	0.01292	0.02067	0.01163	0.01034	0.02196	0.01809	0.02842	0.01550	0.01809	0.01292	0.00646	0.00646	0.00129	0.00646	0.00517	0.00517	0.74677
84	0.01031	0.00884	0.00884	0.00884	0.01178	0.00736	0.00663	0.01252	0.01988	0.02356	0.08837	0.08395	0.63549	0.02209	0.01031	0.00295	0.00442	0.01841	0.00810	0.00736
85	0.01267	0.00853	0.00988	0.00988	0.01001	0.00866	0.00575	0.01292	0.01279	0.01719	0.02715	0.05521	0.03090	0.64202	0.09472	0.00891	0.00968	0.01241	0.00524	0.00549
86	0.01099	0.00848	0.01003	0.01045	0.01240	0.00753	0.00753	0.01353	0.02030	0.02644	0.23251	0.26091	0.30266	0.02245	0.01055	0.00307	0.00453	0.01958	0.00853	0.00753
87	0.02076	0.02566	0.15944	0.04774	0.51734	0.02063	0.02787	0.02694	0.01957	0.02832	0.01626	0.02095	0.01326	0.00788	0.00857	0.00263	0.01087	0.00750	0.00419	0.01363
88	0.02114	0.31524	0.34790	0.02056	0.03051	0.07841	0.02381	0.02759	0.01865	0.02417	0.01402	0.01637	0.01112	0.00800	0.00714	0.00235	0.01165	0.00564	0.00377	0.01196
89	0.01234	0.00831	0.00962	0.00995	0.01004	0.00823	0.00575	0.01260	0.01335	0.01781	0.03092	0.16231	0.03605	0.58230	0.03885	0.00764	0.00789	0.01471	0.00575	0.00559
90	0.02811	0.03341	0.02354	0.02123	0.02487	0.45805	0.01629	0.05830	0.02259	0.02278	0.01497	0.01900	0.01292	0.01774	0.10157	0.00411	0.09944	0.00650	0.00464	0.00994
91	0.01096	0.00785	0.01042	0.01192	0.01272	0.00731	0.00812	0.01298	0.01824	0.02471	0.16092	0.56794	0.06243	0.02550	0.01097	0.00339	0.00488	0.02306	0.00839	0.00731
92	0.01031	0.00884	0.00884	0.00884	0.01178	0.00736	0.00663	0.01252	0.01988	0.02356	0.08837	0.08395	0.63549	0.02209	0.01031	0.00295	0.00442	0.01841	0.00810	0.00736
93	0.01143	0.00888	0.01039	0.01001	0.01247	0.00784	0.00751	0.01468	0.02252	0.02983	0.38808	0.07363	0.33186	0.01975	0.01030	0.00283	0.00425	0.01696	0.00892	0.00784
94	0.01750	0.04512	0.64825	0.02486	0.03775	0.02026	0.03223	0.02762	0.01842	0.02762	0.01565	0.01842	0.01105	0.00829	0.00829	0.00276	0.01289	0.00645	0.00368	0.01289
95	0.01626	0.00813	0.00813	0.00813	0.01016	0.00813	0.00610	0.02033	0.01829	0.03252	0.02846	0.03252	0.02236	0.01016	0.00610	0.00203	0.00407	0.00813	0.74187	0.00813
