[name]
unknown

[dist]
# distance from previous block
# <min> <max>
8	31

[block]
# block no. 0 follows, 21 sequences, length 28
# corresponding to MSA columns:
# 31-58
name=unknown_A
#
# <colnr> <probs for GDERKNQSTAVLIFYWHMCP>
#	G	D	E	R	K	N	Q	S	T	A	V	L	I	F	Y	W	H	M	C	P
0	0.06453	0.02290	0.02409	0.02574	0.17457	0.14559	0.01661	0.19156	0.02591	0.10235	0.02375	0.02634	0.05747	0.04891	0.01023	0.00283	0.00993	0.00812	0.00649	0.01205
1	0.02240	0.02383	0.03307	0.12585	0.38359	0.14632	0.08923	0.02721	0.02007	0.02560	0.01547	0.02037	0.01265	0.00789	0.00847	0.00254	0.01176	0.00744	0.00420	0.01203
2	0.02610	0.15873	0.02809	0.02300	0.11312	0.19489	0.01638	0.06955	0.18645	0.07033	0.02089	0.02146	0.01624	0.00926	0.00772	0.00241	0.01016	0.00705	0.00602	0.01214
3	0.01770	0.01030	0.01307	0.01190	0.01523	0.00894	0.00897	0.02054	0.02056	0.16638	0.18837	0.23013	0.13941	0.01790	0.00954	0.00276	0.00528	0.01561	0.00853	0.08886
4	0.01866	0.01234	0.01509	0.01343	0.01722	0.01132	0.01011	0.10029	0.02127	0.10987	0.06660	0.33269	0.03762	0.01731	0.00919	0.00270	0.00609	0.01519	0.00777	0.17526
5	0.06802	0.02931	0.02390	0.02560	0.14538	0.34637	0.01683	0.06616	0.08209	0.02730	0.05081	0.02312	0.03951	0.00974	0.00804	0.00242	0.01167	0.00733	0.00544	0.01097
6	0.01816	0.09451	0.50948	0.02783	0.13106	0.02097	0.02923	0.02670	0.01813	0.02652	0.01511	0.01810	0.01121	0.00794	0.00792	0.00260	0.01191	0.00635	0.00369	0.01258
7	0.02106	0.02022	0.03454	0.05223	0.64784	0.02022	0.02612	0.02612	0.01938	0.02780	0.01601	0.02106	0.01348	0.00758	0.00842	0.00253	0.01011	0.00758	0.00421	0.01348
8	0.02036	0.01964	0.03413	0.04873	0.56929	0.01952	0.06493	0.02535	0.01924	0.02740	0.01793	0.06131	0.01599	0.00869	0.00868	0.00261	0.01009	0.00874	0.00444	0.01295
9	0.02576	0.03079	0.02052	0.01810	0.02288	0.43955	0.01370	0.02825	0.02214	0.02250	0.02454	0.02582	0.10670	0.01021	0.00777	0.00211	0.01192	0.00728	0.00504	0.15442
10	0.02294	0.32561	0.25341	0.01850	0.02709	0.02505	0.02038	0.02820	0.01838	0.12175	0.01640	0.01785	0.01248	0.00852	0.00820	0.00237	0.05025	0.00596	0.00471	0.01196
11	0.02037	0.01990	0.03489	0.04809	0.54709	0.01967	0.09039	0.02550	0.01946	0.02748	0.01990	0.02453	0.04716	0.00828	0.00869	0.00258	0.01027	0.00841	0.00442	0.01292
12	0.02775	0.01724	0.02038	0.01522	0.02229	0.01569	0.01243	0.18609	0.02561	0.22381	0.02211	0.02181	0.01566	0.00862	0.00757	0.00202	0.00740	0.00680	0.00762	0.33389
13	0.01874	0.01509	0.01842	0.06744	0.02341	0.01203	0.01134	0.02264	0.01799	0.06442	0.01622	0.01873	0.01300	0.00673	0.00662	0.00147	0.00677	0.00546	0.00526	0.64821
14	0.02117	0.01828	0.01924	0.01732	0.02213	0.02117	0.01347	0.04522	0.63246	0.03560	0.03464	0.03175	0.02598	0.01155	0.00866	0.00289	0.00673	0.00962	0.00866	0.01347
15	0.01185	0.01018	0.01033	0.01002	0.01321	0.00943	0.00759	0.01753	0.11808	0.02502	0.07791	0.07383	0.54484	0.01994	0.00983	0.00288	0.00470	0.01662	0.00802	0.00820
16	0.01037	0.00741	0.00987	0.01185	0.01234	0.00691	0.00790	0.01185	0.01629	0.02172	0.04690	0.69537	0.05629	0.02666	0.01086	0.00346	0.00494	0.02419	0.00790	0.00691
17	0.01558	0.01459	0.02414	0.62546	0.05475	0.01795	0.02223	0.02096	0.01721	0.02185	0.02095	0.02754	0.06318	0.00958	0.00864	0.00284	0.01077	0.00841	0.00412	0.00927
18	0.01478	0.00739	0.01109	0.01109	0.01109	0.00739	0.00739	0.01109	0.01109	0.01478	0.01478	0.02587	0.01478	0.02956	0.03326	0.75240	0.00739	0.00739	0.00370	0.00370
19	0.01043	0.00902	0.00967	0.05023	0.01441	0.00791	0.00753	0.01280	0.01925	0.02291	0.08181	0.07823	0.60517	0.02074	0.00996	0.00287	0.00475	0.01732	0.00765	0.00732
20	0.02151	0.48148	0.07523	0.01745	0.02457	0.02851	0.08162	0.05666	0.01912	0.02388	0.05270	0.01928	0.01609	0.01068	0.03678	0.00262	0.01020	0.00630	0.00437	0.01094
21	0.01037	0.00741	0.00987	0.01185	0.01234	0.00691	0.00790	0.01185	0.01629	0.02172	0.04690	0.69537	0.05629	0.02666	0.01086	0.00346	0.00494	0.02419	0.00790	0.00691
22	0.01037	0.00741	0.00987	0.01185	0.01234	0.00691	0.00790	0.01185	0.01629	0.02172	0.04690	0.69537	0.05629	0.02666	0.01086	0.00346	0.00494	0.02419	0.00790	0.00691
23	0.01675	0.01582	0.02675	0.59543	0.13837	0.01908	0.02397	0.02234	0.01734	0.02256	0.01525	0.02247	0.01163	0.00838	0.00850	0.00279	0.01118	0.00757	0.00384	0.01000
24	0.10934	0.03321	0.02282	0.02001	0.02499	0.42882	0.01542	0.14800	0.06727	0.03008	0.01588	0.01728	0.01247	0.00915	0.00765	0.00236	0.01266	0.00609	0.00557	0.01094
25	0.01102	0.00787	0.01062	0.01260	0.01337	0.00747	0.00903	0.01298	0.01694	0.02245	0.04654	0.57844	0.05486	0.02605	0.01104	0.00355	0.00550	0.13468	0.00789	0.00709
26	0.02106	0.02022	0.03454	0.05223	0.64784	0.02022	0.02612	0.02612	0.01938	0.02780	0.01601	0.02106	0.01348	0.00758	0.00842	0.00253	0.01011	0.00758	0.00421	0.01348
27	0.01037	0.00741	0.00987	0.01185	0.01234	0.00691	0.00790	0.01185	0.01629	0.02172	0.04690	0.69537	0.05629	0.02666	0.01086	0.00346	0.00494	0.02419	0.00790	0.00691

[dist]
# distance from previous block
# <min> <max>
0	3

[block]
# block no. 1 follows, 21 sequences, length 93
# corresponding to MSA columns:
# 62-154
name=unknown_B
#
# <colnr> <probs for GDERKNQSTAVLIFYWHMCP>
#	G	D	E	R	K	N	Q	S	T	A	V	L	I	F	Y	W	H	M	C	P
0	0.02084	0.01999	0.03413	0.08076	0.62109	0.02016	0.02600	0.02592	0.01927	0.02753	0.01597	0.02114	0.01338	0.00762	0.00843	0.00254	0.01017	0.00758	0.00419	0.01330
1	0.02047	0.01962	0.03348	0.12641	0.57826	0.02006	0.02582	0.02560	0.01910	0.02709	0.01590	0.02125	0.01323	0.00769	0.00843	0.00256	0.01026	0.00758	0.00416	0.01300
2	0.03200	0.03424	0.02465	0.02104	0.02634	0.42465	0.01634	0.25534	0.03013	0.03323	0.01591	0.01727	0.01229	0.00932	0.00799	0.00233	0.01308	0.00631	0.00595	0.01161
3	0.01006	0.00862	0.00862	0.00862	0.01149	0.00718	0.00647	0.01221	0.01940	0.02299	0.08621	0.08190	0.64438	0.02155	0.01006	0.00287	0.00431	0.01796	0.00790	0.00718
4	0.02246	0.67227	0.07582	0.01506	0.02261	0.03296	0.01542	0.02556	0.01733	0.02038	0.01201	0.01387	0.01091	0.00732	0.00559	0.00186	0.00928	0.00464	0.00364	0.01101
5	0.01913	0.27435	0.41233	0.02077	0.03089	0.02493	0.02492	0.02613	0.01749	0.02422	0.01387	0.01649	0.01085	0.00813	0.00812	0.00244	0.04374	0.00574	0.00362	0.01184
6	0.01741	0.08417	0.61970	0.02367	0.03592	0.02061	0.03042	0.02686	0.01793	0.02653	0.01506	0.01771	0.01079	0.00804	0.00793	0.00264	0.01237	0.00618	0.00360	0.01248
7	0.01132	0.00875	0.01055	0.01160	0.01368	0.00798	0.00914	0.01391	0.01881	0.02354	0.06453	0.21472	0.32671	0.02326	0.01078	0.00334	0.00559	0.20657	0.00788	0.00734
8	0.02964	0.03072	0.02325	0.05950	0.02685	0.36109	0.01587	0.22335	0.02834	0.03255	0.01693	0.01888	0.01308	0.00933	0.00785	0.00233	0.01216	0.00653	0.07059	0.01118
9	0.03179	0.04056	0.02412	0.02192	0.02631	0.66676	0.01644	0.03398	0.02412	0.02083	0.01315	0.01535	0.01096	0.00877	0.00767	0.00219	0.01535	0.00548	0.00438	0.00987
10	0.01424	0.01218	0.01767	0.01647	0.01750	0.01561	0.01321	0.01690	0.01347	0.01999	0.01905	0.02866	0.01802	0.04805	0.46107	0.01047	0.23643	0.00858	0.00429	0.00815
11	0.01735	0.07688	0.62644	0.02377	0.03609	0.02045	0.03060	0.02688	0.01793	0.02661	0.01510	0.01775	0.01079	0.00805	0.00795	0.00265	0.01240	0.00620	0.00360	0.01249
12	0.01018	0.00863	0.00879	0.00875	0.01157	0.00723	0.00656	0.01244	0.01968	0.02366	0.11968	0.08080	0.61050	0.02130	0.01006	0.00286	0.00429	0.01781	0.00799	0.00723
13	0.03179	0.04056	0.02412	0.02192	0.02631	0.66676	0.01644	0.03398	0.02412	0.02083	0.01315	0.01535	0.01096	0.00877	0.00767	0.00219	0.01535	0.00548	0.00438	0.00987
14	0.02106	0.02022	0.03454	0.05223	0.64784	0.02022	0.02612	0.02612	0.01938	0.02780	0.01601	0.02106	0.01348	0.00758	0.00842	0.00253	0.01011	0.00758	0.00421	0.01348
15	0.03179	0.04056	0.02412	0.02192	0.02631	0.66676	0.01644	0.03398	0.02412	0.02083	0.01315	0.01535	0.01096	0.00877	0.00767	0.00219	0.01535	0.00548	0.00438	0.00987
16	0.01006	0.00862	0.00862	0.00862	0.01149	0.00718	0.00647	0.01221	0.01940	0.02299	0.08621	0.08190	0.64438	0.02155	0.01006	0.00287	0.00431	0.01796	0.00790	0.00718
17	0.03179	0.04056	0.02412	0.02192	0.02631	0.66676	0.01644	0.03398	0.02412	0.02083	0.01315	0.01535	0.01096	0.00877	0.00767	0.00219	0.01535	0.00548	0.00438	0.00987
18	0.02330	0.66537	0.04334	0.01501	0.02211	0.07236	0.01468	0.02600	0.01771	0.02007	0.01191	0.01375	0.01092	0.00737	0.00560	0.00184	0.00948	0.00461	0.00369	0.01086
19	0.02106	0.02022	0.03454	0.05223	0.64784	0.02022	0.02612	0.02612	0.01938	0.02780	0.01601	0.02106	0.01348	0.00758	0.00842	0.00253	0.01011	0.00758	0.00421	0.01348
20	0.01107	0.00791	0.01068	0.01265	0.01345	0.00751	0.00911	0.01306	0.01698	0.02251	0.04652	0.57007	0.05476	0.02600	0.01105	0.00355	0.00554	0.14259	0.00789	0.00711
21	0.01037	0.00741	0.00987	0.01185	0.01234	0.00691	0.00790	0.01185	0.01629	0.02172	0.04690	0.69537	0.05629	0.02666	0.01086	0.00346	0.00494	0.02419	0.00790	0.00691
22	0.01049	0.00746	0.00984	0.01170	0.01216	0.00699	0.00773	0.01188	0.01606	0.02141	0.04570	0.65694	0.05476	0.06717	0.01281	0.00374	0.00514	0.02348	0.00773	0.00681
23	0.01238	0.00825	0.00928	0.00928	0.00928	0.00825	0.00516	0.01238	0.01238	0.01650	0.02681	0.05569	0.03094	0.70092	0.04331	0.00825	0.00825	0.01238	0.00516	0.00516
24	0.01037	0.00741	0.00987	0.01185	0.01234	0.00691	0.00790	0.01185	0.01629	0.02172	0.04690	0.69537	0.05629	0.02666	0.01086	0.00346	0.00494	0.02419	0.00790	0.00691
25	0.03179	0.04056	0.02412	0.02192	0.02631	0.66676	0.01644	0.03398	0.02412	0.02083	0.01315	0.01535	0.01096	0.00877	0.00767	0.00219	0.01535	0.00548	0.00438	0.00987
26	0.02292	0.64737	0.06998	0.01531	0.02269	0.06182	0.01537	0.02593	0.01763	0.02036	0.01204	0.01391	0.01092	0.00738	0.00567	0.00187	0.00953	0.00467	0.00367	0.01094
27	0.02181	0.42671	0.23998	0.01842	0.02712	0.09184	0.02019	0.02680	0.01818	0.02234	0.01307	0.01521	0.01088	0.00769	0.00653	0.00214	0.01084	0.00520	0.00370	0.01135
28	0.01037	0.00741	0.00987	0.01185	0.01234	0.00691	0.00790	0.01185	0.01629	0.02172	0.04690	0.69537	0.05629	0.02666	0.01086	0.00346	0.00494	0.02419	0.00790	0.00691
29	0.01734	0.07589	0.62736	0.02379	0.03611	0.02043	0.03063	0.02688	0.01793	0.02662	0.01511	0.01776	0.01079	0.00805	0.00796	0.00265	0.01241	0.00620	0.00360	0.01250
30	0.10516	0.03931	0.54272	0.02442	0.07177	0.01971	0.02849	0.02667	0.01764	0.02833	0.01491	0.01767	0.01076	0.00803	0.00777	0.00268	0.01172	0.00617	0.00383	0.01224
31	0.02460	0.03722	0.22995	0.05452	0.13568	0.32296	0.02320	0.02989	0.02105	0.02401	0.01440	0.01745	0.01134	0.00834	0.00797	0.00244	0.01341	0.00618	0.00408	0.01133
32	0.02056	0.01567	0.02300	0.02084	0.08256	0.01551	0.11265	0.05036	0.11849	0.13419	0.04508	0.04419	0.22298	0.01363	0.01013	0.00283	0.03699	0.01187	0.00736	0.01112
33	0.01047	0.00864	0.00920	0.00906	0.01175	0.00736	0.00679	0.01302	0.02038	0.02532	0.20265	0.07807	0.52649	0.02068	0.01005	0.00283	0.00425	0.01742	0.00821	0.00736
34	0.01102	0.00768	0.00968	0.01102	0.01136	0.00734	0.00702	0.01202	0.01503	0.02004	0.04043	0.48911	0.04811	0.24408	0.02133	0.00500	0.00601	0.02038	0.00702	0.00635
35	0.01841	0.19973	0.51283	0.02198	0.03331	0.02304	0.02747	0.02661	0.01781	0.02532	0.01446	0.01695	0.01081	0.00790	0.00747	0.00249	0.01176	0.00588	0.00360	0.01219
36	0.02083	0.02087	0.03827	0.04835	0.50452	0.02053	0.16645	0.02639	0.01955	0.02767	0.01629	0.02151	0.01335	0.00749	0.00881	0.00261	0.01112	0.00817	0.00423	0.01300
37	0.01016	0.00862	0.00876	0.00872	0.01155	0.00723	0.00654	0.01240	0.01963	0.02353	0.11349	0.08100	0.61677	0.02135	0.01006	0.00286	0.00430	0.01783	0.00797	0.00723
38	0.01949	0.32573	0.39631	0.02013	0.03045	0.02568	0.02426	0.02633	0.01768	0.02400	0.01381	0.01613	0.01084	0.00774	0.00697	0.00232	0.01110	0.00555	0.00361	0.01187
39	0.01798	0.15000	0.55882	0.02270	0.03443	0.02199	0.02874	0.02672	0.01786	0.02584	0.01472	0.01728	0.01080	0.00796	0.00767	0.00256	0.01202	0.00601	0.00360	0.01231
40	0.01057	0.00755	0.01011	0.01208	0.01266	0.00709	0.00825	0.01220	0.01649	0.02195	0.04679	0.65936	0.05585	0.02647	0.01092	0.00348	0.00511	0.05822	0.00790	0.00697
41	0.02106	0.02022	0.03454	0.05223	0.64784	0.02022	0.02612	0.02612	0.01938	0.02780	0.01601	0.02106	0.01348	0.00758	0.00842	0.00253	0.01011	0.00758	0.00421	0.01348
42	0.03027	0.03811	0.02425	0.08540	0.02942	0.60431	0.01714	0.03280	0.02343	0.02092	0.01334	0.01605	0.01100	0.00874	0.00775	0.00225	0.01496	0.00568	0.00433	0.00983
43	0.26731	0.02146	0.02134	0.01688	0.02319	0.02404	0.01393	0.42778	0.03178	0.04865	0.01766	0.01830	0.01278	0.00947	0.00747	0.00258	0.00847	0.00668	0.00747	0.01278
44	0.02397	0.02201	0.03213	0.04386	0.48622	0.05449	0.02355	0.15055	0.02393	0.03285	0.01679	0.02064	0.01356	0.00819	0.00841	0.00252	0.01022	0.00749	0.00512	0.01350
45	0.01127	0.00828	0.01075	0.01227	0.01360	0.00776	0.00918	0.01362	0.01804	0.02353	0.08336	0.41116	0.14826	0.02456	0.01092	0.00344	0.00554	0.16924	0.00796	0.00725
46	0.02801	0.02426	0.02276	0.01884	0.02403	0.15696	0.01507	0.37078	0.03119	0.03970	0.01940	0.02209	0.01516	0.02112	0.14600	0.00480	0.01342	0.00751	0.00682	0.01207
47	0.01424	0.01093	0.01350	0.01370	0.01618	0.01120	0.01092	0.02208	0.14882	0.02995	0.24064	0.12888	0.08215	0.01922	0.01038	0.00320	0.00592	0.20061	0.00852	0.00896
48	0.01037	0.00741	0.00987	0.01185	0.01234	0.00691	0.00790	0.01185	0.01629	0.02172	0.04690	0.69537	0.05629	0.02666	0.01086	0.00346	0.00494	0.02419	0.00790	0.00691
49	0.01182	0.00869	0.01107	0.01047	0.01258	0.00793	0.00785	0.01563	0.02356	0.03287	0.58058	0.06563	0.14384	0.01787	0.01004	0.00270	0.00405	0.01568	0.00920	0.00793
50	0.02064	0.45976	0.27235	0.01817	0.02742	0.02850	0.02084	0.02603	0.01754	0.02260	0.01311	0.01526	0.01087	0.00758	0.00644	0.00215	0.01039	0.00520	0.00362	0.01154
51	0.01119	0.00898	0.01019	0.01080	0.01339	0.00799	0.00871	0.01389	0.01946	0.02376	0.07349	0.08626	0.46036	0.02216	0.01058	0.00320	0.00540	0.19493	0.00788	0.00739
52	0.01862	0.01862	0.02607	0.02234	0.02234	0.02607	0.01862	0.02048	0.01303	0.02048	0.01117	0.01862	0.01117	0.01489	0.02793	0.00372	0.68535	0.00745	0.00372	0.00931
53	0.02029	0.02045	0.06260	0.11766	0.41576	0.02024	0.02346	0.02964	0.14716	0.02867	0.01976	0.02333	0.01570	0.00855	0.00847	0.00265	0.00968	0.00794	0.00506	0.01296
54	0.01802	0.03760	0.47516	0.02857	0.07045	0.02022	0.17531	0.02698	0.01856	0.02707	0.01579	0.01936	0.01145	0.00783	0.00858	0.00273	0.01288	0.00728	0.00380	0.01235
55	0.03179	0.04056	0.02412	0.02192	0.02631	0.66676	0.01644	0.03398	0.02412	0.02083	0.01315	0.01535	0.01096	0.00877	0.00767	0.00219	0.01535	0.00548	0.00438	0.00987
56	0.01295	0.00955	0.01265	0.01420	0.01635	0.00925	0.01220	0.01650	0.01955	0.02495	0.05366	0.09305	0.17344	0.02310	0.01140	0.00370	0.00710	0.47086	0.00785	0.00770
57	0.02892	0.03365	0.02286	0.02055	0.02517	0.45885	0.01562	0.06611	0.19087	0.02649	0.01938	0.02007	0.01523	0.00960	0.00798	0.00240	0.01270	0.00672	0.00576	0.01108
58	0.02961	0.03433	0.02646	0.02798	0.15621	0.45602	0.01843	0.10147	0.02500	0.02616	0.01461	0.01714	0.01190	0.00869	0.00793	0.00231	0.01355	0.00618	0.00484	0.01117
59	0.01107	0.00791	0.01068	0.01265	0.01345	0.00751	0.00911	0.01306	0.01698	0.02251	0.04652	0.57007	0.05476	0.02600	0.01105	0.00355	0.00554	0.14259	0.00789	0.00711
60	0.01934	0.02818	0.20075	0.03299	0.04258	0.02108	0.47164	0.02718	0.01956	0.02718	0.01673	0.02172	0.01238	0.00740	0.00956	0.00283	0.01391	0.00911	0.00413	0.01175
61	0.01892	0.02386	0.16223	0.21122	0.36554	0.01978	0.02658	0.02514	0.01846	0.02603	0.01562	0.02084	0.01236	0.00793	0.00838	0.00264	0.01095	0.00731	0.00397	0.01223
62	0.01946	0.02080	0.03933	0.07174	0.09603	0.02273	0.32886	0.02460	0.01753	0.02476	0.01500	0.02134	0.01230	0.00982	0.01565	0.00311	0.23323	0.00881	0.00407	0.01084
63	0.01236	0.00830	0.00951	0.00951	0.00959	0.00837	0.00544	0.01252	0.01244	0.01667	0.02661	0.05453	0.03044	0.66784	0.07572	0.00853	0.00901	0.01221	0.00513	0.00528
64	0.01724	0.04298	0.62964	0.02548	0.06353	0.01978	0.03121	0.02691	0.01803	0.02699	0.01530	0.01810	0.01090	0.00806	0.00810	0.00269	0.01247	0.00634	0.00362	0.01262
65	0.01908	0.07223	0.42247	0.02676	0.03748	0.06050	0.18807	0.02739	0.01888	0.02630	0.01549	0.01893	0.01138	0.00784	0.00845	0.00267	0.01305	0.00717	0.00384	0.01203
66	0.01940	0.31600	0.40530	0.02027	0.03067	0.02548	0.02451	0.02635	0.01769	0.02410	0.01386	0.01619	0.01084	0.00775	0.00701	0.00234	0.01115	0.00557	0.00361	0.01190
67	0.01029	0.00863	0.00895	0.00887	0.01164	0.00728	0.00665	0.01267	0.01995	0.02430	0.15200	0.07974	0.57778	0.02106	0.01006	0.00285	0.00428	0.01766	0.00808	0.00728
68	0.02462	0.02492	0.02649	0.03141	0.25490	0.20429	0.01902	0.11986	0.05220	0.02906	0.01772	0.02159	0.01461	0.01647	0.10141	0.00403	0.01312	0.00731	0.00519	0.01177
69	0.02139	0.02103	0.03361	0.07839	0.59015	0.05314	0.02551	0.02633	0.01952	0.02718	0.01582	0.02084	0.01326	0.00768	0.00839	0.00252	0.01043	0.00747	0.00420	0.01312
70	0.01154	0.00824	0.01122	0.01319	0.01420	0.00792	0.00994	0.01388	0.01745	0.02304	0.04626	0.48533	0.05372	0.02556	0.01117	0.00362	0.00595	0.22267	0.00788	0.00724
71	0.01238	0.00825	0.00928	0.00928	0.00928	0.00825	0.00516	0.01238	0.01238	0.01650	0.02681	0.05569	0.03094	0.70092	0.04331	0.00825	0.00825	0.01238	0.00516	0.00516
72	0.02285	0.13362	0.02676	0.02399	0.15210	0.12024	0.04126	0.05190	0.02116	0.09990	0.07624	0.14288	0.02686	0.01238	0.00847	0.00256	0.00914	0.01058	0.00618	0.01093
73	0.02404	0.12295	0.02662	0.02005	0.02352	0.23570	0.01626	0.03078	0.14672	0.02369	0.01682	0.01959	0.01416	0.01111	0.01410	0.00278	0.22870	0.00685	0.00496	0.01059
74	0.01238	0.00825	0.00928	0.00928	0.00928	0.00825	0.00516	0.01238	0.01238	0.01650	0.02681	0.05569	0.03094	0.70092	0.04331	0.00825	0.00825	0.01238	0.00516	0.00516
75	0.01648	0.03985	0.58062	0.02266	0.03398	0.01838	0.02868	0.02566	0.01869	0.02780	0.08943	0.02335	0.01899	0.00918	0.00832	0.00269	0.01157	0.00736	0.00428	0.01204
76	0.01903	0.14768	0.46890	0.02443	0.06126	0.05378	0.05818	0.02704	0.01833	0.02560	0.01475	0.01754	0.01104	0.00792	0.00776	0.00253	0.01214	0.00622	0.00370	0.01216
77	0.02275	0.70604	0.04459	0.01456	0.02184	0.03367	0.01456	0.02548	0.01729	0.02002	0.01183	0.01365	0.01092	0.00728	0.00546	0.00182	0.00910	0.00455	0.00364	0.01092
78	0.01795	0.01879	0.03709	0.37844	0.05199	0.02013	0.30163	0.02433	0.01845	0.02433	0.01611	0.02281	0.01208	0.00788	0.00923	0.00285	0.01275	0.00872	0.00403	0.01040
79	0.01983	0.06580	0.33442	0.03334	0.25418	0.05782	0.02692	0.02793	0.05071	0.02702	0.01625	0.01944	0.01256	0.00808	0.00809	0.00257	0.01138	0.00680	0.00413	0.01271
80	0.01040	0.00832	0.00896	0.00937	0.01141	0.00725	0.00661	0.01216	0.01792	0.02196	0.07098	0.20702	0.44904	0.10284	0.01415	0.00363	0.00491	0.01860	0.00758	0.00689
81	0.01037	0.00741	0.00987	0.01185	0.01234	0.00691	0.00790	0.01185	0.01629	0.02172	0.04690	0.69537	0.05629	0.02666	0.01086	0.00346	0.00494	0.02419	0.00790	0.00691
82	0.01183	0.00962	0.01254	0.01516	0.08391	0.00881	0.00969	0.01443	0.01904	0.02468	0.13500	0.26444	0.28876	0.02114	0.01021	0.00304	0.00530	0.04683	0.00767	0.00795
83	0.12177	0.02078	0.05989	0.10392	0.26801	0.02026	0.14583	0.07189	0.02038	0.06232	0.01681	0.02087	0.01290	0.00801	0.00834	0.00266	0.01056	0.00769	0.00495	0.01215
84	0.03054	0.03793	0.02354	0.02138	0.02582	0.59053	0.01609	0.03531	0.09595	0.02257	0.01569	0.01728	0.01273	0.00910	0.00779	0.00227	0.01433	0.00597	0.00489	0.01029
85	0.01638	0.01544	0.02608	0.64207	0.09462	0.01899	0.02379	0.02201	0.01716	0.02211	0.01518	0.02259	0.01147	0.00845	0.00850	0.00282	0.01127	0.00756	0.00381	0.00970
86	0.02943	0.17666	0.02908	0.02161	0.05624	0.42674	0.01650	0.10095	0.02433	0.02488	0.01388	0.01588	0.01149	0.00857	0.00735	0.00217	0.01308	0.00565	0.00471	0.01081
87	0.03165	0.02422	0.02510	0.01955	0.02613	0.05370	0.01602	0.55971	0.07492	0.05113	0.02097	0.02089	0.01501	0.01023	0.00849	0.00256	0.00946	0.00769	0.00834	0.01421
88	0.01006	0.00862	0.00862	0.00862	0.01149	0.00718	0.00647	0.01221	0.01940	0.02299	0.08621	0.08190	0.64438	0.02155	0.01006	0.00287	0.00431	0.01796	0.00790	0.00718
89	0.01095	0.00866	0.00986	0.00956	0.01204	0.00756	0.00717	0.01394	0.02150	0.02799	0.33635	0.07367	0.39113	0.01969	0.01005	0.00279	0.00418	0.01681	0.00856	0.00756
90	0.01786	0.01750	0.02460	0.02132	0.02150	0.02424	0.01768	0.01986	0.01311	0.02039	0.01254	0.02037	0.01236	0.02067	0.10341	0.00490	0.60711	0.00764	0.00382	0.00911
91	0.02955	0.03631	0.02630	0.02826	0.15623	0.53161	0.01847	0.03234	0.02313	0.02229	0.01375	0.01654	0.01149	0.00852	0.00783	0.00226	0.01425	0.00592	0.00435	0.01062
92	0.01009	0.00848	0.00877	0.00900	0.01159	0.00715	0.00664	0.01217	0.01903	0.02284	0.08157	0.15434	0.57494	0.02216	0.01015	0.00294	0.00438	0.01870	0.00790	0.00715

[dist]
# distance from previous block
# <min> <max>
0	7

[block]
# block no. 2 follows, 21 sequences, length 194
# corresponding to MSA columns:
# 162-355
name=unknown_C
#
# <colnr> <probs for GDERKNQSTAVLIFYWHMCP>
#	G	D	E	R	K	N	Q	S	T	A	V	L	I	F	Y	W	H	M	C	P
0	0.01707	0.04402	0.65683	0.02426	0.03683	0.01976	0.03144	0.02695	0.01797	0.02695	0.01527	0.01797	0.01078	0.00809	0.00809	0.00270	0.01258	0.00629	0.00359	0.01258
1	0.01901	0.03732	0.47633	0.02648	0.03777	0.01976	0.16894	0.02786	0.01884	0.06333	0.01679	0.01978	0.01188	0.00801	0.00858	0.00273	0.01269	0.00731	0.00416	0.01243
2	0.02580	0.06840	0.09514	0.16278	0.07354	0.21325	0.02003	0.18348	0.02542	0.03070	0.01582	0.01879	0.01210	0.00886	0.00804	0.00248	0.01193	0.00666	0.00520	0.01157
3	0.01949	0.13697	0.04109	0.16480	0.10371	0.02247	0.30748	0.02521	0.01864	0.02464	0.01598	0.02156	0.01266	0.00987	0.03616	0.00310	0.01276	0.00831	0.00409	0.01101
4	0.02103	0.02090	0.03410	0.11363	0.51833	0.05263	0.06290	0.02614	0.01942	0.02680	0.01585	0.02106	0.01310	0.00771	0.00850	0.00256	0.01077	0.00763	0.00418	0.01276
5	0.05578	0.01777	0.04664	0.01604	0.01993	0.07247	0.01285	0.09188	0.19341	0.05782	0.03375	0.24418	0.03285	0.01638	0.00926	0.00301	0.00756	0.05017	0.00765	0.01060
6	0.01639	0.01533	0.02513	0.63835	0.05630	0.01905	0.02299	0.02323	0.05611	0.02262	0.01636	0.02326	0.01227	0.00870	0.00852	0.00284	0.01105	0.00769	0.00409	0.00971
7	0.02060	0.02280	0.09877	0.04848	0.55206	0.02025	0.05953	0.02627	0.01927	0.02769	0.01600	0.02085	0.01317	0.00761	0.00848	0.00256	0.01060	0.00759	0.00415	0.01328
8	0.09822	0.02761	0.15534	0.02076	0.05817	0.15499	0.01811	0.03398	0.20995	0.06069	0.02333	0.02694	0.01845	0.01036	0.00816	0.00271	0.01004	0.04427	0.00615	0.01178
9	0.02604	0.06719	0.16217	0.02081	0.02697	0.43264	0.01867	0.02993	0.02201	0.02235	0.02073	0.02238	0.07307	0.00981	0.00790	0.00235	0.01338	0.00684	0.00452	0.01024
10	0.01037	0.00741	0.00987	0.01185	0.01234	0.00691	0.00790	0.01185	0.01629	0.02172	0.04690	0.69537	0.05629	0.02666	0.01086	0.00346	0.00494	0.02419	0.00790	0.00691
11	0.01855	0.03433	0.38780	0.03194	0.13519	0.02033	0.19570	0.02691	0.01879	0.02717	0.01594	0.01986	0.01181	0.00775	0.00869	0.00272	0.01269	0.00755	0.00389	0.01241
12	0.02135	0.02099	0.03357	0.08204	0.58726	0.05261	0.02551	0.02629	0.01950	0.02715	0.01582	0.02086	0.01325	0.00769	0.00839	0.00253	0.01043	0.00748	0.00420	0.01310
13	0.05650	0.28525	0.40012	0.02005	0.03032	0.02483	0.02414	0.02632	0.01754	0.02498	0.01384	0.01618	0.01075	0.00778	0.00698	0.00237	0.01100	0.00557	0.00369	0.01180
14	0.01707	0.04402	0.65683	0.02426	0.03683	0.01976	0.03144	0.02695	0.01797	0.02695	0.01527	0.01797	0.01078	0.00809	0.00809	0.00270	0.01258	0.00629	0.00359	0.01258
15	0.01756	0.01790	0.02095	0.01806	0.02088	0.15034	0.13336	0.01987	0.01745	0.02096	0.02712	0.20486	0.02953	0.23888	0.02061	0.00463	0.01015	0.01347	0.00552	0.00790
16	0.02014	0.20443	0.30045	0.02076	0.02838	0.02452	0.02272	0.02574	0.01689	0.05982	0.01439	0.01767	0.01151	0.00979	0.01259	0.00274	0.18573	0.00628	0.00404	0.01142
17	0.01378	0.01096	0.01285	0.01324	0.01595	0.01105	0.01060	0.02122	0.14954	0.02703	0.09028	0.12913	0.22899	0.02030	0.01040	0.00327	0.00604	0.20850	0.00813	0.00876
18	0.01356	0.00969	0.01354	0.01550	0.01739	0.00967	0.01345	0.01737	0.01944	0.02530	0.04514	0.12284	0.04930	0.02365	0.01171	0.00390	0.00771	0.56519	0.00784	0.00779
19	0.02602	0.46521	0.03718	0.01723	0.02346	0.26278	0.01524	0.02856	0.01976	0.02031	0.01231	0.01426	0.01094	0.00782	0.00626	0.00195	0.01136	0.00489	0.00391	0.01054
20	0.01750	0.07378	0.59447	0.02445	0.03656	0.02051	0.06323	0.02690	0.01805	0.02664	0.01522	0.01804	0.01091	0.00800	0.00807	0.00266	0.01251	0.00642	0.00364	0.01244
21	0.01007	0.00856	0.00868	0.00878	0.01154	0.00717	0.00654	0.01219	0.01924	0.02293	0.08425	0.11249	0.61506	0.02181	0.01010	0.00290	0.00434	0.01827	0.00790	0.00717
22	0.01234	0.00940	0.01423	0.04500	0.01724	0.01103	0.01125	0.01550	0.01383	0.01985	0.02243	0.03293	0.02081	0.06123	0.63626	0.01317	0.02226	0.00904	0.00452	0.00769
23	0.02106	0.02022	0.03454	0.05223	0.64784	0.02022	0.02612	0.02612	0.01938	0.02780	0.01601	0.02106	0.01348	0.00758	0.00842	0.00253	0.01011	0.00758	0.00421	0.01348
24	0.03181	0.03983	0.02418	0.02182	0.02631	0.63885	0.01643	0.05950	0.02481	0.02226	0.01347	0.01557	0.01111	0.00883	0.00771	0.00221	0.01509	0.00558	0.00456	0.01007
25	0.01574	0.04743	0.01679	0.01501	0.01725	0.11448	0.01173	0.01863	0.01548	0.01994	0.02076	0.02965	0.01916	0.05249	0.53222	0.01131	0.02097	0.00833	0.00449	0.00811
26	0.01006	0.00862	0.00862	0.00862	0.01149	0.00718	0.00647	0.01221	0.01940	0.02299	0.08621	0.08190	0.64438	0.02155	0.01006	0.00287	0.00431	0.01796	0.00790	0.00718
27	0.03818	0.01448	0.01975	0.01514	0.02172	0.01251	0.01251	0.04147	0.02436	0.65373	0.03357	0.02897	0.02107	0.01053	0.00856	0.00263	0.00724	0.00856	0.01053	0.01448
28	0.01734	0.07574	0.62750	0.02379	0.03611	0.02043	0.03063	0.02688	0.01793	0.02662	0.01511	0.01776	0.01079	0.00805	0.00796	0.00265	0.01241	0.00621	0.00360	0.01250
29	0.01837	0.01747	0.02968	0.39132	0.32980	0.01951	0.02478	0.02376	0.01810	0.02453	0.01553	0.02194	0.01233	0.00808	0.00847	0.00269	0.01078	0.00757	0.00398	0.01131
30	0.01348	0.01106	0.01621	0.01545	0.01666	0.01379	0.01227	0.01628	0.01355	0.01990	0.02042	0.03040	0.01921	0.05382	0.53647	0.01164	0.15829	0.00878	0.00439	0.00795
31	0.01006	0.00862	0.00862	0.00862	0.01149	0.00718	0.00647	0.01221	0.01940	0.02299	0.08621	0.08190	0.64438	0.02155	0.01006	0.00287	0.00431	0.01796	0.00790	0.00718
32	0.03281	0.02040	0.02292	0.01769	0.02414	0.02162	0.01458	0.43159	0.03455	0.20776	0.02430	0.02336	0.01665	0.01028	0.00836	0.00254	0.00847	0.00791	0.05601	0.01406
33	0.03182	0.03978	0.02418	0.02181	0.02631	0.63683	0.01643	0.06134	0.02486	0.02236	0.01349	0.01558	0.01113	0.00884	0.00771	0.00221	0.01507	0.00558	0.00458	0.01008
34	0.01257	0.00972	0.01446	0.01423	0.01565	0.01162	0.01114	0.01553	0.01364	0.01980	0.02206	0.03249	0.02063	0.06072	0.62660	0.01304	0.06488	0.00901	0.00451	0.00771
35	0.02326	0.02438	0.03241	0.04604	0.52073	0.15244	0.02414	0.02773	0.02035	0.02638	0.01542	0.01989	0.01296	0.00783	0.00827	0.00246	0.01118	0.00715	0.00425	0.01274
36	0.01224	0.00840	0.01024	0.01033	0.01067	0.00870	0.00644	0.01295	0.01283	0.01742	0.02685	0.07931	0.03001	0.53587	0.17425	0.00919	0.01119	0.01221	0.00515	0.00575
37	0.01878	0.14339	0.43318	0.02845	0.15942	0.02205	0.02770	0.02655	0.01815	0.02603	0.01488	0.01792	0.01135	0.00786	0.00774	0.00252	0.01153	0.00628	0.00373	0.01250
38	0.02192	0.02225	0.03503	0.04810	0.53917	0.07716	0.07819	0.02691	0.01986	0.02714	0.01586	0.02073	0.01321	0.00765	0.00850	0.00253	0.01095	0.00762	0.00424	0.01298
39	0.01206	0.00856	0.01058	0.01058	0.01135	0.00888	0.00700	0.01323	0.01353	0.01820	0.03189	0.05157	0.09320	0.43096	0.23336	0.00936	0.01234	0.01196	0.00526	0.00613
40	0.02310	0.02430	0.03191	0.07532	0.48829	0.15734	0.02395	0.02758	0.02027	0.02604	0.01536	0.01993	0.01285	0.00788	0.00827	0.00247	0.01128	0.00714	0.00423	0.01252
41	0.01765	0.11142	0.59450	0.02327	0.03531	0.02118	0.02972	0.02680	0.01790	0.02625	0.01492	0.01753	0.01079	0.00800	0.00782	0.00261	0.01222	0.00611	0.00360	0.01241
42	0.01807	0.03789	0.49401	0.03087	0.17037	0.01994	0.05650	0.02678	0.01837	0.02715	0.01552	0.01887	0.01146	0.00793	0.00825	0.00267	0.01212	0.00674	0.00376	0.01272
43	0.02743	0.36315	0.03414	0.01823	0.02414	0.32715	0.01552	0.05904	0.02159	0.02207	0.01287	0.01478	0.01112	0.00812	0.00664	0.00203	0.01201	0.00514	0.00423	0.01061
44	0.02236	0.21737	0.26019	0.02190	0.06282	0.19057	0.02150	0.02776	0.01978	0.02393	0.04689	0.01870	0.01467	0.00851	0.00740	0.00232	0.01178	0.00616	0.00415	0.01124
45	0.02002	0.01764	0.02654	0.10173	0.34759	0.01840	0.02016	0.02887	0.15330	0.05605	0.02913	0.03116	0.09150	0.01034	0.00869	0.00268	0.00868	0.00931	0.00586	0.01236
46	0.01806	0.01745	0.01961	0.19201	0.06912	0.08674	0.01543	0.02796	0.20506	0.02655	0.03953	0.04007	0.18200	0.01282	0.00886	0.00277	0.00846	0.01069	0.00643	0.01038
47	0.01238	0.00825	0.00928	0.00928	0.00928	0.00825	0.00516	0.01238	0.01238	0.01650	0.02681	0.05569	0.03094	0.70092	0.04331	0.00825	0.00825	0.01238	0.00516	0.00516
48	0.02928	0.17617	0.02890	0.05068	0.02690	0.33373	0.01631	0.18545	0.02651	0.02932	0.01488	0.01667	0.01189	0.00882	0.00746	0.00224	0.01226	0.00595	0.00528	0.01128
49	0.02816	0.20955	0.09202	0.01946	0.02620	0.22871	0.01733	0.22210	0.02691	0.03192	0.01539	0.01682	0.01208	0.00878	0.00741	0.00226	0.01149	0.00603	0.00546	0.01191
50	0.01168	0.00869	0.01105	0.01261	0.01363	0.00858	0.00875	0.01571	0.08314	0.02339	0.04550	0.59758	0.05269	0.02489	0.01066	0.00341	0.00526	0.04713	0.00798	0.00766
51	0.01036	0.00788	0.00940	0.01056	0.01188	0.00708	0.00724	0.01201	0.01719	0.02190	0.05988	0.44275	0.26485	0.06032	0.01228	0.00350	0.00489	0.02135	0.00776	0.00692
52	0.01772	0.01411	0.01408	0.01249	0.01626	0.05349	0.00969	0.14463	0.02463	0.06007	0.11975	0.09251	0.35238	0.01766	0.00955	0.00276	0.00623	0.01460	0.00808	0.00932
53	0.01854	0.04121	0.58949	0.02419	0.03621	0.01938	0.05618	0.02789	0.01847	0.06677	0.01652	0.01889	0.01153	0.00820	0.00820	0.00270	0.01232	0.00660	0.00407	0.01265
54	0.03184	0.03892	0.02426	0.02169	0.02632	0.60393	0.01642	0.09143	0.02568	0.02405	0.01387	0.01585	0.01131	0.00891	0.00776	0.00223	0.01476	0.00569	0.00479	0.01032
55	0.02081	0.01997	0.03409	0.08356	0.61846	0.02015	0.02599	0.02590	0.01926	0.02750	0.01596	0.02114	0.01337	0.00763	0.00843	0.00254	0.01017	0.00758	0.00419	0.01328
56	0.02053	0.01968	0.03358	0.11907	0.58515	0.02008	0.02585	0.02565	0.01913	0.02716	0.01591	0.02124	0.01325	0.00768	0.00843	0.00256	0.01024	0.00758	0.00417	0.01305
57	0.02364	0.01478	0.01532	0.01332	0.01776	0.07995	0.01052	0.02764	0.05747	0.25725	0.08057	0.05208	0.26095	0.01543	0.00924	0.00275	0.00683	0.03530	0.00861	0.01060
58	0.01037	0.00741	0.00987	0.01185	0.01234	0.00691	0.00790	0.01185	0.01629	0.02172	0.04690	0.69537	0.05629	0.02666	0.01086	0.00346	0.00494	0.02419	0.00790	0.00691
59	0.02760	0.15293	0.08462	0.02076	0.02608	0.39683	0.01767	0.06442	0.02218	0.02310	0.01333	0.01592	0.01116	0.00916	0.00944	0.00235	0.08188	0.00572	0.00436	0.01050
60	0.01823	0.17940	0.53163	0.02227	0.03377	0.02261	0.02799	0.02665	0.01783	0.02553	0.01457	0.01708	0.01081	0.00792	0.00755	0.00252	0.01187	0.00593	0.00360	0.01224
61	0.09970	0.03158	0.38336	0.01995	0.02983	0.01733	0.02300	0.03149	0.01970	0.23260	0.02090	0.02113	0.01398	0.00886	0.00795	0.00267	0.01023	0.00686	0.00603	0.01286
62	0.02355	0.12752	0.05670	0.04877	0.02479	0.08635	0.01554	0.20926	0.10395	0.03283	0.02022	0.02309	0.01618	0.02098	0.14771	0.00483	0.01268	0.00745	0.00606	0.01155
63	0.01975	0.06865	0.49111	0.02236	0.03328	0.02105	0.02696	0.13143	0.02191	0.03121	0.01891	0.02080	0.03712	0.00897	0.00812	0.00264	0.01152	0.00693	0.00464	0.01262
64	0.02601	0.02710	0.02438	0.09044	0.12377	0.27073	0.01745	0.15447	0.05191	0.02984	0.02371	0.02553	0.07727	0.01029	0.00834	0.00248	0.01137	0.00793	0.00572	0.01125
65	0.01237	0.00901	0.01313	0.01313	0.01459	0.01036	0.01009	0.01531	0.01384	0.02025	0.02328	0.03451	0.02181	0.09435	0.59758	0.01274	0.02098	0.00922	0.04597	0.00749
66	0.02944	0.06830	0.02594	0.02319	0.06028	0.50530	0.01710	0.05912	0.02314	0.02267	0.01339	0.01615	0.01129	0.00932	0.00971	0.00237	0.08269	0.00586	0.00447	0.01028
67	0.02475	0.02009	0.05586	0.01732	0.02286	0.02011	0.01472	0.39349	0.03191	0.04247	0.03328	0.10639	0.09974	0.01443	0.00922	0.00282	0.00831	0.06214	0.00804	0.01207
68	0.01059	0.00864	0.00936	0.00918	0.01182	0.00741	0.00688	0.01324	0.02065	0.02597	0.23549	0.07699	0.49324	0.02044	0.01005	0.00282	0.00423	0.01727	0.00830	0.00741
69	0.01927	0.02428	0.16448	0.07485	0.44841	0.01923	0.02588	0.02519	0.01896	0.02701	0.02027	0.02435	0.05287	0.00862	0.00846	0.00260	0.01033	0.00797	0.00429	0.01269
70	0.09277	0.06617	0.18868	0.02449	0.15610	0.01735	0.01982	0.02385	0.04722	0.02751	0.02946	0.04148	0.08721	0.01269	0.00870	0.00288	0.00909	0.12826	0.00547	0.01081
71	0.02106	0.02022	0.03454	0.05223	0.64784	0.02022	0.02612	0.02612	0.01938	0.02780	0.01601	0.02106	0.01348	0.00758	0.00842	0.00253	0.01011	0.00758	0.00421	0.01348
72	0.01216	0.00912	0.01368	0.01368	0.01520	0.01064	0.01064	0.01520	0.01368	0.01976	0.02279	0.03343	0.02127	0.06382	0.66720	0.01368	0.02279	0.00912	0.00456	0.00760
73	0.01707	0.04402	0.65683	0.02426	0.03683	0.01976	0.03144	0.02695	0.01797	0.02695	0.01527	0.01797	0.01078	0.00809	0.00809	0.00270	0.01258	0.00629	0.00359	0.01258
74	0.01943	0.01870	0.03230	0.25227	0.43515	0.01985	0.04927	0.02477	0.01865	0.02584	0.01577	0.02166	0.01277	0.00786	0.00852	0.00264	0.01068	0.00768	0.00408	0.01211
75	0.02972	0.03291	0.02291	0.01995	0.02482	0.43134	0.01536	0.18561	0.02781	0.02967	0.02250	0.02346	0.07637	0.01045	0.00814	0.00236	0.01265	0.00732	0.00583	0.01080
76	0.01978	0.02125	0.07207	0.15551	0.39446	0.02022	0.14020	0.02563	0.01903	0.02661	0.01605	0.02153	0.01285	0.00769	0.00873	0.00266	0.01128	0.00798	0.00412	0.01235
77	0.06237	0.02608	0.05863	0.03572	0.32824	0.15367	0.02143	0.15404	0.02443	0.03235	0.01612	0.01925	0.01284	0.00843	0.00812	0.00248	0.01096	0.00696	0.00519	0.01270
78	0.02764	0.02845	0.02007	0.01770	0.02193	0.36134	0.01358	0.14811	0.02564	0.03035	0.01853	0.02076	0.01457	0.00937	0.00738	0.00221	0.01109	0.00658	0.20441	0.01028
79	0.01058	0.00756	0.01012	0.01209	0.01268	0.00710	0.00827	0.01222	0.01650	0.02196	0.04679	0.65730	0.05582	0.02646	0.01092	0.00349	0.00512	0.06016	0.00790	0.00697
80	0.01614	0.01172	0.01399	0.01388	0.01603	0.01203	0.01007	0.17151	0.02253	0.03011	0.03995	0.51802	0.04530	0.02234	0.01024	0.00322	0.00610	0.01985	0.00806	0.00890
81	0.02941	0.02238	0.02388	0.01899	0.02527	0.02502	0.01546	0.46857	0.19569	0.04889	0.02416	0.02341	0.01750	0.01057	0.00855	0.00264	0.00867	0.00818	0.00855	0.01421
82	0.02106	0.02022	0.03454	0.05223	0.64784	0.02022	0.02612	0.02612	0.01938	0.02780	0.01601	0.02106	0.01348	0.00758	0.00842	0.00253	0.01011	0.00758	0.00421	0.01348
83	0.01707	0.04402	0.65683	0.02426	0.03683	0.01976	0.03144	0.02695	0.01797	0.02695	0.01527	0.01797	0.01078	0.00809	0.00809	0.00270	0.01258	0.00629	0.00359	0.01258
84	0.01949	0.01862	0.03171	0.24971	0.46263	0.01981	0.02534	0.02474	0.01864	0.02590	0.01573	0.02157	0.01281	0.00787	0.00845	0.00262	0.01050	0.00758	0.00408	0.01221
85	0.01707	0.04402	0.65683	0.02426	0.03683	0.01976	0.03144	0.02695	0.01797	0.02695	0.01527	0.01797	0.01078	0.00809	0.00809	0.00270	0.01258	0.00629	0.00359	0.01258
86	0.01487	0.00932	0.01228	0.01119	0.01369	0.00851	0.00851	0.01881	0.02412	0.10112	0.57741	0.05983	0.07389	0.01666	0.00988	0.00267	0.00436	0.01465	0.00949	0.00873
87	0.01931	0.01977	0.02596	0.02232	0.02255	0.05978	0.01850	0.02119	0.01362	0.02050	0.01128	0.01845	0.01116	0.01457	0.02686	0.00364	0.65009	0.00734	0.00376	0.00934
88	0.02090	0.49068	0.24376	0.01771	0.02672	0.02915	0.02005	0.02596	0.01751	0.02228	0.01295	0.01506	0.01088	0.00754	0.00631	0.00210	0.01023	0.00512	0.00363	0.01146
89	0.01037	0.00741	0.00987	0.01185	0.01234	0.00691	0.00790	0.01185	0.01629	0.02172	0.04690	0.69537	0.05629	0.02666	0.01086	0.00346	0.00494	0.02419	0.00790	0.00691
90	0.01707	0.04402	0.65683	0.02426	0.03683	0.01976	0.03144	0.02695	0.01797	0.02695	0.01527	0.01797	0.01078	0.00809	0.00809	0.00270	0.01258	0.00629	0.00359	0.01258
91	0.01194	0.00896	0.01081	0.01116	0.01300	0.00835	0.00803	0.04684	0.02042	0.02702	0.20928	0.33801	0.21056	0.02205	0.01031	0.00306	0.00479	0.01941	0.00831	0.00769
92	0.02106	0.02022	0.03454	0.05223	0.64784	0.02022	0.02612	0.02612	0.01938	0.02780	0.01601	0.02106	0.01348	0.00758	0.00842	0.00253	0.01011	0.00758	0.00421	0.01348
93	0.01006	0.00862	0.00862	0.00862	0.01149	0.00718	0.00647	0.01221	0.01940	0.02299	0.08621	0.08190	0.64438	0.02155	0.01006	0.00287	0.00431	0.01796	0.00790	0.00718
94	0.09839	0.60082	0.04025	0.01461	0.02153	0.06550	0.01412	0.02588	0.01736	0.02191	0.01190	0.01376	0.01075	0.00742	0.00556	0.00192	0.00917	0.00461	0.00385	0.01069
95	0.03199	0.03450	0.02463	0.02107	0.02634	0.43471	0.01635	0.24614	0.02988	0.03272	0.01579	0.01719	0.01223	0.00929	0.00798	0.00232	0.01318	0.00627	0.00588	0.01154
96	0.01478	0.00739	0.01109	0.01109	0.01109	0.00739	0.00739	0.01109	0.01109	0.01478	0.01478	0.02587	0.01478	0.02956	0.03326	0.75240	0.00739	0.00739	0.00370	0.00370
97	0.02106	0.02022	0.03454	0.05223	0.64784	0.02022	0.02612	0.02612	0.01938	0.02780	0.01601	0.02106	0.01348	0.00758	0.00842	0.00253	0.01011	0.00758	0.00421	0.01348
98	0.01044	0.00785	0.00971	0.01114	0.01236	0.00712	0.00778	0.01222	0.01730	0.02225	0.05758	0.49945	0.21691	0.02512	0.01068	0.00332	0.00490	0.04895	0.00790	0.00703
99	0.02106	0.02022	0.03454	0.05223	0.64784	0.02022	0.02612	0.02612	0.01938	0.02780	0.01601	0.02106	0.01348	0.00758	0.00842	0.00253	0.01011	0.00758	0.00421	0.01348
100	0.01037	0.00741	0.00987	0.01185	0.01234	0.00691	0.00790	0.01185	0.01629	0.02172	0.04690	0.69537	0.05629	0.02666	0.01086	0.00346	0.00494	0.02419	0.00790	0.00691
101	0.01736	0.07815	0.62526	0.02376	0.03606	0.02048	0.03057	0.02687	0.01793	0.02659	0.01509	0.01774	0.01079	0.00804	0.00795	0.00265	0.01240	0.00620	0.00360	0.01249
102	0.03179	0.04056	0.02412	0.02192	0.02631	0.66676	0.01644	0.03398	0.02412	0.02083	0.01315	0.01535	0.01096	0.00877	0.00767	0.00219	0.01535	0.00548	0.00438	0.00987
103	0.01828	0.18497	0.52648	0.02219	0.03364	0.02273	0.02785	0.02664	0.01782	0.02548	0.01454	0.01705	0.01081	0.00791	0.00753	0.00251	0.01184	0.00592	0.00360	0.01222
104	0.01132	0.00894	0.01038	0.01078	0.01328	0.00800	0.00860	0.01422	0.02018	0.02538	0.16275	0.08269	0.40120	0.02141	0.01050	0.00311	0.00518	0.16648	0.00811	0.00749
105	0.02106	0.02022	0.03454	0.05223	0.64784	0.02022	0.02612	0.02612	0.01938	0.02780	0.01601	0.02106	0.01348	0.00758	0.00842	0.00253	0.01011	0.00758	0.00421	0.01348
106	0.01006	0.00862	0.00862	0.00862	0.01149	0.00718	0.00647	0.01221	0.01940	0.02299	0.08621	0.08190	0.64438	0.02155	0.01006	0.00287	0.00431	0.01796	0.00790	0.00718
107	0.01216	0.00912	0.01368	0.01368	0.01520	0.01064	0.01064	0.01520	0.01368	0.01976	0.02279	0.03343	0.02127	0.06382	0.66720	0.01368	0.02279	0.00912	0.00456	0.00760
108	0.05433	0.18315	0.49571	0.02157	0.03266	0.02268	0.02678	0.02655	0.01765	0.02602	0.01438	0.01685	0.01073	0.00791	0.00739	0.00251	0.01155	0.00584	0.00368	0.01206
109	0.01196	0.00923	0.01127	0.01229	0.01468	0.00854	0.01023	0.01503	0.01950	0.02428	0.06482	0.08923	0.33488	0.02257	0.01094	0.00342	0.00614	0.31560	0.00787	0.00752
110	0.02009	0.02296	0.05022	0.03587	0.04448	0.02152	0.61693	0.02726	0.02009	0.02726	0.01722	0.02296	0.01291	0.00717	0.01004	0.00287	0.01435	0.01004	0.00430	0.01148
111	0.01241	0.01067	0.01087	0.01047	0.01375	0.01015	0.00795	0.01922	0.14947	0.02566	0.07527	0.07126	0.51318	0.01943	0.00976	0.00288	0.00482	0.01619	0.00806	0.00852
112	0.01707	0.04402	0.65683	0.02426	0.03683	0.01976	0.03144	0.02695	0.01797	0.02695	0.01527	0.01797	0.01078	0.00809	0.00809	0.00270	0.01258	0.00629	0.00359	0.01258
113	0.01607	0.01513	0.02552	0.68047	0.05861	0.01891	0.02363	0.02174	0.01702	0.02174	0.01513	0.02269	0.01134	0.00851	0.00851	0.00284	0.01134	0.00756	0.00378	0.00945
114	0.01037	0.00741	0.00987	0.01185	0.01234	0.00691	0.00790	0.01185	0.01629	0.02172	0.04690	0.69537	0.05629	0.02666	0.01086	0.00346	0.00494	0.02419	0.00790	0.00691
115	0.01842	0.01752	0.02976	0.38510	0.33564	0.01952	0.02480	0.02380	0.01813	0.02459	0.01554	0.02192	0.01235	0.00807	0.00847	0.00269	0.01076	0.00757	0.00398	0.01135
116	0.10384	0.03395	0.02507	0.02703	0.15241	0.46860	0.01769	0.03146	0.02217	0.02402	0.01360	0.01636	0.01130	0.00844	0.00758	0.00231	0.01338	0.00582	0.00444	0.01054
117	0.01734	0.07610	0.62716	0.02379	0.03611	0.02044	0.03062	0.02688	0.01793	0.02661	0.01511	0.01776	0.01079	0.00805	0.00796	0.00265	0.01241	0.00620	0.00360	0.01250
118	0.02106	0.02022	0.03454	0.05223	0.64784	0.02022	0.02612	0.02612	0.01938	0.02780	0.01601	0.02106	0.01348	0.00758	0.00842	0.00253	0.01011	0.00758	0.00421	0.01348
