[name]
unknown

[dist]
# distance from previous block
# <min> <max>
0	45

[block]
# block no. 0 follows, 22 sequences, length 15
# corresponding to MSA columns:
# 45-59
name=unknown_A
#
# <colnr> <probs for GDERKNQSTAVLIFYWHMCP>
#	G	D	E	R	K	N	Q	S	T	A	V	L	I	F	Y	W	H	M	C	P
0	0.01605	0.01334	0.02093	0.02854	0.25436	0.01334	0.01788	0.02029	0.01905	0.02571	0.03346	0.06656	0.03495	0.01718	0.01027	0.00332	0.00847	0.38027	0.00634	0.00969
1	0.01775	0.24901	0.13699	0.01463	0.02069	0.10190	0.01440	0.02137	0.01860	0.02191	0.03925	0.03900	0.24897	0.01260	0.00772	0.00235	0.00851	0.00971	0.00518	0.00946
2	0.02352	0.19542	0.27929	0.01973	0.02868	0.02493	0.02123	0.24945	0.02537	0.03436	0.01598	0.01743	0.01189	0.00848	0.00744	0.00238	0.01030	0.00623	0.00530	0.01258
3	0.01913	0.11457	0.23702	0.03274	0.26249	0.02213	0.04575	0.02491	0.01733	0.02485	0.01423	0.01839	0.01165	0.00855	0.01060	0.00262	0.11067	0.00669	0.00378	0.01190
4	0.01265	0.01078	0.01180	0.00995	0.01442	0.00856	0.00769	0.01543	0.01850	0.02464	0.08342	0.05588	0.38982	0.01534	0.00846	0.00221	0.00492	0.01274	0.00674	0.28606
5	0.01000	0.00772	0.00914	0.01027	0.01171	0.00686	0.00714	0.01171	0.01715	0.02171	0.06154	0.44699	0.30041	0.02398	0.01028	0.00314	0.00457	0.02112	0.00771	0.00686
6	0.02414	0.02892	0.07909	0.03788	0.37393	0.26276	0.02240	0.02841	0.02053	0.02455	0.01454	0.01825	0.01204	0.00787	0.00793	0.00236	0.01195	0.00654	0.00413	0.01178
7	0.02135	0.01335	0.01822	0.14411	0.04663	0.01376	0.01347	0.07314	0.07173	0.18770	0.25756	0.03894	0.03983	0.01235	0.00888	0.00263	0.00689	0.01062	0.00809	0.01075
8	0.01403	0.01117	0.01303	0.01355	0.01559	0.01191	0.00973	0.02366	0.24796	0.02623	0.04134	0.45337	0.04397	0.02055	0.00981	0.00317	0.00547	0.01834	0.00799	0.00912
9	0.01736	0.01437	0.01593	0.01451	0.01819	0.01590	0.01118	0.03358	0.41198	0.03422	0.26317	0.04252	0.04504	0.01339	0.00895	0.00274	0.00559	0.01148	0.00871	0.01118
10	0.02551	0.05388	0.05023	0.02070	0.02449	0.19814	0.01726	0.19721	0.02345	0.02952	0.01417	0.01761	0.01174	0.01110	0.01499	0.00280	0.26453	0.00666	0.00513	0.01085
11	0.01626	0.01477	0.02206	0.43729	0.04329	0.01572	0.01816	0.02111	0.01684	0.02339	0.01477	0.02032	0.01153	0.00751	0.00751	0.00220	0.00925	0.00647	0.00415	0.28741
12	0.01722	0.03377	0.42765	0.02298	0.03071	0.02158	0.02605	0.02396	0.01575	0.02396	0.01342	0.01778	0.01067	0.01036	0.01508	0.00300	0.26484	0.00656	0.00356	0.01109
13	0.02020	0.00979	0.01322	0.01276	0.01545	0.00877	0.00938	0.02230	0.01883	0.25900	0.04096	0.45236	0.04219	0.02018	0.00977	0.00308	0.00565	0.01795	0.00867	0.00949
14	0.02060	0.01904	0.02818	0.03834	0.42071	0.02008	0.02091	0.03242	0.24986	0.02996	0.02238	0.02443	0.01769	0.00884	0.00831	0.00260	0.00865	0.00814	0.00572	0.01316

[dist]
# distance from previous block
# <min> <max>
0	7

[block]
# block no. 1 follows, 22 sequences, length 26
# corresponding to MSA columns:
# 67-92
name=unknown_B
#
# <colnr> <probs for GDERKNQSTAVLIFYWHMCP>
#	G	D	E	R	K	N	Q	S	T	A	V	L	I	F	Y	W	H	M	C	P
0	0.01991	0.01969	0.03059	0.22599	0.44740	0.06343	0.02419	0.02483	0.01859	0.02504	0.01520	0.02063	0.01241	0.00773	0.00820	0.00253	0.01055	0.00726	0.00401	0.01183
1	0.01912	0.01650	0.01731	0.01570	0.02012	0.01872	0.01218	0.03956	0.55265	0.03300	0.04098	0.03796	0.11466	0.01266	0.00865	0.00282	0.00624	0.01055	0.00835	0.01228
2	0.00982	0.00842	0.00842	0.00842	0.01122	0.00701	0.00631	0.01192	0.01894	0.02244	0.08416	0.07995	0.65285	0.02104	0.00982	0.00281	0.00421	0.01753	0.00771	0.00701
3	0.01012	0.00723	0.00964	0.01157	0.01205	0.00675	0.00771	0.01157	0.01591	0.02121	0.04579	0.70262	0.05495	0.02603	0.01060	0.00337	0.00482	0.02362	0.00771	0.00675
4	0.02093	0.21720	0.25370	0.02363	0.03242	0.11664	0.17228	0.02698	0.01873	0.02372	0.01418	0.01726	0.01110	0.00756	0.00762	0.00237	0.01218	0.00648	0.00380	0.01120
5	0.01953	0.02256	0.12270	0.10977	0.50902	0.01955	0.02600	0.02519	0.01849	0.02644	0.01544	0.02029	0.01258	0.00756	0.00819	0.00252	0.01033	0.00722	0.00398	0.01265
6	0.03727	0.01414	0.01928	0.01478	0.02121	0.01221	0.01221	0.04049	0.02378	0.66198	0.03277	0.02828	0.02056	0.01028	0.00835	0.00257	0.00707	0.00835	0.01028	0.01414
7	0.02039	0.02021	0.03643	0.04816	0.54766	0.01996	0.13188	0.02569	0.01904	0.02705	0.01584	0.02089	0.01306	0.00733	0.00850	0.00253	0.01060	0.00783	0.00413	0.01281
8	0.02534	0.20091	0.03001	0.02454	0.13559	0.32872	0.01717	0.02812	0.01993	0.02128	0.01328	0.01651	0.01156	0.01065	0.03657	0.00268	0.05696	0.00576	0.00404	0.01038
9	0.01016	0.00843	0.00889	0.00878	0.01143	0.00716	0.00658	0.01259	0.01975	0.02437	0.18472	0.07678	0.55108	0.02032	0.00981	0.00277	0.00416	0.01709	0.00797	0.00716
10	0.01006	0.00747	0.00939	0.01093	0.01188	0.00680	0.00743	0.01164	0.01651	0.02146	0.05350	0.57740	0.17518	0.02502	0.01045	0.00326	0.00470	0.02239	0.00771	0.00680
11	0.02437	0.07088	0.18330	0.01892	0.02616	0.02206	0.01831	0.35645	0.02915	0.03955	0.02162	0.11077	0.01850	0.01143	0.00832	0.00260	0.00932	0.00912	0.00673	0.01245
12	0.01767	0.03591	0.45346	0.02757	0.03852	0.01988	0.23515	0.02641	0.01825	0.02641	0.01556	0.01921	0.01124	0.00759	0.00855	0.00269	0.01287	0.00740	0.00375	0.01191
13	0.01569	0.01477	0.02492	0.68808	0.05722	0.01846	0.02307	0.02123	0.01661	0.02123	0.01477	0.02215	0.01107	0.00831	0.00831	0.00277	0.01107	0.00738	0.00369	0.00923
14	0.01959	0.02552	0.19075	0.04420	0.50193	0.01963	0.02679	0.02570	0.01857	0.02693	0.01545	0.01981	0.01250	0.00752	0.00814	0.00251	0.01047	0.00709	0.00396	0.01294
15	0.02025	0.01968	0.02319	0.33219	0.09051	0.13420	0.01870	0.10271	0.02064	0.02533	0.01828	0.07387	0.01617	0.05671	0.01060	0.00300	0.01074	0.00857	0.00483	0.00981
16	0.02008	0.10033	0.02058	0.04645	0.04422	0.19893	0.01293	0.02692	0.14999	0.02410	0.03616	0.10056	0.15910	0.01336	0.00832	0.00255	0.00880	0.01073	0.00613	0.00974
17	0.01548	0.01451	0.06305	0.01451	0.05955	0.01172	0.01126	0.05982	0.06064	0.05588	0.05499	0.05317	0.36196	0.01524	0.00881	0.00252	0.00607	0.01266	0.00698	0.11116
18	0.02854	0.03267	0.02231	0.01982	0.02441	0.45797	0.01513	0.11156	0.12220	0.02686	0.02022	0.02102	0.04190	0.00972	0.00785	0.00232	0.01242	0.00680	0.00561	0.01065
19	0.09095	0.10083	0.54467	0.02157	0.03268	0.02045	0.02707	0.02599	0.01715	0.02678	0.01428	0.01676	0.01039	0.00780	0.00739	0.00255	0.01140	0.00582	0.00367	0.01181
20	0.01961	0.02230	0.09394	0.20375	0.36393	0.06351	0.06383	0.02510	0.01856	0.02509	0.01523	0.02040	0.01218	0.00773	0.00827	0.00256	0.01102	0.00729	0.00397	0.01173
21	0.06692	0.12683	0.02694	0.02475	0.15022	0.32304	0.01654	0.07226	0.02151	0.02459	0.01457	0.01880	0.01266	0.05522	0.00960	0.00260	0.01172	0.00620	0.00454	0.01047
22	0.07627	0.02216	0.11354	0.03676	0.38417	0.01980	0.02222	0.02965	0.15620	0.02948	0.01925	0.02193	0.01519	0.00835	0.00800	0.00257	0.00920	0.00745	0.00507	0.01272
23	0.06254	0.18691	0.02596	0.02100	0.12518	0.18496	0.01461	0.04813	0.01978	0.02381	0.02698	0.02877	0.13031	0.01383	0.05086	0.00300	0.01046	0.00799	0.00493	0.00998
24	0.16163	0.05927	0.01500	0.01252	0.01566	0.05071	0.00943	0.06165	0.09253	0.02719	0.03322	0.17916	0.10081	0.12962	0.01376	0.00363	0.00692	0.01224	0.00644	0.00861
25	0.01558	0.01400	0.02227	0.05415	0.15654	0.01354	0.10029	0.02022	0.05193	0.02490	0.07541	0.15334	0.07102	0.10106	0.01322	0.00333	0.00802	0.01232	0.00580	0.08308

[dist]
# distance from previous block
# <min> <max>
16	102

[block]
# block no. 2 follows, 22 sequences, length 22
# corresponding to MSA columns:
# 195-216
name=unknown_C
#
# <colnr> <probs for GDERKNQSTAVLIFYWHMCP>
#	G	D	E	R	K	N	Q	S	T	A	V	L	I	F	Y	W	H	M	C	P
0	0.01759	0.01963	0.17645	0.01731	0.06000	0.01341	0.01554	0.02479	0.10152	0.11458	0.08731	0.11058	0.17819	0.01437	0.00894	0.00276	0.00731	0.01217	0.00701	0.01053
1	0.02177	0.02087	0.01879	0.01560	0.02059	0.17498	0.01205	0.11681	0.04408	0.02762	0.01778	0.02288	0.01535	0.07567	0.09961	0.00392	0.01110	0.00674	0.00536	0.26844
2	0.02066	0.01377	0.01650	0.01348	0.01836	0.01261	0.01056	0.13408	0.02314	0.12771	0.13643	0.15272	0.03334	0.01303	0.00834	0.00230	0.00621	0.01112	0.00762	0.23801
3	0.17273	0.37874	0.21513	0.01625	0.02444	0.02607	0.01787	0.02519	0.01651	0.02510	0.01252	0.01457	0.01028	0.00746	0.00603	0.00218	0.00935	0.00494	0.00386	0.01078
4	0.02583	0.08331	0.02949	0.03362	0.29752	0.34215	0.01999	0.02921	0.02103	0.02321	0.01394	0.01726	0.01176	0.00795	0.00764	0.00225	0.01230	0.00617	0.00415	0.01123
5	0.01761	0.02899	0.30957	0.03001	0.19088	0.01845	0.10295	0.02594	0.06345	0.02677	0.02390	0.02640	0.07928	0.00926	0.00847	0.00264	0.01064	0.00836	0.00455	0.01188
6	0.08326	0.24291	0.02893	0.01824	0.02364	0.37949	0.01494	0.07551	0.02199	0.02380	0.01289	0.01474	0.01082	0.00816	0.00672	0.00209	0.01203	0.00517	0.00443	0.01024
7	0.02032	0.02235	0.02011	0.02310	0.16198	0.25352	0.01445	0.02339	0.02142	0.02465	0.14279	0.03973	0.17331	0.01270	0.00861	0.00245	0.00936	0.01037	0.00590	0.00950
8	0.02821	0.02239	0.02467	0.02110	0.06340	0.11808	0.04079	0.23637	0.02643	0.14572	0.01904	0.02033	0.01402	0.00985	0.01073	0.00252	0.10563	0.00716	0.00668	0.07690
9	0.01206	0.00812	0.00939	0.00939	0.00951	0.00824	0.00545	0.01230	0.01218	0.01636	0.02587	0.05267	0.02947	0.65777	0.09155	0.00847	0.00916	0.01183	0.00499	0.00522
10	0.01232	0.00890	0.01154	0.01135	0.01192	0.00984	0.00775	0.01354	0.01260	0.01752	0.02389	0.04423	0.02562	0.42682	0.28168	0.00983	0.04914	0.01062	0.00474	0.00615
11	0.03063	0.03366	0.02369	0.02049	0.02548	0.45036	0.01582	0.20699	0.06160	0.03043	0.01605	0.01730	0.01249	0.00912	0.00778	0.00228	0.01283	0.00619	0.00568	0.01113
12	0.01010	0.00733	0.00953	0.01130	0.01198	0.00677	0.00759	0.01160	0.01617	0.02131	0.04910	0.64883	0.10659	0.02560	0.01054	0.00332	0.00477	0.02309	0.00771	0.00677
13	0.01846	0.01946	0.03949	0.02915	0.03539	0.01947	0.44607	0.02422	0.01809	0.02568	0.01749	0.02349	0.01385	0.01230	0.06117	0.00361	0.09619	0.00923	0.07685	0.01033
14	0.02145	0.62181	0.12815	0.01550	0.02331	0.03102	0.01646	0.02507	0.01697	0.02047	0.01201	0.01390	0.01064	0.00721	0.00568	0.00189	0.00935	0.00467	0.00355	0.01088
15	0.01191	0.00798	0.00911	0.00928	0.00932	0.00794	0.00527	0.01204	0.01241	0.01655	0.02787	0.11036	0.03234	0.64913	0.03955	0.00765	0.00777	0.01308	0.00527	0.00518
16	0.02874	0.02053	0.02190	0.01711	0.02293	0.02259	0.01403	0.52113	0.03524	0.04859	0.02121	0.02189	0.01539	0.00992	0.00787	0.00239	0.00821	0.00753	0.13980	0.01300
17	0.01425	0.00946	0.01123	0.01165	0.01325	0.00951	0.00841	0.08678	0.01891	0.02697	0.03687	0.37886	0.04011	0.07237	0.01172	0.00333	0.00555	0.05603	0.17695	0.00778
18	0.01902	0.01799	0.02940	0.16145	0.45831	0.01879	0.02291	0.02534	0.06694	0.02637	0.02110	0.02532	0.05310	0.00871	0.00836	0.00257	0.00948	0.00818	0.00460	0.01207
19	0.01187	0.00890	0.01335	0.01335	0.01483	0.01038	0.01038	0.01483	0.01335	0.01928	0.02225	0.03264	0.02077	0.06231	0.67512	0.01335	0.02225	0.00890	0.00445	0.00742
20	0.02232	0.01635	0.01833	0.01586	0.01984	0.01755	0.01230	0.36221	0.02906	0.03891	0.03110	0.31463	0.03175	0.01690	0.00930	0.00287	0.00728	0.01445	0.00805	0.01094
21	0.02268	0.02509	0.05892	0.04333	0.49124	0.16310	0.02365	0.02721	0.01987	0.02561	0.01499	0.01921	0.01251	0.00768	0.00805	0.00240	0.01109	0.00690	0.00412	0.01235

[dist]
# distance from previous block
# <min> <max>
0	18

[block]
# block no. 3 follows, 22 sequences, length 44
# corresponding to MSA columns:
# 235-278
name=unknown_D
#
# <colnr> <probs for GDERKNQSTAVLIFYWHMCP>
#	G	D	E	R	K	N	Q	S	T	A	V	L	I	F	Y	W	H	M	C	P
0	0.01745	0.01419	0.01625	0.01593	0.01933	0.01578	0.01288	0.03224	0.37132	0.03007	0.03742	0.05639	0.03429	0.04727	0.01115	0.00345	0.00706	0.23889	0.00799	0.01065
1	0.01549	0.00774	0.00774	0.00774	0.00968	0.00774	0.00581	0.01936	0.01742	0.03097	0.02710	0.03097	0.02129	0.00968	0.00581	0.00194	0.00387	0.00774	0.75416	0.00774
2	0.01925	0.02677	0.20966	0.03933	0.32543	0.01995	0.18557	0.02601	0.01872	0.02677	0.01574	0.02023	0.01229	0.00743	0.00855	0.00260	0.01162	0.00769	0.00397	0.01240
3	0.01117	0.00862	0.01001	0.01045	0.01278	0.00772	0.00826	0.01341	0.01869	0.02316	0.10434	0.07844	0.41935	0.02182	0.01184	0.05652	0.00527	0.16368	0.00750	0.00698
4	0.02957	0.03531	0.02436	0.06221	0.06470	0.53171	0.01700	0.09230	0.02443	0.02403	0.01384	0.01624	0.01121	0.00862	0.00766	0.00223	0.01386	0.00581	0.00464	0.01027
5	0.02319	0.18547	0.02733	0.05554	0.10173	0.27159	0.01657	0.02632	0.02015	0.02199	0.01960	0.03236	0.01889	0.01113	0.00797	0.00249	0.01119	0.13187	0.00478	0.00986
6	0.01012	0.00723	0.00964	0.01157	0.01205	0.00675	0.00771	0.01157	0.01591	0.02121	0.04579	0.70262	0.05495	0.02603	0.01060	0.00337	0.00482	0.02362	0.00771	0.00675
7	0.02840	0.19804	0.02881	0.02125	0.05762	0.48845	0.01611	0.03081	0.02172	0.02050	0.01268	0.01488	0.01082	0.00816	0.00702	0.00207	0.01327	0.00524	0.00410	0.01006
8	0.01385	0.01182	0.01715	0.01601	0.01703	0.01512	0.01283	0.01646	0.01315	0.01951	0.01868	0.02809	0.01767	0.04729	0.47145	0.01030	0.23307	0.00839	0.00419	0.00794
9	0.02119	0.03431	0.44898	0.02121	0.03133	0.01876	0.02483	0.06616	0.09651	0.12612	0.02026	0.02098	0.01410	0.00880	0.00806	0.00264	0.01059	0.00696	0.00544	0.01278
10	0.03113	0.03683	0.02378	0.02101	0.02570	0.56485	0.01601	0.13394	0.02617	0.02575	0.01404	0.01582	0.01128	0.00880	0.00763	0.00220	0.01399	0.00571	0.00496	0.01039
11	0.01350	0.00970	0.01108	0.01021	0.01315	0.00879	0.00781	0.05319	0.02216	0.06602	0.28744	0.06656	0.36321	0.01822	0.00963	0.00270	0.00458	0.01544	0.00843	0.00818
12	0.01666	0.04297	0.66500	0.02368	0.03596	0.01929	0.03069	0.02631	0.01754	0.02631	0.01491	0.01754	0.01052	0.00789	0.00789	0.00263	0.01228	0.00614	0.00351	0.01228
13	0.01187	0.00890	0.01335	0.01335	0.01483	0.01038	0.01038	0.01483	0.01335	0.01928	0.02225	0.03264	0.02077	0.06231	0.67512	0.01335	0.02225	0.00890	0.00445	0.00742
14	0.01666	0.04297	0.66500	0.02368	0.03596	0.01929	0.03069	0.02631	0.01754	0.02631	0.01491	0.01754	0.01052	0.00789	0.00789	0.00263	0.01228	0.00614	0.00351	0.01228
15	0.01012	0.00723	0.00964	0.01157	0.01205	0.00675	0.00771	0.01157	0.01591	0.02121	0.04579	0.70262	0.05495	0.02603	0.01060	0.00337	0.00482	0.02362	0.00771	0.00675
16	0.01050	0.00801	0.00965	0.01015	0.01187	0.00716	0.00727	0.01291	0.01920	0.02521	0.23832	0.29827	0.26818	0.02163	0.01009	0.00295	0.00434	0.01898	0.00814	0.00716
17	0.01129	0.01004	0.00972	0.00948	0.01220	0.04174	0.00711	0.01375	0.02006	0.02443	0.19007	0.07313	0.50869	0.01961	0.00969	0.00273	0.00471	0.01642	0.00781	0.00731
18	0.03158	0.02327	0.02493	0.01911	0.02576	0.02576	0.01579	0.62852	0.03906	0.05236	0.01995	0.01995	0.01413	0.00997	0.00831	0.00249	0.00914	0.00748	0.00831	0.01413
19	0.01208	0.00805	0.00906	0.00906	0.00906	0.00805	0.00503	0.01208	0.01208	0.01611	0.02618	0.05436	0.03020	0.70804	0.04228	0.00805	0.00805	0.01208	0.00503	0.00503
20	0.01247	0.00927	0.01212	0.01354	0.01568	0.00891	0.01158	0.01586	0.01908	0.02424	0.05426	0.09019	0.20253	0.02246	0.01105	0.00356	0.00677	0.45128	0.00767	0.00749
21	0.02522	0.02699	0.02433	0.27775	0.03784	0.30098	0.01871	0.13954	0.02376	0.02665	0.01491	0.01867	0.01148	0.00873	0.00796	0.00245	0.01239	0.00653	0.00480	0.01031
22	0.02066	0.01785	0.01878	0.01691	0.02160	0.02066	0.01315	0.04414	0.64121	0.03475	0.03381	0.03099	0.02536	0.01127	0.00845	0.00282	0.00657	0.00939	0.00845	0.01315
23	0.01194	0.00800	0.00910	0.00924	0.00927	0.00796	0.00522	0.01204	0.01235	0.01647	0.02756	0.10024	0.03195	0.65977	0.04004	0.00772	0.00783	0.01290	0.00522	0.00516
24	0.03103	0.03959	0.02354	0.02140	0.02568	0.67469	0.01605	0.03317	0.02354	0.02033	0.01284	0.01498	0.01070	0.00856	0.00749	0.00214	0.01498	0.00535	0.00428	0.00963
25	0.03116	0.03592	0.02385	0.02089	0.02570	0.52864	0.01599	0.16717	0.02703	0.02754	0.01444	0.01610	0.01147	0.00888	0.00768	0.00222	0.01367	0.00583	0.00519	0.01064
26	0.01742	0.03849	0.54312	0.02895	0.15571	0.01938	0.02969	0.02615	0.01781	0.02647	0.01505	0.01812	0.01103	0.00780	0.00796	0.00260	0.01181	0.00638	0.00362	0.01245
27	0.01006	0.00746	0.00940	0.01096	0.01189	0.00680	0.00744	0.01164	0.01649	0.02145	0.05320	0.58240	0.17038	0.02506	0.01045	0.00326	0.00470	0.02244	0.00771	0.00680
28	0.02057	0.01951	0.03191	0.04687	0.57950	0.01985	0.02400	0.02775	0.09415	0.02806	0.01782	0.02182	0.01463	0.00787	0.00825	0.00251	0.00947	0.00764	0.00464	0.01316
29	0.01201	0.00833	0.01046	0.01046	0.01095	0.00881	0.00678	0.01298	0.01250	0.01715	0.02489	0.04727	0.02712	0.49721	0.24890	0.00978	0.01269	0.01104	0.00484	0.00581
30	0.01933	0.02159	0.04447	0.03246	0.03925	0.02187	0.50869	0.02533	0.01828	0.02533	0.01567	0.02159	0.01228	0.00846	0.01317	0.00296	0.14507	0.00931	0.00409	0.01080
31	0.01012	0.00723	0.00964	0.01157	0.01205	0.00675	0.00771	0.01157	0.01591	0.02121	0.04579	0.70262	0.05495	0.02603	0.01060	0.00337	0.00482	0.02362	0.00771	0.00675
32	0.02463	0.02623	0.02990	0.03943	0.41337	0.22607	0.02184	0.07059	0.02180	0.02678	0.01506	0.01876	0.01245	0.00795	0.00800	0.00237	0.01142	0.00676	0.00446	0.01212
33	0.01423	0.01033	0.01239	0.01266	0.01438	0.01039	0.00898	0.12661	0.02014	0.02676	0.04168	0.50396	0.07582	0.06503	0.01210	0.00347	0.00579	0.01959	0.00766	0.00803
34	0.02548	0.02564	0.02267	0.01963	0.02369	0.22368	0.01548	0.14827	0.21869	0.03094	0.02043	0.02156	0.01600	0.01080	0.01164	0.00270	0.13757	0.00739	0.00624	0.01150
35	0.02887	0.06432	0.02484	0.10130	0.02931	0.45991	0.01677	0.12903	0.02495	0.02566	0.01418	0.01659	0.01131	0.00870	0.00763	0.00226	0.01328	0.00590	0.00484	0.01037
36	0.02695	0.02355	0.01885	0.01707	0.02125	0.29593	0.01345	0.02978	0.02246	0.19149	0.06094	0.04003	0.06814	0.01299	0.00874	0.00264	0.01022	0.11837	0.00698	0.01018
37	0.02375	0.45392	0.11903	0.01728	0.02433	0.19524	0.01682	0.02718	0.01867	0.02062	0.01232	0.01430	0.01065	0.00758	0.00622	0.00198	0.01088	0.00489	0.00373	0.01061
38	0.01996	0.23995	0.10847	0.02714	0.21363	0.06820	0.01957	0.02434	0.01848	0.02373	0.01954	0.03165	0.01857	0.01045	0.00785	0.00251	0.00978	0.12065	0.00456	0.01095
39	0.01928	0.02216	0.07708	0.03431	0.15226	0.02168	0.34010	0.02487	0.01778	0.02518	0.01513	0.02081	0.01220	0.00885	0.01339	0.00292	0.16829	0.00856	0.00401	0.01115
40	0.12203	0.03919	0.57330	0.02189	0.03316	0.01920	0.02765	0.02604	0.01706	0.02785	0.01444	0.01697	0.01031	0.00787	0.00751	0.00262	0.01146	0.00591	0.00374	0.01182
41	0.06500	0.50093	0.07681	0.01602	0.02201	0.02981	0.01567	0.02403	0.01598	0.02109	0.01164	0.01450	0.01060	0.00858	0.00957	0.00222	0.13643	0.00508	0.00366	0.01037
42	0.02032	0.02118	0.07292	0.04930	0.61771	0.01971	0.02582	0.02555	0.01883	0.02709	0.01558	0.02037	0.01300	0.00743	0.00820	0.00248	0.01002	0.00732	0.00407	0.01310
43	0.01789	0.03567	0.46654	0.03226	0.23096	0.01943	0.02906	0.02605	0.01797	0.02657	0.01513	0.01849	0.01135	0.00774	0.00800	0.00258	0.01152	0.00654	0.00370	0.01255

[dist]
# distance from previous block
# <min> <max>
0	1

[block]
# block no. 4 follows, 22 sequences, length 30
# corresponding to MSA columns:
# 280-309
name=unknown_E
#
# <colnr> <probs for GDERKNQSTAVLIFYWHMCP>
#	G	D	E	R	K	N	Q	S	T	A	V	L	I	F	Y	W	H	M	C	P
0	0.02964	0.14576	0.02669	0.02027	0.02499	0.57352	0.01576	0.03186	0.02249	0.02021	0.01264	0.01472	0.01069	0.00833	0.00715	0.00208	0.01402	0.00521	0.00417	0.00979
1	0.02550	0.15305	0.02392	0.01527	0.02066	0.05115	0.01286	0.32484	0.02838	0.03896	0.01990	0.02136	0.01520	0.00928	0.00704	0.00219	0.00796	0.00687	0.20404	0.01157
2	0.01108	0.00849	0.01024	0.01042	0.01256	0.00765	0.00798	0.01406	0.02047	0.02691	0.29806	0.13290	0.29164	0.02017	0.01010	0.00292	0.00461	0.09409	0.00827	0.00740
3	0.01011	0.00761	0.00936	0.01064	0.01183	0.00687	0.00733	0.01184	0.01708	0.02208	0.08280	0.50171	0.22214	0.02425	0.01035	0.00318	0.00461	0.02155	0.00777	0.00687
4	0.01759	0.01731	0.02432	0.02102	0.02116	0.02404	0.01745	0.01951	0.01278	0.01993	0.01196	0.01953	0.01183	0.01900	0.08777	0.00454	0.63021	0.00742	0.00371	0.00893
5	0.02238	0.06815	0.03734	0.03778	0.29570	0.14741	0.21775	0.02730	0.01991	0.02518	0.01521	0.01963	0.01235	0.00748	0.00841	0.00247	0.01214	0.00760	0.00414	0.01169
6	0.01305	0.00945	0.01292	0.01466	0.01665	0.00932	0.01273	0.01672	0.01911	0.02464	0.04774	0.09242	0.10432	0.02277	0.01132	0.00373	0.00733	0.54588	0.00766	0.00759
7	0.02374	0.01114	0.01494	0.01248	0.01654	0.00989	0.00989	0.02732	0.02364	0.32842	0.36124	0.04620	0.05124	0.01384	0.00912	0.00259	0.00540	0.01189	0.00968	0.01080
8	0.02361	0.06243	0.03150	0.04055	0.44504	0.16259	0.02222	0.06515	0.02108	0.02684	0.01507	0.01892	0.01255	0.00780	0.00791	0.00236	0.01088	0.00680	0.00438	0.01232
9	0.01024	0.00817	0.00924	0.00999	0.01202	0.00717	0.00738	0.01231	0.01806	0.02230	0.06912	0.26430	0.42055	0.02268	0.01020	0.00307	0.00471	0.07375	0.00771	0.00699
10	0.01208	0.00805	0.00906	0.00906	0.00906	0.00805	0.00503	0.01208	0.01208	0.01611	0.02618	0.05436	0.03020	0.70804	0.04228	0.00805	0.00805	0.01208	0.00503	0.00503
11	0.01923	0.01423	0.01611	0.01474	0.01872	0.01491	0.01206	0.15799	0.14992	0.06471	0.04595	0.05793	0.18380	0.01659	0.00959	0.00301	0.00688	0.17515	0.00811	0.01037
12	0.02221	0.71304	0.04353	0.01421	0.02132	0.03287	0.01421	0.02488	0.01688	0.01955	0.01155	0.01333	0.01066	0.00711	0.00533	0.00178	0.00888	0.00444	0.00355	0.01066
13	0.02056	0.01974	0.03372	0.05099	0.65622	0.01974	0.02550	0.02550	0.01892	0.02714	0.01563	0.02056	0.01316	0.00740	0.00822	0.00247	0.00987	0.00740	0.00411	0.01316
14	0.01012	0.00723	0.00964	0.01157	0.01205	0.00675	0.00771	0.01157	0.01591	0.02121	0.04579	0.70262	0.05495	0.02603	0.01060	0.00337	0.00482	0.02362	0.00771	0.00675
15	0.01096	0.00941	0.00951	0.00931	0.01231	0.00845	0.00703	0.01531	0.08442	0.02374	0.07886	0.07480	0.58682	0.02001	0.00967	0.00281	0.00446	0.01668	0.00779	0.00766
16	0.01231	0.00802	0.01005	0.01053	0.01167	0.00827	0.00745	0.01457	0.01500	0.02228	0.03239	0.20420	0.05519	0.15350	0.20221	0.00663	0.01004	0.01316	0.19563	0.00689
17	0.01290	0.00857	0.01175	0.01175	0.01336	0.00963	0.00907	0.01613	0.01452	0.02263	0.02364	0.03216	0.02092	0.04723	0.48344	0.01008	0.01699	0.00857	0.21916	0.00751
18	0.01549	0.00774	0.00774	0.00774	0.00968	0.00774	0.00581	0.01936	0.01742	0.03097	0.02710	0.03097	0.02129	0.00968	0.00581	0.00194	0.00387	0.00774	0.75416	0.00774
19	0.02167	0.01835	0.01935	0.01711	0.02199	0.02113	0.01339	0.09811	0.58561	0.03638	0.03253	0.02997	0.02432	0.01115	0.00844	0.00279	0.00681	0.00922	0.00844	0.01324
20	0.02805	0.03196	0.02296	0.02035	0.02460	0.42784	0.01566	0.09749	0.14011	0.02642	0.01737	0.01878	0.01383	0.00973	0.00944	0.00243	0.07032	0.00650	0.00544	0.01072
21	0.01723	0.01477	0.01723	0.01230	0.01969	0.01107	0.00984	0.02092	0.01723	0.02707	0.01477	0.01723	0.01230	0.00615	0.00615	0.00123	0.00615	0.00492	0.00492	0.75883
22	0.01120	0.00886	0.01034	0.01108	0.01354	0.00800	0.00905	0.01397	0.01901	0.02338	0.06859	0.08528	0.41846	0.02178	0.01046	0.00320	0.00554	0.24330	0.00769	0.00726
23	0.06648	0.01063	0.01231	0.01097	0.01485	0.00940	0.00854	0.02194	0.01988	0.23068	0.05888	0.12452	0.34426	0.01723	0.00913	0.00277	0.00534	0.01437	0.00838	0.00942
24	0.01259	0.00834	0.01019	0.01048	0.01159	0.00816	0.00747	0.01482	0.01702	0.02408	0.18010	0.09589	0.04507	0.28772	0.02231	0.00491	0.00625	0.11940	0.10698	0.00664
25	0.01096	0.00775	0.00997	0.01079	0.01161	0.00731	0.00726	0.01287	0.01745	0.02384	0.22042	0.39685	0.05735	0.14692	0.01611	0.00400	0.00514	0.01900	0.00765	0.00676
26	0.01850	0.01392	0.01626	0.01462	0.01865	0.01440	0.01173	0.07899	0.22276	0.06502	0.18287	0.04813	0.04002	0.01422	0.00910	0.00276	0.00633	0.12415	0.00818	0.08939
27	0.01879	0.01917	0.03509	0.02790	0.09871	0.01703	0.32414	0.02429	0.01861	0.02684	0.01589	0.02021	0.01255	0.00672	0.00822	0.00216	0.01053	0.00766	0.00447	0.30104
28	0.02477	0.02907	0.02505	0.12907	0.08253	0.36649	0.01844	0.02760	0.01956	0.02096	0.01293	0.01732	0.01101	0.00980	0.01225	0.00261	0.17049	0.00629	0.00402	0.00974
29	0.24598	0.06162	0.02227	0.02050	0.08154	0.32136	0.01474	0.09213	0.02166	0.02928	0.01341	0.01551	0.01079	0.00828	0.00685	0.00232	0.01108	0.00547	0.00491	0.01030

[dist]
# distance from previous block
# <min> <max>
0	1

[block]
# block no. 5 follows, 22 sequences, length 7
# corresponding to MSA columns:
# 311-317
name=unknown_F
#
# <colnr> <probs for GDERKNQSTAVLIFYWHMCP>
#	G	D	E	R	K	N	Q	S	T	A	V	L	I	F	Y	W	H	M	C	P
0	0.02664	0.38275	0.03432	0.01697	0.02345	0.13888	0.01502	0.21593	0.02497	0.02999	0.01441	0.01568	0.01176	0.00825	0.00663	0.00206	0.00999	0.00555	0.00517	0.01158
1	0.02347	0.12172	0.18320	0.02446	0.03235	0.19011	0.18526	0.09270	0.02187	0.02678	0.01500	0.01792	0.01154	0.00794	0.00802	0.00243	0.01266	0.00686	0.00442	0.01130
2	0.17280	0.02906	0.02187	0.01854	0.02386	0.30957	0.01460	0.25065	0.02744	0.03538	0.01521	0.01652	0.01163	0.00892	0.00734	0.00235	0.01119	0.00597	0.00593	0.01116
3	0.23892	0.01859	0.01834	0.01534	0.02073	0.02090	0.01239	0.24853	0.19427	0.04095	0.02617	0.02564	0.06412	0.01051	0.00755	0.00263	0.00729	0.00790	0.00739	0.01184
4	0.01751	0.00911	0.01226	0.01244	0.01454	0.00823	0.00894	0.01944	0.01805	0.19564	0.04225	0.51905	0.04559	0.02174	0.00999	0.00316	0.00543	0.01946	0.00841	0.00876
5	0.01668	0.01190	0.01359	0.01271	0.01470	0.01240	0.00894	0.17970	0.02082	0.02783	0.03162	0.28104	0.03484	0.26968	0.02150	0.00484	0.00717	0.01503	0.00690	0.00813
6	0.29546	0.23550	0.06232	0.01520	0.02144	0.11331	0.01372	0.10808	0.01984	0.03096	0.01307	0.01475	0.01052	0.00796	0.00611	0.00226	0.00905	0.00510	0.00488	0.01048

[dist]
# distance from previous block
# <min> <max>
0	4

[block]
# block no. 6 follows, 22 sequences, length 37
# corresponding to MSA columns:
# 322-358
name=unknown_G
#
# <colnr> <probs for GDERKNQSTAVLIFYWHMCP>
#	G	D	E	R	K	N	Q	S	T	A	V	L	I	F	Y	W	H	M	C	P
0	0.07624	0.02908	0.17452	0.01922	0.02645	0.16571	0.01812	0.17056	0.05320	0.15770	0.01978	0.01999	0.01396	0.00914	0.00784	0.00248	0.01049	0.00675	0.00646	0.01231
1	0.01950	0.11415	0.04070	0.02797	0.03350	0.02403	0.34824	0.02425	0.01703	0.02353	0.01420	0.01982	0.01180	0.00944	0.01481	0.00293	0.23145	0.00827	0.00393	0.01045
2	0.01302	0.01263	0.01093	0.01053	0.01338	0.09716	0.00790	0.01546	0.02037	0.02410	0.17588	0.06800	0.46374	0.01863	0.00950	0.00268	0.00561	0.01544	0.00751	0.00751
3	0.02306	0.11851	0.08896	0.20102	0.03385	0.16776	0.01857	0.15113	0.02293	0.02780	0.01695	0.06118	0.01427	0.00962	0.00783	0.00246	0.01097	0.00745	0.00500	0.01068
4	0.06775	0.01330	0.01298	0.01170	0.01463	0.04702	0.00857	0.10055	0.06403	0.05106	0.04009	0.04756	0.19156	0.22255	0.01851	0.00422	0.00700	0.01144	0.05710	0.00840
5	0.01182	0.00794	0.00914	0.00940	0.00946	0.00788	0.00539	0.01201	0.01260	0.01680	0.02882	0.14175	0.03354	0.61611	0.03801	0.00742	0.00762	0.01364	0.00539	0.00526
6	0.01158	0.00813	0.00892	0.00892	0.00954	0.00782	0.00532	0.01205	0.01361	0.01752	0.03912	0.06008	0.16919	0.55469	0.03504	0.00688	0.00720	0.01330	0.00563	0.00548
7	0.02165	0.02792	0.15796	0.04025	0.41980	0.13657	0.02485	0.02703	0.01947	0.02576	0.01499	0.01896	0.01219	0.00771	0.00803	0.00244	0.01126	0.00678	0.00402	0.01235
8	0.01961	0.02241	0.04902	0.03501	0.04342	0.02101	0.62605	0.02661	0.01961	0.02661	0.01681	0.02241	0.01261	0.00700	0.00980	0.00280	0.01401	0.00980	0.00420	0.01120
9	0.01037	0.00835	0.00911	0.00907	0.01143	0.00723	0.00667	0.01275	0.01949	0.02452	0.20624	0.10760	0.46504	0.05137	0.01132	0.00303	0.00435	0.01705	0.00791	0.00709
10	0.01666	0.04297	0.66500	0.02368	0.03596	0.01929	0.03069	0.02631	0.01754	0.02631	0.01491	0.01754	0.01052	0.00789	0.00789	0.00263	0.01228	0.00614	0.00351	0.01228
11	0.01804	0.03334	0.37651	0.02899	0.03945	0.02010	0.30953	0.02645	0.01851	0.02645	0.01580	0.01982	0.01150	0.00748	0.00879	0.00271	0.01309	0.00786	0.00383	0.01177
12	0.02320	0.02520	0.02356	0.02623	0.17232	0.27708	0.01694	0.02733	0.05211	0.02370	0.01653	0.02056	0.01394	0.01333	0.05956	0.00326	0.10523	0.00683	0.08285	0.01022
13	0.02781	0.02857	0.13899	0.06366	0.02961	0.11706	0.01896	0.39636	0.03154	0.04110	0.01769	0.01895	0.01280	0.00929	0.00812	0.00249	0.01066	0.00693	0.00658	0.01284
14	0.02163	0.46073	0.03773	0.01749	0.02261	0.07211	0.03961	0.02421	0.01634	0.01999	0.01167	0.01506	0.01080	0.00914	0.01137	0.00233	0.18789	0.00545	0.00365	0.01021
15	0.06887	0.05921	0.17818	0.01815	0.05591	0.01741	0.01634	0.03023	0.18477	0.11284	0.02405	0.02885	0.01942	0.13403	0.01395	0.00358	0.00860	0.00824	0.00616	0.01122
16	0.02584	0.24075	0.14400	0.01967	0.02622	0.36656	0.01812	0.02948	0.02049	0.02116	0.01283	0.01495	0.01066	0.00801	0.00692	0.00212	0.01268	0.00522	0.00393	0.01041
17	0.01411	0.01384	0.01132	0.01104	0.01338	0.12641	0.00785	0.01573	0.01811	0.02063	0.05682	0.09634	0.37137	0.16766	0.01647	0.00385	0.00700	0.01451	0.00652	0.00704
18	0.01012	0.00723	0.00964	0.01157	0.01205	0.00675	0.00771	0.01157	0.01591	0.02121	0.04579	0.70262	0.05495	0.02603	0.01060	0.00337	0.00482	0.02362	0.00771	0.00675
19	0.01145	0.00808	0.00895	0.00907	0.00973	0.00774	0.00549	0.01201	0.01385	0.01784	0.04035	0.10078	0.17075	0.51186	0.03305	0.00659	0.00699	0.01402	0.00580	0.00558
20	0.02362	0.02967	0.11533	0.03718	0.35676	0.24388	0.02296	0.02823	0.02031	0.02470	0.01458	0.01824	0.01196	0.00786	0.00793	0.00238	0.01194	0.00653	0.00409	0.01183
21	0.02175	0.02443	0.01783	0.01747	0.02068	0.34170	0.01382	0.02451	0.02131	0.02229	0.03355	0.05260	0.10651	0.01551	0.00927	0.00285	0.01087	0.22851	0.00597	0.00856
22	0.01549	0.00774	0.00774	0.00774	0.00968	0.00774	0.00581	0.01936	0.01742	0.03097	0.02710	0.03097	0.02129	0.00968	0.00581	0.00194	0.00387	0.00774	0.75416	0.00774
23	0.01081	0.00776	0.00997	0.01147	0.01228	0.00733	0.00800	0.01244	0.01609	0.02113	0.04623	0.47812	0.10248	0.11711	0.01492	0.00402	0.00559	0.10026	0.00734	0.00666
24	0.06527	0.05174	0.02112	0.06889	0.02455	0.23028	0.01419	0.14750	0.13470	0.03153	0.01992	0.02137	0.01535	0.00935	0.00745	0.00236	0.00984	0.00688	0.10687	0.01086
25	0.01863	0.02875	0.29047	0.07297	0.22273	0.01970	0.05256	0.02894	0.12933	0.02776	0.01858	0.02137	0.01410	0.00833	0.00821	0.00263	0.01053	0.00735	0.00462	0.01246
26	0.00989	0.00815	0.00869	0.00912	0.01141	0.00695	0.00662	0.01184	0.01826	0.02217	0.07559	0.21895	0.51938	0.02215	0.00999	0.00293	0.00434	0.01889	0.00771	0.00695
27	0.02024	0.01126	0.01430	0.01339	0.01633	0.01079	0.00999	0.10251	0.02138	0.19485	0.06113	0.40922	0.04124	0.01938	0.00967	0.00302	0.00596	0.01710	0.00852	0.00973
28	0.15155	0.12334	0.33355	0.02295	0.09072	0.02065	0.06170	0.02524	0.01738	0.02777	0.04263	0.01886	0.01371	0.00806	0.00730	0.00250	0.01028	0.00638	0.00416	0.01129
29	0.02101	0.01923	0.02699	0.03477	0.36134	0.08160	0.05825	0.06273	0.02032	0.02893	0.01843	0.02257	0.01488	0.00819	0.00769	0.00233	0.00917	0.00744	0.18266	0.01146
30	0.00982	0.00842	0.00842	0.00842	0.01122	0.00701	0.00631	0.01192	0.01894	0.02244	0.08416	0.07995	0.65285	0.02104	0.00982	0.00281	0.00421	0.01753	0.00771	0.00701
31	0.01208	0.00805	0.00906	0.00906	0.00906	0.00805	0.00503	0.01208	0.01208	0.01611	0.02618	0.05436	0.03020	0.70804	0.04228	0.00805	0.00805	0.01208	0.00503	0.00503
32	0.02448	0.02805	0.02213	0.02115	0.05669	0.37436	0.01557	0.05373	0.02026	0.02186	0.01515	0.01988	0.01326	0.02137	0.15927	0.00488	0.10744	0.00661	0.00440	0.00946
33	0.01207	0.00810	0.00929	0.00929	0.00937	0.00818	0.00532	0.01223	0.01215	0.01628	0.02596	0.05319	0.02969	0.67312	0.07651	0.00834	0.00882	0.01191	0.00500	0.00516
34	0.01816	0.01721	0.02807	0.04149	0.51224	0.01690	0.02121	0.02247	0.01892	0.02609	0.03092	0.03382	0.15596	0.01045	0.00858	0.00254	0.00861	0.00966	0.00492	0.01179
35	0.01723	0.01477	0.01723	0.01230	0.01969	0.01107	0.00984	0.02092	0.01723	0.02707	0.01477	0.01723	0.01230	0.00615	0.00615	0.00123	0.00615	0.00492	0.00492	0.75883
36	0.02641	0.27985	0.07153	0.02056	0.05871	0.36849	0.01682	0.02936	0.02053	0.02079	0.01266	0.01485	0.01081	0.00794	0.00678	0.00206	0.01235	0.00519	0.00396	0.01036

[dist]
# distance from previous block
# <min> <max>
0	4

[block]
# block no. 7 follows, 22 sequences, length 128
# corresponding to MSA columns:
# 363-490
name=unknown_H
#
# <colnr> <probs for GDERKNQSTAVLIFYWHMCP>
#	G	D	E	R	K	N	Q	S	T	A	V	L	I	F	Y	W	H	M	C	P
0	0.03327	0.01437	0.01871	0.01495	0.02080	0.01326	0.01213	0.03958	0.12054	0.53042	0.03360	0.06327	0.02308	0.01124	0.00849	0.00265	0.00688	0.00930	0.00986	0.01360
1	0.02892	0.02346	0.02334	0.01879	0.02476	0.08362	0.01518	0.43472	0.18149	0.04524	0.02261	0.02213	0.01650	0.01015	0.00827	0.00254	0.00906	0.00774	0.00798	0.01348
2	0.01443	0.00722	0.01082	0.01082	0.01082	0.00722	0.00722	0.01082	0.01082	0.01443	0.01443	0.02525	0.01443	0.02886	0.03247	0.75830	0.00722	0.00722	0.00361	0.00361
3	0.01048	0.00844	0.00933	0.00911	0.01163	0.00730	0.00683	0.01320	0.02050	0.02616	0.27806	0.07384	0.45663	0.01965	0.00981	0.00274	0.00411	0.01668	0.00820	0.00730
4	0.03158	0.02327	0.02493	0.01911	0.02576	0.02576	0.01579	0.62852	0.03906	0.05236	0.01995	0.01995	0.01413	0.00997	0.00831	0.00249	0.00914	0.00748	0.00831	0.01413
5	0.01569	0.01477	0.02492	0.68808	0.05722	0.01846	0.02307	0.02123	0.01661	0.02123	0.01477	0.02215	0.01107	0.00831	0.00831	0.00277	0.01107	0.00738	0.00369	0.00923
6	0.01961	0.02241	0.04902	0.03501	0.04342	0.02101	0.62605	0.02661	0.01961	0.02661	0.01681	0.02241	0.01261	0.00700	0.00980	0.00280	0.01401	0.00980	0.00420	0.01120
7	0.03727	0.01414	0.01928	0.01478	0.02121	0.01221	0.01221	0.04049	0.02378	0.66198	0.03277	0.02828	0.02056	0.01028	0.00835	0.00257	0.00707	0.00835	0.01028	0.01414
8	0.01115	0.00766	0.00934	0.01025	0.01048	0.00743	0.00631	0.01184	0.01390	0.01853	0.03549	0.36220	0.04195	0.38417	0.02724	0.00583	0.00652	0.01756	0.00631	0.00585
9	0.01870	0.01048	0.01363	0.01193	0.01518	0.00972	0.00926	0.02365	0.06164	0.19105	0.45852	0.05167	0.06062	0.01495	0.00935	0.00261	0.00487	0.01300	0.00939	0.00975
10	0.02077	0.58136	0.11354	0.01503	0.02235	0.02939	0.01565	0.02434	0.01746	0.02138	0.06059	0.01752	0.01579	0.00795	0.00597	0.00194	0.00890	0.00544	0.00397	0.01064
11	0.01022	0.00730	0.00973	0.01150	0.01207	0.00681	0.00772	0.01181	0.01635	0.02192	0.08144	0.66494	0.05632	0.02549	0.01056	0.00333	0.00477	0.02311	0.00780	0.00681
12	0.01090	0.00821	0.01008	0.01013	0.01202	0.00739	0.00740	0.01383	0.02074	0.02793	0.37584	0.19702	0.22831	0.01991	0.00997	0.00282	0.00418	0.01745	0.00847	0.00739
13	0.02056	0.01974	0.03372	0.05099	0.65622	0.01974	0.02550	0.02550	0.01892	0.02714	0.01563	0.02056	0.01316	0.00740	0.00822	0.00247	0.00987	0.00740	0.00411	0.01316
14	0.01670	0.00985	0.01114	0.01001	0.01373	0.00832	0.00779	0.01909	0.02015	0.18282	0.07127	0.06699	0.49429	0.01834	0.00945	0.00275	0.00493	0.01523	0.00836	0.00880
15	0.01038	0.00834	0.00931	0.00999	0.01197	0.00747	0.00713	0.01310	0.04312	0.02246	0.06720	0.31978	0.39507	0.02258	0.01007	0.00303	0.00454	0.01956	0.00774	0.00716
16	0.01005	0.00814	0.00895	0.00955	0.01169	0.00705	0.00698	0.01204	0.01812	0.02221	0.07210	0.24937	0.46578	0.02247	0.01010	0.00300	0.00452	0.04320	0.00771	0.00697
17	0.30969	0.21878	0.21199	0.01590	0.02374	0.02310	0.01707	0.04999	0.01692	0.02975	0.01288	0.01489	0.01012	0.00769	0.00613	0.00236	0.00893	0.00508	0.00435	0.01063
18	0.01945	0.20828	0.25828	0.02889	0.15814	0.02324	0.14004	0.02583	0.01804	0.02478	0.01455	0.01799	0.01149	0.00742	0.00766	0.00241	0.01125	0.00666	0.00377	0.01183
19	0.03054	0.08554	0.02551	0.02012	0.02538	0.41814	0.01583	0.22317	0.02800	0.03053	0.01502	0.01644	0.01180	0.00890	0.00759	0.00223	0.01265	0.00596	0.00552	0.01115
20	0.01682	0.01621	0.14438	0.01378	0.01851	0.01047	0.01289	0.02047	0.01868	0.15126	0.04778	0.25140	0.20861	0.01777	0.00938	0.00290	0.00661	0.01528	0.00737	0.00943
21	0.02223	0.02330	0.03082	0.10519	0.47150	0.15269	0.02335	0.02665	0.01964	0.02520	0.01498	0.01958	0.01246	0.00772	0.00808	0.00243	0.01102	0.00698	0.00411	0.01207
22	0.01606	0.01514	0.02559	0.63967	0.10273	0.01855	0.02326	0.02155	0.01679	0.02167	0.01483	0.02203	0.01123	0.00824	0.00830	0.00275	0.01098	0.00738	0.00372	0.00953
23	0.02183	0.02480	0.01931	0.01798	0.02073	0.34037	0.01378	0.02430	0.01835	0.01986	0.01673	0.02280	0.01504	0.03207	0.29541	0.00706	0.06961	0.00702	0.00430	0.00864
24	0.05626	0.04155	0.63053	0.02300	0.03491	0.01926	0.02955	0.02621	0.01736	0.02689	0.01473	0.01733	0.01044	0.00788	0.00775	0.00263	0.01197	0.00605	0.00359	0.01210
25	0.01676	0.01777	0.03645	0.02756	0.03329	0.01700	0.41877	0.02191	0.01823	0.02474	0.02509	0.22236	0.02499	0.01291	0.01077	0.00300	0.03961	0.01376	0.00521	0.00980
26	0.01549	0.00774	0.00774	0.00774	0.00968	0.00774	0.00581	0.01936	0.01742	0.03097	0.02710	0.03097	0.02129	0.00968	0.00581	0.00194	0.00387	0.00774	0.75416	0.00774
27	0.00992	0.00842	0.00855	0.00852	0.01128	0.00706	0.00639	0.01211	0.01917	0.02300	0.11326	0.07903	0.62340	0.02083	0.00982	0.00280	0.00419	0.01740	0.00779	0.00706
28	0.01080	0.00914	0.00942	0.00923	0.01211	0.00812	0.00696	0.01468	0.06659	0.02427	0.12677	0.07477	0.55818	0.01997	0.00971	0.00279	0.00436	0.01671	0.00789	0.00755
29	0.01318	0.00848	0.01131	0.01131	0.01296	0.00942	0.00872	0.01648	0.01483	0.02353	0.02401	0.03203	0.02096	0.04317	0.43173	0.00920	0.01557	0.00848	0.27708	0.00754
30	0.02074	0.01347	0.01600	0.01484	0.01878	0.01390	0.01199	0.05360	0.22470	0.15868	0.04222	0.09283	0.10458	0.01600	0.00948	0.00304	0.00666	0.15912	0.00849	0.01090
31	0.02554	0.01749	0.01955	0.01644	0.02167	0.01903	0.01309	0.15998	0.34796	0.16417	0.07775	0.03056	0.02614	0.01124	0.00851	0.00269	0.00699	0.00922	0.00884	0.01314
32	0.02214	0.63512	0.08995	0.01522	0.02261	0.05758	0.01554	0.02532	0.01720	0.02009	0.01186	0.01371	0.01065	0.00723	0.00561	0.00186	0.00939	0.00461	0.00358	0.01074
33	0.01055	0.00767	0.00925	0.01031	0.01113	0.00713	0.00676	0.01177	0.01555	0.02018	0.04857	0.41502	0.16880	0.19606	0.01839	0.00443	0.00551	0.01950	0.00704	0.00637
34	0.00982	0.00842	0.00842	0.00842	0.01122	0.00701	0.00631	0.01192	0.01894	0.02244	0.08416	0.07995	0.65285	0.02104	0.00982	0.00281	0.00421	0.01753	0.00771	0.00701
35	0.01977	0.02446	0.16198	0.04544	0.53020	0.01965	0.02655	0.02566	0.01864	0.02697	0.01548	0.01995	0.01262	0.00750	0.00816	0.00250	0.01036	0.00715	0.00399	0.01298
36	0.01952	0.02573	0.19297	0.04316	0.46292	0.01971	0.06380	0.02577	0.01861	0.02690	0.01552	0.01992	0.01246	0.00750	0.00824	0.00253	0.01073	0.00723	0.00397	0.01282
37	0.02624	0.03184	0.02397	0.22966	0.03553	0.46970	0.01824	0.02944	0.02138	0.02061	0.01344	0.01722	0.01082	0.00848	0.00775	0.00234	0.01376	0.00599	0.00410	0.00951
38	0.01445	0.01271	0.01804	0.01662	0.01732	0.01645	0.01325	0.01666	0.01321	0.01957	0.01937	0.07845	0.01962	0.07216	0.31426	0.00815	0.30788	0.00948	0.00438	0.00796
39	0.02622	0.02316	0.15355	0.02329	0.12200	0.01882	0.01880	0.13711	0.14838	0.20520	0.02453	0.02403	0.01725	0.00950	0.00825	0.00260	0.00881	0.00782	0.00726	0.01341
40	0.02787	0.03025	0.02699	0.03020	0.22267	0.34511	0.01895	0.14544	0.02509	0.02863	0.01508	0.01768	0.01213	0.00847	0.00788	0.00231	0.01226	0.00640	0.00500	0.01160
41	0.01012	0.00723	0.00964	0.01157	0.01205	0.00675	0.00771	0.01157	0.01591	0.02121	0.04579	0.70262	0.05495	0.02603	0.01060	0.00337	0.00482	0.02362	0.00771	0.00675
42	0.17513	0.27752	0.02889	0.01563	0.02195	0.05163	0.01371	0.23002	0.05704	0.03502	0.01561	0.01659	0.01228	0.00847	0.00655	0.00225	0.00859	0.00578	0.00577	0.01159
43	0.01198	0.00801	0.00909	0.00919	0.00922	0.00798	0.00518	0.01205	0.01228	0.01638	0.02721	0.08859	0.03151	0.67203	0.04061	0.00781	0.00788	0.01269	0.00518	0.00512
44	0.01848	0.00967	0.01189	0.01088	0.01261	0.00919	0.00735	0.01952	0.01545	0.17861	0.02893	0.05025	0.02887	0.49086	0.03188	0.00642	0.00778	0.04739	0.00651	0.00748
45	0.01961	0.02241	0.04902	0.03501	0.04342	0.02101	0.62605	0.02661	0.01961	0.02661	0.01681	0.02241	0.01261	0.00700	0.00980	0.00280	0.01401	0.00980	0.00420	0.01120
46	0.01176	0.00849	0.01110	0.01045	0.01241	0.00784	0.00784	0.01568	0.02352	0.03331	0.65184	0.06206	0.07839	0.01698	0.00980	0.00261	0.00392	0.01502	0.00914	0.00784
47	0.02221	0.71304	0.04353	0.01421	0.02132	0.03287	0.01421	0.02488	0.01688	0.01955	0.01155	0.01333	0.01066	0.00711	0.00533	0.00178	0.00888	0.00444	0.00355	0.01066
48	0.03103	0.03959	0.02354	0.02140	0.02568	0.67469	0.01605	0.03317	0.02354	0.02033	0.01284	0.01498	0.01070	0.00856	0.00749	0.00214	0.01498	0.00535	0.00428	0.00963
49	0.01231	0.00907	0.01158	0.01085	0.01298	0.00863	0.00817	0.01743	0.06157	0.03340	0.61376	0.06014	0.07512	0.01663	0.00972	0.00263	0.00408	0.01468	0.00910	0.00817
50	0.01357	0.01039	0.01266	0.01176	0.01428	0.01044	0.00892	0.02146	0.14902	0.03361	0.52627	0.05574	0.06761	0.01582	0.00952	0.00265	0.00446	0.01388	0.00900	0.00892
51	0.01125	0.00810	0.01065	0.01080	0.01230	0.00750	0.00780	0.01439	0.02114	0.02953	0.46252	0.26216	0.07106	0.01981	0.01005	0.00285	0.00420	0.01771	0.00870	0.00750
