[name]
unknown

[dist]
# distance from previous block
# <min> <max>
0	0

[block]
# block no. 0 follows, 22 sequences, length 9
# corresponding to MSA columns:
# 0-8
name=unknown_A
#
# <colnr> <probs for GDERKNQSTAVLIFYWHMCP>
#	G	D	E	R	K	N	Q	S	T	A	V	L	I	F	Y	W	H	M	C	P
0	0.01339	0.00956	0.01339	0.01530	0.01721	0.00956	0.01339	0.01721	0.01912	0.02486	0.04399	0.09371	0.04781	0.02295	0.01147	0.00382	0.00765	0.60031	0.00765	0.00765
1	0.01741	0.13280	0.58169	0.02241	0.03399	0.02111	0.02848	0.02612	0.01745	0.02540	0.01446	0.01697	0.01054	0.00779	0.00755	0.00252	0.01182	0.00591	0.00351	0.01206
2	0.02361	0.02664	0.02717	0.20783	0.23605	0.29069	0.02094	0.02754	0.02022	0.02275	0.01424	0.01867	0.01159	0.00812	0.00794	0.00241	0.01231	0.00655	0.00407	0.01065
3	0.02046	0.01866	0.02758	0.17446	0.06420	0.02078	0.12454	0.11388	0.18380	0.03061	0.02054	0.02349	0.01567	0.00948	0.01018	0.00272	0.07071	0.00820	0.00577	0.05425
4	0.21978	0.02071	0.10845	0.01594	0.02196	0.01914	0.01440	0.11644	0.21813	0.06886	0.07501	0.02535	0.02153	0.01009	0.00758	0.00265	0.00751	0.00778	0.00701	0.01167
5	0.02056	0.01974	0.03372	0.05099	0.65622	0.01974	0.02550	0.02550	0.01892	0.02714	0.01563	0.02056	0.01316	0.00740	0.00822	0.00247	0.00987	0.00740	0.00411	0.01316
6	0.01569	0.01477	0.02492	0.68808	0.05722	0.01846	0.02307	0.02123	0.01661	0.02123	0.01477	0.02215	0.01107	0.00831	0.00831	0.00277	0.01107	0.00738	0.00369	0.00923
7	0.02531	0.01957	0.02144	0.08691	0.02655	0.05379	0.01499	0.23666	0.22329	0.09337	0.02559	0.02789	0.01944	0.01066	0.00838	0.00262	0.00842	0.03894	0.00765	0.04854
8	0.01569	0.01477	0.02492	0.68808	0.05722	0.01846	0.02307	0.02123	0.01661	0.02123	0.01477	0.02215	0.01107	0.00831	0.00831	0.00277	0.01107	0.00738	0.00369	0.00923

[dist]
# distance from previous block
# <min> <max>
4	8

[block]
# block no. 1 follows, 22 sequences, length 8
# corresponding to MSA columns:
# 18-25
name=unknown_B
#
# <colnr> <probs for GDERKNQSTAVLIFYWHMCP>
#	G	D	E	R	K	N	Q	S	T	A	V	L	I	F	Y	W	H	M	C	P
0	0.01807	0.09697	0.01775	0.01381	0.01629	0.17712	0.01041	0.01990	0.01794	0.02091	0.10023	0.04455	0.07829	0.23819	0.02003	0.00431	0.03521	0.05682	0.00553	0.00767
1	0.01079	0.00764	0.01001	0.01151	0.01217	0.00725	0.00790	0.01244	0.01624	0.02173	0.08488	0.51877	0.05272	0.11273	0.01470	0.00396	0.00544	0.07497	0.00746	0.00669
2	0.01182	0.00753	0.00889	0.00997	0.01119	0.00710	0.00694	0.01413	0.01674	0.02451	0.04412	0.41408	0.11232	0.02016	0.00896	0.00284	0.00444	0.01778	0.24937	0.00710
3	0.01974	0.36920	0.30195	0.02157	0.08625	0.02599	0.02214	0.02553	0.01734	0.02307	0.01333	0.01575	0.01084	0.00746	0.00667	0.00220	0.01039	0.00542	0.00359	0.01157
4	0.01785	0.03059	0.36612	0.02389	0.10019	0.01849	0.02346	0.05804	0.13496	0.02870	0.02230	0.09874	0.01884	0.01064	0.00837	0.00273	0.00993	0.00895	0.00522	0.01200
5	0.09133	0.01812	0.02523	0.36757	0.04233	0.02100	0.05688	0.21846	0.02383	0.03314	0.01627	0.02064	0.01196	0.00871	0.00810	0.00266	0.01020	0.00729	0.00535	0.01092
6	0.01190	0.00879	0.01280	0.01280	0.01409	0.01008	0.00970	0.01448	0.01319	0.01888	0.02276	0.03543	0.02198	0.14526	0.59383	0.01267	0.02043	0.00931	0.00453	0.00711
7	0.09543	0.02424	0.02318	0.02178	0.09925	0.18751	0.01558	0.21205	0.02689	0.18414	0.01992	0.02016	0.01421	0.00918	0.00782	0.00242	0.01000	0.00687	0.00697	0.01242

[dist]
# distance from previous block
# <min> <max>
0	2

[block]
# block no. 2 follows, 22 sequences, length 166
# corresponding to MSA columns:
# 28-193
name=unknown_C
#
# <colnr> <probs for GDERKNQSTAVLIFYWHMCP>
#	G	D	E	R	K	N	Q	S	T	A	V	L	I	F	Y	W	H	M	C	P
0	0.01926	0.02589	0.16976	0.03680	0.19837	0.02034	0.35224	0.02626	0.01901	0.02668	0.01612	0.02095	0.01233	0.00728	0.00901	0.00268	0.01260	0.00845	0.00404	0.01192
1	0.02323	0.02481	0.03112	0.04344	0.49523	0.18696	0.02308	0.02746	0.02010	0.02540	0.01492	0.01914	0.01253	0.00770	0.00804	0.00238	0.01117	0.00688	0.00416	0.01226
2	0.01609	0.03466	0.49845	0.02097	0.03055	0.01706	0.02524	0.05400	0.01830	0.02659	0.02147	0.15765	0.01978	0.01170	0.00847	0.00278	0.01059	0.00978	0.00461	0.01124
3	0.02534	0.02870	0.02834	0.03581	0.33728	0.31855	0.02058	0.02992	0.05173	0.02441	0.01525	0.01853	0.01264	0.00812	0.00790	0.00234	0.01204	0.00656	0.00440	0.01155
4	0.01666	0.04297	0.66500	0.02368	0.03596	0.01929	0.03069	0.02631	0.01754	0.02631	0.01491	0.01754	0.01052	0.00789	0.00789	0.00263	0.01228	0.00614	0.00351	0.01228
5	0.00982	0.00842	0.00842	0.00842	0.01122	0.00701	0.00631	0.01192	0.01894	0.02244	0.08416	0.07995	0.65285	0.02104	0.00982	0.00281	0.00421	0.01753	0.00771	0.00701
6	0.02056	0.01974	0.03372	0.05099	0.65622	0.01974	0.02550	0.02550	0.01892	0.02714	0.01563	0.02056	0.01316	0.00740	0.00822	0.00247	0.00987	0.00740	0.00411	0.01316
7	0.01096	0.00783	0.01060	0.01252	0.01337	0.00747	0.00916	0.01301	0.01673	0.02214	0.04533	0.54715	0.05312	0.02524	0.01083	0.00349	0.00554	0.17086	0.00770	0.00698
8	0.01208	0.00805	0.00906	0.00906	0.00906	0.00805	0.00503	0.01208	0.01208	0.01611	0.02618	0.05436	0.03020	0.70804	0.04228	0.00805	0.00805	0.01208	0.00503	0.00503
9	0.01666	0.04297	0.66500	0.02368	0.03596	0.01929	0.03069	0.02631	0.01754	0.02631	0.01491	0.01754	0.01052	0.00789	0.00789	0.00263	0.01228	0.00614	0.00351	0.01228
10	0.03103	0.03959	0.02354	0.02140	0.02568	0.67469	0.01605	0.03317	0.02354	0.02033	0.01284	0.01498	0.01070	0.00856	0.00749	0.00214	0.01498	0.00535	0.00428	0.00963
11	0.00982	0.00842	0.00842	0.00842	0.01122	0.00701	0.00631	0.01192	0.01894	0.02244	0.08416	0.07995	0.65285	0.02104	0.00982	0.00281	0.00421	0.01753	0.00771	0.00701
12	0.02056	0.01974	0.03372	0.05099	0.65622	0.01974	0.02550	0.02550	0.01892	0.02714	0.01563	0.02056	0.01316	0.00740	0.00822	0.00247	0.00987	0.00740	0.00411	0.01316
13	0.02345	0.01923	0.02035	0.01747	0.02266	0.02197	0.01382	0.19335	0.48747	0.03925	0.03027	0.02817	0.02249	0.01094	0.00842	0.00273	0.00723	0.00890	0.00842	0.01340
14	0.02221	0.71304	0.04353	0.01421	0.02132	0.03287	0.01421	0.02488	0.01688	0.01955	0.01155	0.01333	0.01066	0.00711	0.00533	0.00178	0.00888	0.00444	0.00355	0.01066
15	0.01073	0.00871	0.00968	0.01017	0.01275	0.00766	0.00812	0.01327	0.01898	0.02306	0.07390	0.08346	0.49837	0.02153	0.01024	0.00307	0.00509	0.16633	0.00770	0.00718
16	0.03158	0.02327	0.02493	0.01911	0.02576	0.02576	0.01579	0.62852	0.03906	0.05236	0.01995	0.01995	0.01413	0.00997	0.00831	0.00249	0.00914	0.00748	0.00831	0.01413
17	0.01064	0.00823	0.00980	0.01058	0.01247	0.00739	0.00793	0.01299	0.01855	0.02360	0.12841	0.26729	0.32277	0.02238	0.01029	0.00310	0.00486	0.10374	0.00786	0.00712
18	0.00982	0.00842	0.00842	0.00842	0.01122	0.00701	0.00631	0.01192	0.01894	0.02244	0.08416	0.07995	0.65285	0.02104	0.00982	0.00281	0.00421	0.01753	0.00771	0.00701
19	0.00982	0.00842	0.00842	0.00842	0.01122	0.00701	0.00631	0.01192	0.01894	0.02244	0.08416	0.07995	0.65285	0.02104	0.00982	0.00281	0.00421	0.01753	0.00771	0.00701
20	0.03158	0.02327	0.02493	0.01911	0.02576	0.02576	0.01579	0.62852	0.03906	0.05236	0.01995	0.01995	0.01413	0.00997	0.00831	0.00249	0.00914	0.00748	0.00831	0.01413
21	0.01683	0.04182	0.63041	0.02431	0.03637	0.01939	0.06413	0.02633	0.01766	0.02633	0.01501	0.01781	0.01064	0.00784	0.00800	0.00264	0.01237	0.00634	0.00355	0.01222
22	0.01951	0.02213	0.04749	0.03416	0.04201	0.02130	0.58659	0.02618	0.01916	0.02618	0.01642	0.02213	0.01249	0.00749	0.01094	0.00286	0.05807	0.00964	0.00416	0.01107
23	0.01012	0.00723	0.00964	0.01157	0.01205	0.00675	0.00771	0.01157	0.01591	0.02121	0.04579	0.70262	0.05495	0.02603	0.01060	0.00337	0.00482	0.02362	0.00771	0.00675
24	0.02032	0.01949	0.03328	0.08308	0.62605	0.01967	0.02537	0.02528	0.01880	0.02684	0.01558	0.02064	0.01305	0.00745	0.00823	0.00248	0.00993	0.00740	0.00409	0.01296
25	0.02056	0.01974	0.03372	0.05099	0.65622	0.01974	0.02550	0.02550	0.01892	0.02714	0.01563	0.02056	0.01316	0.00740	0.00822	0.00247	0.00987	0.00740	0.00411	0.01316
26	0.01569	0.01477	0.02492	0.68808	0.05722	0.01846	0.02307	0.02123	0.01661	0.02123	0.01477	0.02215	0.01107	0.00831	0.00831	0.00277	0.01107	0.00738	0.00369	0.00923
27	0.03158	0.02327	0.02493	0.01911	0.02576	0.02576	0.01579	0.62852	0.03906	0.05236	0.01995	0.01995	0.01413	0.00997	0.00831	0.00249	0.00914	0.00748	0.00831	0.01413
28	0.01932	0.01847	0.03147	0.21365	0.50328	0.01941	0.02488	0.02441	0.01833	0.02563	0.01541	0.02097	0.01263	0.00763	0.00825	0.00254	0.01018	0.00740	0.00400	0.01216
29	0.02287	0.01894	0.02003	0.01735	0.02244	0.02170	0.01368	0.16240	0.51936	0.03831	0.03101	0.02876	0.02309	0.01101	0.00842	0.00275	0.00709	0.00901	0.00842	0.01335
30	0.01768	0.03656	0.50001	0.02195	0.03229	0.01964	0.02621	0.03086	0.17678	0.02846	0.01973	0.02097	0.01431	0.00876	0.00804	0.00268	0.01082	0.00697	0.00477	0.01250
31	0.01208	0.00805	0.00906	0.00906	0.00906	0.00805	0.00503	0.01208	0.01208	0.01611	0.02618	0.05436	0.03020	0.70804	0.04228	0.00805	0.00805	0.01208	0.00503	0.00503
32	0.01766	0.03704	0.50382	0.03065	0.19432	0.01941	0.02937	0.02610	0.01789	0.02652	0.01509	0.01831	0.01120	0.00777	0.00798	0.00259	0.01166	0.00646	0.00366	0.01250
33	0.01012	0.00723	0.00964	0.01157	0.01205	0.00675	0.00771	0.01157	0.01591	0.02121	0.04579	0.70262	0.05495	0.02603	0.01060	0.00337	0.00482	0.02362	0.00771	0.00675
34	0.02413	0.02555	0.02349	0.02550	0.15486	0.24024	0.01669	0.03658	0.30434	0.02832	0.02299	0.02345	0.01790	0.00956	0.00808	0.00252	0.01008	0.00762	0.00615	0.01197
35	0.02706	0.02936	0.02137	0.01922	0.02378	0.37209	0.01466	0.03806	0.27847	0.05794	0.02248	0.02225	0.01724	0.00976	0.00793	0.00244	0.01112	0.00717	0.00630	0.01131
36	0.00990	0.00842	0.00853	0.00850	0.01127	0.00705	0.00638	0.01208	0.01913	0.02289	0.10776	0.07921	0.62897	0.02087	0.00982	0.00280	0.00420	0.01743	0.00777	0.00705
37	0.01764	0.03712	0.50592	0.03056	0.19226	0.01941	0.02938	0.02610	0.01789	0.02652	0.01509	0.01830	0.01119	0.00777	0.00798	0.00259	0.01167	0.00646	0.00366	0.01250
38	0.02056	0.01974	0.03372	0.05099	0.65622	0.01974	0.02550	0.02550	0.01892	0.02714	0.01563	0.02056	0.01316	0.00740	0.00822	0.00247	0.00987	0.00740	0.00411	0.01316
39	0.02056	0.01974	0.03372	0.05099	0.65622	0.01974	0.02550	0.02550	0.01892	0.02714	0.01563	0.02056	0.01316	0.00740	0.00822	0.00247	0.00987	0.00740	0.00411	0.01316
40	0.01197	0.00850	0.01130	0.01130	0.01208	0.00927	0.00783	0.01352	0.01274	0.01777	0.02412	0.04301	0.02527	0.37058	0.37300	0.01082	0.01547	0.01042	0.00473	0.00628
41	0.01533	0.01198	0.01279	0.01130	0.01489	0.01163	0.00882	0.15999	0.02447	0.03132	0.15865	0.06277	0.40916	0.01775	0.00945	0.00270	0.00534	0.01473	0.00808	0.00885
42	0.01187	0.00890	0.01335	0.01335	0.01483	0.01038	0.01038	0.01483	0.01335	0.01928	0.02225	0.03264	0.02077	0.06231	0.67512	0.01335	0.02225	0.00890	0.00445	0.00742
43	0.01012	0.00723	0.00964	0.01157	0.01205	0.00675	0.00771	0.01157	0.01591	0.02121	0.04579	0.70262	0.05495	0.02603	0.01060	0.00337	0.00482	0.02362	0.00771	0.00675
44	0.02056	0.01974	0.03372	0.05099	0.65622	0.01974	0.02550	0.02550	0.01892	0.02714	0.01563	0.02056	0.01316	0.00740	0.00822	0.00247	0.00987	0.00740	0.00411	0.01316
45	0.01920	0.19252	0.02085	0.01275	0.01648	0.08827	0.01064	0.06090	0.01853	0.02592	0.02014	0.02435	0.01686	0.01957	0.14147	0.00426	0.01042	0.00686	0.28098	0.00904
46	0.01142	0.00889	0.01065	0.01137	0.01374	0.00811	0.00930	0.01437	0.01938	0.02430	0.11349	0.08408	0.36163	0.02149	0.01049	0.00320	0.00558	0.25338	0.00780	0.00734
47	0.02313	0.01569	0.01733	0.01470	0.01909	0.01716	0.01172	0.21658	0.17640	0.08798	0.02644	0.02750	0.01993	0.01592	0.08010	0.00361	0.00843	0.00824	0.19851	0.01153
48	0.01882	0.30300	0.42384	0.02001	0.03028	0.02456	0.02430	0.02575	0.01728	0.02368	0.01360	0.01590	0.01058	0.00759	0.00690	0.00230	0.01096	0.00548	0.00353	0.01165
49	0.01519	0.05831	0.47498	0.02024	0.02932	0.01659	0.02422	0.02249	0.01710	0.02476	0.02267	0.19230	0.02187	0.01249	0.00849	0.00279	0.01025	0.01054	0.00458	0.01081
50	0.01012	0.00723	0.00964	0.01157	0.01205	0.00675	0.00771	0.01157	0.01591	0.02121	0.04579	0.70262	0.05495	0.02603	0.01060	0.00337	0.00482	0.02362	0.00771	0.00675
51	0.02033	0.04211	0.50122	0.02310	0.03333	0.18663	0.02696	0.02806	0.01907	0.02478	0.01438	0.01689	0.01057	0.00806	0.00779	0.00251	0.01297	0.00594	0.00371	0.01160
52	0.01916	0.01830	0.03118	0.23480	0.48340	0.01937	0.02480	0.02426	0.01825	0.02543	0.01538	0.02102	0.01256	0.00766	0.00825	0.00255	0.01022	0.00740	0.00399	0.01202
53	0.01701	0.01360	0.01858	0.01624	0.01977	0.01366	0.08708	0.17150	0.02304	0.03034	0.04152	0.29237	0.13364	0.01850	0.00987	0.00303	0.00721	0.06631	0.00742	0.00931
54	0.00997	0.00781	0.00904	0.01002	0.01164	0.00688	0.00702	0.01174	0.01739	0.02181	0.06462	0.39697	0.34844	0.02358	0.01022	0.00309	0.00452	0.02063	0.00771	0.00688
55	0.01744	0.01639	0.02661	0.09146	0.44346	0.01637	0.02047	0.02167	0.01858	0.02540	0.03112	0.06722	0.14620	0.01121	0.00868	0.00261	0.00855	0.01029	0.00500	0.01126
56	0.01943	0.06533	0.34517	0.09562	0.03584	0.02066	0.11204	0.12080	0.02089	0.02916	0.01629	0.02052	0.01232	0.03854	0.00965	0.00284	0.01155	0.00719	0.00446	0.01169
57	0.53384	0.02220	0.14830	0.01612	0.02306	0.01903	0.08037	0.02504	0.01542	0.03390	0.01281	0.01528	0.00970	0.00767	0.00620	0.00261	0.00843	0.00541	0.00471	0.00990
58	0.02481	0.24963	0.16378	0.02084	0.05756	0.23749	0.01896	0.08991	0.02156	0.02495	0.01373	0.01578	0.01112	0.00805	0.00701	0.00218	0.01165	0.00555	0.00430	0.01114
59	0.02257	0.02524	0.02133	0.13601	0.07760	0.31643	0.01583	0.04757	0.02228	0.02487	0.14333	0.02982	0.06116	0.01085	0.00831	0.00242	0.01090	0.00854	0.00547	0.00950
60	0.01549	0.10312	0.43340	0.01881	0.02813	0.01756	0.02277	0.02249	0.01783	0.02463	0.03224	0.03304	0.17454	0.01117	0.00812	0.00259	0.00987	0.00887	0.00459	0.01077
61	0.01023	0.00731	0.00973	0.01149	0.01207	0.00682	0.00772	0.01183	0.01640	0.02199	0.08513	0.66104	0.05647	0.02544	0.01055	0.00332	0.00476	0.02306	0.00780	0.00682
62	0.02029	0.01946	0.03323	0.08677	0.62258	0.01967	0.02536	0.02526	0.01879	0.02681	0.01558	0.02065	0.01304	0.00745	0.00823	0.00248	0.00994	0.00740	0.00409	0.01294
63	0.02300	0.02434	0.02288	0.02607	0.18330	0.26311	0.01660	0.07414	0.02318	0.02759	0.14086	0.03339	0.02823	0.01137	0.00857	0.00250	0.01037	0.06432	0.00582	0.01036
64	0.01926	0.24429	0.43644	0.02068	0.03089	0.06592	0.02479	0.02632	0.01773	0.02389	0.01376	0.01611	0.01058	0.00770	0.00710	0.00234	0.01143	0.00558	0.00357	0.01162
65	0.01766	0.03704	0.50382	0.03065	0.19432	0.01941	0.02937	0.02610	0.01789	0.02652	0.01509	0.01831	0.01120	0.00777	0.00798	0.00259	0.01166	0.00646	0.00366	0.01250
66	0.01685	0.04164	0.62501	0.02441	0.03644	0.01940	0.06934	0.02633	0.01767	0.02633	0.01503	0.01786	0.01066	0.00783	0.00802	0.00264	0.01239	0.00638	0.00355	0.01221
67	0.01055	0.00767	0.01001	0.01147	0.01244	0.00712	0.00806	0.01253	0.01732	0.02303	0.12019	0.52560	0.10778	0.02429	0.01051	0.00327	0.00489	0.06842	0.00788	0.00697
68	0.00982	0.00842	0.00842	0.00842	0.01122	0.00701	0.00631	0.01192	0.01894	0.02244	0.08416	0.07995	0.65285	0.02104	0.00982	0.00281	0.00421	0.01753	0.00771	0.00701
69	0.02508	0.02732	0.02944	0.03817	0.38585	0.26342	0.02143	0.06288	0.02179	0.02605	0.01484	0.01845	0.01230	0.00798	0.00796	0.00235	0.01173	0.00664	0.00442	0.01190
70	0.06847	0.07244	0.02346	0.01949	0.02429	0.50703	0.01502	0.03336	0.02273	0.11665	0.01567	0.01679	0.01208	0.00869	0.00738	0.00221	0.01303	0.00570	0.00518	0.01033
71	0.01188	0.00886	0.01314	0.01314	0.01454	0.01027	0.01012	0.01470	0.01329	0.01913	0.02245	0.03373	0.02124	0.09479	0.64329	0.01308	0.02154	0.00906	0.00448	0.00730
72	0.01208	0.00805	0.00906	0.00906	0.00906	0.00805	0.00503	0.01208	0.01208	0.01611	0.02618	0.05436	0.03020	0.70804	0.04228	0.00805	0.00805	0.01208	0.00503	0.00503
73	0.01747	0.14018	0.57484	0.02231	0.03383	0.02126	0.02830	0.02610	0.01744	0.02533	0.01442	0.01693	0.01054	0.00778	0.00752	0.00251	0.01179	0.00589	0.00351	0.01204
74	0.01187	0.00890	0.01335	0.01335	0.01483	0.01038	0.01038	0.01483	0.01335	0.01928	0.02225	0.03264	0.02077	0.06231	0.67512	0.01335	0.02225	0.00890	0.00445	0.00742
75	0.02066	0.01785	0.01878	0.01691	0.02160	0.02066	0.01315	0.04414	0.64121	0.03475	0.03381	0.03099	0.02536	0.01127	0.00845	0.00282	0.00657	0.00939	0.00845	0.01315
76	0.02287	0.01902	0.02065	0.01877	0.04883	0.02166	0.01420	0.16162	0.49349	0.03800	0.03025	0.02832	0.02258	0.01085	0.00841	0.00274	0.00723	0.00892	0.00824	0.01335
77	0.02345	0.01923	0.02035	0.01747	0.02266	0.02197	0.01382	0.19335	0.48747	0.03925	0.03027	0.02817	0.02249	0.01094	0.00842	0.00273	0.00723	0.00890	0.00842	0.01340
78	0.03103	0.03959	0.02354	0.02140	0.02568	0.67469	0.01605	0.03317	0.02354	0.02033	0.01284	0.01498	0.01070	0.00856	0.00749	0.00214	0.01498	0.00535	0.00428	0.00963
79	0.01012	0.00723	0.00964	0.01157	0.01205	0.00675	0.00771	0.01157	0.01591	0.02121	0.04579	0.70262	0.05495	0.02603	0.01060	0.00337	0.00482	0.02362	0.00771	0.00675
80	0.05963	0.25103	0.02737	0.01589	0.02100	0.10371	0.01358	0.16769	0.02197	0.02830	0.01645	0.02005	0.01399	0.02209	0.17731	0.00499	0.01299	0.00642	0.00509	0.01045
81	0.01187	0.00890	0.01335	0.01335	0.01483	0.01038	0.01038	0.01483	0.01335	0.01928	0.02225	0.03264	0.02077	0.06231	0.67512	0.01335	0.02225	0.00890	0.00445	0.00742
82	0.01038	0.00844	0.00919	0.00900	0.01156	0.00725	0.00675	0.01301	0.02026	0.02558	0.24794	0.07479	0.48711	0.01987	0.00981	0.00275	0.00412	0.01681	0.00813	0.00725
83	0.01208	0.00805	0.00906	0.00906	0.00906	0.00805	0.00503	0.01208	0.01208	0.01611	0.02618	0.05436	0.03020	0.70804	0.04228	0.00805	0.00805	0.01208	0.00503	0.00503
84	0.00982	0.00842	0.00842	0.00842	0.01122	0.00701	0.00631	0.01192	0.01894	0.02244	0.08416	0.07995	0.65285	0.02104	0.00982	0.00281	0.00421	0.01753	0.00771	0.00701
85	0.02056	0.01974	0.03372	0.05099	0.65622	0.01974	0.02550	0.02550	0.01892	0.02714	0.01563	0.02056	0.01316	0.00740	0.00822	0.00247	0.00987	0.00740	0.00411	0.01316
86	0.01187	0.00890	0.01335	0.01335	0.01483	0.01038	0.01038	0.01483	0.01335	0.01928	0.02225	0.03264	0.02077	0.06231	0.67512	0.01335	0.02225	0.00890	0.00445	0.00742
87	0.01745	0.03827	0.53726	0.02921	0.16147	0.01938	0.02964	0.02614	0.01782	0.02648	0.01505	0.01815	0.01106	0.00779	0.00796	0.00260	0.01179	0.00639	0.00363	0.01246
88	0.03128	0.03215	0.02418	0.02036	0.02572	0.37867	0.01593	0.30475	0.03062	0.03494	0.01608	0.01725	0.01226	0.00920	0.00786	0.00230	0.01232	0.00632	0.00612	0.01168
89	0.00993	0.00842	0.00857	0.00853	0.01129	0.00706	0.00640	0.01214	0.01920	0.02306	0.11667	0.07892	0.61995	0.02081	0.00982	0.00279	0.00419	0.01739	0.00780	0.00706
90	0.01014	0.00843	0.00886	0.00875	0.01142	0.00715	0.00656	0.01254	0.01969	0.02423	0.17745	0.07701	0.55844	0.02037	0.00982	0.00277	0.00416	0.01712	0.00795	0.00715
91	0.02610	0.02149	0.02091	0.01743	0.02268	0.08882	0.01389	0.30249	0.24459	0.04078	0.02476	0.02439	0.01841	0.01025	0.00802	0.00251	0.00831	0.00795	0.08354	0.01268
92	0.02221	0.71304	0.04353	0.01421	0.02132	0.03287	0.01421	0.02488	0.01688	0.01955	0.01155	0.01333	0.01066	0.00711	0.00533	0.00178	0.00888	0.00444	0.00355	0.01066
93	0.01117	0.00798	0.01084	0.01276	0.01370	0.00765	0.00953	0.01337	0.01694	0.02238	0.04521	0.50763	0.05266	0.02504	0.01088	0.00352	0.00573	0.20829	0.00769	0.00704
94	0.03035	0.02235	0.02406	0.01868	0.02498	0.02467	0.01533	0.59319	0.03773	0.05057	0.02143	0.05904	0.01647	0.01089	0.00844	0.00254	0.00889	0.00840	0.00828	0.01371
95	0.01919	0.29473	0.36063	0.02305	0.09774	0.02449	0.02388	0.02568	0.01744	0.02383	0.01371	0.01627	0.01086	0.00754	0.00696	0.00229	0.01073	0.00563	0.00359	0.01176
96	0.01755	0.01758	0.03268	0.02736	0.08135	0.01710	0.31437	0.02526	0.09533	0.02687	0.03109	0.04381	0.08478	0.01226	0.00986	0.00299	0.01048	0.13304	0.00578	0.01045
97	0.03103	0.03959	0.02354	0.02140	0.02568	0.67469	0.01605	0.03317	0.02354	0.02033	0.01284	0.01498	0.01070	0.00856	0.00749	0.00214	0.01498	0.00535	0.00428	0.00963
98	0.23755	0.02502	0.06092	0.08402	0.06035	0.24540	0.01524	0.02614	0.01931	0.02759	0.07907	0.02393	0.01885	0.00966	0.00737	0.00250	0.01023	0.03231	0.00505	0.00951
99	0.02447	0.20347	0.02763	0.01864	0.02264	0.33119	0.01520	0.02680	0.01895	0.01995	0.01339	0.01724	0.01198	0.01579	0.09311	0.00367	0.11648	0.00585	0.00402	0.00953
100	0.01376	0.00999	0.01366	0.01538	0.01744	0.01013	0.01337	0.01859	0.05103	0.02537	0.04346	0.09049	0.04666	0.02235	0.01132	0.00377	0.00759	0.57000	0.00769	0.00793
101	0.02307	0.02449	0.03129	0.04391	0.50541	0.17639	0.02324	0.02733	0.02002	0.02551	0.01496	0.01923	0.01257	0.00768	0.00805	0.00239	0.01109	0.00691	0.00415	0.01232
102	0.01311	0.00947	0.01191	0.01234	0.01395	0.00930	0.00894	0.08281	0.02051	0.02782	0.18772	0.44194	0.05557	0.02189	0.01019	0.00311	0.00523	0.04818	0.00812	0.00789
103	0.02024	0.01942	0.03315	0.09235	0.61734	0.01966	0.02534	0.02522	0.01877	0.02676	0.01557	0.02066	0.01302	0.00746	0.00823	0.00249	0.00995	0.00740	0.00408	0.01290
104	0.01012	0.00723	0.00964	0.01157	0.01205	0.00675	0.00771	0.01157	0.01591	0.02121	0.04579	0.70262	0.05495	0.02603	0.01060	0.00337	0.00482	0.02362	0.00771	0.00675
105	0.02056	0.01974	0.03372	0.05099	0.65622	0.01974	0.02550	0.02550	0.01892	0.02714	0.01563	0.02056	0.01316	0.00740	0.00822	0.00247	0.00987	0.00740	0.00411	0.01316
106	0.02456	0.03309	0.15806	0.03041	0.19018	0.29283	0.07042	0.05636	0.02154	0.02524	0.01461	0.01775	0.01160	0.00807	0.00798	0.00239	0.01279	0.00649	0.00426	0.01140
107	0.01021	0.00843	0.00896	0.00883	0.01146	0.00718	0.00662	0.01268	0.01986	0.02464	0.19903	0.07633	0.53660	0.02022	0.00981	0.00277	0.00415	0.01703	0.00800	0.00718
108	0.02056	0.01974	0.03372	0.05099	0.65622	0.01974	0.02550	0.02550	0.01892	0.02714	0.01563	0.02056	0.01316	0.00740	0.00822	0.00247	0.00987	0.00740	0.00411	0.01316
109	0.01752	0.14614	0.56932	0.02222	0.03370	0.02138	0.02816	0.02609	0.01744	0.02527	0.01439	0.01689	0.01054	0.00777	0.00750	0.00250	0.01176	0.00588	0.00351	0.01203
110	0.02465	0.03557	0.19078	0.02858	0.15325	0.34120	0.05658	0.02954	0.02087	0.02356	0.01414	0.01716	0.01125	0.00807	0.00787	0.00237	0.01323	0.00621	0.00405	0.01109
111	0.01666	0.04297	0.66500	0.02368	0.03596	0.01929	0.03069	0.02631	0.01754	0.02631	0.01491	0.01754	0.01052	0.00789	0.00789	0.00263	0.01228	0.00614	0.00351	0.01228
112	0.01015	0.00754	0.00947	0.01087	0.01190	0.00686	0.00744	0.01187	0.01695	0.02214	0.08759	0.54065	0.17725	0.02451	0.01040	0.00322	0.00465	0.02190	0.00779	0.00686
113	0.02021	0.02091	0.06873	0.01571	0.02034	0.14764	0.01315	0.08202	0.12459	0.05466	0.07808	0.07517	0.16030	0.01392	0.00875	0.00263	0.00826	0.04054	0.00695	0.03745
114	0.02075	0.11147	0.33478	0.05577	0.03226	0.16424	0.05432	0.02780	0.04351	0.02404	0.01473	0.01757	0.01132	0.00840	0.00864	0.00250	0.04657	0.00622	0.00393	0.01119
115	0.01207	0.00809	0.00924	0.00924	0.00930	0.00815	0.00526	0.01220	0.01213	0.01624	0.02601	0.05346	0.02981	0.68120	0.06859	0.00827	0.00864	0.01195	0.00501	0.00513
116	0.01928	0.15592	0.09756	0.16614	0.19768	0.02230	0.17574	0.02487	0.01810	0.02426	0.01489	0.01966	0.01186	0.00747	0.00805	0.00249	0.01120	0.00731	0.00388	0.01130
117	0.01930	0.01994	0.07564	0.18076	0.10410	0.09658	0.01745	0.10205	0.02257	0.02991	0.17859	0.03103	0.02932	0.01070	0.00842	0.00253	0.00908	0.00901	0.04282	0.01022
118	0.02570	0.01358	0.01568	0.01290	0.01731	0.01372	0.01039	0.17987	0.02457	0.21794	0.02671	0.02747	0.01924	0.01222	0.03627	0.00276	0.00693	0.00790	0.31765	0.01119
119	0.01205	0.00884	0.01306	0.01306	0.01457	0.01025	0.01015	0.01507	0.01356	0.01988	0.02250	0.03255	0.02080	0.05961	0.64079	0.01277	0.02131	0.00884	0.04290	0.00743
120	0.01726	0.06657	0.56077	0.02478	0.03635	0.02005	0.10725	0.02629	0.01778	0.02608	0.01502	0.01801	0.01080	0.00775	0.00804	0.00262	0.01237	0.00655	0.00360	0.01207
121	0.01766	0.01412	0.01934	0.02344	0.17986	0.01440	0.01441	0.14828	0.02205	0.02978	0.03396	0.30519	0.05957	0.01736	0.00954	0.00297	0.00725	0.06386	0.00692	0.01006
122	0.01013	0.00768	0.00935	0.01052	0.01182	0.00690	0.00728	0.01194	0.01734	0.02238	0.09706	0.46744	0.24237	0.02389	0.01031	0.00315	0.00457	0.02117	0.00781	0.00690
123	0.01749	0.01598	0.02636	0.09057	0.42232	0.01611	0.02020	0.02196	0.01940	0.02739	0.14637	0.08841	0.02977	0.01103	0.00876	0.00260	0.00833	0.01035	0.00541	0.01121
124	0.02112	0.04100	0.44730	0.02412	0.05847	0.21514	0.02610	0.02833	0.01939	0.02456	0.01432	0.01690	0.01069	0.00807	0.00779	0.00248	0.01299	0.00596	0.00376	0.01152
125	0.02315	0.02041	0.03108	0.07181	0.46802	0.02122	0.02291	0.17927	0.02395	0.03331	0.01669	0.02048	0.01331	0.00810	0.00825	0.00249	0.00974	0.00742	0.00516	0.01323
126	0.02203	0.01859	0.01852	0.01709	0.02129	0.09796	0.01372	0.08263	0.31812	0.07259	0.03265	0.04398	0.02808	0.01375	0.00909	0.00295	0.00812	0.15955	0.00784	0.01146
127	0.13954	0.03365	0.15186	0.02213	0.07633	0.35825	0.01831	0.02903	0.02051	0.02528	0.04233	0.01786	0.01368	0.00858	0.00737	0.00235	0.01221	0.00598	0.00446	0.01027
128	0.01873	0.01964	0.02981	0.03309	0.27652	0.08789	0.16321	0.02313	0.01959	0.02507	0.03310	0.03556	0.17609	0.01091	0.00893	0.00260	0.00997	0.01034	0.00507	0.01074
129	0.01012	0.00723	0.00964	0.01157	0.01205	0.00675	0.00771	0.01157	0.01591	0.02121	0.04579	0.70262	0.05495	0.02603	0.01060	0.00337	0.00482	0.02362	0.00771	0.00675
130	0.02315	0.02259	0.02852	0.03707	0.38193	0.11562	0.02081	0.08738	0.14205	0.03002	0.01915	0.02171	0.01526	0.00856	0.00817	0.00249	0.00990	0.00750	0.00538	0.01274
131	0.02200	0.06007	0.32962	0.02221	0.05696	0.09319	0.04543	0.05364	0.06748	0.10595	0.04990	0.02203	0.01660	0.00896	0.00804	0.00254	0.01079	0.00719	0.00533	0.01206
132	0.01706	0.04485	0.02064	0.02343	0.18050	0.01593	0.01490	0.02658	0.19871	0.02857	0.10737	0.04571	0.09903	0.01564	0.03651	0.00324	0.00775	0.09602	0.00685	0.01072
133	0.02056	0.01974	0.03372	0.05099	0.65622	0.01974	0.02550	0.02550	0.01892	0.02714	0.01563	0.02056	0.01316	0.00740	0.00822	0.00247	0.00987	0.00740	0.00411	0.01316
134	0.06222	0.10776	0.21062	0.02031	0.02745	0.20774	0.01981	0.15105	0.02309	0.02937	0.01456	0.01669	0.01128	0.00885	0.00871	0.00243	0.05592	0.00600	0.00481	0.01136
135	0.02754	0.03109	0.02367	0.02074	0.02437	0.40510	0.01618	0.12416	0.02327	0.02530	0.01401	0.01727	0.01177	0.01258	0.04345	0.00304	0.15527	0.00626	0.00479	0.01013
136	0.00982	0.00842	0.00842	0.00842	0.01122	0.00701	0.00631	0.01192	0.01894	0.02244	0.08416	0.07995	0.65285	0.02104	0.00982	0.00281	0.00421	0.01753	0.00771	0.00701
137	0.00985	0.00831	0.00852	0.00869	0.01129	0.00699	0.00644	0.01189	0.01867	0.02233	0.08076	0.13508	0.59992	0.02148	0.00989	0.00286	0.00426	0.01807	0.00771	0.00699
138	0.02140	0.15967	0.02344	0.01717	0.05112	0.11944	0.01306	0.15575	0.04728	0.02854	0.02925	0.19743	0.07503	0.01409	0.00829	0.00256	0.00842	0.01154	0.00633	0.01020
139	0.01086	0.00840	0.01007	0.01100	0.01296	0.00761	0.00848	0.01329	0.01840	0.02318	0.08804	0.24158	0.32690	0.02262	0.01043	0.00319	0.00520	0.16289	0.00776	0.00714
140	0.02013	0.02018	0.03707	0.07359	0.48237	0.01999	0.17136	0.02559	0.01899	0.02677	0.01588	0.02108	0.01294	0.00734	0.00861	0.00256	0.01092	0.00798	0.00412	0.01252
141	0.02438	0.03380	0.18959	0.02872	0.17892	0.28515	0.02189	0.06066	0.05217	0.02584	0.01543	0.01801	0.01214	0.00832	0.00786	0.00240	0.01235	0.00635	0.00446	0.01155
142	0.17009	0.19775	0.05344	0.02432	0.19036	0.07498	0.01647	0.02749	0.08524	0.02765	0.01606	0.01838	0.01311	0.00803	0.00670	0.00230	0.00879	0.00609	0.04164	0.01111
143	0.01055	0.00778	0.00987	0.01074	0.01202	0.00710	0.00752	0.01281	0.01858	0.02490	0.22676	0.41847	0.15710	0.02262	0.01025	0.00306	0.00446	0.02017	0.00813	0.00710
144	0.02106	0.02382	0.12644	0.02039	0.05515	0.11886	0.06298	0.10488	0.06140	0.02944	0.02049	0.06087	0.01704	0.01047	0.00978	0.00256	0.07877	0.00819	0.15682	0.01057
145	0.05170	0.13591	0.02448	0.01680	0.02160	0.16595	0.05223	0.17137	0.02334	0.02867	0.02439	0.02956	0.08416	0.11959	0.01311	0.00323	0.00991	0.00835	0.00567	0.00998
146	0.01012	0.00723	0.00964	0.01157	0.01205	0.00675	0.00771	0.01157	0.01591	0.02121	0.04579	0.70262	0.05495	0.02603	0.01060	0.00337	0.00482	0.02362	0.00771	0.00675
147	0.02279	0.06387	0.03045	0.03931	0.42583	0.18705	0.02153	0.02671	0.01983	0.02466	0.01623	0.05371	0.01453	0.00864	0.00799	0.00239	0.01086	0.00754	0.00431	0.01179
148	0.02108	0.22315	0.10942	0.03581	0.37124	0.05458	0.02240	0.02578	0.01839	0.02453	0.01424	0.01786	0.01202	0.00743	0.00732	0.00227	0.01011	0.00630	0.00389	0.01217
149	0.01682	0.04204	0.63978	0.02477	0.06073	0.01931	0.03049	0.02628	0.01759	0.02634	0.01494	0.01766	0.01063	0.00787	0.00791	0.00262	0.01218	0.00619	0.00353	0.01231
150	0.01361	0.01151	0.01518	0.01603	0.05227	0.05404	0.01162	0.01664	0.01433	0.01980	0.02126	0.03080	0.01968	0.05567	0.59359	0.01200	0.02107	0.00858	0.00442	0.00789
151	0.06099	0.24147	0.41215	0.01944	0.02934	0.02281	0.02343	0.02514	0.01721	0.02473	0.01672	0.01875	0.03840	0.00822	0.00705	0.00238	0.01057	0.00603	0.00380	0.01137
152	0.02083	0.02279	0.02278	0.07786	0.05695	0.22466	0.01672	0.02346	0.01688	0.02042	0.01437	0.02056	0.01297	0.02144	0.14960	0.00500	0.25251	0.00702	0.00403	0.00914
153	0.01076	0.00826	0.00989	0.01013	0.01211	0.00738	0.00749	0.01349	0.02002	0.02632	0.28387	0.20001	0.29123	0.02064	0.01005	0.00290	0.00439	0.04552	0.00824	0.00729
154	0.01732	0.01805	0.03434	0.03243	0.20062	0.01703	0.30290	0.02250	0.01925	0.02567	0.03397	0.03685	0.17898	0.01075	0.00938	0.00271	0.01034	0.01116	0.00509	0.01064
155	0.02333	0.02250	0.10714	0.03798	0.40596	0.06047	0.02258	0.02833	0.02006	0.13657	0.04154	0.02268	0.01634	0.00838	0.00822	0.00249	0.00980	0.00756	0.00530	0.01280
156	0.01722	0.09089	0.34020	0.01861	0.02657	0.09822	0.02076	0.02312	0.01839	0.02376	0.03189	0.03282	0.17457	0.01152	0.00885	0.00258	0.03615	0.00885	0.00469	0.01035
157	0.01129	0.00919	0.01022	0.01061	0.01328	0.00836	0.00847	0.01493	0.05090	0.02369	0.07132	0.08095	0.46619	0.02103	0.01017	0.00307	0.00521	0.16591	0.00774	0.00749
158	0.01798	0.08061	0.46232	0.02923	0.16094	0.02036	0.06201	0.02607	0.01789	0.02606	0.01494	0.01815	0.01118	0.00769	0.00790	0.00255	0.01167	0.00649	0.00367	0.01229
159	0.01271	0.15055	0.05242	0.01079	0.01472	0.01282	0.00942	0.01527	0.01810	0.02194	0.06135	0.13554	0.41940	0.01811	0.00891	0.00266	0.00566	0.01499	0.00665	0.00800
160	0.02104	0.02054	0.03250	0.04791	0.59521	0.04956	0.02444	0.02680	0.05085	0.02722	0.01643	0.02084	0.01367	0.00765	0.00820	0.00247	0.00993	0.00741	0.00434	0.01300
161	0.05634	0.02117	0.02862	0.16454	0.34739	0.08638	0.02178	0.12121	0.02192	0.02978	0.01568	0.01989	0.01247	0.00812	0.00804	0.00250	0.01035	0.00707	0.00476	0.01201
162	0.02040	0.03483	0.42414	0.02574	0.10893	0.02074	0.02612	0.15057	0.05349	0.03218	0.01698	0.01908	0.01233	0.00843	0.00805	0.00259	0.01105	0.00673	0.00482	0.01281
163	0.01706	0.04062	0.60102	0.02645	0.09882	0.01934	0.03017	0.02623	0.01768	0.02639	0.01498	0.01785	0.01079	0.00784	0.00793	0.00261	0.01203	0.00627	0.00357	0.01237
164	0.02073	0.19826	0.07721	0.03983	0.45385	0.02306	0.02295	0.02539	0.01831	0.02515	0.01454	0.01852	0.01235	0.00736	0.00746	0.00230	0.00977	0.00656	0.00393	0.01246
165	0.01699	0.04956	0.11971	0.01485	0.01925	0.14281	0.01324	0.04515	0.01999	0.02465	0.07964	0.17225	0.18190	0.01559	0.00876	0.00265	0.00812	0.01290	0.04313	0.00886

[dist]
# distance from previous block
# <min> <max>
0	2

[block]
# block no. 3 follows, 22 sequences, length 279
# corresponding to MSA columns:
# 196-474
name=unknown_D
#
# <colnr> <probs for GDERKNQSTAVLIFYWHMCP>
#	G	D	E	R	K	N	Q	S	T	A	V	L	I	F	Y	W	H	M	C	P
0	0.02245	0.09474	0.05950	0.02053	0.02633	0.14975	0.13923	0.05824	0.13439	0.06416	0.05362	0.02753	0.05908	0.01236	0.03875	0.00300	0.01088	0.00861	0.00591	0.01096
1	0.01049	0.00817	0.00953	0.00977	0.01178	0.00721	0.00711	0.01301	0.01966	0.02554	0.25184	0.21742	0.33690	0.02092	0.00999	0.00288	0.00426	0.01815	0.00816	0.00721
2	0.01666	0.04297	0.66500	0.02368	0.03596	0.01929	0.03069	0.02631	0.01754	0.02631	0.01491	0.01754	0.01052	0.00789	0.00789	0.00263	0.01228	0.00614	0.00351	0.01228
3	0.02309	0.02498	0.02938	0.06437	0.41943	0.21495	0.02187	0.02707	0.02009	0.02465	0.01598	0.04641	0.01403	0.00853	0.00810	0.00242	0.01124	0.00744	0.00429	0.01170
4	0.02539	0.02665	0.05906	0.06483	0.28929	0.19347	0.02095	0.16380	0.02452	0.03073	0.01579	0.01888	0.01251	0.00836	0.00804	0.00241	0.01122	0.00682	0.00506	0.01222
5	0.01187	0.00890	0.01335	0.01335	0.01483	0.01038	0.01038	0.01483	0.01335	0.01928	0.02225	0.03264	0.02077	0.06231	0.67512	0.01335	0.02225	0.00890	0.00445	0.00742
6	0.02270	0.02424	0.03190	0.07046	0.45000	0.17021	0.05831	0.02714	0.01992	0.02529	0.01502	0.01945	0.01247	0.00768	0.00815	0.00242	0.01134	0.00707	0.00414	0.01207
7	0.01675	0.08044	0.59644	0.02261	0.03406	0.01965	0.02873	0.02566	0.01729	0.02557	0.01508	0.01804	0.01104	0.01054	0.04076	0.00311	0.01257	0.00618	0.00356	0.01194
8	0.01012	0.00723	0.00964	0.01157	0.01205	0.00675	0.00771	0.01157	0.01591	0.02121	0.04579	0.70262	0.05495	0.02603	0.01060	0.00337	0.00482	0.02362	0.00771	0.00675
9	0.01018	0.00734	0.00966	0.01139	0.01203	0.00681	0.00766	0.01177	0.01638	0.02181	0.07514	0.64816	0.08009	0.02541	0.01053	0.00332	0.00475	0.02298	0.00778	0.00681
10	0.01759	0.01453	0.01826	0.07657	0.12153	0.01511	0.01334	0.14288	0.07861	0.02979	0.04370	0.08503	0.23372	0.05880	0.01113	0.00306	0.00719	0.01230	0.00681	0.01004
11	0.02259	0.02632	0.06129	0.16946	0.14539	0.21050	0.16889	0.04984	0.02064	0.02470	0.01505	0.01956	0.01179	0.00795	0.00840	0.00253	0.01270	0.00733	0.00423	0.01083
12	0.00998	0.00818	0.00867	0.00902	0.01127	0.00702	0.00650	0.01187	0.01805	0.02191	0.07440	0.19174	0.51431	0.05506	0.01153	0.00316	0.00450	0.01837	0.00758	0.00687
13	0.01750	0.14384	0.57145	0.02225	0.03375	0.02134	0.02821	0.02609	0.01744	0.02529	0.01440	0.01691	0.01054	0.00777	0.00751	0.00250	0.01177	0.00588	0.00351	0.01203
14	0.12341	0.02803	0.30008	0.02739	0.17296	0.01863	0.04944	0.02430	0.01679	0.02700	0.01534	0.01961	0.01218	0.01415	0.08396	0.00385	0.04086	0.00672	0.00402	0.01128
15	0.01281	0.01029	0.01338	0.01328	0.01473	0.04215	0.01008	0.01542	0.01371	0.01899	0.02222	0.03413	0.02130	0.12940	0.57465	0.01224	0.02037	0.00907	0.00451	0.00727
16	0.02004	0.01920	0.03277	0.11974	0.59158	0.01960	0.02523	0.02503	0.01867	0.02650	0.01553	0.02073	0.01293	0.00750	0.00823	0.00250	0.01000	0.00740	0.00407	0.01273
17	0.02057	0.01965	0.03301	0.04938	0.62618	0.01978	0.02491	0.02638	0.04838	0.02750	0.01649	0.02105	0.01374	0.00759	0.00824	0.00248	0.00971	0.00750	0.00432	0.01316
18	0.01666	0.04297	0.66500	0.02368	0.03596	0.01929	0.03069	0.02631	0.01754	0.02631	0.01491	0.01754	0.01052	0.00789	0.00789	0.00263	0.01228	0.00614	0.00351	0.01228
19	0.01163	0.00786	0.00919	0.00964	0.00975	0.00775	0.00565	0.01196	0.01296	0.01728	0.03068	0.20328	0.03589	0.55137	0.03501	0.00698	0.00731	0.01473	0.00565	0.00543
20	0.01757	0.12972	0.54607	0.02312	0.03449	0.02118	0.06460	0.02614	0.01758	0.02544	0.01458	0.01728	0.01067	0.00774	0.00767	0.00253	0.01194	0.00614	0.00356	0.01200
21	0.02113	0.02712	0.16808	0.01979	0.02506	0.18032	0.01875	0.09627	0.02164	0.02689	0.02367	0.04093	0.02262	0.01360	0.01074	0.00296	0.07382	0.19093	0.00557	0.01011
22	0.01011	0.00843	0.00883	0.00873	0.01140	0.00714	0.00654	0.01250	0.01963	0.02410	0.17084	0.07722	0.56514	0.02042	0.00982	0.00278	0.00416	0.01715	0.00793	0.00714
23	0.02056	0.01974	0.03372	0.05099	0.65622	0.01974	0.02550	0.02550	0.01892	0.02714	0.01563	0.02056	0.01316	0.00740	0.00822	0.00247	0.00987	0.00740	0.00411	0.01316
24	0.01717	0.10469	0.60776	0.02281	0.03461	0.02054	0.02918	0.02618	0.01748	0.02569	0.01460	0.01715	0.01054	0.00782	0.00766	0.00255	0.01196	0.00598	0.00351	0.01213
25	0.02019	0.01856	0.02794	0.04060	0.48950	0.05703	0.02101	0.02474	0.01890	0.02749	0.01774	0.02229	0.01463	0.00792	0.00770	0.00234	0.00899	0.00735	0.15322	0.01187
26	0.01549	0.00774	0.00774	0.00774	0.00968	0.00774	0.00581	0.01936	0.01742	0.03097	0.02710	0.03097	0.02129	0.00968	0.00581	0.00194	0.00387	0.00774	0.75416	0.00774
27	0.03103	0.03959	0.02354	0.02140	0.02568	0.67469	0.01605	0.03317	0.02354	0.02033	0.01284	0.01498	0.01070	0.00856	0.00749	0.00214	0.01498	0.00535	0.00428	0.00963
28	0.01925	0.01560	0.01622	0.01460	0.01761	0.07256	0.01104	0.20604	0.02291	0.02979	0.02968	0.16621	0.06422	0.12162	0.14822	0.00562	0.01100	0.01204	0.00656	0.00921
29	0.01980	0.02188	0.04598	0.03819	0.16523	0.02076	0.50667	0.02639	0.01947	0.02672	0.01657	0.02204	0.01272	0.00708	0.00949	0.00273	0.01318	0.00933	0.00418	0.01159
30	0.01308	0.00935	0.01300	0.01466	0.01652	0.00927	0.01260	0.01681	0.01940	0.02550	0.10214	0.11863	0.05106	0.02252	0.01127	0.00369	0.00716	0.51792	0.00780	0.00763
31	0.02876	0.03116	0.02621	0.02766	0.17055	0.37045	0.01816	0.17250	0.02616	0.02949	0.01516	0.01744	0.01208	0.00863	0.00785	0.00230	0.01242	0.00633	0.00520	0.01151
32	0.01666	0.04297	0.66500	0.02368	0.03596	0.01929	0.03069	0.02631	0.01754	0.02631	0.01491	0.01754	0.01052	0.00789	0.00789	0.00263	0.01228	0.00614	0.00351	0.01228
33	0.02056	0.01974	0.03372	0.05099	0.65622	0.01974	0.02550	0.02550	0.01892	0.02714	0.01563	0.02056	0.01316	0.00740	0.00822	0.00247	0.00987	0.00740	0.00411	0.01316
34	0.02056	0.01974	0.03372	0.05099	0.65622	0.01974	0.02550	0.02550	0.01892	0.02714	0.01563	0.02056	0.01316	0.00740	0.00822	0.00247	0.00987	0.00740	0.00411	0.01316
35	0.01934	0.02559	0.16630	0.03815	0.24883	0.02024	0.30494	0.02617	0.01896	0.02673	0.01603	0.02082	0.01238	0.00731	0.00889	0.00265	0.01227	0.00826	0.00403	0.01208
36	0.02690	0.02095	0.02230	0.01817	0.02398	0.02358	0.01466	0.37812	0.29708	0.04481	0.02589	0.02468	0.01894	0.01053	0.00837	0.00263	0.00804	0.00830	0.00837	0.01371
37	0.02866	0.02045	0.02181	0.01705	0.02284	0.02249	0.01398	0.51795	0.03513	0.04847	0.02124	0.02195	0.01543	0.00992	0.00786	0.00239	0.00818	0.00753	0.14369	0.01297
38	0.01267	0.01038	0.01072	0.00999	0.01324	0.00960	0.00767	0.07987	0.04511	0.02666	0.10267	0.07074	0.53225	0.01928	0.00960	0.00276	0.00482	0.01602	0.00788	0.00806
39	0.02794	0.20620	0.06942	0.01977	0.02526	0.47428	0.01653	0.03068	0.02151	0.02052	0.01265	0.01474	0.01068	0.00816	0.00698	0.00208	0.01330	0.00518	0.00405	0.01005
40	0.01012	0.00723	0.00964	0.01157	0.01205	0.00675	0.00771	0.01157	0.01591	0.02121	0.04579	0.70262	0.05495	0.02603	0.01060	0.00337	0.00482	0.02362	0.00771	0.00675
41	0.03110	0.03756	0.02371	0.02112	0.02569	0.59396	0.01602	0.10724	0.02547	0.02432	0.01372	0.01560	0.01113	0.00874	0.00759	0.00218	0.01425	0.00562	0.00478	0.01019
42	0.01439	0.01251	0.01752	0.02276	0.20127	0.01208	0.01373	0.01905	0.05696	0.02570	0.08991	0.06105	0.27958	0.01656	0.00958	0.00288	0.00662	0.12171	0.00679	0.00935
43	0.01004	0.00842	0.00872	0.00865	0.01136	0.00711	0.00648	0.01235	0.01945	0.02367	0.14838	0.07793	0.58786	0.02058	0.00982	0.00278	0.00418	0.01725	0.00788	0.00711
44	0.01679	0.04208	0.63819	0.02417	0.03628	0.01937	0.05660	0.02632	0.01763	0.02632	0.01499	0.01775	0.01061	0.00785	0.00798	0.00264	0.01235	0.00630	0.00354	0.01223
45	0.01908	0.07719	0.44412	0.02834	0.15745	0.08054	0.02735	0.02670	0.01833	0.02553	0.01466	0.01766	0.01107	0.00781	0.00777	0.00250	0.01185	0.00622	0.00370	0.01211
46	0.02309	0.16199	0.03718	0.03283	0.23377	0.14183	0.16945	0.05611	0.02049	0.02548	0.01481	0.01854	0.01213	0.00758	0.00791	0.00235	0.01159	0.00704	0.00426	0.01159
47	0.01075	0.00868	0.00971	0.01010	0.01265	0.00764	0.00801	0.01336	0.01927	0.02368	0.11131	0.08192	0.47947	0.02121	0.01019	0.00302	0.00497	0.14905	0.00779	0.00721
48	0.06417	0.02609	0.18183	0.02352	0.09430	0.13320	0.08717	0.02511	0.05822	0.02540	0.02293	0.17595	0.02213	0.01223	0.00856	0.00272	0.01026	0.01067	0.00517	0.01037
49	0.01975	0.36224	0.28880	0.02151	0.06698	0.02595	0.06046	0.02559	0.01744	0.02313	0.01346	0.01601	0.01088	0.00743	0.00680	0.00222	0.01061	0.00563	0.00361	0.01149
50	0.01136	0.00876	0.01061	0.01124	0.01349	0.00800	0.00903	0.01432	0.01961	0.02500	0.16267	0.11247	0.32288	0.02126	0.01042	0.00315	0.00536	0.21508	0.00793	0.00735
51	0.07453	0.03264	0.02973	0.02589	0.06765	0.43163	0.16689	0.03053	0.02169	0.02338	0.01391	0.01706	0.01121	0.00805	0.00796	0.00235	0.01388	0.00652	0.00431	0.01019
52	0.02225	0.02930	0.17290	0.03018	0.22306	0.18751	0.02192	0.05787	0.05851	0.02670	0.01867	0.02577	0.01590	0.00961	0.00828	0.00257	0.01130	0.06132	0.00481	0.01159
53	0.01435	0.03130	0.44332	0.01853	0.02760	0.01515	0.02246	0.02145	0.01801	0.02500	0.03829	0.03861	0.22739	0.01233	0.00854	0.00269	0.00955	0.00999	0.00493	0.01050
54	0.00985	0.00831	0.00853	0.00870	0.01130	0.00699	0.00644	0.01189	0.01866	0.02233	0.08068	0.13640	0.59865	0.02149	0.00989	0.00286	0.00426	0.01808	0.00771	0.00699
