[name]
unknown

[dist]
# distance from previous block
# <min> <max>
19	45

[block]
# block no. 0 follows, 19 sequences, length 50
# corresponding to MSA columns:
# 69-118
name=unknown_A
#
# <colnr> <probs for GDERKNQSTAVLIFYWHMCP>
#	G	D	E	R	K	N	Q	S	T	A	V	L	I	F	Y	W	H	M	C	P
0	0.01642	0.06044	0.13744	0.02558	0.18686	0.01566	0.01827	0.02155	0.02116	0.02897	0.18064	0.04707	0.17619	0.01404	0.00942	0.00277	0.00805	0.01210	0.00650	0.01087
1	0.03056	0.15853	0.02940	0.02023	0.02630	0.26105	0.01647	0.21836	0.09428	0.03463	0.01854	0.01943	0.01445	0.00973	0.00802	0.00243	0.01184	0.00680	0.00636	0.01257
2	0.07499	0.01069	0.01244	0.01128	0.01457	0.00985	0.00862	0.02037	0.02241	0.12515	0.29157	0.06232	0.22836	0.05411	0.01183	0.00319	0.00530	0.01479	0.00899	0.00917
3	0.01848	0.04313	0.55183	0.02446	0.03623	0.05854	0.03035	0.02780	0.01893	0.02734	0.01655	0.02002	0.01222	0.01321	0.05960	0.00372	0.01426	0.00680	0.00391	0.01263
4	0.01803	0.03605	0.41635	0.02642	0.03702	0.01960	0.16399	0.02662	0.01940	0.02810	0.05493	0.02590	0.01787	0.05677	0.01174	0.00329	0.01279	0.00859	0.00445	0.01210
5	0.01090	0.00779	0.01038	0.01246	0.01298	0.00727	0.00830	0.01246	0.01713	0.02284	0.04931	0.67975	0.05917	0.02803	0.01142	0.00363	0.00519	0.02543	0.00830	0.00727
6	0.02216	0.02099	0.03418	0.05005	0.54950	0.02139	0.02570	0.03011	0.09889	0.03031	0.01942	0.02363	0.01591	0.00852	0.00889	0.00271	0.01016	0.00826	0.00505	0.01417
7	0.02257	0.18079	0.03883	0.04548	0.48523	0.02463	0.02456	0.02730	0.01985	0.02728	0.01578	0.02029	0.01353	0.00790	0.00811	0.00248	0.01038	0.00721	0.00429	0.01353
8	0.02214	0.02126	0.03631	0.05491	0.62978	0.02126	0.02746	0.02746	0.02037	0.02923	0.01683	0.02214	0.01417	0.00797	0.00886	0.00266	0.01063	0.00797	0.00443	0.01417
9	0.01170	0.00911	0.01063	0.01025	0.01278	0.00803	0.00769	0.01503	0.02306	0.03050	0.37971	0.07568	0.33311	0.02030	0.01056	0.00291	0.00436	0.01742	0.00914	0.00803
10	0.01929	0.01814	0.02899	0.12475	0.40243	0.01857	0.02244	0.02532	0.05577	0.02793	0.03170	0.03502	0.12921	0.01110	0.00920	0.00279	0.00945	0.01014	0.00538	0.01237
11	0.02392	0.69097	0.04688	0.01531	0.02296	0.03540	0.01531	0.02679	0.01818	0.02105	0.01244	0.01435	0.01148	0.00765	0.00574	0.00191	0.00957	0.00478	0.00383	0.01148
12	0.01090	0.00779	0.01038	0.01246	0.01298	0.00727	0.00830	0.01246	0.01713	0.02284	0.04931	0.67975	0.05917	0.02803	0.01142	0.00363	0.00519	0.02543	0.00830	0.00727
13	0.01794	0.04628	0.63923	0.02550	0.03872	0.02078	0.03305	0.02833	0.01889	0.02833	0.01606	0.01889	0.01133	0.00850	0.00850	0.00283	0.01322	0.00661	0.00378	0.01322
14	0.01090	0.00779	0.01038	0.01246	0.01298	0.00727	0.00830	0.01246	0.01713	0.02284	0.04931	0.67975	0.05917	0.02803	0.01142	0.00363	0.00519	0.02543	0.00830	0.00727
15	0.02112	0.02413	0.05279	0.03771	0.04676	0.02262	0.59729	0.02866	0.02112	0.02866	0.01810	0.02413	0.01357	0.00754	0.01056	0.00302	0.01508	0.01056	0.00452	0.01207
16	0.01090	0.00779	0.01038	0.01246	0.01298	0.00727	0.00830	0.01246	0.01713	0.02284	0.04931	0.67975	0.05917	0.02803	0.01142	0.00363	0.00519	0.02543	0.00830	0.00727
17	0.01794	0.04628	0.63923	0.02550	0.03872	0.02078	0.03305	0.02833	0.01889	0.02833	0.01606	0.01889	0.01133	0.00850	0.00850	0.00283	0.01322	0.00661	0.00378	0.01322
18	0.01278	0.00959	0.01438	0.01438	0.01598	0.01118	0.01118	0.01598	0.01438	0.02077	0.02396	0.03515	0.02237	0.06710	0.65013	0.01438	0.02396	0.00959	0.00479	0.00799
19	0.01794	0.04628	0.63923	0.02550	0.03872	0.02078	0.03305	0.02833	0.01889	0.02833	0.01606	0.01889	0.01133	0.00850	0.00850	0.00283	0.01322	0.00661	0.00378	0.01322
20	0.01057	0.00906	0.00906	0.00906	0.01208	0.00755	0.00680	0.01284	0.02039	0.02417	0.09063	0.08610	0.62615	0.02266	0.01057	0.00302	0.00453	0.01888	0.00831	0.00755
21	0.03073	0.03755	0.02796	0.03064	0.17109	0.49998	0.01971	0.03376	0.02417	0.02364	0.01454	0.01757	0.01215	0.00892	0.00826	0.00239	0.01482	0.00629	0.00457	0.01128
22	0.01826	0.01835	0.03309	0.43009	0.05303	0.02153	0.16051	0.02406	0.01810	0.02406	0.01587	0.02335	0.01229	0.00950	0.01203	0.00311	0.09968	0.00856	0.00410	0.01043
23	0.02141	0.02263	0.02713	0.02343	0.02404	0.10977	0.01927	0.02341	0.01524	0.02158	0.01202	0.01912	0.01171	0.01481	0.02654	0.00370	0.58277	0.00756	0.00401	0.00986
24	0.02290	0.18212	0.36739	0.02275	0.03274	0.17368	0.02554	0.02977	0.02028	0.02525	0.01476	0.01727	0.01141	0.00849	0.00781	0.00251	0.01314	0.00602	0.00399	0.01217
25	0.09983	0.18326	0.02412	0.01467	0.01987	0.06933	0.01231	0.02928	0.06418	0.15064	0.20246	0.03478	0.03640	0.01203	0.00823	0.00255	0.00765	0.00950	0.00768	0.01123
26	0.01794	0.04628	0.63923	0.02550	0.03872	0.02078	0.03305	0.02833	0.01889	0.02833	0.01606	0.01889	0.01133	0.00850	0.00850	0.00283	0.01322	0.00661	0.00378	0.01322
27	0.01108	0.00908	0.00976	0.00959	0.01239	0.00777	0.00719	0.01381	0.02158	0.02699	0.21947	0.08145	0.49554	0.02160	0.01057	0.00297	0.00446	0.01823	0.00868	0.00777
28	0.02585	0.02173	0.06441	0.13056	0.17886	0.02068	0.16063	0.10591	0.02396	0.14625	0.02106	0.02420	0.01519	0.00899	0.00930	0.00283	0.01136	0.00873	0.00620	0.01331
29	0.01794	0.04628	0.63923	0.02550	0.03872	0.02078	0.03305	0.02833	0.01889	0.02833	0.01606	0.01889	0.01133	0.00850	0.00850	0.00283	0.01322	0.00661	0.00378	0.01322
30	0.01835	0.01739	0.02947	0.49475	0.21955	0.02026	0.02557	0.02414	0.01858	0.02463	0.01616	0.02338	0.01255	0.00867	0.00892	0.00289	0.01157	0.00796	0.00410	0.01111
31	0.02058	0.33060	0.37799	0.02100	0.03177	0.02723	0.02523	0.02765	0.01858	0.02512	0.01446	0.01689	0.01140	0.00813	0.00728	0.00243	0.01161	0.00581	0.00380	0.01245
32	0.01896	0.15620	0.53823	0.02376	0.03603	0.02327	0.03003	0.02807	0.01877	0.02709	0.01544	0.01811	0.01136	0.00836	0.00803	0.00268	0.01260	0.00630	0.00379	0.01293
33	0.02895	0.02215	0.02072	0.01790	0.02320	0.13966	0.01402	0.06925	0.27974	0.18313	0.03049	0.02876	0.02206	0.01111	0.00864	0.00274	0.00885	0.00876	0.06658	0.01328
34	0.01064	0.00881	0.00933	0.00975	0.01226	0.00750	0.00710	0.01276	0.01974	0.02390	0.08232	0.20547	0.51214	0.02374	0.01074	0.00314	0.00466	0.02020	0.00831	0.00750
35	0.02141	0.02051	0.03499	0.14014	0.55029	0.02106	0.02709	0.02681	0.02002	0.02834	0.01670	0.02238	0.01386	0.00811	0.00887	0.00270	0.01081	0.00797	0.00437	0.01358
36	0.02238	0.01981	0.02987	0.02700	0.10840	0.02030	0.15985	0.16568	0.10943	0.03584	0.03440	0.04073	0.10609	0.01282	0.00992	0.00300	0.00995	0.06502	0.00712	0.01239
37	0.01177	0.00841	0.01138	0.01345	0.01435	0.00802	0.00982	0.01396	0.01799	0.02381	0.04883	0.53655	0.05727	0.02721	0.01165	0.00375	0.00594	0.16005	0.00829	0.00751
38	0.01794	0.04628	0.63923	0.02550	0.03872	0.02078	0.03305	0.02833	0.01889	0.02833	0.01606	0.01889	0.01133	0.00850	0.00850	0.00283	0.01322	0.00661	0.00378	0.01322
39	0.01897	0.03983	0.49178	0.02376	0.03504	0.02113	0.02855	0.03291	0.16056	0.03050	0.02090	0.02234	0.01514	0.00937	0.00864	0.00288	0.01176	0.00745	0.00505	0.01345
40	0.02046	0.01954	0.03327	0.25058	0.44728	0.02081	0.02662	0.02598	0.01957	0.02718	0.01653	0.02269	0.01345	0.00828	0.00889	0.00276	0.01105	0.00796	0.00428	0.01281
41	0.01082	0.00875	0.00962	0.01008	0.01241	0.00755	0.00730	0.01307	0.01998	0.02477	0.12300	0.23143	0.44271	0.02364	0.01078	0.00316	0.00467	0.02029	0.00843	0.00755
42	0.02415	0.02849	0.02754	0.02278	0.02809	0.30301	0.15266	0.02910	0.05915	0.02502	0.03523	0.03640	0.16503	0.01232	0.00934	0.00270	0.01246	0.01042	0.00578	0.01031
43	0.01994	0.04224	0.54847	0.02560	0.03802	0.02030	0.07138	0.02957	0.01958	0.07678	0.01773	0.02018	0.01235	0.00864	0.00868	0.00284	0.01291	0.00708	0.00441	0.01330
44	0.01175	0.00847	0.01131	0.01328	0.01431	0.00803	0.00974	0.01398	0.01815	0.02388	0.05095	0.50603	0.08642	0.02693	0.01161	0.00372	0.00591	0.15971	0.00829	0.00752
45	0.01794	0.04628	0.63923	0.02550	0.03872	0.02078	0.03305	0.02833	0.01889	0.02833	0.01606	0.01889	0.01133	0.00850	0.00850	0.00283	0.01322	0.00661	0.00378	0.01322
46	0.02694	0.03106	0.02350	0.02114	0.02431	0.37499	0.01638	0.03077	0.05748	0.02369	0.01656	0.02047	0.01408	0.01401	0.04605	0.00333	0.17052	0.00694	0.06760	0.01017
47	0.02805	0.01776	0.02089	0.01702	0.02241	0.01877	0.01383	0.28621	0.02990	0.16899	0.03156	0.03276	0.07612	0.02536	0.16185	0.00552	0.01223	0.00964	0.00835	0.01277
48	0.02186	0.02096	0.03580	0.08817	0.59876	0.02118	0.02731	0.02721	0.02024	0.02888	0.01678	0.02224	0.01405	0.00802	0.00886	0.00267	0.01070	0.00797	0.00440	0.01394
49	0.02957	0.02992	0.02858	0.08105	0.17555	0.25579	0.02025	0.20706	0.02872	0.03440	0.01708	0.01985	0.01333	0.00937	0.00860	0.00256	0.01253	0.00718	0.00586	0.01275

[dist]
# distance from previous block
# <min> <max>
0	1

[block]
# block no. 1 follows, 19 sequences, length 111
# corresponding to MSA columns:
# 120-230
name=unknown_B
#
# <colnr> <probs for GDERKNQSTAVLIFYWHMCP>
#	G	D	E	R	K	N	Q	S	T	A	V	L	I	F	Y	W	H	M	C	P
0	0.02211	0.01612	0.01836	0.01641	0.02089	0.01697	0.01350	0.20657	0.10684	0.06627	0.07157	0.05921	0.13981	0.01730	0.01028	0.00320	0.00771	0.16661	0.00880	0.01145
1	0.01921	0.07240	0.47020	0.02335	0.03445	0.02184	0.02791	0.03258	0.15281	0.03002	0.02046	0.02193	0.01494	0.00928	0.00850	0.00283	0.01166	0.00731	0.00498	0.01335
2	0.01837	0.09233	0.59692	0.02477	0.03760	0.02182	0.03179	0.02822	0.01884	0.02781	0.01580	0.01856	0.01134	0.00844	0.00830	0.00277	0.01296	0.00648	0.00378	0.01310
3	0.02214	0.02126	0.03631	0.05491	0.62978	0.02126	0.02746	0.02746	0.02037	0.02923	0.01683	0.02214	0.01417	0.00797	0.00886	0.00266	0.01063	0.00797	0.00443	0.01417
4	0.02392	0.69097	0.04688	0.01531	0.02296	0.03540	0.01531	0.02679	0.01818	0.02105	0.01244	0.01435	0.01148	0.00765	0.00574	0.00191	0.00957	0.00478	0.00383	0.01148
5	0.01890	0.03720	0.43483	0.03313	0.20166	0.02029	0.03040	0.02751	0.01940	0.02849	0.01812	0.02465	0.01450	0.00931	0.00883	0.00286	0.01221	0.04031	0.00422	0.01319
6	0.04014	0.01523	0.02076	0.01592	0.02284	0.01315	0.01315	0.04360	0.02561	0.63597	0.03530	0.03045	0.02215	0.01107	0.00900	0.00277	0.00761	0.00900	0.01107	0.01523
7	0.01067	0.00907	0.00920	0.00917	0.01214	0.00759	0.00687	0.01303	0.02062	0.02472	0.11585	0.08519	0.60058	0.02245	0.01057	0.00301	0.00452	0.01875	0.00838	0.00759
8	0.01081	0.00813	0.01003	0.01155	0.01274	0.00734	0.00790	0.01256	0.01800	0.02319	0.06039	0.52054	0.21123	0.02659	0.01119	0.00347	0.00501	0.02368	0.00831	0.00734
9	0.03243	0.03980	0.02560	0.02292	0.02735	0.56347	0.01744	0.07106	0.02557	0.02409	0.01417	0.01673	0.01178	0.00979	0.00970	0.00245	0.06411	0.00606	0.00484	0.01064
10	0.01344	0.00960	0.01330	0.01536	0.01699	0.00946	0.01272	0.01685	0.01963	0.02568	0.04791	0.26165	0.05362	0.02563	0.01210	0.00398	0.00739	0.41846	0.00826	0.00797
11	0.03401	0.02506	0.02685	0.02058	0.02774	0.02774	0.01700	0.59995	0.04206	0.05638	0.02148	0.02148	0.01521	0.01074	0.00895	0.00268	0.00984	0.00805	0.00895	0.01521
12	0.01794	0.04628	0.63923	0.02550	0.03872	0.02078	0.03305	0.02833	0.01889	0.02833	0.01606	0.01889	0.01133	0.00850	0.00850	0.00283	0.01322	0.00661	0.00378	0.01322
13	0.02282	0.02407	0.04055	0.04664	0.39176	0.07753	0.20689	0.02857	0.02105	0.02840	0.01696	0.02224	0.01375	0.00795	0.00933	0.00274	0.01253	0.00859	0.00448	0.01317
14	0.01090	0.00779	0.01038	0.01246	0.01298	0.00727	0.00830	0.01246	0.01713	0.02284	0.04931	0.67975	0.05917	0.02803	0.01142	0.00363	0.00519	0.02543	0.00830	0.00727
15	0.01090	0.00779	0.01038	0.01246	0.01298	0.00727	0.00830	0.01246	0.01713	0.02284	0.04931	0.67975	0.05917	0.02803	0.01142	0.00363	0.00519	0.02543	0.00830	0.00727
16	0.01057	0.00906	0.00906	0.00906	0.01208	0.00755	0.00680	0.01284	0.02039	0.02417	0.09063	0.08610	0.62615	0.02266	0.01057	0.00302	0.00453	0.01888	0.00831	0.00755
17	0.01125	0.00828	0.01063	0.01236	0.01347	0.00766	0.00876	0.01322	0.01806	0.02351	0.05582	0.51660	0.15073	0.02677	0.01139	0.00359	0.00543	0.08675	0.00830	0.00742
18	0.03401	0.02506	0.02685	0.02058	0.02774	0.02774	0.01700	0.59995	0.04206	0.05638	0.02148	0.02148	0.01521	0.01074	0.00895	0.00268	0.00984	0.00805	0.00895	0.01521
19	0.03342	0.04264	0.02535	0.02305	0.02766	0.64967	0.01729	0.03572	0.02535	0.02190	0.01383	0.01613	0.01152	0.00922	0.00807	0.00230	0.01613	0.00576	0.00461	0.01037
20	0.02214	0.02126	0.03631	0.05491	0.62978	0.02126	0.02746	0.02746	0.02037	0.02923	0.01683	0.02214	0.01417	0.00797	0.00886	0.00266	0.01063	0.00797	0.00443	0.01417
21	0.01352	0.01067	0.01579	0.01537	0.01679	0.01294	0.01209	0.01658	0.01430	0.02085	0.02264	0.03346	0.02121	0.06152	0.58279	0.01324	0.09396	0.00939	0.00470	0.00818
22	0.02392	0.69097	0.04688	0.01531	0.02296	0.03540	0.01531	0.02679	0.01818	0.02105	0.01244	0.01435	0.01148	0.00765	0.00574	0.00191	0.00957	0.00478	0.00383	0.01148
23	0.01379	0.00955	0.01143	0.01071	0.01353	0.00842	0.00812	0.01718	0.02338	0.07407	0.36965	0.07192	0.29616	0.01952	0.01045	0.00289	0.00459	0.01674	0.00932	0.00857
24	0.01116	0.00797	0.01068	0.01275	0.01339	0.00749	0.00876	0.01291	0.01739	0.02313	0.04917	0.63687	0.05860	0.02778	0.01149	0.00367	0.00542	0.06574	0.00830	0.00734
25	0.01404	0.00945	0.01240	0.01149	0.01384	0.00868	0.00868	0.01822	0.02534	0.06587	0.59558	0.06501	0.08130	0.01793	0.01047	0.00281	0.00439	0.01582	0.00991	0.00878
26	0.02214	0.02126	0.03631	0.05491	0.62978	0.02126	0.02746	0.02746	0.02037	0.02923	0.01683	0.02214	0.01417	0.00797	0.00886	0.00266	0.01063	0.00797	0.00443	0.01417
27	0.01794	0.04628	0.63923	0.02550	0.03872	0.02078	0.03305	0.02833	0.01889	0.02833	0.01606	0.01889	0.01133	0.00850	0.00850	0.00283	0.01322	0.00661	0.00378	0.01322
28	0.23295	0.02218	0.02259	0.01779	0.02448	0.02453	0.01469	0.39944	0.03339	0.09481	0.02000	0.02022	0.01419	0.01009	0.00801	0.00271	0.00887	0.00723	0.00816	0.01368
29	0.02214	0.02126	0.03631	0.05491	0.62978	0.02126	0.02746	0.02746	0.02037	0.02923	0.01683	0.02214	0.01417	0.00797	0.00886	0.00266	0.01063	0.00797	0.00443	0.01417
30	0.01090	0.00779	0.01038	0.01246	0.01298	0.00727	0.00830	0.01246	0.01713	0.02284	0.04931	0.67975	0.05917	0.02803	0.01142	0.00363	0.00519	0.02543	0.00830	0.00727
31	0.02140	0.02333	0.04821	0.04249	0.20866	0.02224	0.43905	0.02832	0.02091	0.02882	0.01775	0.02358	0.01374	0.00766	0.01009	0.00292	0.01385	0.00984	0.00450	0.01265
32	0.01960	0.22530	0.47474	0.02267	0.03435	0.02484	0.02813	0.02790	0.01869	0.02631	0.01505	0.01763	0.01137	0.00826	0.00773	0.00258	0.01221	0.00610	0.00379	0.01274
33	0.01794	0.04628	0.63923	0.02550	0.03872	0.02078	0.03305	0.02833	0.01889	0.02833	0.01606	0.01889	0.01133	0.00850	0.00850	0.00283	0.01322	0.00661	0.00378	0.01322
34	0.01794	0.04628	0.63923	0.02550	0.03872	0.02078	0.03305	0.02833	0.01889	0.02833	0.01606	0.01889	0.01133	0.00850	0.00850	0.00283	0.01322	0.00661	0.00378	0.01322
35	0.01081	0.00814	0.01002	0.01151	0.01273	0.00735	0.00789	0.01256	0.01803	0.02321	0.06078	0.51490	0.21661	0.02654	0.01118	0.00346	0.00501	0.02361	0.00831	0.00735
36	0.02214	0.02126	0.03631	0.05491	0.62978	0.02126	0.02746	0.02746	0.02037	0.02923	0.01683	0.02214	0.01417	0.00797	0.00886	0.00266	0.01063	0.00797	0.00443	0.01417
37	0.01957	0.01957	0.02740	0.02349	0.02349	0.02740	0.01957	0.02153	0.01370	0.02153	0.01174	0.01957	0.01174	0.01566	0.02936	0.00391	0.66921	0.00783	0.00391	0.00979
38	0.01128	0.00834	0.00987	0.01091	0.01200	0.00766	0.00724	0.01269	0.01711	0.02197	0.05603	0.37498	0.21061	0.17465	0.01887	0.00460	0.00579	0.02082	0.00766	0.00693
39	0.02214	0.02126	0.03631	0.05491	0.62978	0.02126	0.02746	0.02746	0.02037	0.02923	0.01683	0.02214	0.01417	0.00797	0.00886	0.00266	0.01063	0.00797	0.00443	0.01417
40	0.03342	0.04264	0.02535	0.02305	0.02766	0.64967	0.01729	0.03572	0.02535	0.02190	0.01383	0.01613	0.01152	0.00922	0.00807	0.00230	0.01613	0.00576	0.00461	0.01037
41	0.02214	0.02126	0.03631	0.05491	0.62978	0.02126	0.02746	0.02746	0.02037	0.02923	0.01683	0.02214	0.01417	0.00797	0.00886	0.00266	0.01063	0.00797	0.00443	0.01417
42	0.02214	0.02126	0.03631	0.05491	0.62978	0.02126	0.02746	0.02746	0.02037	0.02923	0.01683	0.02214	0.01417	0.00797	0.00886	0.00266	0.01063	0.00797	0.00443	0.01417
43	0.02214	0.02126	0.03631	0.05491	0.62978	0.02126	0.02746	0.02746	0.02037	0.02923	0.01683	0.02214	0.01417	0.00797	0.00886	0.00266	0.01063	0.00797	0.00443	0.01417
44	0.01278	0.00959	0.01438	0.01438	0.01598	0.01118	0.01118	0.01598	0.01438	0.02077	0.02396	0.03515	0.02237	0.06710	0.65013	0.01438	0.02396	0.00959	0.00479	0.00799
45	0.01835	0.01739	0.02947	0.49492	0.21939	0.02026	0.02557	0.02414	0.01858	0.02463	0.01616	0.02338	0.01255	0.00867	0.00892	0.00289	0.01157	0.00796	0.00410	0.01111
46	0.03029	0.03670	0.02840	0.03190	0.19486	0.47517	0.02011	0.03343	0.02397	0.02393	0.01466	0.01780	0.01226	0.00887	0.00829	0.00240	0.01460	0.00638	0.00456	0.01143
47	0.02314	0.50580	0.04852	0.02153	0.02957	0.03185	0.17692	0.02731	0.01899	0.02316	0.01401	0.01707	0.01206	0.00762	0.00708	0.00222	0.01110	0.00639	0.00402	0.01164
48	0.02714	0.01958	0.03200	0.04408	0.46124	0.01901	0.02348	0.03194	0.02182	0.19771	0.02196	0.02445	0.01639	0.00883	0.00890	0.00269	0.00979	0.00826	0.00627	0.01446
49	0.02225	0.01922	0.02023	0.01821	0.02326	0.02225	0.01416	0.04754	0.61361	0.03742	0.03641	0.03338	0.02731	0.01214	0.00910	0.00303	0.00708	0.01011	0.00910	0.01416
50	0.03078	0.22267	0.03133	0.02090	0.02635	0.47909	0.01674	0.03324	0.02336	0.02166	0.01344	0.01564	0.01151	0.00878	0.00742	0.00220	0.01431	0.00549	0.00439	0.01068
51	0.01794	0.04628	0.63923	0.02550	0.03872	0.02078	0.03305	0.02833	0.01889	0.02833	0.01606	0.01889	0.01133	0.00850	0.00850	0.00283	0.01322	0.00661	0.00378	0.01322
52	0.01288	0.00920	0.01242	0.01242	0.01335	0.01012	0.00875	0.01472	0.01380	0.01932	0.02575	0.04504	0.02666	0.32872	0.39439	0.01197	0.01750	0.01103	0.00506	0.00690
53	0.01072	0.00907	0.00927	0.00922	0.01218	0.00762	0.00691	0.01313	0.02074	0.02500	0.12881	0.08472	0.58745	0.02235	0.01057	0.00301	0.00451	0.01869	0.00842	0.00762
54	0.01951	0.01065	0.01352	0.01286	0.01621	0.00947	0.01002	0.02234	0.02150	0.19497	0.09989	0.20487	0.21553	0.02060	0.01056	0.00322	0.00600	0.08934	0.00918	0.00977
55	0.18720	0.01943	0.01937	0.01702	0.02242	0.02237	0.01347	0.10405	0.41541	0.04014	0.02936	0.02781	0.02200	0.01112	0.00828	0.00294	0.00735	0.00870	0.00828	0.01327
56	0.01188	0.00848	0.01150	0.01357	0.01452	0.00811	0.01000	0.01415	0.01809	0.02393	0.04877	0.51901	0.05704	0.02711	0.01168	0.00377	0.00604	0.17653	0.00829	0.00754
57	0.02190	0.02101	0.03588	0.08308	0.60350	0.02119	0.02734	0.02724	0.02026	0.02893	0.01679	0.02222	0.01407	0.00802	0.00886	0.00267	0.01069	0.00797	0.00441	0.01398
58	0.02431	0.02569	0.03317	0.09125	0.45357	0.16270	0.02498	0.02899	0.02132	0.02712	0.01609	0.02091	0.01341	0.00832	0.00869	0.00260	0.01196	0.00747	0.00444	0.01301
59	0.02112	0.02413	0.05279	0.03771	0.04676	0.02262	0.59729	0.02866	0.02112	0.02866	0.01810	0.02413	0.01357	0.00754	0.01056	0.00302	0.01508	0.01056	0.00452	0.01207
60	0.03342	0.04264	0.02535	0.02305	0.02766	0.64967	0.01729	0.03572	0.02535	0.02190	0.01383	0.01613	0.01152	0.00922	0.00807	0.00230	0.01613	0.00576	0.00461	0.01037
61	0.02348	0.34379	0.25539	0.02035	0.02945	0.14011	0.02202	0.02894	0.01972	0.02381	0.01398	0.01630	0.01144	0.00824	0.00715	0.00231	0.01205	0.00561	0.00395	0.01191
62	0.02013	0.28252	0.42216	0.02176	0.03295	0.02614	0.02655	0.02777	0.01863	0.02566	0.01473	0.01723	0.01139	0.00819	0.00749	0.00250	0.01188	0.00594	0.00380	0.01258
63	0.01245	0.00881	0.00986	0.00986	0.01063	0.00856	0.00606	0.01314	0.01475	0.01908	0.04201	0.06342	0.16566	0.50113	0.07201	0.00772	0.00861	0.01414	0.00604	0.00605
64	0.02214	0.02126	0.03631	0.05491	0.62978	0.02126	0.02746	0.02746	0.02037	0.02923	0.01683	0.02214	0.01417	0.00797	0.00886	0.00266	0.01063	0.00797	0.00443	0.01417
65	0.02611	0.02878	0.03246	0.04370	0.41797	0.24231	0.02388	0.03037	0.02212	0.02665	0.01577	0.02003	0.01324	0.00841	0.00858	0.00253	0.01256	0.00719	0.00449	0.01283
66	0.02175	0.45643	0.26238	0.01902	0.02870	0.03008	0.02176	0.02735	0.01844	0.02370	0.01375	0.01600	0.01143	0.00796	0.00674	0.00225	0.01090	0.00545	0.00381	0.01211
67	0.02676	0.03201	0.02324	0.02109	0.02438	0.41287	0.01622	0.02911	0.02150	0.02183	0.01973	0.02375	0.05261	0.01880	0.09593	0.00422	0.13395	0.00748	0.00475	0.00977
68	0.01974	0.27078	0.39539	0.02111	0.03174	0.02522	0.02542	0.02714	0.01900	0.02620	0.04938	0.02002	0.01554	0.00876	0.00765	0.00251	0.01143	0.00651	0.00414	0.01234
69	0.02392	0.01480	0.01644	0.01478	0.01890	0.05347	0.01133	0.03081	0.13172	0.22321	0.08819	0.18628	0.11426	0.01702	0.00982	0.00302	0.00686	0.01452	0.00922	0.01142
70	0.01079	0.00824	0.00992	0.01126	0.01266	0.00737	0.00777	0.01259	0.01828	0.02331	0.06385	0.47092	0.25861	0.02614	0.01112	0.00342	0.00496	0.02313	0.00831	0.00737
71	0.02639	0.02709	0.02462	0.02143	0.02523	0.21220	0.01697	0.10894	0.19629	0.03084	0.02085	0.02283	0.01668	0.01206	0.01440	0.00301	0.19402	0.00791	0.00630	0.01195
72	0.06431	0.21781	0.38301	0.02170	0.03213	0.08578	0.02536	0.02851	0.01911	0.02644	0.01465	0.01714	0.01129	0.00833	0.00754	0.00253	0.01215	0.00593	0.00398	0.01227
73	0.02175	0.02086	0.03561	0.10004	0.58769	0.02115	0.02726	0.02712	0.02019	0.02876	0.01676	0.02227	0.01400	0.00804	0.00886	0.00268	0.01072	0.00797	0.00439	0.01386
74	0.01278	0.00959	0.01438	0.01438	0.01598	0.01118	0.01118	0.01598	0.01438	0.02077	0.02396	0.03515	0.02237	0.06710	0.65013	0.01438	0.02396	0.00959	0.00479	0.00799
75	0.03211	0.20669	0.03016	0.01759	0.02466	0.02523	0.01521	0.23868	0.07300	0.21309	0.02408	0.02298	0.01708	0.01008	0.00808	0.00252	0.00892	0.00757	0.00815	0.01410
76	0.02538	0.12407	0.04333	0.02994	0.03740	0.22148	0.33287	0.03061	0.02203	0.02546	0.01596	0.02024	0.01263	0.00808	0.00910	0.00264	0.01463	0.00824	0.00445	0.01145
77	0.01090	0.00779	0.01038	0.01246	0.01298	0.00727	0.00830	0.01246	0.01713	0.02284	0.04931	0.67975	0.05917	0.02803	0.01142	0.00363	0.00519	0.02543	0.00830	0.00727
78	0.01143	0.00815	0.01070	0.01201	0.01286	0.00762	0.00815	0.01349	0.01871	0.02542	0.17763	0.50163	0.06314	0.06824	0.01342	0.00377	0.00520	0.02255	0.00847	0.00741
79	0.02110	0.01962	0.03144	0.09152	0.44906	0.02034	0.02426	0.02918	0.10394	0.02970	0.02217	0.03069	0.01910	0.01008	0.00920	0.00286	0.01002	0.05698	0.00539	0.01334
80	0.01878	0.08135	0.52675	0.02771	0.08048	0.02179	0.06466	0.02820	0.01908	0.02798	0.01602	0.01916	0.01168	0.00836	0.00848	0.00278	0.01293	0.00683	0.00387	0.01312
81	0.02072	0.02226	0.01913	0.01807	0.02068	0.24607	0.01389	0.02352	0.01836	0.02122	0.01956	0.02731	0.01780	0.04300	0.38004	0.00937	0.05728	0.00809	0.00468	0.00896
82	0.02968	0.29584	0.03310	0.01751	0.02441	0.07370	0.01533	0.16337	0.09006	0.14242	0.02134	0.02109	0.01598	0.00958	0.00760	0.00239	0.00949	0.00694	0.00694	0.01322
83	0.20900	0.06202	0.05499	0.01500	0.02061	0.01976	0.01286	0.09493	0.18603	0.03572	0.03796	0.03693	0.15428	0.01285	0.00824	0.00284	0.00730	0.00994	0.00733	0.01141
84	0.01090	0.00779	0.01038	0.01246	0.01298	0.00727	0.00830	0.01246	0.01713	0.02284	0.04931	0.67975	0.05917	0.02803	0.01142	0.00363	0.00519	0.02543	0.00830	0.00727
85	0.02194	0.02134	0.03556	0.04084	0.33004	0.02184	0.15211	0.03330	0.18528	0.03138	0.02255	0.02571	0.01769	0.00903	0.00931	0.00284	0.01065	0.00915	0.00575	0.01369
86	0.02637	0.02877	0.02171	0.05578	0.09342	0.35732	0.01562	0.02976	0.02247	0.02614	0.01877	0.02226	0.01518	0.00941	0.00767	0.00232	0.01179	0.00688	0.21818	0.01019
87	0.02779	0.16938	0.02844	0.01801	0.02433	0.06279	0.01518	0.31509	0.08492	0.04154	0.06760	0.02774	0.05637	0.01135	0.00842	0.00255	0.00919	0.00861	0.00761	0.01308
88	0.01691	0.01129	0.01398	0.01307	0.01505	0.01300	0.01029	0.05670	0.01818	0.02921	0.02471	0.03137	0.02079	0.02954	0.21863	0.00636	0.09783	0.00866	0.35558	0.00886
89	0.02295	0.02278	0.03553	0.05264	0.58677	0.06614	0.02673	0.02805	0.02073	0.02870	0.01661	0.02171	0.01398	0.00806	0.00880	0.00263	0.01102	0.00781	0.00444	0.01390
90	0.01669	0.01463	0.06101	0.01531	0.01869	0.01287	0.01284	0.12525	0.02418	0.03265	0.14749	0.26424	0.07550	0.02074	0.01072	0.00331	0.00701	0.11890	0.00836	0.00960
91	0.01088	0.00787	0.01030	0.01224	0.01292	0.00729	0.00821	0.01248	0.01734	0.02292	0.05197	0.64146	0.09573	0.02768	0.01136	0.00359	0.00515	0.02501	0.00830	0.00729
92	0.02301	0.03445	0.20946	0.03102	0.04022	0.16335	0.30997	0.03016	0.02145	0.02704	0.01657	0.02087	0.01249	0.00819	0.00943	0.00281	0.01480	0.00838	0.00434	0.01201
93	0.01982	0.11648	0.50245	0.02305	0.03472	0.02139	0.02860	0.02861	0.01954	0.06703	0.04501	0.02133	0.01542	0.00902	0.00831	0.00272	0.01203	0.00700	0.00453	0.01293
94	0.02024	0.03028	0.21564	0.03432	0.04453	0.02211	0.44060	0.02857	0.02050	0.02857	0.01753	0.02268	0.01295	0.00781	0.00999	0.00297	0.01457	0.00946	0.00432	0.01239
95	0.01116	0.00797	0.01063	0.01243	0.01300	0.00763	0.00834	0.01274	0.01669	0.02237	0.04625	0.59693	0.05497	0.06974	0.05906	0.00470	0.00674	0.02357	0.00788	0.00721
96	0.02487	0.12587	0.21233	0.02607	0.03459	0.24271	0.15377	0.03078	0.02156	0.02519	0.01526	0.01852	0.01193	0.00842	0.00845	0.00257	0.01418	0.00697	0.00424	0.01173
97	0.02322	0.07844	0.25190	0.03336	0.19994	0.16364	0.06860	0.02968	0.02088	0.02669	0.01569	0.01927	0.01234	0.00839	0.00848	0.00262	0.01306	0.00697	0.00420	0.01265
98	0.03225	0.03478	0.02557	0.02201	0.02721	0.39324	0.01710	0.20622	0.06781	0.03329	0.01750	0.01902	0.01367	0.01016	0.00936	0.00254	0.04321	0.00683	0.00618	0.01205
99	0.01801	0.01896	0.03657	0.07840	0.11438	0.01806	0.31648	0.02368	0.02058	0.02706	0.03791	0.04106	0.18364	0.01190	0.01022	0.00297	0.01134	0.01234	0.00552	0.01093
100	0.02373	0.13289	0.03678	0.04480	0.46181	0.09561	0.02431	0.02830	0.02058	0.02705	0.01577	0.02018	0.01343	0.00806	0.00826	0.00250	0.01109	0.00720	0.00435	0.01330
101	0.02631	0.08802	0.20057	0.02768	0.09748	0.31614	0.06406	0.03160	0.02218	0.02490	0.01498	0.01799	0.01190	0.00865	0.00828	0.00251	0.01416	0.00651	0.00429	0.01178
102	0.01215	0.00868	0.01182	0.01389	0.01495	0.00835	0.01048	0.01462	0.01836	0.02424	0.04862	0.47376	0.05644	0.02685	0.01175	0.00381	0.00628	0.21907	0.00828	0.00761
103	0.02168	0.08325	0.47002	0.02437	0.03537	0.15943	0.02856	0.02986	0.02026	0.02650	0.01536	0.01802	0.01138	0.00861	0.00824	0.00266	0.01365	0.00632	0.00396	0.01250
104	0.01454	0.01006	0.01244	0.01274	0.01456	0.00980	0.00916	0.04060	0.01924	0.06970	0.05393	0.39949	0.18541	0.05288	0.01340	0.00362	0.04153	0.02042	0.00817	0.00832
105	0.01330	0.01902	0.18527	0.01530	0.02012	0.01138	0.01502	0.01813	0.02030	0.02813	0.20408	0.24984	0.12690	0.01922	0.01026	0.00311	0.00707	0.01680	0.00747	0.00928
106	0.01846	0.01741	0.02824	0.16928	0.37435	0.01789	0.02227	0.02322	0.01987	0.02678	0.03326	0.03690	0.15155	0.01148	0.00926	0.00281	0.00952	0.01042	0.00521	0.01181
107	0.02034	0.01814	0.02675	0.03573	0.32183	0.01895	0.02053	0.03093	0.18537	0.03134	0.05452	0.04172	0.02777	0.01266	0.00964	0.00304	0.00892	0.11232	0.00667	0.01283
108	0.01991	0.02975	0.24798	0.02862	0.10114	0.02294	0.09260	0.02971	0.11499	0.02827	0.01863	0.02241	0.01463	0.01070	0.01406	0.00314	0.17508	0.00811	0.00484	0.01249
109	0.02512	0.02510	0.03258	0.09044	0.41166	0.13370	0.02426	0.09412	0.02356	0.03056	0.01676	0.02112	0.01365	0.00858	0.00873	0.00262	0.01161	0.00759	0.00494	0.01330
110	0.02002	0.01543	0.01771	0.01654	0.02056	0.01649	0.01362	0.15527	0.16080	0.03602	0.07598	0.06385	0.11465	0.01808	0.01052	0.00333	0.00763	0.21370	0.00869	0.01108

[dist]
# distance from previous block
# <min> <max>
0	1

[block]
# block no. 2 follows, 19 sequences, length 18
# corresponding to MSA columns:
# 232-236,261-273
name=unknown_C
#
# <colnr> <probs for GDERKNQSTAVLIFYWHMCP>
#	G	D	E	R	K	N	Q	S	T	A	V	L	I	F	Y	W	H	M	C	P
0	0.02698	0.03619	0.12965	0.03067	0.16464	0.34370	0.02241	0.03126	0.02203	0.02458	0.01467	0.01828	0.01211	0.00944	0.01038	0.00263	0.07778	0.00660	0.00436	0.01164
1	0.06830	0.10874	0.39459	0.02288	0.03316	0.13686	0.02603	0.06011	0.02100	0.02867	0.01534	0.01779	0.01149	0.00865	0.00798	0.00263	0.01280	0.00624	0.00432	0.01241
2	0.01281	0.00868	0.01105	0.01153	0.01230	0.00900	0.00778	0.01446	0.01492	0.02114	0.03209	0.19587	0.03506	0.29403	0.20108	0.00843	0.01165	0.01453	0.07674	0.00685
3	0.02392	0.69097	0.04688	0.01531	0.02296	0.03540	0.01531	0.02679	0.01818	0.02105	0.01244	0.01435	0.01148	0.00765	0.00574	0.00191	0.00957	0.00478	0.00383	0.01148
4	0.01794	0.04628	0.63923	0.02550	0.03872	0.02078	0.03305	0.02833	0.01889	0.02833	0.01606	0.01889	0.01133	0.00850	0.00850	0.00283	0.01322	0.00661	0.00378	0.01322
5	0.01980	0.01995	0.02652	0.09746	0.33061	0.09354	0.02025	0.02397	0.02074	0.02632	0.03681	0.03929	0.18306	0.01228	0.00924	0.00275	0.00973	0.01072	0.00548	0.01147
6	0.02533	0.01928	0.02117	0.01744	0.02271	0.02111	0.01396	0.30847	0.17199	0.04624	0.19210	0.03684	0.03722	0.01316	0.00943	0.00280	0.00764	0.01079	0.00923	0.01309
7	0.04014	0.01523	0.02076	0.01592	0.02284	0.01315	0.01315	0.04360	0.02561	0.63597	0.03530	0.03045	0.02215	0.01107	0.00900	0.00277	0.00761	0.00900	0.01107	0.01523
8	0.01108	0.00835	0.01025	0.01132	0.01279	0.00753	0.00790	0.01324	0.01930	0.02521	0.14908	0.41979	0.22162	0.02503	0.01105	0.00334	0.00486	0.02218	0.00854	0.00753
9	0.02140	0.02138	0.03910	0.11015	0.44339	0.02143	0.15549	0.02728	0.02030	0.02848	0.01702	0.02276	0.01382	0.00797	0.00925	0.00277	0.01176	0.00855	0.00441	0.01329
10	0.01164	0.00940	0.01055	0.01112	0.01387	0.00831	0.00891	0.01442	0.02045	0.02489	0.07865	0.09020	0.46705	0.02323	0.01107	0.00333	0.00556	0.17134	0.00829	0.00774
11	0.01090	0.00779	0.01038	0.01246	0.01298	0.00727	0.00830	0.01246	0.01713	0.02284	0.04931	0.67975	0.05917	0.02803	0.01142	0.00363	0.00519	0.02543	0.00830	0.00727
12	0.03238	0.04091	0.02551	0.02308	0.02735	0.60310	0.01746	0.03466	0.02448	0.02187	0.01367	0.01639	0.01154	0.00970	0.00966	0.00243	0.06501	0.00592	0.00456	0.01033
13	0.01178	0.00886	0.01111	0.01257	0.01425	0.00819	0.00955	0.01425	0.01905	0.02432	0.06091	0.34515	0.22355	0.02553	0.01143	0.00359	0.00584	0.17416	0.00829	0.00762
14	0.54810	0.20381	0.02249	0.01275	0.01887	0.02431	0.01124	0.02643	0.01604	0.03485	0.01245	0.01448	0.01019	0.00812	0.00559	0.00253	0.00765	0.00483	0.00506	0.01019
15	0.02634	0.02400	0.02686	0.02952	0.19277	0.09936	0.01889	0.17060	0.24346	0.03774	0.02474	0.02537	0.01891	0.01030	0.00887	0.00276	0.00981	0.00851	0.00723	0.01395
16	0.13607	0.11152	0.28442	0.02806	0.17088	0.02174	0.02424	0.02687	0.01899	0.03004	0.05503	0.02154	0.01653	0.00888	0.00791	0.00267	0.01057	0.00705	0.00461	0.01236
17	0.06079	0.01747	0.15861	0.01548	0.01932	0.01128	0.01422	0.01710	0.01742	0.02526	0.03907	0.48068	0.04467	0.02214	0.01035	0.00339	0.00719	0.01966	0.00706	0.00883

[dist]
# distance from previous block
# <min> <max>
6	11

[block]
# block no. 3 follows, 19 sequences, length 25
# corresponding to MSA columns:
# 290-314
name=unknown_D
#
# <colnr> <probs for GDERKNQSTAVLIFYWHMCP>
#	G	D	E	R	K	N	Q	S	T	A	V	L	I	F	Y	W	H	M	C	P
0	0.06022	0.36755	0.09142	0.02008	0.05442	0.15784	0.01780	0.08843	0.02217	0.02684	0.01420	0.01624	0.01191	0.00842	0.00694	0.00223	0.01120	0.00564	0.00462	0.01184
1	0.01831	0.08628	0.60248	0.02487	0.03774	0.02168	0.03195	0.02824	0.01884	0.02788	0.01583	0.01861	0.01134	0.00845	0.00833	0.00278	0.01300	0.00650	0.00378	0.01311
2	0.02123	0.09966	0.17843	0.01696	0.02311	0.01544	0.01663	0.02566	0.01973	0.17072	0.03310	0.27679	0.03244	0.01657	0.00942	0.00302	0.00834	0.01425	0.00728	0.01119
3	0.03265	0.03433	0.02607	0.02215	0.02739	0.36945	0.01734	0.24845	0.03085	0.03493	0.01658	0.01841	0.01294	0.01026	0.00993	0.00256	0.06057	0.00678	0.00620	0.01216
4	0.11229	0.02414	0.02271	0.01956	0.05254	0.12848	0.01484	0.21041	0.09237	0.03871	0.01921	0.02039	0.01475	0.00923	0.00785	0.00234	0.00954	0.00685	0.00674	0.18704
5	0.01288	0.00833	0.01092	0.01234	0.01318	0.00778	0.00825	0.01436	0.01715	0.05842	0.04600	0.56844	0.05386	0.10424	0.01528	0.00417	0.00574	0.02300	0.00813	0.00752
6	0.02214	0.02126	0.03631	0.05491	0.62978	0.02126	0.02746	0.02746	0.02037	0.02923	0.01683	0.02214	0.01417	0.00797	0.00886	0.00266	0.01063	0.00797	0.00443	0.01417
7	0.01131	0.00808	0.01085	0.01293	0.01363	0.00762	0.00902	0.01317	0.01754	0.02330	0.04908	0.61178	0.05827	0.02764	0.01153	0.00369	0.00555	0.08933	0.00830	0.00738
8	0.01794	0.04628	0.63923	0.02550	0.03872	0.02078	0.03305	0.02833	0.01889	0.02833	0.01606	0.01889	0.01133	0.00850	0.00850	0.00283	0.01322	0.00661	0.00378	0.01322
9	0.01123	0.00839	0.01054	0.01212	0.01342	0.00769	0.00866	0.01326	0.01832	0.02362	0.05897	0.46975	0.19391	0.02635	0.01133	0.00354	0.00539	0.08776	0.00830	0.00745
10	0.01902	0.03986	0.48460	0.03304	0.19031	0.02090	0.03162	0.02811	0.01927	0.02856	0.01625	0.01972	0.01206	0.00836	0.00859	0.00279	0.01256	0.00696	0.00394	0.01347
11	0.01278	0.00959	0.01438	0.01438	0.01598	0.01118	0.01118	0.01598	0.01438	0.02077	0.02396	0.03515	0.02237	0.06710	0.65013	0.01438	0.02396	0.00959	0.00479	0.00799
12	0.02214	0.02126	0.03631	0.05491	0.62978	0.02126	0.02746	0.02746	0.02037	0.02923	0.01683	0.02214	0.01417	0.00797	0.00886	0.00266	0.01063	0.00797	0.00443	0.01417
13	0.02291	0.58187	0.14713	0.01703	0.02563	0.03293	0.01831	0.02705	0.01830	0.02228	0.01305	0.01512	0.01146	0.00780	0.00621	0.00207	0.01019	0.00509	0.00382	0.01178
14	0.01442	0.01030	0.01442	0.01648	0.01854	0.01030	0.01442	0.01854	0.02060	0.02677	0.04737	0.10092	0.05149	0.02471	0.01236	0.00412	0.00824	0.56956	0.00824	0.00824
15	0.01057	0.00906	0.00906	0.00906	0.01208	0.00755	0.00680	0.01284	0.02039	0.02417	0.09063	0.08610	0.62615	0.02266	0.01057	0.00302	0.00453	0.01888	0.00831	0.00755
16	0.01064	0.00879	0.00935	0.00980	0.01228	0.00749	0.00713	0.01276	0.01968	0.02388	0.08164	0.21530	0.50275	0.02383	0.01076	0.00315	0.00467	0.02031	0.00831	0.00749
17	0.02448	0.02623	0.03574	0.04608	0.43451	0.15817	0.08801	0.02939	0.02154	0.02757	0.01632	0.02105	0.01353	0.00820	0.00887	0.00262	0.01232	0.00778	0.00448	0.01311
18	0.02214	0.02126	0.03631	0.05491	0.62978	0.02126	0.02746	0.02746	0.02037	0.02923	0.01683	0.02214	0.01417	0.00797	0.00886	0.00266	0.01063	0.00797	0.00443	0.01417
19	0.01105	0.00785	0.01034	0.01226	0.01275	0.00737	0.00810	0.01250	0.01683	0.02244	0.04780	0.63521	0.05726	0.07517	0.01386	0.00399	0.00544	0.02454	0.00810	0.00713
20	0.01167	0.00898	0.01087	0.01206	0.01404	0.00818	0.00925	0.01420	0.01942	0.02443	0.06640	0.27672	0.29854	0.02488	0.01130	0.00350	0.00570	0.16395	0.00829	0.00764
21	0.01595	0.01474	0.02346	0.42910	0.11156	0.01691	0.02058	0.02099	0.01904	0.02446	0.06098	0.03870	0.14353	0.01214	0.00935	0.00295	0.00987	0.01063	0.00521	0.00984
22	0.02347	0.02377	0.03503	0.05117	0.55907	0.09505	0.02626	0.02843	0.02096	0.02837	0.01648	0.02144	0.01386	0.00812	0.00876	0.00262	0.01127	0.00771	0.00445	0.01373
23	0.02355	0.02324	0.03476	0.20458	0.19490	0.08638	0.14809	0.11799	0.02382	0.03096	0.01729	0.02231	0.01334	0.00870	0.00918	0.00279	0.01238	0.00832	0.00506	0.01236
24	0.01553	0.05051	0.17517	0.01671	0.02185	0.01394	0.01645	0.05367	0.02123	0.02910	0.13788	0.21306	0.07126	0.01861	0.01023	0.00321	0.00803	0.10651	0.00723	0.00983

[dist]
# distance from previous block
# <min> <max>
10	65

[block]
# block no. 4 follows, 19 sequences, length 129
# corresponding to MSA columns:
# 382-510
name=unknown_E
#
# <colnr> <probs for GDERKNQSTAVLIFYWHMCP>
#	G	D	E	R	K	N	Q	S	T	A	V	L	I	F	Y	W	H	M	C	P
0	0.02563	0.10891	0.02748	0.02091	0.02484	0.20264	0.01694	0.07167	0.16206	0.02772	0.01894	0.02137	0.01559	0.01169	0.01425	0.00292	0.20178	0.00743	0.00568	0.01157
1	0.02312	0.02685	0.01872	0.01746	0.02102	0.34669	0.01316	0.02569	0.02236	0.02321	0.07554	0.03956	0.16640	0.02256	0.11405	0.00449	0.01381	0.01026	0.00589	0.00917
2	0.23895	0.14204	0.02554	0.01828	0.02388	0.31151	0.01473	0.07992	0.02266	0.02999	0.01386	0.01583	0.01130	0.00882	0.00702	0.00241	0.01183	0.00553	0.00512	0.01077
3	0.01886	0.14541	0.54815	0.02393	0.03630	0.02303	0.03033	0.02810	0.01878	0.02721	0.01550	0.01819	0.01136	0.00837	0.00808	0.00269	0.01266	0.00633	0.00379	0.01295
4	0.02204	0.02804	0.09449	0.02867	0.03585	0.16900	0.30961	0.02768	0.02151	0.02617	0.02523	0.08283	0.06460	0.01097	0.00985	0.00288	0.01348	0.01097	0.00509	0.01101
5	0.01291	0.01095	0.01477	0.01908	0.13098	0.01008	0.01130	0.01551	0.01922	0.02466	0.06169	0.28599	0.30602	0.02176	0.01055	0.00317	0.00594	0.01913	0.00756	0.00872
6	0.01570	0.01499	0.01478	0.11897	0.02208	0.10513	0.01116	0.01808	0.01898	0.02246	0.07488	0.09839	0.22880	0.17615	0.01830	0.00428	0.00848	0.01406	0.00644	0.00788
7	0.02659	0.03416	0.17000	0.02187	0.02903	0.22778	0.02009	0.11977	0.19653	0.03296	0.02201	0.02256	0.01659	0.01011	0.00860	0.00270	0.01190	0.00756	0.00635	0.01285
8	0.02117	0.02114	0.01785	0.01659	0.01924	0.21362	0.01228	0.07164	0.01990	0.02339	0.02152	0.03335	0.02067	0.18630	0.25327	0.00825	0.01676	0.00903	0.00524	0.00877
9	0.01794	0.04628	0.63923	0.02550	0.03872	0.02078	0.03305	0.02833	0.01889	0.02833	0.01606	0.01889	0.01133	0.00850	0.00850	0.00283	0.01322	0.00661	0.00378	0.01322
10	0.02214	0.02126	0.03631	0.05491	0.62978	0.02126	0.02746	0.02746	0.02037	0.02923	0.01683	0.02214	0.01417	0.00797	0.00886	0.00266	0.01063	0.00797	0.00443	0.01417
11	0.02214	0.02126	0.03631	0.05491	0.62978	0.02126	0.02746	0.02746	0.02037	0.02923	0.01683	0.02214	0.01417	0.00797	0.00886	0.00266	0.01063	0.00797	0.00443	0.01417
12	0.01139	0.00842	0.01065	0.01153	0.01295	0.00768	0.00810	0.01389	0.02020	0.02708	0.23398	0.39308	0.15988	0.02414	0.01101	0.00328	0.00478	0.02150	0.00878	0.00768
13	0.06013	0.27150	0.21006	0.02048	0.02870	0.22023	0.02078	0.02997	0.02046	0.02434	0.01392	0.01622	0.01136	0.00841	0.00725	0.00234	0.01253	0.00562	0.00414	0.01156
14	0.01794	0.04628	0.63923	0.02550	0.03872	0.02078	0.03305	0.02833	0.01889	0.02833	0.01606	0.01889	0.01133	0.00850	0.00850	0.00283	0.01322	0.00661	0.00378	0.01322
15	0.01174	0.00838	0.01134	0.01341	0.01430	0.00799	0.00976	0.01390	0.01795	0.02377	0.04885	0.54216	0.05735	0.02724	0.01164	0.00375	0.00591	0.15477	0.00829	0.00750
16	0.01405	0.01145	0.01681	0.01608	0.01738	0.01421	0.01275	0.01701	0.01425	0.02091	0.02168	0.03224	0.02038	0.05748	0.53409	0.01242	0.14458	0.00926	0.00463	0.00832
17	0.02135	0.02347	0.04897	0.04170	0.18191	0.02231	0.46519	0.02838	0.02094	0.02879	0.01780	0.02367	0.01371	0.00764	0.01016	0.00293	0.01405	0.00996	0.00450	0.01255
18	0.02214	0.02126	0.03631	0.05491	0.62978	0.02126	0.02746	0.02746	0.02037	0.02923	0.01683	0.02214	0.01417	0.00797	0.00886	0.00266	0.01063	0.00797	0.00443	0.01417
19	0.01450	0.00898	0.01143	0.01143	0.01313	0.00977	0.00864	0.01790	0.01620	0.02603	0.02653	0.03595	0.02330	0.08440	0.32817	0.00863	0.01429	0.00927	0.32349	0.00797
20	0.01105	0.00829	0.01026	0.01144	0.01280	0.00749	0.00794	0.01313	0.01903	0.02489	0.13532	0.44933	0.20571	0.02539	0.01109	0.00337	0.00490	0.02256	0.00851	0.00749
21	0.02246	0.50928	0.16030	0.01858	0.02703	0.03169	0.04361	0.02694	0.01824	0.02279	0.01334	0.01587	0.01155	0.00816	0.00751	0.00222	0.03929	0.00551	0.00385	0.01177
22	0.03480	0.02379	0.02606	0.01998	0.02711	0.02585	0.01651	0.52793	0.03993	0.13141	0.02327	0.02264	0.01611	0.01078	0.00896	0.00270	0.00956	0.00818	0.00922	0.01522
23	0.01911	0.02057	0.04309	0.03142	0.03882	0.01925	0.45732	0.02586	0.02212	0.03037	0.16237	0.03428	0.03041	0.01010	0.01056	0.00297	0.01250	0.01189	0.00579	0.01120
24	0.02655	0.01911	0.02047	0.01660	0.02197	0.02081	0.01344	0.36927	0.06492	0.04583	0.03130	0.03198	0.08339	0.01473	0.03926	0.00318	0.00872	0.00946	0.14631	0.01269
25	0.02360	0.65608	0.07893	0.01586	0.02381	0.03461	0.01627	0.02687	0.01822	0.02144	0.01263	0.01460	0.01147	0.00770	0.00589	0.00196	0.00977	0.00488	0.00382	0.01158
26	0.03045	0.03818	0.03197	0.02658	0.03226	0.49853	0.15709	0.03402	0.02433	0.02353	0.01486	0.01806	0.01202	0.00881	0.00867	0.00248	0.01588	0.00692	0.00459	0.01078
27	0.02742	0.48428	0.08084	0.01615	0.02400	0.02904	0.01599	0.03095	0.02002	0.16977	0.01819	0.01854	0.01404	0.00854	0.00671	0.00218	0.00934	0.00592	0.00557	0.01250
28	0.02425	0.02794	0.04289	0.03776	0.16194	0.17139	0.34241	0.03009	0.02197	0.02717	0.01682	0.02182	0.01321	0.00803	0.00962	0.00277	0.01442	0.00889	0.00453	0.01210
29	0.01090	0.00779	0.01038	0.01246	0.01298	0.00727	0.00830	0.01246	0.01713	0.02284	0.04931	0.67975	0.05917	0.02803	0.01142	0.00363	0.00519	0.02543	0.00830	0.00727
30	0.02200	0.02158	0.03795	0.05052	0.51280	0.02151	0.11133	0.02864	0.05029	0.02956	0.01800	0.02300	0.01474	0.00812	0.00912	0.00273	0.01111	0.00846	0.00468	0.01386
31	0.02746	0.03133	0.03115	0.03990	0.34610	0.31733	0.02266	0.03135	0.02272	0.02577	0.01542	0.01931	0.01292	0.00856	0.00848	0.00249	0.01322	0.00693	0.00451	0.01238
32	0.02098	0.02768	0.18232	0.04510	0.39375	0.02137	0.12216	0.02786	0.02014	0.02892	0.01685	0.02170	0.01340	0.00803	0.00905	0.00276	0.01197	0.00807	0.00429	0.01360
