[name]
unknown

[dist]
# distance from previous block
# <min> <max>
27	137

[block]
# block no. 0 follows, 21 sequences, length 67
# corresponding to MSA columns:
# 174-240
name=unknown_A
#
# <colnr> <probs for GDERKNQSTAVLIFYWHMCP>
#	G	D	E	R	K	N	Q	S	T	A	V	L	I	F	Y	W	H	M	C	P
0	0.02409	0.02227	0.06928	0.02545	0.17758	0.10563	0.01726	0.09415	0.02293	0.10809	0.07524	0.02411	0.01990	0.00906	0.00801	0.00225	0.00919	0.00750	0.00611	0.17188
1	0.01938	0.01549	0.02261	0.02871	0.27192	0.01505	0.01644	0.05431	0.04461	0.08194	0.03389	0.09164	0.12958	0.01600	0.05412	0.00335	0.00877	0.01090	0.00623	0.07508
2	0.02137	0.19248	0.07156	0.01945	0.07471	0.15939	0.01515	0.06456	0.02010	0.02419	0.02182	0.16521	0.02231	0.04818	0.00977	0.00274	0.00974	0.01002	0.00524	0.04202
3	0.08838	0.06246	0.01948	0.09694	0.02374	0.01746	0.01300	0.07928	0.17754	0.08976	0.20174	0.03564	0.03574	0.01201	0.00848	0.00267	0.00695	0.00995	0.00776	0.01102
4	0.19924	0.01289	0.01338	0.01311	0.01616	0.01421	0.00996	0.02446	0.17546	0.02913	0.03353	0.17953	0.06226	0.07769	0.05892	0.00425	0.00754	0.05215	0.00697	0.00916
5	0.01884	0.01494	0.01798	0.06012	0.02125	0.01514	0.01181	0.14735	0.02074	0.02925	0.02138	0.08466	0.02059	0.14997	0.04876	0.00401	0.05725	0.00924	0.00585	0.24086
6	0.01857	0.01527	0.05063	0.01627	0.02019	0.01438	0.03909	0.15256	0.06588	0.05604	0.08125	0.21617	0.06860	0.01801	0.01000	0.00313	0.00741	0.12855	0.00790	0.01009
7	0.01615	0.04501	0.06129	0.01486	0.01823	0.12554	0.01265	0.01953	0.02032	0.02472	0.12101	0.13678	0.16076	0.01836	0.00986	0.00302	0.00801	0.16846	0.00697	0.00844
8	0.02341	0.19862	0.02778	0.05231	0.09838	0.10511	0.01508	0.15932	0.02311	0.02913	0.02052	0.02572	0.04296	0.09174	0.01169	0.00299	0.00961	0.00759	0.04410	0.01082
9	0.02027	0.30198	0.22782	0.01803	0.02645	0.02504	0.01926	0.02990	0.15010	0.02609	0.01805	0.01918	0.01424	0.00838	0.00703	0.00228	0.00947	0.00622	0.00481	0.06538
10	0.01840	0.03611	0.45003	0.03355	0.23988	0.01992	0.02967	0.02667	0.01844	0.02723	0.01552	0.01900	0.01168	0.00792	0.00820	0.00264	0.01176	0.00672	0.00380	0.01288
11	0.07302	0.31607	0.18559	0.01625	0.02318	0.04869	0.01698	0.02364	0.01662	0.02295	0.01436	0.01808	0.01225	0.01330	0.04401	0.09226	0.01031	0.00575	0.03667	0.01000
12	0.01834	0.01781	0.02658	0.27866	0.24738	0.06298	0.02160	0.02293	0.01755	0.02335	0.01634	0.02317	0.01366	0.01758	0.11706	0.00450	0.04820	0.00767	0.00409	0.01054
13	0.01426	0.01253	0.02184	0.01838	0.02186	0.01303	0.14126	0.01824	0.01534	0.02195	0.02104	0.03004	0.01885	0.04748	0.47802	0.01045	0.01979	0.00902	0.00454	0.06206
14	0.05386	0.18538	0.49409	0.02154	0.03263	0.02273	0.02674	0.02654	0.01765	0.02599	0.01437	0.01684	0.01074	0.00790	0.00738	0.00250	0.01154	0.00583	0.00368	0.01206
15	0.01236	0.00827	0.00939	0.00936	0.00946	0.00824	0.00531	0.01257	0.01299	0.01742	0.05895	0.05610	0.03351	0.66530	0.04158	0.00796	0.00803	0.01253	0.00538	0.00531
16	0.01049	0.00750	0.00998	0.01177	0.01237	0.00699	0.00791	0.01215	0.01685	0.02262	0.08982	0.64991	0.05801	0.02599	0.01080	0.00340	0.00487	0.02356	0.00801	0.00699
17	0.02746	0.02795	0.02808	0.03142	0.23261	0.24177	0.01974	0.18223	0.02590	0.03163	0.01585	0.01879	0.01272	0.00917	0.00954	0.00250	0.05818	0.00688	0.00535	0.01222
18	0.01216	0.00912	0.01368	0.01368	0.01520	0.01064	0.01064	0.01520	0.01368	0.01976	0.02279	0.03343	0.02127	0.06382	0.66720	0.01368	0.02279	0.00912	0.00456	0.00760
19	0.05708	0.01638	0.01925	0.07239	0.02417	0.01737	0.01384	0.18304	0.12553	0.16228	0.03561	0.04073	0.09768	0.01327	0.00899	0.00286	0.00775	0.08159	0.00825	0.01195
20	0.02956	0.20506	0.02918	0.02010	0.02520	0.51026	0.01598	0.03188	0.02243	0.02063	0.01283	0.01493	0.01095	0.00840	0.00713	0.00210	0.01380	0.00525	0.00420	0.01013
21	0.01216	0.00912	0.01368	0.01368	0.01520	0.01064	0.01064	0.01520	0.01368	0.01976	0.02279	0.03343	0.02127	0.06382	0.66720	0.01368	0.02279	0.00912	0.00456	0.00760
22	0.01238	0.00825	0.00928	0.00928	0.00928	0.00825	0.00516	0.01238	0.01238	0.01650	0.02681	0.05569	0.03094	0.70092	0.04331	0.00825	0.00825	0.01238	0.00516	0.00516
23	0.01238	0.00825	0.00928	0.00928	0.00928	0.00825	0.00516	0.01238	0.01238	0.01650	0.02681	0.05569	0.03094	0.70092	0.04331	0.00825	0.00825	0.01238	0.00516	0.00516
24	0.01103	0.00846	0.01035	0.01114	0.01226	0.00816	0.00772	0.01265	0.01686	0.02197	0.08249	0.38849	0.20863	0.10730	0.01545	0.00387	0.03901	0.01981	0.00743	0.00694
25	0.01707	0.04402	0.65683	0.02426	0.03683	0.01976	0.03144	0.02695	0.01797	0.02695	0.01527	0.01797	0.01078	0.00809	0.00809	0.00270	0.01258	0.00629	0.00359	0.01258
26	0.02527	0.03854	0.22009	0.02184	0.02849	0.40076	0.02054	0.02994	0.02117	0.02263	0.01476	0.01794	0.01192	0.01397	0.07268	0.00348	0.01522	0.00609	0.00416	0.01049
27	0.02048	0.02180	0.06948	0.04542	0.45841	0.02005	0.15056	0.02618	0.01937	0.02764	0.01618	0.02114	0.01318	0.00746	0.00865	0.00255	0.01095	0.00791	0.00424	0.04836
28	0.03098	0.10367	0.02633	0.02087	0.02588	0.51432	0.01622	0.11558	0.02568	0.02537	0.01405	0.01590	0.01145	0.00883	0.00757	0.00221	0.01389	0.00570	0.00489	0.01062
29	0.02524	0.07682	0.02346	0.06704	0.02576	0.40742	0.01568	0.02788	0.02041	0.02059	0.01519	0.01979	0.01322	0.02077	0.15047	0.00475	0.04537	0.00644	0.00430	0.00940
30	0.01147	0.00857	0.01065	0.01035	0.01242	0.00775	0.00768	0.01487	0.02241	0.03067	0.47250	0.12130	0.19982	0.01908	0.01011	0.00279	0.00416	0.01669	0.00893	0.00775
31	0.02549	0.36400	0.03444	0.01837	0.02355	0.26515	0.01583	0.02789	0.01919	0.02038	0.01222	0.01498	0.01097	0.00891	0.00946	0.00223	0.10740	0.00530	0.00393	0.01030
32	0.01352	0.01163	0.01193	0.01133	0.01481	0.01154	0.00865	0.02249	0.21028	0.02692	0.07015	0.06628	0.45183	0.01844	0.00962	0.00288	0.00507	0.01536	0.00814	0.00914
33	0.01220	0.00893	0.01273	0.01273	0.01392	0.01012	0.00946	0.01459	0.01340	0.01905	0.02366	0.03823	0.02336	0.20113	0.53274	0.01251	0.01966	0.00982	0.00469	0.00707
34	0.01355	0.01009	0.01326	0.14645	0.01992	0.01118	0.00954	0.01496	0.01358	0.01840	0.02379	0.04632	0.02570	0.50032	0.03395	0.00668	0.03821	0.01099	0.03677	0.00633
35	0.01925	0.12269	0.45215	0.02434	0.03530	0.02221	0.10980	0.06760	0.01970	0.02796	0.01547	0.01829	0.01135	0.00800	0.00806	0.00260	0.01217	0.00669	0.00404	0.01235
36	0.01378	0.00917	0.01141	0.01057	0.01318	0.00820	0.00802	0.01727	0.02295	0.08412	0.45372	0.06515	0.21469	0.01784	0.00992	0.00272	0.00436	0.01544	0.00910	0.00837
37	0.02166	0.02136	0.03396	0.05054	0.61305	0.05641	0.02558	0.02656	0.01964	0.02741	0.01585	0.02074	0.01334	0.00765	0.00838	0.00251	0.01040	0.00746	0.00422	0.01328
38	0.02228	0.20045	0.12963	0.01798	0.02358	0.23958	0.01645	0.02578	0.01869	0.02104	0.01595	0.02201	0.01442	0.08457	0.10884	0.00449	0.01374	0.00660	0.00417	0.00977
39	0.07039	0.01207	0.01383	0.01215	0.01537	0.01210	0.00935	0.12061	0.02486	0.06277	0.36613	0.05236	0.11425	0.06265	0.01166	0.00305	0.00558	0.01304	0.00854	0.00922
40	0.01037	0.00741	0.00987	0.01185	0.01234	0.00691	0.00790	0.01185	0.01629	0.02172	0.04690	0.69537	0.05629	0.02666	0.01086	0.00346	0.00494	0.02419	0.00790	0.00691
41	0.02107	0.02013	0.03387	0.05070	0.62035	0.02026	0.02556	0.02696	0.04631	0.02814	0.01683	0.02153	0.01403	0.00776	0.00844	0.00254	0.00996	0.00767	0.00441	0.01348
42	0.02695	0.03092	0.01988	0.01838	0.02215	0.46071	0.01390	0.03070	0.05284	0.02414	0.01892	0.02361	0.01589	0.00987	0.00755	0.00227	0.01210	0.03464	0.16506	0.00953
43	0.08032	0.02464	0.02254	0.02010	0.05128	0.15418	0.01523	0.23386	0.23807	0.03851	0.02303	0.02285	0.01730	0.01010	0.00816	0.00260	0.00951	0.00767	0.00730	0.01277
44	0.03183	0.03941	0.02421	0.02176	0.02631	0.62267	0.01642	0.07429	0.02521	0.02309	0.01366	0.01570	0.01120	0.00887	0.00773	0.00222	0.01493	0.00563	0.00467	0.01018
45	0.01570	0.01306	0.01557	0.01240	0.01807	0.01016	0.00950	0.01886	0.01728	0.02612	0.02363	0.19902	0.02429	0.01175	0.00752	0.00185	0.00594	0.01017	0.00581	0.55329
46	0.02865	0.02284	0.02340	0.01895	0.02499	0.05622	0.01530	0.40221	0.23361	0.04610	0.02473	0.02389	0.01807	0.01058	0.00852	0.00265	0.00880	0.00820	0.00836	0.01392
47	0.01037	0.00741	0.00987	0.01185	0.01234	0.00691	0.00790	0.01185	0.01629	0.02172	0.04690	0.69537	0.05629	0.02666	0.01086	0.00346	0.00494	0.02419	0.00790	0.00691
48	0.04884	0.01425	0.04444	0.01435	0.01778	0.01409	0.01133	0.02843	0.26298	0.05388	0.07820	0.25295	0.03787	0.01650	0.00911	0.00297	0.00604	0.01433	0.06135	0.01033
49	0.02105	0.01705	0.02377	0.01897	0.02368	0.04248	0.14188	0.18399	0.02366	0.03359	0.02180	0.02650	0.01735	0.02154	0.15699	0.00498	0.01237	0.00848	0.18939	0.01048
50	0.01099	0.00767	0.00969	0.01105	0.01139	0.00733	0.00705	0.01201	0.01507	0.02010	0.04065	0.49619	0.04839	0.23660	0.02097	0.00495	0.00597	0.02051	0.00705	0.00637
51	0.01099	0.00767	0.00969	0.01105	0.01139	0.00733	0.00705	0.01201	0.01507	0.02010	0.04065	0.49619	0.04839	0.23660	0.02097	0.00495	0.00597	0.02051	0.00705	0.00637
52	0.02159	0.02039	0.03412	0.05070	0.61866	0.02051	0.02565	0.05398	0.02035	0.02902	0.01622	0.02103	0.01353	0.00771	0.00843	0.00253	0.01007	0.00759	0.00441	0.01353
53	0.02426	0.02851	0.02011	0.01876	0.02205	0.41525	0.01422	0.02678	0.02011	0.02042	0.01685	0.02228	0.01492	0.02987	0.26048	0.00659	0.01820	0.00688	0.00445	0.00900
54	0.01006	0.00862	0.00862	0.00862	0.01149	0.00718	0.00647	0.01221	0.01940	0.02299	0.08621	0.08190	0.64438	0.02155	0.01006	0.00287	0.00431	0.01796	0.00790	0.00718
55	0.02843	0.02306	0.02060	0.01699	0.02208	0.15917	0.01353	0.31743	0.03036	0.06983	0.02130	0.02254	0.01585	0.00984	0.00770	0.00234	0.00922	0.00730	0.19056	0.01186
56	0.01037	0.00741	0.00987	0.01185	0.01234	0.00691	0.00790	0.01185	0.01629	0.02172	0.04690	0.69537	0.05629	0.02666	0.01086	0.00346	0.00494	0.02419	0.00790	0.00691
57	0.01037	0.00741	0.00987	0.01185	0.01234	0.00691	0.00790	0.01185	0.01629	0.02172	0.04690	0.69537	0.05629	0.02666	0.01086	0.00346	0.00494	0.02419	0.00790	0.00691
58	0.21248	0.02201	0.02232	0.01751	0.02394	0.02459	0.01445	0.47252	0.03370	0.04981	0.01831	0.01880	0.01317	0.00964	0.00771	0.00257	0.00868	0.00691	0.00771	0.01317
59	0.01936	0.01985	0.02596	0.02232	0.02256	0.06193	0.01850	0.02124	0.01365	0.02050	0.01128	0.01844	0.01116	0.01455	0.02679	0.00364	0.64785	0.00734	0.00376	0.00934
60	0.01102	0.00859	0.01000	0.00979	0.01212	0.00757	0.00729	0.01402	0.02146	0.02822	0.34908	0.10751	0.34309	0.01986	0.01009	0.00281	0.00420	0.01709	0.00860	0.00757
61	0.01025	0.00863	0.00889	0.00883	0.01162	0.00727	0.00662	0.01259	0.01986	0.02409	0.14140	0.08008	0.58850	0.02114	0.01006	0.00285	0.00428	0.01771	0.00805	0.00727
62	0.01216	0.00912	0.01368	0.01368	0.01520	0.01064	0.01064	0.01520	0.01368	0.01976	0.02279	0.03343	0.02127	0.06382	0.66720	0.01368	0.02279	0.00912	0.00456	0.00760
63	0.01238	0.00825	0.00928	0.00928	0.00928	0.00825	0.00516	0.01238	0.01238	0.01650	0.02681	0.05569	0.03094	0.70092	0.04331	0.00825	0.00825	0.01238	0.00516	0.00516
64	0.01866	0.19592	0.03216	0.02055	0.02497	0.05386	0.14394	0.02227	0.01640	0.02162	0.01633	0.02267	0.01459	0.02605	0.21441	0.00604	0.12807	0.00767	0.00412	0.00969
65	0.02157	0.10081	0.26986	0.06073	0.06272	0.16091	0.15199	0.02808	0.01970	0.02479	0.01492	0.01844	0.01144	0.00796	0.00820	0.00254	0.01304	0.00688	0.00396	0.01147
66	0.01292	0.04558	0.04440	0.01233	0.01525	0.01044	0.01032	0.01736	0.04638	0.02833	0.29071	0.12489	0.17795	0.01889	0.01002	0.00296	0.00557	0.10931	0.00809	0.00832

[dist]
# distance from previous block
# <min> <max>
0	1

[block]
# block no. 1 follows, 21 sequences, length 26
# corresponding to MSA columns:
# 242-267
name=unknown_B
#
# <colnr> <probs for GDERKNQSTAVLIFYWHMCP>
#	G	D	E	R	K	N	Q	S	T	A	V	L	I	F	Y	W	H	M	C	P
0	0.01950	0.02998	0.25092	0.05606	0.14564	0.14101	0.02269	0.02533	0.01842	0.02414	0.01664	0.02164	0.01364	0.02032	0.15213	0.00497	0.01482	0.00705	0.00408	0.01100
1	0.01723	0.04139	0.59163	0.02406	0.03533	0.02042	0.03012	0.02628	0.01746	0.02628	0.01485	0.01803	0.01082	0.00879	0.01014	0.00280	0.08212	0.00641	0.00361	0.01224
2	0.02176	0.02331	0.04264	0.03897	0.22068	0.06227	0.37282	0.05837	0.02118	0.02839	0.01677	0.02178	0.01304	0.00755	0.00933	0.00271	0.01290	0.00890	0.00450	0.01212
3	0.02190	0.02242	0.03137	0.04432	0.49779	0.11081	0.02341	0.02625	0.01973	0.02622	0.01886	0.02316	0.04439	0.00881	0.00937	0.00256	0.04399	0.00780	0.00440	0.01245
4	0.01107	0.00814	0.01048	0.01215	0.01307	0.00778	0.00842	0.01382	0.04655	0.02268	0.04845	0.59374	0.08805	0.02546	0.01076	0.00342	0.00515	0.05557	0.00793	0.00730
5	0.01037	0.00741	0.00987	0.01185	0.01234	0.00691	0.00790	0.01185	0.01629	0.02172	0.04690	0.69537	0.05629	0.02666	0.01086	0.00346	0.00494	0.02419	0.00790	0.00691
6	0.02117	0.01828	0.01924	0.01732	0.02213	0.02117	0.01347	0.04522	0.63246	0.03560	0.03464	0.03175	0.02598	0.01155	0.00866	0.00289	0.00673	0.00962	0.00866	0.01347
7	0.03235	0.02384	0.02554	0.01958	0.02639	0.02639	0.01618	0.61946	0.04001	0.05363	0.02043	0.02043	0.01447	0.01022	0.00851	0.00255	0.00936	0.00766	0.00851	0.01447
8	0.02427	0.02522	0.02068	0.02027	0.07164	0.28425	0.01446	0.06285	0.06722	0.05358	0.02922	0.03063	0.11579	0.01422	0.04146	0.00306	0.05396	0.00867	0.04833	0.01021
9	0.02242	0.66714	0.08057	0.01513	0.02272	0.03286	0.01555	0.02557	0.01733	0.02043	0.01203	0.01390	0.01091	0.00733	0.00561	0.00187	0.00931	0.00465	0.00364	0.01102
10	0.01098	0.00866	0.00989	0.00958	0.01206	0.00758	0.00719	0.01399	0.02157	0.02814	0.34374	0.07343	0.38364	0.01963	0.01005	0.00278	0.00417	0.01677	0.00858	0.00758
11	0.01935	0.03501	0.36096	0.02634	0.03572	0.09364	0.17965	0.02687	0.01873	0.02562	0.01571	0.01981	0.01192	0.01121	0.04415	0.00331	0.04913	0.00738	0.00392	0.01155
12	0.02628	0.03046	0.02327	0.05653	0.05839	0.40606	0.01648	0.06242	0.02236	0.02363	0.04586	0.02088	0.01584	0.01547	0.07844	0.00362	0.07244	0.00686	0.00479	0.00992
13	0.01045	0.00864	0.00917	0.00904	0.01174	0.00735	0.00678	0.01298	0.02034	0.02522	0.19757	0.07824	0.53163	0.02072	0.01005	0.00283	0.00425	0.01745	0.00820	0.00735
14	0.02146	0.02829	0.16752	0.03328	0.23940	0.11842	0.06610	0.02884	0.08156	0.02645	0.01683	0.02046	0.01347	0.00911	0.01069	0.00272	0.09145	0.00735	0.00450	0.01210
15	0.02757	0.07238	0.02630	0.02319	0.05770	0.44395	0.01736	0.02987	0.02084	0.02106	0.01276	0.01633	0.01114	0.01008	0.01241	0.00255	0.17434	0.00601	0.00418	0.00998
16	0.01026	0.00863	0.00891	0.00884	0.01162	0.00727	0.00663	0.01261	0.01988	0.02414	0.14380	0.08000	0.58607	0.02112	0.01006	0.00285	0.00428	0.01769	0.00805	0.00727
17	0.01034	0.00753	0.00975	0.01152	0.01226	0.00694	0.00775	0.01189	0.01661	0.02185	0.05097	0.63195	0.11708	0.02613	0.01078	0.00340	0.00487	0.02355	0.00790	0.00694
18	0.01152	0.00850	0.01231	0.01302	0.01417	0.00930	0.00965	0.01400	0.01462	0.02046	0.03145	0.27098	0.03384	0.05049	0.43166	0.01001	0.01639	0.01453	0.00576	0.00735
19	0.02106	0.02022	0.03454	0.05223	0.64784	0.02022	0.02612	0.02612	0.01938	0.02780	0.01601	0.02106	0.01348	0.00758	0.00842	0.00253	0.01011	0.00758	0.00421	0.01348
20	0.03179	0.04056	0.02412	0.02192	0.02631	0.66676	0.01644	0.03398	0.02412	0.02083	0.01315	0.01535	0.01096	0.00877	0.00767	0.00219	0.01535	0.00548	0.00438	0.00987
21	0.01707	0.04402	0.65683	0.02426	0.03683	0.01976	0.03144	0.02695	0.01797	0.02695	0.01527	0.01797	0.01078	0.00809	0.00809	0.00270	0.01258	0.00629	0.00359	0.01258
22	0.02286	0.33310	0.04281	0.02363	0.03062	0.11799	0.23120	0.02707	0.01904	0.02276	0.01392	0.01748	0.01165	0.00783	0.00853	0.00234	0.04550	0.00680	0.00399	0.01089
23	0.02825	0.02931	0.02170	0.01878	0.02359	0.34042	0.01454	0.20433	0.05354	0.03206	0.02469	0.02546	0.07880	0.01071	0.00810	0.00239	0.01135	0.00775	0.05327	0.01098
24	0.02024	0.02199	0.01763	0.01652	0.01903	0.27254	0.01242	0.02261	0.01868	0.02109	0.06804	0.03195	0.04597	0.10110	0.23235	0.00679	0.04898	0.00874	0.00500	0.00835
25	0.02508	0.01741	0.01904	0.01532	0.02064	0.01812	0.01241	0.34203	0.03129	0.10537	0.08069	0.04221	0.20547	0.01405	0.00907	0.00266	0.00731	0.01129	0.00860	0.01191

[dist]
# distance from previous block
# <min> <max>
0	5

[block]
# block no. 2 follows, 21 sequences, length 51
# corresponding to MSA columns:
# 273-323
name=unknown_C
#
# <colnr> <probs for GDERKNQSTAVLIFYWHMCP>
#	G	D	E	R	K	N	Q	S	T	A	V	L	I	F	Y	W	H	M	C	P
0	0.02737	0.11873	0.02532	0.01945	0.02445	0.35720	0.01527	0.06272	0.21157	0.02676	0.01994	0.02042	0.01575	0.00950	0.00773	0.00237	0.01162	0.00674	0.00579	0.01132
1	0.03133	0.03402	0.02427	0.02092	0.02609	0.42850	0.01618	0.21742	0.06522	0.03195	0.01670	0.01791	0.01295	0.00939	0.00799	0.00235	0.01297	0.00641	0.00593	0.01152
2	0.01405	0.03971	0.01508	0.01371	0.01568	0.04955	0.01075	0.01710	0.01478	0.02083	0.02219	0.03142	0.02029	0.05377	0.54614	0.01154	0.02022	0.00862	0.06666	0.00790
3	0.02333	0.02037	0.02030	0.01794	0.02287	0.07053	0.01414	0.13470	0.45559	0.03677	0.03133	0.03243	0.02433	0.01182	0.00874	0.00284	0.00788	0.04280	0.00826	0.01303
4	0.01109	0.00866	0.01005	0.00970	0.01213	0.00762	0.00727	0.01420	0.02182	0.02875	0.37441	0.07242	0.35259	0.01940	0.01005	0.00277	0.00416	0.01663	0.00866	0.00762
5	0.01992	0.01096	0.01387	0.01218	0.01578	0.01004	0.00946	0.02467	0.06372	0.21304	0.31538	0.08183	0.14235	0.01603	0.00955	0.00274	0.00522	0.01378	0.00938	0.01010
6	0.01216	0.00912	0.01368	0.01368	0.01520	0.01064	0.01064	0.01520	0.01368	0.01976	0.02279	0.03343	0.02127	0.06382	0.66720	0.01368	0.02279	0.00912	0.00456	0.00760
7	0.03195	0.03567	0.02453	0.02124	0.02633	0.47968	0.01636	0.20503	0.02876	0.03041	0.01528	0.01683	0.01199	0.00919	0.00792	0.00230	0.01360	0.00612	0.00559	0.01121
8	0.01833	0.01031	0.01057	0.00968	0.01238	0.01070	0.00748	0.10967	0.02117	0.03501	0.02666	0.03003	0.02071	0.00996	0.00633	0.00207	0.00477	0.00789	0.63734	0.00891
9	0.01062	0.00825	0.00906	0.00953	0.01123	0.00735	0.00653	0.01216	0.01717	0.02131	0.06430	0.22171	0.37495	0.16682	0.01730	0.00415	0.00529	0.01825	0.00732	0.00669
10	0.01069	0.00829	0.00974	0.01013	0.01208	0.00734	0.00731	0.01316	0.01978	0.02568	0.22772	0.25540	0.31838	0.02190	0.01029	0.00299	0.00441	0.01907	0.00830	0.00734
11	0.01176	0.00804	0.00961	0.01014	0.01044	0.00784	0.00618	0.01250	0.01441	0.01937	0.07966	0.24317	0.04210	0.45186	0.03130	0.00643	0.00696	0.01606	0.00628	0.00589
12	0.01037	0.00741	0.00987	0.01185	0.01234	0.00691	0.00790	0.01185	0.01629	0.02172	0.04690	0.69537	0.05629	0.02666	0.01086	0.00346	0.00494	0.02419	0.00790	0.00691
13	0.01284	0.00990	0.01202	0.01310	0.01459	0.01018	0.00918	0.01950	0.15761	0.02491	0.04409	0.54317	0.04933	0.02319	0.01036	0.00333	0.00535	0.02085	0.00807	0.00842
14	0.01896	0.23582	0.43175	0.02231	0.03304	0.02396	0.07112	0.02655	0.01793	0.02495	0.01441	0.01709	0.01098	0.00778	0.00747	0.00245	0.01170	0.00607	0.00366	0.01201
15	0.01091	0.00865	0.00981	0.00952	0.01202	0.00755	0.00714	0.01387	0.02142	0.02779	0.32656	0.07399	0.40103	0.01976	0.01005	0.00279	0.00418	0.01685	0.00853	0.00755
16	0.01022	0.00858	0.00888	0.00892	0.01162	0.00724	0.00665	0.01249	0.01962	0.02378	0.12700	0.10641	0.57657	0.02145	0.01009	0.00288	0.00431	0.01803	0.00801	0.00724
17	0.01977	0.01890	0.03220	0.21519	0.49500	0.01988	0.02547	0.02498	0.01876	0.02623	0.01578	0.02148	0.01293	0.00782	0.00845	0.00261	0.01043	0.00758	0.00410	0.01244
18	0.01037	0.00741	0.00987	0.01185	0.01234	0.00691	0.00790	0.01185	0.01629	0.02172	0.04690	0.69537	0.05629	0.02666	0.01086	0.00346	0.00494	0.02419	0.00790	0.00691
19	0.03235	0.02384	0.02554	0.01958	0.02639	0.02639	0.01618	0.61946	0.04001	0.05363	0.02043	0.02043	0.01447	0.01022	0.00851	0.00255	0.00936	0.00766	0.00851	0.01447
20	0.02195	0.01774	0.01993	0.01713	0.05321	0.01778	0.01292	0.21127	0.14521	0.03663	0.03128	0.03106	0.11042	0.01090	0.00812	0.00229	0.00724	0.00882	0.00722	0.22888
21	0.01862	0.01862	0.02607	0.02234	0.02234	0.02607	0.01862	0.02048	0.01303	0.02048	0.01117	0.01862	0.01117	0.01489	0.02793	0.00372	0.68535	0.00745	0.00372	0.00931
22	0.02571	0.01859	0.02111	0.01981	0.08055	0.04543	0.01447	0.21580	0.14242	0.13393	0.06171	0.03638	0.09193	0.01247	0.00891	0.00272	0.00797	0.03931	0.00822	0.01256
23	0.76103	0.01646	0.01251	0.01119	0.01646	0.01909	0.00922	0.02502	0.01448	0.03818	0.01185	0.01382	0.00922	0.00790	0.00527	0.00263	0.00658	0.00461	0.00527	0.00922
24	0.01357	0.01082	0.01243	0.01174	0.01455	0.01078	0.00888	0.02161	0.16212	0.03116	0.33938	0.08653	0.20877	0.01748	0.00976	0.00281	0.00475	0.01507	0.00878	0.00902
25	0.02082	0.02091	0.03851	0.04809	0.49496	0.02055	0.17581	0.02641	0.01956	0.02766	0.01631	0.02154	0.01334	0.00748	0.00883	0.00261	0.01118	0.00821	0.00424	0.01297
26	0.02314	0.06127	0.02272	0.02353	0.14633	0.27958	0.01529	0.05239	0.02202	0.02489	0.03171	0.03299	0.15762	0.01153	0.00818	0.00240	0.01041	0.00898	0.05493	0.01011
27	0.01229	0.00860	0.01104	0.01104	0.01165	0.00921	0.00735	0.01350	0.01290	0.01780	0.02520	0.04678	0.02707	0.44585	0.29310	0.01042	0.01407	0.01107	0.00492	0.00613
28	0.02775	0.01335	0.01726	0.01397	0.01887	0.01237	0.01124	0.09604	0.02599	0.35524	0.26040	0.04097	0.04251	0.01307	0.00911	0.00264	0.00627	0.01102	0.00987	0.01207
29	0.01216	0.00912	0.01368	0.01368	0.01520	0.01064	0.01064	0.01520	0.01368	0.01976	0.02279	0.03343	0.02127	0.06382	0.66720	0.01368	0.02279	0.00912	0.00456	0.00760
30	0.01382	0.01014	0.01394	0.01342	0.01472	0.01208	0.01043	0.01669	0.01435	0.02207	0.02245	0.03251	0.02062	0.08856	0.40217	0.00955	0.11026	0.00886	0.15560	0.00774
31	0.01979	0.02207	0.04526	0.03309	0.03994	0.02245	0.49421	0.02587	0.01864	0.02587	0.01598	0.02207	0.01256	0.00876	0.01371	0.00304	0.15197	0.00951	0.00419	0.01103
32	0.01045	0.00787	0.00972	0.01114	0.01237	0.00713	0.00779	0.01224	0.01733	0.02227	0.05783	0.49331	0.22080	0.02507	0.01068	0.00332	0.00491	0.05085	0.00790	0.00703
33	0.01776	0.00991	0.01299	0.01222	0.01499	0.00934	0.00924	0.02027	0.01861	0.17721	0.08473	0.18101	0.15791	0.06509	0.16232	0.00568	0.00959	0.01444	0.00773	0.00896
34	0.01730	0.01638	0.02774	0.52626	0.20324	0.01923	0.02424	0.02282	0.01760	0.02323	0.01534	0.02229	0.01187	0.00828	0.00849	0.00276	0.01104	0.00757	0.00389	0.01044
35	0.03192	0.03672	0.02444	0.02139	0.02633	0.51989	0.01638	0.16826	0.02776	0.02835	0.01482	0.01651	0.01177	0.00910	0.00787	0.00228	0.01397	0.00598	0.00533	0.01092
36	0.02047	0.01332	0.01962	0.02304	0.17605	0.01329	0.01401	0.04554	0.01882	0.15515	0.05464	0.08404	0.02586	0.12637	0.16500	0.00604	0.01144	0.01048	0.00643	0.01038
37	0.02303	0.02687	0.10680	0.03512	0.26295	0.14646	0.11835	0.02811	0.02003	0.05470	0.01604	0.01995	0.01275	0.00832	0.00957	0.00256	0.05193	0.00734	0.00449	0.04464
38	0.01612	0.01444	0.02160	0.02971	0.29943	0.01417	0.01645	0.02119	0.06027	0.02668	0.07787	0.11294	0.19119	0.01497	0.00941	0.00283	0.00734	0.04653	0.00637	0.01050
39	0.01035	0.00860	0.00883	0.00880	0.01140	0.00732	0.00646	0.01245	0.01914	0.02316	0.11478	0.07881	0.56413	0.07307	0.01259	0.00327	0.00459	0.01738	0.00778	0.00708
40	0.02148	0.06277	0.22528	0.02987	0.07821	0.08607	0.26930	0.07280	0.02120	0.02824	0.01615	0.01996	0.01215	0.00787	0.00879	0.00265	0.01301	0.00787	0.00438	0.01198
41	0.02295	0.13110	0.02608	0.02383	0.16413	0.07283	0.01573	0.09214	0.08495	0.08394	0.06581	0.03216	0.04833	0.06330	0.01089	0.00295	0.00881	0.03227	0.00633	0.01147
42	0.01029	0.00771	0.00957	0.01105	0.01213	0.00698	0.00755	0.01194	0.01706	0.02204	0.05661	0.54393	0.20146	0.02540	0.01066	0.00331	0.00478	0.02265	0.00790	0.00698
43	0.01582	0.01114	0.01271	0.01207	0.01358	0.01151	0.00814	0.13407	0.01903	0.02543	0.03120	0.22901	0.03478	0.37214	0.02718	0.00576	0.00754	0.01476	0.00660	0.00752
44	0.01222	0.00828	0.00977	0.00990	0.01008	0.00840	0.00589	0.01263	0.01277	0.01718	0.02775	0.09612	0.03165	0.59148	0.10427	0.00848	0.00950	0.01283	0.00528	0.00552
45	0.02377	0.07751	0.02444	0.02423	0.16461	0.14754	0.01572	0.07691	0.02151	0.08196	0.02039	0.07227	0.01763	0.01270	0.04251	0.00288	0.01017	0.00807	0.05515	0.10001
46	0.02372	0.11507	0.02376	0.02053	0.08414	0.32870	0.01458	0.02728	0.05001	0.02264	0.03221	0.03280	0.16739	0.01173	0.00810	0.00238	0.01091	0.00883	0.00533	0.00987
47	0.01229	0.00858	0.01097	0.01097	0.01156	0.00917	0.00727	0.01346	0.01288	0.01775	0.02527	0.04713	0.02722	0.45582	0.28333	0.01034	0.01385	0.01112	0.00493	0.00610
48	0.02311	0.02133	0.01818	0.01645	0.02009	0.19205	0.01253	0.17045	0.06540	0.03141	0.02656	0.17681	0.02522	0.01677	0.04684	0.00326	0.00988	0.01111	0.10238	0.01018
49	0.01434	0.01058	0.01222	0.01194	0.01314	0.03677	0.00830	0.01580	0.01564	0.05337	0.06947	0.14987	0.08913	0.29816	0.11806	0.00665	0.04967	0.01365	0.00616	0.00706
50	0.02043	0.02143	0.03155	0.02712	0.07988	0.08702	0.19229	0.02740	0.10384	0.02624	0.06497	0.02501	0.01918	0.01114	0.01500	0.00302	0.21959	0.00893	0.00512	0.01082

[dist]
# distance from previous block
# <min> <max>
0	2

[block]
# block no. 3 follows, 21 sequences, length 111
# corresponding to MSA columns:
# 326-436
name=unknown_D
#
# <colnr> <probs for GDERKNQSTAVLIFYWHMCP>
#	G	D	E	R	K	N	Q	S	T	A	V	L	I	F	Y	W	H	M	C	P
0	0.02350	0.02484	0.03217	0.04535	0.50665	0.16709	0.02392	0.02790	0.02045	0.02622	0.01536	0.01976	0.01291	0.00785	0.00825	0.00245	0.01130	0.00711	0.00425	0.01266
1	0.24630	0.01114	0.01024	0.00987	0.01340	0.01109	0.00774	0.01672	0.01818	0.02862	0.09890	0.05986	0.38147	0.01706	0.00862	0.00283	0.00515	0.03772	0.00717	0.00791
2	0.02106	0.02022	0.03454	0.05223	0.64784	0.02022	0.02612	0.02612	0.01938	0.02780	0.01601	0.02106	0.01348	0.00758	0.00842	0.00253	0.01011	0.00758	0.00421	0.01348
3	0.02753	0.03347	0.02475	0.02206	0.02503	0.45966	0.01715	0.02962	0.02053	0.02072	0.01251	0.01640	0.01103	0.01075	0.01422	0.00269	0.23192	0.00612	0.00417	0.00969
4	0.02106	0.01982	0.02744	0.31127	0.22238	0.07771	0.02218	0.10631	0.02165	0.02803	0.01750	0.02506	0.01433	0.00928	0.00858	0.00271	0.01088	0.03772	0.00483	0.01128
5	0.01932	0.30591	0.41464	0.02042	0.03090	0.02527	0.02476	0.02637	0.01770	0.02421	0.01391	0.01626	0.01084	0.00777	0.00705	0.00235	0.01120	0.00560	0.00361	0.01192
6	0.02419	0.02790	0.02524	0.02217	0.02402	0.29711	0.01770	0.02619	0.01772	0.02063	0.01201	0.01723	0.01108	0.01230	0.01936	0.00308	0.40190	0.00662	0.00400	0.00954
7	0.01664	0.01165	0.01302	0.01180	0.01336	0.01225	0.00788	0.14471	0.01860	0.02492	0.02604	0.07187	0.02795	0.49909	0.05924	0.00704	0.00894	0.01168	0.00597	0.00735
8	0.01220	0.00893	0.01274	0.01274	0.01394	0.01013	0.00947	0.01460	0.01340	0.01906	0.02365	0.03816	0.02333	0.19927	0.53457	0.01252	0.01970	0.00981	0.00469	0.00708
9	0.01124	0.00867	0.01026	0.00986	0.01222	0.00769	0.00740	0.01450	0.02219	0.02962	0.41775	0.07099	0.30871	0.01908	0.01005	0.00276	0.00413	0.01643	0.00877	0.00769
10	0.01314	0.01065	0.01547	0.01976	0.14748	0.01012	0.01167	0.01624	0.01970	0.02704	0.23154	0.29411	0.11167	0.01920	0.01001	0.00296	0.00569	0.01729	0.00758	0.00869
11	0.01850	0.01783	0.03094	0.36631	0.31690	0.01964	0.05960	0.02399	0.01824	0.02473	0.01564	0.02199	0.01238	0.00802	0.00856	0.00270	0.01098	0.00772	0.00400	0.01134
12	0.02246	0.10629	0.08429	0.06855	0.39705	0.12660	0.02350	0.02719	0.01968	0.02541	0.01495	0.01908	0.01245	0.00782	0.00793	0.00242	0.01110	0.00678	0.00410	0.01234
13	0.03179	0.04056	0.02412	0.02192	0.02631	0.66676	0.01644	0.03398	0.02412	0.02083	0.01315	0.01535	0.01096	0.00877	0.00767	0.00219	0.01535	0.00548	0.00438	0.00987
14	0.01723	0.04292	0.62513	0.02486	0.03723	0.01986	0.06204	0.02697	0.01808	0.02697	0.01537	0.01823	0.01089	0.00804	0.00819	0.00270	0.01267	0.00648	0.00363	0.01252
15	0.03818	0.01448	0.01975	0.01514	0.02172	0.01251	0.01251	0.04147	0.02436	0.65373	0.03357	0.02897	0.02107	0.01053	0.00856	0.00263	0.00724	0.00856	0.01053	0.01448
16	0.01111	0.00909	0.00989	0.00999	0.01250	0.00819	0.00737	0.01487	0.06107	0.02503	0.14579	0.17457	0.43791	0.02118	0.01009	0.00294	0.00454	0.01807	0.00814	0.00767
17	0.01238	0.00825	0.00928	0.00928	0.00928	0.00825	0.00516	0.01238	0.01238	0.01650	0.02681	0.05569	0.03094	0.70092	0.04331	0.00825	0.00825	0.01238	0.00516	0.00516
18	0.01006	0.00862	0.00862	0.00862	0.01149	0.00718	0.00647	0.01221	0.01940	0.02299	0.08621	0.08190	0.64438	0.02155	0.01006	0.00287	0.00431	0.01796	0.00790	0.00718
19	0.02756	0.14733	0.11615	0.02260	0.07644	0.20041	0.01887	0.22996	0.02713	0.03324	0.01592	0.01760	0.01232	0.00882	0.00770	0.00235	0.01145	0.00634	0.00554	0.01227
20	0.02601	0.46592	0.03721	0.01722	0.02345	0.26211	0.01524	0.02855	0.01975	0.02031	0.01231	0.01426	0.01094	0.00782	0.00626	0.00195	0.01135	0.00489	0.00391	0.01054
21	0.01338	0.01069	0.01178	0.01184	0.01305	0.04146	0.00849	0.01491	0.01558	0.01987	0.03882	0.06142	0.14155	0.33989	0.09004	0.00659	0.03868	0.10939	0.00594	0.00662
22	0.01073	0.00865	0.00955	0.00932	0.01191	0.00747	0.00699	0.01351	0.02098	0.02674	0.27386	0.07573	0.45440	0.02015	0.01005	0.00281	0.00421	0.01709	0.00840	0.00747
23	0.01824	0.01566	0.01648	0.01505	0.01929	0.01740	0.01164	0.03642	0.46602	0.03268	0.07418	0.04454	0.16825	0.01408	0.00904	0.00287	0.00606	0.01177	0.00852	0.01180
24	0.01037	0.00741	0.00987	0.01185	0.01234	0.00691	0.00790	0.01185	0.01629	0.02172	0.04690	0.69537	0.05629	0.02666	0.01086	0.00346	0.00494	0.02419	0.00790	0.00691
25	0.02685	0.06782	0.02585	0.02168	0.02473	0.41642	0.01708	0.02896	0.02000	0.02067	0.01241	0.01637	0.01103	0.01077	0.01443	0.00269	0.24229	0.00610	0.00412	0.00973
26	0.01057	0.00864	0.00932	0.00915	0.01181	0.00740	0.00687	0.01320	0.02060	0.02583	0.22851	0.07722	0.50031	0.02049	0.01005	0.00282	0.00423	0.01730	0.00828	0.00740
27	0.01078	0.00865	0.00962	0.00938	0.01194	0.00749	0.00703	0.01360	0.02109	0.02702	0.28779	0.07527	0.44029	0.02005	0.01005	0.00280	0.00420	0.01703	0.00843	0.00749
28	0.02697	0.03229	0.02569	0.02498	0.08535	0.42022	0.01800	0.02934	0.02048	0.02140	0.01286	0.01684	0.01127	0.01041	0.01356	0.00266	0.20719	0.00625	0.00418	0.01006
29	0.01221	0.00898	0.01183	0.01344	0.01519	0.00859	0.01094	0.01519	0.01871	0.02407	0.05286	0.24657	0.15696	0.02397	0.01122	0.00361	0.00647	0.34385	0.00786	0.00748
30	0.01037	0.00741	0.00987	0.01185	0.01234	0.00691	0.00790	0.01185	0.01629	0.02172	0.04690	0.69537	0.05629	0.02666	0.01086	0.00346	0.00494	0.02419	0.00790	0.00691
31	0.03179	0.04056	0.02412	0.02192	0.02631	0.66676	0.01644	0.03398	0.02412	0.02083	0.01315	0.01535	0.01096	0.00877	0.00767	0.00219	0.01535	0.00548	0.00438	0.00987
32	0.18743	0.02410	0.02991	0.02298	0.02964	0.11833	0.20044	0.19765	0.02533	0.05976	0.01698	0.01934	0.01257	0.00857	0.00816	0.00262	0.01111	0.00744	0.00596	0.01171
33	0.01909	0.17274	0.39719	0.02082	0.03067	0.02288	0.02420	0.03054	0.14847	0.02738	0.01869	0.02002	0.01404	0.00866	0.00768	0.00256	0.01063	0.00664	0.00468	0.01243
34	0.02652	0.17823	0.05679	0.02125	0.02611	0.36803	0.04841	0.02936	0.02041	0.02119	0.01286	0.01602	0.01108	0.00932	0.01059	0.00242	0.12126	0.00587	0.00408	0.01020
35	0.02101	0.02036	0.03536	0.05138	0.61645	0.02029	0.05685	0.02618	0.01941	0.02777	0.01607	0.02116	0.01345	0.00756	0.00851	0.00255	0.01033	0.00771	0.00422	0.01338
36	0.01210	0.00989	0.01321	0.01382	0.01440	0.01101	0.01006	0.01371	0.01585	0.02156	0.04251	0.50156	0.09456	0.02374	0.01442	0.00347	0.14954	0.02013	0.00701	0.00744
37	0.01477	0.01249	0.01302	0.01277	0.01555	0.03831	0.00945	0.05208	0.15551	0.02747	0.08531	0.25322	0.23799	0.01959	0.00982	0.00300	0.00574	0.01686	0.00803	0.00902
38	0.01720	0.01628	0.02757	0.53775	0.19246	0.01921	0.02420	0.02274	0.01755	0.02312	0.01533	0.02232	0.01183	0.00830	0.00849	0.00277	0.01106	0.00757	0.00388	0.01037
39	0.01914	0.01933	0.01573	0.01486	0.01822	0.18852	0.01124	0.07458	0.07901	0.02616	0.04723	0.16117	0.23161	0.01715	0.00936	0.00281	0.00823	0.03948	0.00707	0.00911
40	0.01217	0.00885	0.01173	0.01182	0.01345	0.00945	0.00894	0.01478	0.01516	0.02116	0.03628	0.04775	0.13759	0.13059	0.38518	0.00963	0.01538	0.03693	0.06592	0.00725
41	0.55833	0.01590	0.01454	0.01230	0.01793	0.01724	0.01014	0.02963	0.01725	0.21079	0.01794	0.01807	0.01254	0.00864	0.00619	0.00263	0.00677	0.00572	0.00674	0.01069
42	0.01047	0.00745	0.00984	0.01172	0.01218	0.00698	0.00776	0.01188	0.01609	0.02145	0.04586	0.66209	0.05497	0.06174	0.01255	0.00371	0.00511	0.02358	0.00776	0.00682
43	0.01832	0.01712	0.02922	0.12819	0.39927	0.01792	0.04651	0.02309	0.01779	0.02513	0.01748	0.02417	0.01494	0.02047	0.15815	0.00512	0.01333	0.00803	0.00424	0.01151
44	0.01033	0.00757	0.00971	0.01142	0.01223	0.00695	0.00771	0.01190	0.01671	0.02189	0.05214	0.61372	0.13455	0.02598	0.01076	0.00338	0.00485	0.02336	0.00790	0.00695
45	0.01862	0.01059	0.01087	0.00988	0.01267	0.01101	0.00766	0.11996	0.02155	0.03539	0.02654	0.02984	0.02059	0.00997	0.00638	0.00208	0.00487	0.00789	0.62465	0.00902
46	0.01317	0.01115	0.01461	0.01427	0.01486	0.01306	0.01061	0.01464	0.01512	0.02073	0.03816	0.30900	0.11752	0.12270	0.02085	0.00417	0.21530	0.01643	0.00620	0.00743
47	0.01033	0.00792	0.00936	0.01048	0.01188	0.00708	0.00722	0.01201	0.01734	0.02200	0.06146	0.42808	0.28565	0.05304	0.01191	0.00343	0.00483	0.02125	0.00779	0.00694
48	0.01238	0.00825	0.00928	0.00928	0.00928	0.00825	0.00516	0.01238	0.01238	0.01650	0.02681	0.05569	0.03094	0.70092	0.04331	0.00825	0.00825	0.01238	0.00516	0.00516
49	0.01362	0.00913	0.01012	0.03566	0.01381	0.00824	0.00757	0.01653	0.01969	0.06852	0.11256	0.06364	0.39677	0.01744	0.00901	0.00265	0.00469	0.01454	0.16782	0.00800
50	0.02559	0.02614	0.03331	0.03369	0.21955	0.16892	0.14904	0.15407	0.02474	0.03130	0.01637	0.01994	0.01291	0.00861	0.00939	0.00258	0.03877	0.00765	0.00517	0.01227
51	0.01821	0.01817	0.02357	0.02471	0.12335	0.07291	0.01718	0.02056	0.01586	0.02205	0.02196	0.14581	0.04736	0.01564	0.01916	0.00332	0.36504	0.01084	0.00481	0.00951
52	0.01138	0.00884	0.01030	0.01042	0.01249	0.00812	0.00755	0.01495	0.04983	0.02655	0.24693	0.20415	0.28668	0.04875	0.01152	0.00316	0.00463	0.01786	0.00828	0.00761
53	0.03151	0.02251	0.02351	0.01835	0.02462	0.05489	0.01502	0.48986	0.03602	0.10447	0.02186	0.02187	0.01549	0.01015	0.00827	0.00250	0.00903	0.00766	0.06870	0.01372
54	0.17657	0.01898	0.03178	0.02978	0.16068	0.01995	0.22237	0.02452	0.01824	0.02951	0.07884	0.02419	0.01889	0.00946	0.01101	0.00284	0.09811	0.00857	0.00493	0.01079
55	0.01980	0.01313	0.01206	0.01093	0.01388	0.06451	0.00844	0.11687	0.02190	0.03434	0.02540	0.02859	0.01976	0.00987	0.00650	0.00209	0.00576	0.00769	0.56935	0.00914
56	0.03088	0.03747	0.02379	0.02110	0.02590	0.57018	0.01599	0.08079	0.02497	0.02397	0.01388	0.01592	0.01136	0.00872	0.00765	0.00216	0.01425	0.00563	0.00477	0.06064
57	0.01556	0.01412	0.02020	0.01824	0.01896	0.01876	0.01484	0.01798	0.01334	0.02014	0.01667	0.02563	0.01595	0.03805	0.33044	0.00843	0.37182	0.00824	0.00412	0.00850
58	0.01014	0.00831	0.00894	0.00945	0.01171	0.00711	0.00684	0.01212	0.01860	0.02266	0.07607	0.24018	0.49265	0.02287	0.01027	0.00302	0.00447	0.01957	0.00790	0.00711
59	0.01059	0.00854	0.00943	0.00942	0.01188	0.00738	0.00698	0.01317	0.02034	0.02573	0.22531	0.12715	0.45244	0.02091	0.01012	0.00287	0.00429	0.01781	0.00828	0.00738
60	0.02781	0.03401	0.02392	0.02153	0.02481	0.49085	0.01657	0.02998	0.02113	0.02069	0.01330	0.01711	0.01161	0.01332	0.05078	0.00320	0.15941	0.00612	0.00425	0.00961
61	0.01473	0.01274	0.01546	0.01504	0.01618	0.05129	0.01166	0.01692	0.01586	0.02129	0.05532	0.11146	0.05563	0.15297	0.14684	0.00631	0.15469	0.11225	0.00571	0.00762
62	0.01065	0.00864	0.00944	0.00924	0.01186	0.00743	0.00693	0.01335	0.02078	0.02628	0.25099	0.07648	0.47755	0.02032	0.01005	0.00282	0.00422	0.01720	0.00834	0.00743
63	0.01069	0.00783	0.01010	0.01166	0.01267	0.00724	0.00818	0.01261	0.01743	0.02292	0.08705	0.52893	0.13538	0.02519	0.01078	0.00337	0.00503	0.06787	0.00798	0.00709
64	0.02453	0.02821	0.02386	0.15020	0.10710	0.34498	0.01788	0.02965	0.07578	0.02332	0.02083	0.05174	0.04557	0.01022	0.00827	0.00251	0.01218	0.00793	0.00495	0.01029
65	0.01123	0.00942	0.00986	0.00961	0.01253	0.00844	0.00725	0.01542	0.06994	0.02553	0.15789	0.07532	0.51722	0.02017	0.00994	0.00285	0.00447	0.01693	0.00816	0.00781
66	0.01008	0.00854	0.00871	0.00884	0.01155	0.00717	0.00656	0.01219	0.01919	0.02290	0.08354	0.12351	0.60449	0.02190	0.01011	0.00291	0.00435	0.01838	0.00790	0.00717
67	0.01350	0.00895	0.01031	0.01012	0.01050	0.00905	0.00608	0.04397	0.01395	0.01861	0.02668	0.08902	0.03025	0.57054	0.03877	0.06824	0.00804	0.01242	0.00537	0.00563
68	0.02024	0.02136	0.04192	0.06888	0.28282	0.02109	0.33218	0.02628	0.01937	0.02695	0.01639	0.02201	0.01300	0.00773	0.01012	0.00277	0.04173	0.00885	0.00422	0.01209
69	0.01959	0.02561	0.15309	0.07146	0.19601	0.02074	0.33272	0.02663	0.01937	0.02705	0.01646	0.02158	0.01259	0.00751	0.00921	0.00275	0.01281	0.00862	0.00413	0.01207
70	0.01025	0.00868	0.00889	0.00899	0.01181	0.00732	0.00684	0.01250	0.01941	0.02312	0.08406	0.08263	0.61334	0.02165	0.01015	0.00293	0.00449	0.04782	0.00790	0.00722
71	0.02962	0.06630	0.02526	0.02166	0.02558	0.55305	0.01666	0.03179	0.02233	0.02075	0.01283	0.01571	0.01099	0.00953	0.01031	0.00238	0.10544	0.00571	0.00426	0.00984
72	0.01202	0.00853	0.01081	0.01092	0.01168	0.00893	0.00732	0.01332	0.01354	0.01839	0.03062	0.08729	0.07066	0.39247	0.25727	0.00950	0.01287	0.01231	0.00530	0.00625
73	0.02206	0.62551	0.11907	0.01574	0.02367	0.03198	0.01661	0.02566	0.01737	0.02086	0.01225	0.01418	0.01090	0.00738	0.00578	0.00193	0.00952	0.00476	0.00363	0.01112
74	0.01707	0.04402	0.65683	0.02426	0.03683	0.01976	0.03144	0.02695	0.01797	0.02695	0.01527	0.01797	0.01078	0.00809	0.00809	0.00270	0.01258	0.00629	0.00359	0.01258
75	0.01227	0.00866	0.01134	0.01134	0.01206	0.00937	0.00773	0.01370	0.01299	0.01803	0.02493	0.04525	0.02641	0.40218	0.33586	0.01079	0.01507	0.01085	0.00488	0.00630
76	0.01859	0.01425	0.01483	0.01331	0.01710	0.04707	0.01033	0.07295	0.16501	0.08323	0.13793	0.04989	0.22009	0.01779	0.04344	0.00329	0.00700	0.01246	0.04128	0.01017
77	0.01288	0.01069	0.01466	0.01454	0.01533	0.01247	0.01100	0.01498	0.01591	0.02230	0.09140	0.32888	0.06834	0.02872	0.12311	0.00511	0.17912	0.01639	0.00644	0.00775
78	0.03779	0.01512	0.02014	0.01544	0.02204	0.01345	0.01276	0.08068	0.02542	0.61303	0.03268	0.02839	0.02062	0.01051	0.00855	0.00263	0.00739	0.00850	0.01040	0.01448
79	0.01115	0.00780	0.00958	0.01068	0.01109	0.00746	0.00674	0.01208	0.01488	0.01970	0.04070	0.41250	0.07313	0.29497	0.02375	0.00534	0.00623	0.01920	0.00681	0.00623
80	0.02117	0.01523	0.01836	0.05016	0.02124	0.01650	0.01278	0.24389	0.02664	0.06860	0.12728	0.20535	0.03630	0.01825	0.03982	0.00339	0.04319	0.01333	0.00792	0.01062
81	0.01118	0.00829	0.01042	0.01069	0.01238	0.00754	0.00771	0.01408	0.02086	0.02834	0.36114	0.26059	0.17347	0.02098	0.01029	0.00295	0.00435	0.01855	0.00866	0.00754
82	0.01137	0.00783	0.00958	0.01057	0.01082	0.00758	0.00653	0.01211	0.01434	0.01912	0.03689	0.37655	0.04365	0.36271	0.02704	0.00585	0.00659	0.01830	0.00653	0.00604
83	0.01525	0.01257	0.01353	0.01284	0.01615	0.01301	0.00971	0.05913	0.22677	0.02931	0.08251	0.16516	0.27430	0.01821	0.00963	0.00295	0.00552	0.01550	0.00826	0.00972
84	0.01957	0.14785	0.09735	0.17316	0.18818	0.02297	0.14258	0.02504	0.01812	0.02444	0.01494	0.01999	0.01204	0.00812	0.00934	0.00262	0.05098	0.00738	0.00394	0.01140
85	0.01187	0.00764	0.01047	0.01184	0.01230	0.00733	0.00811	0.01215	0.01504	0.02000	0.03757	0.44437	0.04385	0.06005	0.01824	0.19502	0.00596	0.06543	0.00669	0.00608
86	0.01379	0.01121	0.01254	0.01189	0.01486	0.01127	0.00900	0.02253	0.18770	0.03027	0.26583	0.09380	0.24730	0.01764	0.00971	0.00284	0.00490	0.01511	0.00862	0.00918
87	0.01921	0.01823	0.02092	0.01540	0.02274	0.07563	0.06010	0.02312	0.01847	0.02702	0.01511	0.01786	0.01247	0.00661	0.00674	0.00148	0.00783	0.00549	0.00492	0.62065
88	0.01214	0.00857	0.01125	0.01139	0.01209	0.00921	0.00775	0.01358	0.01321	0.01829	0.02641	0.08929	0.02841	0.37502	0.31547	0.01031	0.01442	0.01174	0.00508	0.00635
89	0.01046	0.00744	0.00985	0.01174	0.01221	0.00697	0.00778	0.01187	0.01612	0.02149	0.04601	0.66688	0.05516	0.05669	0.01231	0.00367	0.00508	0.02367	0.00778	0.00683
90	0.03107	0.02547	0.02467	0.01965	0.02592	0.11142	0.01592	0.47942	0.10163	0.04731	0.02099	0.02097	0.01524	0.01017	0.00842	0.00254	0.00988	0.00758	0.00798	0.01375
91	0.01969	0.02040	0.02591	0.02231	0.02267	0.07822	0.01844	0.02158	0.01394	0.02051	0.01133	0.01835	0.01115	0.01440	0.02628	0.00360	0.63081	0.00729	0.00378	0.00935
92	0.02275	0.70604	0.04459	0.01456	0.02184	0.03367	0.01456	0.02548	0.01729	0.02002	0.01183	0.01365	0.01092	0.00728	0.00546	0.00182	0.00910	0.00455	0.00364	0.01092
93	0.01223	0.00919	0.01139	0.01075	0.01303	0.00859	0.00809	0.01702	0.05520	0.03258	0.53041	0.06457	0.15959	0.01770	0.00997	0.00272	0.00420	0.01546	0.00912	0.00819
94	0.01045	0.00771	0.00979	0.01122	0.01223	0.00705	0.00767	0.01225	0.01744	0.02294	0.10192	0.54293	0.15507	0.02507	0.01066	0.00330	0.00476	0.02245	0.00802	0.00705
