[name]
unknown

[dist]
# distance from previous block
# <min> <max>
0	6

[block]
# block no. 0 follows, 22 sequences, length 38
# corresponding to MSA columns:
# 6-43
name=unknown_A
#
# <colnr> <probs for GDERKNQSTAVLIFYWHMCP>
#	G	D	E	R	K	N	Q	S	T	A	V	L	I	F	Y	W	H	M	C	P
0	0.01396	0.01037	0.01500	0.01813	0.06783	0.01037	0.01435	0.01787	0.01911	0.02504	0.04174	0.08791	0.04507	0.02172	0.01122	0.00372	0.00783	0.55334	0.00737	0.00809
1	0.08250	0.02721	0.07236	0.03412	0.30979	0.22686	0.02096	0.02743	0.01938	0.02514	0.01398	0.01783	0.01168	0.00843	0.00932	0.00248	0.06864	0.00642	0.00416	0.01131
2	0.22004	0.27138	0.06424	0.01498	0.02131	0.02487	0.01385	0.16680	0.02116	0.03236	0.01458	0.01671	0.01183	0.01236	0.05918	0.00312	0.00955	0.00563	0.00517	0.01088
3	0.01966	0.18823	0.43011	0.02041	0.03052	0.02193	0.02434	0.02840	0.06723	0.07003	0.01691	0.01842	0.01243	0.00815	0.00740	0.00245	0.01070	0.00617	0.00438	0.01212
4	0.01507	0.01273	0.01439	0.01483	0.06604	0.01283	0.01033	0.06462	0.17734	0.02884	0.10464	0.05736	0.35584	0.01642	0.00924	0.00275	0.00558	0.01379	0.00777	0.00961
5	0.01886	0.01883	0.03465	0.22306	0.23393	0.01947	0.21682	0.04945	0.01934	0.02615	0.01901	0.02423	0.04102	0.00825	0.00883	0.00268	0.01126	0.00863	0.00436	0.01118
6	0.02076	0.01775	0.01998	0.01945	0.07180	0.01989	0.01414	0.07360	0.49820	0.03431	0.03124	0.03210	0.02430	0.01125	0.00848	0.00275	0.00702	0.03883	0.00790	0.04626
7	0.02826	0.06710	0.02304	0.01930	0.02370	0.45915	0.01489	0.11528	0.02426	0.02538	0.01535	0.01791	0.01259	0.01301	0.06029	0.00305	0.01378	0.00603	0.04761	0.01004
8	0.01187	0.00890	0.01335	0.01335	0.01483	0.01038	0.01038	0.01483	0.01335	0.01928	0.02225	0.03264	0.02077	0.06231	0.67512	0.01335	0.02225	0.00890	0.00445	0.00742
9	0.02327	0.02666	0.02469	0.02165	0.02334	0.28273	0.01733	0.02522	0.01701	0.02013	0.01167	0.01691	0.01082	0.01217	0.01943	0.00304	0.42422	0.00651	0.00389	0.00930
10	0.01197	0.00801	0.00909	0.00921	0.00923	0.00798	0.00519	0.01205	0.01230	0.01640	0.02730	0.09168	0.03163	0.66878	0.04046	0.00778	0.00787	0.01275	0.00519	0.00513
11	0.03158	0.02327	0.02493	0.01911	0.02576	0.02576	0.01579	0.62852	0.03906	0.05236	0.01995	0.01995	0.01413	0.00997	0.00831	0.00249	0.00914	0.00748	0.00831	0.01413
12	0.01176	0.00849	0.01110	0.01045	0.01241	0.00784	0.00784	0.01568	0.02352	0.03331	0.65184	0.06206	0.07839	0.01698	0.00980	0.00261	0.00392	0.01502	0.00914	0.00784
13	0.02056	0.01974	0.03372	0.05099	0.65622	0.01974	0.02550	0.02550	0.01892	0.02714	0.01563	0.02056	0.01316	0.00740	0.00822	0.00247	0.00987	0.00740	0.00411	0.01316
14	0.03103	0.03959	0.02354	0.02140	0.02568	0.67469	0.01605	0.03317	0.02354	0.02033	0.01284	0.01498	0.01070	0.00856	0.00749	0.00214	0.01498	0.00535	0.00428	0.00963
15	0.01176	0.00849	0.01110	0.01045	0.01241	0.00784	0.00784	0.01568	0.02352	0.03331	0.65184	0.06206	0.07839	0.01698	0.00980	0.00261	0.00392	0.01502	0.00914	0.00784
16	0.02999	0.03665	0.02380	0.02128	0.02536	0.57477	0.01621	0.07380	0.02372	0.02255	0.01318	0.01560	0.01096	0.00916	0.00921	0.00229	0.07140	0.00566	0.00451	0.00990
17	0.01208	0.00805	0.00906	0.00906	0.00906	0.00805	0.00503	0.01208	0.01208	0.01611	0.02618	0.05436	0.03020	0.70804	0.04228	0.00805	0.00805	0.01208	0.00503	0.00503
18	0.01208	0.00805	0.00906	0.00906	0.00906	0.00805	0.00503	0.01208	0.01208	0.01611	0.02618	0.05436	0.03020	0.70804	0.04228	0.00805	0.00805	0.01208	0.00503	0.00503
19	0.02056	0.01974	0.03372	0.05099	0.65622	0.01974	0.02550	0.02550	0.01892	0.02714	0.01563	0.02056	0.01316	0.00740	0.00822	0.00247	0.00987	0.00740	0.00411	0.01316
20	0.03121	0.03434	0.02399	0.02067	0.02571	0.46584	0.01597	0.22478	0.02854	0.03064	0.01513	0.01658	0.01180	0.00902	0.00775	0.00225	0.01310	0.00604	0.00558	0.01108
21	0.03727	0.01414	0.01928	0.01478	0.02121	0.01221	0.01221	0.04049	0.02378	0.66198	0.03277	0.02828	0.02056	0.01028	0.00835	0.00257	0.00707	0.00835	0.01028	0.01414
22	0.01012	0.00723	0.00964	0.01157	0.01205	0.00675	0.00771	0.01157	0.01591	0.02121	0.04579	0.70262	0.05495	0.02603	0.01060	0.00337	0.00482	0.02362	0.00771	0.00675
23	0.03546	0.01704	0.02108	0.01616	0.02265	0.01652	0.01335	0.22734	0.02863	0.46826	0.02870	0.02563	0.01852	0.01018	0.00834	0.00255	0.00773	0.00808	0.00966	0.01413
24	0.01012	0.00723	0.00964	0.01157	0.01205	0.00675	0.00771	0.01157	0.01591	0.02121	0.04579	0.70262	0.05495	0.02603	0.01060	0.00337	0.00482	0.02362	0.00771	0.00675
25	0.01012	0.00723	0.00964	0.01157	0.01205	0.00675	0.00771	0.01157	0.01591	0.02121	0.04579	0.70262	0.05495	0.02603	0.01060	0.00337	0.00482	0.02362	0.00771	0.00675
26	0.02718	0.02707	0.02120	0.01799	0.02294	0.28638	0.01408	0.26786	0.02888	0.03358	0.02937	0.02943	0.13524	0.01152	0.00827	0.00241	0.01057	0.00854	0.00656	0.01093
27	0.01165	0.00849	0.01095	0.01034	0.01234	0.00779	0.00775	0.01546	0.02325	0.03269	0.61946	0.06308	0.11115	0.01721	0.00980	0.00262	0.00394	0.01517	0.00906	0.00779
28	0.02221	0.71304	0.04353	0.01421	0.02132	0.03287	0.01421	0.02488	0.01688	0.01955	0.01155	0.01333	0.01066	0.00711	0.00533	0.00178	0.00888	0.00444	0.00355	0.01066
29	0.02221	0.71304	0.04353	0.01421	0.02132	0.03287	0.01421	0.02488	0.01688	0.01955	0.01155	0.01333	0.01066	0.00711	0.00533	0.00178	0.00888	0.00444	0.00355	0.01066
30	0.03041	0.03506	0.02346	0.02067	0.02541	0.50939	0.01580	0.14354	0.06970	0.02724	0.01562	0.01702	0.01236	0.00901	0.00771	0.00225	0.01332	0.00603	0.00531	0.01071
31	0.02056	0.01974	0.03372	0.05099	0.65622	0.01974	0.02550	0.02550	0.01892	0.02714	0.01563	0.02056	0.01316	0.00740	0.00822	0.00247	0.00987	0.00740	0.00411	0.01316
32	0.23468	0.02149	0.01828	0.01565	0.02039	0.14983	0.01247	0.21547	0.02405	0.03593	0.01702	0.01959	0.01339	0.01552	0.08967	0.00375	0.01075	0.00641	0.06522	0.01045
33	0.03037	0.03325	0.02353	0.02035	0.02524	0.44672	0.01573	0.21509	0.02786	0.03011	0.01543	0.01727	0.01219	0.01133	0.03670	0.00273	0.01350	0.00616	0.00552	0.01091
34	0.02215	0.01796	0.01987	0.01916	0.07111	0.05518	0.01429	0.25182	0.09906	0.03624	0.05582	0.07681	0.07945	0.01442	0.00920	0.00285	0.00811	0.12773	0.00758	0.01119
35	0.02591	0.02714	0.02341	0.02511	0.14933	0.31047	0.01647	0.06576	0.11806	0.06280	0.02269	0.05225	0.04394	0.01022	0.00812	0.00244	0.01097	0.00800	0.00576	0.01115
36	0.01566	0.01166	0.01456	0.01304	0.01549	0.01175	0.03543	0.13642	0.02187	0.02956	0.18864	0.18965	0.07906	0.17900	0.01728	0.00405	0.00658	0.01461	0.00741	0.00830
37	0.01898	0.01800	0.03048	0.18989	0.48684	0.01878	0.02395	0.02399	0.01867	0.02618	0.05162	0.02327	0.01641	0.00815	0.00833	0.00254	0.00980	0.00783	0.00431	0.01199

[dist]
# distance from previous block
# <min> <max>
3	5

[block]
# block no. 1 follows, 22 sequences, length 55
# corresponding to MSA columns:
# 49-103
name=unknown_B
#
# <colnr> <probs for GDERKNQSTAVLIFYWHMCP>
#	G	D	E	R	K	N	Q	S	T	A	V	L	I	F	Y	W	H	M	C	P
0	0.11715	0.06469	0.05439	0.01879	0.02446	0.27711	0.01548	0.21121	0.08241	0.03354	0.01676	0.01778	0.01284	0.00902	0.00745	0.00236	0.01100	0.00625	0.00590	0.01141
1	0.02992	0.03540	0.02315	0.02065	0.02523	0.53167	0.01570	0.09798	0.09483	0.02538	0.01596	0.01732	0.01272	0.00902	0.00769	0.00225	0.01341	0.00603	0.00518	0.01051
2	0.02023	0.01923	0.02667	0.02107	0.02636	0.08887	0.20745	0.07249	0.12530	0.05914	0.03411	0.06808	0.13178	0.04774	0.01085	0.00300	0.00966	0.01116	0.00637	0.01045
3	0.22316	0.01210	0.01269	0.01124	0.01513	0.01205	0.00882	0.04728	0.02013	0.10325	0.21439	0.07692	0.14754	0.01402	0.00815	0.00260	0.00540	0.01143	0.00760	0.04611
4	0.01760	0.04275	0.62332	0.02353	0.03529	0.06188	0.02974	0.02675	0.01793	0.02592	0.01477	0.01737	0.01054	0.00794	0.00787	0.00260	0.01245	0.00609	0.00356	0.01211
5	0.16377	0.01190	0.01574	0.24050	0.02827	0.01340	0.01321	0.01854	0.01789	0.02776	0.19525	0.15776	0.03733	0.01387	0.00851	0.00280	0.00701	0.01192	0.00623	0.00834
6	0.01804	0.20921	0.51082	0.02133	0.03233	0.02266	0.02661	0.02595	0.01738	0.02463	0.01408	0.01649	0.01056	0.00770	0.00726	0.00242	0.01144	0.00572	0.00352	0.01188
7	0.02836	0.03121	0.02097	0.01859	0.02285	0.44788	0.01419	0.13007	0.02504	0.02757	0.01656	0.01865	0.01315	0.00900	0.00733	0.00216	0.01203	0.00613	0.13820	0.01005
8	0.01310	0.00784	0.00940	0.00993	0.01125	0.00798	0.00714	0.01588	0.01590	0.02512	0.03133	0.21934	0.03112	0.06937	0.13380	0.00485	0.00782	0.01265	0.35896	0.00723
9	0.00982	0.00842	0.00842	0.00842	0.01122	0.00701	0.00631	0.01192	0.01894	0.02244	0.08416	0.07995	0.65285	0.02104	0.00982	0.00281	0.00421	0.01753	0.00771	0.00701
10	0.01012	0.00723	0.00964	0.01157	0.01205	0.00675	0.00771	0.01157	0.01591	0.02121	0.04579	0.70262	0.05495	0.02603	0.01060	0.00337	0.00482	0.02362	0.00771	0.00675
11	0.01208	0.00805	0.00906	0.00906	0.00906	0.00805	0.00503	0.01208	0.01208	0.01611	0.02618	0.05436	0.03020	0.70804	0.04228	0.00805	0.00805	0.01208	0.00503	0.00503
12	0.03103	0.03959	0.02354	0.02140	0.02568	0.67469	0.01605	0.03317	0.02354	0.02033	0.01284	0.01498	0.01070	0.00856	0.00749	0.00214	0.01498	0.00535	0.00428	0.00963
13	0.01021	0.00738	0.00967	0.01132	0.01203	0.00683	0.00764	0.01185	0.01657	0.02206	0.08727	0.62675	0.08935	0.02516	0.01051	0.00329	0.00473	0.02272	0.00780	0.00683
14	0.01165	0.00834	0.01128	0.01160	0.01241	0.00899	0.00812	0.01336	0.01334	0.01852	0.02747	0.15054	0.02961	0.27593	0.35029	0.00990	0.01455	0.01241	0.00519	0.00650
15	0.22340	0.01558	0.04491	0.01498	0.01829	0.01731	0.01264	0.08833	0.01676	0.02904	0.01698	0.02261	0.01460	0.02760	0.23418	0.00633	0.13413	0.00705	0.04613	0.00914
16	0.02217	0.51269	0.15668	0.01678	0.02453	0.10271	0.01748	0.02608	0.01775	0.02089	0.01232	0.01430	0.01064	0.00742	0.00605	0.00198	0.01020	0.00486	0.00363	0.01085
17	0.76672	0.01607	0.01221	0.01092	0.01607	0.01864	0.00900	0.02442	0.01414	0.03727	0.01157	0.01350	0.00900	0.00771	0.00514	0.00257	0.00643	0.00450	0.00514	0.00900
18	0.01009	0.00735	0.00952	0.01125	0.01197	0.00677	0.00757	0.01160	0.01621	0.02133	0.04963	0.64033	0.11475	0.02553	0.01052	0.00332	0.00476	0.02301	0.00771	0.00677
19	0.01410	0.01058	0.01542	0.01887	0.08113	0.01058	0.01460	0.01804	0.01910	0.02509	0.04115	0.08639	0.04434	0.02139	0.01115	0.00369	0.00787	0.54100	0.00730	0.00820
20	0.01012	0.00723	0.00964	0.01157	0.01205	0.00675	0.00771	0.01157	0.01591	0.02121	0.04579	0.70262	0.05495	0.02603	0.01060	0.00337	0.00482	0.02362	0.00771	0.00675
21	0.01569	0.01477	0.02492	0.68808	0.05722	0.01846	0.02307	0.02123	0.01661	0.02123	0.01477	0.02215	0.01107	0.00831	0.00831	0.00277	0.01107	0.00738	0.00369	0.00923
22	0.03158	0.02327	0.02493	0.01911	0.02576	0.02576	0.01579	0.62852	0.03906	0.05236	0.01995	0.01995	0.01413	0.00997	0.00831	0.00249	0.00914	0.00748	0.00831	0.01413
23	0.01103	0.00723	0.00989	0.01141	0.01179	0.00685	0.00761	0.01141	0.01483	0.01977	0.03915	0.55924	0.04637	0.02663	0.01523	0.16318	0.00533	0.02014	0.00684	0.00608
24	0.03158	0.02327	0.02493	0.01911	0.02576	0.02576	0.01579	0.62852	0.03906	0.05236	0.01995	0.01995	0.01413	0.00997	0.00831	0.00249	0.00914	0.00748	0.00831	0.01413
25	0.01971	0.01887	0.03218	0.16256	0.55132	0.01951	0.02507	0.02475	0.01851	0.02610	0.01548	0.02084	0.01279	0.00756	0.00824	0.00252	0.01008	0.00740	0.00404	0.01247
26	0.01549	0.00774	0.00774	0.00774	0.00968	0.00774	0.00581	0.01936	0.01742	0.03097	0.02710	0.03097	0.02129	0.00968	0.00581	0.00194	0.00387	0.00774	0.75416	0.00774
27	0.02056	0.01974	0.03372	0.05099	0.65622	0.01974	0.02550	0.02550	0.01892	0.02714	0.01563	0.02056	0.01316	0.00740	0.00822	0.00247	0.00987	0.00740	0.00411	0.01316
28	0.01961	0.02241	0.04902	0.03501	0.04342	0.02101	0.62605	0.02661	0.01961	0.02661	0.01681	0.02241	0.01261	0.00700	0.00980	0.00280	0.01401	0.00980	0.00420	0.01120
29	0.00982	0.00842	0.00842	0.00842	0.01122	0.00701	0.00631	0.01192	0.01894	0.02244	0.08416	0.07995	0.65285	0.02104	0.00982	0.00281	0.00421	0.01753	0.00771	0.00701
30	0.01187	0.00890	0.01335	0.01335	0.01483	0.01038	0.01038	0.01483	0.01335	0.01928	0.02225	0.03264	0.02077	0.06231	0.67512	0.01335	0.02225	0.00890	0.00445	0.00742
31	0.01549	0.00774	0.00774	0.00774	0.00968	0.00774	0.00581	0.01936	0.01742	0.03097	0.02710	0.03097	0.02129	0.00968	0.00581	0.00194	0.00387	0.00774	0.75416	0.00774
32	0.01208	0.00805	0.00906	0.00906	0.00906	0.00805	0.00503	0.01208	0.01208	0.01611	0.02618	0.05436	0.03020	0.70804	0.04228	0.00805	0.00805	0.01208	0.00503	0.00503
33	0.01031	0.00736	0.00985	0.01178	0.01235	0.00691	0.00804	0.01189	0.01609	0.02142	0.04568	0.66774	0.05454	0.02585	0.01065	0.00340	0.00498	0.05665	0.00771	0.00680
34	0.01198	0.00847	0.01118	0.01118	0.01192	0.00921	0.00768	0.01344	0.01271	0.01768	0.02423	0.04361	0.02553	0.38843	0.35551	0.01068	0.01508	0.01051	0.00474	0.00621
35	0.01110	0.00835	0.01050	0.01185	0.01349	0.00775	0.00915	0.01352	0.01786	0.02277	0.05665	0.31755	0.23104	0.02353	0.01065	0.00335	0.00556	0.21051	0.00769	0.00712
36	0.02221	0.71304	0.04353	0.01421	0.02132	0.03287	0.01421	0.02488	0.01688	0.01955	0.01155	0.01333	0.01066	0.00711	0.00533	0.00178	0.00888	0.00444	0.00355	0.01066
37	0.03222	0.02224	0.02429	0.01863	0.02525	0.02423	0.01539	0.56223	0.03734	0.12108	0.02139	0.02088	0.01485	0.01001	0.00832	0.00250	0.00891	0.00758	0.00853	0.01413
38	0.02822	0.25466	0.02993	0.01911	0.02429	0.46973	0.01546	0.03052	0.02141	0.02008	0.01243	0.01445	0.01069	0.00810	0.00680	0.00202	0.01303	0.00506	0.00405	0.00996
39	0.01549	0.00774	0.00774	0.00774	0.00968	0.00774	0.00581	0.01936	0.01742	0.03097	0.02710	0.03097	0.02129	0.00968	0.00581	0.00194	0.00387	0.00774	0.75416	0.00774
40	0.01208	0.00805	0.00906	0.00906	0.00906	0.00805	0.00503	0.01208	0.01208	0.01611	0.02618	0.05436	0.03020	0.70804	0.04228	0.00805	0.00805	0.01208	0.00503	0.00503
41	0.02912	0.01770	0.02033	0.01662	0.02238	0.01872	0.01339	0.17242	0.28329	0.26659	0.03036	0.02756	0.02113	0.01062	0.00839	0.00266	0.00732	0.00859	0.00909	0.01373
42	0.03155	0.02417	0.02486	0.01924	0.02576	0.06146	0.01580	0.59578	0.03821	0.05059	0.01955	0.01967	0.01394	0.00989	0.00827	0.00247	0.00946	0.00736	0.00809	0.01388
43	0.01227	0.00945	0.01393	0.01371	0.01504	0.01123	0.01066	0.01505	0.01326	0.01920	0.02170	0.03260	0.02053	0.08513	0.60941	0.01253	0.06352	0.00893	0.00442	0.00743
44	0.11381	0.06169	0.02328	0.01959	0.02443	0.47792	0.01514	0.12066	0.02453	0.02699	0.01370	0.01549	0.01102	0.00862	0.00726	0.00223	0.01290	0.00554	0.00495	0.01027
45	0.01075	0.00852	0.00946	0.00958	0.01187	0.00753	0.00722	0.01312	0.01899	0.02379	0.16304	0.07613	0.43207	0.08934	0.01325	0.00341	0.00494	0.08229	0.00766	0.00702
46	0.04750	0.00813	0.00943	0.01009	0.01052	0.00807	0.00623	0.01248	0.01362	0.01904	0.03286	0.29639	0.03850	0.41779	0.02858	0.00603	0.00676	0.01606	0.00605	0.00587
47	0.01895	0.13769	0.42034	0.02509	0.10217	0.06432	0.02594	0.02606	0.01769	0.02462	0.01411	0.01713	0.01088	0.00818	0.00873	0.00252	0.05414	0.00605	0.00364	0.01177
48	0.10622	0.02278	0.03152	0.03989	0.41120	0.12313	0.09402	0.02672	0.01919	0.02714	0.01487	0.01910	0.01224	0.00757	0.00795	0.00247	0.01078	0.00704	0.00427	0.01190
49	0.20977	0.14948	0.27318	0.05868	0.02692	0.02019	0.01914	0.02405	0.01716	0.02840	0.08525	0.02106	0.01784	0.00876	0.00697	0.00247	0.00915	0.00650	0.00458	0.01046
50	0.06306	0.12468	0.29210	0.01745	0.02560	0.05397	0.01924	0.02594	0.01876	0.11996	0.02911	0.02927	0.12610	0.01050	0.00777	0.00250	0.00940	0.00812	0.00541	0.01106
51	0.06051	0.05857	0.17578	0.06542	0.11518	0.04961	0.01875	0.02616	0.12226	0.02649	0.02722	0.03129	0.08742	0.01454	0.05752	0.00344	0.01016	0.03357	0.00528	0.01081
52	0.12741	0.02347	0.19805	0.06022	0.02551	0.05085	0.01855	0.02184	0.01573	0.02490	0.04027	0.06516	0.01705	0.01722	0.08774	0.00411	0.17988	0.00800	0.00442	0.00961
53	0.10251	0.05653	0.05740	0.13337	0.09010	0.01879	0.01612	0.02968	0.24320	0.02828	0.02266	0.02730	0.01831	0.01175	0.01018	0.07223	0.00822	0.03689	0.00580	0.01068
54	0.01650	0.02681	0.29600	0.07005	0.20936	0.01680	0.02376	0.02304	0.01843	0.02606	0.05614	0.03294	0.08681	0.01070	0.00856	0.00269	0.00991	0.04950	0.00471	0.01123

[dist]
# distance from previous block
# <min> <max>
3	140

[block]
# block no. 2 follows, 22 sequences, length 25
# corresponding to MSA columns:
# 257-281
name=unknown_C
#
# <colnr> <probs for GDERKNQSTAVLIFYWHMCP>
#	G	D	E	R	K	N	Q	S	T	A	V	L	I	F	Y	W	H	M	C	P
0	0.02066	0.13570	0.09266	0.07113	0.15680	0.09310	0.04335	0.02610	0.05353	0.06301	0.01789	0.02194	0.01461	0.01817	0.13155	0.00442	0.01272	0.00711	0.00465	0.01090
1	0.11650	0.01566	0.01709	0.06111	0.02064	0.04909	0.01205	0.18896	0.02119	0.03058	0.01984	0.02836	0.01767	0.13431	0.22379	0.00680	0.01319	0.00814	0.00565	0.00937
2	0.01961	0.14879	0.02568	0.10464	0.02541	0.13031	0.01582	0.02303	0.04262	0.02105	0.02209	0.05180	0.08250	0.01239	0.01414	0.00280	0.23517	0.00829	0.00454	0.00934
3	0.05986	0.03039	0.36321	0.02941	0.20909	0.01823	0.02534	0.02448	0.01720	0.02626	0.01587	0.02013	0.01252	0.01480	0.09432	0.00397	0.01255	0.00676	0.00390	0.01171
4	0.02043	0.22688	0.30911	0.01961	0.02792	0.14394	0.02141	0.02608	0.01807	0.02263	0.01429	0.01733	0.01158	0.01302	0.07119	0.00333	0.01279	0.00578	0.00375	0.01087
5	0.01818	0.22599	0.49526	0.02109	0.03196	0.02300	0.02619	0.02592	0.01736	0.02446	0.01399	0.01639	0.01056	0.00768	0.00719	0.00240	0.01135	0.00568	0.00352	0.01184
6	0.02364	0.01864	0.01995	0.01720	0.02235	0.02113	0.01359	0.15244	0.49425	0.07373	0.03118	0.02879	0.02300	0.01097	0.00842	0.00274	0.00708	0.00898	0.00853	0.01339
7	0.06906	0.08005	0.06589	0.01802	0.02283	0.42129	0.01471	0.02765	0.02124	0.02209	0.02606	0.02702	0.12982	0.01068	0.00766	0.00230	0.01186	0.00755	0.00486	0.00936
8	0.03158	0.02327	0.02493	0.01911	0.02576	0.02576	0.01579	0.62852	0.03906	0.05236	0.01995	0.01995	0.01413	0.00997	0.00831	0.00249	0.00914	0.00748	0.00831	0.01413
9	0.01067	0.00845	0.00959	0.00931	0.01174	0.00738	0.00698	0.01357	0.02094	0.02721	0.33305	0.07210	0.40098	0.01926	0.00981	0.00272	0.00408	0.01643	0.00834	0.00738
10	0.03103	0.03959	0.02354	0.02140	0.02568	0.67469	0.01605	0.03317	0.02354	0.02033	0.01284	0.01498	0.01070	0.00856	0.00749	0.00214	0.01498	0.00535	0.00428	0.00963
11	0.03158	0.02327	0.02493	0.01911	0.02576	0.02576	0.01579	0.62852	0.03906	0.05236	0.01995	0.01995	0.01413	0.00997	0.00831	0.00249	0.00914	0.00748	0.00831	0.01413
12	0.02221	0.71304	0.04353	0.01421	0.02132	0.03287	0.01421	0.02488	0.01688	0.01955	0.01155	0.01333	0.01066	0.00711	0.00533	0.00178	0.00888	0.00444	0.00355	0.01066
13	0.02877	0.16360	0.02735	0.02009	0.02468	0.52390	0.01581	0.03099	0.02178	0.02017	0.01251	0.01483	0.01070	0.00858	0.00805	0.00215	0.04686	0.00528	0.00411	0.00980
14	0.01012	0.00723	0.00964	0.01157	0.01205	0.00675	0.00771	0.01157	0.01591	0.02121	0.04579	0.70262	0.05495	0.02603	0.01060	0.00337	0.00482	0.02362	0.00771	0.00675
15	0.01170	0.00838	0.01137	0.01164	0.01248	0.00908	0.00819	0.01344	0.01327	0.01847	0.02688	0.13360	0.02876	0.27742	0.36655	0.01015	0.01498	0.01204	0.00510	0.00651
16	0.02066	0.01785	0.01878	0.01691	0.02160	0.02066	0.01315	0.04414	0.64121	0.03475	0.03381	0.03099	0.02536	0.01127	0.00845	0.00282	0.00657	0.00939	0.00845	0.01315
17	0.16332	0.01821	0.01834	0.01606	0.02109	0.02094	0.01271	0.11616	0.44444	0.03751	0.02780	0.02625	0.02081	0.01043	0.00781	0.00273	0.00688	0.00822	0.00781	0.01249
18	0.01818	0.01818	0.02545	0.02181	0.02181	0.02545	0.01818	0.01999	0.01272	0.01999	0.01091	0.01818	0.01091	0.01454	0.02726	0.00364	0.69284	0.00727	0.00364	0.00909
19	0.02742	0.01205	0.01556	0.01264	0.01767	0.01039	0.01020	0.03039	0.02243	0.42924	0.10408	0.04551	0.19851	0.01384	0.00889	0.00264	0.00600	0.01148	0.00948	0.01161
20	0.01042	0.00825	0.00866	0.00878	0.01071	0.00727	0.00607	0.01194	0.01697	0.02073	0.06678	0.11200	0.45473	0.19898	0.01826	0.00420	0.00524	0.01650	0.00702	0.00648
21	0.02465	0.52809	0.03816	0.01604	0.02252	0.16788	0.01470	0.06411	0.01966	0.02175	0.01234	0.01409	0.01088	0.00759	0.00597	0.00190	0.01019	0.00482	0.00400	0.01066
22	0.02299	0.09538	0.10932	0.02176	0.07415	0.29297	0.01783	0.02784	0.05156	0.02332	0.02121	0.03398	0.01988	0.01159	0.00833	0.00261	0.01158	0.13856	0.00505	0.01009
23	0.11416	0.03787	0.53667	0.02392	0.07633	0.01924	0.02752	0.02601	0.01719	0.02779	0.01452	0.01722	0.01051	0.00784	0.00756	0.00261	0.01135	0.00601	0.00376	0.01191
24	0.02757	0.02969	0.02304	0.05535	0.05370	0.37292	0.01600	0.15145	0.02482	0.02816	0.01568	0.01829	0.01251	0.00931	0.00897	0.00235	0.06006	0.00633	0.07332	0.01047

[dist]
# distance from previous block
# <min> <max>
0	1

[block]
# block no. 3 follows, 22 sequences, length 17
# corresponding to MSA columns:
# 283-299
name=unknown_D
#
# <colnr> <probs for GDERKNQSTAVLIFYWHMCP>
#	G	D	E	R	K	N	Q	S	T	A	V	L	I	F	Y	W	H	M	C	P
0	0.02356	0.15560	0.30636	0.02071	0.02920	0.20953	0.02192	0.06423	0.02070	0.05387	0.01484	0.01671	0.01127	0.00818	0.00738	0.00233	0.01204	0.00580	0.00433	0.01143
1	0.01128	0.00812	0.01068	0.01078	0.01231	0.00752	0.00780	0.01447	0.02129	0.02977	0.47425	0.24976	0.07152	0.01963	0.01003	0.00284	0.00418	0.01754	0.00872	0.00752
2	0.01033	0.00844	0.00913	0.00896	0.01154	0.00723	0.00672	0.01292	0.02015	0.02533	0.23477	0.07520	0.50043	0.01996	0.00981	0.00275	0.00413	0.01687	0.00809	0.00723
3	0.02056	0.01974	0.03372	0.05099	0.65622	0.01974	0.02550	0.02550	0.01892	0.02714	0.01563	0.02056	0.01316	0.00740	0.00822	0.00247	0.00987	0.00740	0.00411	0.01316
4	0.01012	0.00723	0.00964	0.01157	0.01205	0.00675	0.00771	0.01157	0.01591	0.02121	0.04579	0.70262	0.05495	0.02603	0.01060	0.00337	0.00482	0.02362	0.00771	0.00675
5	0.02047	0.01998	0.03513	0.04952	0.59978	0.01986	0.08080	0.02560	0.01898	0.02709	0.01573	0.02073	0.01311	0.00737	0.00837	0.00250	0.01025	0.00762	0.00412	0.01298
6	0.02997	0.01815	0.02089	0.01667	0.02254	0.01904	0.01355	0.26833	0.16274	0.25280	0.06456	0.02762	0.02251	0.01077	0.00844	0.00260	0.00758	0.00863	0.00905	0.01355
7	0.01140	0.00827	0.01079	0.01085	0.01253	0.00766	0.00803	0.01470	0.02144	0.02977	0.46375	0.20285	0.09761	0.01943	0.01006	0.00285	0.00432	0.04745	0.00869	0.00756
8	0.03158	0.02327	0.02493	0.01911	0.02576	0.02576	0.01579	0.62852	0.03906	0.05236	0.01995	0.01995	0.01413	0.00997	0.00831	0.00249	0.00914	0.00748	0.00831	0.01413
9	0.01723	0.01477	0.01723	0.01230	0.01969	0.01107	0.00984	0.02092	0.01723	0.02707	0.01477	0.01723	0.01230	0.00615	0.00615	0.00123	0.00615	0.00492	0.00492	0.75883
10	0.01047	0.00738	0.00954	0.01112	0.01152	0.00698	0.00723	0.01166	0.01522	0.02030	0.04229	0.58716	0.05054	0.14750	0.01625	0.00421	0.00540	0.02156	0.00723	0.00644
11	0.02056	0.01974	0.03372	0.05099	0.65622	0.01974	0.02550	0.02550	0.01892	0.02714	0.01563	0.02056	0.01316	0.00740	0.00822	0.00247	0.00987	0.00740	0.00411	0.01316
12	0.01433	0.01346	0.01245	0.01216	0.01466	0.11377	0.00927	0.01728	0.02128	0.02647	0.28414	0.09724	0.23449	0.01797	0.00966	0.00276	0.00621	0.07690	0.00771	0.00780
13	0.02231	0.02472	0.02962	0.03232	0.24493	0.22556	0.12666	0.02656	0.02124	0.02587	0.11613	0.02572	0.02265	0.00922	0.00852	0.00245	0.01128	0.00839	0.00498	0.01085
14	0.01890	0.13035	0.02316	0.12141	0.02581	0.01804	0.01374	0.11706	0.01968	0.02719	0.01673	0.02124	0.01402	0.01979	0.15599	0.00447	0.01146	0.00653	0.00493	0.22950
15	0.02310	0.02017	0.01934	0.01812	0.04797	0.12666	0.01357	0.09047	0.31271	0.06865	0.06280	0.03179	0.02499	0.01131	0.00832	0.00263	0.00810	0.03994	0.05758	0.01176
16	0.01829	0.03124	0.33634	0.02598	0.03516	0.02039	0.21018	0.02888	0.11709	0.02738	0.01827	0.02121	0.01354	0.00854	0.00968	0.00277	0.05080	0.00785	0.00451	0.01190

[dist]
# distance from previous block
# <min> <max>
1	35

[block]
# block no. 4 follows, 22 sequences, length 13
# corresponding to MSA columns:
# 335-347
name=unknown_E
#
# <colnr> <probs for GDERKNQSTAVLIFYWHMCP>
#	G	D	E	R	K	N	Q	S	T	A	V	L	I	F	Y	W	H	M	C	P
0	0.02571	0.09712	0.19074	0.02381	0.08010	0.39675	0.02043	0.03006	0.02104	0.02236	0.01349	0.01596	0.01086	0.00817	0.00747	0.00226	0.01334	0.00564	0.00401	0.01069
1	0.01930	0.03472	0.45179	0.02998	0.19397	0.01885	0.02789	0.02722	0.01839	0.07693	0.01651	0.01917	0.01200	0.00796	0.00801	0.00258	0.01125	0.00664	0.00420	0.01265
2	0.02779	0.28847	0.03104	0.01861	0.02407	0.39969	0.01536	0.06397	0.02195	0.02186	0.01277	0.01465	0.01088	0.00810	0.00674	0.00203	0.01239	0.00513	0.00424	0.01027
3	0.01666	0.04297	0.66500	0.02368	0.03596	0.01929	0.03069	0.02631	0.01754	0.02631	0.01491	0.01754	0.01052	0.00789	0.00789	0.00263	0.01228	0.00614	0.00351	0.01228
4	0.01187	0.00890	0.01335	0.01335	0.01483	0.01038	0.01038	0.01483	0.01335	0.01928	0.02225	0.03264	0.02077	0.06231	0.67512	0.01335	0.02225	0.00890	0.00445	0.00742
5	0.02301	0.06136	0.02001	0.01642	0.01995	0.23396	0.01255	0.15126	0.02212	0.02603	0.01884	0.02738	0.01736	0.15981	0.14847	0.00563	0.01347	0.00781	0.00528	0.00928
6	0.00982	0.00842	0.00842	0.00842	0.01122	0.00701	0.00631	0.01192	0.01894	0.02244	0.08416	0.07995	0.65285	0.02104	0.00982	0.00281	0.00421	0.01753	0.00771	0.00701
7	0.01569	0.01477	0.02492	0.68808	0.05722	0.01846	0.02307	0.02123	0.01661	0.02123	0.01477	0.02215	0.01107	0.00831	0.00831	0.00277	0.01107	0.00738	0.00369	0.00923
8	0.02056	0.01974	0.03372	0.05099	0.65622	0.01974	0.02550	0.02550	0.01892	0.02714	0.01563	0.02056	0.01316	0.00740	0.00822	0.00247	0.00987	0.00740	0.00411	0.01316
9	0.02112	0.02133	0.03148	0.12786	0.51040	0.09275	0.02414	0.02582	0.01914	0.02564	0.01521	0.02014	0.01262	0.00765	0.00815	0.00247	0.01059	0.00717	0.00408	0.01227
10	0.01022	0.00843	0.00898	0.00884	0.01147	0.00719	0.00663	0.01271	0.01989	0.02471	0.20256	0.07622	0.53303	0.02019	0.00981	0.00277	0.00415	0.01701	0.00801	0.00719
11	0.01187	0.00890	0.01335	0.01335	0.01483	0.01038	0.01038	0.01483	0.01335	0.01928	0.02225	0.03264	0.02077	0.06231	0.67512	0.01335	0.02225	0.00890	0.00445	0.00742
12	0.01778	0.03540	0.44802	0.02597	0.03656	0.01986	0.18189	0.02801	0.07491	0.02716	0.01712	0.02002	0.01241	0.00797	0.00843	0.00269	0.01220	0.00738	0.00414	0.01208

[dist]
# distance from previous block
# <min> <max>
6	11

[block]
# block no. 5 follows, 22 sequences, length 112
# corresponding to MSA columns:
# 359-470
name=unknown_F
#
# <colnr> <probs for GDERKNQSTAVLIFYWHMCP>
#	G	D	E	R	K	N	Q	S	T	A	V	L	I	F	Y	W	H	M	C	P
0	0.03052	0.03684	0.02423	0.02277	0.05976	0.57249	0.01653	0.09406	0.02489	0.02400	0.01372	0.01579	0.01119	0.00864	0.00761	0.00219	0.01410	0.00568	0.00469	0.01028
1	0.10407	0.01916	0.01811	0.01713	0.05195	0.14046	0.01273	0.14693	0.02159	0.03065	0.01885	0.02312	0.01552	0.02187	0.16636	0.00496	0.03868	0.00712	0.13093	0.00980
2	0.01195	0.00853	0.01045	0.01062	0.01195	0.00815	0.00768	0.01417	0.01784	0.02392	0.23078	0.06754	0.12557	0.27599	0.02222	0.00490	0.00622	0.12771	0.00715	0.00666
3	0.01666	0.04297	0.66500	0.02368	0.03596	0.01929	0.03069	0.02631	0.01754	0.02631	0.01491	0.01754	0.01052	0.00789	0.00789	0.00263	0.01228	0.00614	0.00351	0.01228
4	0.01208	0.00805	0.00906	0.00906	0.00906	0.00805	0.00503	0.01208	0.01208	0.01611	0.02618	0.05436	0.03020	0.70804	0.04228	0.00805	0.00805	0.01208	0.00503	0.00503
5	0.01012	0.00723	0.00964	0.01157	0.01205	0.00675	0.00771	0.01157	0.01591	0.02121	0.04579	0.70262	0.05495	0.02603	0.01060	0.00337	0.00482	0.02362	0.00771	0.00675
6	0.01176	0.00849	0.01110	0.01045	0.01241	0.00784	0.00784	0.01568	0.02352	0.03331	0.65184	0.06206	0.07839	0.01698	0.00980	0.00261	0.00392	0.01502	0.00914	0.00784
7	0.02676	0.01862	0.01978	0.01571	0.02094	0.02037	0.01280	0.44606	0.03258	0.04595	0.02209	0.02325	0.01627	0.00988	0.00756	0.00233	0.00756	0.00756	0.23171	0.01222
8	0.01707	0.01614	0.02582	0.01902	0.02586	0.01352	0.19416	0.02148	0.01778	0.02622	0.01916	0.10235	0.01759	0.00883	0.00779	0.00196	0.00834	0.00866	0.00505	0.44319
9	0.01228	0.00928	0.01321	0.01300	0.01410	0.01081	0.00978	0.01459	0.01306	0.01869	0.02236	0.03611	0.02207	0.18806	0.51097	0.01172	0.05892	0.00944	0.00452	0.00704
10	0.01775	0.07262	0.50339	0.02880	0.16262	0.02008	0.02878	0.02607	0.01779	0.02613	0.01488	0.01794	0.01107	0.00775	0.00783	0.00255	0.01161	0.00631	0.00363	0.01238
11	0.01012	0.00723	0.00964	0.01157	0.01205	0.00675	0.00771	0.01157	0.01591	0.02121	0.04579	0.70262	0.05495	0.02603	0.01060	0.00337	0.00482	0.02362	0.00771	0.00675
12	0.01012	0.00723	0.00964	0.01157	0.01205	0.00675	0.00771	0.01157	0.01591	0.02121	0.04579	0.70262	0.05495	0.02603	0.01060	0.00337	0.00482	0.02362	0.00771	0.00675
13	0.01977	0.01711	0.02456	0.44086	0.07270	0.02028	0.02047	0.14896	0.09748	0.02953	0.01819	0.02270	0.01353	0.00897	0.00832	0.00270	0.01008	0.00765	0.00524	0.01089
14	0.03701	0.01456	0.01954	0.01498	0.02142	0.01284	0.01238	0.06799	0.02449	0.63347	0.03217	0.02789	0.02026	0.01027	0.00835	0.00257	0.00717	0.00831	0.01019	0.01414
15	0.01061	0.00760	0.01011	0.01150	0.01235	0.00710	0.00799	0.01269	0.01766	0.02393	0.17394	0.54026	0.05959	0.02398	0.01047	0.00323	0.00475	0.04721	0.00801	0.00702
16	0.01666	0.04297	0.66500	0.02368	0.03596	0.01929	0.03069	0.02631	0.01754	0.02631	0.01491	0.01754	0.01052	0.00789	0.00789	0.00263	0.01228	0.00614	0.00351	0.01228
17	0.01208	0.00805	0.00906	0.00906	0.00906	0.00805	0.00503	0.01208	0.01208	0.01611	0.02618	0.05436	0.03020	0.70804	0.04228	0.00805	0.00805	0.01208	0.00503	0.00503
18	0.01012	0.00723	0.00964	0.01157	0.01205	0.00675	0.00771	0.01157	0.01591	0.02121	0.04579	0.70262	0.05495	0.02603	0.01060	0.00337	0.00482	0.02362	0.00771	0.00675
19	0.02402	0.51084	0.07530	0.01651	0.02324	0.18717	0.01563	0.02697	0.01853	0.02013	0.01206	0.01397	0.01066	0.00750	0.00600	0.00191	0.01056	0.00476	0.00373	0.01051
20	0.02379	0.01456	0.01790	0.01312	0.02018	0.01145	0.01062	0.02732	0.01937	0.23494	0.02066	0.02084	0.01501	0.00750	0.00687	0.00167	0.00645	0.00605	0.00668	0.51502
21	0.01081	0.00845	0.00979	0.00945	0.01183	0.00743	0.00709	0.01384	0.02127	0.02798	0.37350	0.07083	0.36005	0.01897	0.00981	0.00271	0.00406	0.01625	0.00844	0.00743
22	0.00992	0.00801	0.00884	0.00950	0.01151	0.00692	0.00680	0.01180	0.01789	0.02202	0.07091	0.29493	0.44643	0.02276	0.01009	0.00300	0.00442	0.01963	0.00771	0.00692
23	0.01012	0.00723	0.00964	0.01157	0.01205	0.00675	0.00771	0.01157	0.01591	0.02121	0.04579	0.70262	0.05495	0.02603	0.01060	0.00337	0.00482	0.02362	0.00771	0.00675
24	0.03103	0.03959	0.02354	0.02140	0.02568	0.67469	0.01605	0.03317	0.02354	0.02033	0.01284	0.01498	0.01070	0.00856	0.00749	0.00214	0.01498	0.00535	0.00428	0.00963
25	0.01025	0.00856	0.00902	0.00926	0.01195	0.00732	0.00717	0.01257	0.01896	0.02274	0.07926	0.08163	0.57908	0.02127	0.01002	0.00293	0.00463	0.08859	0.00771	0.00709
26	0.02056	0.01974	0.03372	0.05099	0.65622	0.01974	0.02550	0.02550	0.01892	0.02714	0.01563	0.02056	0.01316	0.00740	0.00822	0.00247	0.00987	0.00740	0.00411	0.01316
27	0.01208	0.00805	0.00906	0.00906	0.00906	0.00805	0.00503	0.01208	0.01208	0.01611	0.02618	0.05436	0.03020	0.70804	0.04228	0.00805	0.00805	0.01208	0.00503	0.00503
28	0.02221	0.71304	0.04353	0.01421	0.02132	0.03287	0.01421	0.02488	0.01688	0.01955	0.01155	0.01333	0.01066	0.00711	0.00533	0.00178	0.00888	0.00444	0.00355	0.01066
29	0.01187	0.00890	0.01335	0.01335	0.01483	0.01038	0.01038	0.01483	0.01335	0.01928	0.02225	0.03264	0.02077	0.06231	0.67512	0.01335	0.02225	0.00890	0.00445	0.00742
30	0.01978	0.01440	0.01538	0.01362	0.01770	0.04845	0.01048	0.07228	0.14789	0.12366	0.07040	0.15549	0.15825	0.01524	0.00888	0.00266	0.00635	0.01286	0.00792	0.07830
31	0.02658	0.20477	0.13110	0.02001	0.02626	0.41289	0.01795	0.03005	0.02095	0.02110	0.01286	0.01499	0.01066	0.00810	0.00703	0.00213	0.01306	0.00525	0.00398	0.01031
32	0.01715	0.01643	0.02677	0.42874	0.16929	0.02010	0.02258	0.02183	0.01630	0.02216	0.01417	0.02104	0.01146	0.00937	0.01206	0.00288	0.14657	0.00736	0.00376	0.00998
33	0.02051	0.01988	0.03451	0.05016	0.62442	0.01980	0.05666	0.02555	0.01895	0.02711	0.01569	0.02066	0.01313	0.00738	0.00831	0.00248	0.01008	0.00753	0.00412	0.01306
34	0.01012	0.00723	0.00964	0.01157	0.01205	0.00675	0.00771	0.01157	0.01591	0.02121	0.04579	0.70262	0.05495	0.02603	0.01060	0.00337	0.00482	0.02362	0.00771	0.00675
35	0.00982	0.00842	0.00842	0.00842	0.01122	0.00701	0.00631	0.01192	0.01894	0.02244	0.08416	0.07995	0.65285	0.02104	0.00982	0.00281	0.00421	0.01753	0.00771	0.00701
36	0.01060	0.00746	0.00960	0.01101	0.01147	0.00707	0.00719	0.01189	0.01555	0.02085	0.07463	0.53895	0.05129	0.16132	0.01687	0.00426	0.00542	0.02086	0.00726	0.00647
37	0.01902	0.01958	0.03317	0.03102	0.15369	0.02317	0.17631	0.02279	0.01573	0.02312	0.01337	0.01974	0.01179	0.01118	0.01897	0.00319	0.38189	0.00795	0.00388	0.01044
38	0.01012	0.00723	0.00964	0.01157	0.01205	0.00675	0.00771	0.01157	0.01591	0.02121	0.04579	0.70262	0.05495	0.02603	0.01060	0.00337	0.00482	0.02362	0.00771	0.00675
39	0.01973	0.01704	0.01790	0.01618	0.02071	0.01949	0.01256	0.04138	0.58788	0.03370	0.03813	0.03519	0.07914	0.01211	0.00857	0.00282	0.00637	0.01009	0.00839	0.01262
40	0.02221	0.71304	0.04353	0.01421	0.02132	0.03287	0.01421	0.02488	0.01688	0.01955	0.01155	0.01333	0.01066	0.00711	0.00533	0.00178	0.00888	0.00444	0.00355	0.01066
41	0.01666	0.04297	0.66500	0.02368	0.03596	0.01929	0.03069	0.02631	0.01754	0.02631	0.01491	0.01754	0.01052	0.00789	0.00789	0.00263	0.01228	0.00614	0.00351	0.01228
42	0.02193	0.67862	0.07546	0.01470	0.02207	0.03217	0.01506	0.02495	0.01691	0.01989	0.01172	0.01354	0.01065	0.00715	0.00546	0.00182	0.00906	0.00453	0.00355	0.01074
43	0.76672	0.01607	0.01221	0.01092	0.01607	0.01864	0.00900	0.02442	0.01414	0.03727	0.01157	0.01350	0.00900	0.00771	0.00514	0.00257	0.00643	0.00450	0.00514	0.00900
44	0.02221	0.71304	0.04353	0.01421	0.02132	0.03287	0.01421	0.02488	0.01688	0.01955	0.01155	0.01333	0.01066	0.00711	0.00533	0.00178	0.00888	0.00444	0.00355	0.01066
45	0.02066	0.01785	0.01878	0.01691	0.02160	0.02066	0.01315	0.04414	0.64121	0.03475	0.03381	0.03099	0.02536	0.01127	0.00845	0.00282	0.00657	0.00939	0.00845	0.01315
46	0.03158	0.02327	0.02493	0.01911	0.02576	0.02576	0.01579	0.62852	0.03906	0.05236	0.01995	0.01995	0.01413	0.00997	0.00831	0.00249	0.00914	0.00748	0.00831	0.01413
47	0.01666	0.04297	0.66500	0.02368	0.03596	0.01929	0.03069	0.02631	0.01754	0.02631	0.01491	0.01754	0.01052	0.00789	0.00789	0.00263	0.01228	0.00614	0.00351	0.01228
48	0.02066	0.01785	0.01878	0.01691	0.02160	0.02066	0.01315	0.04414	0.64121	0.03475	0.03381	0.03099	0.02536	0.01127	0.00845	0.00282	0.00657	0.00939	0.00845	0.01315
49	0.01550	0.01077	0.01207	0.01105	0.01230	0.01129	0.00720	0.12069	0.01689	0.02265	0.02488	0.04719	0.02689	0.55204	0.06881	0.00735	0.00897	0.01111	0.00558	0.00676
50	0.01087	0.00846	0.00988	0.00952	0.01187	0.00746	0.00714	0.01397	0.02143	0.02836	0.39317	0.07021	0.34014	0.01883	0.00981	0.00270	0.00405	0.01617	0.00849	0.00746
51	0.02049	0.01725	0.02564	0.26389	0.23658	0.01906	0.02025	0.14712	0.02206	0.03070	0.01761	0.02226	0.01361	0.00853	0.00798	0.00251	0.00941	0.00745	0.09628	0.01131
52	0.00993	0.00842	0.00857	0.00854	0.01129	0.00706	0.00640	0.01214	0.01921	0.02308	0.11759	0.07890	0.61902	0.02080	0.00982	0.00279	0.00419	0.01739	0.00780	0.00706
53	0.01020	0.00843	0.00895	0.00882	0.01146	0.00718	0.00662	0.01267	0.01985	0.02461	0.19718	0.07639	0.53848	0.02023	0.00981	0.00277	0.00415	0.01703	0.00800	0.00718
54	0.01176	0.00849	0.01110	0.01045	0.01241	0.00784	0.00784	0.01568	0.02352	0.03331	0.65184	0.06206	0.07839	0.01698	0.00980	0.00261	0.00392	0.01502	0.00914	0.00784
55	0.02261	0.68225	0.04262	0.01454	0.02152	0.06221	0.01430	0.02525	0.01718	0.01958	0.01161	0.01340	0.01066	0.00717	0.00543	0.00179	0.00916	0.00448	0.00359	0.01061
56	0.01266	0.00921	0.01307	0.01287	0.01424	0.01074	0.00993	0.01550	0.01374	0.02056	0.02246	0.03293	0.02086	0.09134	0.52124	0.01112	0.05541	0.00886	0.09585	0.00741
57	0.01190	0.00876	0.01266	0.01266	0.01391	0.01001	0.00952	0.01439	0.01315	0.01877	0.02288	0.03613	0.02228	0.16604	0.57346	0.01250	0.01997	0.00941	0.00454	0.00703
58	0.01612	0.01224	0.01628	0.01494	0.01737	0.01423	0.01186	0.13728	0.01844	0.02591	0.02120	0.02936	0.01893	0.04941	0.50874	0.01069	0.05444	0.00853	0.00518	0.00884
59	0.01784	0.03514	0.43731	0.02954	0.10397	0.01979	0.18521	0.02630	0.01822	0.02648	0.01548	0.01913	0.01135	0.00761	0.00843	0.00266	0.01247	0.00723	0.00375	0.01209
60	0.01000	0.00848	0.00867	0.00877	0.01153	0.00715	0.00668	0.01220	0.01895	0.02257	0.08207	0.08066	0.62145	0.02114	0.00990	0.00286	0.00439	0.04777	0.00771	0.00705
61	0.01743	0.01275	0.01579	0.01427	0.01715	0.01436	0.01120	0.16446	0.05678	0.02893	0.02297	0.03047	0.01997	0.07563	0.38890	0.00893	0.01596	0.00866	0.06612	0.00927
62	0.01997	0.01913	0.03265	0.12867	0.58319	0.01958	0.02520	0.02497	0.01864	0.02642	0.01552	0.02075	0.01290	0.00751	0.00823	0.00250	0.01002	0.00740	0.00406	0.01268
63	0.01012	0.00723	0.00964	0.01157	0.01205	0.00675	0.00771	0.01157	0.01591	0.02121	0.04579	0.70262	0.05495	0.02603	0.01060	0.00337	0.00482	0.02362	0.00771	0.00675
64	0.01666	0.04297	0.66500	0.02368	0.03596	0.01929	0.03069	0.02631	0.01754	0.02631	0.01491	0.01754	0.01052	0.00789	0.00789	0.00263	0.01228	0.00614	0.00351	0.01228
65	0.02056	0.01974	0.03372	0.05099	0.65622	0.01974	0.02550	0.02550	0.01892	0.02714	0.01563	0.02056	0.01316	0.00740	0.00822	0.00247	0.00987	0.00740	0.00411	0.01316
66	0.01353	0.01135	0.01655	0.01559	0.01668	0.01437	0.01244	0.01620	0.01319	0.01947	0.01925	0.02881	0.01816	0.04968	0.50388	0.01078	0.19950	0.00847	0.00423	0.00786
67	0.02508	0.02004	0.02127	0.01780	0.02328	0.02273	0.01422	0.28051	0.39766	0.04187	0.02820	0.02653	0.02082	0.01075	0.00840	0.00269	0.00761	0.00862	0.00840	0.01355
68	0.01208	0.00805	0.00906	0.00906	0.00906	0.00805	0.00503	0.01208	0.01208	0.01611	0.02618	0.05436	0.03020	0.70804	0.04228	0.00805	0.00805	0.01208	0.00503	0.00503
69	0.01201	0.01025	0.01748	0.01624	0.01829	0.00959	0.13082	0.01456	0.01664	0.02228	0.04002	0.56719	0.04652	0.02224	0.01044	0.00326	0.00665	0.02087	0.00701	0.00763
70	0.02631	0.02813	0.02856	0.02318	0.02840	0.27039	0.13884	0.15043	0.10009	0.02970	0.01742	0.01973	0.01357	0.00944	0.01017	0.00257	0.07897	0.00735	0.00551	0.01122
71	0.03103	0.03959	0.02354	0.02140	0.02568	0.67469	0.01605	0.03317	0.02354	0.02033	0.01284	0.01498	0.01070	0.00856	0.00749	0.00214	0.01498	0.00535	0.00428	0.00963
72	0.02538	0.47111	0.03635	0.01680	0.02289	0.26344	0.01487	0.02786	0.01927	0.01983	0.01201	0.01392	0.01068	0.00763	0.00611	0.00191	0.01107	0.00477	0.00381	0.01029
73	0.01258	0.00968	0.01420	0.01387	0.01524	0.01162	0.01089	0.01549	0.01347	0.01984	0.02144	0.03127	0.01991	0.05582	0.58899	0.01200	0.08156	0.00871	0.03584	0.00758
74	0.02764	0.03247	0.02198	0.01993	0.02435	0.46059	0.01510	0.03676	0.22574	0.02505	0.01971	0.02022	0.01550	0.00945	0.00781	0.00236	0.01223	0.00667	0.00565	0.01078
75	0.01193	0.00865	0.01207	0.01207	0.01311	0.00969	0.00878	0.01401	0.01297	0.01833	0.02343	0.03914	0.02359	0.25572	0.48557	0.01176	0.01800	0.00985	0.00463	0.00670
76	0.01208	0.00805	0.00906	0.00906	0.00906	0.00805	0.00503	0.01208	0.01208	0.01611	0.02618	0.05436	0.03020	0.70804	0.04228	0.00805	0.00805	0.01208	0.00503	0.00503
77	0.02658	0.01884	0.02028	0.01605	0.02164	0.02014	0.01309	0.43431	0.03286	0.08096	0.03428	0.03336	0.14611	0.01225	0.00849	0.00253	0.00772	0.00961	0.04860	0.01232
78	0.01022	0.00765	0.00954	0.01100	0.01212	0.00696	0.00767	0.01196	0.01682	0.02171	0.05511	0.51686	0.20134	0.02464	0.01046	0.00326	0.00482	0.05328	0.00771	0.00686
79	0.01794	0.01930	0.04008	0.03230	0.10127	0.01822	0.44823	0.02369	0.01884	0.02566	0.02209	0.14915	0.02056	0.01059	0.00979	0.00287	0.01186	0.01213	0.00485	0.01058
80	0.03158	0.02327	0.02493	0.01911	0.02576	0.02576	0.01579	0.62852	0.03906	0.05236	0.01995	0.01995	0.01413	0.00997	0.00831	0.00249	0.00914	0.00748	0.00831	0.01413
81	0.02288	0.02444	0.19756	0.01854	0.02571	0.01914	0.01797	0.06863	0.33564	0.13744	0.02771	0.02626	0.01989	0.01011	0.00827	0.00271	0.00836	0.00822	0.00738	0.01312
82	0.01318	0.01119	0.01171	0.01121	0.01443	0.01113	0.00850	0.02175	0.20542	0.02663	0.09651	0.09243	0.40845	0.01813	0.00944	0.00282	0.00493	0.01524	0.00801	0.00888
83	0.01169	0.00789	0.00918	0.00956	0.00966	0.00779	0.00557	0.01198	0.01284	0.01712	0.03008	0.18343	0.03513	0.57226	0.03598	0.00712	0.00741	0.01438	0.00557	0.00537
84	0.03158	0.02327	0.02493	0.01911	0.02576	0.02576	0.01579	0.62852	0.03906	0.05236	0.01995	0.01995	0.01413	0.00997	0.00831	0.00249	0.00914	0.00748	0.00831	0.01413
85	0.01208	0.00805	0.00906	0.00906	0.00906	0.00805	0.00503	0.01208	0.01208	0.01611	0.02618	0.05436	0.03020	0.70804	0.04228	0.00805	0.00805	0.01208	0.00503	0.00503
86	0.01187	0.00890	0.01335	0.01335	0.01483	0.01038	0.01038	0.01483	0.01335	0.01928	0.02225	0.03264	0.02077	0.06231	0.67512	0.01335	0.02225	0.00890	0.00445	0.00742
87	0.01012	0.00723	0.00964	0.01157	0.01205	0.00675	0.00771	0.01157	0.01591	0.02121	0.04579	0.70262	0.05495	0.02603	0.01060	0.00337	0.00482	0.02362	0.00771	0.00675
