[name]
unknown

[dist]
# distance from previous block
# <min> <max>
0	3

[block]
# block no. 0 follows, 22 sequences, length 11
# corresponding to MSA columns:
# 3-13
name=unknown_A
#
# <colnr> <probs for GDERKNQSTAVLIFYWHMCP>
#	G	D	E	R	K	N	Q	S	T	A	V	L	I	F	Y	W	H	M	C	P
0	0.01939	0.01367	0.02036	0.17801	0.12365	0.01405	0.01675	0.02440	0.04463	0.13228	0.03073	0.04727	0.05442	0.01350	0.00921	0.00292	0.00840	0.18668	0.00651	0.05314
1	0.13236	0.01206	0.01489	0.01801	0.12349	0.01213	0.01118	0.05616	0.01830	0.02704	0.04186	0.29851	0.16721	0.01784	0.00902	0.00291	0.00608	0.01547	0.00673	0.00873
2	0.01474	0.00946	0.01180	0.01124	0.01329	0.01007	0.00864	0.06371	0.01836	0.02805	0.13099	0.03576	0.02999	0.03076	0.24846	0.04158	0.01105	0.00936	0.26475	0.00794
3	0.16590	0.02086	0.12368	0.22361	0.14438	0.01923	0.02022	0.02732	0.12342	0.02854	0.01756	0.02095	0.01338	0.00847	0.00763	0.00266	0.00937	0.00696	0.00484	0.01102
4	0.10495	0.01264	0.01685	0.18926	0.02645	0.01494	0.01363	0.06589	0.01685	0.02622	0.01905	0.02576	0.01596	0.02788	0.24356	0.00637	0.04348	0.00763	0.11392	0.00872
5	0.01530	0.00982	0.01226	0.01313	0.05539	0.00866	0.00895	0.01760	0.01895	0.13172	0.06065	0.23343	0.34330	0.01964	0.00967	0.00289	0.00523	0.01692	0.00792	0.00856
6	0.01099	0.00770	0.00974	0.01063	0.01124	0.00733	0.00695	0.01247	0.01618	0.02192	0.15076	0.39570	0.05198	0.22417	0.01974	0.00461	0.00560	0.01867	0.00719	0.00644
7	0.02041	0.01728	0.02645	0.35547	0.20078	0.01917	0.02133	0.11474	0.02095	0.05752	0.01660	0.02142	0.01258	0.00830	0.00816	0.00255	0.01001	0.00731	0.00487	0.05410
8	0.01549	0.01060	0.01253	0.01158	0.01444	0.01008	0.00877	0.09577	0.02284	0.07957	0.24801	0.18287	0.21847	0.01841	0.00965	0.00279	0.00510	0.01587	0.00846	0.00871
9	0.01043	0.00736	0.00955	0.01117	0.01158	0.00695	0.00729	0.01165	0.01530	0.02040	0.04270	0.60056	0.05105	0.13341	0.01559	0.00411	0.00533	0.02180	0.00729	0.00648
10	0.01091	0.00783	0.01001	0.01089	0.01169	0.00763	0.00734	0.01247	0.01552	0.02083	0.08923	0.36619	0.09275	0.18758	0.10454	0.00566	0.00773	0.01787	0.00678	0.00655

[dist]
# distance from previous block
# <min> <max>
0	12

[block]
# block no. 1 follows, 22 sequences, length 14
# corresponding to MSA columns:
# 26-39
name=unknown_B
#
# <colnr> <probs for GDERKNQSTAVLIFYWHMCP>
#	G	D	E	R	K	N	Q	S	T	A	V	L	I	F	Y	W	H	M	C	P
0	0.01245	0.00950	0.01106	0.01081	0.01262	0.00933	0.00749	0.01592	0.07244	0.02109	0.04053	0.14501	0.16153	0.26588	0.10955	0.00602	0.00840	0.01370	0.00621	0.06047
1	0.01291	0.00854	0.01079	0.01074	0.01240	0.00803	0.00764	0.01518	0.01819	0.06793	0.21920	0.20723	0.14036	0.14194	0.07662	0.00474	0.00678	0.01587	0.00754	0.00738
2	0.01478	0.01240	0.01315	0.01230	0.01506	0.07024	0.00911	0.01735	0.01619	0.02262	0.02769	0.16170	0.04987	0.08645	0.18425	0.00562	0.01071	0.01107	0.09433	0.16510
3	0.01795	0.01474	0.01306	0.01189	0.01508	0.11479	0.00882	0.05029	0.02010	0.09846	0.05350	0.05604	0.33631	0.13507	0.01477	0.00356	0.00717	0.01306	0.00704	0.00830
4	0.01089	0.00795	0.00974	0.01024	0.01146	0.00734	0.00702	0.01289	0.01791	0.02395	0.22175	0.29286	0.16205	0.14657	0.01600	0.00391	0.00504	0.01800	0.00763	0.00679
5	0.01145	0.00794	0.01026	0.01094	0.01223	0.00737	0.00790	0.01289	0.01751	0.02316	0.17493	0.27564	0.16777	0.02337	0.01411	0.13265	0.00518	0.07084	0.00730	0.00657
6	0.01508	0.01050	0.01259	0.01295	0.03942	0.00992	0.00927	0.02016	0.09746	0.09797	0.09874	0.19560	0.28818	0.01889	0.00964	0.00291	0.00530	0.03850	0.00806	0.00887
7	0.02468	0.02657	0.02387	0.08409	0.08644	0.28425	0.01708	0.11808	0.02258	0.02607	0.02019	0.02309	0.06698	0.01075	0.01135	0.00260	0.12860	0.00744	0.00501	0.01030
8	0.01489	0.01150	0.01275	0.01204	0.01521	0.01160	0.00913	0.02390	0.21170	0.05954	0.16187	0.12438	0.26440	0.01730	0.00940	0.00282	0.00509	0.01476	0.00832	0.00938
9	0.02011	0.01843	0.02108	0.01722	0.02152	0.12665	0.09514	0.09245	0.01945	0.02502	0.01864	0.08104	0.01752	0.05681	0.01527	0.16134	0.00932	0.00851	0.00509	0.16940
10	0.11002	0.01076	0.01214	0.01109	0.01420	0.01043	0.00836	0.04436	0.01871	0.15806	0.06631	0.13890	0.13579	0.07931	0.01244	0.03607	0.00578	0.01220	0.10631	0.00877
11	0.02157	0.01393	0.01640	0.01409	0.01828	0.01414	0.01130	0.15565	0.10317	0.14624	0.21627	0.04779	0.10645	0.01453	0.00920	0.00273	0.00629	0.06233	0.00880	0.01086
12	0.01805	0.11589	0.10826	0.31698	0.13613	0.02114	0.12095	0.02383	0.01758	0.02334	0.01480	0.02020	0.01151	0.00775	0.00808	0.00258	0.01121	0.00723	0.00380	0.01069
13	0.02632	0.02184	0.02233	0.01827	0.02254	0.10005	0.01485	0.33997	0.02849	0.03860	0.01826	0.02062	0.01410	0.01072	0.01182	0.00261	0.15263	0.00722	0.11716	0.01159

[dist]
# distance from previous block
# <min> <max>
0	1

[block]
# block no. 2 follows, 22 sequences, length 98
# corresponding to MSA columns:
# 41-138
name=unknown_C
#
# <colnr> <probs for GDERKNQSTAVLIFYWHMCP>
#	G	D	E	R	K	N	Q	S	T	A	V	L	I	F	Y	W	H	M	C	P
0	0.02324	0.49450	0.11913	0.01684	0.02405	0.15769	0.01669	0.02670	0.01828	0.02057	0.01223	0.01419	0.01065	0.00749	0.00608	0.00196	0.01052	0.00484	0.00369	0.01066
1	0.01164	0.00875	0.01082	0.01055	0.01259	0.00816	0.00781	0.01584	0.05046	0.03001	0.45064	0.14558	0.16900	0.01855	0.00984	0.00275	0.00421	0.01628	0.00869	0.00781
2	0.01549	0.00774	0.00774	0.00774	0.00968	0.00774	0.00581	0.01936	0.01742	0.03097	0.02710	0.03097	0.02129	0.00968	0.00581	0.00194	0.00387	0.00774	0.75416	0.00774
3	0.02044	0.02008	0.03568	0.04895	0.57780	0.01990	0.10235	0.02564	0.01900	0.02707	0.01578	0.02080	0.01309	0.00735	0.00843	0.00251	0.01040	0.00771	0.00412	0.01291
4	0.41330	0.19854	0.02568	0.01960	0.12577	0.02264	0.04177	0.02482	0.01591	0.03047	0.01248	0.01505	0.01029	0.00747	0.00592	0.00236	0.00799	0.00522	0.00451	0.01023
5	0.19314	0.01455	0.01777	0.01396	0.02011	0.01358	0.01152	0.03705	0.02172	0.52849	0.02824	0.02512	0.01809	0.00973	0.00767	0.00257	0.00693	0.00753	0.00918	0.01304
6	0.01928	0.35971	0.37124	0.01920	0.02904	0.02571	0.02290	0.02563	0.01723	0.02311	0.01332	0.01555	0.01059	0.00752	0.00668	0.00223	0.01067	0.00534	0.00353	0.01151
7	0.01418	0.01981	0.21625	0.01469	0.02025	0.01190	0.01510	0.02019	0.04440	0.05239	0.27607	0.07677	0.15538	0.01478	0.00913	0.00269	0.00685	0.01259	0.00707	0.00948
8	0.01523	0.01278	0.01377	0.01277	0.01626	0.01348	0.00979	0.02758	0.30689	0.03044	0.18224	0.05355	0.24072	0.01567	0.00918	0.00277	0.00524	0.01324	0.00836	0.01002
9	0.01035	0.00747	0.00980	0.01125	0.01207	0.00692	0.00767	0.01220	0.01719	0.02309	0.13896	0.57714	0.08621	0.02443	0.01045	0.00323	0.00466	0.02204	0.00793	0.00692
10	0.02645	0.02674	0.02427	0.02504	0.14350	0.25196	0.01681	0.18013	0.12349	0.03195	0.02216	0.02318	0.04788	0.00977	0.00811	0.00243	0.01068	0.00754	0.00609	0.01183
11	0.02202	0.09013	0.12795	0.06683	0.31934	0.15662	0.04937	0.02700	0.01940	0.02461	0.01458	0.01845	0.01190	0.00771	0.00783	0.00239	0.01144	0.00662	0.00399	0.01180
12	0.01189	0.00798	0.00912	0.00930	0.00935	0.00793	0.00529	0.01203	0.01245	0.01659	0.02804	0.11613	0.03256	0.64306	0.03926	0.00761	0.00775	0.01318	0.00529	0.00520
13	0.06362	0.00779	0.01091	0.01083	0.01117	0.00796	0.00733	0.01171	0.01104	0.01592	0.01424	0.02448	0.01407	0.02748	0.03068	0.70888	0.00716	0.00704	0.00371	0.00396
14	0.02495	0.40949	0.03405	0.01635	0.02240	0.17641	0.01445	0.11720	0.02218	0.02557	0.05498	0.01789	0.01562	0.00852	0.00656	0.00202	0.00999	0.00580	0.00480	0.01076
15	0.01969	0.01799	0.02671	0.03643	0.39567	0.01885	0.01980	0.03004	0.21362	0.02872	0.02328	0.05816	0.01980	0.04264	0.01002	0.00288	0.00851	0.00903	0.00569	0.01246
16	0.00999	0.00775	0.00910	0.01018	0.01168	0.00686	0.00709	0.01172	0.01724	0.02175	0.06273	0.42764	0.31899	0.02382	0.01026	0.00312	0.00455	0.02093	0.00771	0.00686
17	0.02837	0.15011	0.08106	0.02042	0.02584	0.51422	0.01699	0.03123	0.02194	0.02071	0.01280	0.01493	0.01068	0.00827	0.00717	0.00212	0.01375	0.00527	0.00410	0.01002
18	0.02993	0.03770	0.02401	0.05217	0.05237	0.61931	0.01674	0.03233	0.02305	0.02064	0.01304	0.01552	0.01082	0.00850	0.00756	0.00218	0.01460	0.00552	0.00425	0.00975
19	0.01741	0.01000	0.01142	0.01017	0.01398	0.00845	0.00794	0.01982	0.02027	0.19920	0.06996	0.06567	0.47809	0.01807	0.00941	0.00274	0.00500	0.01500	0.00842	0.00898
20	0.01978	0.01895	0.03232	0.15259	0.56070	0.01953	0.02511	0.02481	0.01855	0.02620	0.01549	0.02081	0.01283	0.00755	0.00824	0.00252	0.01006	0.00740	0.00405	0.01253
21	0.01818	0.01818	0.02545	0.02181	0.02181	0.02545	0.01818	0.01999	0.01272	0.01999	0.01091	0.01818	0.01091	0.01454	0.02726	0.00364	0.69284	0.00727	0.00364	0.00909
22	0.76672	0.01607	0.01221	0.01092	0.01607	0.01864	0.00900	0.02442	0.01414	0.03727	0.01157	0.01350	0.00900	0.00771	0.00514	0.00257	0.00643	0.00450	0.00514	0.00900
23	0.02211	0.52284	0.15381	0.01666	0.02441	0.09626	0.01738	0.02599	0.01768	0.02085	0.01229	0.01426	0.01064	0.00740	0.00602	0.00197	0.01012	0.00484	0.00362	0.01085
24	0.01291	0.00884	0.01092	0.01019	0.01267	0.00790	0.00772	0.01630	0.02231	0.07153	0.46039	0.06460	0.22737	0.01762	0.00971	0.00266	0.00420	0.01525	0.00884	0.00803
25	0.01011	0.00788	0.00921	0.01023	0.01187	0.00699	0.00728	0.01196	0.01746	0.02194	0.06377	0.38511	0.33597	0.02356	0.01027	0.00312	0.00465	0.04400	0.00771	0.00691
26	0.01079	0.00768	0.00927	0.01026	0.01086	0.00725	0.00657	0.01180	0.01491	0.01952	0.04361	0.38878	0.12253	0.27174	0.02195	0.00499	0.00591	0.01867	0.00674	0.00616
27	0.00982	0.00842	0.00842	0.00842	0.01122	0.00701	0.00631	0.01192	0.01894	0.02244	0.08416	0.07995	0.65285	0.02104	0.00982	0.00281	0.00421	0.01753	0.00771	0.00701
28	0.03107	0.03853	0.02363	0.02125	0.02569	0.63226	0.01603	0.07210	0.02456	0.02243	0.01331	0.01531	0.01092	0.00865	0.00754	0.00216	0.01460	0.00549	0.00454	0.00992
29	0.00984	0.00834	0.00850	0.00863	0.01128	0.00700	0.00641	0.01190	0.01873	0.02236	0.08157	0.12189	0.61258	0.02138	0.00987	0.00284	0.00425	0.01794	0.00771	0.00700
30	0.02056	0.01974	0.03372	0.05099	0.65622	0.01974	0.02550	0.02550	0.01892	0.02714	0.01563	0.02056	0.01316	0.00740	0.00822	0.00247	0.00987	0.00740	0.00411	0.01316
31	0.03103	0.03959	0.02354	0.02140	0.02568	0.67469	0.01605	0.03317	0.02354	0.02033	0.01284	0.01498	0.01070	0.00856	0.00749	0.00214	0.01498	0.00535	0.00428	0.00963
32	0.01188	0.00885	0.01309	0.01309	0.01448	0.01024	0.01006	0.01467	0.01327	0.01909	0.02249	0.03395	0.02134	0.10145	0.63676	0.01303	0.02139	0.00909	0.00449	0.00727
33	0.01187	0.00890	0.01335	0.01335	0.01483	0.01038	0.01038	0.01483	0.01335	0.01928	0.02225	0.03264	0.02077	0.06231	0.67512	0.01335	0.02225	0.00890	0.00445	0.00742
34	0.01549	0.00774	0.00774	0.00774	0.00968	0.00774	0.00581	0.01936	0.01742	0.03097	0.02710	0.03097	0.02129	0.00968	0.00581	0.00194	0.00387	0.00774	0.75416	0.00774
35	0.01723	0.01477	0.01723	0.01230	0.01969	0.01107	0.00984	0.02092	0.01723	0.02707	0.01477	0.01723	0.01230	0.00615	0.00615	0.00123	0.00615	0.00492	0.00492	0.75883
36	0.03727	0.01414	0.01928	0.01478	0.02121	0.01221	0.01221	0.04049	0.02378	0.66198	0.03277	0.02828	0.02056	0.01028	0.00835	0.00257	0.00707	0.00835	0.01028	0.01414
37	0.01549	0.00774	0.00774	0.00774	0.00968	0.00774	0.00581	0.01936	0.01742	0.03097	0.02710	0.03097	0.02129	0.00968	0.00581	0.00194	0.00387	0.00774	0.75416	0.00774
38	0.03013	0.03488	0.02331	0.02060	0.02531	0.50732	0.01573	0.13060	0.08490	0.02689	0.01599	0.01731	0.01265	0.00905	0.00772	0.00226	0.01323	0.00608	0.00533	0.01069
39	0.01650	0.01560	0.02639	0.58153	0.15740	0.01867	0.02348	0.02194	0.01700	0.02221	0.01491	0.02188	0.01142	0.00815	0.00829	0.00272	0.01087	0.00739	0.00376	0.00989
40	0.01187	0.00890	0.01335	0.01335	0.01483	0.01038	0.01038	0.01483	0.01335	0.01928	0.02225	0.03264	0.02077	0.06231	0.67512	0.01335	0.02225	0.00890	0.00445	0.00742
41	0.01166	0.00881	0.01108	0.01220	0.01424	0.00824	0.00994	0.01459	0.01888	0.02400	0.08978	0.16526	0.25816	0.02238	0.01071	0.00335	0.00591	0.29572	0.00776	0.00733
42	0.02411	0.49429	0.08024	0.01670	0.02343	0.19742	0.01580	0.02711	0.01864	0.02020	0.01211	0.01404	0.01066	0.00753	0.00606	0.00193	0.01068	0.00479	0.00374	0.01050
43	0.01262	0.01045	0.01130	0.01074	0.01373	0.01013	0.00815	0.01974	0.15304	0.02777	0.21432	0.06505	0.37616	0.01795	0.00952	0.00276	0.00464	0.01517	0.00823	0.00853
44	0.01443	0.00722	0.01082	0.01082	0.01082	0.00722	0.00722	0.01082	0.01082	0.01443	0.01443	0.02525	0.01443	0.02886	0.03247	0.75830	0.00722	0.00722	0.00361	0.00361
45	0.02721	0.03434	0.06829	0.02970	0.20007	0.45139	0.01961	0.03061	0.02187	0.02260	0.01374	0.01669	0.01137	0.00820	0.00772	0.00226	0.01340	0.00597	0.00418	0.01078
46	0.02098	0.15699	0.03354	0.06819	0.42985	0.06457	0.02191	0.02525	0.01873	0.02482	0.01608	0.02266	0.01422	0.00827	0.00778	0.00239	0.00995	0.03767	0.00418	0.01197
47	0.01089	0.00783	0.01033	0.01104	0.01222	0.00726	0.00777	0.01351	0.01950	0.02693	0.33226	0.39983	0.06603	0.02175	0.01022	0.00301	0.00439	0.01955	0.00839	0.00726
48	0.01666	0.04297	0.66500	0.02368	0.03596	0.01929	0.03069	0.02631	0.01754	0.02631	0.01491	0.01754	0.01052	0.00789	0.00789	0.00263	0.01228	0.00614	0.00351	0.01228
49	0.02219	0.02876	0.15964	0.09427	0.27448	0.16612	0.05029	0.05855	0.02054	0.02621	0.01506	0.01889	0.01191	0.00796	0.00807	0.00247	0.01176	0.00679	0.00421	0.01180
50	0.05554	0.29211	0.27268	0.02485	0.15174	0.02452	0.02236	0.02551	0.01740	0.02442	0.01361	0.01634	0.01102	0.00749	0.00685	0.00227	0.01023	0.00566	0.00372	0.01168
51	0.01032	0.00844	0.00911	0.00894	0.01153	0.00723	0.00671	0.01290	0.02012	0.02526	0.23132	0.07531	0.50393	0.01999	0.00981	0.00276	0.00413	0.01688	0.00809	0.00723
52	0.01588	0.01186	0.01455	0.01525	0.04414	0.01222	0.01056	0.15245	0.04892	0.02908	0.03810	0.48903	0.04260	0.02093	0.00989	0.00311	0.00609	0.01864	0.00772	0.00898
53	0.02770	0.03324	0.02192	0.01997	0.02415	0.50098	0.01510	0.03410	0.14465	0.02310	0.01761	0.01933	0.01427	0.01272	0.05265	0.00303	0.01381	0.00639	0.00511	0.01018
54	0.01179	0.00841	0.01131	0.01149	0.01229	0.00912	0.00802	0.01344	0.01309	0.01822	0.02604	0.10503	0.02774	0.31321	0.36253	0.01031	0.01500	0.01156	0.00499	0.00641
55	0.01666	0.04297	0.66500	0.02368	0.03596	0.01929	0.03069	0.02631	0.01754	0.02631	0.01491	0.01754	0.01052	0.00789	0.00789	0.00263	0.01228	0.00614	0.00351	0.01228
56	0.02328	0.02114	0.03079	0.04158	0.47024	0.04544	0.02252	0.15389	0.05223	0.03256	0.01728	0.02071	0.01384	0.00817	0.00823	0.00248	0.00975	0.00743	0.00521	0.01323
57	0.02968	0.03606	0.02429	0.02282	0.05838	0.55430	0.01667	0.07201	0.02364	0.02282	0.01334	0.01582	0.01107	0.00899	0.00888	0.00228	0.05865	0.00573	0.00450	0.01008
58	0.01330	0.00883	0.01160	0.01071	0.01294	0.00810	0.00810	0.01718	0.02353	0.07142	0.61431	0.06001	0.07488	0.01658	0.00971	0.00261	0.00411	0.01462	0.00921	0.00822
59	0.03007	0.02252	0.02408	0.01881	0.02519	0.02506	0.01542	0.54753	0.12251	0.04992	0.02187	0.02148	0.01568	0.01015	0.00833	0.00254	0.00879	0.00774	0.00833	0.01399
60	0.01120	0.00800	0.01088	0.01280	0.01376	0.00768	0.00959	0.01344	0.01697	0.02242	0.04519	0.50087	0.05258	0.02501	0.01089	0.00352	0.00576	0.21469	0.00769	0.00705
61	0.01208	0.00805	0.00906	0.00906	0.00906	0.00805	0.00503	0.01208	0.01208	0.01611	0.02618	0.05436	0.03020	0.70804	0.04228	0.00805	0.00805	0.01208	0.00503	0.00503
62	0.01343	0.00886	0.01164	0.01073	0.01299	0.00812	0.00812	0.01730	0.02353	0.07442	0.61136	0.05985	0.07460	0.01655	0.00970	0.00261	0.00413	0.01459	0.00922	0.00825
63	0.01208	0.00805	0.00906	0.00906	0.00906	0.00805	0.00503	0.01208	0.01208	0.01611	0.02618	0.05436	0.03020	0.70804	0.04228	0.00805	0.00805	0.01208	0.00503	0.00503
64	0.02221	0.71304	0.04353	0.01421	0.02132	0.03287	0.01421	0.02488	0.01688	0.01955	0.01155	0.01333	0.01066	0.00711	0.00533	0.00178	0.00888	0.00444	0.00355	0.01066
65	0.01549	0.00774	0.00774	0.00774	0.00968	0.00774	0.00581	0.01936	0.01742	0.03097	0.02710	0.03097	0.02129	0.00968	0.00581	0.00194	0.00387	0.00774	0.75416	0.00774
66	0.03158	0.02327	0.02493	0.01911	0.02576	0.02576	0.01579	0.62852	0.03906	0.05236	0.01995	0.01995	0.01413	0.00997	0.00831	0.00249	0.00914	0.00748	0.00831	0.01413
67	0.01549	0.00774	0.00774	0.00774	0.00968	0.00774	0.00581	0.01936	0.01742	0.03097	0.02710	0.03097	0.02129	0.00968	0.00581	0.00194	0.00387	0.00774	0.75416	0.00774
68	0.01792	0.01689	0.02086	0.01827	0.02037	0.04749	0.01477	0.02477	0.14798	0.02362	0.01845	0.02355	0.01605	0.02230	0.14837	0.00511	0.32738	0.00777	0.00496	0.07314
69	0.01020	0.00759	0.00954	0.01106	0.01210	0.00693	0.00766	0.01189	0.01670	0.02163	0.05391	0.54263	0.18239	0.02482	0.01047	0.00327	0.00481	0.04784	0.00771	0.00684
70	0.01169	0.00789	0.00917	0.00955	0.00965	0.00780	0.00556	0.01198	0.01283	0.01711	0.03004	0.18219	0.03508	0.57356	0.03604	0.00713	0.00742	0.01436	0.00556	0.00537
71	0.01676	0.01189	0.01520	0.01347	0.01607	0.01273	0.01061	0.05743	0.06359	0.09099	0.34720	0.04690	0.08179	0.01901	0.06459	0.00361	0.09876	0.01216	0.00797	0.00927
72	0.02212	0.01766	0.01985	0.01463	0.02176	0.01608	0.01187	0.22805	0.02467	0.03569	0.01653	0.01815	0.01293	0.00745	0.00689	0.00166	0.00717	0.00579	0.00608	0.50496
73	0.01187	0.00890	0.01335	0.01335	0.01483	0.01038	0.01038	0.01483	0.01335	0.01928	0.02225	0.03264	0.02077	0.06231	0.67512	0.01335	0.02225	0.00890	0.00445	0.00742
74	0.01549	0.00774	0.00774	0.00774	0.00968	0.00774	0.00581	0.01936	0.01742	0.03097	0.02710	0.03097	0.02129	0.00968	0.00581	0.00194	0.00387	0.00774	0.75416	0.00774
75	0.01569	0.01477	0.02492	0.68808	0.05722	0.01846	0.02307	0.02123	0.01661	0.02123	0.01477	0.02215	0.01107	0.00831	0.00831	0.00277	0.01107	0.00738	0.00369	0.00923
76	0.01211	0.00886	0.01168	0.01171	0.01231	0.00977	0.00812	0.01348	0.01309	0.01817	0.02647	0.13146	0.02896	0.34201	0.26482	0.00906	0.05424	0.01220	0.00510	0.00637
77	0.01208	0.00805	0.00906	0.00906	0.00906	0.00805	0.00503	0.01208	0.01208	0.01611	0.02618	0.05436	0.03020	0.70804	0.04228	0.00805	0.00805	0.01208	0.00503	0.00503
78	0.02213	0.26895	0.07209	0.02924	0.18500	0.11157	0.14885	0.02658	0.01889	0.02340	0.01403	0.01750	0.01169	0.00739	0.00743	0.00226	0.01121	0.00653	0.00392	0.01134
79	0.01134	0.00848	0.01053	0.01002	0.01216	0.00766	0.00751	0.01487	0.02254	0.03099	0.53054	0.06588	0.20114	0.01785	0.00980	0.00265	0.00398	0.01556	0.00884	0.00766
80	0.01560	0.01565	0.06096	0.27068	0.16859	0.01573	0.01908	0.02136	0.05889	0.02360	0.02399	0.18414	0.02336	0.01531	0.04366	0.00340	0.00969	0.01138	0.00508	0.00983
81	0.01188	0.00886	0.01315	0.01315	0.01457	0.01028	0.01014	0.01471	0.01329	0.01914	0.02243	0.03364	0.02121	0.09225	0.64577	0.01311	0.02159	0.00905	0.00448	0.00731
82	0.01204	0.00820	0.00980	0.00980	0.01006	0.00846	0.00596	0.01256	0.01230	0.01666	0.02550	0.05062	0.02858	0.59675	0.15135	0.00897	0.01050	0.01153	0.00493	0.00544
83	0.01723	0.01477	0.01723	0.01230	0.01969	0.01107	0.00984	0.02092	0.01723	0.02707	0.01477	0.01723	0.01230	0.00615	0.00615	0.00123	0.00615	0.00492	0.00492	0.75883
84	0.02066	0.01785	0.01878	0.01691	0.02160	0.02066	0.01315	0.04414	0.64121	0.03475	0.03381	0.03099	0.02536	0.01127	0.00845	0.00282	0.00657	0.00939	0.00845	0.01315
85	0.01208	0.00805	0.00906	0.00906	0.00906	0.00805	0.00503	0.01208	0.01208	0.01611	0.02618	0.05436	0.03020	0.70804	0.04228	0.00805	0.00805	0.01208	0.00503	0.00503
86	0.01569	0.01477	0.02492	0.68808	0.05722	0.01846	0.02307	0.02123	0.01661	0.02123	0.01477	0.02215	0.01107	0.00831	0.00831	0.00277	0.01107	0.00738	0.00369	0.00923
87	0.01012	0.00723	0.00964	0.01157	0.01205	0.00675	0.00771	0.01157	0.01591	0.02121	0.04579	0.70262	0.05495	0.02603	0.01060	0.00337	0.00482	0.02362	0.00771	0.00675
88	0.01012	0.00723	0.00964	0.01157	0.01205	0.00675	0.00771	0.01157	0.01591	0.02121	0.04579	0.70262	0.05495	0.02603	0.01060	0.00337	0.00482	0.02362	0.00771	0.00675
89	0.01363	0.01105	0.01495	0.01398	0.01451	0.01351	0.01044	0.01517	0.01270	0.01827	0.02071	0.03699	0.02170	0.29330	0.26384	0.00877	0.19539	0.00967	0.00445	0.00696
90	0.01723	0.01477	0.01723	0.01230	0.01969	0.01107	0.00984	0.02092	0.01723	0.02707	0.01477	0.01723	0.01230	0.00615	0.00615	0.00123	0.00615	0.00492	0.00492	0.75883
91	0.01134	0.00848	0.01053	0.01002	0.01216	0.00766	0.00751	0.01487	0.02254	0.03099	0.53054	0.06588	0.20114	0.01785	0.00980	0.00265	0.00398	0.01556	0.00884	0.00766
92	0.01187	0.00890	0.01335	0.01335	0.01483	0.01038	0.01038	0.01483	0.01335	0.01928	0.02225	0.03264	0.02077	0.06231	0.67512	0.01335	0.02225	0.00890	0.00445	0.00742
93	0.02184	0.66791	0.08539	0.01485	0.02231	0.03196	0.01532	0.02497	0.01692	0.02000	0.01178	0.01361	0.01065	0.00716	0.00550	0.00183	0.00911	0.00456	0.00355	0.01077
94	0.01707	0.01532	0.02529	0.03556	0.39395	0.01575	0.01934	0.02129	0.01740	0.02486	0.04915	0.02982	0.02029	0.02582	0.21762	0.00595	0.01336	0.03669	0.00463	0.01084
95	0.01132	0.00890	0.01051	0.01131	0.01374	0.00809	0.00929	0.01415	0.01901	0.02346	0.06726	0.08574	0.39835	0.02184	0.01051	0.00323	0.00566	0.26266	0.00769	0.00728
96	0.02302	0.09658	0.35045	0.02197	0.03053	0.28968	0.02333	0.02901	0.01995	0.02330	0.01378	0.01614	0.01061	0.00810	0.00752	0.00236	0.01311	0.00568	0.00383	0.01106
97	0.13237	0.27878	0.10297	0.01918	0.06511	0.15072	0.01661	0.09863	0.02061	0.02745	0.01345	0.01541	0.01099	0.00792	0.00655	0.00219	0.01018	0.00537	0.00452	0.01098

[dist]
# distance from previous block
# <min> <max>
0	2

[block]
# block no. 3 follows, 22 sequences, length 71
# corresponding to MSA columns:
# 141-211
name=unknown_D
#
# <colnr> <probs for GDERKNQSTAVLIFYWHMCP>
#	G	D	E	R	K	N	Q	S	T	A	V	L	I	F	Y	W	H	M	C	P
0	0.02545	0.02697	0.02292	0.02356	0.12670	0.30711	0.01573	0.05665	0.11539	0.04901	0.01842	0.02137	0.01505	0.04609	0.00954	0.00254	0.01098	0.00681	0.00539	0.09433
1	0.01763	0.09261	0.52029	0.02590	0.08319	0.02053	0.07431	0.02616	0.01775	0.02586	0.01484	0.01781	0.01090	0.00772	0.00786	0.00256	0.01195	0.00638	0.00361	0.01214
2	0.01187	0.00890	0.01335	0.01335	0.01483	0.01038	0.01038	0.01483	0.01335	0.01928	0.02225	0.03264	0.02077	0.06231	0.67512	0.01335	0.02225	0.00890	0.00445	0.00742
3	0.01889	0.01766	0.02936	0.04348	0.53074	0.01755	0.02259	0.02347	0.01894	0.02651	0.02423	0.03383	0.06596	0.01030	0.00873	0.00266	0.00917	0.07908	0.00481	0.01203
4	0.01235	0.00962	0.01428	0.01400	0.01537	0.01155	0.01098	0.01523	0.01330	0.01934	0.02138	0.03152	0.02001	0.05862	0.62517	0.01260	0.07395	0.00878	0.00439	0.00755
5	0.01005	0.00818	0.00890	0.00924	0.01149	0.00703	0.00673	0.01217	0.01869	0.02310	0.12416	0.20790	0.47998	0.02173	0.00998	0.00291	0.00431	0.01859	0.00783	0.00703
6	0.02815	0.01995	0.02057	0.01803	0.05113	0.12352	0.01376	0.15638	0.05823	0.22528	0.02673	0.02853	0.04478	0.01372	0.04906	0.00311	0.00966	0.03287	0.00752	0.06900
7	0.01723	0.01477	0.01723	0.01230	0.01969	0.01107	0.00984	0.02092	0.01723	0.02707	0.01477	0.01723	0.01230	0.00615	0.00615	0.00123	0.00615	0.00492	0.00492	0.75883
8	0.02764	0.02728	0.04947	0.08197	0.13746	0.20724	0.01870	0.28296	0.02852	0.03538	0.01657	0.01875	0.01260	0.00891	0.00805	0.00242	0.01120	0.00681	0.00588	0.01221
9	0.02339	0.07717	0.11175	0.01848	0.02478	0.07775	0.01646	0.16172	0.32908	0.03490	0.02483	0.02412	0.01860	0.00999	0.00803	0.00259	0.00879	0.00782	0.00701	0.01275
10	0.02021	0.07651	0.17245	0.02411	0.12376	0.05191	0.05209	0.06175	0.01999	0.08011	0.02322	0.03597	0.02073	0.01537	0.05939	0.00357	0.01103	0.13132	0.00549	0.01103
11	0.01064	0.00868	0.00956	0.01000	0.01260	0.00760	0.00794	0.01314	0.01898	0.02300	0.07491	0.08312	0.51363	0.02148	0.01020	0.00304	0.00500	0.15163	0.00770	0.00716
12	0.29065	0.01964	0.15007	0.01418	0.02045	0.01501	0.01388	0.02607	0.01865	0.16544	0.12165	0.02915	0.06208	0.01056	0.00741	0.00260	0.00726	0.00811	0.00667	0.01047
13	0.21631	0.05953	0.04783	0.01842	0.02350	0.41657	0.01478	0.06681	0.02160	0.02679	0.01299	0.01495	0.01047	0.00835	0.00688	0.00228	0.01211	0.00526	0.00468	0.00990
14	0.01798	0.02717	0.26896	0.18333	0.21073	0.01938	0.02549	0.02696	0.08930	0.02634	0.01724	0.02098	0.01308	0.00824	0.00814	0.00264	0.01068	0.00715	0.00428	0.01192
15	0.01926	0.01718	0.02658	0.06921	0.20730	0.01775	0.11008	0.02952	0.19995	0.05696	0.07630	0.03274	0.07862	0.01059	0.00880	0.00268	0.00854	0.00987	0.00633	0.01171
16	0.01187	0.00890	0.01335	0.01335	0.01483	0.01038	0.01038	0.01483	0.01335	0.01928	0.02225	0.03264	0.02077	0.06231	0.67512	0.01335	0.02225	0.00890	0.00445	0.00742
17	0.02433	0.04939	0.06062	0.02871	0.21355	0.17498	0.01884	0.11042	0.17701	0.03041	0.01987	0.02135	0.01551	0.00899	0.00800	0.00247	0.01025	0.00726	0.00572	0.01232
18	0.55544	0.01797	0.01742	0.04602	0.14008	0.05397	0.01307	0.02497	0.01565	0.03380	0.01254	0.01526	0.00996	0.00772	0.00598	0.00254	0.00772	0.00521	0.00484	0.00983
19	0.02341	0.22988	0.25891	0.02020	0.02814	0.25975	0.02078	0.02838	0.01952	0.02225	0.01322	0.01543	0.01063	0.00791	0.00703	0.00221	0.01230	0.00538	0.00380	0.01087
20	0.01057	0.00755	0.01015	0.01208	0.01276	0.00713	0.00849	0.01234	0.01635	0.02171	0.04554	0.61927	0.05397	0.02561	0.01072	0.00344	0.00521	0.10256	0.00770	0.00687
21	0.01010	0.00730	0.00956	0.01137	0.01200	0.00676	0.00763	0.01159	0.01609	0.02128	0.04814	0.66449	0.09156	0.02572	0.01056	0.00334	0.00478	0.02324	0.00771	0.00676
22	0.01011	0.00729	0.00958	0.01140	0.01201	0.00676	0.00764	0.01159	0.01606	0.02127	0.04780	0.67001	0.08626	0.02577	0.01056	0.00334	0.00479	0.02330	0.00771	0.00676
23	0.03727	0.01414	0.01928	0.01478	0.02121	0.01221	0.01221	0.04049	0.02378	0.66198	0.03277	0.02828	0.02056	0.01028	0.00835	0.00257	0.00707	0.00835	0.01028	0.01414
24	0.01187	0.00890	0.01335	0.01335	0.01483	0.01038	0.01038	0.01483	0.01335	0.01928	0.02225	0.03264	0.02077	0.06231	0.67512	0.01335	0.02225	0.00890	0.00445	0.00742
25	0.01915	0.02009	0.02430	0.51352	0.04875	0.15501	0.02108	0.02494	0.05150	0.02176	0.01539	0.02113	0.01176	0.00852	0.00814	0.00264	0.01165	0.00707	0.00407	0.00952
26	0.01771	0.13188	0.53221	0.02450	0.08180	0.02117	0.02806	0.02605	0.01756	0.02546	0.01451	0.01720	0.01075	0.00775	0.00757	0.00250	0.01163	0.00601	0.00356	0.01213
27	0.01161	0.00849	0.01090	0.01030	0.01232	0.00778	0.00772	0.01539	0.02317	0.03249	0.60866	0.06342	0.12208	0.01729	0.00980	0.00263	0.00394	0.01521	0.00904	0.00778
28	0.08216	0.22741	0.33802	0.02288	0.07851	0.02325	0.06906	0.02570	0.01733	0.02540	0.01387	0.01661	0.01079	0.00755	0.00710	0.00238	0.01077	0.00589	0.00376	0.01153
29	0.01569	0.01477	0.02492	0.68808	0.05722	0.01846	0.02307	0.02123	0.01661	0.02123	0.01477	0.02215	0.01107	0.00831	0.00831	0.00277	0.01107	0.00738	0.00369	0.00923
30	0.01117	0.00839	0.01021	0.00988	0.01192	0.00758	0.00729	0.01431	0.02140	0.02902	0.44158	0.09504	0.23140	0.05040	0.01134	0.00295	0.00423	0.01595	0.00850	0.00744
31	0.02607	0.17973	0.13218	0.02251	0.07439	0.38448	0.01875	0.02974	0.02082	0.02165	0.01312	0.01547	0.01085	0.00806	0.00716	0.00217	0.01288	0.00544	0.00399	0.01054
32	0.08481	0.03368	0.02480	0.02676	0.15605	0.48862	0.01748	0.03091	0.02186	0.02304	0.01332	0.01603	0.01108	0.00826	0.00746	0.00224	0.01327	0.00571	0.00431	0.01032
33	0.01021	0.00795	0.00932	0.01021	0.01191	0.00705	0.00732	0.01220	0.01786	0.02259	0.09597	0.35234	0.33330	0.02309	0.01023	0.00309	0.00461	0.04596	0.00779	0.00697
34	0.01756	0.07349	0.18642	0.01566	0.02153	0.04463	0.01564	0.02222	0.01814	0.09593	0.07947	0.03460	0.11328	0.02380	0.16853	0.00509	0.01188	0.00922	0.00566	0.03727
35	0.07671	0.17597	0.28352	0.02335	0.03243	0.07304	0.17154	0.02647	0.01812	0.02534	0.01426	0.01735	0.01096	0.00755	0.00759	0.00245	0.01176	0.00650	0.00387	0.01122
36	0.01208	0.00805	0.00906	0.00906	0.00906	0.00805	0.00503	0.01208	0.01208	0.01611	0.02618	0.05436	0.03020	0.70804	0.04228	0.00805	0.00805	0.01208	0.00503	0.00503
37	0.01981	0.02185	0.04581	0.03836	0.17181	0.02074	0.50023	0.02638	0.01946	0.02672	0.01656	0.02202	0.01272	0.00709	0.00947	0.00273	0.01314	0.00930	0.00418	0.01161
38	0.01623	0.01548	0.02403	0.21081	0.08061	0.01702	0.10495	0.02387	0.12436	0.02498	0.03518	0.03751	0.17198	0.01217	0.01038	0.00283	0.06151	0.01057	0.00560	0.00993
39	0.01102	0.00798	0.01061	0.01238	0.01345	0.00757	0.00921	0.01320	0.01705	0.02234	0.04823	0.48189	0.09902	0.02477	0.01079	0.00346	0.00558	0.18673	0.00769	0.00702
40	0.01164	0.00873	0.01112	0.01246	0.01434	0.00821	0.01009	0.01445	0.01840	0.02338	0.05640	0.21619	0.23062	0.02302	0.01080	0.00343	0.00603	0.30576	0.00768	0.00727
41	0.01896	0.02619	0.17510	0.03287	0.08746	0.02089	0.40878	0.02596	0.01860	0.02608	0.01587	0.02092	0.01208	0.00779	0.01061	0.00280	0.06495	0.00866	0.00401	0.01142
42	0.02104	0.01941	0.02439	0.02945	0.25192	0.04675	0.01774	0.03694	0.39057	0.03141	0.02637	0.02656	0.02034	0.00976	0.00833	0.00266	0.00811	0.00851	0.00671	0.01301
43	0.01441	0.01274	0.01915	0.01726	0.01853	0.01612	0.04027	0.01716	0.01341	0.01986	0.01805	0.02713	0.01696	0.04317	0.41935	0.00949	0.25625	0.00837	0.00415	0.00817
44	0.01012	0.00723	0.00964	0.01157	0.01205	0.00675	0.00771	0.01157	0.01591	0.02121	0.04579	0.70262	0.05495	0.02603	0.01060	0.00337	0.00482	0.02362	0.00771	0.00675
45	0.01549	0.00774	0.00774	0.00774	0.00968	0.00774	0.00581	0.01936	0.01742	0.03097	0.02710	0.03097	0.02129	0.00968	0.00581	0.00194	0.00387	0.00774	0.75416	0.00774
46	0.02434	0.02691	0.03004	0.04031	0.42856	0.25622	0.02209	0.02827	0.02059	0.02468	0.01462	0.01855	0.01227	0.00782	0.00796	0.00235	0.01172	0.00666	0.00417	0.01189
47	0.03103	0.03959	0.02354	0.02140	0.02568	0.67469	0.01605	0.03317	0.02354	0.02033	0.01284	0.01498	0.01070	0.00856	0.00749	0.00214	0.01498	0.00535	0.00428	0.00963
48	0.01176	0.00849	0.01110	0.01045	0.01241	0.00784	0.00784	0.01568	0.02352	0.03331	0.65184	0.06206	0.07839	0.01698	0.00980	0.00261	0.00392	0.01502	0.00914	0.00784
49	0.03106	0.03874	0.02361	0.02128	0.02569	0.64070	0.01604	0.06436	0.02435	0.02201	0.01321	0.01524	0.01088	0.00863	0.00753	0.00216	0.01468	0.00546	0.00449	0.00987
50	0.01208	0.00805	0.00906	0.00906	0.00906	0.00805	0.00503	0.01208	0.01208	0.01611	0.02618	0.05436	0.03020	0.70804	0.04228	0.00805	0.00805	0.01208	0.00503	0.00503
51	0.03103	0.03959	0.02354	0.02140	0.02568	0.67469	0.01605	0.03317	0.02354	0.02033	0.01284	0.01498	0.01070	0.00856	0.00749	0.00214	0.01498	0.00535	0.00428	0.00963
52	0.01953	0.02084	0.02089	0.01887	0.02052	0.19516	0.01500	0.02182	0.01584	0.01985	0.01522	0.02215	0.01415	0.02891	0.23861	0.00648	0.28612	0.00730	0.00408	0.00868
53	0.01438	0.01495	0.01175	0.01126	0.01432	0.14695	0.00845	0.01660	0.02018	0.02267	0.10398	0.06524	0.48313	0.01818	0.00933	0.00265	0.00645	0.01483	0.00708	0.00761
54	0.02356	0.60990	0.04047	0.01532	0.02199	0.13117	0.01450	0.02615	0.01790	0.01967	0.01175	0.01358	0.01067	0.00733	0.00566	0.00183	0.00982	0.00458	0.00366	0.01050
55	0.01006	0.00748	0.00939	0.01091	0.01188	0.00680	0.00742	0.01164	0.01654	0.02146	0.05377	0.57316	0.17926	0.02499	0.01044	0.00326	0.00469	0.02235	0.00771	0.00680
56	0.01954	0.01870	0.03188	0.18447	0.53072	0.01947	0.02499	0.02460	0.01843	0.02590	0.01545	0.02089	0.01272	0.00759	0.00824	0.00253	0.01012	0.00740	0.00402	0.01234
57	0.02702	0.02016	0.02147	0.01687	0.02272	0.02183	0.01380	0.49934	0.03484	0.04609	0.03340	0.03252	0.14795	0.01229	0.00863	0.00256	0.00811	0.00959	0.00819	0.01264
58	0.01549	0.00774	0.00774	0.00774	0.00968	0.00774	0.00581	0.01936	0.01742	0.03097	0.02710	0.03097	0.02129	0.00968	0.00581	0.00194	0.00387	0.00774	0.75416	0.00774
59	0.01187	0.00897	0.01260	0.01300	0.01478	0.00970	0.01039	0.01489	0.01542	0.02094	0.03629	0.05268	0.12324	0.04774	0.43419	0.00974	0.01643	0.13413	0.00562	0.00740
60	0.02483	0.01914	0.01906	0.01658	0.02032	0.15295	0.01305	0.10907	0.02210	0.17289	0.05696	0.07820	0.02259	0.02263	0.14865	0.00487	0.06979	0.00916	0.00672	0.01046
61	0.02417	0.56853	0.03964	0.01524	0.02225	0.03138	0.01454	0.15135	0.02153	0.02642	0.01331	0.01471	0.01139	0.00771	0.00595	0.00193	0.00894	0.00508	0.00455	0.01139
62	0.01493	0.01113	0.01293	0.01224	0.01483	0.01104	0.00914	0.14185	0.02314	0.03078	0.18780	0.28274	0.17610	0.01955	0.00977	0.00290	0.00539	0.01699	0.00817	0.00860
63	0.01856	0.01384	0.01663	0.01398	0.01849	0.01335	0.01093	0.15383	0.02125	0.05310	0.02460	0.16397	0.02365	0.02305	0.14780	0.00455	0.00995	0.01034	0.00635	0.25179
64	0.01677	0.01617	0.05737	0.01486	0.02026	0.01416	0.03671	0.06795	0.07498	0.02748	0.03185	0.03342	0.14834	0.01555	0.06570	0.00316	0.06029	0.00895	0.00583	0.28020
65	0.01249	0.01224	0.05985	0.01142	0.01532	0.00923	0.00954	0.01573	0.01823	0.02487	0.14855	0.10344	0.24677	0.04757	0.07054	0.00364	0.00700	0.01313	0.00666	0.16379
66	0.09653	0.02820	0.20160	0.01759	0.02485	0.17170	0.01717	0.02684	0.01959	0.07848	0.07135	0.02124	0.01755	0.00866	0.00736	0.00221	0.00989	0.00649	0.00520	0.16749
67	0.01732	0.05568	0.27682	0.02293	0.12231	0.01754	0.02071	0.07451	0.05780	0.02769	0.03125	0.03263	0.14624	0.01381	0.04404	0.00318	0.01001	0.00909	0.00524	0.01120
68	0.02436	0.16831	0.03131	0.07694	0.16004	0.16434	0.05526	0.11707	0.07391	0.02796	0.01633	0.01886	0.01307	0.00833	0.00760	0.00233	0.01073	0.00667	0.00498	0.01160
69	0.02087	0.17547	0.02751	0.02269	0.15394	0.07720	0.01546	0.05196	0.09311	0.02699	0.06549	0.02209	0.01864	0.00877	0.00800	0.00213	0.03559	0.00688	0.00523	0.16196
70	0.02200	0.05856	0.17536	0.01885	0.02440	0.25960	0.01750	0.02611	0.01981	0.06150	0.02262	0.12913	0.02164	0.01482	0.03919	0.00312	0.01175	0.05894	0.00525	0.00988

[dist]
# distance from previous block
# <min> <max>
13	59

[block]
# block no. 4 follows, 22 sequences, length 12
# corresponding to MSA columns:
# 271-282
name=unknown_E
#
# <colnr> <probs for GDERKNQSTAVLIFYWHMCP>
#	G	D	E	R	K	N	Q	S	T	A	V	L	I	F	Y	W	H	M	C	P
0	0.02267	0.09677	0.20315	0.02084	0.05917	0.01926	0.06114	0.11817	0.04217	0.13324	0.04798	0.02373	0.01758	0.01474	0.07909	0.00366	0.01110	0.00764	0.00593	0.01198
1	0.02421	0.03416	0.17341	0.09704	0.14614	0.33575	0.02188	0.02894	0.02059	0.02304	0.01403	0.01734	0.01115	0.00817	0.00780	0.00238	0.01302	0.00612	0.00401	0.01084
2	0.01852	0.09441	0.07391	0.21919	0.13792	0.08755	0.06677	0.02392	0.04283	0.02342	0.02519	0.02849	0.10368	0.00986	0.00820	0.00255	0.01021	0.00849	0.00460	0.01028
3	0.01517	0.02006	0.16824	0.13927	0.02833	0.06126	0.01808	0.02011	0.01782	0.02351	0.05035	0.14621	0.02981	0.01906	0.06153	0.00386	0.01045	0.15233	0.00553	0.00901
4	0.02445	0.01929	0.06610	0.01957	0.08841	0.09571	0.01456	0.09084	0.05005	0.20067	0.06393	0.15099	0.05254	0.01327	0.00875	0.00267	0.00822	0.01119	0.00747	0.01132
5	0.01408	0.00886	0.01157	0.01101	0.01322	0.00806	0.00820	0.01738	0.02192	0.09751	0.44640	0.17599	0.09747	0.01812	0.00979	0.00276	0.00443	0.01601	0.00893	0.00827
6	0.01965	0.17438	0.39885	0.02289	0.03282	0.09203	0.09672	0.02679	0.01829	0.02435	0.01424	0.01700	0.01082	0.00770	0.00756	0.00243	0.01209	0.00615	0.00368	0.01154
7	0.01771	0.01683	0.02857	0.42401	0.30550	0.01899	0.02408	0.02300	0.01757	0.02368	0.01512	0.02149	0.01194	0.00793	0.00827	0.00264	0.01057	0.00739	0.00387	0.01086
8	0.01443	0.00722	0.01082	0.01082	0.01082	0.00722	0.00722	0.01082	0.01082	0.01443	0.01443	0.02525	0.01443	0.02886	0.03247	0.75830	0.00722	0.00722	0.00361	0.00361
9	0.02741	0.02719	0.02830	0.03137	0.24201	0.25670	0.05202	0.12857	0.02431	0.07850	0.01674	0.01915	0.01298	0.00845	0.00807	0.00238	0.01160	0.00688	0.00535	0.01201
10	0.20002	0.02140	0.01819	0.01619	0.02031	0.21505	0.05935	0.04863	0.01977	0.02694	0.03096	0.10301	0.13209	0.01310	0.00809	0.00264	0.00924	0.04030	0.00580	0.00892
11	0.02464	0.02705	0.02305	0.06940	0.04652	0.31863	0.03630	0.09193	0.05624	0.02556	0.02178	0.02904	0.04885	0.01141	0.01011	0.00263	0.07339	0.06806	0.00535	0.01005

[dist]
# distance from previous block
# <min> <max>
0	2

[block]
# block no. 5 follows, 22 sequences, length 80
# corresponding to MSA columns:
# 285-364
name=unknown_F
#
# <colnr> <probs for GDERKNQSTAVLIFYWHMCP>
#	G	D	E	R	K	N	Q	S	T	A	V	L	I	F	Y	W	H	M	C	P
0	0.01877	0.01927	0.01506	0.01433	0.01652	0.22465	0.01012	0.02234	0.08107	0.02042	0.02761	0.08854	0.06501	0.26496	0.07140	0.00532	0.01073	0.01062	0.00547	0.00779
1	0.02839	0.03291	0.02240	0.02009	0.02463	0.46336	0.01528	0.07468	0.18433	0.02614	0.01873	0.01945	0.01472	0.00935	0.00779	0.00234	0.01243	0.00653	0.00562	0.01083
2	0.02149	0.02229	0.03033	0.16244	0.43665	0.13370	0.02341	0.02605	0.01930	0.02487	0.01498	0.01988	0.01235	0.00777	0.00811	0.00247	0.01098	0.00704	0.00406	0.01182
3	0.02005	0.34797	0.31126	0.02113	0.07139	0.05206	0.02220	0.02587	0.01757	0.02303	0.01334	0.01571	0.01077	0.00753	0.00673	0.00221	0.01067	0.00542	0.00360	0.01149
4	0.02251	0.36509	0.06037	0.01606	0.02165	0.16654	0.01452	0.02547	0.01797	0.04906	0.01506	0.01837	0.01311	0.01852	0.13854	0.00422	0.01293	0.00578	0.00419	0.01003
5	0.01030	0.00824	0.00930	0.01001	0.01211	0.00723	0.00748	0.01243	0.01817	0.02240	0.06968	0.24259	0.42967	0.02255	0.01021	0.00307	0.00476	0.08510	0.00771	0.00702
6	0.02056	0.01974	0.03372	0.05099	0.65622	0.01974	0.02550	0.02550	0.01892	0.02714	0.01563	0.02056	0.01316	0.00740	0.00822	0.00247	0.00987	0.00740	0.00411	0.01316
7	0.01818	0.01818	0.02545	0.02181	0.02181	0.02545	0.01818	0.01999	0.01272	0.01999	0.01091	0.01818	0.01091	0.01454	0.02726	0.00364	0.69284	0.00727	0.00364	0.00909
8	0.02221	0.71304	0.04353	0.01421	0.02132	0.03287	0.01421	0.02488	0.01688	0.01955	0.01155	0.01333	0.01066	0.00711	0.00533	0.00178	0.00888	0.00444	0.00355	0.01066
9	0.01002	0.00841	0.00873	0.00893	0.01157	0.00713	0.00674	0.01217	0.01879	0.02250	0.08013	0.11279	0.59124	0.02139	0.00994	0.00289	0.00441	0.04747	0.00771	0.00703
10	0.01033	0.00842	0.00902	0.00888	0.01138	0.00724	0.00658	0.01273	0.01960	0.02448	0.20268	0.07497	0.50206	0.05128	0.01128	0.00300	0.00432	0.01675	0.00790	0.00710
11	0.01563	0.01435	0.02185	0.19913	0.23767	0.01502	0.01772	0.02074	0.04997	0.02443	0.03887	0.04354	0.21175	0.01283	0.00891	0.00274	0.00816	0.04122	0.00551	0.00997
12	0.76672	0.01607	0.01221	0.01092	0.01607	0.01864	0.00900	0.02442	0.01414	0.03727	0.01157	0.01350	0.00900	0.00771	0.00514	0.00257	0.00643	0.00450	0.00514	0.00900
13	0.01073	0.00806	0.01009	0.01146	0.01291	0.00742	0.00852	0.01287	0.01746	0.02234	0.05634	0.39533	0.22383	0.02395	0.01057	0.00331	0.00525	0.14484	0.00770	0.00702
14	0.01012	0.00723	0.00964	0.01157	0.01205	0.00675	0.00771	0.01157	0.01591	0.02121	0.04579	0.70262	0.05495	0.02603	0.01060	0.00337	0.00482	0.02362	0.00771	0.00675
15	0.01206	0.00812	0.00939	0.00939	0.00950	0.00823	0.00544	0.01229	0.01218	0.01635	0.02588	0.05270	0.02948	0.65872	0.09062	0.00846	0.00914	0.01184	0.00499	0.00522
16	0.02066	0.01785	0.01878	0.01691	0.02160	0.02066	0.01315	0.04414	0.64121	0.03475	0.03381	0.03099	0.02536	0.01127	0.00845	0.00282	0.00657	0.00939	0.00845	0.01315
17	0.01012	0.00723	0.00964	0.01157	0.01205	0.00675	0.00771	0.01157	0.01591	0.02121	0.04579	0.70262	0.05495	0.02603	0.01060	0.00337	0.00482	0.02362	0.00771	0.00675
18	0.02012	0.01928	0.03292	0.10915	0.60154	0.01962	0.02527	0.02511	0.01871	0.02660	0.01555	0.02071	0.01297	0.00748	0.00823	0.00249	0.00998	0.00740	0.00407	0.01280
19	0.01975	0.01919	0.03356	0.14577	0.51915	0.01964	0.07100	0.02494	0.01862	0.02621	0.01559	0.02094	0.01280	0.00751	0.00836	0.00254	0.01037	0.00758	0.00406	0.01242
20	0.02266	0.02594	0.02317	0.02051	0.02248	0.28852	0.01629	0.02468	0.01751	0.02024	0.01634	0.02101	0.04757	0.01460	0.04713	0.00341	0.34749	0.00714	0.00417	0.00912
21	0.01023	0.00843	0.00899	0.00885	0.01147	0.00719	0.00664	0.01272	0.01991	0.02475	0.20460	0.07615	0.53097	0.02018	0.00981	0.00276	0.00415	0.01700	0.00802	0.00719
22	0.03158	0.02327	0.02493	0.01911	0.02576	0.02576	0.01579	0.62852	0.03906	0.05236	0.01995	0.01995	0.01413	0.00997	0.00831	0.00249	0.00914	0.00748	0.00831	0.01413
23	0.01078	0.00770	0.01039	0.01232	0.01309	0.00731	0.00886	0.01270	0.01655	0.02194	0.04542	0.57990	0.05351	0.02541	0.01078	0.00346	0.00539	0.13984	0.00770	0.00693
24	0.57911	0.01770	0.01594	0.01481	0.05419	0.02011	0.01127	0.14397	0.01934	0.03968	0.01345	0.01517	0.01025	0.00814	0.00594	0.00255	0.00716	0.00525	0.00571	0.01025
25	0.01567	0.01420	0.01549	0.13128	0.02276	0.09911	0.01208	0.05926	0.02014	0.02563	0.15410	0.31887	0.04324	0.01772	0.00947	0.00289	0.00738	0.01555	0.00688	0.00829
26	0.02163	0.67322	0.04183	0.01417	0.02096	0.03160	0.01400	0.02431	0.01668	0.01953	0.01215	0.01442	0.01123	0.01023	0.04321	0.00243	0.00964	0.00469	0.00360	0.01048
27	0.01064	0.00845	0.00956	0.00928	0.01173	0.00736	0.00696	0.01352	0.02089	0.02707	0.32603	0.07233	0.40808	0.01931	0.00981	0.00272	0.00408	0.01646	0.00832	0.00736
28	0.02534	0.26031	0.08754	0.02100	0.02756	0.28687	0.10145	0.05551	0.02097	0.02287	0.01345	0.01590	0.01109	0.00787	0.00717	0.00217	0.01233	0.00583	0.00414	0.01061
29	0.01987	0.01711	0.02780	0.12609	0.39960	0.01783	0.02148	0.05505	0.01916	0.05878	0.01866	0.02578	0.01576	0.01575	0.09704	0.00402	0.01140	0.03228	0.00478	0.01174
