[name]
unknown

[dist]
# distance from previous block
# <min> <max>
0	0

[block]
# block no. 0 follows, 23 sequences, length 13
# corresponding to MSA columns:
# 0-12
name=unknown_A
#
# <colnr> <probs for GDERKNQSTAVLIFYWHMCP>
#	G	D	E	R	K	N	Q	S	T	A	V	L	I	F	Y	W	H	M	C	P
0	0.01308	0.00934	0.01308	0.01494	0.01681	0.00934	0.01308	0.01681	0.01868	0.02428	0.04296	0.09153	0.04670	0.02242	0.01121	0.00374	0.00747	0.60960	0.00747	0.00747
1	0.00989	0.00706	0.00942	0.01130	0.01177	0.00659	0.00753	0.01130	0.01554	0.02071	0.04472	0.70954	0.05367	0.02542	0.01036	0.00330	0.00471	0.02307	0.00753	0.00659
2	0.07011	0.01653	0.02478	0.31750	0.20833	0.01852	0.02005	0.05983	0.08303	0.07633	0.01797	0.02188	0.01353	0.00837	0.00790	0.00259	0.00934	0.00731	0.00503	0.01105
3	0.01007	0.00714	0.00936	0.01106	0.01148	0.00672	0.00727	0.01135	0.01517	0.02022	0.04283	0.64479	0.05128	0.09342	0.01341	0.00375	0.00502	0.02196	0.00727	0.00643
4	0.02097	0.02604	0.09198	0.02345	0.02699	0.18803	0.11711	0.02439	0.01661	0.02125	0.01243	0.01757	0.01083	0.01092	0.01720	0.00296	0.35092	0.00692	0.00378	0.00965
5	0.01950	0.01994	0.03351	0.18179	0.37249	0.05907	0.14584	0.02469	0.01841	0.02478	0.01515	0.02045	0.01217	0.00741	0.00832	0.00252	0.01100	0.00757	0.00396	0.01145
6	0.00985	0.00823	0.00857	0.00849	0.01112	0.00696	0.00637	0.01214	0.01910	0.02335	0.16017	0.07573	0.58206	0.02002	0.00959	0.00271	0.00407	0.01679	0.00772	0.00696
7	0.02024	0.02154	0.02276	0.02772	0.23407	0.22220	0.01678	0.02353	0.01795	0.02171	0.01672	0.02259	0.01475	0.02668	0.24807	0.00610	0.01550	0.00713	0.00419	0.00978
8	0.01638	0.01550	0.02624	0.55256	0.19043	0.01830	0.02306	0.02165	0.01672	0.02201	0.01461	0.02129	0.01127	0.00792	0.00809	0.00264	0.01056	0.00722	0.00370	0.00986
9	0.01567	0.01289	0.01395	0.01303	0.01659	0.01356	0.01028	0.07071	0.25722	0.02947	0.08626	0.05644	0.26772	0.01617	0.00917	0.00283	0.00573	0.08466	0.00792	0.00974
10	0.03051	0.03281	0.02349	0.02008	0.02511	0.44085	0.01558	0.25458	0.02856	0.03135	0.01509	0.01641	0.01168	0.00887	0.00761	0.00222	0.01254	0.00599	0.00563	0.01102
11	0.02192	0.02487	0.02329	0.11157	0.02700	0.27918	0.01709	0.02438	0.01710	0.01977	0.01262	0.01798	0.01122	0.01414	0.05931	0.00349	0.29573	0.00649	0.00386	0.00900
12	0.02331	0.01354	0.01885	0.05072	0.13255	0.01308	0.01343	0.02865	0.08237	0.27395	0.07392	0.03711	0.13103	0.01504	0.05238	0.00325	0.00782	0.01000	0.00765	0.01135

[dist]
# distance from previous block
# <min> <max>
0	3

[block]
# block no. 1 follows, 23 sequences, length 118
# corresponding to MSA columns:
# 16-133
name=unknown_B
#
# <colnr> <probs for GDERKNQSTAVLIFYWHMCP>
#	G	D	E	R	K	N	Q	S	T	A	V	L	I	F	Y	W	H	M	C	P
0	0.01707	0.01321	0.02018	0.38378	0.03820	0.01553	0.01722	0.02348	0.08564	0.08985	0.02123	0.05973	0.01729	0.01967	0.13827	0.00471	0.01172	0.00861	0.00513	0.00947
1	0.05188	0.01427	0.02150	0.09502	0.05728	0.04091	0.11570	0.02326	0.01814	0.16145	0.02822	0.20194	0.02698	0.06267	0.01123	0.00318	0.00844	0.04189	0.00645	0.00959
2	0.00989	0.00706	0.00942	0.01130	0.01177	0.00659	0.00753	0.01130	0.01554	0.02071	0.04472	0.70954	0.05367	0.02542	0.01036	0.00330	0.00471	0.02307	0.00753	0.00659
3	0.00989	0.00706	0.00942	0.01130	0.01177	0.00659	0.00753	0.01130	0.01554	0.02071	0.04472	0.70954	0.05367	0.02542	0.01036	0.00330	0.00471	0.02307	0.00753	0.00659
4	0.02911	0.03619	0.02202	0.02005	0.02413	0.61946	0.01506	0.03220	0.05037	0.02100	0.01414	0.01610	0.01160	0.00853	0.00728	0.00211	0.01373	0.00552	0.04194	0.00947
5	0.01772	0.12656	0.46673	0.02706	0.15450	0.02067	0.02689	0.02536	0.01731	0.02499	0.01427	0.01716	0.01079	0.00752	0.00744	0.00243	0.01110	0.00602	0.00355	0.01195
6	0.01631	0.03704	0.54633	0.02365	0.03445	0.01828	0.10610	0.02501	0.01780	0.02621	0.05984	0.02078	0.01517	0.00822	0.00808	0.00259	0.01164	0.00706	0.00390	0.01155
7	0.01781	0.01696	0.02884	0.35759	0.37416	0.01868	0.02377	0.02291	0.01740	0.02375	0.01486	0.02082	0.01188	0.00765	0.00807	0.00255	0.01020	0.00722	0.00382	0.01102
8	0.03031	0.03867	0.02299	0.02090	0.02508	0.68226	0.01568	0.03240	0.02299	0.01986	0.01254	0.01463	0.01045	0.00836	0.00732	0.00209	0.01463	0.00523	0.00418	0.00941
9	0.01951	0.01870	0.03191	0.12695	0.59151	0.01913	0.02462	0.02440	0.01821	0.02582	0.01516	0.02027	0.01261	0.00734	0.00804	0.00245	0.00978	0.00723	0.00397	0.01239
10	0.00961	0.00815	0.00829	0.00841	0.01101	0.00683	0.00625	0.01162	0.01831	0.02185	0.07990	0.11690	0.62360	0.02085	0.00964	0.00277	0.00415	0.01749	0.00753	0.00683
11	0.02573	0.07722	0.02440	0.01964	0.02324	0.34312	0.01563	0.11848	0.02195	0.02450	0.01599	0.01874	0.03873	0.01047	0.01227	0.00251	0.18631	0.00646	0.00471	0.00989
12	0.01128	0.00814	0.01066	0.01035	0.01208	0.00752	0.00764	0.01480	0.02201	0.03102	0.58091	0.14396	0.07362	0.01772	0.00967	0.00265	0.00394	0.01575	0.00875	0.00752
13	0.02011	0.01293	0.01486	0.01227	0.01699	0.01208	0.00972	0.07912	0.10212	0.15362	0.09217	0.03902	0.16082	0.01211	0.00794	0.00227	0.00569	0.00998	0.07696	0.15920
14	0.01078	0.00869	0.00991	0.00977	0.01236	0.00736	0.00713	0.01301	0.01785	0.02313	0.11600	0.24800	0.35131	0.01970	0.00935	0.00268	0.00450	0.01701	0.00731	0.10416
15	0.02767	0.03427	0.02339	0.02099	0.02429	0.54380	0.01611	0.02969	0.02077	0.01979	0.01214	0.01529	0.01049	0.00959	0.01138	0.00240	0.15898	0.00562	0.00405	0.00930
16	0.01755	0.20134	0.52459	0.02095	0.03176	0.02196	0.02620	0.02537	0.01698	0.02414	0.01379	0.01616	0.01031	0.00753	0.00712	0.00237	0.01121	0.00561	0.00344	0.01162
17	0.01315	0.01099	0.01603	0.01513	0.01621	0.01386	0.01207	0.01576	0.01289	0.01901	0.01893	0.02830	0.01785	0.04905	0.51669	0.01064	0.19334	0.00829	0.00415	0.00766
18	0.01910	0.11582	0.23477	0.02303	0.11673	0.02115	0.02022	0.03250	0.27466	0.02832	0.02176	0.02237	0.01656	0.00889	0.00766	0.00251	0.00897	0.00725	0.00548	0.01226
19	0.01997	0.40753	0.27167	0.01858	0.02731	0.05541	0.05102	0.02525	0.01714	0.02188	0.01279	0.01503	0.01046	0.00728	0.00643	0.00211	0.01040	0.00525	0.00352	0.01097
20	0.01015	0.00809	0.00852	0.00859	0.01061	0.00709	0.00603	0.01182	0.01713	0.02101	0.09294	0.10348	0.47297	0.16681	0.01630	0.00384	0.00492	0.01620	0.00704	0.00646
21	0.01045	0.00855	0.00930	0.00963	0.01189	0.00771	0.00701	0.01380	0.06018	0.02282	0.09117	0.23399	0.44268	0.02099	0.00969	0.00287	0.00441	0.01800	0.00764	0.00722
22	0.01569	0.01348	0.01975	0.04392	0.02195	0.01188	0.09033	0.01898	0.01571	0.02338	0.01622	0.02163	0.01397	0.02000	0.15393	0.07416	0.01066	0.00656	0.00445	0.40337
23	0.02887	0.03347	0.02466	0.02486	0.11974	0.48818	0.01701	0.11955	0.02454	0.02541	0.01396	0.01615	0.01130	0.00840	0.00754	0.00219	0.01306	0.00583	0.00473	0.01056
24	0.03031	0.03867	0.02299	0.02090	0.02508	0.68226	0.01568	0.03240	0.02299	0.01986	0.01254	0.01463	0.01045	0.00836	0.00732	0.00209	0.01463	0.00523	0.00418	0.00941
25	0.03031	0.03867	0.02299	0.02090	0.02508	0.68226	0.01568	0.03240	0.02299	0.01986	0.01254	0.01463	0.01045	0.00836	0.00732	0.00209	0.01463	0.00523	0.00418	0.00941
26	0.02979	0.02171	0.02323	0.01793	0.02411	0.02398	0.01477	0.59575	0.03674	0.04974	0.01995	0.02020	0.01427	0.00972	0.00795	0.00240	0.00858	0.00732	0.05847	0.01338
27	0.02008	0.01928	0.03294	0.04981	0.66422	0.01928	0.02490	0.02490	0.01848	0.02651	0.01526	0.02008	0.01285	0.00723	0.00803	0.00241	0.00964	0.00723	0.00402	0.01285
28	0.01892	0.01374	0.01742	0.20709	0.02775	0.04226	0.01352	0.02575	0.13518	0.13168	0.05520	0.11955	0.04891	0.09244	0.01229	0.00331	0.00785	0.01088	0.00659	0.00963
29	0.01513	0.00756	0.00756	0.00756	0.00945	0.00756	0.00567	0.01891	0.01702	0.03025	0.02647	0.03025	0.02080	0.00945	0.00567	0.00189	0.00378	0.00756	0.75988	0.00756
30	0.01794	0.01709	0.02906	0.34109	0.38971	0.01871	0.02383	0.02302	0.01746	0.02390	0.01488	0.02078	0.01193	0.00763	0.00807	0.00254	0.01017	0.00722	0.00383	0.01112
31	0.03031	0.03867	0.02299	0.02090	0.02508	0.68226	0.01568	0.03240	0.02299	0.01986	0.01254	0.01463	0.01045	0.00836	0.00732	0.00209	0.01463	0.00523	0.00418	0.00941
32	0.02008	0.01928	0.03294	0.04981	0.66422	0.01928	0.02490	0.02490	0.01848	0.02651	0.01526	0.02008	0.01285	0.00723	0.00803	0.00241	0.00964	0.00723	0.00402	0.01285
33	0.01159	0.00869	0.01304	0.01304	0.01449	0.01014	0.01014	0.01449	0.01304	0.01884	0.02173	0.03188	0.02029	0.06086	0.68268	0.01304	0.02173	0.00869	0.00435	0.00724
34	0.01991	0.01910	0.03262	0.07377	0.64164	0.01923	0.02481	0.02475	0.01839	0.02629	0.01523	0.02014	0.01278	0.00726	0.00804	0.00242	0.00968	0.00723	0.00400	0.01271
35	0.02934	0.08278	0.02495	0.02138	0.05249	0.52428	0.01592	0.10920	0.02430	0.02411	0.01346	0.01538	0.01098	0.00839	0.00730	0.00212	0.01327	0.00552	0.00463	0.01019
36	0.01093	0.00846	0.00996	0.01020	0.01240	0.00764	0.00796	0.01369	0.01933	0.02481	0.21715	0.07531	0.35006	0.05447	0.01151	0.00316	0.00495	0.14320	0.00774	0.00709
37	0.29717	0.05400	0.02281	0.02244	0.15861	0.07866	0.05733	0.02715	0.01774	0.12464	0.01589	0.01776	0.01202	0.00774	0.00673	0.00235	0.00848	0.00602	0.00532	0.05714
38	0.03031	0.03867	0.02299	0.02090	0.02508	0.68226	0.01568	0.03240	0.02299	0.01986	0.01254	0.01463	0.01045	0.00836	0.00732	0.00209	0.01463	0.00523	0.00418	0.00941
39	0.00982	0.00731	0.00916	0.01064	0.01160	0.00665	0.00724	0.01137	0.01617	0.02097	0.05275	0.57422	0.18380	0.02438	0.01019	0.00318	0.00458	0.02179	0.00753	0.00665
40	0.01775	0.01775	0.02485	0.02130	0.02130	0.02485	0.01775	0.01953	0.01243	0.01953	0.01065	0.01775	0.01065	0.01420	0.02663	0.00355	0.69998	0.00710	0.00355	0.00888
41	0.02554	0.02880	0.02360	0.23832	0.03504	0.38345	0.01786	0.10631	0.02276	0.02416	0.01404	0.01752	0.01100	0.00846	0.00768	0.00233	0.01267	0.00613	0.00450	0.00984
42	0.00959	0.00822	0.00822	0.00822	0.01096	0.00685	0.00617	0.01165	0.01850	0.02192	0.08220	0.07809	0.66092	0.02055	0.00959	0.00274	0.00411	0.01713	0.00754	0.00685
43	0.00962	0.00810	0.00835	0.00854	0.01104	0.00682	0.00631	0.01161	0.01818	0.02179	0.07827	0.14428	0.59727	0.02106	0.00967	0.00280	0.00417	0.01775	0.00753	0.00682
44	0.01657	0.01612	0.02396	0.02236	0.08045	0.04667	0.08913	0.01945	0.01437	0.02053	0.01588	0.02447	0.01491	0.06862	0.20749	0.00622	0.29192	0.00807	0.00399	0.00881
45	0.03033	0.02431	0.02394	0.01883	0.02498	0.09928	0.01534	0.54357	0.06236	0.04687	0.01927	0.01939	0.01389	0.00964	0.00803	0.00241	0.00947	0.00715	0.00768	0.01326
46	0.30700	0.02011	0.01972	0.01569	0.02164	0.02257	0.01295	0.40869	0.02908	0.04565	0.01643	0.01713	0.01193	0.00892	0.00696	0.00246	0.00794	0.00622	0.00696	0.01193
47	0.01116	0.00828	0.01040	0.00987	0.01192	0.00752	0.00740	0.01469	0.02221	0.03073	0.56160	0.06359	0.17603	0.01726	0.00957	0.00258	0.00388	0.01509	0.00869	0.00752
48	0.01151	0.00820	0.01035	0.01151	0.01233	0.00798	0.00776	0.05328	0.01662	0.02217	0.04080	0.58694	0.04818	0.10459	0.01381	0.00377	0.00536	0.02070	0.00727	0.00688
49	0.02008	0.01928	0.03294	0.04981	0.66422	0.01928	0.02490	0.02490	0.01848	0.02651	0.01526	0.02008	0.01285	0.00723	0.00803	0.00241	0.00964	0.00723	0.00402	0.01285
50	0.27066	0.02499	0.01915	0.01634	0.02151	0.25515	0.01292	0.14713	0.02298	0.11472	0.01598	0.01677	0.01180	0.00858	0.00684	0.00235	0.00984	0.00574	0.00596	0.01062
51	0.01358	0.01162	0.01685	0.01571	0.01669	0.01489	0.01260	0.01612	0.01284	0.01906	0.01816	0.02732	0.01718	0.04580	0.47091	0.00998	0.24067	0.00818	0.00409	0.00777
52	0.01930	0.01823	0.02963	0.15297	0.48036	0.01919	0.02296	0.02655	0.09916	0.02650	0.01740	0.02165	0.01404	0.00786	0.00808	0.00250	0.00942	0.00748	0.00449	0.01221
53	0.03031	0.03867	0.02299	0.02090	0.02508	0.68226	0.01568	0.03240	0.02299	0.01986	0.01254	0.01463	0.01045	0.00836	0.00732	0.00209	0.01463	0.00523	0.00418	0.00941
54	0.01629	0.00936	0.01239	0.01102	0.01378	0.00848	0.00848	0.01998	0.02302	0.15538	0.53890	0.05425	0.06568	0.01533	0.00930	0.00254	0.00442	0.01342	0.00915	0.00884
55	0.01159	0.00869	0.01304	0.01304	0.01449	0.01014	0.01014	0.01449	0.01304	0.01884	0.02173	0.03188	0.02029	0.06086	0.68268	0.01304	0.02173	0.00869	0.00435	0.00724
56	0.01180	0.00787	0.00885	0.00885	0.00885	0.00787	0.00492	0.01180	0.01180	0.01573	0.02557	0.05310	0.02950	0.71483	0.04130	0.00787	0.00787	0.01180	0.00492	0.00492
57	0.01159	0.00869	0.01304	0.01304	0.01449	0.01014	0.01014	0.01449	0.01304	0.01884	0.02173	0.03188	0.02029	0.06086	0.68268	0.01304	0.02173	0.00869	0.00435	0.00724
58	0.02008	0.01928	0.03294	0.04981	0.66422	0.01928	0.02490	0.02490	0.01848	0.02651	0.01526	0.02008	0.01285	0.00723	0.00803	0.00241	0.00964	0.00723	0.00402	0.01285
59	0.05728	0.02837	0.01864	0.01702	0.02066	0.43708	0.01288	0.05373	0.02130	0.02401	0.01636	0.01927	0.01339	0.01228	0.05404	0.00285	0.01225	0.00601	0.16356	0.00903
60	0.01139	0.00815	0.01109	0.01264	0.01387	0.00785	0.00980	0.01406	0.01777	0.02369	0.12303	0.37463	0.05377	0.02306	0.01060	0.00338	0.00572	0.26073	0.00769	0.00709
61	0.00989	0.00706	0.00942	0.01130	0.01177	0.00659	0.00753	0.01130	0.01554	0.02071	0.04472	0.70954	0.05367	0.02542	0.01036	0.00330	0.00471	0.02307	0.00753	0.00659
62	0.01824	0.01746	0.02934	0.27522	0.40505	0.01923	0.02357	0.02306	0.01726	0.02399	0.01464	0.02047	0.01198	0.00803	0.00936	0.00259	0.05823	0.00721	0.00384	0.01122
63	0.00982	0.00823	0.00854	0.00846	0.01110	0.00695	0.00635	0.01210	0.01904	0.02323	0.15321	0.07594	0.58910	0.02006	0.00959	0.00272	0.00408	0.01682	0.00771	0.00695
64	0.03100	0.01262	0.01703	0.01346	0.01883	0.01098	0.01096	0.03422	0.02301	0.53289	0.14588	0.03531	0.05312	0.01159	0.00846	0.00253	0.00626	0.00964	0.00975	0.01246
65	0.01627	0.04197	0.67279	0.02313	0.03512	0.01884	0.02998	0.02570	0.01713	0.02570	0.01456	0.01713	0.01028	0.00771	0.00771	0.00257	0.01199	0.00600	0.00343	0.01199
66	0.02701	0.03241	0.02620	0.03023	0.23139	0.46825	0.01866	0.02998	0.02154	0.02201	0.01342	0.01639	0.01123	0.00800	0.00755	0.00219	0.01302	0.00587	0.00413	0.01052
67	0.01624	0.01536	0.02599	0.57091	0.17314	0.01827	0.02299	0.02154	0.01666	0.02185	0.01458	0.02133	0.01121	0.00794	0.00810	0.00265	0.01059	0.00721	0.00368	0.00975
68	0.01909	0.01895	0.03434	0.15751	0.44003	0.01930	0.14204	0.02440	0.01822	0.02542	0.01534	0.02070	0.01240	0.00731	0.00834	0.00252	0.01062	0.00768	0.00396	0.01183
69	0.02896	0.03650	0.02227	0.02034	0.02432	0.63363	0.01528	0.03111	0.02227	0.01978	0.01321	0.01588	0.01116	0.01216	0.05618	0.00288	0.01515	0.00548	0.00419	0.00925
70	0.02125	0.46625	0.16003	0.01653	0.02381	0.11197	0.01703	0.02512	0.01728	0.02045	0.01260	0.01495	0.01088	0.00995	0.03965	0.00250	0.01073	0.00499	0.00360	0.01043
71	0.01013	0.00716	0.00934	0.01098	0.01139	0.00675	0.00720	0.01136	0.01506	0.02008	0.04227	0.62539	0.05057	0.11379	0.01432	0.00388	0.00511	0.02162	0.00720	0.00638
72	0.02797	0.02483	0.02250	0.01860	0.02410	0.16674	0.01481	0.35214	0.19288	0.03989	0.02147	0.02122	0.01591	0.00977	0.00798	0.00244	0.00952	0.00734	0.00730	0.01260
73	0.00989	0.00706	0.00942	0.01130	0.01177	0.00659	0.00753	0.01130	0.01554	0.02071	0.04472	0.70954	0.05367	0.02542	0.01036	0.00330	0.00471	0.02307	0.00753	0.00659
74	0.01732	0.01712	0.02403	0.02073	0.02083	0.02383	0.01722	0.01918	0.01247	0.01948	0.01143	0.01874	0.01132	0.01746	0.07241	0.00421	0.65265	0.00721	0.00361	0.00876
75	0.01915	0.02189	0.04788	0.03420	0.04241	0.02052	0.63475	0.02599	0.01915	0.02599	0.01642	0.02189	0.01231	0.00684	0.00958	0.00274	0.01368	0.00958	0.00410	0.01094
76	0.00959	0.00822	0.00822	0.00822	0.01096	0.00685	0.00617	0.01165	0.01850	0.02192	0.08220	0.07809	0.66092	0.02055	0.00959	0.00274	0.00411	0.01713	0.00754	0.00685
77	0.03031	0.03867	0.02299	0.02090	0.02508	0.68226	0.01568	0.03240	0.02299	0.01986	0.01254	0.01463	0.01045	0.00836	0.00732	0.00209	0.01463	0.00523	0.00418	0.00941
78	0.01317	0.01119	0.01171	0.01107	0.01432	0.01121	0.00845	0.02209	0.22160	0.02676	0.11944	0.06113	0.40295	0.01712	0.00916	0.00273	0.00483	0.01435	0.00790	0.00885
79	0.00959	0.00822	0.00822	0.00822	0.01096	0.00685	0.00617	0.01165	0.01850	0.02192	0.08220	0.07809	0.66092	0.02055	0.00959	0.00274	0.00411	0.01713	0.00754	0.00685
80	0.00986	0.00717	0.00931	0.01102	0.01169	0.00661	0.00741	0.01133	0.01581	0.02082	0.04817	0.65145	0.10953	0.02497	0.01029	0.00324	0.00465	0.02252	0.00753	0.00661
81	0.02227	0.02344	0.03081	0.04361	0.52725	0.16135	0.02293	0.02651	0.01944	0.02508	0.01468	0.01891	0.01234	0.00747	0.00788	0.00234	0.01071	0.00680	0.00405	0.01211
82	0.03135	0.01891	0.02181	0.01693	0.02301	0.01988	0.01394	0.40255	0.03165	0.24869	0.02368	0.02294	0.01626	0.01326	0.05331	0.00317	0.00913	0.00767	0.00849	0.01336
83	0.01009	0.00722	0.00960	0.01116	0.01181	0.00673	0.00755	0.01181	0.01649	0.02223	0.12374	0.62619	0.05661	0.02429	0.01026	0.00320	0.00459	0.02199	0.00771	0.00673
84	0.00975	0.00790	0.00866	0.00916	0.01123	0.00681	0.00661	0.01170	0.01786	0.02204	0.09632	0.25260	0.46758	0.02173	0.00980	0.00289	0.00426	0.01867	0.00759	0.00681
85	0.01810	0.01741	0.03008	0.31245	0.38913	0.01882	0.05036	0.02325	0.01759	0.02413	0.01497	0.02079	0.01200	0.00757	0.00813	0.00254	0.01029	0.00732	0.00385	0.01120
86	0.22255	0.01429	0.01708	0.01348	0.01944	0.01351	0.01113	0.03557	0.02084	0.50957	0.02677	0.02397	0.01723	0.00941	0.00737	0.00251	0.00675	0.00721	0.00877	0.01254
87	0.02059	0.02120	0.03548	0.04440	0.48476	0.06582	0.15652	0.02566	0.01894	0.02593	0.01532	0.02009	0.01257	0.00722	0.00832	0.00246	0.01086	0.00760	0.00405	0.01220
88	0.00959	0.00822	0.00822	0.00822	0.01096	0.00685	0.00617	0.01165	0.01850	0.02192	0.08220	0.07809	0.66092	0.02055	0.00959	0.00274	0.00411	0.01713	0.00754	0.00685
89	0.01162	0.00859	0.01250	0.01250	0.01377	0.00985	0.00947	0.01414	0.01288	0.01844	0.02223	0.03460	0.02147	0.14486	0.60030	0.01238	0.01995	0.00909	0.00442	0.00695
90	0.01726	0.01640	0.02784	0.43257	0.30350	0.01854	0.02350	0.02243	0.01714	0.02308	0.01476	0.02100	0.01165	0.00775	0.00808	0.00258	0.01034	0.00722	0.00377	0.01058
91	0.01161	0.00864	0.01275	0.01275	0.01410	0.00998	0.00978	0.01430	0.01295	0.01862	0.02200	0.03336	0.02093	0.10650	0.63792	0.01268	0.02077	0.00891	0.00439	0.00708
92	0.02563	0.01830	0.02032	0.01611	0.02131	0.01969	0.01309	0.43744	0.03326	0.07163	0.20011	0.03139	0.03171	0.01168	0.00853	0.00247	0.00741	0.00941	0.00843	0.01207
93	0.01513	0.01127	0.01294	0.01250	0.01498	0.01135	0.00924	0.16972	0.02189	0.02867	0.04637	0.39963	0.17371	0.02041	0.00963	0.00296	0.00565	0.01781	0.00768	0.00847
94	0.01167	0.00781	0.00889	0.00902	0.00905	0.00778	0.00510	0.01176	0.01206	0.01608	0.02690	0.09891	0.03119	0.66672	0.03914	0.00755	0.00765	0.01259	0.00510	0.00503
95	0.02090	0.02320	0.02322	0.06755	0.02423	0.22418	0.01677	0.02300	0.01613	0.01979	0.01377	0.06340	0.01348	0.01274	0.01834	0.00303	0.39575	0.00760	0.00401	0.00890
96	0.03156	0.02158	0.02364	0.01813	0.02459	0.02346	0.01497	0.56040	0.03623	0.13061	0.02109	0.02053	0.01461	0.00978	0.00812	0.00244	0.00867	0.00742	0.00836	0.01380
97	0.01180	0.00787	0.00885	0.00885	0.00885	0.00787	0.00492	0.01180	0.01180	0.01573	0.02557	0.05310	0.02950	0.71483	0.04130	0.00787	0.00787	0.01180	0.00492	0.00492
98	0.01683	0.03810	0.55234	0.02526	0.03652	0.01917	0.14655	0.02575	0.01752	0.02575	0.01492	0.01805	0.01067	0.00754	0.00807	0.00260	0.01232	0.00669	0.00356	0.01179
99	0.01280	0.02023	0.23759	0.04145	0.02206	0.01187	0.01623	0.01789	0.01820	0.02411	0.07866	0.05642	0.27784	0.01578	0.00916	0.00284	0.00764	0.11439	0.00603	0.00884
100	0.01683	0.01442	0.01683	0.01202	0.01923	0.01082	0.00961	0.02043	0.01683	0.02644	0.01442	0.01683	0.01202	0.00601	0.00601	0.00120	0.00601	0.00481	0.00481	0.76444
101	0.00959	0.00822	0.00822	0.00822	0.01096	0.00685	0.00617	0.01165	0.01850	0.02192	0.08220	0.07809	0.66092	0.02055	0.00959	0.00274	0.00411	0.01713	0.00754	0.00685
102	0.00989	0.00706	0.00942	0.01130	0.01177	0.00659	0.00753	0.01130	0.01554	0.02071	0.04472	0.70954	0.05367	0.02542	0.01036	0.00330	0.00471	0.02307	0.00753	0.00659
103	0.02175	0.02325	0.02876	0.16692	0.38526	0.18678	0.02211	0.02600	0.01919	0.02371	0.01441	0.01900	0.01185	0.00769	0.00787	0.00239	0.01113	0.00672	0.00398	0.01124
104	0.01447	0.01293	0.01856	0.01690	0.01767	0.01702	0.01370	0.01684	0.01275	0.01916	0.01656	0.02528	0.01578	0.03905	0.37611	0.00861	0.33868	0.00795	0.00397	0.00801
105	0.01029	0.00770	0.00956	0.01025	0.01168	0.00697	0.00725	0.01258	0.01845	0.02452	0.23696	0.36795	0.20290	0.02165	0.00994	0.00294	0.00431	0.01917	0.00795	0.00697
106	0.02828	0.03393	0.02253	0.05410	0.02612	0.53118	0.01565	0.06326	0.10389	0.02327	0.01561	0.01723	0.01248	0.00876	0.00752	0.00222	0.01310	0.00594	0.00487	0.01005
107	0.02163	0.01947	0.01952	0.10371	0.02420	0.15905	0.01397	0.16950	0.02122	0.02627	0.01693	0.05130	0.01490	0.01879	0.07632	0.16251	0.05922	0.00760	0.00504	0.00883
108	0.00973	0.00768	0.00878	0.00965	0.01134	0.00673	0.00680	0.01148	0.01712	0.02136	0.06479	0.37141	0.37885	0.02281	0.00995	0.00300	0.00439	0.01989	0.00753	0.00673
109	0.02651	0.02826	0.02377	0.02145	0.05222	0.31952	0.01626	0.16082	0.07167	0.02792	0.01532	0.01778	0.01242	0.01006	0.01173	0.00254	0.15942	0.00647	0.00520	0.01066
110	0.26947	0.01178	0.01131	0.03974	0.01516	0.01263	0.00830	0.01989	0.07429	0.02853	0.08024	0.04152	0.19058	0.09439	0.01125	0.00318	0.00574	0.01014	0.06385	0.00804
111	0.01153	0.00836	0.01096	0.01233	0.01352	0.00816	0.00912	0.03934	0.01720	0.02274	0.04398	0.48225	0.07899	0.02565	0.04417	0.00381	0.00631	0.14707	0.00738	0.00713
112	0.00959	0.00822	0.00822	0.00822	0.01096	0.00685	0.00617	0.01165	0.01850	0.02192	0.08220	0.07809	0.66092	0.02055	0.00959	0.00274	0.00411	0.01713	0.00754	0.00685
113	0.02687	0.08246	0.02532	0.02151	0.05118	0.42673	0.01632	0.07779	0.02151	0.02254	0.01276	0.01574	0.01086	0.00945	0.01098	0.00239	0.14562	0.00578	0.00432	0.00988
114	0.02019	0.31166	0.03371	0.11014	0.14966	0.02595	0.01801	0.05342	0.01706	0.02242	0.01273	0.01680	0.01115	0.00882	0.01078	0.00241	0.15471	0.00599	0.00384	0.01055
115	0.01631	0.01945	0.09798	0.01404	0.01798	0.15402	0.01223	0.02075	0.04639	0.02539	0.17279	0.07295	0.18712	0.01455	0.00864	0.00255	0.00758	0.04161	0.05912	0.00855
116	0.01612	0.02712	0.30859	0.02012	0.08344	0.06142	0.01958	0.05168	0.01893	0.02511	0.03586	0.03733	0.21087	0.03732	0.00952	0.00276	0.00924	0.00974	0.00508	0.01015
117	0.02036	0.11781	0.18682	0.01790	0.02370	0.21512	0.01712	0.04716	0.01906	0.02296	0.06044	0.02291	0.01758	0.04354	0.12887	0.00437	0.01325	0.00690	0.00443	0.00968

[dist]
# distance from previous block
# <min> <max>
1	31

[block]
# block no. 2 follows, 23 sequences, length 9
# corresponding to MSA columns:
# 173-181
name=unknown_C
#
# <colnr> <probs for GDERKNQSTAVLIFYWHMCP>
#	G	D	E	R	K	N	Q	S	T	A	V	L	I	F	Y	W	H	M	C	P
0	0.01877	0.16106	0.13316	0.09889	0.02568	0.14905	0.01631	0.02221	0.01678	0.02027	0.01794	0.09312	0.01769	0.11236	0.01364	0.00324	0.05822	0.00835	0.00425	0.00902
1	0.01579	0.01425	0.01713	0.02114	0.15831	0.07185	0.01285	0.02069	0.09360	0.02323	0.03302	0.22072	0.06621	0.11734	0.01384	0.00360	0.00760	0.07382	0.00616	0.00884
2	0.01346	0.00916	0.01247	0.01418	0.07736	0.00962	0.00892	0.01545	0.01392	0.02087	0.02269	0.03602	0.02190	0.23289	0.23362	0.06065	0.01151	0.00909	0.16926	0.00694
3	0.01975	0.01902	0.02803	0.07435	0.43701	0.05309	0.02067	0.02524	0.05356	0.02624	0.01590	0.01982	0.01312	0.00732	0.00762	0.00220	0.00909	0.00676	0.00439	0.15683
4	0.02232	0.02425	0.03039	0.10631	0.38510	0.19991	0.06456	0.02660	0.01953	0.02408	0.01452	0.01888	0.01195	0.00760	0.00795	0.00238	0.01140	0.00685	0.00403	0.01139
5	0.01356	0.01216	0.04818	0.01914	0.14156	0.01083	0.01180	0.04240	0.01647	0.02238	0.03350	0.33429	0.06120	0.17522	0.01660	0.00405	0.00692	0.01560	0.00607	0.00805
6	0.01577	0.15232	0.02310	0.01736	0.04517	0.01935	0.01362	0.01787	0.01440	0.01997	0.02148	0.20481	0.02344	0.02114	0.09671	0.00422	0.26495	0.01105	0.00472	0.00854
7	0.00990	0.00754	0.00894	0.01000	0.01128	0.00677	0.00685	0.01146	0.01638	0.02083	0.05729	0.43296	0.27623	0.06929	0.01212	0.00339	0.00470	0.02013	0.00736	0.00658
8	0.02244	0.02293	0.02532	0.17383	0.21569	0.19948	0.01953	0.09940	0.02163	0.02621	0.01766	0.02610	0.01531	0.00957	0.00819	0.00252	0.01095	0.06778	0.00482	0.01065

[dist]
# distance from previous block
# <min> <max>
8	15

[block]
# block no. 3 follows, 23 sequences, length 24
# corresponding to MSA columns:
# 197-220
name=unknown_D
#
# <colnr> <probs for GDERKNQSTAVLIFYWHMCP>
#	G	D	E	R	K	N	Q	S	T	A	V	L	I	F	Y	W	H	M	C	P
0	0.02337	0.19303	0.16712	0.02082	0.06149	0.30373	0.01846	0.02737	0.01926	0.02124	0.01351	0.01635	0.01125	0.01163	0.05587	0.00292	0.01293	0.00555	0.00386	0.01023
1	0.01904	0.02271	0.09506	0.01497	0.02002	0.21091	0.01285	0.02272	0.01959	0.02489	0.10197	0.05299	0.08212	0.01060	0.00750	0.00208	0.00859	0.00835	0.08010	0.18294
2	0.02699	0.21908	0.02926	0.01792	0.02358	0.12620	0.01525	0.31740	0.02742	0.03453	0.01532	0.01679	0.01206	0.00917	0.00891	0.00229	0.07414	0.00615	0.00580	0.01173
3	0.01744	0.01675	0.01804	0.02166	0.16498	0.12785	0.01306	0.06432	0.01929	0.02387	0.03466	0.21851	0.12775	0.08062	0.01189	0.00316	0.00807	0.01318	0.00594	0.00894
4	0.02320	0.02832	0.04360	0.01759	0.02114	0.42641	0.01361	0.02588	0.02151	0.02254	0.14062	0.08932	0.02774	0.01447	0.04609	0.00293	0.01193	0.00893	0.00539	0.00878
5	0.01404	0.01277	0.04610	0.04024	0.11556	0.01228	0.01286	0.04286	0.01837	0.02563	0.18316	0.26078	0.04261	0.05623	0.01278	0.00317	0.07095	0.01451	0.00653	0.00856
6	0.01675	0.04830	0.17962	0.01776	0.02205	0.09714	0.01699	0.02075	0.01604	0.02171	0.02288	0.06441	0.07553	0.02005	0.11935	0.00441	0.18189	0.00861	0.03663	0.00913
7	0.00989	0.00795	0.00864	0.00902	0.01104	0.00690	0.00644	0.01175	0.01760	0.02171	0.09650	0.21170	0.45948	0.06969	0.01196	0.00321	0.00449	0.01792	0.00742	0.00670
8	0.00959	0.00822	0.00822	0.00822	0.01096	0.00685	0.00617	0.01165	0.01850	0.02192	0.08220	0.07809	0.66092	0.02055	0.00959	0.00274	0.00411	0.01713	0.00754	0.00685
9	0.03085	0.02273	0.02435	0.01867	0.02516	0.02516	0.01542	0.63716	0.03815	0.05114	0.01948	0.01948	0.01380	0.00974	0.00812	0.00244	0.00893	0.00731	0.00812	0.01380
10	0.15251	0.54597	0.03548	0.01337	0.01993	0.02822	0.01286	0.02534	0.01652	0.07005	0.01281	0.01412	0.01085	0.00727	0.00539	0.00193	0.00813	0.00463	0.00422	0.01038
11	0.01888	0.02108	0.04341	0.03169	0.03831	0.02136	0.51486	0.02474	0.01785	0.02474	0.01530	0.02108	0.01199	0.00827	0.01289	0.00289	0.14704	0.00910	0.00400	0.01054
12	0.01114	0.00790	0.00891	0.00904	0.00979	0.00752	0.00561	0.01196	0.01433	0.01866	0.08331	0.12005	0.16725	0.45663	0.02957	0.00600	0.00650	0.01417	0.00599	0.00567
13	0.02558	0.33559	0.03113	0.01741	0.02284	0.33520	0.01463	0.02984	0.07855	0.02083	0.01390	0.01538	0.01177	0.00799	0.00648	0.00200	0.01125	0.00520	0.00425	0.01017
14	0.00973	0.00823	0.00841	0.00837	0.01105	0.00691	0.00627	0.01192	0.01882	0.02270	0.12479	0.07680	0.61785	0.02026	0.00959	0.00273	0.00409	0.01694	0.00764	0.00691
15	0.00984	0.00726	0.00921	0.01077	0.01163	0.00664	0.00730	0.01136	0.01604	0.02092	0.05113	0.60158	0.15749	0.02459	0.01023	0.00320	0.00461	0.02205	0.00753	0.00664
16	0.01095	0.00811	0.00915	0.00901	0.01124	0.00721	0.00671	0.01382	0.01977	0.02668	0.28116	0.09875	0.34227	0.01804	0.00915	0.00260	0.00400	0.01540	0.09877	0.00721
17	0.02165	0.48334	0.03632	0.01636	0.02138	0.09762	0.01498	0.02401	0.01620	0.01927	0.01126	0.01430	0.01047	0.00881	0.01049	0.00220	0.17272	0.00508	0.00356	0.00995
18	0.00959	0.00822	0.00822	0.00822	0.01096	0.00685	0.00617	0.01165	0.01850	0.02192	0.08220	0.07809	0.66092	0.02055	0.00959	0.00274	0.00411	0.01713	0.00754	0.00685
19	0.01168	0.00793	0.00938	0.00948	0.00968	0.00808	0.00568	0.01210	0.01214	0.01636	0.02608	0.08408	0.02962	0.60074	0.11707	0.00826	0.00938	0.01200	0.00498	0.00528
20	0.02141	0.02239	0.02974	0.13728	0.45081	0.14940	0.02275	0.02577	0.01904	0.02437	0.01461	0.01924	0.01209	0.00758	0.00790	0.00239	0.01079	0.00683	0.00399	0.01162
21	0.03170	0.02214	0.02341	0.01812	0.02445	0.05711	0.01488	0.51121	0.03500	0.14748	0.02111	0.02052	0.01462	0.00972	0.00808	0.00243	0.00890	0.00733	0.00822	0.01357
22	0.01159	0.00869	0.01304	0.01304	0.01449	0.01014	0.01014	0.01449	0.01304	0.01884	0.02173	0.03188	0.02029	0.06086	0.68268	0.01304	0.02173	0.00869	0.00435	0.00724
23	0.01412	0.01242	0.01275	0.01330	0.01559	0.07608	0.01038	0.01912	0.09459	0.02401	0.07090	0.21493	0.17120	0.01973	0.00987	0.00310	0.00658	0.19600	0.00732	0.00799

[dist]
# distance from previous block
# <min> <max>
3	5

[block]
# block no. 4 follows, 23 sequences, length 22
# corresponding to MSA columns:
# 226-247
name=unknown_E
#
# <colnr> <probs for GDERKNQSTAVLIFYWHMCP>
#	G	D	E	R	K	N	Q	S	T	A	V	L	I	F	Y	W	H	M	C	P
0	0.01724	0.07411	0.02351	0.17952	0.10591	0.01947	0.01684	0.02074	0.01539	0.02293	0.01555	0.02123	0.01311	0.01029	0.01370	0.00270	0.24588	0.00701	0.16562	0.00925
1	0.01305	0.01009	0.01279	0.01203	0.01221	0.01179	0.00831	0.01379	0.01209	0.01693	0.02190	0.04292	0.02433	0.48433	0.11704	0.00758	0.15783	0.01041	0.00455	0.00605
2	0.02374	0.10919	0.02062	0.01528	0.01954	0.26301	0.01213	0.11243	0.02201	0.02739	0.01769	0.02022	0.01425	0.01052	0.03172	0.00240	0.00991	0.00617	0.21517	0.04660
3	0.01580	0.01138	0.01383	0.01261	0.01457	0.01247	0.00923	0.14682	0.01793	0.02454	0.02275	0.03752	0.02250	0.30553	0.28749	0.00875	0.01357	0.00961	0.00538	0.00774
4	0.01023	0.00721	0.00931	0.01086	0.01125	0.00682	0.00706	0.01139	0.01487	0.01982	0.04129	0.59188	0.04934	0.14899	0.01590	0.00411	0.00527	0.02105	0.00706	0.00629
5	0.01977	0.01326	0.01467	0.01262	0.01584	0.01437	0.00980	0.24025	0.02329	0.03396	0.02307	0.02977	0.01939	0.11478	0.11985	0.00469	0.00907	0.00823	0.26391	0.00940
6	0.02220	0.03375	0.22630	0.06312	0.03455	0.26475	0.18836	0.02798	0.01980	0.02334	0.01431	0.01775	0.01092	0.00774	0.00809	0.00245	0.01336	0.00675	0.00390	0.01058
7	0.02177	0.01776	0.01910	0.07370	0.02417	0.04803	0.01370	0.04042	0.50901	0.09304	0.03047	0.02861	0.02252	0.01056	0.00819	0.00270	0.00720	0.00874	0.00786	0.01246
8	0.01026	0.00759	0.00968	0.01120	0.01230	0.00701	0.00802	0.01211	0.01653	0.02143	0.05168	0.50451	0.16932	0.02408	0.01032	0.00325	0.00497	0.10145	0.00752	0.00676
9	0.01180	0.00787	0.00885	0.00885	0.00885	0.00787	0.00492	0.01180	0.01180	0.01573	0.02557	0.05310	0.02950	0.71483	0.04130	0.00787	0.00787	0.01180	0.00492	0.00492
10	0.01180	0.00787	0.00885	0.00885	0.00885	0.00787	0.00492	0.01180	0.01180	0.01573	0.02557	0.05310	0.02950	0.71483	0.04130	0.00787	0.00787	0.01180	0.00492	0.00492
11	0.01180	0.00787	0.00885	0.00885	0.00885	0.00787	0.00492	0.01180	0.01180	0.01573	0.02557	0.05310	0.02950	0.71483	0.04130	0.00787	0.00787	0.01180	0.00492	0.00492
12	0.00963	0.00808	0.00837	0.00860	0.01106	0.00682	0.00633	0.01160	0.01813	0.02177	0.07759	0.15575	0.58624	0.02115	0.00968	0.00281	0.00418	0.01786	0.00753	0.00682
13	0.01700	0.01442	0.01543	0.01410	0.01796	0.01594	0.01088	0.03337	0.44352	0.03163	0.13744	0.04327	0.14384	0.01353	0.00869	0.00272	0.00562	0.01140	0.00823	0.01100
14	0.01962	0.01864	0.03086	0.11083	0.54989	0.01923	0.02365	0.02602	0.07142	0.02656	0.01668	0.02109	0.01366	0.00764	0.00806	0.00247	0.00948	0.00739	0.00433	0.01247
15	0.03031	0.03867	0.02299	0.02090	0.02508	0.68226	0.01568	0.03240	0.02299	0.01986	0.01254	0.01463	0.01045	0.00836	0.00732	0.00209	0.01463	0.00523	0.00418	0.00941
16	0.01300	0.00873	0.01179	0.01164	0.01316	0.00995	0.00903	0.01613	0.01430	0.02255	0.02278	0.03073	0.02003	0.04224	0.43567	0.00903	0.04562	0.00826	0.24793	0.00742
17	0.01438	0.01511	0.06475	0.01966	0.02413	0.01292	0.21503	0.03978	0.01861	0.02474	0.05812	0.24081	0.12712	0.01635	0.00980	0.00297	0.00840	0.07234	0.00621	0.00877
18	0.01164	0.00852	0.01214	0.01214	0.01328	0.00966	0.00902	0.01391	0.01277	0.01817	0.02256	0.03642	0.02226	0.20094	0.54529	0.01193	0.01876	0.00936	0.00447	0.00675
19	0.01145	0.00792	0.00957	0.01036	0.01204	0.00702	0.00730	0.01321	0.01712	0.06224	0.05779	0.43271	0.27626	0.02265	0.00993	0.00304	0.00463	0.01993	0.00769	0.00714
20	0.02291	0.02525	0.02322	0.02421	0.15983	0.27869	0.01580	0.02606	0.01934	0.02342	0.01362	0.01672	0.01149	0.00772	0.00826	0.00196	0.05411	0.00564	0.00431	0.25744
21	0.02195	0.10997	0.20174	0.02005	0.02611	0.24452	0.01926	0.02616	0.01810	0.02185	0.01274	0.01592	0.01057	0.00896	0.01083	0.00239	0.14566	0.00566	0.00383	0.07373

[dist]
# distance from previous block
# <min> <max>
1	3

[block]
# block no. 5 follows, 23 sequences, length 21
# corresponding to MSA columns:
# 251-271
name=unknown_F
#
# <colnr> <probs for GDERKNQSTAVLIFYWHMCP>
#	G	D	E	R	K	N	Q	S	T	A	V	L	I	F	Y	W	H	M	C	P
0	0.02113	0.15877	0.16149	0.02831	0.12732	0.09996	0.21448	0.02668	0.01875	0.04647	0.01500	0.01837	0.01169	0.00738	0.00784	0.00238	0.01168	0.00698	0.00406	0.01125
1	0.02306	0.07207	0.02352	0.05877	0.14431	0.28761	0.01580	0.08135	0.02187	0.02438	0.02717	0.02864	0.13698	0.01052	0.00787	0.00232	0.01053	0.00814	0.00508	0.01001
2	0.01009	0.00748	0.00942	0.01054	0.01167	0.00681	0.00729	0.01201	0.01730	0.02285	0.15132	0.48540	0.17197	0.02307	0.01008	0.00307	0.00445	0.02059	0.00776	0.00681
3	0.01876	0.01200	0.01708	0.06592	0.09925	0.01192	0.01351	0.06237	0.01973	0.14689	0.03442	0.24183	0.03482	0.01724	0.00957	0.00305	0.00715	0.16755	0.00732	0.00961
4	0.02715	0.16147	0.02765	0.02050	0.05460	0.31998	0.01591	0.16440	0.02396	0.02699	0.01381	0.01596	0.01133	0.00888	0.00890	0.00225	0.07492	0.00579	0.00486	0.01070
5	0.00997	0.00809	0.00885	0.00896	0.01127	0.00697	0.00661	0.01227	0.01895	0.02371	0.18329	0.15280	0.47907	0.02043	0.00968	0.00277	0.00413	0.01741	0.00779	0.00697
6	0.01385	0.00716	0.01060	0.01054	0.01071	0.00710	0.00710	0.01101	0.01171	0.01579	0.07340	0.02797	0.01983	0.02712	0.02968	0.69400	0.00675	0.00775	0.00402	0.00390
7	0.25562	0.01466	0.01482	0.03975	0.01872	0.01628	0.01087	0.11582	0.14145	0.03309	0.03070	0.13161	0.08787	0.01332	0.00781	0.00276	0.00649	0.04182	0.00681	0.00974
8	0.01127	0.00853	0.01070	0.01192	0.01384	0.00796	0.00964	0.01399	0.01804	0.02280	0.05705	0.19990	0.26346	0.02231	0.01048	0.00331	0.00579	0.29442	0.00751	0.00709
9	0.01159	0.00869	0.01304	0.01304	0.01449	0.01014	0.01014	0.01449	0.01304	0.01884	0.02173	0.03188	0.02029	0.06086	0.68268	0.01304	0.02173	0.00869	0.00435	0.00724
10	0.01013	0.00777	0.00929	0.00991	0.01155	0.00693	0.00705	0.01232	0.01830	0.02380	0.19607	0.32988	0.28450	0.02164	0.00990	0.00292	0.00429	0.01898	0.00785	0.00693
11	0.02029	0.02191	0.08531	0.02907	0.22761	0.09716	0.07323	0.10022	0.06496	0.02806	0.02230	0.15007	0.02093	0.01138	0.00852	0.00261	0.00957	0.01022	0.00546	0.01113
12	0.01799	0.01839	0.02101	0.31529	0.07834	0.13785	0.01723	0.02437	0.09640	0.02332	0.05693	0.03113	0.10727	0.01061	0.00826	0.00258	0.00961	0.00884	0.00512	0.00945
13	0.01098	0.00805	0.00968	0.00959	0.01110	0.00742	0.00670	0.01330	0.01869	0.02519	0.32643	0.13243	0.18906	0.17602	0.01682	0.00387	0.00489	0.01545	0.00757	0.00675
14	0.01122	0.00762	0.01036	0.01191	0.01262	0.00733	0.00860	0.01248	0.01545	0.02046	0.03959	0.45242	0.04600	0.05940	0.01472	0.09747	0.00578	0.15334	0.00689	0.00633
15	0.02620	0.10559	0.02311	0.01586	0.02145	0.02243	0.01325	0.41468	0.06190	0.04237	0.02047	0.02126	0.01526	0.00940	0.00730	0.00226	0.00780	0.00708	0.15018	0.01215
16	0.02335	0.02555	0.02565	0.15625	0.22601	0.27549	0.01931	0.06795	0.02114	0.02429	0.01767	0.02111	0.04390	0.00867	0.00785	0.00236	0.01147	0.00695	0.00446	0.01056
17	0.07282	0.21779	0.02754	0.05123	0.02244	0.12319	0.01526	0.02270	0.01550	0.02063	0.01236	0.01712	0.01132	0.01479	0.07550	0.00358	0.25717	0.00600	0.00380	0.00924
18	0.05869	0.10636	0.02226	0.13352	0.02631	0.14424	0.01428	0.11883	0.08559	0.02961	0.15276	0.02761	0.02636	0.01032	0.00777	0.00239	0.00884	0.00813	0.00605	0.01008
19	0.08947	0.01097	0.01310	0.01419	0.07334	0.01081	0.00966	0.01868	0.06007	0.07005	0.08517	0.09500	0.29607	0.02173	0.09190	0.00397	0.00738	0.01300	0.00687	0.00856
20	0.08162	0.01107	0.01212	0.01160	0.01439	0.01137	0.00879	0.02161	0.15390	0.05149	0.15344	0.09241	0.17860	0.09984	0.01281	0.00341	0.00561	0.05993	0.00749	0.00852

[dist]
# distance from previous block
# <min> <max>
0	2

[block]
# block no. 6 follows, 23 sequences, length 10
# corresponding to MSA columns:
# 274-283
name=unknown_G
#
# <colnr> <probs for GDERKNQSTAVLIFYWHMCP>
#	G	D	E	R	K	N	Q	S	T	A	V	L	I	F	Y	W	H	M	C	P
0	0.02380	0.05886	0.08012	0.02293	0.08751	0.23624	0.08986	0.07692	0.06910	0.06385	0.05813	0.02470	0.05314	0.00952	0.00803	0.00239	0.01081	0.00781	0.00548	0.01080
1	0.01978	0.02048	0.03197	0.07661	0.24653	0.08178	0.18953	0.02466	0.01859	0.02533	0.01508	0.01943	0.01215	0.00702	0.00795	0.00222	0.01051	0.00715	0.00421	0.17904
2	0.05756	0.09277	0.08929	0.02714	0.19628	0.21292	0.01877	0.02936	0.11021	0.02492	0.01614	0.01857	0.01308	0.00855	0.00852	0.00239	0.05142	0.00640	0.00459	0.01112
3	0.07703	0.05929	0.16159	0.01717	0.02344	0.11088	0.01607	0.13089	0.08631	0.02993	0.02103	0.11952	0.01883	0.01087	0.00768	0.00243	0.00902	0.00863	0.00570	0.08370
4	0.14860	0.01443	0.01489	0.01556	0.07824	0.06265	0.01063	0.02335	0.09194	0.09406	0.07073	0.08507	0.19881	0.04461	0.00962	0.00285	0.00656	0.01124	0.00681	0.00932
5	0.01540	0.01264	0.01691	0.02015	0.16799	0.03590	0.01209	0.01880	0.01756	0.02560	0.14934	0.03461	0.02968	0.09542	0.11807	0.00449	0.00913	0.00916	0.11050	0.09657
6	0.01977	0.02034	0.01850	0.09546	0.04897	0.19586	0.01324	0.05848	0.08110	0.02487	0.03032	0.08101	0.13110	0.01167	0.00799	0.00232	0.00883	0.00941	0.00567	0.13510
7	0.01516	0.09993	0.13333	0.01355	0.01939	0.04618	0.01285	0.01892	0.01742	0.02321	0.03570	0.12133	0.18743	0.01285	0.00778	0.00222	0.00714	0.01057	0.00544	0.20958
8	0.02442	0.02557	0.02533	0.05974	0.05537	0.29226	0.11784	0.07839	0.02283	0.07072	0.09405	0.02625	0.05154	0.00983	0.00827	0.00239	0.01125	0.00821	0.00558	0.01014
9	0.01891	0.02044	0.01876	0.01779	0.04636	0.23498	0.05318	0.02189	0.01931	0.02205	0.03341	0.04307	0.15181	0.01894	0.08702	0.00375	0.01122	0.10666	0.00546	0.06498

[dist]
# distance from previous block
# <min> <max>
2	69

[block]
# block no. 7 follows, 23 sequences, length 18
# corresponding to MSA columns:
# 353-370
name=unknown_H
#
# <colnr> <probs for GDERKNQSTAVLIFYWHMCP>
#	G	D	E	R	K	N	Q	S	T	A	V	L	I	F	Y	W	H	M	C	P
0	0.01959	0.01480	0.07610	0.05181	0.02102	0.01224	0.04613	0.07947	0.02017	0.17795	0.03925	0.18020	0.14765	0.06213	0.01115	0.00310	0.00721	0.01300	0.00723	0.00978
1	0.01925	0.09289	0.04498	0.04956	0.11976	0.01595	0.01431	0.04873	0.07028	0.07912	0.07487	0.05654	0.02262	0.00989	0.00757	0.00217	0.00733	0.03780	0.00587	0.22052
2	0.01957	0.01848	0.05704	0.02822	0.25271	0.01697	0.04623	0.12068	0.05561	0.03007	0.02264	0.07471	0.05192	0.00969	0.00797	0.00230	0.00826	0.00864	0.00549	0.16279
3	0.16758	0.01920	0.04780	0.02209	0.15040	0.08069	0.01489	0.02899	0.19926	0.02901	0.02119	0.05375	0.01763	0.01385	0.06471	0.00340	0.00927	0.00774	0.00565	0.04290
4	0.02052	0.03033	0.24471	0.03081	0.25193	0.15268	0.02307	0.02620	0.01876	0.02488	0.01438	0.01763	0.01141	0.00749	0.00756	0.00227	0.01105	0.00614	0.00394	0.09426
5	0.13583	0.02060	0.13185	0.09790	0.18281	0.04604	0.01779	0.05237	0.01763	0.02645	0.02242	0.02819	0.07779	0.09567	0.01172	0.00317	0.00906	0.00803	0.00470	0.00997
6	0.01995	0.01383	0.01956	0.08987	0.02310	0.01400	0.08303	0.12476	0.01981	0.12049	0.02426	0.08827	0.02260	0.24460	0.01940	0.00433	0.00856	0.01034	0.00618	0.04305
7	0.02320	0.02209	0.02792	0.08895	0.20167	0.14958	0.10159	0.09338	0.02150	0.07335	0.01773	0.05050	0.01451	0.00868	0.00807	0.00237	0.01050	0.00774	0.00513	0.07157
8	0.01489	0.01328	0.01905	0.10095	0.14381	0.01484	0.01487	0.01877	0.04599	0.02241	0.03418	0.07829	0.14934	0.08090	0.01540	0.00345	0.13449	0.08086	0.00545	0.00878
9	0.07250	0.01441	0.01536	0.01354	0.01727	0.01564	0.01044	0.14611	0.21790	0.03364	0.14155	0.06519	0.10699	0.07953	0.01157	0.00314	0.00626	0.01111	0.00768	0.01016
10	0.01738	0.01717	0.02295	0.09234	0.27045	0.08037	0.01772	0.02094	0.01806	0.02332	0.03203	0.03874	0.16284	0.01251	0.01063	0.00272	0.08448	0.06041	0.00504	0.00990
11	0.00989	0.00706	0.00942	0.01130	0.01177	0.00659	0.00753	0.01130	0.01554	0.02071	0.04472	0.70954	0.05367	0.02542	0.01036	0.00330	0.00471	0.02307	0.00753	0.00659
12	0.01159	0.00869	0.01304	0.01304	0.01449	0.01014	0.01014	0.01449	0.01304	0.01884	0.02173	0.03188	0.02029	0.06086	0.68268	0.01304	0.02173	0.00869	0.00435	0.00724
13	0.01567	0.01477	0.02496	0.64886	0.09968	0.01812	0.02271	0.02103	0.01639	0.02115	0.01448	0.02152	0.01096	0.00805	0.00811	0.00268	0.01073	0.00721	0.00364	0.00929
14	0.01505	0.01377	0.01966	0.01767	0.01831	0.01839	0.01441	0.01731	0.01270	0.01922	0.01552	0.02396	0.01488	0.03470	0.31483	0.00772	0.40203	0.00780	0.00390	0.00816
15	0.02078	0.02140	0.03483	0.04449	0.49590	0.07578	0.13599	0.02574	0.01898	0.02585	0.01524	0.01995	0.01255	0.00725	0.00826	0.00244	0.01080	0.00749	0.00405	0.01221
