[name]
unknown

[dist]
# distance from previous block
# <min> <max>
1	8

[block]
# block no. 0 follows, 21 sequences, length 19
# corresponding to MSA columns:
# 8-26
name=unknown_A
#
# <colnr> <probs for GDERKNQSTAVLIFYWHMCP>
#	G	D	E	R	K	N	Q	S	T	A	V	L	I	F	Y	W	H	M	C	P
0	0.01894	0.01867	0.02651	0.22995	0.27640	0.08800	0.02121	0.02346	0.01804	0.02361	0.01680	0.02341	0.01413	0.01928	0.14064	0.00482	0.01360	0.00766	0.00417	0.01070
1	0.12265	0.01894	0.02548	0.10542	0.24651	0.01958	0.01847	0.14984	0.02247	0.03395	0.01611	0.01950	0.01270	0.00805	0.00763	0.00235	0.00891	0.00672	0.00537	0.14933
2	0.16190	0.02423	0.02208	0.01869	0.02281	0.19600	0.04216	0.14370	0.02249	0.03194	0.01574	0.01883	0.01264	0.01012	0.01121	0.00265	0.13991	0.00661	0.08588	0.01042
3	0.01616	0.01421	0.01930	0.20094	0.05488	0.06729	0.05544	0.01813	0.01580	0.01984	0.02306	0.06958	0.05029	0.17895	0.02162	0.14265	0.00968	0.01008	0.00462	0.00747
4	0.01847	0.01735	0.01476	0.01390	0.01640	0.16664	0.01001	0.02278	0.08563	0.04687	0.12320	0.08998	0.09672	0.18977	0.04684	0.00455	0.00912	0.01199	0.00662	0.00839
5	0.01645	0.01195	0.01367	0.01225	0.01502	0.01158	0.00870	0.11950	0.01943	0.02714	0.02887	0.20701	0.03086	0.24417	0.02019	0.00442	0.00700	0.01306	0.04758	0.14114
6	0.01401	0.01003	0.01184	0.01119	0.01286	0.00970	0.00758	0.06423	0.01820	0.02503	0.15238	0.17567	0.04288	0.31985	0.02448	0.00517	0.00670	0.01429	0.00680	0.06712
7	0.02015	0.01557	0.02031	0.02309	0.16729	0.01632	0.01411	0.19410	0.02307	0.03175	0.02529	0.13272	0.02493	0.16666	0.04870	0.00446	0.00903	0.01129	0.04078	0.01039
8	0.01462	0.01168	0.01499	0.11133	0.02143	0.01237	0.01172	0.06264	0.05503	0.02854	0.20790	0.08667	0.16550	0.05944	0.01256	0.00329	0.03152	0.07266	0.00745	0.00865
9	0.01258	0.00899	0.01114	0.01105	0.01135	0.00968	0.00715	0.01334	0.01292	0.01769	0.02654	0.09409	0.02978	0.49899	0.15009	0.00859	0.05260	0.01232	0.00515	0.00597
10	0.02087	0.02077	0.03769	0.04895	0.52669	0.02048	0.14474	0.02635	0.01952	0.02769	0.01625	0.02144	0.01337	0.00750	0.00875	0.00260	0.01096	0.00808	0.00423	0.01308
11	0.02763	0.02844	0.02594	0.15676	0.10021	0.28266	0.01886	0.19883	0.02674	0.03119	0.01595	0.01890	0.01232	0.00900	0.00816	0.00246	0.01226	0.00675	0.00543	0.01150
12	0.02573	0.26695	0.03267	0.02463	0.14874	0.24888	0.01720	0.06025	0.02133	0.02424	0.01436	0.01697	0.01217	0.00814	0.00701	0.00214	0.01123	0.00581	0.04042	0.01111
13	0.01083	0.00875	0.00969	0.00973	0.01234	0.00761	0.00749	0.01354	0.02040	0.02557	0.19972	0.07938	0.46864	0.02086	0.01022	0.00293	0.00458	0.07207	0.00821	0.00742
14	0.02293	0.02054	0.03201	0.09624	0.47564	0.02135	0.02392	0.14490	0.02333	0.03250	0.01682	0.02107	0.01351	0.00819	0.00845	0.00256	0.01006	0.00760	0.00504	0.01336
15	0.02268	0.02035	0.02018	0.05889	0.02483	0.09068	0.01438	0.04240	0.50400	0.05784	0.03105	0.02930	0.02325	0.01102	0.00854	0.00280	0.00798	0.00900	0.00797	0.01287
16	0.01187	0.00889	0.01196	0.01383	0.05642	0.00837	0.00884	0.01433	0.01886	0.02579	0.24387	0.33406	0.09114	0.09506	0.01389	0.00362	0.00531	0.01847	0.00784	0.00757
17	0.01875	0.01428	0.01808	0.04391	0.08802	0.01275	0.01217	0.02448	0.08225	0.09575	0.07619	0.03597	0.13641	0.01112	0.00806	0.00217	0.00654	0.00938	0.00670	0.29704
18	0.02721	0.03257	0.02953	0.06105	0.17967	0.41104	0.08422	0.03079	0.02221	0.02325	0.01437	0.01789	0.01180	0.00830	0.00815	0.00238	0.01379	0.00658	0.00431	0.01089

[dist]
# distance from previous block
# <min> <max>
0	5

[block]
# block no. 1 follows, 21 sequences, length 16
# corresponding to MSA columns:
# 32-47
name=unknown_B
#
# <colnr> <probs for GDERKNQSTAVLIFYWHMCP>
#	G	D	E	R	K	N	Q	S	T	A	V	L	I	F	Y	W	H	M	C	P
0	0.01813	0.02128	0.12645	0.03647	0.34189	0.01729	0.06725	0.02364	0.01925	0.02681	0.02711	0.03919	0.07304	0.01164	0.00922	0.00286	0.00991	0.11183	0.00508	0.01165
1	0.06528	0.07110	0.16124	0.02636	0.13800	0.22370	0.02080	0.14015	0.02405	0.03041	0.01533	0.01769	0.01193	0.00855	0.00780	0.00243	0.01188	0.00634	0.00497	0.01197
2	0.07896	0.20874	0.18247	0.01759	0.02489	0.13589	0.01763	0.02826	0.01994	0.10714	0.06301	0.02301	0.03977	0.00944	0.00738	0.00237	0.01010	0.00692	0.00534	0.01114
3	0.02138	0.49524	0.07940	0.01709	0.02293	0.03092	0.01664	0.02435	0.01629	0.02058	0.01189	0.01514	0.01097	0.00920	0.01113	0.00234	0.17485	0.00537	0.00366	0.01063
4	0.01216	0.00912	0.01368	0.01368	0.01520	0.01064	0.01064	0.01520	0.01368	0.01976	0.02279	0.03343	0.02127	0.06382	0.66720	0.01368	0.02279	0.00912	0.00456	0.00760
5	0.12313	0.10854	0.31964	0.01793	0.02561	0.01789	0.01999	0.02248	0.01694	0.02636	0.02278	0.19699	0.02267	0.01290	0.00811	0.00279	0.00927	0.01060	0.00499	0.01039
6	0.01267	0.00968	0.01214	0.01398	0.06655	0.00923	0.00897	0.01461	0.01682	0.02176	0.07570	0.06769	0.21167	0.29422	0.02361	0.00518	0.00700	0.11491	0.00654	0.00706
7	0.01083	0.00854	0.00963	0.01027	0.01234	0.00760	0.00765	0.01294	0.01827	0.02256	0.06817	0.19256	0.40075	0.08061	0.01328	0.00359	0.00526	0.10045	0.00766	0.00706
8	0.02272	0.02441	0.02961	0.19499	0.34112	0.19182	0.02295	0.02716	0.02007	0.02449	0.01504	0.01993	0.01230	0.00812	0.00825	0.00251	0.01180	0.00702	0.00415	0.01155
9	0.02114	0.01880	0.02331	0.02660	0.18851	0.02092	0.01683	0.04014	0.46944	0.03353	0.02968	0.02891	0.02265	0.01049	0.00860	0.00279	0.00763	0.00908	0.00748	0.01347
10	0.01102	0.00866	0.00996	0.00963	0.01209	0.00760	0.00723	0.01408	0.02168	0.02840	0.35707	0.07299	0.37014	0.01953	0.01005	0.00278	0.00417	0.01671	0.00862	0.00760
11	0.01545	0.01405	0.01633	0.07388	0.10532	0.05796	0.01226	0.05748	0.02173	0.02740	0.15977	0.05646	0.31708	0.01613	0.00943	0.00272	0.00677	0.01363	0.00710	0.00907
12	0.01690	0.01591	0.02479	0.25191	0.11925	0.01999	0.01993	0.02073	0.01539	0.02179	0.01531	0.02305	0.01338	0.02058	0.13471	0.00506	0.23993	0.00781	0.00396	0.00962
13	0.08489	0.02250	0.06518	0.11412	0.40721	0.07509	0.05744	0.02631	0.01906	0.02735	0.01534	0.02008	0.01248	0.00782	0.00817	0.00257	0.01076	0.00722	0.00424	0.01219
14	0.01728	0.04042	0.57098	0.06981	0.08141	0.01974	0.03055	0.02655	0.01800	0.02666	0.01531	0.01850	0.01101	0.00808	0.00814	0.00269	0.01232	0.00646	0.00365	0.01243
15	0.02106	0.02022	0.03454	0.05223	0.64784	0.02022	0.02612	0.02612	0.01938	0.02780	0.01601	0.02106	0.01348	0.00758	0.00842	0.00253	0.01011	0.00758	0.00421	0.01348

[dist]
# distance from previous block
# <min> <max>
0	2

[block]
# block no. 2 follows, 21 sequences, length 104
# corresponding to MSA columns:
# 50-153
name=unknown_C
#
# <colnr> <probs for GDERKNQSTAVLIFYWHMCP>
#	G	D	E	R	K	N	Q	S	T	A	V	L	I	F	Y	W	H	M	C	P
0	0.01968	0.02844	0.24951	0.04257	0.43677	0.02006	0.02796	0.02641	0.01889	0.02751	0.01575	0.01999	0.01255	0.00776	0.00831	0.00259	0.01096	0.00714	0.00400	0.01317
1	0.01696	0.01453	0.02230	0.03062	0.32304	0.01394	0.01663	0.02096	0.02056	0.05246	0.16644	0.04626	0.19360	0.01342	0.00920	0.00265	0.00720	0.01198	0.00651	0.01072
2	0.02471	0.02348	0.02451	0.02905	0.23939	0.18623	0.01750	0.13148	0.02392	0.03140	0.01859	0.02177	0.01480	0.00886	0.00771	0.00233	0.01001	0.00713	0.16563	0.01152
3	0.01238	0.00825	0.00928	0.00928	0.00928	0.00825	0.00516	0.01238	0.01238	0.01650	0.02681	0.05569	0.03094	0.70092	0.04331	0.00825	0.00825	0.01238	0.00516	0.00516
4	0.09402	0.01884	0.03056	0.17211	0.46847	0.01985	0.02394	0.02514	0.01842	0.02764	0.01542	0.02066	0.01263	0.00780	0.00813	0.00260	0.01000	0.00728	0.00423	0.01226
5	0.03091	0.03890	0.02497	0.02440	0.07711	0.61391	0.01723	0.03334	0.02373	0.02140	0.01339	0.01581	0.01117	0.00867	0.00773	0.00222	0.01492	0.00565	0.00437	0.01016
6	0.01006	0.00862	0.00862	0.00862	0.01149	0.00718	0.00647	0.01221	0.01940	0.02299	0.08621	0.08190	0.64438	0.02155	0.01006	0.00287	0.00431	0.01796	0.00790	0.00718
7	0.01226	0.00820	0.00932	0.00943	0.00946	0.00817	0.00532	0.01235	0.01260	0.01680	0.02798	0.09289	0.03241	0.66171	0.04143	0.00797	0.00806	0.01306	0.00532	0.00526
8	0.01089	0.00765	0.00982	0.01123	0.01169	0.00726	0.00730	0.01216	0.01580	0.02116	0.07051	0.52541	0.05185	0.17409	0.01794	0.00447	0.00562	0.02119	0.00737	0.00658
9	0.20507	0.01432	0.01495	0.04304	0.01885	0.01450	0.01017	0.09505	0.02005	0.07898	0.02002	0.02226	0.01527	0.00865	0.00647	0.00214	0.00635	0.00648	0.22675	0.17065
10	0.01196	0.00870	0.01126	0.01062	0.01266	0.00799	0.00796	0.01590	0.02389	0.03366	0.62003	0.06434	0.10391	0.01757	0.01004	0.00268	0.00403	0.01550	0.00931	0.00799
11	0.15278	0.01839	0.01868	0.01508	0.02036	0.02029	0.01230	0.36007	0.02981	0.04523	0.02089	0.02227	0.01550	0.00974	0.00728	0.00242	0.00747	0.00721	0.20238	0.01185
12	0.01088	0.00780	0.01033	0.01150	0.01246	0.00725	0.00794	0.01312	0.01865	0.02548	0.22730	0.50428	0.06355	0.02386	0.01061	0.00322	0.00466	0.02153	0.00834	0.00725
13	0.01087	0.00922	0.00947	0.00948	0.01232	0.00816	0.00707	0.01454	0.06288	0.02380	0.07964	0.12351	0.55698	0.02122	0.01002	0.00292	0.00453	0.01782	0.00796	0.00761
14	0.03179	0.04056	0.02412	0.02192	0.02631	0.66676	0.01644	0.03398	0.02412	0.02083	0.01315	0.01535	0.01096	0.00877	0.00767	0.00219	0.01535	0.00548	0.00438	0.00987
15	0.01091	0.00829	0.00988	0.01049	0.01217	0.00748	0.00752	0.01315	0.01881	0.02441	0.17536	0.27266	0.26988	0.07252	0.01285	0.00347	0.00493	0.05009	0.00798	0.00715
16	0.03124	0.02070	0.02300	0.01817	0.02452	0.02237	0.01484	0.37760	0.16053	0.17637	0.02617	0.02460	0.01827	0.01056	0.00855	0.00264	0.00837	0.00826	0.00897	0.01427
17	0.01683	0.01399	0.01475	0.01351	0.01748	0.01472	0.01057	0.08611	0.26160	0.03112	0.05720	0.05688	0.30693	0.01661	0.00945	0.00290	0.00596	0.04472	0.00826	0.01041
18	0.01238	0.00825	0.00928	0.00928	0.00928	0.00825	0.00516	0.01238	0.01238	0.01650	0.02681	0.05569	0.03094	0.70092	0.04331	0.00825	0.00825	0.01238	0.00516	0.00516
19	0.01631	0.01222	0.01352	0.01254	0.01537	0.01229	0.00927	0.17175	0.02299	0.02983	0.04966	0.24288	0.22633	0.10802	0.01419	0.00366	0.00633	0.01636	0.00771	0.00876
20	0.01206	0.00819	0.00968	0.00998	0.01016	0.00822	0.00596	0.01250	0.01306	0.01752	0.02954	0.14996	0.03405	0.55446	0.08293	0.00792	0.00879	0.01391	0.00552	0.00559
21	0.02117	0.01828	0.01924	0.01732	0.02213	0.02117	0.01347	0.04522	0.63246	0.03560	0.03464	0.03175	0.02598	0.01155	0.00866	0.00289	0.00673	0.00962	0.00866	0.01347
22	0.01113	0.00790	0.01024	0.01117	0.01205	0.00742	0.00757	0.01317	0.01809	0.02472	0.22153	0.42240	0.06005	0.11368	0.01494	0.00386	0.00510	0.02000	0.00797	0.00701
23	0.02067	0.01841	0.02822	0.02248	0.02655	0.02105	0.15315	0.16954	0.02153	0.03009	0.01792	0.02396	0.01505	0.02482	0.18704	0.00585	0.18924	0.00854	0.00527	0.01064
24	0.03179	0.04056	0.02412	0.02192	0.02631	0.66676	0.01644	0.03398	0.02412	0.02083	0.01315	0.01535	0.01096	0.00877	0.00767	0.00219	0.01535	0.00548	0.00438	0.00987
25	0.01217	0.00906	0.01336	0.01336	0.01477	0.01047	0.01025	0.01500	0.01358	0.01952	0.02308	0.03502	0.02196	0.10925	0.62272	0.01329	0.02176	0.00935	0.00460	0.00742
26	0.01183	0.00874	0.01234	0.01262	0.01386	0.00964	0.00935	0.01422	0.01415	0.01977	0.02966	0.13351	0.05598	0.13804	0.46320	0.01102	0.01753	0.01210	0.00527	0.00717
27	0.02269	0.01653	0.02265	0.09078	0.18839	0.01689	0.01650	0.13903	0.04916	0.12793	0.06810	0.03706	0.14326	0.01208	0.00889	0.00267	0.00804	0.01030	0.00715	0.01188
28	0.02106	0.02022	0.03454	0.05223	0.64784	0.02022	0.02612	0.02612	0.01938	0.02780	0.01601	0.02106	0.01348	0.00758	0.00842	0.00253	0.01011	0.00758	0.00421	0.01348
29	0.05004	0.02402	0.02542	0.10852	0.23132	0.22304	0.01960	0.02728	0.02065	0.04947	0.02024	0.03161	0.01831	0.01077	0.00863	0.00269	0.01131	0.10115	0.00509	0.01083
30	0.02386	0.31390	0.17752	0.02183	0.07622	0.20722	0.01985	0.02825	0.01953	0.02244	0.01332	0.01570	0.01110	0.00791	0.00692	0.00218	0.01173	0.00545	0.00388	0.01121
31	0.01958	0.09879	0.28768	0.02726	0.17152	0.05961	0.02339	0.02596	0.01854	0.02623	0.01494	0.01802	0.01178	0.00758	0.00752	0.00226	0.01060	0.00612	0.00407	0.15855
32	0.02885	0.25715	0.03078	0.01953	0.02485	0.46071	0.01583	0.03122	0.02190	0.02057	0.01272	0.01479	0.01095	0.00828	0.00695	0.00207	0.01331	0.00518	0.00414	0.01021
33	0.01267	0.00987	0.01466	0.01436	0.01576	0.01186	0.01127	0.01562	0.01363	0.01981	0.02187	0.03226	0.02047	0.05994	0.61644	0.01289	0.07540	0.00899	0.00449	0.00773
34	0.01227	0.00866	0.01134	0.01134	0.01205	0.00937	0.00772	0.01370	0.01299	0.01803	0.02493	0.04526	0.02641	0.40244	0.33561	0.01079	0.01506	0.01085	0.00488	0.00630
35	0.02298	0.31944	0.03011	0.01540	0.02062	0.06265	0.01360	0.14116	0.02169	0.02861	0.01694	0.01982	0.01417	0.01308	0.05661	0.00302	0.05791	0.00631	0.12516	0.01072
36	0.01830	0.01713	0.02359	0.02947	0.26071	0.05234	0.01716	0.02315	0.06358	0.02613	0.11701	0.03464	0.05218	0.10095	0.01639	0.00351	0.11796	0.00984	0.00553	0.01044
37	0.03081	0.03889	0.02355	0.02158	0.02584	0.63113	0.01629	0.03310	0.02387	0.02108	0.01488	0.01972	0.01302	0.00957	0.00789	0.00229	0.01494	0.03721	0.00457	0.00976
38	0.02233	0.65728	0.08969	0.01528	0.02295	0.03265	0.01580	0.02559	0.01734	0.02053	0.01208	0.01397	0.01091	0.00734	0.00565	0.00188	0.00936	0.00468	0.00364	0.01104
39	0.01006	0.00862	0.00862	0.00862	0.01149	0.00718	0.00647	0.01221	0.01940	0.02299	0.08621	0.08190	0.64438	0.02155	0.01006	0.00287	0.00431	0.01796	0.00790	0.00718
40	0.17868	0.02562	0.04541	0.01748	0.02263	0.21247	0.01411	0.09064	0.21285	0.03293	0.02105	0.02150	0.01612	0.00962	0.00750	0.00255	0.00962	0.00695	0.04096	0.01132
41	0.01296	0.00909	0.01060	0.00998	0.01276	0.00793	0.00757	0.01598	0.02173	0.07412	0.31599	0.07031	0.36190	0.01900	0.00994	0.00277	0.00440	0.01619	0.00871	0.00808
42	0.01272	0.00902	0.01059	0.00999	0.01269	0.00791	0.00756	0.01580	0.02188	0.06716	0.34108	0.07013	0.34449	0.01895	0.00996	0.00277	0.00435	0.01619	0.00874	0.00803
43	0.02275	0.70604	0.04459	0.01456	0.02184	0.03367	0.01456	0.02548	0.01729	0.02002	0.01183	0.01365	0.01092	0.00728	0.00546	0.00182	0.00910	0.00455	0.00364	0.01092
44	0.01862	0.01862	0.02607	0.02234	0.02234	0.02607	0.01862	0.02048	0.01303	0.02048	0.01117	0.01862	0.01117	0.01489	0.02793	0.00372	0.68535	0.00745	0.00372	0.00931
45	0.01148	0.00847	0.00911	0.00902	0.01096	0.00764	0.00631	0.01353	0.01816	0.02380	0.14555	0.06792	0.35069	0.18974	0.01798	0.00410	0.00522	0.01524	0.07818	0.00687
46	0.01276	0.00886	0.01094	0.01050	0.01284	0.00793	0.00784	0.01598	0.02206	0.06350	0.40102	0.12975	0.22622	0.01907	0.01004	0.00281	0.00436	0.01659	0.00889	0.00804
47	0.01100	0.00786	0.01060	0.01257	0.01334	0.00746	0.00900	0.01294	0.01692	0.02243	0.04656	0.58197	0.05490	0.02606	0.01103	0.00354	0.00549	0.13135	0.00789	0.00709
48	0.02937	0.02854	0.02340	0.01979	0.02505	0.27045	0.01556	0.28479	0.09946	0.03649	0.01943	0.02073	0.01494	0.01376	0.05672	0.00327	0.01235	0.00716	0.00665	0.01208
49	0.02171	0.24267	0.34704	0.02077	0.03023	0.12465	0.02337	0.05257	0.01965	0.02503	0.01412	0.01636	0.01101	0.00804	0.00725	0.00235	0.01182	0.00570	0.00394	0.01174
50	0.01169	0.00811	0.00998	0.01041	0.01105	0.00779	0.00669	0.01313	0.01645	0.02244	0.18551	0.25000	0.05078	0.32893	0.02532	0.00543	0.00621	0.01668	0.00702	0.00640
51	0.01417	0.00926	0.01154	0.01064	0.01332	0.00827	0.00809	0.01766	0.02297	0.09331	0.44601	0.06460	0.21249	0.01773	0.00989	0.00272	0.00441	0.01534	0.00913	0.00847
52	0.03165	0.02516	0.02540	0.04598	0.02766	0.09008	0.01650	0.53730	0.03751	0.04909	0.01949	0.02001	0.01400	0.01000	0.00843	0.00253	0.01004	0.00744	0.00791	0.01381
53	0.02694	0.02008	0.02134	0.01718	0.02284	0.02214	0.01393	0.40617	0.14837	0.04578	0.02870	0.02823	0.06378	0.01127	0.00840	0.00258	0.00796	0.00882	0.08240	0.01309
54	0.01135	0.00827	0.01039	0.01148	0.01271	0.00776	0.00828	0.01341	0.01760	0.02307	0.10994	0.33306	0.15320	0.12112	0.01546	0.00405	0.00572	0.11851	0.00764	0.00698
55	0.76103	0.01646	0.01251	0.01119	0.01646	0.01909	0.00922	0.02502	0.01448	0.03818	0.01185	0.01382	0.00922	0.00790	0.00527	0.00263	0.00658	0.00461	0.00527	0.00922
56	0.01107	0.00823	0.01032	0.01071	0.01235	0.00747	0.00768	0.01384	0.02044	0.02763	0.32659	0.28972	0.17974	0.02146	0.01033	0.00299	0.00440	0.01898	0.00857	0.00747
57	0.03179	0.04056	0.02412	0.02192	0.02631	0.66676	0.01644	0.03398	0.02412	0.02083	0.01315	0.01535	0.01096	0.00877	0.00767	0.00219	0.01535	0.00548	0.00438	0.00987
58	0.03179	0.04056	0.02412	0.02192	0.02631	0.66676	0.01644	0.03398	0.02412	0.02083	0.01315	0.01535	0.01096	0.00877	0.00767	0.00219	0.01535	0.00548	0.00438	0.00987
59	0.01098	0.00827	0.01003	0.01125	0.01243	0.00778	0.00768	0.01363	0.04744	0.02231	0.05323	0.48600	0.17819	0.07289	0.01289	0.00365	0.00513	0.02130	0.00774	0.00717
60	0.02507	0.01957	0.02214	0.01700	0.02328	0.02021	0.01390	0.33319	0.02876	0.04027	0.01806	0.02009	0.01398	0.01230	0.04744	0.00283	0.05727	0.00682	0.00673	0.27107
61	0.01118	0.00842	0.01034	0.01037	0.01231	0.00758	0.00759	0.01420	0.02130	0.02870	0.37680	0.19314	0.22626	0.02034	0.01021	0.00288	0.00428	0.01781	0.00869	0.00758
62	0.01216	0.00912	0.01368	0.01368	0.01520	0.01064	0.01064	0.01520	0.01368	0.01976	0.02279	0.03343	0.02127	0.06382	0.66720	0.01368	0.02279	0.00912	0.00456	0.00760
63	0.01031	0.00765	0.00963	0.01121	0.01218	0.00697	0.00762	0.01192	0.01691	0.02197	0.05466	0.57431	0.17234	0.02565	0.01070	0.00334	0.00481	0.02296	0.00790	0.00697
64	0.02066	0.02212	0.07546	0.04797	0.51650	0.02039	0.11805	0.02635	0.01940	0.02767	0.01615	0.02116	0.01322	0.00755	0.00865	0.00259	0.01092	0.00788	0.00419	0.01311
65	0.03179	0.04056	0.02412	0.02192	0.02631	0.66676	0.01644	0.03398	0.02412	0.02083	0.01315	0.01535	0.01096	0.00877	0.00767	0.00219	0.01535	0.00548	0.00438	0.00987
66	0.16837	0.02259	0.02682	0.13478	0.31389	0.14348	0.02055	0.02673	0.01896	0.02759	0.01451	0.01879	0.01183	0.00801	0.00767	0.00253	0.01061	0.00659	0.00439	0.01133
67	0.01200	0.00809	0.00939	0.00977	0.00986	0.00800	0.00568	0.01228	0.01312	0.01749	0.03061	0.17672	0.03573	0.57335	0.03717	0.00734	0.00762	0.01461	0.00568	0.00549
68	0.01221	0.00890	0.01258	0.01258	0.01373	0.01004	0.00927	0.01450	0.01335	0.01895	0.02379	0.03897	0.02368	0.22220	0.51211	0.01233	0.01918	0.00993	0.00471	0.00699
69	0.02291	0.15536	0.07540	0.02391	0.10739	0.16132	0.01832	0.03040	0.13964	0.02490	0.01729	0.01985	0.01428	0.01002	0.01152	0.00264	0.14178	0.00684	0.00488	0.01135
70	0.02050	0.01965	0.03353	0.12245	0.58198	0.02007	0.02584	0.02563	0.01911	0.02713	0.01591	0.02124	0.01324	0.00769	0.00843	0.00256	0.01025	0.00758	0.00416	0.01303
71	0.01037	0.00741	0.00987	0.01185	0.01234	0.00691	0.00790	0.01185	0.01629	0.02172	0.04690	0.69537	0.05629	0.02666	0.01086	0.00346	0.00494	0.02419	0.00790	0.00691
72	0.01280	0.00971	0.01173	0.01140	0.01350	0.00950	0.00834	0.01855	0.10036	0.03004	0.37363	0.15153	0.12682	0.06876	0.01243	0.00325	0.00484	0.01596	0.00860	0.00827
73	0.02178	0.10055	0.02536	0.02509	0.17633	0.07056	0.01611	0.15476	0.06694	0.03097	0.02571	0.19760	0.02534	0.01352	0.00869	0.00269	0.00864	0.01159	0.00639	0.01138
74	0.03039	0.03209	0.02660	0.02211	0.02740	0.35619	0.05929	0.24054	0.02883	0.03291	0.01591	0.01788	0.01236	0.00953	0.00932	0.00246	0.05212	0.00669	0.00581	0.01158
75	0.01048	0.00848	0.00932	0.00944	0.01184	0.00731	0.00696	0.01291	0.01991	0.02499	0.18940	0.15775	0.45862	0.02141	0.01016	0.00291	0.00433	0.01827	0.00819	0.00731
76	0.02028	0.02242	0.04712	0.03910	0.16354	0.02126	0.50034	0.02703	0.01995	0.02737	0.01698	0.02258	0.01302	0.00725	0.00972	0.00280	0.01351	0.00956	0.00429	0.01187
77	0.02538	0.33023	0.09530	0.01807	0.02439	0.28421	0.01647	0.02868	0.02013	0.02176	0.01369	0.01588	0.01160	0.00812	0.00664	0.00207	0.01163	0.00531	0.04998	0.01048
78	0.01742	0.08496	0.61897	0.02366	0.03591	0.02062	0.03040	0.02686	0.01793	0.02652	0.01506	0.01770	0.01079	0.00804	0.00792	0.00264	0.01236	0.00618	0.00360	0.01247
79	0.02615	0.03585	0.20329	0.02098	0.02778	0.33679	0.01969	0.07248	0.02351	0.06297	0.07446	0.02176	0.01824	0.00959	0.00812	0.00243	0.01260	0.00697	0.00528	0.01106
80	0.01216	0.00912	0.01368	0.01368	0.01520	0.01064	0.01064	0.01520	0.01368	0.01976	0.02279	0.03343	0.02127	0.06382	0.66720	0.01368	0.02279	0.00912	0.00456	0.00760
81	0.02649	0.01984	0.02109	0.01670	0.02248	0.02134	0.01362	0.45984	0.03459	0.04558	0.03772	0.03659	0.18005	0.01320	0.00892	0.00264	0.00804	0.01037	0.00835	0.01256
82	0.01932	0.01287	0.01469	0.01251	0.01538	0.01294	0.00896	0.15466	0.02142	0.07800	0.09824	0.04366	0.03091	0.35631	0.02594	0.00533	0.00778	0.01081	0.00684	0.06344
83	0.02106	0.02022	0.03454	0.05223	0.64784	0.02022	0.02612	0.02612	0.01938	0.02780	0.01601	0.02106	0.01348	0.00758	0.00842	0.00253	0.01011	0.00758	0.00421	0.01348
84	0.01729	0.04247	0.61215	0.02511	0.03740	0.01989	0.07457	0.02697	0.01812	0.02697	0.01542	0.01833	0.01094	0.00802	0.00823	0.00271	0.01271	0.00657	0.00365	0.01250
85	0.03179	0.04056	0.02412	0.02192	0.02631	0.66676	0.01644	0.03398	0.02412	0.02083	0.01315	0.01535	0.01096	0.00877	0.00767	0.00219	0.01535	0.00548	0.00438	0.00987
86	0.03589	0.01815	0.02202	0.01688	0.02355	0.01795	0.01395	0.26822	0.03050	0.41831	0.02842	0.02562	0.01848	0.01041	0.00854	0.00260	0.00807	0.00821	0.00974	0.01448
87	0.01069	0.00754	0.00978	0.01144	0.01186	0.00712	0.00747	0.01193	0.01567	0.02090	0.04373	0.59425	0.05228	0.13325	0.01599	0.00421	0.00546	0.02232	0.00747	0.00663
88	0.01037	0.00741	0.00987	0.01185	0.01234	0.00691	0.00790	0.01185	0.01629	0.02172	0.04690	0.69537	0.05629	0.02666	0.01086	0.00346	0.00494	0.02419	0.00790	0.00691
89	0.46862	0.01822	0.01603	0.01359	0.01890	0.04658	0.01106	0.15220	0.02173	0.07110	0.07394	0.02071	0.01766	0.00945	0.00667	0.00260	0.00734	0.00650	0.00657	0.01052
90	0.01037	0.00741	0.00987	0.01185	0.01234	0.00691	0.00790	0.01185	0.01629	0.02172	0.04690	0.69537	0.05629	0.02666	0.01086	0.00346	0.00494	0.02419	0.00790	0.00691
91	0.01098	0.00795	0.01051	0.01234	0.01328	0.00748	0.00889	0.01297	0.01715	0.02253	0.04945	0.53678	0.09822	0.02569	0.01097	0.00350	0.00544	0.13089	0.00789	0.00711
92	0.01707	0.04402	0.65683	0.02426	0.03683	0.01976	0.03144	0.02695	0.01797	0.02695	0.01527	0.01797	0.01078	0.00809	0.00809	0.00270	0.01258	0.00629	0.00359	0.01258
93	0.01666	0.01266	0.01386	0.01380	0.01621	0.05745	0.01013	0.02269	0.12725	0.08378	0.07058	0.33577	0.07397	0.02417	0.07552	0.00414	0.00792	0.01653	0.00777	0.00913
94	0.01097	0.00809	0.00926	0.00991	0.01100	0.00747	0.00648	0.01215	0.01594	0.02031	0.05267	0.27324	0.23841	0.25999	0.02191	0.00494	0.00589	0.01805	0.00694	0.00639
95	0.01264	0.00896	0.01293	0.01293	0.01451	0.01029	0.01003	0.01580	0.01422	0.02131	0.02344	0.03321	0.02134	0.05685	0.58160	0.01216	0.02036	0.00896	0.10082	0.00764
96	0.02106	0.02022	0.03454	0.05223	0.64784	0.02022	0.02612	0.02612	0.01938	0.02780	0.01601	0.02106	0.01348	0.00758	0.00842	0.00253	0.01011	0.00758	0.00421	0.01348
97	0.03189	0.03754	0.02437	0.02150	0.02632	0.55111	0.01639	0.13971	0.02699	0.02675	0.01447	0.01626	0.01160	0.00903	0.00783	0.00226	0.01427	0.00587	0.00513	0.01070
98	0.02075	0.01990	0.03398	0.09109	0.61140	0.02014	0.02596	0.02585	0.01923	0.02743	0.01595	0.02116	0.01335	0.00764	0.00843	0.00255	0.01019	0.00758	0.00419	0.01323
99	0.02687	0.02674	0.02494	0.02573	0.14239	0.23824	0.01732	0.19190	0.08823	0.03251	0.01883	0.02129	0.01495	0.01472	0.07405	0.00357	0.01259	0.00726	0.00593	0.01195
100	0.02579	0.01423	0.01832	0.01717	0.06525	0.01441	0.01260	0.08573	0.10112	0.25567	0.02826	0.02923	0.02069	0.02040	0.13277	0.00464	0.01002	0.00855	0.12320	0.01196
101	0.01235	0.00836	0.00984	0.00984	0.01004	0.00856	0.00586	0.01274	0.01254	0.01692	0.02630	0.05284	0.02970	0.61945	0.12310	0.00894	0.01011	0.01196	0.00508	0.00547
102	0.01880	0.01596	0.01559	0.01441	0.01761	0.09868	0.01112	0.10299	0.04673	0.06228	0.09047	0.16808	0.20048	0.01774	0.01048	0.00292	0.03880	0.04992	0.00760	0.00934
103	0.01881	0.03324	0.36708	0.03510	0.23944	0.02016	0.11123	0.02672	0.01873	0.02727	0.01579	0.01968	0.01197	0.00779	0.00847	0.00266	0.01201	0.00724	0.00390	0.01272

[dist]
# distance from previous block
# <min> <max>
4	63

[block]
# block no. 3 follows, 21 sequences, length 15
# corresponding to MSA columns:
# 218-232
name=unknown_D
#
# <colnr> <probs for GDERKNQSTAVLIFYWHMCP>
#	G	D	E	R	K	N	Q	S	T	A	V	L	I	F	Y	W	H	M	C	P
0	0.02147	0.06442	0.19245	0.02676	0.18992	0.04001	0.02060	0.02704	0.01973	0.10923	0.06195	0.02305	0.01809	0.00859	0.00789	0.00232	0.00940	0.00722	0.00536	0.14451
1	0.01774	0.03162	0.36199	0.02700	0.12864	0.01998	0.02564	0.02456	0.01698	0.02548	0.01505	0.01948	0.01201	0.01248	0.05076	0.00343	0.13974	0.00680	0.00386	0.05676
2	0.02021	0.07054	0.07954	0.01964	0.02277	0.12047	0.01705	0.06447	0.01752	0.02324	0.01531	0.02138	0.01373	0.02419	0.17288	0.00556	0.27015	0.00726	0.00435	0.00975
3	0.02508	0.14138	0.12897	0.01551	0.02167	0.01681	0.01461	0.02964	0.04621	0.26258	0.02654	0.07585	0.02180	0.12015	0.01360	0.00346	0.00845	0.00922	0.00702	0.01147
4	0.02071	0.27302	0.13128	0.01872	0.02641	0.06898	0.07770	0.02518	0.01800	0.02385	0.01380	0.01668	0.01154	0.00770	0.00802	0.00206	0.04952	0.00574	0.00411	0.19696
5	0.01158	0.00829	0.00955	0.00989	0.01081	0.00785	0.00641	0.01272	0.01563	0.02033	0.08720	0.16498	0.17345	0.37133	0.02734	0.00576	0.00655	0.03759	0.00659	0.00618
6	0.01019	0.00812	0.00914	0.00996	0.01185	0.00707	0.00706	0.01206	0.01811	0.02246	0.06988	0.33670	0.40012	0.02367	0.01039	0.00312	0.00457	0.02055	0.00790	0.00707
7	0.01954	0.01601	0.02412	0.03101	0.28818	0.01690	0.01795	0.02749	0.13548	0.07098	0.02292	0.02749	0.01882	0.02593	0.21210	0.00605	0.01318	0.00852	0.00562	0.01173
8	0.01208	0.00887	0.01228	0.01228	0.01350	0.00984	0.00902	0.01431	0.01370	0.01914	0.02763	0.04190	0.06139	0.21963	0.47235	0.01167	0.01806	0.01046	0.00491	0.00697
9	0.01014	0.00832	0.00893	0.00942	0.01171	0.00712	0.00682	0.01212	0.01863	0.02267	0.07644	0.23439	0.49820	0.02282	0.01026	0.00302	0.00447	0.01951	0.00790	0.00712
10	0.01238	0.00825	0.00928	0.00928	0.00928	0.00825	0.00516	0.01238	0.01238	0.01650	0.02681	0.05569	0.03094	0.70092	0.04331	0.00825	0.00825	0.01238	0.00516	0.00516
11	0.02237	0.03657	0.46120	0.02370	0.06440	0.05236	0.02650	0.03025	0.01967	0.15509	0.01895	0.02024	0.01304	0.00860	0.00818	0.00265	0.01150	0.00678	0.00509	0.01287
12	0.02408	0.02717	0.07631	0.03978	0.37763	0.17518	0.05767	0.06975	0.02190	0.02786	0.01565	0.01954	0.01272	0.00806	0.00832	0.00248	0.01173	0.00714	0.00452	0.01251
13	0.01048	0.00816	0.00952	0.01019	0.01201	0.00721	0.00726	0.01265	0.01890	0.02417	0.15462	0.31697	0.33171	0.02291	0.01037	0.00307	0.00451	0.01999	0.00812	0.00721
14	0.02023	0.02419	0.12044	0.04336	0.37541	0.02058	0.21580	0.02659	0.01942	0.02752	0.01630	0.02127	0.01295	0.00752	0.00890	0.00266	0.01179	0.00820	0.00416	0.01272

[dist]
# distance from previous block
# <min> <max>
0	1

[block]
# block no. 4 follows, 21 sequences, length 24
# corresponding to MSA columns:
# 234-257
name=unknown_E
#
# <colnr> <probs for GDERKNQSTAVLIFYWHMCP>
#	G	D	E	R	K	N	Q	S	T	A	V	L	I	F	Y	W	H	M	C	P
0	0.10274	0.23046	0.03119	0.02511	0.15691	0.27385	0.01720	0.02885	0.02008	0.02389	0.01324	0.01591	0.01131	0.00798	0.00693	0.00220	0.01147	0.00556	0.00422	0.01088
1	0.07127	0.22984	0.13450	0.01975	0.05260	0.20175	0.01775	0.03063	0.02034	0.12380	0.01642	0.01761	0.01253	0.00840	0.00712	0.00228	0.01100	0.00587	0.00506	0.01148
2	0.02709	0.03136	0.02581	0.02877	0.18489	0.40364	0.01833	0.05843	0.02262	0.02410	0.01521	0.01888	0.01282	0.01407	0.07422	0.00345	0.01446	0.00649	0.00456	0.01079
3	0.01027	0.00780	0.00947	0.01080	0.01207	0.00700	0.00743	0.01197	0.01731	0.02214	0.05972	0.49530	0.24808	0.02500	0.01060	0.00327	0.00473	0.02216	0.00790	0.00700
4	0.02114	0.04306	0.48170	0.02361	0.03392	0.19884	0.02729	0.02890	0.01967	0.02526	0.01469	0.01724	0.01083	0.00827	0.00797	0.00256	0.01334	0.00606	0.00381	0.01183
5	0.01952	0.01971	0.01919	0.01763	0.01995	0.18281	0.01382	0.05741	0.01784	0.02220	0.01819	0.02547	0.01649	0.03810	0.34893	0.00836	0.13308	0.00781	0.00461	0.00889
6	0.02235	0.01887	0.01991	0.01756	0.02258	0.02172	0.01376	0.10622	0.56953	0.03751	0.03313	0.03055	0.02476	0.01140	0.00864	0.00285	0.00701	0.00941	0.00864	0.01358
7	0.02081	0.02092	0.03857	0.04803	0.49281	0.02055	0.17792	0.02641	0.01956	0.02766	0.01632	0.02155	0.01333	0.00748	0.00884	0.00262	0.01120	0.00821	0.00424	0.01297
8	0.02106	0.02022	0.03454	0.05223	0.64784	0.02022	0.02612	0.02612	0.01938	0.02780	0.01601	0.02106	0.01348	0.00758	0.00842	0.00253	0.01011	0.00758	0.00421	0.01348
9	0.02053	0.02061	0.02952	0.04243	0.48589	0.08644	0.02212	0.02484	0.01988	0.02634	0.02634	0.02967	0.10877	0.00982	0.00859	0.00254	0.00978	0.00893	0.00479	0.01215
10	0.01057	0.00864	0.00933	0.00916	0.01181	0.00740	0.00687	0.01320	0.02060	0.02585	0.22936	0.07719	0.49944	0.02048	0.01005	0.00282	0.00423	0.01730	0.00828	0.00740
11	0.01169	0.00851	0.01117	0.01150	0.01254	0.00892	0.00808	0.01346	0.01434	0.01946	0.03491	0.15728	0.09720	0.24454	0.29786	0.00915	0.01341	0.01360	0.00566	0.00670
12	0.03235	0.02384	0.02554	0.01958	0.02639	0.02639	0.01618	0.61946	0.04001	0.05363	0.02043	0.02043	0.01447	0.01022	0.00851	0.00255	0.00936	0.00766	0.00851	0.01447
13	0.02796	0.01991	0.02119	0.01681	0.02241	0.02191	0.01370	0.44980	0.07029	0.04761	0.02293	0.02366	0.01682	0.01023	0.00794	0.00244	0.00799	0.00784	0.17562	0.01294
14	0.01006	0.00862	0.00862	0.00862	0.01149	0.00718	0.00647	0.01221	0.01940	0.02299	0.08621	0.08190	0.64438	0.02155	0.01006	0.00287	0.00431	0.01796	0.00790	0.00718
15	0.01029	0.00772	0.00955	0.01102	0.01213	0.00698	0.00753	0.01194	0.01709	0.02205	0.05700	0.53774	0.20740	0.02535	0.01066	0.00331	0.00478	0.02259	0.00790	0.00698
16	0.01238	0.00825	0.00928	0.00928	0.00928	0.00825	0.00516	0.01238	0.01238	0.01650	0.02681	0.05569	0.03094	0.70092	0.04331	0.00825	0.00825	0.01238	0.00516	0.00516
17	0.01216	0.00912	0.01368	0.01368	0.01520	0.01064	0.01064	0.01520	0.01368	0.01976	0.02279	0.03343	0.02127	0.06382	0.66720	0.01368	0.02279	0.00912	0.00456	0.00760
18	0.01216	0.00912	0.01368	0.01368	0.01520	0.01064	0.01064	0.01520	0.01368	0.01976	0.02279	0.03343	0.02127	0.06382	0.66720	0.01368	0.02279	0.00912	0.00456	0.00760
19	0.01006	0.00862	0.00862	0.00862	0.01149	0.00718	0.00647	0.01221	0.01940	0.02299	0.08621	0.08190	0.64438	0.02155	0.01006	0.00287	0.00431	0.01796	0.00790	0.00718
20	0.02082	0.01985	0.03314	0.08104	0.57942	0.02021	0.02520	0.02710	0.05781	0.02799	0.01714	0.02181	0.01416	0.00788	0.00844	0.00257	0.00996	0.00771	0.00447	0.01328
21	0.01342	0.01098	0.01610	0.01537	0.01659	0.01366	0.01220	0.01623	0.01355	0.01990	0.02052	0.03053	0.01930	0.05425	0.54208	0.01173	0.15247	0.00879	0.00440	0.00793
22	0.03235	0.02384	0.02554	0.01958	0.02639	0.02639	0.01618	0.61946	0.04001	0.05363	0.02043	0.02043	0.01447	0.01022	0.00851	0.00255	0.00936	0.00766	0.00851	0.01447
23	0.02375	0.29238	0.13087	0.01921	0.02672	0.07637	0.05529	0.12798	0.11504	0.02954	0.01768	0.01890	0.01390	0.00865	0.00731	0.00233	0.01013	0.00652	0.00530	0.01211

[dist]
# distance from previous block
# <min> <max>
0	7

[block]
# block no. 5 follows, 21 sequences, length 24
# corresponding to MSA columns:
# 265-288
name=unknown_F
#
# <colnr> <probs for GDERKNQSTAVLIFYWHMCP>
#	G	D	E	R	K	N	Q	S	T	A	V	L	I	F	Y	W	H	M	C	P
0	0.02722	0.12833	0.13354	0.02097	0.02700	0.44360	0.01847	0.03082	0.02170	0.02171	0.01377	0.01637	0.01139	0.01091	0.03690	0.00274	0.01438	0.00566	0.00416	0.01036
1	0.01322	0.00999	0.01220	0.01297	0.01457	0.01015	0.00917	0.04468	0.11651	0.02640	0.09325	0.50669	0.05156	0.02274	0.01034	0.00326	0.00535	0.02039	0.00817	0.00839
2	0.01822	0.01305	0.01510	0.01334	0.01570	0.01416	0.00968	0.19206	0.02083	0.02821	0.02400	0.04011	0.02383	0.34888	0.17834	0.00783	0.01197	0.01023	0.00601	0.00847
3	0.01140	0.00809	0.01081	0.01261	0.01344	0.00777	0.00916	0.01339	0.01680	0.02224	0.04469	0.48563	0.05221	0.08410	0.01390	0.00399	0.00597	0.16915	0.00765	0.00700
4	0.02476	0.01985	0.02133	0.01742	0.02340	0.02156	0.01394	0.25445	0.31628	0.04105	0.02631	0.02534	0.01961	0.01023	0.00824	0.00251	0.00764	0.00818	0.00804	0.12988
5	0.01216	0.00912	0.01368	0.01368	0.01520	0.01064	0.01064	0.01520	0.01368	0.01976	0.02279	0.03343	0.02127	0.06382	0.66720	0.01368	0.02279	0.00912	0.00456	0.00760
6	0.02093	0.49342	0.24122	0.01767	0.02666	0.02921	0.01998	0.02595	0.01751	0.02225	0.01294	0.01504	0.01088	0.00754	0.00630	0.00210	0.01022	0.00511	0.00363	0.01145
7	0.01929	0.02114	0.04239	0.03139	0.03754	0.02199	0.44004	0.02496	0.01804	0.02522	0.01609	0.02252	0.01297	0.01223	0.05157	0.00369	0.17465	0.00937	0.00418	0.01074
8	0.01054	0.00874	0.00929	0.00945	0.01218	0.00750	0.00729	0.01297	0.01968	0.02386	0.11307	0.08230	0.55282	0.02152	0.01023	0.00297	0.00465	0.07567	0.00798	0.00730
9	0.01658	0.01500	0.02860	0.02262	0.02629	0.01518	0.25838	0.01898	0.01584	0.02171	0.02037	0.11916	0.01986	0.02025	0.05252	0.22528	0.07972	0.01095	0.00459	0.00811
10	0.01825	0.03498	0.40219	0.02836	0.03880	0.02075	0.24296	0.02671	0.01846	0.02671	0.01575	0.01981	0.01157	0.00813	0.00989	0.00281	0.05029	0.00771	0.00386	0.01200
11	0.01029	0.00770	0.00958	0.01108	0.01214	0.00698	0.00756	0.01194	0.01703	0.02203	0.05627	0.54925	0.19636	0.02544	0.01067	0.00332	0.00479	0.02271	0.00790	0.00698
12	0.01359	0.00904	0.01187	0.01097	0.01325	0.00830	0.00830	0.01757	0.02411	0.07086	0.60719	0.06152	0.07679	0.01699	0.00995	0.00267	0.00421	0.01499	0.00944	0.00841
13	0.01798	0.01826	0.01611	0.01546	0.01760	0.20377	0.01154	0.02032	0.01656	0.01959	0.02054	0.03138	0.01966	0.14162	0.38063	0.00949	0.01845	0.00853	0.00460	0.00791
14	0.03179	0.04056	0.02412	0.02192	0.02631	0.66676	0.01644	0.03398	0.02412	0.02083	0.01315	0.01535	0.01096	0.00877	0.00767	0.00219	0.01535	0.00548	0.00438	0.00987
15	0.01844	0.01901	0.07638	0.09077	0.20794	0.01537	0.01785	0.02328	0.01811	0.02710	0.01539	0.01916	0.01258	0.00704	0.00728	0.00190	0.00843	0.00613	0.00456	0.40327
16	0.03179	0.04056	0.02412	0.02192	0.02631	0.66676	0.01644	0.03398	0.02412	0.02083	0.01315	0.01535	0.01096	0.00877	0.00767	0.00219	0.01535	0.00548	0.00438	0.00987
17	0.01037	0.00741	0.00987	0.01185	0.01234	0.00691	0.00790	0.01185	0.01629	0.02172	0.04690	0.69537	0.05629	0.02666	0.01086	0.00346	0.00494	0.02419	0.00790	0.00691
18	0.01238	0.00825	0.00928	0.00928	0.00928	0.00825	0.00516	0.01238	0.01238	0.01650	0.02681	0.05569	0.03094	0.70092	0.04331	0.00825	0.00825	0.01238	0.00516	0.00516
19	0.01567	0.01356	0.01997	0.01778	0.01947	0.01683	0.04329	0.05072	0.01524	0.02222	0.01878	0.02760	0.01735	0.04290	0.40016	0.00944	0.22723	0.00856	0.00451	0.00870
20	0.03047	0.03785	0.02277	0.02076	0.02495	0.61209	0.01557	0.03281	0.02360	0.02173	0.01437	0.01671	0.01186	0.00886	0.00753	0.00218	0.01440	0.00568	0.06610	0.00971
21	0.01206	0.00970	0.01319	0.01400	0.01439	0.01083	0.01009	0.01361	0.01563	0.02147	0.03960	0.55694	0.04706	0.02425	0.01435	0.00351	0.14411	0.02077	0.00705	0.00740
22	0.02234	0.06297	0.03436	0.03439	0.23426	0.13982	0.13921	0.02642	0.01878	0.02428	0.01437	0.01941	0.01223	0.00940	0.01298	0.00277	0.16909	0.00749	0.00412	0.01131
23	0.02509	0.17044	0.09833	0.02456	0.03179	0.23024	0.19459	0.07815	0.02225	0.02588	0.01489	0.01792	0.01180	0.00805	0.00803	0.00240	0.01301	0.00690	0.00447	0.01121

[dist]
# distance from previous block
# <min> <max>
0	1

[block]
# block no. 6 follows, 21 sequences, length 39
# corresponding to MSA columns:
# 290-328
name=unknown_G
#
# <colnr> <probs for GDERKNQSTAVLIFYWHMCP>
#	G	D	E	R	K	N	Q	S	T	A	V	L	I	F	Y	W	H	M	C	P
0	0.01659	0.01566	0.02647	0.61465	0.12035	0.01904	0.02389	0.02220	0.01726	0.02238	0.01522	0.02252	0.01157	0.00841	0.00850	0.00280	0.01121	0.00756	0.00383	0.00988
1	0.14436	0.18496	0.38609	0.02107	0.05575	0.02275	0.02372	0.02626	0.01729	0.02735	0.01396	0.01644	0.01066	0.00785	0.00704	0.00248	0.01069	0.00567	0.00391	0.01168
2	0.01742	0.08445	0.61944	0.02366	0.03592	0.02061	0.03041	0.02686	0.01793	0.02653	0.01506	0.01770	0.01079	0.00804	0.00792	0.00264	0.01236	0.00618	0.00360	0.01248
3	0.01006	0.00862	0.00862	0.00862	0.01149	0.00718	0.00647	0.01221	0.01940	0.02299	0.08621	0.08190	0.64438	0.02155	0.01006	0.00287	0.00431	0.01796	0.00790	0.00718
4	0.01006	0.00862	0.00862	0.00862	0.01149	0.00718	0.00647	0.01221	0.01940	0.02299	0.08621	0.08190	0.64438	0.02155	0.01006	0.00287	0.00431	0.01796	0.00790	0.00718
5	0.03308	0.02267	0.02482	0.01903	0.02581	0.02466	0.01572	0.54739	0.03806	0.12846	0.02207	0.02150	0.01529	0.01026	0.00852	0.00256	0.00910	0.00777	0.00877	0.01447
6	0.01217	0.00905	0.01334	0.01334	0.01475	0.01046	0.01022	0.01498	0.01358	0.01951	0.02310	0.03513	0.02201	0.11237	0.61966	0.01326	0.02169	0.00937	0.00460	0.00741
7	0.01037	0.00741	0.00987	0.01185	0.01234	0.00691	0.00790	0.01185	0.01629	0.02172	0.04690	0.69537	0.05629	0.02666	0.01086	0.00346	0.00494	0.02419	0.00790	0.00691
8	0.01037	0.00741	0.00987	0.01185	0.01234	0.00691	0.00790	0.01185	0.01629	0.02172	0.04690	0.69537	0.05629	0.02666	0.01086	0.00346	0.00494	0.02419	0.00790	0.00691
9	0.01051	0.00746	0.00983	0.01167	0.01213	0.00700	0.00771	0.01189	0.01602	0.02136	0.04551	0.65103	0.05453	0.07340	0.01311	0.00379	0.00517	0.02337	0.00771	0.00679
10	0.01954	0.01873	0.02903	0.04174	0.47044	0.05357	0.02192	0.02389	0.01851	0.02572	0.01882	0.06304	0.01719	0.01813	0.11800	0.00442	0.01220	0.00871	0.00450	0.01191
11	0.01047	0.00872	0.00920	0.00930	0.01205	0.00744	0.00713	0.01289	0.01974	0.02395	0.12169	0.08170	0.55992	0.02141	0.01019	0.00294	0.00456	0.06141	0.00800	0.00729
12	0.01321	0.00844	0.01055	0.01079	0.01178	0.00802	0.00712	0.01474	0.01684	0.06081	0.16123	0.26986	0.04901	0.29190	0.02346	0.00515	0.00621	0.01672	0.00727	0.00691
13	0.02019	0.01933	0.03297	0.16200	0.54488	0.01999	0.02568	0.02535	0.01896	0.02674	0.01585	0.02135	0.01311	0.00774	0.00844	0.00258	0.01033	0.00758	0.00414	0.01278
14	0.03179	0.04056	0.02412	0.02192	0.02631	0.66676	0.01644	0.03398	0.02412	0.02083	0.01315	0.01535	0.01096	0.00877	0.00767	0.00219	0.01535	0.00548	0.00438	0.00987
15	0.01841	0.16512	0.48662	0.02353	0.03476	0.02251	0.08275	0.02671	0.01804	0.02569	0.01481	0.01763	0.01100	0.00785	0.00778	0.00255	0.01210	0.00631	0.00367	0.01217
16	0.02060	0.02291	0.10638	0.04738	0.54805	0.02021	0.02616	0.02709	0.04721	0.02806	0.01677	0.02119	0.01374	0.00782	0.00840	0.00256	0.01024	0.00752	0.00434	0.01337
17	0.02087	0.01867	0.01354	0.01283	0.01557	0.22364	0.00964	0.02420	0.01967	0.02750	0.02271	0.02646	0.01823	0.01252	0.04306	0.00270	0.00873	0.00720	0.46371	0.00855
18	0.01235	0.01032	0.01096	0.01051	0.01357	0.00978	0.00797	0.01866	0.12734	0.02716	0.17539	0.06991	0.43692	0.01907	0.00981	0.00284	0.00468	0.01605	0.00829	0.00843
19	0.02914	0.06179	0.13230	0.01938	0.02630	0.16361	0.01768	0.20378	0.02680	0.16201	0.02037	0.02109	0.01466	0.01265	0.04741	0.00314	0.01159	0.00706	0.00670	0.01254
20	0.01868	0.04034	0.51021	0.02596	0.03727	0.06934	0.12528	0.02754	0.01878	0.02653	0.01543	0.01858	0.01114	0.00799	0.00837	0.00269	0.01308	0.00684	0.00377	0.01219
21	0.01053	0.00850	0.00938	0.00946	0.01186	0.00734	0.00698	0.01302	0.02007	0.02531	0.20500	0.14934	0.45092	0.02123	0.01015	0.00290	0.00432	0.01812	0.00823	0.00734
22	0.01336	0.01029	0.01370	0.01327	0.01548	0.01139	0.01033	0.05190	0.04194	0.02301	0.03456	0.04131	0.13321	0.05086	0.48239	0.01062	0.01800	0.01064	0.00557	0.00818
23	0.02286	0.02655	0.24974	0.02281	0.03133	0.01743	0.15271	0.03120	0.07733	0.18361	0.04843	0.05583	0.02006	0.01003	0.00889	0.00277	0.01041	0.00917	0.00637	0.01245
24	0.02239	0.02452	0.02760	0.29862	0.21290	0.22247	0.02207	0.02680	0.01990	0.02315	0.01475	0.01993	0.01182	0.00833	0.00822	0.00255	0.01226	0.00692	0.00409	0.01071
25	0.01707	0.04402	0.65683	0.02426	0.03683	0.01976	0.03144	0.02695	0.01797	0.02695	0.01527	0.01797	0.01078	0.00809	0.00809	0.00270	0.01258	0.00629	0.00359	0.01258
26	0.02115	0.02154	0.03605	0.09535	0.45727	0.05893	0.13168	0.02646	0.01961	0.02683	0.01599	0.02119	0.01306	0.00765	0.00868	0.00259	0.01128	0.00790	0.00421	0.01260
27	0.02059	0.10757	0.27153	0.02694	0.15618	0.13694	0.02304	0.02662	0.02001	0.02609	0.08787	0.02297	0.01949	0.00910	0.00802	0.00247	0.01119	0.00728	0.00454	0.01156
28	0.01120	0.00830	0.00908	0.00931	0.01054	0.00766	0.00601	0.01225	0.01568	0.01974	0.05323	0.14094	0.28247	0.34698	0.02605	0.00551	0.00627	0.01602	0.00659	0.00618
29	0.01140	0.00821	0.00934	0.00949	0.01121	0.00733	0.00663	0.01195	0.01650	0.02032	0.06047	0.11318	0.38865	0.10290	0.01913	0.16952	0.00550	0.01544	0.00665	0.00615
30	0.02165	0.03125	0.19975	0.02841	0.09675	0.16480	0.13357	0.02705	0.01878	0.02432	0.01434	0.01878	0.01159	0.00952	0.01277	0.00283	0.16153	0.00720	0.00399	0.01115
31	0.01905	0.01452	0.01862	0.02103	0.12943	0.01490	0.01410	0.02903	0.21208	0.09311	0.04459	0.05261	0.16441	0.01518	0.00949	0.00299	0.00705	0.11892	0.00775	0.01114
