[name]
unknown

[dist]
# distance from previous block
# <min> <max>
0	9

[block]
# block no. 0 follows, 19 sequences, length 28
# corresponding to MSA columns:
# 10-37
name=unknown_A
#
# <colnr> <probs for GDERKNQSTAVLIFYWHMCP>
#	G	D	E	R	K	N	Q	S	T	A	V	L	I	F	Y	W	H	M	C	P
0	0.01701	0.19628	0.02329	0.01616	0.01975	0.01716	0.01466	0.02079	0.01993	0.02521	0.03782	0.07726	0.04056	0.02005	0.01055	0.00352	0.00860	0.41525	0.00703	0.00912
1	0.02336	0.15086	0.37049	0.02241	0.03302	0.02518	0.02563	0.18425	0.02510	0.03475	0.01692	0.01882	0.01242	0.00897	0.00815	0.00264	0.01167	0.00669	0.00520	0.01347
2	0.02231	0.20442	0.03705	0.14519	0.33768	0.05672	0.02318	0.02692	0.01961	0.02555	0.01532	0.02000	0.01292	0.00811	0.00798	0.00249	0.01084	0.00698	0.00420	0.01253
3	0.02061	0.01812	0.02355	0.02599	0.18773	0.01753	0.01615	0.03153	0.20260	0.03188	0.02296	0.02464	0.01819	0.00883	0.00799	0.00224	0.00777	0.00762	0.03255	0.29152
4	0.02194	0.50445	0.03635	0.01340	0.01954	0.02801	0.01283	0.02517	0.01834	0.02441	0.01701	0.01954	0.01461	0.00841	0.00588	0.00196	0.00809	0.00576	0.20368	0.01062
5	0.01057	0.00906	0.00906	0.00906	0.01208	0.00755	0.00680	0.01284	0.02039	0.02417	0.09063	0.08610	0.62615	0.02266	0.01057	0.00302	0.00453	0.01888	0.00831	0.00755
6	0.13987	0.03085	0.36131	0.01961	0.02806	0.01697	0.02233	0.02365	0.01779	0.02883	0.02453	0.19872	0.02413	0.01380	0.00880	0.00304	0.00996	0.01145	0.00531	0.01100
7	0.02027	0.01108	0.01589	0.01457	0.01754	0.01159	0.01143	0.02337	0.01738	0.18869	0.02727	0.03504	0.02282	0.08285	0.44460	0.01092	0.01873	0.00960	0.00654	0.00984
8	0.01186	0.00847	0.01148	0.01356	0.01450	0.00809	0.00997	0.01412	0.01808	0.02391	0.04878	0.52159	0.05707	0.02712	0.01168	0.00377	0.00602	0.17411	0.00829	0.00753
9	0.03167	0.03421	0.02762	0.02777	0.12972	0.37325	0.01893	0.18849	0.02907	0.03256	0.01643	0.01861	0.01298	0.00942	0.00844	0.00247	0.01348	0.00676	0.00576	0.01234
10	0.01064	0.00879	0.00934	0.00978	0.01227	0.00749	0.00712	0.01276	0.01970	0.02389	0.08191	0.21139	0.50649	0.02379	0.01075	0.00315	0.00467	0.02026	0.00831	0.00749
11	0.01923	0.02151	0.12415	0.01570	0.02450	0.01423	0.01473	0.05276	0.01980	0.03039	0.01621	0.01876	0.01303	0.00715	0.00706	0.00165	0.00791	0.00566	0.00523	0.58035
12	0.02132	0.32678	0.24984	0.02438	0.05935	0.02759	0.12155	0.02767	0.01902	0.02520	0.01484	0.01792	0.01191	0.00794	0.00765	0.00245	0.01181	0.00654	0.00396	0.01230
13	0.02147	0.02090	0.02979	0.09514	0.28223	0.05060	0.02236	0.02918	0.11907	0.02760	0.01854	0.02324	0.01541	0.01092	0.01447	0.00308	0.19034	0.00820	0.00505	0.01241
14	0.01231	0.00986	0.01125	0.01167	0.01444	0.00902	0.00933	0.01625	0.04716	0.02638	0.11813	0.08630	0.40026	0.02241	0.01099	0.00331	0.00563	0.16874	0.00844	0.00810
15	0.02522	0.02710	0.03332	0.04621	0.46526	0.19296	0.02468	0.02972	0.02173	0.02722	0.01601	0.02050	0.01345	0.00831	0.00864	0.00256	0.01213	0.00737	0.00448	0.01313
16	0.02250	0.02151	0.03098	0.06918	0.41066	0.05204	0.02322	0.03315	0.18260	0.03084	0.02199	0.02499	0.01754	0.00921	0.00889	0.00276	0.00998	0.00845	0.00570	0.01380
17	0.02071	0.01979	0.03372	0.22136	0.47454	0.02088	0.02674	0.02620	0.01969	0.02749	0.01658	0.02261	0.01356	0.00824	0.00888	0.00275	0.01098	0.00797	0.00430	0.01301
18	0.01090	0.00779	0.01038	0.01246	0.01298	0.00727	0.00830	0.01246	0.01713	0.02284	0.04931	0.67975	0.05917	0.02803	0.01142	0.00363	0.00519	0.02543	0.00830	0.00727
19	0.01282	0.00943	0.01360	0.01360	0.01492	0.01076	0.01021	0.01547	0.01415	0.02019	0.02468	0.03911	0.02409	0.17191	0.54768	0.01341	0.02137	0.01017	0.00490	0.00755
20	0.22703	0.04948	0.10448	0.05129	0.04929	0.02060	0.01687	0.14884	0.02437	0.19420	0.02105	0.02142	0.01463	0.00954	0.00784	0.00273	0.00904	0.00709	0.00725	0.01298
21	0.02243	0.02351	0.02128	0.05455	0.09822	0.24042	0.01538	0.04518	0.02019	0.02368	0.01969	0.02846	0.01796	0.10647	0.18811	0.00645	0.01577	0.00825	0.03433	0.00966
22	0.02733	0.03126	0.02142	0.01989	0.02366	0.40863	0.01480	0.08881	0.02487	0.02579	0.02433	0.19802	0.02493	0.01452	0.00908	0.00271	0.01248	0.01138	0.00608	0.01003
23	0.01881	0.01014	0.01288	0.01254	0.01544	0.00895	0.00924	0.02106	0.02028	0.19071	0.05602	0.35095	0.19364	0.02203	0.01054	0.00324	0.00568	0.01927	0.00906	0.00951
24	0.02634	0.02941	0.02429	0.02654	0.12720	0.34114	0.01821	0.05443	0.02394	0.02599	0.02384	0.04055	0.02305	0.01331	0.00941	0.00288	0.01277	0.16029	0.00576	0.01065
25	0.02073	0.01625	0.01698	0.01551	0.01976	0.01845	0.01200	0.04025	0.45108	0.03631	0.03444	0.03337	0.02611	0.01167	0.00832	0.00277	0.00628	0.00963	0.20751	0.01257
26	0.01103	0.00868	0.00997	0.01051	0.01258	0.00761	0.00755	0.01341	0.02021	0.02575	0.16913	0.26965	0.35494	0.02360	0.01084	0.00318	0.00469	0.02048	0.00857	0.00761
27	0.01811	0.03798	0.46964	0.02215	0.03393	0.01836	0.02692	0.02675	0.01880	0.02856	0.01601	0.01880	0.01186	0.00799	0.00799	0.00242	0.01142	0.00625	0.00419	0.21188

[dist]
# distance from previous block
# <min> <max>
0	24

[block]
# block no. 1 follows, 19 sequences, length 9
# corresponding to MSA columns:
# 62-70
name=unknown_B
#
# <colnr> <probs for GDERKNQSTAVLIFYWHMCP>
#	G	D	E	R	K	N	Q	S	T	A	V	L	I	F	Y	W	H	M	C	P
0	0.02585	0.02660	0.12504	0.03687	0.28781	0.02366	0.05316	0.23968	0.02822	0.03912	0.01850	0.02150	0.01410	0.00906	0.00892	0.00271	0.01096	0.00793	0.00601	0.01431
1	0.01172	0.00838	0.01002	0.01087	0.01166	0.00789	0.00701	0.01294	0.01652	0.02167	0.07684	0.32638	0.13893	0.27024	0.02388	0.00536	0.00633	0.01935	0.00731	0.00669
2	0.02923	0.02472	0.03646	0.02693	0.03479	0.02585	0.23192	0.38836	0.03431	0.04611	0.02023	0.02246	0.01461	0.00956	0.00955	0.00281	0.01178	0.00898	0.00731	0.01405
3	0.01743	0.01489	0.01572	0.01471	0.01882	0.01604	0.01145	0.03283	0.35592	0.03183	0.05720	0.05723	0.25065	0.01684	0.00986	0.00310	0.00621	0.04919	0.00875	0.01133
4	0.03200	0.02618	0.02205	0.01908	0.02384	0.28317	0.01492	0.03485	0.02315	0.24914	0.02325	0.02457	0.01716	0.01925	0.10954	0.00444	0.04700	0.00766	0.00700	0.01177
5	0.01625	0.01391	0.02250	0.02939	0.24331	0.01491	0.01721	0.02023	0.01660	0.02390	0.02132	0.03033	0.01933	0.04520	0.41262	0.01004	0.01902	0.00899	0.00466	0.01028
6	0.01304	0.00799	0.00962	0.01093	0.01203	0.00766	0.00755	0.01556	0.01773	0.02673	0.04186	0.44034	0.04575	0.02151	0.00951	0.00306	0.00481	0.01910	0.27754	0.00766
7	0.01954	0.03625	0.40997	0.02280	0.03300	0.02132	0.02606	0.03545	0.23916	0.03170	0.02360	0.02426	0.01725	0.00985	0.00872	0.00291	0.01095	0.00791	0.00575	0.01357
8	0.06016	0.22638	0.02871	0.01654	0.02335	0.19793	0.01384	0.02769	0.02018	0.02522	0.01411	0.01641	0.01206	0.00774	0.00671	0.00185	0.01019	0.00525	0.00468	0.28101

[dist]
# distance from previous block
# <min> <max>
0	2

[block]
# block no. 2 follows, 19 sequences, length 28
# corresponding to MSA columns:
# 73-100
name=unknown_C
#
# <colnr> <probs for GDERKNQSTAVLIFYWHMCP>
#	G	D	E	R	K	N	Q	S	T	A	V	L	I	F	Y	W	H	M	C	P
0	0.01569	0.00954	0.01177	0.01112	0.01284	0.00894	0.00761	0.01778	0.01940	0.09476	0.24070	0.10098	0.08486	0.29655	0.02502	0.00532	0.00654	0.01481	0.00795	0.00782
1	0.02028	0.03661	0.39682	0.03416	0.20230	0.02145	0.06796	0.06222	0.02083	0.03028	0.01673	0.02029	0.01250	0.00842	0.00876	0.00279	0.01243	0.00734	0.00432	0.01353
2	0.01794	0.04628	0.63923	0.02550	0.03872	0.02078	0.03305	0.02833	0.01889	0.02833	0.01606	0.01889	0.01133	0.00850	0.00850	0.00283	0.01322	0.00661	0.00378	0.01322
3	0.01130	0.00909	0.01006	0.00982	0.01253	0.00786	0.00737	0.01424	0.02210	0.02822	0.27551	0.07943	0.43874	0.02115	0.01057	0.00295	0.00442	0.01795	0.00884	0.00786
4	0.02716	0.11861	0.15337	0.02157	0.02827	0.37084	0.01955	0.03272	0.06190	0.02427	0.01958	0.02124	0.04427	0.00977	0.00807	0.00245	0.01354	0.00678	0.00483	0.01120
5	0.02020	0.01034	0.01342	0.01262	0.01504	0.00949	0.00896	0.02218	0.01939	0.20186	0.10186	0.25758	0.04396	0.19796	0.01975	0.00464	0.00672	0.01631	0.00851	0.00922
6	0.26633	0.01193	0.01100	0.01040	0.01412	0.01204	0.00810	0.01823	0.01950	0.03183	0.16097	0.05783	0.31418	0.01690	0.00883	0.00290	0.00530	0.01353	0.00763	0.00845
7	0.02112	0.02413	0.05279	0.03771	0.04676	0.02262	0.59729	0.02866	0.02112	0.02866	0.01810	0.02413	0.01357	0.00754	0.01056	0.00302	0.01508	0.01056	0.00452	0.01207
8	0.02803	0.29252	0.11067	0.01910	0.02624	0.16096	0.01797	0.06462	0.02209	0.11790	0.01716	0.01846	0.01333	0.00923	0.00855	0.00240	0.04699	0.00622	0.00540	0.01216
9	0.01815	0.04485	0.60158	0.02628	0.03924	0.02090	0.06928	0.02835	0.01903	0.02835	0.01619	0.01923	0.01148	0.00844	0.00863	0.00285	0.01334	0.00686	0.00383	0.01315
10	0.01070	0.00855	0.00959	0.01042	0.01244	0.00744	0.00740	0.01269	0.01909	0.02364	0.07417	0.32262	0.40026	0.02480	0.01091	0.00326	0.00479	0.02149	0.00831	0.00744
11	0.01301	0.00867	0.00976	0.00976	0.00976	0.00867	0.00542	0.01301	0.01301	0.01735	0.02819	0.05855	0.03253	0.68559	0.04554	0.00867	0.00867	0.01301	0.00542	0.00542
12	0.02526	0.02204	0.03304	0.08034	0.42347	0.02304	0.02430	0.19205	0.02647	0.03668	0.01811	0.02205	0.01434	0.00882	0.00889	0.00268	0.01048	0.00799	0.00570	0.01423
13	0.01479	0.01257	0.02207	0.01889	0.02209	0.01340	0.13433	0.01897	0.01609	0.02326	0.02307	0.03271	0.02055	0.05079	0.47271	0.01117	0.02078	0.00971	0.05315	0.00887
14	0.01957	0.01957	0.02740	0.02349	0.02349	0.02740	0.01957	0.02153	0.01370	0.02153	0.01174	0.01957	0.01174	0.01566	0.02936	0.00391	0.66921	0.00783	0.00391	0.00979
15	0.01135	0.00852	0.01060	0.01185	0.01335	0.00777	0.00855	0.01362	0.01915	0.02486	0.11555	0.40111	0.21322	0.02530	0.01121	0.00344	0.00524	0.07931	0.00845	0.00756
16	0.02472	0.02662	0.02889	0.25319	0.20052	0.22655	0.02261	0.06273	0.02244	0.02625	0.01580	0.02073	0.01259	0.00888	0.00863	0.00266	0.01283	0.00725	0.00460	0.01153
17	0.02128	0.40573	0.30896	0.01982	0.02993	0.02893	0.02316	0.02747	0.01849	0.02427	0.01404	0.01636	0.01142	0.00803	0.00696	0.00232	0.01118	0.00559	0.00381	0.01225
18	0.01090	0.00779	0.01038	0.01246	0.01298	0.00727	0.00830	0.01246	0.01713	0.02284	0.04931	0.67975	0.05917	0.02803	0.01142	0.00363	0.00519	0.02543	0.00830	0.00727
19	0.74878	0.01730	0.01315	0.01177	0.01730	0.02007	0.00969	0.02630	0.01523	0.04014	0.01246	0.01453	0.00969	0.00830	0.00554	0.00277	0.00692	0.00484	0.00554	0.00969
20	0.01136	0.00882	0.01034	0.01054	0.01272	0.00780	0.00768	0.01416	0.02141	0.02794	0.26680	0.20450	0.31929	0.02228	0.01074	0.00308	0.00456	0.01933	0.00884	0.00780
21	0.02294	0.02352	0.02739	0.06703	0.26422	0.14754	0.01939	0.02721	0.02063	0.02734	0.01584	0.01975	0.01319	0.00782	0.00793	0.00214	0.01045	0.00659	0.00474	0.26435
22	0.02637	0.08422	0.22899	0.02718	0.10360	0.32735	0.02354	0.03172	0.02216	0.02483	0.01483	0.01764	0.01178	0.00873	0.00815	0.00249	0.01408	0.00624	0.00426	0.01184
23	0.05954	0.25730	0.14395	0.04788	0.05373	0.02629	0.01884	0.03375	0.21469	0.02922	0.02136	0.02222	0.01672	0.00939	0.00762	0.00258	0.00943	0.00716	0.00568	0.01264
24	0.10545	0.07310	0.29768	0.02483	0.03417	0.10044	0.14484	0.02811	0.01932	0.02785	0.01555	0.01933	0.01187	0.00953	0.00980	0.04244	0.01275	0.00709	0.00425	0.01161
25	0.31234	0.03460	0.38703	0.01997	0.03009	0.02049	0.02364	0.02751	0.01741	0.03309	0.01461	0.01713	0.01067	0.00842	0.00731	0.00281	0.01068	0.00590	0.00449	0.01180
26	0.02026	0.06553	0.34299	0.06814	0.09447	0.12187	0.02572	0.02731	0.02015	0.02624	0.02379	0.02628	0.07918	0.01011	0.00860	0.00272	0.01223	0.00797	0.00449	0.01194
27	0.13045	0.03909	0.47292	0.02271	0.03394	0.02116	0.02748	0.06247	0.05352	0.03229	0.01698	0.01920	0.01222	0.00881	0.00811	0.00283	0.01172	0.00663	0.00465	0.01285

[dist]
# distance from previous block
# <min> <max>
5	10

[block]
# block no. 3 follows, 19 sequences, length 28
# corresponding to MSA columns:
# 111-138
name=unknown_D
#
# <colnr> <probs for GDERKNQSTAVLIFYWHMCP>
#	G	D	E	R	K	N	Q	S	T	A	V	L	I	F	Y	W	H	M	C	P
0	0.09188	0.02454	0.02602	0.02682	0.15569	0.11491	0.01785	0.28923	0.03005	0.04064	0.01969	0.05304	0.01615	0.01142	0.00973	0.03398	0.01036	0.00827	0.00679	0.01292
1	0.07429	0.10030	0.02504	0.05585	0.16151	0.07879	0.01605	0.06234	0.02088	0.02813	0.03105	0.03356	0.13443	0.01627	0.06437	0.00355	0.01041	0.00923	0.00560	0.06837
2	0.02113	0.17452	0.03061	0.03025	0.24490	0.08001	0.01833	0.02652	0.07145	0.02597	0.02441	0.16569	0.02437	0.01280	0.00865	0.00270	0.00939	0.01107	0.00557	0.01167
3	0.08142	0.01279	0.01505	0.08092	0.02132	0.01154	0.01066	0.01860	0.01835	0.02705	0.04017	0.16405	0.16989	0.01507	0.00866	0.00249	0.00643	0.01275	0.00649	0.27628
4	0.01282	0.00936	0.01142	0.01199	0.01355	0.00946	0.00851	0.01661	0.06085	0.02397	0.04599	0.26983	0.13947	0.11439	0.14075	0.00610	0.00926	0.01702	0.07083	0.00783
5	0.02247	0.01624	0.02073	0.11439	0.02673	0.01858	0.01520	0.15856	0.05010	0.09031	0.02783	0.03145	0.06412	0.02196	0.12397	0.00493	0.09569	0.00931	0.07627	0.01117
6	0.23070	0.03017	0.02421	0.02601	0.14340	0.30821	0.01715	0.06967	0.02268	0.03076	0.01456	0.01723	0.01178	0.00882	0.00758	0.00253	0.01205	0.00610	0.00513	0.01126
7	0.02374	0.30145	0.03119	0.01743	0.02246	0.21769	0.01477	0.02652	0.01933	0.02123	0.01608	0.02070	0.01453	0.02471	0.18613	0.00551	0.01560	0.00642	0.00434	0.01017
8	0.01651	0.04894	0.01550	0.01336	0.01571	0.11899	0.00984	0.01856	0.01963	0.02371	0.13513	0.10452	0.19764	0.16243	0.01867	0.00414	0.04777	0.01413	0.00681	0.00801
9	0.01452	0.01171	0.01668	0.01593	0.01709	0.01449	0.01256	0.01735	0.01478	0.02206	0.02366	0.08764	0.02310	0.04727	0.39915	0.01004	0.17427	0.01046	0.05887	0.00838
10	0.03204	0.02243	0.02478	0.01883	0.02610	0.02347	0.01550	0.44123	0.03627	0.11471	0.02203	0.02196	0.01563	0.01008	0.00856	0.00246	0.00905	0.00769	0.00856	0.13863
11	0.01240	0.00900	0.01123	0.01113	0.01251	0.00888	0.00776	0.01463	0.01801	0.02447	0.20397	0.09181	0.13306	0.24553	0.14982	0.00710	0.00971	0.01470	0.00710	0.00718
12	0.03401	0.02506	0.02685	0.02058	0.02774	0.02774	0.01700	0.59995	0.04206	0.05638	0.02148	0.02148	0.01521	0.01074	0.00895	0.00268	0.00984	0.00805	0.00895	0.01521
13	0.02392	0.69097	0.04688	0.01531	0.02296	0.03540	0.01531	0.02679	0.01818	0.02105	0.01244	0.01435	0.01148	0.00765	0.00574	0.00191	0.00957	0.00478	0.00383	0.01148
14	0.02062	0.02602	0.12485	0.02655	0.07754	0.11120	0.15650	0.02774	0.06534	0.02922	0.14918	0.03150	0.02915	0.01138	0.01136	0.00290	0.07180	0.00997	0.00585	0.01132
15	0.01794	0.04628	0.63923	0.02550	0.03872	0.02078	0.03305	0.02833	0.01889	0.02833	0.01606	0.01889	0.01133	0.00850	0.00850	0.00283	0.01322	0.00661	0.00378	0.01322
16	0.02890	0.03425	0.02778	0.03013	0.16507	0.41175	0.01966	0.03313	0.05552	0.02440	0.01556	0.01879	0.01302	0.00971	0.01033	0.00258	0.07657	0.00671	0.00475	0.01140
17	0.01278	0.00959	0.01438	0.01438	0.01598	0.01118	0.01118	0.01598	0.01438	0.02077	0.02396	0.03515	0.02237	0.06710	0.65013	0.01438	0.02396	0.00959	0.00479	0.00799
18	0.01750	0.01076	0.00997	0.00981	0.01203	0.05198	0.00739	0.02147	0.01886	0.03159	0.02773	0.03233	0.02211	0.01481	0.05710	0.00307	0.00654	0.00826	0.62824	0.00845
19	0.11976	0.01930	0.04704	0.01825	0.05387	0.09292	0.01406	0.02738	0.10307	0.07273	0.03204	0.03449	0.10685	0.02455	0.14992	0.00539	0.05196	0.00954	0.00634	0.01055
20	0.22841	0.02833	0.02235	0.19356	0.03397	0.30351	0.01722	0.02961	0.02051	0.02724	0.01401	0.01778	0.01112	0.00889	0.00760	0.00262	0.01242	0.00610	0.00470	0.01006
21	0.22842	0.02596	0.02538	0.07639	0.20325	0.19494	0.01868	0.07417	0.02184	0.03191	0.01508	0.01843	0.01211	0.00870	0.00773	0.00262	0.01115	0.00649	0.00511	0.01164
22	0.05972	0.10743	0.06105	0.06815	0.19235	0.08011	0.02058	0.23673	0.02800	0.03755	0.01744	0.02002	0.01352	0.00915	0.00828	0.00258	0.01073	0.00721	0.00601	0.01339
23	0.08360	0.01807	0.02139	0.05622	0.08058	0.04890	0.01557	0.09619	0.06096	0.03000	0.03350	0.03618	0.14704	0.01807	0.06105	0.00393	0.16182	0.01020	0.00615	0.01060
24	0.02438	0.07397	0.04623	0.01694	0.02143	0.14082	0.01370	0.11905	0.02495	0.10880	0.09424	0.21177	0.03486	0.01585	0.00938	0.00285	0.00899	0.01320	0.00767	0.01091
25	0.07594	0.27308	0.06496	0.01540	0.02105	0.05377	0.01388	0.02749	0.12114	0.02582	0.02675	0.03031	0.07655	0.06866	0.06650	0.00398	0.01017	0.00831	0.00555	0.01070
26	0.02435	0.05330	0.02251	0.06576	0.02561	0.10426	0.01514	0.14498	0.15341	0.06899	0.02436	0.02735	0.01925	0.02550	0.17844	0.00580	0.01382	0.00849	0.00681	0.01185
27	0.09024	0.20676	0.02759	0.01593	0.02209	0.02539	0.01377	0.27592	0.02847	0.04057	0.01969	0.02122	0.01521	0.00960	0.00723	0.00236	0.00839	0.00692	0.15031	0.01234

[dist]
# distance from previous block
# <min> <max>
6	55

[block]
# block no. 4 follows, 19 sequences, length 8
# corresponding to MSA columns:
# 206-213
name=unknown_E
#
# <colnr> <probs for GDERKNQSTAVLIFYWHMCP>
#	G	D	E	R	K	N	Q	S	T	A	V	L	I	F	Y	W	H	M	C	P
0	0.02130	0.06766	0.04945	0.09653	0.02596	0.01908	0.01484	0.22383	0.02618	0.03453	0.03317	0.15061	0.09184	0.06246	0.03893	0.00378	0.00932	0.01249	0.00712	0.01093
1	0.01814	0.01261	0.01617	0.06275	0.02096	0.01293	0.01229	0.08645	0.05073	0.08288	0.06184	0.21120	0.08864	0.02563	0.09812	0.00472	0.00941	0.07662	0.00779	0.04014
2	0.03202	0.02769	0.10285	0.02119	0.02911	0.02688	0.01900	0.52900	0.03919	0.05290	0.02081	0.02116	0.01473	0.01046	0.00889	0.00270	0.01026	0.00788	0.00831	0.01497
3	0.02866	0.01988	0.02213	0.01815	0.02365	0.02153	0.01468	0.34810	0.10194	0.10394	0.02826	0.03684	0.02334	0.08940	0.01352	0.00358	0.00899	0.07150	0.00870	0.01320
4	0.02603	0.21773	0.14220	0.01951	0.02734	0.02673	0.01914	0.26762	0.02864	0.03789	0.02079	0.02782	0.01748	0.01101	0.00833	0.00265	0.01020	0.06941	0.00647	0.01301
5	0.02332	0.02086	0.02197	0.06485	0.09204	0.10556	0.01563	0.13356	0.17752	0.03254	0.03094	0.03250	0.09059	0.01441	0.01228	0.09425	0.00933	0.00952	0.00685	0.01148
6	0.02814	0.02141	0.02326	0.06200	0.02658	0.05042	0.01554	0.36636	0.09931	0.04302	0.02139	0.02380	0.01627	0.01441	0.01366	0.13674	0.00957	0.00813	0.00752	0.01247
7	0.02228	0.01698	0.01684	0.01547	0.01926	0.08672	0.01247	0.13528	0.05896	0.06358	0.03457	0.04757	0.06726	0.01737	0.04192	0.00346	0.00890	0.13318	0.18746	0.01047

[dist]
# distance from previous block
# <min> <max>
10	74

[block]
# block no. 5 follows, 19 sequences, length 11
# corresponding to MSA columns:
# 288-298
name=unknown_F
#
# <colnr> <probs for GDERKNQSTAVLIFYWHMCP>
#	G	D	E	R	K	N	Q	S	T	A	V	L	I	F	Y	W	H	M	C	P
0	0.03144	0.03632	0.02614	0.02535	0.08470	0.45617	0.01795	0.10715	0.07867	0.02831	0.01706	0.01890	0.01363	0.00955	0.00834	0.00245	0.01402	0.00664	0.00553	0.01168
1	0.02000	0.09826	0.02303	0.01700	0.02108	0.08439	0.01394	0.05435	0.01964	0.02599	0.02730	0.09883	0.07498	0.01434	0.01315	0.00276	0.15471	0.05516	0.00577	0.17532
2	0.01829	0.01348	0.01591	0.01490	0.01748	0.01498	0.01100	0.05706	0.25014	0.02748	0.02812	0.06822	0.02496	0.08941	0.10130	0.21124	0.00961	0.01038	0.00669	0.00935
3	0.02249	0.10377	0.02317	0.01957	0.07896	0.07957	0.01414	0.03380	0.24201	0.08273	0.04135	0.03975	0.15551	0.01315	0.00887	0.00276	0.00807	0.01068	0.00756	0.01208
4	0.02046	0.01806	0.02334	0.02595	0.15521	0.05075	0.01688	0.12416	0.02196	0.02982	0.02767	0.17176	0.05109	0.02073	0.07464	0.00423	0.13378	0.01236	0.00622	0.01093
5	0.01682	0.01390	0.01840	0.02234	0.15255	0.01382	0.01357	0.09184	0.05291	0.02961	0.04887	0.25888	0.19254	0.01913	0.01019	0.00310	0.00691	0.01681	0.00756	0.01024
6	0.06143	0.02307	0.02883	0.06029	0.25169	0.05607	0.02043	0.27916	0.02984	0.04082	0.02184	0.02417	0.04210	0.00998	0.00878	0.00269	0.01017	0.00824	0.00664	0.01374
7	0.12480	0.01395	0.01485	0.04034	0.01849	0.01551	0.01078	0.10973	0.09609	0.03609	0.02529	0.02874	0.01990	0.01798	0.09405	0.00409	0.00877	0.00817	0.30206	0.01030
8	0.02978	0.03356	0.02455	0.02175	0.02632	0.39044	0.01676	0.09588	0.15712	0.02892	0.01947	0.02083	0.01544	0.01059	0.01026	0.00265	0.07084	0.00715	0.00600	0.01167
9	0.11901	0.03507	0.09110	0.08475	0.03301	0.37030	0.08755	0.03170	0.02219	0.02576	0.01459	0.01790	0.01155	0.00880	0.00817	0.00257	0.01414	0.00651	0.00457	0.01074
10	0.11884	0.02617	0.02147	0.05427	0.02550	0.21606	0.01478	0.21473	0.02825	0.03597	0.03003	0.03064	0.12253	0.01199	0.00854	0.00265	0.01060	0.00887	0.00678	0.01134

[dist]
# distance from previous block
# <min> <max>
13	48

[block]
# block no. 6 follows, 19 sequences, length 70
# corresponding to MSA columns:
# 347-368,391-438
name=unknown_G
#
# <colnr> <probs for GDERKNQSTAVLIFYWHMCP>
#	G	D	E	R	K	N	Q	S	T	A	V	L	I	F	Y	W	H	M	C	P
0	0.07140	0.08679	0.19782	0.02537	0.08683	0.30189	0.02200	0.05859	0.02273	0.02709	0.01491	0.01749	0.01178	0.00880	0.00798	0.00250	0.01345	0.00619	0.00457	0.01179
1	0.24462	0.02330	0.09941	0.06335	0.07095	0.02189	0.12454	0.10495	0.02098	0.03509	0.01578	0.01944	0.01213	0.00901	0.00958	0.00283	0.06074	0.00720	0.00531	0.04891
2	0.01232	0.00885	0.01139	0.01296	0.01389	0.00853	0.00884	0.04861	0.01866	0.02490	0.04760	0.63924	0.05647	0.02696	0.01127	0.00357	0.00548	0.02436	0.00834	0.00776
3	0.12035	0.04222	0.55150	0.02357	0.03572	0.02068	0.02978	0.02805	0.01838	0.02999	0.01555	0.01828	0.01110	0.00847	0.00808	0.00282	0.01234	0.00636	0.00402	0.01273
4	0.01966	0.02630	0.18549	0.20550	0.29489	0.02087	0.06621	0.02655	0.01940	0.02730	0.01648	0.02191	0.01284	0.00833	0.00890	0.00281	0.01191	0.00780	0.00415	0.01269
5	0.02417	0.32399	0.03393	0.02019	0.06365	0.17259	0.01611	0.02873	0.06296	0.02298	0.01636	0.01975	0.01433	0.01685	0.09594	0.00393	0.04152	0.00640	0.00457	0.01105
6	0.01271	0.00855	0.00985	0.01014	0.01021	0.00848	0.00583	0.01293	0.01359	0.01812	0.03115	0.14575	0.03627	0.59328	0.04075	0.00797	0.00818	0.01475	0.00583	0.00568
7	0.01106	0.00785	0.01033	0.01225	0.01273	0.00737	0.00808	0.01250	0.01681	0.02242	0.04769	0.63225	0.05713	0.07830	0.01403	0.00402	0.00546	0.02448	0.00808	0.00713
8	0.01983	0.01184	0.01398	0.01291	0.01677	0.01101	0.01004	0.02541	0.09861	0.17998	0.06117	0.14930	0.28111	0.01925	0.01021	0.00311	0.00596	0.05005	0.00910	0.01035
9	0.01335	0.00940	0.01350	0.01350	0.01517	0.01077	0.01047	0.01668	0.01502	0.02260	0.02472	0.03489	0.02245	0.05885	0.55640	0.01259	0.02108	0.00940	0.11113	0.00804
10	0.03401	0.02506	0.02685	0.02058	0.02774	0.02774	0.01700	0.59995	0.04206	0.05638	0.02148	0.02148	0.01521	0.01074	0.00895	0.00268	0.00984	0.00805	0.00895	0.01521
11	0.03163	0.16464	0.02940	0.02159	0.02677	0.53408	0.01691	0.03404	0.02400	0.02174	0.01357	0.01580	0.01152	0.00892	0.00763	0.00223	0.01490	0.00558	0.00446	0.01058
12	0.01294	0.00895	0.01117	0.01117	0.01166	0.00944	0.00718	0.01392	0.01343	0.01839	0.02690	0.05139	0.02942	0.49643	0.23044	0.01042	0.01335	0.01196	0.00523	0.00621
13	0.01442	0.01030	0.01442	0.01648	0.01854	0.01030	0.01442	0.01854	0.02060	0.02677	0.04737	0.10092	0.05149	0.02471	0.01236	0.00412	0.00824	0.56956	0.00824	0.00824
14	0.02214	0.02126	0.03631	0.05491	0.62978	0.02126	0.02746	0.02746	0.02037	0.02923	0.01683	0.02214	0.01417	0.00797	0.00886	0.00266	0.01063	0.00797	0.00443	0.01417
15	0.08397	0.02086	0.03000	0.03629	0.31728	0.06488	0.05604	0.03299	0.02199	0.21505	0.02200	0.02378	0.01604	0.00901	0.00869	0.00270	0.01010	0.00804	0.00656	0.01374
16	0.02993	0.03141	0.03290	0.02807	0.07807	0.26853	0.15015	0.20604	0.02912	0.03454	0.01737	0.02005	0.01332	0.00921	0.00896	0.00261	0.01355	0.00773	0.00590	0.01253
17	0.01084	0.00803	0.01013	0.01182	0.01281	0.00732	0.00802	0.01253	0.01774	0.02309	0.05709	0.56804	0.16586	0.02702	0.01126	0.00352	0.00507	0.02420	0.00831	0.00732
18	0.02349	0.02164	0.03505	0.04032	0.33472	0.02193	0.13069	0.13731	0.05466	0.03441	0.02367	0.02705	0.05404	0.00957	0.00932	0.00277	0.01075	0.00928	0.00580	0.01355
19	0.02348	0.03610	0.20938	0.02061	0.02749	0.31100	0.01972	0.02825	0.02225	0.02438	0.03201	0.03292	0.15153	0.01206	0.00877	0.00263	0.01260	0.00901	0.00520	0.01060
20	0.05029	0.01584	0.02264	0.13273	0.14044	0.01771	0.01719	0.07404	0.02259	0.03246	0.23964	0.03810	0.03915	0.01327	0.01223	0.00295	0.10054	0.01083	0.00673	0.01063
21	0.02137	0.01930	0.02867	0.17047	0.29545	0.02102	0.02212	0.06744	0.16498	0.03191	0.05038	0.02729	0.02026	0.00985	0.00902	0.00283	0.00969	0.00888	0.00601	0.01307
22	0.02435	0.01702	0.01930	0.01643	0.02129	0.01824	0.01328	0.23731	0.10909	0.09367	0.03730	0.04149	0.10902	0.02162	0.09972	0.00451	0.01011	0.05140	0.04272	0.01212
23	0.01212	0.00927	0.01195	0.01167	0.01387	0.00909	0.00888	0.01546	0.02036	0.02766	0.27891	0.06179	0.21489	0.03553	0.22053	0.00667	0.01079	0.01477	0.00776	0.00805
24	0.02471	0.02613	0.03382	0.04765	0.49256	0.16446	0.02514	0.02934	0.02151	0.02756	0.01614	0.02077	0.01357	0.00826	0.00868	0.00258	0.01188	0.00747	0.00447	0.01331
25	0.02225	0.01922	0.02023	0.01821	0.02326	0.02225	0.01416	0.04754	0.61361	0.03742	0.03641	0.03338	0.02731	0.01214	0.00910	0.00303	0.00708	0.01011	0.00910	0.01416
26	0.11820	0.08429	0.11059	0.02036	0.02673	0.28784	0.01779	0.06198	0.13412	0.02959	0.01848	0.01968	0.01441	0.00951	0.00787	0.00256	0.01206	0.00662	0.00560	0.01171
27	0.02576	0.02229	0.01953	0.01659	0.02143	0.14559	0.01306	0.24344	0.05932	0.03826	0.03509	0.03530	0.13143	0.01269	0.00860	0.00258	0.00895	0.00978	0.13880	0.01150
28	0.02200	0.11472	0.05246	0.01764	0.02166	0.05962	0.01522	0.02656	0.06435	0.10971	0.03533	0.03633	0.15434	0.01448	0.01505	0.00305	0.21027	0.01007	0.00634	0.01081
29	0.03337	0.02413	0.05397	0.05062	0.02912	0.02488	0.01754	0.46368	0.03741	0.13972	0.02302	0.02281	0.01591	0.01060	0.00894	0.00272	0.00977	0.00812	0.00879	0.01487
30	0.01090	0.00779	0.01038	0.01246	0.01298	0.00727	0.00830	0.01246	0.01713	0.02284	0.04931	0.67975	0.05917	0.02803	0.01142	0.00363	0.00519	0.02543	0.00830	0.00727
31	0.03281	0.08408	0.02673	0.02255	0.02736	0.61040	0.01716	0.03515	0.02489	0.02184	0.01374	0.01602	0.01152	0.00912	0.00792	0.00228	0.01571	0.00570	0.00456	0.01044
32	0.02427	0.19235	0.03522	0.12570	0.26617	0.16069	0.02185	0.02842	0.02055	0.02468	0.01495	0.01914	0.01260	0.00830	0.00792	0.00244	0.01174	0.00669	0.00425	0.01207
33	0.01090	0.00779	0.01038	0.01246	0.01298	0.00727	0.00830	0.01246	0.01713	0.02284	0.04931	0.67975	0.05917	0.02803	0.01142	0.00363	0.00519	0.02543	0.00830	0.00727
34	0.01090	0.00779	0.01038	0.01246	0.01298	0.00727	0.00830	0.01246	0.01713	0.02284	0.04931	0.67975	0.05917	0.02803	0.01142	0.00363	0.00519	0.02543	0.00830	0.00727
35	0.24495	0.01907	0.01719	0.06218	0.02165	0.10305	0.01253	0.08588	0.02049	0.03445	0.01859	0.02204	0.01468	0.01003	0.00891	0.00262	0.06969	0.00682	0.21517	0.01000
36	0.16265	0.13084	0.07321	0.01992	0.02592	0.36741	0.01679	0.05907	0.02276	0.02727	0.01391	0.01605	0.01134	0.00884	0.00734	0.00239	0.01297	0.00563	0.00481	0.01085
37	0.74878	0.01730	0.01315	0.01177	0.01730	0.02007	0.00969	0.02630	0.01523	0.04014	0.01246	0.01453	0.00969	0.00830	0.00554	0.00277	0.00692	0.00484	0.00554	0.00969
38	0.01064	0.00879	0.00935	0.00979	0.01228	0.00749	0.00712	0.01276	0.01969	0.02388	0.08178	0.21326	0.50470	0.02381	0.01075	0.00315	0.00467	0.02028	0.00831	0.00749
39	0.01891	0.03950	0.45988	0.02923	0.04118	0.02134	0.20561	0.02843	0.01957	0.02843	0.01668	0.02049	0.01202	0.00821	0.00913	0.00289	0.01379	0.00782	0.00401	0.01287
40	0.14477	0.02670	0.02266	0.08243	0.02829	0.21329	0.01597	0.14933	0.13707	0.06390	0.02062	0.02164	0.01549	0.00999	0.00816	0.00268	0.01087	0.00726	0.00672	0.01214
41	0.03341	0.02476	0.02651	0.02046	0.02752	0.02746	0.01686	0.57175	0.07123	0.05542	0.02224	0.02209	0.01583	0.01081	0.00896	0.00270	0.00970	0.00816	0.00896	0.01516
42	0.02172	0.02245	0.04317	0.04775	0.38721	0.02183	0.26454	0.02796	0.02068	0.02899	0.01736	0.02297	0.01392	0.00779	0.00956	0.00281	0.01248	0.00905	0.00447	0.01330
43	0.01081	0.00875	0.00961	0.01008	0.01240	0.00755	0.00730	0.01304	0.01993	0.02469	0.11942	0.23434	0.44347	0.02369	0.01079	0.00316	0.00467	0.02033	0.00842	0.00755
44	0.01278	0.00959	0.01438	0.01438	0.01598	0.01118	0.01118	0.01598	0.01438	0.02077	0.02396	0.03515	0.02237	0.06710	0.65013	0.01438	0.02396	0.00959	0.00479	0.00799
45	0.01283	0.00879	0.01067	0.01081	0.01114	0.00905	0.00670	0.01353	0.01354	0.01836	0.02880	0.09561	0.03239	0.52531	0.15703	0.00941	0.01132	0.01320	0.00550	0.00603
46	0.01290	0.00863	0.00979	0.00990	0.00993	0.00860	0.00558	0.01298	0.01323	0.01764	0.02933	0.09206	0.03396	0.65012	0.04370	0.00840	0.00849	0.01368	0.00558	0.00552
47	0.01278	0.00959	0.01438	0.01438	0.01598	0.01118	0.01118	0.01598	0.01438	0.02077	0.02396	0.03515	0.02237	0.06710	0.65013	0.01438	0.02396	0.00959	0.00479	0.00799
48	0.74878	0.01730	0.01315	0.01177	0.01730	0.02007	0.00969	0.02630	0.01523	0.04014	0.01246	0.01453	0.00969	0.00830	0.00554	0.00277	0.00692	0.00484	0.00554	0.00969
49	0.02570	0.12963	0.14730	0.03215	0.21321	0.25117	0.02308	0.03053	0.02159	0.02523	0.01497	0.01823	0.01229	0.00848	0.00806	0.00246	0.01296	0.00646	0.00429	0.01223
50	0.02474	0.02526	0.03389	0.04753	0.49257	0.13372	0.02513	0.05723	0.02233	0.02926	0.01652	0.02104	0.01375	0.00833	0.00872	0.00260	0.01157	0.00758	0.00468	0.01354
51	0.02345	0.01586	0.01891	0.01848	0.06684	0.01644	0.01324	0.03649	0.28724	0.16982	0.04504	0.08845	0.13170	0.01457	0.00949	0.00299	0.00689	0.01235	0.00900	0.01275
52	0.02290	0.02268	0.03558	0.05279	0.58958	0.06321	0.02678	0.02801	0.02070	0.02874	0.01663	0.02174	0.01399	0.00805	0.00880	0.00263	0.01100	0.00782	0.00444	0.01392
53	0.01219	0.00958	0.01132	0.01219	0.01480	0.00871	0.01001	0.01524	0.02048	0.02527	0.07240	0.09234	0.38397	0.02352	0.01133	0.00348	0.00609	0.25095	0.00828	0.00784
54	0.03342	0.04264	0.02535	0.02305	0.02766	0.64967	0.01729	0.03572	0.02535	0.02190	0.01383	0.01613	0.01152	0.00922	0.00807	0.00230	0.01613	0.00576	0.00461	0.01037
55	0.02262	0.02252	0.03698	0.05208	0.55724	0.05242	0.06876	0.02795	0.02067	0.02882	0.01677	0.02199	0.01400	0.00800	0.00894	0.00267	0.01123	0.00805	0.00444	0.01383
56	0.01100	0.00908	0.00966	0.00951	0.01235	0.00774	0.00714	0.01367	0.02141	0.02658	0.20079	0.08213	0.51448	0.02176	0.01057	0.00298	0.00447	0.01832	0.00863	0.00774
57	0.01089	0.00899	0.00955	0.00959	0.01232	0.00766	0.00712	0.01338	0.02087	0.02572	0.16287	0.12135	0.51400	0.02239	0.01062	0.00303	0.00453	0.01892	0.00852	0.00766
58	0.01458	0.01065	0.01292	0.01351	0.01528	0.01057	0.00959	0.10663	0.02136	0.02831	0.04788	0.53070	0.09372	0.02486	0.01096	0.00344	0.00589	0.02217	0.00841	0.00856
59	0.01154	0.00871	0.01067	0.01101	0.01289	0.00783	0.00794	0.01440	0.02144	0.02862	0.29991	0.25965	0.22780	0.02249	0.01082	0.00312	0.00460	0.01976	0.00895	0.00783
60	0.03342	0.04264	0.02535	0.02305	0.02766	0.64967	0.01729	0.03572	0.02535	0.02190	0.01383	0.01613	0.01152	0.00922	0.00807	0.00230	0.01613	0.00576	0.00461	0.01037
61	0.01117	0.00798	0.01069	0.01276	0.01340	0.00750	0.00877	0.01292	0.01739	0.02314	0.04916	0.63549	0.05858	0.02778	0.01149	0.00367	0.00542	0.06703	0.00830	0.00734
62	0.01090	0.00779	0.01038	0.01246	0.01298	0.00727	0.00830	0.01246	0.01713	0.02284	0.04931	0.67975	0.05917	0.02803	0.01142	0.00363	0.00519	0.02543	0.00830	0.00727
63	0.01362	0.00903	0.01196	0.01209	0.01348	0.00987	0.00892	0.01644	0.01537	0.02333	0.02744	0.07814	0.02639	0.15039	0.36144	0.00989	0.01567	0.01081	0.17811	0.00762
64	0.02681	0.49366	0.04033	0.01766	0.02439	0.22235	0.01591	0.02951	0.02036	0.02131	0.01286	0.01489	0.01149	0.00813	0.00645	0.00203	0.01157	0.00508	0.00407	0.01114
65	0.01218	0.00888	0.00993	0.00989	0.01110	0.00845	0.00639	0.01335	0.01618	0.02080	0.08062	0.06660	0.22958	0.39390	0.06938	0.00685	0.00801	0.01490	0.00657	0.00644
66	0.01067	0.00867	0.00947	0.01010	0.01236	0.00747	0.00726	0.01272	0.01939	0.02376	0.07799	0.26766	0.45275	0.02430	0.01083	0.00321	0.00473	0.02089	0.00831	0.00747
67	0.02105	0.01365	0.01649	0.01451	0.01846	0.01398	0.01139	0.10556	0.09941	0.13318	0.16010	0.07541	0.12090	0.02503	0.12406	0.00495	0.00954	0.01272	0.00864	0.01097
68	0.24723	0.02627	0.01923	0.01670	0.02213	0.26297	0.01297	0.02832	0.01987	0.02904	0.01466	0.01765	0.01219	0.01277	0.05605	0.00315	0.01175	0.00567	0.00506	0.17632
69	0.03082	0.02884	0.02450	0.01993	0.02605	0.22763	0.01573	0.31246	0.03218	0.03976	0.01852	0.02096	0.01450	0.03914	0.00995	0.00264	0.01141	0.00715	0.00689	0.11095

[dist]
# distance from previous block
# <min> <max>
1	9

[block]
# block no. 7 follows, 19 sequences, length 31
# corresponding to MSA columns:
# 448-478
name=unknown_H
#
# <colnr> <probs for GDERKNQSTAVLIFYWHMCP>
#	G	D	E	R	K	N	Q	S	T	A	V	L	I	F	Y	W	H	M	C	P
0	0.02966	0.02827	0.02818	0.02391	0.06624	0.19715	0.06979	0.27059	0.03070	0.03858	0.01794	0.01985	0.01369	0.00925	0.00850	0.00241	0.01165	0.00724	0.00652	0.11989
1	0.02576	0.02726	0.02360	0.02258	0.06215	0.23383	0.01653	0.03995	0.32428	0.03024	0.02535	0.02562	0.01977	0.01122	0.01059	0.00285	0.07081	0.00831	0.00683	0.01249
2	0.02716	0.02474	0.16259	0.02006	0.02652	0.02074	0.01927	0.15553	0.02449	0.18263	0.02223	0.02377	0.01599	0.01135	0.01304	0.00295	0.15249	0.00794	0.07353	0.01296
3	0.02774	0.02039	0.02248	0.01784	0.02352	0.02208	0.01449	0.42871	0.03715	0.05036	0.19874	0.03480	0.03554	0.01296	0.00942	0.00272	0.00819	0.01044	0.00921	0.01323
4	0.02013	0.01091	0.01371	0.01199	0.01578	0.00957	0.00935	0.02356	0.02398	0.20873	0.29721	0.06172	0.22288	0.01743	0.01010	0.00286	0.00531	0.01485	0.00976	0.01018
5	0.01219	0.00913	0.01130	0.01076	0.01308	0.00824	0.00807	0.01597	0.02421	0.03322	0.50392	0.07120	0.20721	0.01928	0.01056	0.00286	0.00429	0.01679	0.00950	0.00824
6	0.01293	0.00897	0.01128	0.01128	0.01181	0.00950	0.00732	0.01399	0.01346	0.01848	0.02679	0.05082	0.02917	0.48127	0.24526	0.01056	0.01372	0.01188	0.00521	0.00627
7	0.01060	0.00895	0.00918	0.00937	0.01217	0.00753	0.00693	0.01280	0.02009	0.02405	0.08686	0.14031	0.57437	0.02315	0.01065	0.00308	0.00459	0.01948	0.00831	0.00753
8	0.01587	0.01413	0.02031	0.01853	0.01940	0.01857	0.01500	0.01850	0.01407	0.02112	0.01840	0.02806	0.01753	0.04368	0.36750	0.00961	0.31774	0.00879	0.00439	0.00881
9	0.01301	0.00867	0.00976	0.00976	0.00976	0.00867	0.00542	0.01301	0.01301	0.01735	0.02819	0.05855	0.03253	0.68559	0.04554	0.00867	0.00867	0.01301	0.00542	0.00542
10	0.03401	0.02506	0.02685	0.02058	0.02774	0.02774	0.01700	0.59995	0.04206	0.05638	0.02148	0.02148	0.01521	0.01074	0.00895	0.00268	0.00984	0.00805	0.00895	0.01521
11	0.01585	0.01419	0.01837	0.01715	0.01837	0.05144	0.01354	0.01847	0.01473	0.02085	0.02022	0.03108	0.01937	0.08531	0.40521	0.01044	0.20330	0.00908	0.00457	0.00848
12	0.01181	0.01003	0.01030	0.01007	0.01323	0.00901	0.00760	0.01639	0.07717	0.02614	0.11786	0.07991	0.53631	0.02139	0.01043	0.00301	0.00476	0.01788	0.00848	0.00824
13	0.02905	0.03367	0.02211	0.01994	0.02378	0.45391	0.01469	0.08233	0.02420	0.02406	0.01764	0.02582	0.01641	0.15599	0.01627	0.00372	0.01394	0.00754	0.00518	0.00974
14	0.02392	0.69097	0.04688	0.01531	0.02296	0.03540	0.01531	0.02679	0.01818	0.02105	0.01244	0.01435	0.01148	0.00765	0.00574	0.00191	0.00957	0.00478	0.00383	0.01148
15	0.01166	0.00911	0.01058	0.01021	0.01275	0.00802	0.00766	0.01495	0.02297	0.03028	0.36979	0.07603	0.34317	0.02038	0.01056	0.00291	0.00437	0.01747	0.00911	0.00802
16	0.02667	0.02141	0.02272	0.01910	0.02495	0.02432	0.01523	0.25523	0.39872	0.04455	0.03080	0.02890	0.02276	0.01161	0.00905	0.00290	0.00812	0.00934	0.00905	0.01456
17	0.01545	0.01363	0.01759	0.02166	0.15366	0.04823	0.01299	0.01913	0.02230	0.02993	0.28880	0.14226	0.14448	0.01746	0.01015	0.00290	0.00655	0.01542	0.00786	0.00955
18	0.01057	0.00906	0.00906	0.00906	0.01208	0.00755	0.00680	0.01284	0.02039	0.02417	0.09063	0.08610	0.62615	0.02266	0.01057	0.00302	0.00453	0.01888	0.00831	0.00755
19	0.01678	0.06092	0.13719	0.02588	0.15385	0.01756	0.01930	0.02124	0.01729	0.02457	0.02461	0.17240	0.02503	0.02515	0.13818	0.00532	0.08722	0.01179	0.00516	0.01055
20	0.02913	0.03409	0.02707	0.02637	0.09035	0.40452	0.01886	0.06583	0.02320	0.02468	0.01414	0.01787	0.01208	0.01064	0.01303	0.00273	0.16320	0.00660	0.00470	0.01093
21	0.01057	0.00906	0.00906	0.00906	0.01208	0.00755	0.00680	0.01284	0.02039	0.02417	0.09063	0.08610	0.62615	0.02266	0.01057	0.00302	0.00453	0.01888	0.00831	0.00755
22	0.01107	0.00848	0.01016	0.01102	0.01272	0.00756	0.00778	0.01333	0.01967	0.02548	0.15940	0.36201	0.27019	0.02446	0.01097	0.00327	0.00479	0.02152	0.00856	0.00756
23	0.02387	0.02019	0.02666	0.03143	0.23699	0.02174	0.01948	0.15694	0.21375	0.03744	0.02753	0.03452	0.02281	0.01180	0.00935	0.00295	0.00906	0.07244	0.00733	0.01372
24	0.09003	0.03822	0.34042	0.02620	0.09573	0.16284	0.02551	0.03069	0.02060	0.06614	0.01651	0.01894	0.01220	0.00875	0.00820	0.00268	0.01268	0.00655	0.00465	0.01248
25	0.02214	0.02126	0.03631	0.05491	0.62978	0.02126	0.02746	0.02746	0.02037	0.02923	0.01683	0.02214	0.01417	0.00797	0.00886	0.00266	0.01063	0.00797	0.00443	0.01417
26	0.01097	0.00873	0.00988	0.01058	0.01274	0.00764	0.00772	0.01320	0.01965	0.02449	0.10339	0.26940	0.39510	0.02419	0.01092	0.00325	0.00490	0.04732	0.00838	0.00754
27	0.02459	0.02578	0.03307	0.04602	0.46649	0.15755	0.02453	0.03033	0.05348	0.02808	0.01724	0.02145	0.01431	0.00847	0.00870	0.00260	0.01163	0.00761	0.00472	0.01335
28	0.01936	0.01921	0.02987	0.32439	0.17018	0.05321	0.05934	0.02429	0.01812	0.02419	0.01583	0.02295	0.01296	0.01264	0.04375	0.00359	0.12302	0.00807	0.00417	0.01087
29	0.15731	0.10828	0.35261	0.02304	0.03321	0.06121	0.08982	0.02827	0.01877	0.02940	0.01508	0.01800	0.01131	0.00831	0.00785	0.00271	0.01203	0.00648	0.00425	0.01206
30	0.02049	0.02345	0.09655	0.24971	0.28729	0.07576	0.02554	0.02623	0.01984	0.02622	0.01794	0.02639	0.01504	0.00943	0.00898	0.00284	0.01169	0.04019	0.00444	0.01198

[dist]
# distance from previous block
# <min> <max>
0	21

[block]
# block no. 8 follows, 19 sequences, length 34
# corresponding to MSA columns:
# 500-533
name=unknown_I
#
# <colnr> <probs for GDERKNQSTAVLIFYWHMCP>
#	G	D	E	R	K	N	Q	S	T	A	V	L	I	F	Y	W	H	M	C	P
0	0.02242	0.02206	0.02609	0.03307	0.27517	0.13264	0.01922	0.03036	0.12622	0.02847	0.02179	0.02582	0.01791	0.01765	0.10089	0.00430	0.01240	0.00822	0.06316	0.01213
1	0.07083	0.14802	0.03680	0.03025	0.15086	0.15176	0.14999	0.02853	0.02021	0.02620	0.01498	0.01910	0.01249	0.00864	0.00983	0.00258	0.06425	0.00720	0.00445	0.04302
2	0.01409	0.01763	0.12598	0.01678	0.04522	0.01356	0.01456	0.01789	0.01887	0.02542	0.10812	0.13146	0.24564	0.05068	0.01471	0.00343	0.10528	0.01483	0.00670	0.00913
3	0.02500	0.02108	0.02989	0.02551	0.07669	0.02219	0.14468	0.25908	0.11421	0.04025	0.02675	0.12406	0.02320	0.01265	0.00970	0.00295	0.00996	0.01155	0.00754	0.01307
4	0.01541	0.01733	0.10847	0.02616	0.18973	0.01357	0.01721	0.01928	0.01771	0.02477	0.03151	0.29342	0.03436	0.08156	0.06386	0.00455	0.00967	0.01546	0.00603	0.00995
5	0.02534	0.41645	0.09874	0.01764	0.02539	0.03063	0.01729	0.17537	0.02425	0.03094	0.01578	0.01779	0.01303	0.01180	0.04216	0.00289	0.01079	0.00608	0.00521	0.01243
6	0.02439	0.65862	0.04581	0.01569	0.02320	0.06605	0.01541	0.02723	0.01854	0.02109	0.01251	0.01444	0.01148	0.00773	0.00586	0.00193	0.00990	0.00483	0.00387	0.01143
7	0.01111	0.00898	0.00922	0.00922	0.01157	0.00780	0.00649	0.01288	0.01876	0.02266	0.07679	0.07999	0.49461	0.16955	0.01832	0.00427	0.00545	0.01758	0.00767	0.00708
8	0.01186	0.00850	0.01077	0.01191	0.01279	0.00788	0.00781	0.01323	0.01631	0.02203	0.04248	0.49964	0.05032	0.17236	0.01867	0.00460	0.00605	0.02139	0.00747	0.05393
9	0.02668	0.03205	0.03183	0.18132	0.04013	0.35749	0.14851	0.03104	0.02260	0.02364	0.01528	0.01978	0.01208	0.00878	0.00883	0.00263	0.01488	0.00736	0.00444	0.01064
10	0.02402	0.02702	0.02723	0.25685	0.09307	0.25677	0.02132	0.02785	0.02016	0.02283	0.01448	0.02006	0.01194	0.01014	0.01221	0.00286	0.12937	0.00711	0.00424	0.01045
11	0.01235	0.00840	0.00995	0.01060	0.01077	0.00823	0.00633	0.01284	0.01430	0.01907	0.03481	0.25330	0.04088	0.47943	0.03484	0.00709	0.00758	0.01691	0.00633	0.00600
12	0.01306	0.00916	0.01248	0.01258	0.01375	0.01010	0.00913	0.01540	0.01450	0.02096	0.02674	0.07285	0.02690	0.22422	0.40797	0.01137	0.01743	0.01117	0.06292	0.00730
13	0.01185	0.00935	0.01083	0.01115	0.01378	0.00834	0.00882	0.01491	0.02142	0.02708	0.18716	0.08558	0.39030	0.02225	0.01097	0.00322	0.00530	0.14120	0.00860	0.00788
14	0.01208	0.00843	0.01062	0.01157	0.01224	0.00809	0.00767	0.01364	0.01713	0.02311	0.12752	0.34419	0.05338	0.25162	0.02303	0.00526	0.00641	0.04962	0.00754	0.00686
15	0.01705	0.01612	0.02687	0.62616	0.05936	0.02032	0.02453	0.02278	0.01764	0.02278	0.01566	0.02360	0.01192	0.00934	0.01015	0.00304	0.05084	0.00794	0.00397	0.00993
16	0.01161	0.00910	0.01050	0.01015	0.01272	0.00799	0.00761	0.01485	0.02284	0.02998	0.35585	0.07654	0.35731	0.02049	0.01056	0.00292	0.00438	0.01754	0.00907	0.00799
17	0.02023	0.02131	0.04225	0.20716	0.18076	0.02159	0.31880	0.02686	0.02010	0.02725	0.01723	0.02361	0.01327	0.00801	0.00975	0.00293	0.01325	0.00929	0.00436	0.01197
