[name]
unknown

[dist]
# distance from previous block
# <min> <max>
0	12

[block]
# block no. 0 follows, 22 sequences, length 20
# corresponding to MSA columns:
# 12-31
name=unknown_A
#
# <colnr> <probs for GDERKNQSTAVLIFYWHMCP>
#	G	D	E	R	K	N	Q	S	T	A	V	L	I	F	Y	W	H	M	C	P
0	0.01323	0.01072	0.01475	0.01834	0.11301	0.01022	0.01274	0.01661	0.01903	0.02436	0.05383	0.07764	0.25625	0.01989	0.01039	0.00326	0.00677	0.30358	0.00713	0.00827
1	0.01356	0.11637	0.01586	0.01137	0.01298	0.01268	0.00833	0.01501	0.01326	0.01776	0.02255	0.04040	0.02388	0.37252	0.26019	0.00896	0.01320	0.00979	0.00460	0.00674
2	0.01452	0.01684	0.11337	0.01267	0.01919	0.01090	0.01179	0.01857	0.01788	0.02532	0.03930	0.03943	0.23832	0.01168	0.00771	0.00200	0.00640	0.00956	0.00569	0.37884
3	0.02299	0.02016	0.11826	0.01728	0.02294	0.01777	0.01575	0.25157	0.02492	0.10705	0.02147	0.02502	0.01666	0.02818	0.24382	0.00636	0.01401	0.00788	0.00644	0.01147
4	0.01471	0.01326	0.01301	0.01213	0.01444	0.11002	0.00910	0.01836	0.02352	0.03132	0.55393	0.05484	0.06801	0.01569	0.00944	0.00254	0.00561	0.01354	0.00840	0.00811
5	0.01727	0.12346	0.03558	0.02417	0.02993	0.01907	0.31480	0.02218	0.01698	0.02294	0.01792	0.02463	0.01519	0.02656	0.24416	0.00637	0.01613	0.00866	0.00419	0.00978
6	0.01027	0.00794	0.00974	0.01063	0.01216	0.00741	0.00758	0.01220	0.01668	0.02139	0.05697	0.35998	0.28015	0.02966	0.11212	0.00468	0.00725	0.01902	0.00721	0.00695
7	0.02342	0.01993	0.02875	0.17469	0.30660	0.02160	0.02155	0.23762	0.02554	0.03480	0.01697	0.02068	0.01306	0.00850	0.00827	0.00254	0.00987	0.00743	0.00551	0.01267
8	0.01613	0.01508	0.02362	0.11967	0.34965	0.01507	0.01840	0.02014	0.01862	0.02470	0.03972	0.04175	0.23887	0.01234	0.00880	0.00263	0.00803	0.01098	0.00533	0.01047
9	0.01763	0.01390	0.01641	0.01517	0.01839	0.01569	0.01175	0.11916	0.23048	0.02993	0.02942	0.13278	0.02653	0.03136	0.24428	0.00657	0.01224	0.01110	0.00690	0.01029
10	0.01359	0.01142	0.01216	0.01146	0.01471	0.01148	0.00874	0.02278	0.21684	0.02822	0.16622	0.06135	0.35490	0.01724	0.00938	0.00278	0.00491	0.01452	0.00820	0.00910
11	0.01157	0.00817	0.01070	0.01113	0.01176	0.00859	0.00752	0.01294	0.01338	0.01836	0.02913	0.19022	0.03235	0.32891	0.25883	0.00889	0.01235	0.01351	0.00542	0.00626
12	0.01001	0.00765	0.00921	0.01045	0.01176	0.00684	0.00722	0.01169	0.01698	0.02164	0.05934	0.48265	0.26617	0.02426	0.01033	0.00317	0.00460	0.02147	0.00771	0.00684
13	0.01434	0.01269	0.02083	0.44971	0.04224	0.01561	0.01859	0.01897	0.01546	0.02054	0.01741	0.02585	0.01450	0.02738	0.24387	0.00651	0.01502	0.00792	0.00396	0.00859
14	0.01001	0.00765	0.00921	0.01045	0.01176	0.00684	0.00722	0.01169	0.01698	0.02164	0.05934	0.48265	0.26617	0.02426	0.01033	0.00317	0.00460	0.02147	0.00771	0.00684
15	0.02469	0.01789	0.01932	0.01556	0.01986	0.01951	0.01199	0.41075	0.02953	0.03955	0.02215	0.03210	0.01981	0.25658	0.02031	0.00446	0.00876	0.00911	0.00715	0.01092
16	0.01803	0.01614	0.02654	0.03838	0.43048	0.01614	0.02122	0.02257	0.01899	0.02634	0.02564	0.04640	0.02540	0.01289	0.00937	0.00295	0.00909	0.21686	0.00536	0.01121
17	0.01054	0.00859	0.01016	0.01016	0.01250	0.00820	0.00775	0.01295	0.01696	0.02133	0.06229	0.06323	0.42955	0.03562	0.24485	0.00653	0.01058	0.01448	0.00656	0.00716
18	0.01070	0.00768	0.01016	0.01117	0.01218	0.00713	0.00776	0.01302	0.01859	0.02548	0.25989	0.47633	0.06323	0.02283	0.01032	0.00310	0.00450	0.02058	0.00822	0.00713
19	0.02400	0.01760	0.01953	0.01645	0.02092	0.01905	0.01294	0.41057	0.03088	0.04135	0.02907	0.26112	0.02855	0.01564	0.00912	0.00280	0.00761	0.01318	0.00810	0.01152

[dist]
# distance from previous block
# <min> <max>
0	10

[block]
# block no. 1 follows, 22 sequences, length 8
# corresponding to MSA columns:
# 42-49
name=unknown_B
#
# <colnr> <probs for GDERKNQSTAVLIFYWHMCP>
#	G	D	E	R	K	N	Q	S	T	A	V	L	I	F	Y	W	H	M	C	P
0	0.01607	0.01735	0.03433	0.02539	0.03177	0.01594	0.40183	0.02130	0.01936	0.02510	0.04117	0.04323	0.24425	0.01208	0.00981	0.00280	0.01046	0.01260	0.00547	0.00969
1	0.01756	0.07608	0.39458	0.02241	0.02992	0.02237	0.02513	0.02393	0.01576	0.02360	0.01325	0.01750	0.01067	0.01025	0.01474	0.00294	0.25830	0.00644	0.00356	0.01102
2	0.01071	0.00769	0.01017	0.01116	0.01218	0.00714	0.00776	0.01305	0.01866	0.02559	0.26506	0.47086	0.06343	0.02275	0.01031	0.00310	0.00449	0.02051	0.00823	0.00714
3	0.01052	0.00844	0.00939	0.00915	0.01165	0.00731	0.00686	0.01328	0.02059	0.02638	0.28955	0.07348	0.44501	0.01957	0.00981	0.00274	0.00410	0.01663	0.00823	0.00731
4	0.01551	0.01446	0.02247	0.18734	0.28018	0.01483	0.01798	0.01957	0.01837	0.02403	0.04022	0.04243	0.24411	0.01255	0.00882	0.00266	0.00811	0.01106	0.00532	0.01000
5	0.02955	0.02617	0.02401	0.05504	0.02702	0.17904	0.01599	0.39860	0.09206	0.04140	0.01931	0.01995	0.01423	0.00967	0.00813	0.00246	0.01038	0.00715	0.00712	0.01270
6	0.49680	0.01671	0.01459	0.01309	0.01807	0.01937	0.01050	0.03156	0.24102	0.03636	0.01962	0.01983	0.01492	0.00900	0.00634	0.00266	0.00648	0.00627	0.00634	0.01050
7	0.02582	0.12983	0.02975	0.09085	0.18346	0.11686	0.01868	0.24426	0.02633	0.03356	0.01608	0.01859	0.01258	0.00854	0.00771	0.00235	0.01030	0.00668	0.00553	0.01225

[dist]
# distance from previous block
# <min> <max>
0	2

[block]
# block no. 2 follows, 22 sequences, length 60
# corresponding to MSA columns:
# 52-111
name=unknown_C
#
# <colnr> <probs for GDERKNQSTAVLIFYWHMCP>
#	G	D	E	R	K	N	Q	S	T	A	V	L	I	F	Y	W	H	M	C	P
0	0.01176	0.00849	0.01110	0.01045	0.01241	0.00784	0.00784	0.01568	0.02352	0.03331	0.65184	0.06206	0.07839	0.01698	0.00980	0.00261	0.00392	0.01502	0.00914	0.00784
1	0.02931	0.17127	0.02745	0.02000	0.02483	0.54920	0.01569	0.03155	0.02224	0.02018	0.01259	0.01466	0.01069	0.00828	0.00707	0.00207	0.01379	0.00517	0.00414	0.00983
2	0.02976	0.13705	0.02643	0.02036	0.02505	0.58181	0.01579	0.03197	0.02258	0.02022	0.01265	0.01474	0.01070	0.00835	0.00718	0.00209	0.01410	0.00522	0.00418	0.00978
3	0.01961	0.02241	0.04902	0.03501	0.04342	0.02101	0.62605	0.02661	0.01961	0.02661	0.01681	0.02241	0.01261	0.00700	0.00980	0.00280	0.01401	0.00980	0.00420	0.01120
4	0.01507	0.01052	0.01241	0.01111	0.01414	0.00992	0.00857	0.08617	0.02395	0.07233	0.37140	0.06041	0.23814	0.01696	0.00954	0.00265	0.00480	0.01448	0.00870	0.00871
5	0.01089	0.00846	0.00990	0.00954	0.01188	0.00747	0.00716	0.01400	0.02147	0.02846	0.39851	0.07004	0.33475	0.01879	0.00981	0.00270	0.00405	0.01614	0.00851	0.00747
6	0.02290	0.02573	0.02490	0.17419	0.18473	0.29439	0.01896	0.02667	0.02089	0.02367	0.08696	0.02330	0.01912	0.00918	0.00811	0.00241	0.01161	0.00740	0.00467	0.01020
7	0.01959	0.02152	0.04399	0.03595	0.13456	0.02132	0.46484	0.02568	0.01872	0.02594	0.01595	0.02164	0.01250	0.00793	0.01156	0.00285	0.09095	0.00915	0.00412	0.01126
8	0.03103	0.03959	0.02354	0.02140	0.02568	0.67469	0.01605	0.03317	0.02354	0.02033	0.01284	0.01498	0.01070	0.00856	0.00749	0.00214	0.01498	0.00535	0.00428	0.00963
9	0.01350	0.01032	0.01261	0.01171	0.01421	0.01035	0.00888	0.02124	0.14429	0.03359	0.53100	0.05598	0.06802	0.01587	0.00954	0.00265	0.00444	0.01392	0.00901	0.00888
10	0.01686	0.01062	0.01313	0.01168	0.01452	0.00981	0.00856	0.05728	0.02031	0.11220	0.23521	0.14602	0.04556	0.15769	0.01589	0.00368	0.00591	0.01321	0.00770	0.09415
11	0.01087	0.00890	0.00965	0.00938	0.01205	0.00791	0.00706	0.01452	0.05091	0.02597	0.23401	0.07273	0.46769	0.01947	0.00975	0.00275	0.00425	0.01646	0.00813	0.00754
12	0.02221	0.71304	0.04353	0.01421	0.02132	0.03287	0.01421	0.02488	0.01688	0.01955	0.01155	0.01333	0.01066	0.00711	0.00533	0.00178	0.00888	0.00444	0.00355	0.01066
13	0.01121	0.00847	0.01034	0.00987	0.01207	0.00760	0.00740	0.01461	0.02221	0.03023	0.49062	0.06714	0.24153	0.01814	0.00980	0.00267	0.00400	0.01574	0.00874	0.00760
14	0.03024	0.10265	0.02563	0.02045	0.02527	0.53866	0.01584	0.10041	0.02467	0.02392	0.01353	0.01539	0.01109	0.00858	0.00738	0.00215	0.01373	0.00551	0.00467	0.01024
15	0.03158	0.02327	0.02493	0.01911	0.02576	0.02576	0.01579	0.62852	0.03906	0.05236	0.01995	0.01995	0.01413	0.00997	0.00831	0.00249	0.00914	0.00748	0.00831	0.01413
16	0.02376	0.02272	0.09961	0.03288	0.30995	0.08460	0.02063	0.03067	0.08989	0.13951	0.04817	0.02399	0.01813	0.00894	0.00823	0.00252	0.00954	0.00777	0.00585	0.01264
17	0.00982	0.00842	0.00842	0.00842	0.01122	0.00701	0.00631	0.01192	0.01894	0.02244	0.08416	0.07995	0.65285	0.02104	0.00982	0.00281	0.00421	0.01753	0.00771	0.00701
18	0.01705	0.03695	0.50284	0.02545	0.03641	0.01911	0.15593	0.02586	0.01827	0.02671	0.04595	0.02071	0.01423	0.00814	0.00839	0.00267	0.01224	0.00734	0.00393	0.01184
19	0.01076	0.00819	0.00990	0.01003	0.01194	0.00733	0.00731	0.01354	0.02034	0.02708	0.33222	0.20901	0.26158	0.02031	0.00998	0.00284	0.00421	0.01774	0.00836	0.00733
20	0.02391	0.27521	0.09063	0.02662	0.18667	0.21910	0.01913	0.02763	0.01944	0.02233	0.01328	0.01605	0.01130	0.00769	0.00694	0.00214	0.01125	0.00562	0.00391	0.01114
21	0.57588	0.19473	0.02024	0.01177	0.01741	0.02229	0.01033	0.02454	0.01484	0.03273	0.01156	0.01345	0.00942	0.00756	0.00519	0.00237	0.00706	0.00448	0.00473	0.00942
22	0.01848	0.01653	0.02677	0.06617	0.46612	0.01654	0.02040	0.02299	0.01859	0.02701	0.02434	0.02828	0.07943	0.00918	0.00802	0.00243	0.00842	0.00848	0.12028	0.01154
23	0.01752	0.02118	0.14780	0.14086	0.12505	0.01578	0.01879	0.02390	0.04925	0.02628	0.01589	0.01937	0.01253	0.00732	0.00730	0.00204	0.00880	0.00620	0.00449	0.32964
24	0.00992	0.00842	0.00856	0.00852	0.01128	0.00706	0.00639	0.01212	0.01918	0.02301	0.11388	0.07901	0.62277	0.02083	0.00982	0.00280	0.00419	0.01740	0.00779	0.00706
25	0.02159	0.02440	0.02790	0.02657	0.11771	0.24380	0.15352	0.02517	0.01996	0.02346	0.04880	0.14003	0.02231	0.01186	0.01003	0.00267	0.05495	0.01041	0.00502	0.00988
26	0.01176	0.00849	0.01110	0.01045	0.01241	0.00784	0.00784	0.01568	0.02352	0.03331	0.65184	0.06206	0.07839	0.01698	0.00980	0.00261	0.00392	0.01502	0.00914	0.00784
27	0.02221	0.71304	0.04353	0.01421	0.02132	0.03287	0.01421	0.02488	0.01688	0.01955	0.01155	0.01333	0.01066	0.00711	0.00533	0.00178	0.00888	0.00444	0.00355	0.01066
28	0.01148	0.00951	0.01019	0.00983	0.01267	0.00875	0.00743	0.01643	0.09105	0.02624	0.20344	0.07041	0.45462	0.01903	0.00966	0.00276	0.00441	0.01605	0.00811	0.00790
29	0.01965	0.01573	0.01745	0.08344	0.02299	0.01805	0.01279	0.06652	0.41885	0.03350	0.02979	0.02953	0.02250	0.01058	0.00789	0.00262	0.00661	0.00875	0.16109	0.01169
30	0.02066	0.01785	0.01878	0.01691	0.02160	0.02066	0.01315	0.04414	0.64121	0.03475	0.03381	0.03099	0.02536	0.01127	0.00845	0.00282	0.00657	0.00939	0.00845	0.01315
31	0.02056	0.01974	0.03372	0.05099	0.65622	0.01974	0.02550	0.02550	0.01892	0.02714	0.01563	0.02056	0.01316	0.00740	0.00822	0.00247	0.00987	0.00740	0.00411	0.01316
32	0.01012	0.00723	0.00964	0.01157	0.01205	0.00675	0.00771	0.01157	0.01591	0.02121	0.04579	0.70262	0.05495	0.02603	0.01060	0.00337	0.00482	0.02362	0.00771	0.00675
33	0.01443	0.00722	0.01082	0.01082	0.01082	0.00722	0.00722	0.01082	0.01082	0.01443	0.01443	0.02525	0.01443	0.02886	0.03247	0.75830	0.00722	0.00722	0.00361	0.00361
34	0.76672	0.01607	0.01221	0.01092	0.01607	0.01864	0.00900	0.02442	0.01414	0.03727	0.01157	0.01350	0.00900	0.00771	0.00514	0.00257	0.00643	0.00450	0.00514	0.00900
35	0.01013	0.00843	0.00885	0.00875	0.01141	0.00715	0.00656	0.01253	0.01968	0.02421	0.17633	0.07704	0.55957	0.02038	0.00982	0.00277	0.00416	0.01713	0.00795	0.00715
36	0.01187	0.00890	0.01335	0.01335	0.01483	0.01038	0.01038	0.01483	0.01335	0.01928	0.02225	0.03264	0.02077	0.06231	0.67512	0.01335	0.02225	0.00890	0.00445	0.00742
37	0.02056	0.01974	0.03372	0.05099	0.65622	0.01974	0.02550	0.02550	0.01892	0.02714	0.01563	0.02056	0.01316	0.00740	0.00822	0.00247	0.00987	0.00740	0.00411	0.01316
38	0.01723	0.01477	0.01723	0.01230	0.01969	0.01107	0.00984	0.02092	0.01723	0.02707	0.01477	0.01723	0.01230	0.00615	0.00615	0.00123	0.00615	0.00492	0.00492	0.75883
39	0.01947	0.01850	0.03142	0.15055	0.53293	0.01909	0.02458	0.02445	0.01856	0.02610	0.01674	0.02404	0.01436	0.00823	0.00838	0.00258	0.00996	0.03357	0.00420	0.01229
40	0.02229	0.02504	0.02484	0.02168	0.02305	0.23342	0.01749	0.02421	0.01619	0.02010	0.01153	0.01715	0.01084	0.01262	0.02093	0.00316	0.47570	0.00666	0.00384	0.00926
41	0.01126	0.00847	0.01042	0.00993	0.01211	0.00763	0.00745	0.01471	0.02234	0.03053	0.50632	0.06664	0.22564	0.01802	0.00980	0.00266	0.00399	0.01567	0.00878	0.00763
42	0.01208	0.00805	0.00906	0.00906	0.00906	0.00805	0.00503	0.01208	0.01208	0.01611	0.02618	0.05436	0.03020	0.70804	0.04228	0.00805	0.00805	0.01208	0.00503	0.00503
43	0.01549	0.00774	0.00774	0.00774	0.00968	0.00774	0.00581	0.01936	0.01742	0.03097	0.02710	0.03097	0.02129	0.00968	0.00581	0.00194	0.00387	0.00774	0.75416	0.00774
44	0.03128	0.03231	0.02416	0.02038	0.02572	0.38503	0.01593	0.29892	0.03047	0.03463	0.01601	0.01720	0.01223	0.00919	0.00786	0.00230	0.01237	0.00630	0.00608	0.01164
45	0.02376	0.01939	0.02053	0.01753	0.02278	0.02211	0.01390	0.21010	0.47021	0.03975	0.02987	0.02786	0.02217	0.01090	0.00841	0.00273	0.00730	0.00885	0.00841	0.01343
46	0.01957	0.39370	0.33972	0.01872	0.02830	0.02640	0.02207	0.02556	0.01719	0.02277	0.01315	0.01533	0.01060	0.00748	0.00655	0.00218	0.01050	0.00525	0.00353	0.01143
47	0.01912	0.01850	0.03306	0.15765	0.36185	0.01900	0.14081	0.02479	0.04406	0.02549	0.01639	0.02194	0.01327	0.00901	0.01010	0.05078	0.01059	0.00794	0.00420	0.01147
48	0.02776	0.28918	0.03095	0.01874	0.02407	0.43683	0.01537	0.03010	0.02107	0.02004	0.01236	0.01437	0.01069	0.00802	0.00669	0.00201	0.01272	0.00501	0.00401	0.01001
49	0.01187	0.00890	0.01335	0.01335	0.01483	0.01038	0.01038	0.01483	0.01335	0.01928	0.02225	0.03264	0.02077	0.06231	0.67512	0.01335	0.02225	0.00890	0.00445	0.00742
50	0.01584	0.02522	0.26033	0.02017	0.02778	0.01625	0.12676	0.02506	0.11885	0.02660	0.03842	0.03872	0.19998	0.01210	0.00888	0.00274	0.00932	0.01063	0.00565	0.01070
51	0.01187	0.00890	0.01335	0.01335	0.01483	0.01038	0.01038	0.01483	0.01335	0.01928	0.02225	0.03264	0.02077	0.06231	0.67512	0.01335	0.02225	0.00890	0.00445	0.00742
52	0.01694	0.07620	0.63418	0.02321	0.03523	0.01997	0.02988	0.02624	0.01751	0.02597	0.01474	0.01733	0.01053	0.00785	0.00777	0.00259	0.01211	0.00605	0.00351	0.01220
53	0.01666	0.04297	0.66500	0.02368	0.03596	0.01929	0.03069	0.02631	0.01754	0.02631	0.01491	0.01754	0.01052	0.00789	0.00789	0.00263	0.01228	0.00614	0.00351	0.01228
54	0.01952	0.02041	0.07253	0.15263	0.51948	0.01950	0.02543	0.02485	0.01845	0.02613	0.01544	0.02063	0.01265	0.00758	0.00822	0.00253	0.01022	0.00732	0.00401	0.01246
55	0.01631	0.01807	0.08949	0.18171	0.29198	0.01614	0.02056	0.02113	0.01826	0.02451	0.03293	0.03584	0.17639	0.01115	0.00862	0.00264	0.00894	0.00987	0.00488	0.01060
56	0.01547	0.05341	0.14862	0.01986	0.02441	0.01750	0.11139	0.01963	0.01649	0.02284	0.03043	0.16156	0.11590	0.01494	0.01385	0.00305	0.18417	0.01204	0.00510	0.00934
57	0.01847	0.01206	0.01302	0.01202	0.01441	0.05209	0.00876	0.04621	0.01834	0.13554	0.06593	0.05403	0.11236	0.30553	0.02313	0.00502	0.00762	0.08051	0.00692	0.00804
58	0.02388	0.02804	0.04981	0.01780	0.02145	0.37867	0.01381	0.06419	0.02143	0.02313	0.02110	0.13788	0.02074	0.05424	0.04210	0.00326	0.01205	0.00936	0.04799	0.00907
59	0.02071	0.02139	0.02961	0.03911	0.42320	0.11617	0.05954	0.02498	0.01959	0.02555	0.02308	0.02649	0.08582	0.00906	0.00831	0.00243	0.01010	0.00830	0.00459	0.04197

[dist]
# distance from previous block
# <min> <max>
17	63

[block]
# block no. 3 follows, 22 sequences, length 12
# corresponding to MSA columns:
# 179-190
name=unknown_D
#
# <colnr> <probs for GDERKNQSTAVLIFYWHMCP>
#	G	D	E	R	K	N	Q	S	T	A	V	L	I	F	Y	W	H	M	C	P
0	0.01780	0.20277	0.02199	0.01380	0.01724	0.10540	0.01147	0.02071	0.01630	0.02131	0.01885	0.02479	0.01677	0.03203	0.30092	0.00695	0.01482	0.00704	0.12038	0.00864
1	0.02837	0.07333	0.08918	0.02166	0.02785	0.34598	0.06557	0.19314	0.02647	0.03006	0.01521	0.01707	0.01176	0.00867	0.00781	0.00231	0.01270	0.00630	0.00525	0.01129
2	0.05961	0.02496	0.02628	0.03247	0.29438	0.21601	0.01903	0.07054	0.08805	0.02785	0.01828	0.05220	0.01559	0.00925	0.00800	0.00246	0.01059	0.00764	0.00514	0.01166
3	0.01884	0.01849	0.08766	0.01639	0.02129	0.01755	0.01392	0.03586	0.43032	0.05537	0.03593	0.12581	0.05953	0.01342	0.00876	0.00286	0.00685	0.01140	0.00784	0.01189
4	0.01288	0.01149	0.02049	0.01781	0.02061	0.01074	0.17560	0.01610	0.01774	0.02400	0.10419	0.44790	0.04601	0.01987	0.01030	0.00314	0.00722	0.01893	0.00692	0.00808
5	0.01582	0.01385	0.01388	0.01324	0.01614	0.06779	0.00991	0.05354	0.17235	0.02871	0.16911	0.19517	0.16294	0.01734	0.00938	0.00282	0.00602	0.01486	0.00792	0.00920
6	0.01427	0.01152	0.04340	0.01170	0.01498	0.00953	0.00936	0.01714	0.01747	0.06161	0.13578	0.04988	0.13655	0.16395	0.10532	0.00505	0.00846	0.04660	0.00644	0.13100
7	0.02150	0.02165	0.02595	0.16658	0.24013	0.14281	0.01930	0.06098	0.02016	0.02611	0.01499	0.01908	0.01214	0.00770	0.00767	0.00221	0.01026	0.00649	0.00448	0.16982
8	0.29934	0.06132	0.02332	0.01736	0.02289	0.02315	0.06176	0.25569	0.02413	0.03926	0.01512	0.01717	0.01156	0.00923	0.00916	0.00263	0.08327	0.00636	0.00602	0.01125
9	0.02406	0.25890	0.07299	0.01740	0.02317	0.18295	0.01547	0.13915	0.02215	0.02634	0.01542	0.01840	0.01296	0.01702	0.11538	0.00394	0.01282	0.00608	0.00477	0.01065
10	0.01926	0.09302	0.02213	0.02174	0.13994	0.08042	0.01451	0.09375	0.06355	0.02705	0.03102	0.13471	0.07606	0.04934	0.01051	0.00302	0.00836	0.09534	0.00622	0.01005
11	0.01504	0.01238	0.01876	0.20062	0.09658	0.01399	0.01536	0.05318	0.01683	0.02284	0.02287	0.07481	0.02202	0.09580	0.22875	0.00679	0.01353	0.05624	0.00494	0.00868

[dist]
# distance from previous block
# <min> <max>
27	62

[block]
# block no. 4 follows, 22 sequences, length 26
# corresponding to MSA columns:
# 260-285
name=unknown_E
#
# <colnr> <probs for GDERKNQSTAVLIFYWHMCP>
#	G	D	E	R	K	N	Q	S	T	A	V	L	I	F	Y	W	H	M	C	P
0	0.02035	0.02243	0.02114	0.15143	0.05170	0.23349	0.01598	0.02410	0.04222	0.02233	0.06197	0.03121	0.12178	0.01216	0.01170	0.00270	0.13019	0.00889	0.00505	0.00918
1	0.01924	0.01519	0.01750	0.01504	0.04352	0.01431	0.01132	0.05570	0.19944	0.07261	0.05474	0.03146	0.09622	0.01034	0.00772	0.00213	0.00629	0.00856	0.00692	0.31174
2	0.02203	0.02058	0.02006	0.04709	0.08442	0.15435	0.01427	0.07980	0.17714	0.05877	0.03086	0.07392	0.08806	0.01208	0.00844	0.00256	0.00873	0.02986	0.00665	0.06032
3	0.01787	0.01671	0.05615	0.14207	0.02767	0.01603	0.04233	0.12319	0.10789	0.03070	0.08508	0.03759	0.15386	0.01205	0.00857	0.00254	0.00775	0.01019	0.00656	0.09519
4	0.02022	0.01755	0.02433	0.04455	0.02591	0.01802	0.14296	0.19074	0.12764	0.03374	0.03829	0.03828	0.18581	0.01229	0.00897	0.00265	0.00839	0.01086	0.00698	0.04181
5	0.02081	0.02651	0.14228	0.16168	0.03206	0.17904	0.01876	0.05395	0.15087	0.02670	0.05171	0.02641	0.05362	0.01010	0.00821	0.00258	0.01052	0.00800	0.00547	0.01073
6	0.01817	0.01620	0.01963	0.15892	0.02765	0.06763	0.01460	0.02430	0.09591	0.04852	0.01892	0.02360	0.01553	0.02021	0.14949	0.00466	0.07863	0.00725	0.00504	0.18514
7	0.02402	0.02333	0.02676	0.02104	0.02678	0.15677	0.15677	0.23120	0.02696	0.03323	0.03141	0.03227	0.14922	0.01134	0.00881	0.00256	0.01045	0.00972	0.00638	0.01098
8	0.01845	0.01710	0.02848	0.07270	0.49043	0.01714	0.02162	0.02320	0.01979	0.02817	0.15122	0.02948	0.02696	0.00949	0.00856	0.00251	0.00866	0.00903	0.00517	0.01184
9	0.01023	0.00731	0.00974	0.01149	0.01207	0.00682	0.00772	0.01184	0.01641	0.02201	0.08576	0.66037	0.05649	0.02543	0.01055	0.00332	0.00476	0.02305	0.00781	0.00682
10	0.03115	0.03611	0.02384	0.02091	0.02570	0.53635	0.01600	0.16009	0.02685	0.02716	0.01436	0.01604	0.01143	0.00886	0.00767	0.00222	0.01374	0.00580	0.00514	0.01059
11	0.01991	0.01230	0.01553	0.01476	0.01830	0.01244	0.01216	0.02823	0.16656	0.16440	0.14001	0.05982	0.04181	0.01652	0.00982	0.00312	0.00666	0.23865	0.00865	0.01035
12	0.03115	0.03611	0.02384	0.02091	0.02570	0.53635	0.01600	0.16009	0.02685	0.02716	0.01436	0.01604	0.01143	0.00886	0.00767	0.00222	0.01374	0.00580	0.00514	0.01059
13	0.01002	0.00764	0.00921	0.01047	0.01176	0.00684	0.00722	0.01169	0.01696	0.02164	0.05916	0.48557	0.26336	0.02429	0.01033	0.00318	0.00461	0.02150	0.00771	0.00684
14	0.01204	0.00823	0.00996	0.00996	0.01027	0.00854	0.00616	0.01266	0.01235	0.01677	0.02535	0.04981	0.02822	0.57259	0.17503	0.00917	0.01103	0.01141	0.00491	0.00553
15	0.02221	0.71304	0.04353	0.01421	0.02132	0.03287	0.01421	0.02488	0.01688	0.01955	0.01155	0.01333	0.01066	0.00711	0.00533	0.00178	0.00888	0.00444	0.00355	0.01066
16	0.01203	0.00827	0.01014	0.01014	0.01051	0.00864	0.00638	0.01277	0.01240	0.01690	0.02519	0.04891	0.02784	0.54610	0.20100	0.00938	0.01161	0.01128	0.00489	0.00563
17	0.00982	0.00842	0.00842	0.00842	0.01122	0.00701	0.00631	0.01192	0.01894	0.02244	0.08416	0.07995	0.65285	0.02104	0.00982	0.00281	0.00421	0.01753	0.00771	0.00701
18	0.01793	0.01726	0.02993	0.38729	0.30428	0.01913	0.05840	0.02330	0.01774	0.02398	0.01524	0.02151	0.01202	0.00786	0.00836	0.00265	0.01074	0.00753	0.00389	0.01097
19	0.01952	0.01868	0.03184	0.18681	0.52852	0.01947	0.02498	0.02459	0.01842	0.02588	0.01544	0.02090	0.01271	0.00759	0.00824	0.00253	0.01013	0.00740	0.00402	0.01232
20	0.01932	0.01924	0.03505	0.18346	0.39998	0.01973	0.15095	0.02482	0.01857	0.02577	0.01569	0.02129	0.01260	0.00751	0.00857	0.00260	0.01099	0.00790	0.00404	0.01191
21	0.03103	0.03959	0.02354	0.02140	0.02568	0.67469	0.01605	0.03317	0.02354	0.02033	0.01284	0.01498	0.01070	0.00856	0.00749	0.00214	0.01498	0.00535	0.00428	0.00963
22	0.01585	0.01432	0.02203	0.03107	0.33755	0.01387	0.01720	0.01968	0.01896	0.02523	0.04269	0.05236	0.22631	0.01449	0.00930	0.00281	0.00765	0.11251	0.00589	0.01022
23	0.02193	0.01113	0.01445	0.01343	0.01671	0.01046	0.01009	0.02657	0.08982	0.27332	0.03934	0.36283	0.03815	0.01820	0.00948	0.00300	0.00590	0.01604	0.00880	0.01036
24	0.01353	0.01172	0.02067	0.01769	0.02055	0.01250	0.14128	0.01716	0.01460	0.02064	0.02135	0.03189	0.01965	0.09311	0.49155	0.01075	0.01956	0.00930	0.00444	0.00807
25	0.10219	0.10686	0.52897	0.02129	0.03224	0.02058	0.02659	0.02595	0.01709	0.02688	0.01419	0.01666	0.01036	0.00779	0.00732	0.00254	0.01128	0.00578	0.00370	0.01174

[dist]
# distance from previous block
# <min> <max>
0	4

[block]
# block no. 5 follows, 22 sequences, length 89
# corresponding to MSA columns:
# 290-378
name=unknown_F
#
# <colnr> <probs for GDERKNQSTAVLIFYWHMCP>
#	G	D	E	R	K	N	Q	S	T	A	V	L	I	F	Y	W	H	M	C	P
0	0.02050	0.01990	0.03464	0.05003	0.61923	0.01982	0.06174	0.02556	0.01896	0.02711	0.01570	0.02067	0.01313	0.00738	0.00832	0.00249	0.01012	0.00755	0.00412	0.01304
1	0.02975	0.03691	0.02296	0.02085	0.02518	0.59406	0.01569	0.03453	0.09970	0.02211	0.01543	0.01696	0.01251	0.00889	0.00761	0.00222	0.01394	0.00585	0.00479	0.01006
2	0.02217	0.05504	0.03313	0.03493	0.27122	0.15628	0.12533	0.02619	0.01871	0.02394	0.01417	0.01895	0.01202	0.00892	0.01185	0.00265	0.14200	0.00724	0.00405	0.01121
3	0.01140	0.01268	0.09026	0.01099	0.01454	0.00885	0.00974	0.01491	0.01988	0.02608	0.25506	0.06516	0.35623	0.05425	0.01128	0.00300	0.00531	0.01503	0.00751	0.00782
4	0.11516	0.02465	0.13707	0.04779	0.02578	0.08655	0.01667	0.15090	0.17366	0.06577	0.02462	0.02474	0.05097	0.01004	0.00788	0.00260	0.00906	0.00771	0.00653	0.01185
5	0.03103	0.03959	0.02354	0.02140	0.02568	0.67469	0.01605	0.03317	0.02354	0.02033	0.01284	0.01498	0.01070	0.00856	0.00749	0.00214	0.01498	0.00535	0.00428	0.00963
6	0.01698	0.18032	0.06132	0.01471	0.01836	0.09787	0.01265	0.01986	0.01556	0.01956	0.01855	0.02738	0.01756	0.11033	0.32465	0.00800	0.01604	0.00759	0.00422	0.00849
7	0.01008	0.00835	0.00882	0.00886	0.01142	0.00710	0.00659	0.01236	0.01931	0.02371	0.15179	0.11605	0.54524	0.02085	0.00986	0.00282	0.00421	0.01760	0.00789	0.00710
8	0.01723	0.01477	0.01723	0.01230	0.01969	0.01107	0.00984	0.02092	0.01723	0.02707	0.01477	0.01723	0.01230	0.00615	0.00615	0.00123	0.00615	0.00492	0.00492	0.75883
9	0.01720	0.07789	0.59246	0.02484	0.07332	0.02006	0.02948	0.02618	0.01759	0.02599	0.01477	0.01750	0.01069	0.00782	0.00777	0.00257	0.01195	0.00612	0.00355	0.01224
10	0.01818	0.01818	0.02545	0.02181	0.02181	0.02545	0.01818	0.01999	0.01272	0.01999	0.01091	0.01818	0.01091	0.01454	0.02726	0.00364	0.69284	0.00727	0.00364	0.00909
11	0.01012	0.00723	0.00964	0.01157	0.01205	0.00675	0.00771	0.01157	0.01591	0.02121	0.04579	0.70262	0.05495	0.02603	0.01060	0.00337	0.00482	0.02362	0.00771	0.00675
12	0.00982	0.00842	0.00842	0.00842	0.01122	0.00701	0.00631	0.01192	0.01894	0.02244	0.08416	0.07995	0.65285	0.02104	0.00982	0.00281	0.00421	0.01753	0.00771	0.00701
13	0.01083	0.00858	0.00983	0.00987	0.01231	0.00757	0.00764	0.01369	0.02032	0.02597	0.24766	0.07634	0.40779	0.02007	0.01002	0.00287	0.00455	0.08864	0.00813	0.00734
14	0.01109	0.00847	0.01018	0.00975	0.01200	0.00756	0.00732	0.01439	0.02195	0.02959	0.45757	0.06818	0.27497	0.01837	0.00981	0.00268	0.00402	0.01588	0.00866	0.00756
15	0.03103	0.03959	0.02354	0.02140	0.02568	0.67469	0.01605	0.03317	0.02354	0.02033	0.01284	0.01498	0.01070	0.00856	0.00749	0.00214	0.01498	0.00535	0.00428	0.00963
16	0.03185	0.02284	0.02467	0.01891	0.02555	0.02512	0.01562	0.60084	0.03834	0.08106	0.02055	0.02034	0.01443	0.00999	0.00831	0.00250	0.00904	0.00752	0.00840	0.01413
17	0.01012	0.00723	0.00964	0.01157	0.01205	0.00675	0.00771	0.01157	0.01591	0.02121	0.04579	0.70262	0.05495	0.02603	0.01060	0.00337	0.00482	0.02362	0.00771	0.00675
18	0.02876	0.22399	0.02980	0.01840	0.02448	0.21985	0.01542	0.28088	0.02817	0.03356	0.01546	0.01660	0.01213	0.00874	0.00722	0.00219	0.01080	0.00599	0.00577	0.01181
19	0.03090	0.02012	0.02247	0.01769	0.02392	0.02163	0.01446	0.38220	0.14675	0.19250	0.02553	0.02395	0.01772	0.01029	0.00835	0.00257	0.00818	0.00804	0.00880	0.01395
20	0.10615	0.14623	0.02557	0.01679	0.02241	0.02448	0.01419	0.35696	0.02839	0.03969	0.01857	0.05657	0.01536	0.01284	0.04037	0.00300	0.04627	0.00756	0.00663	0.01194
21	0.02823	0.02178	0.02274	0.01856	0.02420	0.06273	0.01537	0.48059	0.03448	0.04538	0.02389	0.03307	0.02005	0.01225	0.00884	0.00271	0.00923	0.11529	0.00794	0.01267
22	0.01666	0.04297	0.66500	0.02368	0.03596	0.01929	0.03069	0.02631	0.01754	0.02631	0.01491	0.01754	0.01052	0.00789	0.00789	0.00263	0.01228	0.00614	0.00351	0.01228
23	0.76672	0.01607	0.01221	0.01092	0.01607	0.01864	0.00900	0.02442	0.01414	0.03727	0.01157	0.01350	0.00900	0.00771	0.00514	0.00257	0.00643	0.00450	0.00514	0.00900
24	0.01000	0.00771	0.00914	0.01028	0.01171	0.00686	0.00714	0.01171	0.01714	0.02171	0.06147	0.44812	0.29932	0.02399	0.01028	0.00314	0.00457	0.02113	0.00771	0.00686
25	0.01092	0.00817	0.01014	0.01025	0.01205	0.00739	0.00746	0.01383	0.02064	0.02791	0.37612	0.22008	0.20439	0.02009	0.01000	0.00284	0.00420	0.01766	0.00847	0.00739
26	0.01012	0.00723	0.00964	0.01157	0.01205	0.00675	0.00771	0.01157	0.01591	0.02121	0.04579	0.70262	0.05495	0.02603	0.01060	0.00337	0.00482	0.02362	0.00771	0.00675
27	0.01032	0.00731	0.00958	0.01131	0.01174	0.00688	0.00744	0.01162	0.01552	0.02069	0.04379	0.63656	0.05242	0.09553	0.01383	0.00385	0.00515	0.02244	0.00744	0.00657
28	0.02066	0.01785	0.01878	0.01691	0.02160	0.02066	0.01315	0.04414	0.64121	0.03475	0.03381	0.03099	0.02536	0.01127	0.00845	0.00282	0.00657	0.00939	0.00845	0.01315
29	0.03103	0.03959	0.02354	0.02140	0.02568	0.67469	0.01605	0.03317	0.02354	0.02033	0.01284	0.01498	0.01070	0.00856	0.00749	0.00214	0.01498	0.00535	0.00428	0.00963
30	0.02221	0.71304	0.04353	0.01421	0.02132	0.03287	0.01421	0.02488	0.01688	0.01955	0.01155	0.01333	0.01066	0.00711	0.00533	0.00178	0.00888	0.00444	0.00355	0.01066
31	0.76672	0.01607	0.01221	0.01092	0.01607	0.01864	0.00900	0.02442	0.01414	0.03727	0.01157	0.01350	0.00900	0.00771	0.00514	0.00257	0.00643	0.00450	0.00514	0.00900
32	0.02221	0.71304	0.04353	0.01421	0.02132	0.03287	0.01421	0.02488	0.01688	0.01955	0.01155	0.01333	0.01066	0.00711	0.00533	0.00178	0.00888	0.00444	0.00355	0.01066
33	0.01208	0.00805	0.00906	0.00906	0.00906	0.00805	0.00503	0.01208	0.01208	0.01611	0.02618	0.05436	0.03020	0.70804	0.04228	0.00805	0.00805	0.01208	0.00503	0.00503
34	0.03727	0.01414	0.01928	0.01478	0.02121	0.01221	0.01221	0.04049	0.02378	0.66198	0.03277	0.02828	0.02056	0.01028	0.00835	0.00257	0.00707	0.00835	0.01028	0.01414
35	0.02296	0.06869	0.06899	0.15855	0.25552	0.23764	0.02155	0.02724	0.01980	0.02324	0.01425	0.01838	0.01163	0.00797	0.00780	0.00238	0.01189	0.00646	0.00402	0.01103
36	0.02749	0.03182	0.02710	0.03136	0.24081	0.41132	0.01926	0.06718	0.02292	0.02462	0.01423	0.01719	0.01175	0.00825	0.00779	0.00227	0.01288	0.00618	0.00447	0.01111
37	0.01012	0.00723	0.00964	0.01157	0.01205	0.00675	0.00771	0.01157	0.01591	0.02121	0.04579	0.70262	0.05495	0.02603	0.01060	0.00337	0.00482	0.02362	0.00771	0.00675
38	0.01970	0.01886	0.03216	0.16409	0.54988	0.01951	0.02507	0.02474	0.01851	0.02609	0.01547	0.02084	0.01279	0.00756	0.00824	0.00252	0.01008	0.00740	0.00404	0.01246
39	0.06068	0.53901	0.03797	0.01554	0.02173	0.12737	0.01445	0.02582	0.01750	0.02058	0.01171	0.01385	0.01060	0.00777	0.00686	0.00197	0.04776	0.00474	0.00375	0.01034
40	0.01320	0.01003	0.01106	0.01055	0.01361	0.00936	0.00813	0.01859	0.10238	0.05969	0.17020	0.06834	0.40917	0.01858	0.00964	0.00281	0.00479	0.04332	0.00819	0.00837
41	0.02503	0.03482	0.14615	0.02590	0.06186	0.36371	0.13578	0.02959	0.02090	0.02294	0.01401	0.01731	0.01116	0.00840	0.00908	0.00245	0.04971	0.00655	0.00408	0.01056
42	0.03103	0.03959	0.02354	0.02140	0.02568	0.67469	0.01605	0.03317	0.02354	0.02033	0.01284	0.01498	0.01070	0.00856	0.00749	0.00214	0.01498	0.00535	0.00428	0.00963
43	0.03103	0.03959	0.02354	0.02140	0.02568	0.67469	0.01605	0.03317	0.02354	0.02033	0.01284	0.01498	0.01070	0.00856	0.00749	0.00214	0.01498	0.00535	0.00428	0.00963
44	0.00982	0.00842	0.00842	0.00842	0.01122	0.00701	0.00631	0.01192	0.01894	0.02244	0.08416	0.07995	0.65285	0.02104	0.00982	0.00281	0.00421	0.01753	0.00771	0.00701
45	0.01022	0.00752	0.00958	0.01100	0.01196	0.00688	0.00751	0.01197	0.01701	0.02243	0.10325	0.55463	0.14657	0.02451	0.01042	0.00322	0.00465	0.02197	0.00783	0.00688
46	0.02066	0.01785	0.01878	0.01691	0.02160	0.02066	0.01315	0.04414	0.64121	0.03475	0.03381	0.03099	0.02536	0.01127	0.00845	0.00282	0.00657	0.00939	0.00845	0.01315
47	0.02121	0.01812	0.01909	0.01702	0.02181	0.02092	0.01328	0.07349	0.61098	0.03564	0.03312	0.03044	0.02480	0.01121	0.00845	0.00280	0.00670	0.00930	0.00845	0.01320
48	0.01187	0.00890	0.01335	0.01335	0.01483	0.01038	0.01038	0.01483	0.01335	0.01928	0.02225	0.03264	0.02077	0.06231	0.67512	0.01335	0.02225	0.00890	0.00445	0.00742
49	0.01003	0.00758	0.00928	0.01063	0.01180	0.00683	0.00730	0.01167	0.01680	0.02157	0.05717	0.51785	0.23237	0.02455	0.01037	0.00321	0.00464	0.02181	0.00771	0.00683
50	0.01017	0.00843	0.00891	0.00879	0.01144	0.00716	0.00659	0.01261	0.01977	0.02443	0.18783	0.07668	0.54794	0.02030	0.00981	0.00277	0.00416	0.01707	0.00798	0.00716
51	0.02056	0.01974	0.03372	0.05099	0.65622	0.01974	0.02550	0.02550	0.01892	0.02714	0.01563	0.02056	0.01316	0.00740	0.00822	0.00247	0.00987	0.00740	0.00411	0.01316
52	0.01388	0.01072	0.01293	0.01199	0.01460	0.01089	0.00910	0.02245	0.17038	0.03366	0.50490	0.05467	0.06578	0.01563	0.00948	0.00266	0.00455	0.01368	0.00898	0.00910
53	0.01983	0.02178	0.04542	0.03877	0.18756	0.02071	0.48479	0.02635	0.01945	0.02674	0.01653	0.02197	0.01274	0.00710	0.00943	0.00272	0.01303	0.00924	0.00418	0.01166
54	0.09310	0.04023	0.59847	0.02238	0.03393	0.01923	0.02848	0.02612	0.01719	0.02743	0.01457	0.01713	0.01037	0.00787	0.00761	0.00262	0.01168	0.00597	0.00367	0.01194
55	0.01893	0.14368	0.47961	0.02267	0.03324	0.07903	0.06005	0.02671	0.01808	0.02477	0.01432	0.01694	0.01068	0.00778	0.00757	0.00247	0.01209	0.00601	0.00362	0.01174
56	0.01012	0.00723	0.00964	0.01157	0.01205	0.00675	0.00771	0.01157	0.01591	0.02121	0.04579	0.70262	0.05495	0.02603	0.01060	0.00337	0.00482	0.02362	0.00771	0.00675
57	0.02188	0.01664	0.01752	0.01520	0.01967	0.01871	0.01198	0.16979	0.35571	0.03781	0.02908	0.02850	0.02185	0.01060	0.00779	0.00253	0.00650	0.00857	0.18761	0.01207
58	0.02160	0.10652	0.06257	0.01798	0.02247	0.29123	0.04729	0.02453	0.01979	0.02132	0.02895	0.06012	0.13895	0.01516	0.05094	0.00313	0.04427	0.00905	0.00495	0.00919
59	0.01800	0.20398	0.51567	0.02140	0.03244	0.02256	0.02673	0.02596	0.01738	0.02468	0.01410	0.01653	0.01056	0.00770	0.00728	0.00243	0.01146	0.00573	0.00352	0.01189
60	0.02051	0.01987	0.03447	0.05020	0.62598	0.01980	0.05513	0.02555	0.01895	0.02711	0.01568	0.02065	0.01313	0.00738	0.00830	0.00248	0.01007	0.00752	0.00412	0.01306
61	0.01015	0.00821	0.00885	0.00911	0.01130	0.00709	0.00657	0.01214	0.01834	0.02262	0.11509	0.17810	0.47535	0.06479	0.01199	0.00321	0.00453	0.01800	0.00765	0.00690
62	0.02001	0.02449	0.14783	0.07632	0.48946	0.04481	0.02596	0.02573	0.01873	0.02644	0.01535	0.01987	0.01248	0.00758	0.00814	0.00250	0.01056	0.00709	0.00399	0.01267
63	0.01033	0.00738	0.00988	0.01180	0.01237	0.00692	0.00807	0.01192	0.01611	0.02144	0.04567	0.66430	0.05450	0.02583	0.01066	0.00340	0.00500	0.05991	0.00771	0.00680
64	0.01003	0.00758	0.00928	0.01063	0.01180	0.00683	0.00730	0.01167	0.01680	0.02157	0.05717	0.51785	0.23237	0.02455	0.01037	0.00321	0.00464	0.02181	0.00771	0.00683
65	0.01797	0.02617	0.24371	0.24713	0.15683	0.01979	0.05910	0.05117	0.01833	0.02567	0.01513	0.02002	0.01149	0.00831	0.00917	0.00270	0.04498	0.00710	0.00394	0.01131
66	0.02030	0.01948	0.03326	0.08450	0.62471	0.01967	0.02537	0.02527	0.01879	0.02683	0.01558	0.02064	0.01305	0.00745	0.00823	0.00248	0.00993	0.00740	0.00409	0.01295
67	0.76672	0.01607	0.01221	0.01092	0.01607	0.01864	0.00900	0.02442	0.01414	0.03727	0.01157	0.01350	0.00900	0.00771	0.00514	0.00257	0.00643	0.00450	0.00514	0.00900
68	0.01549	0.00774	0.00774	0.00774	0.00968	0.00774	0.00581	0.01936	0.01742	0.03097	0.02710	0.03097	0.02129	0.00968	0.00581	0.00194	0.00387	0.00774	0.75416	0.00774
69	0.01624	0.01482	0.01513	0.01429	0.01671	0.07649	0.01070	0.02412	0.19365	0.02419	0.03744	0.12262	0.13214	0.11295	0.08363	0.00468	0.07249	0.01224	0.00652	0.00894
70	0.01064	0.00835	0.00944	0.00934	0.01154	0.00734	0.00683	0.01318	0.01987	0.02565	0.27040	0.10986	0.38307	0.06320	0.01190	0.00310	0.00439	0.01671	0.00803	0.00715
71	0.34603	0.09912	0.09608	0.08430	0.02546	0.17786	0.01523	0.02647	0.01734	0.02839	0.01259	0.01519	0.00997	0.00793	0.00637	0.00241	0.00990	0.00518	0.00443	0.00973
72	0.05455	0.37531	0.03323	0.01741	0.02290	0.29102	0.01497	0.02794	0.01923	0.02058	0.01204	0.01427	0.01063	0.00813	0.00742	0.00206	0.04934	0.00497	0.00391	0.01009
73	0.01415	0.01279	0.02030	0.01682	0.02051	0.01230	0.15655	0.02030	0.09718	0.02691	0.18283	0.14163	0.16667	0.05848	0.01175	0.00316	0.00711	0.01460	0.00713	0.00882
74	0.01755	0.01721	0.02400	0.05689	0.02302	0.02353	0.01746	0.02048	0.03767	0.02069	0.01518	0.02179	0.03529	0.01645	0.05389	0.00396	0.57402	0.00781	0.00401	0.00910
75	0.00982	0.00842	0.00842	0.00842	0.01122	0.00701	0.00631	0.01192	0.01894	0.02244	0.08416	0.07995	0.65285	0.02104	0.00982	0.00281	0.00421	0.01753	0.00771	0.00701
76	0.01645	0.01596	0.06152	0.41690	0.04252	0.01731	0.01975	0.08189	0.01817	0.02424	0.01710	0.02416	0.01368	0.02143	0.16851	0.00527	0.01364	0.00768	0.00433	0.00948
77	0.01723	0.01477	0.01723	0.01230	0.01969	0.01107	0.00984	0.02092	0.01723	0.02707	0.01477	0.01723	0.01230	0.00615	0.00615	0.00123	0.00615	0.00492	0.00492	0.75883
78	0.01033	0.00753	0.00974	0.01111	0.01202	0.00693	0.00760	0.01220	0.01730	0.02309	0.13797	0.55038	0.11466	0.02424	0.01041	0.00321	0.00463	0.02179	0.00792	0.00693
79	0.02509	0.15154	0.17267	0.01999	0.02684	0.21173	0.01897	0.15145	0.05608	0.02882	0.01553	0.01731	0.01214	0.00892	0.00853	0.00238	0.04943	0.00613	0.00498	0.01148
80	0.01099	0.00824	0.01019	0.01017	0.01206	0.00744	0.00745	0.01403	0.02103	0.02850	0.40508	0.18299	0.21216	0.01960	0.00995	0.00280	0.00415	0.01719	0.00854	0.00744
81	0.01864	0.09296	0.21731	0.02767	0.14262	0.02307	0.05664	0.02368	0.01605	0.02347	0.01333	0.01819	0.01127	0.01016	0.01504	0.00290	0.26542	0.00683	0.00371	0.01103
82	0.01091	0.00881	0.00976	0.00956	0.01209	0.00787	0.00715	0.01450	0.04808	0.02628	0.25482	0.10014	0.42123	0.01958	0.00979	0.00277	0.00425	0.01667	0.00819	0.00753
83	0.01006	0.00843	0.00875	0.00867	0.01137	0.00711	0.00650	0.01239	0.01950	0.02378	0.15415	0.07774	0.58202	0.02054	0.00982	0.00278	0.00417	0.01722	0.00789	0.00711
84	0.02056	0.01974	0.03372	0.05099	0.65622	0.01974	0.02550	0.02550	0.01892	0.02714	0.01563	0.02056	0.01316	0.00740	0.00822	0.00247	0.00987	0.00740	0.00411	0.01316
85	0.02301	0.01900	0.02479	0.10087	0.02938	0.01894	0.08269	0.26335	0.02610	0.03636	0.01705	0.01949	0.01291	0.00803	0.00768	0.00210	0.00883	0.00679	0.00604	0.28657
86	0.06610	0.02657	0.02683	0.03088	0.24022	0.25554	0.01926	0.06428	0.02041	0.02551	0.01381	0.01770	0.01170	0.00930	0.01127	0.00257	0.13619	0.00649	0.00440	0.01098
87	0.01645	0.01252	0.01539	0.01418	0.01561	0.01451	0.01071	0.10875	0.01821	0.02616	0.02729	0.22226	0.02890	0.13936	0.01918	0.00392	0.17124	0.01289	0.11419	0.00827
88	0.01834	0.01383	0.01600	0.01461	0.01845	0.01429	0.01135	0.08434	0.22448	0.06408	0.06846	0.19983	0.03488	0.01557	0.00906	0.00280	0.00633	0.07261	0.00788	0.10281

[dist]
# distance from previous block
# <min> <max>
0	1

[block]
# block no. 6 follows, 22 sequences, length 82
# corresponding to MSA columns:
# 380-461
name=unknown_G
#
# <colnr> <probs for GDERKNQSTAVLIFYWHMCP>
#	G	D	E	R	K	N	Q	S	T	A	V	L	I	F	Y	W	H	M	C	P
0	0.02211	0.01655	0.01882	0.01494	0.02035	0.01684	0.01207	0.27733	0.02576	0.03669	0.01962	0.02269	0.01559	0.01890	0.13549	0.00416	0.01029	0.00705	0.08019	0.22455
1	0.02056	0.01974	0.03372	0.05099	0.65622	0.01974	0.02550	0.02550	0.01892	0.02714	0.01563	0.02056	0.01316	0.00740	0.00822	0.00247	0.00987	0.00740	0.00411	0.01316
2	0.01443	0.00722	0.01082	0.01082	0.01082	0.00722	0.00722	0.01082	0.01082	0.01443	0.01443	0.02525	0.01443	0.02886	0.03247	0.75830	0.00722	0.00722	0.00361	0.00361
3	0.00991	0.00806	0.00879	0.00937	0.01147	0.00693	0.00674	0.01181	0.01802	0.02207	0.07253	0.26863	0.47167	0.02255	0.01006	0.00298	0.00439	0.01938	0.00771	0.00693
4	0.02047	0.02000	0.03523	0.04941	0.59576	0.01986	0.08475	0.02561	0.01898	0.02709	0.01574	0.02074	0.01310	0.00736	0.00838	0.00250	0.01028	0.00764	0.00412	0.01297
5	0.01089	0.00763	0.00934	0.01038	0.01080	0.00729	0.00655	0.01179	0.01454	0.01922	0.04009	0.40567	0.07930	0.30055	0.02332	0.00523	0.00609	0.01862	0.00663	0.00607
6	0.02066	0.01785	0.01878	0.01691	0.02160	0.02066	0.01315	0.04414	0.64121	0.03475	0.03381	0.03099	0.02536	0.01127	0.00845	0.00282	0.00657	0.00939	0.00845	0.01315
7	0.01177	0.00880	0.01314	0.01325	0.01467	0.01018	0.01023	0.01465	0.01350	0.01940	0.02360	0.07109	0.02273	0.06022	0.63698	0.01278	0.02125	0.00975	0.00464	0.00738
8	0.01176	0.00849	0.01110	0.01045	0.01241	0.00784	0.00784	0.01568	0.02352	0.03331	0.65184	0.06206	0.07839	0.01698	0.00980	0.00261	0.00392	0.01502	0.00914	0.00784
9	0.01666	0.04297	0.66500	0.02368	0.03596	0.01929	0.03069	0.02631	0.01754	0.02631	0.01491	0.01754	0.01052	0.00789	0.00789	0.00263	0.01228	0.00614	0.00351	0.01228
10	0.02056	0.01974	0.03372	0.05099	0.65622	0.01974	0.02550	0.02550	0.01892	0.02714	0.01563	0.02056	0.01316	0.00740	0.00822	0.00247	0.00987	0.00740	0.00411	0.01316
11	0.03158	0.02327	0.02493	0.01911	0.02576	0.02576	0.01579	0.62852	0.03906	0.05236	0.01995	0.01995	0.01413	0.00997	0.00831	0.00249	0.00914	0.00748	0.00831	0.01413
12	0.01876	0.01934	0.03190	0.02798	0.09293	0.02380	0.16325	0.02214	0.01500	0.02231	0.01280	0.01943	0.01154	0.01201	0.02114	0.00332	0.46064	0.00789	0.00382	0.01001
13	0.02415	0.02314	0.02001	0.01793	0.02261	0.18519	0.01383	0.04119	0.45316	0.06388	0.02847	0.02681	0.02141	0.01054	0.00821	0.00263	0.00872	0.00832	0.00750	0.01231
14	0.01730	0.19733	0.02647	0.01723	0.01954	0.02277	0.01475	0.01969	0.01400	0.01966	0.01455	0.02134	0.01387	0.02724	0.22019	0.00613	0.30805	0.00703	0.00386	0.00899
15	0.01010	0.00731	0.00956	0.01135	0.01199	0.00677	0.00762	0.01159	0.01611	0.02129	0.04839	0.66032	0.09556	0.02569	0.01055	0.00334	0.00478	0.02320	0.00771	0.00677
16	0.02119	0.30935	0.09228	0.01657	0.02180	0.17850	0.01502	0.02406	0.01796	0.02053	0.01826	0.12568	0.01859	0.04271	0.00967	0.00258	0.04286	0.00835	0.00445	0.00962
17	0.01178	0.00888	0.01245	0.01462	0.05666	0.00898	0.00979	0.01397	0.01556	0.02103	0.03779	0.32407	0.07451	0.10426	0.18140	0.00633	0.01014	0.07415	0.00636	0.00728
18	0.01012	0.00723	0.00964	0.01157	0.01205	0.00675	0.00771	0.01157	0.01591	0.02121	0.04579	0.70262	0.05495	0.02603	0.01060	0.00337	0.00482	0.02362	0.00771	0.00675
