[name]
unknown

[dist]
# distance from previous block
# <min> <max>
0	35

[block]
# block no. 0 follows, 22 sequences, length 69
# corresponding to MSA columns:
# 35-103
name=unknown_A
#
# <colnr> <probs for GDERKNQSTAVLIFYWHMCP>
#	G	D	E	R	K	N	Q	S	T	A	V	L	I	F	Y	W	H	M	C	P
0	0.02205	0.03144	0.21110	0.02373	0.09193	0.24345	0.02076	0.05569	0.02112	0.02529	0.02062	0.03309	0.01887	0.01134	0.00856	0.00269	0.01184	0.13093	0.00494	0.01057
1	0.01936	0.03481	0.37532	0.03014	0.13825	0.08727	0.14415	0.02694	0.01879	0.02589	0.01518	0.01872	0.01138	0.00771	0.00828	0.00259	0.01250	0.00698	0.00382	0.01194
2	0.16402	0.05147	0.05351	0.01500	0.01886	0.15392	0.01212	0.08809	0.01909	0.02690	0.02122	0.12875	0.02113	0.10629	0.08082	0.00438	0.01055	0.00948	0.00546	0.00893
3	0.01696	0.07946	0.63116	0.02316	0.03516	0.02003	0.02980	0.02623	0.01750	0.02594	0.01473	0.01731	0.01053	0.00785	0.00775	0.00258	0.01209	0.00605	0.00351	0.01219
4	0.01855	0.02873	0.28974	0.03729	0.34400	0.01906	0.05184	0.02542	0.01840	0.02666	0.01693	0.02339	0.01395	0.00843	0.00833	0.00262	0.01090	0.03928	0.00406	0.01242
5	0.01201	0.00835	0.01055	0.01055	0.01106	0.00886	0.00689	0.01303	0.01252	0.01721	0.02482	0.04685	0.02694	0.48459	0.26127	0.00989	0.01297	0.01098	0.00483	0.00586
6	0.02329	0.01858	0.02890	0.06410	0.37483	0.01895	0.04711	0.05176	0.12852	0.12666	0.02159	0.02369	0.01634	0.00863	0.00836	0.00257	0.00907	0.00800	0.00595	0.01309
7	0.01569	0.01477	0.02492	0.68808	0.05722	0.01846	0.02307	0.02123	0.01661	0.02123	0.01477	0.02215	0.01107	0.00831	0.00831	0.00277	0.01107	0.00738	0.00369	0.00923
8	0.01761	0.01922	0.04074	0.03009	0.03682	0.01801	0.49610	0.02345	0.01883	0.02547	0.02290	0.16536	0.02150	0.01100	0.00997	0.00292	0.01208	0.01271	0.00494	0.01027
9	0.00982	0.00842	0.00842	0.00842	0.01122	0.00701	0.00631	0.01192	0.01894	0.02244	0.08416	0.07995	0.65285	0.02104	0.00982	0.00281	0.00421	0.01753	0.00771	0.00701
10	0.03158	0.02327	0.02493	0.01911	0.02576	0.02576	0.01579	0.62852	0.03906	0.05236	0.01995	0.01995	0.01413	0.00997	0.00831	0.00249	0.00914	0.00748	0.00831	0.01413
11	0.01009	0.00736	0.00951	0.01122	0.01196	0.00678	0.00756	0.01161	0.01624	0.02134	0.05000	0.63432	0.12053	0.02548	0.01052	0.00331	0.00475	0.02295	0.00771	0.00678
12	0.01443	0.00722	0.01082	0.01082	0.01082	0.00722	0.00722	0.01082	0.01082	0.01443	0.01443	0.02525	0.01443	0.02886	0.03247	0.75830	0.00722	0.00722	0.00361	0.00361
13	0.76672	0.01607	0.01221	0.01092	0.01607	0.01864	0.00900	0.02442	0.01414	0.03727	0.01157	0.01350	0.00900	0.00771	0.00514	0.00257	0.00643	0.00450	0.00514	0.00900
14	0.01686	0.01479	0.01911	0.04677	0.16093	0.01542	0.01404	0.02760	0.24231	0.02905	0.09766	0.07538	0.14572	0.01323	0.00879	0.00267	0.00667	0.01149	0.00704	0.04448
15	0.01715	0.03161	0.39899	0.02046	0.02903	0.01869	0.02319	0.02896	0.16611	0.02873	0.09119	0.02581	0.02175	0.01012	0.00941	0.00273	0.05097	0.00798	0.00533	0.01179
16	0.01818	0.01818	0.02545	0.02181	0.02181	0.02545	0.01818	0.01999	0.01272	0.01999	0.01091	0.01818	0.01091	0.01454	0.02726	0.00364	0.69284	0.00727	0.00364	0.00909
17	0.01961	0.02241	0.04902	0.03501	0.04342	0.02101	0.62605	0.02661	0.01961	0.02661	0.01681	0.02241	0.01261	0.00700	0.00980	0.00280	0.01401	0.00980	0.00420	0.01120
18	0.04739	0.09522	0.55486	0.02384	0.06676	0.02040	0.02821	0.02607	0.01742	0.02624	0.01454	0.01719	0.01061	0.00780	0.00759	0.00255	0.01164	0.00600	0.00361	0.01206
19	0.00999	0.00847	0.00866	0.00875	0.01151	0.00714	0.00665	0.01218	0.01894	0.02256	0.08222	0.08061	0.62371	0.02113	0.00990	0.00285	0.00437	0.04561	0.00771	0.00704
20	0.01012	0.00723	0.00964	0.01157	0.01205	0.00675	0.00771	0.01157	0.01591	0.02121	0.04579	0.70262	0.05495	0.02603	0.01060	0.00337	0.00482	0.02362	0.00771	0.00675
21	0.01349	0.00980	0.01390	0.04550	0.01901	0.00996	0.01382	0.01739	0.01901	0.02470	0.04267	0.09050	0.04616	0.02229	0.01133	0.00378	0.00780	0.57369	0.00747	0.00772
22	0.14338	0.06664	0.02325	0.01830	0.02381	0.25665	0.01463	0.26271	0.05546	0.03596	0.01627	0.01730	0.01242	0.00902	0.00737	0.00235	0.01068	0.00618	0.00612	0.01149
23	0.03153	0.02488	0.02479	0.01934	0.02575	0.08984	0.01582	0.56974	0.03753	0.04919	0.01924	0.01946	0.01379	0.00983	0.00823	0.00246	0.00972	0.00727	0.00791	0.01368
24	0.02465	0.01958	0.01970	0.05265	0.02252	0.09083	0.01322	0.32693	0.02805	0.03751	0.02074	0.02573	0.01684	0.08620	0.06936	0.00391	0.01017	0.00788	0.11259	0.01094
25	0.01076	0.00845	0.00973	0.00941	0.01180	0.00742	0.00706	0.01375	0.02117	0.02774	0.36070	0.07123	0.37301	0.01906	0.00981	0.00271	0.00407	0.01631	0.00841	0.00742
26	0.01437	0.00787	0.00853	0.00862	0.01013	0.00798	0.00617	0.01741	0.01612	0.02707	0.02738	0.06577	0.02425	0.12974	0.07023	0.00400	0.00620	0.00928	0.53164	0.00722
27	0.01148	0.00817	0.00983	0.01061	0.01150	0.00783	0.00729	0.01281	0.01528	0.01982	0.04311	0.21915	0.13837	0.32003	0.02434	0.00539	0.00660	0.11565	0.00654	0.00620
28	0.01012	0.00723	0.00964	0.01157	0.01205	0.00675	0.00771	0.01157	0.01591	0.02121	0.04579	0.70262	0.05495	0.02603	0.01060	0.00337	0.00482	0.02362	0.00771	0.00675
29	0.76672	0.01607	0.01221	0.01092	0.01607	0.01864	0.00900	0.02442	0.01414	0.03727	0.01157	0.01350	0.00900	0.00771	0.00514	0.00257	0.00643	0.00450	0.00514	0.00900
30	0.03158	0.02327	0.02493	0.01911	0.02576	0.02576	0.01579	0.62852	0.03906	0.05236	0.01995	0.01995	0.01413	0.00997	0.00831	0.00249	0.00914	0.00748	0.00831	0.01413
31	0.17430	0.05316	0.08421	0.01797	0.02464	0.08852	0.01584	0.36867	0.02967	0.04240	0.01677	0.01769	0.01229	0.00907	0.00745	0.00246	0.00948	0.00643	0.00664	0.01236
32	0.01023	0.00733	0.00955	0.01127	0.01183	0.00684	0.00749	0.01161	0.01582	0.02096	0.04639	0.63461	0.08127	0.06687	0.01247	0.00363	0.00499	0.02264	0.00755	0.00666
33	0.01098	0.00891	0.00988	0.01039	0.01261	0.00820	0.00761	0.01479	0.07121	0.02322	0.06650	0.26622	0.39199	0.02180	0.01001	0.00302	0.00474	0.04265	0.00777	0.00748
34	0.01244	0.01042	0.01078	0.01022	0.01341	0.00984	0.00779	0.04390	0.10911	0.02613	0.10613	0.06929	0.50256	0.01893	0.00956	0.00278	0.00475	0.01578	0.00793	0.00825
35	0.01282	0.00904	0.01138	0.01230	0.01339	0.00899	0.00893	0.05035	0.01707	0.02261	0.03828	0.32110	0.04370	0.21492	0.01955	0.00475	0.00672	0.17017	0.00698	0.00695
36	0.01666	0.04297	0.66500	0.02368	0.03596	0.01929	0.03069	0.02631	0.01754	0.02631	0.01491	0.01754	0.01052	0.00789	0.00789	0.00263	0.01228	0.00614	0.00351	0.01228
37	0.01072	0.00845	0.00966	0.00936	0.01177	0.00740	0.00702	0.01366	0.02106	0.02749	0.34750	0.07165	0.38636	0.01916	0.00981	0.00272	0.00407	0.01637	0.00838	0.00740
38	0.02924	0.01272	0.01578	0.01272	0.01761	0.01184	0.01031	0.08431	0.02291	0.39061	0.02970	0.02848	0.02026	0.01005	0.00747	0.00234	0.00614	0.00807	0.26752	0.01192
39	0.02029	0.01946	0.03322	0.08691	0.62245	0.01967	0.02536	0.02525	0.01879	0.02681	0.01558	0.02065	0.01304	0.00745	0.00823	0.00248	0.00994	0.00740	0.00409	0.01294
40	0.76672	0.01607	0.01221	0.01092	0.01607	0.01864	0.00900	0.02442	0.01414	0.03727	0.01157	0.01350	0.00900	0.00771	0.00514	0.00257	0.00643	0.00450	0.00514	0.00900
41	0.01010	0.00730	0.00957	0.01139	0.01200	0.00676	0.00763	0.01159	0.01608	0.02128	0.04795	0.66752	0.08865	0.02575	0.01056	0.00334	0.00479	0.02327	0.00771	0.00676
42	0.01137	0.00855	0.01064	0.01174	0.01354	0.00796	0.00921	0.01394	0.01824	0.02327	0.08452	0.22200	0.24626	0.05268	0.01201	0.00352	0.00575	0.23003	0.00764	0.00714
43	0.01012	0.00723	0.00964	0.01157	0.01205	0.00675	0.00771	0.01157	0.01591	0.02121	0.04579	0.70262	0.05495	0.02603	0.01060	0.00337	0.00482	0.02362	0.00771	0.00675
44	0.03158	0.02327	0.02493	0.01911	0.02576	0.02576	0.01579	0.62852	0.03906	0.05236	0.01995	0.01995	0.01413	0.00997	0.00831	0.00249	0.00914	0.00748	0.00831	0.01413
45	0.76672	0.01607	0.01221	0.01092	0.01607	0.01864	0.00900	0.02442	0.01414	0.03727	0.01157	0.01350	0.00900	0.00771	0.00514	0.00257	0.00643	0.00450	0.00514	0.00900
46	0.01041	0.00844	0.00924	0.00904	0.01159	0.00727	0.00678	0.01308	0.02034	0.02578	0.25857	0.07445	0.47635	0.01979	0.00981	0.00275	0.00412	0.01676	0.00815	0.00727
47	0.02497	0.02026	0.02429	0.20944	0.03341	0.07857	0.01796	0.21849	0.02441	0.10115	0.01746	0.02070	0.01303	0.01032	0.01202	0.00278	0.14615	0.00732	0.00593	0.01134
48	0.03067	0.06836	0.02450	0.02096	0.02549	0.61109	0.01596	0.06523	0.02409	0.02204	0.01317	0.01518	0.01089	0.00857	0.00744	0.00214	0.01439	0.00543	0.00447	0.00992
49	0.01021	0.00780	0.00908	0.01000	0.01138	0.00700	0.00685	0.01177	0.01672	0.02115	0.05932	0.37705	0.29657	0.09880	0.01376	0.00365	0.00492	0.01987	0.00742	0.00667
50	0.02018	0.01689	0.01790	0.01601	0.02048	0.01906	0.01245	0.10317	0.47729	0.03468	0.03788	0.07497	0.08662	0.01296	0.00870	0.00281	0.00652	0.01083	0.00832	0.01228
51	0.00982	0.00842	0.00842	0.00842	0.01122	0.00701	0.00631	0.01192	0.01894	0.02244	0.08416	0.07995	0.65285	0.02104	0.00982	0.00281	0.00421	0.01753	0.00771	0.00701
52	0.01092	0.00846	0.00994	0.00957	0.01190	0.00748	0.00718	0.01405	0.02153	0.02861	0.40603	0.06980	0.32713	0.01874	0.00981	0.00270	0.00404	0.01611	0.00853	0.00748
53	0.02221	0.71304	0.04353	0.01421	0.02132	0.03287	0.01421	0.02488	0.01688	0.01955	0.01155	0.01333	0.01066	0.00711	0.00533	0.00178	0.00888	0.00444	0.00355	0.01066
54	0.02812	0.26156	0.03013	0.01903	0.02425	0.46315	0.01545	0.03044	0.02135	0.02007	0.01242	0.01444	0.01069	0.00808	0.00678	0.00202	0.01297	0.00505	0.00404	0.00997
55	0.08662	0.02984	0.31533	0.02336	0.03240	0.01959	0.15720	0.03029	0.14029	0.05537	0.01948	0.02134	0.01418	0.00844	0.00820	0.00270	0.01080	0.00754	0.00506	0.01199
56	0.01498	0.01184	0.01801	0.17254	0.16526	0.01253	0.01470	0.01871	0.01710	0.02485	0.02761	0.23705	0.02771	0.01398	0.00841	0.00269	0.00714	0.01256	0.18335	0.00897
57	0.01352	0.00951	0.01142	0.01050	0.01319	0.00872	0.00801	0.04663	0.02292	0.06421	0.41549	0.06357	0.24603	0.01751	0.00965	0.00266	0.00444	0.01505	0.00873	0.00824
58	0.13245	0.16208	0.02026	0.01305	0.01757	0.05389	0.01084	0.05849	0.16644	0.03093	0.02198	0.02325	0.01726	0.00918	0.00645	0.00225	0.00680	0.00681	0.22977	0.01025
59	0.01875	0.05714	0.12684	0.04241	0.02265	0.01675	0.01476	0.08931	0.17956	0.06881	0.10533	0.03979	0.15772	0.01284	0.00860	0.00265	0.00735	0.01056	0.00718	0.01100
60	0.02066	0.22272	0.35647	0.02064	0.02955	0.13364	0.02313	0.02676	0.01813	0.02315	0.01345	0.01600	0.01061	0.00813	0.00810	0.00237	0.04600	0.00560	0.00366	0.01123
61	0.02293	0.49427	0.03602	0.01563	0.02153	0.16529	0.01418	0.02552	0.01789	0.01968	0.01299	0.01579	0.01178	0.01347	0.07926	0.00312	0.01163	0.00512	0.00380	0.01009
62	0.01801	0.01459	0.06563	0.01433	0.01779	0.01295	0.01165	0.14799	0.04715	0.07929	0.09448	0.32264	0.03972	0.05957	0.01147	0.00325	0.00668	0.01552	0.00772	0.00959
63	0.01964	0.02224	0.10061	0.18040	0.43062	0.05232	0.02508	0.02507	0.01851	0.02546	0.01523	0.02028	0.01231	0.00770	0.00817	0.00253	0.01064	0.00716	0.00397	0.01206
64	0.01626	0.01515	0.01452	0.01407	0.01602	0.14950	0.01058	0.01883	0.01575	0.02028	0.02114	0.03103	0.01969	0.11336	0.40555	0.00936	0.01751	0.00838	0.07535	0.00766
65	0.01377	0.00967	0.01398	0.01362	0.01555	0.01103	0.01063	0.01784	0.04721	0.05656	0.02346	0.03230	0.02100	0.05665	0.60199	0.01218	0.02056	0.00890	0.00499	0.00810
66	0.01300	0.01098	0.01507	0.01920	0.14823	0.01029	0.01209	0.01615	0.01905	0.02451	0.09069	0.10702	0.31499	0.01867	0.00990	0.00298	0.00619	0.14549	0.00702	0.00848
67	0.01165	0.00793	0.00944	0.00985	0.01005	0.00792	0.00593	0.01214	0.01297	0.01739	0.03012	0.19131	0.03491	0.52370	0.07364	0.00737	0.00822	0.01435	0.00557	0.00554
68	0.02054	0.01687	0.01668	0.01447	0.01830	0.10380	0.01137	0.16480	0.02216	0.03071	0.02067	0.02517	0.01701	0.02485	0.20554	0.00541	0.01234	0.00739	0.17011	0.09181

[dist]
# distance from previous block
# <min> <max>
2	4

[block]
# block no. 1 follows, 22 sequences, length 19
# corresponding to MSA columns:
# 108-126
name=unknown_B
#
# <colnr> <probs for GDERKNQSTAVLIFYWHMCP>
#	G	D	E	R	K	N	Q	S	T	A	V	L	I	F	Y	W	H	M	C	P
0	0.01811	0.05272	0.02033	0.02219	0.16132	0.15652	0.01410	0.02107	0.01983	0.02358	0.08109	0.04562	0.24508	0.01408	0.00966	0.00260	0.04186	0.03507	0.00585	0.00933
1	0.01183	0.00951	0.01074	0.01101	0.01326	0.00916	0.00801	0.01727	0.11635	0.02511	0.12323	0.27734	0.29489	0.02073	0.00986	0.00298	0.00475	0.01801	0.00798	0.00798
2	0.03016	0.03814	0.02367	0.02143	0.02542	0.63068	0.01620	0.03228	0.02281	0.02031	0.01271	0.01520	0.01071	0.00897	0.00883	0.00224	0.06093	0.00548	0.00424	0.00959
3	0.02130	0.21051	0.35800	0.02208	0.07214	0.06437	0.02335	0.02772	0.01846	0.08645	0.01571	0.01755	0.01173	0.00793	0.00728	0.00236	0.01091	0.00595	0.00427	0.01193
4	0.01223	0.00944	0.01405	0.01384	0.01524	0.01126	0.01084	0.01513	0.01331	0.01933	0.02159	0.03180	0.02020	0.05954	0.63757	0.01279	0.06113	0.00881	0.00440	0.00751
5	0.01943	0.01866	0.03163	0.13199	0.49513	0.01915	0.05241	0.02519	0.04402	0.02645	0.01910	0.02371	0.03944	0.00822	0.00838	0.00255	0.00986	0.00801	0.00438	0.01229
6	0.01549	0.00774	0.00774	0.00774	0.00968	0.00774	0.00581	0.01936	0.01742	0.03097	0.02710	0.03097	0.02129	0.00968	0.00581	0.00194	0.00387	0.00774	0.75416	0.00774
7	0.02174	0.07806	0.09306	0.03768	0.39291	0.14163	0.02237	0.02639	0.01975	0.02557	0.05128	0.02106	0.01600	0.00819	0.00792	0.00238	0.01064	0.00711	0.00433	0.01192
8	0.01102	0.00846	0.01008	0.00967	0.01196	0.00752	0.00726	0.01424	0.02177	0.02916	0.43519	0.06888	0.29762	0.01853	0.00981	0.00269	0.00403	0.01598	0.00860	0.00752
9	0.01049	0.00837	0.00939	0.00928	0.01167	0.00728	0.00691	0.01317	0.02031	0.02604	0.27349	0.10968	0.42467	0.01996	0.00986	0.00277	0.00415	0.01704	0.00820	0.00728
10	0.01932	0.02337	0.14625	0.11648	0.47851	0.01952	0.02616	0.02517	0.01841	0.02634	0.01540	0.02019	0.01245	0.00759	0.00817	0.00253	0.01044	0.00717	0.00396	0.01257
11	0.02011	0.03895	0.44084	0.02640	0.09176	0.15255	0.06144	0.02765	0.01900	0.02519	0.01466	0.01758	0.01092	0.00793	0.00795	0.00253	0.01270	0.00631	0.00376	0.01176
12	0.02689	0.03296	0.02134	0.01966	0.02334	0.53111	0.01483	0.02921	0.02134	0.02011	0.01488	0.01880	0.01288	0.02018	0.15179	0.00456	0.01655	0.00612	0.00432	0.00915
13	0.01010	0.00730	0.00956	0.01137	0.01200	0.00676	0.00762	0.01159	0.01610	0.02128	0.04821	0.66338	0.09262	0.02571	0.01055	0.00334	0.00478	0.02323	0.00771	0.00676
14	0.01324	0.01048	0.01500	0.01906	0.11653	0.01015	0.01294	0.01645	0.01835	0.02403	0.04620	0.21452	0.13905	0.02086	0.01051	0.00335	0.00684	0.28711	0.00711	0.00822
15	0.02354	0.02522	0.02615	0.26639	0.15957	0.24841	0.02038	0.08545	0.02167	0.02510	0.01477	0.01912	0.01165	0.00838	0.00801	0.00246	0.01201	0.00669	0.00443	0.01061
16	0.01242	0.01010	0.01136	0.01167	0.01447	0.00971	0.00938	0.01807	0.10734	0.02491	0.06508	0.07708	0.38407	0.02022	0.01012	0.00311	0.00557	0.18945	0.00780	0.00807
17	0.03103	0.03959	0.02354	0.02140	0.02568	0.67469	0.01605	0.03317	0.02354	0.02033	0.01284	0.01498	0.01070	0.00856	0.00749	0.00214	0.01498	0.00535	0.00428	0.00963
18	0.01932	0.02110	0.07671	0.14435	0.37641	0.01981	0.16931	0.02515	0.01864	0.02604	0.01573	0.02106	0.01253	0.00748	0.00859	0.00260	0.01120	0.00789	0.00403	0.01202

[dist]
# distance from previous block
# <min> <max>
0	1

[block]
# block no. 2 follows, 22 sequences, length 21
# corresponding to MSA columns:
# 128-148
name=unknown_C
#
# <colnr> <probs for GDERKNQSTAVLIFYWHMCP>
#	G	D	E	R	K	N	Q	S	T	A	V	L	I	F	Y	W	H	M	C	P
0	0.02363	0.10486	0.05572	0.01792	0.02201	0.38885	0.01429	0.02607	0.02057	0.02086	0.02361	0.17075	0.05194	0.01285	0.00808	0.00243	0.01139	0.00994	0.00509	0.00912
1	0.03146	0.01285	0.01742	0.01379	0.01920	0.01121	0.01121	0.03484	0.02372	0.51879	0.17377	0.03597	0.03373	0.01181	0.00868	0.00258	0.00635	0.00987	0.01002	0.01270
2	0.02680	0.03212	0.02551	0.02817	0.18063	0.44717	0.01808	0.02961	0.02159	0.02209	0.01650	0.01935	0.03907	0.00915	0.00889	0.00233	0.05172	0.00649	0.00435	0.01036
3	0.00992	0.00842	0.00856	0.00853	0.01129	0.00706	0.00640	0.01213	0.01919	0.02304	0.11522	0.07897	0.62142	0.02082	0.00982	0.00279	0.00419	0.01740	0.00779	0.00706
4	0.02414	0.05934	0.04966	0.02532	0.15096	0.27543	0.01722	0.03303	0.18941	0.02649	0.05262	0.02294	0.01871	0.00941	0.00794	0.00242	0.01071	0.00735	0.00557	0.01135
5	0.01805	0.01046	0.01098	0.00998	0.01270	0.01096	0.00776	0.12329	0.02091	0.03401	0.02562	0.02917	0.02004	0.01250	0.04152	0.00263	0.00574	0.00776	0.58709	0.00882
6	0.01011	0.00824	0.00894	0.00915	0.01150	0.00708	0.00672	0.01234	0.01905	0.02362	0.14975	0.17299	0.48903	0.02129	0.00994	0.00287	0.00427	0.01815	0.00789	0.00708
7	0.01133	0.00902	0.01026	0.01002	0.01256	0.00821	0.00764	0.01537	0.05475	0.02729	0.29030	0.07137	0.37169	0.01910	0.00983	0.00279	0.00442	0.04809	0.00828	0.00769
8	0.02188	0.03226	0.27609	0.02646	0.14132	0.15120	0.02278	0.03145	0.13442	0.05422	0.01888	0.02051	0.01420	0.00867	0.00799	0.00253	0.01111	0.00690	0.00498	0.01214
9	0.02896	0.19782	0.02824	0.01971	0.02466	0.52390	0.01562	0.03122	0.02198	0.02015	0.01254	0.01459	0.01069	0.00822	0.00698	0.00205	0.01355	0.00514	0.00411	0.00987
10	0.01723	0.01477	0.01723	0.01230	0.01969	0.01107	0.00984	0.02092	0.01723	0.02707	0.01477	0.01723	0.01230	0.00615	0.00615	0.00123	0.00615	0.00492	0.00492	0.75883
11	0.01112	0.00862	0.01099	0.04979	0.01557	0.00818	0.00947	0.01359	0.01775	0.02250	0.05660	0.30673	0.25344	0.02259	0.01042	0.00325	0.00565	0.15908	0.00747	0.00719
12	0.02146	0.08709	0.16150	0.02776	0.14952	0.17069	0.07281	0.02617	0.01876	0.02382	0.03961	0.01951	0.01407	0.00926	0.01103	0.00259	0.12241	0.00692	0.00411	0.01092
13	0.01187	0.00890	0.01335	0.01335	0.01483	0.01038	0.01038	0.01483	0.01335	0.01928	0.02225	0.03264	0.02077	0.06231	0.67512	0.01335	0.02225	0.00890	0.00445	0.00742
14	0.01242	0.00849	0.01034	0.01082	0.01144	0.00845	0.00744	0.01366	0.01459	0.01938	0.06382	0.06543	0.03750	0.48619	0.03223	0.00662	0.00773	0.17160	0.00596	0.00589
15	0.01696	0.01807	0.04641	0.01589	0.01821	0.16101	0.01268	0.01962	0.01564	0.01956	0.01926	0.02912	0.01822	0.11440	0.36962	0.00893	0.07583	0.00818	0.00436	0.00802
16	0.02463	0.11299	0.23393	0.02358	0.07603	0.34308	0.02130	0.02947	0.02052	0.02269	0.01358	0.01605	0.01082	0.00810	0.00744	0.00228	0.01305	0.00566	0.00394	0.01087
17	0.01508	0.01618	0.04271	0.01263	0.01558	0.14218	0.00990	0.01789	0.02047	0.02482	0.21902	0.11552	0.24859	0.04960	0.01086	0.00291	0.00691	0.01416	0.00710	0.00790
18	0.01322	0.10423	0.04138	0.01168	0.01473	0.04546	0.00948	0.01580	0.01871	0.02346	0.14582	0.23710	0.25135	0.01878	0.00924	0.00276	0.00584	0.01602	0.00704	0.00790
19	0.01839	0.01581	0.04463	0.05116	0.10976	0.01517	0.01415	0.18298	0.02340	0.03135	0.03642	0.20156	0.12922	0.01553	0.00910	0.00276	0.00737	0.03547	0.00686	0.04891
20	0.02371	0.03295	0.17221	0.03042	0.21674	0.29750	0.02195	0.02844	0.02031	0.02369	0.01459	0.01807	0.01187	0.01060	0.03933	0.00288	0.01317	0.00631	0.00406	0.01119

[dist]
# distance from previous block
# <min> <max>
0	13

[block]
# block no. 3 follows, 22 sequences, length 47
# corresponding to MSA columns:
# 162-208
name=unknown_D
#
# <colnr> <probs for GDERKNQSTAVLIFYWHMCP>
#	G	D	E	R	K	N	Q	S	T	A	V	L	I	F	Y	W	H	M	C	P
0	0.20614	0.21698	0.06614	0.02291	0.14936	0.16540	0.01657	0.02678	0.01810	0.02599	0.01285	0.01543	0.01075	0.00768	0.00649	0.00224	0.01000	0.00535	0.00421	0.01063
1	0.02304	0.36138	0.03149	0.01632	0.02183	0.17453	0.01410	0.02979	0.14350	0.02276	0.01721	0.01887	0.01447	0.01289	0.06242	0.00304	0.01092	0.00602	0.00478	0.01066
2	0.05180	0.04705	0.02161	0.08579	0.02561	0.16317	0.01516	0.11010	0.15376	0.05665	0.02325	0.06049	0.01994	0.01184	0.00989	0.00274	0.06653	0.05753	0.00631	0.01080
3	0.01158	0.00868	0.01262	0.01279	0.01425	0.00972	0.00979	0.01439	0.01436	0.02029	0.05681	0.10851	0.05662	0.05437	0.54158	0.01129	0.01868	0.01118	0.00517	0.00735
4	0.02221	0.71304	0.04353	0.01421	0.02132	0.03287	0.01421	0.02488	0.01688	0.01955	0.01155	0.01333	0.01066	0.00711	0.00533	0.00178	0.00888	0.00444	0.00355	0.01066
5	0.01057	0.00845	0.00946	0.00921	0.01168	0.00733	0.00690	0.01338	0.02071	0.02666	0.30431	0.07301	0.43006	0.01947	0.00981	0.00273	0.00410	0.01656	0.00827	0.00733
6	0.01018	0.00816	0.00910	0.00943	0.01159	0.00708	0.00686	0.01242	0.01897	0.02384	0.16313	0.21601	0.43098	0.02153	0.00999	0.00290	0.00430	0.01850	0.00793	0.00708
7	0.01010	0.00843	0.00881	0.00871	0.01140	0.00713	0.00654	0.01247	0.01961	0.02404	0.16748	0.07732	0.56853	0.02044	0.00982	0.00278	0.00417	0.01716	0.00792	0.00713
8	0.01549	0.00774	0.00774	0.00774	0.00968	0.00774	0.00581	0.01936	0.01742	0.03097	0.02710	0.03097	0.02129	0.00968	0.00581	0.00194	0.00387	0.00774	0.75416	0.00774
9	0.03061	0.07284	0.02462	0.02093	0.02547	0.61072	0.01595	0.06168	0.02396	0.02185	0.01312	0.01514	0.01087	0.00856	0.00742	0.00214	0.01439	0.00541	0.00444	0.00990
10	0.01012	0.00723	0.00964	0.01157	0.01205	0.00675	0.00771	0.01157	0.01591	0.02121	0.04579	0.70262	0.05495	0.02603	0.01060	0.00337	0.00482	0.02362	0.00771	0.00675
11	0.02918	0.02434	0.02220	0.01795	0.02346	0.15354	0.01442	0.42216	0.03286	0.04288	0.01954	0.02052	0.01446	0.00965	0.00779	0.00234	0.00956	0.00709	0.11376	0.01231
12	0.01151	0.00848	0.01076	0.01019	0.01226	0.00773	0.00764	0.01519	0.02292	0.03190	0.57814	0.06438	0.15297	0.01751	0.00980	0.00264	0.00396	0.01535	0.00896	0.00773
13	0.01961	0.01877	0.03200	0.17556	0.53910	0.01949	0.02502	0.02466	0.01847	0.02598	0.01546	0.02087	0.01275	0.00758	0.00824	0.00253	0.01010	0.00740	0.00403	0.01239
14	0.02787	0.20439	0.02813	0.01895	0.02403	0.41282	0.01527	0.09106	0.02293	0.02336	0.01375	0.01601	0.01158	0.01119	0.04247	0.00268	0.01325	0.00553	0.00452	0.01023
15	0.03103	0.03959	0.02354	0.02140	0.02568	0.67469	0.01605	0.03317	0.02354	0.02033	0.01284	0.01498	0.01070	0.00856	0.00749	0.00214	0.01498	0.00535	0.00428	0.00963
16	0.01002	0.00765	0.00921	0.01046	0.01176	0.00684	0.00722	0.01169	0.01697	0.02164	0.05925	0.48411	0.26477	0.02428	0.01033	0.00317	0.00461	0.02148	0.00771	0.00684
17	0.01744	0.01383	0.01766	0.01911	0.10764	0.01467	0.01276	0.13649	0.08383	0.02892	0.03345	0.11376	0.10029	0.08233	0.14567	0.00537	0.01038	0.04008	0.00651	0.00979
18	0.01086	0.00846	0.00986	0.00951	0.01186	0.00746	0.00713	0.01394	0.02140	0.02829	0.38951	0.07032	0.34385	0.01886	0.00981	0.00270	0.00405	0.01618	0.00848	0.00746
19	0.01691	0.04125	0.61353	0.02463	0.03658	0.01944	0.08044	0.02633	0.01771	0.02633	0.01507	0.01795	0.01070	0.00782	0.00805	0.00265	0.01242	0.00645	0.00357	0.01219
20	0.02034	0.01997	0.03188	0.14627	0.53391	0.05210	0.02466	0.02523	0.01880	0.02590	0.01536	0.02052	0.01272	0.00760	0.00820	0.00250	0.01031	0.00730	0.00406	0.01239
21	0.01074	0.00801	0.00981	0.01063	0.01221	0.00726	0.00772	0.01271	0.01802	0.02331	0.14220	0.31663	0.25728	0.02295	0.01138	0.04035	0.00485	0.06931	0.00771	0.00691
22	0.01549	0.00774	0.00774	0.00774	0.00968	0.00774	0.00581	0.01936	0.01742	0.03097	0.02710	0.03097	0.02129	0.00968	0.00581	0.00194	0.00387	0.00774	0.75416	0.00774
23	0.02155	0.01799	0.04400	0.20782	0.09590	0.04821	0.01766	0.11944	0.08908	0.09762	0.02789	0.03366	0.07189	0.01131	0.00866	0.00274	0.00909	0.05799	0.00636	0.01114
24	0.01901	0.02375	0.13607	0.23407	0.22449	0.07464	0.05189	0.02447	0.01777	0.02388	0.01459	0.01991	0.01162	0.00856	0.01013	0.00269	0.08046	0.00711	0.00385	0.01102
25	0.02098	0.02073	0.02335	0.02738	0.21356	0.15975	0.01693	0.08439	0.01979	0.02517	0.01757	0.02394	0.01547	0.04947	0.20673	0.00586	0.04636	0.00757	0.00468	0.01032
26	0.24040	0.02414	0.01703	0.05480	0.02137	0.29443	0.01232	0.02658	0.01882	0.02715	0.01557	0.01867	0.01260	0.01112	0.03910	0.00281	0.01064	0.00582	0.13765	0.00898
27	0.01631	0.01506	0.02385	0.16502	0.32791	0.01546	0.01871	0.02027	0.01789	0.02391	0.03271	0.03790	0.16706	0.06939	0.01147	0.00308	0.00861	0.01021	0.00497	0.01022
28	0.02137	0.02289	0.02554	0.06524	0.31428	0.20442	0.01912	0.02514	0.02041	0.02468	0.06059	0.03082	0.08398	0.01043	0.00842	0.00249	0.01036	0.03407	0.00496	0.01077
29	0.01092	0.00843	0.00981	0.00948	0.01171	0.00748	0.00701	0.01382	0.02088	0.02759	0.36735	0.06957	0.33011	0.05545	0.01153	0.00299	0.00427	0.01598	0.00829	0.00732
30	0.00991	0.00842	0.00855	0.00851	0.01128	0.00705	0.00639	0.01210	0.01916	0.02297	0.11168	0.07908	0.62500	0.02084	0.00982	0.00280	0.00419	0.01741	0.00778	0.00705
31	0.02066	0.01785	0.01878	0.01691	0.02160	0.02066	0.01315	0.04414	0.64121	0.03475	0.03381	0.03099	0.02536	0.01127	0.00845	0.00282	0.00657	0.00939	0.00845	0.01315
32	0.01549	0.00774	0.00774	0.00774	0.00968	0.00774	0.00581	0.01936	0.01742	0.03097	0.02710	0.03097	0.02129	0.00968	0.00581	0.00194	0.00387	0.00774	0.75416	0.00774
33	0.02285	0.02612	0.02310	0.02056	0.02257	0.29993	0.01628	0.02495	0.01741	0.02005	0.01317	0.01865	0.01207	0.01806	0.10113	0.00423	0.31909	0.00666	0.00401	0.00911
34	0.06419	0.01346	0.01683	0.01405	0.01844	0.01349	0.01129	0.12801	0.02369	0.25562	0.16658	0.03456	0.03191	0.02205	0.14243	0.00473	0.00973	0.00961	0.00825	0.01110
35	0.02247	0.02800	0.18303	0.05114	0.02654	0.17417	0.01786	0.07373	0.13846	0.06052	0.02371	0.02468	0.04522	0.00977	0.00785	0.00248	0.01007	0.00753	0.08158	0.01118
36	0.45056	0.06118	0.01811	0.01505	0.01997	0.26680	0.01193	0.02774	0.01783	0.02996	0.01205	0.01405	0.00973	0.00800	0.00604	0.00237	0.00978	0.00482	0.00473	0.00932
37	0.08019	0.01227	0.01353	0.01370	0.01590	0.06578	0.01086	0.01848	0.01744	0.04562	0.09463	0.08538	0.03555	0.08780	0.18256	0.00618	0.01138	0.18854	0.00636	0.00785
38	0.01000	0.00772	0.00913	0.01026	0.01171	0.00686	0.00713	0.01171	0.01716	0.02172	0.06166	0.44507	0.30225	0.02396	0.01028	0.00314	0.00457	0.02110	0.00771	0.00686
39	0.69252	0.01635	0.01322	0.01154	0.01682	0.01869	0.00951	0.05662	0.01591	0.06887	0.01305	0.01456	0.00983	0.00796	0.00546	0.00257	0.00660	0.00484	0.00556	0.00952
40	0.01187	0.00890	0.01335	0.01335	0.01483	0.01038	0.01038	0.01483	0.01335	0.01928	0.02225	0.03264	0.02077	0.06231	0.67512	0.01335	0.02225	0.00890	0.00445	0.00742
41	0.01055	0.00771	0.00992	0.01091	0.01206	0.00708	0.00760	0.01275	0.01836	0.02472	0.21917	0.45614	0.12642	0.02296	0.01029	0.00310	0.00450	0.02056	0.00811	0.00708
42	0.02680	0.03255	0.02417	0.02154	0.02441	0.46114	0.01675	0.02884	0.01998	0.02022	0.01220	0.01603	0.01077	0.01053	0.01399	0.00263	0.23794	0.00598	0.00407	0.00945
43	0.01446	0.00915	0.01125	0.01044	0.01319	0.00809	0.00793	0.01755	0.02163	0.11340	0.35017	0.10102	0.25439	0.01792	0.00966	0.00271	0.00449	0.01544	0.00875	0.00835
44	0.02285	0.01647	0.01830	0.04056	0.08523	0.04179	0.01271	0.25683	0.02617	0.03813	0.02217	0.02470	0.01691	0.00947	0.00718	0.00224	0.00721	0.00750	0.33268	0.01090
45	0.04940	0.00946	0.01103	0.01081	0.01341	0.00885	0.00833	0.01690	0.04297	0.05922	0.26100	0.11962	0.26176	0.01874	0.00969	0.00287	0.00485	0.07485	0.00822	0.00801
46	0.41750	0.01809	0.02060	0.11313	0.20500	0.05091	0.01593	0.02473	0.01629	0.03141	0.01322	0.01674	0.01055	0.00774	0.00656	0.00255	0.00845	0.00575	0.00461	0.01025

[dist]
# distance from previous block
# <min> <max>
1	3

[block]
# block no. 4 follows, 22 sequences, length 6
# corresponding to MSA columns:
# 212-217
name=unknown_E
#
# <colnr> <probs for GDERKNQSTAVLIFYWHMCP>
#	G	D	E	R	K	N	Q	S	T	A	V	L	I	F	Y	W	H	M	C	P
0	0.01818	0.01818	0.02545	0.02181	0.02181	0.02545	0.01818	0.01999	0.01272	0.01999	0.01091	0.01818	0.01091	0.01454	0.02726	0.00364	0.69284	0.00727	0.00364	0.00909
1	0.01063	0.00774	0.00950	0.01042	0.01140	0.00717	0.00699	0.01222	0.01666	0.02196	0.12265	0.39729	0.15770	0.14886	0.01617	0.00404	0.00520	0.01940	0.00740	0.00661
2	0.01187	0.00890	0.01335	0.01335	0.01483	0.01038	0.01038	0.01483	0.01335	0.01928	0.02225	0.03264	0.02077	0.06231	0.67512	0.01335	0.02225	0.00890	0.00445	0.00742
3	0.01283	0.00968	0.01229	0.01311	0.01533	0.00951	0.01078	0.01777	0.06884	0.02644	0.15530	0.11696	0.16245	0.02083	0.01059	0.00332	0.00612	0.31190	0.00799	0.00795
4	0.17264	0.07803	0.13240	0.01927	0.02430	0.02204	0.06659	0.06482	0.01697	0.02753	0.01776	0.02130	0.05355	0.01092	0.01378	0.00289	0.23335	0.00719	0.00456	0.01012
5	0.02295	0.06782	0.02257	0.02140	0.11779	0.16276	0.01466	0.07737	0.15759	0.06321	0.03069	0.03064	0.11570	0.01092	0.00808	0.00242	0.00892	0.00871	0.00634	0.04947

[dist]
# distance from previous block
# <min> <max>
0	11

[block]
# block no. 5 follows, 22 sequences, length 17
# corresponding to MSA columns:
# 229-245
name=unknown_F
#
# <colnr> <probs for GDERKNQSTAVLIFYWHMCP>
#	G	D	E	R	K	N	Q	S	T	A	V	L	I	F	Y	W	H	M	C	P
0	0.02241	0.22097	0.03038	0.25693	0.07715	0.21711	0.01863	0.02609	0.01889	0.02087	0.01334	0.01741	0.01098	0.00798	0.00721	0.00228	0.01153	0.00595	0.00385	0.01001
1	0.02256	0.03122	0.22426	0.03051	0.22341	0.16514	0.02309	0.09643	0.02204	0.02855	0.04380	0.02018	0.01483	0.00854	0.00804	0.00245	0.01140	0.00691	0.00467	0.01198
2	0.02029	0.02336	0.09083	0.03605	0.37072	0.12154	0.02132	0.02557	0.04390	0.02537	0.02207	0.05156	0.05924	0.01191	0.03785	0.00299	0.01074	0.00844	0.00466	0.01158
3	0.02219	0.09802	0.13103	0.01790	0.02353	0.13937	0.01636	0.17391	0.02264	0.02878	0.01777	0.02264	0.01490	0.05331	0.17559	0.00533	0.01393	0.00710	0.00515	0.01055
4	0.02374	0.21869	0.21750	0.01907	0.02721	0.06413	0.01954	0.20461	0.07314	0.03241	0.01683	0.01800	0.01280	0.00859	0.00733	0.00234	0.01014	0.00628	0.00537	0.01229
5	0.01277	0.00781	0.00958	0.00958	0.00958	0.00781	0.00567	0.01171	0.01171	0.01562	0.02272	0.04581	0.02557	0.50852	0.03940	0.22845	0.00781	0.01065	0.00461	0.00461
6	0.13885	0.01445	0.01575	0.01341	0.01743	0.01516	0.01043	0.19317	0.02275	0.11960	0.03043	0.08054	0.09557	0.10173	0.04678	0.04893	0.00794	0.01009	0.00710	0.00988
7	0.01125	0.00845	0.01061	0.01063	0.01216	0.00848	0.00767	0.01336	0.01588	0.02113	0.11190	0.08694	0.20596	0.18558	0.24483	0.00757	0.01123	0.01340	0.00617	0.00680
8	0.01262	0.01001	0.01479	0.01436	0.01567	0.01218	0.01131	0.01545	0.01328	0.01937	0.02090	0.03091	0.01959	0.05661	0.59787	0.01219	0.10221	0.00871	0.00435	0.00762
9	0.01468	0.01240	0.01607	0.01499	0.01687	0.01492	0.01175	0.02129	0.13994	0.02264	0.02835	0.03519	0.07891	0.07750	0.31625	0.00806	0.14637	0.00967	0.00543	0.00871
10	0.01847	0.01839	0.01870	0.01710	0.01878	0.16021	0.01352	0.02100	0.01587	0.02113	0.01721	0.02404	0.01554	0.02929	0.24611	0.00649	0.22864	0.00747	0.09355	0.00846
11	0.01005	0.00796	0.00905	0.00976	0.01161	0.00696	0.00695	0.01201	0.01804	0.02263	0.10394	0.32021	0.38603	0.02272	0.01012	0.00301	0.00443	0.01974	0.00780	0.00696
12	0.03285	0.02123	0.02367	0.01815	0.02475	0.02274	0.01499	0.49726	0.03565	0.18843	0.02281	0.02180	0.01556	0.01004	0.00832	0.00251	0.00868	0.00767	0.00875	0.01413
13	0.01092	0.00896	0.01295	0.01288	0.01473	0.00814	0.06462	0.01306	0.01708	0.02205	0.05362	0.46891	0.21492	0.02290	0.01031	0.00316	0.00550	0.02067	0.00739	0.00723
14	0.03009	0.02183	0.02334	0.01806	0.02427	0.02409	0.01486	0.57208	0.03705	0.05037	0.02061	0.02097	0.01479	0.00995	0.00808	0.00244	0.00865	0.00750	0.07742	0.01354
15	0.01012	0.00723	0.00964	0.01157	0.01205	0.00675	0.00771	0.01157	0.01591	0.02121	0.04579	0.70262	0.05495	0.02603	0.01060	0.00337	0.00482	0.02362	0.00771	0.00675
16	0.01355	0.01181	0.01371	0.01385	0.01544	0.07970	0.01046	0.01614	0.01492	0.01977	0.02582	0.16045	0.02632	0.04962	0.47613	0.01024	0.01811	0.01137	0.00506	0.00752

[dist]
# distance from previous block
# <min> <max>
0	2

[block]
# block no. 6 follows, 22 sequences, length 39
# corresponding to MSA columns:
# 248-286
name=unknown_G
#
# <colnr> <probs for GDERKNQSTAVLIFYWHMCP>
#	G	D	E	R	K	N	Q	S	T	A	V	L	I	F	Y	W	H	M	C	P
0	0.02200	0.31497	0.07907	0.01582	0.02259	0.09763	0.01467	0.08943	0.01988	0.02521	0.01432	0.01680	0.01212	0.01158	0.05643	0.00272	0.01030	0.00543	0.00449	0.16453
1	0.01823	0.14380	0.53962	0.02202	0.03324	0.02167	0.02747	0.05524	0.01848	0.02654	0.01464	0.01702	0.01072	0.00787	0.00752	0.00249	0.01161	0.00595	0.00375	0.01212
2	0.01006	0.00747	0.00939	0.01092	0.01188	0.00680	0.00742	0.01164	0.01653	0.02146	0.05367	0.57468	0.17780	0.02500	0.01044	0.00326	0.00469	0.02237	0.00771	0.00680
3	0.02271	0.02382	0.03163	0.04491	0.52666	0.15431	0.02356	0.02707	0.01987	0.02574	0.01505	0.01941	0.01265	0.00764	0.00807	0.00240	0.01092	0.00698	0.00415	0.01243
4	0.01791	0.03554	0.46298	0.03242	0.23445	0.01944	0.02903	0.02605	0.01798	0.02657	0.01514	0.01851	0.01137	0.00774	0.00800	0.00258	0.01151	0.00654	0.00370	0.01256
5	0.01273	0.00947	0.01365	0.01338	0.01480	0.01123	0.01047	0.01571	0.01374	0.02060	0.02192	0.03137	0.02009	0.05305	0.55444	0.01139	0.07050	0.00865	0.08521	0.00758
6	0.01288	0.00888	0.01063	0.00995	0.01259	0.00783	0.00755	0.01602	0.02168	0.07600	0.37588	0.06676	0.30639	0.01812	0.00970	0.00269	0.00427	0.01554	0.00865	0.00798
7	0.02175	0.02350	0.02622	0.18286	0.08893	0.19593	0.06413	0.02873	0.12009	0.02391	0.01694	0.02088	0.01357	0.00973	0.01141	0.00273	0.12622	0.00733	0.00469	0.01045
8	0.05612	0.05425	0.02623	0.12823	0.19696	0.23690	0.01896	0.07303	0.05145	0.02627	0.01668	0.02202	0.01393	0.00899	0.00790	0.00246	0.01124	0.03264	0.00481	0.01094
9	0.01151	0.00839	0.01094	0.01137	0.01307	0.00782	0.00865	0.01470	0.02064	0.02817	0.35973	0.21237	0.11858	0.02041	0.01027	0.00301	0.00480	0.11966	0.00844	0.00749
10	0.10125	0.48176	0.15634	0.01597	0.02353	0.02846	0.01692	0.02489	0.01653	0.02275	0.01216	0.01435	0.01047	0.00764	0.00674	0.00210	0.03881	0.00489	0.00372	0.01072
11	0.01189	0.00879	0.01280	0.01280	0.01410	0.01009	0.00970	0.01448	0.01319	0.01888	0.02275	0.03541	0.02197	0.14483	0.59425	0.01267	0.02044	0.00931	0.00452	0.00711
12	0.13292	0.01882	0.01847	0.01550	0.02075	0.06285	0.01232	0.17961	0.19782	0.06709	0.02371	0.05121	0.01856	0.01017	0.00755	0.00244	0.00750	0.00790	0.05242	0.09238
13	0.02418	0.10157	0.02133	0.01560	0.01986	0.12410	0.01231	0.20821	0.02435	0.08001	0.02288	0.09853	0.02095	0.11284	0.04347	0.00372	0.00966	0.00932	0.03678	0.01034
14	0.01157	0.00803	0.00902	0.00920	0.00965	0.00778	0.00547	0.01201	0.01343	0.01750	0.03645	0.11735	0.12359	0.54518	0.03464	0.00686	0.00720	0.01393	0.00567	0.00548
15	0.01989	0.01907	0.03118	0.15335	0.10893	0.05000	0.22568	0.08517	0.04939	0.02863	0.02112	0.02527	0.04000	0.00874	0.00855	0.00259	0.01061	0.00867	0.09237	0.01079
16	0.19677	0.01762	0.01722	0.01522	0.01891	0.07939	0.01206	0.02801	0.18452	0.03094	0.13471	0.02815	0.02671	0.01142	0.01065	0.00269	0.11499	0.00827	0.00643	0.05531
17	0.05321	0.03154	0.02163	0.09265	0.02711	0.47768	0.01546	0.02923	0.02126	0.02178	0.01435	0.01765	0.01187	0.01170	0.04773	0.00285	0.01376	0.00585	0.04041	0.04227
18	0.19439	0.05662	0.02138	0.04266	0.06120	0.17274	0.01423	0.12826	0.13933	0.03311	0.04592	0.02105	0.01677	0.00933	0.00734	0.00247	0.00927	0.00684	0.00607	0.01105
19	0.01698	0.01935	0.18345	0.01515	0.02068	0.01272	0.01480	0.02241	0.08409	0.07185	0.05492	0.03419	0.09839	0.01583	0.01409	0.18220	0.00784	0.03139	0.00565	0.09402
20	0.01926	0.01400	0.01928	0.20387	0.06716	0.01529	0.01503	0.09208	0.09612	0.09538	0.02881	0.16253	0.05058	0.01465	0.01066	0.05942	0.00797	0.01142	0.00650	0.01002
21	0.02804	0.27005	0.03054	0.01874	0.02419	0.40063	0.01540	0.07908	0.02252	0.02268	0.01298	0.01482	0.01097	0.00818	0.00681	0.00204	0.01240	0.00521	0.00436	0.01035
22	0.02056	0.01974	0.03372	0.05099	0.65622	0.01974	0.02550	0.02550	0.01892	0.02714	0.01563	0.02056	0.01316	0.00740	0.00822	0.00247	0.00987	0.00740	0.00411	0.01316
23	0.01005	0.00834	0.00880	0.00887	0.01141	0.00708	0.00658	0.01230	0.01920	0.02352	0.14248	0.12466	0.54614	0.02098	0.00987	0.00283	0.00422	0.01772	0.00787	0.00708
24	0.01072	0.00774	0.00968	0.01057	0.01153	0.00720	0.00713	0.01247	0.01708	0.02282	0.16201	0.40191	0.12600	0.13493	0.01552	0.00393	0.00510	0.01939	0.00755	0.00671
25	0.01208	0.00805	0.00906	0.00906	0.00906	0.00805	0.00503	0.01208	0.01208	0.01611	0.02618	0.05436	0.03020	0.70804	0.04228	0.00805	0.00805	0.01208	0.00503	0.00503
26	0.01012	0.00723	0.00964	0.01157	0.01205	0.00675	0.00771	0.01157	0.01591	0.02121	0.04579	0.70262	0.05495	0.02603	0.01060	0.00337	0.00482	0.02362	0.00771	0.00675
27	0.01937	0.01109	0.01343	0.01179	0.01549	0.01019	0.00918	0.05202	0.05220	0.20083	0.20894	0.09369	0.23557	0.01637	0.00932	0.00271	0.00530	0.01388	0.00885	0.00978
28	0.02056	0.01974	0.03372	0.05099	0.65622	0.01974	0.02550	0.02550	0.01892	0.02714	0.01563	0.02056	0.01316	0.00740	0.00822	0.00247	0.00987	0.00740	0.00411	0.01316
29	0.01435	0.00788	0.00788	0.00788	0.00999	0.00760	0.00591	0.01787	0.01772	0.02926	0.03853	0.04078	0.14780	0.01195	0.00661	0.00211	0.00394	0.00970	0.60464	0.00760
30	0.01316	0.01097	0.01404	0.01389	0.01556	0.05511	0.01077	0.01607	0.01404	0.01936	0.02162	0.03145	0.02009	0.05869	0.63017	0.01260	0.02176	0.00866	0.00444	0.00757
31	0.04447	0.02074	0.07444	0.02999	0.15801	0.02140	0.17109	0.02575	0.08386	0.02569	0.01656	0.02148	0.01365	0.01207	0.04076	0.00338	0.21309	0.00805	0.00447	0.01104
32	0.02309	0.59322	0.07066	0.01560	0.02259	0.11586	0.01524	0.02603	0.01778	0.01997	0.01188	0.01374	0.01066	0.00733	0.00573	0.00187	0.00984	0.00464	0.00365	0.01060
33	0.01162	0.00813	0.00893	0.00893	0.00950	0.00784	0.00530	0.01205	0.01349	0.01741	0.03809	0.05962	0.15814	0.56688	0.03561	0.00698	0.00726	0.01320	0.00558	0.00544
34	0.01657	0.01233	0.01645	0.18858	0.02601	0.01364	0.01288	0.09763	0.01879	0.02721	0.02185	0.05755	0.01897	0.06287	0.14675	0.00496	0.01067	0.00862	0.17642	0.06126
35	0.02355	0.01974	0.02041	0.01949	0.06395	0.17937	0.05048	0.02835	0.06670	0.14502	0.02579	0.06456	0.02213	0.01839	0.09538	0.00402	0.01134	0.07228	0.05875	0.01031
36	0.12850	0.02031	0.15790	0.04652	0.02534	0.01522	0.09774	0.05628	0.01911	0.08124	0.03418	0.10929	0.14866	0.01284	0.00853	0.00276	0.00848	0.01103	0.00603	0.01007
37	0.17193	0.02233	0.16073	0.02369	0.12280	0.01748	0.11430	0.06350	0.01911	0.02972	0.02884	0.03061	0.13985	0.01041	0.00809	0.00265	0.00915	0.00895	0.00521	0.01064
38	0.20321	0.10285	0.06482	0.02544	0.14156	0.15197	0.11266	0.02765	0.01873	0.05781	0.01460	0.01741	0.01150	0.00778	0.00724	0.00242	0.01060	0.00631	0.00461	0.01086

[dist]
# distance from previous block
# <min> <max>
2	70

[block]
# block no. 7 follows, 22 sequences, length 14
# corresponding to MSA columns:
# 357-370
name=unknown_H
#
# <colnr> <probs for GDERKNQSTAVLIFYWHMCP>
#	G	D	E	R	K	N	Q	S	T	A	V	L	I	F	Y	W	H	M	C	P
0	0.01018	0.00755	0.00932	0.01069	0.01167	0.00689	0.00722	0.01168	0.01635	0.02116	0.05326	0.51919	0.18945	0.06876	0.01246	0.00355	0.00489	0.02149	0.00754	0.00670
1	0.01754	0.01950	0.10464	0.02598	0.15475	0.01705	0.10557	0.02766	0.19310	0.02740	0.02712	0.15509	0.02503	0.04838	0.01070	0.00310	0.00879	0.01149	0.00601	0.01112
2	0.01280	0.00857	0.00995	0.00977	0.01009	0.00902	0.00608	0.01353	0.01284	0.01832	0.02531	0.04847	0.02762	0.55152	0.07158	0.00736	0.04268	0.01113	0.09766	0.00570
3	0.01054	0.00822	0.00957	0.00970	0.01178	0.00725	0.00709	0.01315	0.01995	0.02595	0.27219	0.18870	0.34507	0.02057	0.00996	0.00284	0.00422	0.01779	0.00821	0.00725
4	0.09201	0.05480	0.05256	0.07181	0.38814	0.01907	0.02105	0.02663	0.04946	0.07328	0.01893	0.02529	0.01580	0.00889	0.00800	0.00258	0.00914	0.04543	0.00502	0.01210
5	0.02078	0.14695	0.36430	0.02513	0.10905	0.14640	0.02461	0.02729	0.01875	0.02419	0.01407	0.01675	0.01091	0.00783	0.00745	0.00238	0.01195	0.00587	0.00374	0.01162
6	0.02056	0.01974	0.03372	0.05099	0.65622	0.01974	0.02550	0.02550	0.01892	0.02714	0.01563	0.02056	0.01316	0.00740	0.00822	0.00247	0.00987	0.00740	0.00411	0.01316
7	0.01145	0.00962	0.01028	0.01121	0.01268	0.04730	0.00785	0.01335	0.01788	0.02260	0.10980	0.43400	0.21598	0.02279	0.01013	0.00308	0.00519	0.02008	0.00764	0.00709
8	0.05308	0.02144	0.10654	0.03567	0.36940	0.04076	0.02137	0.02566	0.07502	0.02672	0.01938	0.06851	0.01736	0.04764	0.01071	0.00292	0.03277	0.00857	0.00477	0.01172
9	0.01012	0.00723	0.00964	0.01157	0.01205	0.00675	0.00771	0.01157	0.01591	0.02121	0.04579	0.70262	0.05495	0.02603	0.01060	0.00337	0.00482	0.02362	0.00771	0.00675
10	0.02038	0.01998	0.06459	0.02650	0.19305	0.02033	0.01760	0.03798	0.43367	0.03216	0.02770	0.02732	0.02112	0.01001	0.00836	0.00271	0.00783	0.00865	0.00697	0.01310
11	0.06522	0.14958	0.02600	0.01879	0.02383	0.40531	0.01495	0.11765	0.02421	0.02635	0.04439	0.01762	0.01437	0.00888	0.00724	0.00217	0.01213	0.00593	0.00502	0.01035
12	0.01686	0.04230	0.01316	0.01153	0.01417	0.00938	0.00856	0.01893	0.01848	0.16376	0.08044	0.31624	0.16799	0.06424	0.01170	0.00327	0.00554	0.01687	0.00799	0.00857
13	0.02508	0.02305	0.02347	0.02093	0.08154	0.13915	0.01540	0.23228	0.02552	0.03373	0.01583	0.01817	0.01256	0.00897	0.00974	0.00222	0.08748	0.00637	0.00575	0.21275

[dist]
# distance from previous block
# <min> <max>
7	10

[block]
# block no. 8 follows, 22 sequences, length 19
# corresponding to MSA columns:
# 381-399
name=unknown_I
#
