[name]
unknown

[dist]
# distance from previous block
# <min> <max>
0	3

[block]
# block no. 0 follows, 20 sequences, length 108
# corresponding to MSA columns:
# 3-110
name=unknown_A
#
# <colnr> <probs for GDERKNQSTAVLIFYWHMCP>
#	G	D	E	R	K	N	Q	S	T	A	V	L	I	F	Y	W	H	M	C	P
0	0.01406	0.01004	0.01406	0.01606	0.01807	0.01004	0.01406	0.01807	0.02008	0.02610	0.04618	0.09839	0.05020	0.02410	0.01205	0.00402	0.00803	0.58032	0.00803	0.00803
1	0.03140	0.02324	0.02485	0.01921	0.02588	0.02554	0.01582	0.56407	0.03939	0.05256	0.02612	0.02578	0.06249	0.01136	0.00885	0.00264	0.00920	0.00866	0.00868	0.01426
2	0.01246	0.00935	0.01402	0.01402	0.01558	0.01090	0.01090	0.01558	0.01402	0.02025	0.02336	0.03427	0.02181	0.06542	0.65888	0.01402	0.02336	0.00935	0.00467	0.00779
3	0.01063	0.00759	0.01012	0.01215	0.01265	0.00709	0.00810	0.01215	0.01670	0.02227	0.04808	0.68775	0.05769	0.02733	0.01113	0.00354	0.00506	0.02480	0.00810	0.00709
4	0.01063	0.00759	0.01012	0.01215	0.01265	0.00709	0.00810	0.01215	0.01670	0.02227	0.04808	0.68775	0.05769	0.02733	0.01113	0.00354	0.00506	0.02480	0.00810	0.00709
5	0.02332	0.69869	0.04571	0.01493	0.02239	0.03451	0.01493	0.02612	0.01772	0.02052	0.01213	0.01399	0.01119	0.00746	0.00560	0.00187	0.00933	0.00466	0.00373	0.01119
6	0.02332	0.69869	0.04571	0.01493	0.02239	0.03451	0.01493	0.02612	0.01772	0.02052	0.01213	0.01399	0.01119	0.00746	0.00560	0.00187	0.00933	0.00466	0.00373	0.01119
7	0.02159	0.02073	0.03541	0.05354	0.63903	0.02073	0.02677	0.02677	0.01986	0.02850	0.01641	0.02159	0.01382	0.00777	0.00864	0.00259	0.01036	0.00777	0.00432	0.01382
8	0.02159	0.02073	0.03541	0.05354	0.63903	0.02073	0.02677	0.02677	0.01986	0.02850	0.01641	0.02159	0.01382	0.00777	0.00864	0.00259	0.01036	0.00777	0.00432	0.01382
9	0.01038	0.00855	0.00913	0.00960	0.01198	0.00730	0.00697	0.01243	0.01915	0.02327	0.07909	0.22297	0.50246	0.02330	0.01050	0.00308	0.00457	0.01988	0.00810	0.00730
10	0.01055	0.00832	0.00952	0.01034	0.01221	0.00729	0.00733	0.01256	0.01879	0.02360	0.09944	0.33661	0.36443	0.02407	0.01065	0.00319	0.00467	0.02096	0.00818	0.00729
11	0.01063	0.00759	0.01012	0.01215	0.01265	0.00709	0.00810	0.01215	0.01670	0.02227	0.04808	0.68775	0.05769	0.02733	0.01113	0.00354	0.00506	0.02480	0.00810	0.00709
12	0.02120	0.02032	0.03470	0.10107	0.59458	0.02062	0.02657	0.02643	0.01968	0.02802	0.01634	0.02172	0.01365	0.00784	0.00864	0.00261	0.01046	0.00777	0.00428	0.01350
13	0.02428	0.23458	0.26231	0.02116	0.02964	0.23952	0.02200	0.02961	0.02034	0.02344	0.01389	0.01622	0.01115	0.00828	0.00736	0.00233	0.01281	0.00565	0.00397	0.01146
14	0.01061	0.00767	0.01004	0.01194	0.01260	0.00710	0.00801	0.01217	0.01690	0.02235	0.05056	0.65056	0.09329	0.02701	0.01108	0.00351	0.00502	0.02440	0.00810	0.00710
15	0.01107	0.00838	0.00926	0.00985	0.01163	0.00748	0.00684	0.01289	0.01789	0.02281	0.06493	0.25251	0.35028	0.11377	0.01492	0.00381	0.00513	0.01889	0.05060	0.00705
16	0.02345	0.01728	0.01841	0.01530	0.02039	0.01833	0.01225	0.27206	0.12901	0.06633	0.04512	0.04332	0.20829	0.01426	0.00908	0.00274	0.00712	0.01149	0.05381	0.01196
17	0.02029	0.01966	0.03427	0.20099	0.46013	0.02049	0.06522	0.02577	0.01933	0.02697	0.01627	0.02212	0.01325	0.00797	0.00877	0.00269	0.01096	0.00794	0.00422	0.01269
18	0.03258	0.04157	0.02472	0.02247	0.02697	0.65843	0.01685	0.03483	0.02472	0.02135	0.01348	0.01573	0.01124	0.00899	0.00787	0.00225	0.01573	0.00562	0.00449	0.01011
19	0.01750	0.04512	0.64825	0.02486	0.03775	0.02026	0.03223	0.02762	0.01842	0.02762	0.01565	0.01842	0.01105	0.00829	0.00829	0.00276	0.01289	0.00645	0.00368	0.01289
20	0.02995	0.28387	0.03206	0.04506	0.02554	0.13784	0.01545	0.12861	0.02450	0.17029	0.01911	0.01946	0.01422	0.00905	0.00738	0.00229	0.01016	0.00644	0.00633	0.01239
21	0.01050	0.00870	0.00920	0.00937	0.01198	0.00740	0.00692	0.01278	0.01989	0.02429	0.12575	0.15057	0.52788	0.02235	0.01040	0.00300	0.00447	0.01893	0.00822	0.00740
22	0.02159	0.02073	0.03541	0.05354	0.63903	0.02073	0.02677	0.02677	0.01986	0.02850	0.01641	0.02159	0.01382	0.00777	0.00864	0.00259	0.01036	0.00777	0.00432	0.01382
23	0.01774	0.01627	0.02357	0.41986	0.04511	0.01986	0.02018	0.02822	0.18125	0.02611	0.02438	0.02861	0.04757	0.01067	0.01012	0.00298	0.05253	0.00886	0.00544	0.01068
24	0.01750	0.04512	0.64825	0.02486	0.03775	0.02026	0.03223	0.02762	0.01842	0.02762	0.01565	0.01842	0.01105	0.00829	0.00829	0.00276	0.01289	0.00645	0.00368	0.01289
25	0.03208	0.03928	0.02457	0.02208	0.02676	0.58429	0.01668	0.07410	0.05557	0.02436	0.01508	0.01692	0.01224	0.00923	0.00797	0.00231	0.01488	0.00598	0.00500	0.01061
26	0.01786	0.03889	0.50578	0.02917	0.14404	0.01968	0.02994	0.02670	0.01875	0.02757	0.01952	0.02234	0.04356	0.00890	0.00845	0.00274	0.01200	0.00730	0.00402	0.01277
27	0.02819	0.03434	0.02450	0.02203	0.02530	0.47160	0.01699	0.03041	0.02142	0.02120	0.01365	0.01769	0.01196	0.01404	0.05425	0.00336	0.16859	0.00632	0.00435	0.00983
28	0.01100	0.00894	0.00985	0.01023	0.01283	0.00779	0.00791	0.01354	0.01999	0.02452	0.11151	0.12355	0.48033	0.02247	0.01062	0.00313	0.00497	0.10114	0.00818	0.00749
29	0.01858	0.03815	0.47673	0.02418	0.03513	0.02068	0.06707	0.03156	0.14498	0.02950	0.01994	0.02171	0.01445	0.00897	0.00855	0.00282	0.01176	0.00742	0.00482	0.01301
30	0.01061	0.00765	0.01006	0.01198	0.01261	0.00710	0.00802	0.01216	0.01686	0.02233	0.05014	0.65688	0.08723	0.02706	0.01109	0.00351	0.00503	0.02447	0.00810	0.00710
31	0.01750	0.04512	0.64825	0.02486	0.03775	0.02026	0.03223	0.02762	0.01842	0.02762	0.01565	0.01842	0.01105	0.00829	0.00829	0.00276	0.01289	0.00645	0.00368	0.01289
32	0.03258	0.04157	0.02472	0.02247	0.02697	0.65843	0.01685	0.03483	0.02472	0.02135	0.01348	0.01573	0.01124	0.00899	0.00787	0.00225	0.01573	0.00562	0.00449	0.01011
33	0.01949	0.02237	0.11382	0.23787	0.38337	0.02025	0.02672	0.02552	0.01893	0.02649	0.01603	0.02168	0.01278	0.00813	0.00862	0.00271	0.01108	0.00759	0.00410	0.01244
34	0.03914	0.01484	0.02024	0.01552	0.02227	0.01282	0.01282	0.04251	0.02497	0.64507	0.03441	0.02969	0.02159	0.01080	0.00877	0.00270	0.00742	0.00877	0.01080	0.01484
35	0.01233	0.00833	0.00971	0.01001	0.01019	0.00822	0.00588	0.01276	0.01387	0.01858	0.05708	0.16204	0.03820	0.55381	0.03741	0.00740	0.00771	0.01483	0.00594	0.00571
36	0.01214	0.00872	0.01120	0.01268	0.01362	0.00843	0.00867	0.05237	0.01834	0.02447	0.04625	0.64289	0.05481	0.02619	0.01097	0.00348	0.00537	0.02366	0.00814	0.00761
37	0.01755	0.01253	0.01802	0.07336	0.20742	0.01280	0.01397	0.02193	0.01861	0.02984	0.02501	0.07032	0.02117	0.01041	0.00740	0.00237	0.00664	0.00906	0.41164	0.00993
38	0.01063	0.00759	0.01012	0.01215	0.01265	0.00709	0.00810	0.01215	0.01670	0.02227	0.04808	0.68775	0.05769	0.02733	0.01113	0.00354	0.00506	0.02480	0.00810	0.00709
39	0.01031	0.00884	0.00884	0.00884	0.01178	0.00736	0.00663	0.01252	0.01988	0.02356	0.08837	0.08395	0.63549	0.02209	0.01031	0.00295	0.00442	0.01841	0.00810	0.00736
40	0.01835	0.04002	0.52016	0.03086	0.16343	0.02036	0.03109	0.02745	0.01872	0.02781	0.01581	0.01908	0.01163	0.00818	0.00836	0.00273	0.01236	0.00672	0.00382	0.01308
41	0.02593	0.02535	0.03159	0.04113	0.40395	0.14105	0.02291	0.14339	0.02494	0.03239	0.01676	0.02037	0.01354	0.00853	0.00851	0.00253	0.01121	0.00739	0.00522	0.01333
42	0.01246	0.00935	0.01402	0.01402	0.01558	0.01090	0.01090	0.01558	0.01402	0.02025	0.02336	0.03427	0.02181	0.06542	0.65888	0.01402	0.02336	0.00935	0.00467	0.00779
43	0.08974	0.04133	0.56025	0.02477	0.06114	0.02021	0.02977	0.02739	0.01813	0.02879	0.01534	0.01814	0.01101	0.00825	0.00802	0.00275	0.01218	0.00633	0.00388	0.01259
44	0.01781	0.04325	0.60119	0.02706	0.08392	0.02029	0.03181	0.02756	0.01853	0.02769	0.01571	0.01866	0.01126	0.00825	0.00831	0.00275	0.01270	0.00655	0.00373	0.01296
45	0.02172	0.02318	0.06394	0.08812	0.47804	0.06365	0.08000	0.02717	0.02003	0.02753	0.01623	0.02133	0.01332	0.00790	0.00873	0.00263	0.01132	0.00780	0.00428	0.01307
46	0.02247	0.02094	0.02903	0.03938	0.40020	0.07038	0.02147	0.03099	0.13957	0.05548	0.02555	0.02783	0.05830	0.00976	0.00874	0.00266	0.00958	0.00877	0.00576	0.01313
47	0.02283	0.02308	0.03420	0.05004	0.57004	0.09261	0.02565	0.02768	0.02041	0.02769	0.01608	0.02093	0.01353	0.00791	0.00855	0.00255	0.01097	0.00753	0.00434	0.01340
48	0.01216	0.00905	0.01093	0.01129	0.01189	0.00925	0.00745	0.01312	0.01509	0.01994	0.04188	0.26175	0.12756	0.32733	0.02742	0.00570	0.05814	0.01705	0.00650	0.00650
49	0.01072	0.00776	0.01014	0.01186	0.01262	0.00718	0.00801	0.01246	0.01744	0.02321	0.09010	0.60728	0.09627	0.02635	0.01102	0.00345	0.00496	0.02378	0.00820	0.00718
50	0.02473	0.02668	0.03235	0.04466	0.46411	0.20298	0.02394	0.02907	0.02125	0.02645	0.01557	0.01991	0.01308	0.00812	0.00842	0.00249	0.01190	0.00716	0.00437	0.01276
51	0.01275	0.00904	0.01109	0.01064	0.01303	0.00809	0.00795	0.01609	0.02271	0.05624	0.40805	0.11686	0.23620	0.01949	0.01030	0.00286	0.00441	0.01693	0.00911	0.00817
52	0.01091	0.00815	0.01015	0.01114	0.01253	0.00739	0.00779	0.01313	0.01910	0.02522	0.17991	0.41860	0.19587	0.02414	0.01077	0.00324	0.00472	0.02144	0.00841	0.00739
53	0.01934	0.03369	0.40636	0.02047	0.03131	0.01703	0.02401	0.02703	0.01882	0.07528	0.01705	0.01918	0.01243	0.00792	0.00776	0.00231	0.01049	0.00623	0.00469	0.23858
54	0.01247	0.00929	0.01376	0.01376	0.01522	0.01076	0.01058	0.01541	0.01394	0.02005	0.02361	0.03560	0.02239	0.10212	0.62297	0.01369	0.02249	0.00954	0.00471	0.00764
55	0.01057	0.00878	0.00924	0.00926	0.01198	0.00745	0.00690	0.01298	0.02030	0.02488	0.15232	0.11240	0.53923	0.02184	0.01035	0.00295	0.00441	0.01842	0.00828	0.00745
56	0.01908	0.01908	0.02672	0.02290	0.02290	0.02672	0.01908	0.02099	0.01336	0.02099	0.01145	0.01908	0.01145	0.01527	0.02863	0.00382	0.67748	0.00763	0.00382	0.00954
57	0.01406	0.01164	0.01684	0.01592	0.01702	0.01457	0.01258	0.01673	0.01379	0.02026	0.02072	0.03179	0.01983	0.08549	0.47617	0.01129	0.17962	0.00911	0.00450	0.00808
58	0.01222	0.00891	0.01149	0.01084	0.01295	0.00818	0.00813	0.01622	0.02440	0.03428	0.60079	0.06632	0.11638	0.01809	0.01029	0.00276	0.00413	0.01594	0.00951	0.00818
59	0.01626	0.00813	0.00813	0.00813	0.01016	0.00813	0.00610	0.02033	0.01829	0.03252	0.02846	0.03252	0.02236	0.01016	0.00610	0.00203	0.00407	0.00813	0.74187	0.00813
60	0.02099	0.01813	0.01905	0.01720	0.02201	0.02081	0.01336	0.04427	0.58610	0.03569	0.03876	0.03571	0.06413	0.01247	0.00896	0.00296	0.00675	0.01039	0.00883	0.01341
61	0.02814	0.02438	0.02231	0.01890	0.02411	0.15486	0.01514	0.31944	0.08562	0.04069	0.02478	0.05745	0.02088	0.01231	0.00882	0.00271	0.00995	0.06424	0.05292	0.01235
62	0.01063	0.00759	0.01012	0.01215	0.01265	0.00709	0.00810	0.01215	0.01670	0.02227	0.04808	0.68775	0.05769	0.02733	0.01113	0.00354	0.00506	0.02480	0.00810	0.00709
63	0.01246	0.00935	0.01402	0.01402	0.01558	0.01090	0.01090	0.01558	0.01402	0.02025	0.02336	0.03427	0.02181	0.06542	0.65888	0.01402	0.02336	0.00935	0.00467	0.00779
64	0.06441	0.06623	0.02697	0.10272	0.16962	0.13549	0.01841	0.12679	0.02435	0.12106	0.02185	0.02369	0.04142	0.00962	0.00826	0.00256	0.01041	0.00766	0.00617	0.01231
65	0.01789	0.05087	0.01961	0.02002	0.10463	0.12943	0.01334	0.02130	0.02018	0.02600	0.20802	0.03863	0.03728	0.05730	0.19097	0.00597	0.01289	0.01034	0.00609	0.00925
66	0.01750	0.04512	0.64825	0.02486	0.03775	0.02026	0.03223	0.02762	0.01842	0.02762	0.01565	0.01842	0.01105	0.00829	0.00829	0.00276	0.01289	0.00645	0.00368	0.01289
67	0.02177	0.16329	0.29731	0.02528	0.03485	0.12777	0.15648	0.02859	0.01981	0.02533	0.01508	0.01830	0.01160	0.00803	0.00816	0.00255	0.01309	0.00684	0.00399	0.01186
68	0.02742	0.18848	0.14342	0.02256	0.06879	0.24193	0.01960	0.10094	0.02362	0.06330	0.01589	0.01766	0.01241	0.00871	0.00763	0.00235	0.01215	0.00615	0.00504	0.01196
69	0.01103	0.00818	0.00958	0.01049	0.01162	0.00750	0.00696	0.01239	0.01670	0.02137	0.05546	0.34901	0.22896	0.18751	0.01896	0.00455	0.00569	0.01989	0.00742	0.00673
70	0.03152	0.03832	0.02369	0.02137	0.02584	0.57778	0.01611	0.06747	0.02524	0.02407	0.01493	0.01716	0.01219	0.00915	0.00780	0.00225	0.01459	0.00592	0.05435	0.01025
71	0.01324	0.00874	0.01100	0.01100	0.01197	0.00934	0.00760	0.01517	0.01420	0.02099	0.02607	0.04389	0.02622	0.32896	0.27451	0.00945	0.01342	0.01058	0.13688	0.00676
72	0.02748	0.03324	0.02113	0.01922	0.02347	0.47931	0.01449	0.05630	0.02436	0.02341	0.03107	0.03168	0.15514	0.01207	0.00847	0.00243	0.01284	0.00867	0.00552	0.00970
73	0.01588	0.01591	0.01343	0.01358	0.01581	0.15730	0.00980	0.01813	0.02053	0.02435	0.14128	0.29722	0.18307	0.02042	0.01006	0.00298	0.00722	0.01750	0.00750	0.00803
74	0.02127	0.02039	0.01815	0.01663	0.02053	0.16265	0.01260	0.09052	0.13571	0.02968	0.05635	0.21203	0.03222	0.01547	0.00917	0.00276	0.00859	0.03487	0.00722	0.09318
75	0.01797	0.17254	0.02917	0.15977	0.06114	0.02233	0.04258	0.02163	0.01605	0.02165	0.01609	0.02307	0.01432	0.02440	0.18122	0.00573	0.14891	0.00754	0.00408	0.00981
76	0.05784	0.29201	0.05993	0.05241	0.14133	0.02745	0.01881	0.02631	0.05576	0.02444	0.01457	0.01829	0.01266	0.00959	0.01154	0.00261	0.15232	0.00643	0.00428	0.01142
77	0.02142	0.09449	0.45842	0.02355	0.03409	0.16829	0.02736	0.02917	0.01981	0.02563	0.01488	0.01746	0.01110	0.00839	0.00798	0.00257	0.01327	0.00612	0.00387	0.01212
78	0.01268	0.00846	0.00951	0.00951	0.00951	0.00846	0.00529	0.01268	0.01268	0.01691	0.02748	0.05708	0.03171	0.69345	0.04440	0.00846	0.00846	0.01268	0.00529	0.00529
79	0.05430	0.01075	0.01317	0.01339	0.01564	0.01062	0.00966	0.05404	0.05992	0.10741	0.04203	0.48440	0.04592	0.02216	0.01024	0.00330	0.00584	0.01969	0.00840	0.00912
80	0.02766	0.02578	0.02830	0.07215	0.21653	0.15316	0.01993	0.24580	0.02851	0.03653	0.01740	0.02008	0.01348	0.00902	0.00841	0.00248	0.01106	0.00723	0.00602	0.05047
81	0.02289	0.16719	0.09757	0.09602	0.05934	0.10944	0.05382	0.07365	0.09193	0.02699	0.01694	0.02009	0.01362	0.00974	0.01078	0.00268	0.10375	0.00708	0.00492	0.01158
82	0.01092	0.00787	0.01040	0.01221	0.01300	0.00735	0.00844	0.01276	0.01744	0.02317	0.07692	0.59314	0.08326	0.02644	0.01112	0.00351	0.00519	0.06148	0.00816	0.00721
83	0.02275	0.03141	0.17023	0.03235	0.24178	0.21509	0.02271	0.02784	0.02102	0.02554	0.02345	0.02609	0.08247	0.00988	0.00851	0.00256	0.01192	0.00800	0.00465	0.01174
84	0.02148	0.07730	0.13759	0.03929	0.32795	0.02271	0.10855	0.06390	0.02048	0.02885	0.01609	0.02055	0.01299	0.00845	0.00993	0.00270	0.05615	0.00767	0.00443	0.01295
85	0.01248	0.06152	0.01411	0.01281	0.01395	0.01078	0.00922	0.01422	0.01574	0.02114	0.03735	0.42773	0.04327	0.10683	0.12440	0.00575	0.03601	0.01859	0.00669	0.00742
86	0.01082	0.00789	0.01020	0.01167	0.01262	0.00726	0.00797	0.01275	0.01807	0.02408	0.12973	0.54624	0.11741	0.02556	0.01094	0.00338	0.00487	0.02298	0.00830	0.00726
87	0.02492	0.40672	0.06464	0.02352	0.12690	0.17527	0.01808	0.02830	0.01972	0.02234	0.01330	0.01585	0.01163	0.00790	0.00674	0.00211	0.01113	0.00548	0.00400	0.01145
88	0.02194	0.16531	0.33009	0.02679	0.12204	0.13825	0.02535	0.02851	0.01964	0.02527	0.01470	0.01756	0.01152	0.00818	0.00775	0.00247	0.01235	0.00615	0.00393	0.01220
89	0.03122	0.02771	0.08625	0.01965	0.02636	0.15514	0.01701	0.31436	0.03165	0.12627	0.02122	0.02156	0.01513	0.00997	0.00834	0.00253	0.01055	0.00739	0.05447	0.01323
90	0.01032	0.00878	0.00889	0.00898	0.01182	0.00735	0.00669	0.01250	0.01974	0.02351	0.08659	0.11056	0.61002	0.02232	0.01035	0.00297	0.00445	0.01869	0.00810	0.00735
91	0.06400	0.01731	0.13865	0.01549	0.01929	0.01272	0.01398	0.05502	0.01894	0.02748	0.08099	0.39137	0.04242	0.01995	0.01070	0.00322	0.03505	0.01732	0.00702	0.00908
92	0.02554	0.16946	0.03334	0.06632	0.26604	0.24695	0.02069	0.02923	0.02099	0.02401	0.01444	0.01803	0.01225	0.00818	0.00773	0.00234	0.01209	0.00637	0.00423	0.01176
93	0.01432	0.01128	0.01543	0.01401	0.01693	0.01187	0.01103	0.01758	0.01511	0.02274	0.02109	0.02957	0.01918	0.04636	0.44162	0.00994	0.05681	0.00823	0.03884	0.17806
94	0.02126	0.02039	0.03482	0.09309	0.60204	0.02064	0.02661	0.02648	0.01971	0.02810	0.01635	0.02170	0.01368	0.00783	0.00864	0.00261	0.01044	0.00777	0.00429	0.01355
95	0.02341	0.03255	0.15790	0.02546	0.06492	0.24967	0.07326	0.02786	0.01984	0.02370	0.01784	0.02161	0.04358	0.01077	0.01320	0.00284	0.16900	0.00746	0.00433	0.01078
96	0.01201	0.09373	0.01352	0.00969	0.01315	0.01075	0.00773	0.01439	0.01986	0.02377	0.10677	0.07438	0.53052	0.02007	0.00973	0.00280	0.00501	0.01658	0.00764	0.00788
97	0.01266	0.00809	0.00975	0.01079	0.01162	0.00786	0.00729	0.01453	0.01626	0.02351	0.03822	0.34062	0.04251	0.19213	0.01847	0.00447	0.00588	0.05211	0.17633	0.00693
98	0.02127	0.02251	0.08292	0.04851	0.54390	0.02076	0.02621	0.02834	0.06608	0.02904	0.01781	0.02218	0.01458	0.00812	0.00863	0.00263	0.01030	0.00783	0.00462	0.01374
99	0.03159	0.06590	0.02646	0.02375	0.06449	0.50987	0.01735	0.10941	0.02626	0.02616	0.01458	0.01670	0.01187	0.00904	0.00793	0.00230	0.01432	0.00600	0.00501	0.01101
100	0.01041	0.00884	0.00898	0.00894	0.01184	0.00741	0.00671	0.01271	0.02012	0.02413	0.11551	0.08301	0.60799	0.02188	0.01031	0.00294	0.00440	0.01828	0.00817	0.00741
101	0.01063	0.00759	0.01012	0.01215	0.01265	0.00709	0.00810	0.01215	0.01670	0.02227	0.04808	0.68775	0.05769	0.02733	0.01113	0.00354	0.00506	0.02480	0.00810	0.00709
102	0.01648	0.01553	0.07610	0.01478	0.01875	0.01353	0.01235	0.02678	0.21307	0.06089	0.12305	0.21922	0.11852	0.01773	0.00979	0.00305	0.00633	0.01539	0.00825	0.01039
103	0.02337	0.02235	0.06793	0.12202	0.39015	0.02199	0.02442	0.16053	0.02434	0.03376	0.01729	0.02146	0.01361	0.00854	0.00865	0.00265	0.01049	0.00771	0.00524	0.01348
104	0.02760	0.06034	0.09520	0.06199	0.02899	0.18889	0.01807	0.18572	0.15259	0.06288	0.02131	0.02195	0.01587	0.00989	0.00834	0.00260	0.01102	0.00742	0.00664	0.01267
105	0.20913	0.24176	0.15459	0.01938	0.05652	0.13881	0.01798	0.02789	0.01850	0.02723	0.01331	0.01563	0.01086	0.00808	0.00665	0.00236	0.01059	0.00537	0.00431	0.01103
106	0.06013	0.21789	0.11348	0.01521	0.04569	0.01870	0.01394	0.02150	0.01923	0.02697	0.11706	0.03878	0.15281	0.01243	0.00780	0.00244	0.00739	0.00986	0.08878	0.00989
107	0.02012	0.25860	0.06643	0.01505	0.02074	0.12718	0.01352	0.02432	0.04814	0.02412	0.08032	0.03672	0.17058	0.01231	0.00786	0.00234	0.00876	0.00943	0.00569	0.04779

[dist]
# distance from previous block
# <min> <max>
7	29

[block]
# block no. 1 follows, 20 sequences, length 17
# corresponding to MSA columns:
# 140-156
name=unknown_B
#
# <colnr> <probs for GDERKNQSTAVLIFYWHMCP>
#	G	D	E	R	K	N	Q	S	T	A	V	L	I	F	Y	W	H	M	C	P
0	0.07000	0.01733	0.08426	0.01840	0.02363	0.01437	0.13024	0.06138	0.02231	0.03263	0.25503	0.11602	0.04432	0.01400	0.00949	0.00278	0.00792	0.01281	0.00716	0.05595
1	0.02402	0.02739	0.08075	0.02568	0.13642	0.19698	0.01830	0.06018	0.22584	0.02995	0.02715	0.02766	0.06020	0.01064	0.00859	0.00266	0.01047	0.00850	0.00630	0.01230
2	0.01989	0.15300	0.03258	0.08096	0.35289	0.02136	0.02132	0.02429	0.01855	0.02527	0.01853	0.02736	0.01679	0.01621	0.09005	0.00401	0.01171	0.04891	0.00448	0.01183
3	0.06149	0.16907	0.06478	0.01931	0.06341	0.19653	0.01541	0.06302	0.06548	0.02656	0.03040	0.03094	0.13679	0.01140	0.00795	0.00246	0.01011	0.00855	0.00561	0.01074
4	0.01851	0.02475	0.18225	0.06700	0.07627	0.01899	0.19955	0.06618	0.02015	0.02803	0.02292	0.15383	0.02151	0.01230	0.01061	0.00301	0.04610	0.01160	0.00521	0.01123
5	0.01861	0.01337	0.01628	0.01556	0.04178	0.01299	0.01141	0.13546	0.02305	0.06324	0.07227	0.22153	0.07678	0.06436	0.01210	0.00328	0.00693	0.07508	0.00771	0.10819
6	0.02162	0.02013	0.03071	0.04281	0.45430	0.02102	0.02288	0.03264	0.20072	0.03089	0.02213	0.02487	0.01766	0.00899	0.00871	0.00270	0.00933	0.00840	0.00568	0.01381
7	0.02955	0.03551	0.06508	0.02850	0.14937	0.41419	0.01973	0.10425	0.02539	0.02733	0.01512	0.01771	0.01219	0.00889	0.00815	0.00239	0.01373	0.00637	0.00494	0.01161
8	0.21708	0.01745	0.02376	0.17688	0.21547	0.01830	0.01826	0.02448	0.01760	0.02991	0.01487	0.01928	0.01196	0.00782	0.00735	0.00244	0.00891	0.00643	0.00468	0.15707
9	0.01312	0.00927	0.01084	0.01022	0.01303	0.00811	0.00774	0.01625	0.02234	0.06982	0.32555	0.07206	0.35087	0.01946	0.01020	0.00284	0.00448	0.01661	0.00894	0.00824
10	0.01246	0.00935	0.01402	0.01402	0.01558	0.01090	0.01090	0.01558	0.01402	0.02025	0.02336	0.03427	0.02181	0.06542	0.65888	0.01402	0.02336	0.00935	0.00467	0.00779
11	0.02470	0.48650	0.03925	0.01866	0.05969	0.13461	0.01584	0.05495	0.01994	0.02276	0.01354	0.01600	0.01202	0.01056	0.03656	0.00257	0.01110	0.00537	0.00417	0.01119
12	0.01177	0.01101	0.04833	0.01129	0.01426	0.00861	0.00933	0.01525	0.02143	0.02825	0.28813	0.11524	0.30989	0.02012	0.01035	0.00297	0.00508	0.05223	0.00841	0.00805
13	0.07994	0.17128	0.02822	0.01959	0.02516	0.36048	0.01577	0.12215	0.05130	0.02828	0.01523	0.01681	0.01234	0.00897	0.00741	0.00229	0.01246	0.00589	0.00525	0.01118
14	0.01181	0.00898	0.01041	0.01060	0.01262	0.00820	0.00791	0.01427	0.01946	0.02499	0.18059	0.07715	0.30641	0.15508	0.01737	0.00418	0.00575	0.10916	0.00784	0.00724
15	0.02226	0.23956	0.34404	0.02131	0.03101	0.12364	0.02398	0.05362	0.02017	0.02571	0.01449	0.01678	0.01129	0.00824	0.00743	0.00241	0.01212	0.00584	0.00404	0.01204
16	0.02130	0.47161	0.25507	0.01838	0.02773	0.02956	0.02094	0.02664	0.01796	0.02299	0.01335	0.01553	0.01114	0.00775	0.00653	0.00218	0.01057	0.00528	0.00371	0.01178

[dist]
# distance from previous block
# <min> <max>
0	6

[block]
# block no. 2 follows, 20 sequences, length 13
# corresponding to MSA columns:
# 163-175
name=unknown_C
#
# <colnr> <probs for GDERKNQSTAVLIFYWHMCP>
#	G	D	E	R	K	N	Q	S	T	A	V	L	I	F	Y	W	H	M	C	P
0	0.01212	0.00931	0.01136	0.01199	0.01440	0.00854	0.00975	0.01539	0.02090	0.02676	0.17954	0.08572	0.30594	0.02201	0.01096	0.00331	0.00572	0.23011	0.00837	0.00779
1	0.01296	0.01119	0.01465	0.01806	0.13508	0.01017	0.01092	0.01616	0.02091	0.02698	0.19148	0.06768	0.39480	0.01837	0.00998	0.00283	0.00552	0.01576	0.00768	0.00882
2	0.06139	0.08024	0.02201	0.01712	0.02219	0.14620	0.01364	0.11634	0.24065	0.05988	0.02507	0.02503	0.01905	0.01027	0.00785	0.00254	0.00887	0.00779	0.10176	0.01210
3	0.02055	0.01547	0.01703	0.01525	0.01865	0.04542	0.01185	0.07341	0.18911	0.08441	0.16229	0.10123	0.03802	0.01444	0.01069	0.00285	0.06316	0.01179	0.09348	0.01090
4	0.08603	0.02065	0.02846	0.03562	0.33280	0.02181	0.02052	0.15753	0.11605	0.06354	0.02074	0.02285	0.01597	0.00914	0.00843	0.00267	0.00924	0.00790	0.00635	0.01372
5	0.07978	0.01547	0.02237	0.30187	0.10831	0.01762	0.01916	0.08007	0.02041	0.02916	0.02287	0.03752	0.02040	0.01186	0.00889	0.00298	0.00959	0.11985	0.06161	0.01021
6	0.24322	0.08109	0.10545	0.07740	0.20785	0.06088	0.01988	0.05846	0.01925	0.03145	0.01466	0.01804	0.01166	0.00820	0.00732	0.00259	0.00989	0.00629	0.00473	0.01167
7	0.14895	0.02162	0.07385	0.09283	0.05590	0.06760	0.01632	0.14409	0.05240	0.13764	0.02722	0.02771	0.07582	0.01071	0.00823	0.00271	0.00913	0.00831	0.00696	0.01199
8	0.02519	0.03414	0.17982	0.02254	0.05399	0.26571	0.01996	0.08678	0.12466	0.02903	0.02314	0.02415	0.05255	0.01018	0.00840	0.00259	0.01204	0.00762	0.00563	0.01186
9	0.06004	0.02805	0.02140	0.01873	0.02358	0.31511	0.01451	0.10731	0.07590	0.10912	0.02541	0.02613	0.06264	0.01474	0.05586	0.00335	0.01243	0.00789	0.00656	0.01124
10	0.08425	0.02001	0.02206	0.04837	0.10140	0.07868	0.01559	0.18942	0.07145	0.03589	0.09085	0.03030	0.05641	0.01616	0.06461	0.00368	0.04345	0.00909	0.00679	0.01154
11	0.01901	0.13664	0.18966	0.02340	0.09794	0.01897	0.06757	0.02463	0.01941	0.05672	0.02838	0.04024	0.07267	0.01232	0.00889	0.00280	0.00991	0.12024	0.00547	0.04511
12	0.01828	0.02412	0.17318	0.02066	0.07580	0.06973	0.01774	0.02843	0.17010	0.02901	0.08123	0.10958	0.08568	0.01339	0.00903	0.00279	0.00871	0.01130	0.00657	0.04466

[dist]
# distance from previous block
# <min> <max>
18	97

[block]
# block no. 3 follows, 20 sequences, length 40
# corresponding to MSA columns:
# 274-313
name=unknown_D
#
# <colnr> <probs for GDERKNQSTAVLIFYWHMCP>
#	G	D	E	R	K	N	Q	S	T	A	V	L	I	F	Y	W	H	M	C	P
0	0.02075	0.17493	0.16620	0.01909	0.02595	0.05000	0.04088	0.09548	0.07434	0.03004	0.06952	0.03794	0.02586	0.01243	0.00873	0.00279	0.00980	0.11784	0.00608	0.01137
1	0.12209	0.03118	0.27432	0.03129	0.19620	0.05961	0.08196	0.02738	0.01890	0.02913	0.01543	0.01900	0.01187	0.00800	0.00808	0.00264	0.01147	0.00684	0.00427	0.04036
2	0.02007	0.06503	0.15798	0.02432	0.13683	0.01943	0.01935	0.08290	0.06548	0.03029	0.01947	0.02308	0.01557	0.01378	0.06144	0.00343	0.05911	0.00739	0.09678	0.07827
3	0.02289	0.07487	0.02715	0.02977	0.25780	0.09658	0.01775	0.02692	0.01993	0.07334	0.01787	0.02121	0.01450	0.01024	0.03329	0.00261	0.00992	0.00680	0.05062	0.18596
4	0.08109	0.09066	0.22232	0.05046	0.08022	0.06007	0.02099	0.02923	0.05535	0.09637	0.01869	0.02102	0.01406	0.00943	0.00954	0.00268	0.06786	0.00693	0.05112	0.01191
5	0.02473	0.07308	0.02212	0.01759	0.02208	0.14318	0.01372	0.21345	0.11582	0.03427	0.02727	0.16970	0.02581	0.04433	0.01047	0.00300	0.00931	0.01143	0.00727	0.01137
6	0.02126	0.02254	0.12197	0.01711	0.02387	0.09016	0.03911	0.02747	0.07235	0.10595	0.03172	0.07144	0.10449	0.01159	0.00841	0.00241	0.00874	0.00957	0.00645	0.20340
7	0.07986	0.07439	0.01801	0.01375	0.01742	0.05686	0.01115	0.13138	0.02173	0.03314	0.02174	0.02574	0.01758	0.01776	0.09908	0.00397	0.04686	0.00749	0.29220	0.00990
8	0.01488	0.01348	0.02287	0.02591	0.16995	0.01286	0.10999	0.01830	0.01838	0.02481	0.03892	0.36586	0.08972	0.01888	0.01032	0.00316	0.00786	0.01775	0.00658	0.00950
9	0.08542	0.02341	0.01938	0.10856	0.02659	0.22961	0.01462	0.02956	0.14189	0.02674	0.03354	0.03731	0.12907	0.01272	0.00867	0.00275	0.01011	0.04370	0.00623	0.01012
10	0.02410	0.02640	0.03006	0.17011	0.32253	0.22681	0.02304	0.02846	0.02094	0.02491	0.01528	0.02003	0.01253	0.00836	0.00840	0.00254	0.01236	0.00707	0.00428	0.01177
11	0.01750	0.04512	0.64825	0.02486	0.03775	0.02026	0.03223	0.02762	0.01842	0.02762	0.01565	0.01842	0.01105	0.00829	0.00829	0.00276	0.01289	0.00645	0.00368	0.01289
12	0.02092	0.02028	0.03528	0.12577	0.53468	0.02065	0.06153	0.02631	0.01962	0.02773	0.01638	0.02190	0.01352	0.00786	0.00875	0.00265	0.01077	0.00792	0.00427	0.01320
13	0.03258	0.04157	0.02472	0.02247	0.02697	0.65843	0.01685	0.03483	0.02472	0.02135	0.01348	0.01573	0.01124	0.00899	0.00787	0.00225	0.01573	0.00562	0.00449	0.01011
14	0.01031	0.00884	0.00884	0.00884	0.01178	0.00736	0.00663	0.01252	0.01988	0.02356	0.08837	0.08395	0.63549	0.02209	0.01031	0.00295	0.00442	0.01841	0.00810	0.00736
15	0.01626	0.00813	0.00813	0.00813	0.01016	0.00813	0.00610	0.02033	0.01829	0.03252	0.02846	0.03252	0.02236	0.01016	0.00610	0.00203	0.00407	0.00813	0.74187	0.00813
16	0.01203	0.00942	0.01378	0.12222	0.04575	0.00965	0.01150	0.01440	0.01695	0.02252	0.04145	0.55175	0.04836	0.02348	0.01064	0.00340	0.00635	0.02131	0.00725	0.00778
17	0.01800	0.01786	0.02259	0.05416	0.02280	0.07219	0.01659	0.02023	0.01505	0.02119	0.01861	0.11897	0.01946	0.02213	0.09794	0.00481	0.41359	0.01020	0.00460	0.00903
18	0.01515	0.00758	0.01136	0.01136	0.01136	0.00758	0.00758	0.01136	0.01136	0.01515	0.01515	0.02652	0.01515	0.03030	0.03409	0.74621	0.00758	0.00758	0.00379	0.00379
19	0.02623	0.09269	0.16899	0.02766	0.13017	0.24678	0.04385	0.10963	0.02398	0.02871	0.01551	0.01815	0.01218	0.00864	0.00810	0.00246	0.01278	0.00656	0.00479	0.01214
20	0.08287	0.16425	0.19717	0.19600	0.14699	0.02297	0.02365	0.02560	0.01797	0.02593	0.01473	0.01898	0.01159	0.00812	0.00766	0.00258	0.01085	0.00651	0.00401	0.01158
21	0.01750	0.04512	0.64825	0.02486	0.03775	0.02026	0.03223	0.02762	0.01842	0.02762	0.01565	0.01842	0.01105	0.00829	0.00829	0.00276	0.01289	0.00645	0.00368	0.01289
22	0.02292	0.03221	0.29656	0.03225	0.21659	0.02222	0.02639	0.18322	0.02490	0.03521	0.01730	0.02005	0.01290	0.00872	0.00851	0.00267	0.01125	0.00722	0.00522	0.01369
23	0.03332	0.02267	0.02490	0.01926	0.02608	0.02463	0.01585	0.49149	0.07499	0.14043	0.02383	0.02295	0.01656	0.01060	0.00874	0.00265	0.00911	0.00811	0.00904	0.01477
24	0.02133	0.02296	0.12985	0.02603	0.13718	0.01964	0.06529	0.06855	0.23357	0.06489	0.05652	0.03142	0.06154	0.01095	0.00899	0.00281	0.00905	0.00958	0.00691	0.01295
25	0.18616	0.24885	0.12183	0.01796	0.02396	0.08575	0.01730	0.02600	0.01694	0.02591	0.01264	0.01589	0.01084	0.00947	0.01087	0.00262	0.14656	0.00564	0.00419	0.01062
26	0.02189	0.04206	0.42843	0.02670	0.08681	0.19110	0.02764	0.02948	0.02023	0.02602	0.01514	0.01797	0.01134	0.00843	0.00820	0.00261	0.01343	0.00634	0.00396	0.01223
27	0.01268	0.00846	0.00951	0.00951	0.00951	0.00846	0.00529	0.01268	0.01268	0.01691	0.02748	0.05708	0.03171	0.69345	0.04440	0.00846	0.00846	0.01268	0.00529	0.00529
28	0.01269	0.00908	0.01267	0.01262	0.01394	0.01009	0.00937	0.01533	0.01479	0.02135	0.07029	0.04089	0.02828	0.17991	0.45776	0.01148	0.01804	0.01041	0.04366	0.00736
29	0.02183	0.02384	0.12532	0.02465	0.03181	0.02055	0.21359	0.17911	0.06082	0.03393	0.02204	0.06268	0.01842	0.05687	0.06035	0.00404	0.01234	0.00993	0.00598	0.01190
30	0.01592	0.01370	0.01385	0.01331	0.01633	0.05369	0.00993	0.06555	0.13630	0.02907	0.11359	0.21498	0.23130	0.01931	0.00996	0.00301	0.00614	0.01650	0.00821	0.00935
31	0.01976	0.02931	0.21120	0.03358	0.04349	0.02158	0.45342	0.02786	0.02001	0.02786	0.01711	0.02216	0.01265	0.00760	0.00976	0.00289	0.01422	0.00926	0.00422	0.01207
32	0.07235	0.02484	0.14828	0.01846	0.02528	0.02159	0.01751	0.31035	0.02904	0.04174	0.02391	0.02526	0.05319	0.01083	0.00931	0.00267	0.04643	0.00805	0.09842	0.01249
33	0.01729	0.01066	0.01375	0.06130	0.01657	0.01122	0.00919	0.01886	0.01567	0.10953	0.05329	0.04620	0.02873	0.40633	0.07103	0.00678	0.05239	0.01119	0.03238	0.00766
34	0.01880	0.08028	0.28235	0.03010	0.17779	0.02076	0.07538	0.02548	0.01857	0.02673	0.02066	0.02421	0.05284	0.00958	0.01007	0.00274	0.06672	0.00791	0.03699	0.01204
35	0.02053	0.01624	0.02607	0.06741	0.18978	0.01516	0.10006	0.02497	0.02061	0.11898	0.06597	0.03767	0.14440	0.01149	0.00905	0.00259	0.00860	0.01053	0.00642	0.10349
36	0.02329	0.02426	0.02528	0.02207	0.04734	0.19108	0.05438	0.06935	0.02008	0.02588	0.01536	0.02013	0.01319	0.01385	0.05091	0.00336	0.22539	0.00710	0.04319	0.10452
37	0.02007	0.03594	0.43073	0.02654	0.07502	0.01923	0.10212	0.02847	0.01933	0.08112	0.01757	0.02022	0.01256	0.00821	0.00847	0.00266	0.01200	0.00713	0.00454	0.06806
38	0.02702	0.20612	0.03338	0.02934	0.20288	0.27189	0.01920	0.06580	0.02249	0.02528	0.01444	0.01729	0.01219	0.00833	0.00755	0.00227	0.01213	0.00613	0.00451	0.01176
39	0.01900	0.01503	0.01838	0.12279	0.08637	0.06140	0.01428	0.02403	0.05849	0.10400	0.12612	0.05144	0.18798	0.01505	0.00956	0.00288	0.00780	0.05792	0.00736	0.01010

[dist]
# distance from previous block
# <min> <max>
2	6

[block]
# block no. 4 follows, 20 sequences, length 264
# corresponding to MSA columns:
# 320-583
name=unknown_E
#
# <colnr> <probs for GDERKNQSTAVLIFYWHMCP>
#	G	D	E	R	K	N	Q	S	T	A	V	L	I	F	Y	W	H	M	C	P
0	0.02330	0.01934	0.02324	0.02320	0.13249	0.02001	0.01570	0.18653	0.19891	0.03756	0.02737	0.02770	0.05592	0.01028	0.00839	0.00246	0.00800	0.00852	0.00722	0.16387
1	0.02003	0.02573	0.16341	0.11365	0.02891	0.14726	0.01822	0.02519	0.01901	0.02611	0.01851	0.02287	0.01465	0.01188	0.03859	0.00298	0.05034	0.00702	0.18990	0.05575
2	0.01063	0.00759	0.01012	0.01215	0.01265	0.00709	0.00810	0.01215	0.01670	0.02227	0.04808	0.68775	0.05769	0.02733	0.01113	0.00354	0.00506	0.02480	0.00810	0.00709
3	0.03190	0.04028	0.02538	0.02440	0.06494	0.61886	0.01747	0.03433	0.02442	0.02179	0.01366	0.01609	0.01140	0.00891	0.00791	0.00227	0.01540	0.00575	0.00448	0.01034
4	0.01106	0.00774	0.01033	0.01218	0.01271	0.00730	0.00823	0.01241	0.01646	0.02192	0.04575	0.60597	0.05448	0.05681	0.01357	0.03369	0.00545	0.04923	0.00780	0.00692
5	0.01989	0.01505	0.02170	0.02621	0.20181	0.01431	0.01660	0.02535	0.05832	0.09480	0.03318	0.05049	0.06505	0.01414	0.00949	0.00289	0.00811	0.18749	0.00684	0.12828
6	0.18717	0.03862	0.50207	0.02178	0.03295	0.02010	0.02699	0.02717	0.01759	0.03027	0.01485	0.01744	0.01068	0.00824	0.00762	0.00275	0.01148	0.00605	0.00408	0.01210
7	0.02159	0.02073	0.03541	0.05354	0.63903	0.02073	0.02677	0.02677	0.01986	0.02850	0.01641	0.02159	0.01382	0.00777	0.00864	0.00259	0.01036	0.00777	0.00432	0.01382
8	0.02044	0.02460	0.08099	0.03618	0.04520	0.02197	0.57891	0.02793	0.02048	0.02793	0.01755	0.02328	0.01313	0.00740	0.01019	0.00293	0.01462	0.01010	0.00438	0.01182
9	0.02046	0.02316	0.04942	0.03561	0.04370	0.02245	0.55852	0.02736	0.01999	0.02736	0.01713	0.02316	0.01309	0.00801	0.01182	0.00301	0.06972	0.01007	0.00436	0.01158
10	0.01078	0.00770	0.01030	0.01232	0.01289	0.00722	0.00836	0.01241	0.01685	0.02244	0.04799	0.66133	0.05736	0.02718	0.01117	0.00356	0.00519	0.04970	0.00809	0.00713
11	0.01530	0.01317	0.01361	0.01274	0.01656	0.01364	0.00977	0.02734	0.28422	0.02923	0.06521	0.06143	0.36876	0.01760	0.00968	0.00295	0.00551	0.01466	0.00844	0.01019
12	0.01446	0.00899	0.01149	0.01193	0.01339	0.00880	0.00873	0.01687	0.01765	0.06273	0.09784	0.20602	0.04347	0.17897	0.07040	0.00528	0.00774	0.10905	0.09857	0.00761
13	0.03125	0.03941	0.02484	0.07643	0.02971	0.60538	0.01747	0.03379	0.02411	0.02143	0.01365	0.01636	0.01127	0.00897	0.00794	0.00230	0.01539	0.00580	0.00444	0.01008
14	0.01750	0.04512	0.64825	0.02486	0.03775	0.02026	0.03223	0.02762	0.01842	0.02762	0.01565	0.01842	0.01105	0.00829	0.00829	0.00276	0.01289	0.00645	0.00368	0.01289
15	0.01031	0.00884	0.00884	0.00884	0.01178	0.00736	0.00663	0.01252	0.01988	0.02356	0.08837	0.08395	0.63549	0.02209	0.01031	0.00295	0.00442	0.01841	0.00810	0.00736
16	0.01768	0.04385	0.61305	0.02556	0.03822	0.02036	0.06615	0.02764	0.01854	0.02764	0.01577	0.01872	0.01118	0.00823	0.00841	0.00277	0.01300	0.00667	0.00373	0.01282
17	0.02159	0.02073	0.03541	0.05354	0.63903	0.02073	0.02677	0.02677	0.01986	0.02850	0.01641	0.02159	0.01382	0.00777	0.00864	0.00259	0.01036	0.00777	0.00432	0.01382
18	0.01051	0.00806	0.00964	0.01090	0.01232	0.00719	0.00754	0.01229	0.01790	0.02276	0.06323	0.46059	0.27507	0.02536	0.01082	0.00332	0.00482	0.02239	0.00810	0.00719
19	0.02159	0.02073	0.03541	0.05354	0.63903	0.02073	0.02677	0.02677	0.01986	0.02850	0.01641	0.02159	0.01382	0.00777	0.00864	0.00259	0.01036	0.00777	0.00432	0.01382
20	0.23242	0.03259	0.05468	0.01922	0.02475	0.36197	0.01558	0.10956	0.02384	0.03116	0.01423	0.01614	0.01122	0.00890	0.00732	0.00245	0.01226	0.00572	0.00527	0.01071
21	0.01879	0.03722	0.44657	0.03335	0.20156	0.02049	0.06467	0.02741	0.01894	0.02788	0.01598	0.01958	0.01193	0.00809	0.00850	0.00273	0.01231	0.00703	0.00390	0.01308
22	0.01031	0.00884	0.00884	0.00884	0.01178	0.00736	0.00663	0.01252	0.01988	0.02356	0.08837	0.08395	0.63549	0.02209	0.01031	0.00295	0.00442	0.01841	0.00810	0.00736
23	0.02159	0.02073	0.03541	0.05354	0.63903	0.02073	0.02677	0.02677	0.01986	0.02850	0.01641	0.02159	0.01382	0.00777	0.00864	0.00259	0.01036	0.00777	0.00432	0.01382
24	0.02065	0.02634	0.17639	0.04694	0.50071	0.02062	0.02803	0.02697	0.01953	0.02830	0.01623	0.02086	0.01318	0.00789	0.00856	0.00263	0.01094	0.00747	0.00417	0.01360
25	0.01738	0.01710	0.01455	0.01400	0.01692	0.15124	0.01037	0.04955	0.06006	0.02680	0.13510	0.19890	0.21729	0.01860	0.00979	0.00289	0.00740	0.01565	0.00761	0.00880
26	0.02170	0.01874	0.01972	0.01775	0.02268	0.02170	0.01381	0.04635	0.62327	0.03649	0.03550	0.03254	0.02663	0.01183	0.00888	0.00296	0.00690	0.00986	0.00888	0.01381
27	0.01130	0.00829	0.01060	0.01126	0.01270	0.00759	0.00797	0.01397	0.02038	0.02767	0.29481	0.35809	0.13755	0.02278	0.01069	0.00314	0.00459	0.02031	0.00872	0.00759
28	0.01529	0.01364	0.02080	0.01855	0.02001	0.01715	0.05078	0.01824	0.01419	0.02099	0.01883	0.02827	0.01764	0.04421	0.39737	0.00975	0.25248	0.00880	0.00436	0.00865
29	0.01669	0.01202	0.01466	0.01351	0.01555	0.01312	0.00986	0.13613	0.01920	0.02625	0.02566	0.07390	0.02588	0.28244	0.26666	0.00910	0.01413	0.01107	0.00591	0.00828
30	0.01905	0.21993	0.48709	0.02220	0.03364	0.02407	0.02760	0.02722	0.01823	0.02572	0.01471	0.01723	0.01109	0.00807	0.00757	0.00252	0.01194	0.00597	0.00370	0.01244
31	0.03270	0.03806	0.02502	0.02198	0.02698	0.52906	0.01680	0.15267	0.02806	0.02824	0.01501	0.01680	0.01197	0.00929	0.00804	0.00232	0.01447	0.00608	0.00536	0.01108
32	0.03044	0.01679	0.01998	0.01663	0.02247	0.01724	0.01331	0.04442	0.32319	0.34173	0.03496	0.03111	0.02410	0.01131	0.00882	0.00283	0.00716	0.00932	0.00984	0.01433
33	0.02159	0.02073	0.03541	0.05354	0.63903	0.02073	0.02677	0.02677	0.01986	0.02850	0.01641	0.02159	0.01382	0.00777	0.00864	0.00259	0.01036	0.00777	0.00432	0.01382
34	0.01431	0.01218	0.01276	0.01223	0.01577	0.01227	0.00946	0.02405	0.21940	0.02799	0.06829	0.06784	0.39809	0.01882	0.00994	0.00302	0.00546	0.05023	0.00835	0.00954
35	0.01126	0.00890	0.01029	0.01097	0.01330	0.00793	0.00849	0.01385	0.01973	0.02457	0.10568	0.17727	0.39336	0.02305	0.01080	0.00325	0.00525	0.13637	0.00817	0.00751
36	0.01092	0.00878	0.00974	0.00967	0.01220	0.00760	0.00719	0.01365	0.02109	0.02681	0.24515	0.11593	0.43828	0.02117	0.01035	0.00292	0.00437	0.01804	0.00854	0.00760
37	0.13460	0.02689	0.02188	0.01871	0.02393	0.22568	0.01467	0.25069	0.06587	0.03773	0.02072	0.08130	0.01764	0.01131	0.00820	0.00262	0.01056	0.00839	0.00684	0.01176
38	0.03316	0.02443	0.02618	0.02007	0.02705	0.02705	0.01658	0.60995	0.04101	0.05497	0.02094	0.02094	0.01483	0.01047	0.00873	0.00262	0.00960	0.00785	0.00873	0.01483
39	0.01276	0.00933	0.01231	0.01321	0.01523	0.00888	0.01077	0.01637	0.02125	0.02831	0.23972	0.13489	0.13415	0.02211	0.01119	0.00344	0.00608	0.28353	0.00855	0.00793
40	0.01033	0.00876	0.00892	0.00904	0.01184	0.00735	0.00672	0.01250	0.01969	0.02348	0.08588	0.12118	0.59987	0.02241	0.01036	0.00298	0.00446	0.01880	0.00810	0.00735
41	0.02018	0.01335	0.01387	0.01245	0.01598	0.01452	0.00969	0.11348	0.18343	0.03686	0.02924	0.03083	0.02240	0.01065	0.00722	0.00237	0.00563	0.00855	0.43865	0.01063
42	0.02059	0.02353	0.05147	0.03676	0.04559	0.02206	0.60735	0.02794	0.02059	0.02794	0.01765	0.02353	0.01324	0.00735	0.01029	0.00294	0.01471	0.01029	0.00441	0.01176
43	0.02591	0.01744	0.01844	0.01495	0.01981	0.01894	0.01208	0.35708	0.03127	0.04534	0.02416	0.02591	0.01806	0.01034	0.00760	0.00237	0.00723	0.00797	0.32314	0.01196
44	0.02159	0.02073	0.03541	0.05354	0.63903	0.02073	0.02677	0.02677	0.01986	0.02850	0.01641	0.02159	0.01382	0.00777	0.00864	0.00259	0.01036	0.00777	0.00432	0.01382
45	0.01031	0.00884	0.00884	0.00884	0.01178	0.00736	0.00663	0.01252	0.01988	0.02356	0.08837	0.08395	0.63549	0.02209	0.01031	0.00295	0.00442	0.01841	0.00810	0.00736
46	0.01200	0.00817	0.00971	0.01038	0.01055	0.00800	0.00622	0.01251	0.01401	0.01868	0.03429	0.26561	0.04030	0.47320	0.03340	0.00683	0.00733	0.01669	0.00622	0.00588
47	0.01063	0.00759	0.01012	0.01215	0.01265	0.00709	0.00810	0.01215	0.01670	0.02227	0.04808	0.68775	0.05769	0.02733	0.01113	0.00354	0.00506	0.02480	0.00810	0.00709
48	0.01264	0.00864	0.01044	0.01044	0.01076	0.00896	0.00644	0.01328	0.01296	0.01760	0.02664	0.05241	0.02968	0.56476	0.17031	0.00960	0.01151	0.01200	0.00516	0.00580
49	0.01884	0.19547	0.50964	0.02258	0.03422	0.02354	0.02825	0.02728	0.01826	0.02599	0.01484	0.01740	0.01108	0.00810	0.00767	0.00256	0.01207	0.00604	0.00369	0.01250
50	0.01055	0.00788	0.00983	0.01138	0.01245	0.00715	0.00776	0.01223	0.01743	0.02257	0.05734	0.54885	0.19061	0.02612	0.01094	0.00341	0.00491	0.02333	0.00810	0.00715
51	0.02341	0.31880	0.25174	0.02014	0.02882	0.17305	0.02142	0.02865	0.01958	0.02320	0.01367	0.01594	0.01115	0.00810	0.00706	0.00227	0.01205	0.00551	0.00389	0.01154
52	0.08126	0.32704	0.33343	0.01943	0.02934	0.02640	0.02281	0.02681	0.01782	0.02549	0.01383	0.01614	0.01098	0.00791	0.00688	0.00237	0.01083	0.00553	0.00385	0.01187
53	0.02178	0.17865	0.39671	0.02233	0.03239	0.15395	0.02552	0.02879	0.01957	0.02488	0.01448	0.01696	0.01112	0.00826	0.00765	0.00247	0.01274	0.00591	0.00386	0.01197
54	0.01247	0.01059	0.01100	0.01079	0.01401	0.00995	0.00830	0.01858	0.12197	0.02591	0.07682	0.07614	0.49641	0.02048	0.01017	0.00301	0.00506	0.05161	0.00823	0.00849
55	0.02159	0.02073	0.03541	0.05354	0.63903	0.02073	0.02677	0.02677	0.01986	0.02850	0.01641	0.02159	0.01382	0.00777	0.00864	0.00259	0.01036	0.00777	0.00432	0.01382
56	0.02992	0.17006	0.03028	0.02288	0.07686	0.31450	0.01721	0.18098	0.02709	0.03046	0.01538	0.01721	0.01237	0.00896	0.00769	0.00229	0.01239	0.00618	0.00542	0.01186
57	0.01246	0.00935	0.01402	0.01402	0.01558	0.01090	0.01090	0.01558	0.01402	0.02025	0.02336	0.03427	0.02181	0.06542	0.65888	0.01402	0.02336	0.00935	0.00467	0.00779
58	0.02403	0.02597	0.03366	0.04257	0.39920	0.17715	0.07468	0.02849	0.02071	0.02623	0.01549	0.02017	0.01299	0.00850	0.00983	0.00261	0.05344	0.00746	0.00434	0.01247
