[name]
unknown

[dist]
# distance from previous block
# <min> <max>
0	13

[block]
# block no. 0 follows, 20 sequences, length 45
# corresponding to MSA columns:
# 13-57
name=unknown_A
#
# <colnr> <probs for GDERKNQSTAVLIFYWHMCP>
#	G	D	E	R	K	N	Q	S	T	A	V	L	I	F	Y	W	H	M	C	P
0	0.01289	0.00844	0.01126	0.01231	0.01360	0.00783	0.00873	0.01520	0.01905	0.06279	0.16998	0.48627	0.06027	0.02417	0.01086	0.00335	0.00516	0.05142	0.00857	0.00784
1	0.02202	0.01246	0.01495	0.01346	0.01741	0.01193	0.01029	0.02879	0.13935	0.22635	0.04997	0.17972	0.17584	0.04248	0.01097	0.00320	0.00616	0.01472	0.00902	0.01091
2	0.01967	0.01058	0.01272	0.01152	0.01531	0.00908	0.00886	0.02215	0.02102	0.22411	0.06458	0.16175	0.34598	0.01927	0.00994	0.00296	0.00549	0.01630	0.00897	0.00974
3	0.07596	0.01987	0.02225	0.01747	0.02377	0.02103	0.01432	0.34684	0.06541	0.20414	0.07671	0.02718	0.02262	0.01111	0.00868	0.00267	0.00825	0.00868	0.00914	0.01390
4	0.57296	0.01596	0.01411	0.01218	0.01760	0.01756	0.00999	0.02813	0.01738	0.15050	0.05830	0.02048	0.01661	0.00925	0.00635	0.00270	0.00669	0.00622	0.00668	0.01036
5	0.01433	0.00950	0.01146	0.01062	0.01350	0.00837	0.00809	0.01763	0.02286	0.09356	0.36178	0.06875	0.28950	0.01875	0.01014	0.00282	0.00457	0.01607	0.00915	0.00858
6	0.01600	0.01218	0.01374	0.01265	0.01608	0.01229	0.00970	0.02574	0.20431	0.06450	0.26323	0.05886	0.22257	0.01688	0.00979	0.00286	0.00522	0.01438	0.00901	0.01002
7	0.75506	0.01687	0.01282	0.01147	0.01687	0.01957	0.00945	0.02564	0.01484	0.03914	0.01215	0.01417	0.00945	0.00810	0.00540	0.00270	0.00675	0.00472	0.00540	0.00945
8	0.01493	0.00984	0.01208	0.01193	0.01302	0.01022	0.00807	0.01800	0.12025	0.02056	0.02960	0.10251	0.06389	0.19781	0.02865	0.30754	0.00725	0.01162	0.00575	0.00647
9	0.01929	0.01758	0.02828	0.46635	0.18958	0.02044	0.02406	0.08115	0.02032	0.02693	0.01625	0.02265	0.01245	0.00868	0.00870	0.00281	0.01114	0.00777	0.00445	0.01114
10	0.01102	0.00794	0.01032	0.01195	0.01277	0.00742	0.00821	0.01279	0.01733	0.02297	0.08069	0.54414	0.09619	0.06234	0.01289	0.00375	0.00533	0.05682	0.00802	0.00712
11	0.01057	0.00781	0.00990	0.01156	0.01250	0.00713	0.00784	0.01221	0.01726	0.02250	0.05515	0.58167	0.15920	0.02641	0.01099	0.00344	0.00495	0.02368	0.00810	0.00713
12	0.01383	0.01215	0.01749	0.22799	0.08140	0.01275	0.01501	0.01779	0.01941	0.02458	0.08743	0.05963	0.27689	0.01654	0.00986	0.00302	0.00767	0.08127	0.00650	0.00880
13	0.01444	0.01233	0.01500	0.05506	0.07043	0.01239	0.01124	0.02220	0.14651	0.02902	0.18265	0.06029	0.30084	0.01703	0.00977	0.00287	0.00581	0.01452	0.00800	0.00958
14	0.01335	0.00906	0.01264	0.01264	0.01431	0.01025	0.00978	0.01669	0.01502	0.02313	0.02456	0.03386	0.02194	0.05245	0.50561	0.01120	0.01883	0.00906	0.17777	0.00787
15	0.27435	0.01914	0.01864	0.01516	0.02078	0.02135	0.01241	0.31358	0.02836	0.04586	0.01923	0.02059	0.01427	0.00962	0.00716	0.00255	0.00771	0.00684	0.13052	0.01189
16	0.01933	0.05880	0.02783	0.02243	0.02287	0.02717	0.01884	0.02129	0.01361	0.02096	0.01149	0.01879	0.01144	0.01481	0.02728	0.00370	0.63843	0.00746	0.00381	0.00964
17	0.02159	0.02073	0.03541	0.05354	0.63903	0.02073	0.02677	0.02677	0.01986	0.02850	0.01641	0.02159	0.01382	0.00777	0.00864	0.00259	0.01036	0.00777	0.00432	0.01382
18	0.02381	0.35498	0.21541	0.01958	0.02792	0.17688	0.02039	0.02860	0.01957	0.02277	0.01347	0.01568	0.01116	0.00806	0.00691	0.00222	0.01186	0.00540	0.00390	0.01143
19	0.01980	0.20434	0.46483	0.02230	0.03337	0.06103	0.02711	0.02768	0.01862	0.02553	0.01467	0.01718	0.01110	0.00813	0.00761	0.00251	0.01219	0.00596	0.00374	0.01231
20	0.02453	0.02512	0.02824	0.24036	0.20079	0.19082	0.02184	0.11174	0.02343	0.02842	0.01599	0.02048	0.01257	0.00879	0.00847	0.00261	0.01209	0.00720	0.00486	0.01165
21	0.07761	0.03157	0.02773	0.03242	0.23986	0.35385	0.01980	0.06682	0.02336	0.02712	0.01487	0.01799	0.01224	0.00860	0.00802	0.00242	0.01287	0.00645	0.00475	0.01165
22	0.02179	0.02352	0.02269	0.25227	0.03578	0.22276	0.01786	0.06066	0.02131	0.02412	0.02770	0.03106	0.12171	0.01183	0.01042	0.00276	0.06801	0.00895	0.00511	0.00972
23	0.01210	0.00833	0.00971	0.01009	0.01048	0.00810	0.00609	0.01276	0.01457	0.01935	0.06700	0.18798	0.07616	0.48155	0.03376	0.00682	0.00729	0.01567	0.00626	0.00593
24	0.01300	0.00891	0.01127	0.01111	0.01321	0.00806	0.00816	0.01617	0.02208	0.06195	0.37713	0.20674	0.16883	0.02034	0.01040	0.00296	0.00455	0.01790	0.00907	0.00817
25	0.01931	0.02019	0.01784	0.01692	0.01925	0.22071	0.01289	0.02189	0.01736	0.02044	0.01983	0.02892	0.01848	0.08348	0.37875	0.00936	0.05304	0.00826	0.00461	0.00847
26	0.01836	0.01566	0.02039	0.02439	0.18877	0.01617	0.01463	0.07509	0.15828	0.03054	0.08070	0.04535	0.16636	0.09115	0.01328	0.00344	0.00751	0.01180	0.00706	0.01107
27	0.01295	0.01065	0.01141	0.01136	0.01403	0.01041	0.00828	0.01955	0.14509	0.02547	0.06481	0.18062	0.35175	0.07782	0.01305	0.00352	0.00540	0.01729	0.00802	0.00849
28	0.01328	0.00942	0.01054	0.01012	0.01320	0.00811	0.00779	0.01600	0.02112	0.07828	0.17211	0.07696	0.46222	0.02053	0.01026	0.00295	0.00481	0.04556	0.00857	0.00818
29	0.02346	0.02451	0.03282	0.08099	0.48831	0.14504	0.02470	0.02810	0.02068	0.02677	0.01579	0.02054	0.01320	0.00806	0.00849	0.00254	0.01148	0.00735	0.00433	0.01287
30	0.01258	0.00813	0.00961	0.01027	0.01093	0.00791	0.00658	0.01407	0.01580	0.02262	0.07217	0.27161	0.04218	0.30117	0.02405	0.00527	0.00624	0.01627	0.13593	0.00659
31	0.01185	0.00867	0.00975	0.00960	0.01097	0.00806	0.00633	0.01342	0.01750	0.02282	0.17397	0.06736	0.23527	0.33748	0.02636	0.00550	0.00626	0.01516	0.00709	0.00657
32	0.01031	0.00884	0.00884	0.00884	0.01178	0.00736	0.00663	0.01252	0.01988	0.02356	0.08837	0.08395	0.63549	0.02209	0.01031	0.00295	0.00442	0.01841	0.00810	0.00736
33	0.01031	0.00884	0.00884	0.00884	0.01178	0.00736	0.00663	0.01252	0.01988	0.02356	0.08837	0.08395	0.63549	0.02209	0.01031	0.00295	0.00442	0.01841	0.00810	0.00736
34	0.01151	0.00904	0.01034	0.01099	0.01329	0.00814	0.00855	0.01396	0.01913	0.02358	0.06969	0.12264	0.39570	0.07987	0.01371	0.00373	0.00574	0.16521	0.00784	0.00735
35	0.75506	0.01687	0.01282	0.01147	0.01687	0.01957	0.00945	0.02564	0.01484	0.03914	0.01215	0.01417	0.00945	0.00810	0.00540	0.00270	0.00675	0.00472	0.00540	0.00945
36	0.01249	0.00924	0.01350	0.01350	0.01488	0.01062	0.01026	0.01525	0.01387	0.01987	0.02383	0.03687	0.02294	0.13710	0.58875	0.01338	0.02166	0.00973	0.00474	0.00750
37	0.01174	0.00921	0.01083	0.01134	0.01387	0.00830	0.00911	0.01478	0.02065	0.02601	0.15567	0.08556	0.37741	0.02207	0.01083	0.00324	0.00547	0.18793	0.00830	0.00769
38	0.01465	0.01424	0.02550	0.02061	0.02472	0.01358	0.22148	0.01860	0.01920	0.02538	0.08443	0.23280	0.17680	0.01772	0.01150	0.00315	0.04332	0.01663	0.00667	0.00902
39	0.05892	0.01246	0.01266	0.01114	0.01452	0.01322	0.00876	0.16064	0.02351	0.03820	0.02582	0.02881	0.01990	0.01013	0.00669	0.00221	0.00552	0.00789	0.52922	0.00979
40	0.01470	0.00858	0.01246	0.01328	0.01410	0.00858	0.01022	0.01410	0.01492	0.01962	0.02781	0.05583	0.02944	0.02777	0.02510	0.44354	0.00776	0.24114	0.00552	0.00552
41	0.25556	0.01407	0.01374	0.01246	0.01675	0.01504	0.00980	0.02693	0.15687	0.07170	0.13156	0.04347	0.17221	0.01389	0.00830	0.00282	0.00588	0.01104	0.00780	0.01010
42	0.01201	0.00891	0.01149	0.01305	0.01475	0.00840	0.01028	0.01474	0.01886	0.02419	0.05646	0.30063	0.18626	0.02477	0.01133	0.00361	0.00617	0.25848	0.00807	0.00755
43	0.07592	0.00980	0.01075	0.01039	0.01331	0.00894	0.00783	0.01654	0.02056	0.06942	0.20187	0.13887	0.34509	0.01974	0.00988	0.00293	0.00482	0.01671	0.00841	0.00822
44	0.01061	0.00833	0.00960	0.01038	0.01225	0.00732	0.00737	0.01270	0.01898	0.02400	0.11813	0.33021	0.35141	0.02388	0.01065	0.00317	0.00466	0.02081	0.00823	0.00732

[dist]
# distance from previous block
# <min> <max>
0	1

[block]
# block no. 1 follows, 20 sequences, length 50
# corresponding to MSA columns:
# 59-108
name=unknown_B
#
# <colnr> <probs for GDERKNQSTAVLIFYWHMCP>
#	G	D	E	R	K	N	Q	S	T	A	V	L	I	F	Y	W	H	M	C	P
0	0.01060	0.00768	0.01003	0.01191	0.01259	0.00710	0.00799	0.01217	0.01693	0.02236	0.05094	0.64487	0.09872	0.02696	0.01108	0.00350	0.00502	0.02434	0.00810	0.00710
1	0.01204	0.00854	0.01092	0.01095	0.01229	0.00803	0.00765	0.01481	0.02070	0.02882	0.39296	0.19845	0.06743	0.14734	0.01691	0.00399	0.00514	0.01715	0.00846	0.00743
2	0.01809	0.01550	0.01809	0.01292	0.02067	0.01163	0.01034	0.02196	0.01809	0.02842	0.01550	0.01809	0.01292	0.00646	0.00646	0.00129	0.00646	0.00517	0.00517	0.74677
3	0.02163	0.01116	0.01352	0.01163	0.01595	0.00956	0.00918	0.02448	0.02234	0.26420	0.12417	0.06110	0.34164	0.01730	0.00971	0.00283	0.00554	0.01442	0.00929	0.01034
4	0.07757	0.43357	0.03268	0.01344	0.01909	0.02528	0.01244	0.02312	0.01963	0.02642	0.20289	0.02969	0.03285	0.01069	0.00702	0.00220	0.00753	0.00807	0.00566	0.01015
5	0.02218	0.01122	0.01447	0.01245	0.01649	0.01001	0.00983	0.02546	0.02274	0.26603	0.21943	0.05355	0.18930	0.02007	0.06301	0.00370	0.00705	0.01319	0.00929	0.01053
6	0.01614	0.01561	0.02949	0.02351	0.02774	0.01650	0.24137	0.02079	0.01650	0.02327	0.02018	0.02888	0.01765	0.03893	0.35721	0.00891	0.07378	0.00957	0.00450	0.00946
7	0.01241	0.00879	0.01145	0.01139	0.01283	0.00889	0.00822	0.01514	0.01807	0.02552	0.23123	0.10513	0.08102	0.15954	0.20279	0.00710	0.01055	0.01380	0.04873	0.00740
8	0.02886	0.29919	0.03323	0.02046	0.05384	0.33500	0.01627	0.03154	0.02173	0.06565	0.01457	0.01631	0.01208	0.00845	0.00707	0.00214	0.01235	0.00557	0.00463	0.01105
9	0.02162	0.01633	0.01839	0.01655	0.02049	0.01770	0.01290	0.24923	0.13765	0.03779	0.03516	0.26219	0.03486	0.01772	0.00987	0.00312	0.00739	0.06118	0.00848	0.01138
10	0.01883	0.01374	0.01588	0.01429	0.01697	0.01489	0.01052	0.18962	0.05647	0.03056	0.02836	0.13547	0.02857	0.24004	0.13973	0.00672	0.01093	0.01232	0.00680	0.00929
11	0.02167	0.01817	0.02257	0.02239	0.13519	0.01743	0.01491	0.13564	0.11363	0.03426	0.02152	0.05897	0.01801	0.00943	0.00791	0.00215	0.00775	0.00795	0.00640	0.32405
12	0.01993	0.14615	0.09514	0.13169	0.23317	0.05176	0.02143	0.02568	0.04257	0.02564	0.05166	0.02379	0.01763	0.01344	0.06156	0.00347	0.01147	0.00762	0.00459	0.01161
13	0.01267	0.00950	0.01192	0.01195	0.01413	0.00903	0.00919	0.01739	0.05643	0.03073	0.37040	0.13565	0.15186	0.02005	0.01057	0.00306	0.00502	0.10324	0.00895	0.00827
14	0.02084	0.02520	0.14786	0.04828	0.52870	0.02064	0.02777	0.02693	0.01960	0.02834	0.01627	0.02101	0.01331	0.00787	0.00857	0.00262	0.01083	0.00753	0.00420	0.01365
15	0.01992	0.06639	0.23693	0.09280	0.35894	0.02124	0.02769	0.02665	0.01907	0.02725	0.01584	0.02026	0.01258	0.00800	0.00836	0.00263	0.01124	0.00716	0.00404	0.01303
16	0.01494	0.01298	0.01876	0.01734	0.01831	0.01681	0.01396	0.01760	0.01377	0.02053	0.01891	0.02860	0.01794	0.04668	0.42341	0.01021	0.26774	0.00871	0.00435	0.00844
17	0.01118	0.00825	0.00953	0.01029	0.01139	0.00761	0.00675	0.01243	0.01641	0.02097	0.05395	0.30152	0.22739	0.23725	0.02144	0.00492	0.00594	0.01898	0.00721	0.00660
18	0.03017	0.21481	0.03041	0.02028	0.02576	0.44296	0.01632	0.07780	0.02414	0.02378	0.01371	0.01568	0.01151	0.00870	0.00733	0.00218	0.01355	0.00554	0.00462	0.01077
19	0.01615	0.01341	0.01503	0.06399	0.02006	0.01278	0.01055	0.09994	0.06314	0.02957	0.05641	0.05494	0.34556	0.01588	0.00916	0.00260	0.00624	0.01311	0.00737	0.14409
20	0.01651	0.01390	0.01521	0.06663	0.05326	0.05854	0.01035	0.02182	0.12304	0.02180	0.02634	0.04507	0.02674	0.43016	0.03061	0.00626	0.00906	0.01101	0.00570	0.00798
21	0.01864	0.01840	0.03268	0.02980	0.14199	0.01809	0.24968	0.02704	0.11601	0.02897	0.09100	0.03653	0.07778	0.05923	0.01219	0.00325	0.01024	0.01120	0.00602	0.01126
22	0.01121	0.00802	0.01075	0.01254	0.01337	0.00756	0.00887	0.01327	0.01782	0.02386	0.09857	0.55894	0.05887	0.02610	0.01118	0.00353	0.00536	0.09466	0.00822	0.00730
23	0.01402	0.00870	0.01084	0.01084	0.01230	0.00935	0.00795	0.01694	0.01548	0.02454	0.02616	0.03776	0.02384	0.15858	0.28518	0.00821	0.01291	0.00947	0.29947	0.00747
24	0.01845	0.01752	0.02973	0.43364	0.28349	0.01990	0.02521	0.02402	0.01838	0.02468	0.01585	0.02261	0.01247	0.00835	0.00869	0.00278	0.01114	0.00776	0.00405	0.01128
25	0.01354	0.01061	0.01105	0.01050	0.01395	0.00976	0.00801	0.01910	0.10852	0.05913	0.07770	0.07348	0.51306	0.01998	0.01002	0.00293	0.00494	0.01664	0.00836	0.00871
26	0.01469	0.00916	0.01154	0.01223	0.01409	0.00879	0.00949	0.01767	0.01899	0.06129	0.09202	0.18555	0.08717	0.09011	0.01368	0.00377	0.00617	0.19296	0.14271	0.00794
27	0.01247	0.00929	0.01376	0.01376	0.01523	0.01076	0.01058	0.01541	0.01394	0.02006	0.02360	0.03558	0.02238	0.10152	0.62356	0.01370	0.02251	0.00954	0.00471	0.00764
28	0.02215	0.01011	0.01414	0.01282	0.01532	0.00930	0.00945	0.02226	0.01790	0.22661	0.08372	0.13059	0.02989	0.02224	0.02006	0.31963	0.00683	0.01132	0.00729	0.00836
29	0.01212	0.00958	0.01010	0.00983	0.01231	0.00869	0.00707	0.04616	0.01978	0.02448	0.09238	0.10351	0.44125	0.14472	0.01651	0.00396	0.00547	0.01697	0.00768	0.00742
30	0.01893	0.01250	0.01349	0.01214	0.01498	0.01302	0.00904	0.17395	0.02320	0.03365	0.03299	0.12579	0.06835	0.13819	0.01476	0.00363	0.00650	0.01183	0.26387	0.00920
31	0.24744	0.01093	0.01088	0.01099	0.01370	0.01123	0.00814	0.01675	0.01698	0.02821	0.08334	0.23228	0.17937	0.01956	0.01094	0.06411	0.00558	0.01486	0.00699	0.00771
32	0.02050	0.01561	0.01700	0.01486	0.01901	0.01637	0.01156	0.25606	0.07515	0.03694	0.04736	0.19913	0.19881	0.01785	0.00976	0.00296	0.00686	0.01501	0.00841	0.01082
33	0.01345	0.01081	0.01592	0.01535	0.01667	0.01327	0.01213	0.01639	0.01392	0.02036	0.02158	0.03199	0.02025	0.05790	0.56441	0.01249	0.12141	0.00909	0.00454	0.00805
34	0.01098	0.00886	0.00977	0.00955	0.01220	0.00765	0.00716	0.01383	0.02148	0.02735	0.26950	0.07771	0.45200	0.02068	0.01030	0.00288	0.00432	0.01754	0.00860	0.00765
35	0.01222	0.00845	0.00946	0.00960	0.01003	0.00822	0.00566	0.01263	0.01393	0.01818	0.03713	0.10343	0.11528	0.55738	0.03753	0.00738	0.00768	0.01428	0.00586	0.00569
36	0.01324	0.00945	0.01060	0.01060	0.01361	0.00819	0.00829	0.01578	0.02018	0.07495	0.07584	0.11034	0.47185	0.02171	0.01048	0.00311	0.00522	0.10019	0.00831	0.00806
37	0.01052	0.00800	0.00970	0.01105	0.01236	0.00718	0.00761	0.01227	0.01775	0.02270	0.06142	0.48784	0.24899	0.02559	0.01086	0.00334	0.00485	0.02268	0.00810	0.00718
38	0.02294	0.01764	0.01933	0.01738	0.02228	0.01984	0.01372	0.04372	0.51238	0.10016	0.03623	0.03743	0.02795	0.01269	0.00911	0.00301	0.00705	0.05466	0.00901	0.01346
39	0.01809	0.01550	0.01809	0.01292	0.02067	0.01163	0.01034	0.02196	0.01809	0.02842	0.01550	0.01809	0.01292	0.00646	0.00646	0.00129	0.00646	0.00517	0.00517	0.74677
40	0.01333	0.00849	0.00910	0.00900	0.01128	0.00782	0.00670	0.01627	0.01948	0.02850	0.14046	0.05680	0.26662	0.01698	0.00985	0.04281	0.00440	0.01318	0.31133	0.00761
41	0.01126	0.00804	0.01084	0.01286	0.01365	0.00763	0.00919	0.01323	0.01732	0.02297	0.04773	0.57960	0.05632	0.02673	0.01130	0.00363	0.00561	0.12674	0.00809	0.00726
42	0.02345	0.01380	0.01616	0.01404	0.01834	0.01387	0.01081	0.03276	0.20884	0.22388	0.04338	0.04484	0.13904	0.11428	0.03932	0.00410	0.00746	0.01150	0.00866	0.01147
43	0.01128	0.00880	0.01023	0.01002	0.01241	0.00775	0.00746	0.01434	0.02195	0.02883	0.34136	0.10900	0.34452	0.02039	0.01035	0.00288	0.00431	0.01754	0.00880	0.00775
44	0.01063	0.00878	0.00933	0.00934	0.01202	0.00748	0.00695	0.01308	0.02041	0.02517	0.16658	0.11545	0.52114	0.02176	0.01035	0.00295	0.00441	0.01838	0.00832	0.00748
45	0.01246	0.00935	0.01402	0.01402	0.01558	0.01090	0.01090	0.01558	0.01402	0.02025	0.02336	0.03427	0.02181	0.06542	0.65888	0.01402	0.02336	0.00935	0.00467	0.00779
46	0.02341	0.01730	0.01912	0.01631	0.02075	0.01847	0.01277	0.35220	0.03086	0.04100	0.03682	0.24591	0.09320	0.01720	0.00968	0.00295	0.00758	0.01450	0.00846	0.01152
47	0.01984	0.08971	0.33110	0.02830	0.06067	0.05268	0.19272	0.02743	0.01897	0.02640	0.01556	0.01955	0.01183	0.00846	0.01008	0.00278	0.06035	0.00749	0.00397	0.01210
48	0.11149	0.01726	0.05405	0.05194	0.02231	0.01670	0.01341	0.19102	0.02743	0.08813	0.26486	0.03841	0.04121	0.01292	0.00892	0.00271	0.00720	0.01062	0.00827	0.01115
49	0.34627	0.24980	0.04640	0.01427	0.02032	0.05464	0.01286	0.02744	0.06636	0.03032	0.01487	0.01696	0.01228	0.01145	0.04259	0.00305	0.00920	0.00548	0.00498	0.01045

[dist]
# distance from previous block
# <min> <max>
1	2

[block]
# block no. 2 follows, 20 sequences, length 7
# corresponding to MSA columns:
# 111-117
name=unknown_C
#
# <colnr> <probs for GDERKNQSTAVLIFYWHMCP>
#	G	D	E	R	K	N	Q	S	T	A	V	L	I	F	Y	W	H	M	C	P
0	0.05859	0.01856	0.10618	0.01460	0.01906	0.05569	0.01307	0.08607	0.02235	0.03047	0.17610	0.05231	0.15337	0.09766	0.01365	0.00352	0.00781	0.05447	0.00714	0.00931
1	0.02533	0.02105	0.02444	0.02305	0.09676	0.11156	0.06047	0.19039	0.02556	0.08270	0.02125	0.02500	0.01673	0.02198	0.15382	0.00510	0.01346	0.00813	0.06148	0.01172
2	0.02264	0.02408	0.02180	0.02295	0.11150	0.21325	0.01552	0.03197	0.20098	0.02732	0.03494	0.03507	0.13774	0.01257	0.00993	0.00273	0.04758	0.00980	0.00644	0.01119
3	0.06543	0.02077	0.01959	0.01986	0.08266	0.15734	0.01372	0.08753	0.09663	0.07946	0.02565	0.10366	0.02253	0.04129	0.03904	0.00337	0.00976	0.00979	0.09103	0.01088
4	0.02529	0.26731	0.20450	0.02017	0.02838	0.17450	0.02040	0.11345	0.02293	0.02769	0.01470	0.01663	0.01169	0.00848	0.00732	0.00231	0.01184	0.00584	0.00462	0.01194
5	0.02035	0.02315	0.07412	0.03392	0.17481	0.07093	0.26378	0.02552	0.01899	0.02546	0.01793	0.02673	0.01565	0.10792	0.01576	0.00365	0.05653	0.00927	0.00444	0.01109
6	0.02164	0.02155	0.02149	0.15308	0.02905	0.18484	0.01631	0.06802	0.01999	0.02527	0.01775	0.02351	0.01485	0.01971	0.12095	0.00462	0.11986	0.00750	0.10038	0.00964

[dist]
# distance from previous block
# <min> <max>
10	56

[block]
# block no. 3 follows, 20 sequences, length 8
# corresponding to MSA columns:
# 174-181
name=unknown_D
#
# <colnr> <probs for GDERKNQSTAVLIFYWHMCP>
#	G	D	E	R	K	N	Q	S	T	A	V	L	I	F	Y	W	H	M	C	P
0	0.02193	0.06790	0.02341	0.06372	0.09230	0.08859	0.01521	0.15165	0.02351	0.03069	0.02510	0.02830	0.07832	0.01925	0.11476	0.00424	0.01171	0.00827	0.00581	0.12532
1	0.01309	0.01395	0.08375	0.01665	0.06143	0.01169	0.01324	0.01688	0.01648	0.02253	0.03932	0.04485	0.18336	0.04351	0.36857	0.00902	0.01625	0.01133	0.00545	0.00866
2	0.01686	0.01558	0.01351	0.01274	0.01543	0.11629	0.00919	0.07741	0.02090	0.02481	0.05131	0.12732	0.27259	0.16713	0.01734	0.00408	0.00776	0.01468	0.00695	0.00809
3	0.02307	0.02076	0.03195	0.10966	0.37476	0.02188	0.05202	0.13268	0.08528	0.03336	0.01914	0.02287	0.01505	0.00875	0.00877	0.00268	0.01022	0.00812	0.00553	0.01345
4	0.02259	0.02320	0.02974	0.04110	0.41309	0.14835	0.02267	0.02698	0.02088	0.02665	0.02069	0.03299	0.01926	0.01069	0.00904	0.00275	0.01107	0.10117	0.00496	0.01212
5	0.01864	0.01564	0.02059	0.02300	0.13119	0.01745	0.01533	0.02871	0.23442	0.02783	0.03109	0.03995	0.06426	0.01659	0.01544	0.11852	0.08194	0.08226	0.00654	0.01062
6	0.01486	0.00832	0.00956	0.00978	0.01155	0.00858	0.00730	0.01845	0.01724	0.02888	0.02956	0.10477	0.02612	0.02338	0.14056	0.00466	0.00813	0.01021	0.51013	0.00795
7	0.02019	0.01892	0.02608	0.03479	0.32953	0.05109	0.01974	0.02936	0.16209	0.02924	0.03143	0.03877	0.08446	0.01207	0.00920	0.00285	0.00896	0.07271	0.00620	0.01232

[dist]
# distance from previous block
# <min> <max>
0	5

[block]
# block no. 4 follows, 20 sequences, length 70
# corresponding to MSA columns:
# 187-256
name=unknown_E
#
# <colnr> <probs for GDERKNQSTAVLIFYWHMCP>
#	G	D	E	R	K	N	Q	S	T	A	V	L	I	F	Y	W	H	M	C	P
0	0.01939	0.01234	0.01413	0.01291	0.01681	0.01195	0.00992	0.02713	0.16522	0.16230	0.05807	0.14718	0.27167	0.01792	0.00975	0.00298	0.00576	0.01518	0.00887	0.01050
1	0.01187	0.00929	0.01009	0.00998	0.01196	0.00879	0.00695	0.01465	0.04948	0.02183	0.06030	0.06825	0.35531	0.24175	0.07700	0.00568	0.00748	0.01532	0.00694	0.00708
2	0.01404	0.00851	0.00988	0.00988	0.01098	0.00882	0.00673	0.01625	0.01514	0.02368	0.02704	0.04290	0.02607	0.30035	0.15278	0.00706	0.00973	0.01023	0.29303	0.00690
3	0.01887	0.01768	0.02764	0.03966	0.43451	0.01758	0.02079	0.02501	0.07176	0.02799	0.03543	0.03759	0.16509	0.01158	0.00906	0.00271	0.00863	0.01052	0.00562	0.01226
4	0.02331	0.02400	0.03373	0.04867	0.54300	0.12078	0.02521	0.02804	0.02062	0.02738	0.01595	0.02067	0.01341	0.00796	0.00851	0.00254	0.01120	0.00743	0.00435	0.01324
5	0.01266	0.00919	0.01056	0.01004	0.01284	0.00800	0.00759	0.01569	0.02205	0.06147	0.30113	0.07361	0.38403	0.01980	0.01022	0.00285	0.00446	0.01685	0.00884	0.00811
6	0.01162	0.00885	0.01104	0.01155	0.01278	0.00863	0.00813	0.01365	0.01833	0.02445	0.17115	0.33205	0.17320	0.09800	0.01549	0.00382	0.04274	0.01937	0.00785	0.00731
7	0.01535	0.01252	0.01500	0.01247	0.01741	0.00997	0.00931	0.01823	0.01732	0.02575	0.02678	0.23764	0.02855	0.05361	0.01021	0.00244	0.00612	0.01198	0.00613	0.46321
8	0.01183	0.00953	0.01122	0.01220	0.04587	0.00855	0.00835	0.01441	0.01993	0.02532	0.17547	0.07490	0.38834	0.10052	0.01439	0.00362	0.00541	0.05464	0.00784	0.00767
9	0.02030	0.01508	0.01698	0.01540	0.01879	0.01682	0.01165	0.10024	0.31557	0.03170	0.02847	0.06800	0.02363	0.01763	0.01586	0.20975	0.00715	0.00977	0.04678	0.01044
10	0.01135	0.00834	0.00979	0.01035	0.01156	0.00770	0.00690	0.01293	0.01737	0.02261	0.12415	0.26691	0.20882	0.21762	0.02044	0.00471	0.00576	0.01847	0.00747	0.00678
11	0.01187	0.00816	0.00989	0.01062	0.01096	0.00791	0.00657	0.01273	0.01504	0.02019	0.07641	0.30001	0.04512	0.39179	0.02931	0.00618	0.00686	0.01755	0.00666	0.00618
12	0.01928	0.01379	0.01499	0.01296	0.01553	0.01454	0.00915	0.21098	0.02271	0.03012	0.03055	0.04739	0.07804	0.40894	0.02962	0.00604	0.00849	0.01157	0.00667	0.00863
13	0.01210	0.00917	0.00968	0.00971	0.01179	0.00852	0.00678	0.01519	0.05321	0.02337	0.06218	0.11485	0.35590	0.18550	0.01828	0.00426	0.00557	0.01609	0.07056	0.00728
14	0.01971	0.01379	0.01540	0.01383	0.01707	0.01458	0.01051	0.19864	0.06612	0.03647	0.10350	0.19603	0.03676	0.05568	0.01108	0.00311	0.00645	0.01345	0.15769	0.01014
15	0.01431	0.01051	0.01246	0.01278	0.01462	0.01040	0.00906	0.10760	0.02076	0.02732	0.04803	0.45572	0.12989	0.06751	0.01281	0.00363	0.00592	0.02041	0.00801	0.00824
16	0.05887	0.01902	0.02129	0.01709	0.02276	0.02020	0.01370	0.32071	0.08244	0.18016	0.02721	0.07036	0.02140	0.06980	0.01181	0.00323	0.00837	0.00963	0.00874	0.01322
17	0.01274	0.00850	0.00926	0.00938	0.01100	0.00810	0.00647	0.01483	0.01682	0.02375	0.04826	0.09475	0.22426	0.21514	0.06149	0.00505	0.00676	0.01381	0.20267	0.00698
18	0.01661	0.00963	0.01011	0.00958	0.01142	0.00986	0.00675	0.06869	0.01852	0.02965	0.02751	0.03908	0.02459	0.22027	0.01810	0.00406	0.00589	0.00951	0.45235	0.00783
19	0.01100	0.00792	0.00984	0.01120	0.01191	0.00740	0.00735	0.01230	0.01630	0.02136	0.04903	0.48487	0.12548	0.16038	0.01771	0.00445	0.00566	0.02156	0.00753	0.00676
20	0.01177	0.00823	0.00962	0.01025	0.01076	0.00790	0.00632	0.01250	0.01478	0.01936	0.04110	0.25553	0.11157	0.40737	0.03004	0.00628	0.00692	0.01712	0.00649	0.00609
21	0.01247	0.00868	0.01098	0.01107	0.01167	0.00905	0.00726	0.01371	0.01406	0.01932	0.06472	0.09231	0.03366	0.42850	0.21633	0.00938	0.01224	0.01271	0.00556	0.00630
22	0.01115	0.00793	0.00985	0.01116	0.01174	0.00747	0.00722	0.01232	0.01591	0.02095	0.04606	0.46795	0.10047	0.20419	0.01992	0.00480	0.00591	0.02102	0.00735	0.00663
23	0.02170	0.01874	0.01972	0.01775	0.02268	0.02170	0.01381	0.04635	0.62327	0.03649	0.03550	0.03254	0.02663	0.01183	0.00888	0.00296	0.00690	0.00986	0.00888	0.01381
24	0.01251	0.00917	0.01311	0.01311	0.01436	0.01041	0.00978	0.01500	0.01375	0.01958	0.02419	0.03885	0.02380	0.19149	0.53553	0.01290	0.02037	0.01002	0.00480	0.00729
25	0.01121	0.00889	0.01256	0.01308	0.01463	0.00812	0.04702	0.01326	0.01761	0.02290	0.05434	0.52053	0.17320	0.02495	0.01091	0.00338	0.00556	0.02254	0.00786	0.00745
26	0.01679	0.01352	0.01743	0.01505	0.01857	0.01430	0.01197	0.06927	0.01771	0.02629	0.02071	0.05516	0.01895	0.03327	0.27760	0.00710	0.10275	0.00844	0.04061	0.21450
27	0.01226	0.00830	0.00973	0.01011	0.01030	0.00817	0.00598	0.01274	0.01402	0.01878	0.05823	0.18403	0.03915	0.53011	0.03622	0.00722	0.00758	0.01525	0.00604	0.00578
28	0.02085	0.01966	0.03143	0.18045	0.29482	0.02234	0.05154	0.07473	0.01976	0.02773	0.01557	0.02145	0.01287	0.00983	0.01311	0.00295	0.15658	0.00787	0.00449	0.01196
29	0.02141	0.02178	0.06181	0.05231	0.61313	0.02071	0.02701	0.02681	0.01980	0.02846	0.01638	0.02145	0.01370	0.00779	0.00862	0.00260	0.01047	0.00771	0.00429	0.01378
30	0.01058	0.00845	0.00948	0.01006	0.01216	0.00735	0.00723	0.01272	0.01927	0.02409	0.12035	0.27404	0.40676	0.02340	0.01057	0.00312	0.00460	0.02022	0.00822	0.00735
31	0.11576	0.02473	0.02411	0.06743	0.11252	0.15993	0.01675	0.24171	0.02732	0.03657	0.01782	0.02235	0.01450	0.06810	0.01119	0.00307	0.01073	0.00739	0.00616	0.01185
32	0.01056	0.00784	0.00986	0.01147	0.01247	0.00714	0.00780	0.01222	0.01735	0.02253	0.05628	0.56487	0.17528	0.02626	0.01097	0.00342	0.00493	0.02350	0.00810	0.00714
33	0.02967	0.02659	0.02776	0.06721	0.15360	0.15260	0.01918	0.33941	0.03198	0.04081	0.01818	0.02016	0.01371	0.00952	0.00853	0.00256	0.01111	0.00738	0.00668	0.01336
34	0.01063	0.00759	0.01012	0.01215	0.01265	0.00709	0.00810	0.01215	0.01670	0.02227	0.04808	0.68775	0.05769	0.02733	0.01113	0.00354	0.00506	0.02480	0.00810	0.00709
35	0.07439	0.04014	0.02403	0.02184	0.02638	0.62146	0.01643	0.03430	0.02415	0.02238	0.01341	0.01564	0.01113	0.00894	0.00772	0.00227	0.01521	0.00557	0.00455	0.01007
36	0.03914	0.01484	0.02024	0.01552	0.02227	0.01282	0.01282	0.04251	0.02497	0.64507	0.03441	0.02969	0.02159	0.01080	0.00877	0.00270	0.00742	0.00877	0.01080	0.01484
37	0.02276	0.20816	0.14731	0.02629	0.08361	0.13000	0.13849	0.02868	0.04299	0.02475	0.01532	0.01870	0.01243	0.00856	0.00934	0.00254	0.05724	0.00694	0.00424	0.01165
38	0.17543	0.24689	0.24429	0.01802	0.02685	0.02475	0.01976	0.06690	0.01934	0.06413	0.01519	0.01691	0.01161	0.00827	0.00687	0.00245	0.00993	0.00574	0.00480	0.01187
39	0.01626	0.00813	0.00813	0.00813	0.01016	0.00813	0.00610	0.02033	0.01829	0.03252	0.02846	0.03252	0.02236	0.01016	0.00610	0.00203	0.00407	0.00813	0.74187	0.00813
40	0.02603	0.02358	0.14457	0.03014	0.22436	0.01894	0.02133	0.05867	0.12879	0.19680	0.02468	0.02508	0.01770	0.00952	0.00865	0.00272	0.00941	0.00816	0.00693	0.01396
41	0.01472	0.01179	0.01730	0.01623	0.01886	0.01150	0.08238	0.08011	0.02055	0.02715	0.04464	0.40413	0.09632	0.02219	0.01082	0.00338	0.00707	0.09450	0.00771	0.00865
42	0.01515	0.00758	0.01136	0.01136	0.01136	0.00758	0.00758	0.01136	0.01136	0.01515	0.01515	0.02652	0.01515	0.03030	0.03409	0.74621	0.00758	0.00758	0.00379	0.00379
43	0.01246	0.00935	0.01402	0.01402	0.01558	0.01090	0.01090	0.01558	0.01402	0.02025	0.02336	0.03427	0.02181	0.06542	0.65888	0.01402	0.02336	0.00935	0.00467	0.00779
44	0.02275	0.02231	0.02370	0.04444	0.05244	0.14460	0.06036	0.09474	0.02233	0.02962	0.01738	0.04809	0.01479	0.00857	0.00770	0.00199	0.00964	0.00705	0.00544	0.36206
45	0.01246	0.00935	0.01402	0.01402	0.01558	0.01090	0.01090	0.01558	0.01402	0.02025	0.02336	0.03427	0.02181	0.06542	0.65888	0.01402	0.02336	0.00935	0.00467	0.00779
46	0.01046	0.00824	0.00945	0.01041	0.01220	0.00723	0.00733	0.01234	0.01837	0.02295	0.06916	0.37185	0.35999	0.02459	0.01070	0.00323	0.00472	0.02146	0.00810	0.00723
47	0.01985	0.02688	0.22801	0.03140	0.23817	0.05623	0.02323	0.02559	0.01938	0.06687	0.02361	0.15630	0.02220	0.01219	0.00899	0.00283	0.01024	0.01074	0.00532	0.01199
48	0.05047	0.32663	0.23603	0.02192	0.06505	0.02720	0.05425	0.07694	0.02012	0.02737	0.01458	0.01700	0.01166	0.00802	0.00716	0.00235	0.01076	0.00601	0.00428	0.01217
49	0.01708	0.01472	0.01531	0.01413	0.01826	0.01588	0.01089	0.03263	0.37849	0.03125	0.05695	0.05340	0.27363	0.01600	0.00946	0.00295	0.00590	0.01333	0.00856	0.01119
50	0.02490	0.02914	0.02058	0.01934	0.02272	0.40762	0.01476	0.02754	0.02099	0.02132	0.01885	0.02724	0.01725	0.02805	0.21626	0.00613	0.01765	0.04564	0.00479	0.00923
51	0.02066	0.01978	0.03373	0.16561	0.53421	0.02048	0.02631	0.02596	0.01942	0.02737	0.01624	0.02189	0.01342	0.00794	0.00865	0.00265	0.01059	0.00777	0.00424	0.01307
52	0.02120	0.02046	0.03502	0.09147	0.53897	0.02076	0.05961	0.02743	0.04699	0.02842	0.01728	0.02231	0.01422	0.00799	0.00875	0.00265	0.01054	0.00801	0.00450	0.01343
53	0.02651	0.23782	0.03321	0.02662	0.16120	0.27238	0.01822	0.05328	0.02173	0.02402	0.01441	0.01744	0.01236	0.01054	0.03314	0.00269	0.01261	0.00604	0.00440	0.01137
54	0.01179	0.00808	0.00978	0.01066	0.01088	0.00786	0.00651	0.01245	0.01444	0.01925	0.03646	0.33203	0.04304	0.40304	0.02990	0.00631	0.00698	0.01797	0.00651	0.00607
55	0.01220	0.00873	0.01114	0.01242	0.01337	0.00844	0.00846	0.04888	0.01831	0.02453	0.07171	0.58242	0.05468	0.06441	0.01287	0.00373	0.00549	0.02265	0.00804	0.00751
56	0.02352	0.01912	0.02473	0.02814	0.22048	0.01989	0.01737	0.26684	0.02852	0.03821	0.03461	0.07299	0.14161	0.01292	0.00916	0.00273	0.00854	0.01094	0.00714	0.01255
57	0.01231	0.00950	0.01359	0.01405	0.01506	0.01077	0.01051	0.01470	0.01501	0.02110	0.03200	0.28835	0.03494	0.04622	0.35153	0.00905	0.07247	0.01524	0.00594	0.00766
58	0.03258	0.04157	0.02472	0.02247	0.02697	0.65843	0.01685	0.03483	0.02472	0.02135	0.01348	0.01573	0.01124	0.00899	0.00787	0.00225	0.01573	0.00562	0.00449	0.01011
59	0.01043	0.00835	0.00934	0.01013	0.01212	0.00725	0.00720	0.01237	0.01864	0.02306	0.07262	0.31992	0.40968	0.02414	0.01063	0.00318	0.00467	0.02091	0.00810	0.00725
60	0.01786	0.01692	0.02867	0.50470	0.21702	0.01974	0.02491	0.02350	0.01810	0.02397	0.01575	0.02280	0.01222	0.00846	0.00870	0.00282	0.01128	0.00776	0.00400	0.01081
61	0.02616	0.02749	0.03013	0.03821	0.34748	0.22113	0.02183	0.08728	0.06294	0.02936	0.01718	0.02041	0.01395	0.00868	0.00842	0.00251	0.01174	0.00724	0.00510	0.01275
62	0.01287	0.01149	0.01481	0.05306	0.09348	0.01140	0.01135	0.01556	0.01889	0.02376	0.06501	0.11894	0.41792	0.01941	0.01172	0.00303	0.06574	0.01608	0.00701	0.00847
63	0.01879	0.10472	0.48069	0.02897	0.14283	0.02174	0.02957	0.02733	0.01860	0.02708	0.01544	0.01855	0.01155	0.00812	0.00809	0.00264	0.01209	0.00651	0.00380	0.01289
64	0.02223	0.02823	0.15156	0.02222	0.02668	0.13645	0.02050	0.07864	0.05346	0.02665	0.01721	0.02463	0.01510	0.01271	0.01679	0.00318	0.28205	0.04587	0.00492	0.01093
65	0.01626	0.00813	0.00813	0.00813	0.01016	0.00813	0.00610	0.02033	0.01829	0.03252	0.02846	0.03252	0.02236	0.01016	0.00610	0.00203	0.00407	0.00813	0.74187	0.00813
66	0.02071	0.02967	0.20106	0.03605	0.15685	0.06020	0.31062	0.02805	0.02014	0.02756	0.01664	0.02136	0.01266	0.00778	0.00931	0.00278	0.01346	0.00853	0.00421	0.01235
67	0.03116	0.03904	0.02548	0.02439	0.06412	0.58413	0.01758	0.03356	0.02379	0.02177	0.01355	0.01628	0.01141	0.00927	0.00907	0.00236	0.05243	0.00586	0.00445	0.01031
68	0.01099	0.00886	0.00977	0.00955	0.01220	0.00765	0.00716	0.01383	0.02148	0.02735	0.26968	0.07771	0.45182	0.02068	0.01030	0.00288	0.00432	0.01753	0.00860	0.00765
69	0.30673	0.01714	0.02101	0.02517	0.21620	0.01735	0.01506	0.02446	0.01796	0.03320	0.06771	0.02172	0.01782	0.00850	0.00707	0.00238	0.00762	0.00674	0.00537	0.16080

[dist]
# distance from previous block
# <min> <max>
0	1

[block]
# block no. 5 follows, 20 sequences, length 51
# corresponding to MSA columns:
# 258-308
name=unknown_F
#
# <colnr> <probs for GDERKNQSTAVLIFYWHMCP>
#	G	D	E	R	K	N	Q	S	T	A	V	L	I	F	Y	W	H	M	C	P
0	0.02684	0.10684	0.12553	0.02893	0.16385	0.35271	0.02122	0.03101	0.02193	0.02381	0.01432	0.01726	0.01178	0.00845	0.00786	0.00236	0.01343	0.00612	0.00425	0.01148
1	0.01916	0.05822	0.22947	0.01902	0.02584	0.07569	0.01913	0.03047	0.19273	0.02792	0.02885	0.03679	0.05380	0.07646	0.01218	0.00340	0.00993	0.06353	0.00605	0.01135
2	0.03040	0.09784	0.02791	0.02562	0.10185	0.52412	0.01790	0.03306	0.02350	0.02215	0.01372	0.01630	0.01155	0.00870	0.00776	0.00226	0.01450	0.00580	0.00440	0.01066
3	0.01039	0.00884	0.00895	0.00892	0.01183	0.00740	0.00669	0.01267	0.02007	0.02401	0.10989	0.08321	0.61369	0.02192	0.01031	0.00294	0.00441	0.01831	0.00816	0.00740
4	0.01973	0.01874	0.03146	0.25313	0.41695	0.01980	0.02505	0.02505	0.01898	0.02647	0.01606	0.02194	0.01305	0.00801	0.00855	0.00262	0.01056	0.00763	0.00422	0.05199
5	0.01176	0.00930	0.01085	0.01163	0.01421	0.00840	0.00950	0.01466	0.01996	0.02455	0.07207	0.08953	0.40944	0.02287	0.01098	0.00336	0.00581	0.23543	0.00807	0.00762
6	0.02185	0.29447	0.02861	0.01533	0.02046	0.15770	0.01311	0.05557	0.02131	0.02454	0.09050	0.03283	0.12231	0.01509	0.04875	0.00302	0.01024	0.00875	0.00555	0.01001
7	0.01168	0.00876	0.01003	0.00987	0.01158	0.00813	0.00683	0.01369	0.01836	0.02393	0.19405	0.06795	0.27477	0.23887	0.05973	0.00532	0.00677	0.01541	0.00735	0.00693
8	0.02925	0.09949	0.10300	0.02181	0.02763	0.48627	0.01839	0.03385	0.05884	0.02295	0.01494	0.01690	0.01212	0.00893	0.00777	0.00232	0.01428	0.00589	0.00459	0.01077
9	0.01074	0.00798	0.01002	0.01136	0.01252	0.00726	0.00782	0.01266	0.01816	0.02383	0.11606	0.50292	0.17622	0.02531	0.01088	0.00334	0.00484	0.02259	0.00825	0.00726
10	0.02954	0.03594	0.04649	0.02599	0.10707	0.47304	0.01831	0.07215	0.02439	0.02476	0.01501	0.01800	0.01242	0.01210	0.04491	0.00300	0.01494	0.00629	0.00475	0.01089
11	0.01263	0.00859	0.01015	0.01008	0.01044	0.00865	0.00611	0.01336	0.01413	0.01920	0.09392	0.05593	0.03639	0.56286	0.09566	0.00833	0.00931	0.01273	0.00571	0.00583
12	0.02938	0.03495	0.02254	0.02022	0.02475	0.49585	0.01532	0.09258	0.02574	0.02524	0.02527	0.02630	0.10326	0.01107	0.00832	0.00239	0.01342	0.00773	0.00547	0.01021
13	0.02382	0.66323	0.04458	0.01533	0.02264	0.06818	0.01503	0.02659	0.01810	0.02057	0.01220	0.01409	0.01120	0.00755	0.00572	0.00189	0.00967	0.00472	0.00377	0.01114
14	0.01407	0.01171	0.01710	0.01617	0.01735	0.01474	0.01289	0.01689	0.01386	0.02043	0.02047	0.03058	0.01929	0.05325	0.50590	0.01154	0.18214	0.00893	0.00447	0.00821
15	0.01102	0.00873	0.00976	0.00975	0.01207	0.00764	0.00712	0.01356	0.02049	0.02617	0.22950	0.13139	0.39944	0.05943	0.01231	0.00326	0.00462	0.01794	0.00835	0.00746
16	0.01152	0.00954	0.01017	0.00989	0.01279	0.00853	0.00745	0.01567	0.06254	0.02681	0.19733	0.07652	0.47936	0.02050	0.01021	0.00290	0.00453	0.01728	0.00846	0.00799
17	0.01156	0.00899	0.01073	0.01174	0.01394	0.00816	0.00925	0.01421	0.01935	0.02413	0.06753	0.20050	0.34293	0.02370	0.01101	0.00340	0.00568	0.19760	0.00808	0.00752
18	0.01644	0.01117	0.01188	0.01094	0.01314	0.01144	0.00770	0.09822	0.05093	0.02806	0.03727	0.04928	0.12636	0.28696	0.02269	0.00489	0.00680	0.01171	0.18604	0.00808
19	0.01421	0.01142	0.01306	0.01263	0.01566	0.01147	0.00986	0.02271	0.16789	0.03065	0.24295	0.06743	0.23509	0.01852	0.01018	0.00303	0.00540	0.08978	0.00876	0.00929
20	0.02819	0.02055	0.02213	0.01751	0.02279	0.02254	0.01384	0.46498	0.03414	0.04574	0.02253	0.02971	0.01893	0.17625	0.01738	0.00404	0.00932	0.00903	0.00789	0.01252
21	0.01177	0.00797	0.00992	0.01095	0.01120	0.00771	0.00683	0.01234	0.01465	0.01954	0.03729	0.37539	0.04403	0.32090	0.02699	0.04453	0.00669	0.01856	0.00663	0.00612
22	0.01226	0.00885	0.01099	0.01200	0.01348	0.00838	0.00905	0.01418	0.01754	0.02242	0.05208	0.19280	0.19510	0.15199	0.01875	0.04330	0.00662	0.19595	0.00732	0.00694
23	0.75506	0.01687	0.01282	0.01147	0.01687	0.01957	0.00945	0.02564	0.01484	0.03914	0.01215	0.01417	0.00945	0.00810	0.00540	0.00270	0.00675	0.00472	0.00540	0.00945
24	0.02076	0.01461	0.01628	0.01395	0.01698	0.01579	0.01034	0.24064	0.02411	0.03318	0.02458	0.03835	0.02324	0.29554	0.10300	0.00635	0.01033	0.01003	0.07246	0.00948
25	0.01060	0.00846	0.00950	0.01007	0.01217	0.00736	0.00724	0.01278	0.01935	0.02424	0.12746	0.26994	0.40351	0.02332	0.01056	0.00311	0.00459	0.02015	0.00824	0.00736
26	0.08539	0.00984	0.01132	0.01165	0.01327	0.00991	0.00814	0.04863	0.01864	0.02760	0.13383	0.33775	0.04806	0.13165	0.01546	0.00399	0.00583	0.01737	0.05398	0.00771
27	0.01257	0.00841	0.00955	0.00966	0.00968	0.00838	0.00544	0.01266	0.01290	0.01720	0.02859	0.09108	0.03311	0.65753	0.04260	0.00819	0.00827	0.01334	0.00544	0.00538
28	0.03153	0.01844	0.02120	0.01659	0.02283	0.01873	0.01360	0.30900	0.03180	0.26038	0.03686	0.03445	0.11953	0.01250	0.00900	0.00270	0.00797	0.00992	0.00936	0.01361
29	0.01239	0.00851	0.00983	0.00982	0.01034	0.00829	0.00595	0.01322	0.01513	0.02031	0.12396	0.09110	0.07649	0.51841	0.03557	0.00702	0.00739	0.01409	0.00624	0.00594
30	0.01246	0.00935	0.01402	0.01402	0.01558	0.01090	0.01090	0.01558	0.01402	0.02025	0.02336	0.03427	0.02181	0.06542	0.65888	0.01402	0.02336	0.00935	0.00467	0.00779
31	0.37762	0.01258	0.01140	0.01068	0.01429	0.01371	0.00837	0.02156	0.01807	0.03582	0.16888	0.06646	0.03249	0.01193	0.00704	0.00261	0.00545	0.00921	0.16310	0.00874
32	0.70986	0.01674	0.01329	0.01173	0.01721	0.01914	0.00966	0.02671	0.01548	0.07739	0.01355	0.01515	0.01021	0.00827	0.00561	0.00270	0.00679	0.00498	0.00574	0.00979
33	0.01086	0.00886	0.00960	0.00942	0.01212	0.00760	0.00706	0.01359	0.02119	0.02666	0.23656	0.07885	0.48537	0.02094	0.01030	0.00289	0.00434	0.01769	0.00851	0.00760
34	0.75506	0.01687	0.01282	0.01147	0.01687	0.01957	0.00945	0.02564	0.01484	0.03914	0.01215	0.01417	0.00945	0.00810	0.00540	0.00270	0.00675	0.00472	0.00540	0.00945
35	0.01177	0.00840	0.01143	0.01345	0.01445	0.00807	0.01008	0.01411	0.01782	0.02354	0.04745	0.49193	0.05520	0.02625	0.01144	0.00370	0.00605	0.20938	0.00808	0.00740
36	0.01155	0.00873	0.01011	0.00995	0.01187	0.00789	0.00706	0.01403	0.02017	0.02657	0.28213	0.10325	0.28013	0.14861	0.01684	0.00395	0.00511	0.01665	0.00813	0.00728
37	0.02852	0.02183	0.02330	0.01880	0.02478	0.02442	0.01513	0.40323	0.22108	0.04724	0.02582	0.02644	0.01939	0.04635	0.01062	0.00303	0.00870	0.00873	0.00859	0.01402
38	0.01156	0.00799	0.00984	0.01095	0.01122	0.00771	0.00682	0.01239	0.01487	0.01983	0.03870	0.40063	0.04586	0.33059	0.02628	0.00578	0.00661	0.01928	0.00682	0.00627
39	0.01809	0.01550	0.01809	0.01292	0.02067	0.01163	0.01034	0.02196	0.01809	0.02842	0.01550	0.01809	0.01292	0.00646	0.00646	0.00129	0.00646	0.00517	0.00517	0.74677
40	0.01139	0.00791	0.00990	0.01117	0.01149	0.00759	0.00706	0.01235	0.01522	0.02029	0.04046	0.45449	0.04808	0.27370	0.02344	0.00536	0.00632	0.02032	0.00706	0.00642
41	0.26151	0.03221	0.02108	0.01877	0.02378	0.39951	0.01448	0.08341	0.02305	0.02999	0.01373	0.01570	0.01099	0.00884	0.00716	0.00242	0.01234	0.00553	0.00516	0.01032
42	0.01103	0.00786	0.01042	0.01198	0.01259	0.00753	0.00805	0.01265	0.01657	0.02231	0.07496	0.55385	0.05417	0.08910	0.05879	0.00466	0.00658	0.02218	0.00769	0.00703
43	0.01108	0.00848	0.00970	0.01009	0.01183	0.00760	0.00703	0.01306	0.01870	0.02395	0.15299	0.22673	0.31127	0.12882	0.01590	0.00393	0.00517	0.01868	0.00789	0.00710
44	0.01959	0.01928	0.05212	0.01869	0.06210	0.12037	0.01375	0.10781	0.02054	0.02627	0.02398	0.10633	0.02361	0.13699	0.20194	0.00689	0.01410	0.01056	0.00566	0.00943
45	0.02842	0.02130	0.02312	0.01844	0.02449	0.02315	0.01490	0.44915	0.08872	0.04764	0.02523	0.10347	0.02102	0.01240	0.00889	0.00268	0.00860	0.00994	0.00844	0.06000
46	0.09883	0.01118	0.01457	0.01344	0.01641	0.01193	0.01051	0.02233	0.01652	0.15283	0.02500	0.03262	0.02113	0.08831	0.37613	0.00942	0.01621	0.00889	0.04447	0.00928
47	0.01304	0.00984	0.01200	0.01268	0.04657	0.00877	0.00899	0.01619	0.02163	0.05403	0.25230	0.07336	0.36053	0.01964	0.01027	0.00293	0.00502	0.05540	0.00848	0.00835
48	0.02425	0.02384	0.02636	0.05538	0.06228	0.17507	0.08890	0.14874	0.02382	0.03019	0.01822	0.02291	0.01487	0.01895	0.11747	0.00453	0.07357	0.00785	0.05186	0.01094
49	0.01763	0.01681	0.02905	0.44292	0.19688	0.01915	0.06070	0.02313	0.01818	0.02415	0.01779	0.06231	0.01499	0.00951	0.00894	0.00287	0.01113	0.00893	0.00427	0.01067
50	0.01977	0.01806	0.02530	0.03472	0.34642	0.07360	0.01902	0.02407	0.01882	0.02686	0.01968	0.02558	0.01672	0.02015	0.14177	0.00481	0.01242	0.00797	0.13303	0.01125

[dist]
# distance from previous block
# <min> <max>
0	59

[block]
# block no. 6 follows, 20 sequences, length 121
# corresponding to MSA columns:
# 368-488
name=unknown_G
#
# <colnr> <probs for GDERKNQSTAVLIFYWHMCP>
#	G	D	E	R	K	N	Q	S	T	A	V	L	I	F	Y	W	H	M	C	P
0	0.02192	0.20426	0.03527	0.14525	0.29085	0.07539	0.02193	0.02615	0.01890	0.02430	0.01459	0.01922	0.01240	0.00836	0.00886	0.00249	0.04716	0.00675	0.00407	0.01187
1	0.02014	0.02783	0.23097	0.03743	0.33709	0.01984	0.02586	0.07222	0.02108	0.02987	0.02319	0.02629	0.07063	0.00948	0.00868	0.00268	0.01057	0.00833	0.00481	0.01300
2	0.01247	0.01101	0.01468	0.22424	0.02755	0.01133	0.01246	0.01600	0.01947	0.02406	0.10827	0.06277	0.38905	0.01742	0.00979	0.00292	0.00673	0.01474	0.00685	0.00819
