[name]
unknown

[dist]
# distance from previous block
# <min> <max>
0	0

[block]
# block no. 0 follows, 22 sequences, length 19
# corresponding to MSA columns:
# 0-18
name=unknown_A
#
# <colnr> <probs for GDERKNQSTAVLIFYWHMCP>
#	G	D	E	R	K	N	Q	S	T	A	V	L	I	F	Y	W	H	M	C	P
0	0.01339	0.00956	0.01339	0.01530	0.01721	0.00956	0.01339	0.01721	0.01912	0.02486	0.04399	0.09371	0.04781	0.02295	0.01147	0.00382	0.00765	0.60031	0.00765	0.00765
1	0.02292	0.02143	0.01989	0.01772	0.02248	0.11795	0.01375	0.08099	0.51001	0.03377	0.02979	0.02789	0.02245	0.01078	0.00830	0.00270	0.00799	0.00867	0.00783	0.01269
2	0.02993	0.02480	0.02385	0.01912	0.02515	0.11694	0.01545	0.46005	0.12356	0.04529	0.02094	0.02083	0.01526	0.00996	0.00821	0.00249	0.00960	0.00745	0.00776	0.01335
3	0.03158	0.02327	0.02493	0.01911	0.02576	0.02576	0.01579	0.62852	0.03906	0.05236	0.01995	0.01995	0.01413	0.00997	0.00831	0.00249	0.00914	0.00748	0.00831	0.01413
4	0.03103	0.03959	0.02354	0.02140	0.02568	0.67469	0.01605	0.03317	0.02354	0.02033	0.01284	0.01498	0.01070	0.00856	0.00749	0.00214	0.01498	0.00535	0.00428	0.00963
5	0.01210	0.00883	0.01299	0.01299	0.01450	0.01021	0.01009	0.01513	0.01361	0.02004	0.02257	0.03253	0.02080	0.05890	0.63177	0.01261	0.02106	0.00883	0.05301	0.00744
6	0.01161	0.00799	0.00906	0.00929	0.00965	0.00779	0.00549	0.01200	0.01327	0.01739	0.03470	0.13396	0.09969	0.55375	0.03506	0.00694	0.00726	0.01403	0.00564	0.00545
7	0.02056	0.01974	0.03372	0.05099	0.65622	0.01974	0.02550	0.02550	0.01892	0.02714	0.01563	0.02056	0.01316	0.00740	0.00822	0.00247	0.00987	0.00740	0.00411	0.01316
8	0.02792	0.03321	0.02038	0.01866	0.02248	0.54104	0.01400	0.03040	0.02232	0.02246	0.01570	0.01819	0.01282	0.00878	0.00715	0.00210	0.01275	0.00583	0.15455	0.00925
9	0.07459	0.17273	0.49329	0.02085	0.03157	0.02191	0.02581	0.02588	0.01715	0.02581	0.01399	0.01640	0.01043	0.00772	0.00718	0.00246	0.01117	0.00568	0.00364	0.01171
10	0.02553	0.02444	0.06088	0.02047	0.06227	0.15177	0.01590	0.13445	0.29736	0.08128	0.02503	0.02434	0.01860	0.01000	0.00818	0.00258	0.00926	0.00788	0.00717	0.01263
11	0.02472	0.02763	0.02968	0.03924	0.40575	0.27991	0.02174	0.02855	0.02075	0.02444	0.01452	0.01834	0.01218	0.00786	0.00793	0.00234	0.01190	0.00659	0.00418	0.01176
12	0.01594	0.06150	0.01607	0.01503	0.05688	0.14108	0.01052	0.01852	0.02011	0.02408	0.16624	0.15801	0.23121	0.01681	0.00909	0.00264	0.00705	0.01413	0.00681	0.00829
13	0.01376	0.00988	0.01152	0.01142	0.01286	0.04051	0.00840	0.01634	0.01464	0.02176	0.02385	0.03565	0.02229	0.17314	0.34459	0.00880	0.01432	0.00906	0.20007	0.00714
14	0.06727	0.02701	0.11834	0.03682	0.32631	0.15102	0.10197	0.02723	0.01946	0.02621	0.01488	0.01884	0.01198	0.00767	0.00805	0.00247	0.01155	0.00696	0.00414	0.01182
15	0.01766	0.07773	0.51944	0.02787	0.14278	0.02016	0.02884	0.02608	0.01774	0.02606	0.01484	0.01782	0.01099	0.00776	0.00780	0.00255	0.01166	0.00626	0.00362	0.01234
16	0.03070	0.02154	0.02329	0.01799	0.02427	0.02358	0.01482	0.54685	0.03650	0.08755	0.02126	0.02128	0.01506	0.00997	0.00812	0.00246	0.00862	0.00755	0.06495	0.01364
17	0.01876	0.18578	0.02105	0.01287	0.01659	0.07208	0.01053	0.02177	0.02034	0.09371	0.28186	0.03981	0.04207	0.07043	0.05470	0.00350	0.00797	0.01023	0.00683	0.00911
18	0.27062	0.10013	0.02286	0.01888	0.06490	0.25190	0.01415	0.11573	0.02170	0.03093	0.01351	0.01542	0.01080	0.00825	0.00666	0.00232	0.01033	0.00542	0.00506	0.01043

[dist]
# distance from previous block
# <min> <max>
0	1

[block]
# block no. 1 follows, 22 sequences, length 63
# corresponding to MSA columns:
# 20-82
name=unknown_B
#
# <colnr> <probs for GDERKNQSTAVLIFYWHMCP>
#	G	D	E	R	K	N	Q	S	T	A	V	L	I	F	Y	W	H	M	C	P
0	0.01492	0.01053	0.01272	0.01215	0.01461	0.01036	0.00904	0.08215	0.06280	0.05986	0.26391	0.26124	0.11538	0.01886	0.00974	0.00287	0.00511	0.01655	0.00846	0.00872
1	0.26579	0.02006	0.01996	0.01590	0.02200	0.02220	0.01306	0.35867	0.06694	0.04477	0.01778	0.01838	0.01306	0.00908	0.00716	0.00246	0.00792	0.00647	0.00708	0.06127
2	0.12141	0.02677	0.11154	0.03008	0.24982	0.17416	0.01999	0.07891	0.02118	0.02927	0.04917	0.02010	0.01529	0.00852	0.00769	0.00244	0.01056	0.00678	0.00484	0.01145
3	0.01371	0.05613	0.18873	0.01615	0.02082	0.01398	0.01601	0.01844	0.01466	0.02117	0.01971	0.02756	0.01749	0.04481	0.46094	0.00987	0.01887	0.00792	0.00415	0.00889
4	0.02851	0.07219	0.02415	0.01931	0.02437	0.32682	0.01523	0.22319	0.08086	0.03172	0.01747	0.01901	0.01373	0.01268	0.05150	0.00302	0.01248	0.00656	0.00590	0.01129
5	0.01187	0.00890	0.01335	0.01335	0.01483	0.01038	0.01038	0.01483	0.01335	0.01928	0.02225	0.03264	0.02077	0.06231	0.67512	0.01335	0.02225	0.00890	0.00445	0.00742
6	0.16902	0.53910	0.03638	0.01383	0.02053	0.02969	0.01327	0.05714	0.01753	0.02479	0.01200	0.01371	0.01052	0.00738	0.00545	0.00197	0.00841	0.00462	0.00412	0.01052
7	0.02846	0.19587	0.02872	0.01747	0.02390	0.05843	0.01495	0.42016	0.03175	0.04159	0.01783	0.01856	0.01343	0.00917	0.00741	0.00227	0.00912	0.00663	0.04154	0.01274
8	0.02221	0.71304	0.04353	0.01421	0.02132	0.03287	0.01421	0.02488	0.01688	0.01955	0.01155	0.01333	0.01066	0.00711	0.00533	0.00178	0.00888	0.00444	0.00355	0.01066
9	0.01176	0.00849	0.01110	0.01045	0.01241	0.00784	0.00784	0.01568	0.02352	0.03331	0.65184	0.06206	0.07839	0.01698	0.00980	0.00261	0.00392	0.01502	0.00914	0.00784
10	0.00982	0.00842	0.00842	0.00842	0.01122	0.00701	0.00631	0.01192	0.01894	0.02244	0.08416	0.07995	0.65285	0.02104	0.00982	0.00281	0.00421	0.01753	0.00771	0.00701
11	0.01666	0.04297	0.66500	0.02368	0.03596	0.01929	0.03069	0.02631	0.01754	0.02631	0.01491	0.01754	0.01052	0.00789	0.00789	0.00263	0.01228	0.00614	0.00351	0.01228
12	0.00989	0.00812	0.00872	0.00920	0.01143	0.00695	0.00666	0.01183	0.01818	0.02213	0.07456	0.23569	0.50330	0.02229	0.01001	0.00295	0.00436	0.01905	0.00771	0.00695
13	0.01047	0.00844	0.00932	0.00910	0.01162	0.00729	0.00683	0.01319	0.02048	0.02610	0.27525	0.07393	0.45947	0.01967	0.00981	0.00274	0.00411	0.01669	0.00820	0.00729
14	0.03081	0.03017	0.02402	0.02001	0.02552	0.31037	0.01578	0.33862	0.06168	0.03744	0.01750	0.01831	0.01317	0.00942	0.00796	0.00235	0.01158	0.00664	0.00655	0.01211
15	0.01026	0.00734	0.00977	0.01147	0.01208	0.00684	0.00772	0.01192	0.01656	0.02225	0.09821	0.64721	0.05697	0.02524	0.01053	0.00331	0.00474	0.02287	0.00784	0.00684
16	0.03103	0.03959	0.02354	0.02140	0.02568	0.67469	0.01605	0.03317	0.02354	0.02033	0.01284	0.01498	0.01070	0.00856	0.00749	0.00214	0.01498	0.00535	0.00428	0.00963
17	0.02307	0.36186	0.20458	0.01796	0.02633	0.02747	0.01900	0.17624	0.02260	0.02956	0.01454	0.01611	0.01149	0.00803	0.00676	0.00218	0.00985	0.00565	0.00473	0.01196
18	0.03103	0.03959	0.02354	0.02140	0.02568	0.67469	0.01605	0.03317	0.02354	0.02033	0.01284	0.01498	0.01070	0.00856	0.00749	0.00214	0.01498	0.00535	0.00428	0.00963
19	0.20547	0.14885	0.34278	0.01985	0.02912	0.02159	0.07355	0.02562	0.01675	0.02792	0.01366	0.01623	0.01034	0.00764	0.00693	0.00248	0.01038	0.00575	0.00398	0.01109
20	0.01892	0.01490	0.01760	0.10767	0.02401	0.01480	0.01216	0.09517	0.12622	0.03127	0.02104	0.02328	0.01634	0.00846	0.00703	0.00200	0.00681	0.00688	0.15298	0.29245
21	0.08360	0.01841	0.02370	0.14664	0.26074	0.08662	0.01817	0.02407	0.04746	0.02630	0.06335	0.02800	0.06100	0.03454	0.00925	0.00269	0.00917	0.00828	0.00500	0.04305
22	0.08521	0.01750	0.01574	0.01381	0.01745	0.12655	0.01076	0.10636	0.02060	0.03040	0.02097	0.06701	0.01797	0.01267	0.03775	0.00273	0.05054	0.00777	0.24574	0.09248
23	0.07208	0.02073	0.01881	0.01633	0.02064	0.13732	0.01269	0.19288	0.16058	0.03303	0.02593	0.02916	0.05734	0.07674	0.08508	0.00421	0.01051	0.00850	0.00665	0.01079
24	0.02643	0.02852	0.02226	0.02085	0.05488	0.32528	0.01533	0.08868	0.27139	0.02919	0.02197	0.02208	0.01697	0.00971	0.00798	0.00246	0.01087	0.00725	0.00629	0.01160
25	0.05650	0.01117	0.01295	0.01171	0.01502	0.01098	0.00904	0.02332	0.12757	0.10898	0.32365	0.05353	0.17204	0.01549	0.00915	0.00268	0.00495	0.01317	0.00867	0.00942
26	0.02506	0.02315	0.03016	0.02971	0.18582	0.09165	0.12201	0.22279	0.12064	0.03557	0.01968	0.02167	0.01497	0.00887	0.00848	0.00255	0.01038	0.00792	0.00615	0.01276
27	0.12552	0.11692	0.21385	0.13861	0.05957	0.13274	0.02065	0.02693	0.04685	0.02550	0.01454	0.01757	0.01126	0.00809	0.00722	0.00246	0.01090	0.00598	0.00416	0.01070
28	0.02101	0.01569	0.01688	0.01426	0.01804	0.01686	0.01084	0.28011	0.09464	0.03482	0.03320	0.06673	0.11035	0.20805	0.01816	0.00417	0.00769	0.01103	0.00730	0.01018
29	0.20518	0.09186	0.02286	0.01742	0.02282	0.27776	0.01398	0.17130	0.02437	0.05905	0.01494	0.01621	0.01152	0.00863	0.00696	0.00231	0.01067	0.00569	0.00562	0.01083
30	0.07571	0.06397	0.02255	0.01826	0.02299	0.28736	0.01444	0.20930	0.02553	0.03092	0.01645	0.01931	0.01334	0.01803	0.12143	0.00417	0.01357	0.00650	0.00555	0.01063
31	0.01215	0.00898	0.01079	0.01065	0.01234	0.00804	0.00707	0.01351	0.01488	0.02048	0.03446	0.31128	0.06330	0.27188	0.02134	0.00466	0.00623	0.01566	0.00621	0.14608
32	0.26141	0.02507	0.18573	0.01883	0.05415	0.02076	0.01752	0.16341	0.11473	0.03697	0.01783	0.01894	0.01319	0.00878	0.00720	0.00260	0.00873	0.00646	0.00588	0.01181
33	0.18642	0.01822	0.02768	0.13207	0.42870	0.01931	0.02147	0.02465	0.01752	0.02857	0.01460	0.01921	0.01194	0.00760	0.00755	0.00253	0.00927	0.00675	0.00428	0.01167
34	0.05024	0.10726	0.01748	0.01197	0.01590	0.01431	0.00971	0.09639	0.02228	0.03246	0.26984	0.06832	0.04152	0.01253	0.00787	0.00227	0.00566	0.01042	0.11116	0.09242
35	0.02048	0.01638	0.02029	0.10275	0.02487	0.01813	0.01419	0.22391	0.02560	0.03555	0.19242	0.03133	0.03086	0.01191	0.01118	0.00258	0.10517	0.00923	0.00689	0.09629
36	0.06391	0.07799	0.06743	0.21993	0.14023	0.01927	0.01908	0.02208	0.01647	0.02405	0.01562	0.05595	0.01375	0.00947	0.01013	0.00255	0.09874	0.00740	0.00421	0.11176
37	0.27830	0.02287	0.02192	0.02600	0.21172	0.18276	0.01596	0.02787	0.05944	0.02965	0.04042	0.01911	0.01455	0.00844	0.00706	0.00245	0.00951	0.00633	0.00499	0.01064
38	0.02160	0.02631	0.11559	0.20125	0.20635	0.17804	0.02226	0.05866	0.02015	0.02494	0.01509	0.01958	0.01198	0.01003	0.03116	0.00287	0.01214	0.00678	0.00420	0.01102
39	0.02325	0.04608	0.01770	0.01411	0.01867	0.05075	0.01124	0.16023	0.07803	0.16217	0.04127	0.10929	0.17166	0.01426	0.00865	0.00263	0.00694	0.01168	0.04049	0.01091
40	0.02771	0.06082	0.11032	0.02082	0.02648	0.45122	0.01763	0.07217	0.08917	0.02474	0.01577	0.01729	0.01246	0.00880	0.00762	0.00229	0.01312	0.00599	0.00486	0.01069
41	0.01268	0.00966	0.01408	0.01375	0.01513	0.01157	0.01079	0.01560	0.01356	0.02012	0.02154	0.03122	0.01991	0.05453	0.57258	0.01172	0.08174	0.00868	0.05356	0.00759
42	0.19038	0.03275	0.02022	0.01838	0.02272	0.49571	0.01396	0.03052	0.02116	0.02460	0.01334	0.01552	0.01090	0.00844	0.00689	0.00222	0.01252	0.00529	0.04509	0.00939
43	0.01761	0.01546	0.02287	0.03050	0.29570	0.01589	0.01792	0.02559	0.13860	0.02798	0.05960	0.04754	0.06728	0.01355	0.00930	0.00292	0.00803	0.16624	0.00634	0.01107
44	0.02099	0.01781	0.01710	0.01469	0.01839	0.10562	0.01094	0.20369	0.02323	0.03009	0.02426	0.14485	0.02444	0.18662	0.01680	0.00382	0.00853	0.01076	0.00637	0.11101
45	0.01726	0.01595	0.02726	0.13443	0.29471	0.01630	0.08476	0.02207	0.01870	0.02534	0.02653	0.04384	0.05120	0.01240	0.00937	0.00294	0.00962	0.17156	0.00520	0.01056
46	0.01666	0.04297	0.66500	0.02368	0.03596	0.01929	0.03069	0.02631	0.01754	0.02631	0.01491	0.01754	0.01052	0.00789	0.00789	0.00263	0.01228	0.00614	0.00351	0.01228
47	0.22262	0.01712	0.01775	0.01526	0.02029	0.01878	0.01261	0.22933	0.09704	0.08026	0.02711	0.03531	0.04856	0.01225	0.00809	0.00280	0.00751	0.10860	0.00747	0.01123
48	0.02534	0.09619	0.02213	0.01563	0.02070	0.05027	0.01276	0.34038	0.06230	0.03936	0.02128	0.02454	0.01687	0.06952	0.01041	0.00279	0.00819	0.00759	0.14218	0.01156
49	0.03100	0.06600	0.02608	0.01881	0.02549	0.02620	0.01569	0.59112	0.03769	0.05032	0.01943	0.01954	0.01391	0.00980	0.00813	0.00245	0.00913	0.00729	0.00802	0.01391
50	0.02221	0.71304	0.04353	0.01421	0.02132	0.03287	0.01421	0.02488	0.01688	0.01955	0.01155	0.01333	0.01066	0.00711	0.00533	0.00178	0.00888	0.00444	0.00355	0.01066
51	0.00993	0.00842	0.00857	0.00853	0.01129	0.00706	0.00640	0.01214	0.01920	0.02307	0.11678	0.07892	0.61984	0.02081	0.00982	0.00279	0.00419	0.01739	0.00780	0.00706
52	0.01666	0.04297	0.66500	0.02368	0.03596	0.01929	0.03069	0.02631	0.01754	0.02631	0.01491	0.01754	0.01052	0.00789	0.00789	0.00263	0.01228	0.00614	0.00351	0.01228
53	0.01003	0.00842	0.00871	0.00864	0.01135	0.00710	0.00648	0.01234	0.01944	0.02365	0.14721	0.07796	0.58905	0.02059	0.00982	0.00278	0.00418	0.01725	0.00787	0.00710
54	0.00982	0.00842	0.00842	0.00842	0.01122	0.00701	0.00631	0.01192	0.01894	0.02244	0.08416	0.07995	0.65285	0.02104	0.00982	0.00281	0.00421	0.01753	0.00771	0.00701
55	0.20427	0.03624	0.50173	0.02049	0.03098	0.01913	0.02527	0.02584	0.01669	0.02905	0.01407	0.01653	0.01014	0.00785	0.00720	0.00262	0.01081	0.00573	0.00392	0.01146
56	0.05836	0.67920	0.04201	0.01405	0.02107	0.03218	0.01396	0.02485	0.01675	0.02041	0.01155	0.01333	0.01058	0.00714	0.00532	0.00182	0.00876	0.00444	0.00363	0.01058
57	0.01149	0.00978	0.01008	0.00991	0.01293	0.00903	0.00758	0.01664	0.10548	0.02426	0.07534	0.07376	0.53830	0.01977	0.00970	0.00285	0.00469	0.04269	0.00781	0.00790
58	0.12689	0.06034	0.02501	0.12555	0.03024	0.34046	0.07204	0.05448	0.02096	0.02508	0.01408	0.01728	0.01121	0.00829	0.00739	0.00235	0.01219	0.00610	0.03025	0.00980
59	0.01747	0.06340	0.01638	0.01438	0.01725	0.19442	0.01122	0.01984	0.01902	0.02141	0.04069	0.11172	0.18388	0.05462	0.06839	0.00396	0.00992	0.11796	0.00606	0.00801
60	0.01187	0.00890	0.01335	0.01335	0.01483	0.01038	0.01038	0.01483	0.01335	0.01928	0.02225	0.03264	0.02077	0.06231	0.67512	0.01335	0.02225	0.00890	0.00445	0.00742
61	0.02925	0.03620	0.02528	0.02645	0.13331	0.56290	0.01766	0.03186	0.02275	0.02149	0.01332	0.01593	0.01112	0.00836	0.00762	0.00220	0.01411	0.00570	0.00425	0.01023
62	0.01734	0.05717	0.01768	0.01545	0.01797	0.18082	0.01205	0.02008	0.01615	0.01957	0.01924	0.02703	0.01762	0.04545	0.46665	0.00983	0.01963	0.00774	0.00436	0.00817

[dist]
# distance from previous block
# <min> <max>
2	8

[block]
# block no. 2 follows, 22 sequences, length 102
# corresponding to MSA columns:
# 91-192
name=unknown_C
#
# <colnr> <probs for GDERKNQSTAVLIFYWHMCP>
#	G	D	E	R	K	N	Q	S	T	A	V	L	I	F	Y	W	H	M	C	P
0	0.02070	0.17948	0.03554	0.07452	0.47961	0.02270	0.02277	0.02514	0.01833	0.02509	0.01464	0.01897	0.01248	0.00738	0.00756	0.00232	0.00970	0.00672	0.00396	0.01239
1	0.01666	0.04297	0.66500	0.02368	0.03596	0.01929	0.03069	0.02631	0.01754	0.02631	0.01491	0.01754	0.01052	0.00789	0.00789	0.00263	0.01228	0.00614	0.00351	0.01228
2	0.01280	0.01032	0.01253	0.01182	0.01249	0.01156	0.00833	0.01375	0.01398	0.01865	0.03711	0.08208	0.17080	0.36636	0.03005	0.00566	0.15696	0.01281	0.00547	0.00646
3	0.01793	0.06455	0.44112	0.02847	0.09855	0.02029	0.15984	0.02623	0.01810	0.02617	0.01525	0.01873	0.01125	0.00762	0.00824	0.00262	0.01227	0.00699	0.00372	0.01206
4	0.01983	0.01145	0.01642	0.01619	0.05190	0.01071	0.04143	0.05471	0.01969	0.20028	0.03769	0.40811	0.03884	0.01884	0.00969	0.00303	0.00641	0.01695	0.00808	0.00976
5	0.02661	0.02319	0.02107	0.01774	0.02242	0.16354	0.01384	0.35581	0.03011	0.03788	0.02328	0.14105	0.02145	0.05057	0.01039	0.00287	0.00960	0.01011	0.00714	0.01135
6	0.02870	0.03205	0.02473	0.02524	0.12849	0.42424	0.01709	0.13453	0.02519	0.02749	0.01518	0.01749	0.01218	0.00867	0.00768	0.00225	0.01262	0.00617	0.03911	0.01090
7	0.01917	0.01832	0.03120	0.23312	0.48498	0.01937	0.02480	0.02427	0.01826	0.02545	0.01538	0.02101	0.01256	0.00766	0.00825	0.00255	0.01021	0.00740	0.00399	0.01204
8	0.01935	0.17811	0.03312	0.25008	0.31454	0.02235	0.02210	0.02396	0.01770	0.02346	0.01441	0.01941	0.01190	0.00763	0.00758	0.00241	0.01003	0.00671	0.00385	0.01130
9	0.26573	0.01474	0.01707	0.01357	0.01960	0.01422	0.01120	0.03545	0.02076	0.46633	0.02613	0.02365	0.01694	0.00948	0.00735	0.00257	0.00687	0.00715	0.00867	0.01253
10	0.01694	0.04102	0.60655	0.02475	0.03666	0.01946	0.08719	0.02634	0.01774	0.02634	0.01509	0.01800	0.01072	0.00781	0.00807	0.00265	0.01244	0.00649	0.00357	0.01218
11	0.01116	0.00767	0.00933	0.01024	0.01047	0.00744	0.00629	0.01184	0.01388	0.01850	0.03540	0.35912	0.04183	0.38742	0.02739	0.00585	0.00653	0.01750	0.00629	0.00584
12	0.01027	0.00843	0.00904	0.00889	0.01150	0.00721	0.00667	0.01280	0.02000	0.02497	0.21635	0.07578	0.51907	0.02009	0.00981	0.00276	0.00414	0.01695	0.00805	0.00721
13	0.01569	0.01477	0.02492	0.68808	0.05722	0.01846	0.02307	0.02123	0.01661	0.02123	0.01477	0.02215	0.01107	0.00831	0.00831	0.00277	0.01107	0.00738	0.00369	0.00923
14	0.19658	0.31304	0.05522	0.01610	0.02207	0.23106	0.01426	0.02744	0.01837	0.02416	0.01210	0.01406	0.01028	0.00774	0.00607	0.00211	0.01037	0.00481	0.00415	0.01002
15	0.02019	0.02196	0.09420	0.04837	0.59680	0.01970	0.02599	0.02557	0.01878	0.02706	0.01556	0.02027	0.01291	0.00745	0.00819	0.00248	0.01010	0.00728	0.00405	0.01307
16	0.76672	0.01607	0.01221	0.01092	0.01607	0.01864	0.00900	0.02442	0.01414	0.03727	0.01157	0.01350	0.00900	0.00771	0.00514	0.00257	0.00643	0.00450	0.00514	0.00900
17	0.01176	0.00849	0.01110	0.01045	0.01241	0.00784	0.00784	0.01568	0.02352	0.03331	0.65184	0.06206	0.07839	0.01698	0.00980	0.00261	0.00392	0.01502	0.00914	0.00784
18	0.01196	0.00852	0.01140	0.01140	0.01221	0.00933	0.00795	0.01358	0.01277	0.01784	0.02403	0.04251	0.02506	0.35577	0.38752	0.01094	0.01580	0.01035	0.00472	0.00633
19	0.01208	0.00805	0.00906	0.00906	0.00906	0.00805	0.00503	0.01208	0.01208	0.01611	0.02618	0.05436	0.03020	0.70804	0.04228	0.00805	0.00805	0.01208	0.00503	0.00503
20	0.01666	0.04297	0.66500	0.02368	0.03596	0.01929	0.03069	0.02631	0.01754	0.02631	0.01491	0.01754	0.01052	0.00789	0.00789	0.00263	0.01228	0.00614	0.00351	0.01228
21	0.01187	0.00890	0.01335	0.01335	0.01483	0.01038	0.01038	0.01483	0.01335	0.01928	0.02225	0.03264	0.02077	0.06231	0.67512	0.01335	0.02225	0.00890	0.00445	0.00742
22	0.01187	0.00890	0.01335	0.01335	0.01483	0.01038	0.01038	0.01483	0.01335	0.01928	0.02225	0.03264	0.02077	0.06231	0.67512	0.01335	0.02225	0.00890	0.00445	0.00742
23	0.01012	0.00723	0.00964	0.01157	0.01205	0.00675	0.00771	0.01157	0.01591	0.02121	0.04579	0.70262	0.05495	0.02603	0.01060	0.00337	0.00482	0.02362	0.00771	0.00675
24	0.76672	0.01607	0.01221	0.01092	0.01607	0.01864	0.00900	0.02442	0.01414	0.03727	0.01157	0.01350	0.00900	0.00771	0.00514	0.00257	0.00643	0.00450	0.00514	0.00900
25	0.01549	0.00774	0.00774	0.00774	0.00968	0.00774	0.00581	0.01936	0.01742	0.03097	0.02710	0.03097	0.02129	0.00968	0.00581	0.00194	0.00387	0.00774	0.75416	0.00774
26	0.00982	0.00842	0.00842	0.00842	0.01122	0.00701	0.00631	0.01192	0.01894	0.02244	0.08416	0.07995	0.65285	0.02104	0.00982	0.00281	0.00421	0.01753	0.00771	0.00701
27	0.01750	0.14357	0.57170	0.02226	0.03376	0.02133	0.02822	0.02609	0.01744	0.02529	0.01440	0.01691	0.01054	0.00777	0.00751	0.00250	0.01177	0.00588	0.00351	0.01203
28	0.02273	0.01738	0.01885	0.01664	0.02155	0.01961	0.01303	0.04369	0.56450	0.11268	0.03368	0.03066	0.02476	0.01115	0.00844	0.00279	0.00664	0.00926	0.00868	0.01327
29	0.02031	0.48307	0.25682	0.01746	0.02634	0.02821	0.01987	0.02537	0.01711	0.02187	0.01270	0.01477	0.01061	0.00738	0.00621	0.00207	0.01005	0.00502	0.00354	0.01122
30	0.03158	0.02327	0.02493	0.01911	0.02576	0.02576	0.01579	0.62852	0.03906	0.05236	0.01995	0.01995	0.01413	0.00997	0.00831	0.00249	0.00914	0.00748	0.00831	0.01413
31	0.00982	0.00842	0.00842	0.00842	0.01122	0.00701	0.00631	0.01192	0.01894	0.02244	0.08416	0.07995	0.65285	0.02104	0.00982	0.00281	0.00421	0.01753	0.00771	0.00701
32	0.00982	0.00842	0.00842	0.00842	0.01122	0.00701	0.00631	0.01192	0.01894	0.02244	0.08416	0.07995	0.65285	0.02104	0.00982	0.00281	0.00421	0.01753	0.00771	0.00701
33	0.01012	0.00723	0.00964	0.01157	0.01205	0.00675	0.00771	0.01157	0.01591	0.02121	0.04579	0.70262	0.05495	0.02603	0.01060	0.00337	0.00482	0.02362	0.00771	0.00675
34	0.03158	0.02327	0.02493	0.01911	0.02576	0.02576	0.01579	0.62852	0.03906	0.05236	0.01995	0.01995	0.01413	0.00997	0.00831	0.00249	0.00914	0.00748	0.00831	0.01413
35	0.03158	0.02327	0.02493	0.01911	0.02576	0.02576	0.01579	0.62852	0.03906	0.05236	0.01995	0.01995	0.01413	0.00997	0.00831	0.00249	0.00914	0.00748	0.00831	0.01413
36	0.01666	0.04297	0.66500	0.02368	0.03596	0.01929	0.03069	0.02631	0.01754	0.02631	0.01491	0.01754	0.01052	0.00789	0.00789	0.00263	0.01228	0.00614	0.00351	0.01228
37	0.01040	0.00844	0.00923	0.00903	0.01158	0.00726	0.00677	0.01305	0.02032	0.02572	0.25533	0.07455	0.47963	0.01982	0.00981	0.00275	0.00412	0.01678	0.00815	0.00726
38	0.01749	0.00967	0.00988	0.00916	0.01168	0.00998	0.00705	0.09504	0.02011	0.03363	0.02621	0.02960	0.02040	0.00972	0.00612	0.00200	0.00453	0.00771	0.66150	0.00854
39	0.01947	0.38247	0.35013	0.01888	0.02854	0.02617	0.02234	0.02558	0.01721	0.02288	0.01321	0.01540	0.01059	0.00749	0.00659	0.00220	0.01056	0.00528	0.00353	0.01146
40	0.01109	0.00847	0.01018	0.00975	0.01200	0.00756	0.00731	0.01439	0.02194	0.02958	0.45701	0.06820	0.27554	0.01838	0.00981	0.00268	0.00402	0.01588	0.00865	0.00756
41	0.02009	0.01926	0.03288	0.11202	0.59884	0.01962	0.02526	0.02509	0.01870	0.02657	0.01554	0.02071	0.01296	0.00749	0.00823	0.00250	0.00998	0.00740	0.00407	0.01278
42	0.02813	0.26821	0.03085	0.01828	0.02420	0.27349	0.01534	0.19455	0.02552	0.02889	0.01435	0.01578	0.01163	0.00845	0.00697	0.00211	0.01126	0.00562	0.00514	0.01123
43	0.02172	0.67960	0.04210	0.01417	0.02101	0.03180	0.01403	0.02440	0.01671	0.01953	0.01206	0.01424	0.01114	0.00973	0.03714	0.00233	0.00952	0.00465	0.00360	0.01051
44	0.02140	0.02173	0.03161	0.10835	0.52050	0.10099	0.02409	0.02604	0.01927	0.02573	0.01520	0.02002	0.01265	0.00763	0.00814	0.00246	0.01062	0.00715	0.00409	0.01234
45	0.02414	0.56558	0.03916	0.01579	0.02228	0.17341	0.01462	0.02669	0.01834	0.01972	0.01183	0.01369	0.01067	0.00743	0.00580	0.00186	0.01022	0.00464	0.00371	0.01044
46	0.01066	0.00845	0.00958	0.00930	0.01174	0.00737	0.00697	0.01355	0.02092	0.02715	0.32994	0.07220	0.40413	0.01928	0.00981	0.00272	0.00408	0.01645	0.00833	0.00737
47	0.01910	0.02369	0.19751	0.02120	0.10253	0.01762	0.01826	0.16296	0.08281	0.03218	0.03690	0.03682	0.18865	0.01223	0.00861	0.00264	0.00850	0.01003	0.00631	0.01146
48	0.00982	0.00842	0.00842	0.00842	0.01122	0.00701	0.00631	0.01192	0.01894	0.02244	0.08416	0.07995	0.65285	0.02104	0.00982	0.00281	0.00421	0.01753	0.00771	0.00701
49	0.03027	0.02277	0.02350	0.01831	0.02447	0.05388	0.01500	0.55275	0.03662	0.04919	0.02019	0.02060	0.01454	0.00988	0.00807	0.00243	0.00899	0.00740	0.06770	0.01341
50	0.01187	0.00890	0.01335	0.01335	0.01483	0.01038	0.01038	0.01483	0.01335	0.01928	0.02225	0.03264	0.02077	0.06231	0.67512	0.01335	0.02225	0.00890	0.00445	0.00742
51	0.01666	0.04297	0.66500	0.02368	0.03596	0.01929	0.03069	0.02631	0.01754	0.02631	0.01491	0.01754	0.01052	0.00789	0.00789	0.00263	0.01228	0.00614	0.00351	0.01228
52	0.00994	0.00842	0.00859	0.00855	0.01130	0.00707	0.00641	0.01216	0.01923	0.02313	0.12030	0.07881	0.61628	0.02078	0.00982	0.00279	0.00419	0.01737	0.00781	0.00707
53	0.02382	0.01919	0.02033	0.01720	0.02247	0.02167	0.01368	0.24295	0.40074	0.04012	0.03179	0.02986	0.05560	0.01136	0.00848	0.00271	0.00733	0.00918	0.00836	0.01315
54	0.01723	0.01477	0.01723	0.01230	0.01969	0.01107	0.00984	0.02092	0.01723	0.02707	0.01477	0.01723	0.01230	0.00615	0.00615	0.00123	0.00615	0.00492	0.00492	0.75883
55	0.02056	0.01974	0.03372	0.05099	0.65622	0.01974	0.02550	0.02550	0.01892	0.02714	0.01563	0.02056	0.01316	0.00740	0.00822	0.00247	0.00987	0.00740	0.00411	0.01316
56	0.03123	0.02237	0.02420	0.01871	0.02522	0.02462	0.01540	0.55570	0.07647	0.08817	0.02161	0.02115	0.01523	0.01007	0.00832	0.00252	0.00885	0.00765	0.00844	0.01407
57	0.02066	0.01785	0.01878	0.01691	0.02160	0.02066	0.01315	0.04414	0.64121	0.03475	0.03381	0.03099	0.02536	0.01127	0.00845	0.00282	0.00657	0.00939	0.00845	0.01315
58	0.02056	0.01974	0.03372	0.05099	0.65622	0.01974	0.02550	0.02550	0.01892	0.02714	0.01563	0.02056	0.01316	0.00740	0.00822	0.00247	0.00987	0.00740	0.00411	0.01316
59	0.01569	0.01477	0.02492	0.68808	0.05722	0.01846	0.02307	0.02123	0.01661	0.02123	0.01477	0.02215	0.01107	0.00831	0.00831	0.00277	0.01107	0.00738	0.00369	0.00923
60	0.03158	0.02327	0.02493	0.01911	0.02576	0.02576	0.01579	0.62852	0.03906	0.05236	0.01995	0.01995	0.01413	0.00997	0.00831	0.00249	0.00914	0.00748	0.00831	0.01413
61	0.01189	0.00882	0.01293	0.01293	0.01427	0.01015	0.00986	0.01456	0.01323	0.01897	0.02264	0.03478	0.02170	0.12591	0.61278	0.01283	0.02085	0.00921	0.00451	0.00718
62	0.03158	0.02327	0.02493	0.01911	0.02576	0.02576	0.01579	0.62852	0.03906	0.05236	0.01995	0.01995	0.01413	0.00997	0.00831	0.00249	0.00914	0.00748	0.00831	0.01413
63	0.01723	0.01477	0.01723	0.01230	0.01969	0.01107	0.00984	0.02092	0.01723	0.02707	0.01477	0.01723	0.01230	0.00615	0.00615	0.00123	0.00615	0.00492	0.00492	0.75883
64	0.01372	0.00994	0.01363	0.01537	0.01741	0.01007	0.01338	0.01845	0.04766	0.02532	0.04352	0.09083	0.04678	0.02241	0.01134	0.00378	0.00760	0.57320	0.00769	0.00790
65	0.01187	0.00890	0.01335	0.01335	0.01483	0.01038	0.01038	0.01483	0.01335	0.01928	0.02225	0.03264	0.02077	0.06231	0.67512	0.01335	0.02225	0.00890	0.00445	0.00742
66	0.02204	0.02266	0.01885	0.01793	0.02172	0.23119	0.01416	0.03313	0.26787	0.02731	0.02977	0.04307	0.02677	0.01361	0.00897	0.00287	0.00962	0.17110	0.00687	0.01048
67	0.01012	0.00723	0.00964	0.01157	0.01205	0.00675	0.00771	0.01157	0.01591	0.02121	0.04579	0.70262	0.05495	0.02603	0.01060	0.00337	0.00482	0.02362	0.00771	0.00675
68	0.02051	0.01988	0.03455	0.05012	0.62292	0.01981	0.05813	0.02556	0.01895	0.02711	0.01569	0.02066	0.01313	0.00738	0.00831	0.00249	0.01009	0.00753	0.00412	0.01305
69	0.01056	0.00844	0.00944	0.00919	0.01168	0.00733	0.00690	0.01336	0.02069	0.02660	0.30102	0.07311	0.43339	0.01949	0.00981	0.00273	0.00410	0.01657	0.00826	0.00733
70	0.03103	0.03959	0.02354	0.02140	0.02568	0.67469	0.01605	0.03317	0.02354	0.02033	0.01284	0.01498	0.01070	0.00856	0.00749	0.00214	0.01498	0.00535	0.00428	0.00963
71	0.02670	0.14467	0.02963	0.02839	0.19892	0.38864	0.01836	0.02969	0.02117	0.02208	0.01340	0.01625	0.01137	0.00800	0.00734	0.00217	0.01257	0.00577	0.00411	0.01077
72	0.02935	0.07592	0.02514	0.02067	0.02506	0.47736	0.01610	0.11971	0.02440	0.02500	0.01363	0.01592	0.01123	0.00925	0.00938	0.00231	0.07868	0.00580	0.00477	0.01031
73	0.01187	0.00890	0.01335	0.01335	0.01483	0.01038	0.01038	0.01483	0.01335	0.01928	0.02225	0.03264	0.02077	0.06231	0.67512	0.01335	0.02225	0.00890	0.00445	0.00742
74	0.01360	0.16275	0.01758	0.01081	0.01409	0.01313	0.00888	0.01682	0.02101	0.02779	0.38063	0.05551	0.19613	0.01576	0.00882	0.00247	0.00507	0.01329	0.00759	0.00827
75	0.01568	0.01211	0.01340	0.01251	0.01599	0.01194	0.01017	0.15546	0.02362	0.02992	0.05986	0.06935	0.36270	0.01894	0.00986	0.00297	0.00616	0.15271	0.00784	0.00881
76	0.03158	0.02327	0.02493	0.01911	0.02576	0.02576	0.01579	0.62852	0.03906	0.05236	0.01995	0.01995	0.01413	0.00997	0.00831	0.00249	0.00914	0.00748	0.00831	0.01413
77	0.03103	0.03959	0.02354	0.02140	0.02568	0.67469	0.01605	0.03317	0.02354	0.02033	0.01284	0.01498	0.01070	0.00856	0.00749	0.00214	0.01498	0.00535	0.00428	0.00963
78	0.02221	0.71304	0.04353	0.01421	0.02132	0.03287	0.01421	0.02488	0.01688	0.01955	0.01155	0.01333	0.01066	0.00711	0.00533	0.00178	0.00888	0.00444	0.00355	0.01066
79	0.01187	0.00890	0.01335	0.01335	0.01483	0.01038	0.01038	0.01483	0.01335	0.01928	0.02225	0.03264	0.02077	0.06231	0.67512	0.01335	0.02225	0.00890	0.00445	0.00742
80	0.01006	0.00843	0.00875	0.00867	0.01137	0.00712	0.00650	0.01239	0.01950	0.02379	0.15468	0.07773	0.58148	0.02054	0.00982	0.00278	0.00417	0.01722	0.00789	0.00712
81	0.01949	0.01865	0.03179	0.19049	0.52506	0.01946	0.02496	0.02456	0.01841	0.02585	0.01544	0.02091	0.01270	0.00760	0.00824	0.00253	0.01013	0.00740	0.00402	0.01230
82	0.01026	0.00843	0.00903	0.00888	0.01149	0.00720	0.00666	0.01279	0.01999	0.02494	0.21473	0.07583	0.52071	0.02011	0.00981	0.00276	0.00414	0.01696	0.00804	0.00720
83	0.01001	0.00848	0.00869	0.00879	0.01155	0.00715	0.00670	0.01221	0.01895	0.02257	0.08197	0.08070	0.61998	0.02114	0.00991	0.00286	0.00439	0.04920	0.00771	0.00705
84	0.72029	0.01594	0.01266	0.01117	0.01639	0.01823	0.00920	0.02544	0.01475	0.07704	0.01292	0.01444	0.00973	0.00788	0.00535	0.00257	0.00647	0.00474	0.00547	0.00932
85	0.01569	0.01477	0.02492	0.68808	0.05722	0.01846	0.02307	0.02123	0.01661	0.02123	0.01477	0.02215	0.01107	0.00831	0.00831	0.00277	0.01107	0.00738	0.00369	0.00923
86	0.03103	0.03959	0.02354	0.02140	0.02568	0.67469	0.01605	0.03317	0.02354	0.02033	0.01284	0.01498	0.01070	0.00856	0.00749	0.00214	0.01498	0.00535	0.00428	0.00963
87	0.00999	0.00842	0.00866	0.00860	0.01133	0.00709	0.00645	0.01226	0.01934	0.02341	0.13477	0.07835	0.60163	0.02068	0.00982	0.00279	0.00418	0.01731	0.00784	0.00709
88	0.01747	0.01556	0.02052	0.01466	0.02215	0.01210	0.07367	0.02151	0.01747	0.02702	0.01498	0.01776	0.01234	0.00624	0.00653	0.00139	0.00697	0.00543	0.00485	0.68139
89	0.02201	0.02129	0.01893	0.01757	0.02162	0.16936	0.01379	0.07267	0.32398	0.03022	0.03040	0.06710	0.02649	0.01326	0.00885	0.00284	0.00879	0.11237	0.00731	0.01116
90	0.02829	0.06126	0.02674	0.02785	0.17102	0.47200	0.01815	0.05484	0.02283	0.02315	0.01372	0.01640	0.01140	0.00829	0.00761	0.00222	0.01332	0.00587	0.00437	0.01067
91	0.02579	0.02861	0.02114	0.01913	0.02362	0.34431	0.01459	0.03871	0.33556	0.02762	0.02343	0.02307	0.01811	0.00993	0.00798	0.00248	0.01073	0.00739	0.00639	0.01141
92	0.02321	0.02580	0.03446	0.03919	0.34180	0.19973	0.16150	0.02786	0.02034	0.02515	0.01513	0.01946	0.01236	0.00763	0.00839	0.00245	0.01223	0.00739	0.00418	0.01174
93	0.02120	0.02084	0.03229	0.04734	0.58341	0.05947	0.02425	0.02698	0.05314	0.02714	0.01645	0.02079	0.01368	0.00768	0.00819	0.00247	0.01000	0.00739	0.00436	0.01294
94	0.15444	0.01090	0.01215	0.01099	0.01410	0.01083	0.00852	0.04585	0.02202	0.07190	0.41007	0.05088	0.11666	0.01495	0.00878	0.00262	0.00484	0.01258	0.00829	0.00863
95	0.02056	0.01974	0.03372	0.05099	0.65622	0.01974	0.02550	0.02550	0.01892	0.02714	0.01563	0.02056	0.01316	0.00740	0.00822	0.00247	0.00987	0.00740	0.00411	0.01316
96	0.02056	0.01974	0.03372	0.05099	0.65622	0.01974	0.02550	0.02550	0.01892	0.02714	0.01563	0.02056	0.01316	0.00740	0.00822	0.00247	0.00987	0.00740	0.00411	0.01316
97	0.02107	0.02071	0.03322	0.04954	0.62530	0.05186	0.02503	0.02587	0.01914	0.02681	0.01549	0.02029	0.01304	0.00746	0.00819	0.00245	0.01012	0.00730	0.00412	0.01299
98	0.02177	0.01786	0.02954	0.04219	0.50877	0.01755	0.02198	0.02639	0.02001	0.10852	0.08371	0.02584	0.02086	0.00876	0.00840	0.00250	0.00890	0.00831	0.00542	0.01273
99	0.01470	0.01248	0.01365	0.01187	0.01544	0.05178	0.00908	0.01955	0.05928	0.03063	0.40066	0.04765	0.08196	0.01379	0.00873	0.00228	0.00531	0.01185	0.00775	0.18154
100	0.01732	0.01455	0.02115	0.01796	0.02184	0.01469	0.12494	0.12821	0.09844	0.02968	0.03294	0.34094	0.03425	0.01692	0.00958	0.00295	0.00757	0.01558	0.00713	0.04333
101	0.02184	0.02054	0.02388	0.02801	0.22861	0.10160	0.01713	0.08751	0.22744	0.03191	0.10072	0.02840	0.02507	0.01025	0.00841	0.00256	0.00862	0.00875	0.00658	0.01214

[dist]
# distance from previous block
# <min> <max>
4	10

[block]
# block no. 3 follows, 22 sequences, length 9
# corresponding to MSA columns:
# 203-211
name=unknown_D
#
# <colnr> <probs for GDERKNQSTAVLIFYWHMCP>
#	G	D	E	R	K	N	Q	S	T	A	V	L	I	F	Y	W	H	M	C	P
0	0.03225	0.02220	0.02427	0.01861	0.02523	0.02418	0.01537	0.55971	0.03727	0.12370	0.02145	0.02092	0.01488	0.01001	0.00832	0.00250	0.00890	0.00758	0.00854	0.01413
1	0.02301	0.01619	0.01927	0.01546	0.02127	0.01592	0.03595	0.10213	0.21499	0.15124	0.03247	0.03108	0.08943	0.01066	0.00809	0.00236	0.00690	0.00885	0.00770	0.18701
2	0.02121	0.01463	0.01879	0.01553	0.01978	0.01475	0.05559	0.21236	0.02670	0.10984	0.20300	0.14307	0.07908	0.01493	0.00929	0.00271	0.00683	0.01298	0.00834	0.01059
3	0.14697	0.01286	0.01383	0.07707	0.01881	0.01424	0.01025	0.13460	0.02055	0.03426	0.02153	0.02517	0.01681	0.01316	0.05596	0.00308	0.00736	0.00719	0.35705	0.00928
4	0.02541	0.03059	0.02055	0.01904	0.02250	0.47980	0.01439	0.02779	0.02055	0.02002	0.01560	0.02016	0.01365	0.02433	0.20336	0.00543	0.01711	0.00639	0.00433	0.00898
5	0.01955	0.36404	0.32116	0.01994	0.02945	0.02595	0.06595	0.02564	0.01737	0.02307	0.01343	0.01586	0.01074	0.00745	0.00680	0.00223	0.01077	0.00559	0.00358	0.01142
6	0.08996	0.15237	0.17656	0.01806	0.02452	0.12197	0.03907	0.02573	0.05863	0.02526	0.02383	0.03370	0.05359	0.01136	0.00793	0.00263	0.00997	0.10958	0.00509	0.01018
7	0.01202	0.00919	0.01324	0.01314	0.01450	0.01041	0.01009	0.01490	0.01538	0.02199	0.13359	0.11722	0.03427	0.04722	0.44109	0.00971	0.05728	0.01163	0.00561	0.00751
8	0.02826	0.02390	0.02286	0.01844	0.02416	0.13232	0.01484	0.40700	0.05952	0.04151	0.01926	0.02062	0.01456	0.01447	0.07062	0.00339	0.01105	0.00718	0.00707	0.05898

[dist]
# distance from previous block
# <min> <max>
0	1

[block]
# block no. 4 follows, 22 sequences, length 42
# corresponding to MSA columns:
# 213-254
name=unknown_E
#
# <colnr> <probs for GDERKNQSTAVLIFYWHMCP>
#	G	D	E	R	K	N	Q	S	T	A	V	L	I	F	Y	W	H	M	C	P
0	0.01749	0.03745	0.50374	0.02767	0.07775	0.01966	0.14653	0.02631	0.01803	0.02642	0.01533	0.01869	0.01110	0.00769	0.00829	0.00265	0.01246	0.00694	0.00368	0.01213
1	0.01654	0.01816	0.11584	0.01994	0.05445	0.01447	0.12765	0.09235	0.02128	0.02962	0.15086	0.15750	0.05824	0.04134	0.01053	0.00296	0.00827	0.01273	0.03750	0.00978
2	0.02335	0.02696	0.02492	0.02271	0.05117	0.31001	0.04962	0.02577	0.01831	0.02082	0.01435	0.04630	0.01337	0.01429	0.05170	0.00340	0.26199	0.00733	0.00419	0.00943
3	0.01683	0.01666	0.01504	0.01474	0.01672	0.18246	0.01102	0.01915	0.01680	0.02019	0.04784	0.09209	0.02616	0.12574	0.29568	0.00790	0.01542	0.04676	0.00514	0.00766
4	0.02215	0.43557	0.13196	0.02181	0.11672	0.10218	0.01852	0.02613	0.01804	0.02175	0.01279	0.01520	0.01101	0.00743	0.00638	0.00205	0.01023	0.00523	0.00371	0.01115
5	0.02344	0.01536	0.01707	0.01439	0.01842	0.01641	0.01100	0.18920	0.17253	0.12922	0.02742	0.03371	0.02256	0.19193	0.01699	0.00398	0.00750	0.00929	0.06856	0.01101
6	0.02886	0.03585	0.05978	0.02152	0.02667	0.50627	0.04992	0.09656	0.02451	0.02458	0.01670	0.01857	0.03592	0.00907	0.00782	0.00227	0.01373	0.00634	0.00481	0.01025
7	0.01990	0.02255	0.10674	0.04484	0.49478	0.02011	0.08142	0.02540	0.01849	0.02662	0.01540	0.02026	0.01269	0.00780	0.00935	0.00258	0.04692	0.00747	0.00403	0.01266
8	0.01062	0.00893	0.00928	0.00911	0.01191	0.00784	0.00686	0.01408	0.05263	0.02438	0.14832	0.07523	0.55177	0.02004	0.00974	0.00278	0.00430	0.01680	0.00792	0.00744
9	0.01006	0.00784	0.00915	0.01005	0.01168	0.00692	0.00707	0.01194	0.01769	0.02238	0.09381	0.38272	0.33257	0.02327	0.01020	0.00307	0.00449	0.02037	0.00778	0.00692
10	0.03158	0.02327	0.02493	0.01911	0.02576	0.02576	0.01579	0.62852	0.03906	0.05236	0.01995	0.01995	0.01413	0.00997	0.00831	0.00249	0.00914	0.00748	0.00831	0.01413
11	0.03326	0.01779	0.05580	0.01616	0.02272	0.01589	0.01392	0.19134	0.02740	0.43392	0.06242	0.02737	0.02151	0.01044	0.00840	0.00256	0.00772	0.00837	0.00933	0.01369
12	0.02276	0.67103	0.04229	0.01466	0.02159	0.07291	0.01433	0.02539	0.01730	0.01959	0.01163	0.01343	0.01066	0.00720	0.00547	0.00180	0.00926	0.00450	0.00360	0.01060
13	0.02038	0.02023	0.03656	0.04802	0.54229	0.01997	0.13715	0.02570	0.01904	0.02704	0.01585	0.02090	0.01306	0.00733	0.00852	0.00253	0.01064	0.00785	0.00413	0.01280
14	0.02056	0.01974	0.03372	0.05099	0.65622	0.01974	0.02550	0.02550	0.01892	0.02714	0.01563	0.02056	0.01316	0.00740	0.00822	0.00247	0.00987	0.00740	0.00411	0.01316
15	0.01199	0.00843	0.01096	0.01096	0.01162	0.00909	0.00741	0.01330	0.01264	0.01752	0.02444	0.04473	0.02602	0.42184	0.32277	0.01040	0.01435	0.01067	0.00478	0.00609
16	0.01129	0.00852	0.01046	0.01010	0.01229	0.00768	0.00765	0.01471	0.02207	0.02997	0.46993	0.06832	0.23505	0.01835	0.00987	0.00272	0.00416	0.04056	0.00869	0.00760
17	0.01666	0.04297	0.66500	0.02368	0.03596	0.01929	0.03069	0.02631	0.01754	0.02631	0.01491	0.01754	0.01052	0.00789	0.00789	0.00263	0.01228	0.00614	0.00351	0.01228
18	0.01234	0.00875	0.01174	0.01224	0.01327	0.00929	0.00914	0.01441	0.01437	0.01954	0.02939	0.05674	0.03137	0.29608	0.26332	0.00887	0.01309	0.16397	0.00550	0.00658
19	0.02235	0.53130	0.13854	0.01652	0.02411	0.10399	0.01700	0.02605	0.01774	0.02069	0.01222	0.01417	0.01064	0.00740	0.00598	0.00195	0.01011	0.00481	0.00363	0.01080
20	0.02056	0.01974	0.03372	0.05099	0.65622	0.01974	0.02550	0.02550	0.01892	0.02714	0.01563	0.02056	0.01316	0.00740	0.00822	0.00247	0.00987	0.00740	0.00411	0.01316
21	0.05136	0.01286	0.01194	0.01159	0.01375	0.10004	0.00875	0.01966	0.01653	0.02532	0.02286	0.02978	0.01960	0.06437	0.21841	0.00592	0.01151	0.00787	0.34008	0.00781
22	0.02056	0.01974	0.03372	0.05099	0.65622	0.01974	0.02550	0.02550	0.01892	0.02714	0.01563	0.02056	0.01316	0.00740	0.00822	0.00247	0.00987	0.00740	0.00411	0.01316
23	0.02783	0.01925	0.01993	0.01591	0.02120	0.05027	0.01291	0.39432	0.03146	0.09497	0.02252	0.02326	0.01636	0.00986	0.00762	0.00234	0.00787	0.00752	0.20234	0.01226
24	0.01666	0.04297	0.66500	0.02368	0.03596	0.01929	0.03069	0.02631	0.01754	0.02631	0.01491	0.01754	0.01052	0.00789	0.00789	0.00263	0.01228	0.00614	0.00351	0.01228
25	0.01122	0.00847	0.01036	0.00989	0.01208	0.00761	0.00742	0.01464	0.02225	0.03031	0.49498	0.06700	0.23712	0.01810	0.00980	0.00267	0.00400	0.01572	0.00875	0.00761
26	0.01012	0.00723	0.00964	0.01157	0.01205	0.00675	0.00771	0.01157	0.01591	0.02121	0.04579	0.70262	0.05495	0.02603	0.01060	0.00337	0.00482	0.02362	0.00771	0.00675
27	0.02056	0.01974	0.03372	0.05099	0.65622	0.01974	0.02550	0.02550	0.01892	0.02714	0.01563	0.02056	0.01316	0.00740	0.00822	0.00247	0.00987	0.00740	0.00411	0.01316
28	0.02221	0.71304	0.04353	0.01421	0.02132	0.03287	0.01421	0.02488	0.01688	0.01955	0.01155	0.01333	0.01066	0.00711	0.00533	0.00178	0.00888	0.00444	0.00355	0.01066
29	0.00982	0.00842	0.00842	0.00842	0.01122	0.00701	0.00631	0.01192	0.01894	0.02244	0.08416	0.07995	0.65285	0.02104	0.00982	0.00281	0.00421	0.01753	0.00771	0.00701
30	0.02471	0.02928	0.02116	0.02087	0.06181	0.43736	0.01496	0.02727	0.02024	0.02045	0.01580	0.02055	0.01383	0.02438	0.20499	0.00548	0.01681	0.00653	0.00432	0.00920
31	0.01666	0.04297	0.66500	0.02368	0.03596	0.01929	0.03069	0.02631	0.01754	0.02631	0.01491	0.01754	0.01052	0.00789	0.00789	0.00263	0.01228	0.00614	0.00351	0.01228
32	0.76672	0.01607	0.01221	0.01092	0.01607	0.01864	0.00900	0.02442	0.01414	0.03727	0.01157	0.01350	0.00900	0.00771	0.00514	0.00257	0.00643	0.00450	0.00514	0.00900
33	0.01228	0.00950	0.01414	0.01390	0.01529	0.01136	0.01089	0.01517	0.01331	0.01933	0.02151	0.03170	0.02013	0.05920	0.63299	0.01272	0.06587	0.00879	0.00440	0.00753
34	0.02447	0.01906	0.02112	0.01574	0.02275	0.01849	0.01285	0.32765	0.02825	0.03984	0.01738	0.01860	0.01323	0.00808	0.00724	0.00187	0.00766	0.00621	0.00663	0.38289
35	0.01549	0.00774	0.00774	0.00774	0.00968	0.00774	0.00581	0.01936	0.01742	0.03097	0.02710	0.03097	0.02129	0.00968	0.00581	0.00194	0.00387	0.00774	0.75416	0.00774
36	0.00982	0.00842	0.00842	0.00842	0.01122	0.00701	0.00631	0.01192	0.01894	0.02244	0.08416	0.07995	0.65285	0.02104	0.00982	0.00281	0.00421	0.01753	0.00771	0.00701
37	0.01569	0.01477	0.02492	0.68808	0.05722	0.01846	0.02307	0.02123	0.01661	0.02123	0.01477	0.02215	0.01107	0.00831	0.00831	0.00277	0.01107	0.00738	0.00369	0.00923
38	0.01009	0.00817	0.00900	0.00961	0.01176	0.00708	0.00706	0.01212	0.01816	0.02225	0.07200	0.24270	0.46451	0.02244	0.01011	0.00301	0.00455	0.05069	0.00771	0.00698
39	0.02008	0.01925	0.03286	0.11333	0.59761	0.01961	0.02526	0.02508	0.01869	0.02656	0.01554	0.02072	0.01295	0.00749	0.00823	0.00250	0.00999	0.00740	0.00407	0.01277
40	0.01818	0.01818	0.02545	0.02181	0.02181	0.02545	0.01818	0.01999	0.01272	0.01999	0.01091	0.01818	0.01091	0.01454	0.02726	0.00364	0.69284	0.00727	0.00364	0.00909
41	0.02975	0.03653	0.02381	0.02132	0.02529	0.57334	0.01625	0.06408	0.02328	0.02203	0.01303	0.01558	0.01091	0.00925	0.00955	0.00231	0.08378	0.00566	0.00443	0.00982

[dist]
# distance from previous block
# <min> <max>
0	2

[block]
# block no. 5 follows, 22 sequences, length 100
# corresponding to MSA columns:
# 257-356
name=unknown_F
#
# <colnr> <probs for GDERKNQSTAVLIFYWHMCP>
#	G	D	E	R	K	N	Q	S	T	A	V	L	I	F	Y	W	H	M	C	P
0	0.03103	0.03959	0.02354	0.02140	0.02568	0.67469	0.01605	0.03317	0.02354	0.02033	0.01284	0.01498	0.01070	0.00856	0.00749	0.00214	0.01498	0.00535	0.00428	0.00963
