[name]
unknown

[dist]
# distance from previous block
# <min> <max>
9	12

[block]
# block no. 0 follows, 21 sequences, length 334
# corresponding to MSA columns:
# 12-345
name=unknown_A
#
# <colnr> <probs for GDERKNQSTAVLIFYWHMCP>
#	G	D	E	R	K	N	Q	S	T	A	V	L	I	F	Y	W	H	M	C	P
0	0.02438	0.04724	0.02898	0.03590	0.36562	0.01950	0.02026	0.05761	0.11463	0.13523	0.02180	0.02354	0.01657	0.00873	0.00827	0.00252	0.00887	0.00782	0.00616	0.04637
1	0.25632	0.01683	0.02486	0.08490	0.19025	0.01769	0.10757	0.02333	0.01766	0.03023	0.05748	0.09709	0.02079	0.01045	0.00804	0.00275	0.00878	0.00934	0.00526	0.01038
2	0.01843	0.15670	0.01960	0.01218	0.01651	0.01457	0.01007	0.02232	0.04600	0.12235	0.20039	0.08700	0.17233	0.01486	0.00865	0.00251	0.00593	0.01238	0.00767	0.04955
3	0.02106	0.02022	0.03454	0.05223	0.64784	0.02022	0.02612	0.02612	0.01938	0.02780	0.01601	0.02106	0.01348	0.00758	0.00842	0.00253	0.01011	0.00758	0.00421	0.01348
4	0.22293	0.17354	0.02773	0.02368	0.15325	0.18305	0.01611	0.06174	0.01997	0.02865	0.01353	0.01606	0.01122	0.00805	0.00675	0.00232	0.01020	0.00561	0.00466	0.01095
5	0.02600	0.02657	0.03008	0.03817	0.36749	0.20382	0.02171	0.12844	0.02420	0.03019	0.01595	0.01934	0.01294	0.00836	0.00823	0.00244	0.01146	0.00700	0.00499	0.01263
6	0.14825	0.40799	0.03231	0.01477	0.02073	0.13544	0.01326	0.02575	0.01844	0.02417	0.05144	0.01966	0.04081	0.00881	0.00625	0.00211	0.00924	0.00589	0.00455	0.01013
7	0.03142	0.03386	0.02433	0.02091	0.02612	0.42091	0.01620	0.22855	0.06112	0.03247	0.01669	0.01789	0.01291	0.00939	0.00800	0.00235	0.01292	0.00642	0.00598	0.01158
8	0.02437	0.02351	0.08338	0.03655	0.32773	0.08582	0.07527	0.03113	0.07468	0.12328	0.02009	0.02253	0.01521	0.00851	0.00850	0.00259	0.01050	0.00781	0.00554	0.01300
9	0.01355	0.01027	0.01235	0.01308	0.01464	0.01071	0.00917	0.02049	0.17560	0.02461	0.04066	0.44761	0.04450	0.05909	0.01341	0.04978	0.00573	0.01874	0.00769	0.00832
10	0.02025	0.01958	0.03393	0.14741	0.52831	0.02008	0.05463	0.02550	0.01905	0.02685	0.01593	0.02140	0.01313	0.00770	0.00852	0.00259	0.01051	0.00770	0.00415	0.01277
11	0.02220	0.02238	0.03344	0.04902	0.58196	0.08875	0.02509	0.02695	0.01988	0.02706	0.01571	0.02046	0.01321	0.00771	0.00835	0.00249	0.01067	0.00736	0.00423	0.01310
12	0.01037	0.00741	0.00987	0.01185	0.01234	0.00691	0.00790	0.01185	0.01629	0.02172	0.04690	0.69537	0.05629	0.02666	0.01086	0.00346	0.00494	0.02419	0.00790	0.00691
13	0.03000	0.02267	0.02422	0.01911	0.02550	0.02529	0.01561	0.49885	0.16445	0.04985	0.02342	0.02281	0.01689	0.01050	0.00854	0.00262	0.00881	0.00807	0.00854	0.01426
14	0.03102	0.03376	0.02232	0.01990	0.02441	0.50867	0.01510	0.03354	0.02415	0.11869	0.07189	0.02168	0.01862	0.00980	0.00802	0.00230	0.01311	0.00683	0.00576	0.01041
15	0.29772	0.02956	0.31763	0.01819	0.02692	0.01931	0.02031	0.02884	0.08140	0.06211	0.01690	0.01838	0.01228	0.00850	0.00711	0.00269	0.00946	0.00612	0.00509	0.01150
16	0.01707	0.04402	0.65683	0.02426	0.03683	0.01976	0.03144	0.02695	0.01797	0.02695	0.01527	0.01797	0.01078	0.00809	0.00809	0.00270	0.01258	0.00629	0.00359	0.01258
17	0.01061	0.00815	0.00971	0.01035	0.01209	0.00726	0.00737	0.01290	0.01917	0.02488	0.19042	0.32196	0.28914	0.02269	0.01037	0.00306	0.00450	0.01989	0.00822	0.00726
18	0.19608	0.03520	0.46170	0.02027	0.03043	0.01888	0.02464	0.02581	0.01750	0.03010	0.05320	0.01978	0.01469	0.00862	0.00753	0.00268	0.01060	0.00645	0.00435	0.01149
19	0.02917	0.03634	0.02325	0.02228	0.05733	0.56788	0.01603	0.03159	0.02361	0.02191	0.04570	0.02139	0.04820	0.00978	0.00795	0.00227	0.01397	0.00671	0.00479	0.00983
20	0.01026	0.00785	0.00942	0.01068	0.01204	0.00701	0.00738	0.01198	0.01742	0.02218	0.06117	0.47279	0.26966	0.02481	0.01057	0.00324	0.00471	0.02193	0.00790	0.00701
21	0.01105	0.00866	0.01000	0.00966	0.01210	0.00761	0.00725	0.01414	0.02175	0.02856	0.36502	0.07273	0.36210	0.01947	0.01005	0.00278	0.00416	0.01667	0.00864	0.00761
22	0.02106	0.02022	0.03454	0.05223	0.64784	0.02022	0.02612	0.02612	0.01938	0.02780	0.01601	0.02106	0.01348	0.00758	0.00842	0.00253	0.01011	0.00758	0.00421	0.01348
23	0.01903	0.01788	0.01661	0.01523	0.01942	0.08904	0.01171	0.03410	0.38125	0.03018	0.04766	0.04491	0.20921	0.01423	0.00897	0.00281	0.00697	0.01165	0.00796	0.01119
24	0.02042	0.02250	0.06681	0.04308	0.32706	0.02084	0.31682	0.02671	0.01967	0.02750	0.01657	0.02187	0.01309	0.00740	0.00921	0.00270	0.01229	0.00874	0.00423	0.01246
25	0.01955	0.01867	0.03181	0.24288	0.46903	0.01982	0.02536	0.02479	0.01866	0.02596	0.01574	0.02156	0.01283	0.00786	0.00845	0.00262	0.01048	0.00758	0.00408	0.01226
26	0.01737	0.07856	0.62489	0.02375	0.03605	0.02049	0.03056	0.02687	0.01793	0.02659	0.01509	0.01774	0.01079	0.00804	0.00795	0.00265	0.01240	0.00620	0.00360	0.01249
27	0.01747	0.04162	0.59422	0.02707	0.09830	0.01981	0.03091	0.02687	0.01811	0.02704	0.01535	0.01828	0.01105	0.00803	0.00812	0.00268	0.01233	0.00642	0.00366	0.01267
28	0.01048	0.00751	0.01011	0.01196	0.01252	0.00714	0.00807	0.01206	0.01613	0.02160	0.04542	0.65453	0.05412	0.02895	0.05136	0.00409	0.00604	0.02326	0.00769	0.00695
29	0.01669	0.01720	0.01390	0.01357	0.01652	0.16777	0.01002	0.02131	0.09292	0.02369	0.05384	0.19434	0.28910	0.01840	0.00949	0.00284	0.00740	0.01532	0.00714	0.00852
30	0.01607	0.01513	0.02552	0.68047	0.05861	0.01891	0.02363	0.02174	0.01702	0.02174	0.01513	0.02269	0.01134	0.00851	0.00851	0.00284	0.01134	0.00756	0.00378	0.00945
31	0.02155	0.01379	0.01552	0.01360	0.01817	0.01385	0.01068	0.03227	0.25229	0.19137	0.05307	0.04922	0.24907	0.01491	0.00914	0.00282	0.00599	0.01237	0.00887	0.01145
32	0.01538	0.01536	0.01293	0.01222	0.01507	0.14605	0.00916	0.01826	0.02219	0.02681	0.28462	0.06089	0.29491	0.01727	0.00955	0.00265	0.00652	0.01435	0.00773	0.00807
33	0.02009	0.02296	0.05022	0.03587	0.04448	0.02152	0.61693	0.02726	0.02009	0.02726	0.01722	0.02296	0.01291	0.00717	0.01004	0.00287	0.01435	0.01004	0.00430	0.01148
34	0.01977	0.01890	0.03220	0.21520	0.49499	0.01988	0.02547	0.02498	0.01876	0.02623	0.01578	0.02148	0.01293	0.00782	0.00845	0.00261	0.01043	0.00758	0.00410	0.01244
35	0.02082	0.01997	0.03410	0.08296	0.61902	0.02016	0.02600	0.02590	0.01926	0.02751	0.01596	0.02114	0.01338	0.00763	0.00843	0.00254	0.01017	0.00758	0.00419	0.01328
36	0.01999	0.02128	0.02465	0.23026	0.03410	0.15012	0.01921	0.02311	0.01667	0.02102	0.01470	0.05491	0.01356	0.01227	0.01685	0.00312	0.30276	0.00798	0.00409	0.00934
37	0.01037	0.00741	0.00987	0.01185	0.01234	0.00691	0.00790	0.01185	0.01629	0.02172	0.04690	0.69537	0.05629	0.02666	0.01086	0.00346	0.00494	0.02419	0.00790	0.00691
38	0.01055	0.00753	0.01008	0.01205	0.01263	0.00707	0.00821	0.01216	0.01647	0.02192	0.04681	0.66322	0.05589	0.02649	0.01091	0.00348	0.00509	0.05457	0.00790	0.00696
39	0.01707	0.04402	0.65683	0.02426	0.03683	0.01976	0.03144	0.02695	0.01797	0.02695	0.01527	0.01797	0.01078	0.00809	0.00809	0.00270	0.01258	0.00629	0.00359	0.01258
40	0.02368	0.02084	0.03165	0.08253	0.45028	0.02174	0.02339	0.17976	0.02458	0.03413	0.01710	0.02100	0.01361	0.00832	0.00845	0.00255	0.00999	0.00760	0.00530	0.01349
41	0.01855	0.01765	0.03000	0.36870	0.35102	0.01956	0.02487	0.02391	0.01819	0.02475	0.01556	0.02188	0.01240	0.00805	0.00847	0.00268	0.01073	0.00757	0.00400	0.01145
42	0.01037	0.00741	0.00987	0.01185	0.01234	0.00691	0.00790	0.01185	0.01629	0.02172	0.04690	0.69537	0.05629	0.02666	0.01086	0.00346	0.00494	0.02419	0.00790	0.00691
43	0.02212	0.25437	0.32578	0.02013	0.02978	0.02566	0.02276	0.15093	0.02238	0.03031	0.01524	0.01709	0.01160	0.00827	0.00732	0.00238	0.01078	0.00601	0.00464	0.01244
44	0.01721	0.04136	0.59375	0.06017	0.06726	0.01974	0.03078	0.02664	0.01798	0.02672	0.01530	0.01836	0.01094	0.00808	0.00812	0.00269	0.01239	0.00642	0.00363	0.01246
45	0.02106	0.02022	0.03454	0.05223	0.64784	0.02022	0.02612	0.02612	0.01938	0.02780	0.01601	0.02106	0.01348	0.00758	0.00842	0.00253	0.01011	0.00758	0.00421	0.01348
46	0.02782	0.03192	0.02810	0.03309	0.25831	0.38536	0.02004	0.06768	0.02334	0.02548	0.01467	0.01780	0.01212	0.00842	0.00801	0.00234	0.01302	0.00640	0.00458	0.01150
47	0.02536	0.16544	0.09230	0.06818	0.15903	0.27676	0.02001	0.05275	0.02137	0.02411	0.01412	0.01713	0.01163	0.00820	0.00752	0.00229	0.01225	0.00604	0.00425	0.01126
48	0.01707	0.04402	0.65683	0.02426	0.03683	0.01976	0.03144	0.02695	0.01797	0.02695	0.01527	0.01797	0.01078	0.00809	0.00809	0.00270	0.01258	0.00629	0.00359	0.01258
49	0.01111	0.00778	0.00993	0.01116	0.01157	0.00756	0.00722	0.01222	0.01491	0.01997	0.03914	0.45463	0.04620	0.23909	0.06204	0.00559	0.00709	0.01957	0.00684	0.00641
50	0.01770	0.11791	0.58850	0.02317	0.03516	0.02132	0.02956	0.02679	0.01789	0.02618	0.01489	0.01749	0.01080	0.00800	0.00779	0.00260	0.01219	0.00609	0.00360	0.01239
51	0.01952	0.01516	0.01714	0.15364	0.02580	0.05217	0.01307	0.11521	0.07630	0.06286	0.03725	0.06999	0.15063	0.01304	0.00846	0.00264	0.00754	0.01075	0.13883	0.01000
52	0.01238	0.00825	0.00928	0.00928	0.00928	0.00825	0.00516	0.01238	0.01238	0.01650	0.02681	0.05569	0.03094	0.70092	0.04331	0.00825	0.00825	0.01238	0.00516	0.00516
53	0.02378	0.02109	0.03237	0.04436	0.49805	0.02171	0.02372	0.16913	0.02435	0.03403	0.01707	0.02091	0.01372	0.00822	0.00845	0.00253	0.00993	0.00760	0.00525	0.01372
54	0.02305	0.02422	0.03186	0.07987	0.48540	0.15595	0.02395	0.02753	0.02024	0.02601	0.01536	0.01995	0.01284	0.00788	0.00827	0.00247	0.01128	0.00714	0.00423	0.01250
55	0.01735	0.07640	0.62689	0.02378	0.03610	0.02044	0.03062	0.02688	0.01793	0.02661	0.01510	0.01776	0.01079	0.00805	0.00796	0.00265	0.01241	0.00620	0.00360	0.01250
56	0.01216	0.00912	0.01368	0.01368	0.01520	0.01064	0.01064	0.01520	0.01368	0.01976	0.02279	0.03343	0.02127	0.06382	0.66720	0.01368	0.02279	0.00912	0.00456	0.00760
57	0.02437	0.02504	0.02566	0.02718	0.15480	0.20874	0.01828	0.03136	0.13774	0.05538	0.01837	0.02122	0.01493	0.01073	0.01332	0.00282	0.18599	0.00738	0.00530	0.01140
58	0.01707	0.04402	0.65683	0.02426	0.03683	0.01976	0.03144	0.02695	0.01797	0.02695	0.01527	0.01797	0.01078	0.00809	0.00809	0.00270	0.01258	0.00629	0.00359	0.01258
59	0.01042	0.00769	0.00976	0.01124	0.01223	0.00703	0.00767	0.01217	0.01729	0.02271	0.09072	0.55446	0.15497	0.02524	0.01068	0.00331	0.00478	0.02261	0.00799	0.00703
60	0.02102	0.02034	0.03525	0.05150	0.62057	0.02028	0.05282	0.02617	0.01941	0.02778	0.01606	0.02115	0.01345	0.00756	0.00850	0.00254	0.01030	0.00769	0.00422	0.01339
61	0.03200	0.03414	0.02466	0.02102	0.02634	0.42107	0.01634	0.25861	0.03021	0.03341	0.01595	0.01730	0.01231	0.00932	0.00800	0.00233	0.01305	0.00632	0.00597	0.01163
62	0.02079	0.01994	0.03405	0.08624	0.61594	0.02015	0.02598	0.02588	0.01925	0.02747	0.01596	0.02115	0.01336	0.00763	0.00843	0.00254	0.01018	0.00758	0.00419	0.01326
63	0.01081	0.00860	0.00970	0.00953	0.01198	0.00749	0.00711	0.01364	0.02102	0.02710	0.29273	0.09972	0.41003	0.02021	0.01008	0.00282	0.00423	0.01725	0.00845	0.00749
64	0.02263	0.36369	0.18595	0.01839	0.02598	0.16187	0.01878	0.02699	0.01866	0.02184	0.01361	0.01627	0.01153	0.01128	0.04739	0.00284	0.01210	0.00545	0.00384	0.01089
65	0.01393	0.00983	0.01172	0.01151	0.01284	0.00982	0.00782	0.08075	0.01911	0.02593	0.16170	0.24762	0.04716	0.27555	0.02259	0.00499	0.00648	0.01607	0.00725	0.00733
66	0.01014	0.00831	0.00895	0.00946	0.01171	0.00711	0.00684	0.01212	0.01859	0.02266	0.07601	0.24103	0.49183	0.02288	0.01027	0.00302	0.00447	0.01958	0.00790	0.00711
67	0.03217	0.02936	0.02507	0.02035	0.02636	0.23778	0.01626	0.42619	0.03476	0.04280	0.01803	0.01875	0.01331	0.00974	0.00824	0.00243	0.01134	0.00694	0.00715	0.01295
68	0.01843	0.03421	0.40651	0.06622	0.25337	0.01988	0.02918	0.02640	0.01842	0.02700	0.01552	0.01929	0.01176	0.00793	0.00823	0.00264	0.01165	0.00681	0.00382	0.01274
69	0.56327	0.17159	0.04824	0.01252	0.01856	0.02238	0.01139	0.02521	0.01526	0.03363	0.01200	0.01397	0.00967	0.00777	0.00543	0.00245	0.00741	0.00467	0.00483	0.00975
70	0.01586	0.00793	0.00793	0.00793	0.00991	0.00793	0.00595	0.01983	0.01785	0.03173	0.02776	0.03173	0.02181	0.00991	0.00595	0.00198	0.00397	0.00793	0.74817	0.00793
71	0.01707	0.04402	0.65683	0.02426	0.03683	0.01976	0.03144	0.02695	0.01797	0.02695	0.01527	0.01797	0.01078	0.00809	0.00809	0.00270	0.01258	0.00629	0.00359	0.01258
72	0.01988	0.02724	0.21822	0.04398	0.46749	0.02009	0.02769	0.02636	0.01896	0.02755	0.01579	0.02015	0.01268	0.00773	0.00832	0.00258	0.01084	0.00720	0.00403	0.01321
73	0.01255	0.00893	0.01273	0.01273	0.01417	0.01017	0.00971	0.01544	0.01399	0.02071	0.02363	0.03509	0.02212	0.11076	0.54853	0.01204	0.01968	0.00927	0.08033	0.00743
74	0.21478	0.48891	0.03509	0.01411	0.02070	0.06628	0.01328	0.02585	0.01696	0.02478	0.01191	0.01379	0.01048	0.00753	0.00554	0.00205	0.00881	0.00462	0.00410	0.01042
75	0.01742	0.04178	0.59573	0.02629	0.07025	0.01987	0.05761	0.02692	0.01814	0.02701	0.01540	0.01836	0.01102	0.00802	0.00819	0.00269	0.01252	0.00653	0.00366	0.01258
76	0.02213	0.01986	0.03362	0.04991	0.60866	0.01974	0.02527	0.02708	0.01969	0.06697	0.01711	0.02156	0.01395	0.00777	0.00843	0.00253	0.00993	0.00764	0.00461	0.01354
77	0.01603	0.01214	0.01427	0.01298	0.01606	0.01265	0.01005	0.02468	0.18025	0.07010	0.29127	0.05423	0.17672	0.01617	0.01070	0.00283	0.04702	0.01352	0.00860	0.00975
78	0.02155	0.13044	0.11869	0.03676	0.29183	0.07955	0.14828	0.02706	0.01944	0.02577	0.01528	0.01942	0.01240	0.00762	0.00820	0.00248	0.01163	0.00728	0.00408	0.01223
79	0.01699	0.03456	0.47184	0.02207	0.03187	0.01707	0.05662	0.02482	0.01807	0.05663	0.02224	0.14670	0.01999	0.01167	0.00873	0.00284	0.01097	0.00998	0.00478	0.01154
80	0.01707	0.04402	0.65683	0.02426	0.03683	0.01976	0.03144	0.02695	0.01797	0.02695	0.01527	0.01797	0.01078	0.00809	0.00809	0.00270	0.01258	0.00629	0.00359	0.01258
81	0.05379	0.07653	0.02744	0.02735	0.21066	0.07262	0.05359	0.02748	0.08955	0.02788	0.01719	0.01993	0.01400	0.00770	0.00744	0.00211	0.00899	0.00662	0.00500	0.24414
82	0.02105	0.01997	0.03360	0.04697	0.53992	0.01995	0.06145	0.05955	0.02061	0.02899	0.02014	0.02444	0.04765	0.00846	0.00862	0.00257	0.01002	0.00830	0.00467	0.01307
83	0.01510	0.01243	0.01376	0.01301	0.01620	0.01303	0.00985	0.02653	0.26835	0.03085	0.20591	0.11857	0.18869	0.01694	0.00957	0.00289	0.00528	0.01455	0.00859	0.00992
84	0.01006	0.00862	0.00862	0.00862	0.01149	0.00718	0.00647	0.01221	0.01940	0.02299	0.08621	0.08190	0.64438	0.02155	0.01006	0.00287	0.00431	0.01796	0.00790	0.00718
85	0.02078	0.01993	0.03402	0.08835	0.61396	0.02014	0.02597	0.02587	0.01924	0.02745	0.01596	0.02116	0.01336	0.00764	0.00843	0.00255	0.01018	0.00758	0.00419	0.01325
86	0.02904	0.03219	0.02500	0.02425	0.09483	0.39657	0.01714	0.15439	0.02612	0.02857	0.01812	0.02017	0.03999	0.00983	0.00913	0.00242	0.04896	0.00683	0.00535	0.01109
87	0.02106	0.02022	0.03454	0.05223	0.64784	0.02022	0.02612	0.02612	0.01938	0.02780	0.01601	0.02106	0.01348	0.00758	0.00842	0.00253	0.01011	0.00758	0.00421	0.01348
88	0.03235	0.02384	0.02554	0.01958	0.02639	0.02639	0.01618	0.61946	0.04001	0.05363	0.02043	0.02043	0.01447	0.01022	0.00851	0.00255	0.00936	0.00766	0.00851	0.01447
89	0.01130	0.00867	0.01035	0.00993	0.01226	0.00771	0.00745	0.01462	0.02234	0.02996	0.43507	0.07042	0.29117	0.01895	0.01004	0.00275	0.00413	0.01635	0.00882	0.00771
90	0.01238	0.00825	0.00928	0.00928	0.00928	0.00825	0.00516	0.01238	0.01238	0.01650	0.02681	0.05569	0.03094	0.70092	0.04331	0.00825	0.00825	0.01238	0.00516	0.00516
91	0.01216	0.00912	0.01368	0.01368	0.01520	0.01064	0.01064	0.01520	0.01368	0.01976	0.02279	0.03343	0.02127	0.06382	0.66720	0.01368	0.02279	0.00912	0.00456	0.00760
92	0.03179	0.04056	0.02412	0.02192	0.02631	0.66676	0.01644	0.03398	0.02412	0.02083	0.01315	0.01535	0.01096	0.00877	0.00767	0.00219	0.01535	0.00548	0.00438	0.00987
93	0.01237	0.00829	0.00948	0.00948	0.00955	0.00836	0.00540	0.01250	0.01243	0.01665	0.02663	0.05468	0.03050	0.67213	0.07151	0.00850	0.00891	0.01223	0.00513	0.00527
94	0.02009	0.02296	0.05022	0.03587	0.04448	0.02152	0.61693	0.02726	0.02009	0.02726	0.01722	0.02296	0.01291	0.00717	0.01004	0.00287	0.01435	0.01004	0.00430	0.01148
95	0.03179	0.04056	0.02412	0.02192	0.02631	0.66676	0.01644	0.03398	0.02412	0.02083	0.01315	0.01535	0.01096	0.00877	0.00767	0.00219	0.01535	0.00548	0.00438	0.00987
96	0.02953	0.02342	0.15482	0.01829	0.02584	0.01850	0.01741	0.21097	0.06575	0.26985	0.05856	0.02612	0.02041	0.01036	0.00853	0.00264	0.00880	0.00825	0.00829	0.01367
97	0.01872	0.23597	0.47932	0.02144	0.03249	0.02380	0.02655	0.02652	0.01777	0.02494	0.01427	0.01672	0.01082	0.00785	0.00732	0.00244	0.01157	0.00578	0.00361	0.01210
98	0.01780	0.03894	0.51062	0.02705	0.03867	0.02019	0.17256	0.02703	0.01848	0.02703	0.01574	0.01917	0.01129	0.00787	0.00856	0.00274	0.01300	0.00719	0.00376	0.01231
99	0.01093	0.00781	0.01052	0.01250	0.01324	0.00740	0.00888	0.01283	0.01685	0.02236	0.04659	0.59397	0.05505	0.02613	0.01101	0.00353	0.00543	0.12000	0.00789	0.00707
100	0.02106	0.02022	0.03454	0.05223	0.64784	0.02022	0.02612	0.02612	0.01938	0.02780	0.01601	0.02106	0.01348	0.00758	0.00842	0.00253	0.01011	0.00758	0.00421	0.01348
101	0.02106	0.02022	0.03454	0.05223	0.64784	0.02022	0.02612	0.02612	0.01938	0.02780	0.01601	0.02106	0.01348	0.00758	0.00842	0.00253	0.01011	0.00758	0.00421	0.01348
102	0.01037	0.00741	0.00987	0.01185	0.01234	0.00691	0.00790	0.01185	0.01629	0.02172	0.04690	0.69537	0.05629	0.02666	0.01086	0.00346	0.00494	0.02419	0.00790	0.00691
103	0.01916	0.22379	0.38886	0.02241	0.06603	0.05161	0.02454	0.02600	0.01804	0.02453	0.01596	0.05317	0.01342	0.00886	0.00751	0.00246	0.01119	0.00681	0.00391	0.01175
104	0.02365	0.02512	0.03203	0.04493	0.49803	0.17606	0.02379	0.02801	0.02052	0.02612	0.01532	0.01968	0.01287	0.00787	0.00824	0.00245	0.01137	0.00708	0.00425	0.01261
105	0.01707	0.04402	0.65683	0.02426	0.03683	0.01976	0.03144	0.02695	0.01797	0.02695	0.01527	0.01797	0.01078	0.00809	0.00809	0.00270	0.01258	0.00629	0.00359	0.01258
106	0.02270	0.02333	0.03295	0.04760	0.55288	0.11900	0.02464	0.02732	0.02010	0.02674	0.01557	0.02019	0.01310	0.00776	0.00831	0.00248	0.01091	0.00726	0.00424	0.01293
107	0.01826	0.18307	0.52823	0.02222	0.03368	0.02269	0.02790	0.02664	0.01783	0.02550	0.01455	0.01706	0.01081	0.00792	0.00753	0.00251	0.01185	0.00592	0.00360	0.01223
108	0.02550	0.33114	0.10350	0.01898	0.02531	0.28394	0.01740	0.02877	0.01986	0.02114	0.01271	0.01507	0.01093	0.00836	0.00782	0.00217	0.04760	0.00527	0.00394	0.01060
109	0.01025	0.00786	0.00940	0.01064	0.01203	0.00701	0.00736	0.01199	0.01746	0.02220	0.06163	0.46548	0.27667	0.02475	0.01056	0.00324	0.00470	0.02186	0.00790	0.00701
110	0.02068	0.01968	0.03346	0.05033	0.61496	0.01968	0.02547	0.02567	0.01939	0.02768	0.01752	0.02497	0.01533	0.00841	0.00860	0.00260	0.00999	0.03800	0.00440	0.01319
111	0.01915	0.01892	0.04730	0.01675	0.05292	0.12289	0.01278	0.06142	0.10931	0.05333	0.12995	0.04942	0.21580	0.01495	0.00920	0.00272	0.00776	0.03807	0.00736	0.01001
112	0.01128	0.00806	0.01092	0.01289	0.01378	0.00770	0.00948	0.01342	0.01719	0.02274	0.04640	0.53222	0.05430	0.02580	0.01110	0.00358	0.00573	0.17835	0.00788	0.00716
113	0.01006	0.00862	0.00862	0.00862	0.01149	0.00718	0.00647	0.01221	0.01940	0.02299	0.08621	0.08190	0.64438	0.02155	0.01006	0.00287	0.00431	0.01796	0.00790	0.00718
114	0.17912	0.38463	0.06349	0.01593	0.02219	0.13195	0.01478	0.02657	0.01761	0.02434	0.01218	0.01443	0.01058	0.00809	0.00709	0.00219	0.04538	0.00495	0.00411	0.01039
115	0.01785	0.03898	0.51825	0.02854	0.09983	0.02003	0.10366	0.02690	0.01837	0.02708	0.01559	0.01890	0.01132	0.00792	0.00836	0.00270	0.01255	0.00689	0.00374	0.01253
116	0.02057	0.01972	0.03366	0.11403	0.58988	0.02009	0.02587	0.02569	0.01915	0.02721	0.01592	0.02122	0.01327	0.00767	0.00843	0.00256	0.01023	0.00758	0.00417	0.01308
117	0.01862	0.01862	0.02607	0.02234	0.02234	0.02607	0.01862	0.02048	0.01303	0.02048	0.01117	0.01862	0.01117	0.01489	0.02793	0.00372	0.68535	0.00745	0.00372	0.00931
118	0.01726	0.04286	0.62640	0.02562	0.06672	0.01979	0.03118	0.02691	0.01804	0.02699	0.01531	0.01812	0.01091	0.00806	0.00810	0.00269	0.01246	0.00635	0.00362	0.01262
119	0.01824	0.03600	0.42880	0.02935	0.06696	0.02036	0.22415	0.02701	0.01873	0.02709	0.01595	0.01975	0.01160	0.00776	0.00875	0.00274	0.01305	0.00758	0.00386	0.01226
120	0.02468	0.01750	0.01935	0.01687	0.02205	0.01938	0.01327	0.04445	0.50689	0.16325	0.03442	0.03118	0.02496	0.01134	0.00864	0.00283	0.00684	0.00940	0.00905	0.01368
121	0.01354	0.00967	0.01351	0.01547	0.01735	0.00964	0.01341	0.01733	0.01942	0.02527	0.04516	0.12757	0.04936	0.02367	0.01171	0.00389	0.00768	0.56072	0.00784	0.00779
122	0.03041	0.14223	0.02724	0.02080	0.02563	0.57004	0.01616	0.03268	0.02307	0.02070	0.01295	0.01509	0.01096	0.00854	0.00734	0.00214	0.01439	0.00534	0.00427	0.01003
123	0.03124	0.03873	0.02474	0.02345	0.05965	0.60368	0.01695	0.05952	0.02457	0.02266	0.01363	0.01588	0.01125	0.00877	0.00775	0.00223	0.01480	0.00569	0.00456	0.01026
124	0.01039	0.00782	0.00963	0.01090	0.01213	0.00706	0.00752	0.01221	0.01762	0.02283	0.09442	0.48915	0.21809	0.02470	0.01059	0.00325	0.00471	0.02195	0.00799	0.00706
125	0.01146	0.00822	0.01099	0.01211	0.01334	0.00775	0.00890	0.01416	0.01934	0.02633	0.23812	0.39345	0.06279	0.02317	0.01074	0.00328	0.00512	0.11496	0.00836	0.00742
126	0.03202	0.03369	0.02470	0.02096	0.02634	0.40357	0.01633	0.27461	0.03065	0.03431	0.01615	0.01744	0.01240	0.00936	0.00802	0.00234	0.01289	0.00638	0.00608	0.01176
127	0.01481	0.01280	0.01552	0.01460	0.01549	0.05416	0.01092	0.01658	0.01378	0.01893	0.02104	0.03634	0.02161	0.25468	0.29133	0.00913	0.15682	0.00959	0.00456	0.00732
128	0.01008	0.00855	0.00870	0.00882	0.01155	0.00717	0.00655	0.01219	0.01921	0.02291	0.08378	0.11975	0.60810	0.02187	0.01011	0.00291	0.00435	0.01834	0.00790	0.00717
129	0.01898	0.18320	0.49701	0.02210	0.03316	0.05433	0.02716	0.02699	0.01813	0.02519	0.01444	0.01693	0.01082	0.00795	0.00751	0.00249	0.01198	0.00588	0.00364	0.01210
130	0.05209	0.10166	0.24306	0.02971	0.07306	0.02206	0.30322	0.02681	0.01882	0.02691	0.01571	0.01985	0.01188	0.00753	0.00862	0.00267	0.01263	0.00787	0.00404	0.01179
131	0.01898	0.03065	0.27181	0.03163	0.04168	0.02088	0.40305	0.02715	0.01931	0.02715	0.01651	0.02113	0.01213	0.00751	0.00933	0.00281	0.01370	0.00867	0.00404	0.01188
132	0.01607	0.01513	0.02552	0.68047	0.05861	0.01891	0.02363	0.02174	0.01702	0.02174	0.01513	0.02269	0.01134	0.00851	0.00851	0.00284	0.01134	0.00756	0.00378	0.00945
133	0.01126	0.00927	0.01217	0.01152	0.01402	0.00823	0.04484	0.01406	0.02000	0.02588	0.21822	0.20236	0.33557	0.02066	0.01022	0.00294	0.00498	0.01811	0.00806	0.00761
134	0.03068	0.07485	0.02564	0.02113	0.02586	0.48890	0.01640	0.13156	0.02583	0.02630	0.01420	0.01628	0.01156	0.00925	0.00874	0.00231	0.04893	0.00590	0.00500	0.01067
135	0.01037	0.00741	0.00987	0.01185	0.01234	0.00691	0.00790	0.01185	0.01629	0.02172	0.04690	0.69537	0.05629	0.02666	0.01086	0.00346	0.00494	0.02419	0.00790	0.00691
136	0.02245	0.67117	0.07685	0.01507	0.02263	0.03294	0.01545	0.02556	0.01733	0.02039	0.01201	0.01388	0.01091	0.00732	0.00560	0.00187	0.00928	0.00464	0.00364	0.01101
137	0.01690	0.04640	0.02081	0.01934	0.05814	0.08095	0.01456	0.01964	0.01504	0.02058	0.01772	0.02591	0.01652	0.03885	0.35496	0.00857	0.20406	0.00800	0.00425	0.00881
138	0.01330	0.01808	0.18397	0.01439	0.01915	0.01111	0.01429	0.01875	0.02203	0.03154	0.44303	0.08557	0.06040	0.01541	0.00956	0.00272	0.00636	0.01343	0.00774	0.00919
139	0.02106	0.02022	0.03454	0.05223	0.64784	0.02022	0.02612	0.02612	0.01938	0.02780	0.01601	0.02106	0.01348	0.00758	0.00842	0.00253	0.01011	0.00758	0.00421	0.01348
140	0.03179	0.04056	0.02412	0.02192	0.02631	0.66676	0.01644	0.03398	0.02412	0.02083	0.01315	0.01535	0.01096	0.00877	0.00767	0.00219	0.01535	0.00548	0.00438	0.00987
141	0.01932	0.01887	0.03302	0.24934	0.32964	0.02005	0.11251	0.02608	0.05709	0.02626	0.01707	0.02254	0.01349	0.00807	0.00871	0.00270	0.01093	0.00807	0.00437	0.01189
142	0.03179	0.04056	0.02412	0.02192	0.02631	0.66676	0.01644	0.03398	0.02412	0.02083	0.01315	0.01535	0.01096	0.00877	0.00767	0.00219	0.01535	0.00548	0.00438	0.00987
143	0.01238	0.00825	0.00928	0.00928	0.00928	0.00825	0.00516	0.01238	0.01238	0.01650	0.02681	0.05569	0.03094	0.70092	0.04331	0.00825	0.00825	0.01238	0.00516	0.00516
144	0.02210	0.19271	0.32741	0.02220	0.03135	0.17899	0.06011	0.02833	0.01943	0.02392	0.01410	0.01666	0.01099	0.00801	0.00751	0.00239	0.01256	0.00593	0.00384	0.01148
145	0.01742	0.08487	0.61905	0.02366	0.03591	0.02062	0.03040	0.02686	0.01793	0.02652	0.01506	0.01770	0.01079	0.00804	0.00792	0.00264	0.01236	0.00618	0.00360	0.01247
146	0.01006	0.00862	0.00862	0.00862	0.01149	0.00718	0.00647	0.01221	0.01940	0.02299	0.08621	0.08190	0.64438	0.02155	0.01006	0.00287	0.00431	0.01796	0.00790	0.00718
147	0.02778	0.25152	0.02996	0.01871	0.02410	0.38866	0.01530	0.06674	0.02267	0.02274	0.01703	0.01863	0.04454	0.00906	0.00714	0.00213	0.01239	0.00598	0.00459	0.01035
148	0.01799	0.03830	0.49313	0.02374	0.03323	0.04668	0.02803	0.02580	0.01712	0.02529	0.01429	0.01801	0.01087	0.00961	0.01243	0.00290	0.16065	0.00651	0.00365	0.01175
149	0.01037	0.00741	0.00987	0.01185	0.01234	0.00691	0.00790	0.01185	0.01629	0.02172	0.04690	0.69537	0.05629	0.02666	0.01086	0.00346	0.00494	0.02419	0.00790	0.00691
150	0.02920	0.03566	0.02663	0.02923	0.17612	0.51092	0.01877	0.03209	0.02297	0.02251	0.01384	0.01672	0.01157	0.00848	0.00785	0.00227	0.01408	0.00599	0.00434	0.01074
151	0.02414	0.01440	0.01698	0.01484	0.01959	0.01450	0.01198	0.06489	0.20772	0.23185	0.04486	0.04818	0.14662	0.01462	0.00929	0.00292	0.00671	0.08501	0.00900	0.01191
152	0.03397	0.02124	0.02393	0.01835	0.02509	0.02254	0.01516	0.45897	0.03566	0.22027	0.02408	0.02280	0.01630	0.01030	0.00853	0.00258	0.00877	0.00791	0.00907	0.01448
153	0.01352	0.00915	0.01022	0.00987	0.01027	0.00929	0.00579	0.04728	0.01396	0.01864	0.02645	0.05366	0.02999	0.66122	0.04131	0.00792	0.00831	0.01210	0.00535	0.00569
154	0.06332	0.52055	0.03844	0.01588	0.02256	0.13408	0.01469	0.06399	0.01966	0.02320	0.01258	0.01436	0.01106	0.00774	0.00600	0.00197	0.00999	0.00490	0.00415	0.01088
155	0.01153	0.00825	0.01112	0.01253	0.01370	0.00784	0.00933	0.01413	0.01873	0.02523	0.17174	0.41820	0.05957	0.02396	0.01090	0.00340	0.00544	0.15886	0.00819	0.00737
156	0.02001	0.01915	0.03265	0.18419	0.52407	0.01994	0.02560	0.02520	0.01888	0.02653	0.01582	0.02140	0.01303	0.00778	0.00844	0.00259	0.01037	0.00758	0.00412	0.01263
157	0.01129	0.00866	0.01055	0.01170	0.01364	0.00793	0.00912	0.01381	0.01861	0.02342	0.06265	0.25329	0.29819	0.02355	0.01081	0.00336	0.00558	0.19864	0.00788	0.00731
158	0.02055	0.06231	0.03628	0.16575	0.33872	0.02137	0.14854	0.05450	0.01995	0.02731	0.01605	0.02128	0.01284	0.00778	0.00860	0.00262	0.01114	0.00791	0.00432	0.01218
159	0.02731	0.02871	0.02533	0.02693	0.15534	0.30675	0.01779	0.07036	0.13851	0.06011	0.01923	0.02081	0.01508	0.00950	0.00903	0.00251	0.04211	0.00709	0.00570	0.01180
160	0.01185	0.00908	0.01111	0.01170	0.01405	0.00834	0.00951	0.01505	0.02046	0.02626	0.18781	0.08333	0.30278	0.02141	0.01069	0.00322	0.00557	0.23200	0.00819	0.00761
161	0.01707	0.04402	0.65683	0.02426	0.03683	0.01976	0.03144	0.02695	0.01797	0.02695	0.01527	0.01797	0.01078	0.00809	0.00809	0.00270	0.01258	0.00629	0.00359	0.01258
162	0.01841	0.06678	0.45505	0.03105	0.18399	0.02056	0.05295	0.02670	0.01836	0.02686	0.01538	0.01872	0.01152	0.00789	0.00813	0.00262	0.01190	0.00667	0.00377	0.01268
163	0.01026	0.00781	0.00945	0.01076	0.01206	0.00700	0.00742	0.01197	0.01734	0.02215	0.06013	0.48894	0.25418	0.02494	0.01059	0.00326	0.00473	0.02210	0.00790	0.00700
164	0.01238	0.00825	0.00928	0.00928	0.00928	0.00825	0.00516	0.01238	0.01238	0.01650	0.02681	0.05569	0.03094	0.70092	0.04331	0.00825	0.00825	0.01238	0.00516	0.00516
165	0.02042	0.01865	0.02623	0.03425	0.33459	0.01982	0.01936	0.03360	0.28730	0.03091	0.02854	0.02954	0.05842	0.01019	0.00863	0.00271	0.00827	0.00912	0.00639	0.01308
166	0.02108	0.01997	0.03254	0.04767	0.56599	0.02034	0.02446	0.02862	0.09958	0.02882	0.01844	0.02246	0.01511	0.00810	0.00846	0.00257	0.00967	0.00785	0.00479	0.01348
167	0.01433	0.01231	0.01784	0.01659	0.01760	0.01582	0.01332	0.01697	0.01346	0.02000	0.01889	0.02845	0.01788	0.04738	0.45240	0.01033	0.24541	0.00856	0.00428	0.00817
168	0.01035	0.00748	0.00980	0.01165	0.01229	0.00693	0.00781	0.01187	0.01649	0.02180	0.04936	0.65698	0.09308	0.02634	0.01081	0.00342	0.00490	0.02380	0.00790	0.00693
169	0.01893	0.04236	0.55283	0.02550	0.06843	0.09200	0.02948	0.02769	0.01873	0.02631	0.01508	0.01784	0.01095	0.00813	0.00806	0.00263	0.01275	0.00627	0.00371	0.01232
170	0.01838	0.07837	0.45010	0.02145	0.03163	0.02047	0.02539	0.05407	0.12214	0.02888	0.02233	0.02355	0.04748	0.00943	0.00814	0.00268	0.01080	0.00742	0.00489	0.01241
171	0.01218	0.00902	0.01319	0.01319	0.01454	0.01037	0.01003	0.01488	0.01353	0.01939	0.02324	0.03592	0.02235	0.13493	0.59756	0.01307	0.02117	0.00948	0.00463	0.00733
172	0.01963	0.34264	0.38067	0.01988	0.03007	0.02604	0.02383	0.02629	0.01766	0.02383	0.01372	0.01602	0.01084	0.00772	0.00690	0.00230	0.01101	0.00550	0.00361	0.01183
173	0.02068	0.09618	0.02432	0.01995	0.05098	0.18320	0.01544	0.02294	0.01791	0.02140	0.02773	0.03067	0.14420	0.01359	0.01574	0.00290	0.26916	0.00886	0.00478	0.00938
174	0.02126	0.53245	0.20513	0.01710	0.02577	0.03003	0.01899	0.02587	0.01747	0.02184	0.01273	0.01478	0.01088	0.00749	0.00615	0.00205	0.01001	0.00501	0.00363	0.01136
175	0.01841	0.01768	0.03247	0.03567	0.26768	0.01726	0.19623	0.02373	0.01965	0.02689	0.02569	0.04568	0.02471	0.01258	0.00997	0.00307	0.01063	0.19550	0.00540	0.01108
176	0.02106	0.02022	0.03454	0.05223	0.64784	0.02022	0.02612	0.02612	0.01938	0.02780	0.01601	0.02106	0.01348	0.00758	0.00842	0.00253	0.01011	0.00758	0.00421	0.01348
177	0.01758	0.23356	0.31874	0.01881	0.02714	0.02172	0.02138	0.02368	0.01673	0.02314	0.01606	0.02040	0.01335	0.02128	0.16617	0.00508	0.01400	0.00645	0.00384	0.01088
178	0.01737	0.07953	0.62399	0.02374	0.03603	0.02051	0.03054	0.02687	0.01793	0.02658	0.01509	0.01774	0.01079	0.00804	0.00794	0.00265	0.01239	0.00620	0.00360	0.01249
179	0.01334	0.00961	0.01324	0.01509	0.01702	0.00950	0.01302	0.01704	0.01941	0.02514	0.04738	0.12650	0.08159	0.02357	0.01162	0.00384	0.00749	0.53002	0.00784	0.00775
180	0.02066	0.38839	0.26014	0.01826	0.02695	0.06629	0.02033	0.02599	0.01834	0.02336	0.04945	0.01817	0.01486	0.00824	0.00680	0.00220	0.01044	0.00585	0.00400	0.01128
181	0.01890	0.25696	0.45990	0.02114	0.03201	0.02424	0.02601	0.02648	0.01775	0.02472	0.01417	0.01658	0.01083	0.00783	0.00724	0.00241	0.01146	0.00573	0.00361	0.01204
182	0.01206	0.00927	0.01142	0.01249	0.01486	0.00862	0.01044	0.01519	0.01950	0.02435	0.06362	0.08964	0.31755	0.02263	0.01099	0.00345	0.00625	0.33227	0.00787	0.00754
183	0.01008	0.00855	0.00869	0.00881	0.01154	0.00717	0.00655	0.01219	0.01922	0.02292	0.08395	0.11717	0.61058	0.02185	0.01010	0.00291	0.00435	0.01832	0.00790	0.00717
184	0.02026	0.41616	0.31267	0.01881	0.02841	0.02758	0.02195	0.02613	0.01759	0.02306	0.01334	0.01554	0.01086	0.00763	0.00661	0.00220	0.01062	0.00531	0.00362	0.01165
185	0.03179	0.04056	0.02412	0.02192	0.02631	0.66676	0.01644	0.03398	0.02412	0.02083	0.01315	0.01535	0.01096	0.00877	0.00767	0.00219	0.01535	0.00548	0.00438	0.00987
186	0.01216	0.00912	0.01368	0.01368	0.01520	0.01064	0.01064	0.01520	0.01368	0.01976	0.02279	0.03343	0.02127	0.06382	0.66720	0.01368	0.02279	0.00912	0.00456	0.00760
187	0.02778	0.03182	0.06081	0.02949	0.19089	0.33429	0.01963	0.12202	0.05187	0.02869	0.01609	0.01850	0.01282	0.00876	0.00807	0.00239	0.01251	0.00660	0.00512	0.01183
188	0.01050	0.00856	0.00929	0.00927	0.01181	0.00735	0.00689	0.01301	0.02021	0.02530	0.20313	0.11582	0.48727	0.02098	0.01010	0.00287	0.00429	0.01779	0.00822	0.00735
189	0.01202	0.00897	0.01152	0.01295	0.01485	0.00848	0.01052	0.01494	0.01885	0.02401	0.05665	0.21805	0.21258	0.02364	0.01111	0.00354	0.00627	0.31574	0.00787	0.00746
190	0.01707	0.04402	0.65683	0.02426	0.03683	0.01976	0.03144	0.02695	0.01797	0.02695	0.01527	0.01797	0.01078	0.00809	0.00809	0.00270	0.01258	0.00629	0.00359	0.01258
191	0.01727	0.01635	0.02770	0.52904	0.20063	0.01922	0.02423	0.02280	0.01759	0.02320	0.01534	0.02230	0.01186	0.00829	0.00849	0.00276	0.01105	0.00757	0.00389	0.01042
192	0.03179	0.04056	0.02412	0.02192	0.02631	0.66676	0.01644	0.03398	0.02412	0.02083	0.01315	0.01535	0.01096	0.00877	0.00767	0.00219	0.01535	0.00548	0.00438	0.00987
193	0.01707	0.04402	0.65683	0.02426	0.03683	0.01976	0.03144	0.02695	0.01797	0.02695	0.01527	0.01797	0.01078	0.00809	0.00809	0.00270	0.01258	0.00629	0.00359	0.01258
194	0.01014	0.00862	0.00873	0.00871	0.01155	0.00722	0.00653	0.01237	0.01959	0.02345	0.10924	0.08114	0.62107	0.02138	0.01006	0.00287	0.00430	0.01785	0.00796	0.00722
195	0.01462	0.01533	0.01188	0.01142	0.01461	0.14572	0.00856	0.01679	0.02039	0.02254	0.07087	0.06792	0.51134	0.01887	0.00956	0.00273	0.00663	0.01534	0.00716	0.00775
196	0.01216	0.00912	0.01368	0.01368	0.01520	0.01064	0.01064	0.01520	0.01368	0.01976	0.02279	0.03343	0.02127	0.06382	0.66720	0.01368	0.02279	0.00912	0.00456	0.00760
197	0.01030	0.00766	0.00961	0.01117	0.01217	0.00697	0.00760	0.01193	0.01695	0.02199	0.05516	0.56651	0.17981	0.02559	0.01069	0.00333	0.00481	0.02288	0.00790	0.00697
198	0.02399	0.02701	0.03392	0.07837	0.28466	0.22802	0.14695	0.02861	0.02090	0.02507	0.01529	0.01973	0.01242	0.00794	0.00853	0.00251	0.01276	0.00742	0.00426	0.01165
199	0.03179	0.04056	0.02412	0.02192	0.02631	0.66676	0.01644	0.03398	0.02412	0.02083	0.01315	0.01535	0.01096	0.00877	0.00767	0.00219	0.01535	0.00548	0.00438	0.00987
200	0.01128	0.00806	0.01092	0.01289	0.01378	0.00770	0.00948	0.01343	0.01719	0.02274	0.04640	0.53197	0.05429	0.02580	0.01111	0.00358	0.00573	0.17859	0.00788	0.00716
201	0.01216	0.00912	0.01368	0.01368	0.01520	0.01064	0.01064	0.01520	0.01368	0.01976	0.02279	0.03343	0.02127	0.06382	0.66720	0.01368	0.02279	0.00912	0.00456	0.00760
202	0.03179	0.04056	0.02412	0.02192	0.02631	0.66676	0.01644	0.03398	0.02412	0.02083	0.01315	0.01535	0.01096	0.00877	0.00767	0.00219	0.01535	0.00548	0.00438	0.00987
203	0.02275	0.70604	0.04459	0.01456	0.02184	0.03367	0.01456	0.02548	0.01729	0.02002	0.01183	0.01365	0.01092	0.00728	0.00546	0.00182	0.00910	0.00455	0.00364	0.01092
204	0.01862	0.01862	0.02607	0.02234	0.02234	0.02607	0.01862	0.02048	0.01303	0.02048	0.01117	0.01862	0.01117	0.01489	0.02793	0.00372	0.68535	0.00745	0.00372	0.00931
205	0.01048	0.00864	0.00920	0.00906	0.01175	0.00736	0.00679	0.01302	0.02038	0.02533	0.20323	0.07805	0.52590	0.02068	0.01005	0.00283	0.00425	0.01742	0.00821	0.00736
206	0.02508	0.02784	0.03064	0.04088	0.41492	0.26250	0.02249	0.02906	0.02115	0.02519	0.01494	0.01892	0.01254	0.00803	0.00814	0.00240	0.01207	0.00679	0.00428	0.01213
207	0.02925	0.19342	0.03016	0.02087	0.05860	0.23229	0.01640	0.25752	0.02835	0.03367	0.01580	0.01721	0.01244	0.00891	0.00750	0.00226	0.01125	0.00621	0.00579	0.01209
208	0.01072	0.00880	0.00955	0.00981	0.01250	0.00763	0.00766	0.01325	0.01968	0.02397	0.10981	0.08307	0.52316	0.02163	0.01032	0.00302	0.00483	0.10530	0.00797	0.00733
209	0.02959	0.03481	0.02643	0.02808	0.15686	0.47444	0.01845	0.08400	0.02452	0.02519	0.01440	0.01700	0.01180	0.00865	0.00791	0.00229	0.01372	0.00611	0.00471	0.01103
210	0.01707	0.04402	0.65683	0.02426	0.03683	0.01976	0.03144	0.02695	0.01797	0.02695	0.01527	0.01797	0.01078	0.00809	0.00809	0.00270	0.01258	0.00629	0.00359	0.01258
211	0.01006	0.00862	0.00862	0.00862	0.01149	0.00718	0.00647	0.01221	0.01940	0.02299	0.08621	0.08190	0.64438	0.02155	0.01006	0.00287	0.00431	0.01796	0.00790	0.00718
212	0.01671	0.01582	0.02242	0.01979	0.02024	0.02152	0.01627	0.01892	0.01322	0.02027	0.01460	0.02298	0.01415	0.02931	0.21630	0.00666	0.49011	0.00794	0.00397	0.00881
213	0.01310	0.00969	0.01264	0.01338	0.01558	0.00944	0.01108	0.01774	0.04815	0.02835	0.23692	0.08135	0.12645	0.02084	0.01088	0.00336	0.00618	0.31842	0.00836	0.00807
214	0.02495	0.24360	0.05447	0.01787	0.02304	0.33066	0.01505	0.02783	0.02140	0.02256	0.09445	0.04922	0.02164	0.01011	0.00743	0.00221	0.01140	0.00726	0.00490	0.00995
215	0.01298	0.00932	0.01269	0.01350	0.01548	0.00902	0.01122	0.01694	0.02156	0.02926	0.30703	0.08180	0.06269	0.02083	0.01100	0.00337	0.00616	0.33871	0.00851	0.00792
216	0.01042	0.00775	0.00954	0.01091	0.01195	0.00706	0.00738	0.01197	0.01680	0.02171	0.05514	0.50803	0.19647	0.06703	0.01267	0.00361	0.00499	0.02196	0.00773	0.00687
217	0.02180	0.06668	0.17242	0.02968	0.03826	0.14332	0.34912	0.02837	0.02025	0.02560	0.01576	0.01998	0.01199	0.00767	0.00894	0.00265	0.01389	0.00811	0.00414	0.01138
218	0.02876	0.19715	0.03012	0.02245	0.07832	0.37937	0.01678	0.10402	0.02404	0.02531	0.01398	0.01606	0.01160	0.00849	0.00731	0.00218	0.01265	0.00571	0.00470	0.01100
219	0.01312	0.00881	0.01219	0.01219	0.01383	0.00994	0.00942	0.01640	0.01476	0.02286	0.02408	0.03299	0.02141	0.04984	0.49567	0.01064	0.01791	0.00881	0.19745	0.00768
220	0.02082	0.01997	0.03410	0.08296	0.61902	0.02016	0.02600	0.02590	0.01926	0.02751	0.01596	0.02114	0.01338	0.00763	0.00843	0.00254	0.01017	0.00758	0.00419	0.01328
221	0.02360	0.02696	0.07023	0.04265	0.44891	0.18790	0.02394	0.02821	0.02052	0.02594	0.01522	0.01939	0.01266	0.00792	0.00821	0.00245	0.01162	0.00696	0.00422	0.01249
222	0.01216	0.00912	0.01368	0.01368	0.01520	0.01064	0.01064	0.01520	0.01368	0.01976	0.02279	0.03343	0.02127	0.06382	0.66720	0.01368	0.02279	0.00912	0.00456	0.00760
223	0.01216	0.00912	0.01368	0.01368	0.01520	0.01064	0.01064	0.01520	0.01368	0.01976	0.02279	0.03343	0.02127	0.06382	0.66720	0.01368	0.02279	0.00912	0.00456	0.00760
224	0.01062	0.00853	0.00878	0.00878	0.01096	0.00744	0.00615	0.01225	0.01770	0.02143	0.07189	0.07558	0.49652	0.18530	0.01807	0.00417	0.00526	0.01661	0.00724	0.00670
225	0.02204	0.33082	0.23576	0.01899	0.02731	0.11685	0.02014	0.02913	0.08036	0.02393	0.01542	0.01710	0.01240	0.00818	0.00694	0.00226	0.01086	0.00575	0.00423	0.01156
226	0.01983	0.02155	0.04443	0.11097	0.16250	0.02098	0.43669	0.02642	0.01961	0.02675	0.01675	0.02256	0.01285	0.00740	0.00956	0.00280	0.01319	0.00929	0.00423	0.01164
227	0.01012	0.00837	0.00888	0.00930	0.01167	0.00713	0.00677	0.01214	0.01875	0.02272	0.07795	0.21075	0.52086	0.02263	0.01023	0.00300	0.00444	0.01927	0.00790	0.00713
228	0.01843	0.01754	0.02979	0.38309	0.33752	0.01953	0.02481	0.02381	0.01813	0.02461	0.01554	0.02192	0.01236	0.00807	0.00847	0.00269	0.01076	0.00757	0.00399	0.01136
229	0.05002	0.04280	0.62829	0.02368	0.03593	0.01973	0.03046	0.02686	0.01781	0.02745	0.01512	0.01778	0.01071	0.00808	0.00796	0.00269	0.01231	0.00621	0.00367	0.01243
230	0.03179	0.04056	0.02412	0.02192	0.02631	0.66676	0.01644	0.03398	0.02412	0.02083	0.01315	0.01535	0.01096	0.00877	0.00767	0.00219	0.01535	0.00548	0.00438	0.00987
231	0.01006	0.00862	0.00862	0.00862	0.01149	0.00718	0.00647	0.01221	0.01940	0.02299	0.08621	0.08190	0.64438	0.02155	0.01006	0.00287	0.00431	0.01796	0.00790	0.00718
232	0.18457	0.05195	0.02540	0.02639	0.19309	0.05981	0.01709	0.21919	0.07926	0.03830	0.01783	0.01959	0.01373	0.00890	0.00762	0.00254	0.00907	0.00689	0.00620	0.01256
233	0.02075	0.01990	0.03398	0.09154	0.61097	0.02014	0.02596	0.02584	0.01923	0.02742	0.01595	0.02116	0.01335	0.00764	0.00843	0.00255	0.01019	0.00758	0.00419	0.01323
234	0.01006	0.00862	0.00862	0.00862	0.01149	0.00718	0.00647	0.01221	0.01940	0.02299	0.08621	0.08190	0.64438	0.02155	0.01006	0.00287	0.00431	0.01796	0.00790	0.00718
235	0.02106	0.02022	0.03454	0.05223	0.64784	0.02022	0.02612	0.02612	0.01938	0.02780	0.01601	0.02106	0.01348	0.00758	0.00842	0.00253	0.01011	0.00758	0.00421	0.01348
236	0.05508	0.01759	0.01933	0.01644	0.02090	0.01905	0.01289	0.37504	0.03037	0.04146	0.02963	0.26387	0.02935	0.01606	0.00922	0.00288	0.00765	0.01350	0.00816	0.01152
237	0.01037	0.00741	0.00987	0.01185	0.01234	0.00691	0.00790	0.01185	0.01629	0.02172	0.04690	0.69537	0.05629	0.02666	0.01086	0.00346	0.00494	0.02419	0.00790	0.00691
238	0.02106	0.02022	0.03454	0.05223	0.64784	0.02022	0.02612	0.02612	0.01938	0.02780	0.01601	0.02106	0.01348	0.00758	0.00842	0.00253	0.01011	0.00758	0.00421	0.01348
239	0.02377	0.02755	0.16059	0.03260	0.25720	0.08579	0.02292	0.18047	0.02492	0.03348	0.01851	0.02430	0.01511	0.00947	0.00851	0.00262	0.01082	0.04309	0.00544	0.01284
240	0.02552	0.02977	0.03376	0.03503	0.23061	0.30327	0.16429	0.02983	0.02162	0.02462	0.01505	0.01902	0.01224	0.00800	0.00849	0.00246	0.01342	0.00726	0.00431	0.01142
241	0.01008	0.00854	0.00870	0.00882	0.01155	0.00717	0.00656	0.01219	0.01920	0.02291	0.08375	0.12028	0.60759	0.02187	0.01011	0.00291	0.00435	0.01835	0.00790	0.00717
