[name]
unknown

[dist]
# distance from previous block
# <min> <max>
5	9

[block]
# block no. 0 follows, 22 sequences, length 114
# corresponding to MSA columns:
# 9-122
name=unknown_A
#
# <colnr> <probs for GDERKNQSTAVLIFYWHMCP>
#	G	D	E	R	K	N	Q	S	T	A	V	L	I	F	Y	W	H	M	C	P
0	0.01440	0.01203	0.01880	0.25588	0.10696	0.01344	0.01609	0.01819	0.01639	0.02214	0.02568	0.13197	0.02586	0.08187	0.08985	0.00464	0.01033	0.09297	0.03403	0.00849
1	0.03122	0.03407	0.02401	0.02063	0.02571	0.45494	0.01596	0.23478	0.02880	0.03118	0.01525	0.01666	0.01186	0.00904	0.00777	0.00226	0.01300	0.00607	0.00565	0.01115
2	0.09518	0.02550	0.02271	0.05118	0.02590	0.18101	0.01528	0.33000	0.10514	0.03961	0.01891	0.01962	0.01406	0.00951	0.00785	0.00247	0.01009	0.00693	0.00685	0.01222
3	0.01590	0.01368	0.01817	0.02221	0.17054	0.01417	0.01347	0.02506	0.20412	0.02791	0.09386	0.20450	0.11076	0.01571	0.00922	0.00285	0.00641	0.01395	0.00719	0.01034
4	0.02618	0.02728	0.03178	0.02482	0.03110	0.21947	0.21772	0.18157	0.09785	0.03212	0.01837	0.02055	0.01389	0.00871	0.00857	0.00253	0.01222	0.00783	0.00575	0.01169
5	0.12465	0.41401	0.15623	0.01520	0.02252	0.02571	0.01603	0.02416	0.01729	0.02474	0.07703	0.01910	0.01726	0.00834	0.00625	0.00214	0.00869	0.00585	0.00433	0.01045
6	0.20128	0.01914	0.14082	0.05153	0.02278	0.01441	0.01435	0.02563	0.01865	0.16866	0.07621	0.03021	0.09589	0.01055	0.00758	0.00251	0.00747	0.00827	0.00648	0.07759
7	0.02522	0.12893	0.05988	0.01874	0.02368	0.37417	0.01538	0.03120	0.11650	0.02278	0.01948	0.02115	0.03913	0.01292	0.05333	0.00302	0.01274	0.00661	0.00492	0.01021
8	0.01464	0.01245	0.01366	0.01318	0.01499	0.05638	0.03267	0.02015	0.13647	0.02227	0.03508	0.24297	0.06464	0.25836	0.02093	0.00476	0.00732	0.01476	0.00655	0.00778
9	0.01498	0.00878	0.01007	0.00980	0.01164	0.00927	0.00733	0.04564	0.01687	0.02754	0.02547	0.03325	0.02173	0.09351	0.17633	0.00542	0.00912	0.00846	0.45710	0.00768
10	0.02056	0.01974	0.03372	0.05099	0.65622	0.01974	0.02550	0.02550	0.01892	0.02714	0.01563	0.02056	0.01316	0.00740	0.00822	0.00247	0.00987	0.00740	0.00411	0.01316
11	0.01187	0.00890	0.01335	0.01335	0.01483	0.01038	0.01038	0.01483	0.01335	0.01928	0.02225	0.03264	0.02077	0.06231	0.67512	0.01335	0.02225	0.00890	0.00445	0.00742
12	0.01849	0.01762	0.02997	0.32205	0.40137	0.01919	0.02446	0.02368	0.01794	0.02462	0.01526	0.02124	0.01227	0.00779	0.00826	0.00260	0.01038	0.00739	0.00393	0.01149
13	0.03103	0.03959	0.02354	0.02140	0.02568	0.67469	0.01605	0.03317	0.02354	0.02033	0.01284	0.01498	0.01070	0.00856	0.00749	0.00214	0.01498	0.00535	0.00428	0.00963
14	0.02056	0.01974	0.03372	0.05099	0.65622	0.01974	0.02550	0.02550	0.01892	0.02714	0.01563	0.02056	0.01316	0.00740	0.00822	0.00247	0.00987	0.00740	0.00411	0.01316
15	0.01961	0.01992	0.02828	0.32244	0.29034	0.09902	0.02296	0.02432	0.01819	0.02342	0.01470	0.02046	0.01185	0.00827	0.00905	0.00261	0.04267	0.00714	0.00393	0.01084
16	0.01081	0.00845	0.00979	0.00946	0.01183	0.00744	0.00709	0.01384	0.02128	0.02800	0.37451	0.07080	0.35903	0.01896	0.00981	0.00271	0.00406	0.01625	0.00845	0.00744
17	0.01108	0.00832	0.01026	0.01008	0.01207	0.00750	0.00744	0.01424	0.02145	0.02913	0.43681	0.14434	0.21863	0.01909	0.00990	0.00275	0.00410	0.01669	0.00861	0.00750
18	0.02056	0.01974	0.03372	0.05099	0.65622	0.01974	0.02550	0.02550	0.01892	0.02714	0.01563	0.02056	0.01316	0.00740	0.00822	0.00247	0.00987	0.00740	0.00411	0.01316
19	0.01970	0.02392	0.17499	0.01854	0.02507	0.02033	0.01739	0.03983	0.49046	0.03271	0.02924	0.02774	0.02177	0.01045	0.00832	0.00277	0.00795	0.00861	0.00726	0.01294
20	0.00999	0.00842	0.00866	0.00860	0.01133	0.00709	0.00645	0.01226	0.01935	0.02342	0.13500	0.07835	0.60141	0.02068	0.00982	0.00279	0.00418	0.01731	0.00784	0.00709
21	0.02369	0.60001	0.04018	0.01542	0.02205	0.14059	0.01452	0.02627	0.01800	0.01968	0.01177	0.01360	0.01067	0.00735	0.00569	0.00184	0.00991	0.00459	0.00368	0.01049
22	0.02221	0.71304	0.04353	0.01421	0.02132	0.03287	0.01421	0.02488	0.01688	0.01955	0.01155	0.01333	0.01066	0.00711	0.00533	0.00178	0.00888	0.00444	0.00355	0.01066
23	0.00992	0.00842	0.00856	0.00852	0.01128	0.00706	0.00639	0.01212	0.01918	0.02302	0.11411	0.07901	0.62254	0.02083	0.00982	0.00280	0.00419	0.01740	0.00779	0.00706
24	0.02622	0.16487	0.02787	0.02011	0.02390	0.39343	0.01621	0.02838	0.01964	0.02010	0.01212	0.01543	0.01074	0.00972	0.01185	0.00243	0.17765	0.00564	0.00398	0.00970
25	0.01666	0.04297	0.66500	0.02368	0.03596	0.01929	0.03069	0.02631	0.01754	0.02631	0.01491	0.01754	0.01052	0.00789	0.00789	0.00263	0.01228	0.00614	0.00351	0.01228
26	0.01184	0.00795	0.00913	0.00937	0.00942	0.00790	0.00536	0.01202	0.01255	0.01673	0.02856	0.13312	0.03321	0.62519	0.03843	0.00749	0.00766	0.01348	0.00536	0.00524
27	0.01040	0.00844	0.00922	0.00902	0.01158	0.00726	0.00677	0.01304	0.02030	0.02568	0.25341	0.07461	0.48157	0.01983	0.00981	0.00275	0.00412	0.01678	0.00814	0.00726
28	0.02331	0.02495	0.03105	0.04323	0.49075	0.19162	0.02302	0.02751	0.02013	0.02535	0.01490	0.01910	0.01251	0.00771	0.00803	0.00238	0.01121	0.00686	0.00416	0.01223
29	0.02057	0.08068	0.02677	0.05535	0.25814	0.02133	0.01821	0.03462	0.33045	0.03004	0.02434	0.02520	0.01897	0.00935	0.00808	0.00259	0.00818	0.00813	0.00622	0.01278
30	0.01188	0.00885	0.01311	0.01311	0.01451	0.01026	0.01009	0.01468	0.01328	0.01911	0.02247	0.03384	0.02129	0.09807	0.64007	0.01306	0.02147	0.00908	0.00448	0.00729
31	0.01723	0.01477	0.01723	0.01230	0.01969	0.01107	0.00984	0.02092	0.01723	0.02707	0.01477	0.01723	0.01230	0.00615	0.00615	0.00123	0.00615	0.00492	0.00492	0.75883
32	0.01647	0.01578	0.02538	0.50283	0.07141	0.02019	0.02198	0.02109	0.01576	0.02115	0.01387	0.02113	0.01111	0.00978	0.01288	0.00297	0.17582	0.00736	0.00369	0.00934
33	0.02066	0.01785	0.01878	0.01691	0.02160	0.02066	0.01315	0.04414	0.64121	0.03475	0.03381	0.03099	0.02536	0.01127	0.00845	0.00282	0.00657	0.00939	0.00845	0.01315
34	0.03103	0.03959	0.02354	0.02140	0.02568	0.67469	0.01605	0.03317	0.02354	0.02033	0.01284	0.01498	0.01070	0.00856	0.00749	0.00214	0.01498	0.00535	0.00428	0.00963
35	0.01687	0.02255	0.18134	0.40407	0.16811	0.01891	0.02538	0.02328	0.01728	0.02360	0.01497	0.02073	0.01134	0.00803	0.00819	0.00268	0.01113	0.00709	0.00373	0.01073
36	0.01666	0.04297	0.66500	0.02368	0.03596	0.01929	0.03069	0.02631	0.01754	0.02631	0.01491	0.01754	0.01052	0.00789	0.00789	0.00263	0.01228	0.00614	0.00351	0.01228
37	0.01012	0.00723	0.00964	0.01157	0.01205	0.00675	0.00771	0.01157	0.01591	0.02121	0.04579	0.70262	0.05495	0.02603	0.01060	0.00337	0.00482	0.02362	0.00771	0.00675
38	0.03103	0.03959	0.02354	0.02140	0.02568	0.67469	0.01605	0.03317	0.02354	0.02033	0.01284	0.01498	0.01070	0.00856	0.00749	0.00214	0.01498	0.00535	0.00428	0.00963
39	0.02265	0.02211	0.02044	0.01947	0.05406	0.14606	0.01432	0.04111	0.49168	0.03161	0.02888	0.02740	0.02194	0.01056	0.00826	0.00267	0.00835	0.00852	0.00744	0.01247
40	0.01187	0.00890	0.01335	0.01335	0.01483	0.01038	0.01038	0.01483	0.01335	0.01928	0.02225	0.03264	0.02077	0.06231	0.67512	0.01335	0.02225	0.00890	0.00445	0.00742
41	0.01037	0.00833	0.00857	0.00857	0.01070	0.00726	0.00600	0.01196	0.01728	0.02091	0.07014	0.07377	0.50235	0.18710	0.01767	0.00407	0.00514	0.01621	0.00707	0.00653
42	0.00982	0.00842	0.00842	0.00842	0.01122	0.00701	0.00631	0.01192	0.01894	0.02244	0.08416	0.07995	0.65285	0.02104	0.00982	0.00281	0.00421	0.01753	0.00771	0.00701
43	0.02056	0.01974	0.03372	0.05099	0.65622	0.01974	0.02550	0.02550	0.01892	0.02714	0.01563	0.02056	0.01316	0.00740	0.00822	0.00247	0.00987	0.00740	0.00411	0.01316
44	0.02056	0.01974	0.03372	0.05099	0.65622	0.01974	0.02550	0.02550	0.01892	0.02714	0.01563	0.02056	0.01316	0.00740	0.00822	0.00247	0.00987	0.00740	0.00411	0.01316
45	0.02195	0.56268	0.13869	0.01618	0.02389	0.07487	0.01690	0.02567	0.01744	0.02065	0.01216	0.01409	0.01064	0.00733	0.00588	0.00193	0.00983	0.00477	0.00360	0.01084
46	0.01821	0.01681	0.02750	0.45489	0.23107	0.01934	0.02328	0.06422	0.01883	0.02510	0.01537	0.02153	0.01190	0.00815	0.00828	0.00266	0.01059	0.00740	0.00413	0.01072
47	0.49507	0.01718	0.02072	0.01795	0.05433	0.01871	0.12754	0.02579	0.05902	0.03434	0.04808	0.01932	0.01468	0.00829	0.00666	0.00263	0.00792	0.00655	0.00535	0.00986
48	0.03043	0.03406	0.02398	0.05320	0.02724	0.47074	0.01632	0.19044	0.02732	0.02887	0.01482	0.01665	0.01163	0.00892	0.00775	0.00226	0.01324	0.00601	0.00532	0.01080
49	0.02308	0.37828	0.19488	0.01777	0.02606	0.02775	0.01873	0.17115	0.02241	0.02917	0.01442	0.01598	0.01146	0.00800	0.00669	0.00216	0.00980	0.00560	0.00469	0.01190
50	0.01162	0.00849	0.01092	0.01031	0.01233	0.00778	0.00773	0.01542	0.02320	0.03257	0.61282	0.06328	0.11787	0.01726	0.00980	0.00263	0.00394	0.01520	0.00905	0.00778
51	0.03158	0.02327	0.02493	0.01911	0.02576	0.02576	0.01579	0.62852	0.03906	0.05236	0.01995	0.01995	0.01413	0.00997	0.00831	0.00249	0.00914	0.00748	0.00831	0.01413
52	0.01201	0.00913	0.01142	0.01152	0.01363	0.00791	0.00799	0.01387	0.01588	0.02217	0.03653	0.47890	0.04242	0.08230	0.01236	0.00327	0.00543	0.01806	0.00680	0.18838
53	0.01070	0.00747	0.00947	0.01082	0.01116	0.00714	0.00692	0.01172	0.01477	0.01969	0.03996	0.51003	0.04759	0.22865	0.02002	0.00476	0.00578	0.02019	0.00692	0.00624
54	0.02056	0.01974	0.03372	0.05099	0.65622	0.01974	0.02550	0.02550	0.01892	0.02714	0.01563	0.02056	0.01316	0.00740	0.00822	0.00247	0.00987	0.00740	0.00411	0.01316
55	0.02709	0.02059	0.02423	0.18035	0.03271	0.02327	0.01715	0.45706	0.03276	0.04397	0.01898	0.02092	0.01368	0.00956	0.00821	0.00254	0.00940	0.00747	0.03740	0.01268
56	0.01197	0.00801	0.00909	0.00920	0.00923	0.00798	0.00518	0.01205	0.01229	0.01639	0.02726	0.09027	0.03157	0.67027	0.04053	0.00779	0.00787	0.01272	0.00518	0.00513
57	0.01054	0.00844	0.00942	0.00917	0.01166	0.00732	0.00688	0.01332	0.02064	0.02649	0.29548	0.07329	0.43900	0.01953	0.00981	0.00273	0.00410	0.01660	0.00825	0.00732
58	0.01208	0.00805	0.00906	0.00906	0.00906	0.00805	0.00503	0.01208	0.01208	0.01611	0.02618	0.05436	0.03020	0.70804	0.04228	0.00805	0.00805	0.01208	0.00503	0.00503
59	0.01187	0.00890	0.01335	0.01335	0.01483	0.01038	0.01038	0.01483	0.01335	0.01928	0.02225	0.03264	0.02077	0.06231	0.67512	0.01335	0.02225	0.00890	0.00445	0.00742
60	0.00995	0.00842	0.00860	0.00856	0.01130	0.00707	0.00642	0.01218	0.01925	0.02319	0.12317	0.07872	0.61337	0.02076	0.00982	0.00279	0.00419	0.01736	0.00781	0.00707
61	0.01161	0.00785	0.00920	0.00967	0.00978	0.00774	0.00568	0.01196	0.01301	0.01734	0.03092	0.21106	0.03618	0.54319	0.03463	0.00692	0.00727	0.01487	0.00568	0.00545
62	0.02066	0.01785	0.01878	0.01691	0.02160	0.02066	0.01315	0.04414	0.64121	0.03475	0.03381	0.03099	0.02536	0.01127	0.00845	0.00282	0.00657	0.00939	0.00845	0.01315
63	0.01961	0.02241	0.04902	0.03501	0.04342	0.02101	0.62605	0.02661	0.01961	0.02661	0.01681	0.02241	0.01261	0.00700	0.00980	0.00280	0.01401	0.00980	0.00420	0.01120
64	0.00982	0.00842	0.00842	0.00842	0.01122	0.00701	0.00631	0.01192	0.01894	0.02244	0.08416	0.07995	0.65285	0.02104	0.00982	0.00281	0.00421	0.01753	0.00771	0.00701
65	0.02393	0.01630	0.01819	0.01581	0.02079	0.01768	0.01245	0.04105	0.44920	0.18552	0.03702	0.03370	0.06733	0.01170	0.00852	0.00276	0.00653	0.00970	0.00884	0.01297
66	0.03158	0.02327	0.02493	0.01911	0.02576	0.02576	0.01579	0.62852	0.03906	0.05236	0.01995	0.01995	0.01413	0.00997	0.00831	0.00249	0.00914	0.00748	0.00831	0.01413
67	0.00999	0.00842	0.00866	0.00860	0.01133	0.00709	0.00645	0.01226	0.01935	0.02342	0.13500	0.07835	0.60141	0.02068	0.00982	0.00279	0.00418	0.01731	0.00784	0.00709
68	0.01021	0.00730	0.00972	0.01151	0.01207	0.00681	0.00772	0.01179	0.01633	0.02188	0.07935	0.66715	0.05624	0.02553	0.01056	0.00333	0.00477	0.02314	0.00779	0.00681
69	0.11113	0.01433	0.01856	0.01439	0.02069	0.01286	0.01188	0.03886	0.02280	0.59872	0.03063	0.02678	0.01939	0.01002	0.00803	0.00257	0.00700	0.00796	0.00976	0.01362
70	0.01166	0.00849	0.01097	0.01035	0.01235	0.00780	0.00776	0.01549	0.02329	0.03279	0.62424	0.06292	0.10631	0.01718	0.00980	0.00262	0.00393	0.01515	0.00908	0.00780
71	0.01549	0.00774	0.00774	0.00774	0.00968	0.00774	0.00581	0.01936	0.01742	0.03097	0.02710	0.03097	0.02129	0.00968	0.00581	0.00194	0.00387	0.00774	0.75416	0.00774
72	0.01015	0.00752	0.00948	0.01091	0.01191	0.00685	0.00745	0.01185	0.01687	0.02206	0.08421	0.55119	0.16997	0.02461	0.01041	0.00323	0.00466	0.02202	0.00779	0.00685
73	0.01129	0.00847	0.01045	0.00996	0.01212	0.00764	0.00747	0.01477	0.02241	0.03069	0.51462	0.06638	0.21724	0.01796	0.00980	0.00266	0.00399	0.01563	0.00880	0.00764
74	0.00983	0.00836	0.00847	0.00857	0.01126	0.00700	0.00638	0.01191	0.01879	0.02238	0.08234	0.10945	0.62452	0.02128	0.00986	0.00283	0.00424	0.01782	0.00771	0.00700
75	0.01208	0.00805	0.00906	0.00906	0.00906	0.00805	0.00503	0.01208	0.01208	0.01611	0.02618	0.05436	0.03020	0.70804	0.04228	0.00805	0.00805	0.01208	0.00503	0.00503
76	0.01549	0.00774	0.00774	0.00774	0.00968	0.00774	0.00581	0.01936	0.01742	0.03097	0.02710	0.03097	0.02129	0.00968	0.00581	0.00194	0.00387	0.00774	0.75416	0.00774
77	0.01020	0.00843	0.00894	0.00881	0.01145	0.00717	0.00661	0.01266	0.01983	0.02457	0.19507	0.07645	0.54062	0.02025	0.00981	0.00277	0.00415	0.01704	0.00799	0.00717
78	0.76672	0.01607	0.01221	0.01092	0.01607	0.01864	0.00900	0.02442	0.01414	0.03727	0.01157	0.01350	0.00900	0.00771	0.00514	0.00257	0.00643	0.00450	0.00514	0.00900
79	0.01208	0.00805	0.00906	0.00906	0.00906	0.00805	0.00503	0.01208	0.01208	0.01611	0.02618	0.05436	0.03020	0.70804	0.04228	0.00805	0.00805	0.01208	0.00503	0.00503
80	0.01012	0.00723	0.00964	0.01157	0.01205	0.00675	0.00771	0.01157	0.01591	0.02121	0.04579	0.70262	0.05495	0.02603	0.01060	0.00337	0.00482	0.02362	0.00771	0.00675
81	0.00982	0.00842	0.00842	0.00842	0.01122	0.00701	0.00631	0.01192	0.01894	0.02244	0.08416	0.07995	0.65285	0.02104	0.00982	0.00281	0.00421	0.01753	0.00771	0.00701
82	0.76672	0.01607	0.01221	0.01092	0.01607	0.01864	0.00900	0.02442	0.01414	0.03727	0.01157	0.01350	0.00900	0.00771	0.00514	0.00257	0.00643	0.00450	0.00514	0.00900
83	0.03103	0.03959	0.02354	0.02140	0.02568	0.67469	0.01605	0.03317	0.02354	0.02033	0.01284	0.01498	0.01070	0.00856	0.00749	0.00214	0.01498	0.00535	0.00428	0.00963
84	0.02128	0.02335	0.02499	0.02171	0.02275	0.18238	0.01766	0.02318	0.01534	0.02007	0.01137	0.01740	0.01086	0.01309	0.02248	0.00327	0.52899	0.00681	0.00379	0.00922
85	0.00998	0.00847	0.00865	0.00873	0.01150	0.00713	0.00664	0.01217	0.01894	0.02255	0.08230	0.08059	0.62489	0.02113	0.00989	0.00285	0.00437	0.04446	0.00771	0.00704
86	0.03158	0.02327	0.02493	0.01911	0.02576	0.02576	0.01579	0.62852	0.03906	0.05236	0.01995	0.01995	0.01413	0.00997	0.00831	0.00249	0.00914	0.00748	0.00831	0.01413
87	0.03158	0.02327	0.02493	0.01911	0.02576	0.02576	0.01579	0.62852	0.03906	0.05236	0.01995	0.01995	0.01413	0.00997	0.00831	0.00249	0.00914	0.00748	0.00831	0.01413
88	0.02056	0.01974	0.03372	0.05099	0.65622	0.01974	0.02550	0.02550	0.01892	0.02714	0.01563	0.02056	0.01316	0.00740	0.00822	0.00247	0.00987	0.00740	0.00411	0.01316
89	0.03158	0.02327	0.02493	0.01911	0.02576	0.02576	0.01579	0.62852	0.03906	0.05236	0.01995	0.01995	0.01413	0.00997	0.00831	0.00249	0.00914	0.00748	0.00831	0.01413
90	0.03158	0.02327	0.02493	0.01911	0.02576	0.02576	0.01579	0.62852	0.03906	0.05236	0.01995	0.01995	0.01413	0.00997	0.00831	0.00249	0.00914	0.00748	0.00831	0.01413
91	0.01044	0.00827	0.00939	0.00947	0.01169	0.00722	0.00697	0.01300	0.01988	0.02552	0.24865	0.16249	0.39651	0.02053	0.00992	0.00283	0.00421	0.01764	0.00814	0.00722
92	0.01047	0.00846	0.00936	0.00945	0.01191	0.00734	0.00717	0.01303	0.01973	0.02475	0.19439	0.10595	0.46761	0.02058	0.00996	0.00286	0.00441	0.05736	0.00800	0.00721
93	0.03103	0.03959	0.02354	0.02140	0.02568	0.67469	0.01605	0.03317	0.02354	0.02033	0.01284	0.01498	0.01070	0.00856	0.00749	0.00214	0.01498	0.00535	0.00428	0.00963
94	0.03158	0.02327	0.02493	0.01911	0.02576	0.02576	0.01579	0.62852	0.03906	0.05236	0.01995	0.01995	0.01413	0.00997	0.00831	0.00249	0.00914	0.00748	0.00831	0.01413
95	0.01068	0.00845	0.00961	0.00932	0.01175	0.00738	0.00699	0.01359	0.02096	0.02726	0.33569	0.07202	0.39831	0.01924	0.00981	0.00272	0.00408	0.01642	0.00835	0.00738
96	0.02473	0.02951	0.01910	0.01742	0.02137	0.44442	0.01313	0.05546	0.02291	0.02250	0.03445	0.03459	0.20232	0.01235	0.00822	0.00236	0.01149	0.00909	0.00550	0.00907
97	0.01761	0.05139	0.01826	0.01597	0.01821	0.17338	0.01247	0.02013	0.01588	0.01949	0.01854	0.02691	0.01728	0.06705	0.39574	0.00896	0.08246	0.00779	0.00431	0.00818
98	0.03116	0.03565	0.02388	0.02085	0.02570	0.51784	0.01599	0.17708	0.02729	0.02807	0.01456	0.01618	0.01153	0.00890	0.00769	0.00223	0.01357	0.00587	0.00525	0.01072
99	0.01273	0.00906	0.01174	0.01145	0.01253	0.00975	0.00804	0.03786	0.01472	0.02046	0.08025	0.04424	0.02978	0.33752	0.31359	0.00965	0.01391	0.01078	0.00528	0.00668
100	0.01187	0.00890	0.01335	0.01335	0.01483	0.01038	0.01038	0.01483	0.01335	0.01928	0.02225	0.03264	0.02077	0.06231	0.67512	0.01335	0.02225	0.00890	0.00445	0.00742
101	0.01365	0.00928	0.01169	0.01228	0.01383	0.00887	0.00858	0.06616	0.01814	0.05501	0.04078	0.55344	0.04691	0.05541	0.01162	0.00340	0.00551	0.02020	0.00765	0.03758
102	0.09623	0.01859	0.02084	0.01594	0.02254	0.01875	0.01311	0.30331	0.02865	0.20890	0.02164	0.02108	0.01504	0.00913	0.00763	0.00228	0.00778	0.00697	0.00792	0.15367
103	0.02824	0.06924	0.02458	0.04716	0.05506	0.46397	0.01624	0.10016	0.02382	0.02431	0.01445	0.01722	0.01192	0.01228	0.05342	0.00297	0.01409	0.00597	0.00469	0.01021
104	0.02432	0.45100	0.09506	0.01722	0.02397	0.22230	0.01628	0.02747	0.01892	0.02040	0.01224	0.01421	0.01066	0.00761	0.00621	0.00196	0.01101	0.00487	0.00377	0.01050
105	0.01419	0.01330	0.01609	0.02021	0.17138	0.05613	0.01197	0.01719	0.01969	0.02478	0.13299	0.08734	0.35016	0.01653	0.00930	0.00268	0.00634	0.01416	0.00677	0.00880
106	0.66994	0.01701	0.01388	0.01200	0.01734	0.01957	0.00989	0.10395	0.01742	0.03926	0.01267	0.01434	0.00967	0.00801	0.00556	0.00256	0.00678	0.00489	0.00556	0.00967
107	0.03727	0.01414	0.01928	0.01478	0.02121	0.01221	0.01221	0.04049	0.02378	0.66198	0.03277	0.02828	0.02056	0.01028	0.00835	0.00257	0.00707	0.00835	0.01028	0.01414
108	0.01735	0.02870	0.28937	0.02475	0.03321	0.04859	0.22962	0.02456	0.01976	0.02756	0.14585	0.02820	0.02514	0.00948	0.00892	0.00266	0.01129	0.00918	0.00494	0.01088
109	0.01021	0.00727	0.00961	0.01145	0.01191	0.00681	0.00758	0.01159	0.01572	0.02097	0.04486	0.67191	0.05377	0.05834	0.01210	0.00360	0.00497	0.02307	0.00758	0.00667
110	0.01193	0.00920	0.01256	0.01223	0.01379	0.01007	0.00933	0.01465	0.01594	0.02219	0.15076	0.04582	0.12075	0.09655	0.36854	0.00886	0.05223	0.01144	0.00581	0.00734
111	0.01176	0.00917	0.01172	0.01268	0.04825	0.00840	0.00900	0.01504	0.02096	0.02799	0.33719	0.09481	0.25374	0.01883	0.00995	0.00284	0.00483	0.08685	0.00817	0.00780
112	0.12095	0.32188	0.03059	0.07578	0.02461	0.10345	0.04356	0.02609	0.04256	0.04993	0.07389	0.02062	0.01788	0.00868	0.00671	0.00222	0.00912	0.00642	0.00488	0.01018
113	0.02479	0.02439	0.02715	0.06294	0.27723	0.17833	0.01979	0.15486	0.05444	0.03079	0.01828	0.02372	0.01519	0.00931	0.00826	0.00250	0.01072	0.03986	0.00543	0.01203

[dist]
# distance from previous block
# <min> <max>
0	55

[block]
# block no. 1 follows, 22 sequences, length 52
# corresponding to MSA columns:
# 178-229
name=unknown_B
#
# <colnr> <probs for GDERKNQSTAVLIFYWHMCP>
#	G	D	E	R	K	N	Q	S	T	A	V	L	I	F	Y	W	H	M	C	P
0	0.20585	0.02068	0.16535	0.01963	0.10334	0.01573	0.01644	0.04722	0.01964	0.06466	0.17978	0.03220	0.03012	0.01096	0.00793	0.00263	0.00776	0.03353	0.00616	0.01040
1	0.02427	0.02493	0.02476	0.02298	0.07685	0.22006	0.04331	0.13428	0.06959	0.02779	0.01667	0.02037	0.01379	0.01563	0.08052	0.00378	0.15735	0.00718	0.00518	0.01072
2	0.02720	0.17748	0.02727	0.01886	0.02398	0.41049	0.01511	0.05840	0.02175	0.02239	0.01302	0.01525	0.01103	0.00834	0.00783	0.00205	0.04302	0.00530	0.00436	0.08686
3	0.01539	0.01098	0.01270	0.01205	0.01515	0.01078	0.00930	0.02267	0.15432	0.08634	0.18441	0.11379	0.24061	0.01763	0.00957	0.00287	0.00523	0.05860	0.00841	0.00919
4	0.01032	0.00731	0.00958	0.01131	0.01174	0.00688	0.00744	0.01162	0.01551	0.02068	0.04378	0.63615	0.05241	0.09596	0.01385	0.00385	0.00515	0.02243	0.00744	0.00657
5	0.05853	0.01668	0.02163	0.18193	0.08307	0.01845	0.01633	0.06542	0.24817	0.16306	0.02570	0.02602	0.01853	0.00979	0.00821	0.00270	0.00817	0.00819	0.00716	0.01226
6	0.01029	0.00736	0.00979	0.01145	0.01209	0.00686	0.00772	0.01199	0.01669	0.02245	0.10793	0.63694	0.05735	0.02510	0.01052	0.00330	0.00473	0.02274	0.00786	0.00686
7	0.02501	0.49920	0.03718	0.01650	0.02271	0.23667	0.01480	0.02751	0.01900	0.01979	0.01196	0.01385	0.01067	0.00757	0.00602	0.00189	0.01082	0.00473	0.00378	0.01033
8	0.01083	0.00822	0.01010	0.01098	0.01272	0.00749	0.00824	0.01329	0.01864	0.02411	0.15164	0.29102	0.25716	0.02244	0.01037	0.00314	0.00496	0.11955	0.00792	0.00716
9	0.01242	0.00925	0.01204	0.01343	0.01559	0.00887	0.01147	0.01578	0.01907	0.02421	0.05488	0.08998	0.21190	0.02243	0.01103	0.00355	0.00672	0.44226	0.00767	0.00748
10	0.00982	0.00842	0.00842	0.00842	0.01122	0.00701	0.00631	0.01192	0.01894	0.02244	0.08416	0.07995	0.65285	0.02104	0.00982	0.00281	0.00421	0.01753	0.00771	0.00701
11	0.03103	0.03959	0.02354	0.02140	0.02568	0.67469	0.01605	0.03317	0.02354	0.02033	0.01284	0.01498	0.01070	0.00856	0.00749	0.00214	0.01498	0.00535	0.00428	0.00963
12	0.01189	0.00808	0.00901	0.00901	0.00924	0.00797	0.00514	0.01207	0.01265	0.01664	0.03101	0.05650	0.08216	0.65071	0.03957	0.00762	0.00773	0.01254	0.00526	0.00520
13	0.02926	0.03699	0.02228	0.02032	0.02448	0.61897	0.01524	0.03140	0.02316	0.02051	0.01879	0.02040	0.06429	0.00960	0.00768	0.00220	0.01408	0.00637	0.00457	0.00941
14	0.01208	0.00805	0.00906	0.00906	0.00906	0.00805	0.00503	0.01208	0.01208	0.01611	0.02618	0.05436	0.03020	0.70804	0.04228	0.00805	0.00805	0.01208	0.00503	0.00503
15	0.02416	0.56677	0.03936	0.01555	0.02227	0.11164	0.01459	0.08098	0.01973	0.02264	0.01248	0.01413	0.01098	0.00755	0.00587	0.00189	0.00966	0.00483	0.00408	0.01085
16	0.01187	0.00890	0.01335	0.01335	0.01483	0.01038	0.01038	0.01483	0.01335	0.01928	0.02225	0.03264	0.02077	0.06231	0.67512	0.01335	0.02225	0.00890	0.00445	0.00742
17	0.03009	0.03808	0.02304	0.02101	0.02515	0.64201	0.01577	0.03227	0.02304	0.02028	0.01330	0.01585	0.01120	0.01120	0.04033	0.00269	0.01534	0.00553	0.00429	0.00952
18	0.03103	0.03959	0.02354	0.02140	0.02568	0.67469	0.01605	0.03317	0.02354	0.02033	0.01284	0.01498	0.01070	0.00856	0.00749	0.00214	0.01498	0.00535	0.00428	0.00963
19	0.01009	0.00771	0.00928	0.01039	0.01177	0.00689	0.00722	0.01189	0.01735	0.02223	0.08875	0.45063	0.26827	0.02382	0.01029	0.00314	0.00456	0.02104	0.00778	0.00689
20	0.01208	0.00805	0.00906	0.00906	0.00906	0.00805	0.00503	0.01208	0.01208	0.01611	0.02618	0.05436	0.03020	0.70804	0.04228	0.00805	0.00805	0.01208	0.00503	0.00503
21	0.01277	0.00912	0.01268	0.01460	0.01624	0.00903	0.01232	0.01615	0.01852	0.02417	0.04432	0.20838	0.04915	0.02353	0.01131	0.00374	0.00712	0.49171	0.00766	0.00748
22	0.76672	0.01607	0.01221	0.01092	0.01607	0.01864	0.00900	0.02442	0.01414	0.03727	0.01157	0.01350	0.00900	0.00771	0.00514	0.00257	0.00643	0.00450	0.00514	0.00900
23	0.02066	0.01785	0.01878	0.01691	0.02160	0.02066	0.01315	0.04414	0.64121	0.03475	0.03381	0.03099	0.02536	0.01127	0.00845	0.00282	0.00657	0.00939	0.00845	0.01315
24	0.01012	0.00723	0.00964	0.01157	0.01205	0.00675	0.00771	0.01157	0.01591	0.02121	0.04579	0.70262	0.05495	0.02603	0.01060	0.00337	0.00482	0.02362	0.00771	0.00675
25	0.00998	0.00842	0.00864	0.00859	0.01132	0.00708	0.00644	0.01224	0.01932	0.02335	0.13153	0.07846	0.60491	0.02070	0.00982	0.00279	0.00418	0.01732	0.00783	0.00708
26	0.21986	0.02230	0.02160	0.01714	0.02327	0.05890	0.01406	0.44170	0.03184	0.04677	0.01742	0.01803	0.01263	0.00932	0.00745	0.00249	0.00876	0.00660	0.00728	0.01257
27	0.02525	0.02774	0.02926	0.03769	0.37538	0.27805	0.02128	0.05956	0.02178	0.02576	0.01475	0.01833	0.01224	0.00799	0.00794	0.00234	0.01185	0.00660	0.00439	0.01182
28	0.01360	0.00900	0.01140	0.01069	0.01318	0.00814	0.00821	0.01711	0.02244	0.08296	0.46084	0.06433	0.18012	0.01751	0.00977	0.00271	0.00444	0.04648	0.00889	0.00820
29	0.01012	0.00723	0.00964	0.01157	0.01205	0.00675	0.00771	0.01157	0.01591	0.02121	0.04579	0.70262	0.05495	0.02603	0.01060	0.00337	0.00482	0.02362	0.00771	0.00675
30	0.01012	0.00723	0.00964	0.01157	0.01205	0.00675	0.00771	0.01157	0.01591	0.02121	0.04579	0.70262	0.05495	0.02603	0.01060	0.00337	0.00482	0.02362	0.00771	0.00675
31	0.01239	0.00961	0.01413	0.01384	0.01513	0.01150	0.01077	0.01512	0.01324	0.01919	0.02152	0.03248	0.02041	0.08876	0.59282	0.01231	0.07601	0.00892	0.00441	0.00744
32	0.01187	0.00890	0.01335	0.01335	0.01483	0.01038	0.01038	0.01483	0.01335	0.01928	0.02225	0.03264	0.02077	0.06231	0.67512	0.01335	0.02225	0.00890	0.00445	0.00742
33	0.01187	0.00890	0.01335	0.01335	0.01483	0.01038	0.01038	0.01483	0.01335	0.01928	0.02225	0.03264	0.02077	0.06231	0.67512	0.01335	0.02225	0.00890	0.00445	0.00742
34	0.01723	0.01477	0.01723	0.01230	0.01969	0.01107	0.00984	0.02092	0.01723	0.02707	0.01477	0.01723	0.01230	0.00615	0.00615	0.00123	0.00615	0.00492	0.00492	0.75883
35	0.03514	0.01756	0.02140	0.01640	0.02291	0.01729	0.01355	0.26091	0.02951	0.43346	0.02797	0.02515	0.01815	0.01017	0.00834	0.00254	0.00785	0.00803	0.00954	0.01413
36	0.03103	0.03959	0.02354	0.02140	0.02568	0.67469	0.01605	0.03317	0.02354	0.02033	0.01284	0.01498	0.01070	0.00856	0.00749	0.00214	0.01498	0.00535	0.00428	0.00963
37	0.02428	0.52776	0.06535	0.01600	0.02276	0.15227	0.01518	0.02716	0.01846	0.04734	0.01284	0.01445	0.01108	0.00755	0.00598	0.00192	0.01010	0.00485	0.00398	0.01068
38	0.00982	0.00842	0.00842	0.00842	0.01122	0.00701	0.00631	0.01192	0.01894	0.02244	0.08416	0.07995	0.65285	0.02104	0.00982	0.00281	0.00421	0.01753	0.00771	0.00701
39	0.60630	0.01686	0.01683	0.01954	0.15369	0.01887	0.01254	0.02465	0.01517	0.03509	0.01244	0.01501	0.00989	0.00765	0.00580	0.00255	0.00717	0.00512	0.00492	0.00989
40	0.01065	0.00763	0.01016	0.01153	0.01241	0.00713	0.00805	0.01275	0.01771	0.02399	0.17523	0.53262	0.05957	0.02393	0.01048	0.00324	0.00478	0.05311	0.00801	0.00703
41	0.09532	0.02565	0.02210	0.21487	0.03310	0.28493	0.01682	0.08947	0.05259	0.02690	0.04947	0.02077	0.01537	0.00914	0.00776	0.00246	0.01141	0.00680	0.00507	0.00999
42	0.17456	0.04806	0.01974	0.01439	0.02084	0.01705	0.01192	0.15769	0.02342	0.24380	0.02104	0.02055	0.01470	0.00868	0.00710	0.00223	0.00727	0.00650	0.00740	0.17307
43	0.02505	0.10775	0.25589	0.02113	0.02893	0.27510	0.02107	0.12009	0.02305	0.02725	0.01453	0.01648	0.01115	0.00839	0.00754	0.00233	0.01250	0.00586	0.00454	0.01137
44	0.01868	0.28670	0.43895	0.02024	0.03063	0.02423	0.02470	0.02579	0.01730	0.02385	0.01369	0.01601	0.01057	0.00761	0.00696	0.00232	0.01104	0.00552	0.00352	0.01169
45	0.01197	0.00908	0.01194	0.01197	0.01333	0.00977	0.00899	0.01410	0.01466	0.01973	0.03657	0.05234	0.14438	0.20209	0.30263	0.00870	0.04351	0.07185	0.00550	0.00687
46	0.01549	0.00774	0.00774	0.00774	0.00968	0.00774	0.00581	0.01936	0.01742	0.03097	0.02710	0.03097	0.02129	0.00968	0.00581	0.00194	0.00387	0.00774	0.75416	0.00774
47	0.01189	0.00883	0.01299	0.01299	0.01435	0.01019	0.00994	0.01460	0.01325	0.01902	0.02258	0.03445	0.02156	0.11619	0.62231	0.01291	0.02107	0.00917	0.00450	0.00722
48	0.02758	0.03241	0.02305	0.08123	0.02751	0.47313	0.01629	0.08519	0.02306	0.02328	0.01436	0.01767	0.01188	0.01331	0.06293	0.00321	0.04342	0.00610	0.00459	0.00981
49	0.02186	0.04846	0.01886	0.01543	0.01925	0.15762	0.01193	0.16878	0.07735	0.03287	0.22051	0.03645	0.03625	0.08384	0.01200	0.00303	0.00840	0.00993	0.00719	0.01000
50	0.12182	0.02752	0.06012	0.07954	0.09246	0.25621	0.07973	0.10340	0.02207	0.02825	0.01493	0.01822	0.01180	0.01058	0.03612	0.00290	0.01235	0.00653	0.00479	0.01065
51	0.06354	0.02474	0.02369	0.05492	0.18552	0.25092	0.01725	0.05911	0.07704	0.02582	0.01726	0.02101	0.01428	0.01665	0.10862	0.00405	0.01308	0.00693	0.00487	0.01070

[dist]
# distance from previous block
# <min> <max>
5	24

[block]
# block no. 2 follows, 22 sequences, length 7
# corresponding to MSA columns:
# 254-260
name=unknown_C
#
# <colnr> <probs for GDERKNQSTAVLIFYWHMCP>
#	G	D	E	R	K	N	Q	S	T	A	V	L	I	F	Y	W	H	M	C	P
0	0.06912	0.16235	0.09163	0.01788	0.05075	0.07237	0.01545	0.19104	0.02351	0.03191	0.01991	0.02162	0.05184	0.01172	0.04143	0.00276	0.00973	0.00675	0.00551	0.10271
1	0.18489	0.06336	0.09825	0.01987	0.07595	0.05947	0.05741	0.11725	0.02086	0.05951	0.01555	0.01760	0.01191	0.00782	0.00701	0.00223	0.00897	0.00604	0.00531	0.16072
2	0.08835	0.01626	0.01858	0.06837	0.14561	0.08046	0.01420	0.02252	0.06919	0.02573	0.03424	0.04384	0.14350	0.05412	0.01053	0.00300	0.00813	0.09195	0.00585	0.05556
3	0.17884	0.10639	0.02176	0.28006	0.03314	0.01911	0.01552	0.02392	0.09247	0.02619	0.02214	0.07888	0.04945	0.01050	0.00751	0.00265	0.00836	0.00848	0.00511	0.00953
4	0.02391	0.02527	0.13013	0.03078	0.17073	0.02227	0.17158	0.25470	0.02652	0.03645	0.01745	0.02033	0.01299	0.00835	0.00860	0.00258	0.01099	0.00784	0.00564	0.01291
5	0.01787	0.04609	0.01611	0.01361	0.01564	0.08754	0.00982	0.09808	0.04984	0.02323	0.02378	0.08346	0.02473	0.34178	0.06671	0.00585	0.05184	0.01055	0.00555	0.00792
6	0.02302	0.02035	0.02321	0.02533	0.19235	0.10334	0.01600	0.09059	0.12359	0.07585	0.02340	0.02451	0.04942	0.00913	0.00784	0.00225	0.00865	0.00756	0.00608	0.16752

[dist]
# distance from previous block
# <min> <max>
5	6

[block]
# block no. 3 follows, 22 sequences, length 22
# corresponding to MSA columns:
# 267-288
name=unknown_D
#
# <colnr> <probs for GDERKNQSTAVLIFYWHMCP>
#	G	D	E	R	K	N	Q	S	T	A	V	L	I	F	Y	W	H	M	C	P
0	0.02156	0.15792	0.19906	0.02432	0.13848	0.10320	0.02029	0.10665	0.02168	0.02806	0.04911	0.02315	0.05334	0.00924	0.00768	0.00237	0.01024	0.00723	0.00489	0.01152
1	0.01838	0.21528	0.45952	0.02313	0.07555	0.02285	0.02605	0.02588	0.01746	0.02461	0.01409	0.01666	0.01074	0.00765	0.00725	0.00240	0.01123	0.00579	0.00356	0.01192
2	0.01357	0.19080	0.01870	0.01232	0.01490	0.01385	0.00984	0.01564	0.01680	0.02128	0.04059	0.39815	0.10307	0.02030	0.00925	0.00295	0.00610	0.07740	0.00663	0.00788
3	0.01186	0.00834	0.01082	0.01096	0.01159	0.00890	0.00737	0.01315	0.01286	0.01774	0.02597	0.09099	0.02814	0.40098	0.29423	0.00985	0.01353	0.01161	0.00499	0.00611
4	0.02238	0.10150	0.05126	0.08539	0.11892	0.13545	0.01628	0.02951	0.12944	0.09439	0.02887	0.02945	0.10140	0.01052	0.00802	0.00248	0.00923	0.00846	0.00594	0.01110
5	0.01925	0.01823	0.01711	0.01749	0.08174	0.14039	0.01191	0.13291	0.02288	0.02757	0.04456	0.09275	0.25740	0.06514	0.01133	0.00300	0.00810	0.01232	0.00661	0.00931
6	0.01208	0.00805	0.00906	0.00906	0.00906	0.00805	0.00503	0.01208	0.01208	0.01611	0.02618	0.05436	0.03020	0.70804	0.04228	0.00805	0.00805	0.01208	0.00503	0.00503
7	0.01620	0.01291	0.08383	0.01265	0.01630	0.00931	0.01076	0.01909	0.01853	0.15044	0.05072	0.31385	0.21389	0.01944	0.00963	0.00297	0.00592	0.01689	0.00776	0.00892
8	0.02008	0.02183	0.07564	0.04520	0.45987	0.02004	0.18170	0.02583	0.01901	0.02695	0.01589	0.02086	0.01286	0.00733	0.00861	0.00256	0.01109	0.00795	0.00410	0.01260
9	0.01810	0.21690	0.50368	0.02122	0.03216	0.02282	0.02642	0.02594	0.01737	0.02455	0.01404	0.01645	0.01056	0.00769	0.00723	0.00241	0.01140	0.00570	0.00352	0.01186
10	0.02113	0.04192	0.46547	0.02297	0.03276	0.22316	0.02614	0.02844	0.01941	0.02445	0.01427	0.01674	0.01058	0.00810	0.00777	0.00248	0.01312	0.00589	0.00375	0.01145
11	0.03158	0.02327	0.02493	0.01911	0.02576	0.02576	0.01579	0.62852	0.03906	0.05236	0.01995	0.01995	0.01413	0.00997	0.00831	0.00249	0.00914	0.00748	0.00831	0.01413
12	0.01012	0.00723	0.00964	0.01157	0.01205	0.00675	0.00771	0.01157	0.01591	0.02121	0.04579	0.70262	0.05495	0.02603	0.01060	0.00337	0.00482	0.02362	0.00771	0.00675
13	0.01015	0.00843	0.00887	0.00876	0.01142	0.00715	0.00657	0.01256	0.01971	0.02428	0.17993	0.07693	0.55594	0.02036	0.00981	0.00277	0.00416	0.01711	0.00796	0.00715
14	0.01208	0.00805	0.00906	0.00906	0.00906	0.00805	0.00503	0.01208	0.01208	0.01611	0.02618	0.05436	0.03020	0.70804	0.04228	0.00805	0.00805	0.01208	0.00503	0.00503
15	0.01032	0.00731	0.00958	0.01131	0.01174	0.00688	0.00744	0.01162	0.01551	0.02068	0.04377	0.63588	0.05240	0.09625	0.01387	0.00386	0.00515	0.02243	0.00744	0.00657
16	0.03103	0.03959	0.02354	0.02140	0.02568	0.67469	0.01605	0.03317	0.02354	0.02033	0.01284	0.01498	0.01070	0.00856	0.00749	0.00214	0.01498	0.00535	0.00428	0.00963
17	0.01187	0.00890	0.01335	0.01335	0.01483	0.01038	0.01038	0.01483	0.01335	0.01928	0.02225	0.03264	0.02077	0.06231	0.67512	0.01335	0.02225	0.00890	0.00445	0.00742
18	0.03359	0.02005	0.02294	0.01759	0.02416	0.02099	0.01453	0.42123	0.03367	0.26726	0.02447	0.02288	0.01640	0.01008	0.00833	0.00252	0.00841	0.00779	0.00901	0.01413
19	0.01246	0.01102	0.01105	0.01149	0.01413	0.05601	0.00922	0.01510	0.01933	0.02304	0.06651	0.07954	0.41829	0.02073	0.01017	0.00307	0.00606	0.19793	0.00745	0.00740
20	0.02056	0.01974	0.03372	0.05099	0.65622	0.01974	0.02550	0.02550	0.01892	0.02714	0.01563	0.02056	0.01316	0.00740	0.00822	0.00247	0.00987	0.00740	0.00411	0.01316
21	0.01729	0.02089	0.18503	0.01953	0.05351	0.01535	0.01835	0.02739	0.16874	0.05339	0.03219	0.05274	0.02999	0.01498	0.00954	0.00316	0.00867	0.25186	0.00671	0.01070

[dist]
# distance from previous block
# <min> <max>
0	1

[block]
# block no. 4 follows, 22 sequences, length 106
# corresponding to MSA columns:
# 290-395
name=unknown_E
#
# <colnr> <probs for GDERKNQSTAVLIFYWHMCP>
#	G	D	E	R	K	N	Q	S	T	A	V	L	I	F	Y	W	H	M	C	P
0	0.02473	0.27444	0.03375	0.02773	0.21366	0.24830	0.01823	0.02790	0.01977	0.02210	0.01322	0.01607	0.01143	0.00769	0.00694	0.00211	0.01126	0.00564	0.00397	0.01106
1	0.02380	0.02742	0.02739	0.22588	0.15665	0.31625	0.05567	0.02777	0.02037	0.02227	0.01418	0.01861	0.01139	0.00817	0.00801	0.00243	0.01279	0.00661	0.00407	0.01028
2	0.02589	0.06881	0.14911	0.06201	0.05990	0.42029	0.01975	0.02983	0.02099	0.02182	0.01335	0.01622	0.01081	0.00854	0.00837	0.00233	0.04186	0.00576	0.00403	0.01032
3	0.01870	0.01121	0.01290	0.01130	0.01525	0.01022	0.00886	0.05169	0.06291	0.18681	0.11881	0.05905	0.36607	0.01676	0.00928	0.00271	0.00530	0.01395	0.00858	0.00964
4	0.02103	0.02415	0.08846	0.04242	0.41111	0.08259	0.15572	0.02654	0.01939	0.02631	0.01556	0.02018	0.01258	0.00747	0.00847	0.00252	0.01146	0.00762	0.00410	0.01232
5	0.00982	0.00842	0.00842	0.00842	0.01122	0.00701	0.00631	0.01192	0.01894	0.02244	0.08416	0.07995	0.65285	0.02104	0.00982	0.00281	0.00421	0.01753	0.00771	0.00701
6	0.02042	0.01938	0.05834	0.01732	0.02248	0.02058	0.01422	0.04305	0.60304	0.03423	0.03266	0.03017	0.02445	0.01106	0.00842	0.00281	0.00692	0.00919	0.00815	0.01310
7	0.01192	0.00868	0.01223	0.01223	0.01332	0.00977	0.00898	0.01411	0.01302	0.01845	0.02328	0.03834	0.02324	0.23171	0.50911	0.01196	0.01853	0.00974	0.00460	0.00679
8	0.01000	0.00842	0.00867	0.00861	0.01133	0.00709	0.00646	0.01228	0.01937	0.02348	0.13843	0.07824	0.59793	0.02065	0.00982	0.00279	0.00418	0.01729	0.00785	0.00709
9	0.03103	0.03959	0.02354	0.02140	0.02568	0.67469	0.01605	0.03317	0.02354	0.02033	0.01284	0.01498	0.01070	0.00856	0.00749	0.00214	0.01498	0.00535	0.00428	0.00963
10	0.02436	0.54879	0.03866	0.01597	0.02239	0.18941	0.01466	0.02690	0.01850	0.01974	0.01186	0.01373	0.01067	0.00746	0.00586	0.00187	0.01037	0.00466	0.00373	0.01041
11	0.01200	0.00912	0.01124	0.01208	0.01355	0.00908	0.00851	0.01728	0.11378	0.02531	0.14373	0.46929	0.07902	0.02208	0.01011	0.00314	0.00492	0.01978	0.00806	0.00792
12	0.01012	0.00723	0.00964	0.01157	0.01205	0.00675	0.00771	0.01157	0.01591	0.02121	0.04579	0.70262	0.05495	0.02603	0.01060	0.00337	0.00482	0.02362	0.00771	0.00675
13	0.01192	0.00823	0.01018	0.01028	0.01069	0.00858	0.00653	0.01275	0.01260	0.01718	0.02620	0.08265	0.02909	0.50815	0.20167	0.00916	0.01150	0.01187	0.00502	0.00573
14	0.02091	0.16914	0.38537	0.02060	0.03038	0.02331	0.02367	0.14680	0.05104	0.03057	0.01614	0.01783	0.01197	0.00831	0.00750	0.00244	0.01072	0.00623	0.00471	0.01237
15	0.02734	0.06020	0.02521	0.02256	0.05331	0.47489	0.01688	0.02956	0.02066	0.02053	0.01248	0.01588	0.01086	0.00979	0.01185	0.00247	0.16588	0.00584	0.00410	0.00971
16	0.01012	0.00723	0.00964	0.01157	0.01205	0.00675	0.00771	0.01157	0.01591	0.02121	0.04579	0.70262	0.05495	0.02603	0.01060	0.00337	0.00482	0.02362	0.00771	0.00675
17	0.02114	0.06324	0.02003	0.01779	0.04961	0.23860	0.01299	0.02746	0.14323	0.02347	0.03219	0.03503	0.14141	0.07843	0.01267	0.00306	0.05497	0.00935	0.00576	0.00957
18	0.03056	0.01803	0.02356	0.02310	0.14665	0.01806	0.01578	0.23709	0.02803	0.29241	0.06129	0.02590	0.02030	0.01000	0.00840	0.00253	0.00814	0.00826	0.00833	0.01357
19	0.01188	0.00886	0.01313	0.01313	0.01453	0.01026	0.01011	0.01469	0.01328	0.01912	0.02246	0.03377	0.02126	0.09598	0.64212	0.01307	0.02151	0.00907	0.00448	0.00729
20	0.01723	0.01477	0.01723	0.01230	0.01969	0.01107	0.00984	0.02092	0.01723	0.02707	0.01477	0.01723	0.01230	0.00615	0.00615	0.00123	0.00615	0.00492	0.00492	0.75883
21	0.00982	0.00842	0.00842	0.00842	0.01122	0.00701	0.00631	0.01192	0.01894	0.02244	0.08416	0.07995	0.65285	0.02104	0.00982	0.00281	0.00421	0.01753	0.00771	0.00701
22	0.58713	0.01559	0.01395	0.01187	0.01733	0.01705	0.00979	0.02838	0.01651	0.19108	0.01679	0.01713	0.01184	0.00834	0.00593	0.00257	0.00658	0.00545	0.00641	0.01026
23	0.76672	0.01607	0.01221	0.01092	0.01607	0.01864	0.00900	0.02442	0.01414	0.03727	0.01157	0.01350	0.00900	0.00771	0.00514	0.00257	0.00643	0.00450	0.00514	0.00900
24	0.03296	0.02106	0.02356	0.01807	0.02466	0.02248	0.01492	0.48620	0.03536	0.19990	0.02305	0.02196	0.01569	0.01005	0.00832	0.00251	0.00864	0.00769	0.00879	0.01413
25	0.02221	0.71304	0.04353	0.01421	0.02132	0.03287	0.01421	0.02488	0.01688	0.01955	0.01155	0.01333	0.01066	0.00711	0.00533	0.00178	0.00888	0.00444	0.00355	0.01066
26	0.00992	0.00842	0.00856	0.00852	0.01128	0.00706	0.00639	0.01212	0.01917	0.02301	0.11377	0.07902	0.62289	0.02083	0.00982	0.00280	0.00419	0.01740	0.00779	0.00706
27	0.02280	0.01891	0.01999	0.01734	0.02242	0.02166	0.01367	0.15863	0.52325	0.03820	0.03110	0.02883	0.02316	0.01102	0.00843	0.00275	0.00708	0.00902	0.00843	0.01334
28	0.01024	0.00848	0.00901	0.00900	0.01165	0.00724	0.00684	0.01267	0.01958	0.02405	0.16069	0.07809	0.54686	0.02056	0.00989	0.00282	0.00432	0.04295	0.00791	0.00716
29	0.03158	0.02327	0.02493	0.01911	0.02576	0.02576	0.01579	0.62852	0.03906	0.05236	0.01995	0.01995	0.01413	0.00997	0.00831	0.00249	0.00914	0.00748	0.00831	0.01413
30	0.01723	0.01477	0.01723	0.01230	0.01969	0.01107	0.00984	0.02092	0.01723	0.02707	0.01477	0.01723	0.01230	0.00615	0.00615	0.00123	0.00615	0.00492	0.00492	0.75883
31	0.76672	0.01607	0.01221	0.01092	0.01607	0.01864	0.00900	0.02442	0.01414	0.03727	0.01157	0.01350	0.00900	0.00771	0.00514	0.00257	0.00643	0.00450	0.00514	0.00900
32	0.00984	0.00835	0.00849	0.00860	0.01127	0.00700	0.00639	0.01190	0.01876	0.02237	0.08191	0.11642	0.61783	0.02133	0.00986	0.00284	0.00424	0.01789	0.00771	0.00700
33	0.01339	0.00956	0.01339	0.01530	0.01721	0.00956	0.01339	0.01721	0.01912	0.02486	0.04399	0.09371	0.04781	0.02295	0.01147	0.00382	0.00765	0.60031	0.00765	0.00765
34	0.01857	0.02036	0.04191	0.03085	0.03734	0.02047	0.47554	0.02442	0.01798	0.02490	0.01658	0.02293	0.01325	0.01403	0.08425	0.00406	0.10854	0.00936	0.00415	0.01050
35	0.76672	0.01607	0.01221	0.01092	0.01607	0.01864	0.00900	0.02442	0.01414	0.03727	0.01157	0.01350	0.00900	0.00771	0.00514	0.00257	0.00643	0.00450	0.00514	0.00900
36	0.01095	0.00932	0.00954	0.00933	0.01227	0.00836	0.00704	0.01519	0.07866	0.02417	0.10832	0.07436	0.56354	0.01990	0.00969	0.00280	0.00442	0.01663	0.00786	0.00764
37	0.03117	0.03557	0.02388	0.02084	0.02570	0.51492	0.01599	0.17975	0.02736	0.02822	0.01459	0.01620	0.01154	0.00891	0.00769	0.00223	0.01354	0.00587	0.00527	0.01074
38	0.03158	0.02327	0.02493	0.01911	0.02576	0.02576	0.01579	0.62852	0.03906	0.05236	0.01995	0.01995	0.01413	0.00997	0.00831	0.00249	0.00914	0.00748	0.00831	0.01413
39	0.00982	0.00842	0.00842	0.00842	0.01122	0.00701	0.00631	0.01192	0.01894	0.02244	0.08416	0.07995	0.65285	0.02104	0.00982	0.00281	0.00421	0.01753	0.00771	0.00701
40	0.03028	0.03834	0.02365	0.02143	0.02546	0.63666	0.01618	0.03240	0.02291	0.02031	0.01273	0.01517	0.01071	0.00891	0.00865	0.00223	0.05468	0.00546	0.00424	0.00960
41	0.02818	0.01394	0.01756	0.01446	0.01958	0.01343	0.01158	0.03653	0.17575	0.38439	0.15431	0.03556	0.03307	0.01184	0.00866	0.00264	0.00633	0.00992	0.00961	0.01266
