[name]
unknown

[dist]
# distance from previous block
# <min> <max>
5	11

[block]
# block no. 0 follows, 20 sequences, length 21
# corresponding to MSA columns:
# 11-31
name=unknown_A
#
# <colnr> <probs for GDERKNQSTAVLIFYWHMCP>
#	G	D	E	R	K	N	Q	S	T	A	V	L	I	F	Y	W	H	M	C	P
0	0.01419	0.01234	0.01839	0.07441	0.19825	0.01207	0.01440	0.01728	0.01848	0.02441	0.04654	0.28996	0.18748	0.01888	0.01001	0.00307	0.00695	0.01691	0.00667	0.00931
1	0.02448	0.02268	0.03176	0.04248	0.43676	0.06557	0.02321	0.13643	0.07061	0.03351	0.01852	0.02191	0.01482	0.00867	0.00862	0.00260	0.01032	0.00780	0.00549	0.01375
2	0.01640	0.01483	0.01322	0.01276	0.01359	0.12400	0.00833	0.01702	0.01515	0.01834	0.02569	0.09624	0.02895	0.48284	0.03449	0.00672	0.04753	0.01209	0.00528	0.00652
3	0.01975	0.01390	0.02007	0.30167	0.03610	0.01554	0.01658	0.06900	0.04837	0.11210	0.02794	0.18000	0.02542	0.01372	0.00912	0.00295	0.00862	0.01200	0.05688	0.01028
4	0.01827	0.01062	0.01326	0.01240	0.01542	0.00974	0.00932	0.05360	0.02220	0.15939	0.17793	0.25516	0.16856	0.01977	0.01015	0.00302	0.00549	0.01721	0.00903	0.00948
5	0.01360	0.00974	0.01121	0.01066	0.01355	0.00879	0.00805	0.01769	0.05432	0.07066	0.25977	0.10424	0.34623	0.01964	0.01016	0.00290	0.00469	0.01676	0.00882	0.00850
6	0.01890	0.01858	0.02467	0.03418	0.33220	0.09510	0.01855	0.02242	0.01955	0.02541	0.03082	0.21940	0.07433	0.01472	0.00940	0.00285	0.00903	0.01328	0.00573	0.01090
7	0.01193	0.00814	0.00974	0.01048	0.01066	0.00795	0.00631	0.01249	0.01415	0.01887	0.03502	0.28792	0.04122	0.44963	0.03222	0.00666	0.00721	0.01712	0.00631	0.00594
8	0.01408	0.01029	0.01115	0.01065	0.01348	0.01009	0.00807	0.02084	0.11848	0.03066	0.20371	0.05870	0.25186	0.01653	0.00907	0.00268	0.00466	0.01393	0.18225	0.00881
9	0.01175	0.00842	0.01130	0.01197	0.01295	0.00849	0.00837	0.01390	0.01683	0.02322	0.14658	0.30280	0.04883	0.14485	0.18132	0.00687	0.01010	0.01721	0.00704	0.00718
10	0.01512	0.01179	0.01312	0.01199	0.01520	0.01178	0.00923	0.12337	0.02211	0.02824	0.05875	0.06055	0.35685	0.07474	0.14198	0.00548	0.00944	0.01426	0.00734	0.00868
11	0.01221	0.00825	0.00966	0.01013	0.01025	0.00814	0.00594	0.01256	0.01362	0.01816	0.03229	0.20416	0.03777	0.53810	0.03664	0.00731	0.00766	0.01551	0.00594	0.00571
12	0.01408	0.01001	0.01209	0.01256	0.01380	0.01003	0.00855	0.09087	0.01895	0.02530	0.03964	0.45084	0.04591	0.18275	0.01869	0.00458	0.00646	0.01970	0.00751	0.00768
13	0.01414	0.01021	0.01211	0.01180	0.01467	0.00902	0.00861	0.04281	0.01942	0.05905	0.05380	0.34795	0.22191	0.02123	0.01001	0.00297	0.00540	0.01855	0.00788	0.10846
14	0.01259	0.01033	0.01132	0.01087	0.01390	0.00987	0.00834	0.04893	0.05133	0.02543	0.07010	0.06876	0.45829	0.02868	0.12660	0.00492	0.00824	0.01574	0.00756	0.00820
15	0.02526	0.02634	0.02561	0.03052	0.23532	0.25581	0.01844	0.06163	0.02229	0.02773	0.01751	0.02122	0.01434	0.00916	0.00883	0.00242	0.04222	0.00703	0.13704	0.01128
16	0.01144	0.00915	0.01034	0.01089	0.01303	0.00843	0.00783	0.01526	0.06555	0.02486	0.10679	0.30098	0.33804	0.02294	0.01050	0.00315	0.00483	0.01992	0.00826	0.00782
17	0.02148	0.07029	0.01871	0.01443	0.01866	0.09524	0.01156	0.17725	0.02499	0.03270	0.03696	0.03831	0.16316	0.01892	0.08126	0.00376	0.00963	0.01005	0.14248	0.01018
18	0.19856	0.01418	0.01645	0.01365	0.01885	0.01392	0.01102	0.03268	0.06365	0.31757	0.17129	0.03466	0.03347	0.01190	0.00835	0.00273	0.00645	0.00956	0.00912	0.01195
19	0.01361	0.01202	0.01944	0.01623	0.01926	0.01117	0.14865	0.01633	0.01755	0.02281	0.06902	0.14873	0.19406	0.22751	0.02100	0.00473	0.00819	0.01554	0.00641	0.00775
20	0.02045	0.01765	0.02617	0.02788	0.17575	0.01859	0.08111	0.13192	0.07013	0.03305	0.08739	0.12319	0.03044	0.01398	0.01099	0.00300	0.05451	0.05547	0.00679	0.01156

[dist]
# distance from previous block
# <min> <max>
10	18

[block]
# block no. 1 follows, 20 sequences, length 83
# corresponding to MSA columns:
# 50-132
name=unknown_B
#
# <colnr> <probs for GDERKNQSTAVLIFYWHMCP>
#	G	D	E	R	K	N	Q	S	T	A	V	L	I	F	Y	W	H	M	C	P
0	0.01523	0.01348	0.01924	0.06494	0.04782	0.01677	0.01441	0.01742	0.01488	0.02129	0.02512	0.21003	0.02758	0.08780	0.10333	0.00536	0.26850	0.01309	0.00527	0.00844
1	0.02112	0.02327	0.08737	0.08871	0.34817	0.02127	0.19809	0.05271	0.02073	0.02900	0.01685	0.02200	0.01332	0.00788	0.00911	0.00273	0.01190	0.00841	0.00446	0.01289
2	0.02993	0.11474	0.02629	0.02094	0.02554	0.53554	0.01616	0.03231	0.02307	0.02117	0.01411	0.01699	0.01206	0.01326	0.05889	0.00313	0.01559	0.00580	0.00442	0.01005
3	0.02046	0.38663	0.23559	0.02054	0.07029	0.02689	0.02079	0.02589	0.01865	0.02450	0.06259	0.01998	0.01694	0.00857	0.00705	0.00227	0.01013	0.00633	0.00422	0.01169
4	0.02057	0.06579	0.38065	0.02889	0.09625	0.05399	0.13069	0.06917	0.02083	0.02908	0.01619	0.01948	0.01199	0.00823	0.00857	0.00270	0.01272	0.00724	0.00427	0.01271
5	0.02848	0.02217	0.02662	0.12319	0.16474	0.09364	0.01903	0.20306	0.02717	0.14360	0.02043	0.02225	0.01483	0.00933	0.00851	0.00257	0.01024	0.00761	0.00677	0.04575
6	0.02028	0.18499	0.05589	0.01630	0.04983	0.04922	0.01351	0.14554	0.02400	0.02985	0.04478	0.04397	0.26046	0.01405	0.00852	0.00255	0.00795	0.01109	0.00659	0.01061
7	0.01120	0.00953	0.00974	0.00970	0.01266	0.00845	0.00726	0.01510	0.06605	0.02449	0.08219	0.11177	0.55833	0.02158	0.01024	0.00298	0.00464	0.01809	0.00816	0.00784
8	0.02356	0.01789	0.02034	0.01523	0.02225	0.01647	0.01233	0.21509	0.02642	0.06622	0.06569	0.02318	0.01928	0.00885	0.00760	0.00190	0.00735	0.00703	0.00693	0.41636
9	0.01087	0.00844	0.00970	0.01045	0.01225	0.00752	0.00745	0.01284	0.01847	0.02326	0.09319	0.28826	0.33874	0.07533	0.01329	0.00361	0.00510	0.04609	0.00795	0.00718
10	0.15877	0.02867	0.05437	0.02024	0.02414	0.27600	0.01667	0.02921	0.01924	0.06898	0.01423	0.01758	0.01170	0.01080	0.01372	0.00286	0.21135	0.00632	0.00486	0.01030
11	0.02084	0.01988	0.03344	0.14358	0.53011	0.02056	0.02590	0.02685	0.04244	0.02788	0.01700	0.02225	0.01398	0.00807	0.00866	0.00265	0.01042	0.00785	0.00443	0.01321
12	0.01199	0.00895	0.01117	0.01075	0.01299	0.00813	0.00815	0.01570	0.02347	0.03216	0.49240	0.07062	0.19835	0.01901	0.01037	0.00284	0.00435	0.04136	0.00921	0.00804
13	0.01291	0.01002	0.01149	0.01131	0.01403	0.00928	0.00877	0.05646	0.02227	0.02866	0.20133	0.12336	0.34396	0.02094	0.01048	0.00306	0.00523	0.08980	0.00848	0.00816
14	0.01943	0.01630	0.01881	0.01355	0.02124	0.01300	0.01089	0.07418	0.02012	0.03078	0.01599	0.01834	0.01309	0.00682	0.00666	0.00141	0.00674	0.00541	0.00548	0.68177
15	0.01246	0.00935	0.01402	0.01402	0.01558	0.01090	0.01090	0.01558	0.01402	0.02025	0.02336	0.03427	0.02181	0.06542	0.65888	0.01402	0.02336	0.00935	0.00467	0.00779
16	0.01360	0.00932	0.01070	0.01070	0.01124	0.00939	0.00655	0.05094	0.01528	0.02039	0.03103	0.17614	0.03563	0.52139	0.03570	0.00714	0.00788	0.01471	0.00605	0.00624
17	0.05835	0.11982	0.02741	0.01876	0.02534	0.05427	0.01567	0.39578	0.12222	0.04527	0.02118	0.02118	0.01570	0.01009	0.00814	0.00255	0.00931	0.00748	0.00773	0.01375
18	0.01852	0.07897	0.42457	0.02993	0.16896	0.02049	0.02851	0.02660	0.01882	0.02725	0.01794	0.02498	0.01468	0.00933	0.00848	0.00276	0.01173	0.05069	0.00416	0.01262
19	0.01676	0.03998	0.55781	0.02289	0.03424	0.01855	0.02882	0.02604	0.01931	0.02867	0.10356	0.02506	0.02117	0.00964	0.00857	0.00276	0.01164	0.00777	0.00452	0.01223
20	0.02015	0.01531	0.01741	0.01604	0.02014	0.01677	0.01269	0.03629	0.37644	0.08146	0.15220	0.04796	0.04030	0.01465	0.00959	0.00305	0.00657	0.09196	0.00904	0.01199
21	0.02033	0.01707	0.01738	0.01534	0.01958	0.04532	0.01184	0.13008	0.27711	0.03485	0.09819	0.04492	0.15098	0.06336	0.01179	0.00324	0.00710	0.01180	0.00831	0.01140
22	0.01066	0.00890	0.00932	0.00937	0.01220	0.00757	0.00713	0.01310	0.02026	0.02457	0.12817	0.08323	0.56342	0.02187	0.01040	0.00298	0.00458	0.04662	0.00821	0.00746
23	0.01651	0.01217	0.01454	0.01366	0.01525	0.01323	0.00973	0.12831	0.01945	0.02634	0.03074	0.23064	0.03386	0.27349	0.06542	0.00588	0.06133	0.01470	0.00662	0.00814
24	0.01890	0.06739	0.41601	0.03073	0.15244	0.02156	0.07486	0.02700	0.01851	0.02707	0.01553	0.01927	0.01179	0.00852	0.00967	0.00277	0.05444	0.00700	0.00387	0.01269
25	0.09468	0.44061	0.03642	0.01683	0.02322	0.21744	0.01498	0.02865	0.01952	0.02251	0.01253	0.01452	0.01104	0.00797	0.00625	0.00206	0.01098	0.00495	0.00411	0.01071
26	0.02583	0.02884	0.02232	0.02200	0.07155	0.36034	0.01559	0.07977	0.02257	0.02444	0.01749	0.02319	0.01534	0.05482	0.17184	0.00553	0.01632	0.00724	0.00494	0.01002
27	0.01486	0.01990	0.17180	0.02033	0.09720	0.01337	0.01740	0.02077	0.04287	0.02710	0.09366	0.05970	0.21451	0.01662	0.00991	0.00307	0.00808	0.13220	0.00668	0.00998
28	0.01169	0.00875	0.01099	0.01174	0.01358	0.00804	0.00891	0.01459	0.02038	0.02688	0.22162	0.24883	0.20817	0.02274	0.01087	0.00326	0.00521	0.12759	0.00851	0.00766
29	0.02226	0.02183	0.03180	0.06821	0.47478	0.06980	0.02389	0.03028	0.11421	0.02897	0.01913	0.02291	0.01554	0.00853	0.00862	0.00263	0.01028	0.00793	0.00503	0.01338
30	0.02281	0.02303	0.03422	0.05010	0.57134	0.09126	0.02567	0.02766	0.02040	0.02771	0.01608	0.02094	0.01353	0.00791	0.00855	0.00255	0.01096	0.00753	0.00434	0.01341
31	0.01120	0.00887	0.01007	0.00977	0.01233	0.00774	0.00733	0.01424	0.02199	0.02856	0.32727	0.07573	0.39347	0.02023	0.01030	0.00286	0.00429	0.01726	0.00876	0.00774
32	0.03291	0.03185	0.02555	0.02111	0.02701	0.30010	0.01670	0.36123	0.03397	0.04043	0.01772	0.01869	0.01328	0.00983	0.00835	0.00246	0.01225	0.00689	0.00690	0.01279
33	0.01886	0.01698	0.02163	0.01843	0.02098	0.05190	0.05181	0.10342	0.02216	0.03051	0.19807	0.09257	0.06320	0.01581	0.01600	0.00314	0.22597	0.01199	0.00679	0.00979
34	0.07621	0.03911	0.50033	0.02758	0.10291	0.02035	0.05891	0.02739	0.01840	0.02864	0.01556	0.01869	0.01134	0.00817	0.00820	0.00275	0.01222	0.00665	0.00393	0.01267
35	0.02532	0.33215	0.13013	0.02187	0.07358	0.23505	0.01911	0.02924	0.02028	0.02249	0.01344	0.01582	0.01139	0.00811	0.00698	0.00218	0.01204	0.00549	0.00402	0.01130
36	0.03258	0.04157	0.02472	0.02247	0.02697	0.65843	0.01685	0.03483	0.02472	0.02135	0.01348	0.01573	0.01124	0.00899	0.00787	0.00225	0.01573	0.00562	0.00449	0.01011
37	0.01194	0.01016	0.01231	0.01417	0.08111	0.00900	0.00916	0.01485	0.02081	0.02631	0.18573	0.07346	0.46035	0.01969	0.01012	0.00287	0.00501	0.01673	0.00797	0.00824
38	0.01626	0.00813	0.00813	0.00813	0.01016	0.00813	0.00610	0.02033	0.01829	0.03252	0.02846	0.03252	0.02236	0.01016	0.00610	0.00203	0.00407	0.00813	0.74187	0.00813
39	0.01760	0.01277	0.01357	0.01185	0.01598	0.01216	0.00932	0.14767	0.02497	0.07828	0.06923	0.06577	0.45033	0.01864	0.00984	0.00285	0.00580	0.01532	0.00845	0.00960
40	0.02582	0.03397	0.14858	0.03380	0.24569	0.27667	0.02331	0.06086	0.02264	0.02686	0.01533	0.01860	0.01230	0.00850	0.00826	0.00249	0.01296	0.00666	0.00450	0.01221
41	0.02391	0.01606	0.01859	0.01594	0.02036	0.01649	0.01237	0.26937	0.02803	0.10784	0.03293	0.28704	0.03254	0.01696	0.00954	0.00291	0.00734	0.01453	0.00848	0.05876
42	0.01057	0.00885	0.00920	0.00911	0.01194	0.00748	0.00683	0.01303	0.02050	0.02504	0.15903	0.08152	0.56390	0.02154	0.01031	0.00292	0.00438	0.01807	0.00829	0.00748
43	0.02008	0.01918	0.03268	0.23640	0.46799	0.02033	0.02602	0.02545	0.01915	0.02666	0.01614	0.02208	0.01317	0.00805	0.00866	0.00268	0.01074	0.00777	0.00419	0.01260
44	0.02707	0.27986	0.03462	0.02554	0.14307	0.27290	0.01803	0.05913	0.02202	0.02412	0.01392	0.01648	0.01190	0.00826	0.00722	0.00219	0.01202	0.00579	0.00439	0.01146
45	0.02165	0.02349	0.02541	0.05350	0.02516	0.17141	0.01829	0.02391	0.01622	0.02109	0.01288	0.01948	0.01207	0.01672	0.06334	0.00407	0.45042	0.00728	0.00403	0.00957
46	0.02039	0.03203	0.28827	0.03726	0.30233	0.06136	0.02780	0.02718	0.01906	0.02709	0.01552	0.01970	0.01232	0.00865	0.01002	0.00274	0.06431	0.00707	0.00403	0.01286
47	0.02378	0.02531	0.02005	0.01806	0.02174	0.28316	0.01395	0.10784	0.02315	0.02617	0.02796	0.03128	0.10682	0.02528	0.16893	0.00536	0.04691	0.00884	0.00564	0.00978
48	0.01073	0.00787	0.00985	0.01137	0.01226	0.00724	0.00763	0.01225	0.01694	0.02208	0.05346	0.53491	0.15561	0.07757	0.01355	0.00382	0.00521	0.02276	0.00788	0.00700
49	0.03262	0.04047	0.02481	0.02232	0.02697	0.61788	0.01684	0.07177	0.02577	0.02351	0.01396	0.01607	0.01147	0.00908	0.00792	0.00227	0.01534	0.00576	0.00477	0.01042
50	0.02824	0.02322	0.02116	0.01774	0.02329	0.17439	0.01388	0.14285	0.11484	0.14633	0.02545	0.08308	0.02056	0.01133	0.00844	0.00249	0.00944	0.00893	0.00753	0.11681
51	0.02020	0.01681	0.01921	0.01407	0.02159	0.01409	0.01130	0.09914	0.04902	0.03223	0.01713	0.01913	0.01380	0.00723	0.00686	0.00154	0.00689	0.00573	0.00580	0.61822
52	0.01825	0.01360	0.01550	0.01442	0.01782	0.01394	0.01147	0.19368	0.02537	0.03300	0.04851	0.15578	0.18972	0.06231	0.01251	0.00353	0.00716	0.14573	0.00809	0.00960
53	0.02192	0.04107	0.46981	0.02375	0.03468	0.09157	0.02777	0.13133	0.02310	0.03177	0.01635	0.01857	0.01174	0.00875	0.00832	0.00268	0.01262	0.00660	0.00466	0.01293
54	0.02036	0.02115	0.03035	0.03175	0.20681	0.08974	0.13926	0.02671	0.08003	0.02665	0.03008	0.03290	0.12169	0.01159	0.01158	0.00287	0.08964	0.01008	0.00540	0.01137
55	0.01957	0.01550	0.02101	0.07344	0.14948	0.01627	0.01597	0.15065	0.02367	0.03185	0.07256	0.05031	0.05430	0.11853	0.01511	0.00387	0.00878	0.14191	0.00679	0.01043
56	0.01214	0.00851	0.01058	0.01094	0.01152	0.00869	0.00709	0.01321	0.01407	0.01895	0.03338	0.16738	0.06476	0.40172	0.17115	0.00851	0.01090	0.01443	0.00580	0.00626
57	0.02349	0.05724	0.05874	0.03747	0.32951	0.10927	0.02275	0.07658	0.02091	0.02793	0.01521	0.01976	0.01285	0.00962	0.01222	0.00276	0.13947	0.00725	0.00457	0.01241
58	0.01084	0.00807	0.00986	0.01101	0.01221	0.00735	0.00751	0.01260	0.01776	0.02309	0.09922	0.43944	0.20312	0.07892	0.01354	0.00373	0.00510	0.02156	0.00798	0.00709
59	0.02258	0.08881	0.39683	0.02310	0.03290	0.18891	0.02574	0.05113	0.04270	0.02678	0.01574	0.01800	0.01181	0.00862	0.00802	0.00257	0.01305	0.00628	0.00427	0.01215
60	0.03270	0.03824	0.02500	0.02200	0.02698	0.53551	0.01680	0.14680	0.02789	0.02789	0.01494	0.01675	0.01194	0.00928	0.00803	0.00232	0.01454	0.00605	0.00532	0.01103
61	0.01874	0.02677	0.20116	0.20341	0.04578	0.02083	0.25529	0.02764	0.06188	0.02694	0.01781	0.02273	0.01317	0.00829	0.00924	0.00289	0.01284	0.00856	0.00439	0.01165
62	0.07629	0.02940	0.27856	0.02009	0.02888	0.01998	0.02121	0.09875	0.16166	0.14228	0.02388	0.02365	0.01681	0.00978	0.00835	0.00278	0.00974	0.00768	0.00682	0.01342
63	0.01646	0.01515	0.02193	0.01921	0.02002	0.01966	0.04059	0.01866	0.01376	0.02052	0.01721	0.02876	0.01720	0.12477	0.19976	0.00718	0.37739	0.00893	0.00428	0.00856
64	0.02286	0.01617	0.01890	0.01621	0.02071	0.04508	0.03761	0.08574	0.18587	0.14838	0.13891	0.09067	0.07823	0.01626	0.03487	0.00329	0.00785	0.01207	0.00867	0.01166
65	0.01310	0.00992	0.01055	0.01006	0.01332	0.00879	0.00765	0.01712	0.06335	0.06471	0.12423	0.07539	0.50991	0.02031	0.01011	0.00291	0.00476	0.01699	0.00844	0.00836
66	0.02061	0.35553	0.30570	0.02196	0.05864	0.02717	0.04880	0.02688	0.01825	0.02428	0.01409	0.01667	0.01134	0.00783	0.00710	0.00233	0.01115	0.00582	0.00377	0.01207
67	0.01280	0.01016	0.01176	0.01200	0.01447	0.00982	0.00910	0.01863	0.10641	0.02749	0.16533	0.19614	0.26543	0.02115	0.01047	0.00316	0.00527	0.08348	0.00847	0.00846
68	0.26963	0.01889	0.02295	0.23678	0.16621	0.06964	0.01855	0.02516	0.01794	0.02978	0.03871	0.02086	0.01411	0.00868	0.00757	0.00271	0.00972	0.00687	0.00476	0.01048
69	0.02507	0.02939	0.02273	0.06179	0.02592	0.37945	0.01633	0.02768	0.02018	0.02111	0.01550	0.02083	0.01364	0.02246	0.15580	0.00514	0.11621	0.00688	0.00439	0.00948
70	0.02197	0.11085	0.21070	0.06741	0.22819	0.11993	0.06643	0.02802	0.01986	0.02585	0.01528	0.01911	0.01217	0.00809	0.00818	0.00254	0.01216	0.00687	0.00408	0.01231
71	0.07924	0.14479	0.07624	0.29593	0.04003	0.10561	0.02032	0.06240	0.01960	0.02559	0.01453	0.01918	0.01148	0.00887	0.00871	0.00263	0.04338	0.00658	0.00434	0.01056
72	0.03258	0.04157	0.02472	0.02247	0.02697	0.65843	0.01685	0.03483	0.02472	0.02135	0.01348	0.01573	0.01124	0.00899	0.00787	0.00225	0.01573	0.00562	0.00449	0.01011
73	0.01174	0.00962	0.01045	0.01011	0.01296	0.00870	0.00762	0.01620	0.06754	0.02770	0.23447	0.07483	0.43661	0.02013	0.01019	0.00289	0.00453	0.01703	0.00857	0.00810
74	0.01248	0.00929	0.01373	0.01373	0.01519	0.01075	0.01055	0.01539	0.01393	0.02004	0.02363	0.03571	0.02243	0.10516	0.61999	0.01367	0.02242	0.00956	0.00471	0.00763
75	0.23921	0.02315	0.01822	0.01692	0.02051	0.23123	0.01332	0.02558	0.01822	0.02667	0.01745	0.02551	0.01584	0.02283	0.15380	0.00524	0.06505	0.04707	0.00500	0.00921
76	0.01440	0.01220	0.01774	0.01662	0.01772	0.01554	0.01330	0.01716	0.01383	0.02047	0.01987	0.02982	0.01877	0.05071	0.47405	0.01103	0.21519	0.00884	0.00442	0.00830
77	0.02277	0.01675	0.01861	0.01645	0.02121	0.01848	0.01285	0.04143	0.45176	0.12147	0.12315	0.03693	0.03408	0.01257	0.00907	0.00289	0.00657	0.01058	0.00925	0.01313
78	0.02317	0.08559	0.03165	0.03919	0.39133	0.15938	0.02173	0.02731	0.02095	0.02628	0.04706	0.02462	0.04607	0.00916	0.00835	0.00247	0.01086	0.00790	0.00473	0.01221
79	0.02308	0.03086	0.13633	0.23767	0.08770	0.25344	0.02288	0.02810	0.02025	0.02331	0.01465	0.01930	0.01155	0.00901	0.00937	0.00266	0.04829	0.00674	0.00410	0.01073
80	0.01300	0.01041	0.01191	0.01249	0.01465	0.01041	0.00897	0.01985	0.15245	0.02578	0.05621	0.37828	0.20751	0.02246	0.01041	0.00325	0.00530	0.01974	0.00827	0.00866
81	0.01100	0.00778	0.01012	0.01173	0.01225	0.00733	0.00772	0.01245	0.01658	0.02221	0.07615	0.56979	0.05548	0.11682	0.01558	0.00416	0.00547	0.02269	0.00780	0.00690
82	0.02247	0.02355	0.03101	0.18677	0.30070	0.14330	0.06054	0.02890	0.06782	0.02628	0.01722	0.02183	0.01379	0.00852	0.00863	0.00265	0.01169	0.00768	0.00461	0.01202

[dist]
# distance from previous block
# <min> <max>
0	1

[block]
# block no. 2 follows, 20 sequences, length 40
# corresponding to MSA columns:
# 134-173
name=unknown_C
#
# <colnr> <probs for GDERKNQSTAVLIFYWHMCP>
#	G	D	E	R	K	N	Q	S	T	A	V	L	I	F	Y	W	H	M	C	P
0	0.02233	0.20329	0.02873	0.02370	0.15047	0.18706	0.01583	0.02541	0.02064	0.02409	0.09244	0.03053	0.07258	0.05557	0.01031	0.00274	0.01015	0.00851	0.00519	0.01042
1	0.16902	0.00989	0.01102	0.01204	0.01393	0.01004	0.00876	0.01575	0.01725	0.02705	0.08146	0.42867	0.07832	0.02210	0.00988	0.00331	0.00554	0.06058	0.00762	0.00775
2	0.17072	0.22521	0.06340	0.02256	0.10973	0.22691	0.01703	0.02896	0.01971	0.02597	0.01335	0.01588	0.01122	0.00816	0.00685	0.00230	0.01118	0.00551	0.00438	0.01096
3	0.01248	0.00870	0.01105	0.01118	0.01173	0.00918	0.00733	0.01361	0.01339	0.01837	0.02743	0.08991	0.03008	0.44190	0.24662	0.00999	0.01320	0.01235	0.00526	0.00623
4	0.06975	0.23765	0.24892	0.02310	0.03254	0.02547	0.14636	0.07005	0.02010	0.02829	0.01515	0.01805	0.01173	0.00798	0.00773	0.00251	0.01154	0.00671	0.00434	0.01205
5	0.01085	0.00793	0.01020	0.01159	0.01261	0.00729	0.00795	0.01283	0.01826	0.02431	0.14021	0.52498	0.12826	0.02531	0.01091	0.00335	0.00485	0.02271	0.00832	0.00729
6	0.02075	0.01247	0.01293	0.01131	0.01465	0.01316	0.00888	0.17712	0.02433	0.03849	0.02646	0.02944	0.02036	0.01024	0.00680	0.00219	0.00554	0.00806	0.54692	0.00991
7	0.03185	0.04018	0.02543	0.02454	0.06776	0.61593	0.01751	0.03429	0.02440	0.02182	0.01368	0.01612	0.01141	0.00891	0.00792	0.00227	0.01537	0.00576	0.00448	0.01036
8	0.01919	0.01820	0.02977	0.04405	0.50587	0.01789	0.02249	0.02374	0.01987	0.02745	0.03168	0.03483	0.14580	0.01081	0.00899	0.00267	0.00910	0.01003	0.00512	0.01245
9	0.01771	0.01067	0.01277	0.01143	0.01500	0.00957	0.00885	0.02199	0.05489	0.15994	0.25293	0.06352	0.29133	0.01775	0.00990	0.00283	0.00509	0.01504	0.00921	0.00958
10	0.01063	0.00759	0.01012	0.01215	0.01265	0.00709	0.00810	0.01215	0.01670	0.02227	0.04808	0.68775	0.05769	0.02733	0.01113	0.00354	0.00506	0.02480	0.00810	0.00709
11	0.02123	0.02224	0.10486	0.02736	0.18629	0.02026	0.01912	0.10494	0.24374	0.03404	0.03220	0.03233	0.09018	0.01132	0.00888	0.00279	0.00864	0.00961	0.00689	0.01307
12	0.01192	0.00850	0.00938	0.00951	0.01032	0.00808	0.00583	0.01260	0.01485	0.01903	0.04491	0.10670	0.19253	0.47165	0.03317	0.00667	0.00716	0.01501	0.00622	0.00595
13	0.02321	0.02194	0.02735	0.03462	0.31552	0.09685	0.01975	0.10278	0.11843	0.03121	0.02412	0.02815	0.04892	0.05589	0.01109	0.00303	0.00993	0.00873	0.00588	0.01259
14	0.01077	0.00885	0.00948	0.00932	0.01207	0.00756	0.00699	0.01341	0.02097	0.02615	0.21220	0.07969	0.51004	0.02113	0.01030	0.00290	0.00435	0.01781	0.00844	0.00756
15	0.01968	0.01568	0.01833	0.01341	0.02091	0.01238	0.01073	0.02491	0.05886	0.06848	0.01805	0.01979	0.01439	0.00710	0.00677	0.00149	0.00655	0.00571	0.00578	0.65102
16	0.01358	0.01085	0.01138	0.01053	0.01376	0.01005	0.00800	0.09032	0.02269	0.02835	0.12705	0.07266	0.47271	0.05480	0.01186	0.00317	0.00527	0.01650	0.00818	0.00831
17	0.02847	0.03173	0.02291	0.02051	0.02534	0.37366	0.01567	0.07755	0.25395	0.02936	0.02237	0.02249	0.01734	0.01017	0.00831	0.00254	0.01196	0.00738	0.00645	0.01184
18	0.02305	0.02689	0.06056	0.02962	0.17748	0.22909	0.04412	0.02674	0.01937	0.02350	0.01572	0.02117	0.01366	0.01861	0.11508	0.00453	0.12839	0.00733	0.00432	0.01078
19	0.02234	0.28803	0.24037	0.02033	0.02830	0.09407	0.02151	0.05808	0.01937	0.02487	0.01383	0.01668	0.01138	0.00907	0.00988	0.00250	0.09779	0.00591	0.00407	0.01163
20	0.01112	0.00851	0.01034	0.01158	0.01330	0.00772	0.00861	0.01336	0.01853	0.02346	0.06319	0.34996	0.27796	0.02474	0.01098	0.00340	0.00535	0.12246	0.00809	0.00736
21	0.01626	0.00813	0.00813	0.00813	0.01016	0.00813	0.00610	0.02033	0.01829	0.03252	0.02846	0.03252	0.02236	0.01016	0.00610	0.00203	0.00407	0.00813	0.74187	0.00813
22	0.02079	0.04077	0.51742	0.02385	0.03550	0.02169	0.02894	0.15009	0.02317	0.03338	0.01677	0.01895	0.01185	0.00875	0.00838	0.00273	0.01220	0.00674	0.00474	0.01330
23	0.01263	0.00869	0.01070	0.01070	0.01111	0.00910	0.00677	0.01345	0.01304	0.01779	0.02640	0.05107	0.02910	0.52800	0.20628	0.00992	0.01238	0.01181	0.00512	0.00594
24	0.02179	0.11859	0.19015	0.01999	0.02690	0.15940	0.01946	0.02760	0.04995	0.02470	0.01556	0.01880	0.01279	0.01195	0.04234	0.00300	0.09836	0.00630	0.00443	0.12794
25	0.02875	0.02324	0.06933	0.01896	0.02571	0.02333	0.01632	0.38399	0.14778	0.08635	0.02853	0.02758	0.05702	0.01134	0.00883	0.00272	0.00885	0.00887	0.00848	0.01402
26	0.01260	0.00879	0.01123	0.01123	0.01182	0.00939	0.00742	0.01378	0.01319	0.01818	0.02592	0.04841	0.02795	0.45468	0.27801	0.01057	0.01412	0.01142	0.00505	0.00624
27	0.02791	0.03143	0.02385	0.02111	0.02486	0.38600	0.01640	0.11049	0.02381	0.02585	0.01548	0.01939	0.01314	0.01751	0.09565	0.00407	0.12092	0.00673	0.00500	0.01038
28	0.03009	0.03619	0.02552	0.10427	0.06128	0.50623	0.01824	0.07082	0.02465	0.02404	0.01437	0.01729	0.01165	0.00899	0.00807	0.00237	0.01455	0.00614	0.00469	0.01055
29	0.01246	0.00935	0.01402	0.01402	0.01558	0.01090	0.01090	0.01558	0.01402	0.02025	0.02336	0.03427	0.02181	0.06542	0.65888	0.01402	0.02336	0.00935	0.00467	0.00779
30	0.01185	0.00934	0.00976	0.00964	0.01171	0.00865	0.00663	0.01474	0.05611	0.02213	0.06428	0.07152	0.39124	0.24963	0.02180	0.00482	0.00595	0.01592	0.00719	0.00707
31	0.01074	0.00764	0.01009	0.01201	0.01248	0.00716	0.00795	0.01217	0.01649	0.02198	0.04698	0.65404	0.05630	0.06293	0.01291	0.00381	0.00524	0.02415	0.00795	0.00699
32	0.01539	0.01316	0.02064	0.02516	0.18037	0.01477	0.01571	0.01887	0.01561	0.02257	0.02149	0.05704	0.02027	0.04407	0.40302	0.00964	0.07865	0.00943	0.00465	0.00951
33	0.01101	0.00877	0.00988	0.00980	0.01226	0.00763	0.00727	0.01381	0.02126	0.02729	0.26799	0.12220	0.40790	0.02105	0.01036	0.00292	0.00436	0.01800	0.00860	0.00763
34	0.02942	0.08148	0.10388	0.02435	0.06839	0.49863	0.01929	0.03287	0.02318	0.02255	0.01386	0.01634	0.01138	0.00873	0.00783	0.00231	0.01463	0.00580	0.00433	0.01077
35	0.01246	0.00935	0.01402	0.01402	0.01558	0.01090	0.01090	0.01558	0.01402	0.02025	0.02336	0.03427	0.02181	0.06542	0.65888	0.01402	0.02336	0.00935	0.00467	0.00779
36	0.01074	0.00768	0.01023	0.01207	0.01268	0.00716	0.00811	0.01244	0.01724	0.02312	0.08763	0.64576	0.05935	0.02669	0.01108	0.00349	0.00500	0.02419	0.00820	0.00716
37	0.02212	0.02067	0.03415	0.08954	0.55792	0.02111	0.02586	0.06950	0.02127	0.03006	0.01669	0.02164	0.01376	0.00803	0.00865	0.00261	0.01038	0.00778	0.00462	0.01364
38	0.02114	0.20890	0.02809	0.07875	0.11386	0.13924	0.01571	0.04735	0.02081	0.02418	0.03374	0.03495	0.17624	0.01188	0.00810	0.00245	0.00959	0.00932	0.00532	0.01038
39	0.01329	0.01467	0.09665	0.01433	0.01844	0.01067	0.05527	0.01812	0.02281	0.03168	0.42132	0.05904	0.15654	0.01650	0.01003	0.00279	0.00608	0.01458	0.00821	0.00896

[dist]
# distance from previous block
# <min> <max>
3	4

[block]
# block no. 3 follows, 20 sequences, length 69
# corresponding to MSA columns:
# 178-246
name=unknown_D
#
# <colnr> <probs for GDERKNQSTAVLIFYWHMCP>
#	G	D	E	R	K	N	Q	S	T	A	V	L	I	F	Y	W	H	M	C	P
0	0.01529	0.02118	0.19479	0.02250	0.09915	0.01462	0.01930	0.02024	0.01803	0.02525	0.03180	0.24110	0.03398	0.01794	0.01157	0.00333	0.06073	0.13321	0.00604	0.00994
1	0.01041	0.00843	0.00926	0.00992	0.01207	0.00727	0.00711	0.01240	0.01884	0.02314	0.07522	0.28089	0.44704	0.02380	0.01058	0.00314	0.00463	0.02049	0.00810	0.00727
2	0.01816	0.02331	0.14040	0.03254	0.18966	0.01879	0.19792	0.02404	0.01939	0.02669	0.03067	0.03389	0.13698	0.01110	0.01076	0.00288	0.05600	0.01041	0.00496	0.01146
3	0.02401	0.23946	0.06580	0.07689	0.06963	0.09544	0.01761	0.09794	0.17264	0.02959	0.01989	0.02117	0.01568	0.00924	0.00764	0.00245	0.00992	0.00700	0.00571	0.01228
4	0.02302	0.02026	0.14256	0.02514	0.15579	0.01482	0.01930	0.02818	0.02122	0.19880	0.06980	0.07209	0.02937	0.01358	0.00952	0.00300	0.00891	0.12530	0.00727	0.01207
5	0.01063	0.00759	0.01012	0.01215	0.01265	0.00709	0.00810	0.01215	0.01670	0.02227	0.04808	0.68775	0.05769	0.02733	0.01113	0.00354	0.00506	0.02480	0.00810	0.00709
6	0.01882	0.03058	0.29669	0.03508	0.22664	0.01971	0.13367	0.02621	0.01914	0.02754	0.01877	0.07229	0.01594	0.00943	0.00898	0.00280	0.01182	0.00899	0.00436	0.01253
7	0.01801	0.01939	0.06760	0.03363	0.32391	0.04484	0.01970	0.02220	0.01948	0.02597	0.03873	0.04076	0.21106	0.01300	0.01066	0.00280	0.06065	0.01096	0.00545	0.01121
8	0.51270	0.01840	0.01626	0.05914	0.02181	0.06124	0.01179	0.05251	0.01835	0.13357	0.01636	0.01764	0.01186	0.00872	0.00646	0.00268	0.00791	0.00576	0.00622	0.01058
9	0.06964	0.01862	0.02669	0.12853	0.33625	0.06209	0.02055	0.02439	0.02055	0.02922	0.14849	0.03027	0.02773	0.01018	0.00873	0.00265	0.00933	0.00913	0.00547	0.01147
10	0.01268	0.00846	0.00951	0.00951	0.00951	0.00846	0.00529	0.01268	0.01268	0.01691	0.02748	0.05708	0.03171	0.69345	0.04440	0.00846	0.00846	0.01268	0.00529	0.00529
11	0.01081	0.00844	0.00961	0.01014	0.01204	0.00746	0.00717	0.01289	0.01899	0.02407	0.13693	0.26263	0.35277	0.06983	0.01293	0.00349	0.00486	0.01963	0.00808	0.00724
12	0.01199	0.00817	0.00972	0.01040	0.01057	0.00800	0.00623	0.01250	0.01403	0.01871	0.03440	0.26876	0.04043	0.46987	0.03323	0.00681	0.00732	0.01675	0.00623	0.00589
13	0.01119	0.00852	0.01029	0.01058	0.01251	0.00762	0.00766	0.01394	0.02087	0.02763	0.28897	0.24394	0.26089	0.02189	0.01053	0.00303	0.00448	0.01916	0.00868	0.00762
14	0.02125	0.02029	0.03408	0.09305	0.57267	0.02068	0.02601	0.02736	0.04701	0.02845	0.01721	0.02220	0.01425	0.00802	0.00865	0.00263	0.01029	0.00787	0.00449	0.01354
15	0.01062	0.00815	0.00974	0.01081	0.01235	0.00727	0.00755	0.01258	0.01845	0.02362	0.10302	0.41599	0.27916	0.02469	0.01076	0.00326	0.00475	0.02176	0.00820	0.00727
16	0.01822	0.02122	0.13331	0.01783	0.06554	0.01380	0.01541	0.02331	0.01827	0.02828	0.01559	0.01838	0.01264	0.00688	0.00694	0.00165	0.00789	0.00558	0.00484	0.56442
17	0.02150	0.30681	0.14662	0.07207	0.13202	0.04933	0.10590	0.02679	0.01884	0.02427	0.01451	0.01808	0.01192	0.00778	0.00753	0.00238	0.01128	0.00654	0.00395	0.01185
18	0.15068	0.12036	0.02157	0.01541	0.02041	0.11053	0.01249	0.11320	0.11800	0.03211	0.03226	0.07451	0.11966	0.01265	0.00801	0.00264	0.00834	0.00970	0.00669	0.01078
19	0.01259	0.00881	0.01133	0.01133	0.01196	0.00944	0.00755	0.01385	0.01322	0.01826	0.02582	0.04789	0.02772	0.44041	0.29198	0.01070	0.01446	0.01134	0.00504	0.00629
20	0.02317	0.31487	0.02988	0.01594	0.02128	0.22943	0.01355	0.02572	0.02072	0.02202	0.05443	0.03115	0.14317	0.01141	0.00750	0.00225	0.01016	0.00828	0.00513	0.00993
21	0.01072	0.00763	0.01010	0.01203	0.01252	0.00714	0.00798	0.01217	0.01653	0.02204	0.04720	0.66091	0.05659	0.05568	0.01255	0.00375	0.00521	0.02428	0.00798	0.00701
22	0.03126	0.08375	0.02708	0.02377	0.06839	0.49511	0.01736	0.10333	0.02588	0.02585	0.01449	0.01664	0.01184	0.00898	0.00786	0.00229	0.01418	0.00597	0.00494	0.01101
23	0.02000	0.01991	0.06785	0.03039	0.24362	0.01944	0.01903	0.03379	0.28969	0.03125	0.02883	0.10870	0.02479	0.01205	0.00903	0.00289	0.00833	0.01072	0.00678	0.01292
24	0.07689	0.19000	0.02841	0.01759	0.02404	0.02697	0.01494	0.27514	0.18825	0.04042	0.02202	0.02184	0.01670	0.00992	0.00776	0.00253	0.00862	0.00738	0.00730	0.01329
25	0.01326	0.01182	0.01323	0.01231	0.01457	0.03725	0.00954	0.01604	0.02059	0.02673	0.24837	0.06484	0.33348	0.01911	0.01311	0.00299	0.11158	0.01533	0.00776	0.00810
26	0.03750	0.01490	0.02008	0.01532	0.02214	0.01273	0.01263	0.04092	0.02443	0.59722	0.03295	0.02879	0.02092	0.01046	0.00859	0.00259	0.00735	0.00849	0.01036	0.07165
27	0.03151	0.06158	0.04909	0.02187	0.05870	0.32315	0.01682	0.10102	0.07224	0.15010	0.02035	0.02072	0.01501	0.00957	0.00817	0.00245	0.01202	0.00693	0.00648	0.01222
28	0.01268	0.00846	0.00951	0.00951	0.00951	0.00846	0.00529	0.01268	0.01268	0.01691	0.02748	0.05708	0.03171	0.69345	0.04440	0.00846	0.00846	0.01268	0.00529	0.00529
29	0.02706	0.02491	0.02191	0.04910	0.02574	0.21656	0.01583	0.16339	0.11569	0.07474	0.02658	0.03745	0.02295	0.01292	0.00916	0.00286	0.01072	0.12359	0.00722	0.01161
30	0.22684	0.16276	0.22991	0.02471	0.14607	0.02300	0.02131	0.02660	0.01756	0.02962	0.01411	0.01696	0.01117	0.00797	0.00701	0.00253	0.00996	0.00586	0.00430	0.01176
31	0.02705	0.43447	0.03727	0.01796	0.02423	0.28538	0.01570	0.02962	0.02054	0.02085	0.01267	0.01469	0.01121	0.00808	0.00651	0.00202	0.01190	0.00505	0.00404	0.01076
32	0.02021	0.21403	0.31389	0.03025	0.20268	0.02422	0.02604	0.02698	0.01864	0.02596	0.01492	0.01812	0.01187	0.00792	0.00766	0.00247	0.01122	0.00634	0.00387	0.01270
33	0.01248	0.00929	0.01372	0.01372	0.01517	0.01074	0.01053	0.01538	0.01393	0.02003	0.02364	0.03578	0.02247	0.10715	0.61805	0.01365	0.02237	0.00957	0.00471	0.00762
34	0.01907	0.01456	0.01490	0.01312	0.01632	0.04903	0.00974	0.15795	0.02291	0.05511	0.04358	0.05154	0.20817	0.21657	0.06473	0.00519	0.00890	0.01247	0.00711	0.00904
35	0.01190	0.01130	0.05295	0.01172	0.01472	0.00879	0.00984	0.01539	0.02106	0.02765	0.24870	0.12886	0.29820	0.02052	0.01045	0.00305	0.00537	0.08321	0.00828	0.00806
36	0.02105	0.02267	0.14684	0.02459	0.14704	0.01841	0.01836	0.18640	0.02352	0.03246	0.02249	0.07590	0.02105	0.18042	0.01765	0.00416	0.00981	0.00993	0.00593	0.01133
37	0.02586	0.02318	0.03111	0.03950	0.38119	0.06618	0.02236	0.20562	0.05599	0.03645	0.01852	0.02153	0.01457	0.00887	0.00862	0.00259	0.01033	0.00775	0.00589	0.01387
38	0.75506	0.01687	0.01282	0.01147	0.01687	0.01957	0.00945	0.02564	0.01484	0.03914	0.01215	0.01417	0.00945	0.00810	0.00540	0.00270	0.00675	0.00472	0.00540	0.00945
39	0.01661	0.01829	0.09657	0.01759	0.06309	0.01573	0.01419	0.02910	0.26348	0.02965	0.05274	0.05049	0.26671	0.01519	0.00936	0.00290	0.00692	0.01269	0.00759	0.01112
40	0.01083	0.00788	0.01026	0.01209	0.01293	0.00731	0.00836	0.01258	0.01723	0.02265	0.05181	0.59001	0.11262	0.02661	0.01112	0.00352	0.00520	0.06172	0.00809	0.00718
41	0.01851	0.03906	0.49592	0.03199	0.18721	0.02037	0.03087	0.02741	0.01878	0.02784	0.01584	0.01920	0.01174	0.00816	0.00837	0.00272	0.01226	0.00678	0.00384	0.01312
42	0.03258	0.04157	0.02472	0.02247	0.02697	0.65843	0.01685	0.03483	0.02472	0.02135	0.01348	0.01573	0.01124	0.00899	0.00787	0.00225	0.01573	0.00562	0.00449	0.01011
43	0.02681	0.45290	0.03799	0.01757	0.02410	0.22413	0.01562	0.06822	0.02143	0.02310	0.01314	0.01499	0.01145	0.00813	0.00650	0.00203	0.01130	0.00517	0.00430	0.01111
44	0.01414	0.01030	0.01279	0.01282	0.01446	0.01068	0.00917	0.08550	0.01853	0.02488	0.03831	0.29052	0.08409	0.15392	0.17144	0.00677	0.01054	0.01638	0.00685	0.00789
45	0.01031	0.00884	0.00884	0.00884	0.01178	0.00736	0.00663	0.01252	0.01988	0.02356	0.08837	0.08395	0.63549	0.02209	0.01031	0.00295	0.00442	0.01841	0.00810	0.00736
46	0.02185	0.01965	0.03113	0.04412	0.48501	0.01995	0.02306	0.09935	0.02196	0.03083	0.01972	0.06842	0.01787	0.04616	0.01073	0.00297	0.00981	0.00920	0.00519	0.01303
47	0.01077	0.00878	0.00909	0.00905	0.01152	0.00757	0.00652	0.01275	0.01908	0.02320	0.10865	0.07899	0.51705	0.12062	0.01532	0.00375	0.00500	0.01743	0.00777	0.00710
48	0.02377	0.66671	0.04469	0.01529	0.02261	0.06488	0.01502	0.02654	0.01806	0.02056	0.01219	0.01408	0.01120	0.00754	0.00571	0.00188	0.00964	0.00471	0.00377	0.01114
49	0.01091	0.00879	0.00929	0.00920	0.01160	0.00763	0.00663	0.01303	0.01942	0.02400	0.14697	0.07767	0.47823	0.12033	0.01532	0.00373	0.00497	0.01724	0.00787	0.00717
50	0.02938	0.02255	0.02405	0.01930	0.02561	0.02528	0.01566	0.42401	0.23311	0.04888	0.02575	0.02477	0.01872	0.01092	0.00878	0.00273	0.00871	0.00852	0.00878	0.01450
51	0.02560	0.27962	0.03450	0.02544	0.14685	0.19939	0.01799	0.05450	0.06212	0.02491	0.01529	0.01777	0.01295	0.00872	0.00822	0.00231	0.04136	0.00617	0.00462	0.01168
52	0.01588	0.00976	0.01107	0.01023	0.01305	0.00860	0.00742	0.01782	0.01917	0.12775	0.08880	0.06722	0.35635	0.18686	0.01852	0.00426	0.00592	0.01523	0.00793	0.00815
53	0.01052	0.00890	0.00913	0.00924	0.01213	0.00751	0.00704	0.01283	0.01989	0.02371	0.08602	0.08475	0.60298	0.02220	0.01041	0.00300	0.00462	0.04962	0.00810	0.00740
54	0.01857	0.01799	0.02514	0.04992	0.05843	0.06050	0.11661	0.06247	0.06048	0.02662	0.03259	0.16475	0.10203	0.01556	0.01360	0.00315	0.14245	0.01299	0.00608	0.01007
55	0.02208	0.02299	0.02488	0.10535	0.17995	0.19142	0.01871	0.04760	0.04642	0.02485	0.01799	0.02361	0.01529	0.02269	0.16606	0.00536	0.04162	0.00765	0.00474	0.01073
56	0.02123	0.02213	0.03024	0.02867	0.12971	0.12969	0.15236	0.05118	0.01941	0.02512	0.01749	0.02457	0.01525	0.04804	0.14294	0.00531	0.11298	0.00847	0.00461	0.01058
57	0.01140	0.00882	0.01039	0.01011	0.01248	0.00781	0.00754	0.01459	0.02229	0.02956	0.37618	0.10043	0.31683	0.02006	0.01033	0.00286	0.00429	0.01729	0.00890	0.00781
58	0.01626	0.00813	0.00813	0.00813	0.01016	0.00813	0.00610	0.02033	0.01829	0.03252	0.02846	0.03252	0.02236	0.01016	0.00610	0.00203	0.00407	0.00813	0.74187	0.00813
59	0.02231	0.02140	0.03023	0.02777	0.15062	0.06779	0.14309	0.09796	0.02233	0.03107	0.01666	0.02012	0.01327	0.00761	0.00811	0.00214	0.01012	0.00716	0.00522	0.29504
60	0.02333	0.02670	0.11147	0.04344	0.43918	0.10006	0.02545	0.07313	0.02192	0.02956	0.01630	0.02041	0.01322	0.00820	0.00850	0.00257	0.01129	0.00734	0.00460	0.01332
61	0.02359	0.02750	0.15489	0.01926	0.02503	0.17613	0.01770	0.11119	0.02214	0.07026	0.01912	0.02348	0.01540	0.02499	0.17588	0.05488	0.01505	0.00742	0.00537	0.01071
62	0.02242	0.06299	0.06165	0.01700	0.02160	0.24196	0.01401	0.09322	0.02288	0.02593	0.03479	0.03730	0.16891	0.04797	0.08562	0.00411	0.01223	0.00980	0.00585	0.00976
63	0.02072	0.07141	0.02426	0.02209	0.09753	0.06458	0.01576	0.09812	0.06104	0.02811	0.02222	0.12982	0.02152	0.01696	0.05608	0.00360	0.15322	0.01015	0.00576	0.07703
64	0.02119	0.02335	0.10401	0.02891	0.18794	0.07405	0.06518	0.09930	0.02148	0.02945	0.01801	0.02286	0.01482	0.01959	0.13808	0.00473	0.01350	0.00762	0.00500	0.10092
65	0.01956	0.02209	0.10462	0.04296	0.43857	0.01907	0.06402	0.02510	0.01936	0.02743	0.02245	0.02703	0.06223	0.01275	0.05204	0.00342	0.01135	0.00872	0.00457	0.01267
66	0.02495	0.12373	0.09264	0.07828	0.19324	0.02192	0.02017	0.14383	0.02389	0.11417	0.02109	0.06663	0.01721	0.01013	0.00836	0.00261	0.00965	0.00848	0.00614	0.01289
67	0.07595	0.20835	0.07395	0.02139	0.07317	0.13993	0.01748	0.20407	0.05022	0.03401	0.01653	0.01804	0.01299	0.00894	0.00748	0.00238	0.01061	0.00637	0.00573	0.01241
68	0.02347	0.30750	0.08176	0.02134	0.07732	0.17308	0.04283	0.02710	0.01967	0.02300	0.01608	0.06295	0.01487	0.00921	0.00725	0.00220	0.01089	0.00697	0.00440	0.06812

[dist]
# distance from previous block
# <min> <max>
2	15

[block]
# block no. 4 follows, 20 sequences, length 43
# corresponding to MSA columns:
# 262-304
name=unknown_E
#
# <colnr> <probs for GDERKNQSTAVLIFYWHMCP>
#	G	D	E	R	K	N	Q	S	T	A	V	L	I	F	Y	W	H	M	C	P
0	0.05514	0.02734	0.19039	0.02937	0.15238	0.07074	0.12993	0.02896	0.02069	0.10712	0.05798	0.02401	0.01795	0.00892	0.00868	0.00265	0.01116	0.00812	0.00543	0.04306
1	0.02318	0.02768	0.07632	0.03020	0.22121	0.24111	0.01950	0.02803	0.04595	0.02515	0.02285	0.04901	0.05997	0.01380	0.05026	0.00325	0.01238	0.00839	0.00498	0.03677
2	0.02191	0.02288	0.05321	0.02142	0.07127	0.13849	0.08674	0.14042	0.02497	0.03075	0.03989	0.04026	0.21247	0.01305	0.00913	0.00264	0.00980	0.01092	0.00646	0.04333
3	0.06517	0.03548	0.02407	0.02229	0.04876	0.48527	0.01647	0.10444	0.02543	0.02657	0.01507	0.01768	0.01236	0.01261	0.04855	0.00306	0.01482	0.00617	0.00507	0.01066
4	0.02431	0.21629	0.07796	0.05335	0.07807	0.21987	0.04782	0.02822	0.02030	0.02368	0.01414	0.01706	0.01181	0.00792	0.00727	0.00212	0.01158	0.00586	0.00428	0.12809
5	0.02811	0.06743	0.05724	0.02538	0.09380	0.34837	0.01890	0.10127	0.02371	0.02645	0.01443	0.01758	0.01198	0.00992	0.01126	0.00258	0.11913	0.00644	0.00481	0.01119
6	0.05634	0.02069	0.14766	0.01876	0.06002	0.01604	0.01628	0.14415	0.02387	0.03403	0.15521	0.11096	0.03649	0.06987	0.01219	0.00335	0.00832	0.04813	0.00703	0.01061
7	0.14104	0.28104	0.05977	0.01973	0.08982	0.07285	0.01554	0.02467	0.01711	0.02459	0.01489	0.02038	0.01360	0.06376	0.06392	0.00376	0.05249	0.00634	0.00432	0.01038
8	0.02693	0.03147	0.02090	0.01888	0.02323	0.42518	0.01430	0.07702	0.05324	0.02532	0.03258	0.03284	0.15771	0.01230	0.00855	0.00247	0.01218	0.00898	0.00589	0.01003
9	0.01590	0.11766	0.09420	0.02048	0.06248	0.01651	0.09964	0.02013	0.01773	0.02418	0.06412	0.19765	0.03034	0.02570	0.14793	0.00525	0.01213	0.01276	0.00556	0.00966
10	0.02097	0.19597	0.02771	0.02307	0.14907	0.15147	0.01542	0.02426	0.02099	0.02523	0.12888	0.06229	0.09664	0.01213	0.00827	0.00244	0.00924	0.00984	0.00569	0.01040
11	0.01847	0.01908	0.10823	0.01794	0.05892	0.01592	0.01492	0.17043	0.02476	0.03303	0.08282	0.12881	0.21148	0.01635	0.01034	0.00291	0.03415	0.01353	0.00732	0.01060
12	0.17645	0.09895	0.19948	0.02897	0.22191	0.02082	0.02179	0.02585	0.01855	0.03019	0.06535	0.02187	0.01743	0.00877	0.00765	0.00260	0.00967	0.00707	0.00474	0.01189
13	0.02240	0.02227	0.03461	0.05124	0.59373	0.06793	0.02604	0.02737	0.02022	0.02797	0.01619	0.02116	0.01363	0.00786	0.00858	0.00257	0.01076	0.00761	0.00433	0.01354
14	0.02245	0.02855	0.17834	0.02081	0.02655	0.11365	0.01980	0.14920	0.02304	0.03029	0.02527	0.02765	0.09685	0.01253	0.01384	0.00295	0.18287	0.00856	0.00551	0.01129
15	0.01353	0.00936	0.01097	0.01029	0.01317	0.00818	0.00781	0.01664	0.02234	0.07921	0.31528	0.07155	0.35096	0.01936	0.01017	0.00284	0.00454	0.01651	0.00896	0.00834
16	0.02042	0.02752	0.19955	0.12368	0.19172	0.06011	0.02396	0.03191	0.17505	0.02898	0.02081	0.02341	0.01588	0.00918	0.00857	0.00276	0.01069	0.00781	0.00526	0.01273
17	0.01249	0.00849	0.01013	0.01070	0.01102	0.00840	0.00676	0.01320	0.01421	0.01886	0.03310	0.16887	0.03822	0.50442	0.03508	0.00712	0.00783	0.07912	0.00607	0.00590
18	0.01978	0.01065	0.01351	0.01180	0.01546	0.00938	0.00920	0.02321	0.02359	0.21285	0.32290	0.05926	0.19991	0.01679	0.00984	0.00278	0.00517	0.01435	0.00959	0.00998
19	0.01111	0.00803	0.00991	0.01105	0.01190	0.00748	0.00731	0.01258	0.01682	0.02213	0.08591	0.43177	0.13717	0.16369	0.01784	0.00442	0.00561	0.02081	0.00761	0.00682
20	0.01176	0.00862	0.01072	0.01195	0.01328	0.00811	0.00878	0.01379	0.01755	0.02260	0.05289	0.30311	0.17719	0.13815	0.01681	0.00436	0.00623	0.15941	0.00761	0.00708
21	0.02170	0.01874	0.01972	0.01775	0.02268	0.02170	0.01381	0.04635	0.62327	0.03649	0.03550	0.03254	0.02663	0.01183	0.00888	0.00296	0.00690	0.00986	0.00888	0.01381
22	0.03316	0.02443	0.02618	0.02007	0.02705	0.02705	0.01658	0.60995	0.04101	0.05497	0.02094	0.02094	0.01483	0.01047	0.00873	0.00262	0.00960	0.00785	0.00873	0.01483
23	0.01908	0.01908	0.02672	0.02290	0.02290	0.02672	0.01908	0.02099	0.01336	0.02099	0.01145	0.01908	0.01145	0.01527	0.02863	0.00382	0.67748	0.00763	0.00382	0.00954
