[name]
unknown

[dist]
# distance from previous block
# <min> <max>
0	27

[block]
# block no. 0 follows, 22 sequences, length 17
# corresponding to MSA columns:
# 27-43
name=unknown_A
#
# <colnr> <probs for GDERKNQSTAVLIFYWHMCP>
#	G	D	E	R	K	N	Q	S	T	A	V	L	I	F	Y	W	H	M	C	P
0	0.01339	0.00956	0.01339	0.01530	0.01721	0.00956	0.01339	0.01721	0.01912	0.02486	0.04399	0.09371	0.04781	0.02295	0.01147	0.00382	0.00765	0.60031	0.00765	0.00765
1	0.02020	0.02027	0.03020	0.23053	0.42251	0.08394	0.02387	0.02503	0.01871	0.02478	0.01511	0.02047	0.01232	0.00777	0.00818	0.00252	0.01072	0.00719	0.00401	0.01169
2	0.01031	0.00811	0.00878	0.00916	0.01097	0.00716	0.00634	0.01188	0.01703	0.02099	0.06552	0.19809	0.41600	0.15303	0.01616	0.00392	0.00506	0.01770	0.00720	0.00658
3	0.01982	0.01712	0.12386	0.01510	0.01994	0.01305	0.01356	0.02767	0.14158	0.17240	0.12603	0.17530	0.03625	0.04667	0.01056	0.00306	0.00694	0.01258	0.00783	0.01070
4	0.09980	0.01809	0.02914	0.12138	0.48127	0.01881	0.02247	0.02409	0.01770	0.02685	0.01502	0.02024	0.01253	0.00867	0.00918	0.04229	0.00950	0.00708	0.00415	0.01174
5	0.02359	0.01434	0.01899	0.01986	0.12535	0.01402	0.01324	0.03147	0.15731	0.24486	0.12177	0.03925	0.11468	0.01240	0.00875	0.00265	0.00661	0.01059	0.00834	0.01192
6	0.01044	0.00758	0.00969	0.01124	0.01206	0.00705	0.00771	0.01201	0.01620	0.02122	0.04889	0.54107	0.12513	0.07494	0.01287	0.00367	0.00516	0.05884	0.00751	0.00671
7	0.01125	0.00788	0.00992	0.01043	0.01122	0.00750	0.00691	0.01302	0.01709	0.02341	0.22997	0.29796	0.05454	0.23727	0.02029	0.00460	0.00555	0.01730	0.00732	0.00655
8	0.02996	0.01911	0.02153	0.01725	0.02326	0.02046	0.01401	0.29130	0.21222	0.21824	0.02763	0.02554	0.01924	0.01044	0.00836	0.00261	0.00780	0.00829	0.00891	0.01384
9	0.01269	0.00833	0.01016	0.01077	0.01266	0.00738	0.00766	0.01454	0.01775	0.08481	0.05807	0.41602	0.26292	0.02271	0.01010	0.00309	0.00483	0.01996	0.00797	0.00757
10	0.15463	0.03363	0.02181	0.01936	0.02408	0.48458	0.01483	0.10506	0.02387	0.02712	0.01350	0.01534	0.01084	0.00859	0.00720	0.00226	0.01283	0.00547	0.00492	0.01008
11	0.01317	0.00841	0.01094	0.01094	0.01243	0.00922	0.00823	0.01617	0.01467	0.02312	0.02436	0.03419	0.02188	0.10728	0.37504	0.00877	0.01432	0.00880	0.27076	0.00730
12	0.01093	0.00783	0.00914	0.00984	0.01057	0.00738	0.00625	0.01186	0.01481	0.01919	0.04461	0.29414	0.16083	0.32680	0.02447	0.00533	0.00613	0.01732	0.00653	0.00604
13	0.03158	0.01819	0.02117	0.01678	0.02291	0.01888	0.01368	0.24917	0.16613	0.30735	0.02847	0.02593	0.01935	0.01039	0.00836	0.00260	0.00769	0.00828	0.00918	0.01392
14	0.02069	0.02075	0.01906	0.01634	0.02057	0.19304	0.01279	0.07363	0.01932	0.02459	0.01658	0.02140	0.01439	0.02409	0.20298	0.00529	0.06354	0.00658	0.00480	0.21956
15	0.02386	0.01257	0.01575	0.01332	0.01769	0.01199	0.01054	0.03102	0.13884	0.29312	0.24244	0.04344	0.08251	0.01341	0.00895	0.00265	0.00574	0.01138	0.00939	0.01139
16	0.19182	0.01803	0.02427	0.29124	0.07568	0.06037	0.06266	0.02315	0.01617	0.02544	0.01346	0.01895	0.01078	0.00908	0.01081	0.00281	0.12485	0.00675	0.00412	0.00956

[dist]
# distance from previous block
# <min> <max>
2	5

[block]
# block no. 1 follows, 22 sequences, length 18
# corresponding to MSA columns:
# 49-66
name=unknown_B
#
# <colnr> <probs for GDERKNQSTAVLIFYWHMCP>
#	G	D	E	R	K	N	Q	S	T	A	V	L	I	F	Y	W	H	M	C	P
0	0.01459	0.01294	0.01750	0.04228	0.11567	0.03581	0.03610	0.01749	0.01732	0.02365	0.03358	0.33135	0.07484	0.01651	0.00899	0.00264	0.00680	0.01488	0.00615	0.17089
1	0.02482	0.01786	0.01938	0.01557	0.02017	0.01940	0.01228	0.40924	0.03091	0.04211	0.08396	0.03141	0.02402	0.14389	0.01477	0.00353	0.00806	0.00912	0.05815	0.01134
2	0.01915	0.01194	0.01447	0.01368	0.01681	0.01192	0.01040	0.08315	0.11260	0.14892	0.04206	0.31815	0.08928	0.01865	0.00962	0.00303	0.00606	0.05182	0.00837	0.00991
3	0.02247	0.01637	0.01887	0.01806	0.08169	0.01776	0.01294	0.26264	0.09984	0.03825	0.02548	0.02738	0.03942	0.01437	0.06124	0.00326	0.00835	0.00822	0.21200	0.01139
4	0.02163	0.01977	0.02805	0.12964	0.34198	0.04976	0.02075	0.12228	0.02181	0.03005	0.01594	0.01992	0.01277	0.00781	0.00790	0.00231	0.00960	0.00694	0.00486	0.12623
5	0.01994	0.02067	0.02652	0.24979	0.27643	0.14306	0.02115	0.02419	0.01875	0.02332	0.01779	0.08731	0.01613	0.00976	0.00835	0.00259	0.01074	0.00860	0.00436	0.01057
6	0.01030	0.00738	0.00951	0.01114	0.01171	0.00689	0.00737	0.01164	0.01571	0.02078	0.04610	0.60224	0.08748	0.09302	0.01368	0.00380	0.00510	0.02212	0.00745	0.00659
7	0.01197	0.00801	0.00909	0.00921	0.00923	0.00798	0.00519	0.01205	0.01230	0.01640	0.02732	0.09206	0.03164	0.66838	0.04044	0.00778	0.00787	0.01275	0.00519	0.00513
8	0.01190	0.00808	0.00901	0.00901	0.00923	0.00797	0.00514	0.01207	0.01263	0.01662	0.03083	0.05642	0.08021	0.65286	0.03968	0.00763	0.00775	0.01252	0.00525	0.00519
9	0.01666	0.04297	0.66500	0.02368	0.03596	0.01929	0.03069	0.02631	0.01754	0.02631	0.01491	0.01754	0.01052	0.00789	0.00789	0.00263	0.01228	0.00614	0.00351	0.01228
10	0.02691	0.03293	0.02391	0.20042	0.03415	0.49848	0.01794	0.02996	0.02168	0.02057	0.01336	0.01691	0.01080	0.00849	0.00771	0.00231	0.01393	0.00590	0.00412	0.00952
11	0.28358	0.07952	0.02089	0.05591	0.02326	0.13052	0.01337	0.14404	0.11640	0.03452	0.01696	0.01814	0.01302	0.00881	0.00685	0.00247	0.00887	0.00612	0.00589	0.01087
12	0.01206	0.00805	0.00968	0.00994	0.01038	0.00821	0.00626	0.01301	0.01321	0.01846	0.02827	0.13561	0.03136	0.46372	0.13052	0.00774	0.00943	0.01279	0.06547	0.00584
13	0.01179	0.00874	0.00982	0.00991	0.01140	0.00824	0.00669	0.04089	0.01717	0.02205	0.08725	0.19577	0.25118	0.25758	0.02107	0.00470	0.00587	0.01629	0.00691	0.00666
14	0.02382	0.02218	0.02917	0.19514	0.18100	0.09907	0.08009	0.20773	0.02505	0.03243	0.01650	0.02029	0.01259	0.00850	0.00834	0.00254	0.01096	0.00741	0.00531	0.01186
15	0.01926	0.01782	0.02871	0.30624	0.33592	0.01964	0.02318	0.06181	0.05642	0.02673	0.01663	0.02179	0.01310	0.00816	0.00828	0.00261	0.01012	0.00752	0.00446	0.01162
16	0.06993	0.15682	0.02789	0.18844	0.07478	0.21106	0.01763	0.11188	0.02184	0.02644	0.01419	0.01745	0.01133	0.00829	0.00730	0.00233	0.01114	0.00608	0.00461	0.01056
17	0.01892	0.02132	0.01517	0.01460	0.01754	0.28805	0.01077	0.02102	0.02056	0.02195	0.08002	0.17041	0.23483	0.01650	0.00899	0.00262	0.00884	0.01342	0.00635	0.00811

[dist]
# distance from previous block
# <min> <max>
3	7

[block]
# block no. 2 follows, 22 sequences, length 103
# corresponding to MSA columns:
# 74-176
name=unknown_C
#
# <colnr> <probs for GDERKNQSTAVLIFYWHMCP>
#	G	D	E	R	K	N	Q	S	T	A	V	L	I	F	Y	W	H	M	C	P
0	0.07928	0.09090	0.02395	0.11068	0.20358	0.05772	0.01625	0.02391	0.01887	0.09715	0.03199	0.03336	0.15720	0.01099	0.00801	0.00251	0.00837	0.00912	0.00560	0.01056
1	0.02608	0.15294	0.02938	0.05735	0.15171	0.32814	0.01802	0.06585	0.02156	0.02356	0.01361	0.01659	0.01142	0.00842	0.00826	0.00226	0.04388	0.00591	0.00431	0.01075
2	0.11754	0.35111	0.07471	0.02659	0.23250	0.02583	0.01831	0.02511	0.01724	0.02478	0.01311	0.01601	0.01127	0.00733	0.00643	0.00216	0.00910	0.00554	0.00394	0.01138
3	0.01748	0.01622	0.02726	0.22681	0.36031	0.01757	0.02188	0.02221	0.01718	0.02392	0.01666	0.02335	0.01403	0.01826	0.13694	0.00465	0.01261	0.00769	0.00406	0.01092
4	0.02121	0.02097	0.03309	0.04916	0.61717	0.06030	0.02491	0.02597	0.01920	0.02672	0.01545	0.02022	0.01301	0.00747	0.00818	0.00245	0.01019	0.00727	0.00412	0.01294
5	0.01187	0.00890	0.01335	0.01335	0.01483	0.01038	0.01038	0.01483	0.01335	0.01928	0.02225	0.03264	0.02077	0.06231	0.67512	0.01335	0.02225	0.00890	0.00445	0.00742
6	0.01202	0.00831	0.01038	0.01038	0.01083	0.00877	0.00668	0.01293	0.01247	0.01708	0.02497	0.04769	0.02730	0.50964	0.23672	0.00968	0.01242	0.01110	0.00485	0.00577
7	0.01190	0.01075	0.01270	0.01184	0.01391	0.01155	0.00933	0.01398	0.01718	0.02170	0.06368	0.06293	0.46887	0.02158	0.04747	0.00353	0.16832	0.01467	0.00658	0.00753
8	0.01103	0.00820	0.01028	0.01031	0.01211	0.00744	0.00752	0.01407	0.02099	0.02862	0.41236	0.20588	0.18110	0.01973	0.00998	0.00282	0.00417	0.01738	0.00856	0.00744
9	0.02373	0.15948	0.03109	0.11640	0.24679	0.23972	0.01987	0.02737	0.01976	0.02265	0.01380	0.01752	0.01159	0.00785	0.00743	0.00226	0.01153	0.00615	0.00401	0.01100
10	0.06900	0.02099	0.07271	0.04663	0.57476	0.01964	0.02475	0.02548	0.01852	0.02775	0.01532	0.01991	0.01272	0.00745	0.00800	0.00248	0.00980	0.00713	0.00414	0.01283
11	0.02138	0.02350	0.06712	0.03493	0.35608	0.13322	0.02045	0.02582	0.01925	0.02587	0.01489	0.01860	0.01236	0.00734	0.00758	0.00213	0.01004	0.00638	0.00430	0.18876
12	0.02087	0.62204	0.03963	0.01410	0.02048	0.02997	0.01372	0.02358	0.01642	0.01951	0.01293	0.01582	0.01197	0.01424	0.09189	0.00327	0.01061	0.00502	0.00367	0.01024
13	0.01075	0.00820	0.00963	0.01049	0.01211	0.00747	0.00765	0.01266	0.01719	0.02164	0.05921	0.26077	0.30367	0.11158	0.01450	0.00381	0.00542	0.10910	0.00736	0.00678
14	0.01750	0.01186	0.00978	0.00951	0.01175	0.09394	0.00713	0.02114	0.01821	0.02960	0.02526	0.02891	0.01992	0.00953	0.00602	0.00196	0.00531	0.00743	0.65725	0.00799
15	0.02509	0.01774	0.01957	0.01674	0.02199	0.01960	0.01326	0.10907	0.45444	0.15777	0.03205	0.02923	0.02317	0.01093	0.00842	0.00273	0.00696	0.00898	0.00879	0.01345
16	0.03103	0.03959	0.02354	0.02140	0.02568	0.67469	0.01605	0.03317	0.02354	0.02033	0.01284	0.01498	0.01070	0.00856	0.00749	0.00214	0.01498	0.00535	0.00428	0.00963
17	0.01377	0.01060	0.01284	0.01191	0.01448	0.01073	0.00904	0.02209	0.16277	0.03364	0.51251	0.05505	0.06643	0.01570	0.00949	0.00266	0.00452	0.01375	0.00899	0.00904
18	0.00982	0.00842	0.00842	0.00842	0.01122	0.00701	0.00631	0.01192	0.01894	0.02244	0.08416	0.07995	0.65285	0.02104	0.00982	0.00281	0.00421	0.01753	0.00771	0.00701
19	0.01007	0.00843	0.00876	0.00868	0.01137	0.00712	0.00651	0.01241	0.01953	0.02385	0.15752	0.07764	0.57861	0.02052	0.00982	0.00278	0.00417	0.01721	0.00790	0.00712
20	0.01061	0.00845	0.00952	0.00925	0.01171	0.00735	0.00694	0.01346	0.02081	0.02689	0.31658	0.07262	0.41765	0.01938	0.00981	0.00273	0.00409	0.01651	0.00830	0.00735
21	0.01723	0.01477	0.01723	0.01230	0.01969	0.01107	0.00984	0.02092	0.01723	0.02707	0.01477	0.01723	0.01230	0.00615	0.00615	0.00123	0.00615	0.00492	0.00492	0.75883
22	0.01206	0.00874	0.01107	0.01220	0.01368	0.00843	0.00956	0.01444	0.01713	0.02203	0.04756	0.15189	0.15581	0.17740	0.01802	0.00454	0.00679	0.29473	0.00708	0.00684
23	0.01187	0.00890	0.01335	0.01335	0.01483	0.01038	0.01038	0.01483	0.01335	0.01928	0.02225	0.03264	0.02077	0.06231	0.67512	0.01335	0.02225	0.00890	0.00445	0.00742
24	0.02102	0.02324	0.05864	0.22469	0.33580	0.14574	0.02323	0.02580	0.01909	0.02411	0.01481	0.01979	0.01197	0.00790	0.00809	0.00250	0.01131	0.00694	0.00400	0.01132
25	0.02221	0.71304	0.04353	0.01421	0.02132	0.03287	0.01421	0.02488	0.01688	0.01955	0.01155	0.01333	0.01066	0.00711	0.00533	0.00178	0.00888	0.00444	0.00355	0.01066
26	0.03103	0.03959	0.02354	0.02140	0.02568	0.67469	0.01605	0.03317	0.02354	0.02033	0.01284	0.01498	0.01070	0.00856	0.00749	0.00214	0.01498	0.00535	0.00428	0.00963
27	0.01187	0.00890	0.01335	0.01335	0.01483	0.01038	0.01038	0.01483	0.01335	0.01928	0.02225	0.03264	0.02077	0.06231	0.67512	0.01335	0.02225	0.00890	0.00445	0.00742
28	0.03305	0.02091	0.02347	0.01800	0.02459	0.02227	0.01487	0.47689	0.03512	0.20955	0.02325	0.02209	0.01579	0.01005	0.00832	0.00251	0.00861	0.00771	0.00882	0.01413
29	0.01187	0.00890	0.01335	0.01335	0.01483	0.01038	0.01038	0.01483	0.01335	0.01928	0.02225	0.03264	0.02077	0.06231	0.67512	0.01335	0.02225	0.00890	0.00445	0.00742
30	0.00982	0.00842	0.00842	0.00842	0.01122	0.00701	0.00631	0.01192	0.01894	0.02244	0.08416	0.07995	0.65285	0.02104	0.00982	0.00281	0.00421	0.01753	0.00771	0.00701
31	0.01208	0.00805	0.00906	0.00906	0.00906	0.00805	0.00503	0.01208	0.01208	0.01611	0.02618	0.05436	0.03020	0.70804	0.04228	0.00805	0.00805	0.01208	0.00503	0.00503
32	0.01187	0.00890	0.01335	0.01335	0.01483	0.01038	0.01038	0.01483	0.01335	0.01928	0.02225	0.03264	0.02077	0.06231	0.67512	0.01335	0.02225	0.00890	0.00445	0.00742
33	0.02369	0.59976	0.04017	0.01542	0.02206	0.14084	0.01452	0.02627	0.01800	0.01968	0.01177	0.01360	0.01067	0.00735	0.00569	0.00184	0.00991	0.00459	0.00368	0.01049
34	0.02298	0.51280	0.12048	0.01665	0.02395	0.13942	0.01665	0.02646	0.01809	0.02055	0.01220	0.01415	0.01065	0.00745	0.00603	0.00195	0.01035	0.00481	0.00367	0.01070
35	0.02056	0.01974	0.03372	0.05099	0.65622	0.01974	0.02550	0.02550	0.01892	0.02714	0.01563	0.02056	0.01316	0.00740	0.00822	0.00247	0.00987	0.00740	0.00411	0.01316
36	0.02147	0.41596	0.21917	0.01867	0.02701	0.09848	0.04760	0.02627	0.01792	0.02189	0.01289	0.01513	0.01072	0.00749	0.00651	0.00211	0.01076	0.00528	0.00365	0.01104
37	0.01738	0.12957	0.58468	0.02245	0.03406	0.02105	0.02856	0.02612	0.01745	0.02543	0.01447	0.01699	0.01054	0.00779	0.00756	0.00252	0.01184	0.00592	0.00351	0.01207
38	0.76672	0.01607	0.01221	0.01092	0.01607	0.01864	0.00900	0.02442	0.01414	0.03727	0.01157	0.01350	0.00900	0.00771	0.00514	0.00257	0.00643	0.00450	0.00514	0.00900
39	0.01047	0.00844	0.00932	0.00910	0.01162	0.00729	0.00682	0.01318	0.02047	0.02609	0.27487	0.07394	0.45986	0.01968	0.00981	0.00274	0.00411	0.01669	0.00820	0.00729
40	0.02766	0.01201	0.01620	0.01315	0.01789	0.01056	0.01056	0.03114	0.02368	0.42518	0.26595	0.04100	0.04234	0.01281	0.00890	0.00259	0.00588	0.01087	0.00985	0.01177
41	0.01176	0.00849	0.01110	0.01045	0.01241	0.00784	0.00784	0.01568	0.02352	0.03331	0.65184	0.06206	0.07839	0.01698	0.00980	0.00261	0.00392	0.01502	0.00914	0.00784
42	0.02221	0.71304	0.04353	0.01421	0.02132	0.03287	0.01421	0.02488	0.01688	0.01955	0.01155	0.01333	0.01066	0.00711	0.00533	0.00178	0.00888	0.00444	0.00355	0.01066
43	0.01723	0.01477	0.01723	0.01230	0.01969	0.01107	0.00984	0.02092	0.01723	0.02707	0.01477	0.01723	0.01230	0.00615	0.00615	0.00123	0.00615	0.00492	0.00492	0.75883
44	0.03283	0.02222	0.02357	0.01828	0.02473	0.06289	0.01500	0.45908	0.03465	0.18781	0.02240	0.02152	0.01537	0.00995	0.00827	0.00249	0.00904	0.00754	0.00851	0.01385
45	0.02267	0.67779	0.04249	0.01459	0.02155	0.06647	0.01431	0.02531	0.01723	0.01959	0.01162	0.01341	0.01066	0.00718	0.00544	0.00180	0.00920	0.00449	0.00359	0.01061
46	0.01393	0.01193	0.01730	0.01611	0.01711	0.01530	0.01293	0.01652	0.01315	0.01952	0.01855	0.02792	0.01755	0.04672	0.46367	0.01018	0.24112	0.00837	0.00418	0.00796
47	0.02763	0.03259	0.02608	0.07088	0.17524	0.44882	0.01870	0.05871	0.02275	0.02349	0.01395	0.01698	0.01146	0.00834	0.00775	0.00227	0.01326	0.00606	0.00439	0.01064
48	0.01667	0.01707	0.05563	0.01290	0.01660	0.13723	0.01059	0.01985	0.02134	0.06630	0.22358	0.05496	0.28364	0.01593	0.00914	0.00260	0.00691	0.01314	0.00735	0.00855
49	0.01077	0.00840	0.00977	0.00953	0.01183	0.00740	0.00711	0.01373	0.02104	0.02767	0.35842	0.09682	0.34917	0.01927	0.00984	0.00274	0.00409	0.01656	0.00841	0.00740
50	0.02466	0.02970	0.01931	0.01811	0.02180	0.45989	0.01383	0.02701	0.02208	0.02132	0.03063	0.03769	0.13941	0.01283	0.00845	0.00249	0.01195	0.08459	0.00538	0.00887
51	0.02007	0.21702	0.37853	0.02309	0.08002	0.09751	0.02428	0.02665	0.01816	0.02391	0.01385	0.01638	0.01079	0.00772	0.00720	0.00234	0.01150	0.00570	0.00366	0.01162
52	0.01008	0.00843	0.00878	0.00869	0.01138	0.00712	0.00652	0.01243	0.01955	0.02390	0.16034	0.07755	0.57576	0.02050	0.00982	0.00278	0.00417	0.01720	0.00791	0.00712
53	0.02997	0.01838	0.02067	0.01631	0.02211	0.01944	0.01332	0.34267	0.08808	0.20655	0.02549	0.02456	0.01777	0.01014	0.00801	0.00247	0.00768	0.00792	0.10523	0.01321
54	0.01775	0.03647	0.48830	0.03132	0.20958	0.01942	0.02924	0.02608	0.01792	0.02654	0.01511	0.01839	0.01126	0.00776	0.00799	0.00259	0.01160	0.00649	0.00368	0.01252
55	0.01853	0.01685	0.02795	0.04087	0.47500	0.01685	0.02206	0.02315	0.01898	0.02649	0.02367	0.04131	0.02299	0.01181	0.00915	0.00285	0.00924	0.17555	0.00512	0.01160
56	0.05445	0.04162	0.63211	0.02304	0.03495	0.01926	0.02960	0.02621	0.01737	0.02686	0.01474	0.01734	0.01045	0.00788	0.00775	0.00263	0.01198	0.00606	0.00359	0.01211
57	0.03057	0.03872	0.02399	0.02270	0.05326	0.64605	0.01646	0.03284	0.02334	0.02063	0.01296	0.01523	0.01081	0.00851	0.00752	0.00215	0.01476	0.00544	0.00427	0.00979
58	0.00982	0.00842	0.00842	0.00842	0.01122	0.00701	0.00631	0.01192	0.01894	0.02244	0.08416	0.07995	0.65285	0.02104	0.00982	0.00281	0.00421	0.01753	0.00771	0.00701
59	0.02051	0.01980	0.03379	0.04784	0.57694	0.01988	0.06391	0.02672	0.05750	0.02758	0.01683	0.02133	0.01388	0.00762	0.00834	0.00251	0.00994	0.00768	0.00439	0.01303
60	0.00982	0.00842	0.00842	0.00842	0.01122	0.00701	0.00631	0.01192	0.01894	0.02244	0.08416	0.07995	0.65285	0.02104	0.00982	0.00281	0.00421	0.01753	0.00771	0.00701
61	0.02030	0.01947	0.03324	0.08569	0.62359	0.01967	0.02536	0.02526	0.01879	0.02682	0.01558	0.02065	0.01305	0.00745	0.00823	0.00248	0.00993	0.00740	0.00409	0.01294
62	0.02599	0.03120	0.02429	0.02156	0.02416	0.42015	0.01688	0.02801	0.01930	0.02020	0.01208	0.01623	0.01078	0.01091	0.01524	0.00273	0.28074	0.00610	0.00403	0.00942
63	0.01156	0.00848	0.01084	0.01025	0.01229	0.00776	0.00769	0.01530	0.02306	0.03223	0.59533	0.06384	0.13557	0.01739	0.00980	0.00263	0.00395	0.01527	0.00900	0.00776
64	0.01012	0.00723	0.00964	0.01157	0.01205	0.00675	0.00771	0.01157	0.01591	0.02121	0.04579	0.70262	0.05495	0.02603	0.01060	0.00337	0.00482	0.02362	0.00771	0.00675
65	0.01549	0.00774	0.00774	0.00774	0.00968	0.00774	0.00581	0.01936	0.01742	0.03097	0.02710	0.03097	0.02129	0.00968	0.00581	0.00194	0.00387	0.00774	0.75416	0.00774
66	0.02066	0.01785	0.01878	0.01691	0.02160	0.02066	0.01315	0.04414	0.64121	0.03475	0.03381	0.03099	0.02536	0.01127	0.00845	0.00282	0.00657	0.00939	0.00845	0.01315
67	0.01818	0.01818	0.02545	0.02181	0.02181	0.02545	0.01818	0.01999	0.01272	0.01999	0.01091	0.01818	0.01091	0.01454	0.02726	0.00364	0.69284	0.00727	0.00364	0.00909
68	0.02056	0.01974	0.03372	0.05099	0.65622	0.01974	0.02550	0.02550	0.01892	0.02714	0.01563	0.02056	0.01316	0.00740	0.00822	0.00247	0.00987	0.00740	0.00411	0.01316
69	0.01818	0.01818	0.02545	0.02181	0.02181	0.02545	0.01818	0.01999	0.01272	0.01999	0.01091	0.01818	0.01091	0.01454	0.02726	0.00364	0.69284	0.00727	0.00364	0.00909
70	0.03101	0.01808	0.02134	0.01664	0.02271	0.01858	0.01367	0.32386	0.02987	0.27075	0.02465	0.02418	0.01708	0.01529	0.07673	0.00358	0.00960	0.00783	0.00849	0.04605
71	0.02221	0.71304	0.04353	0.01421	0.02132	0.03287	0.01421	0.02488	0.01688	0.01955	0.01155	0.01333	0.01066	0.00711	0.00533	0.00178	0.00888	0.00444	0.00355	0.01066
72	0.01818	0.01818	0.02545	0.02181	0.02181	0.02545	0.01818	0.01999	0.01272	0.01999	0.01091	0.01818	0.01091	0.01454	0.02726	0.00364	0.69284	0.00727	0.00364	0.00909
73	0.03103	0.03959	0.02354	0.02140	0.02568	0.67469	0.01605	0.03317	0.02354	0.02033	0.01284	0.01498	0.01070	0.00856	0.00749	0.00214	0.01498	0.00535	0.00428	0.00963
74	0.23995	0.02491	0.02101	0.01731	0.02299	0.17004	0.01392	0.32298	0.02849	0.04086	0.01597	0.01700	0.01190	0.00901	0.00723	0.00244	0.00969	0.00615	0.00650	0.01166
75	0.76672	0.01607	0.01221	0.01092	0.01607	0.01864	0.00900	0.02442	0.01414	0.03727	0.01157	0.01350	0.00900	0.00771	0.00514	0.00257	0.00643	0.00450	0.00514	0.00900
76	0.03103	0.03959	0.02354	0.02140	0.02568	0.67469	0.01605	0.03317	0.02354	0.02033	0.01284	0.01498	0.01070	0.00856	0.00749	0.00214	0.01498	0.00535	0.00428	0.00963
77	0.01979	0.01663	0.02141	0.02087	0.10699	0.04753	0.06594	0.16242	0.02064	0.02756	0.02085	0.03467	0.02040	0.30906	0.02414	0.00496	0.05182	0.00953	0.00549	0.00931
78	0.01193	0.00865	0.01207	0.01207	0.01311	0.00969	0.00879	0.01401	0.01297	0.01834	0.02342	0.03911	0.02358	0.25472	0.48655	0.01177	0.01802	0.00985	0.00462	0.00671
79	0.01202	0.00829	0.01025	0.01025	0.01066	0.00870	0.00652	0.01285	0.01243	0.01699	0.02509	0.04833	0.02758	0.52866	0.21808	0.00953	0.01200	0.01120	0.00487	0.00570
80	0.01195	0.00857	0.01168	0.01168	0.01258	0.00947	0.00830	0.01376	0.01286	0.01804	0.02378	0.04112	0.02445	0.31441	0.42805	0.01128	0.01671	0.01014	0.00468	0.00649
81	0.02676	0.28519	0.05917	0.02007	0.05005	0.38499	0.01640	0.02953	0.02066	0.02058	0.01257	0.01471	0.01078	0.00795	0.00675	0.00204	0.01243	0.00514	0.00397	0.01027
82	0.02113	0.02082	0.03317	0.04938	0.62188	0.05541	0.02498	0.02591	0.01917	0.02677	0.01547	0.02026	0.01303	0.00747	0.00818	0.00245	0.01015	0.00729	0.00412	0.01297
83	0.02494	0.02805	0.02946	0.03861	0.39239	0.29378	0.02154	0.02871	0.02085	0.02429	0.01446	0.01823	0.01213	0.00789	0.00792	0.00233	0.01201	0.00654	0.00418	0.01168
84	0.01009	0.00847	0.00880	0.00885	0.01157	0.00718	0.00673	0.01238	0.01919	0.02315	0.11318	0.07962	0.59300	0.02091	0.00990	0.00284	0.00435	0.04490	0.00779	0.00709
85	0.03103	0.03959	0.02354	0.02140	0.02568	0.67469	0.01605	0.03317	0.02354	0.02033	0.01284	0.01498	0.01070	0.00856	0.00749	0.00214	0.01498	0.00535	0.00428	0.00963
86	0.01176	0.00849	0.01110	0.01045	0.01241	0.00784	0.00784	0.01568	0.02352	0.03331	0.65184	0.06206	0.07839	0.01698	0.00980	0.00261	0.00392	0.01502	0.00914	0.00784
87	0.01187	0.00890	0.01335	0.01335	0.01483	0.01038	0.01038	0.01483	0.01335	0.01928	0.02225	0.03264	0.02077	0.06231	0.67512	0.01335	0.02225	0.00890	0.00445	0.00742
88	0.76672	0.01607	0.01221	0.01092	0.01607	0.01864	0.00900	0.02442	0.01414	0.03727	0.01157	0.01350	0.00900	0.00771	0.00514	0.00257	0.00643	0.00450	0.00514	0.00900
89	0.00982	0.00842	0.00842	0.00842	0.01122	0.00701	0.00631	0.01192	0.01894	0.02244	0.08416	0.07995	0.65285	0.02104	0.00982	0.00281	0.00421	0.01753	0.00771	0.00701
90	0.02056	0.01974	0.03372	0.05099	0.65622	0.01974	0.02550	0.02550	0.01892	0.02714	0.01563	0.02056	0.01316	0.00740	0.00822	0.00247	0.00987	0.00740	0.00411	0.01316
91	0.01666	0.04297	0.66500	0.02368	0.03596	0.01929	0.03069	0.02631	0.01754	0.02631	0.01491	0.01754	0.01052	0.00789	0.00789	0.00263	0.01228	0.00614	0.00351	0.01228
92	0.11589	0.01820	0.02302	0.15513	0.20691	0.08757	0.01788	0.06029	0.01834	0.02637	0.01640	0.02204	0.01373	0.02028	0.15812	0.00496	0.01295	0.00715	0.00452	0.01025
93	0.02509	0.49336	0.03701	0.01656	0.02274	0.24223	0.01481	0.02758	0.01905	0.01980	0.01197	0.01387	0.01067	0.00758	0.00604	0.00190	0.01087	0.00474	0.00379	0.01032
94	0.03103	0.03959	0.02354	0.02140	0.02568	0.67469	0.01605	0.03317	0.02354	0.02033	0.01284	0.01498	0.01070	0.00856	0.00749	0.00214	0.01498	0.00535	0.00428	0.00963
95	0.01954	0.02012	0.06528	0.15691	0.52282	0.01950	0.02536	0.02482	0.01846	0.02610	0.01544	0.02067	0.01267	0.00758	0.00822	0.00253	0.01020	0.00733	0.00401	0.01245
96	0.01187	0.00890	0.01335	0.01335	0.01483	0.01038	0.01038	0.01483	0.01335	0.01928	0.02225	0.03264	0.02077	0.06231	0.67512	0.01335	0.02225	0.00890	0.00445	0.00742
97	0.00982	0.00842	0.00842	0.00842	0.01122	0.00701	0.00631	0.01192	0.01894	0.02244	0.08416	0.07995	0.65285	0.02104	0.00982	0.00281	0.00421	0.01753	0.00771	0.00701
98	0.03103	0.03959	0.02354	0.02140	0.02568	0.67469	0.01605	0.03317	0.02354	0.02033	0.01284	0.01498	0.01070	0.00856	0.00749	0.00214	0.01498	0.00535	0.00428	0.00963
99	0.01926	0.01889	0.03395	0.25108	0.29767	0.01988	0.15968	0.05075	0.01921	0.02622	0.01580	0.02146	0.01241	0.00772	0.00861	0.00264	0.01116	0.00794	0.00418	0.01150
100	0.02904	0.19142	0.02805	0.01978	0.02470	0.53000	0.01564	0.03130	0.02204	0.02015	0.01255	0.01461	0.01069	0.00823	0.00700	0.00206	0.01361	0.00515	0.00412	0.00986
101	0.00992	0.00802	0.00883	0.00947	0.01150	0.00692	0.00678	0.01180	0.01792	0.02203	0.07127	0.28913	0.45199	0.02271	0.01008	0.00300	0.00441	0.01958	0.00771	0.00692
102	0.02244	0.03203	0.26842	0.02579	0.03479	0.09127	0.20338	0.16290	0.02365	0.03163	0.01639	0.01926	0.01198	0.00817	0.00851	0.00260	0.01237	0.00745	0.00488	0.01209

[dist]
# distance from previous block
# <min> <max>
0	9

[block]
# block no. 3 follows, 22 sequences, length 34
# corresponding to MSA columns:
# 186-219
name=unknown_D
#
# <colnr> <probs for GDERKNQSTAVLIFYWHMCP>
#	G	D	E	R	K	N	Q	S	T	A	V	L	I	F	Y	W	H	M	C	P
0	0.17371	0.03183	0.02159	0.01940	0.02323	0.45066	0.01498	0.02952	0.02011	0.02361	0.01231	0.01516	0.01040	0.00927	0.00993	0.00244	0.11261	0.00546	0.00435	0.00943
1	0.01069	0.00814	0.00983	0.01007	0.01192	0.00728	0.00730	0.01336	0.02002	0.02656	0.30620	0.23432	0.26282	0.02068	0.01001	0.00287	0.00425	0.01809	0.00830	0.00728
2	0.02266	0.02208	0.03478	0.02854	0.08735	0.05409	0.27483	0.14600	0.13297	0.03231	0.01971	0.02263	0.01499	0.00897	0.01024	0.00274	0.05865	0.00868	0.00571	0.01206
3	0.02282	0.02858	0.15028	0.02264	0.05701	0.17127	0.01966	0.10063	0.09053	0.02723	0.01604	0.01910	0.01291	0.01060	0.01361	0.00281	0.21141	0.00688	0.00489	0.01110
4	0.01208	0.00805	0.00906	0.00906	0.00906	0.00805	0.00503	0.01208	0.01208	0.01611	0.02618	0.05436	0.03020	0.70804	0.04228	0.00805	0.00805	0.01208	0.00503	0.00503
5	0.01744	0.03754	0.50220	0.02667	0.03793	0.01975	0.18804	0.02639	0.01809	0.02639	0.01541	0.01883	0.01107	0.00766	0.00840	0.00268	0.01273	0.00711	0.00369	0.01199
6	0.01010	0.00843	0.00881	0.00871	0.01140	0.00713	0.00654	0.01247	0.01961	0.02403	0.16732	0.07733	0.56869	0.02045	0.00982	0.00278	0.00417	0.01717	0.00792	0.00713
7	0.02980	0.03484	0.02454	0.02314	0.06937	0.50439	0.01677	0.11926	0.02500	0.02548	0.01399	0.01624	0.01138	0.00896	0.00857	0.00228	0.04476	0.00589	0.00483	0.01051
8	0.03028	0.09711	0.02525	0.02079	0.02531	0.61987	0.01589	0.03246	0.02297	0.02026	0.01273	0.01484	0.01070	0.00844	0.00731	0.00211	0.01446	0.00527	0.00422	0.00972
9	0.01208	0.00805	0.00906	0.00906	0.00906	0.00805	0.00503	0.01208	0.01208	0.01611	0.02618	0.05436	0.03020	0.70804	0.04228	0.00805	0.00805	0.01208	0.00503	0.00503
10	0.02056	0.01974	0.03372	0.05099	0.65622	0.01974	0.02550	0.02550	0.01892	0.02714	0.01563	0.02056	0.01316	0.00740	0.00822	0.00247	0.00987	0.00740	0.00411	0.01316
11	0.00982	0.00842	0.00842	0.00842	0.01122	0.00701	0.00631	0.01192	0.01894	0.02244	0.08416	0.07995	0.65285	0.02104	0.00982	0.00281	0.00421	0.01753	0.00771	0.00701
12	0.02588	0.02454	0.02443	0.02520	0.14833	0.16823	0.01693	0.19437	0.21958	0.03474	0.02183	0.02240	0.01668	0.00956	0.00815	0.00251	0.00979	0.00758	0.00663	0.01263
13	0.01965	0.01542	0.01651	0.01482	0.01924	0.01689	0.01154	0.03662	0.44920	0.08557	0.04499	0.04172	0.16540	0.01337	0.00875	0.00279	0.00609	0.01113	0.00844	0.01186
14	0.01293	0.00970	0.01230	0.01177	0.01206	0.01106	0.00801	0.01378	0.01242	0.01730	0.02317	0.04479	0.02552	0.47956	0.16444	0.00845	0.11117	0.01075	0.00471	0.00610
15	0.01009	0.00734	0.00952	0.01126	0.01197	0.00677	0.00758	0.01160	0.01620	0.02133	0.04947	0.64279	0.11240	0.02555	0.01053	0.00332	0.00476	0.02303	0.00771	0.00677
16	0.03158	0.02327	0.02493	0.01911	0.02576	0.02576	0.01579	0.62852	0.03906	0.05236	0.01995	0.01995	0.01413	0.00997	0.00831	0.00249	0.00914	0.00748	0.00831	0.01413
17	0.02693	0.03276	0.02415	0.02153	0.02445	0.46766	0.01673	0.02897	0.02009	0.02022	0.01222	0.01600	0.01077	0.01047	0.01380	0.00262	0.23113	0.00596	0.00407	0.00946
18	0.01208	0.00805	0.00906	0.00906	0.00906	0.00805	0.00503	0.01208	0.01208	0.01611	0.02618	0.05436	0.03020	0.70804	0.04228	0.00805	0.00805	0.01208	0.00503	0.00503
19	0.01818	0.01818	0.02545	0.02181	0.02181	0.02545	0.01818	0.01999	0.01272	0.01999	0.01091	0.01818	0.01091	0.01454	0.02726	0.00364	0.69284	0.00727	0.00364	0.00909
20	0.01909	0.01122	0.01159	0.01029	0.01328	0.01178	0.00804	0.15570	0.02226	0.03576	0.02550	0.02850	0.01969	0.00974	0.00637	0.00206	0.00505	0.00768	0.58722	0.00917
21	0.02263	0.02390	0.02637	0.03356	0.32071	0.19426	0.01926	0.03019	0.13975	0.02645	0.02314	0.02520	0.05934	0.00940	0.00818	0.00247	0.01021	0.00794	0.00524	0.01179
22	0.03103	0.03959	0.02354	0.02140	0.02568	0.67469	0.01605	0.03317	0.02354	0.02033	0.01284	0.01498	0.01070	0.00856	0.00749	0.00214	0.01498	0.00535	0.00428	0.00963
23	0.01850	0.01912	0.03072	0.02477	0.02665	0.02445	0.15423	0.02147	0.01426	0.02147	0.01223	0.01912	0.01129	0.01285	0.02336	0.00345	0.54090	0.00784	0.00376	0.00956
24	0.01077	0.00845	0.00973	0.00941	0.01180	0.00742	0.00706	0.01376	0.02118	0.02777	0.36225	0.07118	0.37143	0.01905	0.00981	0.00271	0.00407	0.01630	0.00842	0.00742
25	0.03281	0.02130	0.02371	0.01818	0.02478	0.02283	0.01502	0.50147	0.03576	0.18407	0.02272	0.02175	0.01552	0.01004	0.00832	0.00251	0.00869	0.00767	0.00874	0.01413
26	0.01187	0.00890	0.01335	0.01335	0.01483	0.01038	0.01038	0.01483	0.01335	0.01928	0.02225	0.03264	0.02077	0.06231	0.67512	0.01335	0.02225	0.00890	0.00445	0.00742
27	0.01006	0.00746	0.00940	0.01095	0.01189	0.00680	0.00744	0.01164	0.01650	0.02145	0.05333	0.58027	0.17243	0.02505	0.01045	0.00326	0.00470	0.02242	0.00771	0.00680
28	0.01087	0.00846	0.00988	0.00952	0.01187	0.00746	0.00714	0.01396	0.02142	0.02834	0.39236	0.07023	0.34097	0.01884	0.00981	0.00270	0.00405	0.01617	0.00849	0.00746
29	0.01666	0.04297	0.66500	0.02368	0.03596	0.01929	0.03069	0.02631	0.01754	0.02631	0.01491	0.01754	0.01052	0.00789	0.00789	0.00263	0.01228	0.00614	0.00351	0.01228
30	0.03014	0.03810	0.02367	0.02143	0.02541	0.62954	0.01620	0.03226	0.02279	0.02031	0.01271	0.01520	0.01072	0.00898	0.00887	0.00224	0.06213	0.00548	0.00424	0.00959
31	0.02546	0.07894	0.02313	0.01655	0.02209	0.02030	0.04174	0.30738	0.05623	0.08759	0.02174	0.02327	0.01633	0.01413	0.06707	0.00330	0.00935	0.00754	0.11665	0.04120
32	0.02188	0.02813	0.13357	0.06696	0.26992	0.16645	0.14083	0.02736	0.01976	0.02510	0.01508	0.01927	0.01199	0.00770	0.00832	0.00250	0.01225	0.00721	0.00405	0.01167
33	0.02417	0.02716	0.02813	0.03373	0.28599	0.27594	0.02038	0.02740	0.01950	0.02308	0.01361	0.01792	0.01176	0.00926	0.01168	0.00257	0.14606	0.00658	0.00408	0.01098

[dist]
# distance from previous block
# <min> <max>
0	5

[block]
# block no. 4 follows, 22 sequences, length 36
# corresponding to MSA columns:
# 225-260
name=unknown_E
#
# <colnr> <probs for GDERKNQSTAVLIFYWHMCP>
#	G	D	E	R	K	N	Q	S	T	A	V	L	I	F	Y	W	H	M	C	P
0	0.06096	0.02447	0.13013	0.02405	0.13788	0.09626	0.01820	0.20146	0.02435	0.03303	0.02191	0.14715	0.02036	0.01190	0.00840	0.00264	0.00953	0.00987	0.00600	0.01146
1	0.01782	0.01974	0.10298	0.03914	0.44208	0.01684	0.02222	0.02254	0.01809	0.02574	0.02214	0.16941	0.02199	0.01153	0.00871	0.00268	0.00905	0.01080	0.00483	0.01165
2	0.06581	0.02043	0.03196	0.04723	0.58884	0.04976	0.02407	0.02578	0.01884	0.02744	0.01525	0.01988	0.01280	0.00747	0.00801	0.00246	0.00990	0.00713	0.00418	0.01275
3	0.02326	0.02485	0.03110	0.04338	0.49394	0.18831	0.02306	0.02747	0.02011	0.02539	0.01491	0.01912	0.01253	0.00770	0.00804	0.00238	0.01118	0.00687	0.00416	0.01225
4	0.00992	0.00803	0.00881	0.00943	0.01149	0.00693	0.00676	0.01181	0.01796	0.02204	0.07178	0.28077	0.46002	0.02265	0.01007	0.00299	0.00441	0.01949	0.00771	0.00693
5	0.01208	0.00805	0.00906	0.00906	0.00906	0.00805	0.00503	0.01208	0.01208	0.01611	0.02618	0.05436	0.03020	0.70804	0.04228	0.00805	0.00805	0.01208	0.00503	0.00503
6	0.01208	0.00805	0.00906	0.00906	0.00906	0.00805	0.00503	0.01208	0.01208	0.01611	0.02618	0.05436	0.03020	0.70804	0.04228	0.00805	0.00805	0.01208	0.00503	0.00503
7	0.02066	0.01785	0.01878	0.01691	0.02160	0.02066	0.01315	0.04414	0.64121	0.03475	0.03381	0.03099	0.02536	0.01127	0.00845	0.00282	0.00657	0.00939	0.00845	0.01315
8	0.76672	0.01607	0.01221	0.01092	0.01607	0.01864	0.00900	0.02442	0.01414	0.03727	0.01157	0.01350	0.00900	0.00771	0.00514	0.00257	0.00643	0.00450	0.00514	0.00900
9	0.02221	0.71304	0.04353	0.01421	0.02132	0.03287	0.01421	0.02488	0.01688	0.01955	0.01155	0.01333	0.01066	0.00711	0.00533	0.00178	0.00888	0.00444	0.00355	0.01066
10	0.01208	0.00805	0.00906	0.00906	0.00906	0.00805	0.00503	0.01208	0.01208	0.01611	0.02618	0.05436	0.03020	0.70804	0.04228	0.00805	0.00805	0.01208	0.00503	0.00503
11	0.01012	0.00723	0.00964	0.01157	0.01205	0.00675	0.00771	0.01157	0.01591	0.02121	0.04579	0.70262	0.05495	0.02603	0.01060	0.00337	0.00482	0.02362	0.00771	0.00675
12	0.01208	0.00805	0.00906	0.00906	0.00906	0.00805	0.00503	0.01208	0.01208	0.01611	0.02618	0.05436	0.03020	0.70804	0.04228	0.00805	0.00805	0.01208	0.00503	0.00503
13	0.01001	0.00842	0.00867	0.00861	0.01134	0.00709	0.00646	0.01228	0.01938	0.02349	0.13884	0.07823	0.59752	0.02065	0.00982	0.00279	0.00418	0.01729	0.00785	0.00709
14	0.02328	0.01206	0.01349	0.01142	0.01522	0.01210	0.00908	0.13818	0.02287	0.17336	0.02700	0.02831	0.01979	0.00987	0.00684	0.00218	0.00556	0.00783	0.45122	0.01034
15	0.76672	0.01607	0.01221	0.01092	0.01607	0.01864	0.00900	0.02442	0.01414	0.03727	0.01157	0.01350	0.00900	0.00771	0.00514	0.00257	0.00643	0.00450	0.00514	0.00900
16	0.01069	0.00832	0.00987	0.01086	0.01278	0.00749	0.00828	0.01298	0.01808	0.02261	0.06402	0.26676	0.34368	0.02293	0.01041	0.00320	0.00514	0.14713	0.00770	0.00707
17	0.76672	0.01607	0.01221	0.01092	0.01607	0.01864	0.00900	0.02442	0.01414	0.03727	0.01157	0.01350	0.00900	0.00771	0.00514	0.00257	0.00643	0.00450	0.00514	0.00900
18	0.02022	0.01939	0.03310	0.09612	0.61379	0.01965	0.02532	0.02519	0.01875	0.02672	0.01557	0.02067	0.01301	0.00747	0.00823	0.00249	0.00995	0.00740	0.00408	0.01288
19	0.03103	0.03959	0.02354	0.02140	0.02568	0.67469	0.01605	0.03317	0.02354	0.02033	0.01284	0.01498	0.01070	0.00856	0.00749	0.00214	0.01498	0.00535	0.00428	0.00963
20	0.01208	0.00805	0.00906	0.00906	0.00906	0.00805	0.00503	0.01208	0.01208	0.01611	0.02618	0.05436	0.03020	0.70804	0.04228	0.00805	0.00805	0.01208	0.00503	0.00503
21	0.01685	0.04164	0.62526	0.02441	0.03644	0.01940	0.06910	0.02633	0.01767	0.02633	0.01503	0.01785	0.01066	0.00784	0.00802	0.00264	0.01239	0.00638	0.00355	0.01221
22	0.33498	0.01713	0.02233	0.01729	0.02357	0.01747	0.12620	0.07290	0.02010	0.24155	0.02011	0.02048	0.01384	0.00858	0.00730	0.00261	0.00825	0.00697	0.00688	0.01146
23	0.02757	0.20693	0.02978	0.02308	0.09902	0.43566	0.01670	0.03018	0.02132	0.02094	0.01284	0.01522	0.01098	0.00806	0.00703	0.00209	0.01284	0.00536	0.00408	0.01031
24	0.03107	0.03854	0.02363	0.02125	0.02569	0.63283	0.01603	0.07158	0.02454	0.02240	0.01330	0.01530	0.01092	0.00865	0.00754	0.00216	0.01460	0.00549	0.00454	0.00992
25	0.01606	0.01970	0.13834	0.02112	0.13526	0.06001	0.01571	0.04635	0.01852	0.02418	0.03624	0.10761	0.16096	0.12413	0.01422	0.00358	0.00854	0.03454	0.00562	0.00931
26	0.02221	0.71304	0.04353	0.01421	0.02132	0.03287	0.01421	0.02488	0.01688	0.01955	0.01155	0.01333	0.01066	0.00711	0.00533	0.00178	0.00888	0.00444	0.00355	0.01066
27	0.01122	0.00802	0.01090	0.01283	0.01379	0.00770	0.00963	0.01347	0.01699	0.02244	0.04518	0.49720	0.05254	0.02499	0.01090	0.00353	0.00577	0.21817	0.00769	0.00705
28	0.01327	0.01085	0.01589	0.08029	0.01941	0.01329	0.01223	0.01595	0.01342	0.01921	0.02018	0.03188	0.01937	0.12568	0.43242	0.01015	0.12574	0.00887	0.00432	0.00758
29	0.03041	0.03829	0.02326	0.02113	0.02544	0.63545	0.01588	0.03383	0.06060	0.02120	0.01410	0.01594	0.01158	0.00872	0.00755	0.00218	0.01448	0.00559	0.00453	0.00984
30	0.03225	0.02219	0.02426	0.01860	0.02522	0.02416	0.01537	0.55910	0.03726	0.12432	0.02146	0.02093	0.01489	0.01001	0.00832	0.00250	0.00890	0.00758	0.00854	0.01413
31	0.01047	0.00844	0.00931	0.00910	0.01162	0.00729	0.00682	0.01318	0.02046	0.02607	0.27368	0.07398	0.46106	0.01969	0.00981	0.00274	0.00411	0.01670	0.00819	0.00729
32	0.02585	0.03060	0.02569	0.05420	0.12956	0.39748	0.01836	0.02852	0.02012	0.02141	0.01295	0.01690	0.01116	0.00967	0.01198	0.00255	0.16263	0.00619	0.00409	0.01007
33	0.02981	0.03287	0.02495	0.02617	0.14335	0.47371	0.01737	0.03260	0.02270	0.09736	0.01572	0.01760	0.01233	0.00855	0.00773	0.00225	0.01309	0.00609	0.00496	0.01082
34	0.01005	0.00749	0.00937	0.01088	0.01187	0.00681	0.00740	0.01165	0.01657	0.02148	0.05420	0.56607	0.18607	0.02493	0.01043	0.00325	0.00469	0.02228	0.00771	0.00681
35	0.02130	0.02114	0.03300	0.04889	0.61156	0.06613	0.02483	0.02604	0.01924	0.02666	0.01543	0.02017	0.01298	0.00748	0.00817	0.00244	0.01023	0.00726	0.00412	0.01291

[dist]
# distance from previous block
# <min> <max>
0	2

[block]
# block no. 5 follows, 22 sequences, length 40
# corresponding to MSA columns:
# 263-302
name=unknown_F
#
# <colnr> <probs for GDERKNQSTAVLIFYWHMCP>
#	G	D	E	R	K	N	Q	S	T	A	V	L	I	F	Y	W	H	M	C	P
0	0.01891	0.02211	0.10955	0.03244	0.21777	0.05001	0.19445	0.05513	0.01965	0.02674	0.02171	0.15040	0.02057	0.01109	0.00906	0.00274	0.01060	0.01093	0.00498	0.01115
1	0.01408	0.01201	0.01813	0.02482	0.23099	0.01159	0.01421	0.01722	0.01816	0.02441	0.06864	0.26617	0.13928	0.01811	0.00974	0.00299	0.00674	0.08706	0.00655	0.00912
2	0.02183	0.66729	0.08597	0.01486	0.02232	0.03194	0.01534	0.02497	0.01692	0.02001	0.01178	0.01361	0.01065	0.00716	0.00551	0.00184	0.00912	0.00456	0.00355	0.01077
3	0.02303	0.01681	0.05343	0.03023	0.30679	0.01485	0.01784	0.02709	0.02028	0.21199	0.03494	0.03509	0.14889	0.01112	0.00858	0.00258	0.00798	0.00974	0.00664	0.01212
4	0.10476	0.02338	0.05396	0.02564	0.12895	0.15478	0.13236	0.05415	0.02120	0.14656	0.02239	0.02392	0.05252	0.00910	0.00816	0.00252	0.01056	0.00787	0.00580	0.01142
5	0.02842	0.03464	0.02608	0.02878	0.18284	0.51145	0.01841	0.03126	0.02239	0.02203	0.01354	0.01637	0.01131	0.00827	0.00767	0.00222	0.01371	0.00586	0.00424	0.01051
6	0.01451	0.01249	0.01290	0.01209	0.01571	0.01291	0.00927	0.02585	0.28789	0.02776	0.06240	0.05879	0.38165	0.01682	0.00923	0.00281	0.00523	0.01401	0.00803	0.00967
7	0.01187	0.00890	0.01335	0.01335	0.01483	0.01038	0.01038	0.01483	0.01335	0.01928	0.02225	0.03264	0.02077	0.06231	0.67512	0.01335	0.02225	0.00890	0.00445	0.00742
8	0.01003	0.00842	0.00871	0.00864	0.01135	0.00710	0.00648	0.01234	0.01944	0.02365	0.14714	0.07796	0.58912	0.02059	0.00982	0.00278	0.00418	0.01725	0.00787	0.00710
9	0.01208	0.00805	0.00906	0.00906	0.00906	0.00805	0.00503	0.01208	0.01208	0.01611	0.02618	0.05436	0.03020	0.70804	0.04228	0.00805	0.00805	0.01208	0.00503	0.00503
10	0.01549	0.00774	0.00774	0.00774	0.00968	0.00774	0.00581	0.01936	0.01742	0.03097	0.02710	0.03097	0.02129	0.00968	0.00581	0.00194	0.00387	0.00774	0.75416	0.00774
11	0.72912	0.01597	0.01257	0.01112	0.01633	0.01831	0.00916	0.02525	0.01463	0.06947	0.01266	0.01426	0.00959	0.00784	0.00531	0.00257	0.00646	0.00470	0.00541	0.00926
12	0.01818	0.01818	0.02545	0.02181	0.02181	0.02545	0.01818	0.01999	0.01272	0.01999	0.01091	0.01818	0.01091	0.01454	0.02726	0.00364	0.69284	0.00727	0.00364	0.00909
13	0.01666	0.04297	0.66500	0.02368	0.03596	0.01929	0.03069	0.02631	0.01754	0.02631	0.01491	0.01754	0.01052	0.00789	0.00789	0.00263	0.01228	0.00614	0.00351	0.01228
14	0.01187	0.00890	0.01335	0.01335	0.01483	0.01038	0.01038	0.01483	0.01335	0.01928	0.02225	0.03264	0.02077	0.06231	0.67512	0.01335	0.02225	0.00890	0.00445	0.00742
15	0.02066	0.01785	0.01878	0.01691	0.02160	0.02066	0.01315	0.04414	0.64121	0.03475	0.03381	0.03099	0.02536	0.01127	0.00845	0.00282	0.00657	0.00939	0.00845	0.01315
16	0.01410	0.01333	0.02483	0.10191	0.02807	0.01307	0.21914	0.01787	0.01709	0.02283	0.03136	0.36210	0.03421	0.04571	0.01137	0.00330	0.00883	0.01647	0.00592	0.00849
17	0.02531	0.48477	0.03738	0.01584	0.02279	0.03052	0.01474	0.22464	0.02422	0.03040	0.01433	0.01552	0.01181	0.00806	0.00632	0.00201	0.00897	0.00545	0.00513	0.01181
18	0.03103	0.03959	0.02354	0.02140	0.02568	0.67469	0.01605	0.03317	0.02354	0.02033	0.01284	0.01498	0.01070	0.00856	0.00749	0.00214	0.01498	0.00535	0.00428	0.00963
19	0.01048	0.00821	0.00948	0.00965	0.01175	0.00722	0.00705	0.01301	0.01977	0.02557	0.25223	0.19308	0.36143	0.02074	0.00996	0.00285	0.00424	0.01792	0.00816	0.00722
20	0.02044	0.02006	0.03559	0.04904	0.58149	0.01989	0.09873	0.02563	0.01900	0.02708	0.01577	0.02079	0.01309	0.00735	0.00842	0.00251	0.01037	0.00769	0.00412	0.01292
21	0.01208	0.00805	0.00906	0.00906	0.00906	0.00805	0.00503	0.01208	0.01208	0.01611	0.02618	0.05436	0.03020	0.70804	0.04228	0.00805	0.00805	0.01208	0.00503	0.00503
22	0.03727	0.01414	0.01928	0.01478	0.02121	0.01221	0.01221	0.04049	0.02378	0.66198	0.03277	0.02828	0.02056	0.01028	0.00835	0.00257	0.00707	0.00835	0.01028	0.01414
23	0.01012	0.00723	0.00964	0.01157	0.01205	0.00675	0.00771	0.01157	0.01591	0.02121	0.04579	0.70262	0.05495	0.02603	0.01060	0.00337	0.00482	0.02362	0.00771	0.00675
24	0.02509	0.02004	0.02127	0.01780	0.02329	0.02273	0.01422	0.28087	0.39729	0.04188	0.02819	0.02652	0.02081	0.01074	0.00840	0.00269	0.00761	0.00862	0.00840	0.01355
25	0.01152	0.00848	0.01078	0.01020	0.01227	0.00774	0.00765	0.01522	0.02296	0.03199	0.58261	0.06424	0.14844	0.01748	0.00980	0.00264	0.00395	0.01533	0.00897	0.00774
26	0.02221	0.71304	0.04353	0.01421	0.02132	0.03287	0.01421	0.02488	0.01688	0.01955	0.01155	0.01333	0.01066	0.00711	0.00533	0.00178	0.00888	0.00444	0.00355	0.01066
27	0.28364	0.01791	0.02124	0.01633	0.02280	0.01820	0.08624	0.15548	0.02187	0.10744	0.01704	0.01839	0.01251	0.00808	0.00696	0.00231	0.00795	0.00631	0.00624	0.16307
