[name]
unknown

[dist]
# distance from previous block
# <min> <max>
6	9

[block]
# block no. 0 follows, 20 sequences, length 19
# corresponding to MSA columns:
# 9-27
name=unknown_A
#
# <colnr> <probs for GDERKNQSTAVLIFYWHMCP>
#	G	D	E	R	K	N	Q	S	T	A	V	L	I	F	Y	W	H	M	C	P
0	0.01818	0.01725	0.02925	0.46555	0.25364	0.01983	0.02508	0.02379	0.01825	0.02436	0.01581	0.02270	0.01236	0.00840	0.00869	0.00280	0.01120	0.00776	0.00402	0.01107
1	0.02118	0.02031	0.03467	0.10258	0.59316	0.02062	0.02657	0.02642	0.01967	0.02801	0.01634	0.02172	0.01364	0.00785	0.00864	0.00262	0.01046	0.00777	0.00428	0.01349
2	0.11726	0.01498	0.08626	0.01680	0.06658	0.01205	0.01334	0.01817	0.01822	0.02675	0.04532	0.21973	0.16791	0.01913	0.00980	0.00322	0.00703	0.12170	0.00690	0.00886
3	0.02092	0.02034	0.03231	0.08804	0.52377	0.04968	0.02466	0.02571	0.01969	0.02727	0.01872	0.07420	0.01703	0.00944	0.00880	0.00267	0.01028	0.00902	0.00460	0.01285
4	0.01904	0.31516	0.20443	0.01801	0.02514	0.02478	0.01910	0.02390	0.01719	0.02305	0.03954	0.02118	0.01583	0.01883	0.12220	0.00442	0.06661	0.00665	0.00412	0.01082
5	0.08372	0.39560	0.03372	0.01529	0.02140	0.05342	0.01394	0.02818	0.01932	0.13205	0.06637	0.02130	0.01864	0.00952	0.00816	0.00230	0.05366	0.00652	0.00561	0.01129
6	0.16548	0.02317	0.01875	0.04420	0.02274	0.20801	0.01332	0.03254	0.17618	0.05626	0.10147	0.05355	0.02631	0.01148	0.00816	0.00268	0.00929	0.00883	0.00683	0.01075
7	0.01654	0.01229	0.01416	0.01325	0.01598	0.01250	0.00990	0.14048	0.05213	0.03198	0.15690	0.21635	0.13111	0.09491	0.01400	0.00365	0.00634	0.04017	0.00824	0.00913
8	0.20172	0.03436	0.02264	0.02198	0.06583	0.46525	0.01578	0.03213	0.02207	0.02601	0.01337	0.01576	0.01099	0.00870	0.00734	0.00238	0.01326	0.00555	0.00469	0.01021
9	0.02162	0.18392	0.08815	0.04130	0.41743	0.02402	0.05025	0.02674	0.01927	0.02651	0.01538	0.01961	0.01294	0.00772	0.00796	0.00245	0.01051	0.00704	0.00413	0.01303
10	0.02529	0.55986	0.04137	0.01639	0.02335	0.13432	0.01532	0.05637	0.02000	0.02236	0.01278	0.01462	0.01138	0.00786	0.00612	0.00196	0.01037	0.00497	0.00410	0.01120
11	0.14381	0.16242	0.35035	0.01906	0.02838	0.02151	0.02224	0.02571	0.01839	0.02906	0.08545	0.02221	0.01899	0.00919	0.00750	0.00258	0.01015	0.00688	0.00466	0.01144
12	0.02003	0.02616	0.13104	0.02047	0.02478	0.17934	0.04249	0.02417	0.01850	0.02347	0.06642	0.02594	0.01980	0.02524	0.17973	0.00574	0.14407	0.00813	0.00468	0.00981
13	0.05078	0.03467	0.45667	0.02147	0.03112	0.01784	0.02572	0.02446	0.01713	0.02628	0.01746	0.02226	0.01372	0.02285	0.17412	0.00563	0.01528	0.00710	0.00402	0.01143
14	0.17146	0.11883	0.09660	0.01851	0.02395	0.06486	0.01677	0.08729	0.12140	0.03140	0.01731	0.01954	0.01385	0.01046	0.01171	0.00283	0.14954	0.00676	0.00550	0.01142
15	0.02984	0.03356	0.14517	0.02064	0.02727	0.31681	0.01849	0.07269	0.02463	0.15662	0.05565	0.02247	0.01783	0.00986	0.00834	0.00250	0.01233	0.00720	0.00625	0.01186
16	0.17149	0.02971	0.31216	0.01781	0.02606	0.05729	0.01994	0.02381	0.01844	0.02861	0.03333	0.03407	0.17002	0.01181	0.00817	0.00276	0.00962	0.00908	0.00522	0.01058
17	0.01969	0.03207	0.32043	0.04020	0.35938	0.02051	0.02931	0.02717	0.01919	0.02809	0.01606	0.02011	0.01253	0.00801	0.00847	0.00267	0.01154	0.00716	0.00402	0.01339
18	0.02159	0.02073	0.03541	0.05354	0.63903	0.02073	0.02677	0.02677	0.01986	0.02850	0.01641	0.02159	0.01382	0.00777	0.00864	0.00259	0.01036	0.00777	0.00432	0.01382

[dist]
# distance from previous block
# <min> <max>
0	1

[block]
# block no. 1 follows, 20 sequences, length 13
# corresponding to MSA columns:
# 29-41
name=unknown_B
#
# <colnr> <probs for GDERKNQSTAVLIFYWHMCP>
#	G	D	E	R	K	N	Q	S	T	A	V	L	I	F	Y	W	H	M	C	P
0	0.02008	0.01919	0.02934	0.12933	0.40198	0.05684	0.02335	0.02495	0.01986	0.02675	0.02190	0.03640	0.02044	0.01115	0.00926	0.00289	0.01041	0.11898	0.00499	0.01190
1	0.02133	0.02146	0.03962	0.04914	0.48335	0.02108	0.17908	0.02708	0.02005	0.02835	0.01673	0.02210	0.01366	0.00766	0.00907	0.00268	0.01150	0.00843	0.00434	0.01328
2	0.02214	0.02144	0.03224	0.16948	0.44244	0.06620	0.02490	0.06507	0.02114	0.02853	0.01632	0.02145	0.01328	0.00822	0.00860	0.00263	0.01094	0.00762	0.00454	0.01282
3	0.06885	0.02401	0.02354	0.08224	0.02851	0.11114	0.01623	0.29379	0.18779	0.04147	0.02272	0.02311	0.01682	0.01032	0.00846	0.00269	0.00977	0.00789	0.00753	0.01312
4	0.02159	0.02073	0.03541	0.05354	0.63903	0.02073	0.02677	0.02677	0.01986	0.02850	0.01641	0.02159	0.01382	0.00777	0.00864	0.00259	0.01036	0.00777	0.00432	0.01382
5	0.01195	0.00912	0.01111	0.01123	0.01361	0.00828	0.00884	0.01534	0.02198	0.02896	0.31303	0.07888	0.27898	0.02068	0.01066	0.00308	0.00503	0.13263	0.00873	0.00787
6	0.01750	0.04512	0.64825	0.02486	0.03775	0.02026	0.03223	0.02762	0.01842	0.02762	0.01565	0.01842	0.01105	0.00829	0.00829	0.00276	0.01289	0.00645	0.00368	0.01289
7	0.02863	0.02443	0.02782	0.03357	0.28912	0.18553	0.01974	0.03252	0.02230	0.17987	0.02006	0.02186	0.01502	0.00877	0.00834	0.00245	0.01081	0.00730	0.00602	0.05582
8	0.02240	0.02227	0.03461	0.05124	0.59372	0.06793	0.02604	0.02737	0.02022	0.02797	0.01619	0.02116	0.01363	0.00786	0.00858	0.00257	0.01076	0.00761	0.00433	0.01354
9	0.08964	0.01618	0.01811	0.01415	0.01993	0.01547	0.01119	0.16096	0.02358	0.14136	0.02217	0.02666	0.01772	0.10367	0.01253	0.00300	0.00752	0.00759	0.04994	0.23862
10	0.01568	0.01326	0.01410	0.01312	0.01682	0.01387	0.01006	0.02816	0.28931	0.03099	0.14481	0.05830	0.28330	0.01690	0.00967	0.00292	0.00548	0.01422	0.00867	0.01036
11	0.03162	0.03955	0.02428	0.02205	0.02659	0.60205	0.01658	0.03585	0.07772	0.02269	0.01543	0.01722	0.01260	0.00924	0.00795	0.00231	0.01495	0.00599	0.00488	0.01044
12	0.02100	0.25966	0.29335	0.02002	0.02914	0.05602	0.02209	0.03111	0.13611	0.02666	0.01822	0.01955	0.01414	0.00873	0.00748	0.00247	0.01066	0.00647	0.00475	0.01236

[dist]
# distance from previous block
# <min> <max>
0	7

[block]
# block no. 2 follows, 20 sequences, length 100
# corresponding to MSA columns:
# 49-148
name=unknown_C
#
# <colnr> <probs for GDERKNQSTAVLIFYWHMCP>
#	G	D	E	R	K	N	Q	S	T	A	V	L	I	F	Y	W	H	M	C	P
0	0.02068	0.01933	0.03091	0.04461	0.49299	0.01967	0.02340	0.02831	0.10185	0.02923	0.02389	0.03010	0.04568	0.00986	0.00893	0.00273	0.00950	0.03982	0.00531	0.01321
1	0.01365	0.00944	0.01121	0.01161	0.01363	0.00883	0.00855	0.01654	0.04208	0.06161	0.05594	0.21366	0.23893	0.14584	0.01688	0.00425	0.00616	0.10570	0.00777	0.00774
2	0.01858	0.07043	0.17619	0.02054	0.02525	0.06292	0.01979	0.02291	0.01605	0.02294	0.01511	0.02110	0.01333	0.02132	0.13557	0.00505	0.26436	0.00717	0.00407	0.05735
3	0.02775	0.02782	0.02229	0.01927	0.02399	0.28421	0.01505	0.22712	0.02807	0.03281	0.02249	0.02512	0.05321	0.02053	0.12622	0.00455	0.01431	0.00785	0.00620	0.01114
4	0.02586	0.02328	0.02099	0.02119	0.10226	0.19496	0.01452	0.17752	0.02615	0.03469	0.02077	0.02343	0.01620	0.00960	0.00760	0.00232	0.00956	0.00731	0.25062	0.01116
5	0.01063	0.00759	0.01012	0.01215	0.01265	0.00709	0.00810	0.01215	0.01670	0.02227	0.04808	0.68775	0.05769	0.02733	0.01113	0.00354	0.00506	0.02480	0.00810	0.00709
6	0.02810	0.03455	0.03108	0.02579	0.03069	0.43155	0.15190	0.03147	0.02231	0.02281	0.01417	0.01794	0.01172	0.00943	0.01110	0.00261	0.10102	0.00695	0.00439	0.01042
7	0.01044	0.00878	0.00905	0.00911	0.01189	0.00740	0.00678	0.01272	0.02000	0.02413	0.11632	0.11106	0.57835	0.02210	0.01035	0.00296	0.00443	0.01856	0.00818	0.00740
8	0.01944	0.02014	0.03262	0.02621	0.02831	0.02561	0.15930	0.02265	0.01508	0.02265	0.01293	0.02014	0.01188	0.01338	0.02426	0.00361	0.51951	0.00827	0.00396	0.01007
9	0.03258	0.04157	0.02472	0.02247	0.02697	0.65843	0.01685	0.03483	0.02472	0.02135	0.01348	0.01573	0.01124	0.00899	0.00787	0.00225	0.01573	0.00562	0.00449	0.01011
10	0.03258	0.04157	0.02472	0.02247	0.02697	0.65843	0.01685	0.03483	0.02472	0.02135	0.01348	0.01573	0.01124	0.00899	0.00787	0.00225	0.01573	0.00562	0.00449	0.01011
11	0.01152	0.00880	0.01057	0.01030	0.01257	0.00785	0.00766	0.01480	0.02249	0.03016	0.40547	0.11158	0.27467	0.01993	0.01035	0.00287	0.00428	0.01728	0.00898	0.00785
12	0.01164	0.00802	0.00982	0.01085	0.01110	0.00776	0.00671	0.01241	0.01472	0.01962	0.03790	0.37615	0.04486	0.35644	0.02757	0.00597	0.00674	0.01881	0.00671	0.00620
13	0.01120	0.00934	0.01084	0.01233	0.04730	0.00821	0.00842	0.01355	0.01932	0.02374	0.07475	0.19061	0.46417	0.02235	0.01046	0.00309	0.00506	0.04967	0.00788	0.00771
14	0.02204	0.02180	0.03427	0.08188	0.57150	0.06146	0.02601	0.02707	0.02005	0.02774	0.01618	0.02130	0.01354	0.00790	0.00859	0.00258	0.01077	0.00763	0.00431	0.01338
15	0.01481	0.01187	0.01638	0.01888	0.09532	0.01276	0.01255	0.01706	0.01642	0.02220	0.03410	0.09160	0.07245	0.25299	0.02486	0.00525	0.09654	0.16999	0.00605	0.00794
16	0.01159	0.00898	0.01052	0.01084	0.01312	0.00808	0.00834	0.01439	0.02041	0.02612	0.19631	0.11463	0.34151	0.05848	0.01253	0.00343	0.00526	0.11964	0.00827	0.00755
17	0.02596	0.02901	0.03116	0.04119	0.39576	0.27418	0.02283	0.02997	0.02179	0.02566	0.01525	0.01926	0.01279	0.00826	0.00833	0.00245	0.01250	0.00692	0.00439	0.01234
18	0.01750	0.04512	0.64825	0.02486	0.03775	0.02026	0.03223	0.02762	0.01842	0.02762	0.01565	0.01842	0.01105	0.00829	0.00829	0.00276	0.01289	0.00645	0.00368	0.01289
19	0.03258	0.04157	0.02472	0.02247	0.02697	0.65843	0.01685	0.03483	0.02472	0.02135	0.01348	0.01573	0.01124	0.00899	0.00787	0.00225	0.01573	0.00562	0.00449	0.01011
20	0.02065	0.02629	0.17527	0.04700	0.50181	0.02062	0.02802	0.02697	0.01953	0.02830	0.01624	0.02086	0.01319	0.00789	0.00856	0.00263	0.01094	0.00747	0.00417	0.01361
21	0.01610	0.02644	0.27830	0.23950	0.07948	0.01745	0.02455	0.02280	0.01786	0.02487	0.02192	0.14956	0.02043	0.01208	0.00900	0.00295	0.01079	0.01051	0.00464	0.01077
22	0.02174	0.02191	0.03628	0.08994	0.49046	0.05641	0.10109	0.02708	0.02007	0.02762	0.01635	0.02162	0.01346	0.00785	0.00881	0.00264	0.01131	0.00798	0.00431	0.01308
23	0.01258	0.00888	0.01165	0.01165	0.01238	0.00961	0.00794	0.01405	0.01332	0.01849	0.02553	0.04628	0.02702	0.39620	0.33523	0.01109	0.01551	0.01110	0.00500	0.00647
24	0.18582	0.03867	0.50324	0.02181	0.03299	0.02010	0.02703	0.02717	0.01760	0.03025	0.01485	0.01745	0.01068	0.00824	0.00763	0.00275	0.01149	0.00605	0.00407	0.01211
25	0.02234	0.02097	0.03480	0.05136	0.59918	0.02114	0.02611	0.06475	0.02124	0.03022	0.01670	0.02155	0.01388	0.00795	0.00864	0.00259	0.01031	0.00778	0.00460	0.01388
26	0.01536	0.01212	0.01279	0.01244	0.01511	0.05284	0.00936	0.05542	0.02221	0.05627	0.19105	0.20706	0.23295	0.02026	0.01025	0.00302	0.00593	0.04864	0.00836	0.00855
27	0.07016	0.46845	0.17990	0.01739	0.02579	0.06512	0.01863	0.02692	0.01808	0.02340	0.01301	0.01511	0.01105	0.00778	0.00632	0.00215	0.01033	0.00513	0.00387	0.01141
28	0.03007	0.03682	0.02716	0.02956	0.16665	0.51289	0.01912	0.03299	0.02361	0.02298	0.01415	0.01707	0.01182	0.00871	0.00804	0.00233	0.01451	0.00611	0.00445	0.01096
29	0.01606	0.17051	0.05527	0.01313	0.01739	0.05712	0.01155	0.01964	0.02142	0.02732	0.26346	0.05354	0.18483	0.01563	0.00903	0.00262	0.00680	0.03840	0.00718	0.00908
30	0.01750	0.04512	0.64825	0.02486	0.03775	0.02026	0.03223	0.02762	0.01842	0.02762	0.01565	0.01842	0.01105	0.00829	0.00829	0.00276	0.01289	0.00645	0.00368	0.01289
31	0.02761	0.03031	0.02537	0.02663	0.13663	0.32377	0.01779	0.07513	0.19115	0.02910	0.02063	0.02181	0.01622	0.00966	0.00834	0.00253	0.01190	0.00734	0.00596	0.01213
32	0.01154	0.00920	0.01055	0.01110	0.01371	0.00821	0.00891	0.01441	0.02025	0.02505	0.11153	0.08697	0.42753	0.02240	0.01082	0.00325	0.00546	0.18331	0.00818	0.00762
33	0.01246	0.00935	0.01402	0.01402	0.01558	0.01090	0.01090	0.01558	0.01402	0.02025	0.02336	0.03427	0.02181	0.06542	0.65888	0.01402	0.02336	0.00935	0.00467	0.00779
34	0.01705	0.01598	0.02632	0.60138	0.09031	0.01958	0.02379	0.02388	0.05140	0.02343	0.01667	0.02368	0.01259	0.00884	0.00872	0.00289	0.01129	0.00787	0.00418	0.01015
35	0.02159	0.02073	0.03541	0.05354	0.63903	0.02073	0.02677	0.02677	0.01986	0.02850	0.01641	0.02159	0.01382	0.00777	0.00864	0.00259	0.01036	0.00777	0.00432	0.01382
36	0.01050	0.00808	0.00961	0.01083	0.01231	0.00720	0.00751	0.01229	0.01796	0.02278	0.06404	0.44846	0.28668	0.02525	0.01081	0.00331	0.00481	0.02227	0.00810	0.00720
37	0.02159	0.02073	0.03541	0.05354	0.63903	0.02073	0.02677	0.02677	0.01986	0.02850	0.01641	0.02159	0.01382	0.00777	0.00864	0.00259	0.01036	0.00777	0.00432	0.01382
38	0.03657	0.01765	0.02182	0.01687	0.02358	0.01715	0.01389	0.19612	0.06199	0.45230	0.03083	0.02748	0.02004	0.01077	0.00877	0.00269	0.00798	0.00858	0.01013	0.01479
39	0.02840	0.14864	0.03175	0.02788	0.17835	0.13779	0.01886	0.25815	0.02867	0.03624	0.01691	0.01893	0.01329	0.00899	0.00799	0.00241	0.01082	0.00686	0.00598	0.01309
40	0.01085	0.00875	0.00899	0.00899	0.01126	0.00761	0.00632	0.01256	0.01824	0.02205	0.07447	0.07782	0.49770	0.17531	0.01809	0.00420	0.00534	0.01710	0.00746	0.00689
41	0.01354	0.01130	0.01215	0.01207	0.01501	0.01128	0.00896	0.02183	0.18672	0.02686	0.06449	0.20747	0.33454	0.02044	0.01010	0.00309	0.00526	0.01749	0.00831	0.00909
42	0.03316	0.02443	0.02618	0.02007	0.02705	0.02705	0.01658	0.60995	0.04101	0.05497	0.02094	0.02094	0.01483	0.01047	0.00873	0.00262	0.00960	0.00785	0.00873	0.01483
43	0.01085	0.00775	0.01037	0.01240	0.01300	0.00727	0.00848	0.01252	0.01692	0.02251	0.04796	0.65005	0.05721	0.02712	0.01119	0.00357	0.00525	0.06034	0.00809	0.00715
44	0.03258	0.04157	0.02472	0.02247	0.02697	0.65843	0.01685	0.03483	0.02472	0.02135	0.01348	0.01573	0.01124	0.00899	0.00787	0.00225	0.01573	0.00562	0.00449	0.01011
45	0.01160	0.00889	0.01063	0.01019	0.01258	0.00791	0.00764	0.01502	0.02293	0.03081	0.43493	0.07202	0.28440	0.01939	0.01030	0.00282	0.00423	0.01674	0.00905	0.00791
46	0.03342	0.02402	0.02592	0.01987	0.02684	0.02643	0.01642	0.58537	0.04032	0.08053	0.02153	0.02132	0.01513	0.01049	0.00873	0.00262	0.00950	0.00789	0.00882	0.01483
47	0.02653	0.02601	0.02187	0.01907	0.02346	0.25271	0.01492	0.21537	0.02668	0.03191	0.01897	0.02317	0.01568	0.02698	0.21019	0.00602	0.01611	0.00750	0.00592	0.01092
48	0.01208	0.00891	0.01129	0.01070	0.01287	0.00812	0.00802	0.01595	0.02407	0.03350	0.56385	0.06759	0.15380	0.01838	0.01029	0.00277	0.00415	0.01612	0.00941	0.00812
49	0.01936	0.01688	0.02733	0.02379	0.06738	0.01685	0.18304	0.15408	0.02358	0.03178	0.03104	0.30053	0.03223	0.01644	0.01018	0.00310	0.00922	0.01563	0.00693	0.01065
50	0.01320	0.00977	0.01287	0.01441	0.01664	0.00943	0.01236	0.01680	0.02004	0.02552	0.05581	0.09510	0.18377	0.02364	0.01165	0.00377	0.00721	0.45208	0.00805	0.00788
51	0.01808	0.14415	0.51529	0.02246	0.03383	0.02172	0.02805	0.02670	0.01870	0.02698	0.05359	0.02064	0.01550	0.00875	0.00799	0.00262	0.01179	0.00675	0.00406	0.01234
52	0.01908	0.01908	0.02672	0.02290	0.02290	0.02672	0.01908	0.02099	0.01336	0.02099	0.01145	0.01908	0.01145	0.01527	0.02863	0.00382	0.67748	0.00763	0.00382	0.00954
53	0.01246	0.00935	0.01402	0.01402	0.01558	0.01090	0.01090	0.01558	0.01402	0.02025	0.02336	0.03427	0.02181	0.06542	0.65888	0.01402	0.02336	0.00935	0.00467	0.00779
54	0.07130	0.55112	0.03962	0.01524	0.02197	0.09429	0.01440	0.02643	0.01861	0.02261	0.04626	0.01697	0.01497	0.00822	0.00607	0.00201	0.00951	0.00537	0.00424	0.01081
55	0.03316	0.02443	0.02618	0.02007	0.02705	0.02705	0.01658	0.60995	0.04101	0.05497	0.02094	0.02094	0.01483	0.01047	0.00873	0.00262	0.00960	0.00785	0.00873	0.01483
56	0.01268	0.00846	0.00951	0.00951	0.00951	0.00846	0.00529	0.01268	0.01268	0.01691	0.02748	0.05708	0.03171	0.69345	0.04440	0.00846	0.00846	0.01268	0.00529	0.00529
57	0.01384	0.16621	0.01755	0.01048	0.01387	0.01381	0.00838	0.01590	0.01839	0.02238	0.09390	0.06195	0.34927	0.14008	0.01541	0.00368	0.00625	0.01407	0.00669	0.00792
58	0.01249	0.00923	0.01344	0.01344	0.01479	0.01059	0.01018	0.01520	0.01385	0.01982	0.02390	0.03722	0.02309	0.14659	0.57946	0.01330	0.02144	0.00978	0.00475	0.00746
59	0.01251	0.00914	0.01299	0.01299	0.01419	0.01035	0.00962	0.01492	0.01371	0.01949	0.02430	0.03947	0.02407	0.20875	0.51864	0.01275	0.01996	0.01011	0.00481	0.00722
60	0.01750	0.04512	0.64825	0.02486	0.03775	0.02026	0.03223	0.02762	0.01842	0.02762	0.01565	0.01842	0.01105	0.00829	0.00829	0.00276	0.01289	0.00645	0.00368	0.01289
61	0.02159	0.02073	0.03541	0.05354	0.63903	0.02073	0.02677	0.02677	0.01986	0.02850	0.01641	0.02159	0.01382	0.00777	0.00864	0.00259	0.01036	0.00777	0.00432	0.01382
62	0.03262	0.04042	0.02482	0.02231	0.02697	0.61609	0.01684	0.07340	0.02581	0.02360	0.01398	0.01608	0.01148	0.00909	0.00792	0.00227	0.01532	0.00577	0.00478	0.01043
63	0.02159	0.02073	0.03541	0.05354	0.63903	0.02073	0.02677	0.02677	0.01986	0.02850	0.01641	0.02159	0.01382	0.00777	0.00864	0.00259	0.01036	0.00777	0.00432	0.01382
64	0.01052	0.00890	0.00913	0.00924	0.01213	0.00751	0.00704	0.01283	0.01989	0.02371	0.08601	0.08475	0.60282	0.02220	0.01041	0.00301	0.00462	0.04978	0.00810	0.00740
65	0.02332	0.69869	0.04571	0.01493	0.02239	0.03451	0.01493	0.02612	0.01772	0.02052	0.01213	0.01399	0.01119	0.00746	0.00560	0.00187	0.00933	0.00466	0.00373	0.01119
66	0.01268	0.00846	0.00951	0.00951	0.00951	0.00846	0.00529	0.01268	0.01268	0.01691	0.02748	0.05708	0.03171	0.69345	0.04440	0.00846	0.00846	0.01268	0.00529	0.00529
67	0.01057	0.00782	0.00989	0.01155	0.01249	0.00714	0.00783	0.01221	0.01728	0.02250	0.05537	0.57840	0.16234	0.02638	0.01098	0.00343	0.00494	0.02364	0.00810	0.00714
68	0.01073	0.00763	0.01009	0.01202	0.01250	0.00715	0.00796	0.01217	0.01651	0.02201	0.04709	0.65767	0.05645	0.05910	0.01272	0.00378	0.00522	0.02422	0.00796	0.00700
69	0.01809	0.01550	0.01809	0.01292	0.02067	0.01163	0.01034	0.02196	0.01809	0.02842	0.01550	0.01809	0.01292	0.00646	0.00646	0.00129	0.00646	0.00517	0.00517	0.74677
70	0.01750	0.04512	0.64825	0.02486	0.03775	0.02026	0.03223	0.02762	0.01842	0.02762	0.01565	0.01842	0.01105	0.00829	0.00829	0.00276	0.01289	0.00645	0.00368	0.01289
71	0.01063	0.00759	0.01012	0.01215	0.01265	0.00709	0.00810	0.01215	0.01670	0.02227	0.04808	0.68775	0.05769	0.02733	0.01113	0.00354	0.00506	0.02480	0.00810	0.00709
72	0.02332	0.69869	0.04571	0.01493	0.02239	0.03451	0.01493	0.02612	0.01772	0.02052	0.01213	0.01399	0.01119	0.00746	0.00560	0.00187	0.00933	0.00466	0.00373	0.01119
73	0.11864	0.03244	0.02254	0.01991	0.02494	0.39985	0.01531	0.09327	0.10254	0.06364	0.01808	0.01902	0.01395	0.00950	0.00784	0.00246	0.01243	0.00646	0.00595	0.01125
74	0.01044	0.00884	0.00902	0.00897	0.01186	0.00742	0.00673	0.01277	0.02019	0.02429	0.12330	0.08274	0.60010	0.02182	0.01031	0.00293	0.00440	0.01824	0.00820	0.00742
75	0.01127	0.00879	0.01022	0.01004	0.01242	0.00774	0.00746	0.01431	0.02188	0.02873	0.33704	0.11578	0.34209	0.02048	0.01035	0.00289	0.00432	0.01763	0.00879	0.00774
76	0.03258	0.04157	0.02472	0.02247	0.02697	0.65843	0.01685	0.03483	0.02472	0.02135	0.01348	0.01573	0.01124	0.00899	0.00787	0.00225	0.01573	0.00562	0.00449	0.01011
77	0.03222	0.02388	0.02567	0.01963	0.02665	0.02609	0.01619	0.57338	0.03959	0.05332	0.02060	0.02076	0.01472	0.01022	0.00859	0.00254	0.00940	0.00769	0.00850	0.06035
78	0.03316	0.02443	0.02618	0.02007	0.02705	0.02705	0.01658	0.60995	0.04101	0.05497	0.02094	0.02094	0.01483	0.01047	0.00873	0.00262	0.00960	0.00785	0.00873	0.01483
79	0.03258	0.04157	0.02472	0.02247	0.02697	0.65843	0.01685	0.03483	0.02472	0.02135	0.01348	0.01573	0.01124	0.00899	0.00787	0.00225	0.01573	0.00562	0.00449	0.01011
80	0.01045	0.00866	0.00915	0.00940	0.01196	0.00736	0.00691	0.01265	0.01966	0.02391	0.10808	0.16821	0.52830	0.02263	0.01042	0.00302	0.00449	0.01919	0.00817	0.00736
81	0.02332	0.69869	0.04571	0.01493	0.02239	0.03451	0.01493	0.02612	0.01772	0.02052	0.01213	0.01399	0.01119	0.00746	0.00560	0.00187	0.00933	0.00466	0.00373	0.01119
82	0.01274	0.00969	0.01183	0.01132	0.01367	0.00922	0.00846	0.01822	0.07683	0.03247	0.45602	0.10578	0.16364	0.01859	0.01022	0.00285	0.00447	0.01625	0.00920	0.00852
83	0.01063	0.00759	0.01012	0.01215	0.01265	0.00709	0.00810	0.01215	0.01670	0.02227	0.04808	0.68775	0.05769	0.02733	0.01113	0.00354	0.00506	0.02480	0.00810	0.00709
84	0.02120	0.02050	0.03552	0.09428	0.57317	0.02070	0.05306	0.02652	0.01973	0.02806	0.01640	0.02179	0.01364	0.00782	0.00872	0.00263	0.01065	0.00789	0.00429	0.01345
85	0.39227	0.12025	0.21009	0.01659	0.02449	0.05673	0.01749	0.02681	0.01686	0.03213	0.01328	0.01551	0.01027	0.00812	0.00643	0.00258	0.00945	0.00528	0.00460	0.01076
86	0.01063	0.00759	0.01012	0.01215	0.01265	0.00709	0.00810	0.01215	0.01670	0.02227	0.04808	0.68775	0.05769	0.02733	0.01113	0.00354	0.00506	0.02480	0.00810	0.00709
87	0.02609	0.01865	0.02059	0.01669	0.02124	0.02108	0.01361	0.35092	0.03041	0.04365	0.02210	0.02434	0.01676	0.01098	0.01041	0.00259	0.09213	0.00791	0.23779	0.01207
88	0.02338	0.34607	0.20831	0.02166	0.06770	0.15021	0.02087	0.02826	0.01941	0.02317	0.01365	0.01605	0.01133	0.00801	0.00698	0.00224	0.01162	0.00555	0.00390	0.01163
89	0.01094	0.00820	0.01015	0.01106	0.01252	0.00742	0.00776	0.01322	0.01931	0.02549	0.19189	0.39583	0.20670	0.02386	0.01074	0.00321	0.00469	0.02115	0.00844	0.00742
90	0.03222	0.02352	0.02517	0.01940	0.02611	0.02599	0.01599	0.57703	0.03974	0.05372	0.02136	0.02159	0.01525	0.01045	0.00858	0.00259	0.00929	0.00787	0.04965	0.01446
91	0.01268	0.00846	0.00951	0.00951	0.00951	0.00846	0.00529	0.01268	0.01268	0.01691	0.02748	0.05708	0.03171	0.69345	0.04440	0.00846	0.00846	0.01268	0.00529	0.00529
92	0.01247	0.00930	0.01377	0.01377	0.01524	0.01077	0.01059	0.01541	0.01394	0.02006	0.02359	0.03554	0.02236	0.10048	0.62457	0.01371	0.02253	0.00953	0.00471	0.00765
93	0.01809	0.01550	0.01809	0.01292	0.02067	0.01163	0.01034	0.02196	0.01809	0.02842	0.01550	0.01809	0.01292	0.00646	0.00646	0.00129	0.00646	0.00517	0.00517	0.74677
94	0.01539	0.01631	0.01246	0.01195	0.01525	0.15595	0.00896	0.01761	0.02099	0.02306	0.07128	0.06838	0.49303	0.01910	0.00975	0.00279	0.00700	0.01549	0.00728	0.00799
95	0.01246	0.00935	0.01402	0.01402	0.01558	0.01090	0.01090	0.01558	0.01402	0.02025	0.02336	0.03427	0.02181	0.06542	0.65888	0.01402	0.02336	0.00935	0.00467	0.00779
96	0.02884	0.03533	0.02527	0.02259	0.02584	0.48300	0.01747	0.03099	0.02156	0.02125	0.01292	0.01666	0.01130	0.01073	0.01363	0.00268	0.19950	0.00618	0.00431	0.00995
97	0.01804	0.03835	0.49500	0.02477	0.07323	0.01922	0.02808	0.02774	0.04811	0.02822	0.01665	0.01927	0.01224	0.00819	0.00810	0.00257	0.01159	0.00653	0.00417	0.10994
98	0.02153	0.01876	0.02017	0.01808	0.02270	0.02202	0.01414	0.04473	0.58425	0.03550	0.03396	0.03168	0.02566	0.01205	0.01014	0.00301	0.04980	0.00972	0.00855	0.01353
99	0.01083	0.00802	0.01012	0.01136	0.01255	0.00731	0.00785	0.01288	0.01851	0.02445	0.14530	0.48093	0.16815	0.02491	0.01085	0.00331	0.00480	0.02224	0.00833	0.00731

[dist]
# distance from previous block
# <min> <max>
0	22

[block]
# block no. 3 follows, 20 sequences, length 17
# corresponding to MSA columns:
# 171-187
name=unknown_D
#
# <colnr> <probs for GDERKNQSTAVLIFYWHMCP>
#	G	D	E	R	K	N	Q	S	T	A	V	L	I	F	Y	W	H	M	C	P
0	0.06399	0.01903	0.02543	0.38398	0.04493	0.02235	0.02045	0.24923	0.02639	0.03584	0.01742	0.02186	0.01274	0.00936	0.00854	0.00278	0.01057	0.00762	0.00583	0.01166
1	0.02241	0.09013	0.03581	0.04782	0.54083	0.05983	0.02499	0.02718	0.01993	0.02727	0.01580	0.02048	0.01340	0.00781	0.00828	0.00250	0.01058	0.00733	0.00427	0.01333
2	0.06837	0.01560	0.02523	0.62603	0.05704	0.01939	0.02319	0.02252	0.01726	0.02347	0.01527	0.02262	0.01147	0.00868	0.00849	0.00289	0.01128	0.00754	0.00398	0.00967
3	0.01103	0.00897	0.00984	0.00992	0.01263	0.00778	0.00764	0.01374	0.02071	0.02575	0.17630	0.08223	0.48327	0.02157	0.01048	0.00302	0.00473	0.07447	0.00835	0.00758
4	0.01192	0.00946	0.01086	0.01098	0.01349	0.00869	0.00838	0.01606	0.05679	0.02729	0.21093	0.13446	0.34656	0.02114	0.01048	0.00307	0.00494	0.07799	0.00851	0.00801
5	0.01750	0.04512	0.64825	0.02486	0.03775	0.02026	0.03223	0.02762	0.01842	0.02762	0.01565	0.01842	0.01105	0.00829	0.00829	0.00276	0.01289	0.00645	0.00368	0.01289
6	0.01515	0.00758	0.01136	0.01136	0.01136	0.00758	0.00758	0.01136	0.01136	0.01515	0.01515	0.02652	0.01515	0.03030	0.03409	0.74621	0.00758	0.00758	0.00379	0.00379
7	0.01063	0.00759	0.01012	0.01215	0.01265	0.00709	0.00810	0.01215	0.01670	0.02227	0.04808	0.68775	0.05769	0.02733	0.01113	0.00354	0.00506	0.02480	0.00810	0.00709
8	0.01993	0.04602	0.01627	0.01330	0.01707	0.01294	0.01049	0.02713	0.13207	0.15546	0.24802	0.05280	0.10845	0.05554	0.01161	0.00316	0.00606	0.04429	0.00892	0.01046
9	0.02159	0.02073	0.03541	0.05354	0.63903	0.02073	0.02677	0.02677	0.01986	0.02850	0.01641	0.02159	0.01382	0.00777	0.00864	0.00259	0.01036	0.00777	0.00432	0.01382
10	0.02131	0.47258	0.25417	0.01836	0.02770	0.02958	0.02091	0.02664	0.01796	0.02298	0.01335	0.01552	0.01114	0.00775	0.00653	0.00218	0.01056	0.00528	0.00371	0.01178
11	0.01647	0.01550	0.02616	0.67248	0.06008	0.01938	0.02422	0.02229	0.01744	0.02229	0.01550	0.02326	0.01163	0.00872	0.00872	0.00291	0.01163	0.00775	0.00388	0.00969
12	0.25788	0.02763	0.02013	0.01783	0.02268	0.29618	0.01391	0.03320	0.07605	0.09857	0.01734	0.01852	0.01327	0.00948	0.00831	0.00258	0.04366	0.00618	0.00586	0.01075
13	0.02266	0.02791	0.12199	0.07725	0.37333	0.13693	0.06024	0.02818	0.02045	0.02669	0.01579	0.02027	0.01279	0.00810	0.00855	0.00259	0.01203	0.00734	0.00424	0.01266
14	0.02812	0.19382	0.03229	0.02793	0.18563	0.24104	0.01856	0.06085	0.02259	0.08746	0.01640	0.01851	0.01313	0.00855	0.00765	0.00231	0.01160	0.00638	0.00511	0.01207
15	0.02123	0.14707	0.09569	0.03121	0.15666	0.02382	0.20684	0.03111	0.14296	0.02842	0.01986	0.02277	0.01552	0.00846	0.00863	0.00266	0.01108	0.00831	0.00511	0.01260
16	0.02670	0.02947	0.02584	0.09238	0.14099	0.31146	0.01875	0.06420	0.14977	0.02766	0.01923	0.02136	0.01517	0.00941	0.00835	0.00254	0.01217	0.00723	0.00554	0.01177

[dist]
# distance from previous block
# <min> <max>
0	1

[block]
# block no. 4 follows, 20 sequences, length 41
# corresponding to MSA columns:
# 189-229
name=unknown_E
#
# <colnr> <probs for GDERKNQSTAVLIFYWHMCP>
#	G	D	E	R	K	N	Q	S	T	A	V	L	I	F	Y	W	H	M	C	P
0	0.02324	0.02374	0.03298	0.04700	0.51483	0.11620	0.02460	0.02901	0.05252	0.02785	0.01698	0.02129	0.01411	0.00817	0.00853	0.00256	0.01098	0.00756	0.00459	0.01326
1	0.01939	0.25737	0.45257	0.02163	0.03276	0.02489	0.02661	0.02714	0.01819	0.02532	0.01451	0.01698	0.01110	0.00802	0.00741	0.00247	0.01173	0.00587	0.00370	0.01234
2	0.02075	0.46014	0.03530	0.01512	0.02070	0.06548	0.01388	0.02361	0.01708	0.02049	0.01545	0.01994	0.01426	0.02427	0.19411	0.00539	0.01376	0.00607	0.00405	0.01015
3	0.09625	0.01977	0.01961	0.01684	0.02236	0.08324	0.01328	0.04098	0.33083	0.17824	0.02971	0.02764	0.02150	0.01065	0.00829	0.00271	0.00788	0.00843	0.00835	0.05344
4	0.06188	0.10542	0.55335	0.02312	0.03505	0.02157	0.02923	0.02736	0.01814	0.02764	0.01511	0.01774	0.01097	0.00820	0.00786	0.00267	0.01219	0.00617	0.00379	0.01253
5	0.06274	0.06381	0.05744	0.02283	0.02827	0.36127	0.07529	0.11353	0.02453	0.02783	0.01475	0.01752	0.01187	0.00946	0.00991	0.00254	0.07383	0.00653	0.00500	0.01104
6	0.01643	0.01200	0.01445	0.01435	0.01752	0.01220	0.01171	0.02495	0.16319	0.06681	0.13414	0.07130	0.15711	0.01914	0.01053	0.00331	0.00650	0.22604	0.00863	0.00971
7	0.03289	0.03242	0.02550	0.02119	0.02701	0.32109	0.01671	0.34211	0.03342	0.03931	0.01747	0.01852	0.01316	0.00978	0.00833	0.00245	0.01245	0.00681	0.00676	0.01264
8	0.01301	0.00965	0.01260	0.01388	0.01611	0.00924	0.01175	0.01661	0.02047	0.02635	0.11191	0.09184	0.19122	0.02303	0.01147	0.00364	0.00681	0.39432	0.00820	0.00789
9	0.03316	0.02443	0.02618	0.02007	0.02705	0.02705	0.01658	0.60995	0.04101	0.05497	0.02094	0.02094	0.01483	0.01047	0.00873	0.00262	0.00960	0.00785	0.00873	0.01483
10	0.01246	0.00935	0.01402	0.01402	0.01558	0.01090	0.01090	0.01558	0.01402	0.02025	0.02336	0.03427	0.02181	0.06542	0.65888	0.01402	0.02336	0.00935	0.00467	0.00779
11	0.01232	0.00759	0.01059	0.01185	0.01217	0.00727	0.00790	0.01185	0.01470	0.01960	0.03574	0.43993	0.04175	0.02844	0.01974	0.28189	0.00600	0.01834	0.00648	0.00585
12	0.01751	0.01222	0.01344	0.01200	0.01365	0.01284	0.00795	0.15348	0.01936	0.02589	0.02594	0.04856	0.02773	0.53244	0.03599	0.00708	0.00873	0.01155	0.00610	0.00754
13	0.03316	0.02443	0.02618	0.02007	0.02705	0.02705	0.01658	0.60995	0.04101	0.05497	0.02094	0.02094	0.01483	0.01047	0.00873	0.00262	0.00960	0.00785	0.00873	0.01483
14	0.01144	0.00817	0.01105	0.01307	0.01393	0.00778	0.00950	0.01354	0.01750	0.02317	0.04763	0.54882	0.05593	0.02657	0.01135	0.00365	0.00576	0.15576	0.00808	0.00731
15	0.03258	0.04157	0.02472	0.02247	0.02697	0.65843	0.01685	0.03483	0.02472	0.02135	0.01348	0.01573	0.01124	0.00899	0.00787	0.00225	0.01573	0.00562	0.00449	0.01011
16	0.01050	0.00849	0.00933	0.00986	0.01208	0.00733	0.00711	0.01260	0.01923	0.02375	0.10349	0.25098	0.44811	0.02334	0.01054	0.00310	0.00458	0.02006	0.00817	0.00733
17	0.01061	0.00767	0.01005	0.01195	0.01260	0.00710	0.00801	0.01217	0.01689	0.02234	0.05047	0.65187	0.09203	0.02702	0.01108	0.00351	0.00502	0.02442	0.00810	0.00710
18	0.01063	0.00759	0.01012	0.01215	0.01265	0.00709	0.00810	0.01215	0.01670	0.02227	0.04808	0.68775	0.05769	0.02733	0.01113	0.00354	0.00506	0.02480	0.00810	0.00709
19	0.02386	0.01981	0.02094	0.01819	0.02351	0.02271	0.01433	0.15271	0.51340	0.03998	0.03276	0.03035	0.02440	0.01158	0.00885	0.00289	0.00741	0.00948	0.00885	0.01400
20	0.01246	0.00935	0.01402	0.01402	0.01558	0.01090	0.01090	0.01558	0.01402	0.02025	0.02336	0.03427	0.02181	0.06542	0.65888	0.01402	0.02336	0.00935	0.00467	0.00779
21	0.01060	0.00771	0.01000	0.01183	0.01257	0.00711	0.00796	0.01218	0.01700	0.02239	0.05190	0.63050	0.11248	0.02683	0.01106	0.00349	0.00500	0.02419	0.00810	0.00711
22	0.01031	0.00884	0.00884	0.00884	0.01178	0.00736	0.00663	0.01252	0.01988	0.02356	0.08837	0.08395	0.63549	0.02209	0.01031	0.00295	0.00442	0.01841	0.00810	0.00736
23	0.01246	0.00935	0.01402	0.01402	0.01558	0.01090	0.01090	0.01558	0.01402	0.02025	0.02336	0.03427	0.02181	0.06542	0.65888	0.01402	0.02336	0.00935	0.00467	0.00779
24	0.02159	0.02073	0.03541	0.05354	0.63903	0.02073	0.02677	0.02677	0.01986	0.02850	0.01641	0.02159	0.01382	0.00777	0.00864	0.00259	0.01036	0.00777	0.00432	0.01382
25	0.03258	0.04157	0.02472	0.02247	0.02697	0.65843	0.01685	0.03483	0.02472	0.02135	0.01348	0.01573	0.01124	0.00899	0.00787	0.00225	0.01573	0.00562	0.00449	0.01011
26	0.02332	0.69869	0.04571	0.01493	0.02239	0.03451	0.01493	0.02612	0.01772	0.02052	0.01213	0.01399	0.01119	0.00746	0.00560	0.00187	0.00933	0.00466	0.00373	0.01119
27	0.02349	0.29765	0.23388	0.02108	0.02966	0.17635	0.05339	0.02875	0.01975	0.02340	0.01388	0.01634	0.01127	0.00808	0.00725	0.00230	0.01227	0.00577	0.00393	0.01151
28	0.01626	0.01543	0.01604	0.01561	0.01773	0.13310	0.01203	0.01921	0.01604	0.02046	0.02150	0.03077	0.01981	0.05477	0.53603	0.01180	0.02192	0.00864	0.00464	0.00823
29	0.03316	0.02443	0.02618	0.02007	0.02705	0.02705	0.01658	0.60995	0.04101	0.05497	0.02094	0.02094	0.01483	0.01047	0.00873	0.00262	0.00960	0.00785	0.00873	0.01483
30	0.03280	0.03515	0.02527	0.02157	0.02700	0.42179	0.01675	0.25038	0.03083	0.03395	0.01628	0.01768	0.01258	0.00954	0.00819	0.00239	0.01343	0.00646	0.00608	0.01188
31	0.01248	0.00926	0.01359	0.01359	0.01500	0.01067	0.01037	0.01530	0.01389	0.01993	0.02376	0.03643	0.02275	0.12497	0.60061	0.01349	0.02195	0.00966	0.00473	0.00755
32	0.03599	0.01989	0.02337	0.01791	0.02478	0.02031	0.01480	0.34112	0.03341	0.33453	0.02732	0.02509	0.01804	0.01063	0.00875	0.00266	0.00857	0.00829	0.00971	0.01484
33	0.02391	0.01476	0.01570	0.01311	0.01728	0.01568	0.01048	0.24952	0.02741	0.07088	0.02584	0.02790	0.01941	0.01031	0.00724	0.00229	0.00637	0.00805	0.42281	0.01105
34	0.01112	0.00794	0.01068	0.01270	0.01342	0.00751	0.00894	0.01299	0.01718	0.02281	0.04781	0.60395	0.05663	0.02687	0.01126	0.00361	0.00548	0.10379	0.00809	0.00722
35	0.01088	0.00886	0.00963	0.00943	0.01213	0.00761	0.00708	0.01362	0.02123	0.02676	0.24124	0.07869	0.48062	0.02090	0.01030	0.00289	0.00433	0.01767	0.00852	0.00761
36	0.01584	0.01271	0.01739	0.01596	0.01705	0.01618	0.01284	0.01873	0.01478	0.02342	0.02010	0.02817	0.01806	0.03360	0.26878	0.00737	0.26397	0.00842	0.17814	0.00853
37	0.01063	0.00759	0.01012	0.01215	0.01265	0.00709	0.00810	0.01215	0.01670	0.02227	0.04808	0.68775	0.05769	0.02733	0.01113	0.00354	0.00506	0.02480	0.00810	0.00709
38	0.03258	0.04157	0.02472	0.02247	0.02697	0.65843	0.01685	0.03483	0.02472	0.02135	0.01348	0.01573	0.01124	0.00899	0.00787	0.00225	0.01573	0.00562	0.00449	0.01011
39	0.01203	0.00883	0.01159	0.01328	0.01481	0.00838	0.01039	0.01472	0.01864	0.02410	0.05373	0.34088	0.14707	0.02512	0.01139	0.00365	0.00622	0.25957	0.00807	0.00753
40	0.01176	0.00861	0.01244	0.01326	0.01441	0.00809	0.04419	0.01388	0.01709	0.02358	0.04437	0.58540	0.05165	0.02449	0.01061	0.00336	0.00555	0.02234	0.07746	0.00747

[dist]
# distance from previous block
# <min> <max>
0	17

[block]
# block no. 5 follows, 20 sequences, length 31
# corresponding to MSA columns:
# 247-277
name=unknown_F
#
# <colnr> <probs for GDERKNQSTAVLIFYWHMCP>
#	G	D	E	R	K	N	Q	S	T	A	V	L	I	F	Y	W	H	M	C	P
0	0.02153	0.02089	0.03632	0.05258	0.60516	0.02080	0.05991	0.02684	0.01990	0.02847	0.01648	0.02170	0.01378	0.00775	0.00873	0.00261	0.01061	0.00792	0.00432	0.01370
1	0.75506	0.01687	0.01282	0.01147	0.01687	0.01957	0.00945	0.02564	0.01484	0.03914	0.01215	0.01417	0.00945	0.00810	0.00540	0.00270	0.00675	0.00472	0.00540	0.00945
2	0.01031	0.00884	0.00884	0.00884	0.01178	0.00736	0.00663	0.01252	0.01988	0.02356	0.08837	0.08395	0.63549	0.02209	0.01031	0.00295	0.00442	0.01841	0.00810	0.00736
3	0.01063	0.00759	0.01012	0.01215	0.01265	0.00709	0.00810	0.01215	0.01670	0.02227	0.04808	0.68775	0.05769	0.02733	0.01113	0.00354	0.00506	0.02480	0.00810	0.00709
4	0.02150	0.02099	0.03691	0.05197	0.58355	0.02085	0.08105	0.02688	0.01993	0.02845	0.01652	0.02177	0.01376	0.00773	0.00879	0.00262	0.01077	0.00801	0.00433	0.01363
5	0.01647	0.01550	0.02616	0.67248	0.06008	0.01938	0.02422	0.02229	0.01744	0.02229	0.01550	0.02326	0.01163	0.00872	0.00872	0.00291	0.01163	0.00775	0.00388	0.00969
6	0.01268	0.00846	0.00951	0.00951	0.00951	0.00846	0.00529	0.01268	0.01268	0.01691	0.02748	0.05708	0.03171	0.69345	0.04440	0.00846	0.00846	0.01268	0.00529	0.00529
7	0.01077	0.00770	0.01025	0.01205	0.01268	0.00718	0.00811	0.01249	0.01735	0.02329	0.09542	0.63749	0.05968	0.02656	0.01107	0.00348	0.00498	0.02407	0.00822	0.00718
8	0.01831	0.01514	0.01543	0.01451	0.01713	0.05472	0.01039	0.08062	0.21317	0.02816	0.03287	0.17488	0.03265	0.22877	0.02042	0.00473	0.00781	0.01341	0.00730	0.00959
9	0.01626	0.00813	0.00813	0.00813	0.01016	0.00813	0.00610	0.02033	0.01829	0.03252	0.02846	0.03252	0.02236	0.01016	0.00610	0.00203	0.00407	0.00813	0.74187	0.00813
10	0.03079	0.01988	0.02190	0.01722	0.02324	0.02132	0.01409	0.39300	0.06097	0.14681	0.02506	0.02484	0.01773	0.01053	0.00830	0.00255	0.00819	0.00814	0.13177	0.01367
11	0.01913	0.01370	0.01644	0.01435	0.01600	0.01561	0.01052	0.11644	0.01853	0.06072	0.02348	0.04038	0.02364	0.36641	0.03130	0.00588	0.14803	0.01038	0.04060	0.00845
12	0.01308	0.01026	0.01521	0.01485	0.01626	0.01238	0.01167	0.01608	0.01396	0.02032	0.02225	0.03285	0.02084	0.06073	0.59995	0.01306	0.08452	0.00919	0.00459	0.00795
13	0.01226	0.00828	0.00964	0.01006	0.01017	0.00817	0.00587	0.01257	0.01352	0.01803	0.03178	0.18873	0.03714	0.55440	0.03745	0.00743	0.00775	0.01521	0.00587	0.00566
14	0.03258	0.04157	0.02472	0.02247	0.02697	0.65843	0.01685	0.03483	0.02472	0.02135	0.01348	0.01573	0.01124	0.00899	0.00787	0.00225	0.01573	0.00562	0.00449	0.01011
15	0.02332	0.69869	0.04571	0.01493	0.02239	0.03451	0.01493	0.02612	0.01772	0.02052	0.01213	0.01399	0.01119	0.00746	0.00560	0.00187	0.00933	0.00466	0.00373	0.01119
16	0.02262	0.02306	0.03562	0.04905	0.52935	0.08519	0.07264	0.02768	0.02041	0.02773	0.01621	0.02115	0.01351	0.00786	0.00869	0.00258	0.01126	0.00776	0.00434	0.01328
17	0.07750	0.04012	0.52862	0.02698	0.10310	0.02025	0.02978	0.02737	0.01829	0.02865	0.01545	0.01843	0.01123	0.00821	0.00809	0.00274	0.01211	0.00645	0.00389	0.01272
18	0.01143	0.00909	0.01045	0.01106	0.01357	0.00811	0.00877	0.01419	0.02003	0.02481	0.10587	0.12107	0.41631	0.02268	0.01082	0.00325	0.00539	0.16737	0.00817	0.00757
19	0.02720	0.01654	0.01821	0.01630	0.02071	0.08477	0.01308	0.07744	0.04843	0.26944	0.03578	0.15202	0.03211	0.01615	0.00975	0.00307	0.00824	0.13038	0.00882	0.01155
20	0.02159	0.02073	0.03541	0.05354	0.63903	0.02073	0.02677	0.02677	0.01986	0.02850	0.01641	0.02159	0.01382	0.00777	0.00864	0.00259	0.01036	0.00777	0.00432	0.01382
21	0.01245	0.00972	0.01282	0.01279	0.01482	0.00909	0.03647	0.04612	0.01994	0.02615	0.12498	0.39848	0.19710	0.02306	0.01066	0.00322	0.00549	0.02055	0.00814	0.00793
22	0.02088	0.02162	0.06929	0.10978	0.55081	0.02057	0.02684	0.02640	0.01955	0.02787	0.01628	0.02156	0.01346	0.00789	0.00862	0.00263	0.01062	0.00769	0.00424	0.01338
23	0.02217	0.02182	0.03485	0.05191	0.60696	0.05414	0.02625	0.02719	0.02012	0.02812	0.01625	0.02128	0.01368	0.00784	0.00860	0.00257	0.01064	0.00766	0.00433	0.01362
24	0.01292	0.00992	0.01205	0.01218	0.01447	0.00961	0.00929	0.01849	0.08849	0.02951	0.27962	0.17430	0.17966	0.02046	0.01051	0.00311	0.00517	0.09302	0.00875	0.00846
25	0.02096	0.41076	0.27268	0.02003	0.02961	0.02838	0.05840	0.02680	0.01816	0.02366	0.01380	0.01625	0.01127	0.00777	0.00690	0.00227	0.01100	0.00569	0.00376	0.01187
26	0.02826	0.07274	0.02361	0.01905	0.02406	0.35411	0.01489	0.16881	0.02736	0.02978	0.02824	0.02876	0.12087	0.01153	0.00836	0.00243	0.01188	0.00833	0.00609	0.01084
27	0.02023	0.35203	0.36530	0.02020	0.03054	0.02695	0.02410	0.02692	0.01809	0.02429	0.01400	0.01634	0.01112	0.00790	0.00702	0.00234	0.01122	0.00561	0.00371	0.01209
28	0.02203	0.23679	0.03254	0.01871	0.02460	0.04854	0.13647	0.09878	0.02149	0.02943	0.01911	0.02263	0.01543	0.01172	0.04284	0.00291	0.01021	0.00740	0.18760	0.01078
29	0.06500	0.02173	0.14861	0.01697	0.02347	0.01691	0.01614	0.14946	0.06363	0.14151	0.20367	0.03530	0.03555	0.01220	0.00892	0.00272	0.00796	0.01000	0.00811	0.01211
30	0.01669	0.01300	0.01867	0.02440	0.21451	0.01212	0.01394	0.01984	0.01980	0.08303	0.05319	0.16382	0.27782	0.01734	0.00977	0.00291	0.00672	0.01520	0.00714	0.01009

[dist]
# distance from previous block
# <min> <max>
0	5

[block]
# block no. 6 follows, 20 sequences, length 164
# corresponding to MSA columns:
# 283-446
name=unknown_G
#
# <colnr> <probs for GDERKNQSTAVLIFYWHMCP>
#	G	D	E	R	K	N	Q	S	T	A	V	L	I	F	Y	W	H	M	C	P
0	0.18274	0.15366	0.05678	0.01532	0.02067	0.05402	0.01354	0.06096	0.11121	0.03034	0.03042	0.03375	0.11405	0.01222	0.00874	0.00272	0.04072	0.04142	0.00615	0.01059
1	0.01359	0.00925	0.01174	0.01092	0.01338	0.00837	0.00826	0.01738	0.02399	0.06858	0.51846	0.06590	0.16111	0.01806	0.01020	0.00277	0.00435	0.01576	0.00945	0.00848
2	0.01063	0.00759	0.01012	0.01215	0.01265	0.00709	0.00810	0.01215	0.01670	0.02227	0.04808	0.68775	0.05769	0.02733	0.01113	0.00354	0.00506	0.02480	0.00810	0.00709
3	0.02159	0.02073	0.03541	0.05354	0.63903	0.02073	0.02677	0.02677	0.01986	0.02850	0.01641	0.02159	0.01382	0.00777	0.00864	0.00259	0.01036	0.00777	0.00432	0.01382
4	0.03052	0.03643	0.02415	0.02288	0.05724	0.51937	0.01658	0.06503	0.05962	0.02500	0.01613	0.01820	0.01306	0.00923	0.00791	0.00231	0.01398	0.00623	0.04545	0.01066
5	0.01074	0.00885	0.00943	0.00929	0.01204	0.00755	0.00696	0.01335	0.02089	0.02596	0.20300	0.08000	0.51937	0.02120	0.01030	0.00290	0.00435	0.01786	0.00842	0.00755
6	0.01257	0.00841	0.00955	0.00967	0.00970	0.00838	0.00545	0.01265	0.01292	0.01722	0.02868	0.09357	0.03322	0.65491	0.04247	0.00817	0.00826	0.01339	0.00545	0.00539
7	0.01454	0.00970	0.01336	0.01472	0.01669	0.00942	0.01220	0.01805	0.02021	0.05922	0.11182	0.20381	0.05371	0.02331	0.01150	0.00371	0.00699	0.38042	0.00837	0.00823
8	0.02750	0.01417	0.01757	0.01506	0.01988	0.01372	0.01181	0.06596	0.13822	0.32260	0.04002	0.17834	0.06568	0.01528	0.00940	0.00294	0.00675	0.01303	0.00956	0.01250
9	0.01063	0.00759	0.01012	0.01215	0.01265	0.00709	0.00810	0.01215	0.01670	0.02227	0.04808	0.68775	0.05769	0.02733	0.01113	0.00354	0.00506	0.02480	0.00810	0.00709
10	0.01723	0.01650	0.02171	0.01945	0.02029	0.05364	0.01581	0.01962	0.01421	0.02072	0.01616	0.02477	0.01544	0.03431	0.27090	0.00767	0.39031	0.00819	0.00418	0.00889
11	0.02265	0.11823	0.39411	0.02302	0.03280	0.21200	0.02568	0.02960	0.02022	0.02495	0.01461	0.01711	0.01112	0.00840	0.00786	0.00251	0.01333	0.00600	0.00393	0.01187
12	0.03316	0.02443	0.02618	0.02007	0.02705	0.02705	0.01658	0.60995	0.04101	0.05497	0.02094	0.02094	0.01483	0.01047	0.00873	0.00262	0.00960	0.00785	0.00873	0.01483
