[name]
unknown

[dist]
# distance from previous block
# <min> <max>
0	1

[block]
# block no. 0 follows, 21 sequences, length 16
# corresponding to MSA columns:
# 1-16
name=unknown_A
#
# <colnr> <probs for GDERKNQSTAVLIFYWHMCP>
#	G	D	E	R	K	N	Q	S	T	A	V	L	I	F	Y	W	H	M	C	P
0	0.01964	0.13656	0.23196	0.01949	0.02624	0.14025	0.02019	0.02500	0.01954	0.02423	0.02404	0.04222	0.02328	0.01311	0.00879	0.00286	0.01100	0.19621	0.00513	0.01026
1	0.02166	0.40796	0.25721	0.01869	0.02754	0.09156	0.02067	0.02684	0.01821	0.02253	0.01317	0.01533	0.01088	0.00771	0.00660	0.00216	0.01094	0.00525	0.00370	0.01140
2	0.17035	0.24494	0.02867	0.04847	0.02451	0.21467	0.01474	0.11369	0.02202	0.02874	0.01362	0.01559	0.01114	0.00832	0.00666	0.00224	0.01059	0.00543	0.00489	0.01072
3	0.02095	0.02653	0.15325	0.10581	0.40367	0.08991	0.02586	0.02670	0.01938	0.02628	0.01547	0.02001	0.01247	0.00790	0.00829	0.00255	0.01128	0.00710	0.00407	0.01251
4	0.03185	0.03890	0.02426	0.02169	0.02632	0.60327	0.01642	0.09203	0.02569	0.02408	0.01388	0.01585	0.01131	0.00891	0.00776	0.00223	0.01475	0.00570	0.00479	0.01032
5	0.03045	0.01277	0.01727	0.01383	0.01906	0.01118	0.01118	0.03395	0.02428	0.47034	0.21406	0.03921	0.03860	0.01256	0.00900	0.00265	0.00629	0.01058	0.01019	0.01257
6	0.01238	0.00825	0.00928	0.00928	0.00928	0.00825	0.00516	0.01238	0.01238	0.01650	0.02681	0.05569	0.03094	0.70092	0.04331	0.00825	0.00825	0.01238	0.00516	0.00516
7	0.01037	0.00741	0.00987	0.01185	0.01234	0.00691	0.00790	0.01185	0.01629	0.02172	0.04690	0.69537	0.05629	0.02666	0.01086	0.00346	0.00494	0.02419	0.00790	0.00691
8	0.01238	0.00825	0.00928	0.00928	0.00928	0.00825	0.00516	0.01238	0.01238	0.01650	0.02681	0.05569	0.03094	0.70092	0.04331	0.00825	0.00825	0.01238	0.00516	0.00516
9	0.01862	0.01862	0.02607	0.02234	0.02234	0.02607	0.01862	0.02048	0.01303	0.02048	0.01117	0.01862	0.01117	0.01489	0.02793	0.00372	0.68535	0.00745	0.00372	0.00931
10	0.01020	0.00805	0.00921	0.01013	0.01189	0.00706	0.00714	0.01204	0.01795	0.02240	0.06786	0.36835	0.36978	0.02394	0.01043	0.00315	0.00460	0.02087	0.00790	0.00706
11	0.01236	0.00833	0.00967	0.00967	0.00980	0.00846	0.00564	0.01262	0.01249	0.01679	0.02646	0.05373	0.03009	0.64492	0.09815	0.00873	0.00953	0.01209	0.00510	0.00537
12	0.02786	0.01887	0.01830	0.01511	0.01993	0.10187	0.01206	0.22841	0.02742	0.15836	0.02449	0.02522	0.01776	0.00999	0.00755	0.00233	0.00792	0.00764	0.25723	0.01167
13	0.02592	0.01974	0.02152	0.01656	0.02313	0.02026	0.01347	0.35160	0.08397	0.04288	0.02053	0.02128	0.01537	0.00913	0.00770	0.00216	0.00788	0.00706	0.05274	0.23711
14	0.05589	0.16545	0.10922	0.01733	0.02391	0.07969	0.01608	0.15974	0.02320	0.09853	0.01852	0.02077	0.01440	0.01721	0.10873	0.00405	0.01186	0.00672	0.00581	0.04289
15	0.06103	0.01712	0.12110	0.01399	0.01887	0.01309	0.01283	0.02379	0.13835	0.05956	0.12518	0.10995	0.22002	0.01591	0.00916	0.00285	0.00648	0.01335	0.00748	0.00988

[dist]
# distance from previous block
# <min> <max>
1	7

[block]
# block no. 1 follows, 21 sequences, length 115
# corresponding to MSA columns:
# 24-138
name=unknown_B
#
# <colnr> <probs for GDERKNQSTAVLIFYWHMCP>
#	G	D	E	R	K	N	Q	S	T	A	V	L	I	F	Y	W	H	M	C	P
0	0.05484	0.17480	0.28041	0.02115	0.06479	0.02255	0.02139	0.03140	0.15080	0.06927	0.01981	0.02074	0.01486	0.00878	0.00757	0.00253	0.00980	0.00679	0.00527	0.01244
1	0.17635	0.02622	0.21602	0.08999	0.06370	0.02091	0.12508	0.02496	0.01675	0.02784	0.01422	0.01868	0.01107	0.00904	0.01118	0.00289	0.12313	0.00697	0.00414	0.01086
2	0.02220	0.02491	0.07757	0.08071	0.47113	0.12328	0.02482	0.02719	0.01990	0.02629	0.01545	0.02002	0.01276	0.00786	0.00829	0.00250	0.01119	0.00715	0.00417	0.01261
3	0.02287	0.01967	0.01735	0.01529	0.01904	0.18977	0.01176	0.06949	0.05107	0.11713	0.31704	0.04121	0.04621	0.01334	0.00902	0.00254	0.00805	0.01095	0.00808	0.01011
4	0.01903	0.02005	0.09298	0.02973	0.25258	0.01807	0.01928	0.05285	0.18306	0.02999	0.03287	0.03782	0.10432	0.01197	0.00894	0.00280	0.00849	0.05677	0.00629	0.01211
5	0.01082	0.00865	0.00968	0.00942	0.01196	0.00751	0.00706	0.01369	0.02119	0.02725	0.29960	0.07488	0.42833	0.01996	0.01005	0.00280	0.00420	0.01698	0.00846	0.00751
6	0.01935	0.01801	0.02799	0.26293	0.30309	0.01997	0.02243	0.02886	0.15555	0.02744	0.01986	0.02402	0.01553	0.00879	0.00851	0.00272	0.00979	0.00803	0.00506	0.01208
7	0.03129	0.03856	0.02471	0.02328	0.05695	0.59689	0.01690	0.06833	0.02483	0.02312	0.01373	0.01593	0.01129	0.00880	0.00776	0.00223	0.01473	0.00571	0.00462	0.01032
8	0.01216	0.00912	0.01368	0.01368	0.01520	0.01064	0.01064	0.01520	0.01368	0.01976	0.02279	0.03343	0.02127	0.06382	0.66720	0.01368	0.02279	0.00912	0.00456	0.00760
9	0.02350	0.01821	0.02269	0.18452	0.05953	0.02048	0.01641	0.31356	0.02749	0.03671	0.02007	0.02750	0.01670	0.12711	0.04493	0.00409	0.01033	0.00849	0.00639	0.01130
10	0.01238	0.00825	0.00928	0.00928	0.00928	0.00825	0.00516	0.01238	0.01238	0.01650	0.02681	0.05569	0.03094	0.70092	0.04331	0.00825	0.00825	0.01238	0.00516	0.00516
11	0.01018	0.00854	0.00885	0.00896	0.01162	0.00721	0.00665	0.01238	0.01941	0.02345	0.11122	0.12554	0.57345	0.02172	0.01012	0.00291	0.00434	0.01828	0.00798	0.00721
12	0.02106	0.02022	0.03454	0.05223	0.64784	0.02022	0.02612	0.02612	0.01938	0.02780	0.01601	0.02106	0.01348	0.00758	0.00842	0.00253	0.01011	0.00758	0.00421	0.01348
13	0.01068	0.00763	0.01023	0.01221	0.01284	0.00718	0.00844	0.01239	0.01660	0.02207	0.04673	0.63929	0.05560	0.02637	0.01095	0.00350	0.00521	0.07719	0.00789	0.00700
14	0.01765	0.01513	0.01765	0.01260	0.02017	0.01134	0.01008	0.02143	0.01765	0.02773	0.01513	0.01765	0.01260	0.00630	0.00630	0.00126	0.00630	0.00504	0.00504	0.75295
15	0.03235	0.02384	0.02554	0.01958	0.02639	0.02639	0.01618	0.61946	0.04001	0.05363	0.02043	0.02043	0.01447	0.01022	0.00851	0.00255	0.00936	0.00766	0.00851	0.01447
16	0.01186	0.00897	0.00946	0.00915	0.01218	0.00756	0.00693	0.01420	0.02000	0.06115	0.11986	0.07755	0.57017	0.02062	0.00997	0.00285	0.00446	0.01723	0.00816	0.00767
17	0.03000	0.02245	0.02428	0.01847	0.02540	0.02399	0.01520	0.52404	0.03644	0.04950	0.01958	0.01999	0.01417	0.00959	0.00816	0.00235	0.00888	0.00724	0.00796	0.13230
18	0.01744	0.08771	0.61643	0.02362	0.03584	0.02068	0.03033	0.02685	0.01792	0.02649	0.01504	0.01768	0.01079	0.00803	0.00791	0.00264	0.01235	0.00617	0.00360	0.01247
19	0.01765	0.01513	0.01765	0.01260	0.02017	0.01134	0.01008	0.02143	0.01765	0.02773	0.01513	0.01765	0.01260	0.00630	0.00630	0.00126	0.00630	0.00504	0.00504	0.75295
20	0.02808	0.02152	0.02438	0.01935	0.02429	0.02498	0.01598	0.44207	0.03237	0.04463	0.01889	0.02085	0.01427	0.01124	0.01267	0.00277	0.16002	0.00763	0.06117	0.01284
21	0.02106	0.02022	0.03454	0.05223	0.64784	0.02022	0.02612	0.02612	0.01938	0.02780	0.01601	0.02106	0.01348	0.00758	0.00842	0.00253	0.01011	0.00758	0.00421	0.01348
22	0.01943	0.01506	0.01537	0.01366	0.01774	0.05065	0.01052	0.05333	0.22359	0.05818	0.06306	0.08126	0.06347	0.01226	0.00801	0.00245	0.00627	0.01016	0.17322	0.10233
23	0.01204	0.00870	0.01138	0.01071	0.01271	0.00803	0.00803	0.01606	0.02409	0.03413	0.64335	0.06357	0.08030	0.01740	0.01004	0.00268	0.00401	0.01539	0.00937	0.00803
24	0.01037	0.00741	0.00987	0.01185	0.01234	0.00691	0.00790	0.01185	0.01629	0.02172	0.04690	0.69537	0.05629	0.02666	0.01086	0.00346	0.00494	0.02419	0.00790	0.00691
25	0.01216	0.00912	0.01368	0.01368	0.01520	0.01064	0.01064	0.01520	0.01368	0.01976	0.02279	0.03343	0.02127	0.06382	0.66720	0.01368	0.02279	0.00912	0.00456	0.00760
26	0.01772	0.01730	0.02435	0.02114	0.02135	0.02393	0.01751	0.01975	0.01312	0.02038	0.01278	0.02067	0.01257	0.02168	0.11655	0.00510	0.59350	0.00768	0.00384	0.00907
27	0.01221	0.00890	0.01256	0.01256	0.01369	0.01003	0.00924	0.01448	0.01335	0.01893	0.02382	0.03909	0.02373	0.22580	0.50859	0.01230	0.01910	0.00995	0.00471	0.00698
28	0.02931	0.03390	0.02381	0.02255	0.06607	0.47316	0.01626	0.11343	0.02602	0.02711	0.07332	0.02094	0.01811	0.00970	0.00806	0.00231	0.01311	0.00685	0.00542	0.01057
29	0.01768	0.09072	0.57233	0.02432	0.03625	0.02089	0.06886	0.02686	0.01806	0.02647	0.01515	0.01798	0.01093	0.00797	0.00802	0.00264	0.01244	0.00641	0.00364	0.01238
30	0.01799	0.03372	0.39650	0.11418	0.14346	0.01995	0.10187	0.02618	0.01834	0.02647	0.01562	0.01971	0.01157	0.00794	0.00844	0.00271	0.01222	0.00713	0.00381	0.01219
31	0.02953	0.02332	0.02476	0.02215	0.08347	0.07782	0.01641	0.37460	0.14504	0.08074	0.02280	0.02266	0.01660	0.01011	0.00846	0.00259	0.00933	0.00789	0.00791	0.01381
32	0.03179	0.04056	0.02412	0.02192	0.02631	0.66676	0.01644	0.03398	0.02412	0.02083	0.01315	0.01535	0.01096	0.00877	0.00767	0.00219	0.01535	0.00548	0.00438	0.00987
33	0.01606	0.03662	0.51429	0.02268	0.03297	0.01762	0.05664	0.02435	0.01778	0.02606	0.02086	0.13570	0.01878	0.01126	0.00866	0.00284	0.01134	0.00958	0.00438	0.01154
34	0.01037	0.00741	0.00987	0.01185	0.01234	0.00691	0.00790	0.01185	0.01629	0.02172	0.04690	0.69537	0.05629	0.02666	0.01086	0.00346	0.00494	0.02419	0.00790	0.00691
35	0.01220	0.00893	0.01274	0.01274	0.01394	0.01013	0.00947	0.01460	0.01340	0.01906	0.02365	0.03817	0.02333	0.19948	0.53436	0.01252	0.01970	0.00981	0.00469	0.00708
36	0.01037	0.00741	0.00987	0.01185	0.01234	0.00691	0.00790	0.01185	0.01629	0.02172	0.04690	0.69537	0.05629	0.02666	0.01086	0.00346	0.00494	0.02419	0.00790	0.00691
37	0.01037	0.00741	0.00987	0.01185	0.01234	0.00691	0.00790	0.01185	0.01629	0.02172	0.04690	0.69537	0.05629	0.02666	0.01086	0.00346	0.00494	0.02419	0.00790	0.00691
38	0.01741	0.08330	0.62050	0.02368	0.03594	0.02059	0.03044	0.02686	0.01793	0.02654	0.01507	0.01771	0.01079	0.00804	0.00793	0.00264	0.01237	0.00619	0.00360	0.01248
39	0.01628	0.01534	0.02591	0.65370	0.08372	0.01896	0.02374	0.02193	0.01712	0.02200	0.01516	0.02262	0.01144	0.00847	0.00850	0.00282	0.01129	0.00756	0.00380	0.00963
40	0.03179	0.04056	0.02412	0.02192	0.02631	0.66676	0.01644	0.03398	0.02412	0.02083	0.01315	0.01535	0.01096	0.00877	0.00767	0.00219	0.01535	0.00548	0.00438	0.00987
41	0.01216	0.00912	0.01368	0.01368	0.01520	0.01064	0.01064	0.01520	0.01368	0.01976	0.02279	0.03343	0.02127	0.06382	0.66720	0.01368	0.02279	0.00912	0.00456	0.00760
42	0.01217	0.00908	0.01348	0.01348	0.01494	0.01053	0.01040	0.01507	0.01362	0.01961	0.02297	0.03440	0.02170	0.09164	0.63996	0.01344	0.02216	0.00926	0.00459	0.00749
43	0.03179	0.04056	0.02412	0.02192	0.02631	0.66676	0.01644	0.03398	0.02412	0.02083	0.01315	0.01535	0.01096	0.00877	0.00767	0.00219	0.01535	0.00548	0.00438	0.00987
44	0.01765	0.01513	0.01765	0.01260	0.02017	0.01134	0.01008	0.02143	0.01765	0.02773	0.01513	0.01765	0.01260	0.00630	0.00630	0.00126	0.00630	0.00504	0.00504	0.75295
45	0.02089	0.02069	0.03726	0.04940	0.54333	0.02045	0.12845	0.02632	0.01950	0.02771	0.01622	0.02139	0.01338	0.00751	0.00871	0.00259	0.01084	0.00801	0.00423	0.01313
46	0.01006	0.00862	0.00862	0.00862	0.01149	0.00718	0.00647	0.01221	0.01940	0.02299	0.08621	0.08190	0.64438	0.02155	0.01006	0.00287	0.00431	0.01796	0.00790	0.00718
47	0.01735	0.07692	0.62640	0.02377	0.03609	0.02046	0.03060	0.02688	0.01793	0.02661	0.01510	0.01775	0.01079	0.00805	0.00795	0.00265	0.01240	0.00620	0.00360	0.01249
48	0.02920	0.01963	0.02181	0.01773	0.02370	0.02133	0.01432	0.26816	0.27037	0.17604	0.02887	0.02674	0.02043	0.01081	0.00858	0.00270	0.00787	0.00863	0.00901	0.01408
49	0.01013	0.00834	0.00891	0.00937	0.01169	0.00712	0.00680	0.01213	0.01868	0.02270	0.07710	0.22405	0.50811	0.02274	0.01024	0.00301	0.00446	0.01940	0.00790	0.00712
50	0.01909	0.01821	0.03098	0.30009	0.41538	0.01970	0.02514	0.02439	0.01845	0.02541	0.01566	0.02170	0.01264	0.00795	0.00846	0.00265	0.01060	0.00757	0.00404	0.01189
51	0.01771	0.05154	0.02307	0.01927	0.02039	0.06400	0.01583	0.02000	0.01417	0.02026	0.01490	0.02269	0.01424	0.02911	0.22140	0.00658	0.40424	0.00768	0.00402	0.00890
52	0.01733	0.07480	0.62836	0.02380	0.03614	0.02041	0.03066	0.02688	0.01794	0.02663	0.01511	0.01777	0.01079	0.00805	0.00796	0.00265	0.01242	0.00621	0.00360	0.01250
53	0.02727	0.02859	0.02548	0.05728	0.09890	0.28393	0.01785	0.15651	0.08215	0.03000	0.01690	0.01939	0.01345	0.00994	0.01057	0.00259	0.09522	0.00692	0.00553	0.01151
54	0.01894	0.26164	0.45557	0.02107	0.03190	0.02434	0.02589	0.02647	0.01774	0.02467	0.01414	0.01655	0.01083	0.00782	0.00722	0.00241	0.01143	0.00572	0.00361	0.01203
55	0.02106	0.02022	0.03454	0.05223	0.64784	0.02022	0.02612	0.02612	0.01938	0.02780	0.01601	0.02106	0.01348	0.00758	0.00842	0.00253	0.01011	0.00758	0.00421	0.01348
56	0.01006	0.00862	0.00862	0.00862	0.01149	0.00718	0.00647	0.01221	0.01940	0.02299	0.08621	0.08190	0.64438	0.02155	0.01006	0.00287	0.00431	0.01796	0.00790	0.00718
57	0.03179	0.04056	0.02412	0.02192	0.02631	0.66676	0.01644	0.03398	0.02412	0.02083	0.01315	0.01535	0.01096	0.00877	0.00767	0.00219	0.01535	0.00548	0.00438	0.00987
58	0.02106	0.02022	0.03454	0.05223	0.64784	0.02022	0.02612	0.02612	0.01938	0.02780	0.01601	0.02106	0.01348	0.00758	0.00842	0.00253	0.01011	0.00758	0.00421	0.01348
59	0.03217	0.02933	0.02507	0.02035	0.02636	0.23677	0.01626	0.42712	0.03479	0.04286	0.01804	0.01876	0.01332	0.00974	0.00824	0.00244	0.01133	0.00695	0.00716	0.01296
60	0.01641	0.01258	0.01532	0.01395	0.01588	0.04946	0.03539	0.01979	0.01632	0.02571	0.02226	0.02862	0.01883	0.02528	0.19008	0.00552	0.12894	0.00812	0.34321	0.00834
61	0.01096	0.00866	0.00988	0.00957	0.01205	0.00757	0.00718	0.01397	0.02154	0.02806	0.34007	0.07355	0.38736	0.01966	0.01005	0.00278	0.00418	0.01679	0.00857	0.00757
62	0.03235	0.02384	0.02554	0.01958	0.02639	0.02639	0.01618	0.61946	0.04001	0.05363	0.02043	0.02043	0.01447	0.01022	0.00851	0.00255	0.00936	0.00766	0.00851	0.01447
63	0.01027	0.00781	0.00946	0.01078	0.01206	0.00700	0.00742	0.01197	0.01732	0.02214	0.05993	0.49204	0.25120	0.02497	0.01060	0.00326	0.00473	0.02213	0.00790	0.00700
64	0.01238	0.00825	0.00928	0.00928	0.00928	0.00825	0.00516	0.01238	0.01238	0.01650	0.02681	0.05569	0.03094	0.70092	0.04331	0.00825	0.00825	0.01238	0.00516	0.00516
65	0.01040	0.00858	0.00914	0.00912	0.01174	0.00731	0.00679	0.01283	0.02003	0.02478	0.17688	0.10761	0.52315	0.02110	0.01009	0.00287	0.00429	0.01783	0.00815	0.00731
66	0.03179	0.04056	0.02412	0.02192	0.02631	0.66676	0.01644	0.03398	0.02412	0.02083	0.01315	0.01535	0.01096	0.00877	0.00767	0.00219	0.01535	0.00548	0.00438	0.00987
67	0.03179	0.04056	0.02412	0.02192	0.02631	0.66676	0.01644	0.03398	0.02412	0.02083	0.01315	0.01535	0.01096	0.00877	0.00767	0.00219	0.01535	0.00548	0.00438	0.00987
68	0.01216	0.00912	0.01368	0.01368	0.01520	0.01064	0.01064	0.01520	0.01368	0.01976	0.02279	0.03343	0.02127	0.06382	0.66720	0.01368	0.02279	0.00912	0.00456	0.00760
69	0.03191	0.01628	0.01986	0.01613	0.02210	0.01624	0.01303	0.07152	0.23892	0.40660	0.03329	0.02952	0.02246	0.01087	0.00859	0.00272	0.00717	0.00889	0.00977	0.01413
70	0.01052	0.00857	0.00931	0.00927	0.01181	0.00736	0.00690	0.01305	0.02027	0.02541	0.20849	0.11232	0.48525	0.02091	0.01010	0.00286	0.00428	0.01774	0.00823	0.00736
71	0.01824	0.03581	0.42046	0.02878	0.03981	0.02045	0.25958	0.02707	0.01879	0.02707	0.01603	0.01991	0.01161	0.00773	0.00885	0.00276	0.01327	0.00775	0.00387	0.01215
72	0.03179	0.04056	0.02412	0.02192	0.02631	0.66676	0.01644	0.03398	0.02412	0.02083	0.01315	0.01535	0.01096	0.00877	0.00767	0.00219	0.01535	0.00548	0.00438	0.00987
73	0.02177	0.34942	0.29928	0.01910	0.02840	0.06420	0.02165	0.02750	0.01838	0.05864	0.01458	0.01643	0.01144	0.00789	0.00687	0.00226	0.01083	0.00556	0.00405	0.01175
74	0.01486	0.00825	0.00949	0.00949	0.01135	0.00867	0.00722	0.01857	0.01671	0.02847	0.02641	0.03219	0.02167	0.02458	0.18587	0.00516	0.00909	0.00825	0.54583	0.00784
75	0.18631	0.02111	0.02149	0.01695	0.02308	0.02350	0.01395	0.44934	0.03297	0.04875	0.01914	0.01985	0.01389	0.00970	0.00764	0.00253	0.00838	0.00703	0.06155	0.01288
76	0.01230	0.00854	0.01073	0.01073	0.01122	0.00903	0.00696	0.01330	0.01280	0.01757	0.02549	0.04838	0.02776	0.49162	0.24828	0.01003	0.01303	0.01131	0.00496	0.00596
77	0.01452	0.01029	0.01263	0.01203	0.01333	0.01107	0.00835	0.08327	0.01616	0.02208	0.02565	0.07263	0.02699	0.38214	0.24283	0.00916	0.01301	0.01129	0.00547	0.00711
78	0.01586	0.00793	0.00793	0.00793	0.00991	0.00793	0.00595	0.01983	0.01785	0.03173	0.02776	0.03173	0.02181	0.00991	0.00595	0.00198	0.00397	0.00793	0.74817	0.00793
79	0.01216	0.00912	0.01368	0.01368	0.01520	0.01064	0.01064	0.01520	0.01368	0.01976	0.02279	0.03343	0.02127	0.06382	0.66720	0.01368	0.02279	0.00912	0.00456	0.00760
80	0.01765	0.01513	0.01765	0.01260	0.02017	0.01134	0.01008	0.02143	0.01765	0.02773	0.01513	0.01765	0.01260	0.00630	0.00630	0.00126	0.00630	0.00504	0.00504	0.75295
81	0.01030	0.00857	0.00900	0.00901	0.01167	0.00727	0.00671	0.01264	0.01979	0.02421	0.14862	0.10831	0.55200	0.02131	0.01009	0.00288	0.00431	0.01795	0.00807	0.00727
82	0.02275	0.70604	0.04459	0.01456	0.02184	0.03367	0.01456	0.02548	0.01729	0.02002	0.01183	0.01365	0.01092	0.00728	0.00546	0.00182	0.00910	0.00455	0.00364	0.01092
83	0.03498	0.01378	0.01872	0.01460	0.02062	0.01196	0.01196	0.03836	0.02432	0.57793	0.10817	0.03320	0.02831	0.01137	0.00874	0.00264	0.00685	0.00939	0.01039	0.01369
84	0.01019	0.00810	0.00916	0.01002	0.01186	0.00707	0.00708	0.01206	0.01806	0.02244	0.06924	0.34681	0.39043	0.02376	0.01041	0.00313	0.00458	0.02065	0.00790	0.00707
85	0.01236	0.00831	0.00957	0.00957	0.00967	0.00841	0.00552	0.01256	0.01246	0.01672	0.02655	0.05422	0.03030	0.65888	0.08449	0.00861	0.00921	0.01216	0.00512	0.00532
86	0.01070	0.00814	0.00985	0.01048	0.01216	0.00729	0.00746	0.01306	0.01934	0.02535	0.21422	0.32861	0.25741	0.02257	0.01038	0.00306	0.00449	0.01985	0.00828	0.00729
87	0.01238	0.00825	0.00928	0.00928	0.00928	0.00825	0.00516	0.01238	0.01238	0.01650	0.02681	0.05569	0.03094	0.70092	0.04331	0.00825	0.00825	0.01238	0.00516	0.00516
88	0.01086	0.00932	0.00939	0.00925	0.01227	0.00820	0.00697	0.01461	0.06393	0.02391	0.08246	0.07826	0.59947	0.02083	0.00996	0.00287	0.00449	0.01735	0.00796	0.00764
89	0.03154	0.02343	0.02508	0.01942	0.02608	0.02601	0.01598	0.57775	0.08305	0.05232	0.02146	0.02125	0.01531	0.01031	0.00852	0.00258	0.00917	0.00780	0.00852	0.01440
90	0.01017	0.00854	0.00884	0.00895	0.01161	0.00720	0.00664	0.01236	0.01939	0.02341	0.10885	0.12562	0.57585	0.02173	0.01012	0.00291	0.00434	0.01830	0.00797	0.00720
91	0.01006	0.00862	0.00862	0.00862	0.01149	0.00718	0.00647	0.01221	0.01940	0.02299	0.08621	0.08190	0.64438	0.02155	0.01006	0.00287	0.00431	0.01796	0.00790	0.00718
92	0.01216	0.00912	0.01368	0.01368	0.01520	0.01064	0.01064	0.01520	0.01368	0.01976	0.02279	0.03343	0.02127	0.06382	0.66720	0.01368	0.02279	0.00912	0.00456	0.00760
93	0.02168	0.02947	0.16496	0.03336	0.19748	0.15748	0.16953	0.02753	0.01989	0.02547	0.01599	0.02048	0.01275	0.01155	0.05207	0.00331	0.01362	0.00757	0.00417	0.01164
94	0.03179	0.04056	0.02412	0.02192	0.02631	0.66676	0.01644	0.03398	0.02412	0.02083	0.01315	0.01535	0.01096	0.00877	0.00767	0.00219	0.01535	0.00548	0.00438	0.00987
95	0.01496	0.00910	0.01113	0.01088	0.01287	0.00986	0.00838	0.04281	0.01698	0.02751	0.02533	0.03199	0.02128	0.03304	0.28957	0.00702	0.01226	0.00843	0.39855	0.00806
96	0.06207	0.02220	0.08059	0.01829	0.02456	0.02223	0.01576	0.22487	0.32997	0.06684	0.02712	0.02585	0.01985	0.01057	0.00839	0.00274	0.00813	0.00839	0.00805	0.01354
97	0.02841	0.02970	0.02506	0.02134	0.02527	0.30469	0.01695	0.20370	0.02584	0.03045	0.01478	0.01773	0.01206	0.01085	0.01337	0.00271	0.19393	0.00666	0.00543	0.01108
98	0.03051	0.03843	0.02314	0.02109	0.02518	0.62330	0.01570	0.03256	0.02334	0.02054	0.01406	0.01801	0.01228	0.05445	0.01003	0.00259	0.01488	0.00594	0.00444	0.00955
99	0.02115	0.01850	0.02101	0.02135	0.09446	0.02106	0.01493	0.04301	0.56159	0.03470	0.03248	0.03052	0.02453	0.01109	0.00863	0.00284	0.00713	0.00939	0.00815	0.01347
100	0.01218	0.00902	0.01317	0.01317	0.01451	0.01036	0.01000	0.01487	0.01353	0.01938	0.02326	0.03601	0.02239	0.13747	0.59508	0.01305	0.02111	0.00949	0.00463	0.00732
101	0.01814	0.01565	0.01635	0.01495	0.01924	0.01736	0.01156	0.03624	0.46565	0.03217	0.04867	0.04540	0.19424	0.01427	0.00904	0.00288	0.00608	0.01189	0.00845	0.01176
102	0.02214	0.01877	0.01979	0.01752	0.02250	0.02162	0.01371	0.09543	0.58066	0.03718	0.03339	0.03076	0.02497	0.01143	0.00865	0.00286	0.00696	0.00945	0.00865	0.01356
103	0.01035	0.00746	0.00982	0.01170	0.01230	0.00692	0.00783	0.01187	0.01644	0.02178	0.04875	0.66662	0.08385	0.02642	0.01082	0.00343	0.00491	0.02390	0.00790	0.00692
104	0.23734	0.03586	0.46606	0.02039	0.03080	0.01956	0.02486	0.02638	0.01694	0.03028	0.01426	0.01674	0.01032	0.00803	0.00725	0.00268	0.01080	0.00579	0.00409	0.01158
105	0.02380	0.62911	0.04223	0.01541	0.02236	0.10686	0.01478	0.02646	0.01808	0.02011	0.01198	0.01385	0.01093	0.00745	0.00572	0.00186	0.00982	0.00466	0.00373	0.01080
106	0.01177	0.00875	0.01286	0.01328	0.01458	0.00983	0.01005	0.01447	0.01424	0.02018	0.02800	0.17630	0.02883	0.05580	0.52554	0.01147	0.01894	0.01237	0.00528	0.00745
107	0.01035	0.00749	0.00978	0.01162	0.01228	0.00693	0.00780	0.01188	0.01652	0.02182	0.04976	0.65081	0.09900	0.02629	0.01080	0.00341	0.00489	0.02374	0.00790	0.00693
108	0.02109	0.48061	0.03457	0.01415	0.02016	0.10122	0.01306	0.02364	0.01853	0.02075	0.02782	0.02838	0.14580	0.01049	0.00670	0.00209	0.00880	0.00751	0.00463	0.01000
109	0.02771	0.03211	0.02109	0.01901	0.02269	0.46656	0.01401	0.08423	0.02311	0.02298	0.01674	0.02441	0.01554	0.15628	0.01534	0.00352	0.01328	0.00715	0.00494	0.00929
110	0.01075	0.00865	0.00958	0.00935	0.01192	0.00748	0.00701	0.01356	0.02104	0.02689	0.28113	0.07549	0.44704	0.02010	0.01005	0.00280	0.00421	0.01706	0.00842	0.00748
111	0.01044	0.00777	0.00977	0.01132	0.01239	0.00709	0.00784	0.01217	0.01709	0.02215	0.05520	0.53943	0.18120	0.02544	0.01073	0.00335	0.00493	0.04679	0.00790	0.00701
112	0.18077	0.01993	0.02810	0.11827	0.40475	0.05619	0.02162	0.02579	0.01830	0.02891	0.01484	0.01938	0.01216	0.00783	0.00771	0.00257	0.00979	0.00682	0.00440	0.01187
113	0.02277	0.44476	0.03328	0.01435	0.02001	0.13334	0.01302	0.02567	0.01855	0.02268	0.01549	0.01783	0.01328	0.00810	0.00593	0.00192	0.00903	0.00543	0.16446	0.01010
114	0.02731	0.11720	0.02694	0.08464	0.08032	0.44338	0.01724	0.03013	0.02199	0.02150	0.01676	0.01935	0.04019	0.00905	0.00765	0.00227	0.01326	0.00631	0.00438	0.01014

[dist]
# distance from previous block
# <min> <max>
0	3

[block]
# block no. 2 follows, 21 sequences, length 92
# corresponding to MSA columns:
# 142-233
name=unknown_C
#
# <colnr> <probs for GDERKNQSTAVLIFYWHMCP>
#	G	D	E	R	K	N	Q	S	T	A	V	L	I	F	Y	W	H	M	C	P
0	0.01701	0.02382	0.19691	0.02393	0.15986	0.04464	0.01891	0.02229	0.01884	0.02604	0.03280	0.03422	0.16804	0.01095	0.00825	0.00238	0.00880	0.00915	0.00513	0.16801
1	0.02085	0.01944	0.03518	0.17317	0.36483	0.01978	0.14986	0.02638	0.01934	0.06306	0.01711	0.02225	0.01337	0.00785	0.00879	0.00267	0.01109	0.00816	0.00451	0.01230
2	0.01658	0.02252	0.18980	0.02768	0.19711	0.01693	0.02062	0.02246	0.04770	0.02539	0.02709	0.18966	0.05328	0.01411	0.01127	0.00297	0.08678	0.01191	0.00529	0.01085
3	0.01966	0.01914	0.03239	0.19482	0.24505	0.02037	0.14669	0.02933	0.14870	0.02786	0.01999	0.02412	0.01548	0.00856	0.00883	0.00275	0.01059	0.00853	0.00507	0.01207
4	0.02560	0.02986	0.02461	0.02763	0.17589	0.38959	0.01758	0.02871	0.02176	0.02329	0.05683	0.02203	0.01737	0.01539	0.08394	0.00363	0.01417	0.00707	0.00469	0.01037
5	0.01883	0.17015	0.40768	0.02480	0.03549	0.02288	0.15202	0.02673	0.01828	0.02565	0.01500	0.01817	0.01126	0.00773	0.00798	0.00256	0.01227	0.00674	0.00375	0.01202
6	0.01617	0.00972	0.01203	0.01086	0.01397	0.00858	0.00835	0.01947	0.02267	0.14313	0.35804	0.06303	0.24632	0.01745	0.00978	0.00273	0.00469	0.01496	0.00912	0.00894
7	0.01780	0.01478	0.01748	0.09097	0.05345	0.01584	0.01287	0.11474	0.18444	0.03232	0.11532	0.04759	0.21856	0.01456	0.00920	0.00278	0.00676	0.01222	0.00771	0.01061
8	0.02106	0.02022	0.03454	0.05223	0.64784	0.02022	0.02612	0.02612	0.01938	0.02780	0.01601	0.02106	0.01348	0.00758	0.00842	0.00253	0.01011	0.00758	0.00421	0.01348
9	0.03179	0.04056	0.02412	0.02192	0.02631	0.66676	0.01644	0.03398	0.02412	0.02083	0.01315	0.01535	0.01096	0.00877	0.00767	0.00219	0.01535	0.00548	0.00438	0.00987
10	0.01518	0.01122	0.01321	0.01279	0.01540	0.01145	0.00955	0.02345	0.17984	0.05781	0.21451	0.18124	0.11265	0.06085	0.01194	0.00331	0.00553	0.04238	0.00846	0.00925
11	0.01090	0.00763	0.00972	0.01117	0.01154	0.00726	0.00718	0.01199	0.01526	0.02035	0.04163	0.52730	0.04963	0.20382	0.01939	0.00472	0.00581	0.02109	0.00718	0.00645
12	0.01389	0.01033	0.01299	0.01287	0.01442	0.01126	0.00925	0.04700	0.08638	0.02278	0.02986	0.16905	0.03094	0.21603	0.26478	0.00844	0.01292	0.01294	0.00604	0.00783
13	0.01006	0.00862	0.00862	0.00862	0.01149	0.00718	0.00647	0.01221	0.01940	0.02299	0.08621	0.08190	0.64438	0.02155	0.01006	0.00287	0.00431	0.01796	0.00790	0.00718
14	0.01179	0.00800	0.00946	0.01004	0.01018	0.00786	0.00596	0.01222	0.01353	0.01803	0.03271	0.24349	0.03838	0.50297	0.03379	0.00684	0.00728	0.01584	0.00596	0.00567
15	0.02673	0.02985	0.02916	0.03617	0.32152	0.31962	0.02102	0.06686	0.02286	0.02619	0.01496	0.01838	0.01238	0.00830	0.00808	0.00237	0.01249	0.00662	0.00456	0.01187
16	0.02210	0.02415	0.07221	0.04685	0.53502	0.09780	0.02529	0.02711	0.01986	0.02691	0.01562	0.02018	0.01301	0.00776	0.00831	0.00250	0.01089	0.00725	0.00419	0.01299
17	0.03119	0.08477	0.02548	0.02143	0.02601	0.62470	0.01632	0.03342	0.02366	0.02077	0.01307	0.01523	0.01096	0.00867	0.00753	0.00217	0.01493	0.00542	0.00434	0.00994
18	0.01178	0.00869	0.01101	0.01043	0.01255	0.00792	0.00782	0.01555	0.02346	0.03264	0.56888	0.06602	0.15570	0.01795	0.01004	0.00270	0.00405	0.01573	0.00917	0.00792
19	0.03194	0.03614	0.02449	0.02131	0.02633	0.49770	0.01637	0.18855	0.02831	0.02949	0.01508	0.01669	0.01189	0.00915	0.00790	0.00229	0.01377	0.00606	0.00547	0.01108
20	0.02773	0.03608	0.10688	0.05779	0.08599	0.42515	0.04423	0.07039	0.02345	0.02472	0.01443	0.01721	0.01150	0.00859	0.00799	0.00237	0.01389	0.00621	0.00451	0.01089
21	0.01038	0.00863	0.00907	0.00896	0.01170	0.00732	0.00672	0.01285	0.02017	0.02482	0.17787	0.07888	0.55158	0.02087	0.01005	0.00284	0.00426	0.01754	0.00814	0.00732
22	0.02106	0.02022	0.03454	0.05223	0.64784	0.02022	0.02612	0.02612	0.01938	0.02780	0.01601	0.02106	0.01348	0.00758	0.00842	0.00253	0.01011	0.00758	0.00421	0.01348
23	0.02079	0.47695	0.25646	0.01792	0.02703	0.02886	0.02040	0.02599	0.01753	0.02242	0.01302	0.01514	0.01087	0.00756	0.00637	0.00212	0.01030	0.00515	0.00362	0.01149
24	0.01607	0.01513	0.02552	0.68047	0.05861	0.01891	0.02363	0.02174	0.01702	0.02174	0.01513	0.02269	0.01134	0.00851	0.00851	0.00284	0.01134	0.00756	0.00378	0.00945
25	0.01035	0.00748	0.00980	0.01165	0.01229	0.00693	0.00781	0.01187	0.01649	0.02180	0.04936	0.65701	0.09306	0.02634	0.01081	0.00342	0.00490	0.02380	0.00790	0.00693
26	0.02022	0.01902	0.03214	0.04803	0.57529	0.01902	0.02469	0.02514	0.01940	0.02753	0.01935	0.02969	0.01757	0.00942	0.00881	0.00269	0.00985	0.07470	0.00463	0.01283
27	0.01897	0.02091	0.01609	0.01525	0.01828	0.25879	0.01156	0.02141	0.01940	0.02116	0.03865	0.04148	0.20915	0.02990	0.21443	0.00599	0.01428	0.01046	0.00552	0.00833
28	0.01179	0.00916	0.01078	0.01029	0.01275	0.00839	0.00774	0.01614	0.05321	0.03016	0.41058	0.06860	0.28199	0.01861	0.00997	0.00276	0.00426	0.01603	0.00880	0.00800
29	0.01696	0.00899	0.00910	0.00871	0.01101	0.00916	0.00663	0.05966	0.01932	0.03318	0.02727	0.03098	0.02132	0.00993	0.00612	0.00202	0.00432	0.00791	0.69903	0.00837
30	0.02275	0.70604	0.04459	0.01456	0.02184	0.03367	0.01456	0.02548	0.01729	0.02002	0.01183	0.01365	0.01092	0.00728	0.00546	0.00182	0.00910	0.00455	0.00364	0.01092
31	0.01649	0.03995	0.58252	0.02270	0.03406	0.01841	0.02875	0.02570	0.01867	0.02778	0.08758	0.02322	0.01878	0.00916	0.00831	0.00269	0.01159	0.00734	0.00426	0.01205
32	0.01182	0.00754	0.00936	0.01082	0.01170	0.00718	0.00738	0.01396	0.01670	0.02436	0.04185	0.52017	0.04718	0.02224	0.00956	0.00307	0.00468	0.01990	0.20333	0.00718
33	0.01474	0.01247	0.01778	0.01643	0.01743	0.01604	0.01321	0.01741	0.01372	0.02081	0.01892	0.02796	0.01766	0.04255	0.39210	0.00930	0.26113	0.00843	0.05366	0.00824
34	0.01707	0.04402	0.65683	0.02426	0.03683	0.01976	0.03144	0.02695	0.01797	0.02695	0.01527	0.01797	0.01078	0.00809	0.00809	0.00270	0.01258	0.00629	0.00359	0.01258
35	0.02612	0.03092	0.02086	0.01996	0.02359	0.46087	0.01559	0.02886	0.02270	0.02228	0.02315	0.04062	0.02288	0.01339	0.00895	0.00273	0.01299	0.18884	0.00547	0.00923
36	0.46126	0.02582	0.07851	0.01702	0.04660	0.19536	0.01400	0.02768	0.01764	0.03196	0.01270	0.01493	0.01001	0.00814	0.00632	0.00251	0.00969	0.00513	0.00482	0.00989
37	0.01925	0.01922	0.02599	0.03630	0.38987	0.09095	0.01959	0.02321	0.01994	0.02571	0.03425	0.03895	0.16899	0.01191	0.00890	0.00264	0.00918	0.03858	0.00531	0.01125
38	0.01292	0.01047	0.01259	0.01300	0.01418	0.05026	0.00939	0.01500	0.01486	0.01986	0.02952	0.21982	0.03187	0.14898	0.34657	0.00927	0.01510	0.01359	0.00557	0.00717
39	0.01220	0.00893	0.01275	0.01275	0.01394	0.01013	0.00948	0.01460	0.01340	0.01907	0.02365	0.03814	0.02332	0.19866	0.53516	0.01253	0.01972	0.00981	0.00469	0.00708
40	0.01225	0.00875	0.01183	0.01183	0.01270	0.00963	0.00833	0.01401	0.01313	0.01838	0.02449	0.04281	0.02535	0.33222	0.40438	0.01139	0.01667	0.01049	0.00481	0.00657
41	0.02106	0.02022	0.03454	0.05223	0.64784	0.02022	0.02612	0.02612	0.01938	0.02780	0.01601	0.02106	0.01348	0.00758	0.00842	0.00253	0.01011	0.00758	0.00421	0.01348
42	0.01765	0.01513	0.01765	0.01260	0.02017	0.01134	0.01008	0.02143	0.01765	0.02773	0.01513	0.01765	0.01260	0.00630	0.00630	0.00126	0.00630	0.00504	0.00504	0.75295
43	0.03179	0.04056	0.02412	0.02192	0.02631	0.66676	0.01644	0.03398	0.02412	0.02083	0.01315	0.01535	0.01096	0.00877	0.00767	0.00219	0.01535	0.00548	0.00438	0.00987
44	0.01103	0.00878	0.01002	0.01076	0.01288	0.00798	0.00799	0.01410	0.04492	0.02340	0.06727	0.27350	0.36977	0.02293	0.01043	0.00317	0.00499	0.08072	0.00793	0.00744
45	0.02331	0.02693	0.06449	0.03999	0.33827	0.17984	0.14902	0.02834	0.02063	0.02593	0.01553	0.01991	0.01261	0.00781	0.00857	0.00253	0.01241	0.00752	0.00425	0.01212
46	0.02106	0.02022	0.03454	0.05223	0.64784	0.02022	0.02612	0.02612	0.01938	0.02780	0.01601	0.02106	0.01348	0.00758	0.00842	0.00253	0.01011	0.00758	0.00421	0.01348
47	0.01179	0.00869	0.01102	0.01044	0.01256	0.00792	0.00783	0.01557	0.02349	0.03271	0.57239	0.06590	0.15214	0.01793	0.01004	0.00270	0.00405	0.01572	0.00918	0.00792
48	0.01976	0.02012	0.03794	0.17075	0.33224	0.02039	0.22085	0.02563	0.01915	0.02643	0.01623	0.02201	0.01287	0.00763	0.00898	0.00270	0.01175	0.00839	0.00416	0.01202
49	0.02913	0.03553	0.02670	0.02942	0.18011	0.50676	0.01884	0.03204	0.02294	0.02255	0.01386	0.01676	0.01159	0.00848	0.00786	0.00228	0.01405	0.00600	0.00434	0.01076
50	0.01238	0.00825	0.00928	0.00928	0.00928	0.00825	0.00516	0.01238	0.01238	0.01650	0.02681	0.05569	0.03094	0.70092	0.04331	0.00825	0.00825	0.01238	0.00516	0.00516
51	0.01217	0.00907	0.01345	0.01345	0.01490	0.01052	0.01036	0.01505	0.01361	0.01959	0.02300	0.03456	0.02176	0.09606	0.63563	0.01340	0.02206	0.00928	0.00459	0.00747
52	0.03179	0.04056	0.02412	0.02192	0.02631	0.66676	0.01644	0.03398	0.02412	0.02083	0.01315	0.01535	0.01096	0.00877	0.00767	0.00219	0.01535	0.00548	0.00438	0.00987
53	0.01132	0.00780	0.00959	0.01064	0.01090	0.00754	0.00660	0.01210	0.01444	0.01926	0.03742	0.39324	0.04431	0.34512	0.02619	0.00572	0.00650	0.01861	0.00660	0.00608
54	0.02049	0.01963	0.03350	0.12456	0.58000	0.02007	0.02583	0.02561	0.01911	0.02710	0.01591	0.02125	0.01323	0.00769	0.00843	0.00256	0.01025	0.00758	0.00416	0.01302
55	0.01586	0.00793	0.00793	0.00793	0.00991	0.00793	0.00595	0.01983	0.01785	0.03173	0.02776	0.03173	0.02181	0.00991	0.00595	0.00198	0.00397	0.00793	0.74817	0.00793
56	0.01056	0.00864	0.00931	0.00914	0.01180	0.00740	0.00686	0.01318	0.02057	0.02578	0.22597	0.07730	0.50288	0.02051	0.01005	0.00282	0.00424	0.01732	0.00827	0.00740
57	0.01441	0.01320	0.01589	0.01973	0.14192	0.05161	0.01258	0.01752	0.01973	0.02435	0.05879	0.06846	0.35166	0.01835	0.00994	0.00298	0.00692	0.13627	0.00693	0.00876
58	0.01037	0.00741	0.00987	0.01185	0.01234	0.00691	0.00790	0.01185	0.01629	0.02172	0.04690	0.69537	0.05629	0.02666	0.01086	0.00346	0.00494	0.02419	0.00790	0.00691
59	0.01230	0.00853	0.01072	0.01072	0.01121	0.00903	0.00695	0.01330	0.01280	0.01756	0.02550	0.04842	0.02778	0.49275	0.24717	0.01002	0.01300	0.01131	0.00496	0.00595
60	0.03179	0.04056	0.02412	0.02192	0.02631	0.66676	0.01644	0.03398	0.02412	0.02083	0.01315	0.01535	0.01096	0.00877	0.00767	0.00219	0.01535	0.00548	0.00438	0.00987
61	0.01217	0.00906	0.01338	0.01338	0.01480	0.01048	0.01027	0.01501	0.01359	0.01954	0.02306	0.03491	0.02192	0.10615	0.62575	0.01332	0.02183	0.00933	0.00460	0.00744
62	0.01006	0.00862	0.00862	0.00862	0.01149	0.00718	0.00647	0.01221	0.01940	0.02299	0.08621	0.08190	0.64438	0.02155	0.01006	0.00287	0.00431	0.01796	0.00790	0.00718
63	0.01050	0.00864	0.00923	0.00908	0.01176	0.00737	0.00681	0.01306	0.02043	0.02545	0.20942	0.07785	0.51964	0.02063	0.01005	0.00283	0.00425	0.01739	0.00823	0.00737
64	0.01738	0.08001	0.62355	0.02373	0.03602	0.02052	0.03052	0.02687	0.01793	0.02657	0.01508	0.01773	0.01079	0.00804	0.00794	0.00265	0.01239	0.00619	0.00360	0.01249
65	0.02968	0.03676	0.02545	0.02544	0.09760	0.54976	0.01770	0.03218	0.02283	0.02161	0.01335	0.01622	0.01127	0.00904	0.00911	0.00233	0.05925	0.00585	0.00432	0.01024
66	0.02160	0.02146	0.03475	0.04978	0.58434	0.05543	0.05468	0.02660	0.01967	0.02740	0.01591	0.02084	0.01332	0.00763	0.00846	0.00253	0.01060	0.00759	0.00423	0.01318
67	0.01006	0.00862	0.00862	0.00862	0.01149	0.00718	0.00647	0.01221	0.01940	0.02299	0.08621	0.08190	0.64438	0.02155	0.01006	0.00287	0.00431	0.01796	0.00790	0.00718
68	0.01128	0.00867	0.01031	0.00990	0.01224	0.00770	0.00743	0.01457	0.02228	0.02983	0.42824	0.07065	0.29809	0.01900	0.01005	0.00275	0.00413	0.01638	0.00880	0.00770
69	0.01238	0.00825	0.00928	0.00928	0.00928	0.00825	0.00516	0.01238	0.01238	0.01650	0.02681	0.05569	0.03094	0.70092	0.04331	0.00825	0.00825	0.01238	0.00516	0.00516
70	0.02395	0.01886	0.02103	0.01559	0.02283	0.01779	0.01269	0.27769	0.02723	0.03883	0.01740	0.01884	0.01341	0.00798	0.00725	0.00181	0.00761	0.00616	0.00653	0.43650
71	0.02275	0.70604	0.04459	0.01456	0.02184	0.03367	0.01456	0.02548	0.01729	0.02002	0.01183	0.01365	0.01092	0.00728	0.00546	0.00182	0.00910	0.00455	0.00364	0.01092
72	0.01216	0.00912	0.01368	0.01368	0.01520	0.01064	0.01064	0.01520	0.01368	0.01976	0.02279	0.03343	0.02127	0.06382	0.66720	0.01368	0.02279	0.00912	0.00456	0.00760
73	0.03192	0.01687	0.02052	0.01621	0.02212	0.01673	0.01334	0.24009	0.02958	0.34090	0.09973	0.03327	0.02695	0.01185	0.00887	0.00267	0.00764	0.03778	0.00956	0.01341
74	0.01918	0.02079	0.04039	0.03027	0.03570	0.02241	0.38966	0.02440	0.01745	0.02465	0.01556	0.02212	0.01280	0.01276	0.05157	0.00373	0.23272	0.00915	0.00413	0.01056
75	0.01845	0.01605	0.01936	0.02021	0.09894	0.06993	0.04287	0.02761	0.17978	0.02779	0.02495	0.02903	0.02035	0.02479	0.19097	0.00560	0.01218	0.00856	0.15225	0.01035
76	0.01154	0.00895	0.01069	0.01104	0.01345	0.00810	0.00880	0.01465	0.02065	0.02651	0.21816	0.08096	0.34064	0.02101	0.01051	0.00310	0.00518	0.17023	0.00826	0.00758
77	0.02083	0.25920	0.35198	0.02223	0.06166	0.09882	0.02392	0.02724	0.01853	0.02402	0.01394	0.01641	0.01098	0.00788	0.00720	0.00234	0.01163	0.00569	0.00373	0.01177
78	0.02088	0.02906	0.19968	0.06510	0.29656	0.09468	0.11813	0.02724	0.01956	0.02644	0.01564	0.01995	0.01230	0.00783	0.00850	0.00260	0.01207	0.00738	0.00407	0.01235
79	0.01913	0.28356	0.43531	0.02075	0.03141	0.02480	0.02533	0.02642	0.01772	0.02444	0.01403	0.01641	0.01083	0.00779	0.00714	0.00238	0.01132	0.00566	0.00361	0.01198
80	0.01024	0.00790	0.00936	0.01053	0.01200	0.00702	0.00731	0.01200	0.01756	0.02224	0.06300	0.44412	0.29714	0.02457	0.01053	0.00322	0.00468	0.02164	0.00790	0.00702
81	0.01035	0.00746	0.00982	0.01170	0.01230	0.00692	0.00783	0.01187	0.01644	0.02178	0.04872	0.66709	0.08340	0.02643	0.01082	0.00343	0.00491	0.02391	0.00790	0.00692
82	0.01990	0.24454	0.30130	0.02861	0.19345	0.02423	0.02476	0.02627	0.01813	0.02501	0.01439	0.01744	0.01154	0.00770	0.00735	0.00238	0.01084	0.00609	0.00377	0.01230
83	0.02106	0.02022	0.03454	0.05223	0.64784	0.02022	0.02612	0.02612	0.01938	0.02780	0.01601	0.02106	0.01348	0.00758	0.00842	0.00253	0.01011	0.00758	0.00421	0.01348
84	0.01527	0.01383	0.01827	0.01694	0.01811	0.04894	0.01355	0.01788	0.01399	0.02005	0.01849	0.02765	0.01743	0.04496	0.42381	0.00983	0.24004	0.00838	0.00428	0.00828
85	0.02110	0.02192	0.03268	0.03989	0.37417	0.09342	0.10248	0.02552	0.01920	0.02569	0.01990	0.02440	0.05474	0.00952	0.01115	0.00271	0.09689	0.00835	0.00443	0.01185
86	0.02163	0.01602	0.01793	0.01568	0.02015	0.01722	0.01258	0.17564	0.22474	0.07601	0.12716	0.04607	0.09764	0.01443	0.00932	0.00288	0.00689	0.07766	0.00867	0.01168
87	0.02314	0.39132	0.03345	0.01581	0.02171	0.05886	0.01422	0.14958	0.02172	0.02712	0.01588	0.01907	0.01372	0.01913	0.13675	0.00433	0.01217	0.00616	0.00489	0.01097
88	0.01377	0.01445	0.07388	0.01884	0.05042	0.01171	0.10947	0.01784	0.01893	0.02517	0.08387	0.22596	0.14314	0.01890	0.01037	0.00320	0.00779	0.13669	0.00686	0.00875
89	0.02701	0.10823	0.02893	0.02744	0.15689	0.35450	0.01852	0.05728	0.02181	0.02371	0.01372	0.01698	0.01168	0.00912	0.00995	0.00241	0.09038	0.00615	0.00438	0.01090
90	0.02240	0.02409	0.01890	0.05024	0.02277	0.28081	0.01357	0.05596	0.13251	0.02537	0.02807	0.23204	0.02808	0.01494	0.00893	0.00276	0.01004	0.01230	0.00643	0.00979
91	0.05104	0.05407	0.15951	0.02192	0.02560	0.09856	0.02053	0.02380	0.01559	0.02261	0.01232	0.01770	0.01097	0.01215	0.01954	0.00321	0.41019	0.00674	0.00383	0.01013

[dist]
# distance from previous block
# <min> <max>
0	12

[block]
# block no. 3 follows, 21 sequences, length 77
# corresponding to MSA columns:
# 246-322
name=unknown_D
#
# <colnr> <probs for GDERKNQSTAVLIFYWHMCP>
#	G	D	E	R	K	N	Q	S	T	A	V	L	I	F	Y	W	H	M	C	P
0	0.01358	0.01110	0.01226	0.01166	0.01471	0.01060	0.00852	0.02001	0.14213	0.02520	0.05202	0.19497	0.24703	0.08878	0.01290	0.00335	0.00560	0.01542	0.00741	0.10274
1	0.02119	0.01824	0.02277	0.02470	0.15738	0.05643	0.01615	0.16776	0.05266	0.03061	0.02131	0.06698	0.01928	0.06700	0.14446	0.00531	0.08180	0.00921	0.00580	0.01096
2	0.01943	0.01763	0.02093	0.08883	0.14463	0.05963	0.01555	0.08851	0.18151	0.03003	0.03819	0.07606	0.15686	0.01322	0.00895	0.00276	0.00805	0.01122	0.00681	0.01118
3	0.01325	0.01041	0.01228	0.01244	0.01470	0.01049	0.00921	0.02052	0.15354	0.02817	0.19600	0.26750	0.14998	0.02012	0.01009	0.00307	0.00515	0.04595	0.00842	0.00871
4	0.02107	0.02081	0.02238	0.02687	0.20434	0.15769	0.01687	0.08477	0.02259	0.02759	0.03462	0.04597	0.13677	0.01388	0.00924	0.00280	0.00965	0.12551	0.00610	0.01050
5	0.02234	0.02872	0.16877	0.03736	0.32572	0.11696	0.05908	0.06027	0.04781	0.02828	0.01655	0.02008	0.01308	0.00816	0.00835	0.00255	0.01149	0.00722	0.00453	0.01268
6	0.18514	0.02564	0.20443	0.02404	0.12678	0.04819	0.04364	0.02914	0.01915	0.15272	0.01971	0.02367	0.01489	0.00921	0.00786	0.00269	0.00978	0.03568	0.00570	0.01196
7	0.02668	0.03485	0.10748	0.03138	0.21541	0.38941	0.02127	0.03071	0.02190	0.02371	0.01428	0.01741	0.01170	0.00832	0.00795	0.00236	0.01341	0.00622	0.00423	0.01130
8	0.01419	0.01194	0.01765	0.02403	0.21931	0.01148	0.01323	0.01661	0.01735	0.02315	0.04195	0.24622	0.16645	0.08898	0.01420	0.03583	0.00694	0.01546	0.00623	0.00880
9	0.02263	0.02396	0.03113	0.11928	0.39220	0.16109	0.04651	0.02717	0.02009	0.02552	0.01529	0.01995	0.01261	0.00789	0.00825	0.00246	0.01142	0.00712	0.00423	0.04120
10	0.01903	0.02948	0.24397	0.03135	0.04073	0.02122	0.39380	0.02677	0.01899	0.02677	0.01624	0.02110	0.01213	0.00792	0.01045	0.00286	0.05277	0.00868	0.00404	0.01171
11	0.01065	0.00914	0.00919	0.00909	0.01207	0.00794	0.00684	0.01399	0.05235	0.02367	0.08344	0.07920	0.61115	0.02101	0.00998	0.00287	0.00444	0.01751	0.00794	0.00752
12	0.02194	0.58543	0.07512	0.01604	0.02271	0.03199	0.01597	0.02494	0.01680	0.02045	0.01193	0.01450	0.01094	0.00827	0.00838	0.00210	0.09302	0.00500	0.00365	0.01081
13	0.01886	0.01741	0.02889	0.04210	0.49286	0.01725	0.02170	0.02366	0.02053	0.02935	0.16908	0.03143	0.02978	0.00998	0.00882	0.00256	0.00862	0.00949	0.00547	0.01215
14	0.01216	0.00912	0.01368	0.01368	0.01520	0.01064	0.01064	0.01520	0.01368	0.01976	0.02279	0.03343	0.02127	0.06382	0.66720	0.01368	0.02279	0.00912	0.00456	0.00760
15	0.13216	0.05920	0.02714	0.03119	0.26051	0.26348	0.01878	0.02971	0.02063	0.05994	0.01509	0.01795	0.01221	0.00822	0.00756	0.00239	0.01137	0.00628	0.00474	0.01144
