[name]
unknown

[dist]
# distance from previous block
# <min> <max>
4	7

[block]
# block no. 0 follows, 22 sequences, length 26
# corresponding to MSA columns:
# 7-32
name=unknown_A
#
# <colnr> <probs for GDERKNQSTAVLIFYWHMCP>
#	G	D	E	R	K	N	Q	S	T	A	V	L	I	F	Y	W	H	M	C	P
0	0.01772	0.02530	0.23907	0.02982	0.23942	0.01768	0.02262	0.02667	0.10995	0.02786	0.05519	0.03204	0.05173	0.01055	0.00857	0.00271	0.00944	0.05656	0.00526	0.01185
1	0.10706	0.03231	0.27448	0.02903	0.17982	0.14591	0.06394	0.02724	0.01877	0.02664	0.01442	0.01762	0.01115	0.00782	0.00770	0.00250	0.01167	0.00634	0.00404	0.01153
2	0.02328	0.05930	0.06226	0.03992	0.42544	0.19716	0.02266	0.02758	0.02000	0.02490	0.01464	0.01856	0.01225	0.00772	0.00787	0.00235	0.01132	0.00665	0.00410	0.01204
3	0.01629	0.01354	0.01752	0.14656	0.06282	0.01482	0.01406	0.06184	0.16115	0.02703	0.03752	0.07498	0.12313	0.07381	0.01211	0.00341	0.00769	0.11545	0.00669	0.00959
4	0.02214	0.06071	0.02428	0.02730	0.21828	0.27080	0.01672	0.02522	0.02025	0.02274	0.02755	0.02988	0.13198	0.01385	0.05028	0.00306	0.01152	0.00844	0.00484	0.01015
5	0.06137	0.01120	0.01597	0.01923	0.13702	0.01204	0.01167	0.01671	0.01411	0.02102	0.02143	0.03535	0.02127	0.23422	0.32179	0.00904	0.01477	0.00925	0.00460	0.00794
6	0.02064	0.08213	0.36398	0.02848	0.16631	0.14677	0.02565	0.02736	0.01895	0.02488	0.01444	0.01741	0.01113	0.00786	0.00772	0.00244	0.01205	0.00614	0.00379	0.01185
7	0.05951	0.31827	0.03154	0.08379	0.02653	0.31084	0.01565	0.02811	0.01963	0.02087	0.01243	0.01493	0.01064	0.00789	0.00656	0.00207	0.01165	0.00513	0.00396	0.00999
8	0.51146	0.02077	0.11320	0.02055	0.14255	0.01895	0.01540	0.02491	0.01556	0.03369	0.01285	0.01546	0.01003	0.00768	0.00614	0.00256	0.00796	0.00530	0.00470	0.01029
9	0.02002	0.01916	0.03243	0.04883	0.62346	0.01909	0.02452	0.02481	0.01892	0.02690	0.01911	0.02358	0.04565	0.00809	0.00831	0.00248	0.00958	0.00792	0.00430	0.01285
10	0.00990	0.00809	0.00875	0.00927	0.01145	0.00694	0.00669	0.01183	0.01811	0.02211	0.07373	0.24924	0.49030	0.02240	0.01003	0.00296	0.00437	0.01919	0.00771	0.00694
11	0.01185	0.00882	0.01292	0.01279	0.01437	0.00989	0.00989	0.01500	0.01531	0.02199	0.14374	0.03831	0.03189	0.05356	0.54673	0.01128	0.01871	0.01008	0.00536	0.00750
12	0.01157	0.00848	0.01084	0.01025	0.01229	0.00776	0.00769	0.01531	0.02306	0.03224	0.59574	0.06382	0.13516	0.01738	0.00980	0.00263	0.00395	0.01527	0.00900	0.00776
13	0.01073	0.00853	0.00943	0.00959	0.01190	0.00754	0.00726	0.01306	0.01884	0.02345	0.14276	0.07696	0.44517	0.08868	0.01323	0.00343	0.00498	0.08984	0.00762	0.00700
14	0.01187	0.00890	0.01335	0.01335	0.01483	0.01038	0.01038	0.01483	0.01335	0.01928	0.02225	0.03264	0.02077	0.06231	0.67512	0.01335	0.02225	0.00890	0.00445	0.00742
15	0.02221	0.71304	0.04353	0.01421	0.02132	0.03287	0.01421	0.02488	0.01688	0.01955	0.01155	0.01333	0.01066	0.00711	0.00533	0.00178	0.00888	0.00444	0.00355	0.01066
16	0.02099	0.07385	0.43546	0.02367	0.05682	0.19816	0.02570	0.02807	0.01919	0.02439	0.01421	0.01676	0.01068	0.00802	0.00767	0.00245	0.01275	0.00589	0.00374	0.01151
17	0.00982	0.00842	0.00842	0.00842	0.01122	0.00701	0.00631	0.01192	0.01894	0.02244	0.08416	0.07995	0.65285	0.02104	0.00982	0.00281	0.00421	0.01753	0.00771	0.00701
18	0.01187	0.00890	0.01335	0.01335	0.01483	0.01038	0.01038	0.01483	0.01335	0.01928	0.02225	0.03264	0.02077	0.06231	0.67512	0.01335	0.02225	0.00890	0.00445	0.00742
19	0.02274	0.67285	0.04234	0.01464	0.02158	0.07118	0.01432	0.02537	0.01728	0.01959	0.01163	0.01343	0.01066	0.00719	0.00546	0.00180	0.00925	0.00450	0.00360	0.01060
20	0.02171	0.01554	0.01706	0.01504	0.01972	0.01678	0.01179	0.03786	0.42297	0.14367	0.04244	0.03908	0.13433	0.01281	0.00867	0.00277	0.00625	0.01063	0.00865	0.01225
21	0.01368	0.01157	0.01683	0.01579	0.01684	0.01472	0.01263	0.01632	0.01317	0.01949	0.01898	0.02847	0.01793	0.04855	0.48855	0.01055	0.21537	0.00843	0.00422	0.00790
22	0.01317	0.01153	0.01795	0.38539	0.03694	0.01325	0.01605	0.01695	0.01665	0.02136	0.03305	0.25443	0.09963	0.01565	0.00924	0.00297	0.00821	0.01394	0.00549	0.00815
23	0.02032	0.02119	0.07319	0.04928	0.61744	0.01971	0.02582	0.02555	0.01883	0.02709	0.01558	0.02037	0.01299	0.00743	0.00820	0.00248	0.01002	0.00732	0.00407	0.01310
24	0.01699	0.08227	0.62855	0.02312	0.03510	0.02009	0.02973	0.02622	0.01750	0.02591	0.01471	0.01729	0.01053	0.00785	0.00774	0.00258	0.01208	0.00604	0.00351	0.01218
25	0.02305	0.07147	0.03484	0.03822	0.34148	0.18086	0.13832	0.02754	0.02004	0.02487	0.01490	0.01907	0.01228	0.00759	0.00816	0.00241	0.01185	0.00717	0.00413	0.01175

[dist]
# distance from previous block
# <min> <max>
0	1

[block]
# block no. 1 follows, 22 sequences, length 38
# corresponding to MSA columns:
# 34-71
name=unknown_B
#
# <colnr> <probs for GDERKNQSTAVLIFYWHMCP>
#	G	D	E	R	K	N	Q	S	T	A	V	L	I	F	Y	W	H	M	C	P
0	0.27945	0.01628	0.02302	0.33597	0.11090	0.01883	0.05690	0.02318	0.01620	0.02787	0.01388	0.01895	0.01068	0.00791	0.00728	0.00267	0.00950	0.00653	0.00428	0.00973
1	0.01833	0.01746	0.02969	0.34237	0.38226	0.01915	0.02439	0.02354	0.01786	0.02444	0.01523	0.02129	0.01221	0.00782	0.00826	0.00261	0.01042	0.00739	0.00392	0.01136
2	0.03018	0.10433	0.02546	0.02071	0.02526	0.61300	0.01587	0.03238	0.02290	0.02026	0.01272	0.01482	0.01070	0.00842	0.00728	0.00211	0.01440	0.00526	0.00421	0.00973
3	0.01450	0.14902	0.01983	0.01379	0.01631	0.01567	0.01142	0.01737	0.01421	0.01995	0.01964	0.02780	0.01816	0.04575	0.46838	0.00988	0.06149	0.00786	0.04077	0.00818
4	0.01192	0.00871	0.01237	0.01237	0.01351	0.00985	0.00916	0.01420	0.01306	0.01856	0.02315	0.03762	0.02293	0.21035	0.53004	0.01214	0.01900	0.00963	0.00458	0.00687
5	0.01817	0.12006	0.14868	0.01588	0.02170	0.01757	0.05774	0.02773	0.16053	0.02895	0.02324	0.02515	0.01794	0.00913	0.00704	0.00231	0.00760	0.00747	0.27254	0.01055
6	0.01944	0.01860	0.03170	0.19705	0.51890	0.01944	0.02494	0.02452	0.01839	0.02578	0.01543	0.02092	0.01268	0.00761	0.00824	0.00254	0.01015	0.00740	0.00402	0.01226
7	0.00982	0.00842	0.00842	0.00842	0.01122	0.00701	0.00631	0.01192	0.01894	0.02244	0.08416	0.07995	0.65285	0.02104	0.00982	0.00281	0.00421	0.01753	0.00771	0.00701
8	0.01059	0.00776	0.00994	0.01085	0.01206	0.00711	0.00758	0.01287	0.01859	0.02505	0.23551	0.43254	0.13354	0.02267	0.01026	0.00307	0.00447	0.02026	0.00815	0.00711
9	0.01569	0.01477	0.02492	0.68808	0.05722	0.01846	0.02307	0.02123	0.01661	0.02123	0.01477	0.02215	0.01107	0.00831	0.00831	0.00277	0.01107	0.00738	0.00369	0.00923
10	0.01207	0.00811	0.00937	0.00937	0.00947	0.00822	0.00541	0.01228	0.01217	0.01633	0.02590	0.05282	0.02953	0.66213	0.08728	0.00843	0.00906	0.01185	0.00499	0.00520
11	0.01539	0.01257	0.01473	0.01158	0.01670	0.00998	0.00864	0.01809	0.01605	0.02422	0.02060	0.10350	0.02076	0.14758	0.01383	0.00283	0.00638	0.00849	0.00527	0.52281
12	0.02990	0.12574	0.02610	0.02048	0.02512	0.59259	0.01582	0.03211	0.02269	0.02023	0.01268	0.01477	0.01070	0.00837	0.00721	0.00209	0.01420	0.00523	0.00419	0.00976
13	0.01723	0.01477	0.01723	0.01230	0.01969	0.01107	0.00984	0.02092	0.01723	0.02707	0.01477	0.01723	0.01230	0.00615	0.00615	0.00123	0.00615	0.00492	0.00492	0.75883
14	0.02446	0.01832	0.02377	0.08304	0.02756	0.01928	0.07687	0.28203	0.07366	0.09190	0.02434	0.11384	0.02043	0.01149	0.00861	0.00260	0.00863	0.00990	0.00727	0.07200
15	0.01131	0.00847	0.01049	0.00998	0.01214	0.00765	0.00749	0.01482	0.02247	0.03082	0.52169	0.06616	0.21009	0.01791	0.00980	0.00266	0.00399	0.01560	0.00882	0.00765
16	0.01012	0.00723	0.00964	0.01157	0.01205	0.00675	0.00771	0.01157	0.01591	0.02121	0.04579	0.70262	0.05495	0.02603	0.01060	0.00337	0.00482	0.02362	0.00771	0.00675
17	0.01040	0.00883	0.00903	0.00891	0.01174	0.00765	0.00670	0.01354	0.04602	0.02364	0.11692	0.07674	0.59048	0.02037	0.00976	0.00279	0.00429	0.01703	0.00783	0.00733
18	0.00999	0.00828	0.00875	0.00892	0.01140	0.00704	0.00658	0.01215	0.01891	0.02307	0.12010	0.15037	0.54316	0.02133	0.00991	0.00286	0.00426	0.01805	0.00782	0.00704
19	0.01873	0.01787	0.03040	0.29091	0.43064	0.01926	0.02458	0.02389	0.01805	0.02491	0.01530	0.02116	0.01237	0.00774	0.00825	0.00258	0.01032	0.00739	0.00395	0.01168
20	0.02733	0.01196	0.01596	0.01298	0.01775	0.01047	0.01043	0.03070	0.02337	0.41955	0.23310	0.04245	0.08093	0.01313	0.00891	0.00260	0.00588	0.01109	0.00975	0.01166
21	0.01012	0.00723	0.00964	0.01157	0.01205	0.00675	0.00771	0.01157	0.01591	0.02121	0.04579	0.70262	0.05495	0.02603	0.01060	0.00337	0.00482	0.02362	0.00771	0.00675
22	0.02711	0.01932	0.02055	0.01635	0.02178	0.02127	0.01331	0.44731	0.07692	0.04620	0.02257	0.02326	0.01657	0.01000	0.00775	0.00239	0.00775	0.00768	0.17931	0.01259
23	0.01704	0.04074	0.60432	0.02630	0.09558	0.01934	0.03019	0.02623	0.01767	0.02639	0.01498	0.01783	0.01078	0.00785	0.00792	0.00262	0.01205	0.00626	0.00357	0.01236
24	0.01042	0.00791	0.00961	0.01031	0.01188	0.00709	0.00730	0.01267	0.01869	0.02452	0.20428	0.35268	0.24798	0.02228	0.01016	0.00301	0.00441	0.01963	0.00806	0.00709
25	0.01187	0.00890	0.01335	0.01335	0.01483	0.01038	0.01038	0.01483	0.01335	0.01928	0.02225	0.03264	0.02077	0.06231	0.67512	0.01335	0.02225	0.00890	0.00445	0.00742
26	0.03103	0.03959	0.02354	0.02140	0.02568	0.67469	0.01605	0.03317	0.02354	0.02033	0.01284	0.01498	0.01070	0.00856	0.00749	0.00214	0.01498	0.00535	0.00428	0.00963
27	0.01012	0.00784	0.00923	0.01013	0.01172	0.00695	0.00712	0.01205	0.01782	0.02271	0.11115	0.38469	0.31244	0.02316	0.01020	0.00307	0.00449	0.02032	0.00783	0.00695
28	0.02209	0.02029	0.02844	0.03836	0.41759	0.06310	0.02100	0.03161	0.18229	0.05939	0.02103	0.02329	0.01655	0.00863	0.00824	0.00254	0.00921	0.00783	0.00556	0.01297
29	0.02196	0.67029	0.04242	0.01468	0.02135	0.03241	0.01446	0.02458	0.01662	0.01957	0.01151	0.01362	0.01068	0.00756	0.00668	0.00189	0.05096	0.00462	0.00356	0.01056
30	0.01856	0.02349	0.15431	0.22634	0.27664	0.06039	0.02442	0.02436	0.01828	0.02467	0.01694	0.02492	0.01417	0.00887	0.00835	0.00266	0.01088	0.04638	0.00412	0.01125
31	0.01106	0.00846	0.01014	0.00972	0.01199	0.00754	0.00729	0.01433	0.02188	0.02943	0.44887	0.06845	0.28378	0.01843	0.00981	0.00268	0.00402	0.01592	0.00863	0.00754
32	0.01686	0.04181	0.63353	0.02504	0.06688	0.01932	0.03043	0.02627	0.01761	0.02635	0.01494	0.01769	0.01065	0.00787	0.00791	0.00262	0.01216	0.00620	0.00354	0.01232
33	0.01210	0.00883	0.01299	0.01299	0.01451	0.01022	0.01009	0.01512	0.01361	0.02003	0.02256	0.03253	0.02080	0.05895	0.63242	0.01262	0.02108	0.00883	0.05229	0.00744
34	0.01075	0.00816	0.00990	0.01007	0.01195	0.00731	0.00732	0.01349	0.02022	0.02693	0.32480	0.22256	0.25545	0.02046	0.01000	0.00286	0.00423	0.01790	0.00834	0.00731
35	0.02580	0.01984	0.02183	0.01637	0.02332	0.01985	0.01339	0.38377	0.03026	0.04217	0.01786	0.01885	0.01339	0.00843	0.00744	0.00198	0.00794	0.00645	0.00695	0.31410
36	0.01469	0.01016	0.01432	0.21691	0.02543	0.01164	0.01217	0.01885	0.01621	0.02521	0.02218	0.02867	0.01805	0.02178	0.16580	0.00491	0.01044	0.00791	0.34655	0.00812
37	0.02854	0.18112	0.02991	0.02057	0.07567	0.02691	0.01621	0.44142	0.03235	0.04280	0.01767	0.01848	0.01325	0.00911	0.00762	0.00233	0.00914	0.00678	0.00688	0.01325

[dist]
# distance from previous block
# <min> <max>
0	1

[block]
# block no. 2 follows, 22 sequences, length 36
# corresponding to MSA columns:
# 73-108
name=unknown_C
#
# <colnr> <probs for GDERKNQSTAVLIFYWHMCP>
#	G	D	E	R	K	N	Q	S	T	A	V	L	I	F	Y	W	H	M	C	P
0	0.02685	0.02411	0.02380	0.01923	0.02415	0.14269	0.01558	0.31490	0.02793	0.03651	0.01610	0.01832	0.01259	0.01018	0.01184	0.00251	0.15243	0.00672	0.00616	0.10742
1	0.01201	0.00832	0.01041	0.01041	0.01088	0.00879	0.00672	0.01295	0.01248	0.01711	0.02494	0.04753	0.02724	0.50498	0.24129	0.00972	0.01252	0.01108	0.00485	0.00578
2	0.21434	0.03180	0.37057	0.02259	0.03222	0.01946	0.14378	0.02587	0.01706	0.02925	0.01441	0.01745	0.01054	0.00767	0.00755	0.00265	0.01108	0.00644	0.00408	0.01120
3	0.01146	0.00843	0.01086	0.01135	0.01312	0.00784	0.00869	0.01458	0.02039	0.02752	0.32139	0.20310	0.15266	0.02064	0.01030	0.00304	0.00489	0.13395	0.00834	0.00745
4	0.01191	0.00901	0.01076	0.01049	0.01268	0.00832	0.00777	0.04517	0.02163	0.02897	0.34633	0.17638	0.24107	0.01940	0.00987	0.00280	0.00443	0.01687	0.00843	0.00773
5	0.02297	0.02405	0.02695	0.03440	0.32760	0.19152	0.01986	0.03094	0.14845	0.02681	0.02007	0.02492	0.01677	0.00928	0.00824	0.00252	0.01042	0.03704	0.00523	0.01195
6	0.02019	0.01895	0.05301	0.01692	0.02222	0.01987	0.01383	0.04146	0.56143	0.03373	0.03138	0.02925	0.02360	0.01071	0.00825	0.00269	0.00685	0.00889	0.00793	0.06884
7	0.01800	0.01835	0.02940	0.02390	0.02574	0.02340	0.14293	0.02097	0.01419	0.02130	0.01297	0.02013	0.01199	0.01656	0.07209	0.00419	0.50274	0.00791	0.00381	0.00940
8	0.02391	0.01766	0.01869	0.01523	0.02028	0.01907	0.01229	0.36315	0.09438	0.04164	0.03553	0.03487	0.14790	0.01235	0.00832	0.00252	0.00719	0.00978	0.10351	0.01174
9	0.01187	0.00890	0.01335	0.01335	0.01483	0.01038	0.01038	0.01483	0.01335	0.01928	0.02225	0.03264	0.02077	0.06231	0.67512	0.01335	0.02225	0.00890	0.00445	0.00742
10	0.01146	0.00821	0.00917	0.00914	0.01003	0.00787	0.00573	0.01232	0.01446	0.01869	0.06891	0.06055	0.19727	0.46706	0.05982	0.00665	0.00747	0.01352	0.00590	0.00579
11	0.03103	0.03959	0.02354	0.02140	0.02568	0.67469	0.01605	0.03317	0.02354	0.02033	0.01284	0.01498	0.01070	0.00856	0.00749	0.00214	0.01498	0.00535	0.00428	0.00963
12	0.61287	0.01682	0.01665	0.01919	0.14806	0.01886	0.01240	0.02464	0.01512	0.03518	0.01240	0.01495	0.00986	0.00765	0.00578	0.00255	0.00714	0.00510	0.00493	0.00986
13	0.01704	0.04072	0.60395	0.02632	0.09594	0.01934	0.03019	0.02623	0.01767	0.02639	0.01498	0.01783	0.01078	0.00785	0.00792	0.00262	0.01204	0.00626	0.00357	0.01236
14	0.02027	0.02145	0.08017	0.04898	0.61058	0.01971	0.02588	0.02556	0.01881	0.02708	0.01557	0.02034	0.01297	0.00744	0.00820	0.00248	0.01005	0.00731	0.00407	0.01309
15	0.01913	0.01828	0.03114	0.23750	0.48086	0.01936	0.02479	0.02425	0.01824	0.02541	0.01537	0.02103	0.01255	0.00767	0.00825	0.00256	0.01022	0.00740	0.00399	0.01201
16	0.17891	0.02183	0.02238	0.01747	0.02382	0.02433	0.01443	0.50745	0.03406	0.04933	0.01827	0.01865	0.01310	0.00952	0.00768	0.00251	0.00860	0.00688	0.00768	0.01310
17	0.01088	0.00826	0.01001	0.00999	0.01198	0.00740	0.00734	0.01381	0.02081	0.02789	0.37275	0.17359	0.25555	0.01976	0.00994	0.00280	0.00416	0.01724	0.00846	0.00740
18	0.01187	0.00890	0.01335	0.01335	0.01483	0.01038	0.01038	0.01483	0.01335	0.01928	0.02225	0.03264	0.02077	0.06231	0.67512	0.01335	0.02225	0.00890	0.00445	0.00742
19	0.01666	0.04297	0.66500	0.02368	0.03596	0.01929	0.03069	0.02631	0.01754	0.02631	0.01491	0.01754	0.01052	0.00789	0.00789	0.00263	0.01228	0.00614	0.00351	0.01228
20	0.02202	0.01852	0.01955	0.01718	0.02212	0.02130	0.01348	0.11671	0.56644	0.03694	0.03209	0.02962	0.02396	0.01111	0.00844	0.00278	0.00689	0.00915	0.00844	0.01327
21	0.01010	0.00732	0.00955	0.01134	0.01199	0.00677	0.00761	0.01159	0.01613	0.02130	0.04861	0.65680	0.09894	0.02566	0.01055	0.00333	0.00477	0.02317	0.00771	0.00677
22	0.01288	0.01069	0.01478	0.01461	0.01513	0.01282	0.01099	0.01463	0.01420	0.02009	0.02972	0.32481	0.03375	0.08128	0.15464	0.00585	0.20086	0.01515	0.00570	0.00741
23	0.00994	0.00793	0.00892	0.00971	0.01156	0.00690	0.00689	0.01178	0.01769	0.02193	0.06838	0.33593	0.40705	0.02309	0.01014	0.00304	0.00446	0.02003	0.00771	0.00690
24	0.01130	0.00844	0.01073	0.01190	0.01361	0.00787	0.00927	0.01395	0.01850	0.02392	0.11336	0.27560	0.20902	0.02284	0.01062	0.00331	0.00553	0.21519	0.00783	0.00722
25	0.01600	0.01515	0.01933	0.01760	0.01864	0.06542	0.01417	0.01841	0.01382	0.01967	0.01666	0.02509	0.01577	0.03772	0.34614	0.00833	0.31177	0.00794	0.00409	0.00830
26	0.03369	0.01989	0.02284	0.01751	0.02408	0.02075	0.01447	0.41102	0.03341	0.27784	0.02469	0.02303	0.01651	0.01009	0.00833	0.00252	0.00837	0.00780	0.00904	0.01413
27	0.01105	0.00843	0.01038	0.01156	0.01339	0.00775	0.00900	0.01352	0.01810	0.02285	0.05985	0.26951	0.28078	0.02314	0.01058	0.00330	0.00550	0.20648	0.00769	0.00714
28	0.02794	0.03178	0.02454	0.13583	0.06522	0.42755	0.01771	0.12269	0.02451	0.02580	0.01442	0.01727	0.01143	0.00867	0.00780	0.00232	0.01314	0.00614	0.00479	0.01045
29	0.16706	0.08770	0.02849	0.03294	0.33410	0.07061	0.01913	0.11227	0.02103	0.03147	0.01486	0.01800	0.01207	0.00789	0.00731	0.00240	0.00939	0.00641	0.00487	0.01199
30	0.02023	0.02265	0.14213	0.06461	0.28150	0.05121	0.02078	0.08688	0.02056	0.02974	0.01812	0.02189	0.01422	0.00833	0.00764	0.00239	0.00932	0.00714	0.15908	0.01160
31	0.04992	0.02561	0.15446	0.19248	0.06551	0.13228	0.01990	0.05825	0.11245	0.02674	0.02259	0.02499	0.06043	0.00966	0.00808	0.00260	0.01048	0.00771	0.00508	0.01079
32	0.08304	0.07310	0.18111	0.02571	0.19896	0.01649	0.01896	0.02124	0.01707	0.02543	0.02412	0.22977	0.02488	0.01329	0.00839	0.00275	0.00852	0.01163	0.00513	0.01040
33	0.01678	0.01474	0.04855	0.01539	0.05188	0.01268	0.01167	0.12379	0.02152	0.03000	0.08753	0.21141	0.09149	0.01469	0.00860	0.00244	0.00644	0.01268	0.00679	0.21094
34	0.05781	0.02584	0.13135	0.01905	0.02570	0.15268	0.06182	0.11478	0.05052	0.16852	0.02709	0.02693	0.08039	0.01028	0.00822	0.00253	0.01005	0.00817	0.00660	0.01167
35	0.02263	0.02312	0.02257	0.02612	0.18804	0.22004	0.01649	0.02975	0.14021	0.05014	0.02810	0.05509	0.07528	0.01161	0.00851	0.00260	0.00987	0.05295	0.00594	0.01093

[dist]
# distance from previous block
# <min> <max>
12	61

[block]
# block no. 3 follows, 22 sequences, length 40
# corresponding to MSA columns:
# 171-210
name=unknown_D
#
# <colnr> <probs for GDERKNQSTAVLIFYWHMCP>
#	G	D	E	R	K	N	Q	S	T	A	V	L	I	F	Y	W	H	M	C	P
0	0.02325	0.09964	0.02256	0.01828	0.05355	0.19158	0.01374	0.03325	0.23793	0.06111	0.02739	0.02703	0.07032	0.01022	0.00775	0.00235	0.00900	0.00791	0.00632	0.07682
1	0.05805	0.08576	0.05399	0.17155	0.08537	0.19248	0.04327	0.05661	0.06224	0.08790	0.01728	0.01986	0.01309	0.00856	0.00774	0.00245	0.01099	0.00674	0.00513	0.01096
2	0.02269	0.24390	0.03075	0.02523	0.19173	0.16215	0.01654	0.05823	0.01989	0.02384	0.04377	0.02223	0.01652	0.07710	0.01057	0.00274	0.01016	0.00683	0.00452	0.01062
3	0.01737	0.13188	0.02176	0.01551	0.01939	0.01839	0.01313	0.02437	0.13995	0.02503	0.02841	0.04025	0.06502	0.01570	0.04108	0.00322	0.12080	0.13111	0.00591	0.12169
4	0.01392	0.01884	0.18782	0.01545	0.02049	0.01237	0.01547	0.02087	0.08065	0.02742	0.16796	0.09173	0.13463	0.01638	0.00956	0.00297	0.00733	0.13985	0.00694	0.00933
5	0.02331	0.33753	0.03312	0.01827	0.02259	0.19583	0.01584	0.02559	0.01738	0.01988	0.01169	0.01516	0.01074	0.00964	0.01227	0.00241	0.20954	0.00550	0.00376	0.00994
6	0.01004	0.00753	0.00933	0.01077	0.01184	0.00681	0.00736	0.01166	0.01667	0.02152	0.05551	0.54481	0.20648	0.02476	0.01040	0.00323	0.00466	0.02207	0.00771	0.00681
7	0.01609	0.01554	0.01955	0.19007	0.02812	0.08896	0.01560	0.01924	0.01545	0.02023	0.01930	0.09100	0.01852	0.02916	0.23233	0.00643	0.15239	0.00923	0.00439	0.00840
8	0.01045	0.00765	0.00987	0.01132	0.01232	0.00706	0.00793	0.01235	0.01717	0.02267	0.10358	0.52760	0.13155	0.02440	0.01049	0.00327	0.00485	0.06071	0.00783	0.00694
9	0.01197	0.00850	0.01135	0.01135	0.01213	0.00929	0.00788	0.01355	0.01276	0.01780	0.02409	0.04280	0.02518	0.36423	0.37923	0.01087	0.01561	0.01039	0.00472	0.00630
10	0.01923	0.02025	0.02194	0.01955	0.02082	0.15676	0.01573	0.02141	0.01514	0.01988	0.01423	0.02123	0.01340	0.02558	0.18982	0.00582	0.37917	0.00729	0.00398	0.00877
11	0.01000	0.00847	0.00867	0.00876	0.01152	0.00714	0.00667	0.01219	0.01894	0.02256	0.08213	0.08064	0.62227	0.02114	0.00990	0.00286	0.00438	0.04699	0.00771	0.00705
12	0.01012	0.00723	0.00964	0.01157	0.01205	0.00675	0.00771	0.01157	0.01591	0.02121	0.04579	0.70262	0.05495	0.02603	0.01060	0.00337	0.00482	0.02362	0.00771	0.00675
13	0.03118	0.03534	0.02390	0.02081	0.02570	0.50555	0.01598	0.18835	0.02759	0.02868	0.01469	0.01628	0.01159	0.00893	0.00770	0.00223	0.01346	0.00591	0.00533	0.01080
14	0.01666	0.04297	0.66500	0.02368	0.03596	0.01929	0.03069	0.02631	0.01754	0.02631	0.01491	0.01754	0.01052	0.00789	0.00789	0.00263	0.01228	0.00614	0.00351	0.01228
15	0.01612	0.00904	0.01089	0.01021	0.01140	0.00866	0.00650	0.01694	0.01482	0.12386	0.06209	0.08289	0.03246	0.52143	0.03334	0.00662	0.00751	0.01220	0.00626	0.00677
16	0.06352	0.02911	0.11044	0.02436	0.02951	0.23376	0.15847	0.02683	0.01850	0.02337	0.01343	0.01778	0.01108	0.00965	0.01317	0.00277	0.19310	0.00694	0.00404	0.01015
17	0.01903	0.20702	0.30715	0.02494	0.03464	0.02331	0.21934	0.02604	0.01804	0.02468	0.01467	0.01804	0.01123	0.00740	0.00786	0.00247	0.01197	0.00689	0.00374	0.01152
18	0.01135	0.00848	0.01054	0.01002	0.01216	0.00766	0.00752	0.01488	0.02255	0.03102	0.53198	0.06583	0.19968	0.01784	0.00980	0.00265	0.00398	0.01555	0.00884	0.00766
19	0.01249	0.00981	0.01454	0.01418	0.01552	0.01187	0.01115	0.01534	0.01329	0.01935	0.02113	0.03121	0.01980	0.05760	0.61134	0.01239	0.08827	0.00874	0.00437	0.00758
20	0.01666	0.04297	0.66500	0.02368	0.03596	0.01929	0.03069	0.02631	0.01754	0.02631	0.01491	0.01754	0.01052	0.00789	0.00789	0.00263	0.01228	0.00614	0.00351	0.01228
21	0.01187	0.00890	0.01335	0.01335	0.01483	0.01038	0.01038	0.01483	0.01335	0.01928	0.02225	0.03264	0.02077	0.06231	0.67512	0.01335	0.02225	0.00890	0.00445	0.00742
22	0.01138	0.00803	0.00899	0.00922	0.00986	0.00768	0.00561	0.01199	0.01396	0.01802	0.04054	0.13550	0.16275	0.48523	0.03182	0.00641	0.00687	0.01457	0.00591	0.00565
23	0.01065	0.00745	0.00948	0.01089	0.01125	0.00710	0.00699	0.01171	0.01488	0.01983	0.04051	0.52818	0.04829	0.20955	0.01913	0.00463	0.00569	0.02051	0.00699	0.00629
24	0.01176	0.00837	0.01038	0.01038	0.01117	0.00869	0.00691	0.01296	0.01325	0.01784	0.03135	0.05017	0.09632	0.42255	0.24366	0.00919	0.01223	0.01166	0.00514	0.00603
25	0.01139	0.00752	0.00922	0.01039	0.01139	0.00709	0.00711	0.01346	0.01667	0.02375	0.07638	0.45767	0.08813	0.05206	0.01091	0.00320	0.00468	0.01893	0.16310	0.00696
26	0.01316	0.00911	0.01255	0.01235	0.01387	0.01052	0.00962	0.01630	0.01438	0.02238	0.02290	0.03141	0.02036	0.04594	0.46479	0.00984	0.05421	0.00851	0.20021	0.00759
27	0.22321	0.02273	0.02753	0.03310	0.30568	0.14209	0.07841	0.02675	0.01856	0.02854	0.01413	0.01780	0.01152	0.00766	0.00741	0.00247	0.01031	0.00647	0.00443	0.01119
28	0.02149	0.02651	0.12406	0.03793	0.33135	0.12232	0.12543	0.02801	0.05322	0.02628	0.01627	0.02013	0.01296	0.00780	0.00834	0.00251	0.01153	0.00741	0.00430	0.01215
29	0.01428	0.00789	0.00789	0.00789	0.01001	0.00759	0.00591	0.01777	0.01774	0.02915	0.03926	0.04141	0.15588	0.01210	0.00666	0.00212	0.00394	0.00983	0.59509	0.00759
30	0.01187	0.00890	0.01335	0.01335	0.01483	0.01038	0.01038	0.01483	0.01335	0.01928	0.02225	0.03264	0.02077	0.06231	0.67512	0.01335	0.02225	0.00890	0.00445	0.00742
31	0.01939	0.17577	0.24548	0.02996	0.15405	0.02273	0.18639	0.02593	0.01822	0.02511	0.01484	0.01853	0.01162	0.00739	0.00792	0.00246	0.01156	0.00701	0.00382	0.01181
32	0.02846	0.03491	0.02543	0.05694	0.14017	0.52750	0.01806	0.03125	0.02240	0.02159	0.01343	0.01631	0.01116	0.00834	0.00766	0.00223	0.01389	0.00581	0.00422	0.01025
33	0.01187	0.00890	0.01335	0.01335	0.01483	0.01038	0.01038	0.01483	0.01335	0.01928	0.02225	0.03264	0.02077	0.06231	0.67512	0.01335	0.02225	0.00890	0.00445	0.00742
34	0.02066	0.01785	0.01878	0.01691	0.02160	0.02066	0.01315	0.04414	0.64121	0.03475	0.03381	0.03099	0.02536	0.01127	0.00845	0.00282	0.00657	0.00939	0.00845	0.01315
35	0.01588	0.01421	0.02304	0.47302	0.08694	0.01714	0.02022	0.04613	0.01703	0.02254	0.01664	0.02418	0.01341	0.01982	0.15040	0.00499	0.01329	0.00771	0.00408	0.00932
36	0.02147	0.02244	0.03032	0.03170	0.22246	0.12969	0.15178	0.03002	0.14920	0.02716	0.02067	0.05615	0.01721	0.00919	0.00852	0.00255	0.01054	0.00870	0.00528	0.04495
37	0.01208	0.00805	0.00906	0.00906	0.00906	0.00805	0.00503	0.01208	0.01208	0.01611	0.02618	0.05436	0.03020	0.70804	0.04228	0.00805	0.00805	0.01208	0.00503	0.00503
38	0.01208	0.00805	0.00906	0.00906	0.00906	0.00805	0.00503	0.01208	0.01208	0.01611	0.02618	0.05436	0.03020	0.70804	0.04228	0.00805	0.00805	0.01208	0.00503	0.00503
39	0.01084	0.00849	0.01030	0.01019	0.01237	0.00795	0.00768	0.01364	0.01901	0.02499	0.23994	0.09240	0.32224	0.02864	0.14838	0.00497	0.00791	0.01525	0.00746	0.00733

[dist]
# distance from previous block
# <min> <max>
4	9

[block]
# block no. 4 follows, 22 sequences, length 75
# corresponding to MSA columns:
# 220-294
name=unknown_E
#
# <colnr> <probs for GDERKNQSTAVLIFYWHMCP>
#	G	D	E	R	K	N	Q	S	T	A	V	L	I	F	Y	W	H	M	C	P
0	0.03103	0.03959	0.02354	0.02140	0.02568	0.67469	0.01605	0.03317	0.02354	0.02033	0.01284	0.01498	0.01070	0.00856	0.00749	0.00214	0.01498	0.00535	0.00428	0.00963
1	0.01004	0.00797	0.00889	0.00959	0.01141	0.00697	0.00676	0.01180	0.01749	0.02168	0.06732	0.30485	0.40452	0.05722	0.01173	0.00327	0.00462	0.01947	0.00758	0.00682
2	0.01049	0.00835	0.00941	0.00934	0.01168	0.00727	0.00693	0.01315	0.02023	0.02598	0.27078	0.12215	0.41474	0.02007	0.00987	0.00278	0.00416	0.01717	0.00819	0.00727
3	0.05675	0.01865	0.03104	0.16532	0.51504	0.01945	0.02423	0.02466	0.01826	0.02656	0.01527	0.02050	0.01257	0.00758	0.00809	0.00253	0.00992	0.00725	0.00409	0.01223
4	0.61068	0.02106	0.01461	0.01315	0.01811	0.15779	0.01049	0.02628	0.01613	0.03368	0.01184	0.01381	0.00936	0.00789	0.00564	0.00248	0.00824	0.00468	0.00496	0.00913
5	0.01176	0.00851	0.01116	0.01110	0.01220	0.00902	0.00786	0.01365	0.01425	0.01962	0.08375	0.04722	0.08382	0.29087	0.32848	0.00957	0.01391	0.01134	0.00535	0.00655
6	0.01010	0.00816	0.00882	0.00917	0.01131	0.00706	0.00658	0.01203	0.01813	0.02230	0.09832	0.20109	0.47153	0.06292	0.01191	0.00322	0.00455	0.01830	0.00762	0.00688
7	0.02056	0.01974	0.03372	0.05099	0.65622	0.01974	0.02550	0.02550	0.01892	0.02714	0.01563	0.02056	0.01316	0.00740	0.00822	0.00247	0.00987	0.00740	0.00411	0.01316
8	0.01012	0.00723	0.00964	0.01157	0.01205	0.00675	0.00771	0.01157	0.01591	0.02121	0.04579	0.70262	0.05495	0.02603	0.01060	0.00337	0.00482	0.02362	0.00771	0.00675
9	0.01888	0.02006	0.04067	0.03659	0.20058	0.01928	0.39621	0.02480	0.01879	0.02597	0.01808	0.04998	0.01508	0.01215	0.06090	0.00355	0.01319	0.00966	0.00434	0.01125
10	0.01582	0.08892	0.02056	0.15832	0.05179	0.01566	0.01436	0.01939	0.01531	0.04937	0.01936	0.02677	0.01680	0.03496	0.33417	0.00780	0.04979	0.00786	0.04419	0.00880
11	0.01190	0.00884	0.01168	0.01228	0.01413	0.00875	0.00980	0.01497	0.01823	0.02425	0.15800	0.09786	0.16038	0.05870	0.15287	0.00559	0.00931	0.20792	0.00715	0.00737
12	0.02399	0.02608	0.02924	0.03869	0.40109	0.23382	0.02145	0.02945	0.06857	0.02550	0.01612	0.01954	0.01330	0.00808	0.00800	0.00239	0.01128	0.00689	0.00450	0.01201
13	0.02441	0.15184	0.05398	0.01918	0.04949	0.20647	0.01549	0.16802	0.02337	0.02809	0.01649	0.01994	0.01374	0.01995	0.14894	0.00457	0.01369	0.00656	0.00510	0.01068
14	0.01361	0.04312	0.01724	0.11321	0.02175	0.01379	0.01290	0.01688	0.01412	0.02016	0.01990	0.02889	0.01805	0.04540	0.46109	0.00992	0.07656	0.00828	0.03716	0.00799
15	0.01155	0.00876	0.01082	0.01110	0.01334	0.00804	0.00886	0.01483	0.02075	0.02728	0.29090	0.07689	0.26496	0.02001	0.01027	0.00301	0.00505	0.17784	0.00825	0.00751
16	0.02707	0.02062	0.02078	0.01681	0.02199	0.07146	0.01355	0.42720	0.03212	0.04353	0.02179	0.05059	0.01707	0.01277	0.03696	0.00288	0.00909	0.00810	0.13352	0.01210
17	0.02236	0.01794	0.02783	0.25993	0.28872	0.01936	0.02177	0.11447	0.02163	0.09887	0.01786	0.02186	0.01341	0.00841	0.00828	0.00259	0.00986	0.00751	0.00527	0.01207
18	0.02056	0.01974	0.03372	0.05099	0.65622	0.01974	0.02550	0.02550	0.01892	0.02714	0.01563	0.02056	0.01316	0.00740	0.00822	0.00247	0.00987	0.00740	0.00411	0.01316
19	0.01192	0.00868	0.01222	0.01222	0.01331	0.00977	0.00897	0.01411	0.01302	0.01845	0.02329	0.03838	0.02326	0.23298	0.50786	0.01195	0.01850	0.00974	0.00460	0.00679
20	0.02160	0.02252	0.03017	0.16504	0.42592	0.14193	0.02328	0.02613	0.01935	0.02476	0.01494	0.01982	0.01231	0.00779	0.00810	0.00246	0.01105	0.00701	0.00406	0.01176
21	0.03109	0.03779	0.02370	0.02115	0.02569	0.60310	0.01602	0.09886	0.02525	0.02386	0.01362	0.01553	0.01108	0.00872	0.00758	0.00218	0.01434	0.00559	0.00472	0.01013
22	0.01097	0.00846	0.01001	0.00962	0.01193	0.00750	0.00722	0.01415	0.02165	0.02889	0.42099	0.06933	0.31199	0.01863	0.00981	0.00269	0.00404	0.01604	0.00856	0.00750
23	0.03158	0.02327	0.02493	0.01911	0.02576	0.02576	0.01579	0.62852	0.03906	0.05236	0.01995	0.01995	0.01413	0.00997	0.00831	0.00249	0.00914	0.00748	0.00831	0.01413
24	0.01154	0.00783	0.00922	0.00975	0.00989	0.00769	0.00577	0.01194	0.01314	0.01752	0.03160	0.23375	0.03705	0.51931	0.03352	0.00676	0.00716	0.01527	0.00577	0.00551
25	0.02034	0.40777	0.19196	0.02087	0.02948	0.02714	0.14789	0.02558	0.01761	0.02265	0.01346	0.01625	0.01104	0.00727	0.00689	0.00220	0.01077	0.00598	0.00368	0.01116
26	0.02706	0.02537	0.02210	0.01883	0.02407	0.19361	0.01480	0.23841	0.27637	0.03692	0.02364	0.02307	0.01773	0.01012	0.00815	0.00253	0.00964	0.00769	0.00731	0.01256
27	0.01081	0.00873	0.00979	0.01032	0.01288	0.00772	0.00827	0.01339	0.01899	0.02311	0.07304	0.08376	0.48542	0.02157	0.01028	0.00309	0.00516	0.17880	0.00770	0.00719
28	0.01029	0.00735	0.00984	0.01177	0.01232	0.00690	0.00801	0.01187	0.01608	0.02140	0.04569	0.67030	0.05457	0.02586	0.01065	0.00340	0.00497	0.05423	0.00771	0.00680
29	0.03109	0.03779	0.02370	0.02115	0.02569	0.60310	0.01602	0.09886	0.02525	0.02386	0.01362	0.01553	0.01108	0.00872	0.00758	0.00218	0.01434	0.00559	0.00472	0.01013
30	0.01867	0.01781	0.03031	0.29758	0.42437	0.01924	0.02456	0.02384	0.01802	0.02485	0.01529	0.02118	0.01235	0.00775	0.00826	0.00258	0.01034	0.00739	0.00395	0.01164
31	0.01154	0.00783	0.00922	0.00975	0.00989	0.00769	0.00577	0.01194	0.01314	0.01752	0.03160	0.23375	0.03705	0.51931	0.03352	0.00676	0.00716	0.01527	0.00577	0.00551
32	0.00982	0.00842	0.00842	0.00842	0.01122	0.00701	0.00631	0.01192	0.01894	0.02244	0.08416	0.07995	0.65285	0.02104	0.00982	0.00281	0.00421	0.01753	0.00771	0.00701
33	0.02278	0.02395	0.03156	0.04472	0.52248	0.15866	0.02349	0.02712	0.01990	0.02570	0.01504	0.01938	0.01264	0.00765	0.00807	0.00240	0.01095	0.00697	0.00415	0.01241
34	0.01038	0.00749	0.00983	0.01124	0.01207	0.00694	0.00767	0.01228	0.01732	0.02330	0.14972	0.56753	0.08483	0.02428	0.01043	0.00322	0.00464	0.02190	0.00795	0.00694
35	0.01012	0.00723	0.00964	0.01157	0.01205	0.00675	0.00771	0.01157	0.01591	0.02121	0.04579	0.70262	0.05495	0.02603	0.01060	0.00337	0.00482	0.02362	0.00771	0.00675
36	0.02431	0.02813	0.02534	0.02648	0.14176	0.32980	0.01801	0.02688	0.01926	0.02160	0.01597	0.01987	0.03985	0.01068	0.01360	0.00267	0.21472	0.00685	0.00421	0.01001
37	0.01037	0.00744	0.00946	0.01098	0.01157	0.00695	0.00723	0.01167	0.01561	0.02059	0.04604	0.56451	0.09777	0.12026	0.01494	0.00398	0.00522	0.02155	0.00734	0.00653
38	0.01309	0.00792	0.00866	0.00875	0.00940	0.00789	0.00541	0.01440	0.01398	0.02113	0.02737	0.07652	0.02846	0.45162	0.02907	0.00587	0.00656	0.01121	0.24670	0.00599
39	0.02481	0.02158	0.02000	0.01742	0.02221	0.14163	0.01387	0.19816	0.21145	0.06627	0.03102	0.03551	0.07030	0.01240	0.00867	0.00270	0.00882	0.07388	0.00758	0.01173
40	0.01961	0.02023	0.03864	0.04103	0.33846	0.02009	0.27344	0.02515	0.01862	0.02617	0.01621	0.02181	0.01319	0.01032	0.04298	0.00321	0.04637	0.00847	0.00414	0.01186
41	0.06928	0.00843	0.00969	0.01057	0.01172	0.00818	0.00719	0.01303	0.01542	0.02152	0.04396	0.35607	0.13731	0.19866	0.01823	0.00445	0.00582	0.04709	0.00682	0.00657
42	0.22584	0.08003	0.24460	0.02034	0.07993	0.02049	0.01924	0.02939	0.14895	0.03068	0.01780	0.01921	0.01349	0.00846	0.00708	0.00257	0.00898	0.00635	0.00506	0.01151
43	0.02282	0.02345	0.05527	0.03844	0.37398	0.10707	0.09131	0.10012	0.02196	0.02939	0.01639	0.02030	0.01314	0.00794	0.00820	0.00245	0.01076	0.00738	0.03730	0.01232
44	0.02978	0.13496	0.02637	0.02038	0.02506	0.58381	0.01579	0.03200	0.02260	0.02022	0.01266	0.01475	0.01070	0.00835	0.00718	0.00209	0.01412	0.00522	0.00418	0.00978
45	0.01299	0.00845	0.01178	0.01178	0.01320	0.00942	0.00898	0.01544	0.01401	0.02145	0.02251	0.03144	0.02019	0.04647	0.44970	0.09290	0.01635	0.00845	0.17744	0.00707
46	0.01679	0.05934	0.23418	0.02440	0.05703	0.01757	0.18969	0.02388	0.04330	0.02565	0.02581	0.08633	0.04937	0.01192	0.00916	0.00288	0.01065	0.09638	0.00505	0.01063
47	0.02125	0.02604	0.08110	0.24464	0.07350	0.19771	0.18676	0.02656	0.01950	0.02315	0.01486	0.01983	0.01145	0.00794	0.00846	0.00258	0.01297	0.00740	0.00400	0.01031
48	0.01018	0.00843	0.00891	0.00879	0.01144	0.00717	0.00659	0.01262	0.01978	0.02445	0.18915	0.07664	0.54660	0.02029	0.00981	0.00277	0.00415	0.01707	0.00798	0.00717
49	0.01770	0.16823	0.54883	0.02191	0.03322	0.02183	0.02761	0.02604	0.01742	0.02504	0.01428	0.01675	0.01055	0.00775	0.00741	0.00247	0.01164	0.00582	0.00352	0.01198
50	0.01502	0.00789	0.00846	0.00846	0.01034	0.00808	0.00639	0.01878	0.01690	0.02948	0.02648	0.03118	0.02123	0.01638	0.09108	0.00339	0.00621	0.00789	0.65865	0.00770
51	0.01058	0.00845	0.00947	0.00921	0.01169	0.00734	0.00691	0.01339	0.02073	0.02670	0.30662	0.07294	0.42773	0.01945	0.00981	0.00273	0.00409	0.01655	0.00828	0.00734
52	0.01085	0.00846	0.00984	0.00949	0.01185	0.00745	0.00712	0.01391	0.02136	0.02820	0.38477	0.07047	0.34865	0.01889	0.00981	0.00270	0.00406	0.01620	0.00847	0.00745
53	0.01154	0.00783	0.00922	0.00975	0.00989	0.00769	0.00577	0.01194	0.01314	0.01752	0.03160	0.23375	0.03705	0.51931	0.03352	0.00676	0.00716	0.01527	0.00577	0.00551
54	0.01187	0.00890	0.01335	0.01335	0.01483	0.01038	0.01038	0.01483	0.01335	0.01928	0.02225	0.03264	0.02077	0.06231	0.67512	0.01335	0.02225	0.00890	0.00445	0.00742
55	0.01164	0.00849	0.01094	0.01033	0.01234	0.00779	0.00775	0.01545	0.02324	0.03266	0.61790	0.06312	0.11273	0.01723	0.00980	0.00262	0.00394	0.01517	0.00906	0.00779
56	0.01187	0.00890	0.01335	0.01335	0.01483	0.01038	0.01038	0.01483	0.01335	0.01928	0.02225	0.03264	0.02077	0.06231	0.67512	0.01335	0.02225	0.00890	0.00445	0.00742
57	0.01167	0.00788	0.00918	0.00959	0.00969	0.00778	0.00560	0.01197	0.01289	0.01719	0.03034	0.19186	0.03545	0.56339	0.03556	0.00706	0.00737	0.01453	0.00560	0.00540
58	0.01187	0.00890	0.01335	0.01335	0.01483	0.01038	0.01038	0.01483	0.01335	0.01928	0.02225	0.03264	0.02077	0.06231	0.67512	0.01335	0.02225	0.00890	0.00445	0.00742
59	0.01984	0.01361	0.01519	0.01347	0.01772	0.01401	0.01052	0.03164	0.29218	0.14822	0.09647	0.04751	0.21594	0.01444	0.00895	0.00275	0.00575	0.01206	0.00863	0.01109
60	0.01208	0.00805	0.00906	0.00906	0.00906	0.00805	0.00503	0.01208	0.01208	0.01611	0.02618	0.05436	0.03020	0.70804	0.04228	0.00805	0.00805	0.01208	0.00503	0.00503
61	0.01012	0.00723	0.00964	0.01157	0.01205	0.00675	0.00771	0.01157	0.01591	0.02121	0.04579	0.70262	0.05495	0.02603	0.01060	0.00337	0.00482	0.02362	0.00771	0.00675
62	0.02685	0.02732	0.01946	0.01714	0.02127	0.35249	0.01316	0.15562	0.02514	0.03007	0.01829	0.02046	0.01436	0.00917	0.00720	0.00216	0.01067	0.00646	0.21265	0.01006
63	0.01036	0.00844	0.00916	0.00898	0.01155	0.00724	0.00673	0.01296	0.02020	0.02545	0.24125	0.07500	0.49388	0.01992	0.00981	0.00275	0.00413	0.01684	0.00811	0.00724
64	0.01723	0.01477	0.01723	0.01230	0.01969	0.01107	0.00984	0.02092	0.01723	0.02707	0.01477	0.01723	0.01230	0.00615	0.00615	0.00123	0.00615	0.00492	0.00492	0.75883
65	0.01262	0.01012	0.01066	0.01016	0.01317	0.00933	0.00784	0.08037	0.02081	0.02559	0.07089	0.07304	0.50252	0.05643	0.01150	0.00313	0.00522	0.06122	0.00763	0.00774
66	0.01451	0.01059	0.01345	0.01239	0.01386	0.01203	0.00940	0.01694	0.01439	0.02258	0.02173	0.03289	0.02042	0.17143	0.18281	0.00631	0.13827	0.00864	0.21192	0.06545
67	0.01072	0.00801	0.00894	0.00938	0.01062	0.00734	0.00616	0.01190	0.01571	0.01982	0.05390	0.21468	0.28486	0.27548	0.02197	0.00487	0.00577	0.01693	0.00673	0.00622
68	0.01208	0.00858	0.01175	0.01175	0.01277	0.00953	0.00848	0.01412	0.01310	0.01872	0.02371	0.03958	0.02383	0.26845	0.44485	0.01120	0.01695	0.00988	0.03402	0.00666
69	0.01723	0.01477	0.01723	0.01230	0.01969	0.01107	0.00984	0.02092	0.01723	0.02707	0.01477	0.01723	0.01230	0.00615	0.00615	0.00123	0.00615	0.00492	0.00492	0.75883
70	0.01443	0.00722	0.01082	0.01082	0.01082	0.00722	0.00722	0.01082	0.01082	0.01443	0.01443	0.02525	0.01443	0.02886	0.03247	0.75830	0.00722	0.00722	0.00361	0.00361
71	0.23308	0.08279	0.02156	0.01744	0.02219	0.37392	0.01368	0.06486	0.02088	0.02683	0.01325	0.01556	0.01090	0.01079	0.03764	0.00277	0.01213	0.00534	0.00471	0.00970
72	0.02102	0.14967	0.01965	0.01350	0.01691	0.21173	0.01069	0.02356	0.01840	0.02363	0.01903	0.02372	0.01617	0.04327	0.03983	0.04035	0.00932	0.00663	0.28441	0.00851
73	0.01682	0.14673	0.05326	0.08733	0.02288	0.06650	0.01259	0.02022	0.01811	0.02308	0.03474	0.03561	0.20292	0.01129	0.00752	0.00211	0.00761	0.00896	0.00524	0.21645
74	0.02887	0.21289	0.02929	0.01875	0.02455	0.29409	0.01548	0.22401	0.02681	0.03051	0.01480	0.01615	0.01180	0.00863	0.00718	0.00216	0.01147	0.00580	0.00539	0.01136

[dist]
# distance from previous block
# <min> <max>
0	11

[block]
# block no. 5 follows, 22 sequences, length 33
# corresponding to MSA columns:
# 306-338
name=unknown_F
#
# <colnr> <probs for GDERKNQSTAVLIFYWHMCP>
#	G	D	E	R	K	N	Q	S	T	A	V	L	I	F	Y	W	H	M	C	P
0	0.02387	0.51821	0.03864	0.01874	0.07498	0.16254	0.01553	0.02662	0.01841	0.02034	0.01215	0.01426	0.01088	0.00743	0.00601	0.00191	0.01021	0.00487	0.00375	0.01066
1	0.01787	0.01692	0.02405	0.21086	0.16082	0.05102	0.05578	0.02629	0.14569	0.02586	0.02741	0.06869	0.06139	0.01163	0.00885	0.00281	0.00923	0.05863	0.00561	0.01057
2	0.01012	0.00723	0.00964	0.01157	0.01205	0.00675	0.00771	0.01157	0.01591	0.02121	0.04579	0.70262	0.05495	0.02603	0.01060	0.00337	0.00482	0.02362	0.00771	0.00675
3	0.02734	0.02668	0.02202	0.01883	0.02350	0.27500	0.01479	0.27146	0.02777	0.03314	0.01765	0.02061	0.01415	0.02013	0.14437	0.00458	0.01409	0.00694	0.00595	0.01101
4	0.01937	0.02039	0.02563	0.48003	0.11869	0.15230	0.02192	0.02414	0.01828	0.02171	0.01447	0.02051	0.01123	0.00826	0.00813	0.00261	0.01173	0.00697	0.00386	0.00976
5	0.02026	0.01943	0.03318	0.09041	0.61916	0.01966	0.02535	0.02523	0.01877	0.02677	0.01557	0.02066	0.01303	0.00746	0.00823	0.00249	0.00994	0.00740	0.00409	0.01292
6	0.00982	0.00842	0.00842	0.00842	0.01122	0.00701	0.00631	0.01192	0.01894	0.02244	0.08416	0.07995	0.65285	0.02104	0.00982	0.00281	0.00421	0.01753	0.00771	0.00701
7	0.01064	0.00773	0.01040	0.04770	0.01414	0.00753	0.00823	0.01215	0.01551	0.02063	0.04189	0.59251	0.04978	0.10239	0.01407	0.00387	0.00552	0.02144	0.00719	0.00669
8	0.02431	0.02651	0.02734	0.03464	0.32661	0.27050	0.01987	0.05975	0.02153	0.02539	0.01730	0.07507	0.01574	0.00953	0.00814	0.00242	0.01137	0.00797	0.00470	0.01132
9	0.02401	0.57530	0.03944	0.01568	0.02221	0.16414	0.01459	0.02657	0.01824	0.01971	0.01181	0.01366	0.01067	0.00740	0.00577	0.00185	0.01013	0.00463	0.00370	0.01045
10	0.76672	0.01607	0.01221	0.01092	0.01607	0.01864	0.00900	0.02442	0.01414	0.03727	0.01157	0.01350	0.00900	0.00771	0.00514	0.00257	0.00643	0.00450	0.00514	0.00900
11	0.03103	0.03959	0.02354	0.02140	0.02568	0.67469	0.01605	0.03317	0.02354	0.02033	0.01284	0.01498	0.01070	0.00856	0.00749	0.00214	0.01498	0.00535	0.00428	0.00963
12	0.01115	0.00858	0.01017	0.01015	0.01239	0.00772	0.00779	0.01412	0.02052	0.02687	0.30492	0.07347	0.31749	0.04823	0.01138	0.00308	0.00470	0.09177	0.00817	0.00735
13	0.03103	0.03959	0.02354	0.02140	0.02568	0.67469	0.01605	0.03317	0.02354	0.02033	0.01284	0.01498	0.01070	0.00856	0.00749	0.00214	0.01498	0.00535	0.00428	0.00963
14	0.01472	0.01154	0.01386	0.01436	0.01708	0.01208	0.01182	0.02339	0.18628	0.02675	0.04686	0.07289	0.13743	0.04988	0.01176	0.00358	0.00683	0.32223	0.00776	0.00891
15	0.00986	0.00825	0.00858	0.00884	0.01133	0.00698	0.00650	0.01187	0.01852	0.02227	0.07894	0.16468	0.57149	0.02172	0.00993	0.00288	0.00429	0.01836	0.00771	0.00698
16	0.01388	0.01064	0.01183	0.01061	0.01460	0.00908	0.00834	0.01762	0.05094	0.06379	0.06091	0.06260	0.40063	0.01700	0.00905	0.00256	0.00519	0.06241	0.00734	0.16100
17	0.02933	0.17442	0.02788	0.01952	0.02480	0.42782	0.01563	0.13753	0.02494	0.02588	0.01384	0.01553	0.01130	0.00851	0.00719	0.00213	0.01269	0.00554	0.00485	0.01064
18	0.01584	0.01758	0.07139	0.02459	0.12484	0.01683	0.13316	0.01985	0.01738	0.02361	0.03673	0.03945	0.21549	0.01531	0.03811	0.00332	0.16072	0.01101	0.00514	0.00966
19	0.01114	0.00847	0.01025	0.00981	0.01203	0.00758	0.00735	0.01449	0.02206	0.02987	0.47183	0.06773	0.26055	0.01827	0.00980	0.00267	0.00401	0.01582	0.00869	0.00758
20	0.01769	0.08454	0.22987	0.02717	0.15625	0.02057	0.06136	0.02310	0.01679	0.02397	0.01943	0.02352	0.05796	0.01284	0.04702	0.00332	0.15190	0.00769	0.00406	0.01096
