[name]
unknown

[dist]
# distance from previous block
# <min> <max>
46	123

[block]
# block no. 0 follows, 22 sequences, length 29
# corresponding to MSA columns:
# 150-178
name=unknown_A
#
# <colnr> <probs for GDERKNQSTAVLIFYWHMCP>
#	G	D	E	R	K	N	Q	S	T	A	V	L	I	F	Y	W	H	M	C	P
0	0.02109	0.05489	0.25822	0.02666	0.17806	0.01877	0.02211	0.08563	0.04830	0.08899	0.02135	0.02298	0.04478	0.00884	0.00795	0.00245	0.00968	0.00733	0.00529	0.06663
1	0.02273	0.03099	0.19831	0.02301	0.05856	0.20109	0.07852	0.08491	0.11051	0.02758	0.01854	0.02227	0.01478	0.05935	0.01059	0.00291	0.01167	0.00736	0.00508	0.01125
2	0.07653	0.16199	0.02687	0.18245	0.08308	0.20043	0.01681	0.05604	0.01937	0.02349	0.01457	0.02002	0.01253	0.06172	0.00985	0.00275	0.01094	0.00640	0.00430	0.00986
3	0.02299	0.02454	0.03055	0.02576	0.05902	0.18570	0.18288	0.09503	0.02126	0.02641	0.01748	0.02619	0.01538	0.01093	0.01291	0.00286	0.15962	0.06515	0.00490	0.01044
4	0.01417	0.01206	0.01668	0.06365	0.01914	0.01486	0.01280	0.01694	0.01488	0.02142	0.02935	0.03728	0.11865	0.03062	0.23185	0.00647	0.22535	0.03411	0.07167	0.00804
5	0.01588	0.01438	0.01196	0.01154	0.01239	0.14172	0.00724	0.01631	0.01438	0.01695	0.02350	0.04647	0.02629	0.56780	0.03531	0.00687	0.00944	0.01073	0.00488	0.00596
6	0.02239	0.01711	0.01994	0.08357	0.06787	0.04820	0.01433	0.21270	0.08016	0.07882	0.02859	0.11137	0.04623	0.07195	0.01171	0.00322	0.00840	0.05540	0.00712	0.01092
7	0.02198	0.02308	0.02220	0.05614	0.09534	0.23264	0.01609	0.02486	0.01810	0.02319	0.01552	0.02018	0.01319	0.01048	0.01336	0.00263	0.22041	0.00676	0.15439	0.00947
8	0.02075	0.02247	0.02506	0.02173	0.02259	0.15562	0.01775	0.02264	0.01489	0.02006	0.01129	0.01753	0.01086	0.01334	0.02330	0.00334	0.55693	0.00689	0.00376	0.00920
9	0.02042	0.02048	0.03063	0.20002	0.45210	0.08310	0.02400	0.02522	0.01882	0.02507	0.01515	0.02040	0.01242	0.00773	0.00817	0.00251	0.01065	0.00720	0.00403	0.01188
10	0.01189	0.00882	0.01293	0.01293	0.01427	0.01016	0.00986	0.01457	0.01323	0.01898	0.02263	0.03475	0.02169	0.12507	0.61361	0.01284	0.02087	0.00921	0.00451	0.00719
11	0.01157	0.00848	0.01084	0.01025	0.01230	0.00776	0.00769	0.01531	0.02307	0.03226	0.59666	0.06379	0.13423	0.01738	0.00980	0.00263	0.00395	0.01527	0.00901	0.00776
12	0.02221	0.71304	0.04353	0.01421	0.02132	0.03287	0.01421	0.02488	0.01688	0.01955	0.01155	0.01333	0.01066	0.00711	0.00533	0.00178	0.00888	0.00444	0.00355	0.01066
13	0.01208	0.00805	0.00906	0.00906	0.00906	0.00805	0.00503	0.01208	0.01208	0.01611	0.02618	0.05436	0.03020	0.70804	0.04228	0.00805	0.00805	0.01208	0.00503	0.00503
14	0.01202	0.00829	0.01027	0.01027	0.01069	0.00871	0.00655	0.01286	0.01244	0.01701	0.02507	0.04822	0.02753	0.52536	0.22132	0.00955	0.01207	0.01118	0.00487	0.00571
15	0.01569	0.01477	0.02492	0.68808	0.05722	0.01846	0.02307	0.02123	0.01661	0.02123	0.01477	0.02215	0.01107	0.00831	0.00831	0.00277	0.01107	0.00738	0.00369	0.00923
16	0.02221	0.71304	0.04353	0.01421	0.02132	0.03287	0.01421	0.02488	0.01688	0.01955	0.01155	0.01333	0.01066	0.00711	0.00533	0.00178	0.00888	0.00444	0.00355	0.01066
17	0.01666	0.04297	0.66500	0.02368	0.03596	0.01929	0.03069	0.02631	0.01754	0.02631	0.01491	0.01754	0.01052	0.00789	0.00789	0.00263	0.01228	0.00614	0.00351	0.01228
18	0.02871	0.02184	0.02331	0.01853	0.02467	0.02442	0.01510	0.47481	0.19745	0.04773	0.02359	0.02285	0.01708	0.01031	0.00835	0.00258	0.00847	0.00798	0.00835	0.01387
19	0.01487	0.01292	0.02082	0.44901	0.04300	0.01530	0.01963	0.01980	0.01750	0.02252	0.02515	0.04758	0.02413	0.01351	0.00943	0.00314	0.00986	0.21807	0.00510	0.00867
20	0.03126	0.03274	0.02413	0.02044	0.02572	0.40221	0.01594	0.28316	0.03006	0.03378	0.01582	0.01707	0.01214	0.00915	0.00783	0.00229	0.01253	0.00624	0.00597	0.01152
21	0.01032	0.00844	0.00911	0.00894	0.01153	0.00723	0.00671	0.01290	0.02012	0.02526	0.23124	0.07531	0.50401	0.01999	0.00981	0.00276	0.00413	0.01688	0.00809	0.00723
22	0.76672	0.01607	0.01221	0.01092	0.01607	0.01864	0.00900	0.02442	0.01414	0.03727	0.01157	0.01350	0.00900	0.00771	0.00514	0.00257	0.00643	0.00450	0.00514	0.00900
23	0.00996	0.00824	0.00861	0.00888	0.01124	0.00702	0.00645	0.01188	0.01822	0.02200	0.07637	0.16504	0.54350	0.05108	0.01131	0.00311	0.00446	0.01814	0.00760	0.00689
24	0.01067	0.00835	0.00966	0.00954	0.01179	0.00734	0.00708	0.01348	0.02062	0.02694	0.32132	0.12501	0.35903	0.01974	0.00988	0.00277	0.00414	0.01698	0.00832	0.00734
25	0.02200	0.01927	0.02033	0.08092	0.02567	0.05317	0.01455	0.11116	0.47994	0.03486	0.02933	0.02805	0.02195	0.01070	0.00837	0.00274	0.00772	0.00878	0.00778	0.01272
26	0.01208	0.00805	0.00906	0.00906	0.00906	0.00805	0.00503	0.01208	0.01208	0.01611	0.02618	0.05436	0.03020	0.70804	0.04228	0.00805	0.00805	0.01208	0.00503	0.00503
27	0.01930	0.01845	0.03145	0.21563	0.50143	0.01941	0.02487	0.02439	0.01832	0.02561	0.01540	0.02097	0.01262	0.00764	0.00825	0.00255	0.01018	0.00740	0.00400	0.01214
28	0.02977	0.13817	0.02660	0.02017	0.02504	0.53262	0.01576	0.07506	0.02368	0.02253	0.01316	0.01510	0.01094	0.00845	0.00723	0.00211	0.01366	0.00537	0.00446	0.01011

[dist]
# distance from previous block
# <min> <max>
0	1

[block]
# block no. 1 follows, 22 sequences, length 32
# corresponding to MSA columns:
# 180-211
name=unknown_B
#
# <colnr> <probs for GDERKNQSTAVLIFYWHMCP>
#	G	D	E	R	K	N	Q	S	T	A	V	L	I	F	Y	W	H	M	C	P
0	0.01080	0.00852	0.00988	0.01048	0.01272	0.00760	0.00815	0.01335	0.01899	0.02376	0.12034	0.16026	0.39621	0.02173	0.01027	0.00308	0.00500	0.14384	0.00783	0.00719
1	0.02720	0.03114	0.02101	0.01890	0.02253	0.46179	0.01442	0.06500	0.02244	0.02408	0.01560	0.01837	0.01279	0.00937	0.00897	0.00226	0.07205	0.00607	0.13651	0.00952
2	0.25241	0.24239	0.13994	0.01853	0.07037	0.10643	0.01658	0.02608	0.01714	0.02688	0.01262	0.01487	0.01031	0.00764	0.00621	0.00227	0.00957	0.00509	0.00417	0.01049
3	0.02056	0.01974	0.03372	0.05099	0.65622	0.01974	0.02550	0.02550	0.01892	0.02714	0.01563	0.02056	0.01316	0.00740	0.00822	0.00247	0.00987	0.00740	0.00411	0.01316
4	0.02001	0.01916	0.03243	0.04881	0.62324	0.01909	0.02451	0.02480	0.01892	0.02690	0.01913	0.02360	0.04587	0.00810	0.00831	0.00248	0.00958	0.00792	0.00430	0.01284
5	0.03103	0.03959	0.02354	0.02140	0.02568	0.67469	0.01605	0.03317	0.02354	0.02033	0.01284	0.01498	0.01070	0.00856	0.00749	0.00214	0.01498	0.00535	0.00428	0.00963
6	0.01027	0.00856	0.00905	0.00929	0.01198	0.00734	0.00721	0.01259	0.01896	0.02275	0.07907	0.08169	0.57618	0.02128	0.01003	0.00293	0.00464	0.09138	0.00771	0.00709
7	0.01191	0.00798	0.00911	0.00928	0.00932	0.00794	0.00527	0.01204	0.01242	0.01655	0.02789	0.11114	0.03237	0.64831	0.03951	0.00764	0.00777	0.01309	0.00527	0.00518
8	0.21495	0.01643	0.01684	0.01442	0.01835	0.06532	0.01147	0.05803	0.01686	0.05788	0.01651	0.02211	0.01432	0.06539	0.12927	0.00471	0.10426	0.00666	0.00514	0.14110
9	0.02337	0.38986	0.09165	0.01657	0.02357	0.16376	0.01562	0.05415	0.01941	0.02280	0.01292	0.01486	0.01103	0.00750	0.00626	0.00189	0.01014	0.00499	0.00410	0.10556
10	0.01197	0.00804	0.00920	0.00925	0.00938	0.00798	0.00531	0.01225	0.01287	0.01727	0.06057	0.08563	0.03396	0.63862	0.03904	0.00754	0.00768	0.01279	0.00538	0.00527
11	0.01012	0.00723	0.00964	0.01157	0.01205	0.00675	0.00771	0.01157	0.01591	0.02121	0.04579	0.70262	0.05495	0.02603	0.01060	0.00337	0.00482	0.02362	0.00771	0.00675
12	0.01791	0.19422	0.52472	0.02154	0.03265	0.02236	0.02697	0.02599	0.01739	0.02478	0.01415	0.01659	0.01055	0.00772	0.00731	0.00244	0.01151	0.00576	0.00352	0.01191
13	0.01666	0.04297	0.66500	0.02368	0.03596	0.01929	0.03069	0.02631	0.01754	0.02631	0.01491	0.01754	0.01052	0.00789	0.00789	0.00263	0.01228	0.00614	0.00351	0.01228
14	0.01012	0.00723	0.00964	0.01157	0.01205	0.00675	0.00771	0.01157	0.01591	0.02121	0.04579	0.70262	0.05495	0.02603	0.01060	0.00337	0.00482	0.02362	0.00771	0.00675
15	0.02001	0.01918	0.03273	0.12266	0.58884	0.01959	0.02522	0.02502	0.01866	0.02648	0.01553	0.02074	0.01292	0.00750	0.00823	0.00250	0.01000	0.00740	0.00406	0.01272
16	0.03103	0.03959	0.02354	0.02140	0.02568	0.67469	0.01605	0.03317	0.02354	0.02033	0.01284	0.01498	0.01070	0.00856	0.00749	0.00214	0.01498	0.00535	0.00428	0.00963
17	0.01176	0.00849	0.01110	0.01045	0.01241	0.00784	0.00784	0.01568	0.02352	0.03331	0.65184	0.06206	0.07839	0.01698	0.00980	0.00261	0.00392	0.01502	0.00914	0.00784
18	0.01012	0.00822	0.00897	0.00923	0.01152	0.00707	0.00675	0.01233	0.01898	0.02360	0.14911	0.18726	0.47507	0.02140	0.00995	0.00288	0.00428	0.01829	0.00789	0.00707
19	0.01764	0.16096	0.55557	0.02201	0.03338	0.02168	0.02779	0.02606	0.01742	0.02512	0.01432	0.01680	0.01055	0.00775	0.00744	0.00248	0.01168	0.00584	0.00352	0.01199
20	0.01818	0.01818	0.02545	0.02181	0.02181	0.02545	0.01818	0.01999	0.01272	0.01999	0.01091	0.01818	0.01091	0.01454	0.02726	0.00364	0.69284	0.00727	0.00364	0.00909
21	0.01032	0.00844	0.00911	0.00894	0.01153	0.00723	0.00670	0.01289	0.02011	0.02524	0.23020	0.07535	0.50507	0.02000	0.00981	0.00276	0.00413	0.01689	0.00808	0.00723
22	0.02792	0.03306	0.02211	0.02005	0.02446	0.47820	0.01518	0.03647	0.20911	0.02466	0.01914	0.01979	0.01510	0.00937	0.00778	0.00234	0.01246	0.00656	0.00553	0.01069
23	0.03103	0.03959	0.02354	0.02140	0.02568	0.67469	0.01605	0.03317	0.02354	0.02033	0.01284	0.01498	0.01070	0.00856	0.00749	0.00214	0.01498	0.00535	0.00428	0.00963
24	0.01015	0.00843	0.00888	0.00877	0.01143	0.00716	0.00658	0.01257	0.01973	0.02432	0.18238	0.07685	0.55346	0.02034	0.00981	0.00277	0.00416	0.01710	0.00796	0.00716
25	0.01037	0.00838	0.00932	0.00991	0.01220	0.00733	0.00754	0.01261	0.01846	0.02258	0.07210	0.18559	0.46793	0.02214	0.01018	0.00304	0.00480	0.10075	0.00770	0.00706
26	0.03084	0.02185	0.02374	0.01848	0.02489	0.02400	0.01518	0.51072	0.10604	0.10375	0.02264	0.02193	0.01597	0.01015	0.00833	0.00254	0.00867	0.00777	0.00850	0.01402
27	0.03103	0.03959	0.02354	0.02140	0.02568	0.67469	0.01605	0.03317	0.02354	0.02033	0.01284	0.01498	0.01070	0.00856	0.00749	0.00214	0.01498	0.00535	0.00428	0.00963
28	0.01688	0.04143	0.61887	0.02453	0.03651	0.01942	0.07527	0.02633	0.01769	0.02633	0.01505	0.01790	0.01068	0.00783	0.00804	0.00264	0.01241	0.00641	0.00356	0.01220
29	0.01666	0.04297	0.66500	0.02368	0.03596	0.01929	0.03069	0.02631	0.01754	0.02631	0.01491	0.01754	0.01052	0.00789	0.00789	0.00263	0.01228	0.00614	0.00351	0.01228
30	0.02717	0.02971	0.02172	0.01952	0.02399	0.37914	0.01514	0.11845	0.15383	0.02834	0.02136	0.02698	0.01799	0.01078	0.00821	0.00250	0.01166	0.06664	0.00606	0.01080
31	0.03107	0.03837	0.02365	0.02123	0.02569	0.62610	0.01603	0.07775	0.02470	0.02273	0.01337	0.01535	0.01096	0.00867	0.00755	0.00217	0.01454	0.00551	0.00458	0.00997

[dist]
# distance from previous block
# <min> <max>
0	1

[block]
# block no. 2 follows, 22 sequences, length 10
# corresponding to MSA columns:
# 213-222
name=unknown_C
#
# <colnr> <probs for GDERKNQSTAVLIFYWHMCP>
#	G	D	E	R	K	N	Q	S	T	A	V	L	I	F	Y	W	H	M	C	P
0	0.09357	0.01702	0.02097	0.02184	0.13377	0.01803	0.01471	0.03803	0.30649	0.20288	0.02826	0.02680	0.02040	0.00999	0.00808	0.00267	0.00728	0.00831	0.00787	0.01304
1	0.01205	0.00817	0.00966	0.00966	0.00986	0.00838	0.00578	0.01246	0.01226	0.01655	0.02563	0.05134	0.02889	0.61821	0.13032	0.00879	0.01003	0.01164	0.00495	0.00537
2	0.01228	0.00877	0.01271	0.01271	0.01424	0.01008	0.00986	0.01535	0.01382	0.02062	0.02281	0.03245	0.02083	0.05628	0.59854	0.01205	0.02015	0.00877	0.09023	0.00745
3	0.00982	0.00842	0.00842	0.00842	0.01122	0.00701	0.00631	0.01192	0.01894	0.02244	0.08416	0.07995	0.65285	0.02104	0.00982	0.00281	0.00421	0.01753	0.00771	0.00701
4	0.02334	0.02500	0.03102	0.04315	0.48918	0.19325	0.02299	0.02753	0.02014	0.02534	0.01489	0.01908	0.01251	0.00771	0.00803	0.00238	0.01122	0.00686	0.00416	0.01222
5	0.01829	0.19547	0.46517	0.02090	0.03133	0.02255	0.02536	0.02753	0.07178	0.02548	0.01578	0.01774	0.01185	0.00801	0.00735	0.00245	0.01100	0.00603	0.00395	0.01198
6	0.01208	0.00805	0.00906	0.00906	0.00906	0.00805	0.00503	0.01208	0.01208	0.01611	0.02618	0.05436	0.03020	0.70804	0.04228	0.00805	0.00805	0.01208	0.00503	0.00503
7	0.01917	0.02032	0.08651	0.03646	0.40138	0.01700	0.02111	0.02415	0.01826	0.02704	0.01529	0.01925	0.01265	0.00706	0.00755	0.00210	0.00893	0.00651	0.00431	0.24495
8	0.02203	0.02484	0.02654	0.34825	0.09698	0.26215	0.05480	0.02633	0.01955	0.02171	0.01424	0.01937	0.01120	0.00825	0.00808	0.00251	0.01258	0.00677	0.00398	0.00983
9	0.15457	0.01859	0.02897	0.10673	0.48164	0.01941	0.02228	0.02488	0.01783	0.02838	0.01481	0.01944	0.01220	0.00755	0.00768	0.00252	0.00937	0.00688	0.00426	0.01202

[dist]
# distance from previous block
# <min> <max>
0	17

[block]
# block no. 3 follows, 22 sequences, length 28
# corresponding to MSA columns:
# 240-267
name=unknown_D
#
# <colnr> <probs for GDERKNQSTAVLIFYWHMCP>
#	G	D	E	R	K	N	Q	S	T	A	V	L	I	F	Y	W	H	M	C	P
0	0.02048	0.50450	0.23695	0.01716	0.02588	0.02865	0.01934	0.02532	0.01709	0.02165	0.01259	0.01464	0.01062	0.00735	0.00613	0.00204	0.00994	0.00497	0.00354	0.01116
1	0.03107	0.03853	0.02363	0.02125	0.02569	0.63245	0.01603	0.07193	0.02455	0.02242	0.01330	0.01530	0.01092	0.00865	0.00754	0.00216	0.01460	0.00549	0.00454	0.00992
2	0.01187	0.00890	0.01335	0.01335	0.01483	0.01038	0.01038	0.01483	0.01335	0.01928	0.02225	0.03264	0.02077	0.06231	0.67512	0.01335	0.02225	0.00890	0.00445	0.00742
3	0.01054	0.00747	0.00981	0.01152	0.01204	0.00707	0.00777	0.01198	0.01568	0.02087	0.04349	0.59226	0.05174	0.10171	0.01418	0.00392	0.00536	0.05855	0.00741	0.00661
4	0.01125	0.00853	0.01040	0.01010	0.01232	0.00768	0.00768	0.01459	0.02183	0.02942	0.43889	0.06950	0.25621	0.01860	0.00990	0.00274	0.00423	0.04995	0.00861	0.00757
5	0.01931	0.01871	0.03261	0.20505	0.46905	0.01951	0.06539	0.02453	0.01840	0.02566	0.01550	0.02107	0.01261	0.00760	0.00835	0.00256	0.01044	0.00756	0.00402	0.01207
6	0.03103	0.03959	0.02354	0.02140	0.02568	0.67469	0.01605	0.03317	0.02354	0.02033	0.01284	0.01498	0.01070	0.00856	0.00749	0.00214	0.01498	0.00535	0.00428	0.00963
7	0.01020	0.00796	0.00930	0.01030	0.01200	0.00707	0.00742	0.01212	0.01758	0.02205	0.06417	0.36130	0.34280	0.02341	0.01028	0.00313	0.00472	0.05956	0.00771	0.00694
8	0.01809	0.01721	0.02925	0.37471	0.35186	0.01909	0.02426	0.02333	0.01774	0.02413	0.01519	0.02137	0.01210	0.00786	0.00827	0.00262	0.01048	0.00739	0.00390	0.01116
9	0.11100	0.03342	0.02411	0.02554	0.13762	0.48432	0.01696	0.03082	0.02167	0.02344	0.01320	0.01582	0.01095	0.00826	0.00736	0.00225	0.01311	0.00562	0.00435	0.01019
10	0.02192	0.01327	0.02008	0.36558	0.03789	0.01464	0.01670	0.02647	0.01884	0.20917	0.02230	0.02557	0.01574	0.00914	0.00785	0.00256	0.00857	0.00773	0.14561	0.01038
11	0.00982	0.00842	0.00842	0.00842	0.01122	0.00701	0.00631	0.01192	0.01894	0.02244	0.08416	0.07995	0.65285	0.02104	0.00982	0.00281	0.00421	0.01753	0.00771	0.00701
12	0.01723	0.01477	0.01723	0.01230	0.01969	0.01107	0.00984	0.02092	0.01723	0.02707	0.01477	0.01723	0.01230	0.00615	0.00615	0.00123	0.00615	0.00492	0.00492	0.75883
13	0.01187	0.00890	0.01335	0.01335	0.01483	0.01038	0.01038	0.01483	0.01335	0.01928	0.02225	0.03264	0.02077	0.06231	0.67512	0.01335	0.02225	0.00890	0.00445	0.00742
14	0.01149	0.00850	0.01229	0.01260	0.01394	0.00930	0.00950	0.01426	0.01521	0.02151	0.10913	0.17604	0.03539	0.04885	0.45006	0.00987	0.01623	0.01276	0.00574	0.00733
15	0.02221	0.71304	0.04353	0.01421	0.02132	0.03287	0.01421	0.02488	0.01688	0.01955	0.01155	0.01333	0.01066	0.00711	0.00533	0.00178	0.00888	0.00444	0.00355	0.01066
16	0.03103	0.03959	0.02354	0.02140	0.02568	0.67469	0.01605	0.03317	0.02354	0.02033	0.01284	0.01498	0.01070	0.00856	0.00749	0.00214	0.01498	0.00535	0.00428	0.00963
17	0.01891	0.01805	0.03074	0.26667	0.45344	0.01930	0.02467	0.02405	0.01814	0.02514	0.01533	0.02110	0.01245	0.00771	0.00825	0.00257	0.01028	0.00740	0.00397	0.01183
18	0.01032	0.00737	0.00986	0.01179	0.01236	0.00692	0.00805	0.01190	0.01610	0.02142	0.04568	0.66635	0.05452	0.02584	0.01066	0.00340	0.00499	0.05797	0.00771	0.00680
19	0.02056	0.01974	0.03372	0.05099	0.65622	0.01974	0.02550	0.02550	0.01892	0.02714	0.01563	0.02056	0.01316	0.00740	0.00822	0.00247	0.00987	0.00740	0.00411	0.01316
20	0.01122	0.00847	0.01036	0.00989	0.01208	0.00761	0.00742	0.01464	0.02226	0.03032	0.49561	0.06698	0.23648	0.01810	0.00980	0.00267	0.00400	0.01571	0.00875	0.00761
21	0.01009	0.00733	0.00953	0.01129	0.01198	0.00677	0.00759	0.01160	0.01617	0.02132	0.04919	0.64742	0.10795	0.02558	0.01053	0.00332	0.00477	0.02308	0.00771	0.00677
22	0.00994	0.00842	0.00859	0.00854	0.01130	0.00707	0.00641	0.01216	0.01923	0.02313	0.12011	0.07882	0.61647	0.02078	0.00982	0.00279	0.00419	0.01737	0.00781	0.00707
23	0.01018	0.00805	0.00883	0.00936	0.01118	0.00707	0.00654	0.01184	0.01726	0.02132	0.06651	0.24705	0.41251	0.10720	0.01404	0.00361	0.00485	0.01852	0.00738	0.00670
24	0.02700	0.02740	0.02346	0.02008	0.02428	0.26374	0.01588	0.19535	0.13195	0.03150	0.01803	0.01969	0.01420	0.01053	0.01157	0.00263	0.13839	0.00699	0.00598	0.01136
25	0.31196	0.01777	0.01763	0.01455	0.01949	0.01987	0.01172	0.29081	0.02466	0.04010	0.01578	0.01836	0.01220	0.01231	0.01119	0.13089	0.00777	0.00629	0.00629	0.01036
26	0.18019	0.06056	0.07928	0.01365	0.01869	0.01622	0.01216	0.10787	0.05830	0.05840	0.20980	0.03680	0.09164	0.01228	0.00798	0.00256	0.00662	0.00981	0.00713	0.01006
27	0.18028	0.14330	0.02140	0.01500	0.01977	0.10504	0.01265	0.11148	0.05739	0.03029	0.02672	0.03647	0.07554	0.01227	0.00773	0.00263	0.00841	0.11762	0.00609	0.00993

[dist]
# distance from previous block
# <min> <max>
1	35

[block]
# block no. 4 follows, 22 sequences, length 245
# corresponding to MSA columns:
# 303-547
name=unknown_E
#
# <colnr> <probs for GDERKNQSTAVLIFYWHMCP>
#	G	D	E	R	K	N	Q	S	T	A	V	L	I	F	Y	W	H	M	C	P
0	0.02852	0.05750	0.02279	0.05735	0.02534	0.24737	0.01474	0.15625	0.08515	0.12880	0.02014	0.02070	0.01487	0.00923	0.00770	0.00231	0.01035	0.00680	0.03590	0.04821
1	0.02945	0.03057	0.02221	0.01929	0.02430	0.40105	0.01485	0.10184	0.11379	0.09260	0.01882	0.01934	0.01430	0.00915	0.00773	0.00227	0.01179	0.00646	0.00599	0.05417
2	0.01942	0.01444	0.01582	0.01418	0.01852	0.01528	0.01114	0.03340	0.35343	0.09628	0.04251	0.04276	0.14585	0.01330	0.00859	0.00271	0.00605	0.04231	0.05211	0.05191
3	0.01503	0.01091	0.01200	0.01097	0.01263	0.01116	0.00722	0.07749	0.07595	0.02245	0.02857	0.04793	0.05829	0.49852	0.03204	0.00636	0.00773	0.01124	0.00582	0.04772
4	0.05526	0.00979	0.01204	0.01245	0.01437	0.00962	0.00891	0.04784	0.04872	0.08993	0.06894	0.50025	0.04658	0.02150	0.00982	0.00314	0.00539	0.01914	0.00797	0.00835
5	0.02950	0.10669	0.02635	0.01981	0.02500	0.33329	0.01588	0.24480	0.02773	0.03170	0.01513	0.01677	0.01194	0.00926	0.00871	0.00231	0.05207	0.00613	0.00561	0.01132
6	0.15252	0.02042	0.02093	0.01707	0.02287	0.02302	0.01385	0.35065	0.21599	0.04451	0.02270	0.02218	0.01664	0.00998	0.00782	0.00260	0.00791	0.00755	0.00782	0.01297
7	0.01258	0.01000	0.01208	0.01129	0.01454	0.00839	0.00844	0.01524	0.01792	0.02479	0.11215	0.27071	0.15713	0.01790	0.00908	0.00256	0.00517	0.04978	0.00703	0.23322
8	0.06500	0.67298	0.04173	0.01403	0.02102	0.03205	0.01391	0.02485	0.01672	0.02056	0.01155	0.01334	0.01057	0.00714	0.00532	0.00182	0.00874	0.00445	0.00364	0.01057
9	0.01192	0.00868	0.01222	0.01222	0.01331	0.00977	0.00897	0.01411	0.01302	0.01845	0.02329	0.03836	0.02326	0.23253	0.50829	0.01195	0.01851	0.00974	0.00460	0.00679
10	0.02964	0.03659	0.02381	0.02136	0.02526	0.57764	0.01628	0.05513	0.02296	0.02155	0.01291	0.01553	0.01086	0.00928	0.00970	0.00232	0.08944	0.00565	0.00437	0.00975
11	0.03221	0.02226	0.02431	0.01864	0.02526	0.02427	0.01540	0.56373	0.03738	0.11953	0.02136	0.02086	0.01484	0.01001	0.00832	0.00250	0.00891	0.00758	0.00853	0.01413
12	0.01194	0.00860	0.01181	0.01181	0.01276	0.00955	0.00846	0.01384	0.01289	0.01814	0.02366	0.04045	0.02416	0.29453	0.44754	0.01145	0.01715	0.01004	0.00466	0.00656
13	0.01012	0.00723	0.00964	0.01157	0.01205	0.00675	0.00771	0.01157	0.01591	0.02121	0.04579	0.70262	0.05495	0.02603	0.01060	0.00337	0.00482	0.02362	0.00771	0.00675
14	0.02056	0.01974	0.03372	0.05099	0.65622	0.01974	0.02550	0.02550	0.01892	0.02714	0.01563	0.02056	0.01316	0.00740	0.00822	0.00247	0.00987	0.00740	0.00411	0.01316
15	0.15140	0.02955	0.01862	0.01703	0.02100	0.43693	0.01291	0.02906	0.02079	0.02521	0.01536	0.01780	0.01244	0.00863	0.00677	0.00217	0.01142	0.00567	0.14809	0.00916
16	0.02221	0.71304	0.04353	0.01421	0.02132	0.03287	0.01421	0.02488	0.01688	0.01955	0.01155	0.01333	0.01066	0.00711	0.00533	0.00178	0.00888	0.00444	0.00355	0.01066
17	0.01666	0.04297	0.66500	0.02368	0.03596	0.01929	0.03069	0.02631	0.01754	0.02631	0.01491	0.01754	0.01052	0.00789	0.00789	0.00263	0.01228	0.00614	0.00351	0.01228
18	0.16314	0.23304	0.12967	0.02319	0.05891	0.02383	0.20772	0.02557	0.01740	0.02650	0.01388	0.01716	0.01105	0.00732	0.00720	0.00241	0.01056	0.00652	0.00408	0.01086
19	0.02049	0.01943	0.01713	0.01624	0.01964	0.16425	0.01213	0.03172	0.28907	0.05195	0.03263	0.22931	0.03075	0.01506	0.00888	0.00282	0.00797	0.01272	0.00736	0.01047
20	0.03103	0.03959	0.02354	0.02140	0.02568	0.67469	0.01605	0.03317	0.02354	0.02033	0.01284	0.01498	0.01070	0.00856	0.00749	0.00214	0.01498	0.00535	0.00428	0.00963
21	0.01593	0.00993	0.01257	0.01122	0.01409	0.00917	0.00864	0.04709	0.02378	0.11823	0.47759	0.05745	0.12931	0.01619	0.00954	0.00262	0.00462	0.01404	0.00911	0.00890
22	0.02054	0.16346	0.24837	0.02298	0.03042	0.11904	0.11578	0.02602	0.01780	0.02312	0.01358	0.01722	0.01096	0.00882	0.01091	0.00259	0.12729	0.00646	0.00376	0.01088
23	0.01030	0.00819	0.00933	0.01012	0.01213	0.00721	0.00751	0.01240	0.01804	0.02234	0.06819	0.26878	0.40632	0.02275	0.01024	0.00309	0.00477	0.08357	0.00771	0.00700
24	0.03313	0.02079	0.02340	0.01794	0.02453	0.02208	0.01482	0.46879	0.03491	0.21795	0.02343	0.02221	0.01588	0.01006	0.00832	0.00251	0.00858	0.00772	0.00885	0.01413
25	0.03114	0.03647	0.02381	0.02096	0.02570	0.55037	0.01600	0.14723	0.02651	0.02647	0.01420	0.01593	0.01136	0.00883	0.00765	0.00221	0.01386	0.00576	0.00505	0.01049
26	0.02257	0.01715	0.01909	0.01667	0.02117	0.01876	0.01351	0.29540	0.15995	0.03876	0.03282	0.11396	0.05209	0.01493	0.00926	0.00293	0.00764	0.12362	0.00813	0.01159
27	0.01208	0.00805	0.00906	0.00906	0.00906	0.00805	0.00503	0.01208	0.01208	0.01611	0.02618	0.05436	0.03020	0.70804	0.04228	0.00805	0.00805	0.01208	0.00503	0.00503
28	0.01569	0.01477	0.02492	0.68808	0.05722	0.01846	0.02307	0.02123	0.01661	0.02123	0.01477	0.02215	0.01107	0.00831	0.00831	0.00277	0.01107	0.00738	0.00369	0.00923
29	0.01132	0.00846	0.01117	0.01138	0.01272	0.00889	0.00828	0.01339	0.01446	0.01949	0.03746	0.11970	0.14744	0.17464	0.35269	0.00921	0.01414	0.01279	0.00555	0.00681
30	0.01014	0.00759	0.00942	0.01073	0.01187	0.00687	0.00737	0.01188	0.01707	0.02218	0.08880	0.51373	0.20356	0.02430	0.01037	0.00319	0.00462	0.02164	0.00779	0.00687
31	0.01549	0.00774	0.00774	0.00774	0.00968	0.00774	0.00581	0.01936	0.01742	0.03097	0.02710	0.03097	0.02129	0.00968	0.00581	0.00194	0.00387	0.00774	0.75416	0.00774
32	0.03109	0.03779	0.02370	0.02115	0.02569	0.60319	0.01602	0.09877	0.02525	0.02386	0.01362	0.01553	0.01108	0.00872	0.00758	0.00218	0.01434	0.00559	0.00472	0.01013
33	0.02567	0.02613	0.02067	0.01854	0.02317	0.27558	0.01423	0.03965	0.36452	0.06517	0.02556	0.02458	0.01936	0.01016	0.00807	0.00254	0.00989	0.00775	0.00693	0.01183
34	0.00982	0.00842	0.00842	0.00842	0.01122	0.00701	0.00631	0.01192	0.01894	0.02244	0.08416	0.07995	0.65285	0.02104	0.00982	0.00281	0.00421	0.01753	0.00771	0.00701
35	0.01961	0.02241	0.04902	0.03501	0.04342	0.02101	0.62605	0.02661	0.01961	0.02661	0.01681	0.02241	0.01261	0.00700	0.00980	0.00280	0.01401	0.00980	0.00420	0.01120
36	0.02217	0.02356	0.03416	0.02651	0.03113	0.12021	0.25099	0.09397	0.01998	0.02628	0.01449	0.01953	0.01190	0.01024	0.01546	0.00296	0.25345	0.00798	0.00448	0.01056
37	0.01012	0.00723	0.00964	0.01157	0.01205	0.00675	0.00771	0.01157	0.01591	0.02121	0.04579	0.70262	0.05495	0.02603	0.01060	0.00337	0.00482	0.02362	0.00771	0.00675
38	0.01723	0.01477	0.01723	0.01230	0.01969	0.01107	0.00984	0.02092	0.01723	0.02707	0.01477	0.01723	0.01230	0.00615	0.00615	0.00123	0.00615	0.00492	0.00492	0.75883
39	0.01006	0.00746	0.00940	0.01096	0.01189	0.00680	0.00744	0.01164	0.01649	0.02144	0.05317	0.58283	0.16998	0.02507	0.01045	0.00326	0.00470	0.02245	0.00771	0.00680
40	0.00982	0.00842	0.00842	0.00842	0.01122	0.00701	0.00631	0.01192	0.01894	0.02244	0.08416	0.07995	0.65285	0.02104	0.00982	0.00281	0.00421	0.01753	0.00771	0.00701
41	0.02066	0.01785	0.01878	0.01691	0.02160	0.02066	0.01315	0.04414	0.64121	0.03475	0.03381	0.03099	0.02536	0.01127	0.00845	0.00282	0.00657	0.00939	0.00845	0.01315
42	0.01015	0.00843	0.00887	0.00876	0.01142	0.00715	0.00657	0.01256	0.01972	0.02430	0.18101	0.07690	0.55484	0.02035	0.00981	0.00277	0.00416	0.01710	0.00796	0.00715
43	0.03158	0.02327	0.02493	0.01911	0.02576	0.02576	0.01579	0.62852	0.03906	0.05236	0.01995	0.01995	0.01413	0.00997	0.00831	0.00249	0.00914	0.00748	0.00831	0.01413
44	0.03071	0.03261	0.02381	0.02035	0.02551	0.40772	0.01581	0.24864	0.06003	0.03261	0.01645	0.01757	0.01267	0.00921	0.00783	0.00230	0.01245	0.00632	0.00594	0.01143
45	0.00982	0.00842	0.00842	0.00842	0.01122	0.00701	0.00631	0.01192	0.01894	0.02244	0.08416	0.07995	0.65285	0.02104	0.00982	0.00281	0.00421	0.01753	0.00771	0.00701
46	0.03103	0.03959	0.02354	0.02140	0.02568	0.67469	0.01605	0.03317	0.02354	0.02033	0.01284	0.01498	0.01070	0.00856	0.00749	0.00214	0.01498	0.00535	0.00428	0.00963
47	0.76672	0.01607	0.01221	0.01092	0.01607	0.01864	0.00900	0.02442	0.01414	0.03727	0.01157	0.01350	0.00900	0.00771	0.00514	0.00257	0.00643	0.00450	0.00514	0.00900
48	0.01385	0.01500	0.06205	0.02008	0.02454	0.01265	0.23035	0.01789	0.01791	0.02368	0.04094	0.29933	0.15171	0.01719	0.01001	0.00302	0.00843	0.01647	0.00621	0.00872
49	0.01549	0.00774	0.00774	0.00774	0.00968	0.00774	0.00581	0.01936	0.01742	0.03097	0.02710	0.03097	0.02129	0.00968	0.00581	0.00194	0.00387	0.00774	0.75416	0.00774
50	0.01206	0.00952	0.01360	0.01364	0.01479	0.01105	0.01043	0.01451	0.01414	0.01996	0.02939	0.19048	0.05704	0.04656	0.41616	0.00944	0.09195	0.01257	0.00528	0.00743
51	0.03103	0.03959	0.02354	0.02140	0.02568	0.67469	0.01605	0.03317	0.02354	0.02033	0.01284	0.01498	0.01070	0.00856	0.00749	0.00214	0.01498	0.00535	0.00428	0.00963
52	0.03002	0.02177	0.02327	0.01801	0.02421	0.02402	0.01482	0.56956	0.03697	0.05029	0.02064	0.02101	0.01482	0.00994	0.00807	0.00244	0.00863	0.00750	0.08050	0.01351
53	0.69265	0.01587	0.01293	0.01132	0.01659	0.01798	0.00932	0.02605	0.01512	0.10071	0.01372	0.01500	0.01017	0.00797	0.00547	0.00257	0.00649	0.00489	0.00566	0.00952
54	0.01201	0.00912	0.01147	0.01264	0.01490	0.00858	0.01065	0.01517	0.01905	0.02393	0.05951	0.08839	0.28163	0.02221	0.01083	0.00343	0.00632	0.37509	0.00767	0.00740
55	0.02221	0.71304	0.04353	0.01421	0.02132	0.03287	0.01421	0.02488	0.01688	0.01955	0.01155	0.01333	0.01066	0.00711	0.00533	0.00178	0.00888	0.00444	0.00355	0.01066
56	0.01009	0.00772	0.00915	0.01026	0.01161	0.00690	0.00707	0.01172	0.01690	0.02146	0.05955	0.43830	0.28136	0.05300	0.01165	0.00336	0.00472	0.02081	0.00760	0.00678
57	0.01040	0.00841	0.00935	0.00993	0.01225	0.00736	0.00759	0.01266	0.01851	0.02262	0.07234	0.17564	0.47191	0.02208	0.01019	0.00304	0.00482	0.10614	0.00770	0.00707
58	0.01011	0.00729	0.00957	0.01140	0.01200	0.00676	0.00764	0.01159	0.01607	0.02127	0.04787	0.66884	0.08738	0.02576	0.01056	0.00334	0.00479	0.02329	0.00771	0.00676
59	0.03158	0.02327	0.02493	0.01911	0.02576	0.02576	0.01579	0.62852	0.03906	0.05236	0.01995	0.01995	0.01413	0.00997	0.00831	0.00249	0.00914	0.00748	0.00831	0.01413
60	0.02120	0.01811	0.01909	0.01701	0.02181	0.02091	0.01328	0.07273	0.61175	0.03561	0.03313	0.03045	0.02481	0.01121	0.00845	0.00280	0.00670	0.00930	0.00845	0.01320
61	0.02221	0.71304	0.04353	0.01421	0.02132	0.03287	0.01421	0.02488	0.01688	0.01955	0.01155	0.01333	0.01066	0.00711	0.00533	0.00178	0.00888	0.00444	0.00355	0.01066
62	0.01208	0.00805	0.00906	0.00906	0.00906	0.00805	0.00503	0.01208	0.01208	0.01611	0.02618	0.05436	0.03020	0.70804	0.04228	0.00805	0.00805	0.01208	0.00503	0.00503
63	0.01838	0.01751	0.02978	0.33640	0.38787	0.01916	0.02441	0.02358	0.01788	0.02449	0.01524	0.02127	0.01223	0.00781	0.00826	0.00260	0.01041	0.00739	0.00392	0.01140
64	0.01001	0.00810	0.00876	0.00924	0.01132	0.00700	0.00660	0.01184	0.01784	0.02182	0.07166	0.23555	0.47177	0.05591	0.01160	0.00321	0.00455	0.01880	0.00758	0.00685
65	0.03158	0.02327	0.02493	0.01911	0.02576	0.02576	0.01579	0.62852	0.03906	0.05236	0.01995	0.01995	0.01413	0.00997	0.00831	0.00249	0.00914	0.00748	0.00831	0.01413
66	0.02674	0.02603	0.02662	0.03017	0.24231	0.21445	0.01867	0.21157	0.02635	0.03304	0.01674	0.01929	0.01317	0.00865	0.00790	0.00235	0.01083	0.00684	0.04614	0.01212
67	0.01761	0.04191	0.60206	0.02403	0.03568	0.05703	0.05505	0.02672	0.01797	0.02598	0.01487	0.01760	0.01062	0.00789	0.00795	0.00261	0.01251	0.00625	0.00358	0.01208
68	0.06404	0.06605	0.19247	0.02342	0.05833	0.27190	0.08379	0.03062	0.08477	0.02524	0.01597	0.01819	0.01240	0.00834	0.00774	0.00243	0.01231	0.00645	0.00451	0.01103
69	0.03158	0.02327	0.02493	0.01911	0.02576	0.02576	0.01579	0.62852	0.03906	0.05236	0.01995	0.01995	0.01413	0.00997	0.00831	0.00249	0.00914	0.00748	0.00831	0.01413
70	0.01839	0.01613	0.02260	0.13897	0.20392	0.01765	0.01739	0.06236	0.20631	0.02874	0.02700	0.15516	0.02457	0.01245	0.00877	0.00280	0.00807	0.01112	0.00628	0.01131
71	0.01204	0.00822	0.00988	0.00988	0.01017	0.00850	0.00606	0.01261	0.01232	0.01672	0.02542	0.05020	0.02840	0.58433	0.16352	0.00907	0.01077	0.01147	0.00492	0.00549
72	0.76672	0.01607	0.01221	0.01092	0.01607	0.01864	0.00900	0.02442	0.01414	0.03727	0.01157	0.01350	0.00900	0.00771	0.00514	0.00257	0.00643	0.00450	0.00514	0.00900
73	0.01204	0.00822	0.00988	0.00988	0.01017	0.00850	0.00606	0.01261	0.01232	0.01672	0.02542	0.05020	0.02840	0.58433	0.16352	0.00907	0.01077	0.01147	0.00492	0.00549
74	0.02538	0.47086	0.03634	0.01680	0.02289	0.26368	0.01488	0.02786	0.01928	0.01983	0.01201	0.01392	0.01068	0.00763	0.00611	0.00191	0.01108	0.00477	0.00381	0.01029
75	0.02056	0.01974	0.03372	0.05099	0.65622	0.01974	0.02550	0.02550	0.01892	0.02714	0.01563	0.02056	0.01316	0.00740	0.00822	0.00247	0.00987	0.00740	0.00411	0.01316
76	0.02092	0.01581	0.01760	0.01610	0.02048	0.01751	0.01282	0.03836	0.45479	0.10054	0.03724	0.04223	0.05295	0.01334	0.00896	0.00294	0.00670	0.10006	0.00850	0.01217
77	0.01570	0.01453	0.02069	0.01848	0.01907	0.01952	0.01511	0.01796	0.01297	0.01971	0.01537	0.02386	0.01478	0.03332	0.28199	0.00746	0.42918	0.00791	0.00396	0.00843
78	0.01149	0.00839	0.00941	0.00973	0.01204	0.00723	0.00707	0.01346	0.01830	0.05883	0.06966	0.26430	0.43664	0.02192	0.00997	0.00296	0.00456	0.01884	0.00786	0.00734
79	0.76672	0.01607	0.01221	0.01092	0.01607	0.01864	0.00900	0.02442	0.01414	0.03727	0.01157	0.01350	0.00900	0.00771	0.00514	0.00257	0.00643	0.00450	0.00514	0.00900
80	0.01012	0.00723	0.00964	0.01157	0.01205	0.00675	0.00771	0.01157	0.01591	0.02121	0.04579	0.70262	0.05495	0.02603	0.01060	0.00337	0.00482	0.02362	0.00771	0.00675
81	0.01185	0.00853	0.01171	0.01181	0.01275	0.00941	0.00844	0.01373	0.01306	0.01832	0.02484	0.07599	0.02578	0.27717	0.42688	0.01104	0.01655	0.01076	0.00482	0.00658
82	0.01723	0.01477	0.01723	0.01230	0.01969	0.01107	0.00984	0.02092	0.01723	0.02707	0.01477	0.01723	0.01230	0.00615	0.00615	0.00123	0.00615	0.00492	0.00492	0.75883
83	0.01187	0.00890	0.01335	0.01335	0.01483	0.01038	0.01038	0.01483	0.01335	0.01928	0.02225	0.03264	0.02077	0.06231	0.67512	0.01335	0.02225	0.00890	0.00445	0.00742
84	0.76672	0.01607	0.01221	0.01092	0.01607	0.01864	0.00900	0.02442	0.01414	0.03727	0.01157	0.01350	0.00900	0.00771	0.00514	0.00257	0.00643	0.00450	0.00514	0.00900
85	0.76672	0.01607	0.01221	0.01092	0.01607	0.01864	0.00900	0.02442	0.01414	0.03727	0.01157	0.01350	0.00900	0.00771	0.00514	0.00257	0.00643	0.00450	0.00514	0.00900
86	0.07020	0.02197	0.02324	0.01800	0.02429	0.02432	0.01484	0.56019	0.03645	0.05029	0.01991	0.02025	0.01427	0.00983	0.00799	0.00246	0.00869	0.00733	0.05199	0.01348
87	0.01610	0.01253	0.01339	0.01243	0.01578	0.01341	0.00954	0.02843	0.29843	0.03143	0.14578	0.04558	0.15368	0.01379	0.00843	0.00261	0.00516	0.01158	0.15190	0.01004
88	0.01961	0.02241	0.04902	0.03501	0.04342	0.02101	0.62605	0.02661	0.01961	0.02661	0.01681	0.02241	0.01261	0.00700	0.00980	0.00280	0.01401	0.00980	0.00420	0.01120
89	0.02056	0.01974	0.03372	0.05099	0.65622	0.01974	0.02550	0.02550	0.01892	0.02714	0.01563	0.02056	0.01316	0.00740	0.00822	0.00247	0.00987	0.00740	0.00411	0.01316
90	0.01012	0.00723	0.00964	0.01157	0.01205	0.00675	0.00771	0.01157	0.01591	0.02121	0.04579	0.70262	0.05495	0.02603	0.01060	0.00337	0.00482	0.02362	0.00771	0.00675
91	0.01197	0.00801	0.00909	0.00920	0.00923	0.00798	0.00519	0.01205	0.01230	0.01640	0.02730	0.09162	0.03162	0.66885	0.04046	0.00778	0.00787	0.01274	0.00519	0.00513
92	0.01569	0.01477	0.02492	0.68808	0.05722	0.01846	0.02307	0.02123	0.01661	0.02123	0.01477	0.02215	0.01107	0.00831	0.00831	0.00277	0.01107	0.00738	0.00369	0.00923
93	0.02446	0.02104	0.02245	0.01933	0.02203	0.15057	0.01559	0.02884	0.07932	0.15109	0.01864	0.02170	0.01482	0.01498	0.05574	0.00361	0.31222	0.00741	0.00563	0.01052
94	0.00982	0.00842	0.00842	0.00842	0.01122	0.00701	0.00631	0.01192	0.01894	0.02244	0.08416	0.07995	0.65285	0.02104	0.00982	0.00281	0.00421	0.01753	0.00771	0.00701
95	0.01734	0.01512	0.01870	0.01336	0.02079	0.01154	0.03845	0.02118	0.01734	0.02705	0.01486	0.01747	0.01232	0.00619	0.00632	0.00130	0.00652	0.00515	0.00489	0.72412
96	0.01200	0.00875	0.01165	0.01306	0.01474	0.00840	0.01058	0.01507	0.01881	0.02463	0.11607	0.23552	0.12329	0.02281	0.01089	0.00346	0.00616	0.32889	0.00784	0.00738
97	0.03126	0.03288	0.02411	0.02046	0.02572	0.40798	0.01594	0.27787	0.02992	0.03349	0.01576	0.01702	0.01211	0.00914	0.00783	0.00229	0.01258	0.00623	0.00594	0.01148
98	0.01187	0.00890	0.01335	0.01335	0.01483	0.01038	0.01038	0.01483	0.01335	0.01928	0.02225	0.03264	0.02077	0.06231	0.67512	0.01335	0.02225	0.00890	0.00445	0.00742
99	0.03535	0.01722	0.02119	0.01624	0.02275	0.01679	0.01342	0.23913	0.02894	0.45604	0.02844	0.02546	0.01839	0.01018	0.00834	0.00254	0.00777	0.00806	0.00962	0.01413
100	0.02056	0.01974	0.03372	0.05099	0.65622	0.01974	0.02550	0.02550	0.01892	0.02714	0.01563	0.02056	0.01316	0.00740	0.00822	0.00247	0.00987	0.00740	0.00411	0.01316
101	0.01379	0.01173	0.01704	0.01593	0.01696	0.01498	0.01276	0.01641	0.01316	0.01950	0.01879	0.02822	0.01776	0.04772	0.47729	0.01038	0.22703	0.00840	0.00420	0.00793
102	0.01012	0.00723	0.00964	0.01157	0.01205	0.00675	0.00771	0.01157	0.01591	0.02121	0.04579	0.70262	0.05495	0.02603	0.01060	0.00337	0.00482	0.02362	0.00771	0.00675
103	0.01012	0.00723	0.00964	0.01157	0.01205	0.00675	0.00771	0.01157	0.01591	0.02121	0.04579	0.70262	0.05495	0.02603	0.01060	0.00337	0.00482	0.02362	0.00771	0.00675
104	0.01012	0.00723	0.00964	0.01157	0.01205	0.00675	0.00771	0.01157	0.01591	0.02121	0.04579	0.70262	0.05495	0.02603	0.01060	0.00337	0.00482	0.02362	0.00771	0.00675
105	0.02066	0.01785	0.01878	0.01691	0.02160	0.02066	0.01315	0.04414	0.64121	0.03475	0.03381	0.03099	0.02536	0.01127	0.00845	0.00282	0.00657	0.00939	0.00845	0.01315
106	0.37680	0.02447	0.01856	0.01591	0.02118	0.20486	0.01267	0.17733	0.02299	0.03627	0.01401	0.01552	0.01075	0.00851	0.00659	0.00243	0.00951	0.00548	0.00569	0.01045
107	0.02032	0.23063	0.07935	0.03044	0.15305	0.02448	0.25813	0.02549	0.01816	0.02421	0.01456	0.01880	0.01191	0.00758	0.00900	0.00246	0.04877	0.00737	0.00392	0.01136
108	0.01627	0.01375	0.01475	0.01374	0.01746	0.01486	0.01067	0.03059	0.36678	0.03057	0.11286	0.05151	0.21007	0.01527	0.00914	0.00285	0.00569	0.04435	0.00827	0.01056
109	0.00982	0.00842	0.00842	0.00842	0.01122	0.00701	0.00631	0.01192	0.01894	0.02244	0.08416	0.07995	0.65285	0.02104	0.00982	0.00281	0.00421	0.01753	0.00771	0.00701
110	0.02863	0.10783	0.02618	0.08754	0.02841	0.40006	0.01650	0.15726	0.02540	0.02712	0.01440	0.01658	0.01146	0.00867	0.00751	0.00224	0.01268	0.00591	0.00500	0.01066
111	0.03694	0.01467	0.01961	0.01504	0.02147	0.01301	0.01242	0.07506	0.02468	0.62613	0.03202	0.02779	0.02019	0.01026	0.00835	0.00257	0.00719	0.00830	0.01017	0.01414
112	0.02006	0.02087	0.06583	0.02868	0.18475	0.07621	0.14013	0.08949	0.01973	0.02631	0.01827	0.02727	0.01639	0.14540	0.05407	0.00426	0.03843	0.00862	0.00475	0.01046
113	0.02221	0.71304	0.04353	0.01421	0.02132	0.03287	0.01421	0.02488	0.01688	0.01955	0.01155	0.01333	0.01066	0.00711	0.00533	0.00178	0.00888	0.00444	0.00355	0.01066
114	0.03727	0.01414	0.01928	0.01478	0.02121	0.01221	0.01221	0.04049	0.02378	0.66198	0.03277	0.02828	0.02056	0.01028	0.00835	0.00257	0.00707	0.00835	0.01028	0.01414
115	0.01022	0.00730	0.00973	0.01150	0.01207	0.00681	0.00772	0.01181	0.01635	0.02192	0.08142	0.66496	0.05632	0.02549	0.01056	0.00333	0.00477	0.02311	0.00780	0.00681
116	0.01932	0.01847	0.03148	0.21301	0.50389	0.01941	0.02488	0.02441	0.01833	0.02564	0.01541	0.02096	0.01263	0.00763	0.00825	0.00254	0.01018	0.00740	0.00401	0.01216
117	0.01060	0.00832	0.00912	0.00950	0.01143	0.00741	0.00685	0.01238	0.01731	0.02131	0.06526	0.14488	0.41399	0.15337	0.01627	0.00396	0.00532	0.06888	0.00719	0.00666
118	0.03103	0.03959	0.02354	0.02140	0.02568	0.67469	0.01605	0.03317	0.02354	0.02033	0.01284	0.01498	0.01070	0.00856	0.00749	0.00214	0.01498	0.00535	0.00428	0.00963
119	0.01012	0.00723	0.00964	0.01157	0.01205	0.00675	0.00771	0.01157	0.01591	0.02121	0.04579	0.70262	0.05495	0.02603	0.01060	0.00337	0.00482	0.02362	0.00771	0.00675
120	0.00992	0.00842	0.00856	0.00853	0.01129	0.00706	0.00640	0.01213	0.01919	0.02304	0.11527	0.07897	0.62137	0.02082	0.00982	0.00279	0.00419	0.01740	0.00779	0.00706
121	0.02221	0.71304	0.04353	0.01421	0.02132	0.03287	0.01421	0.02488	0.01688	0.01955	0.01155	0.01333	0.01066	0.00711	0.00533	0.00178	0.00888	0.00444	0.00355	0.01066
122	0.01018	0.00843	0.00892	0.00880	0.01144	0.00717	0.00660	0.01263	0.01980	0.02448	0.19074	0.07659	0.54499	0.02028	0.00981	0.00277	0.00415	0.01706	0.00798	0.00717
123	0.01549	0.00774	0.00774	0.00774	0.00968	0.00774	0.00581	0.01936	0.01742	0.03097	0.02710	0.03097	0.02129	0.00968	0.00581	0.00194	0.00387	0.00774	0.75416	0.00774
124	0.01128	0.00872	0.01055	0.01156	0.01371	0.00800	0.00931	0.01399	0.01863	0.02325	0.06329	0.16411	0.33605	0.02243	0.01058	0.00328	0.00566	0.25068	0.00769	0.00723
125	0.10151	0.03109	0.02503	0.05873	0.18456	0.41389	0.01804	0.02981	0.02111	0.02378	0.01350	0.01657	0.01116	0.00817	0.00748	0.00229	0.01266	0.00587	0.00430	0.01043
126	0.02100	0.02340	0.06640	0.03718	0.29754	0.10309	0.19471	0.02618	0.01921	0.02592	0.01599	0.02071	0.01291	0.00798	0.00945	0.00256	0.04823	0.00778	0.04820	0.01157
127	0.03103	0.03959	0.02354	0.02140	0.02568	0.67469	0.01605	0.03317	0.02354	0.02033	0.01284	0.01498	0.01070	0.00856	0.00749	0.00214	0.01498	0.00535	0.00428	0.00963
128	0.01752	0.14615	0.56931	0.02222	0.03370	0.02138	0.02816	0.02609	0.01744	0.02527	0.01439	0.01689	0.01054	0.00777	0.00750	0.00250	0.01175	0.00588	0.00351	0.01203
129	0.02243	0.32439	0.25006	0.01915	0.02734	0.18153	0.02026	0.02734	0.01870	0.02203	0.01300	0.01515	0.01062	0.00772	0.00672	0.00215	0.01149	0.00524	0.00371	0.01096
130	0.01326	0.01015	0.01276	0.01204	0.01220	0.01174	0.00821	0.01394	0.01234	0.01722	0.02273	0.04487	0.02537	0.50142	0.10748	0.00775	0.14493	0.01079	0.00469	0.00609
131	0.01202	0.00831	0.01036	0.01036	0.01080	0.00876	0.00665	0.01291	0.01246	0.01707	0.02499	0.04781	0.02736	0.51319	0.23325	0.00965	0.01234	0.01112	0.00486	0.00575
132	0.01003	0.00842	0.00871	0.00864	0.01135	0.00710	0.00648	0.01233	0.01944	0.02363	0.14614	0.07800	0.59012	0.02060	0.00982	0.00278	0.00418	0.01726	0.00787	0.00710
133	0.02498	0.19266	0.03567	0.02631	0.09849	0.28959	0.16684	0.02875	0.02049	0.02244	0.01382	0.01703	0.01143	0.00771	0.00763	0.00225	0.01273	0.00646	0.00407	0.01065
134	0.03051	0.03851	0.02330	0.02118	0.02548	0.64198	0.01591	0.03372	0.05443	0.02105	0.01389	0.01578	0.01143	0.00870	0.00754	0.00217	0.01456	0.00555	0.00449	0.00981
135	0.11171	0.02163	0.02260	0.01759	0.02382	0.02400	0.01450	0.52891	0.03514	0.04953	0.01941	0.01983	0.01395	0.00971	0.00783	0.00247	0.00856	0.00717	0.04843	0.01322
136	0.02636	0.03001	0.01879	0.01729	0.02087	0.47406	0.01297	0.02902	0.02170	0.02353	0.01713	0.01979	0.01389	0.00890	0.00698	0.00208	0.01164	0.00607	0.22986	0.00906
137	0.01180	0.00902	0.01088	0.01032	0.01265	0.00839	0.00777	0.01641	0.05869	0.03068	0.47366	0.06470	0.21881	0.01766	0.00972	0.00267	0.00415	0.01532	0.00875	0.00794
