[name]
unknown

[dist]
# distance from previous block
# <min> <max>
0	6

[block]
# block no. 0 follows, 21 sequences, length 37
# corresponding to MSA columns:
# 6-42
name=unknown_A
#
# <colnr> <probs for GDERKNQSTAVLIFYWHMCP>
#	G	D	E	R	K	N	Q	S	T	A	V	L	I	F	Y	W	H	M	C	P
0	0.02189	0.06203	0.12834	0.02620	0.14768	0.22304	0.01997	0.02641	0.02060	0.02443	0.02267	0.03874	0.02176	0.01236	0.00889	0.00279	0.01151	0.16505	0.00512	0.01052
1	0.01961	0.34052	0.38263	0.01991	0.03012	0.02599	0.02388	0.02629	0.01766	0.02385	0.01373	0.01603	0.01084	0.00772	0.00691	0.00230	0.01102	0.00551	0.00361	0.01184
2	0.07362	0.03614	0.50205	0.02104	0.03133	0.01780	0.02592	0.02503	0.01870	0.02899	0.11728	0.02507	0.02198	0.00959	0.00819	0.00269	0.01072	0.00764	0.00466	0.01158
3	0.01478	0.00739	0.01109	0.01109	0.01109	0.00739	0.00739	0.01109	0.01109	0.01478	0.01478	0.02587	0.01478	0.02956	0.03326	0.75240	0.00739	0.00739	0.00370	0.00370
4	0.02717	0.03113	0.02673	0.03088	0.22095	0.38411	0.01927	0.06044	0.02312	0.02503	0.01669	0.02313	0.01463	0.00952	0.00824	0.00244	0.01286	0.04778	0.00479	0.01109
5	0.02275	0.70604	0.04459	0.01456	0.02184	0.03367	0.01456	0.02548	0.01729	0.02002	0.01183	0.01365	0.01092	0.00728	0.00546	0.00182	0.00910	0.00455	0.00364	0.01092
6	0.01216	0.00912	0.01368	0.01368	0.01520	0.01064	0.01064	0.01520	0.01368	0.01976	0.02279	0.03343	0.02127	0.06382	0.66720	0.01368	0.02279	0.00912	0.00456	0.00760
7	0.02993	0.02092	0.02303	0.01816	0.02406	0.02285	0.01475	0.47676	0.06525	0.09094	0.02264	0.04817	0.01716	0.01251	0.01063	0.06356	0.00875	0.00844	0.00825	0.01325
8	0.02887	0.03503	0.02695	0.03016	0.19528	0.49098	0.01907	0.03184	0.02283	0.02272	0.01393	0.01690	0.01165	0.00845	0.00788	0.00228	0.01392	0.00605	0.00434	0.01085
9	0.03418	0.02091	0.02373	0.01819	0.02493	0.02205	0.01503	0.43854	0.03511	0.24148	0.02455	0.02310	0.01654	0.01032	0.00853	0.00258	0.00870	0.00794	0.00915	0.01448
10	0.01060	0.00750	0.00981	0.01156	0.01199	0.00706	0.00759	0.01191	0.01585	0.02113	0.04461	0.62245	0.05340	0.10352	0.01456	0.00400	0.00531	0.02285	0.00759	0.00671
11	0.07496	0.02118	0.14728	0.03175	0.27548	0.01666	0.02182	0.02344	0.01879	0.02768	0.02498	0.04424	0.02415	0.01288	0.00920	0.00302	0.00958	0.19644	0.00535	0.01114
12	0.01049	0.00746	0.00984	0.01170	0.01216	0.00699	0.00774	0.01188	0.01606	0.02141	0.04570	0.65703	0.05477	0.06708	0.01281	0.00374	0.00514	0.02348	0.00774	0.00681
13	0.01625	0.01201	0.01567	0.01447	0.01692	0.01360	0.01126	0.13687	0.01887	0.02630	0.02268	0.03282	0.02077	0.11050	0.47799	0.01094	0.01877	0.00912	0.00541	0.00876
14	0.01707	0.04402	0.65683	0.02426	0.03683	0.01976	0.03144	0.02695	0.01797	0.02695	0.01527	0.01797	0.01078	0.00809	0.00809	0.00270	0.01258	0.00629	0.00359	0.01258
15	0.01936	0.01893	0.03354	0.24970	0.38904	0.01996	0.09560	0.02486	0.01871	0.02581	0.01587	0.02180	0.01273	0.00783	0.00864	0.00267	0.01101	0.00787	0.00409	0.01196
16	0.01006	0.00862	0.00862	0.00862	0.01149	0.00718	0.00647	0.01221	0.01940	0.02299	0.08621	0.08190	0.64438	0.02155	0.01006	0.00287	0.00431	0.01796	0.00790	0.00718
17	0.01707	0.04402	0.65683	0.02426	0.03683	0.01976	0.03144	0.02695	0.01797	0.02695	0.01527	0.01797	0.01078	0.00809	0.00809	0.00270	0.01258	0.00629	0.00359	0.01258
18	0.02276	0.02366	0.03357	0.04654	0.51870	0.12555	0.05189	0.02745	0.02018	0.02664	0.01560	0.02022	0.01304	0.00776	0.00838	0.00249	0.01116	0.00735	0.00424	0.01280
19	0.01034	0.00751	0.00977	0.01158	0.01227	0.00693	0.00778	0.01188	0.01655	0.02183	0.05017	0.64434	0.10520	0.02624	0.01080	0.00341	0.00489	0.02367	0.00790	0.00693
20	0.01657	0.01561	0.02214	0.01959	0.02008	0.02117	0.01609	0.01880	0.01324	0.02025	0.01486	0.02332	0.01438	0.03041	0.23068	0.00688	0.47521	0.00798	0.00399	0.00877
21	0.02320	0.02509	0.02915	0.08407	0.35318	0.20997	0.02178	0.02718	0.01994	0.02446	0.01526	0.02011	0.01294	0.01174	0.04870	0.00318	0.04720	0.00705	0.00423	0.01156
22	0.01824	0.18028	0.53081	0.02226	0.03375	0.02263	0.02797	0.02665	0.01783	0.02552	0.01456	0.01708	0.01081	0.00792	0.00754	0.00251	0.01186	0.00593	0.00360	0.01224
23	0.01695	0.01617	0.02287	0.02010	0.02050	0.02208	0.01656	0.01912	0.01320	0.02029	0.01417	0.02244	0.01378	0.02753	0.19300	0.00629	0.51426	0.00788	0.00394	0.00887
24	0.01547	0.01123	0.01308	0.01376	0.04684	0.04036	0.00969	0.01827	0.02056	0.09481	0.18358	0.19290	0.23396	0.01928	0.00996	0.00294	0.00574	0.05084	0.00815	0.00861
25	0.02011	0.09702	0.02758	0.10892	0.27730	0.12251	0.01894	0.02392	0.01963	0.02410	0.02943	0.03203	0.14240	0.01072	0.00832	0.00250	0.00979	0.00904	0.00488	0.01084
26	0.01707	0.04402	0.65683	0.02426	0.03683	0.01976	0.03144	0.02695	0.01797	0.02695	0.01527	0.01797	0.01078	0.00809	0.00809	0.00270	0.01258	0.00629	0.00359	0.01258
27	0.01650	0.01341	0.01734	0.05055	0.14712	0.01314	0.01288	0.04672	0.09063	0.06447	0.05663	0.05512	0.35044	0.01579	0.00933	0.00277	0.00650	0.01339	0.00722	0.01005
28	0.06324	0.03050	0.02616	0.02708	0.15531	0.32161	0.01805	0.19718	0.02717	0.03234	0.01574	0.01790	0.01240	0.00889	0.00796	0.00238	0.01216	0.00649	0.00555	0.01189
29	0.01943	0.01927	0.03444	0.04038	0.37002	0.01947	0.16593	0.02420	0.01848	0.02596	0.02010	0.02691	0.04476	0.06223	0.01321	0.00317	0.06688	0.00903	0.00444	0.01170
30	0.01118	0.00782	0.01020	0.01174	0.01269	0.00751	0.00828	0.01320	0.01664	0.02275	0.04568	0.50981	0.08545	0.02760	0.06108	0.00412	0.00640	0.06151	0.06921	0.00713
31	0.02288	0.02647	0.08168	0.04248	0.42261	0.15337	0.07368	0.02790	0.02030	0.02626	0.01546	0.01980	0.01271	0.00783	0.00838	0.00250	0.01173	0.00725	0.00421	0.01250
32	0.07755	0.19173	0.33151	0.02056	0.02993	0.04825	0.04654	0.05788	0.07007	0.02804	0.01607	0.01801	0.01223	0.00827	0.00739	0.00248	0.01084	0.00622	0.00446	0.01195
33	0.01818	0.06391	0.04890	0.07251	0.05179	0.01577	0.08312	0.08745	0.01949	0.02860	0.02172	0.02885	0.01826	0.08259	0.09567	0.00437	0.01024	0.00837	0.23063	0.00956
34	0.02937	0.03220	0.02286	0.01995	0.02484	0.40721	0.01536	0.17495	0.07820	0.03016	0.02234	0.02307	0.06190	0.01034	0.00814	0.00239	0.01233	0.00732	0.00601	0.01107
35	0.14397	0.05593	0.07131	0.02930	0.22208	0.20299	0.01925	0.05823	0.02072	0.05254	0.01503	0.01794	0.01204	0.00852	0.00831	0.00248	0.03670	0.00633	0.00481	0.01153
36	0.02067	0.06357	0.19443	0.16101	0.16331	0.14150	0.02293	0.02638	0.01918	0.02496	0.01586	0.02000	0.01242	0.00831	0.00785	0.00249	0.01144	0.00671	0.06584	0.01115

[dist]
# distance from previous block
# <min> <max>
0	20

[block]
# block no. 1 follows, 21 sequences, length 60
# corresponding to MSA columns:
# 63-122
name=unknown_B
#
# <colnr> <probs for GDERKNQSTAVLIFYWHMCP>
#	G	D	E	R	K	N	Q	S	T	A	V	L	I	F	Y	W	H	M	C	P
0	0.01758	0.06675	0.41141	0.02457	0.03461	0.01946	0.15434	0.02569	0.01808	0.02646	0.01681	0.02076	0.01266	0.01191	0.05498	0.00343	0.01300	0.00732	0.04858	0.01163
1	0.02522	0.03002	0.06048	0.16274	0.03194	0.37374	0.01756	0.02879	0.02192	0.05287	0.05797	0.02494	0.05609	0.01010	0.00822	0.00246	0.01253	0.00753	0.00503	0.00988
2	0.02029	0.02726	0.21359	0.06937	0.36200	0.02050	0.07227	0.06191	0.02016	0.02879	0.01612	0.02035	0.01262	0.00790	0.00846	0.00262	0.01115	0.00740	0.00428	0.01294
3	0.01946	0.01683	0.01759	0.05553	0.02193	0.05242	0.01264	0.10471	0.29894	0.03214	0.04041	0.13816	0.12353	0.01491	0.00913	0.00289	0.00716	0.01255	0.00788	0.01118
4	0.37393	0.02257	0.06558	0.02306	0.15667	0.10038	0.01595	0.06314	0.01906	0.06736	0.01485	0.01710	0.01143	0.00824	0.00682	0.00255	0.00907	0.00588	0.00529	0.01106
5	0.02793	0.03291	0.02429	0.02239	0.05818	0.45262	0.04832	0.08773	0.02461	0.02502	0.02336	0.02487	0.09068	0.01036	0.00822	0.00237	0.01305	0.00761	0.00521	0.01026
6	0.07064	0.20304	0.02436	0.05699	0.06033	0.07607	0.01319	0.02169	0.01903	0.02575	0.18532	0.03177	0.03157	0.02005	0.12148	0.00430	0.01066	0.00874	0.00558	0.00942
7	0.11227	0.01501	0.04364	0.06130	0.11680	0.01361	0.01408	0.02622	0.02010	0.21693	0.04115	0.04265	0.18757	0.01315	0.00868	0.00276	0.00731	0.03839	0.00738	0.01100
8	0.11221	0.01842	0.02943	0.21147	0.41479	0.01974	0.02336	0.02484	0.01815	0.02751	0.01526	0.02058	0.01239	0.00786	0.00805	0.00262	0.00999	0.00721	0.00423	0.01189
9	0.02979	0.03639	0.02384	0.02278	0.06296	0.55087	0.01638	0.06395	0.02439	0.02317	0.01837	0.02020	0.05162	0.00959	0.00792	0.00228	0.01400	0.00652	0.00482	0.01016
10	0.01841	0.01750	0.02647	0.40689	0.21752	0.05805	0.02238	0.02356	0.01818	0.02423	0.01633	0.02255	0.01281	0.00838	0.00822	0.00264	0.01062	0.00747	0.06731	0.01048
11	0.02315	0.55571	0.03960	0.01579	0.02208	0.11123	0.01478	0.02579	0.01776	0.02013	0.01253	0.01511	0.01147	0.01074	0.04105	0.00257	0.04115	0.00503	0.00378	0.01054
12	0.01155	0.00887	0.01054	0.01078	0.01303	0.00805	0.00840	0.01448	0.02034	0.02628	0.23112	0.07819	0.31904	0.06189	0.01243	0.00337	0.00523	0.14083	0.00814	0.00744
13	0.01006	0.00862	0.00862	0.00862	0.01149	0.00718	0.00647	0.01221	0.01940	0.02299	0.08621	0.08190	0.64438	0.02155	0.01006	0.00287	0.00431	0.01796	0.00790	0.00718
14	0.02106	0.02022	0.03454	0.05223	0.64784	0.02022	0.02612	0.02612	0.01938	0.02780	0.01601	0.02106	0.01348	0.00758	0.00842	0.00253	0.01011	0.00758	0.00421	0.01348
15	0.02079	0.01698	0.05390	0.15626	0.02971	0.01551	0.01558	0.02496	0.01803	0.12851	0.01765	0.02072	0.01345	0.00869	0.01007	0.00222	0.09705	0.00653	0.00543	0.33797
16	0.02873	0.02335	0.02542	0.16484	0.03346	0.07923	0.01783	0.43846	0.03361	0.04384	0.01865	0.02049	0.01349	0.00972	0.00844	0.00259	0.01031	0.00745	0.00712	0.01298
17	0.01349	0.00972	0.01341	0.01525	0.01726	0.00964	0.01328	0.01730	0.01958	0.02532	0.04755	0.09514	0.08499	0.02339	0.01165	0.00385	0.00762	0.55593	0.00784	0.00780
18	0.01216	0.00912	0.01368	0.01368	0.01520	0.01064	0.01064	0.01520	0.01368	0.01976	0.02279	0.03343	0.02127	0.06382	0.66720	0.01368	0.02279	0.00912	0.00456	0.00760
19	0.03179	0.04056	0.02412	0.02192	0.02631	0.66676	0.01644	0.03398	0.02412	0.02083	0.01315	0.01535	0.01096	0.00877	0.00767	0.00219	0.01535	0.00548	0.00438	0.00987
20	0.01216	0.00912	0.01368	0.01368	0.01520	0.01064	0.01064	0.01520	0.01368	0.01976	0.02279	0.03343	0.02127	0.06382	0.66720	0.01368	0.02279	0.00912	0.00456	0.00760
21	0.02275	0.70604	0.04459	0.01456	0.02184	0.03367	0.01456	0.02548	0.01729	0.02002	0.01183	0.01365	0.01092	0.00728	0.00546	0.00182	0.00910	0.00455	0.00364	0.01092
22	0.01139	0.00867	0.01047	0.01002	0.01231	0.00775	0.00752	0.01480	0.02255	0.03048	0.46100	0.06957	0.26492	0.01876	0.01004	0.00274	0.00411	0.01623	0.00889	0.00775
23	0.01249	0.01014	0.01187	0.01272	0.04627	0.00928	0.00924	0.04348	0.02095	0.02635	0.13593	0.07587	0.42666	0.02011	0.01016	0.00298	0.00536	0.10419	0.00790	0.00806
24	0.03179	0.04056	0.02412	0.02192	0.02631	0.66676	0.01644	0.03398	0.02412	0.02083	0.01315	0.01535	0.01096	0.00877	0.00767	0.00219	0.01535	0.00548	0.00438	0.00987
25	0.01216	0.00912	0.01368	0.01368	0.01520	0.01064	0.01064	0.01520	0.01368	0.01976	0.02279	0.03343	0.02127	0.06382	0.66720	0.01368	0.02279	0.00912	0.00456	0.00760
26	0.01216	0.00912	0.01368	0.01368	0.01520	0.01064	0.01064	0.01520	0.01368	0.01976	0.02279	0.03343	0.02127	0.06382	0.66720	0.01368	0.02279	0.00912	0.00456	0.00760
27	0.02338	0.02462	0.03229	0.04567	0.51332	0.16015	0.02402	0.02782	0.02040	0.02629	0.01539	0.01983	0.01293	0.00784	0.00826	0.00245	0.01124	0.00713	0.00425	0.01270
28	0.02275	0.70604	0.04459	0.01456	0.02184	0.03367	0.01456	0.02548	0.01729	0.02002	0.01183	0.01365	0.01092	0.00728	0.00546	0.00182	0.00910	0.00455	0.00364	0.01092
29	0.01707	0.04402	0.65683	0.02426	0.03683	0.01976	0.03144	0.02695	0.01797	0.02695	0.01527	0.01797	0.01078	0.00809	0.00809	0.00270	0.01258	0.00629	0.00359	0.01258
30	0.01587	0.01142	0.01321	0.01263	0.01482	0.01195	0.00896	0.02401	0.19585	0.05968	0.14352	0.16149	0.04230	0.22301	0.01974	0.00455	0.00641	0.01400	0.00770	0.00889
31	0.01373	0.01322	0.01163	0.01136	0.01442	0.09058	0.00868	0.01730	0.05355	0.02412	0.09823	0.07097	0.46222	0.01935	0.00980	0.00285	0.00606	0.05641	0.00757	0.00795
32	0.01037	0.00741	0.00987	0.01185	0.01234	0.00691	0.00790	0.01185	0.01629	0.02172	0.04690	0.69537	0.05629	0.02666	0.01086	0.00346	0.00494	0.02419	0.00790	0.00691
33	0.01970	0.01883	0.03209	0.22320	0.48749	0.01986	0.02544	0.02493	0.01873	0.02615	0.01577	0.02150	0.01290	0.00783	0.00845	0.00261	0.01045	0.00758	0.00410	0.01238
34	0.02085	0.02147	0.06730	0.05076	0.61567	0.02020	0.02640	0.02616	0.01930	0.02776	0.01597	0.02090	0.01334	0.00761	0.00841	0.00254	0.01024	0.00751	0.00418	0.01343
35	0.02106	0.02022	0.03454	0.05223	0.64784	0.02022	0.02612	0.02612	0.01938	0.02780	0.01601	0.02106	0.01348	0.00758	0.00842	0.00253	0.01011	0.00758	0.00421	0.01348
36	0.01400	0.00937	0.01061	0.00989	0.01304	0.00803	0.00756	0.01670	0.02103	0.10420	0.20022	0.07132	0.44442	0.01928	0.00987	0.00280	0.00461	0.01623	0.00855	0.00828
37	0.01221	0.00905	0.01177	0.01313	0.01504	0.00860	0.01074	0.01532	0.01925	0.02479	0.09078	0.19459	0.18555	0.02325	0.01112	0.00353	0.00631	0.32946	0.00795	0.00754
38	0.01747	0.09095	0.61343	0.02357	0.03577	0.02075	0.03025	0.02685	0.01792	0.02646	0.01503	0.01766	0.01079	0.00803	0.00790	0.00263	0.01233	0.00617	0.00360	0.01246
39	0.01037	0.00741	0.00987	0.01185	0.01234	0.00691	0.00790	0.01185	0.01629	0.02172	0.04690	0.69537	0.05629	0.02666	0.01086	0.00346	0.00494	0.02419	0.00790	0.00691
40	0.03235	0.02384	0.02554	0.01958	0.02639	0.02639	0.01618	0.61946	0.04001	0.05363	0.02043	0.02043	0.01447	0.01022	0.00851	0.00255	0.00936	0.00766	0.00851	0.01447
41	0.01862	0.22418	0.49022	0.02162	0.03275	0.02355	0.02685	0.02655	0.01778	0.02507	0.01434	0.01679	0.01082	0.00787	0.00737	0.00246	0.01163	0.00582	0.00361	0.01213
42	0.02275	0.70604	0.04459	0.01456	0.02184	0.03367	0.01456	0.02548	0.01729	0.02002	0.01183	0.01365	0.01092	0.00728	0.00546	0.00182	0.00910	0.00455	0.00364	0.01092
43	0.01006	0.00862	0.00862	0.00862	0.01149	0.00718	0.00647	0.01221	0.01940	0.02299	0.08621	0.08190	0.64438	0.02155	0.01006	0.00287	0.00431	0.01796	0.00790	0.00718
44	0.01295	0.00947	0.01270	0.01436	0.01638	0.00922	0.01226	0.01646	0.01936	0.02486	0.05146	0.12987	0.14045	0.02340	0.01144	0.00373	0.00712	0.46896	0.00785	0.00768
45	0.02338	0.01898	0.05909	0.01942	0.06061	0.01910	0.01519	0.04111	0.43064	0.13585	0.03261	0.03263	0.02450	0.01145	0.00873	0.00286	0.00743	0.03474	0.00835	0.01333
46	0.19422	0.01557	0.01859	0.01460	0.02092	0.01492	0.01206	0.07888	0.02333	0.47797	0.02794	0.02508	0.01803	0.00994	0.00784	0.00263	0.00725	0.00764	0.00925	0.01334
47	0.01006	0.00862	0.00862	0.00862	0.01149	0.00718	0.00647	0.01221	0.01940	0.02299	0.08621	0.08190	0.64438	0.02155	0.01006	0.00287	0.00431	0.01796	0.00790	0.00718
48	0.02020	0.41161	0.03244	0.01501	0.02012	0.08979	0.01347	0.02298	0.01680	0.02002	0.01554	0.02028	0.01431	0.02589	0.22173	0.00573	0.01420	0.00614	0.00402	0.00973
49	0.01756	0.01739	0.02128	0.01915	0.02005	0.08483	0.01542	0.01976	0.01456	0.02040	0.01713	0.07038	0.01715	0.02870	0.20222	0.00632	0.38576	0.00890	0.00432	0.00872
50	0.01020	0.00863	0.00882	0.00877	0.01158	0.00724	0.00658	0.01249	0.01973	0.02378	0.12570	0.08060	0.60440	0.02126	0.01006	0.00286	0.00429	0.01778	0.00801	0.00724
51	0.01216	0.00912	0.01368	0.01368	0.01520	0.01064	0.01064	0.01520	0.01368	0.01976	0.02279	0.03343	0.02127	0.06382	0.66720	0.01368	0.02279	0.00912	0.00456	0.00760
52	0.02275	0.70604	0.04459	0.01456	0.02184	0.03367	0.01456	0.02548	0.01729	0.02002	0.01183	0.01365	0.01092	0.00728	0.00546	0.00182	0.00910	0.00455	0.00364	0.01092
53	0.01237	0.00965	0.01116	0.01163	0.01418	0.00896	0.00926	0.04675	0.02022	0.02523	0.06623	0.15206	0.37057	0.02208	0.01056	0.00323	0.00568	0.18452	0.00792	0.00774
54	0.01210	0.00814	0.00936	0.00963	0.00970	0.00807	0.00553	0.01230	0.01291	0.01721	0.02953	0.14220	0.03437	0.60973	0.03893	0.00760	0.00780	0.01397	0.00553	0.00539
55	0.01607	0.01513	0.02552	0.68047	0.05861	0.01891	0.02363	0.02174	0.01702	0.02174	0.01513	0.02269	0.01134	0.00851	0.00851	0.00284	0.01134	0.00756	0.00378	0.00945
56	0.01037	0.00741	0.00987	0.01185	0.01234	0.00691	0.00790	0.01185	0.01629	0.02172	0.04690	0.69537	0.05629	0.02666	0.01086	0.00346	0.00494	0.02419	0.00790	0.00691
57	0.01586	0.00793	0.00793	0.00793	0.00991	0.00793	0.00595	0.01983	0.01785	0.03173	0.02776	0.03173	0.02181	0.00991	0.00595	0.00198	0.00397	0.00793	0.74817	0.00793
58	0.02230	0.02257	0.03334	0.04873	0.57606	0.09488	0.02500	0.02703	0.01992	0.02700	0.01568	0.02040	0.01319	0.00772	0.00834	0.00249	0.01071	0.00734	0.00423	0.01306
59	0.01968	0.29477	0.34560	0.02300	0.06903	0.02523	0.06192	0.02636	0.01793	0.02437	0.01412	0.01682	0.01114	0.00769	0.00723	0.00236	0.01121	0.00594	0.00369	0.01193

[dist]
# distance from previous block
# <min> <max>
0	1

[block]
# block no. 2 follows, 21 sequences, length 216
# corresponding to MSA columns:
# 124-339
name=unknown_C
#
# <colnr> <probs for GDERKNQSTAVLIFYWHMCP>
#	G	D	E	R	K	N	Q	S	T	A	V	L	I	F	Y	W	H	M	C	P
0	0.03114	0.03948	0.02421	0.02194	0.02611	0.63529	0.01655	0.03332	0.02357	0.02081	0.01306	0.01551	0.01097	0.00907	0.00867	0.00227	0.04826	0.00558	0.00435	0.00984
1	0.01204	0.00870	0.01138	0.01071	0.01271	0.00803	0.00803	0.01606	0.02409	0.03413	0.64335	0.06357	0.08030	0.01740	0.01004	0.00268	0.00401	0.01539	0.00937	0.00803
2	0.01238	0.00825	0.00928	0.00928	0.00928	0.00825	0.00516	0.01238	0.01238	0.01650	0.02681	0.05569	0.03094	0.70092	0.04331	0.00825	0.00825	0.01238	0.00516	0.00516
3	0.01037	0.00741	0.00987	0.01185	0.01234	0.00691	0.00790	0.01185	0.01629	0.02172	0.04690	0.69537	0.05629	0.02666	0.01086	0.00346	0.00494	0.02419	0.00790	0.00691
4	0.03235	0.02384	0.02554	0.01958	0.02639	0.02639	0.01618	0.61946	0.04001	0.05363	0.02043	0.02043	0.01447	0.01022	0.00851	0.00255	0.00936	0.00766	0.00851	0.01447
5	0.01238	0.00825	0.00928	0.00928	0.00928	0.00825	0.00516	0.01238	0.01238	0.01650	0.02681	0.05569	0.03094	0.70092	0.04331	0.00825	0.00825	0.01238	0.00516	0.00516
6	0.03179	0.04056	0.02412	0.02192	0.02631	0.66676	0.01644	0.03398	0.02412	0.02083	0.01315	0.01535	0.01096	0.00877	0.00767	0.00219	0.01535	0.00548	0.00438	0.00987
7	0.76103	0.01646	0.01251	0.01119	0.01646	0.01909	0.00922	0.02502	0.01448	0.03818	0.01185	0.01382	0.00922	0.00790	0.00527	0.00263	0.00658	0.00461	0.00527	0.00922
8	0.76103	0.01646	0.01251	0.01119	0.01646	0.01909	0.00922	0.02502	0.01448	0.03818	0.01185	0.01382	0.00922	0.00790	0.00527	0.00263	0.00658	0.00461	0.00527	0.00922
9	0.02106	0.02022	0.03454	0.05223	0.64784	0.02022	0.02612	0.02612	0.01938	0.02780	0.01601	0.02106	0.01348	0.00758	0.00842	0.00253	0.01011	0.00758	0.00421	0.01348
10	0.02275	0.70604	0.04459	0.01456	0.02184	0.03367	0.01456	0.02548	0.01729	0.02002	0.01183	0.01365	0.01092	0.00728	0.00546	0.00182	0.00910	0.00455	0.00364	0.01092
11	0.03818	0.01448	0.01975	0.01514	0.02172	0.01251	0.01251	0.04147	0.02436	0.65373	0.03357	0.02897	0.02107	0.01053	0.00856	0.00263	0.00724	0.00856	0.01053	0.01448
12	0.01204	0.00870	0.01138	0.01071	0.01271	0.00803	0.00803	0.01606	0.02409	0.03413	0.64335	0.06357	0.08030	0.01740	0.01004	0.00268	0.00401	0.01539	0.00937	0.00803
13	0.01204	0.00870	0.01138	0.01071	0.01271	0.00803	0.00803	0.01606	0.02409	0.03413	0.64335	0.06357	0.08030	0.01740	0.01004	0.00268	0.00401	0.01539	0.00937	0.00803
14	0.01142	0.00971	0.00998	0.00972	0.01276	0.00880	0.00734	0.01614	0.08827	0.02507	0.11402	0.07518	0.54120	0.02018	0.00990	0.00286	0.00456	0.01687	0.00808	0.00794
15	0.01048	0.00745	0.00984	0.01170	0.01217	0.00699	0.00774	0.01188	0.01607	0.02143	0.04577	0.65910	0.05485	0.06489	0.01270	0.00373	0.00513	0.02352	0.00774	0.00681
16	0.01862	0.01862	0.02607	0.02234	0.02234	0.02607	0.01862	0.02048	0.01303	0.02048	0.01117	0.01862	0.01117	0.01489	0.02793	0.00372	0.68535	0.00745	0.00372	0.00931
17	0.01037	0.00741	0.00987	0.01185	0.01234	0.00691	0.00790	0.01185	0.01629	0.02172	0.04690	0.69537	0.05629	0.02666	0.01086	0.00346	0.00494	0.02419	0.00790	0.00691
18	0.01238	0.00825	0.00928	0.00928	0.00928	0.00825	0.00516	0.01238	0.01238	0.01650	0.02681	0.05569	0.03094	0.70092	0.04331	0.00825	0.00825	0.01238	0.00516	0.00516
19	0.01607	0.01513	0.02552	0.68047	0.05861	0.01891	0.02363	0.02174	0.01702	0.02174	0.01513	0.02269	0.01134	0.00851	0.00851	0.00284	0.01134	0.00756	0.00378	0.00945
20	0.01586	0.00793	0.00793	0.00793	0.00991	0.00793	0.00595	0.01983	0.01785	0.03173	0.02776	0.03173	0.02181	0.00991	0.00595	0.00198	0.00397	0.00793	0.74817	0.00793
21	0.03818	0.01448	0.01975	0.01514	0.02172	0.01251	0.01251	0.04147	0.02436	0.65373	0.03357	0.02897	0.02107	0.01053	0.00856	0.00263	0.00724	0.00856	0.01053	0.01448
22	0.01216	0.00912	0.01368	0.01368	0.01520	0.01064	0.01064	0.01520	0.01368	0.01976	0.02279	0.03343	0.02127	0.06382	0.66720	0.01368	0.02279	0.00912	0.00456	0.00760
23	0.03818	0.01448	0.01975	0.01514	0.02172	0.01251	0.01251	0.04147	0.02436	0.65373	0.03357	0.02897	0.02107	0.01053	0.00856	0.00263	0.00724	0.00856	0.01053	0.01448
24	0.02020	0.01934	0.03299	0.16039	0.54640	0.01999	0.02569	0.02536	0.01897	0.02676	0.01586	0.02134	0.01311	0.00774	0.00844	0.00258	0.01032	0.00758	0.00414	0.01279
25	0.01216	0.00912	0.01368	0.01368	0.01520	0.01064	0.01064	0.01520	0.01368	0.01976	0.02279	0.03343	0.02127	0.06382	0.66720	0.01368	0.02279	0.00912	0.00456	0.00760
26	0.01025	0.00786	0.00941	0.01064	0.01203	0.00701	0.00736	0.01199	0.01745	0.02220	0.06161	0.46589	0.27627	0.02475	0.01056	0.00324	0.00470	0.02186	0.00790	0.00701
27	0.01745	0.01624	0.02505	0.02946	0.22438	0.01945	0.01863	0.02071	0.01530	0.02265	0.01630	0.02394	0.01501	0.02743	0.21657	0.00637	0.26278	0.00800	0.00414	0.01015
28	0.02328	0.66707	0.04339	0.01499	0.02210	0.07075	0.01467	0.02598	0.01769	0.02007	0.01191	0.01375	0.01092	0.00737	0.00559	0.00184	0.00947	0.00460	0.00368	0.01086
29	0.01180	0.00891	0.01104	0.01114	0.01340	0.00815	0.00878	0.01523	0.02171	0.02890	0.34662	0.07607	0.24400	0.01996	0.01041	0.00300	0.00492	0.13960	0.00860	0.00773
30	0.02381	0.02542	0.03188	0.04448	0.48893	0.18553	0.02364	0.02813	0.02059	0.02602	0.01528	0.01960	0.01284	0.00789	0.00823	0.00244	0.01145	0.00705	0.00426	0.01256
31	0.52439	0.01554	0.01302	0.01151	0.01642	0.01729	0.00935	0.08384	0.01818	0.03652	0.02870	0.02912	0.14607	0.01107	0.00663	0.00268	0.00638	0.00779	0.00617	0.00932
32	0.02009	0.02586	0.17914	0.04492	0.47519	0.02018	0.05816	0.02637	0.01909	0.02758	0.01590	0.02045	0.01283	0.00768	0.00843	0.00258	0.01090	0.00741	0.00407	0.01317
33	0.01489	0.01383	0.02192	0.47922	0.08159	0.01611	0.01958	0.01967	0.01774	0.02240	0.03258	0.03709	0.16642	0.01165	0.00888	0.00283	0.00955	0.01011	0.00482	0.00913
34	0.01832	0.01752	0.02901	0.04071	0.46060	0.01710	0.05212	0.02277	0.01942	0.02660	0.03325	0.03605	0.16788	0.01098	0.00891	0.00263	0.00891	0.01025	0.00512	0.01183
35	0.02082	0.01997	0.03410	0.08309	0.61889	0.02016	0.02600	0.02590	0.01926	0.02750	0.01596	0.02114	0.01338	0.00763	0.00843	0.00254	0.01017	0.00758	0.00419	0.01328
36	0.01765	0.01513	0.01765	0.01260	0.02017	0.01134	0.01008	0.02143	0.01765	0.02773	0.01513	0.01765	0.01260	0.00630	0.00630	0.00126	0.00630	0.00504	0.00504	0.75295
37	0.02198	0.02288	0.03560	0.04469	0.44777	0.09304	0.12355	0.02692	0.01973	0.02659	0.01566	0.02062	0.01299	0.00799	0.00953	0.00260	0.04332	0.00775	0.00422	0.01254
38	0.01037	0.00741	0.00987	0.01185	0.01234	0.00691	0.00790	0.01185	0.01629	0.02172	0.04690	0.69537	0.05629	0.02666	0.01086	0.00346	0.00494	0.02419	0.00790	0.00691
39	0.01006	0.00862	0.00862	0.00862	0.01149	0.00718	0.00647	0.01221	0.01940	0.02299	0.08621	0.08190	0.64438	0.02155	0.01006	0.00287	0.00431	0.01796	0.00790	0.00718
40	0.01216	0.00912	0.01368	0.01368	0.01520	0.01064	0.01064	0.01520	0.01368	0.01976	0.02279	0.03343	0.02127	0.06382	0.66720	0.01368	0.02279	0.00912	0.00456	0.00760
41	0.01238	0.00825	0.00928	0.00928	0.00928	0.00825	0.00516	0.01238	0.01238	0.01650	0.02681	0.05569	0.03094	0.70092	0.04331	0.00825	0.00825	0.01238	0.00516	0.00516
42	0.02102	0.02034	0.03521	0.05154	0.62220	0.02028	0.05122	0.02617	0.01941	0.02778	0.01606	0.02114	0.01346	0.00757	0.00849	0.00254	0.01029	0.00769	0.00422	0.01339
43	0.02275	0.70604	0.04459	0.01456	0.02184	0.03367	0.01456	0.02548	0.01729	0.02002	0.01183	0.01365	0.01092	0.00728	0.00546	0.00182	0.00910	0.00455	0.00364	0.01092
44	0.01926	0.21251	0.46904	0.02167	0.03248	0.05584	0.02639	0.02693	0.01810	0.02488	0.01429	0.01674	0.01083	0.00791	0.00740	0.00245	0.01183	0.00581	0.00365	0.01202
45	0.01344	0.01482	0.10302	0.01389	0.01781	0.01114	0.01270	0.01971	0.08361	0.02780	0.18399	0.10140	0.20399	0.01840	0.01004	0.00306	0.00646	0.13811	0.00768	0.00891
46	0.03182	0.03955	0.02420	0.02178	0.02631	0.62816	0.01643	0.06927	0.02507	0.02281	0.01359	0.01565	0.01117	0.00886	0.00772	0.00221	0.01499	0.00561	0.00463	0.01014
47	0.01707	0.04402	0.65683	0.02426	0.03683	0.01976	0.03144	0.02695	0.01797	0.02695	0.01527	0.01797	0.01078	0.00809	0.00809	0.00270	0.01258	0.00629	0.00359	0.01258
48	0.01238	0.00825	0.00928	0.00928	0.00928	0.00825	0.00516	0.01238	0.01238	0.01650	0.02681	0.05569	0.03094	0.70092	0.04331	0.00825	0.00825	0.01238	0.00516	0.00516
49	0.01765	0.01513	0.01765	0.01260	0.02017	0.01134	0.01008	0.02143	0.01765	0.02773	0.01513	0.01765	0.01260	0.00630	0.00630	0.00126	0.00630	0.00504	0.00504	0.75295
50	0.01707	0.04402	0.65683	0.02426	0.03683	0.01976	0.03144	0.02695	0.01797	0.02695	0.01527	0.01797	0.01078	0.00809	0.00809	0.00270	0.01258	0.00629	0.00359	0.01258
51	0.01184	0.00869	0.01109	0.01049	0.01259	0.00794	0.00787	0.01566	0.02360	0.03297	0.58564	0.06547	0.13873	0.01783	0.01004	0.00270	0.00405	0.01566	0.00922	0.00794
52	0.01350	0.01036	0.01493	0.01444	0.01614	0.01225	0.01134	0.04517	0.01494	0.02146	0.02204	0.03199	0.02039	0.05852	0.59999	0.01259	0.05826	0.00896	0.00471	0.00803
53	0.02000	0.02269	0.04876	0.03505	0.04314	0.02179	0.58086	0.02685	0.01966	0.02685	0.01685	0.02269	0.01281	0.00764	0.01112	0.00292	0.05479	0.00989	0.00427	0.01135
54	0.01238	0.00825	0.00928	0.00928	0.00928	0.00825	0.00516	0.01238	0.01238	0.01650	0.02681	0.05569	0.03094	0.70092	0.04331	0.00825	0.00825	0.01238	0.00516	0.00516
55	0.01053	0.00760	0.00996	0.01156	0.01234	0.00704	0.00784	0.01230	0.01727	0.02308	0.11078	0.59722	0.09012	0.02543	0.01073	0.00334	0.00481	0.02295	0.00805	0.00704
56	0.03179	0.04056	0.02412	0.02192	0.02631	0.66676	0.01644	0.03398	0.02412	0.02083	0.01315	0.01535	0.01096	0.00877	0.00767	0.00219	0.01535	0.00548	0.00438	0.00987
57	0.01707	0.04402	0.65683	0.02426	0.03683	0.01976	0.03144	0.02695	0.01797	0.02695	0.01527	0.01797	0.01078	0.00809	0.00809	0.00270	0.01258	0.00629	0.00359	0.01258
58	0.01919	0.01141	0.01204	0.01076	0.01375	0.01205	0.00841	0.14825	0.02237	0.03575	0.02591	0.02940	0.02021	0.01304	0.04399	0.00277	0.00619	0.00794	0.54726	0.00932
59	0.02058	0.01059	0.01411	0.01215	0.01566	0.00949	0.00949	0.02436	0.02418	0.23642	0.44427	0.05227	0.06096	0.01516	0.00955	0.00266	0.00507	0.01316	0.00975	0.01014
60	0.01220	0.00893	0.01273	0.01273	0.01393	0.01013	0.00946	0.01459	0.01340	0.01906	0.02366	0.03821	0.02335	0.20055	0.53331	0.01251	0.01967	0.00982	0.00469	0.00707
61	0.01282	0.00951	0.01247	0.01395	0.01613	0.00916	0.01194	0.01631	0.01954	0.02486	0.05513	0.09254	0.19472	0.02303	0.01134	0.00366	0.00697	0.45040	0.00785	0.00768
62	0.01352	0.01087	0.01526	0.01450	0.01538	0.01327	0.01109	0.01567	0.01327	0.01920	0.02129	0.03519	0.02129	0.19057	0.40294	0.01048	0.15479	0.00948	0.00452	0.00742
63	0.02275	0.70604	0.04459	0.01456	0.02184	0.03367	0.01456	0.02548	0.01729	0.02002	0.01183	0.01365	0.01092	0.00728	0.00546	0.00182	0.00910	0.00455	0.00364	0.01092
64	0.01227	0.00821	0.00931	0.00942	0.00944	0.00818	0.00530	0.01235	0.01258	0.01677	0.02786	0.08906	0.03226	0.66575	0.04162	0.00800	0.00808	0.01299	0.00530	0.00525
65	0.02438	0.37323	0.03492	0.01828	0.02319	0.20831	0.01596	0.02678	0.01828	0.02034	0.01206	0.01519	0.01099	0.00933	0.01090	0.00233	0.15597	0.00543	0.00387	0.01028
66	0.01009	0.00850	0.00875	0.00895	0.01158	0.00716	0.00661	0.01218	0.01908	0.02286	0.08223	0.14400	0.58485	0.02207	0.01014	0.00293	0.00437	0.01859	0.00790	0.00716
67	0.02631	0.02410	0.02091	0.01777	0.02283	0.17879	0.01398	0.24724	0.16356	0.03695	0.02957	0.02921	0.08704	0.01141	0.00837	0.00254	0.00938	0.00873	0.04941	0.01194
68	0.01119	0.00867	0.01019	0.00981	0.01219	0.00767	0.00736	0.01441	0.02207	0.02934	0.40374	0.07145	0.32289	0.01918	0.01005	0.00276	0.00414	0.01650	0.00874	0.00767
69	0.01006	0.00862	0.00862	0.00862	0.01149	0.00718	0.00647	0.01221	0.01940	0.02299	0.08621	0.08190	0.64438	0.02155	0.01006	0.00287	0.00431	0.01796	0.00790	0.00718
70	0.02369	0.02520	0.03199	0.04482	0.49570	0.17848	0.02375	0.02804	0.02054	0.02610	0.01531	0.01966	0.01286	0.00787	0.00824	0.00245	0.01139	0.00707	0.00425	0.01260
71	0.76103	0.01646	0.01251	0.01119	0.01646	0.01909	0.00922	0.02502	0.01448	0.03818	0.01185	0.01382	0.00922	0.00790	0.00527	0.00263	0.00658	0.00461	0.00527	0.00922
72	0.02114	0.01876	0.02299	0.02587	0.17529	0.02094	0.01657	0.04054	0.48239	0.03369	0.03008	0.02913	0.02292	0.01058	0.00860	0.00280	0.00756	0.00912	0.00757	0.01347
73	0.01478	0.00739	0.01109	0.01109	0.01109	0.00739	0.00739	0.01109	0.01109	0.01478	0.01478	0.02587	0.01478	0.02956	0.03326	0.75240	0.00739	0.00739	0.00370	0.00370
74	0.02032	0.08824	0.12852	0.08234	0.46135	0.02134	0.02568	0.02592	0.01883	0.02657	0.01545	0.02000	0.01270	0.00769	0.00810	0.00250	0.01046	0.00710	0.00404	0.01286
75	0.02974	0.02811	0.02309	0.01947	0.02482	0.26486	0.01530	0.25709	0.12001	0.06572	0.05173	0.02276	0.01847	0.01024	0.00830	0.00248	0.01086	0.00756	0.00712	0.01227
76	0.27025	0.02143	0.02128	0.01684	0.02315	0.02401	0.01390	0.42538	0.03168	0.04859	0.01763	0.01827	0.01276	0.00946	0.00745	0.00258	0.00846	0.00666	0.00745	0.01276
77	0.01028	0.00863	0.00893	0.00885	0.01163	0.00728	0.00664	0.01264	0.01992	0.02424	0.14854	0.07985	0.58128	0.02109	0.01006	0.00285	0.00428	0.01767	0.00807	0.00728
78	0.02201	0.01809	0.01927	0.01721	0.02211	0.02074	0.01342	0.04503	0.60232	0.06624	0.03458	0.03161	0.02573	0.01150	0.00865	0.00287	0.00676	0.00957	0.00875	0.01352
79	0.02579	0.06701	0.02881	0.02850	0.15854	0.32768	0.04810	0.02990	0.05091	0.02326	0.01464	0.01819	0.01237	0.00948	0.01114	0.00256	0.12124	0.00662	0.00441	0.01086
80	0.01238	0.00825	0.00928	0.00928	0.00928	0.00825	0.00516	0.01238	0.01238	0.01650	0.02681	0.05569	0.03094	0.70092	0.04331	0.00825	0.00825	0.01238	0.00516	0.00516
81	0.01018	0.00863	0.00879	0.00875	0.01157	0.00724	0.00656	0.01244	0.01968	0.02366	0.11979	0.08079	0.61038	0.02130	0.01006	0.00286	0.00429	0.01781	0.00799	0.00724
82	0.01726	0.04289	0.62742	0.02558	0.06571	0.01979	0.03119	0.02691	0.01803	0.02699	0.01531	0.01811	0.01091	0.00806	0.00810	0.00269	0.01246	0.00635	0.00362	0.01262
83	0.02425	0.02490	0.01920	0.01733	0.02146	0.27639	0.01318	0.05725	0.18250	0.05752	0.03162	0.03290	0.10653	0.04841	0.04605	0.00343	0.01093	0.00911	0.00653	0.01050
84	0.01163	0.00853	0.00994	0.00982	0.01116	0.00817	0.00663	0.01328	0.01656	0.02177	0.15012	0.06212	0.21402	0.31841	0.09629	0.00634	0.00798	0.01414	0.00661	0.00650
85	0.01992	0.02247	0.04751	0.03435	0.04200	0.02203	0.54999	0.02650	0.01930	0.02650	0.01654	0.02247	0.01272	0.00804	0.01204	0.00297	0.08941	0.00975	0.00424	0.01124
86	0.02074	0.02006	0.03029	0.15573	0.42558	0.05217	0.02342	0.02844	0.10576	0.02750	0.01834	0.02257	0.01475	0.00836	0.00844	0.00262	0.01011	0.00776	0.00477	0.01259
87	0.02004	0.02195	0.06650	0.04129	0.29997	0.02027	0.30885	0.02625	0.01967	0.02738	0.01811	0.02584	0.01499	0.00826	0.00936	0.00277	0.01212	0.03978	0.00442	0.01218
88	0.01459	0.01263	0.01806	0.01667	0.01753	0.01628	0.01331	0.01701	0.01336	0.01984	0.01868	0.02919	0.01806	0.08281	0.39115	0.00963	0.27018	0.00868	0.00428	0.00810
89	0.01859	0.02209	0.10598	0.23908	0.16190	0.02051	0.21873	0.02489	0.01835	0.02521	0.01577	0.02171	0.01219	0.00821	0.01005	0.00282	0.05045	0.00823	0.00401	0.01122
90	0.01687	0.14842	0.01853	0.01209	0.01622	0.08178	0.00986	0.02058	0.05588	0.05337	0.09026	0.05525	0.35790	0.01611	0.00876	0.00258	0.00665	0.01298	0.00696	0.00895
91	0.02369	0.05531	0.02179	0.01786	0.04768	0.02109	0.01380	0.27515	0.20026	0.03997	0.07112	0.03503	0.11525	0.01244	0.00871	0.00266	0.00757	0.01004	0.00808	0.01249
92	0.01406	0.01061	0.01448	0.22355	0.02656	0.01151	0.01246	0.01773	0.01749	0.02428	0.03807	0.04935	0.15609	0.09076	0.01246	0.00336	0.00730	0.07446	0.18747	0.00794
93	0.01380	0.01021	0.01134	0.01091	0.01392	0.00944	0.00832	0.04650	0.05774	0.06201	0.12136	0.14039	0.39817	0.02004	0.00997	0.00294	0.00507	0.04121	0.00826	0.00841
94	0.02293	0.46729	0.12610	0.01711	0.02437	0.13591	0.01706	0.02659	0.01834	0.02112	0.01308	0.01552	0.01142	0.01044	0.03900	0.00259	0.01131	0.00518	0.00380	0.01081
95	0.02038	0.02213	0.04549	0.04080	0.22638	0.02113	0.43881	0.02692	0.01987	0.02742	0.01685	0.02238	0.01308	0.00730	0.00956	0.00277	0.01307	0.00930	0.00428	0.01208
96	0.01222	0.00888	0.01193	0.01322	0.01483	0.00837	0.01024	0.01502	0.01844	0.02479	0.10731	0.36348	0.05357	0.02334	0.01085	0.00342	0.00601	0.23652	0.00787	0.04968
97	0.02378	0.06409	0.03256	0.04268	0.46021	0.17924	0.02309	0.02801	0.02042	0.02565	0.01507	0.01924	0.01272	0.00786	0.00807	0.00241	0.01133	0.00690	0.00422	0.01245
98	0.01342	0.02049	0.21193	0.01448	0.02044	0.01239	0.01503	0.02006	0.07158	0.02660	0.12489	0.05556	0.32833	0.01602	0.00932	0.00280	0.00706	0.01331	0.00679	0.00950
99	0.02904	0.03218	0.02523	0.02504	0.11352	0.39292	0.01726	0.13560	0.05906	0.02874	0.01611	0.01806	0.01284	0.00888	0.00791	0.00229	0.01261	0.00636	0.00535	0.05099
100	0.02122	0.02030	0.05269	0.01786	0.02260	0.08965	0.07514	0.15249	0.10907	0.03052	0.02633	0.07002	0.04713	0.16371	0.01634	0.00385	0.00945	0.01012	0.00638	0.05514
101	0.01461	0.01293	0.01288	0.01210	0.01531	0.05059	0.00919	0.02261	0.17098	0.02887	0.21526	0.06081	0.30694	0.01724	0.00957	0.00278	0.00549	0.01449	0.00826	0.00911
102	0.02352	0.59970	0.04106	0.01529	0.02226	0.10304	0.01456	0.02624	0.01807	0.02047	0.01213	0.01403	0.01100	0.00740	0.00575	0.00184	0.00966	0.00468	0.00379	0.04552
103	0.03017	0.02271	0.02482	0.01907	0.02557	0.02494	0.01573	0.52846	0.03635	0.04928	0.01940	0.02006	0.01411	0.01011	0.00940	0.00250	0.04740	0.00740	0.00791	0.08461
104	0.01880	0.01291	0.01268	0.01160	0.01455	0.04322	0.00883	0.08622	0.12330	0.03337	0.06022	0.03289	0.02489	0.05103	0.00916	0.00261	0.00578	0.00873	0.42974	0.00947
105	0.01747	0.01737	0.12155	0.01457	0.01964	0.01282	0.01323	0.08749	0.05144	0.08737	0.04527	0.20704	0.19230	0.01685	0.00932	0.00283	0.00694	0.01434	0.00736	0.05479
106	0.01188	0.00804	0.00943	0.00991	0.01003	0.00792	0.00583	0.01225	0.01333	0.01778	0.03173	0.21227	0.03714	0.53588	0.03537	0.00708	0.00744	0.01527	0.00583	0.00559
107	0.01689	0.01192	0.01476	0.01299	0.01557	0.01232	0.00958	0.07936	0.01706	0.05916	0.02302	0.03718	0.02245	0.28184	0.20599	0.00766	0.04410	0.00949	0.00556	0.11311
108	0.02117	0.01732	0.01951	0.01459	0.02171	0.01559	0.01174	0.15224	0.08613	0.03410	0.01829	0.01971	0.01439	0.00769	0.00702	0.00171	0.00700	0.00608	0.00616	0.51786
109	0.02102	0.01770	0.01897	0.01618	0.02158	0.01909	0.01272	0.09842	0.42320	0.03529	0.03275	0.03106	0.05965	0.01106	0.00830	0.00256	0.00678	0.00909	0.00795	0.14663
110	0.01012	0.00836	0.00889	0.00931	0.01168	0.00713	0.00677	0.01214	0.01873	0.02272	0.07777	0.21356	0.51817	0.02265	0.01023	0.00300	0.00445	0.01930	0.00790	0.00713
111	0.03716	0.01471	0.01972	0.01527	0.02175	0.01303	0.01257	0.04170	0.06101	0.61647	0.03364	0.02913	0.02136	0.01059	0.00856	0.00265	0.00721	0.00862	0.01042	0.01442
112	0.01238	0.00825	0.00928	0.00928	0.00928	0.00825	0.00516	0.01238	0.01238	0.01650	0.02681	0.05569	0.03094	0.70092	0.04331	0.00825	0.00825	0.01238	0.00516	0.00516
113	0.01016	0.00862	0.00876	0.00872	0.01156	0.00723	0.00654	0.01240	0.01963	0.02354	0.11383	0.08099	0.61642	0.02135	0.01006	0.00286	0.00430	0.01783	0.00798	0.00723
114	0.03179	0.04056	0.02412	0.02192	0.02631	0.66676	0.01644	0.03398	0.02412	0.02083	0.01315	0.01535	0.01096	0.00877	0.00767	0.00219	0.01535	0.00548	0.00438	0.00987
115	0.76103	0.01646	0.01251	0.01119	0.01646	0.01909	0.00922	0.02502	0.01448	0.03818	0.01185	0.01382	0.00922	0.00790	0.00527	0.00263	0.00658	0.00461	0.00527	0.00922
116	0.02117	0.01828	0.01924	0.01732	0.02213	0.02117	0.01347	0.04522	0.63246	0.03560	0.03464	0.03175	0.02598	0.01155	0.00866	0.00289	0.00673	0.00962	0.00866	0.01347
117	0.01607	0.01513	0.02552	0.68047	0.05861	0.01891	0.02363	0.02174	0.01702	0.02174	0.01513	0.02269	0.01134	0.00851	0.00851	0.00284	0.01134	0.00756	0.00378	0.00945
118	0.01227	0.00866	0.01136	0.01136	0.01208	0.00938	0.00775	0.01371	0.01299	0.01804	0.02491	0.04515	0.02636	0.39917	0.33881	0.01082	0.01514	0.01083	0.00487	0.00631
119	0.03070	0.03895	0.02334	0.02125	0.02556	0.63359	0.01594	0.03289	0.02388	0.02094	0.01683	0.01869	0.04281	0.00941	0.00779	0.00223	0.01479	0.00611	0.00456	0.00973
120	0.02275	0.70604	0.04459	0.01456	0.02184	0.03367	0.01456	0.02548	0.01729	0.02002	0.01183	0.01365	0.01092	0.00728	0.00546	0.00182	0.00910	0.00455	0.00364	0.01092
121	0.02242	0.01890	0.01995	0.01757	0.02261	0.02175	0.01377	0.10946	0.56618	0.03762	0.03305	0.03048	0.02469	0.01140	0.00864	0.00285	0.00703	0.00940	0.00864	0.01358
122	0.02203	0.02478	0.02046	0.01885	0.02138	0.30595	0.01460	0.02448	0.01822	0.02036	0.01650	0.02282	0.01494	0.03085	0.26310	0.00684	0.13339	0.00721	0.00434	0.00890
123	0.02843	0.02228	0.02280	0.01844	0.02432	0.05542	0.01489	0.40459	0.19491	0.04600	0.02425	0.02382	0.01776	0.01048	0.00837	0.00259	0.00866	0.00809	0.05029	0.01361
124	0.01707	0.04402	0.65683	0.02426	0.03683	0.01976	0.03144	0.02695	0.01797	0.02695	0.01527	0.01797	0.01078	0.00809	0.00809	0.00270	0.01258	0.00629	0.00359	0.01258
125	0.02162	0.02128	0.03400	0.05065	0.61542	0.05394	0.02561	0.02653	0.01962	0.02744	0.01586	0.02076	0.01335	0.00764	0.00839	0.00251	0.01038	0.00747	0.00422	0.01329
126	0.01035	0.00747	0.00980	0.01167	0.01230	0.00693	0.00782	0.01187	0.01647	0.02180	0.04913	0.66058	0.08963	0.02637	0.01082	0.00342	0.00490	0.02384	0.00790	0.00693
127	0.02001	0.02211	0.04050	0.05750	0.03735	0.05301	0.37908	0.02525	0.01796	0.02463	0.01507	0.02124	0.01222	0.00970	0.01541	0.00310	0.22219	0.00892	0.00411	0.01065
128	0.01006	0.00862	0.00862	0.00862	0.01149	0.00718	0.00647	0.01221	0.01940	0.02299	0.08621	0.08190	0.64438	0.02155	0.01006	0.00287	0.00431	0.01796	0.00790	0.00718
129	0.01037	0.00741	0.00987	0.01185	0.01234	0.00691	0.00790	0.01185	0.01629	0.02172	0.04690	0.69537	0.05629	0.02666	0.01086	0.00346	0.00494	0.02419	0.00790	0.00691
130	0.03179	0.04056	0.02412	0.02192	0.02631	0.66676	0.01644	0.03398	0.02412	0.02083	0.01315	0.01535	0.01096	0.00877	0.00767	0.00219	0.01535	0.00548	0.00438	0.00987
131	0.01087	0.00865	0.00975	0.00947	0.01199	0.00753	0.00711	0.01379	0.02132	0.02755	0.31413	0.07440	0.41362	0.01985	0.01005	0.00279	0.00419	0.01691	0.00850	0.00753
132	0.03235	0.02384	0.02554	0.01958	0.02639	0.02639	0.01618	0.61946	0.04001	0.05363	0.02043	0.02043	0.01447	0.01022	0.00851	0.00255	0.00936	0.00766	0.00851	0.01447
133	0.03235	0.02384	0.02554	0.01958	0.02639	0.02639	0.01618	0.61946	0.04001	0.05363	0.02043	0.02043	0.01447	0.01022	0.00851	0.00255	0.00936	0.00766	0.00851	0.01447
134	0.01787	0.01696	0.02877	0.45427	0.27076	0.01938	0.02453	0.02332	0.01787	0.02392	0.01544	0.02210	0.01211	0.00817	0.00848	0.00272	0.01090	0.00757	0.00394	0.01090
135	0.63461	0.02082	0.05265	0.01318	0.01879	0.09159	0.01136	0.02614	0.01577	0.03556	0.01220	0.01424	0.00951	0.00801	0.00571	0.00259	0.00792	0.00481	0.00507	0.00949
136	0.01081	0.00759	0.00974	0.01128	0.01167	0.00721	0.00729	0.01197	0.01543	0.02057	0.04246	0.55386	0.05068	0.17582	0.01804	0.00452	0.00567	0.02158	0.00729	0.00652
137	0.01765	0.01513	0.01765	0.01260	0.02017	0.01134	0.01008	0.02143	0.01765	0.02773	0.01513	0.01765	0.01260	0.00630	0.00630	0.00126	0.00630	0.00504	0.00504	0.75295
138	0.01765	0.01513	0.01765	0.01260	0.02017	0.01134	0.01008	0.02143	0.01765	0.02773	0.01513	0.01765	0.01260	0.00630	0.00630	0.00126	0.00630	0.00504	0.00504	0.75295
139	0.01216	0.00912	0.01368	0.01368	0.01520	0.01064	0.01064	0.01520	0.01368	0.01976	0.02279	0.03343	0.02127	0.06382	0.66720	0.01368	0.02279	0.00912	0.00456	0.00760
140	0.01037	0.00741	0.00987	0.01185	0.01234	0.00691	0.00790	0.01185	0.01629	0.02172	0.04690	0.69537	0.05629	0.02666	0.01086	0.00346	0.00494	0.02419	0.00790	0.00691
141	0.01216	0.00912	0.01368	0.01368	0.01520	0.01064	0.01064	0.01520	0.01368	0.01976	0.02279	0.03343	0.02127	0.06382	0.66720	0.01368	0.02279	0.00912	0.00456	0.00760
142	0.01073	0.00768	0.01020	0.01160	0.01242	0.00715	0.00793	0.01275	0.01797	0.02439	0.17491	0.55978	0.06144	0.02467	0.01069	0.00329	0.00474	0.02230	0.00821	0.00715
