[name]
unknown

[dist]
# distance from previous block
# <min> <max>
4	8

[block]
# block no. 0 follows, 21 sequences, length 163
# corresponding to MSA columns:
# 8-170
name=unknown_A
#
# <colnr> <probs for GDERKNQSTAVLIFYWHMCP>
#	G	D	E	R	K	N	Q	S	T	A	V	L	I	F	Y	W	H	M	C	P
0	0.02135	0.02472	0.07801	0.25868	0.26442	0.15881	0.02360	0.02638	0.01948	0.02416	0.01503	0.02015	0.01200	0.00819	0.00827	0.00257	0.01185	0.00702	0.00405	0.01125
1	0.01951	0.30926	0.06593	0.02026	0.11102	0.06630	0.01572	0.02273	0.01824	0.02231	0.03002	0.03139	0.15915	0.01140	0.00902	0.00239	0.06177	0.00850	0.00477	0.01031
2	0.20940	0.01926	0.05834	0.01591	0.02021	0.10889	0.01392	0.06940	0.02042	0.03023	0.03031	0.05138	0.06111	0.01520	0.00891	0.00309	0.00884	0.23944	0.00645	0.00928
3	0.05333	0.21482	0.31297	0.01841	0.02660	0.06462	0.02052	0.02452	0.01711	0.02347	0.01595	0.02267	0.01409	0.12244	0.01304	0.00334	0.01083	0.00670	0.00399	0.01057
4	0.01348	0.01229	0.01454	0.13845	0.05053	0.04865	0.01151	0.01626	0.01821	0.02248	0.05197	0.16808	0.29354	0.05567	0.01137	0.00314	0.00696	0.01502	0.00647	0.04137
5	0.02695	0.02144	0.02712	0.02858	0.21181	0.02269	0.01844	0.36892	0.03095	0.04241	0.01879	0.02096	0.01432	0.01140	0.03633	0.00292	0.00992	0.00749	0.00678	0.07179
6	0.01867	0.01725	0.02821	0.07288	0.45247	0.01708	0.02127	0.02294	0.01838	0.02614	0.02065	0.11562	0.02001	0.04165	0.01018	0.00283	0.00907	0.00990	0.00481	0.06998
7	0.02195	0.02299	0.02896	0.03620	0.32315	0.16903	0.06758	0.02626	0.02058	0.02564	0.02154	0.03561	0.02030	0.01117	0.00908	0.00277	0.01119	0.12969	0.00502	0.01129
8	0.06338	0.02345	0.02857	0.20394	0.31666	0.17071	0.02228	0.02677	0.01961	0.02520	0.01488	0.01974	0.01211	0.00811	0.00810	0.00253	0.01145	0.00692	0.00420	0.01137
9	0.14387	0.02287	0.02587	0.22070	0.22792	0.17055	0.02036	0.02650	0.01899	0.02612	0.01440	0.01901	0.01157	0.00818	0.00775	0.00256	0.01111	0.00660	0.00430	0.01077
10	0.02089	0.06830	0.06574	0.04058	0.35956	0.05857	0.17563	0.02625	0.01963	0.02649	0.01892	0.02325	0.04060	0.00816	0.00866	0.00257	0.01129	0.00829	0.00434	0.01227
11	0.01120	0.00826	0.01007	0.01125	0.01221	0.00788	0.00753	0.01365	0.04676	0.02173	0.04840	0.47181	0.13185	0.13667	0.01601	0.00414	0.00549	0.02065	0.00748	0.00699
12	0.05898	0.01310	0.01563	0.01403	0.01676	0.01459	0.01070	0.17000	0.02017	0.02870	0.02252	0.03420	0.02112	0.19566	0.31596	0.00895	0.01506	0.00925	0.00575	0.00888
13	0.01216	0.00912	0.01368	0.01368	0.01520	0.01064	0.01064	0.01520	0.01368	0.01976	0.02279	0.03343	0.02127	0.06382	0.66720	0.01368	0.02279	0.00912	0.00456	0.00760
14	0.02106	0.02022	0.03454	0.05223	0.64784	0.02022	0.02612	0.02612	0.01938	0.02780	0.01601	0.02106	0.01348	0.00758	0.00842	0.00253	0.01011	0.00758	0.00421	0.01348
15	0.02083	0.01998	0.03412	0.08175	0.62016	0.02016	0.02600	0.02591	0.01927	0.02752	0.01597	0.02114	0.01338	0.00763	0.00843	0.00254	0.01017	0.00758	0.00419	0.01329
16	0.03073	0.02382	0.02414	0.01920	0.02548	0.07514	0.01559	0.45384	0.13540	0.07445	0.02277	0.02227	0.01638	0.01033	0.00847	0.00258	0.00931	0.00785	0.00830	0.01395
17	0.03385	0.02144	0.02406	0.01844	0.02519	0.02283	0.01523	0.47128	0.03600	0.20748	0.02380	0.02262	0.01616	0.01030	0.00852	0.00257	0.00882	0.00789	0.00903	0.01448
18	0.02138	0.02305	0.02966	0.30867	0.20235	0.17067	0.07369	0.02621	0.01955	0.02357	0.01507	0.02058	0.01194	0.00821	0.00842	0.00261	0.01222	0.00730	0.00408	0.01077
19	0.01378	0.00900	0.01049	0.01024	0.01114	0.00937	0.00671	0.03945	0.01471	0.02127	0.02601	0.04616	0.02698	0.44063	0.14427	0.00787	0.01009	0.01084	0.13455	0.00645
20	0.01127	0.00838	0.01050	0.01057	0.01239	0.00761	0.00770	0.01434	0.02137	0.02909	0.39702	0.21455	0.18316	0.02036	0.01023	0.00290	0.00429	0.01794	0.00874	0.00761
21	0.09728	0.02230	0.02861	0.21389	0.28051	0.13861	0.04846	0.02630	0.01913	0.02590	0.01487	0.01980	0.01197	0.00807	0.00806	0.00258	0.01124	0.00700	0.00424	0.01119
22	0.01545	0.01157	0.01706	0.04866	0.16143	0.01206	0.01199	0.01600	0.01390	0.01909	0.02003	0.03694	0.02103	0.30764	0.03045	0.19727	0.03833	0.00956	0.00444	0.00709
23	0.01020	0.00805	0.00921	0.01013	0.01189	0.00706	0.00714	0.01204	0.01795	0.02240	0.06783	0.36879	0.36936	0.02394	0.01043	0.00315	0.00460	0.02087	0.00790	0.00706
24	0.01875	0.01942	0.01998	0.01830	0.02002	0.16858	0.01448	0.02123	0.01591	0.02023	0.01692	0.02459	0.01572	0.03571	0.31388	0.00789	0.22771	0.00775	0.00426	0.00866
25	0.02315	0.02299	0.06718	0.04402	0.48528	0.04815	0.02437	0.12458	0.02291	0.03173	0.01658	0.02055	0.01339	0.00810	0.00839	0.00253	0.01034	0.00744	0.00490	0.01344
26	0.01238	0.00825	0.00928	0.00928	0.00928	0.00825	0.00516	0.01238	0.01238	0.01650	0.02681	0.05569	0.03094	0.70092	0.04331	0.00825	0.00825	0.01238	0.00516	0.00516
27	0.01191	0.00869	0.01119	0.01057	0.01263	0.00797	0.00793	0.01580	0.02378	0.03339	0.60628	0.06479	0.11782	0.01767	0.01004	0.00269	0.00403	0.01556	0.00927	0.00797
28	0.02009	0.02410	0.10140	0.03955	0.21885	0.02098	0.39170	0.02690	0.01969	0.02739	0.01669	0.02195	0.01288	0.00738	0.00939	0.00275	0.01296	0.00898	0.00421	0.01216
29	0.01478	0.00739	0.01109	0.01109	0.01109	0.00739	0.00739	0.01109	0.01109	0.01478	0.01478	0.02587	0.01478	0.02956	0.03326	0.75240	0.00739	0.00739	0.00370	0.00370
30	0.01216	0.00912	0.01368	0.01368	0.01520	0.01064	0.01064	0.01520	0.01368	0.01976	0.02279	0.03343	0.02127	0.06382	0.66720	0.01368	0.02279	0.00912	0.00456	0.00760
31	0.01713	0.01621	0.02744	0.54710	0.18370	0.01919	0.02416	0.02267	0.01752	0.02303	0.01531	0.02234	0.01180	0.00831	0.00849	0.00277	0.01108	0.00757	0.00387	0.01031
32	0.01343	0.00970	0.01331	0.01512	0.01715	0.00959	0.01315	0.01721	0.01958	0.02527	0.04829	0.09489	0.09567	0.02336	0.01162	0.00384	0.00756	0.54566	0.00784	0.00779
33	0.01707	0.04402	0.65683	0.02426	0.03683	0.01976	0.03144	0.02695	0.01797	0.02695	0.01527	0.01797	0.01078	0.00809	0.00809	0.00270	0.01258	0.00629	0.00359	0.01258
34	0.02093	0.02017	0.06799	0.17850	0.44827	0.01941	0.02501	0.02628	0.01914	0.06814	0.01695	0.02175	0.01338	0.00800	0.00843	0.00261	0.01032	0.00757	0.00451	0.01266
35	0.01605	0.01188	0.05538	0.01214	0.01556	0.00941	0.01015	0.02026	0.02348	0.12258	0.48484	0.05648	0.09612	0.01600	0.00969	0.00268	0.00507	0.01393	0.00908	0.00922
36	0.01205	0.00856	0.01064	0.01019	0.01166	0.00805	0.00712	0.01481	0.02045	0.02847	0.43764	0.06212	0.09208	0.21699	0.01975	0.00431	0.00526	0.01463	0.00807	0.00715
37	0.76103	0.01646	0.01251	0.01119	0.01646	0.01909	0.00922	0.02502	0.01448	0.03818	0.01185	0.01382	0.00922	0.00790	0.00527	0.00263	0.00658	0.00461	0.00527	0.00922
38	0.01765	0.01513	0.01765	0.01260	0.02017	0.01134	0.01008	0.02143	0.01765	0.02773	0.01513	0.01765	0.01260	0.00630	0.00630	0.00126	0.00630	0.00504	0.00504	0.75295
39	0.01224	0.00894	0.01025	0.00976	0.01248	0.00778	0.00738	0.01517	0.02148	0.05876	0.30148	0.07209	0.39273	0.01938	0.00998	0.00278	0.00434	0.01649	0.00861	0.00788
40	0.01462	0.00901	0.01391	0.05664	0.01577	0.00918	0.04350	0.01304	0.01231	0.01637	0.01775	0.03245	0.01822	0.18354	0.03261	0.48514	0.00826	0.00872	0.00408	0.00487
41	0.01498	0.00941	0.01197	0.01092	0.01364	0.00845	0.00833	0.01860	0.02335	0.10965	0.47511	0.06228	0.16615	0.01723	0.00986	0.00270	0.00447	0.01496	0.00927	0.00870
42	0.01884	0.01814	0.01903	0.01644	0.02004	0.12254	0.01301	0.04796	0.01754	0.02370	0.01713	0.02321	0.01529	0.02891	0.24695	0.00633	0.12557	0.00709	0.00470	0.20758
43	0.02110	0.01962	0.02977	0.04134	0.45267	0.02052	0.02217	0.03208	0.21060	0.03023	0.02182	0.02440	0.01738	0.00882	0.00850	0.00264	0.00906	0.00822	0.00560	0.01348
44	0.01216	0.00912	0.01368	0.01368	0.01520	0.01064	0.01064	0.01520	0.01368	0.01976	0.02279	0.03343	0.02127	0.06382	0.66720	0.01368	0.02279	0.00912	0.00456	0.00760
45	0.02704	0.01893	0.02031	0.01620	0.02149	0.02075	0.01320	0.43222	0.03291	0.04626	0.02249	0.02403	0.01674	0.01254	0.03740	0.00290	0.00853	0.00780	0.20583	0.01242
46	0.03020	0.02181	0.02362	0.01870	0.02503	0.02408	0.01526	0.44012	0.17705	0.09648	0.02478	0.02374	0.01767	0.01055	0.00855	0.00264	0.00858	0.00819	0.00871	0.01424
47	0.01273	0.00990	0.01151	0.01156	0.01396	0.00948	0.00871	0.04355	0.06870	0.02763	0.18436	0.21301	0.26492	0.02071	0.01020	0.00304	0.00510	0.06448	0.00829	0.00818
48	0.01006	0.00862	0.00862	0.00862	0.01149	0.00718	0.00647	0.01221	0.01940	0.02299	0.08621	0.08190	0.64438	0.02155	0.01006	0.00287	0.00431	0.01796	0.00790	0.00718
49	0.01760	0.01109	0.01404	0.01269	0.01562	0.01101	0.00972	0.06745	0.04893	0.11975	0.27131	0.09151	0.08306	0.06209	0.12019	0.00486	0.00843	0.01308	0.00822	0.00934
50	0.01238	0.00825	0.00928	0.00928	0.00928	0.00825	0.00516	0.01238	0.01238	0.01650	0.02681	0.05569	0.03094	0.70092	0.04331	0.00825	0.00825	0.01238	0.00516	0.00516
51	0.01084	0.00760	0.00974	0.01125	0.01163	0.00722	0.00726	0.01197	0.01538	0.02051	0.04222	0.54608	0.05037	0.18402	0.01844	0.00458	0.00571	0.02143	0.00726	0.00650
52	0.01081	0.00824	0.01006	0.01132	0.01291	0.00749	0.00835	0.01294	0.01795	0.02280	0.06068	0.37651	0.26576	0.02431	0.01072	0.00332	0.00519	0.11559	0.00789	0.00716
53	0.01218	0.00817	0.00934	0.00953	0.00958	0.00812	0.00542	0.01233	0.01275	0.01700	0.02875	0.11720	0.03338	0.63609	0.04019	0.00779	0.00793	0.01351	0.00542	0.00533
54	0.01037	0.00741	0.00987	0.01185	0.01234	0.00691	0.00790	0.01185	0.01629	0.02172	0.04690	0.69537	0.05629	0.02666	0.01086	0.00346	0.00494	0.02419	0.00790	0.00691
55	0.01238	0.00825	0.00928	0.00928	0.00928	0.00825	0.00516	0.01238	0.01238	0.01650	0.02681	0.05569	0.03094	0.70092	0.04331	0.00825	0.00825	0.01238	0.00516	0.00516
56	0.01047	0.00808	0.00922	0.01003	0.01157	0.00721	0.00689	0.01208	0.01725	0.02166	0.06268	0.33012	0.32672	0.10845	0.01454	0.00378	0.00506	0.01982	0.00756	0.00682
57	0.01158	0.00791	0.00952	0.01031	0.01050	0.00772	0.00625	0.01217	0.01394	0.01858	0.03482	0.31073	0.04104	0.43210	0.03038	0.00634	0.00693	0.01709	0.00625	0.00586
58	0.03179	0.04056	0.02412	0.02192	0.02631	0.66676	0.01644	0.03398	0.02412	0.02083	0.01315	0.01535	0.01096	0.00877	0.00767	0.00219	0.01535	0.00548	0.00438	0.00987
59	0.01078	0.00770	0.01034	0.01232	0.01299	0.00726	0.00861	0.01256	0.01670	0.02218	0.04668	0.62221	0.05539	0.02628	0.01097	0.00351	0.00529	0.09333	0.00789	0.00703
60	0.01907	0.01420	0.01587	0.01428	0.01777	0.01473	0.01091	0.25418	0.02638	0.03470	0.04434	0.30157	0.15916	0.01907	0.00976	0.00298	0.00658	0.01634	0.00814	0.00998
61	0.01146	0.00854	0.01069	0.01073	0.01267	0.00777	0.00800	0.01468	0.02162	0.02935	0.39912	0.16914	0.19287	0.02007	0.01027	0.00291	0.00443	0.04926	0.00874	0.00767
62	0.76103	0.01646	0.01251	0.01119	0.01646	0.01909	0.00922	0.02502	0.01448	0.03818	0.01185	0.01382	0.00922	0.00790	0.00527	0.00263	0.00658	0.00461	0.00527	0.00922
63	0.01026	0.00863	0.00890	0.00883	0.01162	0.00727	0.00663	0.01261	0.01988	0.02412	0.14301	0.08003	0.58688	0.02113	0.01006	0.00285	0.00428	0.01770	0.00805	0.00727
64	0.08897	0.01433	0.01564	0.01400	0.01806	0.06278	0.01075	0.02854	0.05443	0.27863	0.03778	0.23669	0.07190	0.01595	0.00902	0.00288	0.00688	0.01350	0.00850	0.01078
65	0.01102	0.00917	0.00968	0.00946	0.01229	0.00811	0.00712	0.01471	0.05425	0.02560	0.17908	0.07596	0.51311	0.02028	0.00998	0.00284	0.00439	0.01706	0.00820	0.00768
66	0.01037	0.00741	0.00987	0.01185	0.01234	0.00691	0.00790	0.01185	0.01629	0.02172	0.04690	0.69537	0.05629	0.02666	0.01086	0.00346	0.00494	0.02419	0.00790	0.00691
67	0.01078	0.00849	0.01032	0.01089	0.01282	0.00803	0.00810	0.01305	0.01730	0.02203	0.05998	0.22282	0.32878	0.03276	0.16369	0.00558	0.00893	0.04129	0.00712	0.00724
68	0.01052	0.00784	0.00982	0.01124	0.01240	0.00715	0.00784	0.01237	0.01747	0.02270	0.08063	0.50218	0.19113	0.02497	0.01068	0.00331	0.00489	0.04783	0.00796	0.00706
69	0.03235	0.02384	0.02554	0.01958	0.02639	0.02639	0.01618	0.61946	0.04001	0.05363	0.02043	0.02043	0.01447	0.01022	0.00851	0.00255	0.00936	0.00766	0.00851	0.01447
70	0.03166	0.02463	0.02508	0.01960	0.02614	0.06869	0.01604	0.54702	0.07351	0.05040	0.02078	0.02075	0.01491	0.01020	0.00847	0.00255	0.00961	0.00763	0.00825	0.01411
71	0.02172	0.02364	0.03872	0.09088	0.27654	0.10727	0.26141	0.02729	0.02011	0.02618	0.01604	0.02118	0.01275	0.00765	0.00898	0.00264	0.01261	0.00829	0.00424	0.01188
72	0.01216	0.00912	0.01368	0.01368	0.01520	0.01064	0.01064	0.01520	0.01368	0.01976	0.02279	0.03343	0.02127	0.06382	0.66720	0.01368	0.02279	0.00912	0.00456	0.00760
73	0.01093	0.00938	0.00945	0.00930	0.01233	0.00828	0.00701	0.01480	0.06747	0.02398	0.08217	0.07797	0.59589	0.02077	0.00995	0.00287	0.00450	0.01731	0.00796	0.00768
74	0.01734	0.07512	0.62807	0.02380	0.03613	0.02042	0.03065	0.02688	0.01794	0.02663	0.01511	0.01776	0.01079	0.00805	0.00796	0.00265	0.01241	0.00621	0.00360	0.01250
75	0.01586	0.00793	0.00793	0.00793	0.00991	0.00793	0.00595	0.01983	0.01785	0.03173	0.02776	0.03173	0.02181	0.00991	0.00595	0.00198	0.00397	0.00793	0.74817	0.00793
76	0.01724	0.01631	0.02763	0.53385	0.19613	0.01921	0.02421	0.02276	0.01757	0.02316	0.01533	0.02231	0.01184	0.00829	0.00849	0.00276	0.01106	0.00757	0.00388	0.01039
77	0.01015	0.00862	0.00875	0.00872	0.01155	0.00722	0.00654	0.01239	0.01961	0.02351	0.11206	0.08105	0.61821	0.02136	0.01006	0.00286	0.00430	0.01784	0.00797	0.00722
78	0.01765	0.01513	0.01765	0.01260	0.02017	0.01134	0.01008	0.02143	0.01765	0.02773	0.01513	0.01765	0.01260	0.00630	0.00630	0.00126	0.00630	0.00504	0.00504	0.75295
79	0.01216	0.00912	0.01368	0.01368	0.01520	0.01064	0.01064	0.01520	0.01368	0.01976	0.02279	0.03343	0.02127	0.06382	0.66720	0.01368	0.02279	0.00912	0.00456	0.00760
80	0.01707	0.04402	0.65683	0.02426	0.03683	0.01976	0.03144	0.02695	0.01797	0.02695	0.01527	0.01797	0.01078	0.00809	0.00809	0.00270	0.01258	0.00629	0.00359	0.01258
81	0.01216	0.00912	0.01368	0.01368	0.01520	0.01064	0.01064	0.01520	0.01368	0.01976	0.02279	0.03343	0.02127	0.06382	0.66720	0.01368	0.02279	0.00912	0.00456	0.00760
82	0.02106	0.02022	0.03454	0.05223	0.64784	0.02022	0.02612	0.02612	0.01938	0.02780	0.01601	0.02106	0.01348	0.00758	0.00842	0.00253	0.01011	0.00758	0.00421	0.01348
83	0.19810	0.07441	0.02264	0.01675	0.02280	0.02413	0.01384	0.30971	0.16164	0.04348	0.02087	0.02084	0.01549	0.00974	0.00755	0.00259	0.00812	0.00714	0.00741	0.01276
84	0.01967	0.02620	0.14915	0.03536	0.09517	0.02112	0.46926	0.02711	0.01967	0.02726	0.01679	0.02197	0.01261	0.00736	0.00958	0.00281	0.01369	0.00921	0.00418	0.01183
85	0.02794	0.01818	0.02082	0.01631	0.02280	0.01817	0.01322	0.20489	0.16162	0.19745	0.02570	0.02447	0.01827	0.00968	0.00804	0.00235	0.00752	0.00771	0.00825	0.18660
86	0.01218	0.00905	0.01331	0.01331	0.01471	0.01044	0.01018	0.01496	0.01357	0.01949	0.02313	0.03527	0.02207	0.11642	0.61569	0.01323	0.02159	0.00939	0.00461	0.00740
87	0.02117	0.01828	0.01924	0.01732	0.02213	0.02117	0.01347	0.04522	0.63246	0.03560	0.03464	0.03175	0.02598	0.01155	0.00866	0.00289	0.00673	0.00962	0.00866	0.01347
88	0.02106	0.02022	0.03454	0.05223	0.64784	0.02022	0.02612	0.02612	0.01938	0.02780	0.01601	0.02106	0.01348	0.00758	0.00842	0.00253	0.01011	0.00758	0.00421	0.01348
89	0.01216	0.00912	0.01368	0.01368	0.01520	0.01064	0.01064	0.01520	0.01368	0.01976	0.02279	0.03343	0.02127	0.06382	0.66720	0.01368	0.02279	0.00912	0.00456	0.00760
90	0.03147	0.02340	0.02505	0.01940	0.02606	0.02598	0.01596	0.57443	0.08647	0.05222	0.02155	0.02132	0.01537	0.01032	0.00852	0.00258	0.00916	0.00782	0.00852	0.01439
91	0.01006	0.00862	0.00862	0.00862	0.01149	0.00718	0.00647	0.01221	0.01940	0.02299	0.08621	0.08190	0.64438	0.02155	0.01006	0.00287	0.00431	0.01796	0.00790	0.00718
92	0.01139	0.00867	0.01046	0.01002	0.01231	0.00775	0.00751	0.01478	0.02253	0.03043	0.45868	0.06964	0.26726	0.01877	0.01004	0.00274	0.00411	0.01624	0.00888	0.00775
93	0.02044	0.01958	0.03342	0.13067	0.57427	0.02006	0.02581	0.02557	0.01908	0.02705	0.01590	0.02127	0.01321	0.00770	0.00844	0.00257	0.01026	0.00758	0.00416	0.01298
94	0.01204	0.00870	0.01138	0.01071	0.01271	0.00803	0.00803	0.01606	0.02409	0.03413	0.64335	0.06357	0.08030	0.01740	0.01004	0.00268	0.00401	0.01539	0.00937	0.00803
95	0.02117	0.01828	0.01924	0.01732	0.02213	0.02117	0.01347	0.04522	0.63246	0.03560	0.03464	0.03175	0.02598	0.01155	0.00866	0.00289	0.00673	0.00962	0.00866	0.01347
96	0.01772	0.01540	0.01831	0.01337	0.02034	0.01250	0.01075	0.02135	0.01728	0.02716	0.01482	0.01772	0.01249	0.00698	0.00800	0.00145	0.05955	0.00523	0.00494	0.69463
97	0.01749	0.04151	0.59128	0.02720	0.10120	0.01981	0.03088	0.02686	0.01812	0.02704	0.01535	0.01829	0.01106	0.00803	0.00812	0.00268	0.01232	0.00642	0.00366	0.01267
98	0.01886	0.01934	0.03006	0.02458	0.02600	0.02531	0.11753	0.02160	0.01420	0.02160	0.01217	0.01934	0.01146	0.01362	0.02497	0.00358	0.57442	0.00788	0.00382	0.00967
99	0.01586	0.00793	0.00793	0.00793	0.00991	0.00793	0.00595	0.01983	0.01785	0.03173	0.02776	0.03173	0.02181	0.00991	0.00595	0.00198	0.00397	0.00793	0.74817	0.00793
100	0.02190	0.02181	0.03372	0.04986	0.59910	0.07092	0.02536	0.02673	0.01975	0.02726	0.01578	0.02061	0.01328	0.00768	0.00837	0.00250	0.01052	0.00742	0.00423	0.01320
101	0.76103	0.01646	0.01251	0.01119	0.01646	0.01909	0.00922	0.02502	0.01448	0.03818	0.01185	0.01382	0.00922	0.00790	0.00527	0.00263	0.00658	0.00461	0.00527	0.00922
102	0.02292	0.02650	0.02776	0.09179	0.08168	0.27395	0.11628	0.02648	0.02028	0.02279	0.02312	0.02656	0.09065	0.01079	0.01119	0.00268	0.10152	0.00844	0.00465	0.00998
103	0.11093	0.03478	0.42471	0.02944	0.18321	0.01979	0.02737	0.02651	0.01788	0.02856	0.01502	0.01820	0.01124	0.00794	0.00782	0.00265	0.01123	0.00639	0.00395	0.01238
104	0.03012	0.03604	0.02447	0.05064	0.02742	0.52369	0.01690	0.09124	0.02453	0.02414	0.01382	0.01644	0.01135	0.00938	0.00938	0.00238	0.06711	0.00595	0.00472	0.01027
105	0.01053	0.00767	0.00997	0.01175	0.01257	0.00711	0.00809	0.01222	0.01680	0.02207	0.05074	0.59879	0.11492	0.02596	0.01083	0.00342	0.00504	0.05660	0.00790	0.00699
106	0.02086	0.01984	0.03283	0.07571	0.56868	0.02025	0.02492	0.02759	0.07247	0.02822	0.01759	0.02206	0.01447	0.00797	0.00845	0.00257	0.00987	0.00776	0.00458	0.01331
107	0.01734	0.03660	0.47243	0.02575	0.03663	0.01923	0.15873	0.02616	0.01891	0.02758	0.06495	0.02264	0.01670	0.00861	0.00867	0.00273	0.01230	0.00783	0.00420	0.01198
108	0.01037	0.00741	0.00987	0.01185	0.01234	0.00691	0.00790	0.01185	0.01629	0.02172	0.04690	0.69537	0.05629	0.02666	0.01086	0.00346	0.00494	0.02419	0.00790	0.00691
109	0.02171	0.02576	0.10602	0.04132	0.43461	0.12629	0.02401	0.02671	0.01999	0.02627	0.01954	0.02329	0.04954	0.00865	0.00836	0.00251	0.01093	0.00769	0.00438	0.01241
110	0.76103	0.01646	0.01251	0.01119	0.01646	0.01909	0.00922	0.02502	0.01448	0.03818	0.01185	0.01382	0.00922	0.00790	0.00527	0.00263	0.00658	0.00461	0.00527	0.00922
111	0.02108	0.02694	0.14341	0.02724	0.13721	0.12501	0.11785	0.02767	0.05534	0.02684	0.01646	0.01961	0.01298	0.00771	0.00797	0.00225	0.01095	0.00687	0.00462	0.20197
112	0.01008	0.00854	0.00870	0.00884	0.01155	0.00717	0.00656	0.01219	0.01919	0.02291	0.08360	0.12271	0.60526	0.02189	0.01011	0.00291	0.00435	0.01838	0.00790	0.00717
113	0.03179	0.04056	0.02412	0.02192	0.02631	0.66676	0.01644	0.03398	0.02412	0.02083	0.01315	0.01535	0.01096	0.00877	0.00767	0.00219	0.01535	0.00548	0.00438	0.00987
114	0.01115	0.00866	0.01014	0.00977	0.01217	0.00765	0.00733	0.01434	0.02199	0.02914	0.39385	0.07178	0.33291	0.01926	0.01005	0.00276	0.00415	0.01654	0.00871	0.00765
115	0.01862	0.01862	0.02607	0.02234	0.02234	0.02607	0.01862	0.02048	0.01303	0.02048	0.01117	0.01862	0.01117	0.01489	0.02793	0.00372	0.68535	0.00745	0.00372	0.00931
116	0.01216	0.00912	0.01368	0.01368	0.01520	0.01064	0.01064	0.01520	0.01368	0.01976	0.02279	0.03343	0.02127	0.06382	0.66720	0.01368	0.02279	0.00912	0.00456	0.00760
117	0.01707	0.04402	0.65683	0.02426	0.03683	0.01976	0.03144	0.02695	0.01797	0.02695	0.01527	0.01797	0.01078	0.00809	0.00809	0.00270	0.01258	0.00629	0.00359	0.01258
118	0.01008	0.00854	0.00870	0.00884	0.01155	0.00717	0.00656	0.01219	0.01919	0.02291	0.08360	0.12271	0.60526	0.02189	0.01011	0.00291	0.00435	0.01838	0.00790	0.00717
119	0.01795	0.01491	0.02169	0.01851	0.02163	0.01677	0.08645	0.14371	0.02033	0.02821	0.02401	0.13683	0.02323	0.03282	0.25276	0.00697	0.10659	0.01119	0.00580	0.00964
120	0.76103	0.01646	0.01251	0.01119	0.01646	0.01909	0.00922	0.02502	0.01448	0.03818	0.01185	0.01382	0.00922	0.00790	0.00527	0.00263	0.00658	0.00461	0.00527	0.00922
121	0.01196	0.00871	0.01136	0.01151	0.01338	0.00812	0.00883	0.01549	0.02200	0.03027	0.42628	0.14925	0.11636	0.01989	0.01043	0.00299	0.00478	0.11177	0.00882	0.00779
122	0.01945	0.02738	0.17758	0.03343	0.04287	0.02115	0.49400	0.02719	0.01964	0.02719	0.01681	0.02191	0.01246	0.00736	0.00963	0.00283	0.01398	0.00925	0.00415	0.01171
123	0.02009	0.02296	0.05022	0.03587	0.04448	0.02152	0.61693	0.02726	0.02009	0.02726	0.01722	0.02296	0.01291	0.00717	0.01004	0.00287	0.01435	0.01004	0.00430	0.01148
124	0.03179	0.04056	0.02412	0.02192	0.02631	0.66676	0.01644	0.03398	0.02412	0.02083	0.01315	0.01535	0.01096	0.00877	0.00767	0.00219	0.01535	0.00548	0.00438	0.00987
125	0.01862	0.01862	0.02607	0.02234	0.02234	0.02607	0.01862	0.02048	0.01303	0.02048	0.01117	0.01862	0.01117	0.01489	0.02793	0.00372	0.68535	0.00745	0.00372	0.00931
126	0.01544	0.01285	0.01552	0.01483	0.01703	0.06345	0.01157	0.06871	0.01676	0.02276	0.02184	0.03089	0.01988	0.05489	0.55876	0.01182	0.02105	0.00871	0.00489	0.00837
127	0.07982	0.01925	0.02593	0.34032	0.14374	0.04997	0.02085	0.16277	0.02289	0.03144	0.01616	0.02087	0.01224	0.00872	0.00820	0.00267	0.01048	0.00726	0.00510	0.01129
128	0.01238	0.00825	0.00928	0.00928	0.00928	0.00825	0.00516	0.01238	0.01238	0.01650	0.02681	0.05569	0.03094	0.70092	0.04331	0.00825	0.00825	0.01238	0.00516	0.00516
129	0.01157	0.00861	0.01093	0.01170	0.01350	0.00797	0.00898	0.01450	0.02001	0.02648	0.22819	0.23715	0.19097	0.02211	0.01065	0.00321	0.00521	0.15245	0.00831	0.00751
130	0.02439	0.02035	0.02464	0.02612	0.16940	0.02246	0.01721	0.20739	0.31747	0.03901	0.02617	0.02597	0.01972	0.01023	0.00856	0.00271	0.00829	0.00858	0.00758	0.01376
131	0.15281	0.02262	0.02339	0.01819	0.02475	0.02518	0.01502	0.52119	0.03579	0.05108	0.01901	0.01934	0.01360	0.00983	0.00798	0.00257	0.00890	0.00716	0.00798	0.01360
132	0.01234	0.00840	0.01009	0.01067	0.01105	0.00833	0.00692	0.01318	0.01407	0.01865	0.03241	0.14437	0.03717	0.50248	0.03394	0.00692	0.00776	0.10947	0.00595	0.00582
133	0.02357	0.02497	0.03211	0.04516	0.50278	0.17111	0.02386	0.02795	0.02048	0.02617	0.01534	0.01973	0.01289	0.00786	0.00825	0.00245	0.01133	0.00709	0.00425	0.01264
134	0.02196	0.01957	0.03100	0.04397	0.50179	0.02000	0.02312	0.03038	0.13120	0.06140	0.02030	0.02341	0.01614	0.00846	0.00847	0.00260	0.00935	0.00800	0.00535	0.01353
135	0.01776	0.03991	0.54931	0.02909	0.14241	0.01984	0.03052	0.02681	0.01821	0.02710	0.01540	0.01850	0.01125	0.00800	0.00814	0.00267	0.01215	0.00651	0.00370	0.01273
136	0.02009	0.02296	0.05022	0.03587	0.04448	0.02152	0.61693	0.02726	0.02009	0.02726	0.01722	0.02296	0.01291	0.00717	0.01004	0.00287	0.01435	0.01004	0.00430	0.01148
137	0.01035	0.00747	0.00981	0.01168	0.01230	0.00693	0.00783	0.01187	0.01645	0.02179	0.04893	0.66383	0.08652	0.02640	0.01082	0.00343	0.00491	0.02387	0.00790	0.00693
138	0.19762	0.02236	0.02329	0.05229	0.08422	0.10378	0.01640	0.19717	0.02336	0.03501	0.01490	0.01804	0.01187	0.01015	0.01172	0.00278	0.15156	0.00662	0.00560	0.01126
139	0.76103	0.01646	0.01251	0.01119	0.01646	0.01909	0.00922	0.02502	0.01448	0.03818	0.01185	0.01382	0.00922	0.00790	0.00527	0.00263	0.00658	0.00461	0.00527	0.00922
140	0.06263	0.20228	0.03482	0.02935	0.19355	0.21726	0.09316	0.02839	0.02010	0.02419	0.01402	0.01732	0.01178	0.00783	0.00748	0.00229	0.01177	0.00633	0.00418	0.01127
141	0.01143	0.00920	0.00997	0.00984	0.01248	0.00817	0.00733	0.04125	0.02066	0.02588	0.15873	0.15236	0.46045	0.02105	0.01008	0.00290	0.00458	0.01788	0.00814	0.00761
142	0.01289	0.04415	0.01120	0.00962	0.01010	0.00955	0.00578	0.01323	0.01321	0.01756	0.05675	0.05392	0.03237	0.63122	0.03971	0.00764	0.00808	0.01212	0.00529	0.00560
143	0.01069	0.00765	0.01016	0.01163	0.01241	0.00712	0.00792	0.01265	0.01777	0.02408	0.16013	0.57543	0.06084	0.02490	0.01071	0.00331	0.00476	0.02252	0.00818	0.00712
144	0.02281	0.02203	0.03628	0.03792	0.28760	0.04875	0.20738	0.13422	0.02326	0.03162	0.01742	0.02193	0.01378	0.01088	0.04278	0.00320	0.01217	0.00835	0.00505	0.01258
145	0.01995	0.02656	0.19544	0.04364	0.43884	0.02022	0.07875	0.02643	0.01908	0.02754	0.01592	0.02043	0.01274	0.00768	0.00848	0.00260	0.01111	0.00746	0.00406	0.01307
146	0.01971	0.12361	0.34379	0.03032	0.19871	0.05427	0.02637	0.02655	0.01831	0.02563	0.01470	0.01814	0.01156	0.00823	0.00883	0.00256	0.04618	0.00643	0.00381	0.01230
147	0.01792	0.24414	0.34497	0.01924	0.02809	0.02239	0.02227	0.02429	0.01695	0.02344	0.01561	0.01952	0.01279	0.01830	0.13099	0.00448	0.01341	0.00628	0.00379	0.01113
148	0.01058	0.00757	0.01006	0.01171	0.01239	0.00705	0.00792	0.01238	0.01727	0.02327	0.12137	0.61648	0.05928	0.02550	0.01076	0.00336	0.00482	0.02309	0.00808	0.00705
149	0.02954	0.03551	0.12919	0.02152	0.02808	0.34442	0.01883	0.22974	0.02845	0.03287	0.01595	0.01749	0.01211	0.00914	0.00802	0.00240	0.01288	0.00635	0.00564	0.01186
150	0.01771	0.03891	0.51416	0.02635	0.03761	0.02038	0.14092	0.02671	0.01814	0.02671	0.01545	0.01893	0.01120	0.00822	0.00935	0.00277	0.04346	0.00705	0.00373	0.01222
151	0.01586	0.00793	0.00793	0.00793	0.00991	0.00793	0.00595	0.01983	0.01785	0.03173	0.02776	0.03173	0.02181	0.00991	0.00595	0.00198	0.00397	0.00793	0.74817	0.00793
152	0.01304	0.01001	0.01375	0.01329	0.01411	0.01176	0.00980	0.01491	0.01316	0.01876	0.02269	0.03903	0.02325	0.27101	0.37851	0.01062	0.10065	0.01000	0.00465	0.00699
153	0.01765	0.01513	0.01765	0.01260	0.02017	0.01134	0.01008	0.02143	0.01765	0.02773	0.01513	0.01765	0.01260	0.00630	0.00630	0.00126	0.00630	0.00504	0.00504	0.75295
154	0.01062	0.00751	0.00980	0.01153	0.01196	0.00708	0.00756	0.01192	0.01580	0.02107	0.04440	0.61550	0.05312	0.11085	0.01491	0.00405	0.00535	0.02272	0.00756	0.00669
155	0.01006	0.00862	0.00862	0.00862	0.01149	0.00718	0.00647	0.01221	0.01940	0.02299	0.08621	0.08190	0.64438	0.02155	0.01006	0.00287	0.00431	0.01796	0.00790	0.00718
156	0.02117	0.01828	0.01924	0.01732	0.02213	0.02117	0.01347	0.04522	0.63246	0.03560	0.03464	0.03175	0.02598	0.01155	0.00866	0.00289	0.00673	0.00962	0.00866	0.01347
157	0.01248	0.00925	0.01290	0.01275	0.01377	0.01057	0.00937	0.01459	0.01327	0.01884	0.02349	0.03929	0.02367	0.24671	0.46020	0.01170	0.04548	0.01000	0.00470	0.00696
158	0.02050	0.06500	0.25954	0.01826	0.02546	0.01925	0.01889	0.19491	0.02330	0.03219	0.04747	0.02929	0.01969	0.17077	0.01637	0.00390	0.01006	0.00842	0.00565	0.01110
159	0.01926	0.02791	0.21970	0.03471	0.18044	0.02125	0.23793	0.02610	0.01847	0.02649	0.01565	0.02055	0.01222	0.00845	0.01123	0.00284	0.09271	0.00807	0.00401	0.01201
160	0.23938	0.24568	0.07697	0.01653	0.02285	0.19610	0.01491	0.05528	0.01940	0.02761	0.01286	0.01480	0.01059	0.00805	0.00634	0.00226	0.01031	0.00509	0.00453	0.01044
161	0.43007	0.01840	0.05053	0.14672	0.13101	0.01938	0.04226	0.02477	0.01618	0.03234	0.01355	0.01730	0.01056	0.00794	0.00674	0.00267	0.00869	0.00598	0.00469	0.01022
162	0.01325	0.01107	0.01459	0.01729	0.11789	0.01040	0.01092	0.01762	0.04947	0.02833	0.26245	0.06385	0.28885	0.01744	0.00980	0.00280	0.00545	0.04187	0.00783	0.00884

[dist]
# distance from previous block
# <min> <max>
0	1

[block]
# block no. 1 follows, 21 sequences, length 193
# corresponding to MSA columns:
# 172-364
name=unknown_B
#
# <colnr> <probs for GDERKNQSTAVLIFYWHMCP>
#	G	D	E	R	K	N	Q	S	T	A	V	L	I	F	Y	W	H	M	C	P
0	0.02744	0.03132	0.02629	0.13320	0.13962	0.38870	0.01926	0.08651	0.02366	0.02532	0.01466	0.01801	0.01180	0.00866	0.00802	0.00239	0.01322	0.00639	0.00465	0.01087
1	0.02106	0.02022	0.03454	0.05223	0.64784	0.02022	0.02612	0.02612	0.01938	0.02780	0.01601	0.02106	0.01348	0.00758	0.00842	0.00253	0.01011	0.00758	0.00421	0.01348
2	0.01013	0.00833	0.00892	0.00939	0.01170	0.00712	0.00681	0.01213	0.01866	0.02269	0.07684	0.22817	0.50416	0.02277	0.01025	0.00301	0.00446	0.01945	0.00790	0.00712
3	0.01037	0.00741	0.00987	0.01185	0.01234	0.00691	0.00790	0.01185	0.01629	0.02172	0.04690	0.69537	0.05629	0.02666	0.01086	0.00346	0.00494	0.02419	0.00790	0.00691
4	0.01862	0.01862	0.02607	0.02234	0.02234	0.02607	0.01862	0.02048	0.01303	0.02048	0.01117	0.01862	0.01117	0.01489	0.02793	0.00372	0.68535	0.00745	0.00372	0.00931
5	0.01765	0.01513	0.01765	0.01260	0.02017	0.01134	0.01008	0.02143	0.01765	0.02773	0.01513	0.01765	0.01260	0.00630	0.00630	0.00126	0.00630	0.00504	0.00504	0.75295
6	0.01586	0.00793	0.00793	0.00793	0.00991	0.00793	0.00595	0.01983	0.01785	0.03173	0.02776	0.03173	0.02181	0.00991	0.00595	0.00198	0.00397	0.00793	0.74817	0.00793
7	0.76103	0.01646	0.01251	0.01119	0.01646	0.01909	0.00922	0.02502	0.01448	0.03818	0.01185	0.01382	0.00922	0.00790	0.00527	0.00263	0.00658	0.00461	0.00527	0.00922
8	0.01016	0.00862	0.00876	0.00873	0.01156	0.00723	0.00654	0.01241	0.01963	0.02355	0.11443	0.08097	0.61582	0.02134	0.01006	0.00286	0.00430	0.01783	0.00798	0.00723
9	0.01094	0.00765	0.00971	0.01112	0.01147	0.00729	0.00712	0.01200	0.01518	0.02024	0.04119	0.51342	0.04908	0.21845	0.02009	0.00482	0.00588	0.02083	0.00712	0.00641
10	0.01851	0.01795	0.02881	0.02093	0.02811	0.01597	0.20400	0.02319	0.01799	0.02690	0.01542	0.01943	0.01257	0.00739	0.00954	0.00201	0.07308	0.00686	0.00468	0.44668
11	0.01478	0.00739	0.01109	0.01109	0.01109	0.00739	0.00739	0.01109	0.01109	0.01478	0.01478	0.02587	0.01478	0.02956	0.03326	0.75240	0.00739	0.00739	0.00370	0.00370
12	0.02987	0.03645	0.02448	0.02186	0.02573	0.53881	0.01675	0.06232	0.02330	0.02248	0.01324	0.01609	0.01117	0.00975	0.01071	0.00244	0.11414	0.00588	0.00450	0.01002
13	0.01187	0.00869	0.01113	0.01052	0.01261	0.00796	0.00789	0.01572	0.02368	0.03315	0.59468	0.06517	0.12957	0.01776	0.01004	0.00269	0.00404	0.01561	0.00924	0.00796
14	0.01238	0.00825	0.00928	0.00928	0.00928	0.00825	0.00516	0.01238	0.01238	0.01650	0.02681	0.05569	0.03094	0.70092	0.04331	0.00825	0.00825	0.01238	0.00516	0.00516
15	0.02294	0.02003	0.02019	0.01780	0.02281	0.05465	0.01392	0.10811	0.53598	0.03684	0.03197	0.02966	0.02394	0.01126	0.00859	0.00281	0.00746	0.00919	0.00843	0.01340
16	0.02275	0.70604	0.04459	0.01456	0.02184	0.03367	0.01456	0.02548	0.01729	0.02002	0.01183	0.01365	0.01092	0.00728	0.00546	0.00182	0.00910	0.00455	0.00364	0.01092
17	0.03217	0.02911	0.02509	0.02032	0.02636	0.22824	0.01626	0.43491	0.03500	0.04329	0.01814	0.01883	0.01337	0.00976	0.00825	0.00244	0.01125	0.00697	0.00721	0.01302
18	0.01216	0.00912	0.01368	0.01368	0.01520	0.01064	0.01064	0.01520	0.01368	0.01976	0.02279	0.03343	0.02127	0.06382	0.66720	0.01368	0.02279	0.00912	0.00456	0.00760
19	0.01031	0.00863	0.00901	0.00924	0.01193	0.00734	0.00701	0.01254	0.01925	0.02308	0.08154	0.11423	0.57585	0.02194	0.01021	0.00297	0.00457	0.05522	0.00790	0.00721
20	0.01238	0.00825	0.00928	0.00928	0.00928	0.00825	0.00516	0.01238	0.01238	0.01650	0.02681	0.05569	0.03094	0.70092	0.04331	0.00825	0.00825	0.01238	0.00516	0.00516
21	0.01216	0.00912	0.01368	0.01368	0.01520	0.01064	0.01064	0.01520	0.01368	0.01976	0.02279	0.03343	0.02127	0.06382	0.66720	0.01368	0.02279	0.00912	0.00456	0.00760
22	0.02275	0.70604	0.04459	0.01456	0.02184	0.03367	0.01456	0.02548	0.01729	0.02002	0.01183	0.01365	0.01092	0.00728	0.00546	0.00182	0.00910	0.00455	0.00364	0.01092
23	0.02106	0.01970	0.03264	0.14245	0.52116	0.02043	0.02511	0.06375	0.02036	0.02858	0.01616	0.02126	0.01323	0.00789	0.00844	0.00257	0.01024	0.00758	0.00443	0.01295
24	0.01726	0.04266	0.61769	0.02500	0.03733	0.01988	0.06922	0.02697	0.01810	0.02697	0.01540	0.01829	0.01092	0.00803	0.00821	0.00271	0.01269	0.00653	0.00364	0.01251
25	0.01765	0.01513	0.01765	0.01260	0.02017	0.01134	0.01008	0.02143	0.01765	0.02773	0.01513	0.01765	0.01260	0.00630	0.00630	0.00126	0.00630	0.00504	0.00504	0.75295
26	0.02246	0.67252	0.07560	0.01505	0.02260	0.03297	0.01542	0.02556	0.01733	0.02037	0.01201	0.01387	0.01091	0.00732	0.00559	0.00186	0.00928	0.00464	0.00364	0.01100
27	0.01979	0.26942	0.41432	0.02083	0.03116	0.05915	0.02489	0.02683	0.01807	0.02426	0.01399	0.01636	0.01084	0.00785	0.00717	0.00237	0.01154	0.00565	0.00365	0.01187
28	0.02974	0.01533	0.01884	0.01486	0.02043	0.01462	0.01199	0.16816	0.02674	0.33981	0.11099	0.03469	0.05453	0.04928	0.01059	0.00287	0.00719	0.00968	0.00923	0.05045
29	0.01765	0.01513	0.01765	0.01260	0.02017	0.01134	0.01008	0.02143	0.01765	0.02773	0.01513	0.01765	0.01260	0.00630	0.00630	0.00126	0.00630	0.00504	0.00504	0.75295
30	0.01236	0.00830	0.00953	0.00953	0.00961	0.00838	0.00546	0.01253	0.01245	0.01668	0.02659	0.05444	0.03040	0.66527	0.07823	0.00855	0.00906	0.01219	0.00512	0.00529
31	0.01765	0.01513	0.01765	0.01260	0.02017	0.01134	0.01008	0.02143	0.01765	0.02773	0.01513	0.01765	0.01260	0.00630	0.00630	0.00126	0.00630	0.00504	0.00504	0.75295
32	0.02379	0.09234	0.02264	0.01734	0.02247	0.12643	0.01384	0.12914	0.32067	0.03330	0.03134	0.03009	0.07732	0.01137	0.00828	0.00261	0.00856	0.00889	0.00736	0.01220
33	0.01860	0.01569	0.01816	0.01305	0.02057	0.01232	0.01048	0.06001	0.01909	0.02940	0.01547	0.01783	0.01273	0.00655	0.00645	0.00134	0.00650	0.00521	0.00527	0.70530
34	0.01044	0.00758	0.00971	0.01136	0.01209	0.00701	0.00760	0.01192	0.01643	0.02159	0.05020	0.59425	0.11996	0.06122	0.01246	0.00364	0.00504	0.02289	0.00776	0.00685
35	0.01756	0.01513	0.01806	0.04739	0.02217	0.01174	0.01079	0.02144	0.01761	0.02742	0.01513	0.01791	0.01254	0.00642	0.00642	0.00134	0.00656	0.00517	0.00498	0.71422
36	0.01033	0.00754	0.00974	0.01149	0.01225	0.00694	0.00774	0.01189	0.01664	0.02186	0.05125	0.62757	0.12128	0.02610	0.01077	0.00339	0.00487	0.02350	0.00790	0.00694
37	0.02156	0.02142	0.03486	0.04977	0.58272	0.05379	0.05785	0.02659	0.01966	0.02741	0.01593	0.02087	0.01332	0.00762	0.00847	0.00253	0.01061	0.00761	0.00423	0.01318
38	0.01918	0.02931	0.23336	0.03236	0.04217	0.02099	0.44016	0.02717	0.01945	0.02717	0.01663	0.02145	0.01227	0.00745	0.00945	0.00282	0.01381	0.00891	0.00409	0.01181
39	0.02118	0.02185	0.02926	0.22741	0.34305	0.13186	0.02320	0.02587	0.01953	0.02474	0.01646	0.02363	0.01389	0.00871	0.00846	0.00262	0.01128	0.03129	0.00427	0.01145
40	0.01979	0.01110	0.01445	0.01215	0.01611	0.00967	0.00950	0.02358	0.02331	0.19920	0.39678	0.04821	0.05546	0.01409	0.00915	0.00248	0.00518	0.01219	0.00911	0.10850
41	0.01707	0.04402	0.65683	0.02426	0.03683	0.01976	0.03144	0.02695	0.01797	0.02695	0.01527	0.01797	0.01078	0.00809	0.00809	0.00270	0.01258	0.00629	0.00359	0.01258
42	0.02201	0.61969	0.12445	0.01583	0.02380	0.03186	0.01676	0.02567	0.01738	0.02093	0.01228	0.01421	0.01090	0.00739	0.00580	0.00193	0.00955	0.00478	0.00363	0.01114
43	0.01006	0.00862	0.00862	0.00862	0.01149	0.00718	0.00647	0.01221	0.01940	0.02299	0.08621	0.08190	0.64438	0.02155	0.01006	0.00287	0.00431	0.01796	0.00790	0.00718
44	0.02117	0.01828	0.01924	0.01732	0.02213	0.02117	0.01347	0.04522	0.63246	0.03560	0.03464	0.03175	0.02598	0.01155	0.00866	0.00289	0.00673	0.00962	0.00866	0.01347
45	0.01006	0.00862	0.00862	0.00862	0.01149	0.00718	0.00647	0.01221	0.01940	0.02299	0.08621	0.08190	0.64438	0.02155	0.01006	0.00287	0.00431	0.01796	0.00790	0.00718
46	0.02085	0.02146	0.06695	0.05078	0.61601	0.02020	0.02639	0.02616	0.01930	0.02776	0.01597	0.02090	0.01334	0.00761	0.00841	0.00254	0.01024	0.00752	0.00418	0.01343
47	0.01218	0.00904	0.01327	0.01327	0.01465	0.01042	0.01013	0.01494	0.01356	0.01945	0.02317	0.03549	0.02217	0.12269	0.60955	0.01318	0.02145	0.00942	0.00461	0.00737
48	0.01223	0.00884	0.01229	0.01229	0.01333	0.00989	0.00891	0.01431	0.01327	0.01873	0.02406	0.04045	0.02432	0.26464	0.47054	0.01197	0.01821	0.01014	0.00475	0.00683
49	0.01607	0.01513	0.02552	0.68047	0.05861	0.01891	0.02363	0.02174	0.01702	0.02174	0.01513	0.02269	0.01134	0.00851	0.00851	0.00284	0.01134	0.00756	0.00378	0.00945
50	0.02188	0.02257	0.03630	0.04659	0.48547	0.08018	0.12798	0.02704	0.01994	0.02706	0.01595	0.02086	0.01315	0.00762	0.00864	0.00256	0.01133	0.00782	0.00424	0.01280
51	0.01236	0.00829	0.00951	0.00951	0.00958	0.00837	0.00544	0.01252	0.01244	0.01667	0.02661	0.05455	0.03044	0.66829	0.07527	0.00853	0.00900	0.01221	0.00513	0.00528
52	0.01234	0.00840	0.01005	0.01005	0.01031	0.00867	0.00611	0.01287	0.01260	0.01707	0.02611	0.05182	0.02926	0.59012	0.15182	0.00919	0.01078	0.01181	0.00505	0.00558
53	0.02106	0.02022	0.03454	0.05223	0.64784	0.02022	0.02612	0.02612	0.01938	0.02780	0.01601	0.02106	0.01348	0.00758	0.00842	0.00253	0.01011	0.00758	0.00421	0.01348
54	0.03179	0.04056	0.02412	0.02192	0.02631	0.66676	0.01644	0.03398	0.02412	0.02083	0.01315	0.01535	0.01096	0.00877	0.00767	0.00219	0.01535	0.00548	0.00438	0.00987
55	0.01784	0.01529	0.01773	0.01286	0.02027	0.01187	0.01027	0.02270	0.05057	0.02815	0.01617	0.01840	0.01332	0.00658	0.00643	0.00135	0.00633	0.00529	0.00524	0.71334
56	0.02598	0.02265	0.02392	0.01991	0.02427	0.08414	0.01612	0.26778	0.18388	0.03766	0.02108	0.02241	0.01627	0.01160	0.01334	0.00290	0.17871	0.00791	0.00697	0.01250
57	0.02024	0.01603	0.02060	0.18524	0.03068	0.01543	0.01452	0.11375	0.02121	0.06401	0.01857	0.05470	0.01527	0.00874	0.00756	0.00205	0.00805	0.00726	0.00570	0.37040
58	0.02062	0.18855	0.27772	0.02248	0.03157	0.05621	0.12559	0.08082	0.02062	0.02730	0.01976	0.02206	0.05241	0.00884	0.00797	0.00250	0.01140	0.00738	0.00450	0.01169
59	0.01803	0.01868	0.01509	0.01467	0.01766	0.19185	0.01094	0.02346	0.11098	0.02466	0.07690	0.18544	0.19996	0.01748	0.00943	0.00284	0.00798	0.03795	0.00711	0.00887
60	0.01063	0.00864	0.00941	0.00922	0.01184	0.00743	0.00692	0.01332	0.02075	0.02619	0.24630	0.07663	0.48229	0.02036	0.01005	0.00282	0.00423	0.01722	0.00832	0.00743
61	0.02632	0.12862	0.03367	0.02936	0.15317	0.33464	0.12255	0.03002	0.02149	0.02323	0.01424	0.01757	0.01180	0.00804	0.00792	0.00232	0.01323	0.00656	0.00423	0.01102
62	0.01408	0.01017	0.01259	0.01328	0.01486	0.01020	0.00951	0.11039	0.02028	0.02706	0.04254	0.55829	0.04918	0.02385	0.01052	0.00333	0.00579	0.04790	0.00800	0.00818
63	0.01499	0.01342	0.01758	0.01646	0.01773	0.05149	0.01310	0.01766	0.01409	0.02001	0.01914	0.02845	0.01799	0.04763	0.45900	0.01037	0.19991	0.00847	0.00433	0.00818
64	0.02106	0.02022	0.03454	0.05223	0.64784	0.02022	0.02612	0.02612	0.01938	0.02780	0.01601	0.02106	0.01348	0.00758	0.00842	0.00253	0.01011	0.00758	0.00421	0.01348
65	0.02213	0.35273	0.10592	0.02920	0.24176	0.06833	0.02053	0.02641	0.01853	0.02353	0.01374	0.01681	0.01180	0.00757	0.00692	0.00219	0.01023	0.00585	0.00388	0.01192
66	0.02007	0.02056	0.03436	0.06288	0.28531	0.04801	0.15883	0.02469	0.01790	0.02507	0.01538	0.02140	0.01303	0.01212	0.04696	0.00345	0.16627	0.00811	0.00413	0.01146
67	0.01100	0.00866	0.00993	0.00961	0.01207	0.00759	0.00721	0.01404	0.02162	0.02827	0.35052	0.07320	0.37678	0.01958	0.01005	0.00278	0.00417	0.01674	0.00860	0.00759
68	0.01216	0.00912	0.01368	0.01368	0.01520	0.01064	0.01064	0.01520	0.01368	0.01976	0.02279	0.03343	0.02127	0.06382	0.66720	0.01368	0.02279	0.00912	0.00456	0.00760
69	0.01238	0.00825	0.00928	0.00928	0.00928	0.00825	0.00516	0.01238	0.01238	0.01650	0.02681	0.05569	0.03094	0.70092	0.04331	0.00825	0.00825	0.01238	0.00516	0.00516
70	0.01478	0.00739	0.01109	0.01109	0.01109	0.00739	0.00739	0.01109	0.01109	0.01478	0.01478	0.02587	0.01478	0.02956	0.03326	0.75240	0.00739	0.00739	0.00370	0.00370
71	0.01371	0.00980	0.01371	0.01567	0.01763	0.00980	0.01371	0.01763	0.01959	0.02547	0.04506	0.09599	0.04898	0.02351	0.01175	0.00392	0.00784	0.59056	0.00784	0.00784
72	0.02226	0.64873	0.09760	0.01540	0.02314	0.03247	0.01602	0.02561	0.01735	0.02062	0.01213	0.01402	0.01091	0.00735	0.00569	0.00190	0.00940	0.00470	0.00364	0.01106
73	0.01969	0.03199	0.38619	0.05385	0.03205	0.01765	0.02364	0.02900	0.07830	0.09208	0.01900	0.02062	0.01366	0.00838	0.00790	0.00246	0.01031	0.00669	0.00506	0.14147
74	0.01984	0.24152	0.30948	0.02662	0.15590	0.02421	0.02425	0.02725	0.04917	0.02543	0.01534	0.01797	0.01214	0.00791	0.00738	0.00240	0.01071	0.00619	0.00399	0.01230
75	0.01598	0.01145	0.01304	0.01220	0.01546	0.01129	0.00927	0.02395	0.17124	0.08968	0.18296	0.12831	0.24637	0.01770	0.00965	0.00288	0.00520	0.01514	0.00866	0.00959
76	0.02009	0.02296	0.05022	0.03587	0.04448	0.02152	0.61693	0.02726	0.02009	0.02726	0.01722	0.02296	0.01291	0.00717	0.01004	0.00287	0.01435	0.01004	0.00430	0.01148
77	0.02348	0.01748	0.02000	0.01695	0.02115	0.01933	0.01344	0.35860	0.02931	0.03958	0.02713	0.19532	0.02595	0.02162	0.09563	0.00428	0.03963	0.01209	0.00763	0.01141
