[name]
unknown

[dist]
# distance from previous block
# <min> <max>
9	70

[block]
# block no. 0 follows, 20 sequences, length 9
# corresponding to MSA columns:
# 71-79
name=unknown_A
#
# <colnr> <probs for GDERKNQSTAVLIFYWHMCP>
#	G	D	E	R	K	N	Q	S	T	A	V	L	I	F	Y	W	H	M	C	P
0	0.16399	0.01388	0.01491	0.05880	0.01938	0.01538	0.01079	0.07867	0.13452	0.03103	0.02918	0.17784	0.02867	0.13105	0.01462	0.00390	0.00716	0.01224	0.04451	0.00950
1	0.01919	0.01823	0.03031	0.16866	0.44841	0.01881	0.02378	0.02413	0.01939	0.02668	0.02515	0.02964	0.09046	0.00973	0.00886	0.00270	0.00987	0.00909	0.00470	0.01221
2	0.02189	0.01698	0.02045	0.01970	0.09648	0.01721	0.01355	0.24071	0.02751	0.03773	0.12231	0.06703	0.07153	0.07641	0.01223	0.00307	0.00774	0.01072	0.00745	0.10931
3	0.01718	0.01553	0.02306	0.14161	0.10293	0.01945	0.01767	0.02033	0.01525	0.02239	0.01711	0.02678	0.01587	0.08387	0.11445	0.00531	0.27303	0.00843	0.05039	0.00935
4	0.01428	0.00994	0.01155	0.01125	0.01230	0.01001	0.00731	0.07246	0.01776	0.02397	0.10603	0.17558	0.04129	0.41387	0.03023	0.00622	0.00738	0.01491	0.00670	0.00695
5	0.02746	0.02284	0.02326	0.01967	0.02376	0.13784	0.01579	0.12686	0.13345	0.13701	0.04740	0.02495	0.01939	0.01206	0.01386	0.00294	0.18400	0.00824	0.00709	0.01213
6	0.13052	0.02431	0.05683	0.02038	0.05381	0.15568	0.03545	0.14259	0.02354	0.06413	0.02023	0.08236	0.01748	0.01151	0.01013	0.00274	0.07644	0.00856	0.05220	0.01112
7	0.01872	0.01217	0.01445	0.01325	0.01579	0.01241	0.00986	0.09661	0.06276	0.08956	0.12679	0.05544	0.03895	0.28363	0.02358	0.00518	0.00764	0.09665	0.00762	0.00893
8	0.02893	0.03197	0.02251	0.01964	0.02478	0.40627	0.01503	0.08083	0.08115	0.05297	0.02144	0.02239	0.04820	0.00988	0.00804	0.00229	0.01231	0.00699	0.00580	0.09858

[dist]
# distance from previous block
# <min> <max>
2	5

[block]
# block no. 1 follows, 20 sequences, length 23
# corresponding to MSA columns:
# 85-107
name=unknown_B
#
# <colnr> <probs for GDERKNQSTAVLIFYWHMCP>
#	G	D	E	R	K	N	Q	S	T	A	V	L	I	F	Y	W	H	M	C	P
0	0.01048	0.00818	0.00951	0.01057	0.01224	0.00722	0.00740	0.01232	0.01821	0.02288	0.06724	0.40052	0.33255	0.02484	0.01074	0.00326	0.00476	0.02176	0.00810	0.00722
1	0.02766	0.03083	0.02530	0.02180	0.02560	0.35696	0.04649	0.09722	0.02334	0.02647	0.01538	0.01890	0.01274	0.01057	0.01256	0.00266	0.16119	0.00678	0.06710	0.01045
2	0.13571	0.10865	0.19450	0.02414	0.03223	0.02184	0.20797	0.02585	0.01826	0.02831	0.04171	0.02161	0.01507	0.01132	0.04006	0.00329	0.04605	0.00778	0.00450	0.01117
3	0.12131	0.01168	0.01504	0.04942	0.05384	0.01156	0.04299	0.01719	0.01860	0.02677	0.07887	0.19607	0.23944	0.01883	0.00974	0.00310	0.00647	0.06351	0.00713	0.00844
4	0.01991	0.03025	0.26703	0.04042	0.32969	0.02074	0.11131	0.02726	0.01942	0.02809	0.01630	0.02068	0.01270	0.00791	0.00874	0.00270	0.01193	0.00763	0.00409	0.01318
5	0.02159	0.02073	0.03541	0.05354	0.63903	0.02073	0.02677	0.02677	0.01986	0.02850	0.01641	0.02159	0.01382	0.00777	0.00864	0.00259	0.01036	0.00777	0.00432	0.01382
6	0.01883	0.09440	0.43421	0.02728	0.03860	0.02195	0.18801	0.02758	0.01895	0.02711	0.01590	0.01944	0.01166	0.00796	0.00861	0.00274	0.01309	0.00735	0.00389	0.01244
7	0.01821	0.01481	0.02074	0.07816	0.15294	0.01476	0.01573	0.08503	0.02081	0.02934	0.02693	0.12746	0.02645	0.01692	0.04904	0.00342	0.00902	0.10055	0.04883	0.14083
8	0.54005	0.01912	0.01680	0.01403	0.01990	0.02180	0.01157	0.19967	0.02264	0.04385	0.01477	0.01619	0.01105	0.00880	0.00639	0.00267	0.00760	0.00566	0.00639	0.01105
9	0.01361	0.01018	0.01083	0.01029	0.01366	0.00899	0.00799	0.04932	0.02143	0.06379	0.07883	0.07774	0.52970	0.02083	0.01022	0.00297	0.00510	0.04793	0.00830	0.00829
10	0.01268	0.00846	0.00951	0.00951	0.00951	0.00846	0.00529	0.01268	0.01268	0.01691	0.02748	0.05708	0.03171	0.69345	0.04440	0.00846	0.00846	0.01268	0.00529	0.00529
11	0.01854	0.03887	0.49123	0.03221	0.19181	0.02038	0.03083	0.02741	0.01879	0.02785	0.01585	0.01923	0.01176	0.00816	0.00838	0.00272	0.01224	0.00679	0.00385	0.01313
12	0.02159	0.02073	0.03541	0.05354	0.63903	0.02073	0.02677	0.02677	0.01986	0.02850	0.01641	0.02159	0.01382	0.00777	0.00864	0.00259	0.01036	0.00777	0.00432	0.01382
13	0.01063	0.00759	0.01012	0.01215	0.01265	0.00709	0.00810	0.01215	0.01670	0.02227	0.04808	0.68775	0.05769	0.02733	0.01113	0.00354	0.00506	0.02480	0.00810	0.00709
14	0.01074	0.00847	0.00969	0.01020	0.01225	0.00742	0.00734	0.01305	0.01970	0.02505	0.16611	0.26529	0.36777	0.02299	0.01056	0.00309	0.00456	0.01993	0.00835	0.00742
15	0.01539	0.01243	0.01781	0.01589	0.01737	0.01421	0.06096	0.01811	0.01675	0.02517	0.08619	0.17410	0.03313	0.09743	0.01868	0.00376	0.18982	0.01303	0.16151	0.00827
16	0.01090	0.00876	0.00975	0.00997	0.01242	0.00762	0.00745	0.01346	0.02038	0.02559	0.18010	0.15345	0.43798	0.02205	0.01049	0.00303	0.00462	0.04609	0.00837	0.00752
17	0.75506	0.01687	0.01282	0.01147	0.01687	0.01957	0.00945	0.02564	0.01484	0.03914	0.01215	0.01417	0.00945	0.00810	0.00540	0.00270	0.00675	0.00472	0.00540	0.00945
18	0.25351	0.02642	0.02484	0.03017	0.24285	0.23140	0.01810	0.02909	0.01991	0.02944	0.01411	0.01734	0.01160	0.00828	0.00737	0.00251	0.01101	0.00611	0.00471	0.01123
19	0.20273	0.01127	0.01371	0.01337	0.01591	0.01312	0.01053	0.01816	0.01423	0.02509	0.02049	0.02912	0.01864	0.05073	0.49145	0.01112	0.01911	0.00816	0.00486	0.00821
20	0.02271	0.07291	0.26073	0.02307	0.02966	0.21158	0.02313	0.02786	0.01886	0.02356	0.01367	0.01756	0.01122	0.01036	0.01358	0.00285	0.19524	0.00643	0.00396	0.01106
21	0.01241	0.00855	0.01068	0.01039	0.01220	0.00778	0.00755	0.01389	0.01973	0.02624	0.30062	0.06128	0.24253	0.02239	0.01639	0.19330	0.00510	0.01452	0.00763	0.00681
22	0.19290	0.14385	0.23451	0.01819	0.02635	0.02291	0.01919	0.03170	0.17243	0.03138	0.01931	0.02028	0.01469	0.00901	0.00730	0.00264	0.00930	0.00661	0.00542	0.01203

[dist]
# distance from previous block
# <min> <max>
1	23

[block]
# block no. 2 follows, 20 sequences, length 12
# corresponding to MSA columns:
# 131-142
name=unknown_C
#
# <colnr> <probs for GDERKNQSTAVLIFYWHMCP>
#	G	D	E	R	K	N	Q	S	T	A	V	L	I	F	Y	W	H	M	C	P
0	0.02104	0.10587	0.02078	0.01698	0.05801	0.06445	0.01244	0.11979	0.02224	0.06516	0.02870	0.21179	0.02817	0.01833	0.05340	0.00345	0.00877	0.01226	0.11814	0.01024
1	0.01330	0.00976	0.01210	0.01269	0.01432	0.00972	0.00952	0.01771	0.07183	0.02574	0.15059	0.17457	0.08898	0.17358	0.01850	0.00455	0.00659	0.17043	0.00779	0.00775
2	0.02519	0.13677	0.22048	0.02580	0.11058	0.18703	0.02254	0.11869	0.02359	0.02926	0.01548	0.01787	0.01207	0.00861	0.00789	0.00245	0.01224	0.00636	0.00476	0.01234
3	0.02229	0.02037	0.03268	0.14967	0.46398	0.02134	0.02501	0.10321	0.02227	0.03099	0.01686	0.02177	0.01360	0.00828	0.00866	0.00265	0.01047	0.00778	0.00483	0.01328
4	0.02073	0.19076	0.31547	0.02531	0.03532	0.07178	0.16844	0.02789	0.01926	0.02559	0.01517	0.01845	0.01163	0.00792	0.00813	0.00256	0.01273	0.00692	0.00393	0.01201
5	0.01876	0.01732	0.01473	0.01447	0.01686	0.16377	0.01052	0.07118	0.02088	0.02582	0.03664	0.29424	0.08802	0.01916	0.01094	0.05059	0.00798	0.01508	0.09460	0.00843
6	0.01158	0.00851	0.01106	0.01148	0.01294	0.00817	0.00823	0.01424	0.01920	0.02621	0.25106	0.26614	0.12679	0.06760	0.11074	0.00507	0.00763	0.01789	0.00794	0.00752
7	0.02395	0.03114	0.14573	0.03943	0.35439	0.20133	0.02497	0.02921	0.02097	0.02631	0.01544	0.01934	0.01257	0.00821	0.00835	0.00253	0.01235	0.00692	0.00425	0.01260
8	0.02282	0.02334	0.03323	0.04673	0.50374	0.10564	0.02478	0.02733	0.01993	0.02689	0.01558	0.02059	0.01327	0.00859	0.01030	0.00265	0.06987	0.00747	0.00430	0.01295
9	0.01328	0.00880	0.01321	0.01321	0.01429	0.00988	0.00988	0.01429	0.01321	0.01869	0.02085	0.03189	0.01977	0.05467	0.46755	0.23824	0.01853	0.00880	0.00440	0.00656
10	0.02332	0.07562	0.10744	0.14204	0.07470	0.12626	0.01912	0.06385	0.10559	0.08200	0.02605	0.02752	0.06859	0.01042	0.00844	0.00265	0.01045	0.00830	0.00592	0.01171
11	0.01686	0.03174	0.37149	0.02076	0.02914	0.01887	0.02351	0.02616	0.09021	0.02705	0.03106	0.03244	0.12966	0.01221	0.01143	0.00296	0.09854	0.00925	0.00515	0.01152

[dist]
# distance from previous block
# <min> <max>
0	1

[block]
# block no. 3 follows, 20 sequences, length 15
# corresponding to MSA columns:
# 144-158
name=unknown_D
#
# <colnr> <probs for GDERKNQSTAVLIFYWHMCP>
#	G	D	E	R	K	N	Q	S	T	A	V	L	I	F	Y	W	H	M	C	P
0	0.01067	0.00851	0.00957	0.01001	0.01219	0.00741	0.00724	0.01296	0.01969	0.02478	0.15258	0.24265	0.40521	0.02291	0.01053	0.00308	0.00455	0.01975	0.00831	0.00741
1	0.01895	0.02561	0.19546	0.03974	0.39231	0.01877	0.02546	0.02504	0.01948	0.02759	0.02609	0.02930	0.09843	0.00988	0.00877	0.00269	0.01022	0.00888	0.00467	0.01268
2	0.05884	0.03195	0.20052	0.02333	0.07848	0.19757	0.02057	0.03457	0.09440	0.14483	0.02092	0.02159	0.01514	0.00934	0.00823	0.00261	0.01145	0.00710	0.00602	0.01252
3	0.02521	0.42986	0.03749	0.01804	0.02368	0.20010	0.01601	0.02774	0.01899	0.02081	0.01240	0.01516	0.01124	0.00894	0.00936	0.00224	0.10277	0.00533	0.00395	0.01068
4	0.01249	0.00924	0.01347	0.01347	0.01484	0.01061	0.01023	0.01523	0.01386	0.01985	0.02386	0.03702	0.02300	0.14123	0.58471	0.01335	0.02157	0.00975	0.00475	0.00749
5	0.02420	0.28903	0.23575	0.02042	0.02876	0.21664	0.02114	0.02922	0.02004	0.02308	0.01368	0.01595	0.01116	0.00819	0.00715	0.00227	0.01241	0.00553	0.00394	0.01142
6	0.12033	0.01815	0.02909	0.19948	0.32515	0.01942	0.05380	0.02484	0.01862	0.02817	0.01811	0.02741	0.01563	0.00937	0.00858	0.00282	0.01023	0.05454	0.00467	0.01159
7	0.01049	0.00815	0.00955	0.01067	0.01226	0.00721	0.00744	0.01231	0.01812	0.02285	0.06607	0.41814	0.31570	0.02499	0.01077	0.00328	0.00477	0.02195	0.00810	0.00721
8	0.01971	0.01880	0.03200	0.28130	0.42598	0.02023	0.02583	0.02512	0.01897	0.02621	0.01608	0.02220	0.01301	0.00812	0.00867	0.00271	0.01083	0.00776	0.00416	0.01230
9	0.02248	0.02414	0.03125	0.06414	0.29984	0.16046	0.10139	0.02803	0.05197	0.02647	0.02446	0.02776	0.07923	0.00974	0.00889	0.00263	0.01140	0.00887	0.00498	0.01186
10	0.01859	0.03181	0.33987	0.03505	0.27531	0.01928	0.02785	0.02604	0.01915	0.02769	0.02118	0.02697	0.04610	0.00957	0.00871	0.00276	0.01121	0.03575	0.00438	0.01274
11	0.01063	0.00759	0.01012	0.01215	0.01265	0.00709	0.00810	0.01215	0.01670	0.02227	0.04808	0.68775	0.05769	0.02733	0.01113	0.00354	0.00506	0.02480	0.00810	0.00709
12	0.02274	0.02194	0.08067	0.08201	0.21062	0.11010	0.01946	0.02738	0.02105	0.11546	0.10397	0.02900	0.02433	0.01568	0.07400	0.00377	0.01151	0.00874	0.00594	0.01163
13	0.02183	0.08859	0.24300	0.03051	0.15945	0.14336	0.10461	0.02811	0.02023	0.02589	0.01845	0.02167	0.03835	0.00870	0.00842	0.00259	0.01251	0.00745	0.00426	0.01202
14	0.15870	0.01916	0.05574	0.21772	0.27885	0.01945	0.02191	0.02661	0.01858	0.07936	0.01680	0.02119	0.01289	0.00838	0.00805	0.00272	0.00992	0.00722	0.00490	0.01186

[dist]
# distance from previous block
# <min> <max>
0	26

[block]
# block no. 4 follows, 20 sequences, length 75
# corresponding to MSA columns:
# 185-259
name=unknown_E
#
# <colnr> <probs for GDERKNQSTAVLIFYWHMCP>
#	G	D	E	R	K	N	Q	S	T	A	V	L	I	F	Y	W	H	M	C	P
0	0.01963	0.02513	0.12321	0.02137	0.02679	0.15631	0.10414	0.02428	0.01827	0.02342	0.01790	0.02411	0.01531	0.02841	0.23547	0.00654	0.05469	0.00782	0.00443	0.06279
1	0.01896	0.01725	0.01455	0.01323	0.01677	0.15114	0.00995	0.02298	0.05542	0.05880	0.12906	0.04869	0.20588	0.05509	0.01091	0.00286	0.00749	0.01184	0.08731	0.06184
2	0.01849	0.01751	0.02773	0.03649	0.36200	0.01732	0.06161	0.02508	0.08385	0.02797	0.03793	0.03971	0.18280	0.01203	0.00923	0.00275	0.00870	0.01104	0.00583	0.01193
3	0.33536	0.03024	0.01982	0.01772	0.02274	0.35440	0.01373	0.06407	0.02152	0.03074	0.01335	0.01538	0.01069	0.00870	0.00688	0.00246	0.01161	0.00537	0.00512	0.01011
4	0.02108	0.05162	0.02265	0.17982	0.05520	0.01906	0.01628	0.21594	0.02661	0.03538	0.11270	0.09383	0.05683	0.01355	0.00924	0.00284	0.00862	0.04064	0.00710	0.01102
5	0.01246	0.00935	0.01402	0.01402	0.01558	0.01090	0.01090	0.01558	0.01402	0.02025	0.02336	0.03427	0.02181	0.06542	0.65888	0.01402	0.02336	0.00935	0.00467	0.00779
6	0.01839	0.03891	0.47660	0.02829	0.04001	0.02078	0.19765	0.02772	0.01904	0.02772	0.01623	0.01989	0.01168	0.00802	0.00886	0.00281	0.01341	0.00755	0.00389	0.01257
7	0.02254	0.03042	0.24861	0.03380	0.20893	0.02214	0.11224	0.15452	0.02408	0.03389	0.01732	0.02063	0.01299	0.00848	0.00878	0.00271	0.01172	0.00770	0.00507	0.01341
8	0.01286	0.00993	0.01478	0.01455	0.01601	0.01185	0.01139	0.01590	0.01398	0.02029	0.02265	0.03336	0.02119	0.06243	0.62127	0.01341	0.06240	0.00924	0.00462	0.00789
9	0.01075	0.00769	0.01023	0.01206	0.01268	0.00717	0.00811	0.01246	0.01727	0.02318	0.09013	0.64310	0.05946	0.02665	0.01107	0.00349	0.00499	0.02415	0.00821	0.00717
10	0.01260	0.00911	0.01267	0.01276	0.01387	0.01013	0.00936	0.01482	0.01390	0.01952	0.02567	0.04412	0.02611	0.25232	0.44396	0.01188	0.01817	0.03698	0.00501	0.00705
11	0.02235	0.44702	0.22492	0.01855	0.02739	0.08280	0.02028	0.02731	0.01852	0.02273	0.01330	0.01547	0.01115	0.00784	0.00660	0.00217	0.01094	0.00528	0.00378	0.01161
12	0.01513	0.00834	0.00852	0.00861	0.01080	0.00808	0.00655	0.01887	0.01865	0.03068	0.03964	0.04439	0.12998	0.01286	0.00709	0.00228	0.00430	0.03552	0.58172	0.00799
13	0.01090	0.00886	0.00965	0.00945	0.01214	0.00761	0.00709	0.01366	0.02127	0.02686	0.24583	0.07853	0.47597	0.02086	0.01030	0.00289	0.00433	0.01765	0.00853	0.00761
14	0.01984	0.02137	0.04385	0.07492	0.16230	0.02057	0.41515	0.02625	0.01998	0.02732	0.01946	0.07077	0.01645	0.00895	0.00993	0.00291	0.01297	0.01069	0.00463	0.01172
15	0.03124	0.03903	0.02602	0.02626	0.10156	0.58070	0.01806	0.03385	0.02413	0.02222	0.01384	0.01644	0.01155	0.00884	0.00796	0.00229	0.01508	0.00588	0.00447	0.01056
16	0.02866	0.03506	0.02382	0.02339	0.06909	0.51194	0.01664	0.03126	0.02271	0.02169	0.01523	0.01903	0.01307	0.01768	0.10921	0.00410	0.01653	0.00635	0.00451	0.01002
17	0.02548	0.41886	0.06607	0.01755	0.02439	0.22179	0.01601	0.02854	0.01991	0.02168	0.01295	0.01503	0.01132	0.00789	0.00648	0.00198	0.01124	0.00508	0.00406	0.06370
18	0.01314	0.00986	0.01438	0.01414	0.01564	0.01168	0.01106	0.01625	0.01428	0.02118	0.02299	0.03321	0.02121	0.05836	0.57320	0.01253	0.06231	0.00915	0.05749	0.00792
19	0.02747	0.02848	0.06530	0.03438	0.27311	0.18432	0.02164	0.19661	0.02709	0.03425	0.01693	0.01973	0.01330	0.00889	0.00845	0.00252	0.01165	0.00717	0.00559	0.01312
20	0.02389	0.65817	0.04441	0.01539	0.02267	0.07299	0.01504	0.02666	0.01816	0.02057	0.01221	0.01410	0.01120	0.00756	0.00574	0.00189	0.00972	0.00472	0.00378	0.01113
21	0.01064	0.00793	0.00991	0.01137	0.01248	0.00720	0.00778	0.01243	0.01778	0.02316	0.08482	0.52629	0.18497	0.02573	0.01091	0.00337	0.00488	0.02297	0.00817	0.00720
22	0.01050	0.00810	0.00960	0.01079	0.01230	0.00720	0.00750	0.01230	0.01800	0.02280	0.06458	0.44040	0.29439	0.02518	0.01080	0.00330	0.00480	0.02218	0.00810	0.00720
23	0.01031	0.00884	0.00884	0.00884	0.01178	0.00736	0.00663	0.01252	0.01988	0.02356	0.08837	0.08395	0.63549	0.02209	0.01031	0.00295	0.00442	0.01841	0.00810	0.00736
24	0.11586	0.01716	0.02073	0.01607	0.02272	0.01666	0.01327	0.16452	0.02737	0.45024	0.02905	0.02609	0.01879	0.01043	0.00839	0.00268	0.00782	0.00813	0.00976	0.01425
25	0.02332	0.69869	0.04571	0.01493	0.02239	0.03451	0.01493	0.02612	0.01772	0.02052	0.01213	0.01399	0.01119	0.00746	0.00560	0.00187	0.00933	0.00466	0.00373	0.01119
26	0.01183	0.00890	0.01094	0.01043	0.01271	0.00801	0.00782	0.01546	0.02347	0.03208	0.49588	0.06993	0.22266	0.01891	0.01029	0.00279	0.00419	0.01644	0.00922	0.00801
27	0.01041	0.00884	0.00898	0.00894	0.01184	0.00741	0.00671	0.01272	0.02012	0.02414	0.11575	0.08300	0.60775	0.02188	0.01031	0.00294	0.00440	0.01828	0.00818	0.00741
28	0.01246	0.00935	0.01402	0.01402	0.01558	0.01090	0.01090	0.01558	0.01402	0.02025	0.02336	0.03427	0.02181	0.06542	0.65888	0.01402	0.02336	0.00935	0.00467	0.00779
29	0.01843	0.03923	0.49446	0.03036	0.12744	0.02052	0.09235	0.02753	0.01886	0.02779	0.01598	0.01943	0.01169	0.00811	0.00855	0.00276	0.01271	0.00705	0.00385	0.01291
30	0.02877	0.03433	0.02843	0.03326	0.23954	0.43695	0.02030	0.03203	0.02303	0.02383	0.01450	0.01777	0.01213	0.00857	0.00813	0.00237	0.01387	0.00637	0.00443	0.01140
31	0.21856	0.03243	0.24002	0.02597	0.13862	0.15071	0.02200	0.02841	0.01901	0.02958	0.01441	0.01730	0.01116	0.00829	0.00749	0.00261	0.01137	0.00606	0.00442	0.01157
32	0.02138	0.02130	0.03870	0.05011	0.51753	0.02100	0.14564	0.02701	0.02001	0.02838	0.01666	0.02199	0.01370	0.00769	0.00898	0.00266	0.01125	0.00829	0.00434	0.01340
33	0.02543	0.02801	0.03167	0.04268	0.42502	0.24370	0.02330	0.02959	0.02156	0.02600	0.01539	0.01954	0.01291	0.00820	0.00837	0.00247	0.01224	0.00702	0.00438	0.01252
34	0.01061	0.00885	0.00925	0.00915	0.01197	0.00749	0.00686	0.01310	0.02059	0.02525	0.16894	0.08117	0.55387	0.02146	0.01031	0.00292	0.00437	0.01802	0.00832	0.00749
35	0.01063	0.00759	0.01012	0.01215	0.01265	0.00709	0.00810	0.01215	0.01670	0.02227	0.04808	0.68775	0.05769	0.02733	0.01113	0.00354	0.00506	0.02480	0.00810	0.00709
36	0.01626	0.00813	0.00813	0.00813	0.01016	0.00813	0.00610	0.02033	0.01829	0.03252	0.02846	0.03252	0.02236	0.01016	0.00610	0.00203	0.00407	0.00813	0.74187	0.00813
37	0.01090	0.00886	0.00965	0.00945	0.01214	0.00761	0.00709	0.01365	0.02127	0.02685	0.24543	0.07854	0.47638	0.02087	0.01030	0.00289	0.00433	0.01765	0.00853	0.00761
38	0.75506	0.01687	0.01282	0.01147	0.01687	0.01957	0.00945	0.02564	0.01484	0.03914	0.01215	0.01417	0.00945	0.00810	0.00540	0.00270	0.00675	0.00472	0.00540	0.00945
39	0.01750	0.04512	0.64825	0.02486	0.03775	0.02026	0.03223	0.02762	0.01842	0.02762	0.01565	0.01842	0.01105	0.00829	0.00829	0.00276	0.01289	0.00645	0.00368	0.01289
40	0.52050	0.01665	0.01552	0.01301	0.01886	0.01802	0.01072	0.05735	0.01890	0.21020	0.01881	0.01885	0.01311	0.00897	0.00650	0.00270	0.00707	0.00601	0.00707	0.01121
41	0.03258	0.04157	0.02472	0.02247	0.02697	0.65843	0.01685	0.03483	0.02472	0.02135	0.01348	0.01573	0.01124	0.00899	0.00787	0.00225	0.01573	0.00562	0.00449	0.01011
42	0.01063	0.00759	0.01012	0.01215	0.01265	0.00709	0.00810	0.01215	0.01670	0.02227	0.04808	0.68775	0.05769	0.02733	0.01113	0.00354	0.00506	0.02480	0.00810	0.00709
43	0.03316	0.02443	0.02618	0.02007	0.02705	0.02705	0.01658	0.60995	0.04101	0.05497	0.02094	0.02094	0.01483	0.01047	0.00873	0.00262	0.00960	0.00785	0.00873	0.01483
44	0.01268	0.00846	0.00951	0.00951	0.00951	0.00846	0.00529	0.01268	0.01268	0.01691	0.02748	0.05708	0.03171	0.69345	0.04440	0.00846	0.00846	0.01268	0.00529	0.00529
45	0.03316	0.02443	0.02618	0.02007	0.02705	0.02705	0.01658	0.60995	0.04101	0.05497	0.02094	0.02094	0.01483	0.01047	0.00873	0.00262	0.00960	0.00785	0.00873	0.01483
46	0.02402	0.01399	0.01694	0.01508	0.01933	0.01417	0.01165	0.03446	0.23093	0.23314	0.10134	0.17806	0.03765	0.01551	0.00948	0.00298	0.00638	0.01339	0.00941	0.01209
47	0.01063	0.00759	0.01012	0.01215	0.01265	0.00709	0.00810	0.01215	0.01670	0.02227	0.04808	0.68775	0.05769	0.02733	0.01113	0.00354	0.00506	0.02480	0.00810	0.00709
48	0.01061	0.00767	0.01004	0.01195	0.01260	0.00710	0.00801	0.01217	0.01689	0.02234	0.05048	0.65172	0.09217	0.02702	0.01108	0.00351	0.00502	0.02442	0.00810	0.00710
49	0.02059	0.02353	0.05147	0.03676	0.04559	0.02206	0.60735	0.02794	0.02059	0.02794	0.01765	0.02353	0.01324	0.00735	0.01029	0.00294	0.01471	0.01029	0.00441	0.01176
50	0.01999	0.01910	0.03252	0.24646	0.45858	0.02031	0.02598	0.02537	0.01911	0.02656	0.01613	0.02211	0.01313	0.00807	0.00866	0.00269	0.01076	0.00777	0.00418	0.01253
51	0.02627	0.03426	0.11424	0.06437	0.22168	0.33937	0.02244	0.03070	0.02197	0.02450	0.01480	0.01830	0.01204	0.00850	0.00821	0.00246	0.01346	0.00651	0.00430	0.01164
52	0.01063	0.00759	0.01012	0.01215	0.01265	0.00709	0.00810	0.01215	0.01670	0.02227	0.04808	0.68775	0.05769	0.02733	0.01113	0.00354	0.00506	0.02480	0.00810	0.00709
53	0.02144	0.02232	0.02011	0.17472	0.02990	0.22484	0.01522	0.05881	0.02110	0.02466	0.02505	0.13033	0.05106	0.04435	0.01028	0.00288	0.01059	0.01034	0.03982	0.06220
54	0.02029	0.01979	0.02030	0.01862	0.05156	0.14516	0.04906	0.08315	0.02177	0.02762	0.02969	0.22088	0.06194	0.01461	0.00894	0.00255	0.00885	0.01257	0.00635	0.17630
55	0.01730	0.00914	0.00924	0.00887	0.01120	0.00930	0.00674	0.05668	0.01969	0.03390	0.02799	0.03181	0.02189	0.01018	0.00626	0.00207	0.00441	0.00811	0.69666	0.00854
56	0.02532	0.02811	0.03623	0.03731	0.24634	0.21609	0.19015	0.06312	0.02277	0.02768	0.01613	0.02032	0.01292	0.00818	0.00888	0.00259	0.01321	0.00784	0.00465	0.01215
57	0.01224	0.00891	0.01151	0.01086	0.01297	0.00819	0.00815	0.01626	0.02444	0.03439	0.60633	0.06612	0.11077	0.01805	0.01029	0.00275	0.00413	0.01591	0.00952	0.00819
58	0.01223	0.00891	0.01150	0.01085	0.01296	0.00818	0.00814	0.01624	0.02442	0.03433	0.60342	0.06622	0.11372	0.01807	0.01029	0.00275	0.00413	0.01592	0.00952	0.00818
59	0.03783	0.01694	0.02154	0.01651	0.02331	0.01593	0.01364	0.16636	0.02847	0.51628	0.03147	0.02778	0.02012	0.01073	0.00876	0.00268	0.00790	0.00857	0.01034	0.01484
60	0.02339	0.01958	0.02068	0.01809	0.02333	0.02249	0.01422	0.12964	0.53722	0.03922	0.03335	0.03083	0.02488	0.01163	0.00885	0.00291	0.00730	0.00957	0.00885	0.01396
61	0.03233	0.02363	0.02529	0.01948	0.02622	0.02612	0.01606	0.58096	0.03990	0.05387	0.02131	0.02151	0.01520	0.01046	0.00860	0.00259	0.00933	0.00787	0.04477	0.01450
62	0.01434	0.01117	0.01698	0.07215	0.02279	0.01132	0.05090	0.01852	0.01972	0.02561	0.04375	0.11402	0.07025	0.02183	0.01154	0.00379	0.00845	0.44708	0.00746	0.00833
63	0.01750	0.04512	0.64825	0.02486	0.03775	0.02026	0.03223	0.02762	0.01842	0.02762	0.01565	0.01842	0.01105	0.00829	0.00829	0.00276	0.01289	0.00645	0.00368	0.01289
64	0.02905	0.24954	0.03219	0.01920	0.02529	0.20384	0.01624	0.22934	0.02745	0.03264	0.01550	0.01713	0.01247	0.00933	0.00850	0.00233	0.04605	0.00618	0.00567	0.01206
65	0.01813	0.03381	0.39694	0.02471	0.10158	0.01783	0.02531	0.02590	0.01849	0.02795	0.01570	0.01868	0.01190	0.00770	0.00780	0.00232	0.01075	0.00623	0.00418	0.22409
66	0.02636	0.22356	0.03000	0.02020	0.06042	0.18362	0.01572	0.16067	0.06820	0.03033	0.02001	0.08559	0.01797	0.01086	0.00784	0.00242	0.01044	0.00821	0.00590	0.01168
67	0.01358	0.01051	0.01455	0.01708	0.08239	0.01027	0.01132	0.01818	0.05666	0.02904	0.26168	0.26554	0.05921	0.02031	0.01053	0.00317	0.00580	0.09314	0.00828	0.00877
68	0.01063	0.00759	0.01012	0.01215	0.01265	0.00709	0.00810	0.01215	0.01670	0.02227	0.04808	0.68775	0.05769	0.02733	0.01113	0.00354	0.00506	0.02480	0.00810	0.00709
69	0.01410	0.01967	0.17576	0.01831	0.05827	0.01287	0.04379	0.01987	0.05017	0.02627	0.08903	0.20162	0.20064	0.01746	0.00982	0.00301	0.00767	0.01526	0.00672	0.00969
70	0.02049	0.02017	0.03606	0.16600	0.44382	0.02067	0.11210	0.02611	0.01952	0.02726	0.01642	0.02219	0.01332	0.00789	0.00890	0.00270	0.01124	0.00814	0.00425	0.01275
71	0.03025	0.03508	0.02722	0.02898	0.16056	0.44783	0.01899	0.09813	0.02550	0.02671	0.01497	0.01760	0.01221	0.00889	0.00813	0.00236	0.01387	0.00634	0.00493	0.01146
72	0.01343	0.00881	0.01135	0.01135	0.01259	0.00956	0.00819	0.01591	0.01467	0.02227	0.02573	0.04019	0.02469	0.22671	0.33145	0.00960	0.01459	0.00998	0.18175	0.00717
73	0.75506	0.01687	0.01282	0.01147	0.01687	0.01957	0.00945	0.02564	0.01484	0.03914	0.01215	0.01417	0.00945	0.00810	0.00540	0.00270	0.00675	0.00472	0.00540	0.00945
74	0.10053	0.02739	0.09598	0.03310	0.23650	0.12941	0.07937	0.13595	0.02399	0.03313	0.01636	0.01957	0.01277	0.00852	0.00832	0.00260	0.01145	0.00722	0.00522	0.01263

[dist]
# distance from previous block
# <min> <max>
0	1

[block]
# block no. 5 follows, 20 sequences, length 62
# corresponding to MSA columns:
# 261-322
name=unknown_F
#
# <colnr> <probs for GDERKNQSTAVLIFYWHMCP>
#	G	D	E	R	K	N	Q	S	T	A	V	L	I	F	Y	W	H	M	C	P
0	0.01117	0.00864	0.01070	0.01110	0.01300	0.00817	0.00815	0.01370	0.01863	0.02439	0.15288	0.22253	0.27242	0.03178	0.14604	0.00538	0.00849	0.01770	0.00763	0.00752
1	0.01268	0.00846	0.00951	0.00951	0.00951	0.00846	0.00529	0.01268	0.01268	0.01691	0.02748	0.05708	0.03171	0.69345	0.04440	0.00846	0.00846	0.01268	0.00529	0.00529
2	0.02509	0.01935	0.02051	0.01677	0.02232	0.02101	0.01351	0.34548	0.15355	0.04333	0.04086	0.03915	0.17346	0.01367	0.00915	0.00277	0.00775	0.01092	0.00860	0.01275
3	0.02159	0.02073	0.03541	0.05354	0.63903	0.02073	0.02677	0.02677	0.01986	0.02850	0.01641	0.02159	0.01382	0.00777	0.00864	0.00259	0.01036	0.00777	0.00432	0.01382
4	0.03063	0.03844	0.02368	0.02165	0.02586	0.59545	0.01628	0.03296	0.02368	0.02124	0.01444	0.01753	0.01226	0.01448	0.07118	0.00339	0.01647	0.00598	0.00451	0.00989
5	0.01339	0.01090	0.01649	0.02257	0.17033	0.01052	0.01280	0.01583	0.01750	0.02384	0.04010	0.52006	0.04665	0.02241	0.01050	0.00330	0.00640	0.02051	0.00715	0.00878
6	0.02225	0.02198	0.03476	0.05168	0.60230	0.05900	0.02618	0.02725	0.02015	0.02807	0.01623	0.02124	0.01366	0.00785	0.00859	0.00257	0.01068	0.00764	0.00433	0.01359
7	0.01238	0.01072	0.01099	0.01153	0.01387	0.04683	0.00874	0.01482	0.01980	0.02416	0.09928	0.20712	0.36028	0.02246	0.01059	0.00318	0.00575	0.10193	0.00796	0.00762
8	0.01063	0.00759	0.01012	0.01215	0.01265	0.00709	0.00810	0.01215	0.01670	0.02227	0.04808	0.68775	0.05769	0.02733	0.01113	0.00354	0.00506	0.02480	0.00810	0.00709
9	0.01750	0.04512	0.64825	0.02486	0.03775	0.02026	0.03223	0.02762	0.01842	0.02762	0.01565	0.01842	0.01105	0.00829	0.00829	0.00276	0.01289	0.00645	0.00368	0.01289
10	0.03130	0.02683	0.02573	0.02081	0.02697	0.17852	0.04842	0.30360	0.11592	0.10009	0.02229	0.02229	0.01618	0.01016	0.00863	0.00260	0.01078	0.00781	0.00768	0.01337
11	0.02448	0.02322	0.01847	0.01652	0.02001	0.23948	0.01274	0.12180	0.02367	0.03050	0.02152	0.05314	0.01808	0.01366	0.04153	0.00299	0.05338	0.00798	0.24689	0.00995
12	0.75506	0.01687	0.01282	0.01147	0.01687	0.01957	0.00945	0.02564	0.01484	0.03914	0.01215	0.01417	0.00945	0.00810	0.00540	0.00270	0.00675	0.00472	0.00540	0.00945
13	0.75506	0.01687	0.01282	0.01147	0.01687	0.01957	0.00945	0.02564	0.01484	0.03914	0.01215	0.01417	0.00945	0.00810	0.00540	0.00270	0.00675	0.00472	0.00540	0.00945
14	0.01031	0.00884	0.00884	0.00884	0.01178	0.00736	0.00663	0.01252	0.01988	0.02356	0.08837	0.08395	0.63549	0.02209	0.01031	0.00295	0.00442	0.01841	0.00810	0.00736
15	0.01246	0.00935	0.01402	0.01402	0.01558	0.01090	0.01090	0.01558	0.01402	0.02025	0.02336	0.03427	0.02181	0.06542	0.65888	0.01402	0.02336	0.00935	0.00467	0.00779
16	0.01110	0.00887	0.00993	0.00966	0.01227	0.00770	0.00725	0.01404	0.02174	0.02798	0.29969	0.07668	0.42141	0.02044	0.01030	0.00287	0.00430	0.01739	0.00868	0.00770
17	0.02014	0.01958	0.05815	0.01906	0.02721	0.01578	0.13159	0.08528	0.02102	0.03108	0.01651	0.01949	0.01309	0.00715	0.00756	0.00184	0.00877	0.00654	0.00531	0.48483
18	0.06714	0.04125	0.20063	0.02256	0.02948	0.44339	0.02081	0.03230	0.02240	0.02408	0.01403	0.01641	0.01109	0.00874	0.00785	0.00242	0.01444	0.00580	0.00431	0.01086
19	0.01195	0.00945	0.01089	0.01083	0.01346	0.00862	0.00839	0.01600	0.04833	0.02819	0.25919	0.07732	0.35485	0.02049	0.01045	0.00301	0.00488	0.08706	0.00862	0.00802
20	0.02984	0.18627	0.02948	0.02082	0.02574	0.48798	0.01654	0.03220	0.02259	0.02115	0.01308	0.01551	0.01124	0.00897	0.00841	0.00224	0.04782	0.00551	0.00429	0.01032
21	0.01235	0.00892	0.01166	0.01097	0.01303	0.00823	0.00823	0.01646	0.02469	0.03498	0.63443	0.06516	0.08230	0.01783	0.01029	0.00274	0.00412	0.01578	0.00960	0.00823
22	0.01750	0.04512	0.64825	0.02486	0.03775	0.02026	0.03223	0.02762	0.01842	0.02762	0.01565	0.01842	0.01105	0.00829	0.00829	0.00276	0.01289	0.00645	0.00368	0.01289
23	0.02522	0.02469	0.02576	0.02875	0.19206	0.15508	0.01829	0.10153	0.26872	0.03321	0.02407	0.02475	0.01860	0.00998	0.00858	0.00267	0.00999	0.00818	0.00670	0.01315
24	0.01109	0.00860	0.01009	0.01027	0.01240	0.00761	0.00749	0.01382	0.02090	0.02728	0.27052	0.20356	0.32170	0.02170	0.01047	0.00300	0.00445	0.01882	0.00862	0.00761
25	0.22468	0.28817	0.02937	0.01545	0.02169	0.06481	0.01363	0.14783	0.02199	0.03283	0.01478	0.01690	0.01216	0.01208	0.04836	0.00305	0.00997	0.00571	0.00534	0.01119
26	0.02211	0.06636	0.20580	0.06567	0.24603	0.10093	0.02465	0.05303	0.07935	0.02846	0.01759	0.02068	0.01375	0.00860	0.00831	0.00261	0.01139	0.00717	0.00473	0.01279
27	0.01952	0.02037	0.03386	0.02690	0.02945	0.02537	0.18885	0.02300	0.01545	0.02300	0.01324	0.02037	0.01197	0.01298	0.02334	0.00356	0.48622	0.00840	0.00399	0.01018
28	0.01268	0.00846	0.00951	0.00951	0.00951	0.00846	0.00529	0.01268	0.01268	0.01691	0.02748	0.05708	0.03171	0.69345	0.04440	0.00846	0.00846	0.01268	0.00529	0.00529
29	0.01149	0.00850	0.01104	0.01223	0.01357	0.00761	0.00835	0.01327	0.01686	0.02297	0.04433	0.61077	0.05255	0.02493	0.01060	0.00328	0.00522	0.02254	0.00776	0.09212
30	0.02064	0.02185	0.07246	0.04334	0.43242	0.02233	0.02503	0.02525	0.01800	0.02640	0.01501	0.02070	0.01299	0.00985	0.01406	0.00294	0.19236	0.00765	0.00414	0.01259
31	0.06827	0.03940	0.02460	0.02332	0.05393	0.59781	0.01693	0.03401	0.02401	0.02256	0.01355	0.01592	0.01126	0.00889	0.00778	0.00229	0.01504	0.00567	0.00453	0.01025
32	0.01867	0.01559	0.01724	0.01646	0.02046	0.01737	0.01317	0.03594	0.41275	0.03262	0.04333	0.05412	0.09178	0.01592	0.00981	0.00322	0.00695	0.15430	0.00859	0.01173
33	0.01268	0.00846	0.00951	0.00951	0.00951	0.00846	0.00529	0.01268	0.01268	0.01691	0.02748	0.05708	0.03171	0.69345	0.04440	0.00846	0.00846	0.01268	0.00529	0.00529
34	0.02332	0.69869	0.04571	0.01493	0.02239	0.03451	0.01493	0.02612	0.01772	0.02052	0.01213	0.01399	0.01119	0.00746	0.00560	0.00187	0.00933	0.00466	0.00373	0.01119
35	0.01119	0.00887	0.01006	0.00976	0.01232	0.00774	0.00732	0.01423	0.02197	0.02852	0.32544	0.07579	0.39533	0.02024	0.01030	0.00286	0.00429	0.01727	0.00875	0.00774
36	0.01051	0.00884	0.00911	0.00904	0.01190	0.00745	0.00678	0.01290	0.02035	0.02467	0.14147	0.08212	0.58169	0.02168	0.01031	0.00293	0.00439	0.01815	0.00825	0.00745
37	0.01052	0.00884	0.00913	0.00906	0.01191	0.00745	0.00680	0.01293	0.02039	0.02476	0.14579	0.08197	0.57732	0.02164	0.01031	0.00292	0.00439	0.01813	0.00826	0.00745
38	0.01268	0.00846	0.00951	0.00951	0.00951	0.00846	0.00529	0.01268	0.01268	0.01691	0.02748	0.05708	0.03171	0.69345	0.04440	0.00846	0.00846	0.01268	0.00529	0.00529
39	0.03258	0.04157	0.02472	0.02247	0.02697	0.65843	0.01685	0.03483	0.02472	0.02135	0.01348	0.01573	0.01124	0.00899	0.00787	0.00225	0.01573	0.00562	0.00449	0.01011
40	0.01268	0.00846	0.00951	0.00951	0.00951	0.00846	0.00529	0.01268	0.01268	0.01691	0.02748	0.05708	0.03171	0.69345	0.04440	0.00846	0.00846	0.01268	0.00529	0.00529
41	0.01809	0.01550	0.01809	0.01292	0.02067	0.01163	0.01034	0.02196	0.01809	0.02842	0.01550	0.01809	0.01292	0.00646	0.00646	0.00129	0.00646	0.00517	0.00517	0.74677
42	0.01268	0.00846	0.00951	0.00951	0.00951	0.00846	0.00529	0.01268	0.01268	0.01691	0.02748	0.05708	0.03171	0.69345	0.04440	0.00846	0.00846	0.01268	0.00529	0.00529
43	0.01470	0.01139	0.01369	0.01268	0.01546	0.01162	0.00963	0.02399	0.17538	0.03536	0.48366	0.05695	0.06829	0.01632	0.00993	0.00280	0.00482	0.01429	0.00942	0.00963
44	0.01063	0.00759	0.01012	0.01215	0.01265	0.00709	0.00810	0.01215	0.01670	0.02227	0.04808	0.68775	0.05769	0.02733	0.01113	0.00354	0.00506	0.02480	0.00810	0.00709
45	0.01809	0.01550	0.01809	0.01292	0.02067	0.01163	0.01034	0.02196	0.01809	0.02842	0.01550	0.01809	0.01292	0.00646	0.00646	0.00129	0.00646	0.00517	0.00517	0.74677
46	0.02687	0.02402	0.08401	0.01940	0.02625	0.02380	0.01684	0.32566	0.24686	0.04453	0.02542	0.02474	0.01862	0.01058	0.00864	0.00270	0.00882	0.00832	0.00814	0.04580
47	0.02237	0.20923	0.09713	0.03823	0.37311	0.06546	0.02343	0.02719	0.01945	0.02578	0.01498	0.01883	0.01267	0.00782	0.00772	0.00239	0.01067	0.00666	0.00411	0.01277
48	0.01916	0.23221	0.47577	0.02202	0.03335	0.02434	0.02728	0.02719	0.01822	0.02559	0.01464	0.01715	0.01109	0.00805	0.00752	0.00251	0.01187	0.00594	0.00370	0.01241
49	0.01322	0.00830	0.00929	0.00950	0.00998	0.00824	0.00575	0.01422	0.01428	0.02074	0.02985	0.11827	0.03249	0.48062	0.03290	0.00660	0.00718	0.01301	0.15950	0.00607
50	0.01102	0.00886	0.00982	0.00958	0.01222	0.00767	0.00719	0.01389	0.02156	0.02755	0.27894	0.07739	0.44244	0.02061	0.01030	0.00288	0.00431	0.01749	0.00862	0.00767
51	0.01844	0.03497	0.38670	0.09186	0.04256	0.02078	0.22521	0.02721	0.01905	0.02721	0.01631	0.02061	0.01184	0.00801	0.00901	0.00284	0.01338	0.00787	0.00395	0.01220
52	0.09356	0.02044	0.03059	0.03519	0.28803	0.02147	0.10223	0.06968	0.18530	0.03334	0.02166	0.02408	0.01687	0.00903	0.00862	0.00275	0.00963	0.00840	0.00596	0.01317
53	0.02218	0.02185	0.03483	0.05187	0.60613	0.05500	0.02624	0.02720	0.02012	0.02811	0.01625	0.02127	0.01368	0.00784	0.00859	0.00257	0.01065	0.00766	0.00433	0.01362
54	0.01515	0.00758	0.01136	0.01136	0.01136	0.00758	0.00758	0.01136	0.01136	0.01515	0.01515	0.02652	0.01515	0.03030	0.03409	0.74621	0.00758	0.00758	0.00379	0.00379
55	0.02996	0.03690	0.02619	0.02622	0.09964	0.52086	0.01825	0.03252	0.02303	0.02217	0.01363	0.01676	0.01156	0.00945	0.00998	0.00244	0.07945	0.00607	0.00441	0.01050
56	0.01272	0.01094	0.01439	0.01810	0.13228	0.00997	0.01086	0.01558	0.01987	0.02542	0.12155	0.15947	0.37724	0.01971	0.01011	0.00295	0.00562	0.01706	0.00752	0.00864
57	0.02042	0.02164	0.04269	0.10315	0.23224	0.02162	0.33790	0.02666	0.01968	0.02721	0.01673	0.02266	0.01317	0.00803	0.01057	0.00287	0.04726	0.00912	0.00430	0.01209
58	0.12393	0.01228	0.01636	0.07919	0.13109	0.01259	0.01291	0.01779	0.01759	0.02613	0.04071	0.30567	0.13440	0.01835	0.00947	0.00309	0.00677	0.01610	0.00663	0.00894
59	0.06772	0.11669	0.35832	0.02121	0.03091	0.11492	0.02381	0.03047	0.01997	0.11304	0.01733	0.01882	0.01248	0.00863	0.00780	0.00257	0.01175	0.00633	0.00491	0.01235
60	0.05368	0.02139	0.02812	0.14265	0.30128	0.09132	0.02128	0.10757	0.02322	0.03145	0.07649	0.02505	0.01978	0.00944	0.00860	0.00263	0.01031	0.00819	0.00544	0.01213
61	0.01561	0.02945	0.34967	0.02225	0.03039	0.01607	0.10467	0.02245	0.01814	0.02586	0.02686	0.24463	0.02707	0.01457	0.00953	0.00305	0.01051	0.01317	0.00527	0.01078

[dist]
# distance from previous block
# <min> <max>
0	80

[block]
# block no. 6 follows, 20 sequences, length 69
# corresponding to MSA columns:
# 403-471
name=unknown_G
#
# <colnr> <probs for GDERKNQSTAVLIFYWHMCP>
#	G	D	E	R	K	N	Q	S	T	A	V	L	I	F	Y	W	H	M	C	P
0	0.02232	0.12183	0.03247	0.21541	0.28085	0.13327	0.02261	0.02682	0.01972	0.02436	0.01502	0.01993	0.01237	0.00820	0.00808	0.00251	0.01150	0.00694	0.00414	0.01164
1	0.02945	0.14167	0.02716	0.02058	0.02540	0.49116	0.01606	0.03304	0.05526	0.02197	0.01499	0.01737	0.01263	0.01196	0.04288	0.00286	0.01467	0.00590	0.00462	0.01035
2	0.02107	0.05836	0.08531	0.01582	0.02101	0.11516	0.01380	0.13375	0.02509	0.05698	0.11969	0.07134	0.19800	0.01478	0.00913	0.00269	0.00843	0.01192	0.00726	0.01042
3	0.01252	0.00910	0.01276	0.01276	0.01388	0.01022	0.00933	0.01477	0.01365	0.01932	0.02452	0.04064	0.02457	0.24087	0.48721	0.01246	0.01920	0.01028	0.00484	0.00709
4	0.01082	0.00856	0.00978	0.01038	0.01250	0.00752	0.00761	0.01313	0.01951	0.02455	0.13275	0.25142	0.38391	0.02321	0.01063	0.00315	0.00476	0.05016	0.00825	0.00741
5	0.02159	0.02073	0.03541	0.05354	0.63903	0.02073	0.02677	0.02677	0.01986	0.02850	0.01641	0.02159	0.01382	0.00777	0.00864	0.00259	0.01036	0.00777	0.00432	0.01382
6	0.01246	0.00935	0.01402	0.01402	0.01558	0.01090	0.01090	0.01558	0.01402	0.02025	0.02336	0.03427	0.02181	0.06542	0.65888	0.01402	0.02336	0.00935	0.00467	0.00779
7	0.01246	0.00935	0.01402	0.01402	0.01558	0.01090	0.01090	0.01558	0.01402	0.02025	0.02336	0.03427	0.02181	0.06542	0.65888	0.01402	0.02336	0.00935	0.00467	0.00779
8	0.02105	0.02017	0.03443	0.11918	0.57764	0.02058	0.02650	0.02629	0.01961	0.02784	0.01631	0.02177	0.01358	0.00787	0.00864	0.00262	0.01050	0.00777	0.00427	0.01338
9	0.02159	0.02073	0.03541	0.05354	0.63903	0.02073	0.02677	0.02677	0.01986	0.02850	0.01641	0.02159	0.01382	0.00777	0.00864	0.00259	0.01036	0.00777	0.00432	0.01382
10	0.03114	0.01977	0.05109	0.01774	0.02425	0.01935	0.01493	0.17646	0.21964	0.28271	0.03071	0.02801	0.02112	0.01093	0.00877	0.00277	0.00803	0.00879	0.00936	0.01442
11	0.01750	0.04512	0.64825	0.02486	0.03775	0.02026	0.03223	0.02762	0.01842	0.02762	0.01565	0.01842	0.01105	0.00829	0.00829	0.00276	0.01289	0.00645	0.00368	0.01289
12	0.01246	0.00935	0.01402	0.01402	0.01558	0.01090	0.01090	0.01558	0.01402	0.02025	0.02336	0.03427	0.02181	0.06542	0.65888	0.01402	0.02336	0.00935	0.00467	0.00779
13	0.01205	0.00843	0.01077	0.01134	0.01186	0.00866	0.00743	0.01323	0.01414	0.01923	0.03231	0.22984	0.03667	0.35388	0.18303	0.00841	0.01109	0.01530	0.00593	0.00640
14	0.01063	0.00759	0.01012	0.01215	0.01265	0.00709	0.00810	0.01215	0.01670	0.02227	0.04808	0.68775	0.05769	0.02733	0.01113	0.00354	0.00506	0.02480	0.00810	0.00709
15	0.01156	0.00823	0.01104	0.01295	0.01379	0.00787	0.00938	0.01360	0.01730	0.02290	0.04651	0.51177	0.05449	0.06246	0.01315	0.00392	0.00596	0.15797	0.00793	0.00722
16	0.03258	0.04157	0.02472	0.02247	0.02697	0.65843	0.01685	0.03483	0.02472	0.02135	0.01348	0.01573	0.01124	0.00899	0.00787	0.00225	0.01573	0.00562	0.00449	0.01011
17	0.02039	0.01950	0.03324	0.19846	0.50348	0.02041	0.02617	0.02572	0.01930	0.02704	0.01620	0.02198	0.01330	0.00799	0.00866	0.00266	0.01066	0.00777	0.00421	0.01285
18	0.01055	0.00789	0.00982	0.01136	0.01245	0.00715	0.00775	0.01223	0.01745	0.02257	0.05759	0.54521	0.19410	0.02609	0.01094	0.00340	0.00491	0.02329	0.00810	0.00715
19	0.01098	0.00851	0.00924	0.00961	0.01136	0.00759	0.00655	0.01249	0.01746	0.02163	0.06545	0.18700	0.37581	0.19482	0.01918	0.00446	0.00557	0.01811	0.00738	0.00678
20	0.01246	0.00935	0.01402	0.01402	0.01558	0.01090	0.01090	0.01558	0.01402	0.02025	0.02336	0.03427	0.02181	0.06542	0.65888	0.01402	0.02336	0.00935	0.00467	0.00779
21	0.01564	0.01236	0.01984	0.01746	0.01893	0.01438	0.07481	0.01665	0.01369	0.01953	0.01746	0.02728	0.01645	0.03677	0.24634	0.25461	0.15790	0.00849	0.00417	0.00725
22	0.01063	0.00759	0.01012	0.01215	0.01265	0.00709	0.00810	0.01215	0.01670	0.02227	0.04808	0.68775	0.05769	0.02733	0.01113	0.00354	0.00506	0.02480	0.00810	0.00709
23	0.01268	0.00846	0.00951	0.00951	0.00951	0.00846	0.00529	0.01268	0.01268	0.01691	0.02748	0.05708	0.03171	0.69345	0.04440	0.00846	0.00846	0.01268	0.00529	0.00529
24	0.02159	0.02073	0.03541	0.05354	0.63903	0.02073	0.02677	0.02677	0.01986	0.02850	0.01641	0.02159	0.01382	0.00777	0.00864	0.00259	0.01036	0.00777	0.00432	0.01382
25	0.02913	0.03256	0.02131	0.01913	0.02336	0.45158	0.01451	0.09270	0.02506	0.02732	0.01750	0.01989	0.01401	0.00940	0.00758	0.00224	0.01257	0.00640	0.16357	0.01019
26	0.16826	0.01993	0.02124	0.01681	0.02310	0.02148	0.01381	0.32530	0.05993	0.17383	0.02319	0.02264	0.01618	0.01015	0.00799	0.00264	0.00821	0.00757	0.04429	0.01345
27	0.02817	0.02080	0.02325	0.01861	0.02429	0.02316	0.01521	0.46676	0.03451	0.04661	0.02153	0.02415	0.01651	0.02371	0.16535	0.00536	0.01291	0.00821	0.00775	0.01314
28	0.01429	0.01230	0.01487	0.01416	0.01603	0.01382	0.01078	0.01979	0.11228	0.02501	0.08078	0.19553	0.21291	0.05623	0.01605	0.00356	0.14995	0.01574	0.00723	0.00871
29	0.01063	0.00759	0.01012	0.01215	0.01265	0.00709	0.00810	0.01215	0.01670	0.02227	0.04808	0.68775	0.05769	0.02733	0.01113	0.00354	0.00506	0.02480	0.00810	0.00709
30	0.01063	0.00759	0.01012	0.01215	0.01265	0.00709	0.00810	0.01215	0.01670	0.02227	0.04808	0.68775	0.05769	0.02733	0.01113	0.00354	0.00506	0.02480	0.00810	0.00709
31	0.02105	0.02017	0.03443	0.11918	0.57764	0.02058	0.02650	0.02629	0.01961	0.02784	0.01631	0.02177	0.01358	0.00787	0.00864	0.00262	0.01050	0.00777	0.00427	0.01338
32	0.02254	0.20173	0.29987	0.02319	0.06003	0.16502	0.02363	0.02845	0.01944	0.02419	0.01412	0.01693	0.01128	0.00859	0.00865	0.00248	0.04829	0.00596	0.00391	0.01173
33	0.05946	0.11803	0.08808	0.02809	0.14387	0.18240	0.08208	0.14014	0.02455	0.03107	0.01585	0.01860	0.01252	0.00857	0.00806	0.00247	0.01194	0.00685	0.00513	0.01225
34	0.75506	0.01687	0.01282	0.01147	0.01687	0.01957	0.00945	0.02564	0.01484	0.03914	0.01215	0.01417	0.00945	0.00810	0.00540	0.00270	0.00675	0.00472	0.00540	0.00945
35	0.01258	0.00886	0.01155	0.01155	0.01225	0.00956	0.00782	0.01399	0.01329	0.01842	0.02562	0.04678	0.02724	0.40978	0.32195	0.01097	0.01519	0.01118	0.00501	0.00642
36	0.01063	0.00759	0.01012	0.01215	0.01265	0.00709	0.00810	0.01215	0.01670	0.02227	0.04808	0.68775	0.05769	0.02733	0.01113	0.00354	0.00506	0.02480	0.00810	0.00709
37	0.01908	0.01908	0.02672	0.02290	0.02290	0.02672	0.01908	0.02099	0.01336	0.02099	0.01145	0.01908	0.01145	0.01527	0.02863	0.00382	0.67748	0.00763	0.00382	0.00954
