[name]
unknown

[dist]
# distance from previous block
# <min> <max>
0	42

[block]
# block no. 0 follows, 22 sequences, length 19
# corresponding to MSA columns:
# 43-61
name=unknown_A
#
# <colnr> <probs for GDERKNQSTAVLIFYWHMCP>
#	G	D	E	R	K	N	Q	S	T	A	V	L	I	F	Y	W	H	M	C	P
0	0.01112	0.00794	0.01078	0.01271	0.01362	0.00761	0.00944	0.01329	0.01689	0.02232	0.04524	0.51679	0.05277	0.02509	0.01087	0.00351	0.00568	0.19962	0.00769	0.00702
1	0.01089	0.00767	0.00980	0.01078	0.01144	0.00726	0.00713	0.01250	0.01655	0.02246	0.16184	0.42842	0.05400	0.17872	0.01762	0.00428	0.00537	0.01930	0.00739	0.00658
2	0.01011	0.00816	0.00900	0.00937	0.01155	0.00705	0.00681	0.01228	0.01878	0.02342	0.14118	0.21893	0.45092	0.02170	0.00999	0.00291	0.00431	0.01862	0.00788	0.00705
3	0.01521	0.00971	0.01190	0.01082	0.01376	0.00885	0.00830	0.01950	0.05219	0.11766	0.38597	0.06061	0.21978	0.01685	0.00954	0.00267	0.00456	0.01449	0.00889	0.00875
4	0.03727	0.01414	0.01928	0.01478	0.02121	0.01221	0.01221	0.04049	0.02378	0.66198	0.03277	0.02828	0.02056	0.01028	0.00835	0.00257	0.00707	0.00835	0.01028	0.01414
5	0.19613	0.01968	0.02021	0.01641	0.02226	0.02190	0.01337	0.31304	0.16674	0.09481	0.02219	0.02163	0.01600	0.00978	0.00763	0.00259	0.00778	0.00730	0.00779	0.01275
6	0.01087	0.00846	0.00987	0.00952	0.01187	0.00746	0.00714	0.01396	0.02142	0.02833	0.39162	0.07026	0.34172	0.01884	0.00981	0.00270	0.00405	0.01617	0.00849	0.00746
7	0.01071	0.00753	0.00975	0.01129	0.01176	0.00718	0.00752	0.01201	0.01534	0.02041	0.04178	0.53721	0.04960	0.16144	0.01695	0.00433	0.00563	0.05591	0.00718	0.00646
8	0.01057	0.00742	0.00951	0.01100	0.01137	0.00704	0.00710	0.01168	0.01504	0.02005	0.04134	0.55578	0.04934	0.18052	0.01778	0.00443	0.00555	0.02100	0.00710	0.00636
9	0.01240	0.01056	0.01094	0.01047	0.01365	0.01016	0.00796	0.01947	0.16019	0.02594	0.10992	0.06769	0.47310	0.01856	0.00951	0.00280	0.00473	0.01552	0.00798	0.00846
10	0.01052	0.00761	0.01048	0.01197	0.01268	0.00757	0.00832	0.01231	0.01533	0.02077	0.04046	0.55086	0.04720	0.03424	0.16113	0.00563	0.00877	0.02028	0.00697	0.00690
11	0.01675	0.01607	0.02271	0.01989	0.02023	0.02203	0.01641	0.01882	0.01287	0.01983	0.01348	0.02145	0.01314	0.02536	0.17402	0.00584	0.54094	0.00764	0.00382	0.00871
12	0.01130	0.00811	0.00891	0.00902	0.00987	0.00767	0.00557	0.01200	0.01431	0.01826	0.04428	0.10072	0.21350	0.46654	0.03090	0.00624	0.00674	0.01436	0.00598	0.00571
13	0.01122	0.00879	0.01020	0.00994	0.01229	0.00798	0.00742	0.01507	0.04832	0.02796	0.34343	0.11024	0.31885	0.01905	0.00980	0.00275	0.00422	0.01641	0.00841	0.00765
14	0.02300	0.02562	0.02564	0.02845	0.19407	0.28121	0.06193	0.04521	0.02070	0.02381	0.02027	0.14720	0.01998	0.01168	0.00914	0.00257	0.03443	0.00981	0.00499	0.01028
15	0.03139	0.06910	0.02414	0.02006	0.02493	0.51176	0.01547	0.07986	0.02444	0.10054	0.01574	0.01689	0.01216	0.00881	0.00755	0.00220	0.01326	0.00583	0.00528	0.01058
16	0.16666	0.01673	0.01766	0.01428	0.01973	0.01747	0.01165	0.25781	0.02675	0.16393	0.03546	0.03398	0.15912	0.01211	0.00806	0.00259	0.00710	0.00937	0.00797	0.01155
17	0.12523	0.02690	0.02615	0.03127	0.26986	0.25954	0.01876	0.09564	0.02222	0.02883	0.01455	0.01751	0.01181	0.00815	0.00755	0.00236	0.01120	0.00627	0.00478	0.01142
18	0.02656	0.10431	0.15336	0.01903	0.02662	0.02412	0.01812	0.34909	0.09982	0.06753	0.02011	0.02032	0.01457	0.00939	0.00791	0.00248	0.00936	0.00712	0.00692	0.01326

[dist]
# distance from previous block
# <min> <max>
0	3

[block]
# block no. 1 follows, 22 sequences, length 32
# corresponding to MSA columns:
# 65-96
name=unknown_B
#
# <colnr> <probs for GDERKNQSTAVLIFYWHMCP>
#	G	D	E	R	K	N	Q	S	T	A	V	L	I	F	Y	W	H	M	C	P
0	0.17748	0.01611	0.01702	0.01928	0.13624	0.06689	0.01234	0.08091	0.02039	0.02978	0.06831	0.06642	0.23050	0.01353	0.00821	0.00262	0.00711	0.01098	0.00634	0.00954
1	0.01235	0.00880	0.01098	0.01078	0.01114	0.00955	0.00704	0.01317	0.01242	0.01709	0.02441	0.04715	0.02688	0.51405	0.19536	0.00911	0.04803	0.01105	0.00482	0.00583
2	0.01791	0.01491	0.01721	0.01257	0.01938	0.01193	0.00994	0.06439	0.01845	0.02813	0.01595	0.02004	0.01370	0.05595	0.00886	0.00180	0.00650	0.00561	0.00518	0.65160
3	0.01145	0.00841	0.01048	0.01067	0.01193	0.00843	0.00756	0.01326	0.01528	0.02027	0.08138	0.10233	0.16580	0.25873	0.19870	0.00744	0.01051	0.04477	0.00605	0.00654
4	0.37976	0.17258	0.02028	0.01217	0.01759	0.01980	0.01047	0.04682	0.01763	0.05737	0.10201	0.02133	0.01993	0.00894	0.00616	0.00229	0.00674	0.00625	0.00565	0.06624
5	0.00982	0.00842	0.00842	0.00842	0.01122	0.00701	0.00631	0.01192	0.01894	0.02244	0.08416	0.07995	0.65285	0.02104	0.00982	0.00281	0.00421	0.01753	0.00771	0.00701
6	0.66356	0.01791	0.01391	0.01241	0.01715	0.06670	0.01012	0.02476	0.01473	0.03489	0.01162	0.01391	0.00925	0.00823	0.00678	0.00261	0.05269	0.00474	0.00498	0.00905
7	0.01259	0.01011	0.01101	0.01030	0.01327	0.00948	0.00786	0.05629	0.06669	0.02831	0.23236	0.06749	0.40685	0.01848	0.00961	0.00273	0.00463	0.01558	0.00820	0.00816
8	0.01274	0.01019	0.01503	0.01453	0.01580	0.01248	0.01147	0.01555	0.01326	0.01938	0.02067	0.03063	0.01940	0.05566	0.58503	0.01200	0.11551	0.00867	0.00434	0.00765
9	0.02268	0.01885	0.01992	0.01731	0.02237	0.02161	0.01364	0.15224	0.52983	0.03801	0.03125	0.02895	0.02328	0.01103	0.00843	0.00276	0.00705	0.00904	0.00843	0.01333
10	0.01188	0.00884	0.01305	0.01305	0.01443	0.01022	0.01001	0.01464	0.01326	0.01906	0.02253	0.03417	0.02143	0.10787	0.63047	0.01298	0.02125	0.00913	0.00449	0.00725
11	0.01916	0.11703	0.42031	0.02772	0.15443	0.07047	0.02664	0.02650	0.01818	0.02522	0.01450	0.01744	0.01107	0.00775	0.00763	0.00246	0.01161	0.00613	0.00369	0.01206
12	0.01132	0.00847	0.01050	0.00999	0.01214	0.00765	0.00749	0.01483	0.02248	0.03086	0.52359	0.06610	0.20817	0.01790	0.00980	0.00266	0.00398	0.01559	0.00882	0.00765
13	0.01051	0.00786	0.00976	0.01053	0.01196	0.00711	0.00742	0.01280	0.01873	0.02487	0.22381	0.37960	0.20001	0.02235	0.01020	0.00303	0.00443	0.01981	0.00811	0.00711
14	0.02771	0.03346	0.02160	0.01963	0.02323	0.52558	0.01463	0.05324	0.02220	0.02117	0.01571	0.04545	0.01460	0.08449	0.01218	0.00290	0.04148	0.00692	0.00462	0.00919
15	0.02058	0.01937	0.03081	0.04434	0.53245	0.01992	0.02309	0.02913	0.14029	0.02862	0.01917	0.02260	0.01554	0.00816	0.00827	0.00254	0.00923	0.00779	0.00496	0.01316
16	0.01187	0.00890	0.01335	0.01335	0.01483	0.01038	0.01038	0.01483	0.01335	0.01928	0.02225	0.03264	0.02077	0.06231	0.67512	0.01335	0.02225	0.00890	0.00445	0.00742
17	0.02630	0.19852	0.08604	0.02334	0.11321	0.19783	0.01812	0.18622	0.02482	0.03004	0.01496	0.01688	0.01192	0.00836	0.00731	0.00223	0.01100	0.00604	0.00507	0.01179
18	0.01818	0.01818	0.02545	0.02181	0.02181	0.02545	0.01818	0.01999	0.01272	0.01999	0.01091	0.01818	0.01091	0.01454	0.02726	0.00364	0.69284	0.00727	0.00364	0.00909
19	0.01040	0.00848	0.00923	0.00916	0.01174	0.00731	0.00695	0.01298	0.01996	0.02496	0.20870	0.07656	0.49928	0.02022	0.00988	0.00281	0.00429	0.04183	0.00803	0.00722
20	0.01818	0.01818	0.02545	0.02181	0.02181	0.02545	0.01818	0.01999	0.01272	0.01999	0.01091	0.01818	0.01091	0.01454	0.02726	0.00364	0.69284	0.00727	0.00364	0.00909
21	0.02221	0.71304	0.04353	0.01421	0.02132	0.03287	0.01421	0.02488	0.01688	0.01955	0.01155	0.01333	0.01066	0.00711	0.00533	0.00178	0.00888	0.00444	0.00355	0.01066
22	0.01723	0.01477	0.01723	0.01230	0.01969	0.01107	0.00984	0.02092	0.01723	0.02707	0.01477	0.01723	0.01230	0.00615	0.00615	0.00123	0.00615	0.00492	0.00492	0.75883
23	0.02725	0.01702	0.01944	0.01590	0.02119	0.01773	0.01275	0.26957	0.11520	0.20374	0.03368	0.10615	0.07670	0.01300	0.00873	0.00269	0.00733	0.01067	0.00873	0.01255
24	0.01165	0.06326	0.04245	0.01017	0.01349	0.00979	0.00850	0.01470	0.02009	0.02566	0.24557	0.06665	0.40229	0.01816	0.00938	0.00266	0.00485	0.01526	0.00763	0.00778
25	0.76672	0.01607	0.01221	0.01092	0.01607	0.01864	0.00900	0.02442	0.01414	0.03727	0.01157	0.01350	0.00900	0.00771	0.00514	0.00257	0.00643	0.00450	0.00514	0.00900
26	0.02086	0.02361	0.08688	0.04360	0.44557	0.06940	0.13577	0.02635	0.01928	0.02646	0.01558	0.02024	0.01266	0.00746	0.00843	0.00252	0.01121	0.00759	0.00409	0.01246
27	0.01880	0.02429	0.12702	0.02907	0.03598	0.05080	0.37790	0.02476	0.01820	0.02489	0.01767	0.07213	0.01517	0.00975	0.01208	0.00291	0.11390	0.00975	0.00429	0.01063
28	0.01759	0.00980	0.01200	0.01095	0.01424	0.00852	0.00838	0.02024	0.02065	0.19604	0.16979	0.15129	0.29188	0.01811	0.00953	0.00279	0.00501	0.01547	0.00867	0.00904
29	0.02758	0.03173	0.02705	0.03111	0.23635	0.40686	0.01919	0.07557	0.02317	0.02502	0.01431	0.01722	0.01178	0.00828	0.00780	0.00228	0.01283	0.00620	0.00453	0.01115
30	0.01545	0.01697	0.05909	0.01308	0.01641	0.13853	0.01073	0.01903	0.02212	0.02795	0.36045	0.05357	0.18367	0.01557	0.00922	0.00256	0.00673	0.01305	0.00749	0.00832
31	0.36645	0.25908	0.15022	0.01453	0.02174	0.02362	0.01501	0.02494	0.01574	0.02909	0.01221	0.01423	0.00986	0.00754	0.00574	0.00231	0.00841	0.00480	0.00428	0.01020

[dist]
# distance from previous block
# <min> <max>
0	1

[block]
# block no. 2 follows, 22 sequences, length 223
# corresponding to MSA columns:
# 98-320
name=unknown_C
#
# <colnr> <probs for GDERKNQSTAVLIFYWHMCP>
#	G	D	E	R	K	N	Q	S	T	A	V	L	I	F	Y	W	H	M	C	P
0	0.02301	0.01771	0.01950	0.01507	0.02109	0.01761	0.01221	0.32052	0.02878	0.03959	0.07945	0.02968	0.09343	0.01070	0.00796	0.00216	0.00722	0.00852	0.00728	0.23852
1	0.02055	0.02205	0.01771	0.01818	0.06343	0.26537	0.01272	0.06716	0.02153	0.02402	0.03682	0.18736	0.15293	0.01568	0.00895	0.00268	0.00939	0.03833	0.00619	0.00895
2	0.01489	0.01472	0.01258	0.01187	0.01463	0.14177	0.00891	0.01776	0.02176	0.02653	0.30538	0.05944	0.28518	0.01684	0.00934	0.00259	0.00626	0.01404	0.00762	0.00788
3	0.01275	0.01347	0.05964	0.01538	0.05899	0.01245	0.01185	0.01546	0.01730	0.02242	0.05633	0.11548	0.38008	0.01833	0.01318	0.00299	0.14484	0.01452	0.00635	0.00820
4	0.06866	0.01731	0.02845	0.20564	0.03689	0.01721	0.19448	0.02454	0.06120	0.02655	0.01648	0.02081	0.01274	0.00746	0.00791	0.00232	0.00986	0.00732	0.00463	0.22953
5	0.01638	0.01432	0.02076	0.26389	0.13653	0.01552	0.01710	0.08631	0.02033	0.02626	0.03778	0.04343	0.20215	0.01306	0.00895	0.00277	0.00842	0.05065	0.00572	0.00967
6	0.02479	0.21692	0.02718	0.01747	0.02229	0.27344	0.01436	0.10926	0.02178	0.02432	0.01537	0.01879	0.01320	0.01925	0.14238	0.00436	0.01397	0.00611	0.00467	0.01009
7	0.08722	0.16310	0.19905	0.04700	0.10137	0.02004	0.01870	0.02622	0.06686	0.07344	0.02543	0.02648	0.09244	0.00975	0.00750	0.00247	0.00889	0.00769	0.00516	0.01119
8	0.02715	0.02190	0.02493	0.02871	0.23745	0.15252	0.01761	0.05795	0.09714	0.19075	0.04492	0.02413	0.01843	0.00930	0.00819	0.00248	0.00956	0.00774	0.00661	0.01253
9	0.01932	0.02041	0.02216	0.02112	0.06766	0.15256	0.01579	0.02175	0.01743	0.02265	0.10667	0.02936	0.07854	0.01372	0.01784	0.00303	0.34702	0.00889	0.00493	0.00914
10	0.02059	0.01669	0.01974	0.01690	0.01926	0.04635	0.01334	0.17493	0.02031	0.05072	0.01902	0.02850	0.01756	0.16035	0.12937	0.00571	0.21711	0.00852	0.00552	0.00950
11	0.01723	0.01477	0.01723	0.01230	0.01969	0.01107	0.00984	0.02092	0.01723	0.02707	0.01477	0.01723	0.01230	0.00615	0.00615	0.00123	0.00615	0.00492	0.00492	0.75883
12	0.01208	0.00805	0.00906	0.00906	0.00906	0.00805	0.00503	0.01208	0.01208	0.01611	0.02618	0.05436	0.03020	0.70804	0.04228	0.00805	0.00805	0.01208	0.00503	0.00503
13	0.02066	0.01785	0.01878	0.01691	0.02160	0.02066	0.01315	0.04414	0.64121	0.03475	0.03381	0.03099	0.02536	0.01127	0.00845	0.00282	0.00657	0.00939	0.00845	0.01315
14	0.01961	0.02241	0.04902	0.03501	0.04342	0.02101	0.62605	0.02661	0.01961	0.02661	0.01681	0.02241	0.01261	0.00700	0.00980	0.00280	0.01401	0.00980	0.00420	0.01120
15	0.76672	0.01607	0.01221	0.01092	0.01607	0.01864	0.00900	0.02442	0.01414	0.03727	0.01157	0.01350	0.00900	0.00771	0.00514	0.00257	0.00643	0.00450	0.00514	0.00900
16	0.01024	0.00737	0.00952	0.01118	0.01178	0.00686	0.00743	0.01163	0.01584	0.02093	0.04702	0.61497	0.09383	0.07340	0.01277	0.00366	0.00500	0.02240	0.00752	0.00665
17	0.01125	0.00770	0.00931	0.01012	0.01033	0.00750	0.00617	0.01186	0.01370	0.01827	0.03449	0.32909	0.04069	0.41901	0.02886	0.00607	0.00668	0.01697	0.00617	0.00576
18	0.01204	0.00823	0.00993	0.00993	0.01023	0.00853	0.00612	0.01264	0.01234	0.01675	0.02538	0.04996	0.02829	0.57711	0.17060	0.00913	0.01093	0.01144	0.00492	0.00552
19	0.01734	0.01357	0.01443	0.01274	0.01660	0.01381	0.00992	0.19982	0.07951	0.03236	0.05598	0.13002	0.33625	0.01744	0.00934	0.00278	0.00597	0.01450	0.00796	0.00966
20	0.02361	0.53195	0.08172	0.01630	0.02319	0.16116	0.01570	0.02664	0.01827	0.02016	0.01204	0.01395	0.01066	0.00745	0.00594	0.00191	0.01034	0.00474	0.00370	0.01056
21	0.17765	0.06158	0.02374	0.02296	0.11026	0.35996	0.01595	0.05245	0.02069	0.02590	0.01308	0.01574	0.01084	0.00855	0.00815	0.00235	0.04984	0.00561	0.00452	0.01018
22	0.02300	0.33373	0.21954	0.01894	0.02678	0.20395	0.01953	0.02756	0.01889	0.02173	0.01288	0.01501	0.01063	0.00773	0.00667	0.00213	0.01154	0.00519	0.00374	0.01085
23	0.02056	0.01803	0.02110	0.06672	0.06741	0.02110	0.01525	0.06471	0.47186	0.03272	0.02856	0.02802	0.02173	0.01104	0.01013	0.00285	0.06945	0.00884	0.00738	0.01255
24	0.01012	0.00723	0.00964	0.01157	0.01205	0.00675	0.00771	0.01157	0.01591	0.02121	0.04579	0.70262	0.05495	0.02603	0.01060	0.00337	0.00482	0.02362	0.00771	0.00675
25	0.01004	0.00816	0.00892	0.00949	0.01167	0.00705	0.00695	0.01204	0.01818	0.02222	0.07285	0.23825	0.47752	0.02238	0.01008	0.00299	0.00450	0.04204	0.00771	0.00697
26	0.01666	0.04297	0.66500	0.02368	0.03596	0.01929	0.03069	0.02631	0.01754	0.02631	0.01491	0.01754	0.01052	0.00789	0.00789	0.00263	0.01228	0.00614	0.00351	0.01228
27	0.03158	0.02327	0.02493	0.01911	0.02576	0.02576	0.01579	0.62852	0.03906	0.05236	0.01995	0.01995	0.01413	0.00997	0.00831	0.00249	0.00914	0.00748	0.00831	0.01413
28	0.02665	0.02014	0.02179	0.01748	0.02308	0.02226	0.01416	0.42637	0.15814	0.04619	0.10987	0.02798	0.02525	0.01120	0.00854	0.00257	0.00790	0.00890	0.00845	0.01306
29	0.76672	0.01607	0.01221	0.01092	0.01607	0.01864	0.00900	0.02442	0.01414	0.03727	0.01157	0.01350	0.00900	0.00771	0.00514	0.00257	0.00643	0.00450	0.00514	0.00900
30	0.01012	0.00723	0.00964	0.01157	0.01205	0.00675	0.00771	0.01157	0.01591	0.02121	0.04579	0.70262	0.05495	0.02603	0.01060	0.00337	0.00482	0.02362	0.00771	0.00675
31	0.01187	0.00890	0.01335	0.01335	0.01483	0.01038	0.01038	0.01483	0.01335	0.01928	0.02225	0.03264	0.02077	0.06231	0.67512	0.01335	0.02225	0.00890	0.00445	0.00742
32	0.30240	0.02209	0.01884	0.01768	0.06495	0.19347	0.01299	0.03157	0.01983	0.21531	0.01842	0.01873	0.01314	0.00867	0.00693	0.00245	0.00916	0.00606	0.00635	0.01097
33	0.02693	0.01334	0.01697	0.01382	0.01867	0.01259	0.01115	0.11204	0.02461	0.34452	0.16040	0.03899	0.08874	0.01645	0.05850	0.00339	0.00759	0.01046	0.00911	0.01171
34	0.03158	0.02327	0.02493	0.01911	0.02576	0.02576	0.01579	0.62852	0.03906	0.05236	0.01995	0.01995	0.01413	0.00997	0.00831	0.00249	0.00914	0.00748	0.00831	0.01413
35	0.01192	0.00871	0.01237	0.01237	0.01351	0.00985	0.00916	0.01421	0.01306	0.01856	0.02315	0.03760	0.02292	0.20990	0.53048	0.01214	0.01901	0.00963	0.00458	0.00687
36	0.01013	0.00758	0.00941	0.01074	0.01187	0.00687	0.00738	0.01186	0.01702	0.02210	0.08494	0.51944	0.20175	0.02437	0.01037	0.00320	0.00463	0.02171	0.00778	0.00687
37	0.01569	0.01477	0.02492	0.68808	0.05722	0.01846	0.02307	0.02123	0.01661	0.02123	0.01477	0.02215	0.01107	0.00831	0.00831	0.00277	0.01107	0.00738	0.00369	0.00923
38	0.01767	0.03267	0.39726	0.11116	0.19243	0.01940	0.06170	0.02551	0.01788	0.02592	0.01517	0.01911	0.01136	0.00777	0.00813	0.00262	0.01163	0.00681	0.00372	0.01207
39	0.01206	0.00808	0.00917	0.00914	0.00925	0.00804	0.00519	0.01228	0.01272	0.01707	0.06108	0.05479	0.03289	0.66950	0.04047	0.00775	0.00782	0.01225	0.00526	0.00519
40	0.02604	0.26193	0.08973	0.02093	0.07700	0.15372	0.01746	0.20341	0.02490	0.03054	0.01490	0.01656	0.01188	0.00833	0.00709	0.00219	0.01054	0.00591	0.00513	0.01183
41	0.01012	0.00723	0.00964	0.01157	0.01205	0.00675	0.00771	0.01157	0.01591	0.02121	0.04579	0.70262	0.05495	0.02603	0.01060	0.00337	0.00482	0.02362	0.00771	0.00675
42	0.02413	0.05494	0.02283	0.02090	0.09808	0.10428	0.01482	0.26784	0.06977	0.03610	0.06909	0.10493	0.05161	0.01228	0.00850	0.00256	0.00871	0.01003	0.00702	0.01158
43	0.02781	0.02140	0.02281	0.01835	0.02433	0.02400	0.01488	0.42675	0.24697	0.04628	0.02473	0.02376	0.01801	0.01042	0.00836	0.00261	0.00826	0.00814	0.00836	0.01379
44	0.71189	0.01660	0.01316	0.01154	0.01679	0.01917	0.00950	0.06948	0.01600	0.03840	0.01219	0.01398	0.00938	0.00788	0.00538	0.00256	0.00663	0.00472	0.00538	0.00938
45	0.02393	0.05249	0.05596	0.03899	0.41662	0.11100	0.02222	0.09986	0.02204	0.05462	0.01626	0.01961	0.01303	0.00800	0.00801	0.00241	0.01043	0.00699	0.00484	0.01269
46	0.02066	0.01785	0.01878	0.01691	0.02160	0.02066	0.01315	0.04414	0.64121	0.03475	0.03381	0.03099	0.02536	0.01127	0.00845	0.00282	0.00657	0.00939	0.00845	0.01315
47	0.01600	0.08504	0.20033	0.02388	0.17248	0.01653	0.01878	0.02209	0.05294	0.02500	0.03764	0.06710	0.20366	0.01257	0.00846	0.00261	0.00837	0.01060	0.00536	0.01059
48	0.01589	0.01509	0.02594	0.54253	0.08571	0.01780	0.06699	0.02127	0.01718	0.02218	0.01939	0.02796	0.04135	0.00940	0.00863	0.00280	0.01076	0.03559	0.00411	0.00942
49	0.01245	0.00914	0.01197	0.01170	0.01228	0.01027	0.00812	0.01375	0.01263	0.01765	0.02349	0.04311	0.02505	0.40213	0.29027	0.00981	0.06472	0.01047	0.00470	0.00627
50	0.01877	0.01833	0.01975	0.01785	0.01999	0.12275	0.01418	0.04751	0.10238	0.02310	0.01890	0.02483	0.01662	0.03053	0.25919	0.00681	0.21642	0.00787	0.00489	0.00932
51	0.03103	0.03959	0.02354	0.02140	0.02568	0.67469	0.01605	0.03317	0.02354	0.02033	0.01284	0.01498	0.01070	0.00856	0.00749	0.00214	0.01498	0.00535	0.00428	0.00963
52	0.01045	0.00759	0.00969	0.01114	0.01200	0.00705	0.00763	0.01209	0.01649	0.02170	0.07571	0.52560	0.12599	0.07260	0.01273	0.00362	0.00506	0.04852	0.00758	0.00675
53	0.12243	0.02308	0.15297	0.06550	0.22345	0.01970	0.02051	0.03074	0.20045	0.03027	0.02021	0.02213	0.01552	0.00873	0.00780	0.00263	0.00898	0.00733	0.00538	0.01219
54	0.02949	0.02541	0.02359	0.01864	0.02491	0.15531	0.01502	0.42402	0.03290	0.04238	0.01779	0.01856	0.01318	0.00916	0.00785	0.00225	0.00991	0.00670	0.00703	0.11591
55	0.02686	0.07079	0.03022	0.02883	0.15482	0.41690	0.10197	0.03026	0.02170	0.02252	0.01388	0.01704	0.01146	0.00803	0.00784	0.00228	0.01348	0.00633	0.00420	0.01062
56	0.01142	0.00846	0.01232	0.01279	0.01403	0.00936	0.00961	0.01403	0.01439	0.02031	0.05228	0.20434	0.03167	0.05134	0.48053	0.01040	0.01711	0.01288	0.00546	0.00726
57	0.01208	0.00805	0.00906	0.00906	0.00906	0.00805	0.00503	0.01208	0.01208	0.01611	0.02618	0.05436	0.03020	0.70804	0.04228	0.00805	0.00805	0.01208	0.00503	0.00503
58	0.28471	0.01479	0.01688	0.01347	0.01946	0.01439	0.01112	0.03504	0.02051	0.45007	0.02558	0.02326	0.01664	0.00941	0.00726	0.00257	0.00685	0.00705	0.00854	0.01239
59	0.01666	0.04297	0.66500	0.02368	0.03596	0.01929	0.03069	0.02631	0.01754	0.02631	0.01491	0.01754	0.01052	0.00789	0.00789	0.00263	0.01228	0.00614	0.00351	0.01228
60	0.76672	0.01607	0.01221	0.01092	0.01607	0.01864	0.00900	0.02442	0.01414	0.03727	0.01157	0.01350	0.00900	0.00771	0.00514	0.00257	0.00643	0.00450	0.00514	0.00900
61	0.01515	0.01206	0.01319	0.01248	0.01557	0.01231	0.00941	0.10349	0.14639	0.02915	0.07707	0.21967	0.26429	0.01866	0.00953	0.00290	0.00551	0.01596	0.00800	0.00919
62	0.03156	0.01541	0.01911	0.01551	0.02134	0.01512	0.01253	0.04174	0.23607	0.44632	0.03313	0.02921	0.02221	0.01062	0.00839	0.00266	0.00690	0.00871	0.00965	0.01380
63	0.01058	0.00784	0.00950	0.01027	0.01149	0.00717	0.00702	0.01239	0.01735	0.02278	0.15111	0.35757	0.20067	0.11739	0.01465	0.00376	0.00497	0.01915	0.00758	0.00675
64	0.01137	0.00839	0.01062	0.01025	0.01222	0.00764	0.00762	0.01485	0.02232	0.03091	0.52836	0.11230	0.15585	0.01822	0.00986	0.00270	0.00403	0.01601	0.00884	0.00764
65	0.01044	0.00844	0.00928	0.00907	0.01160	0.00728	0.00680	0.01313	0.02041	0.02595	0.26718	0.07418	0.46764	0.01973	0.00981	0.00274	0.00411	0.01672	0.00818	0.00728
66	0.01666	0.04297	0.66500	0.02368	0.03596	0.01929	0.03069	0.02631	0.01754	0.02631	0.01491	0.01754	0.01052	0.00789	0.00789	0.00263	0.01228	0.00614	0.00351	0.01228
67	0.01723	0.01477	0.01723	0.01230	0.01969	0.01107	0.00984	0.02092	0.01723	0.02707	0.01477	0.01723	0.01230	0.00615	0.00615	0.00123	0.00615	0.00492	0.00492	0.75883
68	0.02072	0.02463	0.21172	0.01976	0.02659	0.01839	0.04746	0.23139	0.02535	0.03463	0.02592	0.08369	0.02397	0.01347	0.00918	0.00293	0.00964	0.15270	0.00650	0.01136
69	0.02066	0.01785	0.01878	0.01691	0.02160	0.02066	0.01315	0.04414	0.64121	0.03475	0.03381	0.03099	0.02536	0.01127	0.00845	0.00282	0.00657	0.00939	0.00845	0.01315
70	0.01191	0.00873	0.01249	0.01249	0.01367	0.00992	0.00931	0.01428	0.01310	0.01865	0.02304	0.03701	0.02267	0.19230	0.54772	0.01228	0.01939	0.00954	0.00457	0.00694
71	0.01815	0.01728	0.02936	0.36656	0.35952	0.01910	0.02429	0.02338	0.01777	0.02421	0.01520	0.02135	0.01213	0.00785	0.00826	0.00262	0.01047	0.00739	0.00390	0.01121
72	0.02056	0.01974	0.03372	0.05099	0.65622	0.01974	0.02550	0.02550	0.01892	0.02714	0.01563	0.02056	0.01316	0.00740	0.00822	0.00247	0.00987	0.00740	0.00411	0.01316
73	0.01223	0.00807	0.00951	0.00965	0.01004	0.00822	0.00595	0.01305	0.01299	0.01821	0.02715	0.09491	0.02996	0.51709	0.11508	0.00783	0.00921	0.01210	0.07307	0.00569
74	0.00988	0.00818	0.00866	0.00905	0.01139	0.00696	0.00659	0.01185	0.01833	0.02219	0.07643	0.20530	0.53248	0.02204	0.00998	0.00292	0.00433	0.01876	0.00771	0.00696
75	0.01109	0.00764	0.00935	0.01033	0.01057	0.00739	0.00639	0.01182	0.01401	0.01868	0.03608	0.38190	0.04270	0.36345	0.02628	0.00569	0.00642	0.01791	0.00639	0.00590
76	0.01641	0.01518	0.01672	0.01497	0.01821	0.09508	0.05220	0.02390	0.13872	0.03033	0.33902	0.05085	0.08142	0.01482	0.00938	0.00270	0.00679	0.05617	0.00789	0.00924
77	0.01012	0.00723	0.00964	0.01157	0.01205	0.00675	0.00771	0.01157	0.01591	0.02121	0.04579	0.70262	0.05495	0.02603	0.01060	0.00337	0.00482	0.02362	0.00771	0.00675
78	0.02012	0.01723	0.01838	0.01679	0.02127	0.01984	0.01317	0.04214	0.59481	0.03401	0.03457	0.03567	0.02703	0.01214	0.00868	0.00289	0.00665	0.05347	0.00839	0.01274
79	0.01188	0.00884	0.01306	0.01306	0.01444	0.01023	0.01002	0.01465	0.01326	0.01907	0.02252	0.03411	0.02141	0.10617	0.63213	0.01299	0.02129	0.00912	0.00449	0.00726
80	0.02029	0.01946	0.03323	0.08653	0.62281	0.01967	0.02536	0.02526	0.01879	0.02681	0.01558	0.02065	0.01304	0.00745	0.00823	0.00248	0.00994	0.00740	0.00409	0.01294
81	0.01666	0.04297	0.66500	0.02368	0.03596	0.01929	0.03069	0.02631	0.01754	0.02631	0.01491	0.01754	0.01052	0.00789	0.00789	0.00263	0.01228	0.00614	0.00351	0.01228
82	0.02298	0.02453	0.03065	0.04171	0.45763	0.18164	0.02267	0.02701	0.01964	0.02498	0.01462	0.01902	0.01240	0.00817	0.00934	0.00247	0.05752	0.00689	0.00412	0.01201
83	0.01876	0.01498	0.02054	0.07377	0.19218	0.01554	0.01531	0.02791	0.18910	0.08572	0.08306	0.07088	0.13157	0.01272	0.00881	0.00271	0.00716	0.01111	0.00699	0.01120
84	0.01039	0.00853	0.00922	0.00931	0.01192	0.00735	0.00715	0.01289	0.01955	0.02408	0.15452	0.07886	0.52310	0.02068	0.00997	0.00287	0.00448	0.07004	0.00790	0.00718
85	0.01070	0.00752	0.00970	0.01122	0.01167	0.00716	0.00742	0.01195	0.01525	0.02030	0.04153	0.53494	0.04934	0.17079	0.01738	0.00439	0.00565	0.04952	0.00714	0.00643
86	0.01455	0.00911	0.01200	0.01093	0.01338	0.00832	0.00832	0.01840	0.02354	0.10222	0.58398	0.05835	0.07205	0.01625	0.00964	0.00261	0.00426	0.01429	0.00927	0.00853
87	0.01196	0.00811	0.00958	0.00968	0.00987	0.00826	0.00578	0.01237	0.01241	0.01672	0.02669	0.08376	0.03034	0.60060	0.11315	0.00843	0.00952	0.01228	0.00510	0.00539
88	0.02399	0.57747	0.03951	0.01566	0.02220	0.16208	0.01458	0.02655	0.01822	0.01970	0.01181	0.01366	0.01067	0.00740	0.00577	0.00185	0.01011	0.00462	0.00370	0.01045
89	0.01191	0.00872	0.01243	0.01243	0.01360	0.00988	0.00924	0.01424	0.01308	0.01860	0.02309	0.03730	0.02279	0.20077	0.53942	0.01222	0.01921	0.00958	0.00458	0.00691
90	0.02120	0.21547	0.29995	0.01988	0.02808	0.17888	0.02135	0.02672	0.01849	0.02258	0.01408	0.01695	0.01137	0.01190	0.05689	0.00309	0.01278	0.00571	0.00377	0.01086
91	0.02266	0.01884	0.01991	0.01731	0.02236	0.02159	0.01363	0.15093	0.53118	0.03797	0.03128	0.02898	0.02331	0.01103	0.00843	0.00276	0.00704	0.00904	0.00843	0.01333
92	0.01185	0.00819	0.01028	0.01128	0.01188	0.00806	0.00781	0.01319	0.01486	0.01966	0.03596	0.24399	0.04136	0.35173	0.02598	0.00572	0.00706	0.15858	0.00641	0.00615
93	0.01642	0.03882	0.57315	0.02440	0.07625	0.01841	0.02852	0.02518	0.01774	0.02608	0.02012	0.02240	0.05861	0.00884	0.00806	0.00263	0.01151	0.00707	0.00386	0.01194
94	0.01012	0.00723	0.00964	0.01157	0.01205	0.00675	0.00771	0.01157	0.01591	0.02121	0.04579	0.70262	0.05495	0.02603	0.01060	0.00337	0.00482	0.02362	0.00771	0.00675
95	0.01223	0.01144	0.06195	0.01412	0.01641	0.01105	0.01190	0.01569	0.01366	0.01981	0.02170	0.03151	0.02000	0.05825	0.62536	0.01255	0.02151	0.00869	0.00438	0.00778
96	0.02078	0.02252	0.02506	0.02173	0.02260	0.15709	0.01774	0.02267	0.01492	0.02006	0.01130	0.01753	0.01086	0.01333	0.02325	0.00333	0.55540	0.00688	0.00377	0.00920
97	0.02096	0.01765	0.01886	0.01696	0.02160	0.02023	0.01337	0.08729	0.54828	0.03537	0.03350	0.03482	0.02617	0.01204	0.00867	0.00287	0.00685	0.05332	0.00838	0.01281
98	0.01204	0.00822	0.00992	0.00992	0.01022	0.00852	0.00611	0.01264	0.01234	0.01675	0.02539	0.04999	0.02830	0.57805	0.16968	0.00912	0.01091	0.01144	0.00492	0.00551
99	0.01635	0.03335	0.44445	0.02044	0.02949	0.04589	0.02397	0.02507	0.06087	0.02527	0.02200	0.02499	0.05682	0.01762	0.11311	0.00432	0.01302	0.00754	0.00432	0.01110
100	0.01888	0.01956	0.02080	0.01857	0.01968	0.15126	0.01465	0.02070	0.01492	0.01941	0.01528	0.02491	0.01515	0.11686	0.13241	0.00555	0.35113	0.00782	0.00409	0.00836
101	0.01956	0.39317	0.34020	0.01873	0.02831	0.02639	0.02208	0.02556	0.01719	0.02277	0.01315	0.01534	0.01060	0.00748	0.00655	0.00218	0.01050	0.00525	0.00353	0.01143
102	0.01012	0.00723	0.00964	0.01157	0.01205	0.00675	0.00771	0.01157	0.01591	0.02121	0.04579	0.70262	0.05495	0.02603	0.01060	0.00337	0.00482	0.02362	0.00771	0.00675
103	0.02227	0.52700	0.03662	0.01484	0.02090	0.12622	0.01372	0.02501	0.01868	0.02132	0.08893	0.01945	0.01883	0.00852	0.00619	0.00193	0.00920	0.00585	0.00434	0.01017
104	0.76672	0.01607	0.01221	0.01092	0.01607	0.01864	0.00900	0.02442	0.01414	0.03727	0.01157	0.01350	0.00900	0.00771	0.00514	0.00257	0.00643	0.00450	0.00514	0.00900
105	0.01187	0.00890	0.01335	0.01335	0.01483	0.01038	0.01038	0.01483	0.01335	0.01928	0.02225	0.03264	0.02077	0.06231	0.67512	0.01335	0.02225	0.00890	0.00445	0.00742
106	0.76672	0.01607	0.01221	0.01092	0.01607	0.01864	0.00900	0.02442	0.01414	0.03727	0.01157	0.01350	0.00900	0.00771	0.00514	0.00257	0.00643	0.00450	0.00514	0.00900
107	0.01012	0.00723	0.00964	0.01157	0.01205	0.00675	0.00771	0.01157	0.01591	0.02121	0.04579	0.70262	0.05495	0.02603	0.01060	0.00337	0.00482	0.02362	0.00771	0.00675
108	0.02066	0.01785	0.01878	0.01691	0.02160	0.02066	0.01315	0.04414	0.64121	0.03475	0.03381	0.03099	0.02536	0.01127	0.00845	0.00282	0.00657	0.00939	0.00845	0.01315
109	0.03158	0.02327	0.02493	0.01911	0.02576	0.02576	0.01579	0.62852	0.03906	0.05236	0.01995	0.01995	0.01413	0.00997	0.00831	0.00249	0.00914	0.00748	0.00831	0.01413
110	0.03103	0.03959	0.02354	0.02140	0.02568	0.67469	0.01605	0.03317	0.02354	0.02033	0.01284	0.01498	0.01070	0.00856	0.00749	0.00214	0.01498	0.00535	0.00428	0.00963
111	0.01145	0.00822	0.00991	0.01030	0.01219	0.00731	0.00741	0.01378	0.01907	0.04944	0.19991	0.30293	0.27472	0.02151	0.01005	0.00296	0.00448	0.01883	0.00815	0.00738
112	0.02287	0.66281	0.04204	0.01475	0.02165	0.08074	0.01435	0.02549	0.01738	0.01960	0.01165	0.01345	0.01066	0.00722	0.00549	0.00180	0.00934	0.00451	0.00361	0.01058
113	0.01855	0.01263	0.01541	0.01271	0.01771	0.01066	0.00980	0.02304	0.06208	0.12738	0.07382	0.18572	0.02956	0.01268	0.00799	0.00217	0.00584	0.01096	0.00700	0.35430
114	0.01032	0.00762	0.00946	0.01067	0.01171	0.00697	0.00726	0.01198	0.01683	0.02201	0.09744	0.48455	0.17624	0.07067	0.01254	0.00352	0.00485	0.02096	0.00764	0.00677
115	0.01861	0.02016	0.03944	0.02952	0.03495	0.02152	0.40176	0.02379	0.01712	0.02412	0.01548	0.02193	0.01272	0.01334	0.06455	0.00383	0.21381	0.00899	0.00405	0.01030
116	0.03158	0.02327	0.02493	0.01911	0.02576	0.02576	0.01579	0.62852	0.03906	0.05236	0.01995	0.01995	0.01413	0.00997	0.00831	0.00249	0.00914	0.00748	0.00831	0.01413
117	0.01385	0.01377	0.06413	0.01940	0.14393	0.01151	0.01297	0.01890	0.05137	0.02888	0.30295	0.05336	0.20220	0.01512	0.00928	0.00264	0.00594	0.01318	0.00732	0.00929
118	0.01787	0.14316	0.49552	0.02359	0.03461	0.02158	0.09994	0.02613	0.01769	0.02531	0.01462	0.01748	0.01080	0.00767	0.00773	0.00252	0.01197	0.00632	0.00360	0.01190
119	0.02403	0.52629	0.03865	0.01565	0.02256	0.02845	0.04799	0.02856	0.06455	0.10966	0.01643	0.01721	0.01323	0.00785	0.00623	0.00202	0.00875	0.00565	0.00488	0.01136
120	0.01012	0.00723	0.00964	0.01157	0.01205	0.00675	0.00771	0.01157	0.01591	0.02121	0.04579	0.70262	0.05495	0.02603	0.01060	0.00337	0.00482	0.02362	0.00771	0.00675
121	0.01903	0.01833	0.03170	0.24524	0.44606	0.01940	0.05109	0.02424	0.01824	0.02531	0.01541	0.02113	0.01250	0.00766	0.00832	0.00257	0.01042	0.00750	0.00399	0.01187
122	0.02356	0.03080	0.16102	0.03274	0.23042	0.22364	0.09916	0.02878	0.02035	0.04960	0.01543	0.01874	0.01207	0.00793	0.00813	0.00245	0.01237	0.00685	0.00429	0.01167
123	0.24114	0.10376	0.16262	0.01817	0.02490	0.20088	0.05052	0.02680	0.01831	0.02697	0.01651	0.01853	0.04184	0.00854	0.00690	0.00240	0.01064	0.00602	0.00445	0.01009
124	0.02808	0.06793	0.02698	0.02818	0.17739	0.48533	0.01824	0.03092	0.02210	0.02193	0.01345	0.01624	0.01129	0.00821	0.00756	0.00220	0.01345	0.00580	0.00420	0.01053
125	0.01208	0.00805	0.00906	0.00906	0.00906	0.00805	0.00503	0.01208	0.01208	0.01611	0.02618	0.05436	0.03020	0.70804	0.04228	0.00805	0.00805	0.01208	0.00503	0.00503
126	0.03048	0.01365	0.01798	0.01381	0.01995	0.01151	0.01126	0.03386	0.02243	0.46617	0.09610	0.02970	0.02515	0.01018	0.00807	0.00231	0.00654	0.00838	0.00908	0.16337
127	0.01747	0.01715	0.01840	0.14234	0.02586	0.14650	0.04330	0.06452	0.01950	0.02362	0.02993	0.35102	0.03261	0.01702	0.00933	0.00292	0.00883	0.01498	0.00613	0.00857
128	0.01803	0.01748	0.01858	0.06675	0.02176	0.14229	0.01383	0.06123	0.01722	0.02197	0.01821	0.02565	0.01634	0.03798	0.36479	0.00836	0.10856	0.00779	0.00451	0.00866
129	0.01961	0.02241	0.04902	0.03501	0.04342	0.02101	0.62605	0.02661	0.01961	0.02661	0.01681	0.02241	0.01261	0.00700	0.00980	0.00280	0.01401	0.00980	0.00420	0.01120
130	0.02012	0.01929	0.03292	0.10875	0.60191	0.01962	0.02528	0.02511	0.01871	0.02660	0.01555	0.02070	0.01297	0.00748	0.00823	0.00249	0.00998	0.00740	0.00407	0.01280
131	0.01012	0.00723	0.00964	0.01157	0.01205	0.00675	0.00771	0.01157	0.01591	0.02121	0.04579	0.70262	0.05495	0.02603	0.01060	0.00337	0.00482	0.02362	0.00771	0.00675
132	0.01443	0.00722	0.01082	0.01082	0.01082	0.00722	0.00722	0.01082	0.01082	0.01443	0.01443	0.02525	0.01443	0.02886	0.03247	0.75830	0.00722	0.00722	0.00361	0.00361
133	0.02922	0.01594	0.01904	0.01581	0.02140	0.01631	0.01267	0.04226	0.32318	0.35783	0.03328	0.02959	0.02289	0.01076	0.00840	0.00269	0.00683	0.00886	0.00940	0.01366
134	0.02066	0.01785	0.01878	0.01691	0.02160	0.02066	0.01315	0.04414	0.64121	0.03475	0.03381	0.03099	0.02536	0.01127	0.00845	0.00282	0.00657	0.00939	0.00845	0.01315
135	0.02704	0.02101	0.02238	0.01820	0.02403	0.02364	0.01469	0.38550	0.28948	0.04503	0.02571	0.02454	0.01880	0.01051	0.00837	0.00263	0.00807	0.00827	0.00837	0.01372
136	0.76672	0.01607	0.01221	0.01092	0.01607	0.01864	0.00900	0.02442	0.01414	0.03727	0.01157	0.01350	0.00900	0.00771	0.00514	0.00257	0.00643	0.00450	0.00514	0.00900
137	0.02402	0.57583	0.03954	0.01558	0.02221	0.13671	0.01458	0.05069	0.01886	0.02100	0.01210	0.01386	0.01081	0.00746	0.00580	0.00186	0.00988	0.00471	0.00386	0.01063
138	0.02050	0.15140	0.43261	0.02167	0.03147	0.15554	0.02502	0.02748	0.01866	0.02398	0.01394	0.01633	0.01058	0.00790	0.00739	0.00239	0.01228	0.00570	0.00367	0.01147
139	0.01193	0.00867	0.01216	0.01216	0.01323	0.00974	0.00890	0.01407	0.01300	0.01840	0.02334	0.03866	0.02338	0.24140	0.49961	0.01188	0.01831	0.00978	0.00461	0.00676
140	0.01012	0.00723	0.00964	0.01157	0.01205	0.00675	0.00771	0.01157	0.01591	0.02121	0.04579	0.70262	0.05495	0.02603	0.01060	0.00337	0.00482	0.02362	0.00771	0.00675
141	0.01187	0.00890	0.01335	0.01335	0.01483	0.01038	0.01038	0.01483	0.01335	0.01928	0.02225	0.03264	0.02077	0.06231	0.67512	0.01335	0.02225	0.00890	0.00445	0.00742
142	0.01666	0.04297	0.66500	0.02368	0.03596	0.01929	0.03069	0.02631	0.01754	0.02631	0.01491	0.01754	0.01052	0.00789	0.00789	0.00263	0.01228	0.00614	0.00351	0.01228
143	0.01014	0.00758	0.00943	0.01076	0.01187	0.00687	0.00739	0.01188	0.01705	0.02217	0.08869	0.51932	0.19796	0.02434	0.01037	0.00320	0.00462	0.02170	0.00779	0.00687
144	0.01801	0.14456	0.45416	0.02367	0.03406	0.02194	0.10965	0.02585	0.01751	0.02501	0.01447	0.01758	0.01085	0.00794	0.00860	0.00256	0.04182	0.00643	0.00362	0.01174
145	0.00982	0.00842	0.00842	0.00842	0.01122	0.00701	0.00631	0.01192	0.01894	0.02244	0.08416	0.07995	0.65285	0.02104	0.00982	0.00281	0.00421	0.01753	0.00771	0.00701
146	0.01723	0.01477	0.01723	0.01230	0.01969	0.01107	0.00984	0.02092	0.01723	0.02707	0.01477	0.01723	0.01230	0.00615	0.00615	0.00123	0.00615	0.00492	0.00492	0.75883
147	0.02260	0.07346	0.08251	0.05239	0.02549	0.17160	0.01723	0.12254	0.02065	0.02614	0.01481	0.01907	0.01247	0.01590	0.08543	0.00381	0.18346	0.00666	0.00467	0.03912
148	0.02457	0.11323	0.24883	0.02286	0.05978	0.34505	0.02140	0.02951	0.02050	0.02265	0.01355	0.01596	0.01076	0.00811	0.00743	0.00229	0.01313	0.00563	0.00392	0.01084
149	0.01169	0.00789	0.00918	0.00957	0.00966	0.00779	0.00557	0.01198	0.01285	0.01713	0.03012	0.18487	0.03518	0.57074	0.03591	0.00711	0.00740	0.01440	0.00557	0.00538
150	0.01885	0.01670	0.02512	0.03425	0.36355	0.01718	0.01872	0.06777	0.11076	0.02862	0.02585	0.18605	0.02506	0.01263	0.00884	0.00274	0.00812	0.01160	0.00591	0.01168
151	0.02438	0.16524	0.03238	0.03371	0.31976	0.21374	0.02009	0.05119	0.02064	0.02461	0.01416	0.01745	0.01198	0.00778	0.00743	0.00223	0.01113	0.00621	0.00421	0.01166
152	0.01983	0.01934	0.06606	0.01645	0.02125	0.05469	0.01368	0.07707	0.38765	0.03425	0.16080	0.03489	0.03385	0.01198	0.00863	0.00270	0.00709	0.00998	0.00799	0.01183
153	0.02248	0.16654	0.12068	0.03382	0.31503	0.15512	0.02203	0.02704	0.01925	0.02412	0.01414	0.01756	0.01179	0.00765	0.00745	0.00228	0.01104	0.00622	0.00395	0.01182
154	0.02056	0.01974	0.03372	0.05099	0.65622	0.01974	0.02550	0.02550	0.01892	0.02714	0.01563	0.02056	0.01316	0.00740	0.00822	0.00247	0.00987	0.00740	0.00411	0.01316
155	0.01002	0.00763	0.00922	0.01049	0.01177	0.00684	0.00723	0.01169	0.01694	0.02163	0.05886	0.49051	0.25862	0.02433	0.01034	0.00318	0.00461	0.02154	0.00771	0.00684
156	0.02740	0.02293	0.02190	0.01789	0.02304	0.12694	0.01423	0.39537	0.05515	0.04081	0.05099	0.02486	0.01872	0.06122	0.05722	0.00359	0.01057	0.00799	0.00722	0.01197
157	0.01040	0.00844	0.00922	0.00903	0.01158	0.00726	0.00677	0.01305	0.02031	0.02571	0.25457	0.07458	0.48040	0.01982	0.00981	0.00275	0.00412	0.01678	0.00814	0.00726
158	0.02042	0.01421	0.01623	0.01407	0.01806	0.01453	0.01123	0.23875	0.02700	0.08279	0.13849	0.12236	0.16185	0.01631	0.00940	0.00280	0.00655	0.06632	0.00834	0.01028
159	0.20299	0.02555	0.02163	0.02206	0.11380	0.24775	0.01515	0.08573	0.09856	0.06581	0.01729	0.01861	0.01333	0.00875	0.00728	0.00243	0.01020	0.00631	0.00568	0.01109
160	0.02056	0.01974	0.03372	0.05099	0.65622	0.01974	0.02550	0.02550	0.01892	0.02714	0.01563	0.02056	0.01316	0.00740	0.00822	0.00247	0.00987	0.00740	0.00411	0.01316
161	0.01872	0.01727	0.02492	0.05204	0.12511	0.01839	0.11435	0.03263	0.31763	0.03070	0.08684	0.03373	0.06820	0.01102	0.00885	0.00274	0.00809	0.01013	0.00689	0.01177
162	0.02013	0.02092	0.06057	0.04583	0.50578	0.01962	0.12595	0.02555	0.01892	0.02702	0.01576	0.02063	0.01293	0.00731	0.00840	0.00248	0.01052	0.00767	0.00413	0.03987
163	0.01013	0.00843	0.00885	0.00874	0.01141	0.00715	0.00656	0.01253	0.01967	0.02419	0.17543	0.07707	0.56049	0.02039	0.00982	0.00277	0.00416	0.01713	0.00794	0.00715
164	0.02064	0.01823	0.02179	0.02377	0.14936	0.02048	0.01563	0.04039	0.51594	0.03322	0.03015	0.02889	0.02290	0.01049	0.00841	0.00275	0.00724	0.00899	0.00758	0.01315
165	0.01549	0.00774	0.00774	0.00774	0.00968	0.00774	0.00581	0.01936	0.01742	0.03097	0.02710	0.03097	0.02129	0.00968	0.00581	0.00194	0.00387	0.00774	0.75416	0.00774
166	0.08831	0.01427	0.01878	0.01451	0.02085	0.01266	0.01199	0.03936	0.02310	0.61827	0.03129	0.02724	0.01975	0.01010	0.00813	0.00257	0.00702	0.00808	0.00992	0.01378
167	0.76672	0.01607	0.01221	0.01092	0.01607	0.01864	0.00900	0.02442	0.01414	0.03727	0.01157	0.01350	0.00900	0.00771	0.00514	0.00257	0.00643	0.00450	0.00514	0.00900
168	0.01207	0.00809	0.00923	0.00923	0.00929	0.00815	0.00524	0.01219	0.01213	0.01623	0.02602	0.05351	0.02983	0.68259	0.06723	0.00826	0.00861	0.01196	0.00501	0.00513
169	0.02284	0.08160	0.05423	0.01717	0.02180	0.02097	0.01473	0.15359	0.14863	0.10183	0.06876	0.02909	0.06503	0.01208	0.01208	0.00277	0.14546	0.00880	0.00696	0.01159
170	0.01042	0.00861	0.00926	0.00958	0.01224	0.00745	0.00751	0.01282	0.01897	0.02285	0.07734	0.08228	0.55016	0.02136	0.01010	0.00298	0.00479	0.11644	0.00770	0.00712
171	0.01601	0.11149	0.07089	0.02219	0.14738	0.01717	0.01564	0.01942	0.01509	0.02117	0.01827	0.02737	0.01716	0.10295	0.27262	0.00731	0.07646	0.00796	0.00418	0.00929
172	0.01923	0.01801	0.02655	0.22636	0.06000	0.02293	0.04519	0.09615	0.01771	0.02494	0.01364	0.01988	0.01152	0.01147	0.01763	0.00315	0.34391	0.00744	0.00427	0.01001
173	0.01231	0.00920	0.01155	0.01101	0.01322	0.00876	0.00839	0.01745	0.06611	0.03205	0.52802	0.06312	0.12020	0.01725	0.00980	0.00271	0.00434	0.04748	0.00890	0.00813
174	0.03103	0.03959	0.02354	0.02140	0.02568	0.67469	0.01605	0.03317	0.02354	0.02033	0.01284	0.01498	0.01070	0.00856	0.00749	0.00214	0.01498	0.00535	0.00428	0.00963
175	0.01666	0.04297	0.66500	0.02368	0.03596	0.01929	0.03069	0.02631	0.01754	0.02631	0.01491	0.01754	0.01052	0.00789	0.00789	0.00263	0.01228	0.00614	0.00351	0.01228
176	0.01012	0.00723	0.00964	0.01157	0.01205	0.00675	0.00771	0.01157	0.01591	0.02121	0.04579	0.70262	0.05495	0.02603	0.01060	0.00337	0.00482	0.02362	0.00771	0.00675
177	0.01666	0.04297	0.66500	0.02368	0.03596	0.01929	0.03069	0.02631	0.01754	0.02631	0.01491	0.01754	0.01052	0.00789	0.00789	0.00263	0.01228	0.00614	0.00351	0.01228
178	0.01187	0.00890	0.01335	0.01335	0.01483	0.01038	0.01038	0.01483	0.01335	0.01928	0.02225	0.03264	0.02077	0.06231	0.67512	0.01335	0.02225	0.00890	0.00445	0.00742
179	0.01773	0.01753	0.02460	0.02122	0.02132	0.02439	0.01763	0.01963	0.01277	0.01994	0.01170	0.01919	0.01160	0.01788	0.07259	0.00431	0.64592	0.00738	0.00369	0.00897
180	0.01700	0.01122	0.01408	0.01260	0.01563	0.01058	0.00945	0.05997	0.02005	0.10725	0.17815	0.23335	0.04291	0.06805	0.01237	0.00306	0.03580	0.01404	0.00760	0.12684
181	0.01843	0.02103	0.08407	0.03399	0.19046	0.01950	0.29120	0.02408	0.01779	0.02511	0.01659	0.02261	0.01356	0.01548	0.10259	0.00424	0.07553	0.00857	0.00411	0.01106
182	0.02769	0.02333	0.15163	0.01826	0.02553	0.01930	0.01715	0.19864	0.16995	0.22147	0.02590	0.02446	0.01789	0.00994	0.00827	0.00262	0.00857	0.00791	0.00795	0.01353
183	0.02037	0.07318	0.07819	0.04550	0.53255	0.02076	0.05851	0.02557	0.01871	0.02649	0.01534	0.01992	0.01276	0.00739	0.00807	0.00245	0.01019	0.00723	0.00403	0.01280
184	0.02368	0.01934	0.02048	0.01752	0.02275	0.02207	0.01388	0.20537	0.47508	0.03961	0.02999	0.02795	0.02226	0.01091	0.00841	0.00273	0.00728	0.00886	0.00841	0.01342
185	0.00991	0.00807	0.00877	0.00934	0.01146	0.00694	0.00672	0.01182	0.01805	0.02208	0.07292	0.26225	0.47780	0.02250	0.01005	0.00297	0.00439	0.01931	0.00771	0.00694
186	0.01196	0.00854	0.01151	0.01151	0.01235	0.00938	0.00808	0.01365	0.01281	0.01792	0.02394	0.04198	0.02482	0.33989	0.40308	0.01107	0.01615	0.01027	0.00470	0.00639
187	0.09079	0.01409	0.01847	0.01434	0.02052	0.01254	0.01182	0.03842	0.02305	0.59349	0.05275	0.02835	0.02171	0.01032	0.00816	0.00257	0.00691	0.00830	0.00986	0.01354
188	0.03103	0.03959	0.02354	0.02140	0.02568	0.67469	0.01605	0.03317	0.02354	0.02033	0.01284	0.01498	0.01070	0.00856	0.00749	0.00214	0.01498	0.00535	0.00428	0.00963
