[name]
unknown

[dist]
# distance from previous block
# <min> <max>
0	13

[block]
# block no. 0 follows, 21 sequences, length 11
# corresponding to MSA columns:
# 13-23
name=unknown_A
#
# <colnr> <probs for GDERKNQSTAVLIFYWHMCP>
#	G	D	E	R	K	N	Q	S	T	A	V	L	I	F	Y	W	H	M	C	P
0	0.01170	0.00910	0.01091	0.01164	0.01407	0.00831	0.00952	0.01473	0.01988	0.02496	0.11810	0.08598	0.35575	0.02198	0.01074	0.00328	0.00570	0.24814	0.00800	0.00752
1	0.02453	0.18741	0.03260	0.08744	0.12938	0.20397	0.05395	0.07203	0.02097	0.02467	0.01409	0.01771	0.01180	0.00881	0.00951	0.00243	0.07688	0.00642	0.00437	0.01105
2	0.01989	0.34899	0.33596	0.02049	0.03037	0.02631	0.05995	0.02629	0.01779	0.02376	0.01380	0.01628	0.01098	0.00766	0.00699	0.00230	0.01108	0.00572	0.00366	0.01174
3	0.01172	0.00869	0.01093	0.01037	0.01252	0.00789	0.00778	0.01544	0.02333	0.03233	0.55335	0.06653	0.17142	0.01807	0.01004	0.00271	0.00406	0.01581	0.00913	0.00789
4	0.01238	0.00825	0.00928	0.00928	0.00928	0.00825	0.00516	0.01238	0.01238	0.01650	0.02681	0.05569	0.03094	0.70092	0.04331	0.00825	0.00825	0.01238	0.00516	0.00516
5	0.01098	0.00841	0.00990	0.01030	0.01217	0.00755	0.00748	0.01337	0.01929	0.02499	0.20194	0.21431	0.29873	0.07250	0.01281	0.00342	0.00488	0.05172	0.00804	0.00721
6	0.03235	0.02384	0.02554	0.01958	0.02639	0.02639	0.01618	0.61946	0.04001	0.05363	0.02043	0.02043	0.01447	0.01022	0.00851	0.00255	0.00936	0.00766	0.00851	0.01447
7	0.01216	0.00912	0.01368	0.01368	0.01520	0.01064	0.01064	0.01520	0.01368	0.01976	0.02279	0.03343	0.02127	0.06382	0.66720	0.01368	0.02279	0.00912	0.00456	0.00760
8	0.03079	0.03865	0.02509	0.02476	0.08451	0.60621	0.01735	0.03325	0.02367	0.02148	0.01342	0.01588	0.01120	0.00866	0.00774	0.00222	0.01486	0.00568	0.00437	0.01020
9	0.02151	0.56164	0.17814	0.01668	0.02511	0.03064	0.01824	0.02580	0.01744	0.02153	0.01258	0.01459	0.01089	0.00746	0.00603	0.00201	0.00986	0.00493	0.00363	0.01128
10	0.01263	0.00945	0.01220	0.01358	0.01581	0.00902	0.01156	0.01602	0.01953	0.02473	0.05730	0.09180	0.22607	0.02293	0.01125	0.00361	0.00679	0.42024	0.00786	0.00764

[dist]
# distance from previous block
# <min> <max>
0	2

[block]
# block no. 1 follows, 21 sequences, length 22
# corresponding to MSA columns:
# 26-47
name=unknown_B
#
# <colnr> <probs for GDERKNQSTAVLIFYWHMCP>
#	G	D	E	R	K	N	Q	S	T	A	V	L	I	F	Y	W	H	M	C	P
0	0.02465	0.56661	0.04030	0.01610	0.02278	0.16632	0.01496	0.02726	0.01872	0.02019	0.01211	0.01401	0.01093	0.00759	0.00592	0.00190	0.01041	0.00475	0.00380	0.01070
1	0.03061	0.12736	0.02679	0.02096	0.02573	0.58419	0.01620	0.03287	0.02323	0.02072	0.01298	0.01513	0.01096	0.00858	0.00738	0.00214	0.01453	0.00536	0.00429	0.01000
2	0.02022	0.09777	0.45487	0.02393	0.03487	0.02047	0.10427	0.02840	0.01886	0.09296	0.01716	0.01940	0.01216	0.00815	0.00815	0.00263	0.01193	0.00686	0.00443	0.01249
3	0.02653	0.01887	0.02064	0.01660	0.02179	0.02080	0.01351	0.42533	0.03229	0.04494	0.02212	0.02431	0.01677	0.01745	0.09766	0.00396	0.01018	0.00791	0.14602	0.01232
4	0.02149	0.03783	0.52327	0.02234	0.03366	0.01824	0.02747	0.03000	0.01931	0.15835	0.01911	0.02027	0.01294	0.00860	0.00818	0.00268	0.01146	0.00676	0.00505	0.01298
5	0.02411	0.01974	0.02090	0.01791	0.02325	0.02254	0.01418	0.19614	0.47676	0.04034	0.03090	0.02878	0.02295	0.01120	0.00862	0.00280	0.00743	0.00911	0.00862	0.01373
6	0.03060	0.02215	0.02367	0.01834	0.02464	0.02443	0.01509	0.55575	0.03766	0.05131	0.02121	0.02163	0.01525	0.01018	0.00824	0.00249	0.00879	0.00769	0.08710	0.01378
7	0.01370	0.06000	0.14219	0.01386	0.01837	0.01206	0.01341	0.01866	0.02176	0.03035	0.39319	0.05503	0.10143	0.01565	0.00948	0.00273	0.00635	0.05509	0.00763	0.00904
8	0.01707	0.04402	0.65683	0.02426	0.03683	0.01976	0.03144	0.02695	0.01797	0.02695	0.01527	0.01797	0.01078	0.00809	0.00809	0.00270	0.01258	0.00629	0.00359	0.01258
9	0.03235	0.02384	0.02554	0.01958	0.02639	0.02639	0.01618	0.61946	0.04001	0.05363	0.02043	0.02043	0.01447	0.01022	0.00851	0.00255	0.00936	0.00766	0.00851	0.01447
10	0.01216	0.00912	0.01368	0.01368	0.01520	0.01064	0.01064	0.01520	0.01368	0.01976	0.02279	0.03343	0.02127	0.06382	0.66720	0.01368	0.02279	0.00912	0.00456	0.00760
11	0.02096	0.02051	0.03621	0.05050	0.58373	0.02036	0.08889	0.02624	0.01945	0.02774	0.01614	0.02126	0.01342	0.00754	0.00860	0.00256	0.01056	0.00784	0.00422	0.01327
12	0.02275	0.70604	0.04459	0.01456	0.02184	0.03367	0.01456	0.02548	0.01729	0.02002	0.01183	0.01365	0.01092	0.00728	0.00546	0.00182	0.00910	0.00455	0.00364	0.01092
13	0.01187	0.00856	0.01122	0.01083	0.01267	0.00791	0.00802	0.01561	0.02326	0.03281	0.57997	0.13070	0.07775	0.01838	0.01012	0.00276	0.00411	0.01633	0.00921	0.00791
14	0.02702	0.03288	0.02202	0.02022	0.02378	0.49736	0.01533	0.02937	0.02138	0.02059	0.01508	0.01930	0.01313	0.02062	0.14695	0.00468	0.05020	0.00634	0.00439	0.00936
15	0.02228	0.15079	0.30803	0.02481	0.07674	0.18841	0.06147	0.02847	0.01967	0.02430	0.01433	0.01711	0.01118	0.00803	0.00769	0.00242	0.01264	0.00612	0.00389	0.01160
16	0.01236	0.00831	0.00957	0.00957	0.00967	0.00841	0.00552	0.01256	0.01246	0.01672	0.02655	0.05422	0.03030	0.65884	0.08453	0.00861	0.00921	0.01216	0.00512	0.00532
17	0.01037	0.00741	0.00987	0.01185	0.01234	0.00691	0.00790	0.01185	0.01629	0.02172	0.04690	0.69537	0.05629	0.02666	0.01086	0.00346	0.00494	0.02419	0.00790	0.00691
18	0.01767	0.03982	0.53584	0.02657	0.03836	0.02011	0.14822	0.02701	0.01839	0.02701	0.01566	0.01896	0.01121	0.00790	0.00848	0.00273	0.01293	0.00704	0.00374	0.01236
19	0.02898	0.07401	0.03060	0.02411	0.02968	0.45496	0.13609	0.07492	0.02408	0.02446	0.01442	0.01714	0.01161	0.00847	0.00808	0.00233	0.01435	0.00650	0.00463	0.01058
20	0.03235	0.02384	0.02554	0.01958	0.02639	0.02639	0.01618	0.61946	0.04001	0.05363	0.02043	0.02043	0.01447	0.01022	0.00851	0.00255	0.00936	0.00766	0.00851	0.01447
21	0.07544	0.34693	0.03232	0.01550	0.02238	0.02581	0.01401	0.14807	0.02348	0.19222	0.01919	0.01899	0.01415	0.00875	0.00686	0.00223	0.00851	0.00621	0.00650	0.01245

[dist]
# distance from previous block
# <min> <max>
0	1

[block]
# block no. 2 follows, 21 sequences, length 25
# corresponding to MSA columns:
# 49-73
name=unknown_C
#
# <colnr> <probs for GDERKNQSTAVLIFYWHMCP>
#	G	D	E	R	K	N	Q	S	T	A	V	L	I	F	Y	W	H	M	C	P
0	0.01833	0.19102	0.52088	0.02210	0.03350	0.02285	0.02769	0.02662	0.01782	0.02541	0.01451	0.01701	0.01081	0.00791	0.00750	0.00250	0.01181	0.00590	0.00360	0.01221
1	0.03235	0.02384	0.02554	0.01958	0.02639	0.02639	0.01618	0.61946	0.04001	0.05363	0.02043	0.02043	0.01447	0.01022	0.00851	0.00255	0.00936	0.00766	0.00851	0.01447
2	0.02589	0.07541	0.02486	0.02018	0.02376	0.31385	0.01604	0.10668	0.02203	0.02497	0.01479	0.01887	0.01275	0.01702	0.09360	0.00397	0.16381	0.00660	0.00476	0.01015
3	0.02142	0.01536	0.01680	0.01419	0.01736	0.01650	0.01041	0.29146	0.02535	0.03393	0.02525	0.08299	0.02509	0.33750	0.02511	0.00531	0.00854	0.01101	0.00689	0.00956
4	0.02201	0.02160	0.07118	0.02259	0.02822	0.02211	0.14607	0.16980	0.16270	0.03381	0.02447	0.02663	0.04761	0.01301	0.03621	0.00332	0.12125	0.00906	0.00634	0.01201
5	0.01495	0.01047	0.01392	0.01329	0.01545	0.01183	0.01040	0.08004	0.01720	0.02546	0.02342	0.03175	0.02065	0.04863	0.48074	0.01044	0.01805	0.00875	0.13618	0.00839
6	0.03235	0.02384	0.02554	0.01958	0.02639	0.02639	0.01618	0.61946	0.04001	0.05363	0.02043	0.02043	0.01447	0.01022	0.00851	0.00255	0.00936	0.00766	0.00851	0.01447
7	0.02756	0.02960	0.02214	0.01954	0.02386	0.36884	0.01509	0.16899	0.02558	0.02839	0.01702	0.02057	0.01409	0.02134	0.15432	0.00483	0.01558	0.00681	0.00540	0.01046
8	0.06487	0.04055	0.56634	0.02436	0.03615	0.01986	0.07761	0.02685	0.01792	0.02769	0.01521	0.01811	0.01085	0.00800	0.00806	0.00271	0.01234	0.00649	0.00376	0.01227
9	0.03222	0.02781	0.02520	0.02014	0.02637	0.17862	0.01624	0.48028	0.03623	0.04583	0.01870	0.01922	0.01364	0.00987	0.00831	0.00247	0.01079	0.00714	0.00753	0.01338
10	0.01833	0.07415	0.43219	0.02737	0.03840	0.02109	0.21451	0.02697	0.01860	0.02666	0.01569	0.01930	0.01146	0.00775	0.00855	0.00270	0.01294	0.00737	0.00382	0.01214
11	0.02981	0.03519	0.02595	0.02245	0.02691	0.48382	0.04995	0.10450	0.02468	0.02520	0.01407	0.01674	0.01153	0.00951	0.01006	0.00244	0.08571	0.00621	0.00482	0.01047
12	0.02997	0.02284	0.02625	0.01986	0.02687	0.02445	0.05378	0.51685	0.03632	0.04914	0.01965	0.02029	0.01417	0.00960	0.00837	0.00243	0.00935	0.00753	0.00787	0.09442
13	0.02465	0.18224	0.02743	0.05489	0.02467	0.02420	0.01499	0.30989	0.02745	0.03630	0.01861	0.02184	0.01496	0.02132	0.15405	0.00487	0.01240	0.00724	0.00621	0.01181
14	0.01436	0.01092	0.01181	0.01093	0.01356	0.01058	0.00796	0.11071	0.02130	0.02727	0.10326	0.10688	0.31938	0.17293	0.01736	0.00406	0.00604	0.01526	0.00750	0.00795
15	0.18966	0.01080	0.01160	0.01092	0.01349	0.01161	0.00816	0.02006	0.01540	0.07761	0.02315	0.03305	0.02072	0.17555	0.16901	0.00632	0.01020	0.00847	0.17614	0.00807
16	0.03031	0.08401	0.02511	0.02105	0.02567	0.57123	0.01607	0.03432	0.07310	0.02197	0.01481	0.01656	0.01218	0.00889	0.00760	0.00222	0.01422	0.00575	0.00468	0.01023
17	0.02978	0.02450	0.02450	0.02077	0.05629	0.10203	0.01601	0.44729	0.07794	0.04553	0.02372	0.02382	0.04725	0.01059	0.00850	0.00255	0.00968	0.00806	0.00778	0.01342
18	0.02244	0.06206	0.02485	0.01976	0.02369	0.25452	0.11052	0.02576	0.01940	0.02352	0.01792	0.02353	0.01530	0.04683	0.07846	0.00382	0.06761	0.00748	0.14319	0.00933
19	0.02859	0.02174	0.02349	0.01817	0.02486	0.02331	0.01486	0.45184	0.10958	0.04722	0.02133	0.02138	0.01559	0.00975	0.00817	0.00239	0.00854	0.00748	0.00797	0.13374
20	0.01859	0.02148	0.15833	0.01667	0.02284	0.01704	0.01574	0.03310	0.31549	0.06605	0.04254	0.04045	0.16933	0.01310	0.00886	0.00283	0.00748	0.01080	0.00746	0.01184
21	0.05590	0.64465	0.04222	0.01475	0.02181	0.06234	0.01441	0.02586	0.01748	0.02086	0.01189	0.01374	0.01085	0.00738	0.00555	0.00187	0.00928	0.00460	0.00375	0.01080
22	0.07754	0.04178	0.60446	0.02319	0.03518	0.01971	0.02964	0.02679	0.01768	0.02786	0.01499	0.01763	0.01065	0.00807	0.00786	0.00269	0.01209	0.00615	0.00373	0.01230
23	0.02023	0.02097	0.06906	0.12647	0.54175	0.02004	0.02612	0.02564	0.01901	0.02702	0.01586	0.02108	0.01307	0.00772	0.00842	0.00257	0.01040	0.00751	0.00413	0.01294
24	0.02783	0.03302	0.02253	0.02046	0.02461	0.46217	0.01554	0.03491	0.15819	0.02403	0.01839	0.02012	0.01488	0.01269	0.04542	0.00305	0.03965	0.00668	0.00532	0.01052

[dist]
# distance from previous block
# <min> <max>
0	1

[block]
# block no. 3 follows, 21 sequences, length 14
# corresponding to MSA columns:
# 75-88
name=unknown_D
#
# <colnr> <probs for GDERKNQSTAVLIFYWHMCP>
#	G	D	E	R	K	N	Q	S	T	A	V	L	I	F	Y	W	H	M	C	P
0	0.02121	0.02157	0.02310	0.01953	0.06564	0.14774	0.06680	0.02631	0.05747	0.02677	0.01618	0.01875	0.01318	0.00730	0.00721	0.00178	0.00915	0.00603	0.00501	0.43927
1	0.01042	0.00821	0.00908	0.00968	0.01150	0.00722	0.00676	0.01212	0.01765	0.02187	0.06745	0.26656	0.39492	0.10019	0.01408	0.00366	0.00495	0.01923	0.00759	0.00687
2	0.01484	0.01078	0.01294	0.01237	0.01449	0.01129	0.00911	0.10663	0.01906	0.02583	0.03769	0.15764	0.12731	0.15553	0.20060	0.00690	0.01109	0.01344	0.04441	0.00804
3	0.03235	0.02384	0.02554	0.01958	0.02639	0.02639	0.01618	0.61946	0.04001	0.05363	0.02043	0.02043	0.01447	0.01022	0.00851	0.00255	0.00936	0.00766	0.00851	0.01447
4	0.01222	0.00889	0.01250	0.01250	0.01362	0.01000	0.00917	0.01444	0.01333	0.01889	0.02387	0.03937	0.02385	0.23391	0.50064	0.01223	0.01891	0.00999	0.00472	0.00695
5	0.12685	0.00988	0.01130	0.01059	0.01318	0.00965	0.00807	0.01709	0.02220	0.03376	0.49671	0.05757	0.11970	0.01631	0.00931	0.00269	0.00444	0.01396	0.00861	0.00814
6	0.03235	0.02384	0.02554	0.01958	0.02639	0.02639	0.01618	0.61946	0.04001	0.05363	0.02043	0.02043	0.01447	0.01022	0.00851	0.00255	0.00936	0.00766	0.00851	0.01447
7	0.02797	0.03283	0.02942	0.07063	0.08680	0.40889	0.11339	0.08093	0.02392	0.02531	0.01480	0.01799	0.01182	0.00851	0.00824	0.00240	0.01395	0.00672	0.00467	0.01081
8	0.03050	0.13933	0.02746	0.02044	0.02564	0.47043	0.01611	0.12401	0.02556	0.02582	0.01409	0.01588	0.01150	0.00877	0.00747	0.00219	0.01346	0.00568	0.00492	0.01075
9	0.01234	0.00839	0.00998	0.00998	0.01022	0.00863	0.00603	0.01282	0.01258	0.01702	0.02617	0.05215	0.02940	0.59946	0.14267	0.00911	0.01057	0.01186	0.00506	0.00555
10	0.01596	0.01453	0.02175	0.10310	0.26922	0.01460	0.01715	0.02093	0.05049	0.02560	0.04430	0.04978	0.24140	0.01421	0.00931	0.00282	0.00782	0.06070	0.00601	0.01030
11	0.02172	0.01599	0.01772	0.01454	0.01953	0.01607	0.01146	0.24593	0.05085	0.03736	0.02573	0.14513	0.02329	0.01228	0.00801	0.00233	0.00685	0.01017	0.12537	0.18968
12	0.02070	0.01985	0.03389	0.09783	0.60507	0.02012	0.02594	0.02580	0.01921	0.02736	0.01594	0.02118	0.01332	0.00765	0.00843	0.00255	0.01020	0.00758	0.00418	0.01319
13	0.02134	0.02194	0.03047	0.22005	0.39066	0.11912	0.02395	0.02612	0.01946	0.02507	0.01533	0.02063	0.01251	0.00802	0.00833	0.00256	0.01125	0.00725	0.00412	0.01182

[dist]
# distance from previous block
# <min> <max>
0	6

[block]
# block no. 4 follows, 21 sequences, length 31
# corresponding to MSA columns:
# 95-125
name=unknown_E
#
# <colnr> <probs for GDERKNQSTAVLIFYWHMCP>
#	G	D	E	R	K	N	Q	S	T	A	V	L	I	F	Y	W	H	M	C	P
0	0.21437	0.14774	0.35167	0.01872	0.02818	0.02158	0.02179	0.02692	0.01726	0.06025	0.01471	0.01670	0.01091	0.00802	0.00692	0.00253	0.01014	0.00567	0.00439	0.01151
1	0.02062	0.02039	0.03179	0.19415	0.47215	0.06228	0.02491	0.02563	0.01915	0.02596	0.01562	0.02106	0.01283	0.00787	0.00839	0.00258	0.01074	0.00744	0.00413	0.01232
2	0.02106	0.02022	0.03454	0.05223	0.64784	0.02022	0.02612	0.02612	0.01938	0.02780	0.01601	0.02106	0.01348	0.00758	0.00842	0.00253	0.01011	0.00758	0.00421	0.01348
3	0.01177	0.00875	0.01286	0.01328	0.01458	0.00983	0.01005	0.01447	0.01424	0.02018	0.02800	0.17636	0.02883	0.05580	0.52548	0.01147	0.01894	0.01237	0.00528	0.00745
4	0.02106	0.02022	0.03454	0.05223	0.64784	0.02022	0.02612	0.02612	0.01938	0.02780	0.01601	0.02106	0.01348	0.00758	0.00842	0.00253	0.01011	0.00758	0.00421	0.01348
5	0.02024	0.01938	0.03306	0.15527	0.55120	0.02000	0.02571	0.02540	0.01899	0.02681	0.01586	0.02133	0.01313	0.00773	0.00844	0.00258	0.01031	0.00758	0.00414	0.01282
6	0.02100	0.01368	0.01471	0.01260	0.01601	0.01468	0.00977	0.23065	0.02470	0.03671	0.02472	0.03096	0.02037	0.10335	0.05503	0.00377	0.00767	0.00849	0.34127	0.00986
7	0.01391	0.01170	0.01705	0.01603	0.01714	0.01483	0.01281	0.01663	0.01350	0.01995	0.01963	0.02940	0.01853	0.05052	0.49339	0.01097	0.20293	0.00866	0.00433	0.00806
8	0.02281	0.01909	0.02017	0.01765	0.02275	0.02193	0.01387	0.12938	0.54563	0.03824	0.03256	0.03009	0.02429	0.01135	0.00864	0.00284	0.00712	0.00933	0.00864	0.01362
9	0.02676	0.01231	0.01632	0.01344	0.01808	0.01109	0.01073	0.03132	0.05264	0.37295	0.28155	0.04316	0.04538	0.01337	0.00916	0.00266	0.00591	0.01139	0.00997	0.01181
10	0.03235	0.02384	0.02554	0.01958	0.02639	0.02639	0.01618	0.61946	0.04001	0.05363	0.02043	0.02043	0.01447	0.01022	0.00851	0.00255	0.00936	0.00766	0.00851	0.01447
11	0.01275	0.00992	0.01454	0.01420	0.01550	0.01189	0.01104	0.01551	0.01354	0.01963	0.02198	0.03338	0.02092	0.09606	0.57377	0.01247	0.08160	0.00915	0.00452	0.00761
12	0.01020	0.00863	0.00882	0.00878	0.01158	0.00725	0.00658	0.01250	0.01974	0.02381	0.12743	0.08054	0.60265	0.02125	0.01006	0.00286	0.00429	0.01777	0.00801	0.00725
13	0.02861	0.04131	0.16073	0.02243	0.02858	0.52706	0.01968	0.03246	0.02279	0.02215	0.01361	0.01591	0.01092	0.00862	0.00776	0.00230	0.01475	0.00566	0.00421	0.01045
14	0.02767	0.03369	0.02473	0.02205	0.02507	0.46627	0.01712	0.02976	0.02065	0.02072	0.01253	0.01637	0.01103	0.01069	0.01401	0.00267	0.22501	0.00610	0.00418	0.00969
15	0.01371	0.00980	0.01371	0.01567	0.01763	0.00980	0.01371	0.01763	0.01959	0.02547	0.04506	0.09599	0.04898	0.02351	0.01175	0.00392	0.00784	0.59056	0.00784	0.00784
16	0.03108	0.03446	0.02409	0.02095	0.02599	0.44997	0.01613	0.18564	0.07712	0.03046	0.01676	0.01797	0.01307	0.00937	0.00797	0.00234	0.01311	0.00638	0.00579	0.01134
17	0.03235	0.02384	0.02554	0.01958	0.02639	0.02639	0.01618	0.61946	0.04001	0.05363	0.02043	0.02043	0.01447	0.01022	0.00851	0.00255	0.00936	0.00766	0.00851	0.01447
18	0.02315	0.01424	0.01521	0.01296	0.01736	0.06347	0.01021	0.06654	0.02358	0.23975	0.14018	0.05169	0.25589	0.01540	0.00925	0.00269	0.00650	0.01269	0.00877	0.01050
19	0.01706	0.13205	0.48709	0.02098	0.03151	0.02012	0.02592	0.02505	0.01832	0.02609	0.05519	0.02465	0.06157	0.00949	0.00797	0.00258	0.01100	0.00742	0.00424	0.01169
20	0.03054	0.03703	0.02546	0.02540	0.10069	0.54743	0.01758	0.07140	0.02459	0.02381	0.01397	0.01636	0.01149	0.00872	0.00782	0.00226	0.01433	0.00588	0.00463	0.01060
21	0.01188	0.00833	0.00914	0.00914	0.00976	0.00802	0.00544	0.01234	0.01389	0.01790	0.03964	0.06135	0.16340	0.55423	0.03613	0.00709	0.00740	0.01358	0.00575	0.00559
22	0.01765	0.01513	0.01765	0.01260	0.02017	0.01134	0.01008	0.02143	0.01765	0.02773	0.01513	0.01765	0.01260	0.00630	0.00630	0.00126	0.00630	0.00504	0.00504	0.75295
23	0.01192	0.00806	0.00942	0.00987	0.00998	0.00795	0.00578	0.01226	0.01327	0.01769	0.03139	0.20147	0.03672	0.54726	0.03592	0.00716	0.00750	0.01507	0.00578	0.00556
24	0.02106	0.02022	0.03454	0.05223	0.64784	0.02022	0.02612	0.02612	0.01938	0.02780	0.01601	0.02106	0.01348	0.00758	0.00842	0.00253	0.01011	0.00758	0.00421	0.01348
25	0.06078	0.07176	0.02539	0.02175	0.08065	0.24465	0.01602	0.18168	0.02692	0.16094	0.01932	0.01978	0.01409	0.00926	0.00789	0.00240	0.01093	0.00676	0.00667	0.01235
26	0.01296	0.00886	0.01244	0.01244	0.01406	0.01005	0.00963	0.01620	0.01458	0.02234	0.02387	0.03306	0.02139	0.05218	0.52442	0.01115	0.01873	0.00886	0.16512	0.00767
27	0.52792	0.01604	0.01658	0.22063	0.02965	0.01903	0.01373	0.02399	0.01528	0.03304	0.01287	0.01660	0.00988	0.00809	0.00628	0.00270	0.00807	0.00553	0.00480	0.00929
28	0.02068	0.06978	0.02471	0.13269	0.02888	0.05939	0.03703	0.06330	0.21057	0.02824	0.02117	0.02398	0.01675	0.01098	0.01259	0.00287	0.16301	0.00795	0.05437	0.01106
29	0.01190	0.00944	0.01083	0.01052	0.01313	0.00872	0.00804	0.01654	0.06669	0.02863	0.30822	0.07149	0.33334	0.01922	0.01004	0.00285	0.00457	0.04922	0.00855	0.00803
30	0.02328	0.01994	0.02036	0.04122	0.02351	0.08057	0.01320	0.22097	0.08100	0.03548	0.02431	0.06143	0.05300	0.01040	0.00793	0.00220	0.00823	0.00827	0.00673	0.25798

[dist]
# distance from previous block
# <min> <max>
0	1

[block]
# block no. 5 follows, 21 sequences, length 69
# corresponding to MSA columns:
# 127-195
name=unknown_F
#
# <colnr> <probs for GDERKNQSTAVLIFYWHMCP>
#	G	D	E	R	K	N	Q	S	T	A	V	L	I	F	Y	W	H	M	C	P
0	0.06575	0.21982	0.02405	0.01417	0.01920	0.12577	0.01191	0.08112	0.05110	0.02629	0.03914	0.03856	0.22609	0.01288	0.00782	0.00241	0.00826	0.00979	0.00602	0.00985
1	0.02254	0.01627	0.02150	0.18460	0.07046	0.01777	0.01621	0.19165	0.06180	0.10507	0.02723	0.17627	0.02460	0.01348	0.00905	0.00286	0.00849	0.01162	0.00716	0.01137
2	0.02209	0.62944	0.11544	0.01568	0.02358	0.03206	0.01651	0.02565	0.01737	0.02082	0.01223	0.01415	0.01090	0.00737	0.00576	0.00192	0.00950	0.00475	0.00363	0.01111
3	0.02044	0.01959	0.03342	0.13033	0.57459	0.02006	0.02581	0.02557	0.01908	0.02705	0.01590	0.02126	0.01321	0.00770	0.00844	0.00257	0.01026	0.00758	0.00416	0.01298
4	0.01911	0.01855	0.02011	0.02278	0.15650	0.09665	0.01442	0.02882	0.21057	0.02800	0.04114	0.04057	0.19450	0.01281	0.00873	0.00261	0.00783	0.01071	0.00671	0.05886
5	0.02264	0.02372	0.03138	0.12001	0.45331	0.15033	0.02388	0.02719	0.02005	0.02568	0.01533	0.02010	0.01272	0.00793	0.00828	0.00250	0.01131	0.00716	0.00420	0.01228
6	0.01629	0.01957	0.12722	0.20289	0.21554	0.01630	0.02110	0.02173	0.01911	0.02611	0.10430	0.03551	0.11659	0.01125	0.00884	0.00271	0.00920	0.00991	0.00520	0.01063
7	0.01066	0.00812	0.00981	0.01050	0.01215	0.00727	0.00745	0.01296	0.01916	0.02506	0.20010	0.34116	0.25931	0.02277	0.01040	0.00308	0.00451	0.02003	0.00825	0.00727
8	0.02162	0.07073	0.24293	0.02552	0.13161	0.04836	0.02207	0.12661	0.13300	0.03217	0.02255	0.02381	0.04243	0.00955	0.00823	0.00261	0.01013	0.00770	0.00564	0.01275
9	0.02923	0.23273	0.03030	0.01944	0.02501	0.39218	0.01586	0.11336	0.02434	0.02518	0.01379	0.01556	0.01144	0.00854	0.00714	0.00213	0.01268	0.00551	0.00474	0.01082
10	0.01220	0.00838	0.00976	0.00976	0.01012	0.00846	0.00589	0.01270	0.01298	0.01730	0.03016	0.05476	0.06930	0.58226	0.11455	0.00854	0.00971	0.01235	0.00526	0.00557
11	0.01949	0.02306	0.08092	0.03142	0.03789	0.02267	0.41561	0.02537	0.01801	0.02537	0.01543	0.02145	0.01230	0.00936	0.01486	0.00309	0.19956	0.00909	0.00410	0.01095
12	0.01478	0.00739	0.01109	0.01109	0.01109	0.00739	0.00739	0.01109	0.01109	0.01478	0.01478	0.02587	0.01478	0.02956	0.03326	0.75240	0.00739	0.00739	0.00370	0.00370
13	0.02100	0.02040	0.03555	0.05118	0.60899	0.02030	0.06415	0.02619	0.01942	0.02777	0.01609	0.02118	0.01344	0.00756	0.00853	0.00255	0.01038	0.00774	0.00422	0.01335
14	0.01765	0.01513	0.01765	0.01260	0.02017	0.01134	0.01008	0.02143	0.01765	0.02773	0.01513	0.01765	0.01260	0.00630	0.00630	0.00126	0.00630	0.00504	0.00504	0.75295
15	0.01471	0.01117	0.01662	0.01506	0.01782	0.01046	0.07921	0.05205	0.01999	0.05389	0.14969	0.39281	0.04917	0.01984	0.01011	0.00303	0.00630	0.01816	0.00774	0.05219
16	0.76103	0.01646	0.01251	0.01119	0.01646	0.01909	0.00922	0.02502	0.01448	0.03818	0.01185	0.01382	0.00922	0.00790	0.00527	0.00263	0.00658	0.00461	0.00527	0.00922
17	0.02134	0.02399	0.09809	0.04740	0.54477	0.06180	0.02604	0.02671	0.01954	0.02727	0.01575	0.02037	0.01304	0.00771	0.00834	0.00252	0.01070	0.00731	0.00416	0.01315
18	0.03179	0.04056	0.02412	0.02192	0.02631	0.66676	0.01644	0.03398	0.02412	0.02083	0.01315	0.01535	0.01096	0.00877	0.00767	0.00219	0.01535	0.00548	0.00438	0.00987
19	0.01181	0.00869	0.01105	0.01046	0.01257	0.00793	0.00785	0.01561	0.02354	0.03282	0.57783	0.06572	0.14664	0.01789	0.01004	0.00270	0.00405	0.01569	0.00920	0.00793
20	0.01765	0.01513	0.01765	0.01260	0.02017	0.01134	0.01008	0.02143	0.01765	0.02773	0.01513	0.01765	0.01260	0.00630	0.00630	0.00126	0.00630	0.00504	0.00504	0.75295
21	0.02017	0.19570	0.30320	0.02611	0.13204	0.02317	0.05285	0.06091	0.01941	0.02705	0.01495	0.01780	0.01168	0.00778	0.00752	0.00237	0.01086	0.00627	0.00411	0.05601
22	0.01006	0.00862	0.00862	0.00862	0.01149	0.00718	0.00647	0.01221	0.01940	0.02299	0.08621	0.08190	0.64438	0.02155	0.01006	0.00287	0.00431	0.01796	0.00790	0.00718
23	0.02933	0.23842	0.03153	0.01800	0.02496	0.02868	0.01567	0.43263	0.03287	0.04306	0.01773	0.01830	0.01336	0.00929	0.00755	0.00232	0.00928	0.00668	0.00698	0.01336
24	0.02257	0.01804	0.02393	0.02766	0.21788	0.01893	0.01696	0.26053	0.02680	0.03646	0.02655	0.21202	0.02602	0.01405	0.00915	0.00280	0.00834	0.01232	0.00699	0.01202
25	0.01008	0.00855	0.00870	0.00882	0.01155	0.00717	0.00655	0.01219	0.01921	0.02291	0.08382	0.11926	0.60857	0.02186	0.01011	0.00291	0.00435	0.01834	0.00790	0.00717
26	0.03053	0.03817	0.02534	0.02549	0.09940	0.59072	0.01758	0.03306	0.02356	0.02165	0.01349	0.01602	0.01126	0.00863	0.00776	0.00223	0.01473	0.00573	0.00436	0.01029
27	0.01078	0.00770	0.01034	0.01232	0.01299	0.00727	0.00861	0.01256	0.01670	0.02218	0.04668	0.62194	0.05539	0.02628	0.01097	0.00351	0.00529	0.09358	0.00789	0.00703
28	0.03235	0.02384	0.02554	0.01958	0.02639	0.02639	0.01618	0.61946	0.04001	0.05363	0.02043	0.02043	0.01447	0.01022	0.00851	0.00255	0.00936	0.00766	0.00851	0.01447
29	0.01561	0.01426	0.02129	0.16882	0.02791	0.01864	0.01676	0.01878	0.01418	0.02050	0.01643	0.02511	0.01500	0.03181	0.26352	0.00726	0.28326	0.00810	0.00405	0.00870
30	0.02106	0.02022	0.03454	0.05223	0.64784	0.02022	0.02612	0.02612	0.01938	0.02780	0.01601	0.02106	0.01348	0.00758	0.00842	0.00253	0.01011	0.00758	0.00421	0.01348
31	0.02003	0.01917	0.03268	0.18202	0.52611	0.01995	0.02560	0.02521	0.01889	0.02655	0.01583	0.02140	0.01304	0.00777	0.00844	0.00259	0.01036	0.00758	0.00412	0.01265
32	0.03818	0.01448	0.01975	0.01514	0.02172	0.01251	0.01251	0.04147	0.02436	0.65373	0.03357	0.02897	0.02107	0.01053	0.00856	0.00263	0.00724	0.00856	0.01053	0.01448
33	0.01478	0.00739	0.01109	0.01109	0.01109	0.00739	0.00739	0.01109	0.01109	0.01478	0.01478	0.02587	0.01478	0.02956	0.03326	0.75240	0.00739	0.00739	0.00370	0.00370
34	0.02275	0.70604	0.04459	0.01456	0.02184	0.03367	0.01456	0.02548	0.01729	0.02002	0.01183	0.01365	0.01092	0.00728	0.00546	0.00182	0.00910	0.00455	0.00364	0.01092
35	0.01006	0.00862	0.00862	0.00862	0.01149	0.00718	0.00647	0.01221	0.01940	0.02299	0.08621	0.08190	0.64438	0.02155	0.01006	0.00287	0.00431	0.01796	0.00790	0.00718
36	0.76103	0.01646	0.01251	0.01119	0.01646	0.01909	0.00922	0.02502	0.01448	0.03818	0.01185	0.01382	0.00922	0.00790	0.00527	0.00263	0.00658	0.00461	0.00527	0.00922
37	0.02106	0.02022	0.03454	0.05223	0.64784	0.02022	0.02612	0.02612	0.01938	0.02780	0.01601	0.02106	0.01348	0.00758	0.00842	0.00253	0.01011	0.00758	0.00421	0.01348
38	0.01875	0.11919	0.55497	0.02269	0.03436	0.02102	0.02857	0.02749	0.01820	0.05666	0.01576	0.01800	0.01130	0.00811	0.00780	0.00259	0.01191	0.00620	0.00394	0.01248
39	0.76103	0.01646	0.01251	0.01119	0.01646	0.01909	0.00922	0.02502	0.01448	0.03818	0.01185	0.01382	0.00922	0.00790	0.00527	0.00263	0.00658	0.00461	0.00527	0.00922
40	0.01586	0.00793	0.00793	0.00793	0.00991	0.00793	0.00595	0.01983	0.01785	0.03173	0.02776	0.03173	0.02181	0.00991	0.00595	0.00198	0.00397	0.00793	0.74817	0.00793
41	0.03179	0.04056	0.02412	0.02192	0.02631	0.66676	0.01644	0.03398	0.02412	0.02083	0.01315	0.01535	0.01096	0.00877	0.00767	0.00219	0.01535	0.00548	0.00438	0.00987
42	0.76103	0.01646	0.01251	0.01119	0.01646	0.01909	0.00922	0.02502	0.01448	0.03818	0.01185	0.01382	0.00922	0.00790	0.00527	0.00263	0.00658	0.00461	0.00527	0.00922
43	0.01025	0.00788	0.00938	0.01059	0.01201	0.00702	0.00734	0.01199	0.01751	0.02222	0.06228	0.45535	0.28638	0.02466	0.01055	0.00323	0.00469	0.02175	0.00790	0.00702
44	0.01037	0.00741	0.00987	0.01185	0.01234	0.00691	0.00790	0.01185	0.01629	0.02172	0.04690	0.69537	0.05629	0.02666	0.01086	0.00346	0.00494	0.02419	0.00790	0.00691
45	0.01029	0.00863	0.00894	0.00886	0.01164	0.00728	0.00665	0.01266	0.01994	0.02428	0.15068	0.07978	0.57911	0.02107	0.01006	0.00285	0.00428	0.01766	0.00807	0.00728
46	0.02059	0.02302	0.10773	0.04894	0.57598	0.02017	0.02674	0.02622	0.01921	0.02770	0.01592	0.02070	0.01316	0.00764	0.00838	0.00255	0.01040	0.00743	0.00414	0.01337
47	0.03179	0.04056	0.02412	0.02192	0.02631	0.66676	0.01644	0.03398	0.02412	0.02083	0.01315	0.01535	0.01096	0.00877	0.00767	0.00219	0.01535	0.00548	0.00438	0.00987
48	0.01097	0.00841	0.01016	0.01104	0.01288	0.00760	0.00826	0.01339	0.01895	0.02425	0.13122	0.28446	0.29122	0.02307	0.01059	0.00321	0.00504	0.10993	0.00806	0.00729
49	0.01203	0.00810	0.00939	0.00973	0.00982	0.00802	0.00563	0.01228	0.01306	0.01741	0.03032	0.16724	0.03536	0.58334	0.03766	0.00741	0.00767	0.01444	0.00563	0.00546
50	0.01726	0.04266	0.61778	0.02500	0.03732	0.01988	0.06914	0.02697	0.01810	0.02697	0.01540	0.01829	0.01092	0.00803	0.00821	0.00271	0.01269	0.00653	0.00364	0.01251
51	0.06849	0.02279	0.02413	0.01867	0.02523	0.02518	0.01539	0.56250	0.03781	0.05150	0.02288	0.02280	0.04188	0.01060	0.00842	0.00257	0.00900	0.00796	0.00832	0.01388
52	0.01216	0.00912	0.01368	0.01368	0.01520	0.01064	0.01064	0.01520	0.01368	0.01976	0.02279	0.03343	0.02127	0.06382	0.66720	0.01368	0.02279	0.00912	0.00456	0.00760
53	0.02106	0.02022	0.03454	0.05223	0.64784	0.02022	0.02612	0.02612	0.01938	0.02780	0.01601	0.02106	0.01348	0.00758	0.00842	0.00253	0.01011	0.00758	0.00421	0.01348
54	0.02047	0.02189	0.04409	0.04227	0.28034	0.02101	0.38597	0.02681	0.01981	0.02747	0.01674	0.02222	0.01313	0.00733	0.00941	0.00274	0.01269	0.00908	0.00427	0.01226
55	0.02066	0.01956	0.03193	0.10052	0.52251	0.02023	0.02437	0.02807	0.09370	0.02824	0.01820	0.02250	0.01482	0.00814	0.00846	0.00260	0.00980	0.00783	0.00472	0.01314
56	0.02194	0.01983	0.03299	0.04852	0.58325	0.01988	0.02476	0.02790	0.05167	0.06009	0.01788	0.02202	0.01452	0.00794	0.00844	0.00255	0.00979	0.00774	0.00477	0.01353
57	0.01037	0.00741	0.00987	0.01185	0.01234	0.00691	0.00790	0.01185	0.01629	0.02172	0.04690	0.69537	0.05629	0.02666	0.01086	0.00346	0.00494	0.02419	0.00790	0.00691
58	0.03099	0.03922	0.02423	0.02195	0.02607	0.62774	0.01658	0.03316	0.02344	0.02081	0.01303	0.01555	0.01097	0.00914	0.00891	0.00229	0.05615	0.00560	0.00434	0.00983
59	0.01216	0.00912	0.01368	0.01368	0.01520	0.01064	0.01064	0.01520	0.01368	0.01976	0.02279	0.03343	0.02127	0.06382	0.66720	0.01368	0.02279	0.00912	0.00456	0.00760
60	0.01287	0.00953	0.01255	0.01405	0.01622	0.00920	0.01205	0.01639	0.01955	0.02490	0.05450	0.09276	0.18558	0.02306	0.01137	0.00368	0.00703	0.45918	0.00785	0.00769
61	0.01194	0.00869	0.01123	0.01060	0.01265	0.00799	0.00795	0.01586	0.02384	0.03354	0.61423	0.06453	0.10978	0.01761	0.01004	0.00269	0.00403	0.01552	0.00929	0.00799
62	0.01037	0.00741	0.00987	0.01185	0.01234	0.00691	0.00790	0.01185	0.01629	0.02172	0.04690	0.69537	0.05629	0.02666	0.01086	0.00346	0.00494	0.02419	0.00790	0.00691
63	0.02275	0.70604	0.04459	0.01456	0.02184	0.03367	0.01456	0.02548	0.01729	0.02002	0.01183	0.01365	0.01092	0.00728	0.00546	0.00182	0.00910	0.00455	0.00364	0.01092
64	0.76103	0.01646	0.01251	0.01119	0.01646	0.01909	0.00922	0.02502	0.01448	0.03818	0.01185	0.01382	0.00922	0.00790	0.00527	0.00263	0.00658	0.00461	0.00527	0.00922
65	0.02117	0.01828	0.01924	0.01732	0.02213	0.02117	0.01347	0.04522	0.63246	0.03560	0.03464	0.03175	0.02598	0.01155	0.00866	0.00289	0.00673	0.00962	0.00866	0.01347
66	0.03179	0.04056	0.02412	0.02192	0.02631	0.66676	0.01644	0.03398	0.02412	0.02083	0.01315	0.01535	0.01096	0.00877	0.00767	0.00219	0.01535	0.00548	0.00438	0.00987
67	0.01011	0.00842	0.00883	0.00915	0.01163	0.00714	0.00670	0.01215	0.01889	0.02278	0.07977	0.18235	0.54809	0.02239	0.01019	0.00297	0.00441	0.01898	0.00790	0.00714
68	0.10560	0.32524	0.31926	0.01858	0.02803	0.02566	0.02162	0.02610	0.01727	0.02527	0.01340	0.01563	0.01066	0.00772	0.00663	0.00231	0.01039	0.00535	0.00381	0.01148

[dist]
# distance from previous block
# <min> <max>
0	4

[block]
# block no. 6 follows, 21 sequences, length 50
# corresponding to MSA columns:
# 200-249
name=unknown_G
#
# <colnr> <probs for GDERKNQSTAVLIFYWHMCP>
#	G	D	E	R	K	N	Q	S	T	A	V	L	I	F	Y	W	H	M	C	P
0	0.02503	0.02779	0.02493	0.02843	0.19632	0.29669	0.01782	0.03316	0.16579	0.02636	0.02335	0.02475	0.05288	0.00986	0.00826	0.00249	0.01121	0.00778	0.00555	0.01155
1	0.01238	0.00825	0.00928	0.00928	0.00928	0.00825	0.00516	0.01238	0.01238	0.01650	0.02681	0.05569	0.03094	0.70092	0.04331	0.00825	0.00825	0.01238	0.00516	0.00516
2	0.01037	0.00741	0.00987	0.01185	0.01234	0.00691	0.00790	0.01185	0.01629	0.02172	0.04690	0.69537	0.05629	0.02666	0.01086	0.00346	0.00494	0.02419	0.00790	0.00691
3	0.02117	0.01828	0.01924	0.01732	0.02213	0.02117	0.01347	0.04522	0.63246	0.03560	0.03464	0.03175	0.02598	0.01155	0.00866	0.00289	0.00673	0.00962	0.00866	0.01347
4	0.01204	0.00870	0.01138	0.01071	0.01271	0.00803	0.00803	0.01606	0.02409	0.03413	0.64335	0.06357	0.08030	0.01740	0.01004	0.00268	0.00401	0.01539	0.00937	0.00803
5	0.01216	0.00912	0.01368	0.01368	0.01520	0.01064	0.01064	0.01520	0.01368	0.01976	0.02279	0.03343	0.02127	0.06382	0.66720	0.01368	0.02279	0.00912	0.00456	0.00760
6	0.03150	0.02341	0.02506	0.01941	0.02607	0.02599	0.01597	0.57571	0.08515	0.05226	0.02151	0.02129	0.01535	0.01032	0.00852	0.00258	0.00916	0.00781	0.00852	0.01440
7	0.01815	0.01797	0.02597	0.14377	0.02903	0.02475	0.01954	0.02071	0.01377	0.02071	0.01190	0.01937	0.01120	0.01372	0.02434	0.00356	0.56099	0.00747	0.00373	0.00934
8	0.02600	0.02068	0.02196	0.01830	0.02397	0.02342	0.01464	0.29318	0.37664	0.04339	0.02850	0.02686	0.02101	0.01097	0.00860	0.00274	0.00787	0.00878	0.00860	0.01390
9	0.01216	0.00912	0.01368	0.01368	0.01520	0.01064	0.01064	0.01520	0.01368	0.01976	0.02279	0.03343	0.02127	0.06382	0.66720	0.01368	0.02279	0.00912	0.00456	0.00760
10	0.02009	0.02296	0.05022	0.03587	0.04448	0.02152	0.61693	0.02726	0.02009	0.02726	0.01722	0.02296	0.01291	0.00717	0.01004	0.00287	0.01435	0.01004	0.00430	0.01148
11	0.02231	0.15308	0.42226	0.02074	0.03119	0.02072	0.02470	0.02962	0.01914	0.15189	0.01836	0.01943	0.01287	0.00844	0.00772	0.00253	0.01090	0.00644	0.00500	0.01267
12	0.02623	0.01715	0.01939	0.01667	0.02201	0.01859	0.01318	0.04411	0.45145	0.21960	0.03432	0.03092	0.02452	0.01124	0.00863	0.00281	0.00689	0.00930	0.00922	0.01377
13	0.01016	0.00863	0.00877	0.00873	0.01156	0.00723	0.00655	0.01242	0.01965	0.02358	0.11572	0.08093	0.61451	0.02133	0.01006	0.00286	0.00429	0.01782	0.00798	0.00723
14	0.02274	0.02367	0.03208	0.08402	0.49810	0.13943	0.02418	0.02731	0.02011	0.02615	0.01543	0.02010	0.01289	0.00786	0.00829	0.00248	0.01115	0.00719	0.00422	0.01257
15	0.76103	0.01646	0.01251	0.01119	0.01646	0.01909	0.00922	0.02502	0.01448	0.03818	0.01185	0.01382	0.00922	0.00790	0.00527	0.00263	0.00658	0.00461	0.00527	0.00922
16	0.01158	0.00868	0.01073	0.01022	0.01243	0.00783	0.00766	0.01515	0.02298	0.03150	0.51214	0.06789	0.21314	0.01838	0.01004	0.00272	0.00408	0.01600	0.00902	0.00783
17	0.02863	0.03393	0.02267	0.02055	0.02506	0.47458	0.01556	0.03733	0.20520	0.02522	0.01955	0.02023	0.01543	0.00960	0.00797	0.00240	0.01278	0.00671	0.00566	0.01094
18	0.01877	0.01579	0.01825	0.01314	0.02064	0.01249	0.01055	0.06699	0.01935	0.02970	0.01553	0.01786	0.01275	0.00660	0.00647	0.00136	0.00654	0.00524	0.00531	0.69669
19	0.03111	0.02727	0.02458	0.01991	0.02595	0.17839	0.01597	0.42308	0.09497	0.04403	0.02011	0.02034	0.01478	0.01000	0.00833	0.00250	0.01053	0.00734	0.00754	0.01328
20	0.01177	0.00869	0.01100	0.01042	0.01255	0.00791	0.00782	0.01553	0.02345	0.03260	0.56713	0.06608	0.15747	0.01797	0.01004	0.00270	0.00406	0.01574	0.00917	0.00791
21	0.01062	0.00760	0.01010	0.01168	0.01240	0.00708	0.00792	0.01248	0.01746	0.02357	0.13581	0.60119	0.05986	0.02528	0.01074	0.00334	0.00480	0.02288	0.00812	0.00708
22	0.01993	0.01978	0.03023	0.29475	0.37087	0.06897	0.02441	0.02501	0.01882	0.02491	0.01545	0.02126	0.01246	0.00803	0.00840	0.00262	0.01099	0.00741	0.00406	0.01164
23	0.01686	0.01484	0.01684	0.01499	0.01926	0.01584	0.04307	0.03165	0.36544	0.03033	0.05341	0.05044	0.26159	0.01514	0.00927	0.00288	0.00622	0.01283	0.00814	0.01096
24	0.01238	0.00825	0.00928	0.00928	0.00928	0.00825	0.00516	0.01238	0.01238	0.01650	0.02681	0.05569	0.03094	0.70092	0.04331	0.00825	0.00825	0.01238	0.00516	0.00516
25	0.03173	0.02353	0.02519	0.01945	0.02615	0.02610	0.01602	0.58743	0.07306	0.05263	0.02122	0.02106	0.01511	0.01029	0.00852	0.00257	0.00922	0.00777	0.00852	0.01442
26	0.01238	0.00825	0.00928	0.00928	0.00928	0.00825	0.00516	0.01238	0.01238	0.01650	0.02681	0.05569	0.03094	0.70092	0.04331	0.00825	0.00825	0.01238	0.00516	0.00516
27	0.01220	0.00896	0.01287	0.01287	0.01411	0.01020	0.00963	0.01468	0.01344	0.01915	0.02354	0.03754	0.02306	0.18138	0.55209	0.01268	0.02011	0.00972	0.00467	0.00715
28	0.02223	0.64512	0.10094	0.01545	0.02322	0.03239	0.01611	0.02562	0.01735	0.02066	0.01215	0.01405	0.01091	0.00735	0.00570	0.00190	0.00942	0.00471	0.00364	0.01107
29	0.01035	0.00747	0.00981	0.01168	0.01230	0.00693	0.00782	0.01187	0.01646	0.02179	0.04901	0.66255	0.08774	0.02639	0.01082	0.00342	0.00490	0.02386	0.00790	0.00693
30	0.02345	0.03521	0.44871	0.02168	0.03231	0.01866	0.02558	0.08490	0.02150	0.17701	0.02006	0.02078	0.01354	0.00886	0.00824	0.00267	0.01102	0.00695	0.00568	0.01320
31	0.02622	0.17471	0.19362	0.02046	0.02815	0.21678	0.01990	0.16827	0.02485	0.02998	0.01515	0.01688	0.01173	0.00862	0.00752	0.00233	0.01193	0.00601	0.00500	0.01187
32	0.17155	0.01485	0.01841	0.01441	0.02075	0.01372	0.01190	0.03844	0.02254	0.54016	0.02957	0.02617	0.01888	0.01005	0.00795	0.00263	0.00712	0.00783	0.00956	0.01351
33	0.01297	0.01032	0.01524	0.01477	0.01610	0.01258	0.01164	0.01586	0.01360	0.01985	0.02133	0.03156	0.02000	0.05766	0.58659	0.01242	0.10634	0.00891	0.00445	0.00781
34	0.01232	0.00845	0.01032	0.01032	0.01067	0.00881	0.00645	0.01304	0.01268	0.01727	0.02587	0.05045	0.02866	0.55089	0.19024	0.00953	0.01168	0.01161	0.00502	0.00573
35	0.01138	0.00834	0.01069	0.01199	0.01333	0.00782	0.00891	0.01370	0.01808	0.02367	0.10663	0.35886	0.15114	0.06184	0.01268	0.00367	0.00563	0.15660	0.00787	0.00718
36	0.01216	0.00912	0.01368	0.01368	0.01520	0.01064	0.01064	0.01520	0.01368	0.01976	0.02279	0.03343	0.02127	0.06382	0.66720	0.01368	0.02279	0.00912	0.00456	0.00760
37	0.02275	0.70604	0.04459	0.01456	0.02184	0.03367	0.01456	0.02548	0.01729	0.02002	0.01183	0.01365	0.01092	0.00728	0.00546	0.00182	0.00910	0.00455	0.00364	0.01092
38	0.01135	0.00844	0.01057	0.01052	0.01241	0.00766	0.00771	0.01454	0.02174	0.02969	0.42590	0.18509	0.18316	0.01992	0.01020	0.00286	0.00424	0.01752	0.00881	0.00766
39	0.02106	0.02022	0.03454	0.05223	0.64784	0.02022	0.02612	0.02612	0.01938	0.02780	0.01601	0.02106	0.01348	0.00758	0.00842	0.00253	0.01011	0.00758	0.00421	0.01348
40	0.02934	0.02325	0.02926	0.02225	0.02874	0.02564	0.10594	0.47941	0.03471	0.04684	0.01915	0.02065	0.01395	0.01017	0.01042	0.00270	0.06853	0.00800	0.00747	0.01358
41	0.01006	0.00862	0.00862	0.00862	0.01149	0.00718	0.00647	0.01221	0.01940	0.02299	0.08621	0.08190	0.64438	0.02155	0.01006	0.00287	0.00431	0.01796	0.00790	0.00718
42	0.01871	0.01888	0.02750	0.02315	0.02366	0.02580	0.05422	0.02088	0.01345	0.02088	0.01153	0.01888	0.01127	0.01444	0.02686	0.00367	0.64542	0.00760	0.00376	0.00944
43	0.01012	0.00840	0.00885	0.00922	0.01165	0.00713	0.00673	0.01215	0.01882	0.02276	0.07896	0.19509	0.53587	0.02250	0.01021	0.00298	0.00443	0.01911	0.00790	0.00713
44	0.01233	0.00841	0.01010	0.01010	0.01039	0.00870	0.00618	0.01290	0.01262	0.01711	0.02606	0.05152	0.02913	0.58160	0.16016	0.00927	0.01097	0.01177	0.00504	0.00561
45	0.01927	0.01779	0.02928	0.29344	0.34679	0.01940	0.02387	0.05532	0.01956	0.02666	0.01766	0.02621	0.01485	0.00905	0.00866	0.00273	0.01041	0.04292	0.00449	0.01162
46	0.02489	0.11834	0.03209	0.03545	0.33383	0.14618	0.02083	0.10952	0.04714	0.02925	0.01624	0.01930	0.01328	0.00829	0.00790	0.00238	0.01073	0.00686	0.00493	0.01258
47	0.15421	0.01342	0.01440	0.01291	0.01683	0.01377	0.01043	0.13027	0.02351	0.03503	0.19684	0.05197	0.14421	0.01537	0.00894	0.00279	0.00621	0.09559	0.00777	0.04554
48	0.06592	0.01999	0.03321	0.04975	0.60956	0.02015	0.02509	0.02605	0.01908	0.02843	0.01576	0.02062	0.01322	0.00760	0.00823	0.00253	0.00990	0.00740	0.00428	0.01322
49	0.06044	0.30993	0.07453	0.02883	0.22470	0.02643	0.04761	0.02534	0.01756	0.02428	0.01357	0.01722	0.01176	0.00820	0.00899	0.00238	0.07647	0.00617	0.00395	0.01162

[dist]
# distance from previous block
# <min> <max>
2	5

[block]
# block no. 7 follows, 21 sequences, length 42
# corresponding to MSA columns:
# 255-296
name=unknown_H
#
# <colnr> <probs for GDERKNQSTAVLIFYWHMCP>
#	G	D	E	R	K	N	Q	S	T	A	V	L	I	F	Y	W	H	M	C	P
0	0.02001	0.01915	0.03264	0.18478	0.52352	0.01994	0.02559	0.02519	0.01888	0.02652	0.01582	0.02141	0.01303	0.00778	0.00844	0.00259	0.01037	0.00758	0.00412	0.01263
1	0.07394	0.02339	0.02220	0.01841	0.02414	0.11221	0.01471	0.28529	0.22529	0.07590	0.02418	0.02343	0.01772	0.01032	0.00825	0.00262	0.00906	0.00785	0.00790	0.01319
2	0.01426	0.00940	0.01170	0.01120	0.01391	0.00846	0.00878	0.01763	0.02209	0.09085	0.33412	0.07008	0.23926	0.01880	0.01013	0.00290	0.00495	0.09424	0.00883	0.00839
3	0.01045	0.00871	0.00917	0.00927	0.01202	0.00743	0.00710	0.01285	0.01970	0.02386	0.11753	0.08181	0.56578	0.02144	0.01018	0.00294	0.00455	0.05995	0.00799	0.00728
4	0.01032	0.00758	0.00970	0.01139	0.01222	0.00695	0.00770	0.01190	0.01674	0.02190	0.05251	0.60781	0.14023	0.02593	0.01075	0.00337	0.00485	0.02330	0.00790	0.00695
5	0.02045	0.01960	0.03344	0.12893	0.57591	0.02006	0.02581	0.02558	0.01909	0.02706	0.01590	0.02126	0.01322	0.00770	0.00844	0.00257	0.01026	0.00758	0.00416	0.01299
6	0.56652	0.19814	0.02096	0.01208	0.01788	0.02293	0.01062	0.02514	0.01522	0.03340	0.01184	0.01378	0.00967	0.00774	0.00532	0.00242	0.00725	0.00459	0.00484	0.00967
7	0.01037	0.00741	0.00987	0.01185	0.01234	0.00691	0.00790	0.01185	0.01629	0.02172	0.04690	0.69537	0.05629	0.02666	0.01086	0.00346	0.00494	0.02419	0.00790	0.00691
8	0.03179	0.04056	0.02412	0.02192	0.02631	0.66676	0.01644	0.03398	0.02412	0.02083	0.01315	0.01535	0.01096	0.00877	0.00767	0.00219	0.01535	0.00548	0.00438	0.00987
9	0.02296	0.60606	0.10388	0.01555	0.02332	0.03124	0.01613	0.02643	0.01771	0.05236	0.01326	0.01484	0.01141	0.00752	0.00587	0.00195	0.00935	0.00492	0.00398	0.01126
10	0.03194	0.03604	0.02450	0.02129	0.02633	0.49377	0.01637	0.19214	0.02841	0.02969	0.01512	0.01672	0.01191	0.00916	0.00790	0.00229	0.01373	0.00607	0.00550	0.01111
