[name]
unknown

[dist]
# distance from previous block
# <min> <max>
10	40

[block]
# block no. 0 follows, 22 sequences, length 66
# corresponding to MSA columns:
# 40-105
name=unknown_A
#
# <colnr> <probs for GDERKNQSTAVLIFYWHMCP>
#	G	D	E	R	K	N	Q	S	T	A	V	L	I	F	Y	W	H	M	C	P
0	0.07648	0.19650	0.34819	0.02009	0.02909	0.14852	0.02242	0.02716	0.01829	0.02440	0.01348	0.01576	0.01048	0.00782	0.00701	0.00233	0.01157	0.00547	0.00379	0.01115
1	0.19027	0.02180	0.20064	0.01831	0.04634	0.01572	0.06965	0.02154	0.01657	0.02784	0.02509	0.14075	0.06261	0.01221	0.00873	0.00276	0.03862	0.01009	0.06079	0.00966
2	0.01994	0.02086	0.02562	0.02082	0.02551	0.14351	0.15589	0.04725	0.08323	0.02541	0.02726	0.03245	0.09546	0.01481	0.05471	0.00337	0.08404	0.04002	0.00544	0.07442
3	0.01991	0.06870	0.01829	0.01464	0.01767	0.11218	0.01109	0.16025	0.02105	0.02655	0.02306	0.10279	0.02308	0.20111	0.13742	0.00588	0.01161	0.01011	0.00576	0.00886
4	0.01558	0.19192	0.02089	0.08421	0.01983	0.01634	0.01110	0.06202	0.01811	0.02279	0.03662	0.22215	0.14123	0.08712	0.01193	0.00321	0.00708	0.01345	0.00598	0.00844
5	0.02234	0.01534	0.02112	0.02094	0.11963	0.01505	0.03627	0.03049	0.15643	0.17540	0.02468	0.02622	0.01872	0.01817	0.12319	0.00424	0.01011	0.00796	0.00672	0.14699
6	0.01650	0.01644	0.01648	0.04338	0.01912	0.13945	0.01199	0.01885	0.01688	0.02123	0.02891	0.21452	0.07265	0.02419	0.12650	0.00461	0.10556	0.01224	0.00547	0.08502
7	0.01849	0.01810	0.02603	0.02588	0.13118	0.02299	0.01859	0.02104	0.01425	0.02195	0.01212	0.01849	0.01144	0.01245	0.02181	0.00319	0.50441	0.00705	0.00385	0.08671
8	0.02819	0.15373	0.02719	0.02020	0.02453	0.49721	0.01595	0.03039	0.02128	0.02016	0.01242	0.01502	0.01071	0.00892	0.00915	0.00223	0.08347	0.00539	0.00409	0.00975
9	0.06368	0.00939	0.01019	0.00960	0.01179	0.00878	0.00666	0.01600	0.01656	0.08956	0.07196	0.05912	0.27160	0.29436	0.02237	0.00486	0.00619	0.01341	0.00680	0.00714
10	0.01116	0.00872	0.01025	0.01120	0.01282	0.00831	0.00787	0.01515	0.08356	0.02302	0.05596	0.44517	0.23015	0.02296	0.01014	0.00314	0.00482	0.02028	0.00779	0.00751
11	0.02615	0.41532	0.03489	0.01713	0.02325	0.24568	0.01499	0.09208	0.02146	0.02331	0.01288	0.01458	0.01104	0.00790	0.00637	0.00197	0.01094	0.00507	0.00430	0.01069
12	0.01187	0.00890	0.01335	0.01335	0.01483	0.01038	0.01038	0.01483	0.01335	0.01928	0.02225	0.03264	0.02077	0.06231	0.67512	0.01335	0.02225	0.00890	0.00445	0.00742
13	0.02279	0.01890	0.01998	0.01734	0.02241	0.02165	0.01366	0.15781	0.52409	0.03818	0.03112	0.02885	0.02317	0.01102	0.00843	0.00275	0.00707	0.00902	0.00843	0.01334
14	0.01654	0.02973	0.35305	0.02743	0.12692	0.01737	0.12030	0.02357	0.01778	0.02556	0.02090	0.14249	0.01928	0.01095	0.00874	0.00277	0.01084	0.01007	0.00447	0.01124
15	0.01012	0.00723	0.00964	0.01157	0.01205	0.00675	0.00771	0.01157	0.01591	0.02121	0.04579	0.70262	0.05495	0.02603	0.01060	0.00337	0.00482	0.02362	0.00771	0.00675
16	0.01187	0.00890	0.01335	0.01335	0.01483	0.01038	0.01038	0.01483	0.01335	0.01928	0.02225	0.03264	0.02077	0.06231	0.67512	0.01335	0.02225	0.00890	0.00445	0.00742
17	0.01871	0.01785	0.03038	0.29302	0.42866	0.01925	0.02457	0.02387	0.01804	0.02489	0.01530	0.02116	0.01237	0.00775	0.00826	0.00258	0.01033	0.00739	0.00395	0.01167
18	0.02134	0.02121	0.03296	0.04879	0.60935	0.06842	0.02479	0.02607	0.01926	0.02663	0.01542	0.02015	0.01298	0.00749	0.00817	0.00244	0.01025	0.00725	0.00412	0.01290
19	0.01192	0.00870	0.01231	0.01231	0.01343	0.00982	0.00908	0.01417	0.01304	0.01851	0.02320	0.03791	0.02306	0.21917	0.52140	0.01206	0.01880	0.00967	0.00459	0.00684
20	0.02056	0.01974	0.03372	0.05099	0.65622	0.01974	0.02550	0.02550	0.01892	0.02714	0.01563	0.02056	0.01316	0.00740	0.00822	0.00247	0.00987	0.00740	0.00411	0.01316
21	0.01714	0.04010	0.58707	0.02705	0.11253	0.01935	0.03005	0.02621	0.01771	0.02641	0.01500	0.01791	0.01085	0.00783	0.00793	0.00261	0.01198	0.00629	0.00358	0.01239
22	0.02179	0.06761	0.03328	0.04541	0.54701	0.09052	0.02374	0.02627	0.01928	0.02591	0.01506	0.01949	0.01273	0.00751	0.00796	0.00239	0.01035	0.00699	0.00409	0.01262
23	0.02671	0.03264	0.02167	0.01987	0.02340	0.51498	0.01507	0.02900	0.02105	0.02011	0.01456	0.01854	0.01265	0.01920	0.13693	0.00437	0.04967	0.00613	0.00428	0.00918
24	0.05518	0.02431	0.01878	0.01684	0.02083	0.30837	0.01289	0.05551	0.02164	0.14810	0.02232	0.09122	0.01902	0.01653	0.07909	0.00357	0.01185	0.00841	0.05552	0.01003
25	0.01743	0.00983	0.01247	0.01104	0.01425	0.00870	0.00855	0.02079	0.02258	0.18124	0.37961	0.05789	0.19027	0.01627	0.00946	0.00264	0.00474	0.01398	0.00910	0.00916
26	0.02108	0.02071	0.03322	0.04954	0.62525	0.05191	0.02503	0.02587	0.01914	0.02681	0.01549	0.02029	0.01304	0.00746	0.00819	0.00245	0.01012	0.00730	0.00412	0.01299
27	0.05049	0.01556	0.01797	0.01534	0.01904	0.01707	0.01202	0.30838	0.02549	0.03509	0.02173	0.09590	0.01955	0.02473	0.13357	0.15182	0.01057	0.00929	0.00651	0.00988
28	0.01254	0.00956	0.01305	0.01253	0.01362	0.01078	0.00932	0.01491	0.01536	0.02188	0.16876	0.04315	0.03542	0.19966	0.30382	0.00860	0.08341	0.01091	0.00560	0.00712
29	0.03109	0.03785	0.02369	0.02116	0.02569	0.60542	0.01602	0.09673	0.02520	0.02375	0.01360	0.01551	0.01107	0.00871	0.00758	0.00218	0.01436	0.00558	0.00471	0.01011
30	0.02024	0.01941	0.03314	0.09303	0.61669	0.01965	0.02534	0.02521	0.01876	0.02675	0.01557	0.02067	0.01302	0.00746	0.00823	0.00249	0.00995	0.00740	0.00408	0.01290
31	0.01012	0.00723	0.00964	0.01157	0.01205	0.00675	0.00771	0.01157	0.01591	0.02121	0.04579	0.70262	0.05495	0.02603	0.01060	0.00337	0.00482	0.02362	0.00771	0.00675
32	0.01723	0.01477	0.01723	0.01230	0.01969	0.01107	0.00984	0.02092	0.01723	0.02707	0.01477	0.01723	0.01230	0.00615	0.00615	0.00123	0.00615	0.00492	0.00492	0.75883
33	0.01176	0.00849	0.01110	0.01045	0.01241	0.00784	0.00784	0.01568	0.02352	0.03331	0.65184	0.06206	0.07839	0.01698	0.00980	0.00261	0.00392	0.01502	0.00914	0.00784
34	0.02546	0.02200	0.02129	0.01779	0.02179	0.13911	0.01430	0.28097	0.02672	0.03569	0.01840	0.02120	0.01447	0.01279	0.04057	0.00302	0.13083	0.00717	0.13543	0.01102
35	0.03088	0.01419	0.01844	0.01411	0.02050	0.01210	0.01151	0.03503	0.04656	0.46294	0.05456	0.02722	0.02125	0.00964	0.00791	0.00227	0.00670	0.00787	0.00891	0.18741
36	0.01187	0.00890	0.01335	0.01335	0.01483	0.01038	0.01038	0.01483	0.01335	0.01928	0.02225	0.03264	0.02077	0.06231	0.67512	0.01335	0.02225	0.00890	0.00445	0.00742
37	0.01785	0.01659	0.02591	0.40152	0.19837	0.01920	0.02176	0.02669	0.13737	0.02529	0.01864	0.02346	0.01434	0.00865	0.00831	0.00270	0.00991	0.00777	0.00471	0.01095
38	0.01189	0.00881	0.01287	0.01287	0.01419	0.01012	0.00979	0.01453	0.01321	0.01893	0.02269	0.03506	0.02182	0.13428	0.60459	0.01276	0.02067	0.00926	0.00452	0.00715
39	0.01876	0.01567	0.01805	0.01303	0.02034	0.01264	0.01048	0.08578	0.01956	0.02977	0.01532	0.01752	0.01250	0.00656	0.00638	0.00137	0.00647	0.00519	0.00528	0.67933
40	0.01615	0.01509	0.02484	0.21833	0.08080	0.01483	0.12097	0.02064	0.01734	0.02421	0.02078	0.14360	0.01976	0.01062	0.00838	0.00243	0.00900	0.01005	0.00488	0.21728
41	0.02411	0.10124	0.02594	0.02556	0.16111	0.33503	0.01683	0.02708	0.01986	0.02154	0.01512	0.01942	0.01317	0.01849	0.13589	0.00433	0.01461	0.00639	0.00420	0.01009
42	0.02048	0.01711	0.01730	0.01544	0.01877	0.08621	0.01173	0.19274	0.10996	0.03068	0.02619	0.12666	0.02478	0.12426	0.13399	0.00541	0.01099	0.01078	0.00664	0.00990
43	0.02056	0.01974	0.03372	0.05099	0.65622	0.01974	0.02550	0.02550	0.01892	0.02714	0.01563	0.02056	0.01316	0.00740	0.00822	0.00247	0.00987	0.00740	0.00411	0.01316
44	0.02169	0.14983	0.02163	0.01536	0.01961	0.31497	0.01216	0.02391	0.02066	0.02096	0.03865	0.03841	0.24519	0.01286	0.00795	0.00232	0.00995	0.00964	0.00540	0.00886
45	0.21158	0.08996	0.01995	0.01408	0.01997	0.01758	0.01172	0.03481	0.13922	0.29439	0.02479	0.02314	0.01726	0.00934	0.00717	0.00248	0.00697	0.00705	0.00774	0.04077
46	0.02642	0.03041	0.02245	0.02405	0.13171	0.44110	0.01583	0.02935	0.02164	0.02343	0.01590	0.01883	0.01304	0.00856	0.00731	0.00216	0.01209	0.00614	0.13968	0.00990
47	0.01187	0.00797	0.00912	0.00933	0.00938	0.00791	0.00532	0.01203	0.01249	0.01665	0.02827	0.12357	0.03284	0.63523	0.03890	0.00755	0.00771	0.01331	0.00532	0.00522
48	0.02164	0.64430	0.10729	0.01519	0.02282	0.03148	0.01591	0.02502	0.01695	0.02024	0.01189	0.01376	0.01065	0.00719	0.00559	0.00186	0.00923	0.00462	0.00355	0.01083
49	0.01923	0.13172	0.41780	0.02249	0.07180	0.02037	0.02455	0.02782	0.06075	0.07109	0.04372	0.02068	0.01528	0.00853	0.00770	0.00251	0.01053	0.00673	0.00461	0.01211
50	0.01005	0.00751	0.00935	0.01083	0.01186	0.00681	0.00739	0.01165	0.01661	0.02149	0.05473	0.55749	0.19430	0.02486	0.01042	0.00324	0.00468	0.02220	0.00771	0.00681
51	0.02056	0.01974	0.03372	0.05099	0.65622	0.01974	0.02550	0.02550	0.01892	0.02714	0.01563	0.02056	0.01316	0.00740	0.00822	0.00247	0.00987	0.00740	0.00411	0.01316
52	0.01855	0.01814	0.05679	0.23794	0.13316	0.01930	0.01920	0.03185	0.28560	0.02838	0.02426	0.02831	0.01898	0.01000	0.00846	0.00278	0.00888	0.03184	0.00595	0.01163
53	0.01666	0.04297	0.66500	0.02368	0.03596	0.01929	0.03069	0.02631	0.01754	0.02631	0.01491	0.01754	0.01052	0.00789	0.00789	0.00263	0.01228	0.00614	0.00351	0.01228
54	0.01133	0.00817	0.01095	0.01180	0.01264	0.00839	0.00833	0.01335	0.01587	0.02214	0.09979	0.40231	0.04569	0.08150	0.14023	0.00549	0.03379	0.01768	0.04355	0.00700
55	0.01002	0.00837	0.00876	0.00901	0.01158	0.00711	0.00677	0.01215	0.01869	0.02246	0.07899	0.13300	0.57330	0.02155	0.00996	0.00290	0.00443	0.04622	0.00771	0.00702
56	0.01625	0.01415	0.01376	0.01337	0.01548	0.12968	0.01024	0.01930	0.01623	0.02246	0.02179	0.02902	0.01908	0.03915	0.38346	0.00841	0.01624	0.00796	0.19606	0.00790
57	0.02123	0.46530	0.22539	0.01754	0.02596	0.07658	0.01921	0.02592	0.01757	0.02160	0.01264	0.01469	0.01062	0.00745	0.00625	0.00206	0.01034	0.00501	0.00359	0.01106
58	0.02020	0.02984	0.23303	0.03478	0.22099	0.08988	0.19791	0.02689	0.01918	0.02600	0.01544	0.01956	0.01192	0.00756	0.00849	0.00258	0.01235	0.00748	0.00397	0.01195
59	0.01328	0.04955	0.10978	0.01452	0.01945	0.01252	0.07442	0.01862	0.06717	0.02416	0.05697	0.10429	0.37003	0.01664	0.00927	0.00277	0.00683	0.01428	0.00660	0.00884
60	0.02553	0.15527	0.02448	0.01794	0.02240	0.43043	0.01419	0.02784	0.02146	0.02071	0.02439	0.02785	0.10500	0.01079	0.00763	0.00225	0.01197	0.03571	0.00481	0.00934
61	0.02859	0.02628	0.02633	0.03086	0.25914	0.27670	0.01867	0.03202	0.02188	0.17242	0.01852	0.02016	0.01391	0.00853	0.00796	0.00236	0.01124	0.00681	0.00562	0.01199
62	0.02117	0.15176	0.24142	0.02296	0.09418	0.02221	0.02136	0.05262	0.01822	0.09035	0.01565	0.01842	0.01216	0.00925	0.01120	0.00259	0.14196	0.00642	0.00457	0.04152
63	0.02087	0.09422	0.13580	0.01578	0.02092	0.13282	0.01433	0.06435	0.04940	0.07148	0.02503	0.03203	0.06456	0.17265	0.01571	0.00370	0.00959	0.00853	0.03857	0.00967
64	0.15216	0.02118	0.16053	0.01872	0.05190	0.01635	0.04591	0.07420	0.01963	0.19314	0.02078	0.02289	0.01520	0.01840	0.12818	0.00453	0.01146	0.00726	0.00614	0.01144
65	0.16616	0.03431	0.35055	0.04776	0.07712	0.13753	0.02313	0.02693	0.01803	0.02724	0.01393	0.01668	0.01047	0.00796	0.00732	0.00252	0.01140	0.00582	0.00402	0.01111

[dist]
# distance from previous block
# <min> <max>
0	14

[block]
# block no. 1 follows, 22 sequences, length 23
# corresponding to MSA columns:
# 120-142
name=unknown_B
#
# <colnr> <probs for GDERKNQSTAVLIFYWHMCP>
#	G	D	E	R	K	N	Q	S	T	A	V	L	I	F	Y	W	H	M	C	P
0	0.02052	0.05241	0.17129	0.08797	0.25908	0.05969	0.04993	0.02916	0.11371	0.04844	0.01847	0.02134	0.01424	0.00832	0.00811	0.00255	0.01037	0.00732	0.00481	0.01227
1	0.13755	0.02351	0.13126	0.12045	0.20263	0.05887	0.13275	0.02522	0.01819	0.02750	0.03581	0.02055	0.01370	0.00796	0.00799	0.00260	0.01075	0.00731	0.00431	0.01108
2	0.02482	0.18221	0.12977	0.02597	0.15161	0.27583	0.01979	0.05350	0.02088	0.02377	0.01373	0.01633	0.01130	0.00797	0.00726	0.00222	0.01197	0.00577	0.00414	0.01115
3	0.02480	0.07505	0.02234	0.02052	0.07262	0.38865	0.01433	0.05294	0.02108	0.02182	0.01886	0.10243	0.01872	0.09617	0.01207	0.00303	0.01184	0.00855	0.00490	0.00928
4	0.01551	0.01211	0.01996	0.01676	0.02055	0.01111	0.14859	0.01930	0.02003	0.08637	0.16600	0.15205	0.17160	0.01701	0.00999	0.00295	0.00715	0.08667	0.00744	0.00884
5	0.02789	0.09020	0.02413	0.02077	0.04919	0.53328	0.01536	0.03018	0.02238	0.02074	0.01962	0.02124	0.07176	0.00958	0.00757	0.00219	0.01326	0.00652	0.00454	0.00961
6	0.01946	0.01941	0.01644	0.01642	0.04349	0.23667	0.01160	0.02106	0.01691	0.01992	0.01840	0.02697	0.01704	0.09386	0.21184	0.11548	0.01423	0.00759	0.06556	0.00766
7	0.01187	0.00890	0.01335	0.01335	0.01483	0.01038	0.01038	0.01483	0.01335	0.01928	0.02225	0.03264	0.02077	0.06231	0.67512	0.01335	0.02225	0.00890	0.00445	0.00742
8	0.01981	0.16578	0.45551	0.02160	0.03174	0.11898	0.02549	0.02706	0.01831	0.02418	0.01398	0.01638	0.01058	0.00785	0.00736	0.00240	0.01205	0.00571	0.00363	0.01159
9	0.65771	0.01713	0.01410	0.01214	0.01750	0.01969	0.01000	0.11400	0.01783	0.03951	0.01281	0.01445	0.00976	0.00805	0.00561	0.00256	0.00683	0.00494	0.00561	0.00976
10	0.02734	0.32150	0.03191	0.01839	0.02386	0.40602	0.01528	0.02970	0.02075	0.02000	0.01230	0.01429	0.01068	0.00795	0.00659	0.00199	0.01243	0.00497	0.00398	0.01006
11	0.01016	0.00749	0.00939	0.01087	0.01175	0.00686	0.00733	0.01166	0.01628	0.02119	0.05191	0.55707	0.16380	0.05768	0.01197	0.00349	0.00486	0.02195	0.00758	0.00671
12	0.01897	0.02344	0.14981	0.14734	0.39216	0.01956	0.07829	0.02505	0.01835	0.02599	0.01546	0.02042	0.01229	0.00760	0.00831	0.00258	0.01087	0.00738	0.00394	0.01219
13	0.00985	0.00830	0.00853	0.00871	0.01130	0.00699	0.00644	0.01189	0.01865	0.02232	0.08051	0.13907	0.59608	0.02151	0.00989	0.00286	0.00427	0.01811	0.00771	0.00699
14	0.01606	0.01053	0.01297	0.01246	0.01394	0.01087	0.00876	0.13398	0.01830	0.02446	0.02767	0.25315	0.03014	0.12488	0.02187	0.24653	0.00693	0.01343	0.00611	0.00695
15	0.01060	0.00806	0.00924	0.00963	0.01121	0.00726	0.00666	0.01242	0.01759	0.02258	0.14795	0.23029	0.30165	0.14813	0.01599	0.00389	0.00503	0.01770	0.00743	0.00670
16	0.01762	0.01604	0.02251	0.01608	0.02363	0.01273	0.11232	0.02186	0.01762	0.02699	0.01511	0.01809	0.01235	0.00629	0.00676	0.00149	0.00746	0.00573	0.00480	0.63450
17	0.02000	0.02096	0.03067	0.11496	0.12324	0.11528	0.20136	0.02661	0.07359	0.02552	0.02122	0.03214	0.01853	0.01017	0.00902	0.00274	0.01126	0.09601	0.00505	0.04168
18	0.02329	0.13395	0.02626	0.02485	0.17068	0.29789	0.01620	0.02617	0.02057	0.02220	0.02642	0.02799	0.12945	0.01036	0.00776	0.00228	0.01085	0.00793	0.00476	0.01014
19	0.02018	0.09303	0.20607	0.01793	0.02454	0.13838	0.01757	0.09228	0.02128	0.02744	0.07474	0.12237	0.02362	0.01151	0.00804	0.00243	0.00974	0.00925	0.00543	0.07415
20	0.01907	0.02347	0.18636	0.02760	0.11946	0.01707	0.21939	0.02470	0.01787	0.07978	0.01943	0.02782	0.01636	0.14685	0.01544	0.00374	0.01121	0.00890	0.00471	0.01077
21	0.02222	0.16639	0.14774	0.06819	0.14713	0.17645	0.10751	0.02722	0.01931	0.02345	0.01415	0.01763	0.01141	0.00770	0.00765	0.00235	0.01197	0.00645	0.00392	0.01116
22	0.07551	0.13153	0.32747	0.11940	0.03361	0.02015	0.05935	0.02420	0.01773	0.02609	0.07472	0.02181	0.01708	0.00863	0.00766	0.00253	0.01045	0.00701	0.00425	0.01084

[dist]
# distance from previous block
# <min> <max>
2	17

[block]
# block no. 2 follows, 22 sequences, length 90
# corresponding to MSA columns:
# 160-249
name=unknown_C
#
# <colnr> <probs for GDERKNQSTAVLIFYWHMCP>
#	G	D	E	R	K	N	Q	S	T	A	V	L	I	F	Y	W	H	M	C	P
0	0.02470	0.02721	0.10384	0.03304	0.28432	0.15351	0.02145	0.16353	0.05282	0.03168	0.01678	0.01942	0.01313	0.00845	0.00807	0.00244	0.01087	0.00695	0.00522	0.01256
1	0.02065	0.03409	0.36691	0.03032	0.20127	0.07319	0.02634	0.09804	0.02095	0.02914	0.01553	0.01843	0.01168	0.00806	0.00800	0.00253	0.01147	0.00657	0.00430	0.01252
2	0.02056	0.01974	0.03372	0.05099	0.65622	0.01974	0.02550	0.02550	0.01892	0.02714	0.01563	0.02056	0.01316	0.00740	0.00822	0.00247	0.00987	0.00740	0.00411	0.01316
3	0.02056	0.01974	0.03372	0.05099	0.65622	0.01974	0.02550	0.02550	0.01892	0.02714	0.01563	0.02056	0.01316	0.00740	0.00822	0.00247	0.00987	0.00740	0.00411	0.01316
4	0.03108	0.02302	0.02465	0.01901	0.02557	0.02553	0.01567	0.60166	0.06674	0.05155	0.02058	0.02045	0.01464	0.01003	0.00832	0.00251	0.00902	0.00757	0.00832	0.01408
5	0.01012	0.00723	0.00964	0.01157	0.01205	0.00675	0.00771	0.01157	0.01591	0.02121	0.04579	0.70262	0.05495	0.02603	0.01060	0.00337	0.00482	0.02362	0.00771	0.00675
6	0.01569	0.01477	0.02492	0.68808	0.05722	0.01846	0.02307	0.02123	0.01661	0.02123	0.01477	0.02215	0.01107	0.00831	0.00831	0.00277	0.01107	0.00738	0.00369	0.00923
7	0.01876	0.02574	0.19893	0.11589	0.28750	0.01976	0.16152	0.02545	0.01844	0.02611	0.01560	0.02039	0.01211	0.00755	0.00850	0.00262	0.01156	0.00761	0.00393	0.01203
8	0.01947	0.01862	0.03174	0.19417	0.52160	0.01945	0.02495	0.02454	0.01840	0.02581	0.01543	0.02092	0.01269	0.00761	0.00824	0.00254	0.01014	0.00740	0.00402	0.01228
9	0.00982	0.00842	0.00842	0.00842	0.01122	0.00701	0.00631	0.01192	0.01894	0.02244	0.08416	0.07995	0.65285	0.02104	0.00982	0.00281	0.00421	0.01753	0.00771	0.00701
10	0.01187	0.00890	0.01335	0.01335	0.01483	0.01038	0.01038	0.01483	0.01335	0.01928	0.02225	0.03264	0.02077	0.06231	0.67512	0.01335	0.02225	0.00890	0.00445	0.00742
11	0.02221	0.71304	0.04353	0.01421	0.02132	0.03287	0.01421	0.02488	0.01688	0.01955	0.01155	0.01333	0.01066	0.00711	0.00533	0.00178	0.00888	0.00444	0.00355	0.01066
12	0.76672	0.01607	0.01221	0.01092	0.01607	0.01864	0.00900	0.02442	0.01414	0.03727	0.01157	0.01350	0.00900	0.00771	0.00514	0.00257	0.00643	0.00450	0.00514	0.00900
13	0.01697	0.08031	0.63037	0.02315	0.03514	0.02005	0.02978	0.02623	0.01750	0.02593	0.01472	0.01730	0.01053	0.00785	0.00775	0.00258	0.01209	0.00604	0.00351	0.01219
14	0.01179	0.00861	0.01115	0.01085	0.01288	0.00797	0.00837	0.01554	0.02261	0.03139	0.53160	0.06733	0.12351	0.01803	0.01000	0.00277	0.00439	0.08463	0.00885	0.00775
15	0.01269	0.00934	0.01241	0.01395	0.01604	0.00906	0.01200	0.01618	0.01909	0.02439	0.05185	0.09101	0.16627	0.02258	0.01115	0.00363	0.00698	0.48621	0.00766	0.00753
16	0.01208	0.00805	0.00906	0.00906	0.00906	0.00805	0.00503	0.01208	0.01208	0.01611	0.02618	0.05436	0.03020	0.70804	0.04228	0.00805	0.00805	0.01208	0.00503	0.00503
17	0.01187	0.00890	0.01335	0.01335	0.01483	0.01038	0.01038	0.01483	0.01335	0.01928	0.02225	0.03264	0.02077	0.06231	0.67512	0.01335	0.02225	0.00890	0.00445	0.00742
18	0.01806	0.21230	0.50796	0.02129	0.03226	0.02272	0.02653	0.02595	0.01737	0.02460	0.01406	0.01647	0.01056	0.00769	0.00725	0.00242	0.01142	0.00571	0.00352	0.01187
19	0.02221	0.71304	0.04353	0.01421	0.02132	0.03287	0.01421	0.02488	0.01688	0.01955	0.01155	0.01333	0.01066	0.00711	0.00533	0.00178	0.00888	0.00444	0.00355	0.01066
20	0.01187	0.00890	0.01335	0.01335	0.01483	0.01038	0.01038	0.01483	0.01335	0.01928	0.02225	0.03264	0.02077	0.06231	0.67512	0.01335	0.02225	0.00890	0.00445	0.00742
21	0.01034	0.00822	0.00929	0.00948	0.01166	0.00716	0.00693	0.01277	0.01950	0.02485	0.21450	0.18770	0.40634	0.02096	0.00995	0.00286	0.00425	0.01802	0.00806	0.00716
22	0.01666	0.04297	0.66500	0.02368	0.03596	0.01929	0.03069	0.02631	0.01754	0.02631	0.01491	0.01754	0.01052	0.00789	0.00789	0.00263	0.01228	0.00614	0.00351	0.01228
23	0.01918	0.02166	0.04704	0.03381	0.04183	0.02042	0.59190	0.02596	0.01926	0.02620	0.01711	0.02298	0.01306	0.01007	0.04670	0.00339	0.01446	0.00975	0.00422	0.01099
24	0.01318	0.01181	0.02108	0.01791	0.02098	0.01102	0.18204	0.01678	0.01874	0.02558	0.18032	0.36006	0.04853	0.01853	0.01019	0.00303	0.00720	0.01770	0.00706	0.00826
25	0.03325	0.01325	0.01799	0.01410	0.01982	0.01152	0.01152	0.03658	0.02374	0.56288	0.13036	0.03360	0.02968	0.01134	0.00858	0.00258	0.00657	0.00941	0.01010	0.01314
26	0.03154	0.01287	0.01744	0.01381	0.01923	0.01123	0.01123	0.03491	0.02372	0.52068	0.17191	0.03587	0.03356	0.01179	0.00868	0.00258	0.00636	0.00985	0.01003	0.01272
27	0.01941	0.01857	0.03165	0.20100	0.51518	0.01944	0.02492	0.02449	0.01837	0.02575	0.01542	0.02093	0.01267	0.00761	0.00824	0.00254	0.01015	0.00740	0.00401	0.01223
28	0.02221	0.71304	0.04353	0.01421	0.02132	0.03287	0.01421	0.02488	0.01688	0.01955	0.01155	0.01333	0.01066	0.00711	0.00533	0.00178	0.00888	0.00444	0.00355	0.01066
29	0.01187	0.00890	0.01335	0.01335	0.01483	0.01038	0.01038	0.01483	0.01335	0.01928	0.02225	0.03264	0.02077	0.06231	0.67512	0.01335	0.02225	0.00890	0.00445	0.00742
30	0.01684	0.04171	0.62716	0.02437	0.03641	0.01940	0.06727	0.02633	0.01767	0.02633	0.01502	0.01784	0.01065	0.00784	0.00801	0.00264	0.01238	0.00636	0.00355	0.01221
31	0.01448	0.01288	0.02006	0.28709	0.03309	0.01623	0.01681	0.01822	0.01466	0.02027	0.01813	0.05287	0.01645	0.03039	0.26171	0.00692	0.13861	0.00859	0.00413	0.00842
32	0.01208	0.00805	0.00906	0.00906	0.00906	0.00805	0.00503	0.01208	0.01208	0.01611	0.02618	0.05436	0.03020	0.70804	0.04228	0.00805	0.00805	0.01208	0.00503	0.00503
33	0.01208	0.00805	0.00906	0.00906	0.00906	0.00805	0.00503	0.01208	0.01208	0.01611	0.02618	0.05436	0.03020	0.70804	0.04228	0.00805	0.00805	0.01208	0.00503	0.00503
34	0.10835	0.01862	0.02995	0.13415	0.49767	0.01943	0.02320	0.02478	0.01803	0.02753	0.01503	0.01994	0.01238	0.00756	0.00787	0.00252	0.00963	0.00706	0.00418	0.01212
35	0.01998	0.01915	0.03268	0.12652	0.58520	0.01959	0.02521	0.02499	0.01864	0.02644	0.01552	0.02075	0.01291	0.00751	0.00823	0.00250	0.01001	0.00740	0.00406	0.01269
36	0.01723	0.01477	0.01723	0.01230	0.01969	0.01107	0.00984	0.02092	0.01723	0.02707	0.01477	0.01723	0.01230	0.00615	0.00615	0.00123	0.00615	0.00492	0.00492	0.75883
37	0.01187	0.00890	0.01335	0.01335	0.01483	0.01038	0.01038	0.01483	0.01335	0.01928	0.02225	0.03264	0.02077	0.06231	0.67512	0.01335	0.02225	0.00890	0.00445	0.00742
38	0.01761	0.03657	0.47729	0.02810	0.07587	0.01974	0.17432	0.02633	0.01812	0.02643	0.01541	0.01890	0.01119	0.00765	0.00838	0.00266	0.01255	0.00710	0.00371	0.01207
39	0.01068	0.00845	0.00961	0.00932	0.01175	0.00738	0.00699	0.01359	0.02097	0.02727	0.33619	0.07200	0.39780	0.01924	0.00981	0.00272	0.00408	0.01642	0.00835	0.00738
40	0.02045	0.02006	0.03553	0.04910	0.58357	0.01989	0.09670	0.02563	0.01900	0.02708	0.01577	0.02078	0.01309	0.00735	0.00841	0.00251	0.01036	0.00769	0.00412	0.01293
41	0.01831	0.01783	0.02842	0.40203	0.29830	0.04675	0.02376	0.02346	0.01784	0.02358	0.01503	0.02120	0.01190	0.00795	0.00824	0.00262	0.01075	0.00730	0.00389	0.01084
42	0.01818	0.01723	0.02822	0.07007	0.49977	0.01711	0.02151	0.02257	0.01882	0.02593	0.02945	0.03264	0.14241	0.01020	0.00855	0.00255	0.00878	0.00945	0.00482	0.01175
43	0.02221	0.71304	0.04353	0.01421	0.02132	0.03287	0.01421	0.02488	0.01688	0.01955	0.01155	0.01333	0.01066	0.00711	0.00533	0.00178	0.00888	0.00444	0.00355	0.01066
44	0.01666	0.04297	0.66500	0.02368	0.03596	0.01929	0.03069	0.02631	0.01754	0.02631	0.01491	0.01754	0.01052	0.00789	0.00789	0.00263	0.01228	0.00614	0.00351	0.01228
45	0.72507	0.01599	0.01291	0.04848	0.01835	0.01863	0.00978	0.02424	0.01428	0.03638	0.01174	0.01398	0.00911	0.00774	0.00532	0.00258	0.00668	0.00466	0.00506	0.00901
46	0.76672	0.01607	0.01221	0.01092	0.01607	0.01864	0.00900	0.02442	0.01414	0.03727	0.01157	0.01350	0.00900	0.00771	0.00514	0.00257	0.00643	0.00450	0.00514	0.00900
47	0.02056	0.01974	0.03372	0.05099	0.65622	0.01974	0.02550	0.02550	0.01892	0.02714	0.01563	0.02056	0.01316	0.00740	0.00822	0.00247	0.00987	0.00740	0.00411	0.01316
48	0.01617	0.01580	0.01564	0.01516	0.01727	0.15969	0.01166	0.01896	0.01564	0.01952	0.02014	0.02867	0.01851	0.05023	0.52507	0.01083	0.02062	0.00810	0.00441	0.00791
49	0.01187	0.00890	0.01335	0.01335	0.01483	0.01038	0.01038	0.01483	0.01335	0.01928	0.02225	0.03264	0.02077	0.06231	0.67512	0.01335	0.02225	0.00890	0.00445	0.00742
50	0.01186	0.00805	0.00943	0.00949	0.00985	0.00791	0.00571	0.01261	0.01422	0.01927	0.12731	0.11043	0.03996	0.54047	0.03444	0.00679	0.00712	0.01352	0.00591	0.00562
51	0.01187	0.00890	0.01335	0.01335	0.01483	0.01038	0.01038	0.01483	0.01335	0.01928	0.02225	0.03264	0.02077	0.06231	0.67512	0.01335	0.02225	0.00890	0.00445	0.00742
52	0.76672	0.01607	0.01221	0.01092	0.01607	0.01864	0.00900	0.02442	0.01414	0.03727	0.01157	0.01350	0.00900	0.00771	0.00514	0.00257	0.00643	0.00450	0.00514	0.00900
53	0.02026	0.01943	0.03318	0.09013	0.61942	0.01966	0.02535	0.02523	0.01877	0.02678	0.01557	0.02066	0.01303	0.00746	0.00823	0.00249	0.00994	0.00740	0.00409	0.01292
54	0.02056	0.01974	0.03372	0.05099	0.65622	0.01974	0.02550	0.02550	0.01892	0.02714	0.01563	0.02056	0.01316	0.00740	0.00822	0.00247	0.00987	0.00740	0.00411	0.01316
55	0.01085	0.00784	0.01043	0.01223	0.01318	0.00741	0.00893	0.01289	0.01683	0.02212	0.04773	0.52448	0.09004	0.02501	0.01076	0.00344	0.00543	0.15573	0.00770	0.00697
56	0.01664	0.19212	0.24393	0.01703	0.02399	0.02001	0.01832	0.02154	0.01691	0.02290	0.02791	0.02980	0.14099	0.01323	0.03662	0.00293	0.09057	0.00821	0.00450	0.05185
57	0.01339	0.00956	0.01339	0.01530	0.01721	0.00956	0.01339	0.01721	0.01912	0.02486	0.04399	0.09371	0.04781	0.02295	0.01147	0.00382	0.00765	0.60031	0.00765	0.00765
58	0.02665	0.25465	0.10139	0.01916	0.02543	0.34300	0.01707	0.07833	0.02200	0.02336	0.01324	0.01514	0.01095	0.00814	0.00691	0.00211	0.01225	0.00532	0.00429	0.01062
59	0.01743	0.03423	0.44513	0.03094	0.21478	0.01872	0.02790	0.02525	0.01785	0.02627	0.01684	0.05659	0.01376	0.00876	0.00814	0.00262	0.01116	0.00748	0.00392	0.01223
60	0.02090	0.10930	0.16887	0.01973	0.02442	0.19032	0.01842	0.02444	0.01701	0.02099	0.01419	0.02093	0.01303	0.09286	0.01703	0.00333	0.20391	0.00676	0.00393	0.00965
61	0.01666	0.04297	0.66500	0.02368	0.03596	0.01929	0.03069	0.02631	0.01754	0.02631	0.01491	0.01754	0.01052	0.00789	0.00789	0.00263	0.01228	0.00614	0.00351	0.01228
62	0.02221	0.71304	0.04353	0.01421	0.02132	0.03287	0.01421	0.02488	0.01688	0.01955	0.01155	0.01333	0.01066	0.00711	0.00533	0.00178	0.00888	0.00444	0.00355	0.01066
63	0.00984	0.00834	0.00849	0.00861	0.01127	0.00700	0.00640	0.01190	0.01875	0.02237	0.08180	0.11820	0.61612	0.02135	0.00987	0.00284	0.00425	0.01791	0.00771	0.00700
64	0.01187	0.00890	0.01335	0.01335	0.01483	0.01038	0.01038	0.01483	0.01335	0.01928	0.02225	0.03264	0.02077	0.06231	0.67512	0.01335	0.02225	0.00890	0.00445	0.00742
65	0.01569	0.01477	0.02492	0.68808	0.05722	0.01846	0.02307	0.02123	0.01661	0.02123	0.01477	0.02215	0.01107	0.00831	0.00831	0.00277	0.01107	0.00738	0.00369	0.00923
66	0.02056	0.01974	0.03372	0.05099	0.65622	0.01974	0.02550	0.02550	0.01892	0.02714	0.01563	0.02056	0.01316	0.00740	0.00822	0.00247	0.00987	0.00740	0.00411	0.01316
67	0.01195	0.00856	0.01164	0.01164	0.01253	0.00945	0.00825	0.01374	0.01284	0.01802	0.02382	0.04131	0.02453	0.31997	0.42260	0.01124	0.01659	0.01017	0.00468	0.00647
68	0.01574	0.01511	0.01541	0.01498	0.01703	0.14471	0.01153	0.01854	0.01541	0.01950	0.02035	0.02907	0.01873	0.05144	0.54013	0.01108	0.02078	0.00818	0.00442	0.00786
69	0.28238	0.03156	0.01967	0.01782	0.02240	0.45055	0.01364	0.03018	0.02033	0.02612	0.01241	0.01447	0.01012	0.00827	0.00669	0.00229	0.01206	0.00506	0.00457	0.00941
70	0.01132	0.00809	0.01092	0.01180	0.01258	0.00837	0.00831	0.01307	0.01443	0.01967	0.03376	0.30629	0.03805	0.19070	0.22982	0.00764	0.01128	0.05123	0.00607	0.00663
71	0.02399	0.57687	0.03949	0.01567	0.02220	0.16265	0.01459	0.02655	0.01823	0.01970	0.01181	0.01366	0.01067	0.00740	0.00577	0.00185	0.01012	0.00463	0.00370	0.01045
72	0.02221	0.71304	0.04353	0.01421	0.02132	0.03287	0.01421	0.02488	0.01688	0.01955	0.01155	0.01333	0.01066	0.00711	0.00533	0.00178	0.00888	0.00444	0.00355	0.01066
73	0.01848	0.04043	0.60801	0.02289	0.03465	0.01867	0.02906	0.02756	0.01809	0.08241	0.01649	0.01849	0.01141	0.00810	0.00793	0.00263	0.01182	0.00633	0.00411	0.01244
74	0.01192	0.00870	0.01231	0.01231	0.01344	0.00982	0.00909	0.01417	0.01304	0.01852	0.02320	0.03789	0.02305	0.21843	0.52212	0.01207	0.01882	0.00967	0.00459	0.00684
75	0.01208	0.00805	0.00906	0.00906	0.00906	0.00805	0.00503	0.01208	0.01208	0.01611	0.02618	0.05436	0.03020	0.70804	0.04228	0.00805	0.00805	0.01208	0.00503	0.00503
76	0.00993	0.00796	0.00888	0.00962	0.01154	0.00691	0.00685	0.01179	0.01778	0.02197	0.06950	0.31786	0.42440	0.02294	0.01012	0.00302	0.00444	0.01986	0.00771	0.00691
77	0.02064	0.02104	0.02995	0.22086	0.40826	0.10718	0.02357	0.02536	0.01891	0.02461	0.01502	0.02025	0.01226	0.00780	0.00815	0.00251	0.01088	0.00712	0.00402	0.01161
78	0.01880	0.01838	0.03256	0.26401	0.38150	0.01946	0.09588	0.02419	0.01822	0.02508	0.01548	0.02132	0.01239	0.00766	0.00844	0.00261	0.01077	0.00768	0.00398	0.01160
79	0.01392	0.01006	0.01271	0.01353	0.01534	0.01009	0.01051	0.08678	0.01975	0.02601	0.04280	0.34274	0.07300	0.05724	0.01221	0.00364	0.00648	0.22769	0.00763	0.00787
80	0.01847	0.05798	0.03965	0.03276	0.14341	0.01940	0.38045	0.02409	0.01839	0.02514	0.01856	0.06052	0.01591	0.01469	0.08820	0.00397	0.01347	0.00975	0.00437	0.01082
81	0.01024	0.00739	0.00973	0.01155	0.01222	0.00688	0.00787	0.01182	0.01621	0.02143	0.04785	0.64265	0.08796	0.02562	0.01060	0.00336	0.00490	0.04722	0.00771	0.00680
82	0.01994	0.02027	0.02509	0.13765	0.27766	0.14913	0.01935	0.02397	0.01830	0.02341	0.01674	0.02255	0.01420	0.01886	0.14135	0.00460	0.01331	0.00730	0.03589	0.01044
83	0.01945	0.07622	0.52184	0.02280	0.03343	0.13418	0.02731	0.02743	0.01855	0.02493	0.01438	0.01688	0.01056	0.00797	0.00769	0.00250	0.01258	0.00592	0.00364	0.01173
84	0.01916	0.02337	0.15488	0.07175	0.31929	0.01937	0.05083	0.02887	0.14455	0.02840	0.04345	0.02383	0.01745	0.00868	0.00834	0.00261	0.00971	0.00795	0.00504	0.01247
85	0.02019	0.01812	0.01986	0.02164	0.14722	0.09342	0.01384	0.16298	0.02349	0.03001	0.03626	0.10099	0.17258	0.04854	0.01038	0.00282	0.00815	0.01128	0.00643	0.05181
86	0.02408	0.02500	0.02675	0.03173	0.27627	0.22830	0.01902	0.02756	0.01981	0.05631	0.01502	0.01849	0.01241	0.00845	0.00959	0.00232	0.07798	0.00645	0.00454	0.10990
87	0.02004	0.02231	0.09358	0.04573	0.49325	0.01992	0.13061	0.02576	0.01891	0.02697	0.01577	0.02061	0.01282	0.00738	0.00847	0.00254	0.01081	0.00771	0.00407	0.01274
88	0.02281	0.02399	0.03154	0.04465	0.52105	0.16015	0.02347	0.02714	0.01991	0.02568	0.01503	0.01936	0.01263	0.00765	0.00807	0.00240	0.01097	0.00696	0.00415	0.01240
89	0.01797	0.13923	0.24815	0.02860	0.22825	0.01968	0.02239	0.02398	0.01890	0.02668	0.12453	0.02550	0.02310	0.00918	0.00791	0.00244	0.00951	0.00780	0.00468	0.01153

[dist]
# distance from previous block
# <min> <max>
0	1

[block]
# block no. 3 follows, 22 sequences, length 7
# corresponding to MSA columns:
# 251-257
name=unknown_D
#
# <colnr> <probs for GDERKNQSTAVLIFYWHMCP>
#	G	D	E	R	K	N	Q	S	T	A	V	L	I	F	Y	W	H	M	C	P
0	0.02139	0.02110	0.03143	0.04526	0.54338	0.07088	0.02352	0.02797	0.08174	0.02737	0.01723	0.02117	0.01419	0.00788	0.00819	0.00248	0.00994	0.00744	0.00456	0.01288
1	0.02856	0.08543	0.02367	0.01976	0.02411	0.57049	0.01507	0.03073	0.02266	0.02046	0.01894	0.02050	0.06642	0.00954	0.00754	0.00217	0.01361	0.00634	0.00453	0.00948
2	0.01224	0.00932	0.01322	0.01585	0.08161	0.00889	0.01038	0.01526	0.01938	0.02666	0.26026	0.32134	0.05800	0.02039	0.01017	0.00306	0.00540	0.09279	0.00783	0.00794
3	0.01782	0.03610	0.47827	0.03176	0.21942	0.01942	0.02916	0.02607	0.01795	0.02655	0.01512	0.01843	0.01130	0.00775	0.00799	0.00258	0.01157	0.00651	0.00369	0.01254
4	0.01849	0.11715	0.30517	0.03127	0.23304	0.02069	0.06021	0.02515	0.01775	0.02529	0.01529	0.01923	0.01217	0.01107	0.05054	0.00317	0.01181	0.00672	0.00381	0.01198
5	0.01808	0.02774	0.27658	0.03656	0.35749	0.01842	0.02579	0.02459	0.01838	0.02640	0.02150	0.02472	0.06954	0.00882	0.00824	0.00256	0.01030	0.00782	0.00420	0.01227
6	0.01876	0.02174	0.10466	0.03966	0.37451	0.01863	0.16520	0.02440	0.01893	0.02642	0.02314	0.02700	0.08101	0.00882	0.00873	0.00260	0.01050	0.00891	0.00445	0.01195

[dist]
# distance from previous block
# <min> <max>
0	6

[block]
# block no. 4 follows, 22 sequences, length 10
# corresponding to MSA columns:
# 264-273
name=unknown_E
#
# <colnr> <probs for GDERKNQSTAVLIFYWHMCP>
#	G	D	E	R	K	N	Q	S	T	A	V	L	I	F	Y	W	H	M	C	P
0	0.02368	0.07506	0.24958	0.02705	0.14101	0.29435	0.02272	0.02896	0.02026	0.02358	0.01398	0.01677	0.01107	0.00804	0.00764	0.00235	0.01279	0.00594	0.00394	0.01124
1	0.01857	0.10202	0.35918	0.03043	0.16348	0.02107	0.13739	0.02605	0.01814	0.02585	0.01507	0.01863	0.01146	0.00755	0.00805	0.00254	0.01176	0.00690	0.00376	0.01210
2	0.01764	0.03717	0.50742	0.03050	0.19078	0.01940	0.02940	0.02611	0.01788	0.02652	0.01509	0.01829	0.01118	0.00777	0.00798	0.00259	0.01168	0.00645	0.00366	0.01250
3	0.01987	0.02387	0.14585	0.04614	0.54604	0.01966	0.02642	0.02564	0.01867	0.02699	0.01550	0.02002	0.01269	0.00749	0.00817	0.00250	0.01030	0.00718	0.00400	0.01300
4	0.01681	0.01610	0.05991	0.02193	0.17640	0.01431	0.01435	0.12576	0.02242	0.02918	0.05119	0.05045	0.33839	0.01482	0.00903	0.00265	0.00702	0.01249	0.00665	0.01015
5	0.01066	0.00746	0.00948	0.01087	0.01122	0.00711	0.00697	0.01171	0.01485	0.01980	0.04036	0.52325	0.04810	0.21474	0.01937	0.00467	0.00571	0.02042	0.00697	0.00627
6	0.01815	0.10412	0.40891	0.02628	0.03682	0.02120	0.21595	0.02626	0.01812	0.02572	0.01517	0.01864	0.01119	0.00753	0.00823	0.00260	0.01248	0.00712	0.00373	0.01178
7	0.01797	0.01668	0.02792	0.16500	0.42450	0.01733	0.02221	0.02257	0.01818	0.02521	0.02087	0.09841	0.01988	0.01076	0.00875	0.00273	0.00939	0.05566	0.00469	0.01131
8	0.01764	0.03657	0.48015	0.02877	0.10409	0.01967	0.14317	0.02628	0.01808	0.02646	0.01535	0.01879	0.01120	0.00767	0.00829	0.00265	0.01235	0.00697	0.00370	0.01217
9	0.01358	0.00835	0.01069	0.01069	0.01239	0.00913	0.00821	0.01698	0.01528	0.02483	0.02455	0.03185	0.02102	0.03733	0.35750	0.00793	0.01353	0.00835	0.36023	0.00757

[dist]
# distance from previous block
# <min> <max>
0	1

[block]
# block no. 5 follows, 22 sequences, length 16
# corresponding to MSA columns:
# 275-290
name=unknown_F
#
# <colnr> <probs for GDERKNQSTAVLIFYWHMCP>
#	G	D	E	R	K	N	Q	S	T	A	V	L	I	F	Y	W	H	M	C	P
0	0.02149	0.02724	0.24281	0.03247	0.19730	0.01882	0.18374	0.02827	0.01936	0.12032	0.01823	0.02119	0.01324	0.00788	0.00855	0.00262	0.01134	0.00776	0.00485	0.01250
1	0.02056	0.01974	0.03372	0.05099	0.65622	0.01974	0.02550	0.02550	0.01892	0.02714	0.01563	0.02056	0.01316	0.00740	0.00822	0.00247	0.00987	0.00740	0.00411	0.01316
2	0.01012	0.00723	0.00964	0.01157	0.01205	0.00675	0.00771	0.01157	0.01591	0.02121	0.04579	0.70262	0.05495	0.02603	0.01060	0.00337	0.00482	0.02362	0.00771	0.00675
3	0.02809	0.18425	0.02832	0.01806	0.02425	0.12032	0.01516	0.33658	0.10053	0.03815	0.01857	0.01896	0.01412	0.00926	0.00752	0.00231	0.00963	0.00669	0.00665	0.01257
4	0.01308	0.07424	0.01530	0.01240	0.01402	0.01240	0.00945	0.01511	0.01366	0.01870	0.02570	0.03896	0.06242	0.22489	0.36769	0.00968	0.05067	0.00981	0.00469	0.00714
5	0.01944	0.02607	0.21518	0.03425	0.31172	0.01984	0.02386	0.03051	0.17781	0.02884	0.02007	0.02234	0.01551	0.00854	0.00819	0.00261	0.00973	0.00754	0.00505	0.01290
6	0.02221	0.71304	0.04353	0.01421	0.02132	0.03287	0.01421	0.02488	0.01688	0.01955	0.01155	0.01333	0.01066	0.00711	0.00533	0.00178	0.00888	0.00444	0.00355	0.01066
7	0.01815	0.01854	0.03526	0.31770	0.18783	0.01963	0.23262	0.02406	0.01817	0.02443	0.01567	0.02188	0.01208	0.00765	0.00881	0.00271	0.01182	0.00823	0.00396	0.01080
8	0.02371	0.02757	0.06595	0.03548	0.31314	0.23436	0.06336	0.02986	0.07795	0.02553	0.01644	0.01966	0.01329	0.00814	0.00810	0.00243	0.01166	0.00701	0.00454	0.01182
9	0.01208	0.00805	0.00906	0.00906	0.00906	0.00805	0.00503	0.01208	0.01208	0.01611	0.02618	0.05436	0.03020	0.70804	0.04228	0.00805	0.00805	0.01208	0.00503	0.00503
10	0.01015	0.00852	0.00888	0.00905	0.01178	0.00725	0.00697	0.01241	0.01895	0.02267	0.08044	0.08122	0.59690	0.02122	0.00997	0.00290	0.00453	0.07143	0.00771	0.00707
11	0.01320	0.01163	0.02038	0.01728	0.02022	0.01089	0.17075	0.01667	0.01865	0.02552	0.19896	0.30655	0.04832	0.06606	0.01238	0.00334	0.00723	0.01687	0.00698	0.00810
12	0.02239	0.03027	0.17681	0.03698	0.34880	0.19022	0.02424	0.02768	0.01980	0.02518	0.01474	0.01841	0.01191	0.00782	0.00796	0.00242	0.01176	0.00658	0.00402	0.01204
13	0.00985	0.00829	0.00854	0.00874	0.01131	0.00699	0.00646	0.01189	0.01862	0.02231	0.08016	0.14486	0.59052	0.02156	0.00990	0.00286	0.00427	0.01817	0.00771	0.00699
14	0.01769	0.01698	0.02822	0.03876	0.44444	0.01651	0.06341	0.02204	0.01897	0.02588	0.03356	0.03616	0.17973	0.01093	0.00875	0.00258	0.00869	0.01021	0.00506	0.01142
15	0.01725	0.14600	0.47947	0.02181	0.03233	0.02069	0.06454	0.02507	0.01767	0.02497	0.01944	0.02164	0.05657	0.00865	0.00774	0.00252	0.01127	0.00692	0.00386	0.01157

[dist]
# distance from previous block
# <min> <max>
6	8

[block]
# block no. 6 follows, 22 sequences, length 11
# corresponding to MSA columns:
# 299-309
name=unknown_G
#
# <colnr> <probs for GDERKNQSTAVLIFYWHMCP>
#	G	D	E	R	K	N	Q	S	T	A	V	L	I	F	Y	W	H	M	C	P
0	0.11574	0.02850	0.02264	0.01887	0.02439	0.28330	0.01494	0.29220	0.02925	0.06852	0.01680	0.01765	0.01250	0.00917	0.00762	0.00236	0.01106	0.00633	0.00644	0.01175
1	0.01347	0.01159	0.01190	0.01127	0.01471	0.01161	0.00861	0.02276	0.22830	0.02658	0.06722	0.06348	0.44173	0.01775	0.00936	0.00281	0.00500	0.01479	0.00796	0.00908
2	0.01259	0.00996	0.01473	0.01432	0.01563	0.01211	0.01128	0.01542	0.01328	0.01937	0.02095	0.03098	0.01964	0.05684	0.60102	0.01224	0.09896	0.00871	0.00436	0.00761
3	0.02133	0.02079	0.03012	0.04233	0.48931	0.06669	0.02245	0.02963	0.13877	0.02812	0.01892	0.02217	0.01533	0.00823	0.00822	0.00251	0.00960	0.00764	0.00496	0.01291
4	0.01203	0.00825	0.01004	0.01004	0.01038	0.00858	0.00625	0.01271	0.01237	0.01683	0.02528	0.04942	0.02805	0.56103	0.18636	0.00926	0.01129	0.01136	0.00490	0.00558
5	0.01187	0.00890	0.01335	0.01335	0.01483	0.01038	0.01038	0.01483	0.01335	0.01928	0.02225	0.03264	0.02077	0.06231	0.67512	0.01335	0.02225	0.00890	0.00445	0.00742
6	0.01895	0.01707	0.02632	0.03653	0.39283	0.01759	0.02044	0.02707	0.13459	0.02804	0.02546	0.03915	0.02331	0.01166	0.00901	0.00284	0.00875	0.14276	0.00572	0.01190
7	0.02300	0.02520	0.03403	0.04061	0.38436	0.18376	0.13503	0.02762	0.02020	0.02534	0.01515	0.01951	0.01244	0.00762	0.00834	0.00245	0.01192	0.00734	0.00417	0.01191
8	0.03103	0.03959	0.02354	0.02140	0.02568	0.67469	0.01605	0.03317	0.02354	0.02033	0.01284	0.01498	0.01070	0.00856	0.00749	0.00214	0.01498	0.00535	0.00428	0.00963
9	0.01940	0.01852	0.03099	0.04641	0.58676	0.01837	0.02343	0.02403	0.01892	0.02663	0.02301	0.02696	0.08205	0.00887	0.00840	0.00250	0.00926	0.00849	0.00450	0.01250
10	0.02647	0.02926	0.01926	0.01749	0.02131	0.43074	0.01322	0.06263	0.05646	0.02562	0.01807	0.02027	0.01443	0.00908	0.00715	0.00214	0.01132	0.00631	0.19917	0.00958

[dist]
# distance from previous block
# <min> <max>
0	1

[block]
# block no. 7 follows, 22 sequences, length 108
# corresponding to MSA columns:
# 311-418
name=unknown_H
#
# <colnr> <probs for GDERKNQSTAVLIFYWHMCP>
#	G	D	E	R	K	N	Q	S	T	A	V	L	I	F	Y	W	H	M	C	P
0	0.00982	0.00842	0.00842	0.00842	0.01122	0.00701	0.00631	0.01192	0.01894	0.02244	0.08416	0.07995	0.65285	0.02104	0.00982	0.00281	0.00421	0.01753	0.00771	0.00701
1	0.01222	0.00799	0.00900	0.00910	0.00926	0.00796	0.00523	0.01256	0.01265	0.01741	0.02726	0.08642	0.03087	0.62398	0.03810	0.00738	0.00759	0.01238	0.05733	0.00531
2	0.01857	0.27375	0.45096	0.02042	0.03092	0.02397	0.02502	0.02582	0.01731	0.02398	0.01375	0.01609	0.01057	0.00762	0.00701	0.00234	0.01111	0.00555	0.00352	0.01172
3	0.02052	0.01985	0.03439	0.05030	0.62957	0.01979	0.05161	0.02554	0.01895	0.02712	0.01568	0.02064	0.01313	0.00738	0.00829	0.00248	0.01005	0.00751	0.00412	0.01307
4	0.02574	0.25998	0.03250	0.02564	0.16573	0.31343	0.01756	0.02868	0.02028	0.02160	0.01303	0.01568	0.01124	0.00782	0.00693	0.00209	0.01180	0.00551	0.00400	0.01077
5	0.01033	0.00775	0.00965	0.01106	0.01228	0.00707	0.00784	0.01216	0.01699	0.02186	0.05578	0.48429	0.21249	0.02444	0.01047	0.00326	0.00491	0.07278	0.00771	0.00690
6	0.01919	0.01593	0.01828	0.01324	0.02052	0.01309	0.01066	0.10425	0.02022	0.03054	0.01548	0.01760	0.01255	0.00668	0.00645	0.00140	0.00656	0.00527	0.00539	0.65670
7	0.01791	0.19335	0.52553	0.02155	0.03267	0.02234	0.02700	0.02599	0.01739	0.02479	0.01415	0.01659	0.01055	0.00772	0.00732	0.00244	0.01152	0.00576	0.00352	0.01191
8	0.01054	0.00833	0.00881	0.00875	0.01079	0.00734	0.00613	0.01229	0.01765	0.02183	0.11892	0.07213	0.45068	0.18908	0.01777	0.00408	0.00513	0.01598	0.00718	0.00660
9	0.01795	0.01838	0.06008	0.04005	0.47999	0.01686	0.02145	0.02249	0.01885	0.02604	0.03097	0.03374	0.15658	0.01049	0.00857	0.00255	0.00872	0.00961	0.00489	0.01173
