[name]
unknown

[dist]
# distance from previous block
# <min> <max>
0	1

[block]
# block no. 0 follows, 23 sequences, length 22
# corresponding to MSA columns:
# 1-22
name=unknown_A
#
# <colnr> <probs for GDERKNQSTAVLIFYWHMCP>
#	G	D	E	R	K	N	Q	S	T	A	V	L	I	F	Y	W	H	M	C	P
0	0.01479	0.00967	0.01350	0.01491	0.01710	0.00953	0.01299	0.01848	0.01901	0.07166	0.04216	0.08684	0.04475	0.02151	0.01098	0.00365	0.00743	0.56546	0.00766	0.00794
1	0.03376	0.06528	0.02209	0.01564	0.02203	0.01721	0.01309	0.21380	0.02714	0.44331	0.02690	0.02422	0.01757	0.00974	0.00794	0.00243	0.00762	0.00764	0.00902	0.01357
2	0.01670	0.01193	0.01327	0.01166	0.01381	0.01223	0.00802	0.16566	0.01889	0.02554	0.02458	0.08763	0.02604	0.44230	0.02844	0.00573	0.00777	0.01097	0.00587	0.06295
3	0.01034	0.00754	0.00990	0.01135	0.01225	0.00687	0.00767	0.01189	0.01562	0.02109	0.04275	0.66448	0.05096	0.02416	0.01007	0.00316	0.00479	0.02188	0.00735	0.05589
4	0.01879	0.02027	0.03883	0.03160	0.09960	0.02181	0.37066	0.02377	0.01689	0.02394	0.01442	0.02035	0.01183	0.00928	0.01498	0.00297	0.23711	0.00853	0.00391	0.01047
5	0.01195	0.00859	0.01069	0.01107	0.01234	0.00831	0.00794	0.01361	0.01479	0.01976	0.03532	0.15585	0.08126	0.30844	0.07999	0.00591	0.00810	0.14462	0.00600	0.05547
6	0.02008	0.01928	0.03294	0.04981	0.66422	0.01928	0.02490	0.02490	0.01848	0.02651	0.01526	0.02008	0.01285	0.00723	0.00803	0.00241	0.00964	0.00723	0.00402	0.01285
7	0.03079	0.02444	0.02421	0.01891	0.02515	0.09578	0.01545	0.57217	0.03652	0.04778	0.01874	0.01896	0.01344	0.00959	0.00803	0.00240	0.00954	0.00708	0.00769	0.01333
8	0.03031	0.03867	0.02299	0.02090	0.02508	0.68226	0.01568	0.03240	0.02299	0.01986	0.01254	0.01463	0.01045	0.00836	0.00732	0.00209	0.01463	0.00523	0.00418	0.00941
9	0.01627	0.04197	0.67279	0.02313	0.03512	0.01884	0.02998	0.02570	0.01713	0.02570	0.01456	0.01713	0.01028	0.00771	0.00771	0.00257	0.01199	0.00600	0.00343	0.01199
10	0.02104	0.01923	0.01874	0.01689	0.02144	0.07642	0.01308	0.04221	0.59633	0.03275	0.03129	0.02895	0.02355	0.01078	0.00818	0.00270	0.00712	0.00884	0.00791	0.01255
11	0.01294	0.00897	0.01046	0.01037	0.01119	0.00902	0.00665	0.06508	0.01581	0.02126	0.08024	0.20583	0.03763	0.43639	0.02864	0.00590	0.00689	0.01431	0.00613	0.00629
12	0.01159	0.00869	0.01304	0.01304	0.01449	0.01014	0.01014	0.01449	0.01304	0.01884	0.02173	0.03188	0.02029	0.06086	0.68268	0.01304	0.02173	0.00869	0.00435	0.00724
13	0.01299	0.01052	0.01481	0.01403	0.01487	0.01293	0.01078	0.01507	0.01266	0.01837	0.02006	0.03297	0.01999	0.18000	0.41147	0.00993	0.16817	0.00896	0.00428	0.00714
14	0.03085	0.02273	0.02435	0.01867	0.02516	0.02516	0.01542	0.63716	0.03815	0.05114	0.01948	0.01948	0.01380	0.00974	0.00812	0.00244	0.00893	0.00731	0.00812	0.01380
15	0.03031	0.03867	0.02299	0.02090	0.02508	0.68226	0.01568	0.03240	0.02299	0.01986	0.01254	0.01463	0.01045	0.00836	0.00732	0.00209	0.01463	0.00523	0.00418	0.00941
16	0.01006	0.00823	0.00894	0.00919	0.01161	0.00711	0.00698	0.01236	0.01865	0.02289	0.12293	0.12563	0.51532	0.02076	0.00978	0.00285	0.00442	0.06770	0.00764	0.00695
17	0.02994	0.02219	0.02387	0.01824	0.02478	0.02424	0.01505	0.59733	0.03677	0.04954	0.01915	0.01931	0.01368	0.00950	0.00798	0.00236	0.00874	0.00714	0.00790	0.06228
18	0.02987	0.07344	0.02399	0.02055	0.02487	0.64906	0.01559	0.03199	0.02266	0.01982	0.01248	0.01455	0.01045	0.00829	0.00721	0.00207	0.01433	0.00518	0.00414	0.00946
19	0.01729	0.01251	0.06827	0.01199	0.01606	0.00947	0.01046	0.02085	0.02079	0.17873	0.22692	0.05691	0.24424	0.01597	0.00920	0.00269	0.00559	0.05467	0.00817	0.00921
20	0.15716	0.01812	0.02821	0.10896	0.48310	0.01895	0.02171	0.02428	0.01739	0.02773	0.01445	0.01898	0.01190	0.00738	0.00749	0.00246	0.00915	0.00671	0.00416	0.01171
21	0.01996	0.42531	0.21870	0.01666	0.02455	0.07580	0.01808	0.02444	0.01730	0.02123	0.01722	0.01882	0.05540	0.00821	0.00638	0.00207	0.00976	0.00576	0.00379	0.01054

[dist]
# distance from previous block
# <min> <max>
0	4

[block]
# block no. 1 follows, 23 sequences, length 16
# corresponding to MSA columns:
# 27-42
name=unknown_B
#
# <colnr> <probs for GDERKNQSTAVLIFYWHMCP>
#	G	D	E	R	K	N	Q	S	T	A	V	L	I	F	Y	W	H	M	C	P
0	0.24730	0.14206	0.09084	0.01803	0.02428	0.01936	0.16202	0.02308	0.01755	0.02911	0.13020	0.02422	0.02233	0.00892	0.00724	0.00244	0.00860	0.00765	0.00508	0.00970
1	0.01633	0.01193	0.01393	0.01305	0.01556	0.01209	0.00956	0.17681	0.02110	0.02847	0.03278	0.34803	0.03606	0.13041	0.01446	0.00367	0.00653	0.03999	0.00707	0.06216
2	0.01939	0.02119	0.12926	0.01632	0.02199	0.04412	0.01482	0.13973	0.25147	0.03287	0.07868	0.03595	0.13504	0.01217	0.00843	0.00262	0.00757	0.00991	0.00716	0.01132
3	0.02632	0.02944	0.02381	0.02485	0.13645	0.37284	0.01665	0.07647	0.16169	0.02636	0.01804	0.01939	0.01427	0.00885	0.00771	0.00232	0.01154	0.00660	0.00533	0.01108
4	0.16574	0.14180	0.02454	0.06509	0.05783	0.13860	0.01472	0.18022	0.05164	0.03197	0.01644	0.02032	0.01344	0.00900	0.00704	0.00236	0.00938	0.03358	0.00550	0.01079
5	0.02174	0.02600	0.28715	0.02051	0.04984	0.01758	0.02077	0.02725	0.01816	0.19530	0.06307	0.02317	0.01765	0.01036	0.01215	0.00276	0.16198	0.00746	0.00561	0.01152
6	0.29248	0.14213	0.06782	0.01906	0.12902	0.01925	0.01408	0.02348	0.01597	0.02872	0.01289	0.01541	0.01058	0.00705	0.00597	0.00207	0.00761	0.00507	0.00442	0.17692
7	0.02180	0.01602	0.01737	0.01724	0.08595	0.10299	0.01197	0.07622	0.02322	0.16986	0.23138	0.04176	0.12418	0.01301	0.00867	0.00248	0.00706	0.01089	0.00774	0.01020
8	0.04487	0.14396	0.01942	0.01226	0.01686	0.01604	0.01007	0.11502	0.01942	0.02814	0.02263	0.06764	0.04633	0.05832	0.05568	0.00310	0.00764	0.00795	0.13214	0.17250
9	0.02036	0.14623	0.11228	0.03893	0.44549	0.05123	0.02317	0.02523	0.01816	0.02481	0.01435	0.01823	0.01200	0.00729	0.00746	0.00230	0.00998	0.00648	0.00386	0.01216
10	0.07179	0.14498	0.21093	0.12914	0.03616	0.02147	0.19944	0.02527	0.04034	0.02494	0.01496	0.01871	0.01140	0.00750	0.00772	0.00250	0.01112	0.00694	0.00395	0.01075
11	0.09571	0.21009	0.09316	0.01837	0.04845	0.09289	0.01608	0.02496	0.01655	0.08240	0.01443	0.01763	0.01198	0.01287	0.05774	0.00322	0.16291	0.00599	0.00441	0.01016
12	0.17737	0.01476	0.06270	0.02041	0.15878	0.01348	0.01336	0.01974	0.04653	0.02696	0.05740	0.23679	0.09129	0.01476	0.00830	0.00277	0.00664	0.01274	0.00601	0.00920
13	0.02400	0.01803	0.01931	0.01529	0.02060	0.01905	0.01232	0.41742	0.03070	0.04078	0.03336	0.03433	0.15761	0.05555	0.01035	0.00275	0.00760	0.00958	0.00756	0.06383
14	0.01598	0.01065	0.01301	0.01237	0.01493	0.01039	0.00912	0.10301	0.01918	0.07101	0.03338	0.36650	0.03552	0.04458	0.06266	0.00371	0.00694	0.01525	0.06899	0.08283
15	0.05360	0.05818	0.38481	0.03121	0.23493	0.01953	0.05433	0.02532	0.01747	0.02623	0.01459	0.01795	0.01113	0.00748	0.00768	0.00249	0.01092	0.00641	0.00372	0.01201

[dist]
# distance from previous block
# <min> <max>
4	5

[block]
# block no. 2 follows, 23 sequences, length 127
# corresponding to MSA columns:
# 48-174
name=unknown_C
#
# <colnr> <probs for GDERKNQSTAVLIFYWHMCP>
#	G	D	E	R	K	N	Q	S	T	A	V	L	I	F	Y	W	H	M	C	P
0	0.19907	0.09262	0.39769	0.01854	0.02764	0.01908	0.02186	0.02515	0.01659	0.05125	0.01570	0.02033	0.01231	0.00850	0.00705	0.00254	0.00989	0.03901	0.00428	0.01090
1	0.02071	0.28761	0.20228	0.02660	0.19710	0.09020	0.02121	0.02563	0.01784	0.02287	0.01333	0.01614	0.01103	0.00736	0.00683	0.00217	0.01039	0.00563	0.00368	0.01138
2	0.01016	0.00811	0.00894	0.00897	0.01117	0.00706	0.00655	0.01243	0.01885	0.02382	0.20344	0.12857	0.44318	0.05859	0.01141	0.00303	0.00431	0.01681	0.00770	0.00690
3	0.01324	0.01112	0.01620	0.01525	0.01631	0.01408	0.01218	0.01584	0.01288	0.01902	0.01877	0.02810	0.01771	0.04838	0.50717	0.01050	0.20318	0.00827	0.00413	0.00768
4	0.03034	0.02248	0.02407	0.01857	0.02497	0.02493	0.01530	0.60926	0.06687	0.05033	0.02012	0.01999	0.01431	0.00980	0.00812	0.00245	0.00881	0.00739	0.00812	0.01375
5	0.02367	0.35444	0.08602	0.01715	0.02294	0.25389	0.01564	0.02669	0.01860	0.02050	0.01273	0.01505	0.01096	0.00801	0.00729	0.00203	0.04707	0.00509	0.04225	0.00997
6	0.02030	0.01690	0.02165	0.02431	0.19185	0.01803	0.01534	0.15779	0.20360	0.03482	0.14776	0.03312	0.05643	0.01121	0.00848	0.00255	0.00722	0.00965	0.00719	0.01180
7	0.01500	0.01371	0.01958	0.01761	0.01826	0.01828	0.01435	0.01728	0.01270	0.01922	0.01560	0.02406	0.01496	0.03504	0.31971	0.00779	0.39699	0.00781	0.00391	0.00815
8	0.01148	0.00829	0.01085	0.01021	0.01212	0.00766	0.00766	0.01531	0.02297	0.03254	0.65994	0.06061	0.07656	0.01659	0.00957	0.00255	0.00383	0.01467	0.00893	0.00766
9	0.01409	0.00705	0.01057	0.01057	0.01057	0.00705	0.00705	0.01057	0.01057	0.01409	0.01409	0.02467	0.01409	0.02819	0.03171	0.76392	0.00705	0.00705	0.00352	0.00352
10	0.01254	0.00839	0.01158	0.01158	0.01314	0.00945	0.00895	0.01567	0.01410	0.02189	0.02300	0.03144	0.02042	0.04711	0.50157	0.01006	0.01693	0.00839	0.20647	0.00733
11	0.01170	0.00786	0.00905	0.00914	0.00923	0.00790	0.00526	0.01189	0.01203	0.01610	0.02630	0.08303	0.03024	0.65461	0.06715	0.00787	0.00831	0.01220	0.00502	0.00509
12	0.01276	0.01062	0.01520	0.01474	0.01559	0.01305	0.01147	0.01502	0.01347	0.01945	0.02431	0.18729	0.02567	0.04066	0.35787	0.00834	0.19044	0.01166	0.00489	0.00751
13	0.02618	0.03084	0.02701	0.03257	0.28307	0.41465	0.01940	0.02937	0.02117	0.02254	0.01364	0.01683	0.01142	0.00790	0.00761	0.00222	0.01262	0.00603	0.00411	0.01080
14	0.02983	0.07643	0.02408	0.02051	0.02485	0.64621	0.01558	0.03195	0.02263	0.01982	0.01247	0.01454	0.01045	0.00828	0.00720	0.00207	0.01430	0.00518	0.00414	0.00946
15	0.01759	0.01237	0.01495	0.01370	0.01697	0.01263	0.01115	0.15026	0.05674	0.06503	0.26574	0.05790	0.08052	0.01630	0.00956	0.00286	0.00618	0.17179	0.00832	0.00944
16	0.01159	0.00869	0.01304	0.01304	0.01449	0.01014	0.01014	0.01449	0.01304	0.01884	0.02173	0.03188	0.02029	0.06086	0.68268	0.01304	0.02173	0.00869	0.00435	0.00724
17	0.02008	0.01928	0.03294	0.04981	0.66422	0.01928	0.02490	0.02490	0.01848	0.02651	0.01526	0.02008	0.01285	0.00723	0.00803	0.00241	0.00964	0.00723	0.00402	0.01285
18	0.02008	0.01928	0.03294	0.04981	0.66422	0.01928	0.02490	0.02490	0.01848	0.02651	0.01526	0.02008	0.01285	0.00723	0.00803	0.00241	0.00964	0.00723	0.00402	0.01285
19	0.01308	0.00934	0.01308	0.01494	0.01681	0.00934	0.01308	0.01681	0.01868	0.02428	0.04296	0.09153	0.04670	0.02242	0.01121	0.00374	0.00747	0.60960	0.00747	0.00747
20	0.01646	0.04088	0.64197	0.02441	0.06542	0.01887	0.02974	0.02566	0.01720	0.02574	0.01460	0.01727	0.01040	0.00769	0.00772	0.00256	0.01188	0.00606	0.00345	0.01203
21	0.01121	0.00906	0.01006	0.00967	0.01227	0.00832	0.00729	0.01574	0.07579	0.02680	0.28552	0.06759	0.39475	0.01828	0.00947	0.00267	0.00421	0.01554	0.00810	0.00767
22	0.01467	0.00832	0.00885	0.00887	0.01071	0.00831	0.00648	0.04943	0.01769	0.02867	0.03156	0.14777	0.05413	0.04662	0.00848	0.00248	0.00442	0.01079	0.52418	0.00757
23	0.19507	0.02528	0.21454	0.04703	0.09159	0.01951	0.01912	0.16986	0.02201	0.09784	0.01676	0.01829	0.01202	0.00834	0.00728	0.00251	0.00918	0.00632	0.00561	0.01184
24	0.01179	0.00790	0.00903	0.00903	0.00909	0.00797	0.00514	0.01192	0.01185	0.01587	0.02540	0.05218	0.02910	0.68655	0.06904	0.00809	0.00847	0.01167	0.00489	0.00502
25	0.02719	0.02919	0.02589	0.05621	0.18941	0.34025	0.01826	0.16338	0.02490	0.02849	0.01485	0.01739	0.01182	0.00837	0.00771	0.00227	0.01194	0.00628	0.00498	0.01124
26	0.01898	0.02375	0.16735	0.04066	0.46353	0.01899	0.02478	0.02456	0.01780	0.02599	0.01484	0.01916	0.01215	0.00761	0.00876	0.00243	0.04378	0.00683	0.00391	0.05414
27	0.02005	0.01816	0.07625	0.02370	0.15785	0.01691	0.01695	0.21700	0.02427	0.03294	0.02742	0.13852	0.02692	0.01433	0.00912	0.00287	0.00837	0.15084	0.00661	0.01089
28	0.15301	0.19500	0.37597	0.05030	0.02926	0.02180	0.02205	0.02480	0.01634	0.02583	0.01320	0.01567	0.01007	0.00752	0.00666	0.00237	0.01013	0.00538	0.00373	0.01091
29	0.02520	0.02992	0.03094	0.03146	0.19975	0.36429	0.14969	0.02903	0.02097	0.02294	0.01409	0.01763	0.01149	0.00774	0.00799	0.00231	0.01309	0.00669	0.00412	0.01066
30	0.02008	0.04192	0.01753	0.01500	0.01887	0.01663	0.01160	0.11820	0.29601	0.08533	0.03363	0.22970	0.03083	0.01487	0.00873	0.00281	0.00640	0.01276	0.00799	0.01111
31	0.01159	0.00869	0.01304	0.01304	0.01449	0.01014	0.01014	0.01449	0.01304	0.01884	0.02173	0.03188	0.02029	0.06086	0.68268	0.01304	0.02173	0.00869	0.00435	0.00724
32	0.02262	0.02110	0.01956	0.01736	0.02205	0.12099	0.01349	0.09181	0.50276	0.03326	0.02877	0.02699	0.02167	0.01050	0.00810	0.00262	0.00788	0.00842	0.00763	0.01240
33	0.00989	0.00706	0.00942	0.01130	0.01177	0.00659	0.00753	0.01130	0.01554	0.02071	0.04472	0.70954	0.05367	0.02542	0.01036	0.00330	0.00471	0.02307	0.00753	0.00659
34	0.01878	0.01923	0.06173	0.19999	0.49117	0.01896	0.02459	0.02396	0.01788	0.02511	0.01503	0.02030	0.01225	0.00746	0.00804	0.00249	0.01003	0.00717	0.00389	0.01191
35	0.01532	0.01442	0.02434	0.69533	0.05589	0.01803	0.02253	0.02073	0.01622	0.02073	0.01442	0.02163	0.01082	0.00811	0.00811	0.00270	0.01082	0.00721	0.00361	0.00901
36	0.02008	0.01928	0.03294	0.04981	0.66422	0.01928	0.02490	0.02490	0.01848	0.02651	0.01526	0.02008	0.01285	0.00723	0.00803	0.00241	0.00964	0.00723	0.00402	0.01285
37	0.73392	0.05155	0.01348	0.01083	0.01595	0.01891	0.00905	0.02387	0.01395	0.03552	0.01130	0.01317	0.00887	0.00750	0.00503	0.00247	0.00640	0.00439	0.00494	0.00887
38	0.01745	0.02447	0.19766	0.08458	0.20059	0.08210	0.04843	0.02286	0.01842	0.02424	0.02731	0.03367	0.11396	0.01080	0.00845	0.00262	0.01002	0.05720	0.00466	0.01051
39	0.01696	0.01456	0.01531	0.01402	0.01799	0.01606	0.01083	0.03347	0.45312	0.03066	0.07337	0.04442	0.19767	0.01381	0.00867	0.00274	0.00569	0.01155	0.00809	0.01101
40	0.01082	0.00752	0.00945	0.01040	0.01074	0.00739	0.00662	0.01175	0.01378	0.01848	0.03495	0.38284	0.04102	0.31849	0.07314	0.00594	0.00730	0.01726	0.00619	0.00593
41	0.01675	0.10158	0.61736	0.02231	0.03386	0.02001	0.02856	0.02557	0.01707	0.02512	0.01427	0.01677	0.01029	0.00764	0.00749	0.00250	0.01170	0.00585	0.00343	0.01185
42	0.02897	0.03613	0.02430	0.02470	0.10898	0.59523	0.01689	0.03142	0.02240	0.02073	0.01290	0.01535	0.01077	0.00821	0.00741	0.00213	0.01398	0.00549	0.00416	0.00986
43	0.01080	0.00827	0.00990	0.00949	0.01170	0.00737	0.00712	0.01399	0.02136	0.02871	0.45164	0.06691	0.28725	0.01802	0.00958	0.00262	0.00393	0.01556	0.00843	0.00737
44	0.01832	0.01501	0.01832	0.01399	0.01961	0.01371	0.01129	0.04725	0.01727	0.05987	0.01617	0.04634	0.01401	0.00859	0.00992	0.00181	0.12486	0.00624	0.00512	0.53230
45	0.03198	0.01563	0.02269	0.02366	0.18501	0.01444	0.01540	0.06459	0.02273	0.47600	0.02714	0.02530	0.01794	0.00931	0.00813	0.00248	0.00770	0.00788	0.00841	0.01356
46	0.05085	0.45185	0.26325	0.01701	0.02565	0.02686	0.01934	0.02477	0.01660	0.02213	0.01244	0.01447	0.01030	0.00724	0.00608	0.00206	0.00975	0.00492	0.00352	0.01090
47	0.02046	0.07999	0.03650	0.04222	0.45043	0.04880	0.15316	0.02540	0.01864	0.02549	0.01505	0.01964	0.01243	0.00717	0.00809	0.00241	0.01063	0.00740	0.00400	0.01209
48	0.01182	0.00896	0.01098	0.01036	0.01260	0.00845	0.00780	0.01678	0.06861	0.03094	0.52073	0.06117	0.16661	0.01681	0.00948	0.00260	0.00407	0.01466	0.00866	0.00791
49	0.01569	0.01370	0.01733	0.02055	0.16739	0.01385	0.01267	0.05303	0.16839	0.02782	0.08217	0.04942	0.29654	0.01444	0.00884	0.00264	0.00617	0.01232	0.00698	0.01005
50	0.01615	0.01442	0.02020	0.31870	0.03568	0.01405	0.01541	0.02057	0.01656	0.02388	0.01442	0.01898	0.01148	0.00695	0.00695	0.00188	0.00817	0.00589	0.00427	0.42539
51	0.01764	0.01105	0.01242	0.01121	0.01397	0.01191	0.00879	0.14924	0.02057	0.03201	0.02387	0.02834	0.01919	0.02158	0.16505	0.00462	0.00909	0.00777	0.42286	0.00881
52	0.00989	0.00706	0.00942	0.01130	0.01177	0.00659	0.00753	0.01130	0.01554	0.02071	0.04472	0.70954	0.05367	0.02542	0.01036	0.00330	0.00471	0.02307	0.00753	0.00659
53	0.01983	0.01902	0.03248	0.08371	0.63227	0.01921	0.02478	0.02468	0.01836	0.02621	0.01522	0.02016	0.01275	0.00728	0.00804	0.00243	0.00970	0.00723	0.00399	0.01265
54	0.02189	0.29572	0.27014	0.01909	0.02719	0.19320	0.02028	0.02688	0.01839	0.02172	0.01281	0.01495	0.01037	0.00759	0.00667	0.00213	0.01142	0.00518	0.00364	0.01074
55	0.01682	0.06033	0.22508	0.01941	0.02467	0.01890	0.04895	0.07242	0.01747	0.02475	0.02253	0.15295	0.04697	0.01348	0.01335	0.00293	0.19396	0.01024	0.00486	0.00992
56	0.01249	0.17493	0.01652	0.01020	0.01345	0.01272	0.00827	0.01454	0.01740	0.02100	0.05760	0.19699	0.37925	0.01839	0.00872	0.00262	0.00531	0.01539	0.00658	0.00763
57	0.01787	0.03041	0.33692	0.03112	0.16917	0.01986	0.16387	0.02503	0.01744	0.02537	0.01477	0.01889	0.01132	0.00801	0.00993	0.00266	0.07483	0.00716	0.00372	0.01165
58	0.01025	0.00767	0.00959	0.01076	0.01205	0.00700	0.00770	0.01227	0.01727	0.02249	0.11469	0.43658	0.20371	0.02309	0.01017	0.00312	0.00472	0.07237	0.00767	0.00684
59	0.02169	0.71972	0.04252	0.01388	0.02083	0.03211	0.01388	0.02430	0.01649	0.01909	0.01128	0.01302	0.01041	0.00694	0.00521	0.00174	0.00868	0.00434	0.00347	0.01041
60	0.03033	0.05891	0.02507	0.01872	0.02494	0.10870	0.01538	0.53055	0.03517	0.04561	0.01820	0.01855	0.01321	0.00943	0.00787	0.00236	0.00964	0.00690	0.00739	0.01308
61	0.01627	0.04197	0.67279	0.02313	0.03512	0.01884	0.02998	0.02570	0.01713	0.02570	0.01456	0.01713	0.01028	0.00771	0.00771	0.00257	0.01199	0.00600	0.00343	0.01199
62	0.03031	0.03867	0.02299	0.02090	0.02508	0.68226	0.01568	0.03240	0.02299	0.01986	0.01254	0.01463	0.01045	0.00836	0.00732	0.00209	0.01463	0.00523	0.00418	0.00941
63	0.03038	0.03658	0.02317	0.02061	0.02510	0.59600	0.01564	0.11179	0.02498	0.02396	0.01345	0.01527	0.01089	0.00854	0.00742	0.00214	0.01388	0.00550	0.00470	0.00998
64	0.01015	0.00824	0.00900	0.00881	0.01130	0.00709	0.00661	0.01273	0.01982	0.02507	0.25336	0.07291	0.48780	0.01938	0.00958	0.00268	0.00403	0.01640	0.00795	0.00709
65	0.02146	0.69069	0.06951	0.01428	0.02144	0.03154	0.01457	0.02436	0.01651	0.01937	0.01142	0.01319	0.01041	0.00697	0.00531	0.00177	0.00882	0.00441	0.00347	0.01048
66	0.00959	0.00822	0.00822	0.00822	0.01096	0.00685	0.00617	0.01165	0.01850	0.02192	0.08220	0.07809	0.66092	0.02055	0.00959	0.00274	0.00411	0.01713	0.00754	0.00685
67	0.00990	0.00820	0.00873	0.00907	0.01151	0.00703	0.00686	0.01203	0.01822	0.02199	0.07530	0.14176	0.55091	0.02118	0.00980	0.00288	0.00444	0.06579	0.00753	0.00687
68	0.01867	0.02111	0.04586	0.03300	0.04080	0.01979	0.60181	0.02522	0.01896	0.02571	0.01790	0.05800	0.01448	0.00782	0.00962	0.00277	0.01321	0.01028	0.00428	0.01072
69	0.00989	0.00706	0.00942	0.01130	0.01177	0.00659	0.00753	0.01130	0.01554	0.02071	0.04472	0.70954	0.05367	0.02542	0.01036	0.00330	0.00471	0.02307	0.00753	0.00659
70	0.03031	0.03867	0.02299	0.02090	0.02508	0.68226	0.01568	0.03240	0.02299	0.01986	0.01254	0.01463	0.01045	0.00836	0.00732	0.00209	0.01463	0.00523	0.00418	0.00941
71	0.01627	0.04197	0.67279	0.02313	0.03512	0.01884	0.02998	0.02570	0.01713	0.02570	0.01456	0.01713	0.01028	0.00771	0.00771	0.00257	0.01199	0.00600	0.00343	0.01199
72	0.01628	0.02277	0.23745	0.01761	0.02512	0.01371	0.07947	0.02220	0.01900	0.05334	0.18151	0.02914	0.02840	0.00954	0.00794	0.00221	0.00826	0.00836	0.00555	0.21214
73	0.03031	0.03867	0.02299	0.02090	0.02508	0.68226	0.01568	0.03240	0.02299	0.01986	0.01254	0.01463	0.01045	0.00836	0.00732	0.00209	0.01463	0.00523	0.00418	0.00941
74	0.01148	0.00829	0.01085	0.01021	0.01212	0.00766	0.00766	0.01531	0.02297	0.03254	0.65994	0.06061	0.07656	0.01659	0.00957	0.00255	0.00383	0.01467	0.00893	0.00766
75	0.01006	0.00785	0.00920	0.01016	0.01187	0.00699	0.00741	0.01201	0.01729	0.02166	0.06283	0.34031	0.34916	0.02275	0.01007	0.00307	0.00469	0.07829	0.00753	0.00680
76	0.01731	0.03122	0.35861	0.02740	0.03717	0.01901	0.29922	0.02528	0.01834	0.02619	0.04929	0.02154	0.01467	0.00779	0.00864	0.00264	0.01232	0.00805	0.00402	0.01130
77	0.03031	0.03867	0.02299	0.02090	0.02508	0.68226	0.01568	0.03240	0.02299	0.01986	0.01254	0.01463	0.01045	0.00836	0.00732	0.00209	0.01463	0.00523	0.00418	0.00941
78	0.00982	0.00733	0.00913	0.01058	0.01158	0.00665	0.00721	0.01138	0.01623	0.02100	0.05352	0.56137	0.19616	0.02428	0.01018	0.00317	0.00457	0.02167	0.00753	0.00665
79	0.01933	0.01871	0.03250	0.14378	0.54037	0.01916	0.05836	0.02435	0.01818	0.02563	0.01520	0.02041	0.01252	0.00734	0.00813	0.00247	0.01004	0.00736	0.00396	0.01218
80	0.03031	0.03867	0.02299	0.02090	0.02508	0.68226	0.01568	0.03240	0.02299	0.01986	0.01254	0.01463	0.01045	0.00836	0.00732	0.00209	0.01463	0.00523	0.00418	0.00941
81	0.01532	0.01442	0.02434	0.69533	0.05589	0.01803	0.02253	0.02073	0.01622	0.02073	0.01442	0.02163	0.01082	0.00811	0.00811	0.00270	0.01082	0.00721	0.00361	0.00901
82	0.01159	0.00869	0.01304	0.01304	0.01449	0.01014	0.01014	0.01449	0.01304	0.01884	0.02173	0.03188	0.02029	0.06086	0.68268	0.01304	0.02173	0.00869	0.00435	0.00724
83	0.08962	0.02080	0.13299	0.03075	0.29844	0.01666	0.02028	0.02846	0.01912	0.19924	0.02064	0.02450	0.01566	0.00883	0.00790	0.00254	0.00890	0.03655	0.00579	0.01234
84	0.02008	0.01928	0.03294	0.04981	0.66422	0.01928	0.02490	0.02490	0.01848	0.02651	0.01526	0.02008	0.01285	0.00723	0.00803	0.00241	0.00964	0.00723	0.00402	0.01285
85	0.02994	0.06777	0.02383	0.02060	0.02490	0.65448	0.01560	0.03206	0.02272	0.01983	0.01249	0.01456	0.01045	0.00830	0.00723	0.00208	0.01438	0.00519	0.00415	0.00945
86	0.02008	0.01928	0.03294	0.04981	0.66422	0.01928	0.02490	0.02490	0.01848	0.02651	0.01526	0.02008	0.01285	0.00723	0.00803	0.00241	0.00964	0.00723	0.00402	0.01285
87	0.00959	0.00822	0.00822	0.00822	0.01096	0.00685	0.00617	0.01165	0.01850	0.02192	0.08220	0.07809	0.66092	0.02055	0.00959	0.00274	0.00411	0.01713	0.00754	0.00685
88	0.01159	0.00869	0.01304	0.01304	0.01449	0.01014	0.01014	0.01449	0.01304	0.01884	0.02173	0.03188	0.02029	0.06086	0.68268	0.01304	0.02173	0.00869	0.00435	0.00724
89	0.02018	0.01743	0.01835	0.01651	0.02110	0.02018	0.01284	0.04312	0.64956	0.03394	0.03303	0.03027	0.02477	0.01101	0.00826	0.00275	0.00642	0.00917	0.00826	0.01284
90	0.01180	0.00787	0.00885	0.00885	0.00885	0.00787	0.00492	0.01180	0.01180	0.01573	0.02557	0.05310	0.02950	0.71483	0.04130	0.00787	0.00787	0.01180	0.00492	0.00492
91	0.01775	0.01775	0.02485	0.02130	0.02130	0.02485	0.01775	0.01953	0.01243	0.01953	0.01065	0.01775	0.01065	0.01420	0.02663	0.00355	0.69998	0.00710	0.00355	0.00888
92	0.09767	0.01373	0.01791	0.01394	0.01992	0.01228	0.01148	0.03719	0.02242	0.58909	0.05694	0.02780	0.02153	0.01011	0.00795	0.00251	0.00672	0.00812	0.00957	0.01312
93	0.03085	0.02273	0.02435	0.01867	0.02516	0.02516	0.01542	0.63716	0.03815	0.05114	0.01948	0.01948	0.01380	0.00974	0.00812	0.00244	0.00893	0.00731	0.00812	0.01380
94	0.00989	0.00706	0.00942	0.01130	0.01177	0.00659	0.00753	0.01130	0.01554	0.02071	0.04472	0.70954	0.05367	0.02542	0.01036	0.00330	0.00471	0.02307	0.00753	0.00659
95	0.00989	0.00706	0.00942	0.01130	0.01177	0.00659	0.00753	0.01130	0.01554	0.02071	0.04472	0.70954	0.05367	0.02542	0.01036	0.00330	0.00471	0.02307	0.00753	0.00659
96	0.00989	0.00706	0.00942	0.01130	0.01177	0.00659	0.00753	0.01130	0.01554	0.02071	0.04472	0.70954	0.05367	0.02542	0.01036	0.00330	0.00471	0.02307	0.00753	0.00659
97	0.03119	0.01266	0.01716	0.01355	0.01892	0.01103	0.01103	0.03448	0.02317	0.53658	0.16331	0.03452	0.03189	0.01141	0.00845	0.00252	0.00626	0.00952	0.00981	0.01252
98	0.01020	0.00824	0.00906	0.00886	0.01133	0.00711	0.00664	0.01282	0.01992	0.02531	0.26671	0.07251	0.47430	0.01928	0.00958	0.00268	0.00402	0.01634	0.00798	0.00711
99	0.03031	0.03867	0.02299	0.02090	0.02508	0.68226	0.01568	0.03240	0.02299	0.01986	0.01254	0.01463	0.01045	0.00836	0.00732	0.00209	0.01463	0.00523	0.00418	0.00941
100	0.01683	0.01442	0.01683	0.01202	0.01923	0.01082	0.00961	0.02043	0.01683	0.02644	0.01442	0.01683	0.01202	0.00601	0.00601	0.00120	0.00601	0.00481	0.00481	0.76444
101	0.01159	0.00869	0.01304	0.01304	0.01449	0.01014	0.01014	0.01449	0.01304	0.01884	0.02173	0.03188	0.02029	0.06086	0.68268	0.01304	0.02173	0.00869	0.00435	0.00724
102	0.02009	0.01912	0.03170	0.04698	0.60974	0.01936	0.02388	0.02645	0.07194	0.02714	0.01677	0.02095	0.01386	0.00755	0.00805	0.00244	0.00937	0.00739	0.00438	0.01285
103	0.01849	0.02703	0.21664	0.03326	0.12357	0.01990	0.38794	0.02577	0.01851	0.02598	0.01576	0.02035	0.01183	0.00713	0.00886	0.00265	0.01268	0.00828	0.00391	0.01149
104	0.00965	0.00797	0.00847	0.00887	0.01113	0.00679	0.00646	0.01157	0.01787	0.02166	0.07424	0.21226	0.53189	0.02159	0.00975	0.00286	0.00424	0.01839	0.00753	0.00679
105	0.01953	0.02113	0.08916	0.04468	0.54605	0.01883	0.05088	0.02477	0.01830	0.02641	0.01520	0.01972	0.01256	0.00719	0.00796	0.00237	0.00982	0.00709	0.00401	0.05436
106	0.61382	0.07589	0.01586	0.01227	0.01734	0.10650	0.01011	0.02501	0.01523	0.03283	0.01146	0.01336	0.00914	0.00759	0.00534	0.00239	0.00757	0.00450	0.00479	0.00900
107	0.00989	0.00706	0.00942	0.01130	0.01177	0.00659	0.00753	0.01130	0.01554	0.02071	0.04472	0.70954	0.05367	0.02542	0.01036	0.00330	0.00471	0.02307	0.00753	0.00659
108	0.01159	0.00869	0.01304	0.01304	0.01449	0.01014	0.01014	0.01449	0.01304	0.01884	0.02173	0.03188	0.02029	0.06086	0.68268	0.01304	0.02173	0.00869	0.00435	0.00724
109	0.22289	0.49668	0.03334	0.01338	0.01967	0.06150	0.01261	0.02459	0.01610	0.02376	0.01135	0.01314	0.00998	0.00717	0.00526	0.00196	0.00834	0.00440	0.00392	0.00993
110	0.01166	0.01071	0.04718	0.01096	0.01387	0.00879	0.00911	0.01614	0.05352	0.02758	0.32244	0.06586	0.28220	0.01779	0.00956	0.00274	0.00485	0.06925	0.00794	0.00786
111	0.01929	0.17479	0.19416	0.02330	0.13582	0.02077	0.04297	0.09905	0.01925	0.02664	0.01638	0.02079	0.01356	0.04043	0.08324	0.00368	0.01112	0.00674	0.03703	0.01100
112	0.01933	0.01656	0.02545	0.08707	0.02808	0.01689	0.19072	0.18498	0.02352	0.03189	0.03235	0.03427	0.15151	0.01100	0.00852	0.00254	0.00877	0.01007	0.10628	0.01020
113	0.01308	0.00934	0.01308	0.01494	0.01681	0.00934	0.01308	0.01681	0.01868	0.02428	0.04296	0.09153	0.04670	0.02242	0.01121	0.00374	0.00747	0.60960	0.00747	0.00747
114	0.02961	0.03751	0.02310	0.02093	0.02488	0.64581	0.01579	0.03169	0.02241	0.01984	0.01244	0.01481	0.01046	0.00869	0.00839	0.00217	0.05263	0.00533	0.00415	0.00938
115	0.01628	0.08131	0.01872	0.19513	0.02679	0.12700	0.01321	0.02036	0.05061	0.02160	0.04323	0.04381	0.28450	0.01342	0.00834	0.00253	0.00822	0.01087	0.00558	0.00850
116	0.01159	0.00869	0.01304	0.01304	0.01449	0.01014	0.01014	0.01449	0.01304	0.01884	0.02173	0.03188	0.02029	0.06086	0.68268	0.01304	0.02173	0.00869	0.00435	0.00724
117	0.00989	0.00706	0.00942	0.01130	0.01177	0.00659	0.00753	0.01130	0.01554	0.02071	0.04472	0.70954	0.05367	0.02542	0.01036	0.00330	0.00471	0.02307	0.00753	0.00659
118	0.02379	0.02438	0.02146	0.02402	0.17092	0.28447	0.01514	0.08609	0.02158	0.02649	0.01748	0.02167	0.01451	0.04445	0.00894	0.00245	0.01025	0.00673	0.16514	0.01003
119	0.02008	0.01928	0.03294	0.04981	0.66422	0.01928	0.02490	0.02490	0.01848	0.02651	0.01526	0.02008	0.01285	0.00723	0.00803	0.00241	0.00964	0.00723	0.00402	0.01285
120	0.01127	0.00764	0.00901	0.00953	0.00966	0.00751	0.00564	0.01166	0.01284	0.01711	0.03088	0.23518	0.03620	0.52360	0.03272	0.00660	0.00699	0.01493	0.00564	0.00538
121	0.22130	0.01789	0.02389	0.03152	0.33981	0.01920	0.01776	0.02890	0.16531	0.03090	0.01837	0.02063	0.01456	0.00820	0.00728	0.00252	0.00798	0.00693	0.00528	0.01176
122	0.02567	0.05979	0.02378	0.07735	0.09175	0.42013	0.01646	0.05499	0.04784	0.02277	0.01829	0.02249	0.04041	0.00944	0.00770	0.00230	0.01223	0.03199	0.00470	0.00991
123	0.22329	0.15939	0.02192	0.01503	0.01985	0.17747	0.01228	0.02928	0.15201	0.02771	0.04839	0.02016	0.01665	0.01081	0.03218	0.00271	0.00922	0.00626	0.00537	0.01000
124	0.02257	0.05011	0.05678	0.02052	0.05401	0.22709	0.06759	0.08518	0.02032	0.02570	0.01620	0.01992	0.01325	0.01157	0.03920	0.00287	0.11819	0.00674	0.13238	0.00982
125	0.05693	0.01155	0.01318	0.01299	0.01585	0.01178	0.01036	0.12017	0.04902	0.02856	0.04675	0.20015	0.18911	0.01914	0.00964	0.00307	0.00620	0.17952	0.00751	0.00851
126	0.15679	0.02500	0.02218	0.08850	0.05303	0.20750	0.01547	0.27293	0.02663	0.03568	0.01543	0.01728	0.01165	0.00870	0.00735	0.00238	0.01029	0.00621	0.00585	0.01117

[dist]
# distance from previous block
# <min> <max>
3	39

[block]
# block no. 3 follows, 23 sequences, length 68
# corresponding to MSA columns:
# 214-281
name=unknown_D
#
# <colnr> <probs for GDERKNQSTAVLIFYWHMCP>
#	G	D	E	R	K	N	Q	S	T	A	V	L	I	F	Y	W	H	M	C	P
0	0.02431	0.29320	0.06572	0.01761	0.02308	0.10494	0.01590	0.15287	0.02138	0.05756	0.01419	0.01636	0.01162	0.00923	0.01031	0.00234	0.13771	0.00585	0.00485	0.01096
1	0.05291	0.06158	0.01563	0.01305	0.01619	0.08042	0.01057	0.06421	0.01923	0.08753	0.02697	0.04227	0.02480	0.07527	0.04596	0.00356	0.00814	0.14976	0.19321	0.00876
2	0.07179	0.01939	0.02962	0.03568	0.36929	0.05230	0.10162	0.02444	0.01814	0.02676	0.01483	0.01889	0.01220	0.00701	0.00757	0.00219	0.00946	0.00674	0.00427	0.16781
3	0.03347	0.01447	0.01874	0.01481	0.02078	0.01342	0.01209	0.04019	0.13676	0.55457	0.03220	0.02810	0.02093	0.01022	0.00818	0.00255	0.00682	0.00834	0.00972	0.01363
4	0.01775	0.01775	0.02485	0.02130	0.02130	0.02485	0.01775	0.01953	0.01243	0.01953	0.01065	0.01775	0.01065	0.01420	0.02663	0.00355	0.69998	0.00710	0.00355	0.00888
5	0.00959	0.00822	0.00822	0.00822	0.01096	0.00685	0.00617	0.01165	0.01850	0.02192	0.08220	0.07809	0.66092	0.02055	0.00959	0.00274	0.00411	0.01713	0.00754	0.00685
6	0.01159	0.00869	0.01304	0.01304	0.01449	0.01014	0.01014	0.01449	0.01304	0.01884	0.02173	0.03188	0.02029	0.06086	0.68268	0.01304	0.02173	0.00869	0.00435	0.00724
7	0.02169	0.71972	0.04252	0.01388	0.02083	0.03211	0.01388	0.02430	0.01649	0.01909	0.01128	0.01302	0.01041	0.00694	0.00521	0.00174	0.00868	0.00434	0.00347	0.01041
8	0.00959	0.00822	0.00822	0.00822	0.01096	0.00685	0.00617	0.01165	0.01850	0.02192	0.08220	0.07809	0.66092	0.02055	0.00959	0.00274	0.00411	0.01713	0.00754	0.00685
9	0.55811	0.01772	0.01551	0.01298	0.01843	0.02021	0.01070	0.20093	0.02084	0.04066	0.01366	0.01500	0.01023	0.00817	0.00592	0.00249	0.00704	0.00523	0.00592	0.01023
10	0.03035	0.03759	0.02309	0.02075	0.02509	0.63764	0.01566	0.07346	0.02402	0.02198	0.01301	0.01496	0.01068	0.00846	0.00737	0.00211	0.01425	0.00537	0.00445	0.00971
11	0.01268	0.00913	0.01257	0.01435	0.01616	0.00902	0.01234	0.01617	0.01845	0.02392	0.04509	0.13355	0.07851	0.02253	0.01107	0.00365	0.00711	0.53885	0.00748	0.00738
12	0.03641	0.01381	0.01883	0.01444	0.02071	0.01193	0.01193	0.03954	0.02322	0.66984	0.03201	0.02762	0.02009	0.01004	0.00816	0.00251	0.00690	0.00816	0.01004	0.01381
13	0.01159	0.00869	0.01304	0.01304	0.01449	0.01014	0.01014	0.01449	0.01304	0.01884	0.02173	0.03188	0.02029	0.06086	0.68268	0.01304	0.02173	0.00869	0.00435	0.00724
14	0.01863	0.01779	0.03030	0.24733	0.47808	0.01890	0.02418	0.02363	0.01779	0.02474	0.01501	0.02056	0.01223	0.00750	0.00806	0.00250	0.01000	0.00722	0.00389	0.01168
15	0.03031	0.03867	0.02299	0.02090	0.02508	0.68226	0.01568	0.03240	0.02299	0.01986	0.01254	0.01463	0.01045	0.00836	0.00732	0.00209	0.01463	0.00523	0.00418	0.00941
16	0.01308	0.00934	0.01308	0.01494	0.01681	0.00934	0.01308	0.01681	0.01868	0.02428	0.04296	0.09153	0.04670	0.02242	0.01121	0.00374	0.00747	0.60960	0.00747	0.00747
17	0.01087	0.00827	0.01000	0.00957	0.01175	0.00740	0.00718	0.01413	0.02153	0.02912	0.47392	0.06624	0.26471	0.01786	0.00958	0.00261	0.00392	0.01546	0.00848	0.00740
18	0.01182	0.00997	0.01680	0.01579	0.01779	0.00936	0.12420	0.01440	0.01642	0.02193	0.03935	0.54008	0.04553	0.02177	0.01027	0.00322	0.00656	0.06039	0.00689	0.00746
19	0.02008	0.01928	0.03294	0.04981	0.66422	0.01928	0.02490	0.02490	0.01848	0.02651	0.01526	0.02008	0.01285	0.00723	0.00803	0.00241	0.00964	0.00723	0.00402	0.01285
20	0.11074	0.01726	0.02755	0.25560	0.38625	0.01874	0.02215	0.02341	0.01717	0.02584	0.01450	0.01974	0.01169	0.00755	0.00769	0.00252	0.00961	0.00688	0.00401	0.01110
21	0.02008	0.01928	0.03294	0.04981	0.66422	0.01928	0.02490	0.02490	0.01848	0.02651	0.01526	0.02008	0.01285	0.00723	0.00803	0.00241	0.00964	0.00723	0.00402	0.01285
22	0.01557	0.01467	0.02478	0.66240	0.08692	0.01809	0.02266	0.02094	0.01634	0.02103	0.01447	0.02155	0.01092	0.00807	0.00811	0.00269	0.01076	0.00721	0.00363	0.00921
23	0.01915	0.02189	0.04788	0.03420	0.04241	0.02052	0.63475	0.02599	0.01915	0.02599	0.01642	0.02189	0.01231	0.00684	0.00958	0.00274	0.01368	0.00958	0.00410	0.01094
24	0.02018	0.01743	0.01835	0.01651	0.02110	0.02018	0.01284	0.04312	0.64956	0.03394	0.03303	0.03027	0.02477	0.01101	0.00826	0.00275	0.00642	0.00917	0.00826	0.01284
25	0.00959	0.00822	0.00822	0.00822	0.01096	0.00685	0.00617	0.01165	0.01850	0.02192	0.08220	0.07809	0.66092	0.02055	0.00959	0.00274	0.00411	0.01713	0.00754	0.00685
26	0.01122	0.00828	0.01048	0.00993	0.01196	0.00754	0.00745	0.01480	0.02235	0.03106	0.57960	0.06304	0.15782	0.01714	0.00957	0.00258	0.00387	0.01502	0.00874	0.00754
27	0.01148	0.00829	0.01085	0.01021	0.01212	0.00766	0.00766	0.01531	0.02297	0.03254	0.65994	0.06061	0.07656	0.01659	0.00957	0.00255	0.00383	0.01467	0.00893	0.00766
28	0.03085	0.02273	0.02435	0.01867	0.02516	0.02516	0.01542	0.63716	0.03815	0.05114	0.01948	0.01948	0.01380	0.00974	0.00812	0.00244	0.00893	0.00731	0.00812	0.01380
29	0.77215	0.01569	0.01193	0.01067	0.01569	0.01820	0.00879	0.02385	0.01381	0.03641	0.01130	0.01318	0.00879	0.00753	0.00502	0.00251	0.00628	0.00439	0.00502	0.00879
30	0.01775	0.01775	0.02485	0.02130	0.02130	0.02485	0.01775	0.01953	0.01243	0.01953	0.01065	0.01775	0.01065	0.01420	0.02663	0.00355	0.69998	0.00710	0.00355	0.00888
31	0.03085	0.02273	0.02435	0.01867	0.02516	0.02516	0.01542	0.63716	0.03815	0.05114	0.01948	0.01948	0.01380	0.00974	0.00812	0.00244	0.00893	0.00731	0.00812	0.01380
32	0.77215	0.01569	0.01193	0.01067	0.01569	0.01820	0.00879	0.02385	0.01381	0.03641	0.01130	0.01318	0.00879	0.00753	0.00502	0.00251	0.00628	0.00439	0.00502	0.00879
33	0.03085	0.02273	0.02435	0.01867	0.02516	0.02516	0.01542	0.63716	0.03815	0.05114	0.01948	0.01948	0.01380	0.00974	0.00812	0.00244	0.00893	0.00731	0.00812	0.01380
34	0.77215	0.01569	0.01193	0.01067	0.01569	0.01820	0.00879	0.02385	0.01381	0.03641	0.01130	0.01318	0.00879	0.00753	0.00502	0.00251	0.00628	0.00439	0.00502	0.00879
35	0.02008	0.01928	0.03294	0.04981	0.66422	0.01928	0.02490	0.02490	0.01848	0.02651	0.01526	0.02008	0.01285	0.00723	0.00803	0.00241	0.00964	0.00723	0.00402	0.01285
36	0.02018	0.01743	0.01835	0.01651	0.02110	0.02018	0.01284	0.04312	0.64956	0.03394	0.03303	0.03027	0.02477	0.01101	0.00826	0.00275	0.00642	0.00917	0.00826	0.01284
37	0.01627	0.04197	0.67279	0.02313	0.03512	0.01884	0.02998	0.02570	0.01713	0.02570	0.01456	0.01713	0.01028	0.00771	0.00771	0.00257	0.01199	0.00600	0.00343	0.01199
38	0.03031	0.03867	0.02299	0.02090	0.02508	0.68226	0.01568	0.03240	0.02299	0.01986	0.01254	0.01463	0.01045	0.00836	0.00732	0.00209	0.01463	0.00523	0.00418	0.00941
39	0.01513	0.00756	0.00756	0.00756	0.00945	0.00756	0.00567	0.01891	0.01702	0.03025	0.02647	0.03025	0.02080	0.00945	0.00567	0.00189	0.00378	0.00756	0.75988	0.00756
40	0.02008	0.01928	0.03294	0.04981	0.66422	0.01928	0.02490	0.02490	0.01848	0.02651	0.01526	0.02008	0.01285	0.00723	0.00803	0.00241	0.00964	0.00723	0.00402	0.01285
41	0.01097	0.00800	0.00861	0.00861	0.00965	0.00748	0.00539	0.01174	0.01433	0.01807	0.04696	0.06254	0.26804	0.45254	0.02932	0.00593	0.00645	0.01381	0.00591	0.00565
42	0.00989	0.00706	0.00942	0.01130	0.01177	0.00659	0.00753	0.01130	0.01554	0.02071	0.04472	0.70954	0.05367	0.02542	0.01036	0.00330	0.00471	0.02307	0.00753	0.00659
43	0.01180	0.00787	0.00885	0.00885	0.00885	0.00787	0.00492	0.01180	0.01180	0.01573	0.02557	0.05310	0.02950	0.71483	0.04130	0.00787	0.00787	0.01180	0.00492	0.00492
44	0.01970	0.01888	0.03224	0.10224	0.61480	0.01918	0.02471	0.02456	0.01829	0.02604	0.01519	0.02021	0.01269	0.00730	0.00804	0.00243	0.00974	0.00723	0.00398	0.01254
45	0.01159	0.00869	0.01304	0.01304	0.01449	0.01014	0.01014	0.01449	0.01304	0.01884	0.02173	0.03188	0.02029	0.06086	0.68268	0.01304	0.02173	0.00869	0.00435	0.00724
46	0.01180	0.00787	0.00885	0.00885	0.00885	0.00787	0.00492	0.01180	0.01180	0.01573	0.02557	0.05310	0.02950	0.71483	0.04130	0.00787	0.00787	0.01180	0.00492	0.00492
47	0.01775	0.01775	0.02485	0.02130	0.02130	0.02485	0.01775	0.01953	0.01243	0.01953	0.01065	0.01775	0.01065	0.01420	0.02663	0.00355	0.69998	0.00710	0.00355	0.00888
48	0.01159	0.00869	0.01304	0.01304	0.01449	0.01014	0.01014	0.01449	0.01304	0.01884	0.02173	0.03188	0.02029	0.06086	0.68268	0.01304	0.02173	0.00869	0.00435	0.00724
49	0.00983	0.00830	0.00856	0.00868	0.01136	0.00702	0.00664	0.01200	0.01851	0.02208	0.07949	0.07902	0.61848	0.02068	0.00970	0.00281	0.00434	0.05807	0.00753	0.00689
50	0.01180	0.00787	0.00885	0.00885	0.00885	0.00787	0.00492	0.01180	0.01180	0.01573	0.02557	0.05310	0.02950	0.71483	0.04130	0.00787	0.00787	0.01180	0.00492	0.00492
51	0.01180	0.00787	0.00885	0.00885	0.00885	0.00787	0.00492	0.01180	0.01180	0.01573	0.02557	0.05310	0.02950	0.71483	0.04130	0.00787	0.00787	0.01180	0.00492	0.00492
52	0.01792	0.01811	0.02396	0.02072	0.02102	0.05445	0.01714	0.01978	0.01296	0.01950	0.01149	0.01857	0.01130	0.01710	0.07027	0.00413	0.62204	0.00712	0.00363	0.00879
53	0.02020	0.02001	0.03122	0.12622	0.54696	0.06414	0.02399	0.02491	0.01851	0.02536	0.01498	0.01990	0.01244	0.00741	0.00799	0.00242	0.01012	0.00709	0.00398	0.01215
54	0.07906	0.08901	0.02347	0.01897	0.02356	0.47278	0.01475	0.10056	0.02308	0.02450	0.01364	0.01587	0.01124	0.01110	0.04241	0.00270	0.01329	0.00552	0.00465	0.00984
55	0.50508	0.02017	0.05095	0.04936	0.02122	0.07620	0.01234	0.12676	0.01896	0.03605	0.01311	0.01501	0.00995	0.00801	0.00604	0.00248	0.00798	0.00518	0.00531	0.00986
56	0.39580	0.02149	0.04120	0.04162	0.05490	0.16315	0.01274	0.02679	0.07131	0.03078	0.05871	0.01907	0.01555	0.00865	0.00649	0.00245	0.00851	0.00601	0.00522	0.00954
57	0.12148	0.09116	0.02292	0.08262	0.05933	0.15704	0.01480	0.09996	0.17013	0.07412	0.01955	0.02038	0.01482	0.00893	0.00730	0.00241	0.00922	0.00670	0.00597	0.01118
58	0.24311	0.01519	0.01931	0.08150	0.10986	0.01772	0.01442	0.02235	0.01652	0.07274	0.12154	0.02489	0.02205	0.01080	0.01180	0.00277	0.17080	0.00766	0.00540	0.00955
59	0.26862	0.02415	0.05119	0.01862	0.05566	0.23074	0.06373	0.02694	0.01894	0.07202	0.04886	0.02165	0.04882	0.00904	0.00710	0.00241	0.00983	0.00674	0.00522	0.00972
60	0.18945	0.23132	0.02988	0.02362	0.18334	0.02247	0.04787	0.05900	0.01848	0.10255	0.01541	0.01734	0.01207	0.00765	0.00661	0.00226	0.00846	0.00596	0.00500	0.01127
61	0.05424	0.02565	0.15288	0.01609	0.02142	0.21656	0.01479	0.02423	0.07086	0.02431	0.07042	0.03814	0.21315	0.01255	0.00818	0.00249	0.00924	0.00980	0.00567	0.00933
62	0.01962	0.05486	0.12325	0.01819	0.05392	0.13788	0.01547	0.02352	0.01717	0.09650	0.01925	0.02432	0.01599	0.03139	0.30410	0.00703	0.01589	0.00727	0.00478	0.00961
63	0.05827	0.02458	0.08759	0.03224	0.30499	0.17481	0.02004	0.02655	0.01905	0.06908	0.01732	0.06541	0.01502	0.00930	0.00868	0.00247	0.04105	0.00764	0.00468	0.01123
64	0.11260	0.07745	0.08476	0.01791	0.02419	0.18645	0.01560	0.24498	0.02632	0.10942	0.01724	0.01783	0.01256	0.00879	0.00732	0.00233	0.01009	0.00622	0.00623	0.01173
65	0.01985	0.04890	0.14042	0.01847	0.02357	0.14654	0.04624	0.02436	0.01961	0.08271	0.02820	0.05035	0.02731	0.01444	0.00920	0.00296	0.01002	0.27131	0.00599	0.00955
66	0.11324	0.05991	0.02147	0.01928	0.05288	0.39831	0.01423	0.06055	0.05087	0.02441	0.01798	0.02005	0.04507	0.01253	0.05305	0.00296	0.01241	0.00632	0.00482	0.00966
67	0.16613	0.05960	0.05348	0.01771	0.02367	0.17926	0.01488	0.32267	0.02804	0.03828	0.01571	0.01675	0.01175	0.00878	0.00720	0.00234	0.00992	0.00607	0.00617	0.01159

[dist]
# distance from previous block
# <min> <max>
2	146

[block]
# block no. 4 follows, 23 sequences, length 55
# corresponding to MSA columns:
# 428-482
name=unknown_E
#
# <colnr> <probs for GDERKNQSTAVLIFYWHMCP>
#	G	D	E	R	K	N	Q	S	T	A	V	L	I	F	Y	W	H	M	C	P
0	0.13573	0.09670	0.02201	0.01964	0.09040	0.29271	0.01388	0.05887	0.02039	0.02498	0.02322	0.05332	0.09581	0.01034	0.00730	0.00231	0.01014	0.00764	0.00501	0.00958
1	0.16525	0.07451	0.01669	0.01293	0.01683	0.06460	0.01030	0.08834	0.02046	0.09670	0.13571	0.12374	0.07703	0.01581	0.04372	0.00309	0.00749	0.01062	0.00685	0.00933
2	0.06392	0.05906	0.11255	0.09233	0.02806	0.09420	0.01761	0.20645	0.02341	0.07085	0.01597	0.01834	0.01206	0.00932	0.01007	0.00251	0.10343	0.00649	0.00549	0.04788
3	0.01679	0.06414	0.01837	0.01380	0.01781	0.01422	0.03945	0.05278	0.05750	0.06452	0.06756	0.08890	0.17476	0.04644	0.01179	0.00272	0.08306	0.01098	0.00631	0.14808
