[name]
unknown

[dist]
# distance from previous block
# <min> <max>
0	1

[block]
# block no. 0 follows, 20 sequences, length 9
# corresponding to MSA columns:
# 1-9
name=unknown_A
#
# <colnr> <probs for GDERKNQSTAVLIFYWHMCP>
#	G	D	E	R	K	N	Q	S	T	A	V	L	I	F	Y	W	H	M	C	P
0	0.01406	0.01004	0.01406	0.01606	0.01807	0.01004	0.01406	0.01807	0.02008	0.02610	0.04618	0.09839	0.05020	0.02410	0.01205	0.00402	0.00803	0.58032	0.00803	0.00803
1	0.02383	0.02498	0.03322	0.04720	0.51404	0.15095	0.02475	0.02842	0.02085	0.02704	0.01581	0.02039	0.01329	0.00802	0.00848	0.00252	0.01146	0.00733	0.00435	0.01306
2	0.02930	0.07198	0.02397	0.01797	0.02387	0.06813	0.01467	0.24236	0.16044	0.15666	0.02573	0.02537	0.01876	0.01505	0.06227	0.00357	0.01015	0.00819	0.00814	0.01341
3	0.01104	0.00804	0.00989	0.01105	0.01198	0.00744	0.00736	0.01257	0.01703	0.02233	0.08712	0.43595	0.15375	0.14235	0.01676	0.00425	0.00549	0.02103	0.00770	0.00689
4	0.01527	0.01379	0.01760	0.02252	0.16949	0.04354	0.01354	0.01955	0.05524	0.02537	0.05069	0.20371	0.22954	0.01868	0.01003	0.00306	0.00706	0.06484	0.00703	0.00947
5	0.02053	0.02208	0.03242	0.03089	0.17197	0.11318	0.21006	0.02531	0.02063	0.02637	0.02886	0.03185	0.12186	0.01017	0.00911	0.00257	0.01110	0.00984	0.00513	0.09608
6	0.02362	0.05761	0.02378	0.02364	0.11441	0.25536	0.01617	0.07644	0.02139	0.02492	0.01790	0.02335	0.01557	0.02828	0.23194	0.00636	0.01671	0.00737	0.00486	0.01033
7	0.02707	0.01823	0.02018	0.01616	0.02195	0.05467	0.01303	0.20724	0.02668	0.17795	0.02811	0.02889	0.06352	0.01885	0.10568	0.00411	0.01058	0.00848	0.00768	0.14095
8	0.02234	0.02293	0.03219	0.15714	0.44621	0.11590	0.02484	0.02719	0.02017	0.02634	0.01581	0.02100	0.01305	0.00812	0.00854	0.00259	0.01139	0.00745	0.00427	0.01254

[dist]
# distance from previous block
# <min> <max>
2	9

[block]
# block no. 1 follows, 20 sequences, length 37
# corresponding to MSA columns:
# 19-55
name=unknown_B
#
# <colnr> <probs for GDERKNQSTAVLIFYWHMCP>
#	G	D	E	R	K	N	Q	S	T	A	V	L	I	F	Y	W	H	M	C	P
0	0.01861	0.13573	0.16317	0.02090	0.10293	0.05723	0.01763	0.02359	0.02087	0.05281	0.17580	0.03852	0.11281	0.01240	0.00863	0.00258	0.00865	0.01023	0.00615	0.01077
1	0.02262	0.02922	0.13757	0.03366	0.21139	0.15642	0.13940	0.02828	0.02058	0.02670	0.01579	0.01975	0.01257	0.00787	0.00847	0.00246	0.01232	0.00727	0.00437	0.10328
2	0.02532	0.02940	0.02545	0.03008	0.21953	0.34529	0.01829	0.02850	0.02235	0.02400	0.02705	0.02911	0.11737	0.01081	0.00852	0.00247	0.01211	0.00846	0.00505	0.01083
3	0.02021	0.02723	0.16945	0.13824	0.14872	0.10465	0.02373	0.02537	0.01794	0.02415	0.01484	0.02037	0.01228	0.01265	0.04318	0.00346	0.17117	0.00722	0.00402	0.01113
4	0.02315	0.34219	0.03093	0.01582	0.02135	0.21712	0.01361	0.02565	0.02033	0.02147	0.02996	0.03050	0.15387	0.01127	0.00736	0.00223	0.01014	0.00809	0.00496	0.00999
5	0.02267	0.51231	0.06835	0.01604	0.02318	0.03091	0.01549	0.03081	0.15614	0.02451	0.01764	0.01844	0.01471	0.00850	0.00647	0.00216	0.00894	0.00594	0.00490	0.01187
6	0.01579	0.01484	0.01778	0.01668	0.02000	0.08756	0.07689	0.01946	0.02098	0.02569	0.09542	0.07378	0.20867	0.01943	0.01074	0.00329	0.00837	0.24875	0.00735	0.00852
7	0.02697	0.12191	0.17039	0.02464	0.10773	0.20227	0.02056	0.03289	0.05424	0.12965	0.01891	0.02014	0.01411	0.00892	0.00797	0.00247	0.01164	0.00672	0.00548	0.01238
8	0.02149	0.17259	0.02423	0.01579	0.02113	0.02222	0.01305	0.03699	0.37161	0.06415	0.03718	0.03503	0.10436	0.01215	0.00831	0.00269	0.00715	0.00976	0.00770	0.01240
9	0.02014	0.30263	0.35336	0.02278	0.05970	0.02603	0.05143	0.02700	0.01831	0.02486	0.01438	0.01704	0.01133	0.00789	0.00733	0.00241	0.01144	0.00598	0.00376	0.01221
10	0.02823	0.02990	0.03149	0.02515	0.03071	0.26063	0.15201	0.18619	0.02668	0.03186	0.01618	0.01935	0.01269	0.00983	0.01136	0.00271	0.10027	0.00755	0.00553	0.01169
11	0.02461	0.01868	0.02057	0.01705	0.02219	0.02019	0.01354	0.32157	0.13976	0.04333	0.10706	0.11797	0.03142	0.01374	0.00917	0.00275	0.00763	0.01139	0.00861	0.04875
12	0.02170	0.01874	0.01972	0.01775	0.02268	0.02170	0.01381	0.04635	0.62327	0.03649	0.03550	0.03254	0.02663	0.01183	0.00888	0.00296	0.00690	0.00986	0.00888	0.01381
13	0.01531	0.09936	0.01646	0.01164	0.01475	0.01189	0.00929	0.01909	0.02350	0.07014	0.48216	0.05745	0.10357	0.01631	0.00958	0.00264	0.00502	0.01405	0.00882	0.00897
14	0.03263	0.04034	0.02482	0.02230	0.02697	0.61316	0.01683	0.07607	0.02589	0.02376	0.01402	0.01610	0.01149	0.00910	0.00793	0.00227	0.01529	0.00578	0.00480	0.01045
15	0.48974	0.01373	0.01114	0.01027	0.01446	0.01546	0.00824	0.02373	0.01608	0.03676	0.01800	0.02076	0.01408	0.00884	0.00565	0.00246	0.00578	0.00595	0.26988	0.00897
16	0.01031	0.00884	0.00884	0.00884	0.01178	0.00736	0.00663	0.01252	0.01988	0.02356	0.08837	0.08395	0.63549	0.02209	0.01031	0.00295	0.00442	0.01841	0.00810	0.00736
17	0.03131	0.03393	0.02653	0.02584	0.10692	0.39395	0.01807	0.19883	0.02876	0.03193	0.01601	0.01799	0.01261	0.00926	0.00821	0.00240	0.01327	0.00654	0.00569	0.01195
18	0.01031	0.00884	0.00884	0.00884	0.01178	0.00736	0.00663	0.01252	0.01988	0.02356	0.08837	0.08395	0.63549	0.02209	0.01031	0.00295	0.00442	0.01841	0.00810	0.00736
19	0.03273	0.03730	0.02508	0.02187	0.02699	0.50099	0.01679	0.17824	0.02878	0.02973	0.01534	0.01703	0.01213	0.00936	0.00808	0.00234	0.01420	0.00618	0.00555	0.01129
20	0.02332	0.69869	0.04571	0.01493	0.02239	0.03451	0.01493	0.02612	0.01772	0.02052	0.01213	0.01399	0.01119	0.00746	0.00560	0.00187	0.00933	0.00466	0.00373	0.01119
21	0.01031	0.00884	0.00884	0.00884	0.01178	0.00736	0.00663	0.01252	0.01988	0.02356	0.08837	0.08395	0.63549	0.02209	0.01031	0.00295	0.00442	0.01841	0.00810	0.00736
22	0.03258	0.04157	0.02472	0.02247	0.02697	0.65843	0.01685	0.03483	0.02472	0.02135	0.01348	0.01573	0.01124	0.00899	0.00787	0.00225	0.01573	0.00562	0.00449	0.01011
23	0.01031	0.00884	0.00884	0.00884	0.01178	0.00736	0.00663	0.01252	0.01988	0.02356	0.08837	0.08395	0.63549	0.02209	0.01031	0.00295	0.00442	0.01841	0.00810	0.00736
24	0.03258	0.04157	0.02472	0.02247	0.02697	0.65843	0.01685	0.03483	0.02472	0.02135	0.01348	0.01573	0.01124	0.00899	0.00787	0.00225	0.01573	0.00562	0.00449	0.01011
25	0.02332	0.69869	0.04571	0.01493	0.02239	0.03451	0.01493	0.02612	0.01772	0.02052	0.01213	0.01399	0.01119	0.00746	0.00560	0.00187	0.00933	0.00466	0.00373	0.01119
26	0.01031	0.00884	0.00884	0.00884	0.01178	0.00736	0.00663	0.01252	0.01988	0.02356	0.08837	0.08395	0.63549	0.02209	0.01031	0.00295	0.00442	0.01841	0.00810	0.00736
27	0.01793	0.09443	0.60279	0.02411	0.03659	0.02133	0.03092	0.02751	0.01836	0.02709	0.01539	0.01808	0.01106	0.00823	0.00808	0.00269	0.01262	0.00631	0.00369	0.01276
28	0.01750	0.04512	0.64825	0.02486	0.03775	0.02026	0.03223	0.02762	0.01842	0.02762	0.01565	0.01842	0.01105	0.00829	0.00829	0.00276	0.01289	0.00645	0.00368	0.01289
29	0.03169	0.03876	0.02491	0.06029	0.02891	0.57343	0.01726	0.07749	0.02552	0.02394	0.01416	0.01656	0.01153	0.00908	0.00798	0.00231	0.01503	0.00591	0.00478	0.01044
30	0.01066	0.00879	0.00937	0.00935	0.01203	0.00749	0.00696	0.01315	0.02052	0.02538	0.17646	0.11055	0.51581	0.02165	0.01035	0.00294	0.00440	0.01829	0.00835	0.00749
31	0.02205	0.02080	0.02060	0.02171	0.12423	0.13492	0.01441	0.16858	0.02606	0.03185	0.04551	0.04505	0.25985	0.01434	0.00918	0.00267	0.00881	0.01161	0.00695	0.01083
32	0.02295	0.54331	0.03977	0.01557	0.02246	0.03159	0.01467	0.03074	0.15611	0.02417	0.01747	0.01823	0.01472	0.00846	0.00635	0.00212	0.00877	0.00585	0.00491	0.01179
33	0.01759	0.09022	0.10577	0.16771	0.03138	0.02107	0.01874	0.02465	0.09818	0.02461	0.02919	0.03217	0.11872	0.01274	0.01330	0.00301	0.16604	0.00931	0.00520	0.01039
34	0.02830	0.11515	0.05818	0.02872	0.16552	0.41062	0.01957	0.03164	0.02250	0.02316	0.01408	0.01697	0.01181	0.00850	0.00779	0.00230	0.01362	0.00603	0.00433	0.01121
35	0.02592	0.03474	0.14271	0.02620	0.10804	0.32164	0.02062	0.03380	0.12341	0.02600	0.01790	0.01998	0.01414	0.00944	0.00907	0.00257	0.04023	0.00685	0.00503	0.01172
36	0.02418	0.09275	0.25733	0.02379	0.06324	0.25083	0.02252	0.03255	0.10170	0.02602	0.01728	0.01915	0.01336	0.00892	0.00801	0.00252	0.01268	0.00653	0.00471	0.01193

[dist]
# distance from previous block
# <min> <max>
2	4

[block]
# block no. 2 follows, 20 sequences, length 19
# corresponding to MSA columns:
# 60-78
name=unknown_C
#
# <colnr> <probs for GDERKNQSTAVLIFYWHMCP>
#	G	D	E	R	K	N	Q	S	T	A	V	L	I	F	Y	W	H	M	C	P
0	0.02159	0.02073	0.03541	0.05354	0.63903	0.02073	0.02677	0.02677	0.01986	0.02850	0.01641	0.02159	0.01382	0.00777	0.00864	0.00259	0.01036	0.00777	0.00432	0.01382
1	0.02193	0.15479	0.03744	0.04590	0.51709	0.02345	0.02443	0.02664	0.01944	0.02692	0.01556	0.02009	0.01330	0.00771	0.00803	0.00245	0.01016	0.00716	0.00420	0.01330
2	0.02515	0.03216	0.15253	0.03546	0.28001	0.21319	0.02393	0.08259	0.02297	0.02859	0.01579	0.01914	0.01259	0.00849	0.00834	0.00252	0.01241	0.00687	0.00465	0.01261
3	0.45144	0.10808	0.01997	0.01467	0.02010	0.14799	0.01201	0.02945	0.07382	0.03302	0.01458	0.01617	0.01162	0.00854	0.00623	0.00253	0.00886	0.00537	0.00533	0.01021
4	0.02635	0.02976	0.03077	0.04008	0.37380	0.29707	0.02247	0.03026	0.02197	0.02540	0.01514	0.01905	0.01270	0.00830	0.00830	0.00244	0.01269	0.00684	0.00439	0.01221
5	0.03394	0.01798	0.02408	0.02329	0.13281	0.01749	0.01609	0.15212	0.05787	0.38768	0.02861	0.02667	0.01913	0.01025	0.00874	0.00268	0.00835	0.00847	0.00914	0.01461
6	0.01050	0.00884	0.00909	0.00903	0.01190	0.00744	0.00677	0.01288	0.02032	0.02461	0.13821	0.08223	0.58500	0.02170	0.01031	0.00293	0.00439	0.01817	0.00824	0.00744
7	0.01750	0.04512	0.64825	0.02486	0.03775	0.02026	0.03223	0.02762	0.01842	0.02762	0.01565	0.01842	0.01105	0.00829	0.00829	0.00276	0.01289	0.00645	0.00368	0.01289
8	0.01246	0.00935	0.01402	0.01402	0.01558	0.01090	0.01090	0.01558	0.01402	0.02025	0.02336	0.03427	0.02181	0.06542	0.65888	0.01402	0.02336	0.00935	0.00467	0.00779
9	0.01288	0.00996	0.01482	0.01458	0.01604	0.01190	0.01142	0.01592	0.01398	0.02030	0.02261	0.03331	0.02115	0.06225	0.61906	0.01337	0.06469	0.00924	0.00462	0.00790
10	0.01063	0.00759	0.01012	0.01215	0.01265	0.00709	0.00810	0.01215	0.01670	0.02227	0.04808	0.68775	0.05769	0.02733	0.01113	0.00354	0.00506	0.02480	0.00810	0.00709
11	0.01266	0.00856	0.01003	0.01003	0.01020	0.00873	0.00592	0.01301	0.01284	0.01729	0.02702	0.05449	0.03059	0.62215	0.11415	0.00909	0.01015	0.01231	0.00522	0.00557
12	0.02332	0.69869	0.04571	0.01493	0.02239	0.03451	0.01493	0.02612	0.01772	0.02052	0.01213	0.01399	0.01119	0.00746	0.00560	0.00187	0.00933	0.00466	0.00373	0.01119
13	0.01216	0.00891	0.01140	0.01077	0.01292	0.00815	0.00808	0.01609	0.02424	0.03392	0.58358	0.06691	0.13382	0.01823	0.01029	0.00276	0.00414	0.01602	0.00946	0.00815
14	0.08608	0.03979	0.53230	0.08272	0.03785	0.02011	0.02938	0.02695	0.01799	0.02821	0.01531	0.01846	0.01095	0.00831	0.00806	0.00277	0.01220	0.00640	0.00386	0.01228
15	0.03505	0.02140	0.02430	0.01863	0.02554	0.02255	0.01539	0.43029	0.03593	0.24180	0.02521	0.02371	0.01697	0.01057	0.00874	0.00264	0.00891	0.00814	0.00938	0.01484
16	0.01246	0.00935	0.01402	0.01402	0.01558	0.01090	0.01090	0.01558	0.01402	0.02025	0.02336	0.03427	0.02181	0.06542	0.65888	0.01402	0.02336	0.00935	0.00467	0.00779
17	0.03258	0.04157	0.02472	0.02247	0.02697	0.65843	0.01685	0.03483	0.02472	0.02135	0.01348	0.01573	0.01124	0.00899	0.00787	0.00225	0.01573	0.00562	0.00449	0.01011
18	0.07497	0.02824	0.02322	0.01975	0.02528	0.23615	0.01552	0.23809	0.18206	0.03805	0.02161	0.02173	0.01630	0.01018	0.00827	0.00259	0.01078	0.00742	0.00714	0.01266

[dist]
# distance from previous block
# <min> <max>
2	4

[block]
# block no. 3 follows, 20 sequences, length 65
# corresponding to MSA columns:
# 83-147
name=unknown_D
#
# <colnr> <probs for GDERKNQSTAVLIFYWHMCP>
#	G	D	E	R	K	N	Q	S	T	A	V	L	I	F	Y	W	H	M	C	P
0	0.02265	0.01976	0.02233	0.06151	0.10450	0.04939	0.01597	0.13751	0.31439	0.03579	0.03395	0.03329	0.08672	0.01186	0.00892	0.00281	0.00824	0.00984	0.00768	0.01288
1	0.07102	0.02608	0.02187	0.01912	0.02432	0.20192	0.01490	0.14302	0.31345	0.03570	0.02528	0.02462	0.01914	0.01056	0.00835	0.00268	0.00986	0.00800	0.00740	0.01269
2	0.07960	0.01439	0.06721	0.01310	0.01688	0.01222	0.01097	0.08067	0.04532	0.02950	0.08727	0.23663	0.23495	0.01926	0.00971	0.00303	0.00618	0.01638	0.00767	0.00906
3	0.02272	0.16701	0.36422	0.02234	0.03191	0.19771	0.02477	0.02932	0.02001	0.02457	0.01440	0.01685	0.01113	0.00832	0.00767	0.00245	0.01300	0.00588	0.00391	0.01181
4	0.03300	0.02926	0.02577	0.02075	0.02703	0.20494	0.01666	0.44791	0.03642	0.04550	0.01884	0.01947	0.01382	0.01005	0.00848	0.00251	0.01133	0.00722	0.00753	0.01350
5	0.01244	0.00858	0.00989	0.00976	0.01039	0.00833	0.00597	0.01343	0.01562	0.02102	0.15369	0.06067	0.08611	0.50873	0.03506	0.00691	0.00729	0.01372	0.00636	0.00603
6	0.01149	0.00866	0.01062	0.01059	0.01262	0.00779	0.00777	0.01463	0.02198	0.02964	0.38269	0.17881	0.22952	0.02065	0.01044	0.00294	0.00436	0.01807	0.00893	0.00779
7	0.02332	0.69869	0.04571	0.01493	0.02239	0.03451	0.01493	0.02612	0.01772	0.02052	0.01213	0.01399	0.01119	0.00746	0.00560	0.00187	0.00933	0.00466	0.00373	0.01119
8	0.01063	0.00759	0.01012	0.01215	0.01265	0.00709	0.00810	0.01215	0.01670	0.02227	0.04808	0.68775	0.05769	0.02733	0.01113	0.00354	0.00506	0.02480	0.00810	0.00709
9	0.03300	0.02913	0.02578	0.02073	0.02703	0.19996	0.01665	0.45244	0.03655	0.04576	0.01890	0.01951	0.01385	0.01007	0.00849	0.00252	0.01128	0.00724	0.00757	0.01354
10	0.03206	0.02389	0.02556	0.01985	0.02663	0.02654	0.01631	0.55593	0.09682	0.05320	0.02234	0.02205	0.01596	0.01060	0.00874	0.00265	0.00934	0.00805	0.00874	0.01474
11	0.01031	0.00884	0.00884	0.00884	0.01178	0.00736	0.00663	0.01252	0.01988	0.02356	0.08837	0.08395	0.63549	0.02209	0.01031	0.00295	0.00442	0.01841	0.00810	0.00736
12	0.01842	0.01749	0.02969	0.43646	0.28085	0.01989	0.02520	0.02400	0.01836	0.02466	0.01585	0.02262	0.01246	0.00836	0.00869	0.00279	0.01115	0.00776	0.00404	0.01126
13	0.03316	0.02443	0.02618	0.02007	0.02705	0.02705	0.01658	0.60995	0.04101	0.05497	0.02094	0.02094	0.01483	0.01047	0.00873	0.00262	0.00960	0.00785	0.00873	0.01483
14	0.02926	0.02437	0.02621	0.02104	0.02591	0.07843	0.01729	0.40177	0.03211	0.04293	0.01773	0.02001	0.01361	0.01166	0.01411	0.00292	0.19301	0.00761	0.00704	0.01300
15	0.01246	0.00935	0.01402	0.01402	0.01558	0.01090	0.01090	0.01558	0.01402	0.02025	0.02336	0.03427	0.02181	0.06542	0.65888	0.01402	0.02336	0.00935	0.00467	0.00779
16	0.01063	0.00759	0.01012	0.01215	0.01265	0.00709	0.00810	0.01215	0.01670	0.02227	0.04808	0.68775	0.05769	0.02733	0.01113	0.00354	0.00506	0.02480	0.00810	0.00709
17	0.02609	0.01915	0.02082	0.01603	0.02236	0.01953	0.01304	0.34615	0.03077	0.04379	0.02076	0.02218	0.01562	0.00932	0.00765	0.00215	0.00777	0.00717	0.13553	0.21412
18	0.01851	0.15903	0.54324	0.02313	0.03508	0.02274	0.02921	0.02736	0.01830	0.02639	0.01504	0.01765	0.01107	0.00814	0.00782	0.00261	0.01227	0.00614	0.00369	0.01260
19	0.03258	0.04157	0.02472	0.02247	0.02697	0.65843	0.01685	0.03483	0.02472	0.02135	0.01348	0.01573	0.01124	0.00899	0.00787	0.00225	0.01573	0.00562	0.00449	0.01011
20	0.01903	0.01811	0.03078	0.36351	0.34909	0.02005	0.02550	0.02452	0.01865	0.02539	0.01596	0.02242	0.01272	0.00825	0.00868	0.00275	0.01100	0.00776	0.00410	0.01175
21	0.02159	0.02073	0.03541	0.05354	0.63903	0.02073	0.02677	0.02677	0.01986	0.02850	0.01641	0.02159	0.01382	0.00777	0.00864	0.00259	0.01036	0.00777	0.00432	0.01382
22	0.02159	0.02073	0.03541	0.05354	0.63903	0.02073	0.02677	0.02677	0.01986	0.02850	0.01641	0.02159	0.01382	0.00777	0.00864	0.00259	0.01036	0.00777	0.00432	0.01382
23	0.02380	0.02476	0.03211	0.04469	0.47109	0.14871	0.02383	0.02982	0.06506	0.02765	0.01722	0.02122	0.01424	0.00831	0.00850	0.00255	0.01119	0.00749	0.00469	0.01307
24	0.03448	0.01373	0.01866	0.01487	0.02068	0.01194	0.01204	0.03774	0.02417	0.54159	0.07968	0.09439	0.02945	0.01287	0.00911	0.00278	0.00696	0.01080	0.01045	0.01363
25	0.02159	0.02073	0.03541	0.05354	0.63903	0.02073	0.02677	0.02677	0.01986	0.02850	0.01641	0.02159	0.01382	0.00777	0.00864	0.00259	0.01036	0.00777	0.00432	0.01382
26	0.02159	0.02073	0.03541	0.05354	0.63903	0.02073	0.02677	0.02677	0.01986	0.02850	0.01641	0.02159	0.01382	0.00777	0.00864	0.00259	0.01036	0.00777	0.00432	0.01382
27	0.02263	0.02269	0.03440	0.05061	0.58127	0.08090	0.02583	0.02753	0.02032	0.02782	0.01613	0.02104	0.01357	0.00789	0.00856	0.00256	0.01087	0.00757	0.00433	0.01347
28	0.02583	0.01853	0.03022	0.11202	0.40568	0.01841	0.02267	0.03058	0.02099	0.19667	0.02124	0.02399	0.01570	0.00871	0.00868	0.00266	0.00970	0.00804	0.00604	0.01364
29	0.17827	0.02161	0.02202	0.01754	0.02382	0.02406	0.01438	0.41212	0.08434	0.04856	0.02383	0.02377	0.04642	0.01070	0.00814	0.00268	0.00852	0.00793	0.00803	0.01327
30	0.03294	0.03083	0.02563	0.02097	0.02702	0.26264	0.01668	0.39536	0.03493	0.04243	0.01816	0.01900	0.01349	0.00992	0.00840	0.00248	0.01189	0.00702	0.00715	0.01307
31	0.01246	0.00935	0.01402	0.01402	0.01558	0.01090	0.01090	0.01558	0.01402	0.02025	0.02336	0.03427	0.02181	0.06542	0.65888	0.01402	0.02336	0.00935	0.00467	0.00779
32	0.01047	0.00823	0.00947	0.01046	0.01221	0.00723	0.00735	0.01234	0.01832	0.02293	0.06860	0.38010	0.35210	0.02466	0.01071	0.00324	0.00473	0.02154	0.00810	0.00723
33	0.02159	0.02073	0.03541	0.05354	0.63903	0.02073	0.02677	0.02677	0.01986	0.02850	0.01641	0.02159	0.01382	0.00777	0.00864	0.00259	0.01036	0.00777	0.00432	0.01382
34	0.02347	0.02296	0.03372	0.04816	0.53642	0.08137	0.02509	0.07027	0.02187	0.02976	0.01646	0.02099	0.01365	0.00808	0.00857	0.00256	0.01081	0.00757	0.00466	0.01354
35	0.02018	0.02231	0.04469	0.03297	0.03937	0.02333	0.44624	0.02604	0.01861	0.02604	0.01595	0.02231	0.01275	0.00952	0.01531	0.00318	0.19622	0.00957	0.00425	0.01116
36	0.01094	0.00783	0.01040	0.01194	0.01272	0.00729	0.00812	0.01292	0.01813	0.02455	0.15333	0.57600	0.06211	0.02562	0.01098	0.00340	0.00489	0.02318	0.00837	0.00729
37	0.02142	0.02120	0.03810	0.05073	0.53954	0.02095	0.12411	0.02697	0.01998	0.02840	0.01662	0.02191	0.01372	0.00770	0.00891	0.00265	0.01109	0.00819	0.00433	0.01347
38	0.01346	0.01185	0.01636	0.02171	0.18373	0.01097	0.01242	0.01635	0.01927	0.02467	0.06097	0.18215	0.35492	0.01917	0.01001	0.00296	0.00617	0.01672	0.00706	0.00908
39	0.01246	0.00935	0.01402	0.01402	0.01558	0.01090	0.01090	0.01558	0.01402	0.02025	0.02336	0.03427	0.02181	0.06542	0.65888	0.01402	0.02336	0.00935	0.00467	0.00779
40	0.02159	0.02073	0.03541	0.05354	0.63903	0.02073	0.02677	0.02677	0.01986	0.02850	0.01641	0.02159	0.01382	0.00777	0.00864	0.00259	0.01036	0.00777	0.00432	0.01382
41	0.02159	0.02073	0.03541	0.05354	0.63903	0.02073	0.02677	0.02677	0.01986	0.02850	0.01641	0.02159	0.01382	0.00777	0.00864	0.00259	0.01036	0.00777	0.00432	0.01382
42	0.02159	0.02073	0.03541	0.05354	0.63903	0.02073	0.02677	0.02677	0.01986	0.02850	0.01641	0.02159	0.01382	0.00777	0.00864	0.00259	0.01036	0.00777	0.00432	0.01382
43	0.01246	0.00935	0.01402	0.01402	0.01558	0.01090	0.01090	0.01558	0.01402	0.02025	0.02336	0.03427	0.02181	0.06542	0.65888	0.01402	0.02336	0.00935	0.00467	0.00779
44	0.02159	0.02073	0.03541	0.05354	0.63903	0.02073	0.02677	0.02677	0.01986	0.02850	0.01641	0.02159	0.01382	0.00777	0.00864	0.00259	0.01036	0.00777	0.00432	0.01382
45	0.01050	0.00884	0.00910	0.00904	0.01190	0.00745	0.00678	0.01289	0.02034	0.02464	0.13990	0.08217	0.58329	0.02169	0.01031	0.00293	0.00439	0.01816	0.00824	0.00745
46	0.01063	0.00759	0.01012	0.01215	0.01265	0.00709	0.00810	0.01215	0.01670	0.02227	0.04808	0.68775	0.05769	0.02733	0.01113	0.00354	0.00506	0.02480	0.00810	0.00709
47	0.01809	0.01550	0.01809	0.01292	0.02067	0.01163	0.01034	0.02196	0.01809	0.02842	0.01550	0.01809	0.01292	0.00646	0.00646	0.00129	0.00646	0.00517	0.00517	0.74677
48	0.01750	0.04512	0.64825	0.02486	0.03775	0.02026	0.03223	0.02762	0.01842	0.02762	0.01565	0.01842	0.01105	0.00829	0.00829	0.00276	0.01289	0.00645	0.00368	0.01289
49	0.01893	0.02154	0.08537	0.02309	0.02430	0.02611	0.02032	0.02162	0.01384	0.02162	0.01185	0.01902	0.01141	0.01461	0.02671	0.00372	0.61477	0.00752	0.00380	0.00986
50	0.03203	0.04041	0.02446	0.02223	0.02675	0.62593	0.01670	0.03542	0.05527	0.02212	0.01461	0.01659	0.01202	0.00913	0.00792	0.00228	0.01528	0.00583	0.00472	0.01030
51	0.01048	0.00818	0.00952	0.01059	0.01224	0.00722	0.00741	0.01232	0.01820	0.02288	0.06701	0.40393	0.32929	0.02487	0.01075	0.00326	0.00476	0.02179	0.00810	0.00722
52	0.02332	0.69869	0.04571	0.01493	0.02239	0.03451	0.01493	0.02612	0.01772	0.02052	0.01213	0.01399	0.01119	0.00746	0.00560	0.00187	0.00933	0.00466	0.00373	0.01119
53	0.02045	0.02311	0.04913	0.03546	0.04345	0.02250	0.55184	0.02729	0.01991	0.02729	0.01706	0.02311	0.01307	0.00810	0.01202	0.00302	0.07725	0.01004	0.00436	0.01155
54	0.02332	0.69869	0.04571	0.01493	0.02239	0.03451	0.01493	0.02612	0.01772	0.02052	0.01213	0.01399	0.01119	0.00746	0.00560	0.00187	0.00933	0.00466	0.00373	0.01119
55	0.02170	0.01874	0.01972	0.01775	0.02268	0.02170	0.01381	0.04635	0.62327	0.03649	0.03550	0.03254	0.02663	0.01183	0.00888	0.00296	0.00690	0.00986	0.00888	0.01381
56	0.03287	0.03307	0.02544	0.02128	0.02701	0.34505	0.01672	0.32029	0.03281	0.03804	0.01719	0.01832	0.01302	0.00972	0.00829	0.00243	0.01269	0.00673	0.00659	0.01246
57	0.01246	0.00935	0.01402	0.01402	0.01558	0.01090	0.01090	0.01558	0.01402	0.02025	0.02336	0.03427	0.02181	0.06542	0.65888	0.01402	0.02336	0.00935	0.00467	0.00779
58	0.01750	0.04512	0.64825	0.02486	0.03775	0.02026	0.03223	0.02762	0.01842	0.02762	0.01565	0.01842	0.01105	0.00829	0.00829	0.00276	0.01289	0.00645	0.00368	0.01289
59	0.01871	0.07896	0.57928	0.02420	0.03630	0.05946	0.03040	0.02798	0.01876	0.02688	0.01534	0.01802	0.01107	0.00829	0.00812	0.00268	0.01288	0.00630	0.00373	0.01264
60	0.03316	0.02443	0.02618	0.02007	0.02705	0.02705	0.01658	0.60995	0.04101	0.05497	0.02094	0.02094	0.01483	0.01047	0.00873	0.00262	0.00960	0.00785	0.00873	0.01483
61	0.01205	0.00897	0.01125	0.01086	0.01309	0.00817	0.00827	0.01579	0.02347	0.03221	0.49205	0.07084	0.18869	0.01904	0.01040	0.00286	0.00441	0.05032	0.00921	0.00805
62	0.06219	0.02051	0.03416	0.05121	0.60459	0.02066	0.02581	0.02671	0.01958	0.02909	0.01617	0.02118	0.01357	0.00779	0.00846	0.00260	0.01016	0.00760	0.00438	0.01357
63	0.03162	0.03956	0.02428	0.02205	0.02659	0.60217	0.01658	0.03585	0.07760	0.02269	0.01543	0.01722	0.01260	0.00924	0.00795	0.00231	0.01495	0.00599	0.00488	0.01044
64	0.06181	0.14101	0.44488	0.02147	0.03237	0.02154	0.02597	0.02906	0.01889	0.10092	0.01716	0.01884	0.01224	0.00845	0.00777	0.00261	0.01135	0.00635	0.00464	0.01267

[dist]
# distance from previous block
# <min> <max>
1	5

[block]
# block no. 4 follows, 20 sequences, length 27
# corresponding to MSA columns:
# 153-179
name=unknown_E
#
# <colnr> <probs for GDERKNQSTAVLIFYWHMCP>
#	G	D	E	R	K	N	Q	S	T	A	V	L	I	F	Y	W	H	M	C	P
0	0.02249	0.02268	0.03374	0.08444	0.54101	0.08941	0.02556	0.02739	0.02025	0.02738	0.01604	0.02105	0.01342	0.00796	0.00856	0.00257	0.01101	0.00754	0.00431	0.01319
1	0.06601	0.51677	0.09184	0.01657	0.02398	0.11573	0.01633	0.02738	0.01855	0.02230	0.01261	0.01461	0.01109	0.00777	0.00612	0.00204	0.01034	0.00495	0.00392	0.01109
2	0.01358	0.01114	0.01462	0.01449	0.01621	0.04701	0.01124	0.01665	0.01462	0.02031	0.02281	0.03323	0.02122	0.06227	0.62257	0.01336	0.02294	0.00914	0.00466	0.00792
3	0.02164	0.17178	0.03478	0.19105	0.31423	0.02398	0.02271	0.07070	0.02044	0.02727	0.01558	0.02024	0.01278	0.00814	0.00798	0.00251	0.01038	0.00708	0.00442	0.01232
4	0.01552	0.01130	0.01310	0.01350	0.05185	0.01045	0.00947	0.02070	0.09075	0.09282	0.09425	0.09265	0.41302	0.01885	0.00991	0.00292	0.00540	0.01589	0.00832	0.00933
5	0.01246	0.00935	0.01402	0.01402	0.01558	0.01090	0.01090	0.01558	0.01402	0.02025	0.02336	0.03427	0.02181	0.06542	0.65888	0.01402	0.02336	0.00935	0.00467	0.00779
6	0.02049	0.38073	0.33884	0.01976	0.02986	0.02758	0.02334	0.02685	0.01806	0.02398	0.01384	0.01614	0.01112	0.00786	0.00691	0.00230	0.01106	0.00553	0.00371	0.01202
7	0.01092	0.00780	0.01045	0.01248	0.01311	0.00733	0.00860	0.01265	0.01699	0.02259	0.04792	0.63805	0.05706	0.02706	0.01121	0.00358	0.00531	0.07165	0.00809	0.00716
8	0.02093	0.02005	0.03421	0.13352	0.56422	0.02055	0.02644	0.02619	0.01955	0.02769	0.01629	0.02180	0.01353	0.00789	0.00865	0.00263	0.01053	0.00777	0.00426	0.01328
9	0.01906	0.22105	0.48606	0.02219	0.03362	0.02410	0.02757	0.02722	0.01823	0.02571	0.01470	0.01723	0.01109	0.00807	0.00756	0.00252	0.01193	0.00597	0.00370	0.01243
10	0.01080	0.00886	0.00952	0.00935	0.01208	0.00757	0.00701	0.01347	0.02104	0.02631	0.21961	0.07943	0.50253	0.02107	0.01030	0.00290	0.00435	0.01778	0.00846	0.00757
11	0.02159	0.02073	0.03541	0.05354	0.63903	0.02073	0.02677	0.02677	0.01986	0.02850	0.01641	0.02159	0.01382	0.00777	0.00864	0.00259	0.01036	0.00777	0.00432	0.01382
12	0.02351	0.08333	0.23995	0.02120	0.02909	0.16525	0.02110	0.07053	0.20001	0.03000	0.02110	0.02182	0.01594	0.00957	0.00820	0.00263	0.01129	0.00723	0.00571	0.01253
13	0.02332	0.69869	0.04571	0.01493	0.02239	0.03451	0.01493	0.02612	0.01772	0.02052	0.01213	0.01399	0.01119	0.00746	0.00560	0.00187	0.00933	0.00466	0.00373	0.01119
14	0.02318	0.02373	0.03386	0.04906	0.55074	0.11271	0.02534	0.02793	0.02056	0.02747	0.01599	0.02074	0.01344	0.00795	0.00852	0.00254	0.01114	0.00746	0.00434	0.01328
15	0.45413	0.14225	0.01927	0.01256	0.01802	0.02126	0.01066	0.02673	0.08675	0.03371	0.02308	0.02380	0.07927	0.00992	0.00637	0.00260	0.00699	0.00679	0.00579	0.01005
16	0.02297	0.02275	0.01884	0.01709	0.02142	0.19897	0.01308	0.03530	0.28795	0.05417	0.08770	0.03817	0.11869	0.01304	0.00892	0.00273	0.00882	0.01040	0.00765	0.01135
17	0.03131	0.03838	0.02389	0.02149	0.02608	0.57350	0.01623	0.07583	0.02563	0.02395	0.01846	0.02014	0.04839	0.00987	0.00807	0.00232	0.01461	0.00654	0.00502	0.01030
18	0.02296	0.65844	0.08282	0.01554	0.02333	0.03364	0.01599	0.02621	0.01777	0.02096	0.01234	0.01426	0.01119	0.00751	0.00576	0.00192	0.00955	0.00477	0.00373	0.01130
19	0.01420	0.01000	0.01170	0.01119	0.01228	0.01040	0.00738	0.06358	0.01585	0.02123	0.03065	0.05179	0.07288	0.47036	0.15246	0.00859	0.01101	0.01208	0.00567	0.00671
20	0.01415	0.00949	0.01181	0.04757	0.01602	0.00866	0.00894	0.01675	0.02004	0.09175	0.14485	0.25178	0.28344	0.02108	0.01030	0.00307	0.00529	0.01830	0.00837	0.00834
21	0.02079	0.01818	0.02376	0.01780	0.02509	0.01662	0.09137	0.09351	0.13287	0.03284	0.02010	0.02181	0.01571	0.00802	0.00767	0.00197	0.00800	0.00702	0.00615	0.43072
22	0.02613	0.02188	0.02970	0.02224	0.02912	0.02275	0.13642	0.31322	0.02948	0.04075	0.01826	0.02070	0.01380	0.00942	0.01038	0.00251	0.07074	0.00777	0.00665	0.16809
23	0.01803	0.01784	0.03115	0.03656	0.32050	0.01707	0.15100	0.02282	0.02003	0.02691	0.03796	0.04046	0.19750	0.01191	0.00950	0.00277	0.00958	0.01148	0.00546	0.01145
24	0.01831	0.01690	0.02590	0.32517	0.17727	0.01964	0.02138	0.02692	0.12967	0.02623	0.02156	0.07324	0.01827	0.01084	0.01010	0.00295	0.04988	0.00939	0.00521	0.01118
25	0.02159	0.02073	0.03541	0.05354	0.63903	0.02073	0.02677	0.02677	0.01986	0.02850	0.01641	0.02159	0.01382	0.00777	0.00864	0.00259	0.01036	0.00777	0.00432	0.01382
26	0.02336	0.51530	0.14539	0.01744	0.02550	0.10117	0.01807	0.02734	0.01862	0.02182	0.01287	0.01493	0.01117	0.00777	0.00630	0.00206	0.01064	0.00507	0.00381	0.01136

[dist]
# distance from previous block
# <min> <max>
0	3

[block]
# block no. 5 follows, 20 sequences, length 308
# corresponding to MSA columns:
# 183-490
name=unknown_F
#
# <colnr> <probs for GDERKNQSTAVLIFYWHMCP>
#	G	D	E	R	K	N	Q	S	T	A	V	L	I	F	Y	W	H	M	C	P
0	0.01542	0.01210	0.01664	0.01923	0.11521	0.01183	0.01269	0.06248	0.02349	0.03219	0.30566	0.09260	0.11221	0.01763	0.01026	0.00299	0.00629	0.11343	0.00820	0.00945
1	0.02159	0.02073	0.03541	0.05354	0.63903	0.02073	0.02677	0.02677	0.01986	0.02850	0.01641	0.02159	0.01382	0.00777	0.00864	0.00259	0.01036	0.00777	0.00432	0.01382
2	0.02400	0.02530	0.03306	0.04672	0.50458	0.16081	0.02459	0.02854	0.02093	0.02693	0.01577	0.02030	0.01325	0.00804	0.00847	0.00252	0.01154	0.00730	0.00436	0.01300
3	0.02593	0.51333	0.03979	0.01705	0.02368	0.21051	0.01547	0.02858	0.01970	0.02076	0.01251	0.01448	0.01121	0.00789	0.00624	0.00197	0.01113	0.00493	0.00395	0.01089
4	0.01711	0.01257	0.01488	0.01297	0.01625	0.01260	0.01008	0.15602	0.02820	0.03889	0.45140	0.05606	0.10539	0.01640	0.00992	0.00273	0.00543	0.01409	0.00929	0.00973
5	0.01265	0.00861	0.01030	0.01030	0.01058	0.00889	0.00627	0.01319	0.01292	0.01750	0.02676	0.05309	0.02998	0.58348	0.15199	0.00943	0.01107	0.01210	0.00518	0.00572
6	0.01296	0.00899	0.01107	0.01082	0.01313	0.00804	0.00801	0.01605	0.02198	0.06340	0.34624	0.17562	0.23075	0.02028	0.01036	0.00294	0.00455	0.01768	0.00899	0.00816
7	0.08135	0.19365	0.02891	0.01978	0.02518	0.42895	0.01586	0.06625	0.02334	0.02440	0.01351	0.01552	0.01131	0.00865	0.00721	0.00221	0.01323	0.00546	0.00463	0.01060
8	0.01219	0.00891	0.01145	0.01081	0.01294	0.00817	0.00811	0.01616	0.02433	0.03412	0.59333	0.06657	0.12394	0.01815	0.01029	0.00276	0.00414	0.01597	0.00949	0.00817
9	0.01084	0.00930	0.00934	0.00925	0.01229	0.00803	0.00696	0.01409	0.04791	0.02416	0.08591	0.08156	0.60721	0.02161	0.01024	0.00295	0.00453	0.01801	0.00814	0.00766
10	0.02159	0.02073	0.03541	0.05354	0.63903	0.02073	0.02677	0.02677	0.01986	0.02850	0.01641	0.02159	0.01382	0.00777	0.00864	0.00259	0.01036	0.00777	0.00432	0.01382
11	0.01268	0.00846	0.00951	0.00951	0.00951	0.00846	0.00529	0.01268	0.01268	0.01691	0.02748	0.05708	0.03171	0.69345	0.04440	0.00846	0.00846	0.01268	0.00529	0.00529
12	0.01064	0.00885	0.00929	0.00918	0.01198	0.00750	0.00688	0.01315	0.02065	0.02539	0.17593	0.08093	0.54679	0.02141	0.01031	0.00291	0.00437	0.01799	0.00834	0.00750
13	0.01076	0.00870	0.00903	0.00913	0.01141	0.00755	0.00646	0.01253	0.01840	0.02228	0.07510	0.11076	0.49459	0.14527	0.01659	0.00399	0.00519	0.01770	0.00758	0.00697
14	0.01077	0.00772	0.01041	0.01229	0.01287	0.00737	0.00831	0.01240	0.01650	0.02212	0.04622	0.63856	0.05499	0.03020	0.05989	0.00433	0.00644	0.02363	0.00784	0.00714
15	0.01129	0.00888	0.01020	0.00987	0.01239	0.00778	0.00740	0.01442	0.02220	0.02908	0.35209	0.07487	0.36833	0.02003	0.01030	0.00285	0.00427	0.01714	0.00883	0.00778
16	0.03316	0.02443	0.02618	0.02007	0.02705	0.02705	0.01658	0.60995	0.04101	0.05497	0.02094	0.02094	0.01483	0.01047	0.00873	0.00262	0.00960	0.00785	0.00873	0.01483
17	0.02918	0.02059	0.02193	0.01726	0.02307	0.02259	0.01411	0.47102	0.03566	0.04968	0.02271	0.02367	0.01661	0.01040	0.00811	0.00248	0.00829	0.00792	0.18147	0.01325
18	0.01031	0.00884	0.00884	0.00884	0.01178	0.00736	0.00663	0.01252	0.01988	0.02356	0.08837	0.08395	0.63549	0.02209	0.01031	0.00295	0.00442	0.01841	0.00810	0.00736
19	0.01268	0.00846	0.00951	0.00951	0.00951	0.00846	0.00529	0.01268	0.01268	0.01691	0.02748	0.05708	0.03171	0.69345	0.04440	0.00846	0.00846	0.01268	0.00529	0.00529
20	0.02924	0.02174	0.02328	0.01835	0.02434	0.02393	0.01483	0.48227	0.08120	0.04852	0.02635	0.02846	0.05160	0.07083	0.01194	0.00317	0.00901	0.00901	0.00840	0.01351
21	0.01220	0.00825	0.00966	0.01013	0.01025	0.00814	0.00594	0.01256	0.01363	0.01817	0.03231	0.20497	0.03780	0.53725	0.03660	0.00730	0.00766	0.01553	0.00594	0.00571
22	0.75506	0.01687	0.01282	0.01147	0.01687	0.01957	0.00945	0.02564	0.01484	0.03914	0.01215	0.01417	0.00945	0.00810	0.00540	0.00270	0.00675	0.00472	0.00540	0.00945
23	0.03093	0.02332	0.02492	0.01962	0.02620	0.02601	0.01604	0.50021	0.15438	0.05137	0.02378	0.02320	0.01713	0.01074	0.00876	0.00268	0.00907	0.00824	0.00876	0.01463
24	0.01272	0.00843	0.00963	0.00969	0.00995	0.00836	0.00567	0.01327	0.01399	0.01916	0.07135	0.08864	0.03618	0.58119	0.03858	0.00751	0.00778	0.01331	0.03888	0.00571
25	0.08750	0.02386	0.02517	0.01942	0.02628	0.02649	0.01604	0.56597	0.03904	0.05378	0.02028	0.02043	0.01443	0.01029	0.00848	0.00262	0.00938	0.00762	0.00848	0.01443
26	0.02170	0.01874	0.01972	0.01775	0.02268	0.02170	0.01381	0.04635	0.62327	0.03649	0.03550	0.03254	0.02663	0.01183	0.00888	0.00296	0.00690	0.00986	0.00888	0.01381
27	0.02374	0.01800	0.01950	0.01710	0.02224	0.02009	0.01342	0.07160	0.48871	0.11053	0.03759	0.03448	0.05919	0.01221	0.00894	0.00291	0.00696	0.01011	0.00906	0.01363
28	0.01031	0.00884	0.00884	0.00884	0.01178	0.00736	0.00663	0.01252	0.01988	0.02356	0.08837	0.08395	0.63549	0.02209	0.01031	0.00295	0.00442	0.01841	0.00810	0.00736
29	0.02170	0.01874	0.01972	0.01775	0.02268	0.02170	0.01381	0.04635	0.62327	0.03649	0.03550	0.03254	0.02663	0.01183	0.00888	0.00296	0.00690	0.00986	0.00888	0.01381
30	0.02159	0.02073	0.03541	0.05354	0.63903	0.02073	0.02677	0.02677	0.01986	0.02850	0.01641	0.02159	0.01382	0.00777	0.00864	0.00259	0.01036	0.00777	0.00432	0.01382
31	0.01246	0.00935	0.01402	0.01402	0.01558	0.01090	0.01090	0.01558	0.01402	0.02025	0.02336	0.03427	0.02181	0.06542	0.65888	0.01402	0.02336	0.00935	0.00467	0.00779
32	0.01031	0.00884	0.00884	0.00884	0.01178	0.00736	0.00663	0.01252	0.01988	0.02356	0.08837	0.08395	0.63549	0.02209	0.01031	0.00295	0.00442	0.01841	0.00810	0.00736
33	0.01056	0.00880	0.00891	0.00891	0.01154	0.00748	0.00649	0.01254	0.01913	0.02287	0.08199	0.08113	0.57228	0.09238	0.01388	0.00352	0.00484	0.01781	0.00781	0.00715
34	0.01268	0.00846	0.00951	0.00951	0.00951	0.00846	0.00529	0.01268	0.01268	0.01691	0.02748	0.05708	0.03171	0.69345	0.04440	0.00846	0.00846	0.01268	0.00529	0.00529
35	0.01235	0.00892	0.01166	0.01097	0.01303	0.00823	0.00823	0.01646	0.02469	0.03498	0.63443	0.06516	0.08230	0.01783	0.01029	0.00274	0.00412	0.01578	0.00960	0.00823
36	0.02136	0.02049	0.03499	0.08139	0.61298	0.02066	0.02666	0.02657	0.01975	0.02822	0.01637	0.02166	0.01372	0.00781	0.00864	0.00260	0.01042	0.00777	0.00430	0.01363
37	0.02159	0.02073	0.03541	0.05354	0.63903	0.02073	0.02677	0.02677	0.01986	0.02850	0.01641	0.02159	0.01382	0.00777	0.00864	0.00259	0.01036	0.00777	0.00432	0.01382
38	0.01268	0.00846	0.00951	0.00951	0.00951	0.00846	0.00529	0.01268	0.01268	0.01691	0.02748	0.05708	0.03171	0.69345	0.04440	0.00846	0.00846	0.01268	0.00529	0.00529
39	0.03126	0.03894	0.02522	0.02442	0.06988	0.58109	0.01740	0.03485	0.05483	0.02262	0.01481	0.01700	0.01220	0.00905	0.00797	0.00231	0.01490	0.00599	0.00470	0.01056
40	0.01246	0.00935	0.01402	0.01402	0.01558	0.01090	0.01090	0.01558	0.01402	0.02025	0.02336	0.03427	0.02181	0.06542	0.65888	0.01402	0.02336	0.00935	0.00467	0.00779
41	0.02170	0.01874	0.01972	0.01775	0.02268	0.02170	0.01381	0.04635	0.62327	0.03649	0.03550	0.03254	0.02663	0.01183	0.00888	0.00296	0.00690	0.00986	0.00888	0.01381
42	0.02011	0.02276	0.04947	0.03557	0.04399	0.02133	0.57834	0.02718	0.02040	0.02767	0.01912	0.05569	0.01539	0.00832	0.01033	0.00297	0.01424	0.01100	0.00459	0.01154
43	0.01031	0.00884	0.00884	0.00884	0.01178	0.00736	0.00663	0.01252	0.01988	0.02356	0.08837	0.08395	0.63549	0.02209	0.01031	0.00295	0.00442	0.01841	0.00810	0.00736
44	0.01214	0.00891	0.01138	0.01076	0.01291	0.00814	0.00807	0.01607	0.02421	0.03385	0.58021	0.06702	0.13723	0.01826	0.01029	0.00276	0.00415	0.01604	0.00945	0.00814
45	0.02440	0.02008	0.02124	0.01830	0.02371	0.02296	0.01446	0.17915	0.48608	0.04084	0.03207	0.02981	0.02385	0.01151	0.00884	0.00288	0.00754	0.00939	0.00884	0.01405
46	0.01206	0.00868	0.01067	0.01180	0.01250	0.00858	0.00771	0.01488	0.06119	0.02178	0.04116	0.45545	0.04782	0.21943	0.02061	0.00492	0.00618	0.02016	0.00734	0.00707
47	0.01166	0.00815	0.00996	0.01076	0.01132	0.00780	0.00685	0.01282	0.01594	0.02132	0.09999	0.33050	0.07456	0.30935	0.02515	0.00553	0.00638	0.01846	0.00705	0.00645
48	0.01750	0.04512	0.64825	0.02486	0.03775	0.02026	0.03223	0.02762	0.01842	0.02762	0.01565	0.01842	0.01105	0.00829	0.00829	0.00276	0.01289	0.00645	0.00368	0.01289
49	0.01268	0.00846	0.00951	0.00951	0.00951	0.00846	0.00529	0.01268	0.01268	0.01691	0.02748	0.05708	0.03171	0.69345	0.04440	0.00846	0.00846	0.01268	0.00529	0.00529
50	0.01104	0.00776	0.01000	0.01162	0.01203	0.00736	0.00754	0.01225	0.01590	0.02120	0.04396	0.56179	0.05250	0.16038	0.01778	0.00452	0.00574	0.02238	0.00754	0.00673
51	0.01089	0.00886	0.00964	0.00944	0.01214	0.00761	0.00708	0.01364	0.02125	0.02681	0.24377	0.07860	0.47807	0.02088	0.01030	0.00289	0.00433	0.01766	0.00853	0.00761
52	0.01419	0.01034	0.01473	0.05246	0.02040	0.01056	0.01462	0.01831	0.01993	0.02589	0.04448	0.09423	0.04806	0.02324	0.01186	0.00395	0.00823	0.54858	0.00780	0.00812
53	0.01248	0.00925	0.01355	0.01355	0.01494	0.01065	0.01032	0.01527	0.01388	0.01990	0.02380	0.03666	0.02284	0.13118	0.59454	0.01344	0.02180	0.00970	0.00474	0.00753
54	0.01053	0.00797	0.00973	0.01114	0.01239	0.00717	0.00765	0.01226	0.01767	0.02266	0.06036	0.50366	0.23385	0.02573	0.01088	0.00336	0.00486	0.02285	0.00810	0.00717
55	0.01031	0.00884	0.00884	0.00884	0.01178	0.00736	0.00663	0.01252	0.01988	0.02356	0.08837	0.08395	0.63549	0.02209	0.01031	0.00295	0.00442	0.01841	0.00810	0.00736
56	0.01063	0.00759	0.01012	0.01215	0.01265	0.00709	0.00810	0.01215	0.01670	0.02227	0.04808	0.68775	0.05769	0.02733	0.01113	0.00354	0.00506	0.02480	0.00810	0.00709
57	0.01840	0.01747	0.02965	0.43901	0.27846	0.01989	0.02518	0.02398	0.01835	0.02463	0.01584	0.02263	0.01245	0.00836	0.00869	0.00279	0.01115	0.00776	0.00404	0.01125
58	0.01373	0.01093	0.01268	0.01294	0.01542	0.01104	0.00973	0.02144	0.16172	0.02789	0.12667	0.25164	0.19035	0.02093	0.01040	0.00321	0.00553	0.07634	0.00846	0.00897
59	0.01243	0.00881	0.01115	0.01063	0.01220	0.00828	0.00754	0.01557	0.02186	0.03072	0.49142	0.06326	0.07038	0.17702	0.01833	0.00409	0.00514	0.01505	0.00859	0.00754
60	0.01100	0.00934	0.00955	0.00941	0.01241	0.00814	0.00708	0.01446	0.05085	0.02486	0.11606	0.08029	0.57373	0.02133	0.01024	0.00293	0.00453	0.01783	0.00822	0.00774
61	0.01268	0.00846	0.00951	0.00951	0.00951	0.00846	0.00529	0.01268	0.01268	0.01691	0.02748	0.05708	0.03171	0.69345	0.04440	0.00846	0.00846	0.01268	0.00529	0.00529
62	0.01363	0.00833	0.00914	0.00922	0.00983	0.00831	0.00564	0.01487	0.01447	0.02164	0.02861	0.07605	0.03009	0.46882	0.03197	0.00640	0.00705	0.01187	0.21789	0.00618
63	0.23465	0.01721	0.01813	0.01530	0.02071	0.01848	0.01227	0.14728	0.12914	0.18275	0.02711	0.09531	0.02161	0.01194	0.00808	0.00282	0.00731	0.00937	0.00823	0.01229
64	0.02129	0.02042	0.03486	0.09025	0.60469	0.02065	0.02662	0.02650	0.01972	0.02813	0.01635	0.02169	0.01369	0.00783	0.00864	0.00261	0.01044	0.00777	0.00429	0.01357
65	0.01275	0.00959	0.01223	0.01345	0.01577	0.00908	0.01134	0.01618	0.02024	0.02571	0.08878	0.09204	0.24321	0.02313	0.01139	0.00360	0.00666	0.36889	0.00813	0.00782
66	0.02159	0.02073	0.03541	0.05354	0.63903	0.02073	0.02677	0.02677	0.01986	0.02850	0.01641	0.02159	0.01382	0.00777	0.00864	0.00259	0.01036	0.00777	0.00432	0.01382
67	0.03020	0.02158	0.02302	0.01798	0.02409	0.02374	0.01474	0.50671	0.03703	0.05104	0.02226	0.02297	0.01615	0.01042	0.00827	0.00252	0.00863	0.00790	0.13710	0.01366
68	0.03260	0.02415	0.02586	0.01996	0.02684	0.02679	0.01644	0.58236	0.06952	0.05407	0.02166	0.02151	0.01541	0.01054	0.00873	0.00263	0.00947	0.00795	0.00873	0.01478
69	0.02170	0.01874	0.01972	0.01775	0.02268	0.02170	0.01381	0.04635	0.62327	0.03649	0.03550	0.03254	0.02663	0.01183	0.00888	0.00296	0.00690	0.00986	0.00888	0.01381
70	0.03152	0.12282	0.02779	0.02093	0.02639	0.42868	0.01654	0.16921	0.02765	0.02916	0.01506	0.01673	0.01208	0.00914	0.00777	0.00229	0.01345	0.00602	0.00539	0.01137
71	0.01063	0.00759	0.01012	0.01215	0.01265	0.00709	0.00810	0.01215	0.01670	0.02227	0.04808	0.68775	0.05769	0.02733	0.01113	0.00354	0.00506	0.02480	0.00810	0.00709
72	0.02238	0.01908	0.02011	0.01789	0.02294	0.02201	0.01397	0.07978	0.58874	0.03759	0.03464	0.03186	0.02593	0.01175	0.00887	0.00294	0.00706	0.00974	0.00887	0.01387
73	0.01722	0.01626	0.02751	0.58228	0.14446	0.01958	0.02460	0.02294	0.01779	0.02319	0.01564	0.02301	0.01195	0.00858	0.00871	0.00286	0.01144	0.00775	0.00394	0.01029
74	0.02062	0.01973	0.03365	0.17129	0.52889	0.02047	0.02629	0.02592	0.01940	0.02732	0.01624	0.02191	0.01340	0.00795	0.00865	0.00265	0.01060	0.00777	0.00423	0.01303
75	0.01912	0.12389	0.40258	0.02691	0.03796	0.02261	0.19138	0.02752	0.01894	0.02679	0.01576	0.01928	0.01168	0.00792	0.00850	0.00270	0.01294	0.00729	0.00389	0.01235
76	0.01246	0.00935	0.01402	0.01402	0.01558	0.01090	0.01090	0.01558	0.01402	0.02025	0.02336	0.03427	0.02181	0.06542	0.65888	0.01402	0.02336	0.00935	0.00467	0.00779
77	0.01031	0.00884	0.00884	0.00884	0.01178	0.00736	0.00663	0.01252	0.01988	0.02356	0.08837	0.08395	0.63549	0.02209	0.01031	0.00295	0.00442	0.01841	0.00810	0.00736
78	0.02038	0.01950	0.03323	0.19938	0.50262	0.02041	0.02617	0.02571	0.01929	0.02703	0.01619	0.02198	0.01330	0.00800	0.00866	0.00267	0.01066	0.00777	0.00421	0.01284
