[name]
unknown

[dist]
# distance from previous block
# <min> <max>
1	42

[block]
# block no. 0 follows, 21 sequences, length 8
# corresponding to MSA columns:
# 49-56
name=unknown_A
#
# <colnr> <probs for GDERKNQSTAVLIFYWHMCP>
#	G	D	E	R	K	N	Q	S	T	A	V	L	I	F	Y	W	H	M	C	P
0	0.09959	0.02508	0.08937	0.12732	0.08502	0.21240	0.01740	0.02482	0.01924	0.02433	0.02498	0.02818	0.10120	0.01522	0.06752	0.00356	0.01211	0.00809	0.00479	0.00977
1	0.01722	0.01430	0.01404	0.08323	0.01944	0.10263	0.01028	0.01947	0.01894	0.08962	0.04944	0.11189	0.26745	0.12713	0.01483	0.00367	0.00763	0.01373	0.00681	0.00824
2	0.01235	0.00773	0.00927	0.01023	0.01115	0.00742	0.00689	0.01406	0.01605	0.02339	0.03920	0.36040	0.07066	0.11759	0.01524	0.04218	0.00524	0.01695	0.20723	0.00679
3	0.01432	0.01152	0.01431	0.01418	0.01571	0.01306	0.01040	0.02109	0.15702	0.02373	0.03349	0.27203	0.03519	0.12344	0.12238	0.00568	0.08230	0.01492	0.00670	0.00854
4	0.01261	0.01243	0.07129	0.13139	0.02274	0.01068	0.01290	0.01558	0.01624	0.02170	0.03501	0.35743	0.03946	0.13016	0.01551	0.00409	0.00756	0.06921	0.00633	0.00767
5	0.09190	0.02049	0.01954	0.06309	0.02372	0.12236	0.01353	0.22586	0.02665	0.09151	0.03145	0.10061	0.10754	0.01304	0.00856	0.00267	0.00884	0.01033	0.00725	0.01106
6	0.02677	0.07566	0.02686	0.02376	0.09197	0.24461	0.01739	0.17454	0.02455	0.02955	0.01531	0.01861	0.01266	0.01279	0.04490	0.00315	0.13372	0.00672	0.00523	0.01126
7	0.08784	0.01929	0.07931	0.05292	0.02523	0.08484	0.09850	0.02520	0.02029	0.11770	0.16428	0.03260	0.03006	0.01845	0.10201	0.00421	0.01121	0.00948	0.00641	0.01017

[dist]
# distance from previous block
# <min> <max>
2	4

[block]
# block no. 1 follows, 21 sequences, length 34
# corresponding to MSA columns:
# 61-94
name=unknown_B
#
# <colnr> <probs for GDERKNQSTAVLIFYWHMCP>
#	G	D	E	R	K	N	Q	S	T	A	V	L	I	F	Y	W	H	M	C	P
0	0.04641	0.01536	0.01972	0.22095	0.10873	0.06116	0.01577	0.02248	0.01958	0.09741	0.06276	0.04193	0.20793	0.01293	0.00885	0.00272	0.00840	0.01088	0.00619	0.00982
1	0.05479	0.02697	0.09959	0.08740	0.12117	0.18218	0.01913	0.13991	0.02359	0.02990	0.02250	0.02490	0.07478	0.01032	0.00928	0.00260	0.04658	0.00781	0.00535	0.01125
2	0.21662	0.02562	0.13962	0.04251	0.02380	0.14642	0.01561	0.09162	0.02065	0.03236	0.01698	0.01953	0.01301	0.00878	0.00691	0.00243	0.00945	0.00621	0.15154	0.01033
3	0.01165	0.00843	0.01168	0.01228	0.01319	0.00905	0.00875	0.01364	0.01422	0.01973	0.03090	0.23916	0.03379	0.17489	0.34761	0.00952	0.01457	0.01433	0.00569	0.00692
4	0.06384	0.01342	0.01822	0.02041	0.13795	0.01286	0.01302	0.02655	0.06183	0.20932	0.08307	0.16566	0.10840	0.01491	0.00910	0.00282	0.00667	0.01294	0.00797	0.01106
5	0.01711	0.01569	0.02096	0.05210	0.22795	0.05334	0.01581	0.04558	0.05396	0.02579	0.03612	0.13823	0.14273	0.02067	0.09144	0.00414	0.00993	0.01231	0.00595	0.01019
6	0.01706	0.01578	0.02674	0.02095	0.02581	0.01559	0.22010	0.08600	0.02212	0.02974	0.15028	0.04586	0.14694	0.01749	0.05903	0.00368	0.03773	0.04272	0.00658	0.00978
7	0.02023	0.02119	0.04154	0.08964	0.31066	0.02076	0.31441	0.02636	0.01955	0.02710	0.01653	0.02210	0.01305	0.00745	0.00922	0.00272	0.01227	0.00878	0.00423	0.01221
8	0.01704	0.01562	0.02666	0.47088	0.13469	0.01807	0.06567	0.02255	0.01766	0.02410	0.01680	0.02348	0.01291	0.00844	0.00833	0.00270	0.01058	0.00779	0.08603	0.01000
9	0.01943	0.12028	0.05241	0.42446	0.04542	0.12451	0.02093	0.02417	0.01809	0.02147	0.01466	0.02047	0.01162	0.01069	0.03569	0.00304	0.01219	0.00681	0.00388	0.00978
10	0.23133	0.01256	0.01296	0.01220	0.01502	0.01377	0.00909	0.09450	0.01777	0.02984	0.02506	0.15913	0.02561	0.15297	0.10764	0.00539	0.00909	0.01112	0.04658	0.00836
11	0.01205	0.00817	0.00932	0.00953	0.00971	0.00806	0.00551	0.01231	0.01311	0.01736	0.03162	0.12701	0.06055	0.59725	0.03830	0.00749	0.00771	0.01392	0.00558	0.00544
12	0.01226	0.00820	0.00932	0.00944	0.00946	0.00817	0.00532	0.01234	0.01261	0.01681	0.02801	0.09390	0.03245	0.66065	0.04138	0.00796	0.00805	0.01308	0.00532	0.00526
13	0.01238	0.00825	0.00928	0.00928	0.00928	0.00825	0.00516	0.01238	0.01238	0.01650	0.02681	0.05569	0.03094	0.70092	0.04331	0.00825	0.00825	0.01238	0.00516	0.00516
14	0.02072	0.01987	0.03393	0.09479	0.60792	0.02013	0.02595	0.02582	0.01922	0.02739	0.01595	0.02117	0.01334	0.00765	0.00843	0.00255	0.01019	0.00758	0.00418	0.01321
15	0.02827	0.02949	0.02341	0.06872	0.02772	0.31564	0.01621	0.17425	0.17054	0.03213	0.02008	0.02095	0.01535	0.00975	0.00817	0.00249	0.01161	0.00712	0.00632	0.01177
16	0.01947	0.26922	0.34347	0.02228	0.03201	0.02505	0.09827	0.02622	0.01780	0.02433	0.01416	0.01713	0.01111	0.00797	0.00824	0.00246	0.03919	0.00620	0.00370	0.01173
17	0.02106	0.02022	0.03454	0.05223	0.64784	0.02022	0.02612	0.02612	0.01938	0.02780	0.01601	0.02106	0.01348	0.00758	0.00842	0.00253	0.01011	0.00758	0.00421	0.01348
18	0.03186	0.03835	0.02430	0.02161	0.02632	0.58224	0.01641	0.11126	0.02621	0.02516	0.01411	0.01602	0.01143	0.00896	0.00778	0.00224	0.01456	0.00577	0.00493	0.01047
19	0.02455	0.57391	0.04053	0.01602	0.02273	0.15938	0.01493	0.02717	0.01865	0.02018	0.01209	0.01399	0.01093	0.00758	0.00590	0.00189	0.01034	0.00474	0.00379	0.01071
20	0.01026	0.00869	0.00891	0.00902	0.01184	0.00733	0.00688	0.01252	0.01941	0.02313	0.08388	0.08270	0.61065	0.02166	0.01015	0.00293	0.00451	0.05040	0.00790	0.00722
21	0.01006	0.00862	0.00862	0.00862	0.01149	0.00718	0.00647	0.01221	0.01940	0.02299	0.08621	0.08190	0.64438	0.02155	0.01006	0.00287	0.00431	0.01796	0.00790	0.00718
22	0.02106	0.02022	0.03454	0.05223	0.64784	0.02022	0.02612	0.02612	0.01938	0.02780	0.01601	0.02106	0.01348	0.00758	0.00842	0.00253	0.01011	0.00758	0.00421	0.01348
23	0.03179	0.04056	0.02412	0.02192	0.02631	0.66676	0.01644	0.03398	0.02412	0.02083	0.01315	0.01535	0.01096	0.00877	0.00767	0.00219	0.01535	0.00548	0.00438	0.00987
24	0.01707	0.04402	0.65683	0.02426	0.03683	0.01976	0.03144	0.02695	0.01797	0.02695	0.01527	0.01797	0.01078	0.00809	0.00809	0.00270	0.01258	0.00629	0.00359	0.01258
25	0.01046	0.00875	0.00918	0.00940	0.01217	0.00747	0.00727	0.01281	0.01942	0.02326	0.08167	0.08346	0.57867	0.02177	0.01025	0.00299	0.00470	0.08115	0.00790	0.00726
26	0.01845	0.20456	0.50836	0.02190	0.03320	0.02314	0.02735	0.02659	0.01780	0.02527	0.01444	0.01692	0.01081	0.00789	0.00745	0.00248	0.01173	0.00587	0.00360	0.01218
27	0.01780	0.12968	0.57761	0.02300	0.03489	0.02156	0.02926	0.02676	0.01788	0.02605	0.01483	0.01741	0.01080	0.00798	0.00775	0.00258	0.01213	0.00606	0.00360	0.01236
28	0.01006	0.00862	0.00862	0.00862	0.01149	0.00718	0.00647	0.01221	0.01940	0.02299	0.08621	0.08190	0.64438	0.02155	0.01006	0.00287	0.00431	0.01796	0.00790	0.00718
29	0.01037	0.00741	0.00987	0.01185	0.01234	0.00691	0.00790	0.01185	0.01629	0.02172	0.04690	0.69537	0.05629	0.02666	0.01086	0.00346	0.00494	0.02419	0.00790	0.00691
30	0.02106	0.02022	0.03454	0.05223	0.64784	0.02022	0.02612	0.02612	0.01938	0.02780	0.01601	0.02106	0.01348	0.00758	0.00842	0.00253	0.01011	0.00758	0.00421	0.01348
31	0.02008	0.01972	0.02687	0.15231	0.07854	0.09914	0.13201	0.02875	0.16380	0.02590	0.02195	0.02916	0.01815	0.01228	0.01168	0.08555	0.01057	0.04774	0.00541	0.01040
32	0.02150	0.22529	0.36541	0.02114	0.03066	0.14953	0.02388	0.02792	0.01898	0.02385	0.01391	0.01627	0.01085	0.00800	0.00728	0.00236	0.01216	0.00565	0.00376	0.01159
33	0.16789	0.15619	0.03079	0.02877	0.21754	0.17485	0.05835	0.02771	0.01919	0.02665	0.01381	0.01701	0.01153	0.00784	0.00717	0.00236	0.01075	0.00609	0.00435	0.01117

[dist]
# distance from previous block
# <min> <max>
0	1

[block]
# block no. 2 follows, 21 sequences, length 9
# corresponding to MSA columns:
# 96-104
name=unknown_C
#
# <colnr> <probs for GDERKNQSTAVLIFYWHMCP>
#	G	D	E	R	K	N	Q	S	T	A	V	L	I	F	Y	W	H	M	C	P
0	0.02060	0.26783	0.02732	0.01421	0.02039	0.02187	0.01237	0.09822	0.09326	0.02907	0.07110	0.02776	0.07884	0.01004	0.00718	0.00208	0.00739	0.00773	0.00598	0.17675
1	0.01735	0.01211	0.01528	0.01343	0.01694	0.01148	0.03578	0.06584	0.06925	0.09586	0.11864	0.18791	0.13608	0.08170	0.01265	0.00329	0.00630	0.01446	0.00780	0.07786
2	0.01604	0.01148	0.01369	0.01370	0.01621	0.01166	0.01072	0.13557	0.02234	0.03002	0.04383	0.28634	0.10700	0.02064	0.01013	0.00321	0.00641	0.16340	0.06883	0.00877
3	0.01778	0.08200	0.08703	0.09478	0.02575	0.01679	0.01638	0.02653	0.14750	0.05635	0.03010	0.04784	0.02774	0.01982	0.08066	0.00424	0.01023	0.19173	0.00646	0.01030
4	0.15743	0.02012	0.15611	0.02316	0.14815	0.01525	0.01790	0.02172	0.01796	0.02860	0.06343	0.14494	0.02908	0.01412	0.00880	0.00297	0.00837	0.10598	0.00580	0.01013
5	0.01843	0.01837	0.02564	0.20703	0.10207	0.08849	0.07543	0.02362	0.04597	0.02327	0.01915	0.02896	0.01682	0.01947	0.11961	0.00471	0.09650	0.05198	0.00460	0.00987
6	0.19477	0.02284	0.13104	0.08777	0.35143	0.01977	0.02281	0.02565	0.01780	0.02963	0.01483	0.01897	0.01186	0.00781	0.00763	0.00260	0.00978	0.00667	0.00433	0.01200
7	0.08932	0.09970	0.07909	0.03024	0.25008	0.01874	0.08325	0.02262	0.01695	0.02504	0.01663	0.05645	0.01503	0.01261	0.01259	0.13950	0.00954	0.00796	0.00431	0.01035
8	0.10341	0.02596	0.14453	0.01785	0.02415	0.12513	0.01646	0.13017	0.11164	0.06295	0.09983	0.02856	0.05163	0.01092	0.00822	0.00261	0.00931	0.00845	0.00671	0.01150

[dist]
# distance from previous block
# <min> <max>
17	35

[block]
# block no. 3 follows, 21 sequences, length 37
# corresponding to MSA columns:
# 141-177
name=unknown_D
#
# <colnr> <probs for GDERKNQSTAVLIFYWHMCP>
#	G	D	E	R	K	N	Q	S	T	A	V	L	I	F	Y	W	H	M	C	P
0	0.02299	0.02029	0.03002	0.09661	0.39058	0.02151	0.02229	0.15173	0.09769	0.03360	0.01911	0.02237	0.01501	0.00869	0.00848	0.00260	0.00965	0.00784	0.00561	0.01333
1	0.01918	0.01864	0.02905	0.35015	0.30866	0.04982	0.02391	0.02524	0.04585	0.02492	0.01628	0.02205	0.01290	0.00826	0.00844	0.00268	0.01079	0.00757	0.00421	0.01138
2	0.76103	0.01646	0.01251	0.01119	0.01646	0.01909	0.00922	0.02502	0.01448	0.03818	0.01185	0.01382	0.00922	0.00790	0.00527	0.00263	0.00658	0.00461	0.00527	0.00922
3	0.02161	0.02127	0.03401	0.05068	0.61588	0.05346	0.02562	0.02652	0.01962	0.02744	0.01586	0.02077	0.01335	0.00764	0.00839	0.00251	0.01038	0.00747	0.00422	0.01329
4	0.01191	0.00827	0.00920	0.00929	0.00978	0.00802	0.00550	0.01233	0.01370	0.01780	0.03740	0.08924	0.13188	0.55954	0.03642	0.00716	0.00746	0.01383	0.00573	0.00557
5	0.02106	0.02022	0.03454	0.05223	0.64784	0.02022	0.02612	0.02612	0.01938	0.02780	0.01601	0.02106	0.01348	0.00758	0.00842	0.00253	0.01011	0.00758	0.00421	0.01348
6	0.01607	0.01513	0.02552	0.68047	0.05861	0.01891	0.02363	0.02174	0.01702	0.02174	0.01513	0.02269	0.01134	0.00851	0.00851	0.00284	0.01134	0.00756	0.00378	0.00945
7	0.01037	0.00741	0.00987	0.01185	0.01234	0.00691	0.00790	0.01185	0.01629	0.02172	0.04690	0.69537	0.05629	0.02666	0.01086	0.00346	0.00494	0.02419	0.00790	0.00691
8	0.01185	0.00819	0.00927	0.00951	0.00993	0.00796	0.00565	0.01229	0.01372	0.01794	0.03661	0.13638	0.11007	0.53506	0.03526	0.00700	0.00736	0.01450	0.00583	0.00562
9	0.01009	0.00850	0.00875	0.00895	0.01158	0.00716	0.00661	0.01218	0.01908	0.02286	0.08218	0.14482	0.58407	0.02208	0.01014	0.00293	0.00437	0.01860	0.00790	0.00716
10	0.01238	0.00825	0.00928	0.00928	0.00928	0.00825	0.00516	0.01238	0.01238	0.01650	0.02681	0.05569	0.03094	0.70092	0.04331	0.00825	0.00825	0.01238	0.00516	0.00516
11	0.01030	0.00863	0.00895	0.00887	0.01164	0.00729	0.00666	0.01268	0.01997	0.02434	0.15365	0.07968	0.57610	0.02105	0.01006	0.00285	0.00427	0.01765	0.00808	0.00729
12	0.24469	0.01658	0.01827	0.01477	0.02079	0.01703	0.01209	0.10434	0.09408	0.33392	0.02588	0.02392	0.01744	0.00985	0.00761	0.00265	0.00724	0.00743	0.00856	0.01284
13	0.01238	0.00825	0.00928	0.00928	0.00928	0.00825	0.00516	0.01238	0.01238	0.01650	0.02681	0.05569	0.03094	0.70092	0.04331	0.00825	0.00825	0.01238	0.00516	0.00516
14	0.02009	0.02296	0.05022	0.03587	0.04448	0.02152	0.61693	0.02726	0.02009	0.02726	0.01722	0.02296	0.01291	0.00717	0.01004	0.00287	0.01435	0.01004	0.00430	0.01148
15	0.03235	0.02384	0.02554	0.01958	0.02639	0.02639	0.01618	0.61946	0.04001	0.05363	0.02043	0.02043	0.01447	0.01022	0.00851	0.00255	0.00936	0.00766	0.00851	0.01447
16	0.01030	0.00863	0.00896	0.00888	0.01165	0.00729	0.00666	0.01269	0.01998	0.02437	0.15529	0.07963	0.57444	0.02104	0.01006	0.00285	0.00427	0.01764	0.00808	0.00729
17	0.01765	0.01513	0.01765	0.01260	0.02017	0.01134	0.01008	0.02143	0.01765	0.02773	0.01513	0.01765	0.01260	0.00630	0.00630	0.00126	0.00630	0.00504	0.00504	0.75295
18	0.01006	0.00862	0.00862	0.00862	0.01149	0.00718	0.00647	0.01221	0.01940	0.02299	0.08621	0.08190	0.64438	0.02155	0.01006	0.00287	0.00431	0.01796	0.00790	0.00718
19	0.01061	0.00864	0.00939	0.00920	0.01183	0.00742	0.00690	0.01329	0.02070	0.02609	0.24149	0.07679	0.48717	0.02039	0.01005	0.00282	0.00423	0.01724	0.00831	0.00742
20	0.55034	0.01544	0.01380	0.01184	0.01718	0.01687	0.00972	0.02830	0.01690	0.17384	0.01774	0.01839	0.01270	0.00862	0.00604	0.00259	0.00655	0.00571	0.05714	0.01029
21	0.01035	0.00747	0.00980	0.01167	0.01230	0.00693	0.00782	0.01187	0.01647	0.02179	0.04910	0.66112	0.08912	0.02638	0.01082	0.00342	0.00490	0.02384	0.00790	0.00693
22	0.01371	0.00980	0.01371	0.01567	0.01763	0.00980	0.01371	0.01763	0.01959	0.02547	0.04506	0.09599	0.04898	0.02351	0.01175	0.00392	0.00784	0.59056	0.00784	0.00784
23	0.01216	0.00912	0.01368	0.01368	0.01520	0.01064	0.01064	0.01520	0.01368	0.01976	0.02279	0.03343	0.02127	0.06382	0.66720	0.01368	0.02279	0.00912	0.00456	0.00760
24	0.01037	0.00741	0.00987	0.01185	0.01234	0.00691	0.00790	0.01185	0.01629	0.02172	0.04690	0.69537	0.05629	0.02666	0.01086	0.00346	0.00494	0.02419	0.00790	0.00691
25	0.01238	0.00825	0.00928	0.00928	0.00928	0.00825	0.00516	0.01238	0.01238	0.01650	0.02681	0.05569	0.03094	0.70092	0.04331	0.00825	0.00825	0.01238	0.00516	0.00516
26	0.02106	0.02022	0.03454	0.05223	0.64784	0.02022	0.02612	0.02612	0.01938	0.02780	0.01601	0.02106	0.01348	0.00758	0.00842	0.00253	0.01011	0.00758	0.00421	0.01348
27	0.01216	0.00912	0.01368	0.01368	0.01520	0.01064	0.01064	0.01520	0.01368	0.01976	0.02279	0.03343	0.02127	0.06382	0.66720	0.01368	0.02279	0.00912	0.00456	0.00760
28	0.01054	0.00849	0.00939	0.00949	0.01187	0.00734	0.00699	0.01303	0.02006	0.02532	0.20591	0.15387	0.44534	0.02126	0.01015	0.00290	0.00432	0.01816	0.00823	0.00734
29	0.01707	0.04402	0.65683	0.02426	0.03683	0.01976	0.03144	0.02695	0.01797	0.02695	0.01527	0.01797	0.01078	0.00809	0.00809	0.00270	0.01258	0.00629	0.00359	0.01258
30	0.02296	0.23232	0.30221	0.02023	0.02955	0.05564	0.02227	0.16425	0.02317	0.03083	0.01537	0.01716	0.01169	0.00838	0.00740	0.00238	0.01095	0.00606	0.00479	0.01241
31	0.01394	0.01070	0.04115	0.01151	0.01436	0.00882	0.00931	0.01807	0.02356	0.07546	0.54139	0.06018	0.10525	0.01674	0.00985	0.00269	0.00464	0.01466	0.00910	0.00863
32	0.02106	0.02022	0.03454	0.05223	0.64784	0.02022	0.02612	0.02612	0.01938	0.02780	0.01601	0.02106	0.01348	0.00758	0.00842	0.00253	0.01011	0.00758	0.00421	0.01348
33	0.01037	0.00741	0.00987	0.01185	0.01234	0.00691	0.00790	0.01185	0.01629	0.02172	0.04690	0.69537	0.05629	0.02666	0.01086	0.00346	0.00494	0.02419	0.00790	0.00691
34	0.03516	0.02069	0.02230	0.01913	0.05897	0.12268	0.01456	0.13802	0.02671	0.41176	0.02698	0.02482	0.01785	0.01002	0.00840	0.00254	0.00910	0.00784	0.00882	0.01367
35	0.01707	0.04402	0.65683	0.02426	0.03683	0.01976	0.03144	0.02695	0.01797	0.02695	0.01527	0.01797	0.01078	0.00809	0.00809	0.00270	0.01258	0.00629	0.00359	0.01258
36	0.01077	0.00770	0.01034	0.01231	0.01298	0.00726	0.00860	0.01255	0.01669	0.02218	0.04668	0.62281	0.05540	0.02628	0.01097	0.00351	0.00529	0.09275	0.00789	0.00702

[dist]
# distance from previous block
# <min> <max>
0	1

[block]
# block no. 4 follows, 21 sequences, length 61
# corresponding to MSA columns:
# 179-239
name=unknown_E
#
# <colnr> <probs for GDERKNQSTAVLIFYWHMCP>
#	G	D	E	R	K	N	Q	S	T	A	V	L	I	F	Y	W	H	M	C	P
0	0.03104	0.03899	0.02377	0.02160	0.02601	0.62117	0.01623	0.03478	0.06707	0.02187	0.01467	0.01650	0.01202	0.00897	0.00774	0.00224	0.01474	0.00577	0.00469	0.01012
1	0.01198	0.00857	0.01160	0.01188	0.01272	0.00928	0.00833	0.01374	0.01359	0.01889	0.02759	0.13428	0.02959	0.28225	0.35594	0.01034	0.01518	0.01238	0.00524	0.00664
2	0.02742	0.02180	0.02594	0.02580	0.15372	0.02390	0.01760	0.36364	0.17329	0.04411	0.02282	0.02319	0.01694	0.00998	0.00853	0.00263	0.00891	0.00810	0.00766	0.01403
3	0.01238	0.00825	0.00928	0.00928	0.00928	0.00825	0.00516	0.01238	0.01238	0.01650	0.02681	0.05569	0.03094	0.70092	0.04331	0.00825	0.00825	0.01238	0.00516	0.00516
4	0.02147	0.35590	0.29408	0.01941	0.02853	0.10194	0.02173	0.02708	0.01837	0.02297	0.01340	0.01562	0.01087	0.00779	0.00680	0.00222	0.01126	0.00537	0.00371	0.01148
5	0.02876	0.02205	0.02352	0.01885	0.02502	0.02471	0.01531	0.43518	0.23014	0.04785	0.02499	0.02406	0.01816	0.01064	0.00856	0.00266	0.00852	0.00829	0.00856	0.01415
6	0.03235	0.02384	0.02554	0.01958	0.02639	0.02639	0.01618	0.61946	0.04001	0.05363	0.02043	0.02043	0.01447	0.01022	0.00851	0.00255	0.00936	0.00766	0.00851	0.01447
7	0.01979	0.36080	0.36387	0.01962	0.02966	0.02642	0.02336	0.02625	0.01764	0.02364	0.01363	0.01590	0.01085	0.00770	0.00683	0.00228	0.01091	0.00546	0.00362	0.01178
8	0.02207	0.62667	0.11800	0.01572	0.02364	0.03201	0.01659	0.02566	0.01737	0.02085	0.01224	0.01417	0.01090	0.00738	0.00578	0.00193	0.00952	0.00476	0.00363	0.01112
9	0.01015	0.00862	0.00875	0.00872	0.01155	0.00722	0.00654	0.01240	0.01962	0.02353	0.11306	0.08102	0.61720	0.02135	0.01006	0.00286	0.00430	0.01784	0.00797	0.00722
10	0.01044	0.00864	0.00915	0.00902	0.01173	0.00735	0.00676	0.01295	0.02029	0.02511	0.19235	0.07841	0.53692	0.02076	0.01005	0.00284	0.00425	0.01747	0.00818	0.00735
11	0.02712	0.03199	0.02775	0.07492	0.23985	0.40482	0.02020	0.03051	0.02204	0.02326	0.01425	0.01777	0.01184	0.00835	0.00798	0.00235	0.01331	0.00633	0.00429	0.01107
12	0.01707	0.04402	0.65683	0.02426	0.03683	0.01976	0.03144	0.02695	0.01797	0.02695	0.01527	0.01797	0.01078	0.00809	0.00809	0.00270	0.01258	0.00629	0.00359	0.01258
13	0.02832	0.01615	0.01910	0.01604	0.02151	0.01670	0.01279	0.04220	0.33350	0.31074	0.06239	0.03199	0.02631	0.01137	0.00868	0.00276	0.00683	0.00942	0.00953	0.01367
14	0.01068	0.00860	0.00958	0.01025	0.01230	0.00771	0.00733	0.01357	0.04601	0.02308	0.06886	0.31386	0.39179	0.02305	0.01030	0.00310	0.00466	0.01996	0.00794	0.00737
15	0.02082	0.02165	0.07197	0.05055	0.61109	0.02019	0.02644	0.02617	0.01929	0.02775	0.01596	0.02088	0.01332	0.00761	0.00840	0.00254	0.01026	0.00750	0.00418	0.01343
16	0.01037	0.00741	0.00987	0.01185	0.01234	0.00691	0.00790	0.01185	0.01629	0.02172	0.04690	0.69537	0.05629	0.02666	0.01086	0.00346	0.00494	0.02419	0.00790	0.00691
17	0.01006	0.00862	0.00862	0.00862	0.01149	0.00718	0.00647	0.01221	0.01940	0.02299	0.08621	0.08190	0.64438	0.02155	0.01006	0.00287	0.00431	0.01796	0.00790	0.00718
18	0.02311	0.11488	0.19222	0.11585	0.09267	0.23964	0.05380	0.02837	0.02007	0.02344	0.01430	0.01777	0.01130	0.00818	0.00783	0.00243	0.01279	0.00630	0.00399	0.01106
19	0.61047	0.01490	0.01228	0.01109	0.01571	0.01687	0.00898	0.02322	0.01641	0.03737	0.13879	0.02382	0.02350	0.00981	0.00623	0.00264	0.00607	0.00678	0.00609	0.00898
20	0.03070	0.12869	0.02745	0.02013	0.02571	0.37071	0.01609	0.22211	0.02830	0.03132	0.01532	0.01675	0.01209	0.00903	0.00763	0.00226	0.01253	0.00606	0.00562	0.01150
21	0.03009	0.02096	0.02326	0.01765	0.02458	0.02170	0.01451	0.42995	0.03364	0.12037	0.02094	0.02089	0.01489	0.00947	0.00807	0.00230	0.00849	0.00724	0.00806	0.16292
22	0.01885	0.01757	0.02945	0.04390	0.51662	0.01747	0.02236	0.02317	0.01874	0.02655	0.02239	0.16030	0.02232	0.01152	0.00893	0.00272	0.00904	0.01101	0.00497	0.01212
23	0.01586	0.00793	0.00793	0.00793	0.00991	0.00793	0.00595	0.01983	0.01785	0.03173	0.02776	0.03173	0.02181	0.00991	0.00595	0.00198	0.00397	0.00793	0.74817	0.00793
24	0.01233	0.00842	0.01017	0.01017	0.01047	0.00873	0.00626	0.01294	0.01264	0.01716	0.02601	0.05122	0.02900	0.57285	0.16873	0.00934	0.01117	0.01172	0.00504	0.00565
25	0.01586	0.00793	0.00793	0.00793	0.00991	0.00793	0.00595	0.01983	0.01785	0.03173	0.02776	0.03173	0.02181	0.00991	0.00595	0.00198	0.00397	0.00793	0.74817	0.00793
26	0.01313	0.00880	0.01126	0.01218	0.01406	0.00810	0.00926	0.01559	0.01874	0.06816	0.08599	0.33745	0.18592	0.02315	0.01068	0.00333	0.00558	0.15270	0.00815	0.00778
27	0.01216	0.00912	0.01368	0.01368	0.01520	0.01064	0.01064	0.01520	0.01368	0.01976	0.02279	0.03343	0.02127	0.06382	0.66720	0.01368	0.02279	0.00912	0.00456	0.00760
28	0.01965	0.01458	0.01737	0.10743	0.02255	0.01592	0.01193	0.22372	0.02364	0.03163	0.06771	0.07789	0.02750	0.27609	0.02209	0.00484	0.00857	0.01099	0.00659	0.00929
29	0.02302	0.17467	0.21075	0.10101	0.03354	0.22833	0.06359	0.02828	0.01982	0.02297	0.01401	0.01716	0.01109	0.00812	0.00760	0.00238	0.01272	0.00609	0.00393	0.01092
30	0.19822	0.02954	0.02420	0.02751	0.18974	0.34402	0.01734	0.02980	0.02062	0.02672	0.01361	0.01652	0.01123	0.00825	0.00731	0.00238	0.01192	0.00584	0.00454	0.01068
31	0.02917	0.13390	0.08541	0.02111	0.02666	0.51851	0.01757	0.03214	0.02259	0.02128	0.01316	0.01535	0.01094	0.00850	0.00740	0.00219	0.01422	0.00543	0.00421	0.01026
32	0.01638	0.03426	0.45265	0.02282	0.03275	0.01755	0.09504	0.02474	0.01948	0.02847	0.14519	0.02797	0.02538	0.00990	0.00872	0.00271	0.01102	0.00861	0.00487	0.01151
33	0.01050	0.00876	0.00923	0.00947	0.01223	0.00750	0.00733	0.01286	0.01942	0.02329	0.08128	0.08359	0.57300	0.02179	0.01026	0.00300	0.00473	0.08661	0.00789	0.00726
34	0.02780	0.03321	0.02723	0.03060	0.20324	0.43718	0.01935	0.03079	0.02198	0.02279	0.01383	0.01721	0.01169	0.00886	0.00932	0.00240	0.06116	0.00622	0.00429	0.01086
35	0.02117	0.01828	0.01924	0.01732	0.02213	0.02117	0.01347	0.04522	0.63246	0.03560	0.03464	0.03175	0.02598	0.01155	0.00866	0.00289	0.00673	0.00962	0.00866	0.01347
36	0.01231	0.00834	0.00971	0.00958	0.00999	0.00820	0.00575	0.01314	0.01479	0.02014	0.15412	0.05732	0.04113	0.55979	0.03644	0.00710	0.00738	0.01300	0.00603	0.00575
37	0.01229	0.00859	0.01101	0.01101	0.01161	0.00919	0.00732	0.01349	0.01289	0.01778	0.02523	0.04692	0.02713	0.44993	0.28911	0.01039	0.01398	0.01109	0.00492	0.00612
38	0.01052	0.00864	0.00926	0.00911	0.01178	0.00738	0.00683	0.01311	0.02049	0.02557	0.21555	0.07764	0.51343	0.02059	0.01005	0.00283	0.00424	0.01736	0.00824	0.00738
39	0.02091	0.49197	0.24257	0.01770	0.02669	0.02918	0.02002	0.02596	0.01751	0.02226	0.01294	0.01505	0.01088	0.00754	0.00631	0.00210	0.01022	0.00511	0.00363	0.01146
40	0.01765	0.01513	0.01765	0.01260	0.02017	0.01134	0.01008	0.02143	0.01765	0.02773	0.01513	0.01765	0.01260	0.00630	0.00630	0.00126	0.00630	0.00504	0.00504	0.75295
41	0.01037	0.00741	0.00987	0.01185	0.01234	0.00691	0.00790	0.01185	0.01629	0.02172	0.04690	0.69537	0.05629	0.02666	0.01086	0.00346	0.00494	0.02419	0.00790	0.00691
42	0.24818	0.06119	0.01967	0.01649	0.02086	0.26673	0.01297	0.06225	0.01970	0.02780	0.01506	0.01874	0.01272	0.01958	0.13946	0.00464	0.01350	0.00603	0.00490	0.00955
43	0.01765	0.01513	0.01765	0.01260	0.02017	0.01134	0.01008	0.02143	0.01765	0.02773	0.01513	0.01765	0.01260	0.00630	0.00630	0.00126	0.00630	0.00504	0.00504	0.75295
44	0.01743	0.04149	0.58410	0.02565	0.03775	0.01997	0.10164	0.02699	0.01822	0.02699	0.01551	0.01857	0.01104	0.00798	0.00832	0.00272	0.01279	0.00674	0.00368	0.01245
45	0.02509	0.17968	0.23731	0.02094	0.02885	0.26382	0.02097	0.08180	0.02207	0.02559	0.01422	0.01631	0.01120	0.00836	0.00742	0.00231	0.01259	0.00575	0.00433	0.01139
46	0.03152	0.01994	0.02217	0.01722	0.02339	0.02124	0.01415	0.42601	0.03404	0.17484	0.02405	0.02359	0.01674	0.01024	0.00821	0.00250	0.00826	0.00788	0.10034	0.01367
47	0.01707	0.04402	0.65683	0.02426	0.03683	0.01976	0.03144	0.02695	0.01797	0.02695	0.01527	0.01797	0.01078	0.00809	0.00809	0.00270	0.01258	0.00629	0.00359	0.01258
48	0.01097	0.00872	0.00989	0.00979	0.01231	0.00764	0.00747	0.01388	0.02101	0.02696	0.27400	0.07655	0.41296	0.02026	0.01016	0.00287	0.00444	0.05419	0.00840	0.00752
49	0.03179	0.04056	0.02412	0.02192	0.02631	0.66676	0.01644	0.03398	0.02412	0.02083	0.01315	0.01535	0.01096	0.00877	0.00767	0.00219	0.01535	0.00548	0.00438	0.00987
50	0.01216	0.00912	0.01368	0.01368	0.01520	0.01064	0.01064	0.01520	0.01368	0.01976	0.02279	0.03343	0.02127	0.06382	0.66720	0.01368	0.02279	0.00912	0.00456	0.00760
51	0.05928	0.04246	0.62027	0.02351	0.03568	0.01973	0.03018	0.02684	0.01777	0.02759	0.01508	0.01773	0.01069	0.00807	0.00793	0.00269	0.01224	0.00619	0.00369	0.01239
52	0.01862	0.01795	0.02893	0.18267	0.03626	0.05342	0.20816	0.02458	0.05173	0.05538	0.02925	0.05894	0.10711	0.01079	0.00908	0.00269	0.01034	0.01036	0.00545	0.07825
53	0.34612	0.02072	0.05447	0.01921	0.10201	0.09923	0.01398	0.02598	0.01733	0.06080	0.01506	0.01795	0.01202	0.01239	0.05942	0.00329	0.00979	0.00581	0.00509	0.09934
54	0.15841	0.01976	0.04906	0.01437	0.01858	0.14793	0.01168	0.06450	0.02126	0.05747	0.10865	0.11481	0.15227	0.01445	0.00848	0.00269	0.00798	0.01154	0.00679	0.00932
55	0.02509	0.02421	0.10020	0.03177	0.27209	0.12157	0.02046	0.05338	0.02220	0.14525	0.08053	0.02541	0.02078	0.00945	0.00845	0.00253	0.01007	0.00805	0.00603	0.01249
56	0.07528	0.18984	0.11300	0.06203	0.03125	0.15405	0.13859	0.05582	0.01995	0.02554	0.01419	0.01757	0.01140	0.00835	0.00875	0.00248	0.05018	0.00656	0.00428	0.01090
57	0.01909	0.06943	0.13023	0.02342	0.14817	0.01832	0.01765	0.02989	0.20552	0.05865	0.03659	0.03620	0.14728	0.01188	0.00857	0.00269	0.00810	0.00996	0.00648	0.01189
58	0.02675	0.10010	0.16112	0.01999	0.05394	0.09506	0.01810	0.03584	0.15335	0.21369	0.02431	0.02358	0.01728	0.00953	0.00803	0.00256	0.00956	0.00746	0.00688	0.01288
59	0.12971	0.11993	0.10405	0.09566	0.06341	0.09889	0.06061	0.17301	0.02366	0.03295	0.01550	0.01813	0.01187	0.00851	0.00758	0.00249	0.01063	0.00653	0.00525	0.01164
60	0.02583	0.02032	0.02017	0.01856	0.05429	0.14657	0.01374	0.15047	0.05460	0.14677	0.09866	0.07591	0.02712	0.01820	0.08569	0.00389	0.01071	0.00974	0.00743	0.01134

[dist]
# distance from previous block
# <min> <max>
15	99

[block]
# block no. 5 follows, 21 sequences, length 32
# corresponding to MSA columns:
# 341-372
name=unknown_F
#
# <colnr> <probs for GDERKNQSTAVLIFYWHMCP>
#	G	D	E	R	K	N	Q	S	T	A	V	L	I	F	Y	W	H	M	C	P
0	0.02416	0.02317	0.06020	0.02037	0.05167	0.12707	0.07578	0.14418	0.05208	0.07656	0.02413	0.05166	0.05581	0.01008	0.00824	0.00234	0.00968	0.00838	0.00628	0.16816
1	0.07907	0.02484	0.02156	0.01902	0.05877	0.21998	0.01407	0.11355	0.05336	0.05750	0.01684	0.01843	0.01319	0.00826	0.00731	0.00205	0.00987	0.00605	0.00572	0.25057
2	0.05918	0.02399	0.07422	0.12292	0.07274	0.13284	0.13664	0.02633	0.04660	0.02522	0.01793	0.02212	0.03455	0.00949	0.01105	0.00270	0.10472	0.00770	0.00453	0.06453
3	0.02128	0.08811	0.02217	0.05872	0.02244	0.11649	0.01409	0.02390	0.01836	0.10331	0.02960	0.05906	0.12185	0.01549	0.04155	0.00324	0.17474	0.00943	0.00569	0.05049
4	0.14639	0.02391	0.20957	0.01696	0.02449	0.01659	0.01713	0.05489	0.08137	0.12130	0.02266	0.08765	0.01849	0.01045	0.00778	0.00257	0.00842	0.00834	0.00624	0.11478
5	0.04755	0.11195	0.02602	0.11428	0.13012	0.08500	0.01671	0.07135	0.13603	0.02868	0.02209	0.02404	0.04589	0.00928	0.00774	0.00238	0.00912	0.00746	0.00556	0.09876
6	0.02153	0.06454	0.26870	0.06793	0.03101	0.02159	0.02167	0.18067	0.12467	0.03429	0.02305	0.02581	0.03757	0.01017	0.00837	0.00270	0.01008	0.02710	0.00600	0.01255
7	0.10970	0.09507	0.19595	0.02337	0.08919	0.24397	0.02030	0.05094	0.04858	0.02695	0.01498	0.01722	0.01177	0.00841	0.00746	0.00242	0.01190	0.00599	0.00453	0.01130
8	0.02756	0.02910	0.02957	0.02479	0.05708	0.28051	0.14329	0.18922	0.02735	0.03233	0.06158	0.02207	0.01744	0.00939	0.00861	0.00248	0.01247	0.00785	0.00584	0.01148
9	0.05927	0.02351	0.12130	0.02933	0.21888	0.02115	0.02054	0.16757	0.14737	0.03564	0.02207	0.02635	0.01756	0.00996	0.00847	0.00271	0.00933	0.03964	0.00627	0.01305
10	0.19878	0.24328	0.15557	0.01971	0.06952	0.13703	0.01784	0.02720	0.01810	0.02644	0.01306	0.01539	0.01068	0.00787	0.00654	0.00231	0.01036	0.00529	0.00419	0.01085
11	0.02773	0.24311	0.03066	0.01791	0.02436	0.09167	0.01532	0.29460	0.11014	0.03721	0.01885	0.01926	0.01452	0.00931	0.00747	0.00233	0.00952	0.00671	0.00656	0.01274
12	0.01018	0.00815	0.00911	0.00988	0.01183	0.00708	0.00702	0.01207	0.01819	0.02250	0.07089	0.32103	0.41514	0.02354	0.01037	0.00310	0.00455	0.02039	0.00790	0.00708
13	0.02005	0.02554	0.17934	0.03274	0.24099	0.02055	0.08322	0.03255	0.21534	0.03004	0.02192	0.02394	0.01678	0.00893	0.00858	0.00272	0.01005	0.00818	0.00550	0.01306
14	0.02687	0.11528	0.03088	0.03139	0.25092	0.19824	0.01964	0.16938	0.02530	0.03106	0.01575	0.01841	0.01270	0.00849	0.00786	0.00235	0.01122	0.00664	0.00521	0.01241
15	0.01040	0.00777	0.00952	0.01087	0.01195	0.00706	0.00737	0.01197	0.01687	0.02175	0.05584	0.50142	0.20569	0.06391	0.01251	0.00358	0.00497	0.02192	0.00774	0.00688
16	0.01075	0.00799	0.00981	0.01068	0.01199	0.00728	0.00738	0.01275	0.01818	0.02393	0.16444	0.38673	0.19882	0.07276	0.01288	0.00352	0.00486	0.02023	0.00797	0.00705
17	0.01343	0.01307	0.05303	0.01788	0.02103	0.01218	0.12370	0.01719	0.01576	0.02203	0.02755	0.20048	0.02815	0.04086	0.34233	0.00847	0.01611	0.01301	0.00532	0.00840
18	0.03336	0.02221	0.02453	0.01881	0.02558	0.02398	0.01554	0.51917	0.03730	0.15776	0.02271	0.02191	0.01562	0.01027	0.00852	0.00257	0.00900	0.00782	0.00886	0.01447
19	0.01051	0.00784	0.00983	0.01136	0.01249	0.00716	0.00794	0.01230	0.01721	0.02225	0.05576	0.51718	0.19012	0.02529	0.01074	0.00335	0.00498	0.05877	0.00790	0.00703
20	0.03113	0.08894	0.02560	0.02139	0.02598	0.62074	0.01631	0.03336	0.02362	0.02077	0.01306	0.01522	0.01096	0.00866	0.00751	0.00217	0.01489	0.00541	0.00433	0.00994
21	0.02048	0.02115	0.07523	0.08183	0.41739	0.02033	0.02333	0.03045	0.16504	0.02921	0.02033	0.02349	0.01612	0.00862	0.00846	0.00264	0.00956	0.00797	0.00520	0.01316
22	0.01944	0.01627	0.01859	0.01368	0.02096	0.01363	0.01097	0.08576	0.06468	0.03101	0.01710	0.01896	0.01377	0.00709	0.00671	0.00151	0.00665	0.00565	0.00567	0.62188
23	0.01094	0.00827	0.01001	0.01123	0.01246	0.00775	0.00769	0.01361	0.04719	0.02241	0.05427	0.48591	0.18918	0.06172	0.01235	0.00356	0.00506	0.02139	0.00779	0.00720
24	0.01282	0.00948	0.01247	0.01386	0.01602	0.00913	0.01182	0.01636	0.01978	0.02538	0.08555	0.09119	0.18174	0.02276	0.01129	0.00362	0.00686	0.43424	0.00793	0.00770
25	0.01981	0.02213	0.04560	0.03328	0.04025	0.02239	0.50259	0.02596	0.01874	0.02596	0.01606	0.02213	0.01258	0.00865	0.01346	0.00303	0.14257	0.00955	0.00419	0.01106
26	0.01974	0.02359	0.13856	0.12853	0.46857	0.01997	0.02670	0.02569	0.01883	0.02688	0.01577	0.02075	0.01275	0.00779	0.00838	0.00260	0.01069	0.00736	0.00405	0.01281
27	0.01740	0.01041	0.01338	0.01233	0.01541	0.00970	0.00975	0.02213	0.05480	0.14710	0.36321	0.06162	0.11829	0.01704	0.00992	0.00286	0.00530	0.09074	0.00920	0.00940
28	0.01371	0.00980	0.01371	0.01567	0.01763	0.00980	0.01371	0.01763	0.01959	0.02547	0.04506	0.09599	0.04898	0.02351	0.01175	0.00392	0.00784	0.59056	0.00784	0.00784
29	0.15491	0.02406	0.02029	0.09086	0.05801	0.22581	0.01465	0.12986	0.02310	0.03187	0.01702	0.01983	0.01327	0.00897	0.00724	0.00239	0.01013	0.00646	0.13090	0.01037
30	0.01722	0.01255	0.01493	0.01328	0.01632	0.01277	0.01019	0.17733	0.02708	0.03732	0.37778	0.15619	0.05867	0.01700	0.00976	0.00277	0.00560	0.01477	0.00890	0.00957
31	0.02106	0.02022	0.03454	0.05223	0.64784	0.02022	0.02612	0.02612	0.01938	0.02780	0.01601	0.02106	0.01348	0.00758	0.00842	0.00253	0.01011	0.00758	0.00421	0.01348

[dist]
# distance from previous block
# <min> <max>
0	1

[block]
# block no. 6 follows, 21 sequences, length 27
# corresponding to MSA columns:
# 374-400
name=unknown_G
#
# <colnr> <probs for GDERKNQSTAVLIFYWHMCP>
#	G	D	E	R	K	N	Q	S	T	A	V	L	I	F	Y	W	H	M	C	P
0	0.19497	0.02219	0.02263	0.01771	0.02417	0.02476	0.01462	0.48680	0.03431	0.05018	0.01852	0.01896	0.01330	0.00970	0.00779	0.00257	0.00874	0.00698	0.00779	0.01330
1	0.02703	0.02184	0.02348	0.08422	0.02808	0.06022	0.01551	0.37076	0.05927	0.04213	0.01899	0.02028	0.01408	0.00918	0.00800	0.00230	0.00914	0.00705	0.00706	0.17135
2	0.01920	0.01549	0.01941	0.15034	0.02823	0.01745	0.01562	0.12227	0.20030	0.03277	0.07512	0.04823	0.03148	0.01446	0.00956	0.00309	0.00819	0.17043	0.00748	0.01087
3	0.11090	0.04054	0.57557	0.02261	0.03426	0.01968	0.02864	0.02671	0.01753	0.02837	0.01484	0.01744	0.01058	0.00806	0.00773	0.00269	0.01182	0.00608	0.00380	0.01215
4	0.01126	0.00791	0.01006	0.01093	0.01163	0.00751	0.00722	0.01293	0.01702	0.02314	0.17479	0.38832	0.05506	0.19963	0.01910	0.00453	0.00559	0.01916	0.00752	0.00671
5	0.01765	0.01513	0.01765	0.01260	0.02017	0.01134	0.01008	0.02143	0.01765	0.02773	0.01513	0.01765	0.01260	0.00630	0.00630	0.00126	0.00630	0.00504	0.00504	0.75295
6	0.01037	0.00741	0.00987	0.01185	0.01234	0.00691	0.00790	0.01185	0.01629	0.02172	0.04690	0.69537	0.05629	0.02666	0.01086	0.00346	0.00494	0.02419	0.00790	0.00691
7	0.03179	0.04056	0.02412	0.02192	0.02631	0.66676	0.01644	0.03398	0.02412	0.02083	0.01315	0.01535	0.01096	0.00877	0.00767	0.00219	0.01535	0.00548	0.00438	0.00987
8	0.01216	0.00912	0.01368	0.01368	0.01520	0.01064	0.01064	0.01520	0.01368	0.01976	0.02279	0.03343	0.02127	0.06382	0.66720	0.01368	0.02279	0.00912	0.00456	0.00760
9	0.01121	0.00801	0.01082	0.01264	0.01354	0.00762	0.00920	0.01338	0.01748	0.02328	0.08117	0.52487	0.05605	0.02542	0.01101	0.00351	0.00553	0.15007	0.00797	0.00718
10	0.01216	0.00912	0.01368	0.01368	0.01520	0.01064	0.01064	0.01520	0.01368	0.01976	0.02279	0.03343	0.02127	0.06382	0.66720	0.01368	0.02279	0.00912	0.00456	0.00760
11	0.01238	0.00825	0.00928	0.00928	0.00928	0.00825	0.00516	0.01238	0.01238	0.01650	0.02681	0.05569	0.03094	0.70092	0.04331	0.00825	0.00825	0.01238	0.00516	0.00516
12	0.01794	0.00994	0.01015	0.00940	0.01199	0.01026	0.00724	0.09546	0.02064	0.03449	0.02684	0.03030	0.02089	0.00995	0.00627	0.00205	0.00465	0.00790	0.65488	0.00876
13	0.01127	0.00933	0.00995	0.00968	0.01251	0.00836	0.00729	0.01538	0.06446	0.02618	0.19696	0.07453	0.48401	0.01998	0.00995	0.00283	0.00442	0.01683	0.00826	0.00781
14	0.03266	0.02335	0.02524	0.01935	0.02615	0.02566	0.01598	0.58916	0.03919	0.08509	0.02112	0.02088	0.01482	0.01023	0.00852	0.00256	0.00925	0.00771	0.00862	0.01447
15	0.02106	0.02022	0.03454	0.05223	0.64784	0.02022	0.02612	0.02612	0.01938	0.02780	0.01601	0.02106	0.01348	0.00758	0.00842	0.00253	0.01011	0.00758	0.00421	0.01348
16	0.03179	0.04056	0.02412	0.02192	0.02631	0.66676	0.01644	0.03398	0.02412	0.02083	0.01315	0.01535	0.01096	0.00877	0.00767	0.00219	0.01535	0.00548	0.00438	0.00987
17	0.02476	0.02007	0.02127	0.01805	0.02350	0.02285	0.01434	0.22997	0.44186	0.04140	0.03007	0.02811	0.02228	0.01112	0.00861	0.00278	0.00758	0.00899	0.00861	0.01379
18	0.02154	0.56467	0.17533	0.01663	0.02504	0.03070	0.01817	0.02580	0.01744	0.02150	0.01257	0.01457	0.01089	0.00745	0.00602	0.00201	0.00984	0.00492	0.00363	0.01127
19	0.01006	0.00862	0.00862	0.00862	0.01149	0.00718	0.00647	0.01221	0.01940	0.02299	0.08621	0.08190	0.64438	0.02155	0.01006	0.00287	0.00431	0.01796	0.00790	0.00718
20	0.01550	0.01403	0.02008	0.01816	0.01889	0.01862	0.01477	0.01793	0.01334	0.02013	0.01678	0.02577	0.01605	0.03852	0.33654	0.00853	0.36549	0.00825	0.00413	0.00848
21	0.02851	0.21782	0.06714	0.02010	0.02575	0.45989	0.01683	0.03130	0.02194	0.02098	0.01293	0.01505	0.01094	0.00833	0.00711	0.00212	0.01352	0.00528	0.00414	0.01031
22	0.01233	0.00844	0.01026	0.01026	0.01060	0.00878	0.00638	0.01301	0.01267	0.01723	0.02592	0.05072	0.02878	0.55875	0.18254	0.00946	0.01150	0.01165	0.00502	0.00570
23	0.01055	0.00787	0.00982	0.01096	0.01221	0.00714	0.00760	0.01255	0.01814	0.02384	0.14365	0.46527	0.19107	0.02415	0.01056	0.00321	0.00466	0.02150	0.00812	0.00714
24	0.02100	0.02040	0.03556	0.05117	0.60861	0.02030	0.06453	0.02619	0.01942	0.02777	0.01609	0.02119	0.01344	0.00756	0.00853	0.00255	0.01039	0.00774	0.00422	0.01335
25	0.02808	0.03196	0.02633	0.02457	0.07871	0.38803	0.05601	0.09207	0.10113	0.02695	0.01698	0.01909	0.01356	0.00942	0.00928	0.00248	0.05212	0.00681	0.00528	0.01116
26	0.02042	0.02327	0.09341	0.20955	0.37281	0.08325	0.02506	0.02584	0.01909	0.02546	0.01543	0.02061	0.01241	0.00799	0.00834	0.00259	0.01119	0.00724	0.00406	0.01199

[dist]
# distance from previous block
# <min> <max>
0	2

[block]
# block no. 7 follows, 21 sequences, length 93
# corresponding to MSA columns:
# 403-495
name=unknown_H
#
# <colnr> <probs for GDERKNQSTAVLIFYWHMCP>
#	G	D	E	R	K	N	Q	S	T	A	V	L	I	F	Y	W	H	M	C	P
0	0.02849	0.03480	0.02891	0.02918	0.14632	0.47444	0.08297	0.03176	0.02278	0.02285	0.01413	0.01725	0.01165	0.00837	0.00807	0.00233	0.01424	0.00637	0.00434	0.01073
1	0.02542	0.03560	0.21541	0.02810	0.14780	0.26916	0.02273	0.10453	0.02339	0.02814	0.01525	0.01786	0.01183	0.00852	0.00805	0.00245	0.01276	0.00640	0.00464	0.01195
2	0.02281	0.24187	0.02679	0.01689	0.02117	0.26919	0.01376	0.02518	0.01960	0.02089	0.02112	0.14430	0.02179	0.01598	0.05196	0.00316	0.01159	0.03756	0.00497	0.00941
3	0.01041	0.00863	0.00912	0.00900	0.01171	0.00734	0.00675	0.01290	0.02024	0.02499	0.18636	0.07860	0.54298	0.02081	0.01005	0.00284	0.00426	0.01750	0.00817	0.00734
4	0.02958	0.02429	0.02386	0.01929	0.02535	0.09411	0.01555	0.41738	0.18171	0.04573	0.02309	0.02262	0.01688	0.01038	0.00846	0.00260	0.00937	0.00790	0.00810	0.01373
5	0.01030	0.00766	0.00961	0.01116	0.01216	0.00697	0.00759	0.01193	0.01695	0.02199	0.05528	0.56469	0.18156	0.02557	0.01069	0.00333	0.00480	0.02287	0.00790	0.00697
6	0.01037	0.00741	0.00987	0.01185	0.01234	0.00691	0.00790	0.01185	0.01629	0.02172	0.04690	0.69537	0.05629	0.02666	0.01086	0.00346	0.00494	0.02419	0.00790	0.00691
7	0.01216	0.00912	0.01368	0.01368	0.01520	0.01064	0.01064	0.01520	0.01368	0.01976	0.02279	0.03343	0.02127	0.06382	0.66720	0.01368	0.02279	0.00912	0.00456	0.00760
8	0.03106	0.02296	0.02461	0.01906	0.02551	0.02543	0.01561	0.57003	0.06443	0.05135	0.02130	0.02235	0.01564	0.03835	0.00993	0.00280	0.00921	0.00794	0.00838	0.01405
9	0.02275	0.70604	0.04459	0.01456	0.02184	0.03367	0.01456	0.02548	0.01729	0.02002	0.01183	0.01365	0.01092	0.00728	0.00546	0.00182	0.00910	0.00455	0.00364	0.01092
10	0.02131	0.53809	0.19992	0.01702	0.02564	0.03014	0.01884	0.02585	0.01746	0.02178	0.01270	0.01475	0.01089	0.00748	0.00613	0.00204	0.00998	0.00499	0.00363	0.01134
11	0.02504	0.01876	0.03009	0.04129	0.46071	0.01850	0.02211	0.03096	0.06163	0.17346	0.02133	0.02361	0.01608	0.00853	0.00847	0.00258	0.00922	0.00795	0.00598	0.01371
12	0.02106	0.02022	0.03454	0.05223	0.64784	0.02022	0.02612	0.02612	0.01938	0.02780	0.01601	0.02106	0.01348	0.00758	0.00842	0.00253	0.01011	0.00758	0.00421	0.01348
13	0.03179	0.04056	0.02412	0.02192	0.02631	0.66676	0.01644	0.03398	0.02412	0.02083	0.01315	0.01535	0.01096	0.00877	0.00767	0.00219	0.01535	0.00548	0.00438	0.00987
14	0.01175	0.00869	0.01097	0.01040	0.01253	0.00790	0.00780	0.01549	0.02339	0.03247	0.56055	0.06629	0.16413	0.01802	0.01004	0.00271	0.00406	0.01577	0.00915	0.00790
15	0.01216	0.00912	0.01368	0.01368	0.01520	0.01064	0.01064	0.01520	0.01368	0.01976	0.02279	0.03343	0.02127	0.06382	0.66720	0.01368	0.02279	0.00912	0.00456	0.00760
16	0.03037	0.01275	0.01725	0.01382	0.01903	0.01117	0.01117	0.03388	0.02428	0.46852	0.21584	0.03931	0.03877	0.01258	0.00900	0.00265	0.00628	0.01060	0.01018	0.01255
17	0.02117	0.01828	0.01924	0.01732	0.02213	0.02117	0.01347	0.04522	0.63246	0.03560	0.03464	0.03175	0.02598	0.01155	0.00866	0.00289	0.00673	0.00962	0.00866	0.01347
18	0.01037	0.00741	0.00987	0.01185	0.01234	0.00691	0.00790	0.01185	0.01629	0.02172	0.04690	0.69537	0.05629	0.02666	0.01086	0.00346	0.00494	0.02419	0.00790	0.00691
19	0.02241	0.01777	0.01930	0.01707	0.02191	0.02022	0.01339	0.07829	0.51495	0.07711	0.03292	0.03098	0.02464	0.01481	0.05159	0.00355	0.00798	0.00940	0.00851	0.01322
20	0.76103	0.01646	0.01251	0.01119	0.01646	0.01909	0.00922	0.02502	0.01448	0.03818	0.01185	0.01382	0.00922	0.00790	0.00527	0.00263	0.00658	0.00461	0.00527	0.00922
21	0.03192	0.03668	0.02445	0.02138	0.02633	0.51827	0.01638	0.16974	0.02780	0.02843	0.01484	0.01653	0.01178	0.00910	0.00787	0.00228	0.01396	0.00599	0.00534	0.01093
22	0.12974	0.01473	0.01883	0.01464	0.02106	0.01334	0.01209	0.03939	0.02311	0.57576	0.03082	0.02705	0.01956	0.01020	0.00814	0.00263	0.00716	0.00806	0.00987	0.01382
23	0.02997	0.02265	0.02420	0.01910	0.02548	0.02528	0.01560	0.49714	0.16621	0.04979	0.02346	0.02284	0.01692	0.01050	0.00854	0.00262	0.00880	0.00808	0.00854	0.01426
24	0.01006	0.00862	0.00862	0.00862	0.01149	0.00718	0.00647	0.01221	0.01940	0.02299	0.08621	0.08190	0.64438	0.02155	0.01006	0.00287	0.00431	0.01796	0.00790	0.00718
