[name]
unknown

[dist]
# distance from previous block
# <min> <max>
0	2

[block]
# block no. 0 follows, 21 sequences, length 133
# corresponding to MSA columns:
# 2-134
name=unknown_A
#
# <colnr> <probs for GDERKNQSTAVLIFYWHMCP>
#	G	D	E	R	K	N	Q	S	T	A	V	L	I	F	Y	W	H	M	C	P
0	0.05567	0.05540	0.13977	0.01843	0.02427	0.05161	0.01770	0.18885	0.02487	0.03370	0.02782	0.04835	0.02655	0.01464	0.00935	0.00306	0.00954	0.23280	0.00673	0.01089
1	0.23267	0.02405	0.02508	0.03049	0.26616	0.16364	0.01816	0.09118	0.02126	0.03195	0.01468	0.01770	0.01183	0.00822	0.00738	0.00249	0.01020	0.00629	0.00501	0.01159
2	0.02513	0.12654	0.02738	0.02491	0.14049	0.28099	0.01696	0.08209	0.02190	0.02486	0.01583	0.01976	0.01353	0.01796	0.12130	0.00422	0.01419	0.00657	0.00466	0.01073
3	0.03235	0.02384	0.02554	0.01958	0.02639	0.02639	0.01618	0.61946	0.04001	0.05363	0.02043	0.02043	0.01447	0.01022	0.00851	0.00255	0.00936	0.00766	0.00851	0.01447
4	0.01037	0.00741	0.00987	0.01185	0.01234	0.00691	0.00790	0.01185	0.01629	0.02172	0.04690	0.69537	0.05629	0.02666	0.01086	0.00346	0.00494	0.02419	0.00790	0.00691
5	0.01012	0.00837	0.00887	0.00927	0.01167	0.00713	0.00676	0.01214	0.01877	0.02273	0.07825	0.20614	0.52528	0.02259	0.01022	0.00299	0.00444	0.01922	0.00790	0.00713
6	0.03235	0.02384	0.02554	0.01958	0.02639	0.02639	0.01618	0.61946	0.04001	0.05363	0.02043	0.02043	0.01447	0.01022	0.00851	0.00255	0.00936	0.00766	0.00851	0.01447
7	0.01985	0.02458	0.09686	0.03498	0.04389	0.02139	0.57191	0.02724	0.01992	0.02724	0.01707	0.02257	0.01275	0.00724	0.00989	0.00286	0.01421	0.00975	0.00425	0.01156
8	0.01030	0.00863	0.00896	0.00888	0.01164	0.00729	0.00666	0.01269	0.01998	0.02436	0.15488	0.07964	0.57485	0.02104	0.01006	0.00285	0.00427	0.01764	0.00808	0.00729
9	0.01037	0.00741	0.00987	0.01185	0.01234	0.00691	0.00790	0.01185	0.01629	0.02172	0.04690	0.69537	0.05629	0.02666	0.01086	0.00346	0.00494	0.02419	0.00790	0.00691
10	0.02117	0.01828	0.01924	0.01732	0.02213	0.02117	0.01347	0.04522	0.63246	0.03560	0.03464	0.03175	0.02598	0.01155	0.00866	0.00289	0.00673	0.00962	0.00866	0.01347
11	0.01707	0.04402	0.65683	0.02426	0.03683	0.01976	0.03144	0.02695	0.01797	0.02695	0.01527	0.01797	0.01078	0.00809	0.00809	0.00270	0.01258	0.00629	0.00359	0.01258
12	0.03429	0.01566	0.01986	0.01578	0.02199	0.01491	0.01286	0.06467	0.15607	0.49722	0.03329	0.02924	0.02187	0.01074	0.00858	0.00268	0.00721	0.00875	0.01005	0.01426
13	0.01707	0.04402	0.65683	0.02426	0.03683	0.01976	0.03144	0.02695	0.01797	0.02695	0.01527	0.01797	0.01078	0.00809	0.00809	0.00270	0.01258	0.00629	0.00359	0.01258
14	0.01006	0.00862	0.00862	0.00862	0.01149	0.00718	0.00647	0.01221	0.01940	0.02299	0.08621	0.08190	0.64438	0.02155	0.01006	0.00287	0.00431	0.01796	0.00790	0.00718
15	0.01447	0.01083	0.01225	0.01220	0.01501	0.01066	0.00915	0.02145	0.15470	0.06309	0.05852	0.24023	0.27491	0.02021	0.00997	0.00308	0.00538	0.04671	0.00822	0.00897
16	0.01707	0.04402	0.65683	0.02426	0.03683	0.01976	0.03144	0.02695	0.01797	0.02695	0.01527	0.01797	0.01078	0.00809	0.00809	0.00270	0.01258	0.00629	0.00359	0.01258
17	0.01037	0.00741	0.00987	0.01185	0.01234	0.00691	0.00790	0.01185	0.01629	0.02172	0.04690	0.69537	0.05629	0.02666	0.01086	0.00346	0.00494	0.02419	0.00790	0.00691
18	0.76103	0.01646	0.01251	0.01119	0.01646	0.01909	0.00922	0.02502	0.01448	0.03818	0.01185	0.01382	0.00922	0.00790	0.00527	0.00263	0.00658	0.00461	0.00527	0.00922
19	0.01037	0.00741	0.00987	0.01185	0.01234	0.00691	0.00790	0.01185	0.01629	0.02172	0.04690	0.69537	0.05629	0.02666	0.01086	0.00346	0.00494	0.02419	0.00790	0.00691
20	0.02538	0.02989	0.02506	0.02213	0.02438	0.35513	0.01750	0.02741	0.01873	0.02066	0.01219	0.01694	0.01106	0.01175	0.01752	0.00294	0.34123	0.00644	0.00406	0.00960
21	0.23763	0.16340	0.02539	0.01667	0.02263	0.15999	0.01392	0.20732	0.02482	0.03555	0.01472	0.01611	0.01152	0.00866	0.00680	0.00235	0.00977	0.00571	0.00574	0.01129
22	0.03135	0.02330	0.02554	0.06028	0.02838	0.02593	0.01663	0.58265	0.03860	0.05167	0.02010	0.02057	0.01428	0.01011	0.00851	0.00257	0.00949	0.00766	0.00822	0.01416
23	0.01171	0.00840	0.01123	0.01208	0.01349	0.00793	0.00905	0.01472	0.02022	0.02770	0.29993	0.31440	0.06511	0.02213	0.01068	0.00321	0.00509	0.12683	0.00851	0.00756
24	0.01318	0.00990	0.01276	0.01408	0.01638	0.00969	0.01199	0.01759	0.04706	0.02534	0.05431	0.08978	0.18859	0.02251	0.01121	0.00363	0.00695	0.42921	0.00789	0.00794
25	0.02098	0.01968	0.03271	0.14205	0.52637	0.02038	0.02519	0.05936	0.02021	0.02839	0.01613	0.02126	0.01322	0.00787	0.00844	0.00257	0.01025	0.00758	0.00440	0.01295
26	0.01743	0.01642	0.02049	0.01828	0.02000	0.05609	0.01474	0.02254	0.09045	0.02245	0.01833	0.02507	0.01650	0.03045	0.24186	0.00682	0.30543	0.00806	0.00472	0.04386
27	0.01586	0.00793	0.00793	0.00793	0.00991	0.00793	0.00595	0.01983	0.01785	0.03173	0.02776	0.03173	0.02181	0.00991	0.00595	0.00198	0.00397	0.00793	0.74817	0.00793
28	0.03235	0.02384	0.02554	0.01958	0.02639	0.02639	0.01618	0.61946	0.04001	0.05363	0.02043	0.02043	0.01447	0.01022	0.00851	0.00255	0.00936	0.00766	0.00851	0.01447
29	0.02518	0.01716	0.01814	0.01478	0.01955	0.01870	0.01192	0.35085	0.05863	0.04396	0.02405	0.02551	0.01797	0.01016	0.00749	0.00234	0.00706	0.00786	0.30691	0.01179
30	0.01765	0.01513	0.01765	0.01260	0.02017	0.01134	0.01008	0.02143	0.01765	0.02773	0.01513	0.01765	0.01260	0.00630	0.00630	0.00126	0.00630	0.00504	0.00504	0.75295
31	0.01260	0.00916	0.01206	0.01186	0.01253	0.01020	0.00823	0.01402	0.01298	0.01812	0.02426	0.04410	0.02572	0.38853	0.31394	0.01038	0.04935	0.01071	0.00482	0.00643
32	0.01006	0.00862	0.00862	0.00862	0.01149	0.00718	0.00647	0.01221	0.01940	0.02299	0.08621	0.08190	0.64438	0.02155	0.01006	0.00287	0.00431	0.01796	0.00790	0.00718
33	0.01028	0.00775	0.00952	0.01094	0.01210	0.00699	0.00750	0.01195	0.01717	0.02208	0.05795	0.52291	0.22161	0.02523	0.01064	0.00329	0.00476	0.02244	0.00790	0.00699
34	0.07518	0.03912	0.02343	0.02129	0.02572	0.62822	0.01601	0.03345	0.02354	0.02186	0.01308	0.01526	0.01086	0.00872	0.00753	0.00222	0.01483	0.00543	0.00444	0.00983
35	0.02060	0.01975	0.03371	0.11024	0.59343	0.02010	0.02589	0.02571	0.01916	0.02724	0.01593	0.02121	0.01328	0.00767	0.00843	0.00256	0.01022	0.00758	0.00417	0.01311
36	0.02032	0.02465	0.15043	0.04702	0.53405	0.02013	0.02711	0.02627	0.01911	0.02764	0.01587	0.02049	0.01298	0.00768	0.00836	0.00256	0.01057	0.00734	0.00410	0.01331
37	0.01669	0.01592	0.02097	0.01883	0.01966	0.05285	0.01529	0.01905	0.01386	0.02021	0.01596	0.02442	0.01524	0.03431	0.28469	0.00766	0.38363	0.00802	0.00409	0.00865
38	0.01230	0.00856	0.01085	0.01085	0.01139	0.00910	0.00711	0.01338	0.01284	0.01766	0.02538	0.04776	0.02749	0.47384	0.26569	0.01018	0.01343	0.01121	0.00494	0.00603
39	0.01052	0.00864	0.00927	0.00911	0.01178	0.00738	0.00683	0.01311	0.02050	0.02560	0.21677	0.07760	0.51219	0.02058	0.01005	0.00283	0.00424	0.01736	0.00825	0.00738
40	0.01965	0.01981	0.03658	0.10289	0.38241	0.01967	0.19293	0.02518	0.01936	0.02679	0.02059	0.02550	0.05198	0.00841	0.00899	0.00267	0.01107	0.00892	0.00443	0.01215
41	0.01019	0.00860	0.00866	0.00866	0.01137	0.00725	0.00639	0.01222	0.01900	0.02262	0.08282	0.08040	0.60935	0.06035	0.01196	0.00318	0.00454	0.01764	0.00775	0.00707
42	0.01997	0.01190	0.01232	0.01083	0.01402	0.01253	0.00850	0.16925	0.02337	0.03719	0.02593	0.02891	0.01998	0.00999	0.00659	0.00213	0.00531	0.00786	0.56385	0.00956
43	0.01246	0.01031	0.01264	0.01392	0.07133	0.00955	0.00926	0.01689	0.05881	0.02814	0.27329	0.06672	0.34886	0.01818	0.00981	0.00277	0.00489	0.01558	0.00813	0.00845
44	0.01797	0.01324	0.01636	0.01503	0.01793	0.01455	0.01164	0.20229	0.02256	0.03081	0.02843	0.20421	0.02841	0.03733	0.28895	0.00752	0.01390	0.01265	0.00667	0.00956
45	0.01216	0.00912	0.01368	0.01368	0.01520	0.01064	0.01064	0.01520	0.01368	0.01976	0.02279	0.03343	0.02127	0.06382	0.66720	0.01368	0.02279	0.00912	0.00456	0.00760
46	0.01037	0.00741	0.00987	0.01185	0.01234	0.00691	0.00790	0.01185	0.01629	0.02172	0.04690	0.69537	0.05629	0.02666	0.01086	0.00346	0.00494	0.02419	0.00790	0.00691
47	0.01036	0.00788	0.00954	0.01071	0.01208	0.00707	0.00743	0.01221	0.01777	0.02285	0.09406	0.45486	0.25363	0.02443	0.01055	0.00322	0.00468	0.02161	0.00798	0.00707
48	0.02624	0.02326	0.02176	0.01823	0.02335	0.13178	0.01451	0.28201	0.17230	0.03847	0.03019	0.02971	0.09406	0.01190	0.00952	0.00267	0.04120	0.00901	0.00754	0.01231
49	0.01755	0.01513	0.01578	0.01449	0.01866	0.01661	0.01119	0.03447	0.43274	0.03149	0.05144	0.04809	0.22744	0.01481	0.00911	0.00288	0.00595	0.01234	0.00841	0.01142
50	0.01205	0.00818	0.00931	0.00953	0.00971	0.00806	0.00551	0.01231	0.01312	0.01736	0.03174	0.12551	0.06229	0.59691	0.03828	0.00749	0.00771	0.01390	0.00558	0.00544
51	0.01059	0.00750	0.00981	0.01157	0.01201	0.00706	0.00760	0.01191	0.01587	0.02116	0.04472	0.62588	0.05353	0.09990	0.01439	0.00398	0.00530	0.02291	0.00760	0.00672
52	0.01238	0.00825	0.00928	0.00928	0.00928	0.00825	0.00516	0.01238	0.01238	0.01650	0.02681	0.05569	0.03094	0.70092	0.04331	0.00825	0.00825	0.01238	0.00516	0.00516
53	0.01238	0.00825	0.00928	0.00928	0.00928	0.00825	0.00516	0.01238	0.01238	0.01650	0.02681	0.05569	0.03094	0.70092	0.04331	0.00825	0.00825	0.01238	0.00516	0.00516
54	0.04823	0.01206	0.01306	0.01174	0.01477	0.01252	0.00892	0.14999	0.02222	0.07090	0.02876	0.13254	0.02578	0.07217	0.01062	0.00294	0.00596	0.01067	0.33675	0.00940
55	0.01207	0.00867	0.01122	0.01060	0.01247	0.00805	0.00782	0.01579	0.02325	0.03286	0.59895	0.06300	0.07674	0.06661	0.01243	0.00308	0.00432	0.01517	0.00906	0.00782
56	0.01216	0.00912	0.01368	0.01368	0.01520	0.01064	0.01064	0.01520	0.01368	0.01976	0.02279	0.03343	0.02127	0.06382	0.66720	0.01368	0.02279	0.00912	0.00456	0.00760
57	0.01043	0.00852	0.00922	0.00930	0.01179	0.00730	0.00688	0.01285	0.01991	0.02480	0.17914	0.13822	0.48940	0.02133	0.01013	0.00290	0.00432	0.01812	0.00816	0.00730
58	0.02197	0.01868	0.01970	0.01748	0.02244	0.02154	0.01366	0.08657	0.58980	0.03690	0.03361	0.03094	0.02515	0.01145	0.00865	0.00286	0.00692	0.00948	0.00865	0.01354
59	0.01015	0.00827	0.00898	0.00955	0.01174	0.00711	0.00688	0.01211	0.01850	0.02262	0.07486	0.25905	0.47456	0.02303	0.01029	0.00304	0.00449	0.01976	0.00790	0.00711
60	0.01398	0.01077	0.01132	0.01068	0.01400	0.01018	0.00808	0.02018	0.13378	0.06386	0.07029	0.06793	0.45905	0.05390	0.01141	0.00314	0.00515	0.01554	0.00806	0.00870
61	0.01100	0.00903	0.00973	0.00949	0.01223	0.00796	0.00714	0.01451	0.04559	0.02625	0.22145	0.07533	0.48007	0.02012	0.01000	0.00283	0.00434	0.01699	0.00829	0.00765
62	0.01059	0.00750	0.00981	0.01157	0.01201	0.00706	0.00760	0.01191	0.01587	0.02116	0.04472	0.62588	0.05353	0.09990	0.01439	0.00398	0.00530	0.02291	0.00760	0.00672
63	0.01198	0.00932	0.01345	0.14695	0.02181	0.00965	0.01112	0.01500	0.01857	0.02511	0.20328	0.38667	0.05374	0.02046	0.01016	0.00312	0.00598	0.01842	0.00747	0.00773
64	0.01029	0.00770	0.00957	0.01107	0.01214	0.00698	0.00755	0.01194	0.01704	0.02203	0.05638	0.54750	0.19804	0.02543	0.01067	0.00332	0.00479	0.02269	0.00790	0.00698
65	0.01990	0.01667	0.01773	0.01578	0.01977	0.05043	0.01234	0.12725	0.26422	0.03390	0.12044	0.03686	0.06565	0.02243	0.13256	0.00479	0.01009	0.01031	0.00771	0.01120
66	0.13973	0.02451	0.02276	0.01826	0.02441	0.13005	0.01480	0.37239	0.03193	0.11111	0.01939	0.01955	0.01384	0.00967	0.00790	0.00251	0.00972	0.00695	0.00757	0.01294
67	0.04782	0.02370	0.14642	0.01759	0.02312	0.11034	0.01625	0.07363	0.01886	0.02611	0.01753	0.02341	0.01507	0.05243	0.19027	0.00568	0.05555	0.00713	0.00475	0.12433
68	0.02062	0.01965	0.03283	0.10630	0.55795	0.02016	0.02514	0.02686	0.05565	0.02772	0.01704	0.02184	0.01403	0.00790	0.00845	0.00258	0.01002	0.00770	0.00444	0.01312
69	0.01942	0.01870	0.06414	0.01639	0.02197	0.01816	0.01368	0.03712	0.42644	0.03350	0.08708	0.03134	0.02771	0.01095	0.00835	0.00258	0.00683	0.00914	0.00775	0.13876
70	0.17881	0.03674	0.47955	0.02213	0.03288	0.01973	0.06267	0.02655	0.01734	0.02941	0.01465	0.01737	0.01057	0.00799	0.00759	0.00269	0.01138	0.00615	0.00400	0.01178
71	0.01068	0.00754	0.00978	0.01145	0.01187	0.00712	0.00747	0.01193	0.01569	0.02091	0.04379	0.59615	0.05235	0.13124	0.01590	0.00420	0.00545	0.02236	0.00747	0.00664
72	0.02822	0.02962	0.02270	0.01988	0.02488	0.31966	0.01536	0.15092	0.23774	0.03227	0.02199	0.02201	0.01684	0.01001	0.00818	0.00250	0.01121	0.00734	0.00666	0.01200
73	0.02256	0.02283	0.03143	0.04423	0.49360	0.11006	0.02340	0.02928	0.08663	0.02768	0.01764	0.02143	0.01449	0.00818	0.00835	0.00252	0.01047	0.00751	0.00472	0.01298
74	0.02490	0.15919	0.02632	0.01725	0.02334	0.02488	0.01439	0.22457	0.28594	0.03784	0.02445	0.02372	0.01854	0.00999	0.00784	0.00248	0.00804	0.00773	0.00741	0.05118
75	0.01006	0.00862	0.00862	0.00862	0.01149	0.00718	0.00647	0.01221	0.01940	0.02299	0.08621	0.08190	0.64438	0.02155	0.01006	0.00287	0.00431	0.01796	0.00790	0.00718
76	0.01562	0.01182	0.01332	0.01239	0.01538	0.01169	0.00936	0.15352	0.02403	0.03145	0.14564	0.23765	0.24581	0.01972	0.00992	0.00293	0.00561	0.01693	0.00827	0.00893
77	0.01037	0.00741	0.00987	0.01185	0.01234	0.00691	0.00790	0.01185	0.01629	0.02172	0.04690	0.69537	0.05629	0.02666	0.01086	0.00346	0.00494	0.02419	0.00790	0.00691
78	0.01063	0.00864	0.00942	0.00923	0.01185	0.00743	0.00692	0.01333	0.02076	0.02622	0.24789	0.07658	0.48069	0.02035	0.01005	0.00282	0.00422	0.01721	0.00833	0.00743
79	0.01013	0.00834	0.00891	0.00936	0.01169	0.00712	0.00679	0.01213	0.01869	0.02270	0.07720	0.22249	0.50960	0.02272	0.01024	0.00301	0.00445	0.01939	0.00790	0.00712
80	0.01216	0.00912	0.01368	0.01368	0.01520	0.01064	0.01064	0.01520	0.01368	0.01976	0.02279	0.03343	0.02127	0.06382	0.66720	0.01368	0.02279	0.00912	0.00456	0.00760
81	0.01129	0.00867	0.01033	0.00991	0.01225	0.00771	0.00744	0.01460	0.02231	0.02990	0.43187	0.07053	0.29441	0.01897	0.01004	0.00275	0.00413	0.01637	0.00881	0.00771
82	0.01216	0.00912	0.01368	0.01368	0.01520	0.01064	0.01064	0.01520	0.01368	0.01976	0.02279	0.03343	0.02127	0.06382	0.66720	0.01368	0.02279	0.00912	0.00456	0.00760
83	0.01034	0.00863	0.00902	0.00892	0.01167	0.00731	0.00669	0.01277	0.02007	0.02459	0.16626	0.07927	0.56333	0.02096	0.01005	0.00285	0.00427	0.01759	0.00811	0.00731
84	0.01238	0.00825	0.00928	0.00928	0.00928	0.00825	0.00516	0.01238	0.01238	0.01650	0.02681	0.05569	0.03094	0.70092	0.04331	0.00825	0.00825	0.01238	0.00516	0.00516
85	0.01291	0.00890	0.01068	0.01036	0.01283	0.00786	0.00772	0.01578	0.02117	0.07261	0.29613	0.15636	0.29563	0.01984	0.01005	0.00286	0.00449	0.01714	0.00867	0.00800
86	0.01221	0.00807	0.00931	0.00968	0.00990	0.00798	0.00572	0.01274	0.01345	0.01842	0.03065	0.17436	0.03514	0.53172	0.03492	0.00696	0.00736	0.01432	0.05143	0.00566
87	0.01238	0.00825	0.00928	0.00928	0.00928	0.00825	0.00516	0.01238	0.01238	0.01650	0.02681	0.05569	0.03094	0.70092	0.04331	0.00825	0.00825	0.01238	0.00516	0.00516
88	0.01216	0.00912	0.01368	0.01368	0.01520	0.01064	0.01064	0.01520	0.01368	0.01976	0.02279	0.03343	0.02127	0.06382	0.66720	0.01368	0.02279	0.00912	0.00456	0.00760
89	0.01030	0.00863	0.00896	0.00888	0.01164	0.00729	0.00666	0.01269	0.01998	0.02436	0.15488	0.07964	0.57485	0.02104	0.01006	0.00285	0.00427	0.01764	0.00808	0.00729
90	0.02275	0.70604	0.04459	0.01456	0.02184	0.03367	0.01456	0.02548	0.01729	0.02002	0.01183	0.01365	0.01092	0.00728	0.00546	0.00182	0.00910	0.00455	0.00364	0.01092
91	0.01033	0.00756	0.00972	0.01145	0.01224	0.00695	0.00772	0.01189	0.01668	0.02188	0.05175	0.61975	0.12877	0.02603	0.01076	0.00338	0.00486	0.02342	0.00790	0.00695
92	0.01057	0.00821	0.00909	0.00965	0.01132	0.00731	0.00663	0.01214	0.01723	0.02144	0.06422	0.24892	0.36623	0.14856	0.01643	0.00403	0.00521	0.01867	0.00739	0.00673
93	0.01054	0.00848	0.00940	0.00951	0.01188	0.00734	0.00700	0.01302	0.02003	0.02529	0.20451	0.15851	0.44203	0.02130	0.01016	0.00291	0.00433	0.01821	0.00823	0.00734
94	0.03235	0.02384	0.02554	0.01958	0.02639	0.02639	0.01618	0.61946	0.04001	0.05363	0.02043	0.02043	0.01447	0.01022	0.00851	0.00255	0.00936	0.00766	0.00851	0.01447
95	0.03179	0.04056	0.02412	0.02192	0.02631	0.66676	0.01644	0.03398	0.02412	0.02083	0.01315	0.01535	0.01096	0.00877	0.00767	0.00219	0.01535	0.00548	0.00438	0.00987
96	0.02648	0.16599	0.02623	0.01791	0.02323	0.26803	0.01452	0.15259	0.07799	0.02904	0.02526	0.02568	0.09106	0.01058	0.00778	0.00234	0.01073	0.00764	0.00590	0.01102
97	0.01008	0.00855	0.00870	0.00881	0.01155	0.00717	0.00655	0.01219	0.01921	0.02291	0.08387	0.11840	0.60939	0.02186	0.01011	0.00291	0.00435	0.01833	0.00790	0.00717
98	0.02101	0.02036	0.03535	0.05139	0.61685	0.02029	0.05646	0.02618	0.01941	0.02777	0.01607	0.02116	0.01345	0.00756	0.00851	0.00255	0.01033	0.00771	0.00422	0.01338
99	0.01293	0.01025	0.01516	0.01471	0.01605	0.01248	0.01159	0.01583	0.01360	0.01984	0.02141	0.03166	0.02007	0.05798	0.59086	0.01249	0.10192	0.00892	0.00446	0.00780
100	0.02254	0.41161	0.18445	0.01744	0.02552	0.06103	0.01840	0.08753	0.02018	0.02574	0.01436	0.01632	0.01177	0.00798	0.00653	0.00213	0.01003	0.00549	0.03948	0.01148
101	0.01037	0.00741	0.00987	0.01185	0.01234	0.00691	0.00790	0.01185	0.01629	0.02172	0.04690	0.69537	0.05629	0.02666	0.01086	0.00346	0.00494	0.02419	0.00790	0.00691
102	0.01223	0.00927	0.01134	0.01072	0.01306	0.00868	0.00807	0.01713	0.06068	0.03213	0.50121	0.06505	0.18290	0.01782	0.00996	0.00273	0.00424	0.01552	0.00905	0.00821
103	0.02086	0.02090	0.03136	0.20263	0.44539	0.08096	0.02460	0.02579	0.01925	0.02567	0.01552	0.02092	0.01272	0.00792	0.00837	0.00257	0.01091	0.00738	0.00412	0.01216
104	0.01940	0.01853	0.03154	0.26111	0.45193	0.01978	0.02529	0.02466	0.01859	0.02579	0.01571	0.02160	0.01277	0.00789	0.00845	0.00263	0.01052	0.00758	0.00407	0.01214
105	0.01216	0.00912	0.01368	0.01368	0.01520	0.01064	0.01064	0.01520	0.01368	0.01976	0.02279	0.03343	0.02127	0.06382	0.66720	0.01368	0.02279	0.00912	0.00456	0.00760
106	0.03183	0.03936	0.02422	0.02176	0.02631	0.62065	0.01642	0.07614	0.02526	0.02319	0.01368	0.01571	0.01121	0.00887	0.00773	0.00222	0.01492	0.00564	0.00468	0.01020
107	0.01011	0.00840	0.00885	0.00921	0.01165	0.00713	0.00673	0.01215	0.01883	0.02276	0.07903	0.19402	0.53690	0.02249	0.01020	0.00298	0.00443	0.01910	0.00790	0.00713
108	0.01998	0.01911	0.03258	0.18907	0.51950	0.01993	0.02558	0.02516	0.01886	0.02648	0.01582	0.02142	0.01301	0.00778	0.00844	0.00259	0.01038	0.00758	0.00412	0.01260
109	0.01707	0.04402	0.65683	0.02426	0.03683	0.01976	0.03144	0.02695	0.01797	0.02695	0.01527	0.01797	0.01078	0.00809	0.00809	0.00270	0.01258	0.00629	0.00359	0.01258
110	0.01168	0.00868	0.01087	0.01032	0.01249	0.00787	0.00774	0.01535	0.02322	0.03207	0.54036	0.06696	0.18457	0.01817	0.01004	0.00271	0.00407	0.01587	0.00910	0.00787
111	0.01682	0.01589	0.02689	0.58561	0.14759	0.01911	0.02401	0.02240	0.01737	0.02266	0.01526	0.02244	0.01167	0.00837	0.00850	0.00279	0.01116	0.00757	0.00385	0.01006
112	0.02063	0.02030	0.03619	0.08734	0.52870	0.02032	0.10830	0.02602	0.01934	0.02737	0.01612	0.02142	0.01327	0.00758	0.00866	0.00259	0.01077	0.00792	0.00420	0.01296
113	0.01643	0.01549	0.02617	0.63523	0.10104	0.01900	0.02381	0.02206	0.01719	0.02218	0.01519	0.02257	0.01150	0.00844	0.00850	0.00281	0.01126	0.00756	0.00381	0.00974
114	0.01026	0.00857	0.00894	0.00897	0.01165	0.00725	0.00668	0.01255	0.01968	0.02396	0.13577	0.10961	0.56412	0.02141	0.01009	0.00288	0.00431	0.01802	0.00804	0.00725
115	0.01216	0.00912	0.01368	0.01368	0.01520	0.01064	0.01064	0.01520	0.01368	0.01976	0.02279	0.03343	0.02127	0.06382	0.66720	0.01368	0.02279	0.00912	0.00456	0.00760
116	0.18656	0.15729	0.29193	0.01801	0.02696	0.02101	0.02016	0.02869	0.01814	0.13352	0.01694	0.01809	0.01219	0.00830	0.00705	0.00251	0.00970	0.00597	0.00514	0.01184
117	0.02067	0.02113	0.03238	0.22422	0.36271	0.08632	0.07898	0.02580	0.01927	0.02533	0.01558	0.02111	0.01257	0.00793	0.00852	0.00261	0.01139	0.00759	0.00412	0.01179
118	0.01228	0.00864	0.01127	0.01127	0.01195	0.00933	0.00763	0.01365	0.01296	0.01797	0.02500	0.04563	0.02657	0.41300	0.32527	0.01070	0.01482	0.01090	0.00489	0.00626
119	0.01057	0.00783	0.00991	0.01136	0.01246	0.00717	0.00792	0.01245	0.01750	0.02288	0.08969	0.51382	0.16782	0.02500	0.01070	0.00332	0.00490	0.04964	0.00798	0.00707
120	0.23298	0.01893	0.01878	0.01571	0.02095	0.04440	0.01269	0.23699	0.10105	0.07233	0.05875	0.02407	0.01930	0.01508	0.06850	0.00364	0.00928	0.00762	0.00725	0.01167
121	0.06621	0.01909	0.02195	0.02042	0.07954	0.08913	0.03762	0.08979	0.05116	0.02846	0.01757	0.02202	0.01480	0.02013	0.14333	0.00464	0.08677	0.00711	0.00520	0.17508
122	0.07073	0.02118	0.02695	0.02613	0.15159	0.02296	0.04818	0.30812	0.06631	0.06459	0.01935	0.02107	0.01453	0.00966	0.00970	0.00262	0.05791	0.00762	0.00683	0.04397
123	0.02159	0.07050	0.06421	0.03995	0.43286	0.02059	0.02257	0.08059	0.02085	0.02959	0.01597	0.01987	0.01314	0.00767	0.00793	0.00232	0.00960	0.00698	0.00465	0.10858
124	0.18873	0.01960	0.06276	0.12586	0.28393	0.01945	0.02008	0.02723	0.08694	0.03012	0.01695	0.02051	0.01341	0.00821	0.00763	0.00259	0.00908	0.00694	0.00489	0.04508
125	0.22963	0.05271	0.02591	0.02137	0.07146	0.01949	0.13719	0.02741	0.06210	0.09123	0.04740	0.02295	0.01705	0.00954	0.00979	0.00273	0.08210	0.00771	0.05144	0.01079
126	0.09356	0.05591	0.06110	0.02011	0.08111	0.13598	0.01535	0.12093	0.09353	0.11193	0.04528	0.02358	0.01825	0.00967	0.00773	0.00247	0.00917	0.00741	0.07513	0.01181
127	0.13612	0.02594	0.06315	0.11237	0.11980	0.21091	0.04240	0.06957	0.02091	0.02798	0.01628	0.05273	0.01383	0.00923	0.00781	0.00250	0.01112	0.00726	0.00487	0.04522
128	0.02143	0.05668	0.08794	0.05666	0.13659	0.04433	0.13946	0.05652	0.11192	0.07986	0.02584	0.07431	0.04864	0.01062	0.00885	0.00272	0.00998	0.00980	0.00596	0.01189
129	0.02370	0.02212	0.02515	0.07312	0.14191	0.14055	0.05220	0.12578	0.02378	0.05852	0.05269	0.02517	0.04910	0.00942	0.00820	0.00232	0.00991	0.00787	0.00583	0.14266
130	0.06354	0.01843	0.01687	0.01706	0.06333	0.14404	0.01213	0.04952	0.09916	0.02888	0.09427	0.07425	0.12129	0.01364	0.00853	0.00261	0.00787	0.04625	0.07526	0.04306
131	0.09259	0.02157	0.02165	0.02258	0.13674	0.13961	0.01501	0.14800	0.04935	0.06214	0.05319	0.02825	0.07935	0.01054	0.00803	0.00245	0.00901	0.00832	0.04199	0.04962
132	0.06962	0.19431	0.05288	0.02198	0.10714	0.12398	0.01658	0.13258	0.08395	0.05921	0.01763	0.01894	0.01382	0.00865	0.00732	0.00230	0.00978	0.00642	0.00565	0.04728

[dist]
# distance from previous block
# <min> <max>
4	173

[block]
# block no. 1 follows, 21 sequences, length 9
# corresponding to MSA columns:
# 311-319
name=unknown_B
#
# <colnr> <probs for GDERKNQSTAVLIFYWHMCP>
#	G	D	E	R	K	N	Q	S	T	A	V	L	I	F	Y	W	H	M	C	P
0	0.06959	0.02056	0.02169	0.16006	0.10731	0.15919	0.01695	0.02538	0.06868	0.02528	0.04824	0.03443	0.09109	0.01205	0.01001	0.00279	0.05962	0.05171	0.00543	0.00992
1	0.02246	0.05172	0.06397	0.02814	0.23852	0.08274	0.01780	0.02682	0.02103	0.11841	0.12927	0.02822	0.02579	0.00974	0.00824	0.00236	0.00880	0.00837	0.00610	0.10152
2	0.11251	0.13016	0.02613	0.02231	0.11181	0.16435	0.01586	0.06811	0.09900	0.02880	0.06260	0.02201	0.01838	0.00992	0.00939	0.00253	0.07251	0.00712	0.00548	0.01105
3	0.01992	0.02337	0.11092	0.06524	0.24221	0.06239	0.14113	0.02746	0.07656	0.02726	0.02137	0.03132	0.01846	0.01009	0.00911	0.00282	0.01107	0.08248	0.00502	0.01181
4	0.07278	0.08455	0.05487	0.07669	0.13653	0.12329	0.01726	0.06584	0.13420	0.06633	0.02472	0.02587	0.06150	0.00996	0.00799	0.00255	0.00957	0.00792	0.00592	0.01168
5	0.02603	0.09427	0.14093	0.02868	0.18535	0.20982	0.02114	0.10736	0.02329	0.06164	0.01618	0.01850	0.01257	0.00849	0.00789	0.00240	0.01173	0.00652	0.00500	0.01221
6	0.08866	0.05376	0.12107	0.08580	0.29345	0.07140	0.02189	0.02502	0.01809	0.02623	0.01588	0.02083	0.01318	0.01493	0.09095	0.00393	0.01222	0.00700	0.00422	0.01148
7	0.02695	0.01827	0.02601	0.07789	0.24533	0.01865	0.01864	0.14405	0.06310	0.20037	0.05607	0.02611	0.01988	0.00971	0.00858	0.00261	0.00876	0.00840	0.00725	0.01335
8	0.09251	0.06164	0.02836	0.06853	0.31772	0.07246	0.01984	0.10034	0.02178	0.07178	0.01845	0.05595	0.01552	0.00928	0.00805	0.00254	0.00965	0.00791	0.00542	0.01226

[dist]
# distance from previous block
# <min> <max>
0	1

[block]
# block no. 2 follows, 21 sequences, length 22
# corresponding to MSA columns:
# 321-342
name=unknown_C
#
# <colnr> <probs for GDERKNQSTAVLIFYWHMCP>
#	G	D	E	R	K	N	Q	S	T	A	V	L	I	F	Y	W	H	M	C	P
0	0.02235	0.02328	0.08808	0.02636	0.17126	0.09187	0.01822	0.13417	0.12685	0.03108	0.02198	0.05839	0.01902	0.08162	0.01302	0.00327	0.04257	0.00888	0.00595	0.01178
1	0.01868	0.02230	0.14164	0.03254	0.29620	0.01827	0.02125	0.02839	0.15248	0.02922	0.06456	0.03161	0.08466	0.01056	0.00868	0.00268	0.00887	0.00932	0.00575	0.01234
2	0.11135	0.09019	0.02643	0.06172	0.21917	0.17036	0.01776	0.02886	0.09276	0.02696	0.02136	0.02362	0.05614	0.00933	0.00773	0.00248	0.01007	0.00739	0.00508	0.01125
3	0.05005	0.09990	0.22192	0.03532	0.31313	0.08457	0.02493	0.02703	0.01901	0.02647	0.01491	0.01852	0.01199	0.00783	0.00782	0.00248	0.01113	0.00656	0.00402	0.01242
4	0.02234	0.02265	0.03330	0.04862	0.57363	0.09741	0.02496	0.02706	0.01994	0.02697	0.01567	0.02038	0.01318	0.00772	0.00834	0.00249	0.01074	0.00733	0.00423	0.01305
5	0.01049	0.00774	0.00986	0.01150	0.01248	0.00711	0.00796	0.01222	0.01700	0.02214	0.05351	0.55885	0.15621	0.02562	0.01077	0.00338	0.00498	0.05325	0.00790	0.00701
6	0.01238	0.00825	0.00928	0.00928	0.00928	0.00825	0.00516	0.01238	0.01238	0.01650	0.02681	0.05569	0.03094	0.70092	0.04331	0.00825	0.00825	0.01238	0.00516	0.00516
7	0.02776	0.02126	0.02264	0.01818	0.02418	0.02361	0.01475	0.42279	0.19597	0.04662	0.02898	0.02790	0.06323	0.01139	0.00866	0.00267	0.00830	0.00893	0.00851	0.01368
8	0.02963	0.02868	0.02637	0.06008	0.12000	0.24860	0.01813	0.29580	0.03020	0.03668	0.01696	0.01887	0.01294	0.00923	0.00821	0.00244	0.01167	0.00688	0.00619	0.01245
9	0.01729	0.04249	0.61282	0.02510	0.03739	0.01989	0.07392	0.02697	0.01812	0.02697	0.01541	0.01833	0.01093	0.00802	0.00823	0.00271	0.01271	0.00656	0.00364	0.01250
10	0.02026	0.01940	0.03309	0.15355	0.55282	0.02001	0.02572	0.02541	0.01900	0.02683	0.01587	0.02132	0.01314	0.00773	0.00844	0.00258	0.01031	0.00758	0.00414	0.01283
11	0.01398	0.01180	0.01717	0.01612	0.01721	0.01499	0.01289	0.01669	0.01350	0.01996	0.01952	0.02925	0.01843	0.05003	0.48691	0.01087	0.20965	0.00865	0.00432	0.00808
12	0.01245	0.00868	0.01147	0.01147	0.01236	0.00946	0.00802	0.01423	0.01334	0.01900	0.02479	0.04293	0.02547	0.33551	0.36282	0.01071	0.01552	0.01046	0.04473	0.00656
13	0.01071	0.00846	0.00945	0.00955	0.01173	0.00742	0.00692	0.01306	0.01961	0.02494	0.20467	0.15307	0.40000	0.06714	0.01240	0.00327	0.00459	0.01778	0.00805	0.00721
14	0.01306	0.01078	0.01172	0.01111	0.01418	0.01051	0.00844	0.02057	0.15655	0.02880	0.22563	0.06582	0.35459	0.01821	0.00974	0.00282	0.00477	0.01542	0.00847	0.00881
15	0.01834	0.11000	0.42066	0.01976	0.02914	0.05783	0.02355	0.02578	0.01824	0.02677	0.01727	0.02009	0.01302	0.00840	0.00734	0.00242	0.01063	0.00638	0.15306	0.01130
16	0.07873	0.21885	0.28856	0.02253	0.10152	0.02238	0.02198	0.02497	0.01784	0.02574	0.01956	0.02477	0.04581	0.00940	0.00749	0.00251	0.01012	0.04155	0.00429	0.01139
17	0.06580	0.15833	0.23841	0.02624	0.13513	0.08843	0.05402	0.05783	0.04990	0.02763	0.01565	0.01824	0.01224	0.00814	0.00760	0.00246	0.01108	0.00643	0.00442	0.01203
18	0.07084	0.03474	0.31451	0.02317	0.03171	0.16136	0.09801	0.02866	0.05570	0.02641	0.01651	0.01965	0.01263	0.01224	0.05456	0.00339	0.01338	0.00687	0.00434	0.01132
19	0.06981	0.14402	0.17027	0.05640	0.02994	0.09231	0.10994	0.02526	0.01883	0.02538	0.01957	0.03096	0.01768	0.01044	0.00826	0.00266	0.01097	0.10602	0.00471	0.04656
20	0.02294	0.10673	0.11509	0.05625	0.02877	0.26009	0.07871	0.02838	0.05681	0.02347	0.02018	0.02294	0.05061	0.01289	0.05248	0.00315	0.01296	0.00729	0.00465	0.03561
21	0.02028	0.07528	0.21447	0.03352	0.17774	0.06053	0.21413	0.02691	0.01908	0.02614	0.01553	0.01985	0.01212	0.00795	0.00942	0.00267	0.04068	0.00766	0.00402	0.01202

[dist]
# distance from previous block
# <min> <max>
6	43

[block]
# block no. 3 follows, 21 sequences, length 7
# corresponding to MSA columns:
# 389-395
name=unknown_D
#
# <colnr> <probs for GDERKNQSTAVLIFYWHMCP>
#	G	D	E	R	K	N	Q	S	T	A	V	L	I	F	Y	W	H	M	C	P
0	0.01436	0.01450	0.06569	0.01776	0.10143	0.01110	0.01266	0.01789	0.01817	0.02507	0.04191	0.18064	0.18885	0.01567	0.00892	0.00255	0.00657	0.03990	0.00629	0.21007
1	0.08066	0.08151	0.07859	0.01796	0.02365	0.27846	0.01523	0.03174	0.06024	0.12632	0.07747	0.02320	0.02000	0.00970	0.00773	0.00236	0.01070	0.00709	0.00607	0.04133
2	0.09205	0.17355	0.11085	0.04879	0.02004	0.01733	0.01306	0.01923	0.01496	0.02164	0.01972	0.07131	0.02007	0.20825	0.05460	0.06329	0.00956	0.00886	0.00455	0.00829
3	0.09025	0.20823	0.29461	0.01992	0.02870	0.13991	0.02160	0.05916	0.01975	0.02654	0.01398	0.01615	0.01090	0.00810	0.00711	0.00237	0.01147	0.00562	0.00416	0.01146
4	0.01707	0.04402	0.65683	0.02426	0.03683	0.01976	0.03144	0.02695	0.01797	0.02695	0.01527	0.01797	0.01078	0.00809	0.00809	0.00270	0.01258	0.00629	0.00359	0.01258
5	0.02444	0.14827	0.03100	0.15245	0.22932	0.15718	0.02013	0.02840	0.02006	0.08766	0.01627	0.01962	0.01286	0.00825	0.00775	0.00240	0.01096	0.00668	0.00471	0.01161
6	0.01636	0.01467	0.01594	0.01908	0.12855	0.09841	0.01078	0.01772	0.01563	0.01968	0.02506	0.10924	0.02766	0.41282	0.02886	0.00590	0.00920	0.01178	0.00516	0.00749

[dist]
# distance from previous block
# <min> <max>
0	2

[block]
# block no. 4 follows, 21 sequences, length 113
# corresponding to MSA columns:
# 398-510
name=unknown_E
#
# <colnr> <probs for GDERKNQSTAVLIFYWHMCP>
#	G	D	E	R	K	N	Q	S	T	A	V	L	I	F	Y	W	H	M	C	P
0	0.01216	0.00912	0.01368	0.01368	0.01520	0.01064	0.01064	0.01520	0.01368	0.01976	0.02279	0.03343	0.02127	0.06382	0.66720	0.01368	0.02279	0.00912	0.00456	0.00760
1	0.01989	0.02090	0.02044	0.01968	0.05144	0.18436	0.01494	0.02247	0.01861	0.02306	0.05604	0.03831	0.11352	0.01471	0.01537	0.00302	0.23818	0.07096	0.04507	0.00906
2	0.01056	0.00770	0.00998	0.01161	0.01249	0.00712	0.00799	0.01234	0.01715	0.02263	0.08083	0.57409	0.11945	0.02553	0.01077	0.00337	0.00494	0.04645	0.00797	0.00704
3	0.02068	0.48817	0.03615	0.05772	0.02312	0.06114	0.01446	0.02364	0.01691	0.02012	0.01429	0.01826	0.01301	0.01868	0.13739	0.00426	0.01229	0.00570	0.00387	0.01011
4	0.01925	0.21364	0.35851	0.02433	0.03461	0.02382	0.15928	0.02663	0.01827	0.02520	0.01481	0.01796	0.01130	0.00767	0.00784	0.00250	0.01206	0.00668	0.00377	0.01189
5	0.01072	0.00766	0.01028	0.01226	0.01291	0.00722	0.00852	0.01246	0.01664	0.02212	0.04671	0.63158	0.05551	0.02633	0.01096	0.00351	0.00525	0.08447	0.00789	0.00701
6	0.02074	0.01989	0.03396	0.09275	0.60983	0.02014	0.02596	0.02584	0.01923	0.02741	0.01595	0.02117	0.01334	0.00764	0.00843	0.00255	0.01019	0.00758	0.00418	0.01322
7	0.02540	0.34565	0.13038	0.01891	0.02588	0.27795	0.01788	0.02902	0.02005	0.02140	0.01287	0.01497	0.01092	0.00798	0.00672	0.00210	0.01206	0.00518	0.00392	0.01076
8	0.01225	0.00914	0.01143	0.01078	0.01302	0.00855	0.00811	0.01699	0.05197	0.03295	0.55252	0.06414	0.14094	0.01759	0.00998	0.00271	0.00418	0.01541	0.00917	0.00819
9	0.03179	0.04056	0.02412	0.02192	0.02631	0.66676	0.01644	0.03398	0.02412	0.02083	0.01315	0.01535	0.01096	0.00877	0.00767	0.00219	0.01535	0.00548	0.00438	0.00987
10	0.02180	0.21296	0.24697	0.02086	0.02797	0.15335	0.02152	0.02670	0.01805	0.02265	0.01315	0.01643	0.01093	0.00933	0.01117	0.00256	0.14295	0.00589	0.00379	0.01097
11	0.02244	0.05535	0.02023	0.01630	0.01982	0.14337	0.01277	0.15945	0.05211	0.03178	0.14333	0.03268	0.02919	0.08912	0.01430	0.00321	0.08080	0.00923	0.05446	0.01006
12	0.01010	0.00844	0.00881	0.00910	0.01162	0.00714	0.00668	0.01216	0.01893	0.02280	0.08034	0.17354	0.55654	0.02232	0.01018	0.00296	0.00440	0.01889	0.00790	0.00714
13	0.03179	0.04056	0.02412	0.02192	0.02631	0.66676	0.01644	0.03398	0.02412	0.02083	0.01315	0.01535	0.01096	0.00877	0.00767	0.00219	0.01535	0.00548	0.00438	0.00987
14	0.05447	0.05715	0.01808	0.01771	0.10825	0.01316	0.01182	0.02336	0.05007	0.14105	0.16903	0.08155	0.19091	0.01487	0.00899	0.00269	0.00619	0.01263	0.00778	0.01023
15	0.01707	0.04402	0.65683	0.02426	0.03683	0.01976	0.03144	0.02695	0.01797	0.02695	0.01527	0.01797	0.01078	0.00809	0.00809	0.00270	0.01258	0.00629	0.00359	0.01258
16	0.01035	0.00747	0.00981	0.01167	0.01230	0.00693	0.00782	0.01187	0.01646	0.02179	0.04904	0.66206	0.08822	0.02638	0.01082	0.00342	0.00490	0.02385	0.00790	0.00693
17	0.01150	0.00821	0.01117	0.01314	0.01413	0.00789	0.00987	0.01381	0.01741	0.02299	0.04628	0.49260	0.05381	0.02559	0.01116	0.00361	0.00592	0.21579	0.00788	0.00722
18	0.02132	0.02100	0.03339	0.09111	0.57608	0.05524	0.02543	0.02626	0.01948	0.02703	0.01580	0.02086	0.01321	0.00771	0.00839	0.00253	0.01047	0.00747	0.00419	0.01302
19	0.01216	0.00912	0.01368	0.01368	0.01520	0.01064	0.01064	0.01520	0.01368	0.01976	0.02279	0.03343	0.02127	0.06382	0.66720	0.01368	0.02279	0.00912	0.00456	0.00760
20	0.01006	0.00862	0.00862	0.00862	0.01149	0.00718	0.00647	0.01221	0.01940	0.02299	0.08621	0.08190	0.64438	0.02155	0.01006	0.00287	0.00431	0.01796	0.00790	0.00718
21	0.02009	0.02296	0.05022	0.03587	0.04448	0.02152	0.61693	0.02726	0.02009	0.02726	0.01722	0.02296	0.01291	0.00717	0.01004	0.00287	0.01435	0.01004	0.00430	0.01148
22	0.01220	0.00895	0.01282	0.01282	0.01405	0.01017	0.00957	0.01465	0.01342	0.01912	0.02358	0.03776	0.02315	0.18763	0.54596	0.01262	0.01997	0.00975	0.00468	0.00712
23	0.01772	0.11984	0.58671	0.02315	0.03512	0.02136	0.02951	0.02678	0.01789	0.02616	0.01488	0.01747	0.01080	0.00799	0.00778	0.00259	0.01218	0.00609	0.00360	0.01239
24	0.03179	0.04056	0.02412	0.02192	0.02631	0.66676	0.01644	0.03398	0.02412	0.02083	0.01315	0.01535	0.01096	0.00877	0.00767	0.00219	0.01535	0.00548	0.00438	0.00987
25	0.03129	0.03961	0.02460	0.02334	0.05533	0.63656	0.01689	0.03361	0.02389	0.02115	0.01329	0.01561	0.01108	0.00871	0.00771	0.00221	0.01510	0.00558	0.00438	0.01003
26	0.03179	0.04056	0.02412	0.02192	0.02631	0.66676	0.01644	0.03398	0.02412	0.02083	0.01315	0.01535	0.01096	0.00877	0.00767	0.00219	0.01535	0.00548	0.00438	0.00987
27	0.01216	0.00912	0.01368	0.01368	0.01520	0.01064	0.01064	0.01520	0.01368	0.01976	0.02279	0.03343	0.02127	0.06382	0.66720	0.01368	0.02279	0.00912	0.00456	0.00760
28	0.02339	0.01939	0.02050	0.01777	0.02298	0.02221	0.01401	0.15944	0.51462	0.03919	0.03181	0.02950	0.02369	0.01128	0.00863	0.00282	0.00726	0.00923	0.00863	0.01367
29	0.01015	0.00862	0.00875	0.00872	0.01155	0.00722	0.00654	0.01239	0.01961	0.02349	0.11150	0.08107	0.61878	0.02136	0.01006	0.00286	0.00430	0.01784	0.00797	0.00722
30	0.02543	0.22811	0.05977	0.05106	0.12416	0.23044	0.01792	0.03086	0.07882	0.05371	0.01642	0.01839	0.01327	0.00845	0.00733	0.00227	0.01119	0.00620	0.00478	0.01141
31	0.02894	0.06473	0.02593	0.02095	0.02534	0.32429	0.01669	0.20126	0.02625	0.03026	0.01482	0.01738	0.01202	0.01031	0.01174	0.00258	0.14349	0.00645	0.00542	0.01115
32	0.06356	0.05077	0.02434	0.12325	0.15089	0.12025	0.01770	0.05515	0.01850	0.02479	0.01645	0.02242	0.01415	0.02252	0.17135	0.00534	0.07660	0.00731	0.00448	0.01017
33	0.01937	0.01850	0.03149	0.26476	0.44851	0.01978	0.02528	0.02464	0.01858	0.02575	0.01571	0.02161	0.01276	0.00790	0.00845	0.00263	0.01053	0.00758	0.00407	0.01212
34	0.01227	0.00867	0.01141	0.01141	0.01215	0.00941	0.00782	0.01374	0.01301	0.01808	0.02486	0.04489	0.02625	0.39173	0.34609	0.01088	0.01531	0.01079	0.00487	0.00634
35	0.02275	0.70604	0.04459	0.01456	0.02184	0.03367	0.01456	0.02548	0.01729	0.02002	0.01183	0.01365	0.01092	0.00728	0.00546	0.00182	0.00910	0.00455	0.00364	0.01092
36	0.01024	0.00828	0.00911	0.00965	0.01180	0.00715	0.00695	0.01229	0.01873	0.02315	0.10130	0.25747	0.44851	0.02283	0.01029	0.00303	0.00448	0.01963	0.00797	0.00715
37	0.01238	0.00825	0.00928	0.00928	0.00928	0.00825	0.00516	0.01238	0.01238	0.01650	0.02681	0.05569	0.03094	0.70092	0.04331	0.00825	0.00825	0.01238	0.00516	0.00516
38	0.01037	0.00741	0.00987	0.01185	0.01234	0.00691	0.00790	0.01185	0.01629	0.02172	0.04690	0.69537	0.05629	0.02666	0.01086	0.00346	0.00494	0.02419	0.00790	0.00691
39	0.01138	0.00971	0.00992	0.00968	0.01274	0.00879	0.00731	0.01607	0.08826	0.02486	0.10347	0.07552	0.55179	0.02026	0.00990	0.00287	0.00457	0.01692	0.00805	0.00792
40	0.01243	0.00933	0.01033	0.00997	0.01281	0.00828	0.00751	0.01604	0.04952	0.05744	0.19711	0.10497	0.43374	0.01991	0.00995	0.00285	0.00454	0.01688	0.00838	0.00801
41	0.03464	0.02016	0.02326	0.01783	0.02456	0.02093	0.01473	0.39218	0.03386	0.28961	0.02560	0.02379	0.01707	0.01034	0.00853	0.00259	0.00853	0.00801	0.00931	0.01448
42	0.76103	0.01646	0.01251	0.01119	0.01646	0.01909	0.00922	0.02502	0.01448	0.03818	0.01185	0.01382	0.00922	0.00790	0.00527	0.00263	0.00658	0.00461	0.00527	0.00922
43	0.01120	0.00802	0.00937	0.01008	0.01082	0.00756	0.00640	0.01215	0.01515	0.01965	0.04561	0.29168	0.15929	0.32553	0.02514	0.00548	0.00629	0.01773	0.00668	0.00618
44	0.01024	0.00863	0.00888	0.00882	0.01161	0.00726	0.00661	0.01257	0.01983	0.02403	0.13808	0.08019	0.59187	0.02117	0.01006	0.00286	0.00428	0.01772	0.00804	0.00726
45	0.03179	0.04056	0.02412	0.02192	0.02631	0.66676	0.01644	0.03398	0.02412	0.02083	0.01315	0.01535	0.01096	0.00877	0.00767	0.00219	0.01535	0.00548	0.00438	0.00987
46	0.02009	0.02296	0.05022	0.03587	0.04448	0.02152	0.61693	0.02726	0.02009	0.02726	0.01722	0.02296	0.01291	0.00717	0.01004	0.00287	0.01435	0.01004	0.00430	0.01148
47	0.01029	0.00771	0.00956	0.01105	0.01213	0.00698	0.00754	0.01194	0.01707	0.02204	0.05669	0.54265	0.20269	0.02539	0.01066	0.00331	0.00478	0.02264	0.00790	0.00698
48	0.03179	0.04056	0.02412	0.02192	0.02631	0.66676	0.01644	0.03398	0.02412	0.02083	0.01315	0.01535	0.01096	0.00877	0.00767	0.00219	0.01535	0.00548	0.00438	0.00987
49	0.01168	0.01004	0.01018	0.00989	0.01305	0.00923	0.00749	0.01705	0.10919	0.02484	0.07866	0.07455	0.55381	0.02009	0.00985	0.00288	0.00467	0.01674	0.00801	0.00810
50	0.01225	0.00820	0.00932	0.00945	0.00948	0.00816	0.00533	0.01234	0.01263	0.01684	0.02811	0.09695	0.03257	0.65743	0.04122	0.00794	0.00804	0.01314	0.00533	0.00527
51	0.01497	0.00890	0.00950	0.00920	0.01044	0.00903	0.00608	0.04676	0.01625	0.02525	0.02691	0.04310	0.02599	0.35448	0.02471	0.00514	0.00638	0.01013	0.33988	0.00688
52	0.02275	0.70604	0.04459	0.01456	0.02184	0.03367	0.01456	0.02548	0.01729	0.02002	0.01183	0.01365	0.01092	0.00728	0.00546	0.00182	0.00910	0.00455	0.00364	0.01092
53	0.01037	0.00741	0.00987	0.01185	0.01234	0.00691	0.00790	0.01185	0.01629	0.02172	0.04690	0.69537	0.05629	0.02666	0.01086	0.00346	0.00494	0.02419	0.00790	0.00691
54	0.01090	0.00805	0.01020	0.01094	0.01234	0.00734	0.00772	0.01337	0.01949	0.02623	0.26019	0.37936	0.15727	0.02264	0.01045	0.00309	0.00452	0.02015	0.00841	0.00734
55	0.01238	0.00825	0.00928	0.00928	0.00928	0.00825	0.00516	0.01238	0.01238	0.01650	0.02681	0.05569	0.03094	0.70092	0.04331	0.00825	0.00825	0.01238	0.00516	0.00516
56	0.01037	0.00741	0.00987	0.01185	0.01234	0.00691	0.00790	0.01185	0.01629	0.02172	0.04690	0.69537	0.05629	0.02666	0.01086	0.00346	0.00494	0.02419	0.00790	0.00691
57	0.01238	0.00825	0.00928	0.00928	0.00928	0.00825	0.00516	0.01238	0.01238	0.01650	0.02681	0.05569	0.03094	0.70092	0.04331	0.00825	0.00825	0.01238	0.00516	0.00516
58	0.01701	0.05320	0.01838	0.01529	0.01810	0.01578	0.01232	0.13347	0.01898	0.02639	0.02114	0.02905	0.01887	0.04778	0.47020	0.01035	0.05077	0.00849	0.00523	0.00921
59	0.01083	0.00827	0.00994	0.01033	0.01217	0.00739	0.00744	0.01340	0.02002	0.02636	0.26246	0.26643	0.27071	0.02174	0.01030	0.00299	0.00441	0.01903	0.00840	0.00739
60	0.01216	0.00912	0.01368	0.01368	0.01520	0.01064	0.01064	0.01520	0.01368	0.01976	0.02279	0.03343	0.02127	0.06382	0.66720	0.01368	0.02279	0.00912	0.00456	0.00760
61	0.02504	0.53779	0.03942	0.01642	0.02297	0.19374	0.01504	0.02763	0.01902	0.02023	0.01217	0.01408	0.01093	0.00766	0.00602	0.00191	0.01068	0.00479	0.00383	0.01065
62	0.01342	0.01092	0.01585	0.01513	0.01627	0.01351	0.01190	0.01607	0.01348	0.01972	0.02075	0.03174	0.01983	0.08840	0.50959	0.01145	0.15077	0.00897	0.00443	0.00780
63	0.03235	0.02384	0.02554	0.01958	0.02639	0.02639	0.01618	0.61946	0.04001	0.05363	0.02043	0.02043	0.01447	0.01022	0.00851	0.00255	0.00936	0.00766	0.00851	0.01447
64	0.05399	0.01616	0.02463	0.09023	0.24525	0.01656	0.05591	0.08478	0.02142	0.03020	0.12274	0.06471	0.08171	0.01252	0.00993	0.03360	0.00842	0.01052	0.00598	0.01075
65	0.02703	0.03030	0.02590	0.02892	0.19519	0.36355	0.01826	0.08807	0.02439	0.02725	0.07474	0.02201	0.01861	0.00941	0.00819	0.00237	0.01224	0.00722	0.00522	0.01114
