[name]
unknown

[dist]
# distance from previous block
# <min> <max>
6	42

[block]
# block no. 0 follows, 22 sequences, length 6
# corresponding to MSA columns:
# 53-58
name=unknown_A
#
# <colnr> <probs for GDERKNQSTAVLIFYWHMCP>
#	G	D	E	R	K	N	Q	S	T	A	V	L	I	F	Y	W	H	M	C	P
0	0.01528	0.01029	0.01296	0.01212	0.01361	0.01046	0.00848	0.01656	0.01484	0.08302	0.02916	0.21720	0.03184	0.30606	0.02514	0.00507	0.08769	0.01353	0.00609	0.08061
1	0.02618	0.15903	0.02497	0.01549	0.02130	0.02112	0.01321	0.22193	0.02506	0.14157	0.01994	0.02077	0.01486	0.00927	0.00851	0.00223	0.05615	0.00671	0.08916	0.10254
2	0.01791	0.04881	0.01695	0.01408	0.01738	0.01440	0.01088	0.12279	0.08328	0.06001	0.12298	0.26921	0.03901	0.01663	0.01000	0.00278	0.04124	0.01418	0.00757	0.06991
3	0.01915	0.01537	0.01744	0.01420	0.01961	0.01455	0.01109	0.14486	0.11338	0.03208	0.02505	0.16181	0.02343	0.01180	0.00785	0.00216	0.00654	0.00997	0.00670	0.34294
4	0.01424	0.01249	0.01474	0.08024	0.01903	0.06474	0.01139	0.01666	0.01546	0.01992	0.03041	0.04606	0.09769	0.17911	0.21758	0.00722	0.06523	0.07524	0.00516	0.00737
5	0.02014	0.22418	0.36328	0.02345	0.09028	0.09531	0.02406	0.02659	0.01815	0.02387	0.01383	0.01639	0.01083	0.00770	0.00718	0.00233	0.01141	0.00571	0.00366	0.01163

[dist]
# distance from previous block
# <min> <max>
1	3

[block]
# block no. 1 follows, 22 sequences, length 40
# corresponding to MSA columns:
# 62-101
name=unknown_B
#
# <colnr> <probs for GDERKNQSTAVLIFYWHMCP>
#	G	D	E	R	K	N	Q	S	T	A	V	L	I	F	Y	W	H	M	C	P
0	0.02232	0.02994	0.20294	0.03553	0.32042	0.13826	0.02439	0.07806	0.02108	0.02782	0.01529	0.01868	0.01208	0.00796	0.00801	0.00246	0.01139	0.00669	0.00433	0.01236
1	0.15106	0.02358	0.02164	0.02018	0.07364	0.15027	0.01480	0.21076	0.18588	0.03696	0.02038	0.02079	0.01542	0.00945	0.00765	0.00252	0.00923	0.00705	0.00669	0.01205
2	0.01187	0.00890	0.01335	0.01335	0.01483	0.01038	0.01038	0.01483	0.01335	0.01928	0.02225	0.03264	0.02077	0.06231	0.67512	0.01335	0.02225	0.00890	0.00445	0.00742
3	0.01439	0.01078	0.01262	0.01189	0.01457	0.01054	0.00909	0.11686	0.02332	0.03107	0.25739	0.18030	0.20378	0.01884	0.00980	0.00285	0.00525	0.04989	0.00830	0.00848
4	0.01499	0.01078	0.01392	0.10773	0.01923	0.01195	0.01020	0.07935	0.01653	0.02326	0.02300	0.03770	0.02227	0.28305	0.19303	0.00734	0.01176	0.00958	0.09679	0.00753
5	0.01642	0.00864	0.00874	0.00840	0.01061	0.00879	0.00639	0.05464	0.01867	0.03221	0.02669	0.03033	0.02088	0.00970	0.00595	0.00197	0.00418	0.00773	0.71097	0.00811
6	0.01927	0.01842	0.03139	0.21973	0.49757	0.01940	0.02485	0.02436	0.01831	0.02557	0.01540	0.02098	0.01261	0.00764	0.00825	0.00255	0.01019	0.00740	0.00400	0.01212
7	0.02198	0.02310	0.02530	0.20700	0.18690	0.18892	0.01958	0.03060	0.16178	0.02553	0.01883	0.02193	0.01475	0.00883	0.00811	0.00254	0.01076	0.00732	0.00503	0.01119
8	0.02994	0.03752	0.02460	0.02449	0.09152	0.60630	0.01704	0.03237	0.02306	0.02104	0.01313	0.01556	0.01096	0.00844	0.00757	0.00217	0.01445	0.00556	0.00426	0.01000
9	0.03107	0.03860	0.02363	0.02126	0.02569	0.63501	0.01604	0.06958	0.02449	0.02229	0.01328	0.01528	0.01091	0.00865	0.00754	0.00216	0.01462	0.00548	0.00453	0.00991
10	0.01208	0.00805	0.00906	0.00906	0.00906	0.00805	0.00503	0.01208	0.01208	0.01611	0.02618	0.05436	0.03020	0.70804	0.04228	0.00805	0.00805	0.01208	0.00503	0.00503
11	0.03043	0.03649	0.02381	0.02115	0.02549	0.56206	0.01613	0.10471	0.02486	0.02420	0.01360	0.01575	0.01113	0.00904	0.00862	0.00226	0.04968	0.00571	0.00474	0.01015
12	0.03103	0.03959	0.02354	0.02140	0.02568	0.67469	0.01605	0.03317	0.02354	0.02033	0.01284	0.01498	0.01070	0.00856	0.00749	0.00214	0.01498	0.00535	0.00428	0.00963
13	0.01012	0.00723	0.00964	0.01157	0.01205	0.00675	0.00771	0.01157	0.01591	0.02121	0.04579	0.70262	0.05495	0.02603	0.01060	0.00337	0.00482	0.02362	0.00771	0.00675
14	0.31658	0.02010	0.08165	0.01406	0.01849	0.12499	0.01204	0.02247	0.01778	0.02980	0.11330	0.14563	0.02802	0.01255	0.00750	0.00266	0.00781	0.00982	0.00588	0.00887
15	0.68841	0.01888	0.08037	0.01226	0.01814	0.01870	0.01126	0.02462	0.01449	0.03613	0.01192	0.01392	0.00916	0.00773	0.00543	0.00258	0.00704	0.00467	0.00497	0.00934
16	0.01043	0.00746	0.00996	0.01168	0.01236	0.00699	0.00803	0.01220	0.01669	0.02238	0.09432	0.61829	0.05644	0.02513	0.01059	0.00334	0.00490	0.05411	0.00782	0.00688
17	0.01114	0.00832	0.01203	0.01266	0.01365	0.00837	0.03160	0.01304	0.01499	0.02038	0.03655	0.43590	0.04192	0.10590	0.18567	0.00642	0.01001	0.01808	0.00646	0.00691
18	0.00990	0.00810	0.00874	0.00925	0.01144	0.00694	0.00668	0.01183	0.01813	0.02211	0.07399	0.24487	0.49449	0.02236	0.01003	0.00296	0.00437	0.01914	0.00771	0.00694
19	0.01666	0.04297	0.66500	0.02368	0.03596	0.01929	0.03069	0.02631	0.01754	0.02631	0.01491	0.01754	0.01052	0.00789	0.00789	0.00263	0.01228	0.00614	0.00351	0.01228
20	0.02056	0.01974	0.03372	0.05099	0.65622	0.01974	0.02550	0.02550	0.01892	0.02714	0.01563	0.02056	0.01316	0.00740	0.00822	0.00247	0.00987	0.00740	0.00411	0.01316
21	0.02723	0.03239	0.02724	0.03214	0.25453	0.43699	0.01948	0.03039	0.02186	0.02280	0.01385	0.01701	0.01159	0.00814	0.00776	0.00226	0.01313	0.00610	0.00422	0.01091
22	0.01129	0.00820	0.01005	0.01106	0.01221	0.00776	0.00795	0.01301	0.01622	0.02091	0.04819	0.26851	0.17140	0.20496	0.01902	0.00459	0.00617	0.14496	0.00699	0.00655
23	0.01208	0.00805	0.00906	0.00906	0.00906	0.00805	0.00503	0.01208	0.01208	0.01611	0.02618	0.05436	0.03020	0.70804	0.04228	0.00805	0.00805	0.01208	0.00503	0.00503
24	0.01137	0.00817	0.01069	0.01113	0.01201	0.00842	0.00769	0.01304	0.01448	0.01973	0.06713	0.20995	0.07392	0.24730	0.23868	0.00802	0.01146	0.01439	0.00589	0.00651
25	0.01175	0.00830	0.00962	0.01002	0.01086	0.00802	0.00668	0.01280	0.01464	0.01889	0.04082	0.10016	0.15125	0.43872	0.02982	0.00618	0.00710	0.10241	0.00608	0.00589
26	0.03103	0.03959	0.02354	0.02140	0.02568	0.67469	0.01605	0.03317	0.02354	0.02033	0.01284	0.01498	0.01070	0.00856	0.00749	0.00214	0.01498	0.00535	0.00428	0.00963
27	0.01167	0.00820	0.00914	0.00924	0.00992	0.00791	0.00572	0.01230	0.01386	0.01787	0.03916	0.06166	0.16103	0.53054	0.03397	0.00675	0.00723	0.04252	0.00572	0.00558
28	0.01163	0.00900	0.01047	0.01107	0.01281	0.00867	0.00790	0.01575	0.08435	0.02335	0.08658	0.31029	0.22852	0.09351	0.01345	0.00362	0.00526	0.04872	0.00759	0.00744
29	0.01012	0.00723	0.00964	0.01157	0.01205	0.00675	0.00771	0.01157	0.01591	0.02121	0.04579	0.70262	0.05495	0.02603	0.01060	0.00337	0.00482	0.02362	0.00771	0.00675
30	0.03158	0.02327	0.02493	0.01911	0.02576	0.02576	0.01579	0.62852	0.03906	0.05236	0.01995	0.01995	0.01413	0.00997	0.00831	0.00249	0.00914	0.00748	0.00831	0.01413
31	0.01398	0.00970	0.01194	0.01225	0.05005	0.00858	0.00857	0.01699	0.02102	0.09324	0.27073	0.06494	0.35151	0.01773	0.00957	0.00269	0.00474	0.01512	0.00827	0.00840
32	0.01987	0.02353	0.13054	0.04515	0.49667	0.01981	0.09099	0.02574	0.01878	0.02696	0.01565	0.02030	0.01270	0.00743	0.00834	0.00253	0.01068	0.00747	0.00403	0.01282
33	0.01283	0.00859	0.01187	0.01187	0.01347	0.00968	0.00917	0.01603	0.01443	0.02238	0.02354	0.03220	0.02091	0.04837	0.49784	0.01033	0.01738	0.00859	0.20302	0.00750
34	0.03103	0.03959	0.02354	0.02140	0.02568	0.67469	0.01605	0.03317	0.02354	0.02033	0.01284	0.01498	0.01070	0.00856	0.00749	0.00214	0.01498	0.00535	0.00428	0.00963
35	0.01735	0.03889	0.55408	0.02848	0.14495	0.01937	0.02978	0.02617	0.01778	0.02645	0.01503	0.01807	0.01099	0.00781	0.00795	0.00260	0.01185	0.00636	0.00361	0.01243
36	0.01697	0.04082	0.60068	0.02486	0.03673	0.01947	0.09286	0.02634	0.01776	0.02634	0.01511	0.01805	0.01074	0.00780	0.00809	0.00265	0.01246	0.00652	0.00358	0.01217
37	0.01983	0.02066	0.07143	0.11389	0.55758	0.01958	0.02557	0.02511	0.01860	0.02649	0.01550	0.02054	0.01279	0.00752	0.00821	0.00251	0.01014	0.00732	0.00403	0.01271
38	0.02056	0.01974	0.03372	0.05099	0.65622	0.01974	0.02550	0.02550	0.01892	0.02714	0.01563	0.02056	0.01316	0.00740	0.00822	0.00247	0.00987	0.00740	0.00411	0.01316
39	0.02030	0.02283	0.09795	0.04458	0.52704	0.05709	0.02466	0.02544	0.01904	0.02646	0.01835	0.02249	0.04039	0.00811	0.00822	0.00248	0.01017	0.00759	0.00421	0.01260

[dist]
# distance from previous block
# <min> <max>
3	24

[block]
# block no. 2 follows, 22 sequences, length 25
# corresponding to MSA columns:
# 126-150
name=unknown_C
#
# <colnr> <probs for GDERKNQSTAVLIFYWHMCP>
#	G	D	E	R	K	N	Q	S	T	A	V	L	I	F	Y	W	H	M	C	P
0	0.02051	0.05396	0.10298	0.02515	0.13992	0.04925	0.09273	0.15373	0.02332	0.03149	0.09815	0.10008	0.02545	0.01190	0.00942	0.02554	0.00933	0.01005	0.00595	0.01109
1	0.07560	0.03135	0.26261	0.03046	0.22805	0.13870	0.02371	0.02802	0.01920	0.06425	0.01559	0.01838	0.01188	0.00799	0.00775	0.00248	0.01128	0.00641	0.00436	0.01195
2	0.05544	0.15451	0.02267	0.02022	0.16148	0.01753	0.01313	0.06559	0.01882	0.02897	0.01980	0.02348	0.01615	0.01153	0.04407	0.00274	0.00779	0.00689	0.29913	0.01007
3	0.09535	0.05598	0.01866	0.01544	0.01990	0.19004	0.01237	0.05171	0.02149	0.18275	0.03241	0.06856	0.10152	0.01311	0.00835	0.00264	0.00890	0.08364	0.00699	0.01020
4	0.06061	0.20950	0.25947	0.01788	0.02604	0.02217	0.01927	0.03010	0.14944	0.07239	0.02162	0.02208	0.03751	0.00904	0.00729	0.00244	0.00920	0.00686	0.00529	0.01180
5	0.02252	0.05294	0.05631	0.02101	0.05096	0.02102	0.11064	0.22708	0.17783	0.03615	0.02913	0.05649	0.07774	0.01119	0.00865	0.00266	0.00880	0.00971	0.00700	0.01217
6	0.02045	0.19366	0.05988	0.01935	0.02504	0.12848	0.12513	0.02717	0.10999	0.02481	0.07005	0.02901	0.08876	0.01046	0.00861	0.00245	0.03231	0.00866	0.00536	0.01037
7	0.18451	0.17288	0.15174	0.01869	0.02563	0.20739	0.04853	0.05664	0.01951	0.02686	0.01325	0.01544	0.01055	0.00793	0.00677	0.00230	0.01101	0.00547	0.00436	0.01052
8	0.02259	0.35088	0.03129	0.07359	0.02434	0.12338	0.01444	0.11186	0.02121	0.02493	0.02143	0.05924	0.06931	0.01010	0.00703	0.00220	0.00940	0.00747	0.00496	0.01035
9	0.09799	0.06132	0.05260	0.01771	0.02318	0.23505	0.01470	0.09013	0.10092	0.15500	0.02179	0.02444	0.01675	0.01000	0.00777	0.00248	0.01013	0.04005	0.00658	0.01141
10	0.01884	0.02985	0.29328	0.03501	0.30135	0.05276	0.05524	0.02552	0.01862	0.02615	0.01910	0.02246	0.04791	0.00841	0.00822	0.00255	0.01101	0.00746	0.00408	0.01217
11	0.01161	0.00819	0.01025	0.01136	0.01203	0.00796	0.00749	0.04148	0.01615	0.02155	0.04006	0.52157	0.04732	0.18105	0.01773	0.00440	0.00577	0.02020	0.00713	0.00671
12	0.07412	0.07910	0.02793	0.25600	0.18519	0.13981	0.04504	0.02492	0.01826	0.02362	0.01450	0.01953	0.01177	0.01011	0.03451	0.00291	0.01156	0.00672	0.00404	0.01035
13	0.01246	0.00962	0.01362	0.01677	0.08464	0.00908	0.01105	0.01496	0.01703	0.02305	0.03998	0.44878	0.04591	0.02196	0.01023	0.00323	0.00608	0.14595	0.00711	0.05849
14	0.01187	0.00890	0.01335	0.01335	0.01483	0.01038	0.01038	0.01483	0.01335	0.01928	0.02225	0.03264	0.02077	0.06231	0.67512	0.01335	0.02225	0.00890	0.00445	0.00742
15	0.01247	0.00871	0.01241	0.01241	0.01397	0.00994	0.00962	0.01559	0.01403	0.02124	0.02306	0.03236	0.02086	0.05352	0.56333	0.01144	0.01918	0.00871	0.12967	0.00747
16	0.01044	0.00766	0.00925	0.01035	0.01127	0.00707	0.00687	0.01175	0.01585	0.02049	0.05070	0.43290	0.18666	0.15901	0.01665	0.00416	0.00532	0.01996	0.00719	0.00647
17	0.02236	0.05011	0.02196	0.01894	0.06590	0.02065	0.01397	0.25163	0.10207	0.03376	0.02119	0.02831	0.01843	0.15057	0.05417	0.00434	0.09578	0.00853	0.00636	0.01098
18	0.02304	0.02757	0.04137	0.03093	0.03809	0.21726	0.44292	0.02858	0.02079	0.02473	0.01562	0.02018	0.01203	0.00747	0.00911	0.00260	0.01430	0.00847	0.00423	0.01073
19	0.33165	0.28009	0.02629	0.01440	0.02009	0.16523	0.01245	0.02647	0.01718	0.02704	0.01184	0.01375	0.00998	0.00767	0.00572	0.00218	0.00918	0.00466	0.00437	0.00975
20	0.01807	0.03314	0.39042	0.03129	0.16950	0.02004	0.12629	0.02581	0.01789	0.02616	0.01513	0.01902	0.01145	0.00804	0.00943	0.00268	0.05271	0.00708	0.00376	0.01210
21	0.01992	0.01977	0.03576	0.10784	0.48499	0.01986	0.13793	0.02530	0.01883	0.02649	0.01577	0.02106	0.01286	0.00741	0.00853	0.00256	0.01076	0.00785	0.00409	0.01242
22	0.01148	0.00947	0.01180	0.04932	0.05273	0.00870	0.00893	0.01459	0.02045	0.02655	0.27944	0.06680	0.37345	0.01807	0.00963	0.00271	0.00482	0.01547	0.00779	0.00780
23	0.01180	0.00807	0.00973	0.00993	0.01027	0.00814	0.00612	0.01254	0.01338	0.01812	0.06556	0.13273	0.03511	0.51115	0.10612	0.00773	0.00897	0.01334	0.00555	0.00568
24	0.01102	0.00850	0.00952	0.01000	0.01164	0.00788	0.00697	0.01349	0.04349	0.02135	0.05782	0.22452	0.31340	0.17666	0.01734	0.00417	0.00548	0.04281	0.00714	0.00679

[dist]
# distance from previous block
# <min> <max>
11	59

[block]
# block no. 3 follows, 22 sequences, length 61
# corresponding to MSA columns:
# 210-270
name=unknown_D
#
# <colnr> <probs for GDERKNQSTAVLIFYWHMCP>
#	G	D	E	R	K	N	Q	S	T	A	V	L	I	F	Y	W	H	M	C	P
0	0.15479	0.19479	0.10360	0.01682	0.02321	0.18519	0.01533	0.02974	0.09149	0.05265	0.01594	0.01717	0.01258	0.00824	0.00668	0.00224	0.00990	0.00565	0.00493	0.04905
1	0.02271	0.02643	0.01983	0.09588	0.02524	0.36156	0.01424	0.02519	0.02021	0.02100	0.02591	0.05748	0.11067	0.04424	0.01064	0.00266	0.04628	0.00860	0.00492	0.05630
2	0.01076	0.00783	0.00912	0.00987	0.01075	0.00729	0.00638	0.01184	0.01526	0.01965	0.04818	0.31077	0.19486	0.27385	0.02198	0.00494	0.00585	0.01789	0.00673	0.00619
3	0.01109	0.00822	0.01001	0.01046	0.01169	0.00803	0.00729	0.01269	0.01524	0.01982	0.04586	0.18476	0.20454	0.23327	0.14885	0.00656	0.00911	0.03974	0.00628	0.00648
4	0.01692	0.03199	0.42690	0.01974	0.02877	0.01706	0.02312	0.09354	0.02067	0.02940	0.08693	0.07105	0.07577	0.01132	0.00847	0.00268	0.00991	0.00927	0.00526	0.01125
5	0.02077	0.02229	0.05912	0.12013	0.44600	0.08385	0.07615	0.02588	0.01910	0.02570	0.01532	0.02023	0.01252	0.00761	0.00828	0.00251	0.01097	0.00735	0.00406	0.01215
6	0.02118	0.02303	0.02324	0.02511	0.14444	0.23262	0.01685	0.02401	0.01763	0.02130	0.01545	0.02141	0.01388	0.02381	0.18814	0.00548	0.16155	0.00710	0.00415	0.00961
7	0.01596	0.01050	0.01320	0.01387	0.04629	0.00998	0.01006	0.04632	0.01897	0.09822	0.04772	0.10616	0.20298	0.15281	0.01628	0.00406	0.00672	0.16433	0.00733	0.00825
8	0.02373	0.10706	0.02586	0.02371	0.14568	0.27937	0.01589	0.02689	0.01987	0.02320	0.01410	0.01717	0.01199	0.00981	0.03490	0.00240	0.01138	0.00568	0.00433	0.19698
9	0.01356	0.01060	0.01207	0.01194	0.01399	0.01095	0.00850	0.02113	0.18479	0.02597	0.14178	0.21404	0.12131	0.15242	0.01595	0.00394	0.00570	0.01540	0.00762	0.00835
10	0.01012	0.00723	0.00964	0.01157	0.01205	0.00675	0.00771	0.01157	0.01591	0.02121	0.04579	0.70262	0.05495	0.02603	0.01060	0.00337	0.00482	0.02362	0.00771	0.00675
11	0.01116	0.00737	0.00978	0.01099	0.01164	0.00690	0.00741	0.01143	0.01501	0.01967	0.04273	0.45671	0.11895	0.02611	0.01595	0.19136	0.00534	0.01878	0.00669	0.00600
12	0.02508	0.02415	0.03021	0.03863	0.39601	0.18207	0.04985	0.02921	0.02067	0.09969	0.01699	0.02016	0.01339	0.00801	0.00813	0.00241	0.01101	0.00712	0.00488	0.01230
13	0.11547	0.02140	0.01977	0.02122	0.10787	0.19755	0.01441	0.06955	0.05191	0.02692	0.02311	0.15038	0.02286	0.01535	0.03907	0.00320	0.03722	0.04723	0.00571	0.00977
14	0.03000	0.11839	0.02588	0.02056	0.02517	0.59960	0.01584	0.03220	0.02276	0.02024	0.01269	0.01479	0.01070	0.00839	0.00724	0.00210	0.01427	0.00524	0.00420	0.00975
15	0.01203	0.00825	0.01006	0.01006	0.01041	0.00860	0.00629	0.01273	0.01238	0.01685	0.02526	0.04928	0.02799	0.55690	0.19040	0.00929	0.01138	0.01134	0.00490	0.00559
16	0.01179	0.00785	0.00926	0.00965	0.00975	0.00775	0.00568	0.01192	0.01281	0.01707	0.02965	0.18543	0.03455	0.53827	0.03537	0.04080	0.00736	0.01422	0.00552	0.00532
17	0.01208	0.00805	0.00906	0.00906	0.00906	0.00805	0.00503	0.01208	0.01208	0.01611	0.02618	0.05436	0.03020	0.70804	0.04228	0.00805	0.00805	0.01208	0.00503	0.00503
18	0.01193	0.00866	0.01212	0.01212	0.01318	0.00972	0.00885	0.01405	0.01299	0.01837	0.02338	0.03886	0.02347	0.24742	0.49371	0.01183	0.01818	0.00981	0.00462	0.00673
19	0.01084	0.00838	0.00921	0.00918	0.01112	0.00751	0.00652	0.01279	0.01799	0.02274	0.16125	0.07119	0.37947	0.19159	0.01797	0.00412	0.00526	0.03891	0.00728	0.00668
20	0.02056	0.01974	0.03372	0.05099	0.65622	0.01974	0.02550	0.02550	0.01892	0.02714	0.01563	0.02056	0.01316	0.00740	0.00822	0.00247	0.00987	0.00740	0.00411	0.01316
21	0.02094	0.02431	0.01873	0.14652	0.02695	0.32325	0.01415	0.02372	0.02065	0.02121	0.03714	0.03817	0.22620	0.01270	0.00843	0.00249	0.01061	0.00983	0.00532	0.00867
22	0.01187	0.00890	0.01335	0.01335	0.01483	0.01038	0.01038	0.01483	0.01335	0.01928	0.02225	0.03264	0.02077	0.06231	0.67512	0.01335	0.02225	0.00890	0.00445	0.00742
23	0.01005	0.00842	0.00873	0.00865	0.01136	0.00711	0.00649	0.01236	0.01947	0.02371	0.15058	0.07786	0.58564	0.02056	0.00982	0.00278	0.00417	0.01724	0.00788	0.00711
24	0.01818	0.01818	0.02545	0.02181	0.02181	0.02545	0.01818	0.01999	0.01272	0.01999	0.01091	0.01818	0.01091	0.01454	0.02726	0.00364	0.69284	0.00727	0.00364	0.00909
25	0.02748	0.03370	0.02403	0.04864	0.02608	0.49996	0.01682	0.02968	0.02079	0.02029	0.01248	0.01600	0.01076	0.00991	0.01203	0.00251	0.16936	0.00587	0.00411	0.00949
26	0.01211	0.01001	0.01081	0.01034	0.01325	0.00949	0.00783	0.01823	0.12380	0.02720	0.21718	0.06733	0.40515	0.01840	0.00959	0.00276	0.00453	0.01555	0.00819	0.00824
27	0.01012	0.00723	0.00964	0.01157	0.01205	0.00675	0.00771	0.01157	0.01591	0.02121	0.04579	0.70262	0.05495	0.02603	0.01060	0.00337	0.00482	0.02362	0.00771	0.00675
28	0.02523	0.01995	0.02373	0.19667	0.03332	0.02283	0.01721	0.35345	0.15003	0.04065	0.02126	0.02268	0.01550	0.00978	0.00834	0.00263	0.00916	0.00783	0.00711	0.01263
29	0.03039	0.03853	0.02364	0.02142	0.02549	0.64243	0.01616	0.03252	0.02300	0.02031	0.01274	0.01514	0.01071	0.00886	0.00847	0.00221	0.04866	0.00545	0.00425	0.00960
30	0.01267	0.00871	0.01128	0.01051	0.01270	0.00797	0.00793	0.01646	0.02327	0.05777	0.59605	0.06169	0.10757	0.01694	0.00974	0.00262	0.00406	0.01490	0.00911	0.00804
31	0.02121	0.53994	0.03903	0.01611	0.02144	0.03102	0.01520	0.02366	0.01584	0.01966	0.01139	0.01453	0.01072	0.00896	0.01079	0.00224	0.17927	0.00515	0.00357	0.01027
32	0.00982	0.00842	0.00842	0.00842	0.01122	0.00701	0.00631	0.01192	0.01894	0.02244	0.08416	0.07995	0.65285	0.02104	0.00982	0.00281	0.00421	0.01753	0.00771	0.00701
33	0.01549	0.00774	0.00774	0.00774	0.00968	0.00774	0.00581	0.01936	0.01742	0.03097	0.02710	0.03097	0.02129	0.00968	0.00581	0.00194	0.00387	0.00774	0.75416	0.00774
34	0.01755	0.01390	0.01740	0.19455	0.02806	0.01530	0.01371	0.02813	0.23576	0.08165	0.04352	0.04288	0.20695	0.01328	0.00881	0.00278	0.00713	0.01117	0.00711	0.01036
35	0.01875	0.22595	0.17958	0.02196	0.02863	0.02401	0.14175	0.02374	0.01647	0.02257	0.01417	0.01872	0.01194	0.01348	0.06892	0.00354	0.14467	0.00684	0.00377	0.01055
36	0.02057	0.51503	0.22718	0.01701	0.02565	0.02886	0.01908	0.02530	0.01707	0.02154	0.01254	0.01457	0.01062	0.00734	0.00609	0.00203	0.00989	0.00494	0.00354	0.01114
37	0.02025	0.01960	0.03402	0.08509	0.59201	0.01973	0.05611	0.02532	0.01883	0.02679	0.01564	0.02074	0.01302	0.00743	0.00831	0.00250	0.01015	0.00752	0.00409	0.01284
38	0.01606	0.01353	0.01598	0.01218	0.01843	0.01036	0.00949	0.01938	0.01701	0.02611	0.01985	0.12967	0.01930	0.00941	0.00688	0.00158	0.00593	0.00799	0.00538	0.63544
39	0.03106	0.03885	0.02361	0.02130	0.02569	0.64516	0.01604	0.06027	0.02425	0.02179	0.01316	0.01521	0.01086	0.00862	0.00753	0.00216	0.01472	0.00545	0.00446	0.00984
40	0.01666	0.04297	0.66500	0.02368	0.03596	0.01929	0.03069	0.02631	0.01754	0.02631	0.01491	0.01754	0.01052	0.00789	0.00789	0.00263	0.01228	0.00614	0.00351	0.01228
41	0.02248	0.01875	0.01981	0.01727	0.02230	0.02151	0.01359	0.14155	0.54084	0.03769	0.03150	0.02915	0.02349	0.01105	0.00843	0.00276	0.00700	0.00907	0.00843	0.01331
42	0.01208	0.00805	0.00906	0.00906	0.00906	0.00805	0.00503	0.01208	0.01208	0.01611	0.02618	0.05436	0.03020	0.70804	0.04228	0.00805	0.00805	0.01208	0.00503	0.00503
43	0.01208	0.00805	0.00906	0.00906	0.00906	0.00805	0.00503	0.01208	0.01208	0.01611	0.02618	0.05436	0.03020	0.70804	0.04228	0.00805	0.00805	0.01208	0.00503	0.00503
44	0.01701	0.08544	0.62561	0.02308	0.03503	0.02015	0.02965	0.02622	0.01750	0.02588	0.01470	0.01727	0.01053	0.00784	0.00773	0.00258	0.01206	0.00603	0.00351	0.01218
45	0.01208	0.00805	0.00906	0.00906	0.00906	0.00805	0.00503	0.01208	0.01208	0.01611	0.02618	0.05436	0.03020	0.70804	0.04228	0.00805	0.00805	0.01208	0.00503	0.00503
46	0.01196	0.00853	0.01148	0.01148	0.01232	0.00937	0.00806	0.01364	0.01280	0.01790	0.02396	0.04209	0.02487	0.34329	0.39975	0.01105	0.01607	0.01028	0.00470	0.00638
47	0.02431	0.01910	0.02245	0.04724	0.02421	0.02228	0.01532	0.34355	0.08471	0.03841	0.01992	0.02295	0.01565	0.01979	0.12636	0.00459	0.12277	0.00786	0.00670	0.01185
48	0.01505	0.01582	0.01273	0.01205	0.01500	0.15692	0.00912	0.01726	0.01996	0.02252	0.09920	0.06156	0.44561	0.01771	0.01009	0.00268	0.03794	0.01420	0.00685	0.00774
49	0.01208	0.00805	0.00906	0.00906	0.00906	0.00805	0.00503	0.01208	0.01208	0.01611	0.02618	0.05436	0.03020	0.70804	0.04228	0.00805	0.00805	0.01208	0.00503	0.00503
50	0.02056	0.01974	0.03372	0.05099	0.65622	0.01974	0.02550	0.02550	0.01892	0.02714	0.01563	0.02056	0.01316	0.00740	0.00822	0.00247	0.00987	0.00740	0.00411	0.01316
51	0.03103	0.03959	0.02354	0.02140	0.02568	0.67469	0.01605	0.03317	0.02354	0.02033	0.01284	0.01498	0.01070	0.00856	0.00749	0.00214	0.01498	0.00535	0.00428	0.00963
52	0.02163	0.10299	0.03402	0.04418	0.52862	0.07622	0.02338	0.02607	0.01906	0.02568	0.01491	0.01924	0.01266	0.00746	0.00782	0.00236	0.01018	0.00688	0.00406	0.01257
53	0.02056	0.01974	0.03372	0.05099	0.65622	0.01974	0.02550	0.02550	0.01892	0.02714	0.01563	0.02056	0.01316	0.00740	0.00822	0.00247	0.00987	0.00740	0.00411	0.01316
54	0.02056	0.01974	0.03372	0.05099	0.65622	0.01974	0.02550	0.02550	0.01892	0.02714	0.01563	0.02056	0.01316	0.00740	0.00822	0.00247	0.00987	0.00740	0.00411	0.01316
55	0.02056	0.01974	0.03372	0.05099	0.65622	0.01974	0.02550	0.02550	0.01892	0.02714	0.01563	0.02056	0.01316	0.00740	0.00822	0.00247	0.00987	0.00740	0.00411	0.01316
56	0.00992	0.00834	0.00861	0.00871	0.01133	0.00703	0.00647	0.01207	0.01895	0.02285	0.10728	0.11861	0.58910	0.02117	0.00987	0.00283	0.00423	0.01781	0.00778	0.00703
57	0.01366	0.00966	0.01339	0.01297	0.01449	0.01109	0.00998	0.04276	0.01469	0.02161	0.02173	0.03154	0.01997	0.07587	0.46241	0.07091	0.04746	0.00863	0.08977	0.00742
58	0.01205	0.00877	0.01148	0.01112	0.01192	0.00852	0.03994	0.01297	0.01387	0.01832	0.03350	0.17109	0.07377	0.47896	0.03165	0.00644	0.00755	0.03645	0.00573	0.00590
59	0.01766	0.23263	0.30593	0.01801	0.02582	0.02143	0.02032	0.02347	0.01656	0.02353	0.01577	0.01948	0.01288	0.01507	0.09270	0.00373	0.04559	0.00619	0.07265	0.01061
60	0.02897	0.07117	0.02383	0.01997	0.02476	0.56419	0.01523	0.03131	0.02246	0.02108	0.01300	0.01516	0.01089	0.00820	0.00722	0.00202	0.01364	0.00525	0.00432	0.09734

[dist]
# distance from previous block
# <min> <max>
0	4

[block]
# block no. 4 follows, 22 sequences, length 44
# corresponding to MSA columns:
# 275-318
name=unknown_E
#
# <colnr> <probs for GDERKNQSTAVLIFYWHMCP>
#	G	D	E	R	K	N	Q	S	T	A	V	L	I	F	Y	W	H	M	C	P
0	0.05914	0.02056	0.02563	0.01953	0.02586	0.02192	0.10123	0.41104	0.03187	0.09005	0.02083	0.02179	0.01492	0.00945	0.00813	0.00249	0.00902	0.00778	0.08595	0.01283
1	0.02192	0.30506	0.28387	0.01948	0.02802	0.16499	0.02109	0.02722	0.01857	0.02238	0.01315	0.01534	0.01062	0.00773	0.00680	0.00219	0.01153	0.00530	0.00369	0.01108
2	0.02043	0.33422	0.32436	0.01958	0.02905	0.02493	0.05204	0.02652	0.01771	0.06013	0.01456	0.01655	0.01127	0.00764	0.00689	0.00226	0.01057	0.00571	0.00395	0.01162
3	0.01461	0.04358	0.01384	0.01369	0.01523	0.12804	0.00986	0.01639	0.01753	0.02121	0.03828	0.51005	0.04463	0.02188	0.00987	0.00311	0.00700	0.05679	0.00691	0.00749
4	0.01085	0.00775	0.01047	0.01240	0.01320	0.00737	0.00898	0.01282	0.01662	0.02202	0.04539	0.56702	0.05336	0.02534	0.01080	0.00347	0.00545	0.15204	0.00770	0.00695
5	0.02915	0.02206	0.02356	0.01862	0.02484	0.02463	0.01520	0.49839	0.17315	0.04844	0.02303	0.02241	0.01663	0.01026	0.00834	0.00257	0.00857	0.00791	0.00834	0.01391
6	0.02221	0.71304	0.04353	0.01421	0.02132	0.03287	0.01421	0.02488	0.01688	0.01955	0.01155	0.01333	0.01066	0.00711	0.00533	0.00178	0.00888	0.00444	0.00355	0.01066
7	0.01056	0.00818	0.00962	0.00982	0.01182	0.00724	0.00715	0.01315	0.01987	0.02596	0.27378	0.21041	0.32118	0.02072	0.00998	0.00286	0.00424	0.01799	0.00821	0.00724
8	0.01187	0.00890	0.01335	0.01335	0.01483	0.01038	0.01038	0.01483	0.01335	0.01928	0.02225	0.03264	0.02077	0.06231	0.67512	0.01335	0.02225	0.00890	0.00445	0.00742
9	0.01553	0.00877	0.00914	0.00879	0.01048	0.00892	0.00620	0.05418	0.01728	0.02822	0.02642	0.03667	0.02328	0.19966	0.01588	0.00363	0.00533	0.00891	0.50532	0.00739
10	0.02221	0.71304	0.04353	0.01421	0.02132	0.03287	0.01421	0.02488	0.01688	0.01955	0.01155	0.01333	0.01066	0.00711	0.00533	0.00178	0.00888	0.00444	0.00355	0.01066
11	0.01177	0.00847	0.01100	0.01038	0.01224	0.00785	0.00770	0.01550	0.02294	0.03245	0.62054	0.06167	0.07598	0.05155	0.01142	0.00288	0.00413	0.01488	0.00894	0.00770
12	0.03158	0.02327	0.02493	0.01911	0.02576	0.02576	0.01579	0.62852	0.03906	0.05236	0.01995	0.01995	0.01413	0.00997	0.00831	0.00249	0.00914	0.00748	0.00831	0.01413
13	0.01798	0.03672	0.46606	0.02371	0.03281	0.06023	0.05604	0.02545	0.01702	0.02467	0.01406	0.01775	0.01071	0.00925	0.01191	0.00281	0.15129	0.00650	0.00361	0.01142
14	0.02057	0.01687	0.12927	0.01515	0.02060	0.01175	0.04295	0.02534	0.02214	0.22023	0.29686	0.04308	0.07346	0.01310	0.00903	0.00262	0.00682	0.01134	0.00820	0.01063
15	0.03101	0.02299	0.02461	0.01900	0.02555	0.02550	0.01565	0.59799	0.07052	0.05144	0.02067	0.02052	0.01471	0.01004	0.00832	0.00251	0.00901	0.00758	0.00832	0.01408
16	0.15192	0.40170	0.11712	0.01564	0.02278	0.09181	0.01558	0.02659	0.01750	0.05550	0.01318	0.01482	0.01085	0.00762	0.00600	0.00210	0.00943	0.00496	0.00423	0.01066
17	0.02221	0.71304	0.04353	0.01421	0.02132	0.03287	0.01421	0.02488	0.01688	0.01955	0.01155	0.01333	0.01066	0.00711	0.00533	0.00178	0.00888	0.00444	0.00355	0.01066
18	0.03104	0.02300	0.02463	0.01900	0.02556	0.02551	0.01566	0.59942	0.06904	0.05148	0.02064	0.02050	0.01469	0.01004	0.00832	0.00251	0.00901	0.00757	0.00832	0.01408
19	0.02221	0.71304	0.04353	0.01421	0.02132	0.03287	0.01421	0.02488	0.01688	0.01955	0.01155	0.01333	0.01066	0.00711	0.00533	0.00178	0.00888	0.00444	0.00355	0.01066
20	0.01187	0.00890	0.01335	0.01335	0.01483	0.01038	0.01038	0.01483	0.01335	0.01928	0.02225	0.03264	0.02077	0.06231	0.67512	0.01335	0.02225	0.00890	0.00445	0.00742
21	0.03020	0.10343	0.02544	0.02072	0.02527	0.61385	0.01588	0.03239	0.02291	0.02026	0.01272	0.01482	0.01070	0.00842	0.00729	0.00211	0.01440	0.00526	0.00421	0.00973
22	0.01189	0.00882	0.01294	0.01294	0.01428	0.01016	0.00987	0.01457	0.01323	0.01898	0.02263	0.03471	0.02167	0.12387	0.61479	0.01285	0.02090	0.00920	0.00451	0.00719
23	0.01208	0.00805	0.00906	0.00906	0.00906	0.00805	0.00503	0.01208	0.01208	0.01611	0.02618	0.05436	0.03020	0.70804	0.04228	0.00805	0.00805	0.01208	0.00503	0.00503
24	0.01190	0.00877	0.01269	0.01269	0.01395	0.01003	0.00956	0.01441	0.01316	0.01880	0.02285	0.03598	0.02222	0.16154	0.57787	0.01254	0.02007	0.00939	0.00454	0.00705
25	0.01666	0.04297	0.66500	0.02368	0.03596	0.01929	0.03069	0.02631	0.01754	0.02631	0.01491	0.01754	0.01052	0.00789	0.00789	0.00263	0.01228	0.00614	0.00351	0.01228
26	0.01969	0.01885	0.03214	0.16510	0.54894	0.01951	0.02506	0.02473	0.01850	0.02608	0.01547	0.02085	0.01279	0.00756	0.00824	0.00252	0.01009	0.00740	0.00404	0.01246
27	0.03426	0.01589	0.01989	0.01548	0.02167	0.01520	0.01271	0.15336	0.06640	0.47939	0.03015	0.02695	0.01966	0.01026	0.00825	0.00255	0.00731	0.00823	0.03856	0.01382
28	0.03103	0.03959	0.02354	0.02140	0.02568	0.67469	0.01605	0.03317	0.02354	0.02033	0.01284	0.01498	0.01070	0.00856	0.00749	0.00214	0.01498	0.00535	0.00428	0.00963
29	0.01887	0.02674	0.18483	0.03173	0.04051	0.02088	0.45830	0.02616	0.01875	0.02616	0.01604	0.02108	0.01204	0.00764	0.01039	0.00281	0.05289	0.00884	0.00401	0.01132
30	0.01078	0.00795	0.00951	0.01035	0.01152	0.00735	0.00712	0.01238	0.01650	0.02133	0.08650	0.31734	0.20829	0.17587	0.01746	0.00425	0.00551	0.05623	0.00719	0.00656
31	0.02360	0.02760	0.02121	0.01905	0.02181	0.37029	0.01474	0.02595	0.02061	0.02246	0.11955	0.02679	0.05527	0.01206	0.01291	0.00262	0.18128	0.00803	0.00509	0.00907
32	0.01754	0.27018	0.30212	0.01806	0.02612	0.02207	0.02040	0.02325	0.01638	0.02237	0.01537	0.01942	0.01285	0.01973	0.15558	0.00472	0.01331	0.00616	0.00373	0.01063
33	0.01177	0.00810	0.01066	0.01120	0.01206	0.00850	0.00781	0.01363	0.01413	0.02012	0.03039	0.22778	0.03293	0.21405	0.25987	0.00807	0.01190	0.01378	0.07659	0.00664
34	0.01778	0.17813	0.53965	0.02177	0.03300	0.02203	0.02737	0.02602	0.01741	0.02494	0.01423	0.01669	0.01055	0.00773	0.00738	0.00246	0.01159	0.00580	0.00352	0.01195
35	0.17082	0.21216	0.19658	0.01560	0.02261	0.02048	0.01633	0.02464	0.01690	0.07959	0.04726	0.02177	0.01624	0.05231	0.05189	0.00339	0.00972	0.00649	0.00485	0.01038
36	0.01736	0.12678	0.58727	0.02249	0.03413	0.02099	0.02863	0.02613	0.01746	0.02546	0.01449	0.01701	0.01054	0.00779	0.00757	0.00252	0.01185	0.00593	0.00351	0.01208
37	0.08944	0.23291	0.23852	0.01858	0.02531	0.02403	0.01972	0.02361	0.01572	0.02352	0.01321	0.01701	0.01116	0.01258	0.05415	0.00328	0.15711	0.00590	0.00376	0.01049
38	0.20115	0.05336	0.15668	0.01418	0.01948	0.01456	0.01411	0.02004	0.01700	0.02731	0.06214	0.04445	0.13300	0.04930	0.03942	0.00354	0.00831	0.10731	0.00572	0.00891
39	0.02013	0.09034	0.22901	0.01733	0.02455	0.01855	0.01791	0.17280	0.02305	0.06260	0.03070	0.06402	0.12589	0.01492	0.04856	0.00323	0.00975	0.00943	0.00604	0.01120
40	0.06576	0.28254	0.18569	0.01614	0.02315	0.02125	0.04650	0.02218	0.01782	0.02437	0.08000	0.05673	0.10507	0.01087	0.00739	0.00237	0.00858	0.00862	0.00490	0.01008
41	0.05330	0.26562	0.36388	0.01972	0.02915	0.08939	0.02275	0.02643	0.01777	0.02394	0.01343	0.01569	0.01052	0.00769	0.00687	0.00229	0.01115	0.00542	0.00367	0.01133
42	0.24672	0.02867	0.09013	0.01881	0.05066	0.30433	0.01523	0.02749	0.01925	0.02693	0.04479	0.01845	0.01422	0.01184	0.04732	0.00304	0.01179	0.00596	0.00469	0.00967
43	0.27507	0.11417	0.29270	0.01925	0.06373	0.02034	0.01986	0.02486	0.01616	0.02893	0.01375	0.01656	0.01068	0.01041	0.03980	0.00303	0.01019	0.00558	0.00416	0.01076

[dist]
# distance from previous block
# <min> <max>
7	94

[block]
# block no. 5 follows, 22 sequences, length 8
# corresponding to MSA columns:
# 415-422
name=unknown_F
#
# <colnr> <probs for GDERKNQSTAVLIFYWHMCP>
#	G	D	E	R	K	N	Q	S	T	A	V	L	I	F	Y	W	H	M	C	P
0	0.07929	0.02008	0.14862	0.02541	0.21485	0.01488	0.01787	0.02151	0.01878	0.02806	0.12401	0.03446	0.11944	0.01095	0.00817	0.00245	0.00789	0.00937	0.00549	0.08842
1	0.02407	0.02799	0.12459	0.03350	0.29541	0.19396	0.02178	0.03027	0.06852	0.07496	0.01751	0.02002	0.01362	0.00831	0.00801	0.00244	0.01113	0.00689	0.00488	0.01216
2	0.09631	0.12420	0.02574	0.02690	0.25958	0.01873	0.01609	0.02427	0.07424	0.02693	0.02729	0.02896	0.11755	0.00982	0.00751	0.00232	0.00773	0.00820	0.00520	0.09241
3	0.02470	0.02258	0.02372	0.09316	0.12959	0.15036	0.01693	0.25295	0.02677	0.03381	0.02129	0.12504	0.01929	0.01159	0.00849	0.00258	0.00996	0.00953	0.00625	0.01142
4	0.32348	0.01961	0.05178	0.07776	0.14574	0.09596	0.01516	0.02367	0.01683	0.02906	0.01784	0.11445	0.01683	0.01043	0.00721	0.00263	0.00858	0.00822	0.00500	0.00975
5	0.02511	0.26927	0.03148	0.07464	0.07761	0.14843	0.01643	0.17748	0.02370	0.02868	0.01496	0.01745	0.01222	0.01062	0.03603	0.00266	0.01093	0.00605	0.00498	0.01128
6	0.01577	0.01322	0.01364	0.01320	0.01602	0.06652	0.01035	0.10340	0.02249	0.02852	0.14309	0.16043	0.20717	0.01892	0.00985	0.00296	0.00655	0.13171	0.00772	0.00846
7	0.01535	0.12401	0.01616	0.01064	0.01429	0.01273	0.00872	0.01858	0.01675	0.02510	0.02993	0.03332	0.10834	0.02025	0.13233	0.00408	0.00854	0.00839	0.27035	0.12211

[dist]
# distance from previous block
# <min> <max>
0	1

[block]
# block no. 6 follows, 22 sequences, length 15
# corresponding to MSA columns:
# 424-438
name=unknown_G
#
# <colnr> <probs for GDERKNQSTAVLIFYWHMCP>
#	G	D	E	R	K	N	Q	S	T	A	V	L	I	F	Y	W	H	M	C	P
0	0.01973	0.02198	0.01796	0.01733	0.04355	0.26319	0.01270	0.02214	0.02028	0.02293	0.12127	0.07723	0.18064	0.01459	0.01136	0.00266	0.10486	0.01108	0.00590	0.00864
1	0.02188	0.01855	0.01772	0.01551	0.01969	0.14607	0.01187	0.04494	0.08661	0.11408	0.02672	0.19279	0.02527	0.01334	0.00929	0.00248	0.04456	0.01089	0.00666	0.17109
2	0.02598	0.03703	0.18604	0.02334	0.05903	0.39490	0.02035	0.06191	0.02184	0.02386	0.01374	0.01640	0.01098	0.00885	0.00912	0.00241	0.06340	0.00590	0.00425	0.01067
3	0.01329	0.01189	0.01226	0.01294	0.01432	0.09241	0.00925	0.01521	0.01628	0.02048	0.03757	0.36517	0.08520	0.06090	0.18602	0.00599	0.01077	0.01650	0.00631	0.00724
4	0.02976	0.02675	0.02327	0.01894	0.02462	0.20800	0.01514	0.41272	0.03312	0.04100	0.02286	0.02314	0.06215	0.01042	0.00819	0.00242	0.01042	0.00765	0.00712	0.01231
5	0.02243	0.02396	0.02935	0.06592	0.43549	0.18589	0.02190	0.02651	0.02001	0.02491	0.01877	0.02257	0.04877	0.00851	0.00813	0.00241	0.01090	0.00745	0.00434	0.01176
6	0.02393	0.20220	0.03283	0.05728	0.28227	0.21942	0.01970	0.02748	0.01970	0.02294	0.01372	0.01711	0.01170	0.00771	0.00727	0.00220	0.01120	0.00603	0.00400	0.01131
7	0.01536	0.14787	0.01765	0.01227	0.01442	0.05133	0.00905	0.04686	0.01654	0.02086	0.02995	0.29709	0.03418	0.22792	0.01891	0.00437	0.00740	0.01451	0.00592	0.00753
8	0.02803	0.12961	0.02733	0.02261	0.07363	0.45264	0.01668	0.05972	0.02219	0.02230	0.01308	0.01567	0.01107	0.00880	0.00880	0.00225	0.06544	0.00563	0.00431	0.01023
9	0.01879	0.01714	0.02095	0.01906	0.05678	0.08624	0.08773	0.11223	0.03763	0.02594	0.02707	0.13655	0.05634	0.18876	0.01879	0.00414	0.05925	0.01172	0.00584	0.00904
10	0.01709	0.01420	0.01358	0.01301	0.01613	0.08836	0.00972	0.02345	0.14467	0.08317	0.05150	0.21078	0.24601	0.01785	0.00933	0.00285	0.00636	0.01512	0.00770	0.00915
11	0.01959	0.02102	0.09402	0.02749	0.18338	0.03945	0.03747	0.07090	0.13148	0.02764	0.01917	0.02322	0.01572	0.01736	0.10489	0.00429	0.13857	0.00783	0.00511	0.01141
12	0.01212	0.00805	0.00935	0.00946	0.00968	0.00814	0.00562	0.01260	0.01265	0.01734	0.02705	0.08866	0.03050	0.58853	0.08511	0.00788	0.00871	0.01230	0.04083	0.00544
13	0.01766	0.03603	0.45695	0.02751	0.03848	0.01987	0.23178	0.02641	0.01824	0.02641	0.01555	0.01918	0.01123	0.00759	0.00854	0.00269	0.01286	0.00738	0.00374	0.01192
14	0.02012	0.01917	0.03205	0.10760	0.56461	0.01967	0.02456	0.02618	0.05453	0.02703	0.01659	0.02131	0.01367	0.00771	0.00825	0.00252	0.00979	0.00751	0.00432	0.01280

[dist]
# distance from previous block
# <min> <max>
0	1

[block]
# block no. 7 follows, 22 sequences, length 11
# corresponding to MSA columns:
# 440-450
name=unknown_H
#
# <colnr> <probs for GDERKNQSTAVLIFYWHMCP>
#	G	D	E	R	K	N	Q	S	T	A	V	L	I	F	Y	W	H	M	C	P
0	0.02257	0.02543	0.02392	0.10534	0.09661	0.28230	0.01757	0.02555	0.01943	0.02256	0.08469	0.02258	0.01867	0.01087	0.01295	0.00269	0.18467	0.00740	0.00457	0.00963
1	0.02943	0.02159	0.02318	0.01801	0.02392	0.02381	0.01460	0.56055	0.03608	0.04836	0.02063	0.02374	0.01590	0.08695	0.01206	0.00311	0.00902	0.00799	0.00795	0.01312
2	0.01684	0.01653	0.01449	0.01417	0.01711	0.14835	0.01089	0.02295	0.12497	0.02551	0.11306	0.12770	0.19148	0.01720	0.00944	0.00287	0.00740	0.10301	0.00727	0.00875
3	0.01115	0.00823	0.00990	0.01072	0.01208	0.00768	0.00773	0.01299	0.01683	0.02161	0.07970	0.23849	0.21922	0.17897	0.01772	0.00432	0.00585	0.12300	0.00716	0.00665
4	0.02982	0.02195	0.02368	0.01849	0.02464	0.02420	0.01513	0.57788	0.03716	0.04980	0.02207	0.07599	0.01748	0.01129	0.00850	0.00257	0.00879	0.00880	0.00826	0.01352
5	0.09807	0.01474	0.09209	0.01259	0.01705	0.01122	0.01105	0.02001	0.03870	0.07877	0.09232	0.16847	0.15003	0.03846	0.00960	0.00280	0.00619	0.01270	0.03203	0.09312
6	0.02221	0.71304	0.04353	0.01421	0.02132	0.03287	0.01421	0.02488	0.01688	0.01955	0.01155	0.01333	0.01066	0.00711	0.00533	0.00178	0.00888	0.00444	0.00355	0.01066
7	0.11375	0.26063	0.16478	0.01755	0.02437	0.18654	0.01724	0.02640	0.01806	0.02334	0.01344	0.01620	0.01124	0.01211	0.05972	0.00307	0.01189	0.00539	0.00399	0.01029
8	0.01999	0.35244	0.34356	0.01918	0.02864	0.06056	0.02230	0.02601	0.01756	0.02286	0.01325	0.01546	0.01060	0.00757	0.00669	0.00221	0.01085	0.00531	0.00357	0.01139
9	0.01954	0.01853	0.03144	0.12705	0.54493	0.01898	0.02448	0.02448	0.01865	0.02628	0.01720	0.02508	0.01495	0.00843	0.00843	0.00258	0.00989	0.04247	0.00427	0.01235
10	0.02335	0.02133	0.03067	0.07852	0.44487	0.05660	0.02264	0.16237	0.02360	0.03215	0.01640	0.02021	0.01313	0.00810	0.00821	0.00247	0.01005	0.00731	0.00505	0.01296

[dist]
# distance from previous block
# <min> <max>
0	3

[block]
# block no. 8 follows, 22 sequences, length 23
# corresponding to MSA columns:
# 454-476
name=unknown_I
#
# <colnr> <probs for GDERKNQSTAVLIFYWHMCP>
#	G	D	E	R	K	N	Q	S	T	A	V	L	I	F	Y	W	H	M	C	P
0	0.02772	0.02557	0.10041	0.06387	0.17306	0.16242	0.01934	0.10479	0.02334	0.18911	0.01975	0.02095	0.01419	0.00881	0.00807	0.00246	0.01054	0.00705	0.00613	0.01243
1	0.02056	0.01974	0.03372	0.05099	0.65622	0.01974	0.02550	0.02550	0.01892	0.02714	0.01563	0.02056	0.01316	0.00740	0.00822	0.00247	0.00987	0.00740	0.00411	0.01316
2	0.01834	0.24512	0.47752	0.02082	0.03154	0.02339	0.02572	0.02588	0.01734	0.02427	0.01390	0.01627	0.01057	0.00766	0.00712	0.00237	0.01125	0.00563	0.00352	0.01179
3	0.01755	0.02000	0.10656	0.37861	0.26897	0.01902	0.02487	0.02338	0.01755	0.02397	0.01509	0.02102	0.01175	0.00793	0.00823	0.00264	0.01079	0.00724	0.00382	0.01101
4	0.01975	0.01891	0.03225	0.15767	0.55592	0.01952	0.02509	0.02478	0.01853	0.02615	0.01548	0.02083	0.01281	0.00755	0.00824	0.00252	0.01007	0.00740	0.00404	0.01250
5	0.01208	0.00805	0.00906	0.00906	0.00906	0.00805	0.00503	0.01208	0.01208	0.01611	0.02618	0.05436	0.03020	0.70804	0.04228	0.00805	0.00805	0.01208	0.00503	0.00503
6	0.02355	0.02358	0.21606	0.02645	0.19173	0.01578	0.02072	0.02924	0.02059	0.22680	0.09881	0.02716	0.02269	0.00963	0.00836	0.00257	0.00898	0.00826	0.00648	0.01255
7	0.02056	0.01974	0.03372	0.05099	0.65622	0.01974	0.02550	0.02550	0.01892	0.02714	0.01563	0.02056	0.01316	0.00740	0.00822	0.00247	0.00987	0.00740	0.00411	0.01316
8	0.01187	0.00890	0.01335	0.01335	0.01483	0.01038	0.01038	0.01483	0.01335	0.01928	0.02225	0.03264	0.02077	0.06231	0.67512	0.01335	0.02225	0.00890	0.00445	0.00742
9	0.02065	0.01137	0.01414	0.01302	0.01648	0.01069	0.01003	0.06027	0.06010	0.22325	0.04617	0.26235	0.14619	0.01816	0.00954	0.00296	0.00595	0.05010	0.00859	0.00999
10	0.01549	0.00774	0.00774	0.00774	0.00968	0.00774	0.00581	0.01936	0.01742	0.03097	0.02710	0.03097	0.02129	0.00968	0.00581	0.00194	0.00387	0.00774	0.75416	0.00774
11	0.09324	0.01674	0.06287	0.30276	0.03916	0.01683	0.14293	0.02182	0.01745	0.02569	0.07476	0.02708	0.01903	0.04876	0.01019	0.00298	0.01001	0.00850	0.04985	0.00933
12	0.01712	0.01209	0.01636	0.28431	0.03048	0.01382	0.01376	0.07892	0.01918	0.02909	0.02142	0.02633	0.01646	0.00915	0.00706	0.00233	0.00730	0.00757	0.37829	0.00896
13	0.01549	0.00774	0.00774	0.00774	0.00968	0.00774	0.00581	0.01936	0.01742	0.03097	0.02710	0.03097	0.02129	0.00968	0.00581	0.00194	0.00387	0.00774	0.75416	0.00774
14	0.06138	0.01524	0.02505	0.24605	0.24029	0.01640	0.05598	0.02096	0.01724	0.02445	0.02199	0.17484	0.02164	0.01190	0.00870	0.00280	0.00916	0.01103	0.00486	0.01006
15	0.18674	0.02328	0.08815	0.05793	0.18876	0.10759	0.01843	0.02882	0.11955	0.02884	0.01687	0.01955	0.01337	0.00887	0.00883	0.00262	0.05899	0.00667	0.00496	0.01119
16	0.25358	0.02133	0.10596	0.03019	0.23354	0.01898	0.12742	0.02498	0.01738	0.02999	0.01609	0.02248	0.01341	0.00838	0.00768	0.00266	0.00970	0.04059	0.00458	0.01108
17	0.10244	0.01420	0.01795	0.11532	0.13980	0.04297	0.01448	0.02032	0.04443	0.02520	0.03719	0.04703	0.17688	0.01497	0.01024	0.04823	0.00781	0.10579	0.00580	0.00897
18	0.02614	0.02423	0.02614	0.02840	0.21390	0.15622	0.01808	0.25216	0.02699	0.03472	0.01701	0.01968	0.01341	0.01175	0.04705	0.00297	0.01115	0.00695	0.00579	0.05725
19	0.13325	0.14341	0.02713	0.01939	0.04845	0.07560	0.04912	0.05570	0.01840	0.13863	0.01611	0.01858	0.01262	0.01005	0.01251	0.00269	0.19565	0.00656	0.00535	0.01082
20	0.10800	0.15619	0.05912	0.01520	0.02012	0.15325	0.01330	0.02512	0.05849	0.05101	0.03165	0.03885	0.12946	0.01263	0.00789	0.00257	0.00884	0.09294	0.00579	0.00958
