[name]
unknown

[dist]
# distance from previous block
# <min> <max>
0	0

[block]
# block no. 0 follows, 21 sequences, length 56
# corresponding to MSA columns:
# 0-55
name=unknown_A
#
# <colnr> <probs for GDERKNQSTAVLIFYWHMCP>
#	G	D	E	R	K	N	Q	S	T	A	V	L	I	F	Y	W	H	M	C	P
0	0.01371	0.00980	0.01371	0.01567	0.01763	0.00980	0.01371	0.01763	0.01959	0.02547	0.04506	0.09599	0.04898	0.02351	0.01175	0.00392	0.00784	0.59056	0.00784	0.00784
1	0.01051	0.00777	0.00953	0.01085	0.01182	0.00712	0.00728	0.01199	0.01657	0.02145	0.05358	0.48892	0.18567	0.09786	0.01416	0.00384	0.00515	0.02152	0.00761	0.00678
2	0.01984	0.44817	0.03314	0.01418	0.01947	0.05107	0.01302	0.02271	0.01664	0.02076	0.01585	0.02017	0.01439	0.02254	0.18145	0.00500	0.01265	0.00602	0.05312	0.00980
3	0.01157	0.00905	0.01124	0.01146	0.01336	0.00915	0.00848	0.01484	0.04553	0.02176	0.05015	0.15699	0.25086	0.08242	0.25531	0.00732	0.01162	0.01491	0.00652	0.00746
4	0.01114	0.00862	0.00987	0.00958	0.01180	0.00765	0.00701	0.01389	0.02073	0.02715	0.32032	0.07145	0.34167	0.08600	0.01329	0.00331	0.00457	0.01631	0.00827	0.00735
5	0.01967	0.01880	0.03203	0.22730	0.48364	0.01985	0.02543	0.02490	0.01872	0.02611	0.01576	0.02152	0.01288	0.00784	0.00845	0.00261	0.01045	0.00758	0.00409	0.01236
6	0.02072	0.01987	0.03392	0.09559	0.60718	0.02013	0.02595	0.02582	0.01921	0.02738	0.01595	0.02117	0.01333	0.00765	0.00843	0.00255	0.01020	0.00758	0.00418	0.01320
7	0.01218	0.00902	0.01321	0.01321	0.01456	0.01038	0.01005	0.01489	0.01354	0.01941	0.02323	0.03582	0.02231	0.13219	0.60025	0.01309	0.02123	0.00947	0.00462	0.00734
8	0.01006	0.00862	0.00862	0.00862	0.01149	0.00718	0.00647	0.01221	0.01940	0.02299	0.08621	0.08190	0.64438	0.02155	0.01006	0.00287	0.00431	0.01796	0.00790	0.00718
9	0.01217	0.00906	0.01337	0.01337	0.01479	0.01047	0.01026	0.01500	0.01359	0.01953	0.02307	0.03497	0.02194	0.10779	0.62415	0.01330	0.02179	0.00934	0.00460	0.00743
10	0.01198	0.00823	0.00925	0.00939	0.00973	0.00804	0.00549	0.01232	0.01341	0.01757	0.03469	0.10270	0.09975	0.58013	0.03744	0.00733	0.00759	0.01380	0.00565	0.00550
11	0.01707	0.04402	0.65683	0.02426	0.03683	0.01976	0.03144	0.02695	0.01797	0.02695	0.01527	0.01797	0.01078	0.00809	0.00809	0.00270	0.01258	0.00629	0.00359	0.01258
12	0.01031	0.00763	0.00965	0.01126	0.01219	0.00696	0.00764	0.01192	0.01686	0.02195	0.05403	0.58423	0.16283	0.02574	0.01072	0.00335	0.00482	0.02306	0.00790	0.00696
13	0.01034	0.00754	0.00974	0.01150	0.01225	0.00694	0.00775	0.01189	0.01663	0.02186	0.05112	0.62954	0.11939	0.02611	0.01078	0.00339	0.00487	0.02352	0.00790	0.00694
14	0.01044	0.00798	0.00959	0.01057	0.01208	0.00713	0.00740	0.01243	0.01824	0.02351	0.12501	0.40740	0.26993	0.02383	0.01048	0.00316	0.00461	0.02101	0.00806	0.00713
15	0.01024	0.00791	0.00935	0.01050	0.01199	0.00703	0.00730	0.01200	0.01759	0.02225	0.06336	0.43850	0.30253	0.02452	0.01053	0.00321	0.00467	0.02158	0.00790	0.00703
16	0.01037	0.00741	0.00987	0.01185	0.01234	0.00691	0.00790	0.01185	0.01629	0.02172	0.04690	0.69537	0.05629	0.02666	0.01086	0.00346	0.00494	0.02419	0.00790	0.00691
17	0.01504	0.01321	0.02100	0.49343	0.04487	0.01594	0.01848	0.01913	0.01572	0.02028	0.01838	0.03189	0.01680	0.20146	0.01821	0.00434	0.01048	0.00890	0.00416	0.00826
18	0.01819	0.00991	0.01273	0.01134	0.01385	0.00913	0.00827	0.02092	0.02089	0.17281	0.33022	0.05335	0.05282	0.20628	0.01897	0.00422	0.00594	0.01297	0.00846	0.00872
19	0.01122	0.00836	0.01044	0.01056	0.01237	0.00758	0.00768	0.01422	0.02118	0.02875	0.38052	0.22486	0.18984	0.02056	0.01025	0.00291	0.00431	0.01811	0.00870	0.00758
20	0.03179	0.04056	0.02412	0.02192	0.02631	0.66676	0.01644	0.03398	0.02412	0.02083	0.01315	0.01535	0.01096	0.00877	0.00767	0.00219	0.01535	0.00548	0.00438	0.00987
21	0.01389	0.01107	0.01618	0.01535	0.01636	0.01375	0.01208	0.01594	0.01325	0.01938	0.01932	0.02929	0.01831	0.04916	0.45557	0.09071	0.16997	0.00856	0.00428	0.00756
22	0.01538	0.01091	0.01740	0.08447	0.13213	0.01167	0.01320	0.01590	0.01383	0.01909	0.01708	0.02662	0.01587	0.03227	0.18808	0.35500	0.01220	0.00788	0.00402	0.00703
23	0.01326	0.01187	0.01166	0.01161	0.01416	0.07208	0.00893	0.01616	0.02110	0.02625	0.23122	0.09733	0.31602	0.01959	0.01008	0.00292	0.00581	0.09423	0.00797	0.00777
24	0.02034	0.01855	0.01969	0.01495	0.02148	0.07438	0.01197	0.07541	0.01981	0.02874	0.01506	0.01777	0.01249	0.00764	0.00855	0.00168	0.06786	0.00553	0.00517	0.55294
25	0.01046	0.00774	0.00978	0.01116	0.01222	0.00706	0.00765	0.01229	0.01755	0.02305	0.10680	0.52833	0.16495	0.02492	0.01064	0.00328	0.00474	0.02228	0.00803	0.00706
26	0.02601	0.47247	0.03789	0.01652	0.02340	0.09360	0.01514	0.17318	0.02357	0.02841	0.01409	0.01549	0.01180	0.00815	0.00643	0.00204	0.00978	0.00541	0.00492	0.01170
27	0.01842	0.01713	0.02234	0.19205	0.16969	0.06146	0.01748	0.06332	0.08672	0.02807	0.09176	0.03735	0.13498	0.01199	0.00888	0.00270	0.00873	0.01030	0.00605	0.01060
28	0.01654	0.01512	0.01749	0.15551	0.02538	0.10230	0.01381	0.01985	0.01616	0.02155	0.01991	0.02896	0.01778	0.07712	0.27625	0.00742	0.06138	0.00826	0.09090	0.00829
29	0.01067	0.00819	0.00977	0.01034	0.01211	0.00729	0.00739	0.01304	0.01941	0.02530	0.21050	0.30570	0.28481	0.02242	0.01035	0.00304	0.00447	0.01964	0.00827	0.00729
30	0.03179	0.04056	0.02412	0.02192	0.02631	0.66676	0.01644	0.03398	0.02412	0.02083	0.01315	0.01535	0.01096	0.00877	0.00767	0.00219	0.01535	0.00548	0.00438	0.00987
31	0.01006	0.00862	0.00862	0.00862	0.01149	0.00718	0.00647	0.01221	0.01940	0.02299	0.08621	0.08190	0.64438	0.02155	0.01006	0.00287	0.00431	0.01796	0.00790	0.00718
32	0.03396	0.01402	0.01861	0.01468	0.02050	0.01256	0.01189	0.03850	0.06392	0.53811	0.07487	0.03287	0.02593	0.04630	0.01044	0.00294	0.00704	0.00929	0.01006	0.01350
33	0.01126	0.00859	0.01034	0.01007	0.01228	0.00767	0.00749	0.01448	0.02198	0.02953	0.41490	0.11155	0.27009	0.01942	0.01010	0.00279	0.00418	0.01684	0.00877	0.00767
34	0.01135	0.00867	0.01041	0.00997	0.01228	0.00773	0.00748	0.01471	0.02244	0.03021	0.44735	0.07002	0.27874	0.01886	0.01004	0.00275	0.00412	0.01629	0.00885	0.00773
35	0.02079	0.01367	0.01575	0.01412	0.01730	0.01429	0.01043	0.13750	0.13255	0.11506	0.03285	0.19741	0.03176	0.18596	0.01776	0.00426	0.00724	0.01335	0.00783	0.01013
36	0.01216	0.00912	0.01368	0.01368	0.01520	0.01064	0.01064	0.01520	0.01368	0.01976	0.02279	0.03343	0.02127	0.06382	0.66720	0.01368	0.02279	0.00912	0.00456	0.00760
37	0.01037	0.00741	0.00987	0.01185	0.01234	0.00691	0.00790	0.01185	0.01629	0.02172	0.04690	0.69537	0.05629	0.02666	0.01086	0.00346	0.00494	0.02419	0.00790	0.00691
38	0.02191	0.01865	0.01966	0.01747	0.02241	0.02151	0.01365	0.08318	0.59330	0.03679	0.03370	0.03100	0.02522	0.01146	0.00865	0.00286	0.00691	0.00949	0.00865	0.01354
39	0.01606	0.00932	0.01151	0.01105	0.01324	0.00845	0.00785	0.01806	0.01869	0.13721	0.13961	0.21181	0.16454	0.17295	0.01746	0.00415	0.00583	0.01611	0.00799	0.00811
40	0.01037	0.00741	0.00987	0.01185	0.01234	0.00691	0.00790	0.01185	0.01629	0.02172	0.04690	0.69537	0.05629	0.02666	0.01086	0.00346	0.00494	0.02419	0.00790	0.00691
41	0.63008	0.01610	0.01382	0.01191	0.01741	0.01790	0.00981	0.02800	0.01627	0.14970	0.01579	0.01657	0.01136	0.00838	0.00586	0.00263	0.00670	0.00532	0.00622	0.01017
42	0.09178	0.00894	0.01017	0.01061	0.01190	0.00883	0.00717	0.01420	0.01658	0.02430	0.14804	0.27998	0.08831	0.21865	0.01949	0.00458	0.00587	0.01664	0.00709	0.00687
43	0.01019	0.00863	0.00881	0.00876	0.01158	0.00724	0.00657	0.01248	0.01972	0.02376	0.12466	0.08063	0.60546	0.02127	0.01006	0.00286	0.00429	0.01778	0.00800	0.00724
44	0.01216	0.00912	0.01368	0.01368	0.01520	0.01064	0.01064	0.01520	0.01368	0.01976	0.02279	0.03343	0.02127	0.06382	0.66720	0.01368	0.02279	0.00912	0.00456	0.00760
45	0.01030	0.00768	0.00959	0.01112	0.01215	0.00697	0.00758	0.01193	0.01699	0.02201	0.05573	0.55756	0.18839	0.02551	0.01068	0.00333	0.00480	0.02279	0.00790	0.00697
46	0.01806	0.01050	0.01247	0.01160	0.01502	0.00943	0.00881	0.02185	0.06176	0.18448	0.06044	0.20278	0.31109	0.01921	0.00976	0.00294	0.00536	0.01639	0.00862	0.00941
47	0.01238	0.00825	0.00928	0.00928	0.00928	0.00825	0.00516	0.01238	0.01238	0.01650	0.02681	0.05569	0.03094	0.70092	0.04331	0.00825	0.00825	0.01238	0.00516	0.00516
48	0.02072	0.01987	0.03393	0.09507	0.60766	0.02013	0.02595	0.02582	0.01922	0.02739	0.01595	0.02117	0.01333	0.00765	0.00843	0.00255	0.01019	0.00758	0.00418	0.01321
49	0.01235	0.00837	0.00988	0.00988	0.01009	0.00858	0.00590	0.01276	0.01255	0.01694	0.02627	0.05266	0.02962	0.61418	0.12826	0.00899	0.01023	0.01193	0.00508	0.00549
50	0.01827	0.01682	0.02721	0.43099	0.21636	0.01923	0.02300	0.06325	0.01935	0.02564	0.01907	0.02487	0.04186	0.00898	0.00856	0.00273	0.01054	0.00806	0.00442	0.01080
51	0.01221	0.00892	0.01269	0.01269	0.01387	0.01010	0.00941	0.01456	0.01338	0.01902	0.02370	0.03843	0.02345	0.20694	0.52705	0.01246	0.01953	0.00985	0.00469	0.00705
52	0.20638	0.02214	0.16248	0.18616	0.03326	0.01826	0.01887	0.02944	0.07788	0.13795	0.01944	0.02139	0.01380	0.00891	0.00763	0.00272	0.00927	0.00691	0.00576	0.01136
53	0.21784	0.03441	0.02115	0.01919	0.02380	0.50152	0.01460	0.03169	0.02166	0.02526	0.01282	0.01496	0.01052	0.00855	0.00706	0.00230	0.01311	0.00526	0.00461	0.00970
54	0.20509	0.01391	0.01863	0.04659	0.02078	0.01667	0.05363	0.01977	0.01436	0.02519	0.01719	0.02457	0.01537	0.03441	0.30903	0.00785	0.13610	0.00766	0.00454	0.00867
55	0.15353	0.02291	0.02589	0.14879	0.23066	0.14095	0.01956	0.10676	0.02176	0.03072	0.01518	0.01894	0.01201	0.00838	0.00776	0.00254	0.01059	0.00668	0.00493	0.01146

[dist]
# distance from previous block
# <min> <max>
0	12

[block]
# block no. 1 follows, 21 sequences, length 51
# corresponding to MSA columns:
# 68-118
name=unknown_B
#
# <colnr> <probs for GDERKNQSTAVLIFYWHMCP>
#	G	D	E	R	K	N	Q	S	T	A	V	L	I	F	Y	W	H	M	C	P
0	0.01989	0.01910	0.02602	0.02209	0.02272	0.02610	0.01839	0.07598	0.01553	0.02355	0.01203	0.01879	0.01148	0.01446	0.02613	0.00362	0.62272	0.00747	0.00417	0.00979
1	0.01194	0.00869	0.01123	0.01059	0.01265	0.00798	0.00795	0.01585	0.02384	0.03353	0.61354	0.06455	0.11048	0.01762	0.01004	0.00269	0.00403	0.01553	0.00929	0.00798
2	0.01535	0.00788	0.00811	0.00829	0.01014	0.00784	0.00613	0.01909	0.01770	0.03080	0.02953	0.09321	0.02501	0.01147	0.00640	0.00212	0.00406	0.00944	0.67958	0.00784
3	0.01009	0.00851	0.00874	0.00892	0.01157	0.00716	0.00660	0.01218	0.01911	0.02287	0.08257	0.13874	0.58990	0.02203	0.01013	0.00293	0.00437	0.01854	0.00790	0.00716
4	0.01186	0.00973	0.01211	0.01348	0.07093	0.00873	0.00890	0.01502	0.02125	0.02783	0.29958	0.06903	0.36332	0.01862	0.00990	0.00276	0.00473	0.01598	0.00814	0.00810
5	0.69199	0.01567	0.01208	0.01089	0.01585	0.01806	0.00891	0.02454	0.01479	0.03758	0.01332	0.01548	0.01038	0.00809	0.00533	0.00257	0.00634	0.00492	0.07410	0.00910
6	0.71659	0.01691	0.01330	0.01170	0.01706	0.01954	0.00964	0.06128	0.01604	0.03912	0.01237	0.01423	0.00954	0.00804	0.00546	0.00263	0.00675	0.00479	0.00546	0.00954
7	0.03235	0.02384	0.02554	0.01958	0.02639	0.02639	0.01618	0.61946	0.04001	0.05363	0.02043	0.02043	0.01447	0.01022	0.00851	0.00255	0.00936	0.00766	0.00851	0.01447
8	0.01707	0.04402	0.65683	0.02426	0.03683	0.01976	0.03144	0.02695	0.01797	0.02695	0.01527	0.01797	0.01078	0.00809	0.00809	0.00270	0.01258	0.00629	0.00359	0.01258
9	0.76103	0.01646	0.01251	0.01119	0.01646	0.01909	0.00922	0.02502	0.01448	0.03818	0.01185	0.01382	0.00922	0.00790	0.00527	0.00263	0.00658	0.00461	0.00527	0.00922
10	0.01073	0.00756	0.00977	0.01138	0.01179	0.00716	0.00740	0.01195	0.01558	0.02077	0.04324	0.57881	0.05167	0.14953	0.01678	0.00433	0.00554	0.02204	0.00740	0.00659
11	0.76103	0.01646	0.01251	0.01119	0.01646	0.01909	0.00922	0.02502	0.01448	0.03818	0.01185	0.01382	0.00922	0.00790	0.00527	0.00263	0.00658	0.00461	0.00527	0.00922
12	0.01079	0.00758	0.00975	0.01131	0.01171	0.00719	0.00733	0.01196	0.01548	0.02064	0.04272	0.56211	0.05100	0.16713	0.01762	0.00445	0.00563	0.02173	0.00733	0.00655
13	0.03235	0.02384	0.02554	0.01958	0.02639	0.02639	0.01618	0.61946	0.04001	0.05363	0.02043	0.02043	0.01447	0.01022	0.00851	0.00255	0.00936	0.00766	0.00851	0.01447
14	0.01037	0.00741	0.00987	0.01185	0.01234	0.00691	0.00790	0.01185	0.01629	0.02172	0.04690	0.69537	0.05629	0.02666	0.01086	0.00346	0.00494	0.02419	0.00790	0.00691
15	0.03818	0.01448	0.01975	0.01514	0.02172	0.01251	0.01251	0.04147	0.02436	0.65373	0.03357	0.02897	0.02107	0.01053	0.00856	0.00263	0.00724	0.00856	0.01053	0.01448
16	0.02106	0.02022	0.03454	0.05223	0.64784	0.02022	0.02612	0.02612	0.01938	0.02780	0.01601	0.02106	0.01348	0.00758	0.00842	0.00253	0.01011	0.00758	0.00421	0.01348
17	0.01740	0.01649	0.02793	0.51282	0.21585	0.01926	0.02430	0.02291	0.01765	0.02336	0.01536	0.02225	0.01191	0.00826	0.00849	0.00275	0.01101	0.00757	0.00390	0.01053
18	0.01025	0.00855	0.00894	0.00901	0.01165	0.00724	0.00669	0.01252	0.01960	0.02386	0.13130	0.11994	0.55819	0.02153	0.01011	0.00289	0.00433	0.01814	0.00803	0.00724
19	0.01066	0.00832	0.00967	0.01002	0.01204	0.00733	0.00725	0.01313	0.01981	0.02558	0.22207	0.23829	0.34183	0.02180	0.01026	0.00297	0.00440	0.01892	0.00829	0.00733
20	0.01887	0.01822	0.02949	0.23848	0.29875	0.02137	0.02335	0.02326	0.01695	0.02398	0.01444	0.02091	0.01220	0.00982	0.01366	0.00294	0.19069	0.00754	0.00395	0.01112
21	0.01707	0.04402	0.65683	0.02426	0.03683	0.01976	0.03144	0.02695	0.01797	0.02695	0.01527	0.01797	0.01078	0.00809	0.00809	0.00270	0.01258	0.00629	0.00359	0.01258
22	0.02162	0.02166	0.03281	0.10315	0.54018	0.07970	0.02501	0.02647	0.01961	0.02664	0.01567	0.02067	0.01307	0.00777	0.00836	0.00252	0.01070	0.00739	0.00419	0.01280
23	0.01765	0.01513	0.01765	0.01260	0.02017	0.01134	0.01008	0.02143	0.01765	0.02773	0.01513	0.01765	0.01260	0.00630	0.00630	0.00126	0.00630	0.00504	0.00504	0.75295
24	0.01967	0.02163	0.07017	0.06030	0.19744	0.04910	0.05041	0.02336	0.01605	0.02330	0.01330	0.01950	0.01186	0.01155	0.01878	0.00319	0.36821	0.00746	0.00391	0.01080
25	0.02049	0.01769	0.01859	0.01679	0.02148	0.02031	0.01304	0.04321	0.59507	0.03483	0.03778	0.03481	0.06370	0.01216	0.00874	0.00289	0.00659	0.01013	0.00861	0.01309
26	0.01073	0.00805	0.00996	0.01075	0.01223	0.00727	0.00758	0.01305	0.01911	0.02530	0.21342	0.37660	0.20903	0.02296	0.01045	0.00311	0.00454	0.02033	0.00829	0.00727
27	0.02583	0.02060	0.02187	0.01826	0.02391	0.02334	0.01460	0.28463	0.38546	0.04312	0.02871	0.02703	0.02118	0.01099	0.00860	0.00275	0.00783	0.00880	0.00860	0.01389
28	0.01027	0.00829	0.00914	0.00964	0.01181	0.00716	0.00696	0.01236	0.01885	0.02336	0.11142	0.24876	0.44687	0.02268	0.01028	0.00302	0.00446	0.01950	0.00800	0.00716
29	0.01282	0.00916	0.01269	0.01465	0.01622	0.00903	0.01216	0.01609	0.01871	0.02447	0.04555	0.25594	0.05093	0.02435	0.01152	0.00379	0.00706	0.43942	0.00785	0.00759
30	0.03391	0.02134	0.02399	0.01840	0.02515	0.02269	0.01520	0.46522	0.03583	0.21377	0.02394	0.02271	0.01623	0.01030	0.00853	0.00258	0.00880	0.00790	0.00905	0.01448
31	0.01607	0.01513	0.02552	0.68047	0.05861	0.01891	0.02363	0.02174	0.01702	0.02174	0.01513	0.02269	0.01134	0.00851	0.00851	0.00284	0.01134	0.00756	0.00378	0.00945
32	0.03179	0.04056	0.02412	0.02192	0.02631	0.66676	0.01644	0.03398	0.02412	0.02083	0.01315	0.01535	0.01096	0.00877	0.00767	0.00219	0.01535	0.00548	0.00438	0.00987
33	0.01546	0.01069	0.01290	0.01164	0.01482	0.01006	0.00893	0.02155	0.09838	0.08878	0.38419	0.05768	0.16612	0.01629	0.00957	0.00267	0.00480	0.01405	0.00893	0.04247
34	0.02804	0.13741	0.10173	0.01959	0.02574	0.32255	0.01705	0.03428	0.10311	0.10410	0.01866	0.01931	0.01422	0.00905	0.00762	0.00234	0.01187	0.00638	0.00553	0.01142
35	0.02106	0.02022	0.03454	0.05223	0.64784	0.02022	0.02612	0.02612	0.01938	0.02780	0.01601	0.02106	0.01348	0.00758	0.00842	0.00253	0.01011	0.00758	0.00421	0.01348
36	0.01037	0.00741	0.00987	0.01185	0.01234	0.00691	0.00790	0.01185	0.01629	0.02172	0.04690	0.69537	0.05629	0.02666	0.01086	0.00346	0.00494	0.02419	0.00790	0.00691
37	0.01882	0.02279	0.14016	0.24159	0.35923	0.01973	0.02628	0.02491	0.01840	0.02578	0.01561	0.02103	0.01235	0.00796	0.00839	0.00265	0.01092	0.00735	0.00397	0.01208
38	0.02179	0.13816	0.19535	0.02554	0.13748	0.11202	0.02105	0.03230	0.17889	0.02740	0.01960	0.02105	0.01526	0.00886	0.00782	0.00251	0.01045	0.00700	0.00514	0.01233
39	0.03735	0.01467	0.01972	0.01525	0.02174	0.01293	0.01255	0.04166	0.05409	0.62350	0.03363	0.02910	0.02131	0.01058	0.00856	0.00265	0.00722	0.00861	0.01044	0.01443
40	0.02074	0.01989	0.03396	0.09280	0.60979	0.02014	0.02596	0.02583	0.01922	0.02741	0.01595	0.02117	0.01334	0.00764	0.00843	0.00255	0.01019	0.00758	0.00418	0.01322
41	0.11625	0.03036	0.13831	0.02929	0.19019	0.23383	0.05699	0.02837	0.02033	0.02688	0.04178	0.01968	0.01451	0.00851	0.00789	0.00249	0.01183	0.00677	0.00452	0.01123
42	0.01075	0.00847	0.00983	0.00997	0.01216	0.00755	0.00734	0.01335	0.01986	0.02561	0.22656	0.17217	0.36541	0.02351	0.04534	0.00349	0.00532	0.01779	0.00812	0.00739
43	0.01032	0.00760	0.00967	0.01133	0.01221	0.00696	0.00767	0.01191	0.01679	0.02193	0.05317	0.59757	0.15004	0.02585	0.01073	0.00336	0.00484	0.02320	0.00790	0.00696
44	0.01146	0.00873	0.01070	0.01196	0.01334	0.00841	0.00843	0.01526	0.07407	0.02340	0.05253	0.50020	0.15560	0.02423	0.01056	0.00332	0.00512	0.04709	0.00797	0.00761
45	0.02678	0.03109	0.09253	0.02805	0.10237	0.24964	0.14635	0.16212	0.02568	0.03093	0.01618	0.01901	0.01243	0.00855	0.00849	0.00250	0.01293	0.00726	0.00520	0.01192
46	0.01707	0.04402	0.65683	0.02426	0.03683	0.01976	0.03144	0.02695	0.01797	0.02695	0.01527	0.01797	0.01078	0.00809	0.00809	0.00270	0.01258	0.00629	0.00359	0.01258
47	0.01158	0.00872	0.01088	0.01152	0.01350	0.00802	0.00895	0.01458	0.02023	0.02654	0.22754	0.18789	0.23387	0.02175	0.01061	0.00318	0.00521	0.15959	0.00830	0.00754
48	0.07204	0.02246	0.09615	0.08028	0.12705	0.04613	0.01863	0.16104	0.13042	0.09223	0.02165	0.02321	0.01609	0.01208	0.04045	0.00319	0.01008	0.00769	0.00650	0.01264
49	0.01861	0.01749	0.02836	0.11512	0.44071	0.01786	0.02190	0.02412	0.04846	0.02660	0.02718	0.05893	0.09692	0.01051	0.00876	0.00267	0.00912	0.00974	0.00501	0.01192
50	0.01919	0.07096	0.20569	0.12001	0.20892	0.02113	0.18025	0.02603	0.01874	0.02614	0.01574	0.02046	0.01216	0.00771	0.00857	0.00266	0.01197	0.00768	0.00398	0.01202

[dist]
# distance from previous block
# <min> <max>
2	14

[block]
# block no. 2 follows, 21 sequences, length 37
# corresponding to MSA columns:
# 133-169
name=unknown_C
#
# <colnr> <probs for GDERKNQSTAVLIFYWHMCP>
#	G	D	E	R	K	N	Q	S	T	A	V	L	I	F	Y	W	H	M	C	P
0	0.09670	0.10542	0.06563	0.01785	0.02286	0.31883	0.01483	0.02763	0.02004	0.02419	0.01634	0.06266	0.01470	0.00980	0.00806	0.00228	0.03952	0.00682	0.05267	0.07317
1	0.01462	0.01031	0.01196	0.01180	0.01448	0.00989	0.00872	0.02034	0.11721	0.08168	0.11456	0.25967	0.25176	0.02018	0.00995	0.00302	0.00513	0.01750	0.00840	0.00883
2	0.02028	0.02059	0.03803	0.08596	0.38850	0.02092	0.20064	0.02579	0.01901	0.02675	0.01598	0.02156	0.01302	0.00802	0.01023	0.00273	0.05716	0.00830	0.00418	0.01234
3	0.01006	0.00862	0.00862	0.00862	0.01149	0.00718	0.00647	0.01221	0.01940	0.02299	0.08621	0.08190	0.64438	0.02155	0.01006	0.00287	0.00431	0.01796	0.00790	0.00718
4	0.03179	0.04056	0.02412	0.02192	0.02631	0.66676	0.01644	0.03398	0.02412	0.02083	0.01315	0.01535	0.01096	0.00877	0.00767	0.00219	0.01535	0.00548	0.00438	0.00987
5	0.01006	0.00862	0.00862	0.00862	0.01149	0.00718	0.00647	0.01221	0.01940	0.02299	0.08621	0.08190	0.64438	0.02155	0.01006	0.00287	0.00431	0.01796	0.00790	0.00718
6	0.01045	0.00864	0.00916	0.00903	0.01173	0.00735	0.00677	0.01296	0.02031	0.02516	0.19490	0.07832	0.53434	0.02074	0.01005	0.00284	0.00425	0.01746	0.00819	0.00735
7	0.01959	0.01980	0.03697	0.19731	0.33090	0.02029	0.19824	0.02541	0.01902	0.02620	0.01615	0.02200	0.01280	0.00768	0.00892	0.00270	0.01164	0.00830	0.00414	0.01193
8	0.01586	0.00793	0.00793	0.00793	0.00991	0.00793	0.00595	0.01983	0.01785	0.03173	0.02776	0.03173	0.02181	0.00991	0.00595	0.00198	0.00397	0.00793	0.74817	0.00793
9	0.02478	0.55656	0.03999	0.01622	0.02285	0.17588	0.01498	0.02739	0.01882	0.02020	0.01213	0.01403	0.01093	0.00762	0.00596	0.00190	0.01050	0.00476	0.00381	0.01068
10	0.01024	0.00792	0.00934	0.01048	0.01198	0.00703	0.00729	0.01200	0.01761	0.02226	0.06361	0.43465	0.30622	0.02449	0.01052	0.00321	0.00467	0.02154	0.00790	0.00703
11	0.37836	0.01824	0.01807	0.01461	0.02064	0.01982	0.01206	0.20843	0.02442	0.18112	0.01932	0.01922	0.01347	0.00919	0.00699	0.00261	0.00757	0.00642	0.00743	0.01199
12	0.01344	0.00980	0.01275	0.01372	0.01578	0.00959	0.01122	0.04622	0.02067	0.02721	0.13447	0.19034	0.11783	0.02230	0.01100	0.00348	0.00648	0.31762	0.00811	0.00797
13	0.02106	0.02022	0.03454	0.05223	0.64784	0.02022	0.02612	0.02612	0.01938	0.02780	0.01601	0.02106	0.01348	0.00758	0.00842	0.00253	0.01011	0.00758	0.00421	0.01348
14	0.02140	0.03795	0.52598	0.02238	0.03373	0.01827	0.02755	0.02993	0.01928	0.15568	0.01903	0.02023	0.01289	0.00859	0.00818	0.00268	0.01148	0.00675	0.00502	0.01297
15	0.03235	0.02384	0.02554	0.01958	0.02639	0.02639	0.01618	0.61946	0.04001	0.05363	0.02043	0.02043	0.01447	0.01022	0.00851	0.00255	0.00936	0.00766	0.00851	0.01447
16	0.01006	0.00862	0.00862	0.00862	0.01149	0.00718	0.00647	0.01221	0.01940	0.02299	0.08621	0.08190	0.64438	0.02155	0.01006	0.00287	0.00431	0.01796	0.00790	0.00718
17	0.02884	0.03690	0.06526	0.02784	0.14535	0.50356	0.01921	0.03205	0.02283	0.02254	0.01383	0.01660	0.01143	0.00850	0.00784	0.00229	0.01418	0.00593	0.00430	0.01072
18	0.01707	0.04402	0.65683	0.02426	0.03683	0.01976	0.03144	0.02695	0.01797	0.02695	0.01527	0.01797	0.01078	0.00809	0.00809	0.00270	0.01258	0.00629	0.00359	0.01258
19	0.03818	0.01448	0.01975	0.01514	0.02172	0.01251	0.01251	0.04147	0.02436	0.65373	0.03357	0.02897	0.02107	0.01053	0.00856	0.00263	0.00724	0.00856	0.01053	0.01448
20	0.01238	0.00825	0.00928	0.00928	0.00928	0.00825	0.00516	0.01238	0.01238	0.01650	0.02681	0.05569	0.03094	0.70092	0.04331	0.00825	0.00825	0.01238	0.00516	0.00516
21	0.02213	0.35214	0.11490	0.02306	0.03109	0.08877	0.20545	0.02702	0.01890	0.02316	0.01404	0.01723	0.01153	0.00748	0.00741	0.00229	0.01174	0.00656	0.00391	0.01119
22	0.03179	0.04056	0.02412	0.02192	0.02631	0.66676	0.01644	0.03398	0.02412	0.02083	0.01315	0.01535	0.01096	0.00877	0.00767	0.00219	0.01535	0.00548	0.00438	0.00987
23	0.01418	0.00924	0.01164	0.01072	0.01334	0.00829	0.00815	0.01775	0.02318	0.09197	0.47297	0.06387	0.18721	0.01756	0.00990	0.00271	0.00439	0.01524	0.00919	0.00849
24	0.01258	0.01077	0.01742	0.15004	0.02523	0.01098	0.07821	0.01558	0.01706	0.02242	0.03972	0.44495	0.08038	0.02050	0.01024	0.00323	0.00724	0.01885	0.00667	0.00795
25	0.01775	0.01370	0.01615	0.05792	0.02120	0.01474	0.01278	0.02971	0.27259	0.06781	0.04607	0.05787	0.15050	0.01642	0.00974	0.00314	0.00689	0.16637	0.00809	0.01055
26	0.03185	0.03886	0.02426	0.02169	0.02632	0.60180	0.01642	0.09337	0.02573	0.02416	0.01389	0.01586	0.01132	0.00892	0.00776	0.00223	0.01474	0.00570	0.00480	0.01033
27	0.02892	0.03260	0.02640	0.02818	0.16572	0.40212	0.01843	0.11210	0.05598	0.02759	0.01587	0.01815	0.01276	0.00884	0.00801	0.00235	0.01292	0.00646	0.00512	0.01148
28	0.08173	0.02334	0.02466	0.01901	0.02572	0.02590	0.01570	0.57918	0.03828	0.05259	0.01985	0.01998	0.01412	0.01006	0.00829	0.00256	0.00918	0.00745	0.00829	0.01412
29	0.01052	0.00787	0.00983	0.01132	0.01249	0.00717	0.00794	0.01233	0.01728	0.02229	0.05644	0.50408	0.20027	0.02519	0.01072	0.00334	0.00498	0.06101	0.00790	0.00704
30	0.07373	0.58617	0.04017	0.01514	0.02197	0.10231	0.01441	0.02639	0.01785	0.02134	0.01198	0.01385	0.01081	0.00749	0.00569	0.00192	0.00962	0.00466	0.00383	0.01069
31	0.02020	0.02355	0.11470	0.10250	0.40972	0.05948	0.02444	0.02661	0.05023	0.02685	0.01989	0.02385	0.04304	0.00867	0.00843	0.00259	0.01044	0.00787	0.00450	0.01246
32	0.02003	0.04085	0.47096	0.02281	0.03283	0.16430	0.02649	0.02779	0.01976	0.02606	0.05736	0.02047	0.01553	0.00887	0.00812	0.00258	0.01262	0.00672	0.00416	0.01166
33	0.01933	0.03146	0.30712	0.08868	0.22811	0.06224	0.02692	0.02608	0.01826	0.02576	0.01496	0.01923	0.01172	0.00866	0.01009	0.00272	0.07582	0.00686	0.00387	0.01211
34	0.02298	0.53405	0.03792	0.01517	0.02157	0.13171	0.01409	0.02557	0.01858	0.02043	0.01911	0.02041	0.07114	0.00887	0.00625	0.00198	0.00964	0.00597	0.00416	0.01040
35	0.02010	0.09858	0.33392	0.02501	0.03496	0.06309	0.17050	0.05656	0.01990	0.02736	0.01553	0.01871	0.01164	0.00781	0.00819	0.00252	0.01228	0.00698	0.00417	0.06219
36	0.22241	0.02539	0.22021	0.01892	0.05565	0.01869	0.01813	0.12856	0.02003	0.03315	0.01521	0.01849	0.01177	0.01122	0.01075	0.10448	0.00925	0.00623	0.00503	0.04644

[dist]
# distance from previous block
# <min> <max>
12	16

[block]
# block no. 3 follows, 21 sequences, length 63
# corresponding to MSA columns:
# 187-249
name=unknown_D
#
# <colnr> <probs for GDERKNQSTAVLIFYWHMCP>
#	G	D	E	R	K	N	Q	S	T	A	V	L	I	F	Y	W	H	M	C	P
0	0.02152	0.01972	0.02939	0.03492	0.33262	0.05320	0.07289	0.02612	0.01947	0.06328	0.01670	0.02033	0.01346	0.00739	0.00789	0.00216	0.00946	0.00697	0.00485	0.23767
1	0.01285	0.01051	0.01185	0.01171	0.01478	0.00977	0.00904	0.01818	0.09892	0.02528	0.06025	0.16654	0.32123	0.01984	0.00989	0.00297	0.00545	0.10241	0.00771	0.08084
2	0.02031	0.17341	0.16131	0.02378	0.08220	0.10851	0.09961	0.02508	0.01872	0.02362	0.02280	0.02549	0.08860	0.01018	0.01005	0.00258	0.08060	0.00797	0.00440	0.01080
3	0.02340	0.02277	0.02499	0.12647	0.19494	0.16289	0.01861	0.11491	0.07792	0.02976	0.02013	0.06034	0.01688	0.00998	0.00828	0.00255	0.01034	0.00829	0.05510	0.01147
4	0.11640	0.05786	0.27298	0.02402	0.06884	0.04454	0.10748	0.04894	0.01894	0.06057	0.01768	0.05764	0.01436	0.00950	0.00908	0.00273	0.04427	0.00784	0.00478	0.01155
5	0.01951	0.13771	0.37562	0.02562	0.03594	0.05832	0.17691	0.02720	0.01875	0.02565	0.01513	0.01844	0.01135	0.00777	0.00817	0.00258	0.01266	0.00694	0.00383	0.01190
6	0.01668	0.01549	0.10539	0.01597	0.05686	0.01136	0.01290	0.02131	0.04576	0.09963	0.09430	0.21424	0.10451	0.04734	0.01070	0.00303	0.00671	0.01401	0.05156	0.05225
7	0.02501	0.16835	0.03095	0.06336	0.18623	0.26480	0.01891	0.02932	0.05124	0.02323	0.01469	0.01789	0.01239	0.00865	0.00872	0.00236	0.05217	0.00627	0.00433	0.01114
8	0.05918	0.18884	0.05960	0.01417	0.01981	0.01923	0.01257	0.12944	0.02195	0.02997	0.06461	0.11173	0.11604	0.01284	0.00787	0.00238	0.00734	0.01029	0.00627	0.10586
9	0.06715	0.02512	0.09552	0.02181	0.02758	0.16447	0.16798	0.02789	0.07458	0.02727	0.02255	0.02539	0.05068	0.00970	0.00918	0.00260	0.04555	0.00823	0.11638	0.01038
10	0.02276	0.19892	0.19808	0.01900	0.02685	0.13992	0.01894	0.06926	0.10179	0.02714	0.01694	0.01839	0.01330	0.00843	0.00728	0.00225	0.01058	0.00612	0.00490	0.08916
11	0.01188	0.00999	0.01263	0.01514	0.08973	0.00890	0.00949	0.01426	0.01834	0.02342	0.06186	0.26168	0.35297	0.02066	0.00992	0.00293	0.00531	0.01798	0.00731	0.04561
12	0.03119	0.08499	0.02548	0.02143	0.02601	0.62449	0.01632	0.03341	0.02366	0.02077	0.01307	0.01523	0.01096	0.00867	0.00753	0.00217	0.01493	0.00542	0.00434	0.00994
13	0.02320	0.37733	0.03368	0.01714	0.02217	0.18353	0.01502	0.02567	0.01822	0.02039	0.01579	0.01877	0.03775	0.01269	0.04896	0.00293	0.10660	0.00601	0.00406	0.01008
14	0.01078	0.00865	0.00962	0.00937	0.01193	0.00749	0.00703	0.01360	0.02109	0.02701	0.28736	0.07528	0.44072	0.02005	0.01005	0.00280	0.00420	0.01703	0.00843	0.00749
15	0.02243	0.66803	0.07975	0.01512	0.02270	0.03287	0.01553	0.02557	0.01733	0.02042	0.01203	0.01390	0.01091	0.00733	0.00561	0.00187	0.00930	0.00465	0.00364	0.01102
16	0.01204	0.00870	0.01138	0.01071	0.01271	0.00803	0.00803	0.01606	0.02409	0.03413	0.64335	0.06357	0.08030	0.01740	0.01004	0.00268	0.00401	0.01539	0.00937	0.00803
17	0.01037	0.00741	0.00987	0.01185	0.01234	0.00691	0.00790	0.01185	0.01629	0.02172	0.04690	0.69537	0.05629	0.02666	0.01086	0.00346	0.00494	0.02419	0.00790	0.00691
18	0.01006	0.00862	0.00862	0.00862	0.01149	0.00718	0.00647	0.01221	0.01940	0.02299	0.08621	0.08190	0.64438	0.02155	0.01006	0.00287	0.00431	0.01796	0.00790	0.00718
19	0.01586	0.00793	0.00793	0.00793	0.00991	0.00793	0.00595	0.01983	0.01785	0.03173	0.02776	0.03173	0.02181	0.00991	0.00595	0.00198	0.00397	0.00793	0.74817	0.00793
20	0.03179	0.04056	0.02412	0.02192	0.02631	0.66676	0.01644	0.03398	0.02412	0.02083	0.01315	0.01535	0.01096	0.00877	0.00767	0.00219	0.01535	0.00548	0.00438	0.00987
21	0.03818	0.01448	0.01975	0.01514	0.02172	0.01251	0.01251	0.04147	0.02436	0.65373	0.03357	0.02897	0.02107	0.01053	0.00856	0.00263	0.00724	0.00856	0.01053	0.01448
22	0.03818	0.01448	0.01975	0.01514	0.02172	0.01251	0.01251	0.04147	0.02436	0.65373	0.03357	0.02897	0.02107	0.01053	0.00856	0.00263	0.00724	0.00856	0.01053	0.01448
23	0.01216	0.00912	0.01368	0.01368	0.01520	0.01064	0.01064	0.01520	0.01368	0.01976	0.02279	0.03343	0.02127	0.06382	0.66720	0.01368	0.02279	0.00912	0.00456	0.00760
24	0.01181	0.00869	0.01104	0.01046	0.01257	0.00793	0.00784	0.01560	0.02352	0.03278	0.57622	0.06578	0.14826	0.01790	0.01004	0.00270	0.00405	0.01570	0.00919	0.00793
25	0.02425	0.01634	0.01723	0.01420	0.01871	0.01776	0.01140	0.31484	0.06548	0.04268	0.02459	0.02620	0.01847	0.01016	0.00737	0.00232	0.00677	0.00790	0.34187	0.01146
26	0.02117	0.01828	0.01924	0.01732	0.02213	0.02117	0.01347	0.04522	0.63246	0.03560	0.03464	0.03175	0.02598	0.01155	0.00866	0.00289	0.00673	0.00962	0.00866	0.01347
27	0.11098	0.03989	0.43794	0.02215	0.03201	0.16324	0.02541	0.02827	0.01891	0.02696	0.01439	0.01688	0.01063	0.00821	0.00765	0.00258	0.01246	0.00590	0.00397	0.01157
28	0.01707	0.04402	0.65683	0.02426	0.03683	0.01976	0.03144	0.02695	0.01797	0.02695	0.01527	0.01797	0.01078	0.00809	0.00809	0.00270	0.01258	0.00629	0.00359	0.01258
29	0.02940	0.03673	0.02284	0.02092	0.02495	0.58681	0.01574	0.03169	0.02284	0.02070	0.01433	0.01755	0.01222	0.01548	0.08803	0.00359	0.01625	0.00592	0.00441	0.00959
30	0.02808	0.03567	0.16461	0.02157	0.02843	0.31796	0.01953	0.18783	0.06083	0.03168	0.01674	0.01819	0.01269	0.00915	0.00804	0.00244	0.01267	0.00647	0.00554	0.01189
31	0.02073	0.01988	0.03394	0.09418	0.60850	0.02013	0.02595	0.02583	0.01922	0.02740	0.01595	0.02117	0.01334	0.00764	0.00843	0.00255	0.01019	0.00758	0.00418	0.01321
32	0.01037	0.00741	0.00987	0.01185	0.01234	0.00691	0.00790	0.01185	0.01629	0.02172	0.04690	0.69537	0.05629	0.02666	0.01086	0.00346	0.00494	0.02419	0.00790	0.00691
33	0.02013	0.02283	0.04949	0.03663	0.07242	0.02146	0.58957	0.02721	0.02005	0.02728	0.01716	0.02287	0.01294	0.00719	0.00997	0.00285	0.01415	0.00993	0.00430	0.01157
34	0.01277	0.00912	0.01263	0.01460	0.01614	0.00898	0.01208	0.01600	0.01866	0.02441	0.04558	0.26486	0.05104	0.02440	0.01150	0.00379	0.00702	0.43099	0.00785	0.00758
35	0.01704	0.01297	0.01708	0.01552	0.01812	0.01509	0.01236	0.14960	0.01948	0.02732	0.02155	0.02963	0.01914	0.04890	0.48142	0.01059	0.06089	0.00869	0.00538	0.00923
36	0.02275	0.70604	0.04459	0.01456	0.02184	0.03367	0.01456	0.02548	0.01729	0.02002	0.01183	0.01365	0.01092	0.00728	0.00546	0.00182	0.00910	0.00455	0.00364	0.01092
37	0.01037	0.00741	0.00987	0.01185	0.01234	0.00691	0.00790	0.01185	0.01629	0.02172	0.04690	0.69537	0.05629	0.02666	0.01086	0.00346	0.00494	0.02419	0.00790	0.00691
38	0.01025	0.00787	0.00939	0.01061	0.01202	0.00702	0.00735	0.01199	0.01749	0.02221	0.06203	0.45927	0.28262	0.02470	0.01055	0.00323	0.00470	0.02179	0.00790	0.00702
39	0.01479	0.01334	0.01508	0.01478	0.01669	0.09873	0.01142	0.01772	0.01508	0.01990	0.02150	0.03100	0.01989	0.05643	0.57865	0.01213	0.02179	0.00863	0.00454	0.00790
40	0.02117	0.01828	0.01924	0.01732	0.02213	0.02117	0.01347	0.04522	0.63246	0.03560	0.03464	0.03175	0.02598	0.01155	0.00866	0.00289	0.00673	0.00962	0.00866	0.01347
41	0.01119	0.00867	0.01019	0.00981	0.01219	0.00766	0.00735	0.01440	0.02206	0.02932	0.40286	0.07148	0.32378	0.01919	0.01005	0.00276	0.00414	0.01650	0.00874	0.00766
42	0.03179	0.04056	0.02412	0.02192	0.02631	0.66676	0.01644	0.03398	0.02412	0.02083	0.01315	0.01535	0.01096	0.00877	0.00767	0.00219	0.01535	0.00548	0.00438	0.00987
43	0.02066	0.01775	0.01880	0.01695	0.02160	0.02044	0.01317	0.04360	0.59859	0.03552	0.06853	0.03352	0.02900	0.01187	0.00874	0.00287	0.00658	0.00994	0.00870	0.01317
44	0.03179	0.04056	0.02412	0.02192	0.02631	0.66676	0.01644	0.03398	0.02412	0.02083	0.01315	0.01535	0.01096	0.00877	0.00767	0.00219	0.01535	0.00548	0.00438	0.00987
45	0.01006	0.00862	0.00862	0.00862	0.01149	0.00718	0.00647	0.01221	0.01940	0.02299	0.08621	0.08190	0.64438	0.02155	0.01006	0.00287	0.00431	0.01796	0.00790	0.00718
46	0.01277	0.01002	0.01485	0.01450	0.01587	0.01210	0.01139	0.01570	0.01362	0.01982	0.02170	0.03203	0.02032	0.05920	0.60681	0.01274	0.08539	0.00896	0.00448	0.00776
47	0.76103	0.01646	0.01251	0.01119	0.01646	0.01909	0.00922	0.02502	0.01448	0.03818	0.01185	0.01382	0.00922	0.00790	0.00527	0.00263	0.00658	0.00461	0.00527	0.00922
48	0.03020	0.03792	0.02435	0.02197	0.02583	0.58956	0.01670	0.03236	0.02278	0.02079	0.01292	0.01574	0.01099	0.00951	0.01011	0.00238	0.09607	0.00572	0.00431	0.00980
49	0.01006	0.00862	0.00862	0.00862	0.01149	0.00718	0.00647	0.01221	0.01940	0.02299	0.08621	0.08190	0.64438	0.02155	0.01006	0.00287	0.00431	0.01796	0.00790	0.00718
50	0.02322	0.67186	0.04354	0.01494	0.02207	0.06619	0.01466	0.02592	0.01764	0.02006	0.01190	0.01374	0.01092	0.00736	0.00557	0.00184	0.00942	0.00460	0.00368	0.01087
51	0.01143	0.00851	0.00959	0.00941	0.01100	0.00780	0.00640	0.01328	0.01805	0.02354	0.21092	0.06745	0.27078	0.26993	0.02226	0.00480	0.00568	0.01523	0.00728	0.00666
52	0.01050	0.00876	0.00924	0.00948	0.01224	0.00750	0.00735	0.01287	0.01942	0.02329	0.08120	0.08362	0.57184	0.02179	0.01026	0.00300	0.00474	0.08773	0.00789	0.00726
53	0.03235	0.02384	0.02554	0.01958	0.02639	0.02639	0.01618	0.61946	0.04001	0.05363	0.02043	0.02043	0.01447	0.01022	0.00851	0.00255	0.00936	0.00766	0.00851	0.01447
54	0.01823	0.01732	0.02942	0.40930	0.31295	0.01947	0.02471	0.02363	0.01804	0.02436	0.01551	0.02199	0.01227	0.00811	0.00847	0.00270	0.01081	0.00757	0.00397	0.01119
55	0.02258	0.01171	0.01519	0.01295	0.01691	0.01087	0.01018	0.02812	0.07873	0.26462	0.36207	0.04785	0.05341	0.01432	0.00936	0.00268	0.00546	0.01233	0.00974	0.01092
56	0.01077	0.00854	0.00968	0.00962	0.01199	0.00745	0.00713	0.01350	0.02073	0.02669	0.27343	0.13062	0.39854	0.02059	0.01012	0.00286	0.00427	0.01764	0.00840	0.00745
57	0.01627	0.01263	0.01567	0.01748	0.09180	0.01267	0.01146	0.05634	0.13525	0.05923	0.04936	0.25003	0.20106	0.01837	0.00968	0.00299	0.00610	0.01601	0.00777	0.00983
58	0.02242	0.02399	0.02333	0.02176	0.05330	0.22388	0.01654	0.06106	0.01863	0.02286	0.01496	0.02083	0.01347	0.02224	0.14901	0.00513	0.26533	0.00719	0.00442	0.00966
59	0.01371	0.00980	0.01371	0.01567	0.01763	0.00980	0.01371	0.01763	0.01959	0.02547	0.04506	0.09599	0.04898	0.02351	0.01175	0.00392	0.00784	0.59056	0.00784	0.00784
60	0.02106	0.02022	0.03454	0.05223	0.64784	0.02022	0.02612	0.02612	0.01938	0.02780	0.01601	0.02106	0.01348	0.00758	0.00842	0.00253	0.01011	0.00758	0.00421	0.01348
61	0.02173	0.02509	0.06995	0.21428	0.24833	0.16342	0.08455	0.02683	0.01977	0.02449	0.01521	0.02024	0.01211	0.00809	0.00843	0.00258	0.01220	0.00728	0.00410	0.01131
62	0.02081	0.02043	0.03262	0.14900	0.52496	0.05196	0.02525	0.02582	0.01924	0.02651	0.01573	0.02103	0.01302	0.00779	0.00840	0.00256	0.01056	0.00748	0.00415	0.01267

[dist]
# distance from previous block
# <min> <max>
0	27

[block]
# block no. 4 follows, 21 sequences, length 156
# corresponding to MSA columns:
# 277-432
name=unknown_E
#
# <colnr> <probs for GDERKNQSTAVLIFYWHMCP>
#	G	D	E	R	K	N	Q	S	T	A	V	L	I	F	Y	W	H	M	C	P
0	0.15791	0.01786	0.02749	0.24846	0.33844	0.01958	0.02215	0.02449	0.01770	0.02778	0.01494	0.02024	0.01199	0.00794	0.00786	0.00265	0.00985	0.00702	0.00427	0.01138
1	0.19518	0.02139	0.08434	0.09229	0.17097	0.02097	0.01861	0.12789	0.12579	0.03518	0.01879	0.02095	0.01430	0.00891	0.00772	0.00267	0.00895	0.00712	0.00583	0.01215
2	0.76103	0.01646	0.01251	0.01119	0.01646	0.01909	0.00922	0.02502	0.01448	0.03818	0.01185	0.01382	0.00922	0.00790	0.00527	0.00263	0.00658	0.00461	0.00527	0.00922
3	0.01220	0.00883	0.01121	0.01227	0.01348	0.00864	0.00897	0.01535	0.04685	0.02362	0.10449	0.31281	0.07763	0.14887	0.01685	0.00432	0.00619	0.15262	0.00756	0.00724
4	0.01006	0.00862	0.00862	0.00862	0.01149	0.00718	0.00647	0.01221	0.01940	0.02299	0.08621	0.08190	0.64438	0.02155	0.01006	0.00287	0.00431	0.01796	0.00790	0.00718
5	0.01060	0.00759	0.01008	0.01169	0.01240	0.00707	0.00792	0.01244	0.01739	0.02346	0.13052	0.60680	0.05965	0.02536	0.01075	0.00335	0.00481	0.02296	0.00811	0.00707
6	0.01238	0.00825	0.00928	0.00928	0.00928	0.00825	0.00516	0.01238	0.01238	0.01650	0.02681	0.05569	0.03094	0.70092	0.04331	0.00825	0.00825	0.01238	0.00516	0.00516
7	0.01042	0.00864	0.00913	0.00901	0.01172	0.00734	0.00675	0.01292	0.02026	0.02504	0.18886	0.07852	0.54046	0.02079	0.01005	0.00284	0.00426	0.01749	0.00817	0.00734
8	0.03179	0.04056	0.02412	0.02192	0.02631	0.66676	0.01644	0.03398	0.02412	0.02083	0.01315	0.01535	0.01096	0.00877	0.00767	0.00219	0.01535	0.00548	0.00438	0.00987
9	0.02911	0.02223	0.02372	0.01893	0.02516	0.02488	0.01539	0.45322	0.21153	0.04841	0.02454	0.02371	0.01780	0.01060	0.00856	0.00265	0.00860	0.00823	0.00856	0.01418
10	0.01707	0.04402	0.65683	0.02426	0.03683	0.01976	0.03144	0.02695	0.01797	0.02695	0.01527	0.01797	0.01078	0.00809	0.00809	0.00270	0.01258	0.00629	0.00359	0.01258
11	0.76103	0.01646	0.01251	0.01119	0.01646	0.01909	0.00922	0.02502	0.01448	0.03818	0.01185	0.01382	0.00922	0.00790	0.00527	0.00263	0.00658	0.00461	0.00527	0.00922
12	0.03334	0.01418	0.01870	0.01483	0.02069	0.01285	0.01207	0.03883	0.08605	0.51722	0.10629	0.03337	0.02862	0.01145	0.00874	0.00266	0.00681	0.00948	0.01020	0.01361
13	0.01037	0.00741	0.00987	0.01185	0.01234	0.00691	0.00790	0.01185	0.01629	0.02172	0.04690	0.69537	0.05629	0.02666	0.01086	0.00346	0.00494	0.02419	0.00790	0.00691
14	0.01216	0.00912	0.01368	0.01368	0.01520	0.01064	0.01064	0.01520	0.01368	0.01976	0.02279	0.03343	0.02127	0.06382	0.66720	0.01368	0.02279	0.00912	0.00456	0.00760
15	0.01765	0.01513	0.01765	0.01260	0.02017	0.01134	0.01008	0.02143	0.01765	0.02773	0.01513	0.01765	0.01260	0.00630	0.00630	0.00126	0.00630	0.00504	0.00504	0.75295
16	0.01090	0.00865	0.00979	0.00950	0.01201	0.00754	0.00713	0.01384	0.02138	0.02770	0.32198	0.07414	0.40567	0.01979	0.01005	0.00279	0.00419	0.01687	0.00852	0.00754
17	0.01216	0.00912	0.01368	0.01368	0.01520	0.01064	0.01064	0.01520	0.01368	0.01976	0.02279	0.03343	0.02127	0.06382	0.66720	0.01368	0.02279	0.00912	0.00456	0.00760
18	0.76103	0.01646	0.01251	0.01119	0.01646	0.01909	0.00922	0.02502	0.01448	0.03818	0.01185	0.01382	0.00922	0.00790	0.00527	0.00263	0.00658	0.00461	0.00527	0.00922
19	0.01218	0.00901	0.01315	0.01315	0.01449	0.01035	0.00998	0.01486	0.01352	0.01937	0.02327	0.03608	0.02243	0.13968	0.59291	0.01303	0.02106	0.00951	0.00463	0.00731
20	0.03122	0.02327	0.02490	0.01935	0.02596	0.02586	0.01590	0.56118	0.10014	0.05180	0.02187	0.02158	0.01564	0.01035	0.00853	0.00259	0.00910	0.00786	0.00853	0.01437
21	0.01219	0.00897	0.01293	0.01293	0.01419	0.01023	0.00970	0.01472	0.01346	0.01920	0.02348	0.03723	0.02292	0.17241	0.56087	0.01275	0.02032	0.00967	0.00466	0.00718
22	0.01216	0.00912	0.01368	0.01368	0.01520	0.01064	0.01064	0.01520	0.01368	0.01976	0.02279	0.03343	0.02127	0.06382	0.66720	0.01368	0.02279	0.00912	0.00456	0.00760
23	0.01037	0.00741	0.00987	0.01185	0.01234	0.00691	0.00790	0.01185	0.01629	0.02172	0.04690	0.69537	0.05629	0.02666	0.01086	0.00346	0.00494	0.02419	0.00790	0.00691
24	0.01371	0.00980	0.01371	0.01567	0.01763	0.00980	0.01371	0.01763	0.01959	0.02547	0.04506	0.09599	0.04898	0.02351	0.01175	0.00392	0.00784	0.59056	0.00784	0.00784
25	0.03235	0.02384	0.02554	0.01958	0.02639	0.02639	0.01618	0.61946	0.04001	0.05363	0.02043	0.02043	0.01447	0.01022	0.00851	0.00255	0.00936	0.00766	0.00851	0.01447
26	0.02106	0.02022	0.03454	0.05223	0.64784	0.02022	0.02612	0.02612	0.01938	0.02780	0.01601	0.02106	0.01348	0.00758	0.00842	0.00253	0.01011	0.00758	0.00421	0.01348
27	0.02899	0.02157	0.02320	0.01862	0.02477	0.02400	0.01511	0.40390	0.23225	0.07733	0.02571	0.02454	0.01855	0.01066	0.00856	0.00267	0.00840	0.00834	0.00866	0.01415
28	0.02492	0.01595	0.01703	0.01392	0.01846	0.01710	0.01122	0.31140	0.02890	0.07221	0.02449	0.02612	0.01822	0.01009	0.00732	0.00229	0.00674	0.00783	0.35437	0.01142
29	0.01309	0.00935	0.01300	0.01496	0.01665	0.00926	0.01263	0.01656	0.01898	0.02477	0.04540	0.20745	0.05034	0.02409	0.01159	0.00383	0.00730	0.48524	0.00785	0.00766
