[name]
unknown

[dist]
# distance from previous block
# <min> <max>
0	0

[block]
# block no. 0 follows, 22 sequences, length 10
# corresponding to MSA columns:
# 0-9
name=unknown_A
#
# <colnr> <probs for GDERKNQSTAVLIFYWHMCP>
#	G	D	E	R	K	N	Q	S	T	A	V	L	I	F	Y	W	H	M	C	P
0	0.01339	0.00956	0.01339	0.01530	0.01721	0.00956	0.01339	0.01721	0.01912	0.02486	0.04399	0.09371	0.04781	0.02295	0.01147	0.00382	0.00765	0.60031	0.00765	0.00765
1	0.01490	0.01292	0.01686	0.01701	0.09219	0.01223	0.05762	0.10135	0.02181	0.02753	0.06182	0.06005	0.43795	0.01679	0.00942	0.00272	0.00633	0.01432	0.00710	0.00906
2	0.02312	0.03160	0.14167	0.02938	0.07227	0.24633	0.28103	0.02876	0.02058	0.02442	0.01505	0.01893	0.01163	0.00771	0.00859	0.00252	0.01381	0.00752	0.00411	0.01095
3	0.01344	0.04598	0.01637	0.01395	0.01624	0.01183	0.04952	0.01679	0.01455	0.02152	0.02207	0.03073	0.01980	0.04801	0.49746	0.01036	0.01828	0.00856	0.11666	0.00788
4	0.02264	0.01778	0.01800	0.01558	0.02036	0.05968	0.01226	0.13022	0.31129	0.10137	0.04045	0.03794	0.15071	0.01279	0.00864	0.00269	0.00709	0.01038	0.00821	0.01193
5	0.01306	0.00911	0.01077	0.01104	0.01185	0.00914	0.00715	0.06869	0.01617	0.02158	0.03381	0.32251	0.03908	0.35825	0.02589	0.00558	0.00680	0.01648	0.00646	0.00659
6	0.02726	0.02927	0.02330	0.02008	0.02401	0.34110	0.01578	0.17796	0.02498	0.02840	0.01880	0.02102	0.05274	0.01090	0.01176	0.00257	0.14716	0.00704	0.00538	0.01048
7	0.01833	0.01327	0.01494	0.01221	0.01679	0.01212	0.00938	0.12856	0.02131	0.07673	0.03821	0.07437	0.18348	0.11419	0.01314	0.00307	0.00647	0.01088	0.00682	0.22573
8	0.12249	0.01279	0.01545	0.01536	0.07454	0.01259	0.01071	0.07664	0.02251	0.07445	0.32527	0.04306	0.08116	0.01315	0.00850	0.00249	0.00569	0.01112	0.00772	0.06430
9	0.02150	0.11993	0.02900	0.03278	0.32885	0.16563	0.01890	0.02507	0.01966	0.02384	0.02480	0.02728	0.10903	0.00968	0.00790	0.00235	0.01001	0.00806	0.00462	0.01109

[dist]
# distance from previous block
# <min> <max>
1	5

[block]
# block no. 1 follows, 22 sequences, length 32
# corresponding to MSA columns:
# 15-46
name=unknown_B
#
# <colnr> <probs for GDERKNQSTAVLIFYWHMCP>
#	G	D	E	R	K	N	Q	S	T	A	V	L	I	F	Y	W	H	M	C	P
0	0.01984	0.01951	0.03081	0.21952	0.46145	0.05553	0.02433	0.02478	0.01856	0.02518	0.01524	0.02068	0.01247	0.00771	0.00821	0.00253	0.01047	0.00728	0.00401	0.01191
1	0.02094	0.02092	0.03107	0.12722	0.49664	0.08176	0.02382	0.02640	0.04281	0.02604	0.01595	0.02063	0.01313	0.00777	0.00817	0.00249	0.01038	0.00728	0.00424	0.01233
2	0.02043	0.02844	0.25021	0.03368	0.29209	0.05556	0.02454	0.02940	0.10653	0.05162	0.01843	0.02096	0.01411	0.00829	0.00811	0.00256	0.01042	0.00717	0.00476	0.01269
3	0.06551	0.01999	0.14465	0.10303	0.14481	0.01566	0.01835	0.02633	0.05867	0.13413	0.09136	0.03222	0.08860	0.01078	0.00835	0.00263	0.00838	0.00912	0.00621	0.01123
4	0.02258	0.02356	0.03176	0.04529	0.53470	0.14596	0.02368	0.02698	0.01981	0.02583	0.01509	0.01949	0.01269	0.00763	0.00808	0.00240	0.01085	0.00701	0.00414	0.01248
5	0.01904	0.02637	0.16773	0.03283	0.04198	0.02068	0.51131	0.02655	0.01921	0.02655	0.01644	0.02147	0.01220	0.00717	0.00944	0.00277	0.01367	0.00910	0.00407	0.01141
6	0.01153	0.00858	0.01264	0.01301	0.01430	0.00968	0.00987	0.01420	0.01384	0.01966	0.02679	0.16176	0.02735	0.05531	0.54706	0.01143	0.01889	0.01174	0.00508	0.00729
7	0.02221	0.71304	0.04353	0.01421	0.02132	0.03287	0.01421	0.02488	0.01688	0.01955	0.01155	0.01333	0.01066	0.00711	0.00533	0.00178	0.00888	0.00444	0.00355	0.01066
8	0.02650	0.02755	0.02093	0.01841	0.02260	0.34078	0.01425	0.17901	0.02511	0.02888	0.01735	0.02065	0.01417	0.01935	0.13626	0.00438	0.01421	0.00672	0.05269	0.01022
9	0.01161	0.00937	0.01045	0.01002	0.01269	0.00866	0.00756	0.01650	0.08155	0.02776	0.29408	0.06839	0.37405	0.01855	0.00968	0.00273	0.00433	0.01579	0.00833	0.00793
10	0.01043	0.00844	0.00926	0.00905	0.01159	0.00727	0.00679	0.01310	0.02037	0.02584	0.26183	0.07435	0.47306	0.01977	0.00981	0.00275	0.00412	0.01675	0.00816	0.00727
11	0.02734	0.01657	0.02149	0.10395	0.08608	0.01703	0.01515	0.16321	0.08761	0.26104	0.03119	0.03027	0.07959	0.01084	0.00848	0.00262	0.00797	0.00895	0.00799	0.01262
12	0.01980	0.08160	0.50614	0.02223	0.03313	0.02136	0.02687	0.13876	0.02152	0.03075	0.01564	0.01772	0.01121	0.00823	0.00781	0.00255	0.01148	0.00628	0.00441	0.01252
13	0.03181	0.01536	0.01912	0.01548	0.02134	0.01499	0.01252	0.04169	0.22682	0.45572	0.03312	0.02917	0.02214	0.01061	0.00839	0.00265	0.00691	0.00870	0.00968	0.01381
14	0.01012	0.00723	0.00964	0.01157	0.01205	0.00675	0.00771	0.01157	0.01591	0.02121	0.04579	0.70262	0.05495	0.02603	0.01060	0.00337	0.00482	0.02362	0.00771	0.00675
15	0.04780	0.16229	0.02515	0.02171	0.13429	0.12996	0.01471	0.04366	0.01822	0.02345	0.02020	0.13075	0.02020	0.03978	0.05893	0.00347	0.05330	0.00925	0.03317	0.00972
16	0.01809	0.01534	0.01784	0.01829	0.07984	0.07679	0.01269	0.12699	0.01930	0.02566	0.02079	0.03025	0.01907	0.12390	0.34751	0.00861	0.01622	0.00856	0.00516	0.00909
17	0.01187	0.00890	0.01335	0.01335	0.01483	0.01038	0.01038	0.01483	0.01335	0.01928	0.02225	0.03264	0.02077	0.06231	0.67512	0.01335	0.02225	0.00890	0.00445	0.00742
18	0.01995	0.01911	0.03261	0.13133	0.58069	0.01958	0.02519	0.02496	0.01863	0.02639	0.01552	0.02076	0.01290	0.00752	0.00823	0.00251	0.01002	0.00740	0.00406	0.01266
19	0.02711	0.02972	0.02635	0.09320	0.17996	0.34672	0.01896	0.12821	0.02431	0.02733	0.01487	0.01784	0.01189	0.00849	0.00788	0.00234	0.01241	0.00639	0.00485	0.01118
20	0.20976	0.01605	0.09674	0.14331	0.02505	0.01477	0.01415	0.01965	0.01497	0.02537	0.04467	0.02812	0.01837	0.12186	0.16839	0.00593	0.01189	0.00783	0.00465	0.00847
21	0.12114	0.02740	0.01959	0.01714	0.02163	0.33246	0.01327	0.15828	0.02462	0.03129	0.01677	0.01873	0.01312	0.00896	0.00707	0.00223	0.01065	0.00613	0.13933	0.01019
22	0.15161	0.01412	0.01603	0.18784	0.02592	0.05916	0.01282	0.02225	0.01783	0.06308	0.09844	0.02781	0.02246	0.01205	0.03358	0.00290	0.03344	0.00788	0.18189	0.00889
23	0.01633	0.01404	0.01451	0.01360	0.01656	0.07415	0.01010	0.06985	0.09934	0.02891	0.18240	0.26984	0.04487	0.01692	0.00919	0.00270	0.00628	0.01473	0.00758	0.08811
24	0.02477	0.02812	0.07655	0.14738	0.03181	0.25319	0.01890	0.14540	0.02287	0.02724	0.01443	0.01810	0.01147	0.00981	0.01137	0.00264	0.13406	0.00656	0.00479	0.01056
25	0.08562	0.03850	0.01829	0.06522	0.19305	0.01374	0.01331	0.02046	0.01680	0.02707	0.02262	0.09053	0.02058	0.05659	0.03803	0.00320	0.00756	0.00903	0.25051	0.00928
26	0.02084	0.08618	0.03109	0.04011	0.45371	0.08378	0.02197	0.02514	0.01920	0.02547	0.01854	0.02855	0.01705	0.00945	0.00829	0.00254	0.01000	0.08168	0.00452	0.01188
27	0.14274	0.19381	0.16731	0.02225	0.13664	0.02207	0.01838	0.08305	0.01930	0.02878	0.02073	0.02254	0.07208	0.00903	0.00709	0.00238	0.00898	0.00689	0.00476	0.01118
28	0.01761	0.14037	0.02548	0.02472	0.19753	0.05970	0.01582	0.02086	0.01670	0.02197	0.02315	0.02830	0.07734	0.02625	0.21569	0.00581	0.06024	0.00819	0.00445	0.00983
29	0.01896	0.12108	0.08524	0.01781	0.02270	0.14039	0.09075	0.02285	0.01890	0.02426	0.08152	0.09260	0.04575	0.01340	0.03437	0.00285	0.03920	0.00945	0.08420	0.03373
30	0.09510	0.02702	0.04324	0.08390	0.02598	0.31965	0.01537	0.06427	0.02117	0.06961	0.01887	0.10376	0.01707	0.01117	0.00896	0.00255	0.04890	0.00825	0.00534	0.00982
31	0.13028	0.04477	0.04365	0.12789	0.04592	0.08245	0.01494	0.02592	0.13506	0.02640	0.02788	0.02989	0.11009	0.01319	0.03343	0.00311	0.08124	0.00854	0.00549	0.00986

[dist]
# distance from previous block
# <min> <max>
24	46

[block]
# block no. 2 follows, 22 sequences, length 13
# corresponding to MSA columns:
# 93-105
name=unknown_C
#
# <colnr> <probs for GDERKNQSTAVLIFYWHMCP>
#	G	D	E	R	K	N	Q	S	T	A	V	L	I	F	Y	W	H	M	C	P
0	0.02284	0.08641	0.06501	0.10756	0.32991	0.16266	0.02193	0.06009	0.02053	0.02570	0.01477	0.01869	0.01209	0.00789	0.00780	0.00238	0.01111	0.00663	0.00425	0.01175
1	0.02409	0.12598	0.06077	0.02101	0.11274	0.09484	0.01563	0.09768	0.07078	0.11115	0.02297	0.02363	0.05420	0.00916	0.00752	0.00221	0.00883	0.00720	0.00599	0.12365
2	0.02624	0.02720	0.01974	0.01766	0.02147	0.35555	0.01314	0.06769	0.11544	0.07176	0.02056	0.02644	0.01770	0.14669	0.01459	0.00346	0.01140	0.00764	0.00575	0.00987
3	0.08066	0.01790	0.01598	0.01692	0.08505	0.15979	0.01086	0.05906	0.01821	0.02496	0.02064	0.03214	0.01963	0.24722	0.01899	0.00421	0.00896	0.00837	0.14211	0.00833
4	0.09972	0.02272	0.17090	0.02071	0.06132	0.01687	0.10861	0.06949	0.05334	0.03048	0.07246	0.02630	0.05709	0.00928	0.00792	0.00239	0.00893	0.00806	0.00543	0.14796
5	0.01601	0.01453	0.02401	0.01872	0.02300	0.01427	0.18522	0.01955	0.01635	0.02361	0.02382	0.03159	0.06845	0.10513	0.07518	0.02914	0.08462	0.00921	0.07179	0.14579
6	0.16699	0.12996	0.02295	0.01697	0.02177	0.28403	0.01356	0.05026	0.11310	0.02659	0.01649	0.01834	0.01344	0.01266	0.05696	0.00312	0.01153	0.00599	0.00511	0.01017
7	0.13197	0.07087	0.23422	0.01965	0.05200	0.15324	0.01897	0.02836	0.01962	0.11189	0.06819	0.02136	0.01734	0.00900	0.00749	0.00245	0.01030	0.00671	0.00530	0.01108
8	0.02081	0.04056	0.48215	0.02283	0.03303	0.14871	0.02649	0.08106	0.02063	0.02744	0.01495	0.01725	0.01088	0.00821	0.00785	0.00252	0.01253	0.00610	0.00409	0.01192
9	0.02162	0.02048	0.02858	0.04753	0.10052	0.10254	0.18885	0.13065	0.02214	0.02950	0.01898	0.02503	0.01560	0.06844	0.04826	0.00353	0.01142	0.00834	0.09745	0.01054
10	0.02040	0.16588	0.20497	0.02188	0.02922	0.14979	0.13047	0.02570	0.01834	0.02279	0.01529	0.01937	0.01251	0.01591	0.10831	0.00401	0.01396	0.00674	0.00394	0.01051
11	0.08510	0.15479	0.05726	0.08300	0.23549	0.02048	0.08423	0.02306	0.01689	0.02431	0.01608	0.02382	0.01453	0.11312	0.01269	0.00325	0.00975	0.00748	0.00418	0.01050
12	0.08808	0.06558	0.02259	0.12147	0.09910	0.20945	0.01567	0.07007	0.02187	0.02791	0.15167	0.02700	0.02575	0.01015	0.00791	0.00242	0.00984	0.00801	0.00555	0.00994

[dist]
# distance from previous block
# <min> <max>
2	5

[block]
# block no. 3 follows, 22 sequences, length 70
# corresponding to MSA columns:
# 111-180
name=unknown_D
#
# <colnr> <probs for GDERKNQSTAVLIFYWHMCP>
#	G	D	E	R	K	N	Q	S	T	A	V	L	I	F	Y	W	H	M	C	P
0	0.07076	0.01425	0.01781	0.02005	0.15111	0.01450	0.01234	0.12838	0.02092	0.07237	0.03241	0.03897	0.12900	0.16198	0.01547	0.00371	0.00744	0.01008	0.06861	0.00984
1	0.02863	0.07687	0.08697	0.02188	0.02787	0.40507	0.08944	0.03223	0.02213	0.10901	0.01614	0.01781	0.01225	0.00846	0.00779	0.00230	0.01315	0.00631	0.00497	0.01074
2	0.01084	0.00782	0.01004	0.01127	0.01212	0.00720	0.00748	0.01223	0.01547	0.02088	0.04116	0.57107	0.04888	0.11769	0.01464	0.00388	0.00534	0.02087	0.00717	0.05395
3	0.01774	0.01131	0.01375	0.01199	0.01474	0.01213	0.04200	0.09909	0.01979	0.03203	0.02424	0.02837	0.01919	0.01349	0.05366	0.00295	0.05012	0.00787	0.51671	0.00883
4	0.01116	0.00808	0.00970	0.00991	0.01112	0.00752	0.00670	0.01306	0.01768	0.02367	0.23474	0.19895	0.16312	0.22476	0.01961	0.00442	0.00539	0.01643	0.00736	0.00663
5	0.02350	0.01972	0.02755	0.16722	0.03450	0.02071	0.11798	0.28506	0.02694	0.03666	0.01735	0.02035	0.01287	0.00842	0.00817	0.00238	0.00983	0.00738	0.00600	0.14740
6	0.02423	0.06214	0.14900	0.03202	0.25110	0.29115	0.02208	0.02880	0.02048	0.02384	0.01416	0.01737	0.01154	0.00796	0.00773	0.00233	0.01240	0.00619	0.00404	0.01143
7	0.01996	0.35190	0.31407	0.01899	0.02795	0.02621	0.02172	0.05119	0.01790	0.02394	0.01335	0.01572	0.01076	0.00798	0.00778	0.00228	0.04765	0.00547	0.00374	0.01143
8	0.01447	0.01149	0.01689	0.01536	0.01764	0.01133	0.09259	0.09310	0.01881	0.02519	0.03556	0.42463	0.04020	0.12389	0.01496	0.00389	0.00711	0.01792	0.00691	0.00805
9	0.01284	0.01146	0.01979	0.01767	0.01995	0.01127	0.15161	0.01560	0.01656	0.02238	0.03680	0.50045	0.04227	0.02087	0.01150	0.00326	0.05181	0.01935	0.00663	0.00793
10	0.02024	0.01941	0.03315	0.09253	0.61716	0.01965	0.02534	0.02522	0.01877	0.02675	0.01557	0.02066	0.01302	0.00746	0.00823	0.00249	0.00995	0.00740	0.00408	0.01290
11	0.02093	0.49212	0.22375	0.01725	0.02575	0.05349	0.01908	0.02561	0.01733	0.02154	0.01258	0.01462	0.01062	0.00739	0.00616	0.00204	0.01011	0.00497	0.00357	0.01109
12	0.02359	0.03436	0.19048	0.02286	0.06697	0.34805	0.04153	0.02828	0.02154	0.02432	0.10076	0.02268	0.02010	0.00940	0.00804	0.00238	0.01241	0.00717	0.00473	0.01036
13	0.00991	0.00806	0.00878	0.00935	0.01147	0.00693	0.00673	0.01182	0.01804	0.02208	0.07277	0.26477	0.47538	0.02252	0.01005	0.00297	0.00439	0.01934	0.00771	0.00693
14	0.01218	0.00961	0.01227	0.01443	0.05416	0.00950	0.00942	0.01693	0.10165	0.02357	0.04675	0.49460	0.11855	0.02225	0.01007	0.00317	0.00531	0.01993	0.00758	0.00806
15	0.02562	0.01927	0.01907	0.05997	0.02336	0.13017	0.01331	0.03612	0.24687	0.20642	0.06551	0.03168	0.06327	0.01126	0.00841	0.00262	0.00817	0.00909	0.00792	0.01188
16	0.02444	0.01832	0.02940	0.04038	0.46776	0.01806	0.02161	0.03018	0.06062	0.17467	0.02078	0.02303	0.01567	0.00832	0.00827	0.00251	0.00901	0.00775	0.00582	0.01339
17	0.01007	0.00744	0.00943	0.01102	0.01191	0.00679	0.00747	0.01163	0.01643	0.02142	0.05245	0.59448	0.15878	0.02516	0.01047	0.00328	0.00471	0.02256	0.00771	0.00679
18	0.01996	0.01959	0.03425	0.09098	0.50421	0.02018	0.09149	0.02495	0.01842	0.02619	0.01538	0.02071	0.01280	0.00790	0.00969	0.00260	0.05658	0.00766	0.00406	0.01240
19	0.06577	0.01448	0.02294	0.06578	0.05137	0.01608	0.12856	0.01897	0.01611	0.02316	0.03066	0.03544	0.14968	0.02420	0.16446	0.00534	0.14311	0.01012	0.00492	0.00884
20	0.01668	0.01549	0.01468	0.01410	0.01601	0.15127	0.01061	0.01920	0.01590	0.02075	0.02097	0.03070	0.01946	0.11819	0.34413	0.00844	0.04081	0.00831	0.10660	0.00771
21	0.00986	0.00825	0.00858	0.00885	0.01133	0.00698	0.00650	0.01187	0.01852	0.02227	0.07893	0.16478	0.57139	0.02172	0.00993	0.00288	0.00429	0.01836	0.00771	0.00698
22	0.02986	0.13061	0.02633	0.02032	0.02509	0.55807	0.01579	0.05881	0.02333	0.02166	0.01298	0.01498	0.01085	0.00843	0.00723	0.00211	0.01389	0.00532	0.00436	0.00997
23	0.01666	0.04297	0.66500	0.02368	0.03596	0.01929	0.03069	0.02631	0.01754	0.02631	0.01491	0.01754	0.01052	0.00789	0.00789	0.00263	0.01228	0.00614	0.00351	0.01228
24	0.01187	0.00890	0.01335	0.01335	0.01483	0.01038	0.01038	0.01483	0.01335	0.01928	0.02225	0.03264	0.02077	0.06231	0.67512	0.01335	0.02225	0.00890	0.00445	0.00742
25	0.01107	0.00811	0.01043	0.01092	0.01246	0.00747	0.00798	0.01390	0.02004	0.02726	0.33405	0.28944	0.13600	0.02100	0.01019	0.00298	0.00451	0.05648	0.00838	0.00735
26	0.18756	0.01182	0.01473	0.01394	0.01607	0.01435	0.01112	0.01776	0.01345	0.02355	0.01823	0.02623	0.01670	0.04315	0.43168	0.00953	0.10995	0.00766	0.00450	0.00801
27	0.02289	0.51505	0.07717	0.01558	0.02222	0.13614	0.01502	0.02598	0.01805	0.02083	0.01296	0.01499	0.01133	0.00756	0.00588	0.00190	0.00978	0.00491	0.05134	0.01041
28	0.08966	0.01096	0.04667	0.01136	0.01396	0.00943	0.00916	0.01650	0.02084	0.03120	0.45741	0.12326	0.06223	0.01704	0.01028	0.03518	0.00487	0.01406	0.00803	0.00790
29	0.01961	0.01985	0.03706	0.13305	0.39272	0.01994	0.20342	0.02524	0.01881	0.02618	0.01586	0.02133	0.01271	0.00741	0.00870	0.00261	0.01126	0.00811	0.00408	0.01204
30	0.01880	0.30154	0.42519	0.02003	0.03031	0.02453	0.02433	0.02576	0.01728	0.02370	0.01361	0.01591	0.01058	0.00759	0.00690	0.00230	0.01097	0.00548	0.00353	0.01165
31	0.02340	0.02459	0.19737	0.03538	0.34507	0.01788	0.02379	0.02918	0.01968	0.17395	0.01941	0.02155	0.01418	0.00820	0.00817	0.00253	0.00986	0.00729	0.00538	0.01315
32	0.01642	0.01537	0.02396	0.03456	0.40733	0.01483	0.01809	0.02026	0.01892	0.02533	0.04207	0.04348	0.26000	0.01266	0.00884	0.00260	0.00768	0.01131	0.00550	0.01079
33	0.01667	0.01108	0.01166	0.01088	0.01346	0.03316	0.00839	0.08229	0.04218	0.03051	0.06294	0.03438	0.06346	0.02000	0.12308	0.00411	0.00811	0.00891	0.40614	0.00857
34	0.02615	0.02742	0.02505	0.11370	0.07044	0.27952	0.01793	0.16664	0.02401	0.02826	0.01459	0.01803	0.01174	0.00982	0.01127	0.00259	0.13049	0.00659	0.00501	0.01075
35	0.01666	0.04297	0.66500	0.02368	0.03596	0.01929	0.03069	0.02631	0.01754	0.02631	0.01491	0.01754	0.01052	0.00789	0.00789	0.00263	0.01228	0.00614	0.00351	0.01228
36	0.00982	0.00842	0.00842	0.00842	0.01122	0.00701	0.00631	0.01192	0.01894	0.02244	0.08416	0.07995	0.65285	0.02104	0.00982	0.00281	0.00421	0.01753	0.00771	0.00701
37	0.01631	0.01170	0.01369	0.01334	0.01588	0.01195	0.00982	0.12706	0.08925	0.05721	0.04307	0.41452	0.10219	0.02033	0.00978	0.00306	0.00583	0.01788	0.00802	0.00913
38	0.02441	0.02715	0.02092	0.09014	0.02551	0.35601	0.01479	0.08486	0.02146	0.02304	0.01796	0.07497	0.01714	0.10473	0.01391	0.00323	0.05743	0.00823	0.00494	0.00915
39	0.02458	0.01177	0.01383	0.01159	0.01561	0.01139	0.00925	0.09820	0.02241	0.24713	0.05784	0.03023	0.02291	0.01026	0.00715	0.00225	0.00558	0.00826	0.37906	0.01066
40	0.25338	0.02022	0.01930	0.06155	0.09701	0.13184	0.01401	0.05399	0.10447	0.07278	0.07684	0.02327	0.01957	0.00947	0.00734	0.00253	0.00855	0.00719	0.00607	0.01062
41	0.02325	0.63359	0.04117	0.01506	0.02184	0.10860	0.01443	0.02585	0.01767	0.01964	0.01170	0.01352	0.01067	0.00728	0.00559	0.00182	0.00960	0.00455	0.00364	0.01054
42	0.02056	0.01974	0.03372	0.05099	0.65622	0.01974	0.02550	0.02550	0.01892	0.02714	0.01563	0.02056	0.01316	0.00740	0.00822	0.00247	0.00987	0.00740	0.00411	0.01316
43	0.02056	0.01974	0.03372	0.05099	0.65622	0.01974	0.02550	0.02550	0.01892	0.02714	0.01563	0.02056	0.01316	0.00740	0.00822	0.00247	0.00987	0.00740	0.00411	0.01316
44	0.01913	0.01929	0.03132	0.30544	0.30138	0.06068	0.09477	0.02438	0.01836	0.02425	0.01524	0.02107	0.01209	0.00779	0.00840	0.00261	0.01117	0.00755	0.00396	0.01111
45	0.01012	0.00723	0.00964	0.01157	0.01205	0.00675	0.00771	0.01157	0.01591	0.02121	0.04579	0.70262	0.05495	0.02603	0.01060	0.00337	0.00482	0.02362	0.00771	0.00675
46	0.01012	0.00723	0.00964	0.01157	0.01205	0.00675	0.00771	0.01157	0.01591	0.02121	0.04579	0.70262	0.05495	0.02603	0.01060	0.00337	0.00482	0.02362	0.00771	0.00675
47	0.02104	0.02064	0.03326	0.04964	0.62746	0.04961	0.02506	0.02585	0.01913	0.02683	0.01550	0.02031	0.01305	0.00745	0.00819	0.00245	0.01010	0.00731	0.00412	0.01300
48	0.02036	0.01919	0.03073	0.07372	0.51908	0.01984	0.02324	0.02854	0.12689	0.02820	0.01875	0.02244	0.01518	0.00811	0.00827	0.00254	0.00935	0.00775	0.00485	0.01298
49	0.01187	0.00890	0.01335	0.01335	0.01483	0.01038	0.01038	0.01483	0.01335	0.01928	0.02225	0.03264	0.02077	0.06231	0.67512	0.01335	0.02225	0.00890	0.00445	0.00742
50	0.00994	0.00842	0.00859	0.00855	0.01130	0.00707	0.00641	0.01216	0.01923	0.02313	0.12021	0.07881	0.61637	0.02078	0.00982	0.00279	0.00419	0.01737	0.00781	0.00707
51	0.01382	0.01190	0.01840	0.01668	0.01825	0.01454	0.05102	0.01677	0.01360	0.01991	0.01928	0.02864	0.01797	0.04775	0.48310	0.01044	0.17705	0.00858	0.00425	0.00804
52	0.01666	0.04297	0.66500	0.02368	0.03596	0.01929	0.03069	0.02631	0.01754	0.02631	0.01491	0.01754	0.01052	0.00789	0.00789	0.00263	0.01228	0.00614	0.00351	0.01228
53	0.01025	0.00775	0.00948	0.01048	0.01185	0.00698	0.00731	0.01223	0.01784	0.02322	0.13975	0.43053	0.23561	0.02331	0.01026	0.00310	0.00452	0.02064	0.00791	0.00698
54	0.02036	0.02031	0.03697	0.04760	0.52618	0.02001	0.15294	0.02573	0.01906	0.02703	0.01588	0.02095	0.01304	0.00732	0.00856	0.00254	0.01075	0.00791	0.00413	0.01274
55	0.01851	0.01620	0.02645	0.16880	0.39963	0.01694	0.02083	0.02334	0.01814	0.02677	0.01789	0.02309	0.01447	0.00807	0.00773	0.00241	0.00884	0.00747	0.16319	0.01123
56	0.02940	0.03686	0.02325	0.02196	0.04815	0.60730	0.01603	0.03169	0.02271	0.02051	0.01356	0.01634	0.01145	0.01202	0.05105	0.00288	0.01527	0.00566	0.00429	0.00962
57	0.03042	0.03858	0.02363	0.02142	0.02550	0.64386	0.01615	0.03255	0.02303	0.02032	0.01275	0.01513	0.01071	0.00884	0.00843	0.00221	0.04717	0.00544	0.00425	0.00961
58	0.01208	0.00805	0.00906	0.00906	0.00906	0.00805	0.00503	0.01208	0.01208	0.01611	0.02618	0.05436	0.03020	0.70804	0.04228	0.00805	0.00805	0.01208	0.00503	0.00503
59	0.01531	0.01989	0.19317	0.01611	0.02096	0.01372	0.01557	0.10044	0.01995	0.02758	0.07322	0.27986	0.07302	0.01952	0.04621	0.00352	0.03176	0.01430	0.00641	0.00948
60	0.01094	0.00840	0.00963	0.00936	0.01143	0.00750	0.00678	0.01352	0.01992	0.02614	0.31458	0.06895	0.32685	0.11294	0.01423	0.00344	0.00461	0.01574	0.00795	0.00709
61	0.01012	0.00723	0.00964	0.01157	0.01205	0.00675	0.00771	0.01157	0.01591	0.02121	0.04579	0.70262	0.05495	0.02603	0.01060	0.00337	0.00482	0.02362	0.00771	0.00675
62	0.01749	0.03804	0.53104	0.02947	0.16758	0.01939	0.02959	0.02614	0.01783	0.02649	0.01506	0.01818	0.01108	0.00779	0.00796	0.00260	0.01177	0.00641	0.00364	0.01246
63	0.02841	0.23949	0.02948	0.01927	0.02439	0.48419	0.01551	0.03071	0.02156	0.02010	0.01246	0.01449	0.01069	0.00813	0.00685	0.00203	0.01317	0.00508	0.00406	0.00994
64	0.01028	0.00765	0.00958	0.01075	0.01192	0.00695	0.00743	0.01220	0.01759	0.02312	0.13650	0.48321	0.18502	0.02374	0.01033	0.00315	0.00457	0.02115	0.00791	0.00695
65	0.01200	0.00836	0.01060	0.01060	0.01113	0.00889	0.00696	0.01307	0.01254	0.01725	0.02477	0.04656	0.02681	0.47606	0.26963	0.00996	0.01315	0.01094	0.00482	0.00589
66	0.01234	0.00807	0.00914	0.00914	0.00935	0.00813	0.00532	0.01276	0.01255	0.01739	0.02608	0.05165	0.02912	0.62705	0.06587	0.00780	0.00832	0.01161	0.06298	0.00534
67	0.01163	0.00803	0.00993	0.01034	0.01070	0.00818	0.00653	0.01245	0.01311	0.01774	0.02966	0.18816	0.03381	0.45117	0.14546	0.00798	0.00983	0.01398	0.00550	0.00581
68	0.01172	0.00790	0.00917	0.00952	0.00960	0.00782	0.00552	0.01199	0.01278	0.01704	0.02974	0.17225	0.03470	0.58402	0.03652	0.00720	0.00747	0.01418	0.00552	0.00535
69	0.02730	0.02310	0.02061	0.01695	0.02203	0.15916	0.01351	0.35750	0.03074	0.03996	0.02373	0.02459	0.05493	0.01032	0.00780	0.00234	0.00915	0.00771	0.13695	0.01162

[dist]
# distance from previous block
# <min> <max>
2	22

[block]
# block no. 4 follows, 22 sequences, length 188
# corresponding to MSA columns:
# 203-390
name=unknown_E
#
# <colnr> <probs for GDERKNQSTAVLIFYWHMCP>
#	G	D	E	R	K	N	Q	S	T	A	V	L	I	F	Y	W	H	M	C	P
0	0.01187	0.00890	0.01335	0.01335	0.01483	0.01038	0.01038	0.01483	0.01335	0.01928	0.02225	0.03264	0.02077	0.06231	0.67512	0.01335	0.02225	0.00890	0.00445	0.00742
1	0.02438	0.07186	0.02484	0.02537	0.15290	0.35167	0.01672	0.02809	0.04356	0.02203	0.01586	0.01989	0.01362	0.01827	0.13103	0.00428	0.01457	0.00652	0.00439	0.01014
2	0.05475	0.58837	0.10324	0.01530	0.02272	0.05690	0.01570	0.02533	0.01709	0.02103	0.01194	0.01382	0.01058	0.00727	0.00566	0.00191	0.00936	0.00465	0.00365	0.01071
3	0.01187	0.00890	0.01335	0.01335	0.01483	0.01038	0.01038	0.01483	0.01335	0.01928	0.02225	0.03264	0.02077	0.06231	0.67512	0.01335	0.02225	0.00890	0.00445	0.00742
4	0.03537	0.01406	0.01890	0.01469	0.02084	0.01242	0.01206	0.03957	0.05296	0.60468	0.06004	0.02989	0.02333	0.01062	0.00842	0.00258	0.00691	0.00870	0.01015	0.01381
5	0.01045	0.00743	0.00948	0.01098	0.01149	0.00699	0.00718	0.01167	0.01538	0.02037	0.04413	0.56026	0.07826	0.14528	0.01612	0.00417	0.00536	0.02131	0.00724	0.00646
6	0.11526	0.02694	0.06129	0.02060	0.06297	0.20428	0.01606	0.20905	0.14061	0.03525	0.01896	0.01973	0.01436	0.00927	0.00770	0.00247	0.01021	0.00680	0.00629	0.01191
7	0.01970	0.02488	0.17351	0.04494	0.51887	0.01964	0.02665	0.02568	0.01861	0.02696	0.01547	0.01989	0.01258	0.00751	0.00815	0.00250	0.01040	0.00712	0.00398	0.01296
8	0.01219	0.00902	0.01182	0.01331	0.01524	0.00865	0.01112	0.01534	0.01868	0.02387	0.05310	0.16637	0.18260	0.02291	0.01100	0.00354	0.00654	0.39963	0.00767	0.00740
9	0.01208	0.00805	0.00906	0.00906	0.00906	0.00805	0.00503	0.01208	0.01208	0.01611	0.02618	0.05436	0.03020	0.70804	0.04228	0.00805	0.00805	0.01208	0.00503	0.00503
10	0.01818	0.01818	0.02545	0.02181	0.02181	0.02545	0.01818	0.01999	0.01272	0.01999	0.01091	0.01818	0.01091	0.01454	0.02726	0.00364	0.69284	0.00727	0.00364	0.00909
11	0.02386	0.01865	0.01788	0.01510	0.01960	0.08222	0.01197	0.25948	0.13571	0.03844	0.02676	0.02743	0.04741	0.01049	0.00759	0.00237	0.00748	0.00815	0.22813	0.01130
12	0.01012	0.00723	0.00964	0.01157	0.01205	0.00675	0.00771	0.01157	0.01591	0.02121	0.04579	0.70262	0.05495	0.02603	0.01060	0.00337	0.00482	0.02362	0.00771	0.00675
13	0.01012	0.00723	0.00964	0.01157	0.01205	0.00675	0.00771	0.01157	0.01591	0.02121	0.04579	0.70262	0.05495	0.02603	0.01060	0.00337	0.00482	0.02362	0.00771	0.00675
14	0.01012	0.00723	0.00964	0.01157	0.01205	0.00675	0.00771	0.01157	0.01591	0.02121	0.04579	0.70262	0.05495	0.02603	0.01060	0.00337	0.00482	0.02362	0.00771	0.00675
15	0.01326	0.00911	0.01112	0.01008	0.01271	0.00822	0.00764	0.01714	0.02138	0.03202	0.43429	0.04960	0.05753	0.01402	0.00846	0.00229	0.00419	0.01216	0.17359	0.10119
16	0.01208	0.00805	0.00906	0.00906	0.00906	0.00805	0.00503	0.01208	0.01208	0.01611	0.02618	0.05436	0.03020	0.70804	0.04228	0.00805	0.00805	0.01208	0.00503	0.00503
17	0.06978	0.15413	0.22314	0.02024	0.02751	0.32417	0.01980	0.02912	0.01999	0.02306	0.01318	0.01539	0.01054	0.00806	0.00710	0.00225	0.01259	0.00539	0.00397	0.01058
18	0.02006	0.02251	0.10486	0.04678	0.54205	0.01978	0.07055	0.02567	0.01881	0.02701	0.01563	0.02036	0.01283	0.00743	0.00830	0.00251	0.01044	0.00744	0.00405	0.01292
19	0.02194	0.06831	0.07060	0.07033	0.44764	0.12853	0.02343	0.02658	0.01936	0.02522	0.01483	0.01907	0.01234	0.00764	0.00790	0.00239	0.01085	0.00680	0.00405	0.01219
20	0.01789	0.19135	0.52739	0.02158	0.03272	0.02230	0.02704	0.02599	0.01739	0.02481	0.01416	0.01661	0.01055	0.00772	0.00733	0.00244	0.01153	0.00576	0.00352	0.01192
21	0.01666	0.04297	0.66500	0.02368	0.03596	0.01929	0.03069	0.02631	0.01754	0.02631	0.01491	0.01754	0.01052	0.00789	0.00789	0.00263	0.01228	0.00614	0.00351	0.01228
22	0.02035	0.02033	0.03711	0.04745	0.52053	0.02002	0.15848	0.02574	0.01907	0.02702	0.01589	0.02097	0.01304	0.00731	0.00857	0.00254	0.01079	0.00793	0.00413	0.01273
23	0.02419	0.19354	0.02550	0.01738	0.02164	0.35114	0.01396	0.02671	0.01953	0.02039	0.01514	0.01901	0.01328	0.01957	0.14740	0.00440	0.01455	0.00599	0.03735	0.00933
24	0.01046	0.00829	0.00940	0.00944	0.01169	0.00724	0.00696	0.01304	0.01998	0.02566	0.25539	0.15182	0.40041	0.02040	0.00991	0.00282	0.00419	0.01751	0.00816	0.00724
25	0.01024	0.00728	0.00960	0.01141	0.01187	0.00683	0.00755	0.01160	0.01567	0.02090	0.04459	0.66300	0.05343	0.06771	0.01254	0.00366	0.00502	0.02291	0.00755	0.00664
26	0.01003	0.00761	0.00925	0.01057	0.01179	0.00683	0.00727	0.01168	0.01687	0.02160	0.05795	0.50521	0.24450	0.02445	0.01035	0.00319	0.00463	0.02169	0.00771	0.00683
27	0.01256	0.00879	0.01065	0.01000	0.01251	0.00780	0.00756	0.01581	0.02195	0.06576	0.41990	0.06630	0.27368	0.01800	0.00972	0.00268	0.00420	0.01551	0.00872	0.00792
28	0.01014	0.00799	0.00920	0.01010	0.01190	0.00704	0.00728	0.01207	0.01769	0.02206	0.06605	0.33847	0.37188	0.02321	0.01023	0.00310	0.00465	0.05228	0.00771	0.00694
29	0.01187	0.00890	0.01335	0.01335	0.01483	0.01038	0.01038	0.01483	0.01335	0.01928	0.02225	0.03264	0.02077	0.06231	0.67512	0.01335	0.02225	0.00890	0.00445	0.00742
30	0.01250	0.01009	0.01106	0.01115	0.01352	0.00995	0.00817	0.01858	0.14142	0.02405	0.05794	0.18310	0.31000	0.10168	0.01364	0.00359	0.00544	0.04862	0.00754	0.00799
31	0.01160	0.00785	0.00920	0.00967	0.00979	0.00774	0.00569	0.01196	0.01301	0.01735	0.03095	0.21209	0.03622	0.54211	0.03458	0.00692	0.00727	0.01489	0.00569	0.00545
32	0.01005	0.00749	0.00937	0.01087	0.01187	0.00681	0.00740	0.01165	0.01658	0.02148	0.05428	0.56474	0.18734	0.02492	0.01043	0.00325	0.00468	0.02227	0.00771	0.00681
33	0.01457	0.01237	0.01458	0.01328	0.01677	0.01265	0.03660	0.02473	0.23505	0.02917	0.17486	0.05764	0.26180	0.01634	0.00943	0.00282	0.00558	0.04415	0.00810	0.00952
34	0.01001	0.00767	0.00919	0.01041	0.01174	0.00685	0.00720	0.01170	0.01702	0.02166	0.05989	0.47371	0.27476	0.02419	0.01031	0.00316	0.00459	0.02138	0.00771	0.00685
35	0.01018	0.00733	0.00965	0.01140	0.01203	0.00680	0.00766	0.01175	0.01633	0.02174	0.07179	0.65321	0.07842	0.02547	0.01054	0.00332	0.00476	0.02304	0.00777	0.00680
36	0.02876	0.06688	0.05168	0.02486	0.10430	0.53848	0.01774	0.03158	0.02243	0.02139	0.01321	0.01571	0.01100	0.00833	0.00750	0.00218	0.01397	0.00560	0.00420	0.01022
37	0.01945	0.07560	0.41314	0.02522	0.03549	0.06254	0.15974	0.06329	0.01965	0.02719	0.01531	0.01836	0.01122	0.00782	0.00817	0.00258	0.01245	0.00688	0.00400	0.01189
38	0.02972	0.03383	0.02453	0.02268	0.06177	0.46632	0.01668	0.15056	0.02568	0.02709	0.01429	0.01650	0.01154	0.00916	0.00895	0.00232	0.05665	0.00602	0.00503	0.01070
39	0.03067	0.03714	0.02348	0.02100	0.02552	0.58574	0.01591	0.09091	0.05006	0.02400	0.01437	0.01611	0.01162	0.00881	0.00761	0.00220	0.01408	0.00572	0.00484	0.01021
40	0.01046	0.00884	0.00911	0.00897	0.01178	0.00769	0.00675	0.01367	0.04670	0.02393	0.13126	0.07624	0.57536	0.02026	0.00976	0.00279	0.00429	0.01696	0.00787	0.00735
41	0.02927	0.03935	0.10335	0.02159	0.02696	0.56691	0.01786	0.05644	0.02342	0.02237	0.01339	0.01550	0.01082	0.00853	0.00757	0.00222	0.01441	0.00553	0.00435	0.01014
42	0.02056	0.01974	0.03372	0.05099	0.65622	0.01974	0.02550	0.02550	0.01892	0.02714	0.01563	0.02056	0.01316	0.00740	0.00822	0.00247	0.00987	0.00740	0.00411	0.01316
43	0.01557	0.01118	0.01419	0.01317	0.01528	0.01245	0.00998	0.12203	0.01782	0.02507	0.02292	0.03479	0.02157	0.18301	0.39115	0.00973	0.01602	0.00924	0.04671	0.00812
44	0.01162	0.00831	0.00989	0.00989	0.01074	0.00838	0.00645	0.01266	0.01363	0.01798	0.03603	0.05429	0.14328	0.43798	0.17641	0.00826	0.01049	0.01239	0.00540	0.00593
45	0.02179	0.01863	0.01884	0.01646	0.02126	0.04867	0.01292	0.14775	0.42531	0.03584	0.03658	0.03433	0.10065	0.01213	0.00855	0.00273	0.00712	0.00987	0.00815	0.01241
46	0.01433	0.01257	0.01806	0.01668	0.01753	0.01630	0.01341	0.01677	0.01321	0.01965	0.01868	0.05534	0.01825	0.04152	0.38588	0.00901	0.29161	0.00887	0.00426	0.00806
47	0.00984	0.00832	0.00852	0.00868	0.01129	0.00699	0.00643	0.01189	0.01868	0.02234	0.08090	0.13275	0.60215	0.02146	0.00988	0.00285	0.00426	0.01805	0.00771	0.00699
48	0.01029	0.00814	0.00875	0.00909	0.01097	0.00716	0.00632	0.01189	0.01714	0.02105	0.06671	0.18431	0.43293	0.14899	0.01596	0.00388	0.00503	0.01759	0.00722	0.00660
49	0.02221	0.71304	0.04353	0.01421	0.02132	0.03287	0.01421	0.02488	0.01688	0.01955	0.01155	0.01333	0.01066	0.00711	0.00533	0.00178	0.00888	0.00444	0.00355	0.01066
50	0.02832	0.01151	0.01454	0.01189	0.01647	0.01037	0.00958	0.03180	0.02117	0.40268	0.03044	0.02938	0.02086	0.01003	0.00731	0.00231	0.00576	0.00810	0.31597	0.01151
51	0.01012	0.00723	0.00964	0.01157	0.01205	0.00675	0.00771	0.01157	0.01591	0.02121	0.04579	0.70262	0.05495	0.02603	0.01060	0.00337	0.00482	0.02362	0.00771	0.00675
52	0.01081	0.00957	0.01044	0.01001	0.01248	0.00920	0.00772	0.01288	0.01820	0.02215	0.07546	0.07262	0.57664	0.02027	0.01189	0.00290	0.08596	0.01631	0.00723	0.00726
53	0.02464	0.01975	0.01996	0.01905	0.05942	0.15531	0.01391	0.03076	0.12812	0.17949	0.02737	0.14893	0.02401	0.01335	0.01095	0.00280	0.09368	0.01053	0.00701	0.01095
54	0.01222	0.01030	0.01081	0.01036	0.01344	0.00983	0.00786	0.01880	0.14335	0.02624	0.14472	0.06798	0.45655	0.01859	0.00954	0.00278	0.00464	0.01560	0.00804	0.00834
55	0.01012	0.00723	0.00964	0.01157	0.01205	0.00675	0.00771	0.01157	0.01591	0.02121	0.04579	0.70262	0.05495	0.02603	0.01060	0.00337	0.00482	0.02362	0.00771	0.00675
56	0.02943	0.03693	0.02378	0.02145	0.02520	0.59397	0.01632	0.03153	0.02220	0.02029	0.01260	0.01538	0.01073	0.00930	0.00995	0.00233	0.09926	0.00559	0.00420	0.00956
57	0.03012	0.01259	0.01680	0.01341	0.01869	0.01094	0.01088	0.03336	0.02329	0.48912	0.15021	0.03914	0.08879	0.01248	0.00875	0.00260	0.00623	0.01041	0.00984	0.01234
58	0.02102	0.50788	0.03819	0.01646	0.02147	0.03068	0.01538	0.02343	0.01565	0.01968	0.01136	0.01476	0.01073	0.00930	0.01181	0.00233	0.21082	0.00528	0.00358	0.01020
59	0.01839	0.03168	0.33871	0.03259	0.15322	0.01996	0.23224	0.02626	0.01850	0.02657	0.01569	0.01975	0.01172	0.00750	0.00860	0.00266	0.01242	0.00762	0.00386	0.01208
60	0.01660	0.00973	0.01120	0.01051	0.01268	0.01031	0.00801	0.08978	0.01842	0.02929	0.02378	0.02926	0.01949	0.02183	0.13322	0.09815	0.00831	0.00786	0.43363	0.00793
61	0.02320	0.10856	0.02356	0.01966	0.07507	0.17020	0.01439	0.03455	0.27606	0.05685	0.02667	0.02630	0.05445	0.01008	0.00779	0.00242	0.00893	0.00789	0.00640	0.04699
62	0.01012	0.00723	0.00964	0.01157	0.01205	0.00675	0.00771	0.01157	0.01591	0.02121	0.04579	0.70262	0.05495	0.02603	0.01060	0.00337	0.00482	0.02362	0.00771	0.00675
63	0.01751	0.01567	0.02100	0.01500	0.02250	0.01225	0.08300	0.02159	0.01751	0.02702	0.01501	0.01784	0.01234	0.00625	0.00659	0.00142	0.00708	0.00550	0.00484	0.67008
64	0.01189	0.00990	0.01060	0.01068	0.01332	0.00948	0.00789	0.01780	0.13336	0.02445	0.06635	0.20877	0.40439	0.02034	0.00974	0.00293	0.00478	0.01737	0.00785	0.00809
65	0.17146	0.37294	0.02923	0.01381	0.01910	0.06584	0.01243	0.02309	0.01597	0.02313	0.01401	0.01774	0.01256	0.01954	0.15374	0.00452	0.01173	0.00550	0.00412	0.00954
66	0.01750	0.03523	0.44958	0.06826	0.07836	0.01965	0.16173	0.02602	0.01803	0.02612	0.01537	0.01909	0.01119	0.00769	0.00836	0.00267	0.01243	0.00711	0.00371	0.01191
67	0.02127	0.01575	0.02469	0.23465	0.24582	0.01646	0.01945	0.02648	0.04441	0.15384	0.02708	0.02954	0.08458	0.00992	0.00846	0.00263	0.00892	0.00878	0.00580	0.01147
68	0.02303	0.65077	0.04168	0.01488	0.02173	0.09222	0.01438	0.02564	0.01750	0.01962	0.01167	0.01348	0.01066	0.00724	0.00553	0.00181	0.00945	0.00453	0.00362	0.01057
69	0.02009	0.45651	0.28146	0.01784	0.02692	0.02767	0.02052	0.02542	0.01713	0.02213	0.01284	0.01494	0.01061	0.00741	0.00631	0.00210	0.01018	0.00509	0.00354	0.01128
70	0.02779	0.03279	0.02205	0.02000	0.02441	0.47006	0.01514	0.03661	0.21680	0.02484	0.01940	0.01999	0.01529	0.00941	0.00779	0.00235	0.01235	0.00662	0.00559	0.01073
71	0.01540	0.01221	0.01489	0.01374	0.01620	0.01341	0.01085	0.02169	0.12782	0.06176	0.16744	0.09022	0.20328	0.01713	0.01287	0.00300	0.13234	0.04917	0.00751	0.00905
72	0.01616	0.01525	0.02577	0.62599	0.11559	0.01858	0.02331	0.02164	0.01684	0.02180	0.01485	0.02199	0.01128	0.00822	0.00830	0.00274	0.01096	0.00738	0.00373	0.00961
73	0.01100	0.00817	0.01058	0.01166	0.01300	0.00729	0.00798	0.01273	0.01607	0.02194	0.04193	0.61741	0.04964	0.02356	0.01005	0.00311	0.00499	0.02129	0.00736	0.10025
74	0.01207	0.00811	0.00932	0.00932	0.00941	0.00820	0.00536	0.01225	0.01216	0.01630	0.02594	0.05304	0.02963	0.66857	0.08096	0.00838	0.00892	0.01189	0.00500	0.00518
75	0.02221	0.71304	0.04353	0.01421	0.02132	0.03287	0.01421	0.02488	0.01688	0.01955	0.01155	0.01333	0.01066	0.00711	0.00533	0.00178	0.00888	0.00444	0.00355	0.01066
76	0.01818	0.01818	0.02545	0.02181	0.02181	0.02545	0.01818	0.01999	0.01272	0.01999	0.01091	0.01818	0.01091	0.01454	0.02726	0.00364	0.69284	0.00727	0.00364	0.00909
77	0.02056	0.01974	0.03372	0.05099	0.65622	0.01974	0.02550	0.02550	0.01892	0.02714	0.01563	0.02056	0.01316	0.00740	0.00822	0.00247	0.00987	0.00740	0.00411	0.01316
78	0.01723	0.01477	0.01723	0.01230	0.01969	0.01107	0.00984	0.02092	0.01723	0.02707	0.01477	0.01723	0.01230	0.00615	0.00615	0.00123	0.00615	0.00492	0.00492	0.75883
79	0.01339	0.00956	0.01339	0.01530	0.01721	0.00956	0.01339	0.01721	0.01912	0.02486	0.04399	0.09371	0.04781	0.02295	0.01147	0.00382	0.00765	0.60031	0.00765	0.00765
80	0.10627	0.00966	0.01098	0.01023	0.01297	0.00918	0.00782	0.01697	0.02133	0.05812	0.41760	0.05862	0.19711	0.01646	0.00916	0.00265	0.00443	0.01400	0.00837	0.00806
81	0.01011	0.00729	0.00958	0.01142	0.01201	0.00676	0.00765	0.01158	0.01605	0.02127	0.04760	0.67318	0.08322	0.02579	0.01057	0.00335	0.00479	0.02333	0.00771	0.00676
82	0.02113	0.02023	0.02894	0.03975	0.44281	0.05402	0.02149	0.03120	0.19631	0.02895	0.02066	0.02324	0.01650	0.00856	0.00825	0.00255	0.00920	0.00786	0.00536	0.01297
83	0.06261	0.03297	0.02281	0.02000	0.02483	0.44634	0.01538	0.15245	0.09246	0.02900	0.01645	0.01762	0.01288	0.00909	0.00765	0.00230	0.01254	0.00617	0.00557	0.01088
84	0.01489	0.01408	0.02635	0.02131	0.02510	0.01489	0.22369	0.01919	0.01548	0.02186	0.01974	0.02830	0.01740	0.04054	0.40925	0.00917	0.05649	0.00912	0.00432	0.00882
85	0.01620	0.01223	0.01371	0.01289	0.01539	0.01282	0.00935	0.13016	0.12071	0.02861	0.06223	0.23880	0.10420	0.16456	0.01644	0.00402	0.00648	0.01492	0.00743	0.00884
86	0.01116	0.00835	0.01001	0.00977	0.01164	0.00757	0.00705	0.01394	0.02038	0.02743	0.38013	0.10158	0.23342	0.10455	0.01389	0.00339	0.00456	0.01584	0.00815	0.00720
87	0.03122	0.03395	0.02402	0.02061	0.02571	0.45032	0.01596	0.23902	0.02891	0.03140	0.01530	0.01670	0.01189	0.00905	0.00777	0.00226	0.01296	0.00609	0.00567	0.01119
88	0.01666	0.04297	0.66500	0.02368	0.03596	0.01929	0.03069	0.02631	0.01754	0.02631	0.01491	0.01754	0.01052	0.00789	0.00789	0.00263	0.01228	0.00614	0.00351	0.01228
89	0.02444	0.02840	0.02013	0.01861	0.02217	0.40953	0.01412	0.02946	0.09752	0.02183	0.01805	0.02186	0.01531	0.02377	0.19237	0.00533	0.01595	0.00684	0.00485	0.00946
90	0.24812	0.01320	0.01348	0.01186	0.01606	0.01399	0.00942	0.02843	0.11903	0.15318	0.10221	0.02902	0.02518	0.01036	0.00701	0.00248	0.00569	0.00804	0.17300	0.01022
91	0.01569	0.01477	0.02492	0.68808	0.05722	0.01846	0.02307	0.02123	0.01661	0.02123	0.01477	0.02215	0.01107	0.00831	0.00831	0.00277	0.01107	0.00738	0.00369	0.00923
92	0.01187	0.00890	0.01335	0.01335	0.01483	0.01038	0.01038	0.01483	0.01335	0.01928	0.02225	0.03264	0.02077	0.06231	0.67512	0.01335	0.02225	0.00890	0.00445	0.00742
93	0.01208	0.00805	0.00906	0.00906	0.00906	0.00805	0.00503	0.01208	0.01208	0.01611	0.02618	0.05436	0.03020	0.70804	0.04228	0.00805	0.00805	0.01208	0.00503	0.00503
94	0.01009	0.00737	0.00949	0.01119	0.01195	0.00678	0.00755	0.01161	0.01626	0.02135	0.05034	0.62870	0.12592	0.02543	0.01051	0.00331	0.00475	0.02289	0.00771	0.00678
95	0.01208	0.00805	0.00906	0.00906	0.00906	0.00805	0.00503	0.01208	0.01208	0.01611	0.02618	0.05436	0.03020	0.70804	0.04228	0.00805	0.00805	0.01208	0.00503	0.00503
96	0.01750	0.01063	0.01338	0.01301	0.01541	0.01031	0.00954	0.10087	0.02097	0.12806	0.09191	0.44772	0.04591	0.02056	0.00986	0.00306	0.00569	0.01826	0.00832	0.00902
97	0.01214	0.00924	0.01365	0.01350	0.01485	0.01090	0.01045	0.01492	0.01327	0.01916	0.02197	0.03307	0.02081	0.09086	0.61840	0.01270	0.04932	0.00898	0.00444	0.00737
98	0.01208	0.00805	0.00906	0.00906	0.00906	0.00805	0.00503	0.01208	0.01208	0.01611	0.02618	0.05436	0.03020	0.70804	0.04228	0.00805	0.00805	0.01208	0.00503	0.00503
99	0.01210	0.00865	0.01211	0.01211	0.01329	0.00973	0.00896	0.01446	0.01328	0.01919	0.02337	0.03736	0.02288	0.20256	0.50022	0.01159	0.01815	0.00954	0.04352	0.00691
100	0.01146	0.00843	0.01070	0.01079	0.01197	0.00874	0.00758	0.01315	0.01413	0.01889	0.03699	0.07933	0.15138	0.27869	0.29160	0.00895	0.01292	0.01238	0.00545	0.00647
101	0.01061	0.00772	0.01006	0.01181	0.01249	0.00739	0.00796	0.01307	0.04482	0.02183	0.04523	0.67157	0.05358	0.02534	0.01050	0.00335	0.00490	0.02296	0.00775	0.00704
102	0.01431	0.01123	0.01343	0.01350	0.01603	0.01172	0.01051	0.02337	0.20168	0.02900	0.19155	0.17949	0.08484	0.01854	0.00993	0.00309	0.00571	0.14471	0.00826	0.00910
103	0.01477	0.01190	0.01817	0.40892	0.03772	0.01405	0.01596	0.01889	0.01602	0.02236	0.02072	0.06659	0.01853	0.11923	0.01326	0.00346	0.00882	0.00909	0.15339	0.00814
104	0.01617	0.18193	0.01982	0.01230	0.01621	0.01629	0.01008	0.09333	0.05259	0.02582	0.04740	0.19162	0.25220	0.01687	0.00864	0.00264	0.00622	0.01402	0.00681	0.00905
105	0.01154	0.00869	0.00960	0.00923	0.01197	0.00746	0.00697	0.01417	0.02035	0.05342	0.23117	0.07297	0.47399	0.01950	0.00975	0.00274	0.00426	0.01647	0.00820	0.00754
106	0.03158	0.02327	0.02493	0.01911	0.02576	0.02576	0.01579	0.62852	0.03906	0.05236	0.01995	0.01995	0.01413	0.00997	0.00831	0.00249	0.00914	0.00748	0.00831	0.01413
107	0.05135	0.06166	0.02811	0.18106	0.24347	0.16591	0.02040	0.10113	0.02163	0.02739	0.01497	0.01894	0.01197	0.00818	0.00781	0.00243	0.01100	0.00668	0.00458	0.01131
108	0.01636	0.01786	0.06172	0.02578	0.03156	0.01665	0.35154	0.02185	0.01699	0.02364	0.01892	0.02632	0.01581	0.02935	0.27808	0.00705	0.01726	0.00928	0.00427	0.00972
109	0.01966	0.02227	0.04822	0.03584	0.07525	0.02094	0.59485	0.02655	0.01957	0.02664	0.01675	0.02231	0.01263	0.00702	0.00972	0.00278	0.01379	0.00968	0.00420	0.01131
110	0.01196	0.00823	0.00986	0.01044	0.01096	0.00811	0.00689	0.01291	0.01411	0.01857	0.03441	0.14304	0.06515	0.47146	0.03145	0.00649	0.00740	0.11682	0.00595	0.00580
111	0.02344	0.01730	0.01981	0.01741	0.02199	0.01877	0.01465	0.34314	0.06411	0.04000	0.03066	0.05109	0.02869	0.01542	0.00963	0.00306	0.00838	0.25299	0.00804	0.01139
