[name]
unknown

[dist]
# distance from previous block
# <min> <max>
0	62

[block]
# block no. 0 follows, 22 sequences, length 20
# corresponding to MSA columns:
# 62-81
name=unknown_A
#
# <colnr> <probs for GDERKNQSTAVLIFYWHMCP>
#	G	D	E	R	K	N	Q	S	T	A	V	L	I	F	Y	W	H	M	C	P
0	0.02419	0.02730	0.02167	0.02294	0.09902	0.35945	0.01621	0.02920	0.08267	0.02374	0.02329	0.03758	0.02203	0.01241	0.00870	0.00268	0.01164	0.15982	0.00554	0.00989
1	0.01445	0.01191	0.01782	0.05851	0.14632	0.01317	0.01359	0.01730	0.01535	0.02210	0.02513	0.17650	0.02597	0.08905	0.17730	0.00594	0.08612	0.01175	0.06318	0.00853
2	0.02124	0.20180	0.02878	0.02298	0.14043	0.19270	0.05364	0.02433	0.01966	0.02228	0.02953	0.03087	0.15762	0.01071	0.00775	0.00230	0.00993	0.00856	0.00484	0.01006
3	0.02022	0.01544	0.01708	0.01521	0.01902	0.01665	0.01171	0.24817	0.15045	0.03564	0.03672	0.26480	0.08016	0.01669	0.00926	0.00289	0.00674	0.01427	0.00808	0.01081
4	0.02370	0.02695	0.05462	0.07077	0.29408	0.24272	0.02066	0.03047	0.10609	0.02550	0.01711	0.02006	0.01377	0.00840	0.00800	0.00243	0.01133	0.00692	0.00472	0.01170
5	0.01175	0.00821	0.00952	0.00935	0.01016	0.00788	0.00590	0.01299	0.01579	0.02125	0.19430	0.05916	0.11093	0.45405	0.03032	0.00607	0.00656	0.01344	0.00639	0.00598
6	0.01958	0.02059	0.01697	0.01512	0.01856	0.21484	0.01169	0.07130	0.02163	0.02518	0.09300	0.04347	0.25054	0.01445	0.01070	0.00257	0.08349	0.01096	0.00624	0.04911
7	0.02195	0.66752	0.04235	0.01471	0.02135	0.03238	0.01447	0.02456	0.01661	0.01957	0.01151	0.01364	0.01068	0.00759	0.00677	0.00190	0.05369	0.00463	0.00356	0.01056
8	0.02100	0.14058	0.05138	0.01563	0.02083	0.02099	0.01349	0.18245	0.16755	0.03377	0.09919	0.03404	0.11091	0.01216	0.00898	0.00255	0.03654	0.00953	0.00710	0.01132
9	0.02419	0.02196	0.02785	0.17695	0.25316	0.09321	0.02081	0.21938	0.02540	0.03321	0.01652	0.02010	0.01274	0.00855	0.00819	0.00251	0.01046	0.00720	0.00539	0.01222
10	0.02372	0.32415	0.08365	0.01925	0.02548	0.23588	0.07105	0.02709	0.01922	0.02109	0.01548	0.01780	0.03573	0.00850	0.00777	0.00217	0.04169	0.00598	0.00401	0.01029
11	0.09236	0.01845	0.09015	0.10096	0.11253	0.01698	0.01633	0.05430	0.16454	0.06355	0.07015	0.03348	0.10924	0.01128	0.00828	0.00268	0.00782	0.00939	0.00644	0.01107
12	0.02220	0.32510	0.03081	0.01698	0.02143	0.19402	0.01459	0.02466	0.01744	0.01977	0.01359	0.01766	0.01240	0.01776	0.12118	0.00407	0.10699	0.00581	0.00390	0.00963
13	0.01763	0.01675	0.01491	0.01435	0.01666	0.18470	0.01096	0.02056	0.01685	0.02189	0.02074	0.02766	0.01822	0.03765	0.36575	0.00812	0.01667	0.00774	0.15411	0.00806
14	0.06673	0.11033	0.02566	0.02444	0.14889	0.35214	0.01625	0.02785	0.02100	0.02337	0.05165	0.02256	0.05674	0.00937	0.00752	0.00226	0.01147	0.00691	0.00469	0.01016
15	0.01970	0.02157	0.07075	0.10090	0.03692	0.02230	0.30365	0.07836	0.01900	0.02648	0.01512	0.02072	0.01199	0.00956	0.01427	0.00299	0.20225	0.00843	0.00432	0.01072
16	0.02458	0.05321	0.02117	0.01887	0.05854	0.21171	0.01392	0.07940	0.20479	0.08549	0.03161	0.03078	0.10784	0.01127	0.00820	0.00250	0.00925	0.00879	0.00681	0.01129
17	0.02311	0.42574	0.16708	0.01855	0.05814	0.06162	0.01808	0.02736	0.01824	0.09182	0.01485	0.01630	0.01185	0.00771	0.00646	0.00210	0.00976	0.00543	0.00435	0.01145
18	0.02837	0.02838	0.23810	0.01944	0.02769	0.07760	0.01965	0.18060	0.02544	0.23966	0.02180	0.02141	0.01471	0.00925	0.00811	0.00253	0.01005	0.00712	0.00698	0.01310
19	0.01299	0.01732	0.17962	0.01375	0.01763	0.01132	0.01308	0.01658	0.01525	0.02129	0.07623	0.04338	0.08302	0.28176	0.15514	0.00682	0.01133	0.01062	0.00508	0.00778

[dist]
# distance from previous block
# <min> <max>
11	34

[block]
# block no. 1 follows, 22 sequences, length 8
# corresponding to MSA columns:
# 116-123
name=unknown_B
#
# <colnr> <probs for GDERKNQSTAVLIFYWHMCP>
#	G	D	E	R	K	N	Q	S	T	A	V	L	I	F	Y	W	H	M	C	P
0	0.01962	0.03610	0.38489	0.06953	0.08486	0.16238	0.02491	0.02645	0.01900	0.02446	0.01909	0.02168	0.05340	0.00890	0.00799	0.00253	0.01206	0.00691	0.00402	0.01121
1	0.08819	0.12654	0.06907	0.02300	0.09461	0.38418	0.01734	0.02935	0.02040	0.02276	0.01291	0.01558	0.01082	0.00842	0.00810	0.00227	0.04653	0.00553	0.00415	0.01026
2	0.13760	0.02879	0.09989	0.01812	0.02380	0.26538	0.01571	0.15513	0.02406	0.03083	0.02252	0.02552	0.07436	0.01043	0.00774	0.00247	0.01078	0.03073	0.00564	0.01049
3	0.16146	0.01423	0.01684	0.01948	0.14510	0.01451	0.01254	0.09848	0.02066	0.03039	0.04454	0.04833	0.26564	0.01441	0.00853	0.00273	0.00671	0.05924	0.00656	0.00963
4	0.08558	0.06268	0.24508	0.14484	0.11936	0.10987	0.02305	0.02556	0.01772	0.02490	0.01397	0.01791	0.01090	0.00839	0.00891	0.00259	0.05762	0.00628	0.00388	0.01090
5	0.01851	0.01569	0.01700	0.04334	0.02072	0.06731	0.01250	0.13127	0.02214	0.02910	0.03295	0.04714	0.10735	0.01813	0.06418	0.00349	0.00910	0.16152	0.00648	0.17208
6	0.01282	0.01057	0.01437	0.01747	0.12312	0.00987	0.01125	0.01623	0.02027	0.02676	0.22712	0.06704	0.27575	0.01788	0.00982	0.00287	0.00569	0.11520	0.00749	0.00841
7	0.05874	0.03541	0.47778	0.02243	0.03318	0.01824	0.07909	0.02663	0.01789	0.06617	0.01598	0.01838	0.01140	0.00780	0.00779	0.00251	0.01125	0.00640	0.00420	0.07873

[dist]
# distance from previous block
# <min> <max>
0	1

[block]
# block no. 2 follows, 22 sequences, length 59
# corresponding to MSA columns:
# 125-183
name=unknown_C
#
# <colnr> <probs for GDERKNQSTAVLIFYWHMCP>
#	G	D	E	R	K	N	Q	S	T	A	V	L	I	F	Y	W	H	M	C	P
0	0.02020	0.01998	0.03577	0.04584	0.50412	0.01952	0.14010	0.02546	0.01896	0.02703	0.01581	0.02074	0.01301	0.00726	0.00842	0.00246	0.01046	0.00773	0.00417	0.05296
1	0.02949	0.03194	0.02288	0.01979	0.02470	0.41249	0.01529	0.20774	0.06114	0.03064	0.01991	0.02081	0.04719	0.00980	0.00791	0.00232	0.01223	0.00685	0.00588	0.01100
2	0.01889	0.01351	0.01519	0.01315	0.01626	0.01477	0.01044	0.19054	0.02373	0.03418	0.08970	0.06931	0.12292	0.01355	0.01023	0.00256	0.08572	0.01056	0.23521	0.00956
3	0.02291	0.01891	0.01959	0.05032	0.02271	0.07936	0.01296	0.27791	0.02653	0.03516	0.02336	0.15209	0.02202	0.04984	0.01011	0.00271	0.00835	0.01015	0.00678	0.14822
4	0.02297	0.15136	0.05249	0.01412	0.01882	0.04879	0.01216	0.02607	0.01905	0.22031	0.09630	0.03138	0.02534	0.08638	0.13347	0.00490	0.01059	0.00856	0.00663	0.01030
5	0.01921	0.01836	0.03128	0.22759	0.49017	0.01938	0.02482	0.02431	0.01828	0.02550	0.01539	0.02100	0.01258	0.00765	0.00825	0.00255	0.01020	0.00740	0.00400	0.01207
6	0.01941	0.01856	0.03163	0.20198	0.51425	0.01943	0.02492	0.02448	0.01837	0.02574	0.01542	0.02094	0.01266	0.00762	0.00824	0.00254	0.01015	0.00740	0.00401	0.01223
7	0.02081	0.02099	0.02949	0.08452	0.46562	0.10822	0.02226	0.02506	0.01877	0.02488	0.01605	0.02215	0.01390	0.04376	0.04568	0.00329	0.01123	0.00742	0.00417	0.01173
8	0.01165	0.00889	0.01101	0.01193	0.01414	0.00825	0.00979	0.01467	0.01925	0.02441	0.11130	0.11624	0.29418	0.02183	0.01062	0.00329	0.00581	0.28756	0.00780	0.00736
9	0.01152	0.00835	0.01175	0.04468	0.01506	0.00893	0.00927	0.01384	0.01476	0.02068	0.03248	0.32025	0.03553	0.07944	0.28245	0.00760	0.01235	0.01525	0.04871	0.00710
10	0.02197	0.02293	0.03067	0.12469	0.46046	0.14539	0.02338	0.02644	0.01952	0.02510	0.01498	0.01969	0.01243	0.00774	0.00809	0.00244	0.01100	0.00701	0.00409	0.01199
11	0.01082	0.00910	0.00947	0.00926	0.01210	0.00809	0.00698	0.01467	0.06431	0.02457	0.14508	0.07439	0.54230	0.01987	0.00972	0.00278	0.00435	0.01666	0.00793	0.00755
12	0.01140	0.00797	0.00934	0.00990	0.01044	0.00769	0.00624	0.01219	0.01416	0.01852	0.03859	0.21790	0.10964	0.42794	0.02926	0.00609	0.00679	0.04402	0.00613	0.00581
13	0.01159	0.00841	0.01176	0.01211	0.01310	0.00922	0.00876	0.01365	0.01355	0.01896	0.02740	0.16020	0.02904	0.19249	0.41905	0.01040	0.01604	0.01228	0.00517	0.00679
14	0.01130	0.00970	0.01153	0.10896	0.01850	0.00929	0.00920	0.01490	0.04178	0.02398	0.13824	0.06758	0.46867	0.01834	0.00954	0.00278	0.00527	0.01545	0.00732	0.00766
15	0.01569	0.01477	0.02492	0.68808	0.05722	0.01846	0.02307	0.02123	0.01661	0.02123	0.01477	0.02215	0.01107	0.00831	0.00831	0.00277	0.01107	0.00738	0.00369	0.00923
16	0.01352	0.00859	0.01100	0.01188	0.01341	0.00802	0.00833	0.01626	0.04665	0.09110	0.04730	0.54148	0.10415	0.02318	0.01019	0.00321	0.00509	0.02074	0.00802	0.00787
17	0.01052	0.00775	0.00928	0.01023	0.01125	0.00713	0.00683	0.01194	0.01622	0.02102	0.07848	0.38777	0.19873	0.16347	0.01683	0.00415	0.00529	0.01937	0.00723	0.00651
18	0.01203	0.00885	0.01310	0.01310	0.01460	0.01027	0.01018	0.01504	0.01353	0.01981	0.02247	0.03256	0.02079	0.05994	0.64507	0.01284	0.02143	0.00885	0.03811	0.00743
19	0.03534	0.01457	0.01922	0.01503	0.02125	0.01319	0.01232	0.04091	0.09570	0.58891	0.03290	0.02859	0.02112	0.01040	0.00837	0.00260	0.00701	0.00848	0.01007	0.01402
20	0.01418	0.01023	0.01213	0.01224	0.01449	0.01020	0.00911	0.02025	0.13234	0.05956	0.10224	0.23798	0.15670	0.08547	0.01300	0.00355	0.00571	0.08436	0.00785	0.00841
21	0.00995	0.00791	0.00894	0.00977	0.01158	0.00690	0.00691	0.01177	0.01764	0.02191	0.06770	0.34704	0.39639	0.02318	0.01016	0.00305	0.00447	0.02014	0.00771	0.00690
22	0.01142	0.00810	0.00937	0.00959	0.01029	0.00791	0.00603	0.01222	0.01389	0.01813	0.03877	0.13273	0.14657	0.44852	0.08557	0.00699	0.00816	0.01416	0.00579	0.00580
23	0.27388	0.01325	0.01252	0.01161	0.01467	0.01477	0.00846	0.02425	0.16860	0.02829	0.02570	0.03570	0.05034	0.26314	0.01964	0.00463	0.00695	0.00906	0.00604	0.00849
24	0.01154	0.00974	0.01017	0.01010	0.01293	0.00910	0.00754	0.01688	0.11520	0.02421	0.07187	0.14488	0.48578	0.02010	0.00970	0.00287	0.00465	0.01698	0.00783	0.00793
25	0.01122	0.00833	0.00962	0.00965	0.01121	0.00767	0.00674	0.01319	0.01782	0.02327	0.20483	0.09683	0.25370	0.23501	0.02008	0.00448	0.00555	0.04696	0.00723	0.00662
26	0.58356	0.01568	0.01364	0.01172	0.01697	0.01743	0.00963	0.05438	0.01692	0.13264	0.01597	0.01693	0.01162	0.00831	0.00581	0.00253	0.00652	0.00539	0.04439	0.00995
27	0.01086	0.00846	0.00986	0.00951	0.01186	0.00746	0.00713	0.01394	0.02139	0.02827	0.38858	0.07035	0.34479	0.01886	0.00981	0.00270	0.00405	0.01619	0.00848	0.00746
28	0.01176	0.00776	0.00943	0.01023	0.01107	0.00762	0.00686	0.01346	0.01513	0.02158	0.03719	0.31667	0.07150	0.19993	0.08117	0.00522	0.00710	0.01603	0.14371	0.00657
29	0.01054	0.00849	0.00930	0.00930	0.01174	0.00739	0.00701	0.01302	0.01952	0.02444	0.19094	0.07607	0.46965	0.05362	0.01149	0.00309	0.00456	0.05482	0.00786	0.00712
30	0.01953	0.02219	0.04781	0.03434	0.04231	0.02124	0.59495	0.02627	0.01926	0.02627	0.01650	0.02219	0.01252	0.00739	0.01070	0.00284	0.04874	0.00967	0.00417	0.01110
31	0.01549	0.00774	0.00774	0.00774	0.00968	0.00774	0.00581	0.01936	0.01742	0.03097	0.02710	0.03097	0.02129	0.00968	0.00581	0.00194	0.00387	0.00774	0.75416	0.00774
32	0.01187	0.00890	0.01335	0.01335	0.01483	0.01038	0.01038	0.01483	0.01335	0.01928	0.02225	0.03264	0.02077	0.06231	0.67512	0.01335	0.02225	0.00890	0.00445	0.00742
33	0.01394	0.00951	0.01058	0.01002	0.01065	0.00974	0.00606	0.07091	0.01466	0.01957	0.02558	0.05108	0.02867	0.64143	0.03904	0.00752	0.00816	0.01164	0.00535	0.00590
34	0.00982	0.00842	0.00842	0.00842	0.01122	0.00701	0.00631	0.01192	0.01894	0.02244	0.08416	0.07995	0.65285	0.02104	0.00982	0.00281	0.00421	0.01753	0.00771	0.00701
35	0.00982	0.00842	0.00842	0.00842	0.01122	0.00701	0.00631	0.01192	0.01894	0.02244	0.08416	0.07995	0.65285	0.02104	0.00982	0.00281	0.00421	0.01753	0.00771	0.00701
36	0.01012	0.00723	0.00964	0.01157	0.01205	0.00675	0.00771	0.01157	0.01591	0.02121	0.04579	0.70262	0.05495	0.02603	0.01060	0.00337	0.00482	0.02362	0.00771	0.00675
37	0.03158	0.02327	0.02493	0.01911	0.02576	0.02576	0.01579	0.62852	0.03906	0.05236	0.01995	0.01995	0.01413	0.00997	0.00831	0.00249	0.00914	0.00748	0.00831	0.01413
38	0.02221	0.71304	0.04353	0.01421	0.02132	0.03287	0.01421	0.02488	0.01688	0.01955	0.01155	0.01333	0.01066	0.00711	0.00533	0.00178	0.00888	0.00444	0.00355	0.01066
39	0.13176	0.02382	0.08520	0.01772	0.02361	0.09750	0.01522	0.16202	0.28769	0.03631	0.02330	0.02289	0.01740	0.00982	0.00777	0.00262	0.00865	0.00748	0.00696	0.01226
40	0.01481	0.01340	0.01727	0.01615	0.01742	0.05781	0.01285	0.01742	0.01385	0.01954	0.01859	0.02759	0.01746	0.04595	0.45733	0.01001	0.20210	0.00823	0.00422	0.00801
41	0.01187	0.00890	0.01335	0.01335	0.01483	0.01038	0.01038	0.01483	0.01335	0.01928	0.02225	0.03264	0.02077	0.06231	0.67512	0.01335	0.02225	0.00890	0.00445	0.00742
42	0.02457	0.02710	0.02809	0.03572	0.34150	0.26999	0.02045	0.03060	0.09315	0.02543	0.01668	0.01964	0.01364	0.00830	0.00797	0.00238	0.01144	0.00685	0.00468	0.01181
43	0.02027	0.01641	0.01784	0.01632	0.02072	0.01853	0.01289	0.03982	0.51979	0.06359	0.03670	0.03959	0.05010	0.01287	0.00883	0.00292	0.00663	0.07539	0.00843	0.01237
44	0.76672	0.01607	0.01221	0.01092	0.01607	0.01864	0.00900	0.02442	0.01414	0.03727	0.01157	0.01350	0.00900	0.00771	0.00514	0.00257	0.00643	0.00450	0.00514	0.00900
45	0.02070	0.53095	0.21242	0.01679	0.02530	0.02918	0.01869	0.02527	0.01706	0.02138	0.01246	0.01447	0.01062	0.00732	0.00603	0.00201	0.00981	0.00490	0.00354	0.01110
46	0.01934	0.03251	0.39205	0.02275	0.03233	0.01937	0.09452	0.03166	0.17168	0.06992	0.02095	0.02212	0.01507	0.00878	0.00828	0.00269	0.01074	0.00751	0.00525	0.01249
47	0.01723	0.01477	0.01723	0.01230	0.01969	0.01107	0.00984	0.02092	0.01723	0.02707	0.01477	0.01723	0.01230	0.00615	0.00615	0.00123	0.00615	0.00492	0.00492	0.75883
48	0.01012	0.00723	0.00964	0.01157	0.01205	0.00675	0.00771	0.01157	0.01591	0.02121	0.04579	0.70262	0.05495	0.02603	0.01060	0.00337	0.00482	0.02362	0.00771	0.00675
49	0.02037	0.01954	0.03337	0.07627	0.63246	0.01969	0.02540	0.02533	0.01882	0.02691	0.01559	0.02062	0.01308	0.00744	0.00823	0.00248	0.00992	0.00740	0.00410	0.01300
50	0.02221	0.71304	0.04353	0.01421	0.02132	0.03287	0.01421	0.02488	0.01688	0.01955	0.01155	0.01333	0.01066	0.00711	0.00533	0.00178	0.00888	0.00444	0.00355	0.01066
51	0.01569	0.01477	0.02492	0.68808	0.05722	0.01846	0.02307	0.02123	0.01661	0.02123	0.01477	0.02215	0.01107	0.00831	0.00831	0.00277	0.01107	0.00738	0.00369	0.00923
52	0.01100	0.00849	0.01019	0.01084	0.01291	0.00768	0.00840	0.01369	0.01924	0.02461	0.16453	0.18536	0.31859	0.02163	0.01032	0.00310	0.00504	0.14920	0.00794	0.00725
53	0.01818	0.01818	0.02545	0.02181	0.02181	0.02545	0.01818	0.01999	0.01272	0.01999	0.01091	0.01818	0.01091	0.01454	0.02726	0.00364	0.69284	0.00727	0.00364	0.00909
54	0.01666	0.04297	0.66500	0.02368	0.03596	0.01929	0.03069	0.02631	0.01754	0.02631	0.01491	0.01754	0.01052	0.00789	0.00789	0.00263	0.01228	0.00614	0.00351	0.01228
55	0.01059	0.00786	0.00999	0.01150	0.01271	0.00726	0.00834	0.01256	0.01707	0.02206	0.05368	0.47092	0.18128	0.02446	0.01058	0.00333	0.00515	0.11601	0.00770	0.00695
56	0.01188	0.00845	0.01096	0.01096	0.01176	0.00905	0.00750	0.01331	0.01297	0.01784	0.02713	0.04579	0.05522	0.38516	0.32555	0.01019	0.01426	0.01091	0.00490	0.00620
57	0.02105	0.02221	0.06492	0.04768	0.58375	0.06248	0.02514	0.02604	0.01915	0.02665	0.01541	0.02004	0.01287	0.00750	0.00816	0.00245	0.01032	0.00720	0.00409	0.01288
58	0.01746	0.03317	0.41752	0.12880	0.18901	0.01928	0.02831	0.02536	0.01773	0.02576	0.01506	0.01895	0.01124	0.00784	0.00803	0.00261	0.01152	0.00663	0.00368	0.01204

[dist]
# distance from previous block
# <min> <max>
0	1

[block]
# block no. 3 follows, 22 sequences, length 181
# corresponding to MSA columns:
# 185-365
name=unknown_D
#
# <colnr> <probs for GDERKNQSTAVLIFYWHMCP>
#	G	D	E	R	K	N	Q	S	T	A	V	L	I	F	Y	W	H	M	C	P
0	0.01723	0.01477	0.01723	0.01230	0.01969	0.01107	0.00984	0.02092	0.01723	0.02707	0.01477	0.01723	0.01230	0.00615	0.00615	0.00123	0.00615	0.00492	0.00492	0.75883
1	0.02657	0.13744	0.02395	0.01546	0.02142	0.01960	0.01296	0.22845	0.02567	0.17852	0.02329	0.08410	0.01886	0.01304	0.03936	0.00283	0.00848	0.00840	0.00728	0.10432
2	0.01207	0.00811	0.00936	0.00936	0.00946	0.00821	0.00540	0.01227	0.01217	0.01633	0.02591	0.05287	0.02955	0.66367	0.08577	0.00842	0.00903	0.01186	0.00499	0.00520
3	0.01297	0.00934	0.01286	0.01467	0.01653	0.00923	0.01261	0.01654	0.01889	0.02448	0.04630	0.13480	0.08129	0.02306	0.01132	0.00374	0.00727	0.52890	0.00766	0.00755
4	0.02681	0.06736	0.02588	0.02564	0.14467	0.34083	0.01722	0.08904	0.13074	0.02709	0.01760	0.01919	0.01403	0.00886	0.00776	0.00233	0.01167	0.00659	0.00531	0.01139
5	0.05699	0.01821	0.02658	0.02091	0.02703	0.01880	0.17634	0.03696	0.31363	0.14109	0.02728	0.02686	0.01983	0.00958	0.00855	0.00269	0.00862	0.00891	0.00734	0.04378
6	0.06264	0.02243	0.18340	0.06382	0.02774	0.01586	0.05478	0.07902	0.02101	0.15028	0.08145	0.02451	0.01985	0.00906	0.00788	0.00236	0.00875	0.00755	0.00618	0.15143
7	0.01267	0.00873	0.00973	0.00960	0.00992	0.00892	0.00559	0.01428	0.05532	0.01739	0.02670	0.05276	0.02987	0.66016	0.03996	0.00769	0.00795	0.01190	0.00527	0.00559
8	0.01098	0.00846	0.01002	0.00963	0.01193	0.00751	0.00722	0.01417	0.02167	0.02894	0.42362	0.06925	0.30933	0.01861	0.00981	0.00269	0.00404	0.01603	0.00857	0.00751
9	0.03103	0.03959	0.02354	0.02140	0.02568	0.67469	0.01605	0.03317	0.02354	0.02033	0.01284	0.01498	0.01070	0.00856	0.00749	0.00214	0.01498	0.00535	0.00428	0.00963
10	0.33338	0.01979	0.01911	0.01553	0.02138	0.02235	0.01274	0.32483	0.08531	0.04449	0.01780	0.01833	0.01307	0.00916	0.00702	0.00256	0.00778	0.00643	0.00702	0.01192
11	0.02813	0.02616	0.02129	0.01794	0.02288	0.25056	0.01410	0.28615	0.06527	0.03660	0.01942	0.02064	0.01474	0.00950	0.00762	0.00230	0.01019	0.00689	0.12816	0.01145
12	0.00982	0.00842	0.00842	0.00842	0.01122	0.00701	0.00631	0.01192	0.01894	0.02244	0.08416	0.07995	0.65285	0.02104	0.00982	0.00281	0.00421	0.01753	0.00771	0.00701
13	0.01265	0.00855	0.01171	0.01338	0.01474	0.00823	0.01046	0.01525	0.01767	0.04768	0.04447	0.40055	0.05038	0.02402	0.01091	0.00355	0.00619	0.28437	0.00778	0.00744
14	0.01695	0.01217	0.01320	0.01165	0.01385	0.01263	0.00810	0.17669	0.02032	0.02675	0.03327	0.04904	0.11995	0.41785	0.02831	0.00578	0.00776	0.01168	0.00631	0.00776
15	0.01114	0.00766	0.00934	0.01026	0.01049	0.00743	0.00632	0.01183	0.01391	0.01855	0.03558	0.36510	0.04206	0.38112	0.02710	0.00581	0.00650	0.01761	0.00632	0.00586
16	0.01227	0.00877	0.01144	0.01284	0.01401	0.00861	0.00952	0.04675	0.01782	0.02360	0.04282	0.46731	0.04946	0.06164	0.01244	0.00370	0.00599	0.17612	0.00758	0.00730
17	0.16773	0.01033	0.01028	0.00966	0.01290	0.00987	0.00737	0.01670	0.01773	0.07299	0.08040	0.05742	0.38867	0.04380	0.01137	0.04958	0.00520	0.01323	0.00708	0.00770
18	0.01000	0.00829	0.00857	0.00874	0.01115	0.00706	0.00635	0.01190	0.01819	0.02190	0.07676	0.13362	0.55683	0.06870	0.01212	0.00322	0.00453	0.01770	0.00753	0.00685
19	0.02358	0.01929	0.02043	0.01750	0.02271	0.02202	0.01385	0.20021	0.48040	0.03945	0.03011	0.02804	0.02236	0.01092	0.00842	0.00273	0.00726	0.00888	0.00842	0.01341
20	0.01080	0.00759	0.00937	0.01050	0.01094	0.00723	0.00668	0.01177	0.01471	0.01946	0.04090	0.43772	0.07884	0.26861	0.02184	0.00501	0.00594	0.01918	0.00676	0.00615
21	0.01019	0.00738	0.00963	0.01129	0.01201	0.00682	0.00762	0.01181	0.01652	0.02193	0.08057	0.62585	0.09728	0.02520	0.01051	0.00329	0.00473	0.02274	0.00779	0.00682
22	0.01569	0.01477	0.02492	0.68808	0.05722	0.01846	0.02307	0.02123	0.01661	0.02123	0.01477	0.02215	0.01107	0.00831	0.00831	0.00277	0.01107	0.00738	0.00369	0.00923
23	0.01208	0.00805	0.00906	0.00906	0.00906	0.00805	0.00503	0.01208	0.01208	0.01611	0.02618	0.05436	0.03020	0.70804	0.04228	0.00805	0.00805	0.01208	0.00503	0.00503
24	0.76672	0.01607	0.01221	0.01092	0.01607	0.01864	0.00900	0.02442	0.01414	0.03727	0.01157	0.01350	0.00900	0.00771	0.00514	0.00257	0.00643	0.00450	0.00514	0.00900
25	0.01021	0.00727	0.00961	0.01145	0.01191	0.00681	0.00759	0.01159	0.01573	0.02097	0.04486	0.67211	0.05378	0.05813	0.01209	0.00359	0.00497	0.02307	0.00759	0.00667
26	0.01208	0.00805	0.00906	0.00906	0.00906	0.00805	0.00503	0.01208	0.01208	0.01611	0.02618	0.05436	0.03020	0.70804	0.04228	0.00805	0.00805	0.01208	0.00503	0.00503
27	0.02337	0.01631	0.01748	0.01430	0.01830	0.01767	0.01105	0.35009	0.02781	0.03868	0.02295	0.03120	0.01976	0.19629	0.01691	0.00387	0.00787	0.00876	0.14683	0.01051
28	0.01723	0.01477	0.01723	0.01230	0.01969	0.01107	0.00984	0.02092	0.01723	0.02707	0.01477	0.01723	0.01230	0.00615	0.00615	0.00123	0.00615	0.00492	0.00492	0.75883
29	0.01714	0.00965	0.01186	0.01137	0.01350	0.00904	0.00797	0.01966	0.04649	0.16120	0.04116	0.24789	0.11283	0.22883	0.01955	0.00452	0.00631	0.01532	0.00750	0.00819
30	0.01011	0.00729	0.00958	0.01142	0.01201	0.00676	0.00765	0.01158	0.01605	0.02127	0.04759	0.67331	0.08309	0.02579	0.01057	0.00335	0.00479	0.02333	0.00771	0.00676
31	0.01027	0.00760	0.00929	0.01056	0.01152	0.00695	0.00709	0.01171	0.01618	0.02093	0.05250	0.48591	0.19089	0.10089	0.01395	0.00376	0.00504	0.02092	0.00741	0.00662
32	0.03337	0.02040	0.02316	0.01775	0.02433	0.02151	0.01467	0.44380	0.03426	0.24386	0.02398	0.02256	0.01615	0.01007	0.00832	0.00252	0.00849	0.00775	0.00893	0.01413
33	0.01000	0.00824	0.00879	0.00904	0.01143	0.00703	0.00663	0.01213	0.01879	0.02300	0.11729	0.17419	0.52170	0.02153	0.00994	0.00288	0.00428	0.01829	0.00781	0.00703
34	0.02468	0.01984	0.02105	0.01772	0.02313	0.02254	0.01412	0.25924	0.41957	0.04123	0.02871	0.02693	0.02123	0.01079	0.00840	0.00270	0.00752	0.00869	0.00840	0.01351
35	0.01221	0.00918	0.01174	0.01302	0.01523	0.00872	0.01105	0.01546	0.01906	0.02406	0.05727	0.08916	0.24785	0.02232	0.01093	0.00349	0.00651	0.40763	0.00767	0.00744
36	0.01142	0.00778	0.00925	0.00990	0.01006	0.00762	0.00593	0.01191	0.01336	0.01782	0.03274	0.27144	0.03849	0.47966	0.03167	0.00649	0.00697	0.01594	0.00593	0.00561
37	0.01177	0.01011	0.01028	0.00995	0.01309	0.00947	0.00754	0.01773	0.13106	0.02466	0.07509	0.07113	0.53978	0.01928	0.00957	0.00281	0.00463	0.01607	0.00785	0.00812
38	0.01569	0.01477	0.02492	0.68808	0.05722	0.01846	0.02307	0.02123	0.01661	0.02123	0.01477	0.02215	0.01107	0.00831	0.00831	0.00277	0.01107	0.00738	0.00369	0.00923
39	0.01221	0.00960	0.01103	0.01159	0.01349	0.00950	0.00833	0.01766	0.12490	0.02365	0.05264	0.32056	0.21509	0.08262	0.01288	0.00356	0.00539	0.04986	0.00760	0.00783
40	0.01944	0.01160	0.01372	0.01259	0.01621	0.01114	0.00961	0.02607	0.14698	0.19547	0.05122	0.20057	0.21676	0.01732	0.00933	0.00288	0.00560	0.01483	0.00855	0.01011
41	0.01113	0.00838	0.01026	0.01148	0.01262	0.00809	0.00786	0.01454	0.07178	0.02230	0.04885	0.52290	0.13206	0.06135	0.01204	0.00350	0.00507	0.02089	0.00763	0.00726
42	0.01228	0.00921	0.01185	0.01317	0.01536	0.00877	0.01120	0.01558	0.01907	0.02411	0.05639	0.08946	0.23468	0.02236	0.01096	0.00351	0.00659	0.42031	0.00767	0.00745
43	0.01012	0.00723	0.00964	0.01157	0.01205	0.00675	0.00771	0.01157	0.01591	0.02121	0.04579	0.70262	0.05495	0.02603	0.01060	0.00337	0.00482	0.02362	0.00771	0.00675
44	0.22791	0.02135	0.02153	0.01693	0.02317	0.02386	0.01398	0.46719	0.03240	0.04833	0.01771	0.01822	0.01276	0.00937	0.00746	0.00251	0.00842	0.00668	0.00746	0.01276
45	0.01836	0.01283	0.01399	0.01234	0.01472	0.01367	0.00876	0.18971	0.05496	0.02934	0.02600	0.07607	0.02574	0.35727	0.02502	0.00526	0.00764	0.01078	0.08909	0.00845
46	0.01129	0.00943	0.00965	0.00944	0.01213	0.00865	0.00693	0.01553	0.08752	0.02309	0.07193	0.07157	0.51184	0.09836	0.01337	0.00341	0.00491	0.01600	0.00749	0.00747
47	0.01187	0.00890	0.01335	0.01335	0.01483	0.01038	0.01038	0.01483	0.01335	0.01928	0.02225	0.03264	0.02077	0.06231	0.67512	0.01335	0.02225	0.00890	0.00445	0.00742
48	0.01738	0.00982	0.01117	0.01056	0.01300	0.01007	0.00815	0.07646	0.01917	0.06909	0.02818	0.07034	0.02427	0.05001	0.08161	0.00375	0.00704	0.04355	0.43786	0.00852
49	0.01102	0.00896	0.00983	0.00963	0.01222	0.00807	0.00721	0.01490	0.05845	0.02606	0.23157	0.10040	0.43288	0.01957	0.00976	0.00278	0.00430	0.01663	0.00814	0.00760
50	0.01569	0.01477	0.02492	0.68808	0.05722	0.01846	0.02307	0.02123	0.01661	0.02123	0.01477	0.02215	0.01107	0.00831	0.00831	0.00277	0.01107	0.00738	0.00369	0.00923
51	0.03158	0.02327	0.02493	0.01911	0.02576	0.02576	0.01579	0.62852	0.03906	0.05236	0.01995	0.01995	0.01413	0.00997	0.00831	0.00249	0.00914	0.00748	0.00831	0.01413
52	0.01027	0.00822	0.00867	0.00888	0.01091	0.00718	0.00623	0.01191	0.01732	0.02112	0.06913	0.14319	0.47117	0.14998	0.01597	0.00385	0.00499	0.01718	0.00721	0.00661
53	0.01208	0.00805	0.00906	0.00906	0.00906	0.00805	0.00503	0.01208	0.01208	0.01611	0.02618	0.05436	0.03020	0.70804	0.04228	0.00805	0.00805	0.01208	0.00503	0.00503
54	0.00982	0.00842	0.00842	0.00842	0.01122	0.00701	0.00631	0.01192	0.01894	0.02244	0.08416	0.07995	0.65285	0.02104	0.00982	0.00281	0.00421	0.01753	0.00771	0.00701
55	0.01187	0.00890	0.01335	0.01335	0.01483	0.01038	0.01038	0.01483	0.01335	0.01928	0.02225	0.03264	0.02077	0.06231	0.67512	0.01335	0.02225	0.00890	0.00445	0.00742
56	0.01453	0.00956	0.01211	0.01100	0.01346	0.00904	0.00839	0.04986	0.02398	0.07091	0.54358	0.05593	0.06807	0.01577	0.00939	0.00256	0.00438	0.01378	0.05517	0.00853
57	0.02066	0.01785	0.01878	0.01691	0.02160	0.02066	0.01315	0.04414	0.64121	0.03475	0.03381	0.03099	0.02536	0.01127	0.00845	0.00282	0.00657	0.00939	0.00845	0.01315
58	0.02066	0.01785	0.01878	0.01691	0.02160	0.02066	0.01315	0.04414	0.64121	0.03475	0.03381	0.03099	0.02536	0.01127	0.00845	0.00282	0.00657	0.00939	0.00845	0.01315
59	0.00994	0.00794	0.00890	0.00967	0.01155	0.00691	0.00687	0.01178	0.01773	0.02195	0.06883	0.32861	0.41408	0.02303	0.01013	0.00303	0.00445	0.01996	0.00771	0.00691
60	0.01723	0.01477	0.01723	0.01230	0.01969	0.01107	0.00984	0.02092	0.01723	0.02707	0.01477	0.01723	0.01230	0.00615	0.00615	0.00123	0.00615	0.00492	0.00492	0.75883
61	0.01549	0.00774	0.00774	0.00774	0.00968	0.00774	0.00581	0.01936	0.01742	0.03097	0.02710	0.03097	0.02129	0.00968	0.00581	0.00194	0.00387	0.00774	0.75416	0.00774
62	0.01723	0.01477	0.01723	0.01230	0.01969	0.01107	0.00984	0.02092	0.01723	0.02707	0.01477	0.01723	0.01230	0.00615	0.00615	0.00123	0.00615	0.00492	0.00492	0.75883
63	0.01023	0.00843	0.00899	0.00885	0.01148	0.00719	0.00664	0.01273	0.01992	0.02477	0.20566	0.07612	0.52990	0.02017	0.00981	0.00276	0.00415	0.01700	0.00802	0.00719
64	0.02280	0.01644	0.01948	0.04496	0.02280	0.01501	0.01218	0.16769	0.02302	0.11078	0.01857	0.02018	0.01409	0.01028	0.03811	0.00233	0.00795	0.00625	0.00631	0.42076
65	0.02066	0.01785	0.01878	0.01691	0.02160	0.02066	0.01315	0.04414	0.64121	0.03475	0.03381	0.03099	0.02536	0.01127	0.00845	0.00282	0.00657	0.00939	0.00845	0.01315
66	0.01549	0.00774	0.00774	0.00774	0.00968	0.00774	0.00581	0.01936	0.01742	0.03097	0.02710	0.03097	0.02129	0.00968	0.00581	0.00194	0.00387	0.00774	0.75416	0.00774
67	0.01966	0.02226	0.04819	0.03589	0.07683	0.02094	0.59330	0.02655	0.01957	0.02664	0.01674	0.02231	0.01264	0.00702	0.00972	0.00278	0.01378	0.00967	0.00420	0.01131
68	0.01723	0.01477	0.01723	0.01230	0.01969	0.01107	0.00984	0.02092	0.01723	0.02707	0.01477	0.01723	0.01230	0.00615	0.00615	0.00123	0.00615	0.00492	0.00492	0.75883
69	0.01098	0.00787	0.01048	0.01151	0.01263	0.00738	0.00826	0.01349	0.01883	0.02573	0.25579	0.42629	0.06244	0.02262	0.01040	0.00315	0.00476	0.07198	0.00820	0.00721
70	0.01625	0.01473	0.02414	0.29647	0.24330	0.01604	0.01980	0.02116	0.01922	0.02641	0.18519	0.03228	0.02974	0.01032	0.00868	0.00263	0.00876	0.00943	0.00529	0.01016
71	0.02703	0.06860	0.02451	0.02033	0.02406	0.40500	0.01597	0.09549	0.02226	0.02373	0.01378	0.01713	0.01174	0.01307	0.05238	0.00313	0.14113	0.00612	0.00458	0.00995
72	0.02336	0.02504	0.03100	0.04309	0.48783	0.19465	0.02297	0.02755	0.02015	0.02532	0.01488	0.01907	0.01250	0.00771	0.00803	0.00238	0.01123	0.00685	0.00416	0.01222
73	0.26598	0.02325	0.01941	0.01653	0.02185	0.15410	0.01316	0.20420	0.14043	0.03772	0.01840	0.01893	0.01388	0.00920	0.00715	0.00251	0.00897	0.00645	0.00650	0.01138
74	0.01095	0.00769	0.00928	0.01021	0.01067	0.00734	0.00642	0.01182	0.01449	0.01908	0.04041	0.36744	0.09392	0.32370	0.02438	0.00537	0.00618	0.01807	0.00654	0.00602
75	0.01092	0.00792	0.01002	0.01099	0.01211	0.00739	0.00774	0.01295	0.01753	0.02333	0.16134	0.37135	0.13097	0.10648	0.01429	0.00377	0.00522	0.07118	0.00765	0.00686
76	0.01775	0.07414	0.46650	0.02619	0.03715	0.02049	0.18879	0.02631	0.01806	0.02602	0.01523	0.01861	0.01109	0.00761	0.00826	0.00263	0.01255	0.00702	0.00370	0.01190
77	0.03103	0.03959	0.02354	0.02140	0.02568	0.67469	0.01605	0.03317	0.02354	0.02033	0.01284	0.01498	0.01070	0.00856	0.00749	0.00214	0.01498	0.00535	0.00428	0.00963
78	0.01007	0.00742	0.00944	0.01106	0.01192	0.00679	0.00749	0.01162	0.01639	0.02141	0.05195	0.60266	0.15094	0.02523	0.01048	0.00328	0.00472	0.02264	0.00771	0.00679
79	0.01230	0.00954	0.01418	0.01393	0.01531	0.01142	0.01092	0.01519	0.01331	0.01933	0.02147	0.03164	0.02009	0.05902	0.63060	0.01268	0.06834	0.00879	0.00439	0.00753
80	0.02575	0.01955	0.02104	0.01756	0.02308	0.02193	0.01404	0.25522	0.38102	0.08422	0.02873	0.02681	0.02097	0.01073	0.00839	0.00268	0.00754	0.00863	0.00853	0.01357
81	0.02025	0.01414	0.01547	0.01336	0.01726	0.01469	0.01022	0.14498	0.16656	0.10410	0.04296	0.04593	0.19106	0.14373	0.01510	0.00370	0.00679	0.01157	0.00780	0.01030
82	0.01221	0.00941	0.01401	0.01381	0.01522	0.01121	0.01081	0.01512	0.01332	0.01932	0.02163	0.03185	0.02023	0.05969	0.63968	0.01282	0.05894	0.00881	0.00441	0.00751
83	0.01052	0.00786	0.01129	0.01255	0.01336	0.00734	0.03355	0.01220	0.01606	0.02143	0.04458	0.67419	0.05318	0.02523	0.01057	0.00335	0.00520	0.02304	0.00756	0.00693
84	0.00982	0.00842	0.00842	0.00842	0.01122	0.00701	0.00631	0.01192	0.01894	0.02244	0.08416	0.07995	0.65285	0.02104	0.00982	0.00281	0.00421	0.01753	0.00771	0.00701
85	0.01022	0.00843	0.00897	0.00883	0.01147	0.00718	0.00663	0.01269	0.01988	0.02467	0.20072	0.07628	0.53490	0.02021	0.00981	0.00277	0.00415	0.01702	0.00801	0.00718
86	0.01740	0.01421	0.01536	0.01411	0.01727	0.01589	0.01042	0.03249	0.40578	0.02971	0.10275	0.04067	0.03271	0.19415	0.01745	0.00416	0.00666	0.01074	0.00764	0.01042
87	0.03688	0.01477	0.01967	0.01508	0.02152	0.01314	0.01246	0.08090	0.02483	0.62008	0.03189	0.02770	0.02012	0.01026	0.00835	0.00257	0.00721	0.00829	0.01015	0.01414
88	0.01967	0.02295	0.08124	0.03828	0.19384	0.02060	0.44342	0.02632	0.01932	0.02672	0.01641	0.02167	0.01262	0.00715	0.00930	0.00271	0.01289	0.00900	0.00414	0.01175
89	0.01176	0.00849	0.01110	0.01045	0.01241	0.00784	0.00784	0.01568	0.02352	0.03331	0.65184	0.06206	0.07839	0.01698	0.00980	0.00261	0.00392	0.01502	0.00914	0.00784
90	0.01187	0.00890	0.01335	0.01335	0.01483	0.01038	0.01038	0.01483	0.01335	0.01928	0.02225	0.03264	0.02077	0.06231	0.67512	0.01335	0.02225	0.00890	0.00445	0.00742
91	0.01666	0.04297	0.66500	0.02368	0.03596	0.01929	0.03069	0.02631	0.01754	0.02631	0.01491	0.01754	0.01052	0.00789	0.00789	0.00263	0.01228	0.00614	0.00351	0.01228
92	0.01549	0.00774	0.00774	0.00774	0.00968	0.00774	0.00581	0.01936	0.01742	0.03097	0.02710	0.03097	0.02129	0.00968	0.00581	0.00194	0.00387	0.00774	0.75416	0.00774
93	0.02066	0.01785	0.01878	0.01691	0.02160	0.02066	0.01315	0.04414	0.64121	0.03475	0.03381	0.03099	0.02536	0.01127	0.00845	0.00282	0.00657	0.00939	0.00845	0.01315
94	0.02221	0.71304	0.04353	0.01421	0.02132	0.03287	0.01421	0.02488	0.01688	0.01955	0.01155	0.01333	0.01066	0.00711	0.00533	0.00178	0.00888	0.00444	0.00355	0.01066
95	0.01012	0.00723	0.00964	0.01157	0.01205	0.00675	0.00771	0.01157	0.01591	0.02121	0.04579	0.70262	0.05495	0.02603	0.01060	0.00337	0.00482	0.02362	0.00771	0.00675
96	0.01031	0.00844	0.00910	0.00894	0.01153	0.00722	0.00670	0.01288	0.02011	0.02522	0.22927	0.07538	0.50601	0.02000	0.00981	0.00276	0.00413	0.01689	0.00808	0.00722
97	0.00982	0.00842	0.00842	0.00842	0.01122	0.00701	0.00631	0.01192	0.01894	0.02244	0.08416	0.07995	0.65285	0.02104	0.00982	0.00281	0.00421	0.01753	0.00771	0.00701
98	0.03158	0.02327	0.02493	0.01911	0.02576	0.02576	0.01579	0.62852	0.03906	0.05236	0.01995	0.01995	0.01413	0.00997	0.00831	0.00249	0.00914	0.00748	0.00831	0.01413
99	0.76672	0.01607	0.01221	0.01092	0.01607	0.01864	0.00900	0.02442	0.01414	0.03727	0.01157	0.01350	0.00900	0.00771	0.00514	0.00257	0.00643	0.00450	0.00514	0.00900
100	0.01818	0.01818	0.02545	0.02181	0.02181	0.02545	0.01818	0.01999	0.01272	0.01999	0.01091	0.01818	0.01091	0.01454	0.02726	0.00364	0.69284	0.00727	0.00364	0.00909
101	0.02066	0.01785	0.01878	0.01691	0.02160	0.02066	0.01315	0.04414	0.64121	0.03475	0.03381	0.03099	0.02536	0.01127	0.00845	0.00282	0.00657	0.00939	0.00845	0.01315
102	0.03145	0.01243	0.01620	0.01290	0.01813	0.01102	0.01050	0.03484	0.02208	0.49346	0.03126	0.02900	0.02076	0.01012	0.00767	0.00240	0.00622	0.00819	0.20895	0.01243
103	0.01207	0.00810	0.00929	0.00929	0.00938	0.00818	0.00533	0.01223	0.01215	0.01628	0.02596	0.05318	0.02969	0.67283	0.07679	0.00834	0.00883	0.01191	0.00500	0.00516
104	0.02066	0.01785	0.01878	0.01691	0.02160	0.02066	0.01315	0.04414	0.64121	0.03475	0.03381	0.03099	0.02536	0.01127	0.00845	0.00282	0.00657	0.00939	0.00845	0.01315
105	0.02066	0.01785	0.01878	0.01691	0.02160	0.02066	0.01315	0.04414	0.64121	0.03475	0.03381	0.03099	0.02536	0.01127	0.00845	0.00282	0.00657	0.00939	0.00845	0.01315
106	0.01053	0.00777	0.00986	0.01076	0.01202	0.00709	0.00753	0.01277	0.01851	0.02478	0.22096	0.42564	0.15580	0.02272	0.01025	0.00307	0.00447	0.02026	0.00811	0.00709
107	0.01072	0.00748	0.00946	0.01080	0.01114	0.00715	0.00689	0.01172	0.01474	0.01965	0.03979	0.50439	0.04738	0.23459	0.02029	0.00480	0.00581	0.02009	0.00689	0.00622
108	0.01962	0.01663	0.02528	0.03412	0.36617	0.01692	0.01872	0.02755	0.13599	0.06620	0.11535	0.07117	0.02803	0.01085	0.00865	0.00262	0.00790	0.00995	0.00625	0.01204
109	0.01160	0.00805	0.01010	0.01052	0.01095	0.00826	0.00676	0.01255	0.01319	0.01791	0.02966	0.19255	0.03365	0.42062	0.16975	0.00815	0.01036	0.01395	0.00550	0.00592
110	0.01235	0.00903	0.01024	0.01032	0.01146	0.00898	0.00682	0.01545	0.07362	0.02082	0.07564	0.12925	0.13549	0.38784	0.02721	0.00571	0.00669	0.04006	0.00643	0.00658
111	0.01443	0.00722	0.01082	0.01082	0.01082	0.00722	0.00722	0.01082	0.01082	0.01443	0.01443	0.02525	0.01443	0.02886	0.03247	0.75830	0.00722	0.00722	0.00361	0.00361
112	0.01156	0.00813	0.01026	0.01142	0.01220	0.00788	0.00806	0.01310	0.01552	0.02038	0.04069	0.30078	0.07733	0.26008	0.02169	0.00506	0.00657	0.15614	0.00677	0.00639
113	0.01202	0.00828	0.01021	0.01021	0.01060	0.00868	0.00646	0.01282	0.01242	0.01696	0.02513	0.04856	0.02768	0.53559	0.21129	0.00947	0.01185	0.01123	0.00488	0.00567
114	0.01187	0.00890	0.01335	0.01335	0.01483	0.01038	0.01038	0.01483	0.01335	0.01928	0.02225	0.03264	0.02077	0.06231	0.67512	0.01335	0.02225	0.00890	0.00445	0.00742
115	0.01704	0.08902	0.62229	0.02303	0.03495	0.02023	0.02956	0.02621	0.01749	0.02584	0.01468	0.01725	0.01053	0.00784	0.00772	0.00257	0.01204	0.00602	0.00351	0.01217
116	0.01965	0.01881	0.03207	0.17006	0.54427	0.01950	0.02504	0.02470	0.01849	0.02603	0.01547	0.02086	0.01277	0.00757	0.00824	0.00252	0.01009	0.00740	0.00403	0.01242
117	0.02811	0.03405	0.02638	0.02966	0.20164	0.49192	0.01869	0.03103	0.02225	0.02223	0.01362	0.01654	0.01139	0.00824	0.00770	0.00223	0.01355	0.00592	0.00423	0.01062
118	0.01174	0.00967	0.01050	0.01040	0.01305	0.00913	0.00774	0.01720	0.11257	0.02554	0.14525	0.15801	0.39939	0.01975	0.00972	0.00286	0.00461	0.01684	0.00801	0.00801
119	0.01210	0.00858	0.01175	0.01175	0.01279	0.00953	0.00850	0.01417	0.01314	0.01882	0.02370	0.03939	0.02376	0.26277	0.44593	0.01117	0.01696	0.00985	0.03868	0.00668
120	0.01255	0.01001	0.01074	0.01011	0.01307	0.00921	0.00768	0.08120	0.02168	0.02734	0.16003	0.10901	0.45831	0.01950	0.00970	0.00278	0.00475	0.01641	0.00800	0.00791
121	0.02026	0.01943	0.03318	0.09033	0.61924	0.01966	0.02535	0.02523	0.01877	0.02678	0.01557	0.02066	0.01303	0.00746	0.00823	0.00249	0.00994	0.00740	0.00409	0.01292
122	0.01955	0.01192	0.01434	0.01299	0.01651	0.01170	0.00995	0.04882	0.14306	0.17607	0.15506	0.18275	0.12982	0.01651	0.00931	0.00283	0.00560	0.01424	0.00874	0.01023
123	0.01864	0.01072	0.01306	0.01157	0.01496	0.01014	0.00898	0.02434	0.09181	0.17318	0.29468	0.05008	0.13412	0.01461	0.00889	0.00258	0.00496	0.01245	0.09050	0.00973
124	0.01001	0.00814	0.00888	0.00930	0.01149	0.00700	0.00674	0.01207	0.01849	0.02282	0.10999	0.22849	0.47369	0.02199	0.01001	0.00293	0.00434	0.01884	0.00780	0.00700
125	0.01315	0.00879	0.00991	0.00977	0.01029	0.00888	0.00591	0.04605	0.01420	0.01938	0.02773	0.11205	0.03116	0.56776	0.03546	0.00698	0.00758	0.01268	0.04645	0.00584
126	0.01069	0.00754	0.00940	0.01065	0.01112	0.00715	0.00684	0.01174	0.01493	0.01976	0.04205	0.47592	0.08019	0.22854	0.01998	0.00473	0.00575	0.01986	0.00692	0.00625
127	0.01215	0.00932	0.01389	0.01373	0.01515	0.01106	0.01073	0.01507	0.01332	0.01932	0.02174	0.03199	0.02033	0.06016	0.64601	0.01291	0.05239	0.00883	0.00441	0.00749
128	0.02422	0.01655	0.01772	0.01439	0.01898	0.01790	0.01161	0.36211	0.03015	0.04322	0.07869	0.02753	0.02234	0.01049	0.00757	0.00231	0.00684	0.00824	0.26778	0.01135
129	0.01027	0.00798	0.00942	0.01047	0.01213	0.00712	0.00758	0.01223	0.01757	0.02209	0.06305	0.36575	0.32574	0.02349	0.01032	0.00316	0.00479	0.07219	0.00771	0.00695
130	0.01220	0.00849	0.01130	0.01130	0.01224	0.00930	0.00799	0.01408	0.01314	0.01885	0.02411	0.04096	0.02447	0.30942	0.38340	0.01051	0.01548	0.01006	0.05620	0.00651
131	0.01115	0.00904	0.00964	0.00970	0.01224	0.00805	0.00716	0.04787	0.01948	0.02393	0.07240	0.20636	0.49079	0.02143	0.00989	0.00291	0.00462	0.01821	0.00775	0.00737
132	0.01191	0.00873	0.01250	0.01250	0.01369	0.00992	0.00932	0.01429	0.01310	0.01866	0.02303	0.03694	0.02264	0.19033	0.54966	0.01230	0.01944	0.00953	0.00457	0.00694
133	0.16277	0.01297	0.01418	0.01265	0.01661	0.01305	0.00984	0.11318	0.02124	0.16044	0.03988	0.21396	0.14474	0.01596	0.00861	0.00282	0.00612	0.01328	0.00784	0.00985
134	0.01106	0.00832	0.01042	0.01160	0.01327	0.00769	0.00889	0.01353	0.01822	0.02342	0.09830	0.30429	0.23162	0.02307	0.01056	0.00328	0.00537	0.18215	0.00779	0.00715
135	0.00982	0.00842	0.00842	0.00842	0.01122	0.00701	0.00631	0.01192	0.01894	0.02244	0.08416	0.07995	0.65285	0.02104	0.00982	0.00281	0.00421	0.01753	0.00771	0.00701
136	0.01110	0.00908	0.00988	0.00957	0.01227	0.00818	0.00721	0.01518	0.06298	0.02632	0.23911	0.07159	0.44942	0.01924	0.00972	0.00275	0.00429	0.01627	0.00816	0.00767
137	0.00982	0.00842	0.00842	0.00842	0.01122	0.00701	0.00631	0.01192	0.01894	0.02244	0.08416	0.07995	0.65285	0.02104	0.00982	0.00281	0.00421	0.01753	0.00771	0.00701
138	0.03158	0.02327	0.02493	0.01911	0.02576	0.02576	0.01579	0.62852	0.03906	0.05236	0.01995	0.01995	0.01413	0.00997	0.00831	0.00249	0.00914	0.00748	0.00831	0.01413
139	0.01635	0.01544	0.02611	0.60137	0.13874	0.01863	0.02340	0.02181	0.01692	0.02203	0.01488	0.02193	0.01136	0.00818	0.00829	0.00273	0.01091	0.00739	0.00375	0.00976
140	0.01208	0.00805	0.00906	0.00906	0.00906	0.00805	0.00503	0.01208	0.01208	0.01611	0.02618	0.05436	0.03020	0.70804	0.04228	0.00805	0.00805	0.01208	0.00503	0.00503
141	0.01818	0.01818	0.02545	0.02181	0.02181	0.02545	0.01818	0.01999	0.01272	0.01999	0.01091	0.01818	0.01091	0.01454	0.02726	0.00364	0.69284	0.00727	0.00364	0.00909
142	0.01187	0.00890	0.01335	0.01335	0.01483	0.01038	0.01038	0.01483	0.01335	0.01928	0.02225	0.03264	0.02077	0.06231	0.67512	0.01335	0.02225	0.00890	0.00445	0.00742
143	0.02255	0.01878	0.01985	0.01729	0.02232	0.02155	0.01361	0.14536	0.53691	0.03780	0.03141	0.02908	0.02341	0.01105	0.00843	0.00276	0.00702	0.00906	0.00843	0.01332
144	0.01176	0.00849	0.01110	0.01045	0.01241	0.00784	0.00784	0.01568	0.02352	0.03331	0.65184	0.06206	0.07839	0.01698	0.00980	0.00261	0.00392	0.01502	0.00914	0.00784
145	0.02221	0.71304	0.04353	0.01421	0.02132	0.03287	0.01421	0.02488	0.01688	0.01955	0.01155	0.01333	0.01066	0.00711	0.00533	0.00178	0.00888	0.00444	0.00355	0.01066
146	0.01176	0.00849	0.01110	0.01045	0.01241	0.00784	0.00784	0.01568	0.02352	0.03331	0.65184	0.06206	0.07839	0.01698	0.00980	0.00261	0.00392	0.01502	0.00914	0.00784
147	0.01012	0.00723	0.00964	0.01157	0.01205	0.00675	0.00771	0.01157	0.01591	0.02121	0.04579	0.70262	0.05495	0.02603	0.01060	0.00337	0.00482	0.02362	0.00771	0.00675
148	0.01251	0.00894	0.01239	0.01430	0.01583	0.00881	0.01187	0.01570	0.01826	0.02389	0.04447	0.25633	0.04972	0.02377	0.01124	0.00370	0.00689	0.44629	0.00767	0.00741
149	0.76672	0.01607	0.01221	0.01092	0.01607	0.01864	0.00900	0.02442	0.01414	0.03727	0.01157	0.01350	0.00900	0.00771	0.00514	0.00257	0.00643	0.00450	0.00514	0.00900
150	0.01132	0.00877	0.01203	0.01203	0.01387	0.00948	0.00930	0.01406	0.01484	0.02013	0.03878	0.04527	0.18958	0.05128	0.49744	0.01053	0.01743	0.01121	0.00532	0.00731
