[name]
unknown

[dist]
# distance from previous block
# <min> <max>
0	55

[block]
# block no. 0 follows, 21 sequences, length 17
# corresponding to MSA columns:
# 56-72
name=unknown_A
#
# <colnr> <probs for GDERKNQSTAVLIFYWHMCP>
#	G	D	E	R	K	N	Q	S	T	A	V	L	I	F	Y	W	H	M	C	P
0	0.02149	0.01992	0.01798	0.01947	0.09102	0.19515	0.01363	0.06271	0.02160	0.02822	0.02576	0.03972	0.02349	0.01242	0.00820	0.00258	0.00908	0.13895	0.23911	0.00951
1	0.02177	0.02267	0.02902	0.16592	0.24686	0.16489	0.08684	0.02641	0.01987	0.02539	0.01668	0.02154	0.01338	0.00826	0.00817	0.00249	0.01131	0.00742	0.09014	0.01098
2	0.01932	0.02027	0.02161	0.02716	0.23271	0.17160	0.01585	0.02265	0.02089	0.02528	0.10459	0.07643	0.18014	0.01350	0.00896	0.00260	0.00897	0.01144	0.00595	0.01007
3	0.02106	0.02022	0.03454	0.05223	0.64784	0.02022	0.02612	0.02612	0.01938	0.02780	0.01601	0.02106	0.01348	0.00758	0.00842	0.00253	0.01011	0.00758	0.00421	0.01348
4	0.02106	0.02022	0.03454	0.05223	0.64784	0.02022	0.02612	0.02612	0.01938	0.02780	0.01601	0.02106	0.01348	0.00758	0.00842	0.00253	0.01011	0.00758	0.00421	0.01348
5	0.01204	0.00870	0.01138	0.01071	0.01271	0.00803	0.00803	0.01606	0.02409	0.03413	0.64335	0.06357	0.08030	0.01740	0.01004	0.00268	0.00401	0.01539	0.00937	0.00803
6	0.02502	0.02019	0.02141	0.01810	0.02360	0.02296	0.01440	0.24282	0.42860	0.04180	0.02975	0.02786	0.02202	0.01109	0.00861	0.00277	0.00764	0.00895	0.00861	0.01381
7	0.01238	0.00825	0.00928	0.00928	0.00928	0.00825	0.00516	0.01238	0.01238	0.01650	0.02681	0.05569	0.03094	0.70092	0.04331	0.00825	0.00825	0.01238	0.00516	0.00516
8	0.01802	0.01642	0.02219	0.23183	0.17463	0.07899	0.01801	0.02244	0.01781	0.02449	0.01878	0.02514	0.01545	0.01841	0.12511	0.00448	0.01216	0.00771	0.13813	0.00982
9	0.02107	0.12154	0.44133	0.02258	0.03268	0.16772	0.02605	0.02837	0.01928	0.02475	0.01439	0.01686	0.01084	0.00814	0.00768	0.00248	0.01279	0.00590	0.00378	0.01177
10	0.01880	0.17137	0.02374	0.01305	0.02055	0.01639	0.01110	0.02234	0.01757	0.02599	0.01438	0.01674	0.01222	0.00652	0.00611	0.00139	0.00694	0.00493	0.00472	0.58514
11	0.01799	0.02053	0.15554	0.01577	0.02217	0.01457	0.01505	0.12676	0.02347	0.03360	0.20097	0.07981	0.03533	0.01206	0.00849	0.00237	0.00745	0.01015	0.00681	0.19110
12	0.01483	0.01380	0.04502	0.01671	0.08290	0.01273	0.01188	0.02344	0.16552	0.03036	0.24833	0.05456	0.21487	0.01571	0.00946	0.00277	0.00578	0.01350	0.00798	0.00987
13	0.01879	0.01456	0.01571	0.01417	0.01739	0.07044	0.01102	0.09143	0.07707	0.07079	0.19489	0.04005	0.06264	0.02729	0.18877	0.00561	0.01123	0.01065	0.04781	0.00968
14	0.07115	0.10369	0.23059	0.02246	0.13472	0.01799	0.01939	0.02441	0.01784	0.02831	0.01779	0.02105	0.01396	0.00822	0.00701	0.00229	0.00881	0.00652	0.18485	0.05896
15	0.02716	0.04165	0.22291	0.02266	0.02962	0.46347	0.02116	0.03177	0.02218	0.02275	0.01382	0.01617	0.01090	0.00855	0.00780	0.00235	0.01448	0.00573	0.00414	0.01072
16	0.02145	0.01309	0.01502	0.01285	0.01659	0.01295	0.00973	0.11681	0.07822	0.16749	0.07841	0.04856	0.16901	0.18127	0.01744	0.00407	0.00691	0.01200	0.00807	0.01007

[dist]
# distance from previous block
# <min> <max>
0	1

[block]
# block no. 1 follows, 21 sequences, length 6
# corresponding to MSA columns:
# 74-79
name=unknown_B
#
# <colnr> <probs for GDERKNQSTAVLIFYWHMCP>
#	G	D	E	R	K	N	Q	S	T	A	V	L	I	F	Y	W	H	M	C	P
0	0.01617	0.03087	0.38316	0.06218	0.06789	0.01807	0.02464	0.02294	0.01708	0.02491	0.02080	0.14686	0.01964	0.01243	0.01107	0.00296	0.09289	0.00997	0.00447	0.01097
1	0.03055	0.03666	0.02549	0.02537	0.10108	0.53338	0.01758	0.08388	0.02493	0.02452	0.01413	0.01648	0.01157	0.00875	0.00784	0.00226	0.01420	0.00592	0.00472	0.01070
2	0.01795	0.14648	0.56207	0.02276	0.03451	0.02192	0.02883	0.02672	0.01786	0.02588	0.01474	0.01730	0.01080	0.00796	0.00768	0.00256	0.01204	0.00602	0.00360	0.01232
3	0.02106	0.02022	0.03454	0.05223	0.64784	0.02022	0.02612	0.02612	0.01938	0.02780	0.01601	0.02106	0.01348	0.00758	0.00842	0.00253	0.01011	0.00758	0.00421	0.01348
4	0.10850	0.01942	0.02424	0.10117	0.02632	0.06770	0.01795	0.02209	0.01444	0.02279	0.01187	0.01832	0.01094	0.01286	0.02147	0.00338	0.47624	0.00699	0.00396	0.00935
5	0.01707	0.04402	0.65683	0.02426	0.03683	0.01976	0.03144	0.02695	0.01797	0.02695	0.01527	0.01797	0.01078	0.00809	0.00809	0.00270	0.01258	0.00629	0.00359	0.01258

[dist]
# distance from previous block
# <min> <max>
10	29

[block]
# block no. 2 follows, 21 sequences, length 58
# corresponding to MSA columns:
# 109-166
name=unknown_C
#
# <colnr> <probs for GDERKNQSTAVLIFYWHMCP>
#	G	D	E	R	K	N	Q	S	T	A	V	L	I	F	Y	W	H	M	C	P
0	0.02650	0.11445	0.02460	0.01878	0.02309	0.33030	0.01491	0.08282	0.02212	0.05812	0.01661	0.02012	0.01390	0.02011	0.14033	0.00457	0.04692	0.00655	0.00501	0.01020
1	0.02455	0.06498	0.20611	0.02159	0.06177	0.02279	0.02019	0.30176	0.06770	0.04010	0.06772	0.02347	0.01903	0.00995	0.00835	0.00258	0.00973	0.00782	0.00668	0.01312
2	0.02246	0.02513	0.01901	0.01890	0.05984	0.31302	0.01318	0.02711	0.09114	0.02269	0.03039	0.03521	0.12155	0.10774	0.05285	0.00392	0.01168	0.00932	0.00557	0.00929
3	0.08574	0.12687	0.02119	0.01433	0.01872	0.01996	0.01144	0.20701	0.07965	0.03291	0.02653	0.06871	0.05869	0.17356	0.01615	0.00388	0.00803	0.00971	0.00660	0.01031
4	0.01132	0.00878	0.01130	0.01199	0.01345	0.00854	0.00859	0.01330	0.01644	0.02197	0.04742	0.42178	0.15517	0.02935	0.10443	0.00469	0.03551	0.01912	0.00709	0.04976
5	0.06838	0.26713	0.14625	0.01780	0.02543	0.02648	0.01756	0.17433	0.12012	0.03309	0.01818	0.01898	0.01404	0.00886	0.00718	0.00238	0.00928	0.00644	0.00572	0.01239
6	0.06306	0.23265	0.36335	0.02042	0.03002	0.10592	0.02341	0.02731	0.01835	0.02482	0.01382	0.01615	0.01075	0.00793	0.00712	0.00238	0.01159	0.00559	0.00380	0.01156
7	0.06594	0.03579	0.43146	0.02162	0.03146	0.04839	0.02496	0.03163	0.16912	0.02952	0.01972	0.02098	0.01443	0.00895	0.00803	0.00272	0.01088	0.00697	0.00498	0.01246
8	0.01889	0.25577	0.46100	0.02115	0.03204	0.02421	0.02604	0.02648	0.01775	0.02473	0.01417	0.01659	0.01083	0.00783	0.00725	0.00242	0.01147	0.00573	0.00361	0.01205
9	0.01111	0.00793	0.01072	0.01269	0.01351	0.00755	0.00918	0.01313	0.01702	0.02255	0.04650	0.56314	0.05467	0.02597	0.01106	0.00356	0.00558	0.14914	0.00789	0.00712
10	0.02907	0.02415	0.05277	0.02601	0.10761	0.06238	0.10587	0.34693	0.03126	0.09876	0.01998	0.02127	0.01438	0.00930	0.00866	0.00259	0.01048	0.00790	0.00711	0.01356
11	0.01974	0.02147	0.13452	0.01671	0.02205	0.05560	0.01534	0.19292	0.02418	0.03223	0.06894	0.06702	0.10179	0.05224	0.13151	0.00494	0.01154	0.01035	0.00644	0.01047
12	0.01160	0.00828	0.01128	0.01325	0.01429	0.00797	0.01004	0.01397	0.01750	0.02310	0.04623	0.47516	0.05360	0.02550	0.01119	0.00363	0.00600	0.23227	0.00788	0.00725
13	0.01155	0.00825	0.01123	0.01320	0.01421	0.00793	0.00995	0.01389	0.01746	0.02305	0.04625	0.48371	0.05370	0.02555	0.01118	0.00362	0.00596	0.22420	0.00788	0.00724
14	0.01830	0.02950	0.30274	0.16924	0.26155	0.01975	0.02792	0.02558	0.01828	0.02619	0.01551	0.02005	0.01187	0.00799	0.00829	0.00266	0.01143	0.00702	0.00386	0.01226
15	0.02891	0.03355	0.02516	0.02323	0.05649	0.44147	0.01729	0.10029	0.02373	0.02499	0.01379	0.01683	0.01154	0.01000	0.01152	0.00253	0.13724	0.00620	0.00474	0.01049
16	0.01227	0.00820	0.00931	0.00942	0.00945	0.00818	0.00531	0.01235	0.01259	0.01678	0.02791	0.09048	0.03232	0.66425	0.04155	0.00799	0.00807	0.01302	0.00531	0.00525
17	0.02917	0.23333	0.03005	0.01979	0.02501	0.48337	0.01590	0.03152	0.02214	0.02059	0.01277	0.01486	0.01095	0.00834	0.00703	0.00208	0.01354	0.00521	0.00417	0.01017
18	0.01765	0.01513	0.01765	0.01260	0.02017	0.01134	0.01008	0.02143	0.01765	0.02773	0.01513	0.01765	0.01260	0.00630	0.00630	0.00126	0.00630	0.00504	0.00504	0.75295
19	0.01354	0.01045	0.01241	0.01295	0.01496	0.01060	0.00945	0.04602	0.12799	0.02670	0.08087	0.40000	0.12234	0.02190	0.01027	0.00323	0.00551	0.05410	0.00814	0.00857
20	0.02328	0.66874	0.04355	0.01484	0.02209	0.03327	0.01465	0.05796	0.01853	0.02186	0.01230	0.01402	0.01112	0.00744	0.00563	0.00186	0.00912	0.00472	0.00391	0.01112
21	0.01235	0.00836	0.00984	0.00984	0.01003	0.00855	0.00585	0.01273	0.01254	0.01691	0.02630	0.05286	0.02971	0.61999	0.12257	0.00894	0.01010	0.01196	0.00508	0.00547
22	0.76103	0.01646	0.01251	0.01119	0.01646	0.01909	0.00922	0.02502	0.01448	0.03818	0.01185	0.01382	0.00922	0.00790	0.00527	0.00263	0.00658	0.00461	0.00527	0.00922
23	0.01006	0.00862	0.00862	0.00862	0.01149	0.00718	0.00647	0.01221	0.01940	0.02299	0.08621	0.08190	0.64438	0.02155	0.01006	0.00287	0.00431	0.01796	0.00790	0.00718
24	0.02108	0.01997	0.03260	0.04780	0.56835	0.02034	0.02451	0.02854	0.09726	0.02879	0.01837	0.02242	0.01507	0.00809	0.00845	0.00257	0.00968	0.00784	0.00478	0.01348
25	0.01811	0.16584	0.54417	0.02247	0.03407	0.02232	0.02834	0.02668	0.01784	0.02568	0.01464	0.01717	0.01081	0.00794	0.00760	0.00253	0.01194	0.00597	0.00360	0.01227
26	0.02106	0.02022	0.03454	0.05223	0.64784	0.02022	0.02612	0.02612	0.01938	0.02780	0.01601	0.02106	0.01348	0.00758	0.00842	0.00253	0.01011	0.00758	0.00421	0.01348
27	0.01037	0.00741	0.00987	0.01185	0.01234	0.00691	0.00790	0.01185	0.01629	0.02172	0.04690	0.69537	0.05629	0.02666	0.01086	0.00346	0.00494	0.02419	0.00790	0.00691
28	0.02663	0.02100	0.02232	0.01842	0.02421	0.02372	0.01479	0.32599	0.34279	0.04442	0.02769	0.02622	0.02035	0.01090	0.00859	0.00272	0.00802	0.00866	0.00859	0.01396
29	0.01731	0.07256	0.63043	0.02384	0.03619	0.02036	0.03071	0.02689	0.01794	0.02665	0.01512	0.01778	0.01079	0.00805	0.00797	0.00266	0.01243	0.00621	0.00360	0.01251
30	0.03235	0.02384	0.02554	0.01958	0.02639	0.02639	0.01618	0.61946	0.04001	0.05363	0.02043	0.02043	0.01447	0.01022	0.00851	0.00255	0.00936	0.00766	0.00851	0.01447
31	0.01707	0.04402	0.65683	0.02426	0.03683	0.01976	0.03144	0.02695	0.01797	0.02695	0.01527	0.01797	0.01078	0.00809	0.00809	0.00270	0.01258	0.00629	0.00359	0.01258
32	0.02106	0.02022	0.03454	0.05223	0.64784	0.02022	0.02612	0.02612	0.01938	0.02780	0.01601	0.02106	0.01348	0.00758	0.00842	0.00253	0.01011	0.00758	0.00421	0.01348
33	0.02078	0.01993	0.03403	0.08811	0.61419	0.02014	0.02598	0.02587	0.01924	0.02746	0.01596	0.02116	0.01336	0.00764	0.00843	0.00255	0.01018	0.00758	0.00419	0.01325
34	0.01006	0.00862	0.00862	0.00862	0.01149	0.00718	0.00647	0.01221	0.01940	0.02299	0.08621	0.08190	0.64438	0.02155	0.01006	0.00287	0.00431	0.01796	0.00790	0.00718
35	0.01040	0.00779	0.00967	0.01098	0.01216	0.00705	0.00756	0.01222	0.01757	0.02285	0.09597	0.50333	0.20191	0.02480	0.01061	0.00326	0.00472	0.02208	0.00800	0.00705
36	0.01054	0.00862	0.00916	0.00904	0.01161	0.00739	0.00669	0.01293	0.01992	0.02472	0.18548	0.07726	0.51106	0.05388	0.01167	0.00310	0.00445	0.01722	0.00804	0.00724
37	0.01792	0.01701	0.02887	0.44753	0.27709	0.01939	0.02455	0.02337	0.01789	0.02399	0.01545	0.02209	0.01214	0.00816	0.00848	0.00272	0.01089	0.00757	0.00394	0.01095
38	0.01707	0.04402	0.65683	0.02426	0.03683	0.01976	0.03144	0.02695	0.01797	0.02695	0.01527	0.01797	0.01078	0.00809	0.00809	0.00270	0.01258	0.00629	0.00359	0.01258
39	0.01006	0.00862	0.00862	0.00862	0.01149	0.00718	0.00647	0.01221	0.01940	0.02299	0.08621	0.08190	0.64438	0.02155	0.01006	0.00287	0.00431	0.01796	0.00790	0.00718
40	0.01287	0.00957	0.01330	0.01345	0.01459	0.01077	0.01030	0.01525	0.01440	0.02004	0.02721	0.04957	0.02817	0.21131	0.35610	0.00998	0.05429	0.11645	0.00526	0.00714
41	0.66652	0.01996	0.09436	0.01285	0.01905	0.01918	0.01204	0.02526	0.01493	0.03675	0.01228	0.01435	0.00941	0.00792	0.00562	0.00264	0.00734	0.00482	0.00505	0.00964
42	0.06385	0.01571	0.02532	0.50665	0.14690	0.01857	0.02230	0.02219	0.01734	0.02380	0.01844	0.02469	0.04166	0.00894	0.00836	0.00278	0.01051	0.00787	0.00414	0.00997
43	0.02058	0.02095	0.10278	0.16858	0.07159	0.01989	0.01867	0.15252	0.18344	0.03315	0.02744	0.06405	0.05656	0.01132	0.00871	0.00279	0.00903	0.00949	0.00652	0.01193
44	0.16785	0.02180	0.02273	0.08448	0.13916	0.14329	0.01674	0.08115	0.01995	0.02968	0.01541	0.01932	0.01253	0.00951	0.01031	0.00264	0.10919	0.00662	0.07712	0.01052
45	0.02424	0.01986	0.07996	0.02278	0.13676	0.05710	0.01636	0.06301	0.10267	0.18053	0.14016	0.03146	0.02905	0.01085	0.00861	0.00256	0.00817	0.00917	0.00750	0.04920
46	0.02688	0.07109	0.02315	0.02078	0.06426	0.37963	0.01507	0.05660	0.10429	0.02611	0.01850	0.02035	0.01482	0.00919	0.00751	0.00227	0.01161	0.00655	0.11077	0.01056
47	0.19512	0.01775	0.01640	0.01453	0.01848	0.07373	0.01124	0.09938	0.17033	0.03328	0.05313	0.03070	0.04711	0.09675	0.01282	0.00336	0.03556	0.00861	0.05148	0.01023
48	0.02689	0.01769	0.04746	0.01634	0.02226	0.01649	0.01406	0.22362	0.02713	0.19569	0.02785	0.03669	0.02253	0.01213	0.00866	0.00263	0.00797	0.11440	0.05330	0.10619
49	0.02171	0.01756	0.02162	0.02214	0.13532	0.01827	0.01454	0.18312	0.13807	0.03389	0.02257	0.02840	0.01908	0.11929	0.04940	0.00390	0.00909	0.00842	0.00648	0.12713
50	0.02468	0.02747	0.13838	0.01924	0.02573	0.13869	0.01735	0.23506	0.08315	0.03535	0.02248	0.10565	0.01940	0.01152	0.00845	0.00258	0.01005	0.00912	0.00657	0.05909
51	0.09250	0.06572	0.02276	0.05131	0.02466	0.19876	0.01505	0.09188	0.19882	0.02991	0.02029	0.02187	0.01603	0.01269	0.04086	0.00316	0.06934	0.00721	0.00599	0.01120
52	0.07017	0.15050	0.06824	0.02356	0.11053	0.11396	0.05686	0.19864	0.02520	0.03367	0.01665	0.01890	0.01302	0.00863	0.00754	0.00236	0.01027	0.00668	0.05262	0.01200
53	0.08278	0.08264	0.08139	0.01786	0.05790	0.09812	0.01464	0.05433	0.02101	0.02864	0.14803	0.10845	0.03641	0.01471	0.00893	0.00282	0.00843	0.11678	0.00650	0.00961
54	0.02247	0.11187	0.02861	0.02747	0.19759	0.05331	0.04974	0.16468	0.06257	0.03184	0.02326	0.14407	0.02186	0.01195	0.00856	0.00263	0.00913	0.01040	0.00612	0.01188
55	0.02586	0.09612	0.02645	0.02596	0.15818	0.35376	0.01707	0.05432	0.02253	0.02397	0.02324	0.02509	0.09212	0.01006	0.00796	0.00233	0.01194	0.00752	0.00490	0.01061
56	0.06250	0.05906	0.26200	0.09068	0.22529	0.02007	0.02475	0.02807	0.05747	0.06545	0.01747	0.02047	0.01317	0.00829	0.00801	0.00262	0.01050	0.00698	0.00464	0.01248
57	0.09273	0.03072	0.14044	0.12687	0.11599	0.26151	0.02071	0.02936	0.02038	0.06284	0.01535	0.01842	0.01178	0.00847	0.00781	0.00250	0.01222	0.00634	0.00458	0.01101

[dist]
# distance from previous block
# <min> <max>
25	98

[block]
# block no. 3 follows, 21 sequences, length 40
# corresponding to MSA columns:
# 283-322
name=unknown_D
#
# <colnr> <probs for GDERKNQSTAVLIFYWHMCP>
#	G	D	E	R	K	N	Q	S	T	A	V	L	I	F	Y	W	H	M	C	P
0	0.16699	0.02239	0.02746	0.10846	0.35336	0.13007	0.02089	0.02676	0.01897	0.02797	0.01461	0.01885	0.01198	0.00795	0.00769	0.00253	0.01045	0.00664	0.00440	0.01159
1	0.06774	0.08413	0.12058	0.15664	0.19524	0.11161	0.02125	0.02533	0.01891	0.02551	0.05122	0.02198	0.01600	0.01097	0.03602	0.00299	0.01133	0.00715	0.00439	0.01098
2	0.02220	0.02303	0.06294	0.22261	0.27205	0.12815	0.02286	0.02696	0.01945	0.06467	0.01614	0.02080	0.01268	0.00860	0.00919	0.00263	0.04183	0.00721	0.00447	0.01154
3	0.06268	0.17109	0.12551	0.07156	0.30322	0.07716	0.02254	0.02645	0.01871	0.02566	0.01449	0.01824	0.01197	0.00776	0.00751	0.00240	0.01057	0.00640	0.00405	0.01203
4	0.02132	0.07151	0.28639	0.03370	0.26081	0.12866	0.02602	0.02773	0.01948	0.02586	0.01500	0.01844	0.01182	0.00797	0.00800	0.00250	0.01193	0.00654	0.00396	0.01237
5	0.13258	0.09957	0.28814	0.02700	0.16120	0.10141	0.02343	0.02721	0.01844	0.02738	0.01431	0.01725	0.01116	0.00796	0.00742	0.00250	0.01115	0.00604	0.00408	0.01176
6	0.02435	0.52596	0.07560	0.01669	0.02366	0.16780	0.01594	0.02738	0.01879	0.02059	0.01231	0.01426	0.01092	0.00764	0.00608	0.00195	0.01063	0.00485	0.00380	0.01079
7	0.02347	0.03021	0.15672	0.01874	0.02629	0.22229	0.01726	0.08633	0.02200	0.02797	0.01506	0.01726	0.01188	0.00785	0.00734	0.00199	0.01081	0.00571	0.00487	0.28594
8	0.01159	0.00818	0.01080	0.01244	0.01324	0.00790	0.00899	0.01348	0.01652	0.02185	0.04306	0.42901	0.05011	0.13833	0.01651	0.00438	0.00626	0.17305	0.00743	0.00687
9	0.03245	0.02191	0.08123	0.01824	0.02538	0.02034	0.01607	0.31773	0.06641	0.27225	0.02564	0.02402	0.01724	0.01021	0.00850	0.00262	0.00872	0.00798	0.00882	0.01424
10	0.01216	0.00912	0.01368	0.01368	0.01520	0.01064	0.01064	0.01520	0.01368	0.01976	0.02279	0.03343	0.02127	0.06382	0.66720	0.01368	0.02279	0.00912	0.00456	0.00760
11	0.01037	0.00741	0.00987	0.01185	0.01234	0.00691	0.00790	0.01185	0.01629	0.02172	0.04690	0.69537	0.05629	0.02666	0.01086	0.00346	0.00494	0.02419	0.00790	0.00691
12	0.02275	0.70604	0.04459	0.01456	0.02184	0.03367	0.01456	0.02548	0.01729	0.02002	0.01183	0.01365	0.01092	0.00728	0.00546	0.00182	0.00910	0.00455	0.00364	0.01092
13	0.76103	0.01646	0.01251	0.01119	0.01646	0.01909	0.00922	0.02502	0.01448	0.03818	0.01185	0.01382	0.00922	0.00790	0.00527	0.00263	0.00658	0.00461	0.00527	0.00922
14	0.02275	0.70604	0.04459	0.01456	0.02184	0.03367	0.01456	0.02548	0.01729	0.02002	0.01183	0.01365	0.01092	0.00728	0.00546	0.00182	0.00910	0.00455	0.00364	0.01092
15	0.01586	0.00793	0.00793	0.00793	0.00991	0.00793	0.00595	0.01983	0.01785	0.03173	0.02776	0.03173	0.02181	0.00991	0.00595	0.00198	0.00397	0.00793	0.74817	0.00793
16	0.01216	0.00912	0.01368	0.01368	0.01520	0.01064	0.01064	0.01520	0.01368	0.01976	0.02279	0.03343	0.02127	0.06382	0.66720	0.01368	0.02279	0.00912	0.00456	0.00760
17	0.01238	0.00825	0.00928	0.00928	0.00928	0.00825	0.00516	0.01238	0.01238	0.01650	0.02681	0.05569	0.03094	0.70092	0.04331	0.00825	0.00825	0.01238	0.00516	0.00516
18	0.01765	0.01513	0.01765	0.01260	0.02017	0.01134	0.01008	0.02143	0.01765	0.02773	0.01513	0.01765	0.01260	0.00630	0.00630	0.00126	0.00630	0.00504	0.00504	0.75295
19	0.03003	0.17037	0.02811	0.02049	0.02544	0.54326	0.01608	0.03232	0.02278	0.02067	0.01290	0.01502	0.01095	0.00848	0.00724	0.00212	0.01413	0.00530	0.00424	0.01007
20	0.02275	0.70604	0.04459	0.01456	0.02184	0.03367	0.01456	0.02548	0.01729	0.02002	0.01183	0.01365	0.01092	0.00728	0.00546	0.00182	0.00910	0.00455	0.00364	0.01092
21	0.76103	0.01646	0.01251	0.01119	0.01646	0.01909	0.00922	0.02502	0.01448	0.03818	0.01185	0.01382	0.00922	0.00790	0.00527	0.00263	0.00658	0.00461	0.00527	0.00922
22	0.01216	0.00912	0.01368	0.01368	0.01520	0.01064	0.01064	0.01520	0.01368	0.01976	0.02279	0.03343	0.02127	0.06382	0.66720	0.01368	0.02279	0.00912	0.00456	0.00760
23	0.02417	0.60199	0.04139	0.01571	0.02254	0.13266	0.01486	0.02681	0.01836	0.02015	0.01204	0.01392	0.01093	0.00751	0.00581	0.00188	0.01008	0.00470	0.00376	0.01076
24	0.01216	0.00912	0.01368	0.01368	0.01520	0.01064	0.01064	0.01520	0.01368	0.01976	0.02279	0.03343	0.02127	0.06382	0.66720	0.01368	0.02279	0.00912	0.00456	0.00760
25	0.01707	0.04402	0.65683	0.02426	0.03683	0.01976	0.03144	0.02695	0.01797	0.02695	0.01527	0.01797	0.01078	0.00809	0.00809	0.00270	0.01258	0.00629	0.00359	0.01258
26	0.02009	0.02296	0.05022	0.03587	0.04448	0.02152	0.61693	0.02726	0.02009	0.02726	0.01722	0.02296	0.01291	0.00717	0.01004	0.00287	0.01435	0.01004	0.00430	0.01148
27	0.01862	0.01862	0.02607	0.02234	0.02234	0.02607	0.01862	0.02048	0.01303	0.02048	0.01117	0.01862	0.01117	0.01489	0.02793	0.00372	0.68535	0.00745	0.00372	0.00931
28	0.01037	0.00741	0.00987	0.01185	0.01234	0.00691	0.00790	0.01185	0.01629	0.02172	0.04690	0.69537	0.05629	0.02666	0.01086	0.00346	0.00494	0.02419	0.00790	0.00691
29	0.02106	0.02022	0.03454	0.05223	0.64784	0.02022	0.02612	0.02612	0.01938	0.02780	0.01601	0.02106	0.01348	0.00758	0.00842	0.00253	0.01011	0.00758	0.00421	0.01348
30	0.02082	0.01722	0.01929	0.01473	0.02161	0.01585	0.01179	0.12614	0.14626	0.03365	0.01997	0.02098	0.01563	0.00802	0.00715	0.00181	0.00690	0.00641	0.00636	0.47941
31	0.01017	0.00863	0.00878	0.00874	0.01157	0.00723	0.00656	0.01244	0.01967	0.02364	0.11893	0.08082	0.61126	0.02131	0.01006	0.00286	0.00429	0.01781	0.00799	0.00723
32	0.03235	0.02384	0.02554	0.01958	0.02639	0.02639	0.01618	0.61946	0.04001	0.05363	0.02043	0.02043	0.01447	0.01022	0.00851	0.00255	0.00936	0.00766	0.00851	0.01447
33	0.02357	0.02226	0.02656	0.02904	0.21971	0.12631	0.05091	0.05874	0.11305	0.06328	0.01938	0.02150	0.01518	0.00837	0.00799	0.00228	0.00972	0.00719	0.00564	0.16930
34	0.03110	0.03925	0.02479	0.02387	0.06619	0.62527	0.01706	0.03348	0.02381	0.02128	0.01334	0.01571	0.01112	0.00869	0.00772	0.00221	0.01501	0.00562	0.00437	0.01010
35	0.01238	0.00825	0.00928	0.00928	0.00928	0.00825	0.00516	0.01238	0.01238	0.01650	0.02681	0.05569	0.03094	0.70092	0.04331	0.00825	0.00825	0.01238	0.00516	0.00516
36	0.01131	0.00867	0.01035	0.00993	0.01226	0.00772	0.00745	0.01463	0.02235	0.03000	0.43675	0.07037	0.28947	0.01894	0.01004	0.00275	0.00412	0.01634	0.00882	0.00772
37	0.02187	0.03767	0.45835	0.02279	0.03355	0.02185	0.02664	0.21324	0.02490	0.03534	0.01689	0.01874	0.01194	0.00876	0.00822	0.00265	0.01157	0.00672	0.00514	0.01317
38	0.01916	0.01109	0.01295	0.01128	0.01527	0.00985	0.00886	0.05621	0.02255	0.19521	0.14084	0.06172	0.36692	0.01739	0.00956	0.00276	0.00535	0.01450	0.00883	0.00968
39	0.02165	0.02134	0.03397	0.05056	0.61354	0.05589	0.02558	0.02655	0.01964	0.02742	0.01585	0.02075	0.01334	0.00765	0.00838	0.00251	0.01040	0.00747	0.00422	0.01328

[dist]
# distance from previous block
# <min> <max>
0	4

[block]
# block no. 4 follows, 21 sequences, length 60
# corresponding to MSA columns:
# 327-386
name=unknown_E
#
# <colnr> <probs for GDERKNQSTAVLIFYWHMCP>
#	G	D	E	R	K	N	Q	S	T	A	V	L	I	F	Y	W	H	M	C	P
0	0.02587	0.02402	0.02169	0.01847	0.02390	0.15518	0.01449	0.18393	0.31137	0.03642	0.02514	0.02444	0.01897	0.01023	0.00824	0.00253	0.00914	0.00792	0.00746	0.07059
1	0.02166	0.02157	0.03331	0.07927	0.57184	0.07053	0.02525	0.02653	0.01964	0.02698	0.01574	0.02069	0.01318	0.00772	0.00837	0.00252	0.01058	0.00742	0.00421	0.01301
2	0.12120	0.01935	0.02414	0.09782	0.15149	0.02104	0.01730	0.21401	0.10516	0.11277	0.02128	0.02246	0.01554	0.00941	0.00810	0.00264	0.00878	0.00760	0.00697	0.01291
3	0.01856	0.07221	0.56173	0.02501	0.07113	0.02010	0.02945	0.02752	0.01832	0.05627	0.01602	0.01847	0.01143	0.00813	0.00800	0.00264	0.01202	0.00639	0.00396	0.01264
4	0.02787	0.03378	0.02883	0.02416	0.02948	0.44236	0.14018	0.03418	0.10902	0.02424	0.01702	0.01923	0.01348	0.00883	0.00830	0.00243	0.01393	0.00701	0.00497	0.01071
5	0.02828	0.10996	0.02883	0.02818	0.17101	0.44517	0.01849	0.03120	0.02225	0.02237	0.01367	0.01649	0.01155	0.00833	0.00760	0.00223	0.01343	0.00587	0.00426	0.01083
6	0.01260	0.00890	0.00988	0.00980	0.01067	0.00869	0.00609	0.03762	0.01519	0.01972	0.03951	0.11252	0.14898	0.48677	0.03284	0.00659	0.00727	0.01423	0.00605	0.00608
7	0.01238	0.00825	0.00928	0.00928	0.00928	0.00825	0.00516	0.01238	0.01238	0.01650	0.02681	0.05569	0.03094	0.70092	0.04331	0.00825	0.00825	0.01238	0.00516	0.00516
8	0.01848	0.20895	0.50430	0.02184	0.03310	0.02323	0.02724	0.02658	0.01780	0.02522	0.01441	0.01689	0.01082	0.00788	0.00743	0.00248	0.01171	0.00586	0.00361	0.01216
9	0.01245	0.00899	0.01031	0.00979	0.01255	0.00782	0.00741	0.01538	0.02147	0.06390	0.29487	0.07186	0.39378	0.01933	0.00996	0.00278	0.00437	0.01644	0.00861	0.00793
10	0.02040	0.02005	0.03588	0.04772	0.52157	0.01980	0.11952	0.02563	0.01934	0.02743	0.01766	0.05320	0.01541	0.00842	0.00880	0.00263	0.01054	0.00876	0.00440	0.01285
11	0.01765	0.01513	0.01765	0.01260	0.02017	0.01134	0.01008	0.02143	0.01765	0.02773	0.01513	0.01765	0.01260	0.00630	0.00630	0.00126	0.00630	0.00504	0.00504	0.75295
12	0.02374	0.02493	0.01993	0.01808	0.02246	0.24410	0.01382	0.03784	0.35140	0.02986	0.07484	0.03039	0.04895	0.01141	0.00847	0.00263	0.00943	0.00894	0.00720	0.01156
13	0.02664	0.42151	0.03599	0.01751	0.02375	0.25322	0.01534	0.07472	0.02143	0.02292	0.01296	0.01477	0.01121	0.00803	0.00647	0.00201	0.01129	0.00512	0.00428	0.01083
14	0.01707	0.04402	0.65683	0.02426	0.03683	0.01976	0.03144	0.02695	0.01797	0.02695	0.01527	0.01797	0.01078	0.00809	0.00809	0.00270	0.01258	0.00629	0.00359	0.01258
15	0.01707	0.04402	0.65683	0.02426	0.03683	0.01976	0.03144	0.02695	0.01797	0.02695	0.01527	0.01797	0.01078	0.00809	0.00809	0.00270	0.01258	0.00629	0.00359	0.01258
16	0.01707	0.04402	0.65683	0.02426	0.03683	0.01976	0.03144	0.02695	0.01797	0.02695	0.01527	0.01797	0.01078	0.00809	0.00809	0.00270	0.01258	0.00629	0.00359	0.01258
17	0.01984	0.01881	0.03109	0.20402	0.45238	0.01997	0.02449	0.02658	0.06823	0.02694	0.01729	0.02232	0.01396	0.00813	0.00846	0.00263	0.01014	0.00774	0.00446	0.01249
18	0.01707	0.04402	0.65683	0.02426	0.03683	0.01976	0.03144	0.02695	0.01797	0.02695	0.01527	0.01797	0.01078	0.00809	0.00809	0.00270	0.01258	0.00629	0.00359	0.01258
19	0.01060	0.00759	0.01009	0.01169	0.01240	0.00707	0.00792	0.01244	0.01739	0.02347	0.13096	0.60633	0.05967	0.02536	0.01075	0.00335	0.00481	0.02295	0.00811	0.00707
20	0.01234	0.00837	0.00990	0.00990	0.01012	0.00859	0.00593	0.01277	0.01256	0.01696	0.02625	0.05255	0.02958	0.61113	0.13124	0.00902	0.01030	0.01192	0.00507	0.00550
21	0.02050	0.02357	0.12224	0.04829	0.56172	0.02016	0.02687	0.02623	0.01918	0.02768	0.01590	0.02063	0.01310	0.00765	0.00838	0.00255	0.01046	0.00740	0.00413	0.01335
22	0.02357	0.01775	0.01931	0.01701	0.02207	0.01995	0.01333	0.04469	0.54676	0.12272	0.03449	0.03136	0.02529	0.01140	0.00864	0.00285	0.00681	0.00947	0.00892	0.01361
23	0.01222	0.00818	0.00933	0.00949	0.00952	0.00814	0.00537	0.01233	0.01269	0.01691	0.02841	0.10639	0.03295	0.64748	0.04074	0.00787	0.00799	0.01331	0.00537	0.00530
24	0.01947	0.32364	0.39823	0.02016	0.03050	0.02564	0.02431	0.02633	0.01768	0.02402	0.01382	0.01614	0.01084	0.00775	0.00698	0.00233	0.01111	0.00555	0.00361	0.01188
25	0.02409	0.01897	0.13927	0.01722	0.02317	0.01384	0.01664	0.07438	0.02269	0.24291	0.05870	0.05096	0.03079	0.01484	0.00964	0.00309	0.00850	0.21070	0.00807	0.01154
26	0.02231	0.65446	0.09229	0.01532	0.02301	0.03259	0.01588	0.02560	0.01734	0.02056	0.01210	0.01399	0.01091	0.00734	0.00566	0.00189	0.00937	0.00469	0.00364	0.01105
27	0.03250	0.03765	0.02363	0.02117	0.02580	0.59386	0.01600	0.03482	0.02414	0.09135	0.01543	0.01686	0.01209	0.00897	0.00777	0.00224	0.01444	0.00582	0.00507	0.01038
28	0.01191	0.00888	0.01314	0.01342	0.01479	0.01011	0.01025	0.01472	0.01405	0.02003	0.02619	0.12672	0.02621	0.05859	0.57470	0.01224	0.02028	0.01124	0.00503	0.00750
29	0.01770	0.11779	0.58861	0.02318	0.03516	0.02131	0.02956	0.02679	0.01789	0.02618	0.01489	0.01749	0.01080	0.00800	0.00779	0.00260	0.01219	0.00609	0.00360	0.01239
30	0.01731	0.04235	0.60875	0.02518	0.03744	0.01990	0.07785	0.02698	0.01813	0.02698	0.01543	0.01836	0.01095	0.00801	0.00824	0.00271	0.01272	0.00659	0.00365	0.01249
31	0.01037	0.00741	0.00987	0.01185	0.01234	0.00691	0.00790	0.01185	0.01629	0.02172	0.04690	0.69537	0.05629	0.02666	0.01086	0.00346	0.00494	0.02419	0.00790	0.00691
32	0.03179	0.04056	0.02412	0.02192	0.02631	0.66676	0.01644	0.03398	0.02412	0.02083	0.01315	0.01535	0.01096	0.00877	0.00767	0.00219	0.01535	0.00548	0.00438	0.00987
33	0.02275	0.70604	0.04459	0.01456	0.02184	0.03367	0.01456	0.02548	0.01729	0.02002	0.01183	0.01365	0.01092	0.00728	0.00546	0.00182	0.00910	0.00455	0.00364	0.01092
34	0.03179	0.04056	0.02412	0.02192	0.02631	0.66676	0.01644	0.03398	0.02412	0.02083	0.01315	0.01535	0.01096	0.00877	0.00767	0.00219	0.01535	0.00548	0.00438	0.00987
35	0.01238	0.00825	0.00928	0.00928	0.00928	0.00825	0.00516	0.01238	0.01238	0.01650	0.02681	0.05569	0.03094	0.70092	0.04331	0.00825	0.00825	0.01238	0.00516	0.00516
36	0.01167	0.00868	0.01085	0.01031	0.01248	0.00787	0.00773	0.01533	0.02319	0.03200	0.53711	0.06706	0.18786	0.01819	0.01004	0.00271	0.00407	0.01588	0.00909	0.00787
37	0.01318	0.00864	0.01132	0.01132	0.01268	0.00947	0.00836	0.01589	0.01454	0.02231	0.02487	0.03719	0.02325	0.17016	0.37371	0.00955	0.01505	0.00942	0.20188	0.00722
38	0.01707	0.04402	0.65683	0.02426	0.03683	0.01976	0.03144	0.02695	0.01797	0.02695	0.01527	0.01797	0.01078	0.00809	0.00809	0.00270	0.01258	0.00629	0.00359	0.01258
39	0.03818	0.01448	0.01975	0.01514	0.02172	0.01251	0.01251	0.04147	0.02436	0.65373	0.03357	0.02897	0.02107	0.01053	0.00856	0.00263	0.00724	0.00856	0.01053	0.01448
40	0.02009	0.02296	0.05022	0.03587	0.04448	0.02152	0.61693	0.02726	0.02009	0.02726	0.01722	0.02296	0.01291	0.00717	0.01004	0.00287	0.01435	0.01004	0.00430	0.01148
41	0.02884	0.25799	0.03081	0.01952	0.02485	0.45991	0.01583	0.03120	0.02189	0.02056	0.01272	0.01479	0.01095	0.00828	0.00695	0.00207	0.01331	0.00518	0.00414	0.01021
42	0.01204	0.00870	0.01138	0.01071	0.01271	0.00803	0.00803	0.01606	0.02409	0.03413	0.64335	0.06357	0.08030	0.01740	0.01004	0.00268	0.00401	0.01539	0.00937	0.00803
43	0.02373	0.12904	0.32718	0.02134	0.03070	0.08912	0.02321	0.19757	0.02483	0.03304	0.01606	0.01781	0.01188	0.00866	0.00780	0.00248	0.01146	0.00636	0.00509	0.01262
44	0.14452	0.15138	0.15521	0.05550	0.02623	0.02080	0.01708	0.03223	0.11604	0.17016	0.02126	0.02143	0.01532	0.00903	0.00736	0.00255	0.00875	0.00680	0.00626	0.01211
45	0.01408	0.01780	0.17143	0.01356	0.01878	0.01089	0.01353	0.01881	0.02082	0.06438	0.24275	0.05707	0.27082	0.01624	0.00947	0.00275	0.00644	0.01369	0.00745	0.00922
46	0.10521	0.25609	0.35496	0.02080	0.05634	0.02425	0.02312	0.02621	0.01740	0.02602	0.01378	0.01621	0.01076	0.00778	0.00692	0.00239	0.01064	0.00558	0.00383	0.01169
47	0.02096	0.02703	0.16414	0.04226	0.40585	0.07064	0.09230	0.02703	0.01953	0.02702	0.01577	0.02019	0.01266	0.00773	0.00848	0.00257	0.01150	0.00743	0.00411	0.01279
48	0.01037	0.00741	0.00987	0.01185	0.01234	0.00691	0.00790	0.01185	0.01629	0.02172	0.04690	0.69537	0.05629	0.02666	0.01086	0.00346	0.00494	0.02419	0.00790	0.00691
49	0.01999	0.25145	0.22992	0.02658	0.15601	0.02538	0.02283	0.02529	0.01727	0.02386	0.01366	0.01730	0.01145	0.00878	0.01039	0.00253	0.11569	0.00617	0.00376	0.01171
50	0.01147	0.00868	0.01058	0.01011	0.01236	0.00779	0.00758	0.01495	0.02274	0.03092	0.48273	0.06885	0.24292	0.01860	0.01004	0.00273	0.00410	0.01613	0.00895	0.00779
51	0.02412	0.48210	0.03742	0.01536	0.02258	0.02948	0.01436	0.14763	0.02203	0.02789	0.01400	0.01553	0.01186	0.00777	0.00619	0.00190	0.00882	0.00525	0.00481	0.10090
52	0.02256	0.06441	0.08034	0.03915	0.39715	0.09504	0.02293	0.05391	0.08886	0.02843	0.01764	0.02090	0.01427	0.00829	0.00817	0.00250	0.01043	0.00730	0.00483	0.01289
53	0.02038	0.19746	0.20960	0.03510	0.32265	0.02344	0.02472	0.02619	0.01847	0.02563	0.01476	0.01836	0.01209	0.00765	0.00759	0.00240	0.01054	0.00647	0.00390	0.01259
54	0.01033	0.00757	0.00970	0.01141	0.01223	0.00695	0.00770	0.01190	0.01672	0.02190	0.05226	0.61172	0.13648	0.02596	0.01075	0.00338	0.00485	0.02334	0.00790	0.00695
55	0.01006	0.00862	0.00862	0.00862	0.01149	0.00718	0.00647	0.01221	0.01940	0.02299	0.08621	0.08190	0.64438	0.02155	0.01006	0.00287	0.00431	0.01796	0.00790	0.00718
56	0.01478	0.00739	0.01109	0.01109	0.01109	0.00739	0.00739	0.01109	0.01109	0.01478	0.01478	0.02587	0.01478	0.02956	0.03326	0.75240	0.00739	0.00739	0.00370	0.00370
57	0.76103	0.01646	0.01251	0.01119	0.01646	0.01909	0.00922	0.02502	0.01448	0.03818	0.01185	0.01382	0.00922	0.00790	0.00527	0.00263	0.00658	0.00461	0.00527	0.00922
58	0.02747	0.11142	0.02501	0.01965	0.02450	0.39447	0.01531	0.03644	0.21024	0.02527	0.01960	0.02019	0.01557	0.00945	0.00772	0.00236	0.01197	0.00664	0.00561	0.01110
59	0.06173	0.01538	0.01887	0.01429	0.02059	0.01347	0.04768	0.09105	0.02137	0.03219	0.12117	0.02838	0.05135	0.00939	0.00751	0.00189	0.00671	0.00789	0.00625	0.42286

[dist]
# distance from previous block
# <min> <max>
0	1

[block]
# block no. 5 follows, 21 sequences, length 8
# corresponding to MSA columns:
# 388-395
name=unknown_F
#
# <colnr> <probs for GDERKNQSTAVLIFYWHMCP>
#	G	D	E	R	K	N	Q	S	T	A	V	L	I	F	Y	W	H	M	C	P
0	0.02452	0.20906	0.02799	0.01597	0.02298	0.02356	0.01373	0.23556	0.07206	0.03535	0.01757	0.01860	0.01381	0.00835	0.00703	0.00199	0.00819	0.00618	0.00616	0.23135
1	0.01274	0.00800	0.01035	0.01062	0.01086	0.00810	0.00676	0.01227	0.01270	0.01710	0.02576	0.13161	0.02883	0.35290	0.10614	0.21352	0.00920	0.01224	0.00506	0.00527
2	0.01584	0.01162	0.01363	0.01346	0.01548	0.01206	0.00960	0.13521	0.06806	0.02843	0.03798	0.42339	0.04220	0.11355	0.01462	0.00388	0.00640	0.01818	0.00771	0.00868
3	0.01316	0.00946	0.01129	0.01050	0.01192	0.00911	0.00680	0.01424	0.01341	0.01877	0.02435	0.04620	0.02654	0.49082	0.13716	0.00803	0.01027	0.01071	0.00504	0.12222
4	0.01239	0.01015	0.01140	0.01039	0.01388	0.00836	0.00764	0.01470	0.01778	0.02356	0.05453	0.18024	0.31042	0.06981	0.01170	0.00295	0.00528	0.01517	0.00690	0.21273
5	0.11972	0.01629	0.01632	0.01368	0.01874	0.05579	0.01096	0.12801	0.02287	0.03323	0.10497	0.03930	0.12030	0.01247	0.00812	0.00237	0.00701	0.05664	0.00685	0.20636
6	0.28528	0.07335	0.01948	0.01487	0.02003	0.12894	0.01209	0.17598	0.02327	0.03682	0.01666	0.01846	0.01288	0.00889	0.00661	0.00238	0.00855	0.00603	0.11884	0.01059
7	0.16997	0.07477	0.02193	0.02033	0.10530	0.14643	0.01417	0.10913	0.07125	0.03128	0.02857	0.02924	0.12235	0.01096	0.00774	0.00252	0.00898	0.00832	0.00601	0.01077

[dist]
# distance from previous block
# <min> <max>
24	67

[block]
# block no. 6 follows, 21 sequences, length 6
# corresponding to MSA columns:
# 481-486
name=unknown_G
#
# <colnr> <probs for GDERKNQSTAVLIFYWHMCP>
#	G	D	E	R	K	N	Q	S	T	A	V	L	I	F	Y	W	H	M	C	P
0	0.02246	0.18438	0.02680	0.04738	0.08070	0.12163	0.01509	0.07858	0.12631	0.02775	0.02421	0.02568	0.06292	0.01029	0.00859	0.00243	0.04491	0.00770	0.07116	0.01104
1	0.11790	0.13701	0.05414	0.09212	0.09303	0.18070	0.04824	0.05919	0.02092	0.06031	0.04847	0.02031	0.01553	0.00878	0.00753	0.00241	0.01073	0.00673	0.00506	0.01088
2	0.18369	0.05411	0.06830	0.05436	0.09089	0.05146	0.01513	0.02384	0.01697	0.07179	0.01858	0.06351	0.01625	0.01841	0.11307	0.00431	0.04676	0.00769	0.00515	0.07572
3	0.11440	0.02255	0.07680	0.01742	0.05186	0.18295	0.01352	0.02289	0.01770	0.02404	0.02418	0.03211	0.07726	0.15603	0.01684	0.00377	0.06947	0.00857	0.05886	0.00878
4	0.11175	0.02015	0.02516	0.16788	0.07223	0.12699	0.11902	0.02405	0.01941	0.02646	0.06942	0.02896	0.08041	0.01001	0.00833	0.00257	0.01025	0.00873	0.00511	0.06311
5	0.18645	0.09508	0.02145	0.01736	0.05930	0.05383	0.01316	0.11784	0.02100	0.08634	0.02559	0.11656	0.06393	0.01268	0.00964	0.00273	0.07055	0.00960	0.00636	0.01055

[dist]
# distance from previous block
# <min> <max>
1	3

[block]
# block no. 7 follows, 21 sequences, length 19
# corresponding to MSA columns:
# 490-508
name=unknown_H
#
# <colnr> <probs for GDERKNQSTAVLIFYWHMCP>
#	G	D	E	R	K	N	Q	S	T	A	V	L	I	F	Y	W	H	M	C	P
0	0.02721	0.03765	0.15992	0.02132	0.02760	0.42452	0.01899	0.08432	0.02392	0.02528	0.01916	0.02083	0.05362	0.00961	0.00800	0.00238	0.01347	0.00669	0.00483	0.01069
1	0.11441	0.20404	0.12708	0.02189	0.08222	0.26957	0.01831	0.02895	0.01985	0.02431	0.01325	0.01566	0.01094	0.00807	0.00696	0.00226	0.01181	0.00546	0.00417	0.01080
2	0.29804	0.13178	0.10272	0.02631	0.21362	0.04731	0.01822	0.02601	0.01723	0.03007	0.01359	0.01658	0.01105	0.00776	0.00670	0.00246	0.00913	0.00575	0.00445	0.01123
3	0.06750	0.02258	0.17622	0.12622	0.03301	0.01892	0.11301	0.02244	0.01617	0.02433	0.01627	0.02265	0.01343	0.02116	0.15393	0.00528	0.12497	0.00776	0.00408	0.01007
4	0.01256	0.00984	0.01180	0.01144	0.01356	0.00975	0.00854	0.01688	0.07558	0.02717	0.26020	0.14205	0.24469	0.02000	0.01245	0.04999	0.04174	0.01587	0.00799	0.00791
5	0.01719	0.01202	0.01336	0.01215	0.01578	0.01151	0.00950	0.13256	0.02348	0.08635	0.06153	0.13887	0.35980	0.01908	0.00982	0.00292	0.00584	0.05071	0.00826	0.00927
6	0.01279	0.00832	0.00966	0.00966	0.01010	0.00851	0.00594	0.01368	0.01323	0.01884	0.02643	0.04986	0.02857	0.53351	0.11647	0.00813	0.00952	0.01140	0.09955	0.00581
7	0.02182	0.53623	0.12118	0.02050	0.10192	0.03022	0.01815	0.02575	0.01764	0.02187	0.01279	0.01513	0.01122	0.00742	0.00616	0.00202	0.00967	0.00515	0.00371	0.01145
8	0.06710	0.11314	0.28851	0.06371	0.09225	0.14462	0.02335	0.06439	0.02029	0.02710	0.01465	0.01746	0.01126	0.00822	0.00762	0.00248	0.01182	0.00612	0.00423	0.01168
9	0.16157	0.04871	0.06507	0.02919	0.25590	0.02015	0.01847	0.11351	0.05761	0.07613	0.02231	0.02406	0.05297	0.00935	0.00783	0.00258	0.00870	0.00766	0.00590	0.01234
10	0.01894	0.01527	0.02253	0.02381	0.14005	0.01564	0.08666	0.02841	0.18941	0.07060	0.03140	0.19641	0.02899	0.01387	0.00909	0.00286	0.00762	0.01275	0.07456	0.01113
11	0.02529	0.02977	0.02290	0.04777	0.02453	0.39009	0.01595	0.02728	0.01946	0.02025	0.01436	0.02140	0.01345	0.09406	0.01740	0.00336	0.19235	0.00692	0.00428	0.00913
12	0.02227	0.12430	0.02461	0.01628	0.02224	0.01981	0.04524	0.16113	0.11652	0.05302	0.02245	0.06842	0.01928	0.05724	0.01015	0.00265	0.00801	0.00843	0.00650	0.19143
13	0.11159	0.01697	0.02363	0.07384	0.27822	0.01773	0.01773	0.10933	0.02118	0.03100	0.02751	0.06836	0.09060	0.04144	0.01002	0.00296	0.00852	0.03247	0.00576	0.01116
14	0.06813	0.02302	0.02080	0.02057	0.08291	0.18240	0.01461	0.11774	0.17808	0.03220	0.06255	0.03287	0.08410	0.01179	0.00849	0.00264	0.00927	0.02968	0.00685	0.01132
15	0.01685	0.01412	0.01497	0.01368	0.01677	0.04199	0.01050	0.12635	0.07767	0.02880	0.04979	0.15082	0.25749	0.04494	0.04780	0.00371	0.05273	0.01439	0.00737	0.00924
16	0.01772	0.01484	0.01682	0.01505	0.01898	0.01615	0.01189	0.06560	0.27131	0.03084	0.07515	0.04291	0.13052	0.01883	0.07272	0.00384	0.04871	0.04224	0.00751	0.07838
17	0.01956	0.01740	0.01847	0.02047	0.13539	0.11444	0.01263	0.06140	0.01896	0.02579	0.02075	0.03084	0.01922	0.18595	0.05224	0.00428	0.00964	0.00830	0.12521	0.09906
18	0.02341	0.23227	0.25258	0.02138	0.02969	0.22342	0.05377	0.02871	0.01978	0.02309	0.01373	0.01619	0.01099	0.00802	0.00731	0.00230	0.01253	0.00574	0.00389	0.01120

[dist]
# distance from previous block
# <min> <max>
8	17

[block]
# block no. 8 follows, 21 sequences, length 24
# corresponding to MSA columns:
# 526-549
name=unknown_I
#
# <colnr> <probs for GDERKNQSTAVLIFYWHMCP>
#	G	D	E	R	K	N	Q	S	T	A	V	L	I	F	Y	W	H	M	C	P
0	0.02113	0.01923	0.05186	0.08185	0.30892	0.01924	0.02027	0.03217	0.21312	0.07056	0.02649	0.02802	0.04948	0.00982	0.00858	0.00269	0.00875	0.00876	0.00616	0.01289
1	0.08808	0.17420	0.05092	0.04669	0.06310	0.14262	0.01465	0.02350	0.01775	0.02312	0.02016	0.02435	0.05369	0.02243	0.16850	0.00504	0.01331	0.00712	0.00452	0.03628
2	0.01892	0.07436	0.49086	0.02778	0.12663	0.06295	0.02879	0.02721	0.01855	0.02632	0.01507	0.01804	0.01120	0.00801	0.00797	0.00259	0.01221	0.00634	0.00374	0.01245
3	0.10587	0.02815	0.02606	0.07746	0.19935	0.28154	0.01884	0.11166	0.02347	0.02926	0.01496	0.01801	0.01199	0.00853	0.00780	0.00243	0.01183	0.00643	0.00496	0.01141
4	0.02614	0.28584	0.07315	0.02316	0.10375	0.30859	0.01791	0.02938	0.02059	0.02180	0.01316	0.01560	0.01125	0.00802	0.00697	0.00213	0.01219	0.00545	0.00404	0.01089
5	0.06629	0.11490	0.01851	0.01313	0.01732	0.01395	0.01075	0.02026	0.01738	0.06222	0.02775	0.12498	0.02865	0.10181	0.01276	0.00328	0.00722	0.14049	0.00618	0.19215
6	0.02410	0.39613	0.03383	0.01674	0.02254	0.19368	0.01462	0.02941	0.09642	0.02218	0.01586	0.01783	0.01360	0.01238	0.05531	0.00293	0.01142	0.00577	0.00453	0.01073
7	0.03154	0.01919	0.02232	0.01751	0.02359	0.02026	0.01438	0.37082	0.03202	0.22834	0.02465	0.02462	0.01730	0.01708	0.09165	0.00398	0.01043	0.00811	0.00862	0.01361
8	0.01051	0.00797	0.00933	0.01031	0.01164	0.00718	0.00701	0.01205	0.01696	0.02153	0.05905	0.38425	0.27311	0.11072	0.01470	0.00385	0.00513	0.02035	0.00755	0.00679
9	0.02106	0.02022	0.03454	0.05223	0.64784	0.02022	0.02612	0.02612	0.01938	0.02780	0.01601	0.02106	0.01348	0.00758	0.00842	0.00253	0.01011	0.00758	0.00421	0.01348
10	0.01082	0.00760	0.00974	0.01127	0.01165	0.00721	0.00728	0.01197	0.01541	0.02055	0.04238	0.55116	0.05057	0.17867	0.01818	0.00454	0.00568	0.02153	0.00728	0.00652
11	0.03235	0.02384	0.02554	0.01958	0.02639	0.02639	0.01618	0.61946	0.04001	0.05363	0.02043	0.02043	0.01447	0.01022	0.00851	0.00255	0.00936	0.00766	0.00851	0.01447
12	0.02275	0.70604	0.04459	0.01456	0.02184	0.03367	0.01456	0.02548	0.01729	0.02002	0.01183	0.01365	0.01092	0.00728	0.00546	0.00182	0.00910	0.00455	0.00364	0.01092
13	0.01077	0.00757	0.00976	0.01134	0.01173	0.00718	0.00735	0.01195	0.01551	0.02068	0.04289	0.56739	0.05121	0.16155	0.01735	0.00442	0.00560	0.02183	0.00735	0.00656
14	0.01150	0.00868	0.01061	0.01013	0.01238	0.00780	0.00760	0.01500	0.02279	0.03105	0.48944	0.06863	0.23613	0.01855	0.01004	0.00273	0.00410	0.01610	0.00896	0.00780
15	0.02122	0.03157	0.24642	0.03697	0.30240	0.11633	0.07013	0.02766	0.01965	0.02643	0.01542	0.01930	0.01214	0.00790	0.00832	0.00256	0.01204	0.00701	0.00403	0.01249
16	0.01324	0.01114	0.01587	0.05874	0.01856	0.01340	0.01227	0.01544	0.01492	0.02097	0.03032	0.33036	0.03400	0.03086	0.16300	0.00579	0.18201	0.01546	0.00582	0.00784
