[name]
unknown

[dist]
# distance from previous block
# <min> <max>
0	12

[block]
# block no. 0 follows, 21 sequences, length 10
# corresponding to MSA columns:
# 12-21
name=unknown_A
#
# <colnr> <probs for GDERKNQSTAVLIFYWHMCP>
#	G	D	E	R	K	N	Q	S	T	A	V	L	I	F	Y	W	H	M	C	P
0	0.01306	0.01095	0.01530	0.22421	0.02781	0.01164	0.01360	0.01659	0.01811	0.02266	0.04858	0.06435	0.24617	0.07404	0.01273	0.00356	0.00774	0.15465	0.00635	0.00790
1	0.02085	0.02093	0.02648	0.03627	0.37982	0.13315	0.01924	0.02416	0.01851	0.02378	0.01815	0.02853	0.01731	0.17787	0.01685	0.00387	0.01059	0.00838	0.00447	0.01079
2	0.01521	0.01156	0.01145	0.07600	0.01628	0.06338	0.00850	0.01795	0.01743	0.02468	0.03754	0.04536	0.15441	0.16207	0.01533	0.00363	0.00664	0.01079	0.29432	0.00748
3	0.01496	0.00932	0.01104	0.01069	0.01239	0.00994	0.00784	0.05269	0.01672	0.02609	0.02559	0.03670	0.02316	0.17433	0.21783	0.00696	0.01101	0.00923	0.31588	0.00763
4	0.02673	0.01615	0.01724	0.01498	0.01915	0.08567	0.01152	0.03260	0.12082	0.28670	0.03155	0.07123	0.02620	0.14631	0.01555	0.00384	0.00818	0.04621	0.00819	0.01119
5	0.01321	0.00999	0.01146	0.01078	0.01291	0.00917	0.00723	0.01578	0.04893	0.02143	0.03558	0.17517	0.10060	0.32311	0.02431	0.00509	0.00671	0.01376	0.00617	0.14861
6	0.01143	0.00837	0.01067	0.01162	0.01284	0.00757	0.00781	0.01298	0.01596	0.02175	0.04089	0.54127	0.04830	0.10708	0.01433	0.00380	0.00550	0.02061	0.00724	0.08997
7	0.02351	0.02269	0.02938	0.03846	0.38781	0.10031	0.02147	0.08946	0.14191	0.03102	0.01974	0.02239	0.01571	0.00876	0.00839	0.00256	0.01002	0.00773	0.00553	0.01313
8	0.01556	0.10985	0.01794	0.01318	0.01548	0.01504	0.01080	0.01868	0.01534	0.02339	0.02125	0.02828	0.01871	0.03391	0.30006	0.00733	0.09657	0.00791	0.22234	0.00838
9	0.08046	0.09407	0.02769	0.17498	0.24044	0.01916	0.01894	0.02383	0.01779	0.02642	0.01478	0.01916	0.01215	0.00747	0.00733	0.00222	0.00905	0.00637	0.00434	0.19334

[dist]
# distance from previous block
# <min> <max>
10	24

[block]
# block no. 1 follows, 21 sequences, length 135
# corresponding to MSA columns:
# 51-185
name=unknown_B
#
# <colnr> <probs for GDERKNQSTAVLIFYWHMCP>
#	G	D	E	R	K	N	Q	S	T	A	V	L	I	F	Y	W	H	M	C	P
0	0.09264	0.02355	0.19460	0.18077	0.11326	0.01813	0.04541	0.05292	0.01834	0.05814	0.01769	0.02471	0.01443	0.09582	0.01252	0.00340	0.01048	0.00769	0.00469	0.01082
1	0.01570	0.01527	0.05106	0.39983	0.11960	0.01632	0.01971	0.02011	0.01637	0.02166	0.01924	0.06258	0.01787	0.15196	0.01577	0.00394	0.01029	0.00933	0.00432	0.00909
2	0.02285	0.02088	0.02295	0.10388	0.05640	0.13000	0.05311	0.21098	0.02563	0.03231	0.02539	0.20589	0.02484	0.01397	0.00911	0.00279	0.00978	0.01197	0.00657	0.01073
3	0.01800	0.01368	0.01679	0.05396	0.06243	0.01416	0.01165	0.17297	0.02246	0.03024	0.05919	0.20412	0.06352	0.16591	0.01676	0.00401	0.00753	0.01363	0.00691	0.04208
4	0.05653	0.01499	0.01731	0.13376	0.02509	0.01609	0.01290	0.19258	0.05136	0.03294	0.04638	0.07598	0.26030	0.01500	0.00906	0.00279	0.00730	0.01233	0.00723	0.01008
5	0.27320	0.02484	0.02094	0.01729	0.02309	0.15593	0.01393	0.30224	0.02829	0.04176	0.01609	0.01720	0.01201	0.00915	0.00727	0.00251	0.00968	0.00620	0.00659	0.01179
6	0.27113	0.02652	0.01855	0.01641	0.02112	0.29001	0.01278	0.10679	0.02229	0.03219	0.01541	0.01745	0.01213	0.00881	0.00678	0.00236	0.01031	0.00577	0.09313	0.01003
7	0.02211	0.25647	0.02620	0.01494	0.01970	0.15308	0.01268	0.02513	0.02123	0.07995	0.17342	0.03641	0.06608	0.01214	0.00795	0.00237	0.00865	0.04530	0.00629	0.00992
8	0.01006	0.00862	0.00862	0.00862	0.01149	0.00718	0.00647	0.01221	0.01940	0.02299	0.08621	0.08190	0.64438	0.02155	0.01006	0.00287	0.00431	0.01796	0.00790	0.00718
9	0.02908	0.06452	0.02738	0.02810	0.16206	0.46098	0.01846	0.06519	0.02368	0.02418	0.01413	0.01681	0.01171	0.00853	0.00779	0.00227	0.01359	0.00602	0.00455	0.01096
10	0.02188	0.01695	0.01782	0.01564	0.02017	0.01915	0.01228	0.13595	0.39869	0.03778	0.03075	0.02985	0.02314	0.01097	0.00804	0.00263	0.00657	0.00892	0.17039	0.01243
11	0.02815	0.02135	0.02329	0.01759	0.02461	0.02210	0.01444	0.44872	0.03363	0.04624	0.01892	0.01964	0.01394	0.00910	0.00788	0.00218	0.00849	0.00691	0.00752	0.22531
12	0.01998	0.01722	0.01871	0.01573	0.02147	0.01786	0.01233	0.03720	0.42532	0.03295	0.02806	0.02700	0.02147	0.00978	0.00787	0.00234	0.00659	0.00808	0.00744	0.26261
13	0.06060	0.02167	0.04521	0.11069	0.04460	0.02108	0.51320	0.02648	0.01941	0.02721	0.01667	0.02242	0.01252	0.00737	0.00960	0.00285	0.01356	0.00945	0.00430	0.01111
14	0.01037	0.00741	0.00987	0.01185	0.01234	0.00691	0.00790	0.01185	0.01629	0.02172	0.04690	0.69537	0.05629	0.02666	0.01086	0.00346	0.00494	0.02419	0.00790	0.00691
15	0.01006	0.00862	0.00862	0.00862	0.01149	0.00718	0.00647	0.01221	0.01940	0.02299	0.08621	0.08190	0.64438	0.02155	0.01006	0.00287	0.00431	0.01796	0.00790	0.00718
16	0.01161	0.00868	0.01077	0.01025	0.01245	0.00784	0.00769	0.01522	0.02306	0.03169	0.52148	0.06758	0.20368	0.01831	0.01004	0.00272	0.00408	0.01595	0.00905	0.00784
17	0.02106	0.02022	0.03454	0.05223	0.64784	0.02022	0.02612	0.02612	0.01938	0.02780	0.01601	0.02106	0.01348	0.00758	0.00842	0.00253	0.01011	0.00758	0.00421	0.01348
18	0.01586	0.00793	0.00793	0.00793	0.00991	0.00793	0.00595	0.01983	0.01785	0.03173	0.02776	0.03173	0.02181	0.00991	0.00595	0.00198	0.00397	0.00793	0.74817	0.00793
19	0.01153	0.00868	0.01066	0.01016	0.01240	0.00781	0.00762	0.01505	0.02286	0.03122	0.49772	0.06836	0.22774	0.01848	0.01004	0.00273	0.00409	0.01606	0.00898	0.00781
20	0.03116	0.03553	0.02451	0.05320	0.02789	0.49006	0.01673	0.16634	0.02738	0.02832	0.01490	0.01686	0.01178	0.00909	0.00790	0.00231	0.01379	0.00608	0.00529	0.01089
21	0.01962	0.34118	0.38202	0.01990	0.03010	0.02601	0.02386	0.02629	0.01766	0.02384	0.01373	0.01603	0.01084	0.00772	0.00691	0.00230	0.01102	0.00551	0.00361	0.01183
22	0.02332	0.01780	0.01931	0.01704	0.02208	0.02007	0.01335	0.04475	0.55564	0.11369	0.03450	0.03140	0.02536	0.01142	0.00865	0.00285	0.00680	0.00949	0.00890	0.01360
23	0.01216	0.00912	0.01368	0.01368	0.01520	0.01064	0.01064	0.01520	0.01368	0.01976	0.02279	0.03343	0.02127	0.06382	0.66720	0.01368	0.02279	0.00912	0.00456	0.00760
24	0.02106	0.02022	0.03454	0.05223	0.64784	0.02022	0.02612	0.02612	0.01938	0.02780	0.01601	0.02106	0.01348	0.00758	0.00842	0.00253	0.01011	0.00758	0.00421	0.01348
25	0.03235	0.02384	0.02554	0.01958	0.02639	0.02639	0.01618	0.61946	0.04001	0.05363	0.02043	0.02043	0.01447	0.01022	0.00851	0.00255	0.00936	0.00766	0.00851	0.01447
26	0.02106	0.02022	0.03454	0.05223	0.64784	0.02022	0.02612	0.02612	0.01938	0.02780	0.01601	0.02106	0.01348	0.00758	0.00842	0.00253	0.01011	0.00758	0.00421	0.01348
27	0.03049	0.03272	0.02439	0.02244	0.06459	0.40423	0.01645	0.20564	0.02820	0.03149	0.01621	0.01802	0.01270	0.00918	0.00788	0.00231	0.01268	0.00638	0.04265	0.01136
28	0.01238	0.00825	0.00928	0.00928	0.00928	0.00825	0.00516	0.01238	0.01238	0.01650	0.02681	0.05569	0.03094	0.70092	0.04331	0.00825	0.00825	0.01238	0.00516	0.00516
29	0.03208	0.03187	0.02486	0.02071	0.02635	0.33384	0.01630	0.33837	0.03238	0.03788	0.01694	0.01799	0.01279	0.00952	0.00811	0.00238	0.01224	0.00661	0.00653	0.01226
30	0.02106	0.02022	0.03454	0.05223	0.64784	0.02022	0.02612	0.02612	0.01938	0.02780	0.01601	0.02106	0.01348	0.00758	0.00842	0.00253	0.01011	0.00758	0.00421	0.01348
31	0.01054	0.00878	0.00929	0.00955	0.01231	0.00753	0.00742	0.01293	0.01942	0.02332	0.08077	0.08376	0.56561	0.02181	0.01028	0.00301	0.00478	0.09372	0.00789	0.00727
32	0.02106	0.02022	0.03454	0.05223	0.64784	0.02022	0.02612	0.02612	0.01938	0.02780	0.01601	0.02106	0.01348	0.00758	0.00842	0.00253	0.01011	0.00758	0.00421	0.01348
33	0.01478	0.00739	0.01109	0.01109	0.01109	0.00739	0.00739	0.01109	0.01109	0.01478	0.01478	0.02587	0.01478	0.02956	0.03326	0.75240	0.00739	0.00739	0.00370	0.00370
34	0.02656	0.21861	0.03242	0.02765	0.18412	0.32698	0.01840	0.02963	0.02102	0.02239	0.01352	0.01634	0.01159	0.00806	0.00726	0.00218	0.01229	0.00576	0.00414	0.01108
35	0.01586	0.00793	0.00793	0.00793	0.00991	0.00793	0.00595	0.01983	0.01785	0.03173	0.02776	0.03173	0.02181	0.00991	0.00595	0.00198	0.00397	0.00793	0.74817	0.00793
36	0.01014	0.00829	0.00897	0.00951	0.01173	0.00711	0.00686	0.01211	0.01854	0.02264	0.07538	0.25092	0.48235	0.02296	0.01028	0.00303	0.00448	0.01968	0.00790	0.00711
37	0.02823	0.02884	0.03025	0.02665	0.09235	0.24600	0.12107	0.22598	0.02769	0.03353	0.01647	0.01909	0.01273	0.00915	0.00942	0.00254	0.04502	0.00730	0.00569	0.01202
38	0.03179	0.04056	0.02412	0.02192	0.02631	0.66676	0.01644	0.03398	0.02412	0.02083	0.01315	0.01535	0.01096	0.00877	0.00767	0.00219	0.01535	0.00548	0.00438	0.00987
39	0.02275	0.70604	0.04459	0.01456	0.02184	0.03367	0.01456	0.02548	0.01729	0.02002	0.01183	0.01365	0.01092	0.00728	0.00546	0.00182	0.00910	0.00455	0.00364	0.01092
40	0.01006	0.00862	0.00862	0.00862	0.01149	0.00718	0.00647	0.01221	0.01940	0.02299	0.08621	0.08190	0.64438	0.02155	0.01006	0.00287	0.00431	0.01796	0.00790	0.00718
41	0.01024	0.00792	0.00934	0.01048	0.01198	0.00703	0.00729	0.01200	0.01761	0.02226	0.06360	0.43477	0.30611	0.02449	0.01052	0.00321	0.00467	0.02155	0.00790	0.00703
42	0.02265	0.02417	0.03604	0.04382	0.42003	0.12813	0.14625	0.02766	0.02031	0.02653	0.01578	0.02050	0.01294	0.00770	0.00863	0.00254	0.01185	0.00774	0.00426	0.01247
43	0.03134	0.03751	0.02405	0.02142	0.02612	0.55989	0.01627	0.10372	0.05538	0.02542	0.01505	0.01674	0.01210	0.00907	0.00782	0.00227	0.01422	0.00594	0.00508	0.01058
44	0.01158	0.00951	0.01132	0.01291	0.04888	0.00873	0.00883	0.01492	0.04910	0.02372	0.06597	0.24585	0.37439	0.02180	0.01023	0.00309	0.00518	0.05844	0.00772	0.00783
45	0.02562	0.26022	0.16938	0.01984	0.02714	0.27142	0.01908	0.07029	0.02162	0.02418	0.01369	0.01571	0.01115	0.00823	0.00709	0.00220	0.01226	0.00550	0.00425	0.01113
46	0.02190	0.06065	0.03439	0.04799	0.56906	0.06589	0.02479	0.02663	0.01959	0.02688	0.01557	0.02024	0.01316	0.00765	0.00820	0.00246	0.01042	0.00726	0.00419	0.01308
47	0.01238	0.00825	0.00928	0.00928	0.00928	0.00825	0.00516	0.01238	0.01238	0.01650	0.02681	0.05569	0.03094	0.70092	0.04331	0.00825	0.00825	0.01238	0.00516	0.00516
48	0.02762	0.03008	0.02629	0.02227	0.02615	0.32270	0.04771	0.15051	0.02409	0.02782	0.01431	0.01770	0.01184	0.01070	0.01363	0.00273	0.20136	0.00671	0.00505	0.01074
49	0.01292	0.00940	0.01102	0.01051	0.01316	0.00857	0.00791	0.01711	0.05542	0.05895	0.32223	0.10345	0.29993	0.01894	0.00994	0.00281	0.00449	0.01628	0.00871	0.00824
50	0.02116	0.02365	0.10421	0.03974	0.40698	0.05344	0.02349	0.03080	0.15355	0.02905	0.01985	0.02274	0.01577	0.00857	0.00840	0.00261	0.00993	0.00777	0.00512	0.01319
51	0.01707	0.04402	0.65683	0.02426	0.03683	0.01976	0.03144	0.02695	0.01797	0.02695	0.01527	0.01797	0.01078	0.00809	0.00809	0.00270	0.01258	0.00629	0.00359	0.01258
52	0.01006	0.00862	0.00862	0.00862	0.01149	0.00718	0.00647	0.01221	0.01940	0.02299	0.08621	0.08190	0.64438	0.02155	0.01006	0.00287	0.00431	0.01796	0.00790	0.00718
53	0.01030	0.00767	0.00960	0.01114	0.01216	0.00697	0.00759	0.01193	0.01697	0.02200	0.05550	0.56118	0.18492	0.02554	0.01069	0.00333	0.00480	0.02283	0.00790	0.00697
54	0.02508	0.02740	0.02747	0.03144	0.23062	0.26758	0.01970	0.06883	0.02126	0.02530	0.01475	0.01904	0.01259	0.01225	0.04426	0.00316	0.12674	0.00684	0.00451	0.01117
55	0.01013	0.00836	0.00890	0.00933	0.01168	0.00712	0.00678	0.01213	0.01872	0.02271	0.07761	0.21608	0.51575	0.02267	0.01023	0.00300	0.00445	0.01932	0.00790	0.00712
56	0.01216	0.00897	0.01000	0.00956	0.01240	0.00771	0.00723	0.01489	0.02096	0.06094	0.23672	0.07392	0.45457	0.01980	0.00997	0.00281	0.00439	0.01673	0.00845	0.00782
57	0.02993	0.03479	0.02319	0.02060	0.02529	0.48970	0.01570	0.11443	0.08347	0.02681	0.01932	0.02045	0.04005	0.00978	0.00798	0.00234	0.01324	0.00671	0.00551	0.01072
58	0.01026	0.00863	0.00890	0.00883	0.01162	0.00727	0.00662	0.01260	0.01987	0.02411	0.14225	0.08006	0.58764	0.02113	0.01006	0.00285	0.00428	0.01770	0.00805	0.00727
59	0.01112	0.00799	0.01055	0.01134	0.01251	0.00741	0.00796	0.01374	0.01979	0.02729	0.31463	0.41177	0.06706	0.02250	0.01049	0.00311	0.00452	0.02024	0.00856	0.00741
60	0.03235	0.02384	0.02554	0.01958	0.02639	0.02639	0.01618	0.61946	0.04001	0.05363	0.02043	0.02043	0.01447	0.01022	0.00851	0.00255	0.00936	0.00766	0.00851	0.01447
61	0.01639	0.01557	0.02559	0.59733	0.05403	0.01981	0.02300	0.02158	0.01651	0.02158	0.01463	0.02217	0.01132	0.00932	0.01096	0.00295	0.09649	0.00755	0.00377	0.00944
62	0.01060	0.00757	0.01014	0.01212	0.01271	0.00711	0.00830	0.01225	0.01652	0.02198	0.04678	0.65374	0.05578	0.02644	0.01092	0.00349	0.00514	0.06353	0.00790	0.00698
63	0.01785	0.01765	0.02288	0.02018	0.02083	0.06253	0.01651	0.02002	0.01389	0.02032	0.01417	0.02207	0.01365	0.02659	0.18449	0.00608	0.47965	0.00774	0.00397	0.00892
64	0.01702	0.01251	0.01412	0.01278	0.01558	0.01275	0.00946	0.18004	0.02395	0.03187	0.14331	0.18353	0.14303	0.14219	0.01584	0.00385	0.00650	0.01496	0.00782	0.00891
65	0.76103	0.01646	0.01251	0.01119	0.01646	0.01909	0.00922	0.02502	0.01448	0.03818	0.01185	0.01382	0.00922	0.00790	0.00527	0.00263	0.00658	0.00461	0.00527	0.00922
66	0.02278	0.02024	0.03121	0.14017	0.42273	0.02137	0.02357	0.15524	0.02353	0.03254	0.01684	0.02117	0.01337	0.00830	0.00846	0.00258	0.01013	0.00760	0.00509	0.01309
67	0.06359	0.07245	0.02507	0.02050	0.02565	0.45507	0.01596	0.16851	0.02699	0.02914	0.01471	0.01636	0.01169	0.00898	0.00764	0.00227	0.01323	0.00590	0.00534	0.01096
68	0.01017	0.00858	0.00881	0.00886	0.01159	0.00722	0.00660	0.01239	0.01951	0.02349	0.11238	0.10582	0.59247	0.02155	0.01009	0.00289	0.00432	0.01808	0.00798	0.00722
69	0.01037	0.00741	0.00987	0.01185	0.01234	0.00691	0.00790	0.01185	0.01629	0.02172	0.04690	0.69537	0.05629	0.02666	0.01086	0.00346	0.00494	0.02419	0.00790	0.00691
70	0.01395	0.01190	0.01243	0.01190	0.01537	0.01197	0.00919	0.02348	0.22310	0.02732	0.06680	0.06602	0.40598	0.01834	0.00969	0.00294	0.00531	0.04686	0.00815	0.00931
71	0.02229	0.02531	0.03770	0.03197	0.10720	0.15532	0.29250	0.02703	0.01929	0.02452	0.01491	0.02022	0.01220	0.00924	0.01328	0.00288	0.16082	0.00824	0.00418	0.01091
72	0.01190	0.00833	0.00915	0.00915	0.00974	0.00803	0.00543	0.01234	0.01382	0.01784	0.03905	0.06109	0.15735	0.56093	0.03646	0.00714	0.00744	0.01353	0.00572	0.00557
73	0.01502	0.01385	0.02030	0.02827	0.29822	0.01306	0.01532	0.01848	0.01939	0.02516	0.05458	0.05449	0.36011	0.01526	0.00932	0.00272	0.00692	0.01328	0.00624	0.01002
74	0.01969	0.01651	0.01958	0.01568	0.05567	0.01374	0.01174	0.09724	0.02057	0.03101	0.01584	0.01819	0.01289	0.00687	0.00670	0.00149	0.00690	0.00551	0.00543	0.61875
75	0.01561	0.01509	0.01349	0.01368	0.01552	0.15161	0.00981	0.01808	0.02058	0.02563	0.23676	0.33770	0.05431	0.01968	0.00989	0.00292	0.00691	0.01719	0.00762	0.00793
76	0.01032	0.00834	0.00918	0.00958	0.01181	0.00720	0.00695	0.01250	0.01912	0.02377	0.13066	0.22391	0.45222	0.02235	0.01024	0.00299	0.00443	0.01917	0.00804	0.00720
77	0.01519	0.01335	0.01859	0.05666	0.19331	0.01327	0.01401	0.02133	0.09275	0.02820	0.17872	0.05193	0.23917	0.01489	0.00935	0.00273	0.00651	0.01298	0.00707	0.00999
78	0.16164	0.02526	0.15180	0.01796	0.02545	0.02180	0.01713	0.32072	0.02827	0.04260	0.01789	0.01917	0.01304	0.00911	0.00756	0.00249	0.00904	0.00668	0.04762	0.05476
79	0.02091	0.02117	0.03074	0.22801	0.40616	0.09626	0.02426	0.02580	0.01926	0.02525	0.01542	0.02085	0.01257	0.00799	0.00836	0.00258	0.01108	0.00733	0.00411	0.01190
80	0.01032	0.00761	0.00966	0.01130	0.01220	0.00696	0.00766	0.01191	0.01682	0.02194	0.05354	0.59175	0.15562	0.02580	0.01073	0.00336	0.00483	0.02314	0.00790	0.00696
81	0.02406	0.16400	0.02429	0.01631	0.02042	0.19826	0.01339	0.10070	0.02168	0.02777	0.01759	0.02054	0.01441	0.00968	0.00924	0.00228	0.08935	0.00647	0.20949	0.01007
82	0.02889	0.26361	0.03174	0.01846	0.02480	0.19628	0.01569	0.26147	0.02802	0.03346	0.01556	0.01676	0.01233	0.00882	0.00724	0.00221	0.01084	0.00602	0.00575	0.01204
83	0.01110	0.00879	0.01018	0.01097	0.01329	0.00787	0.00864	0.01366	0.01906	0.02351	0.06991	0.16328	0.40613	0.02274	0.01063	0.00323	0.00536	0.17643	0.00788	0.00733
84	0.02643	0.06008	0.02984	0.03565	0.31404	0.33971	0.02084	0.02997	0.02162	0.02402	0.01442	0.01792	0.01213	0.00815	0.00793	0.00233	0.01265	0.00641	0.00427	0.01159
85	0.02115	0.01352	0.01687	0.01473	0.01833	0.01469	0.01177	0.17791	0.02243	0.10917	0.02411	0.02925	0.01952	0.03671	0.33367	0.00799	0.01510	0.00852	0.09423	0.01030
86	0.02635	0.34115	0.09386	0.01853	0.02529	0.24192	0.01699	0.09865	0.02231	0.02492	0.01362	0.01543	0.01134	0.00820	0.00681	0.00211	0.01154	0.00539	0.00446	0.01115
87	0.17294	0.05023	0.02877	0.02725	0.16174	0.05503	0.15375	0.05714	0.01868	0.02878	0.01686	0.02306	0.01435	0.05844	0.09339	0.00435	0.01205	0.00778	0.00478	0.01061
88	0.01064	0.00850	0.00953	0.00958	0.01193	0.00738	0.00707	0.01323	0.02032	0.02591	0.23498	0.14935	0.41955	0.02101	0.01015	0.00289	0.00430	0.01799	0.00831	0.00738
89	0.10765	0.01582	0.01693	0.01486	0.01906	0.01739	0.01164	0.15082	0.22702	0.03825	0.19749	0.08215	0.03869	0.01350	0.00876	0.00277	0.00638	0.01123	0.00837	0.01122
90	0.01861	0.01853	0.03392	0.33065	0.25138	0.01992	0.15423	0.02440	0.01847	0.02496	0.01588	0.02221	0.01240	0.00791	0.00882	0.00274	0.01159	0.00811	0.00404	0.01123
91	0.01006	0.00862	0.00862	0.00862	0.01149	0.00718	0.00647	0.01221	0.01940	0.02299	0.08621	0.08190	0.64438	0.02155	0.01006	0.00287	0.00431	0.01796	0.00790	0.00718
92	0.01137	0.00859	0.01074	0.01207	0.01382	0.00795	0.00936	0.01388	0.01839	0.02337	0.05904	0.29825	0.24456	0.02396	0.01090	0.00342	0.00569	0.20946	0.00788	0.00731
93	0.01751	0.01395	0.01454	0.01267	0.01685	0.01413	0.00997	0.18333	0.09753	0.03292	0.06200	0.05905	0.39784	0.01725	0.00947	0.00279	0.00599	0.01414	0.00816	0.00993
94	0.02891	0.01743	0.01939	0.01539	0.02079	0.01833	0.01254	0.33151	0.03054	0.17112	0.02520	0.02537	0.01790	0.01020	0.00780	0.00241	0.00741	0.00792	0.21721	0.01263
95	0.01216	0.00912	0.01368	0.01368	0.01520	0.01064	0.01064	0.01520	0.01368	0.01976	0.02279	0.03343	0.02127	0.06382	0.66720	0.01368	0.02279	0.00912	0.00456	0.00760
96	0.01103	0.00853	0.01014	0.01063	0.01271	0.00764	0.00801	0.01369	0.01987	0.02561	0.20213	0.20580	0.31943	0.02188	0.01043	0.00308	0.00480	0.08894	0.00823	0.00740
97	0.02075	0.01990	0.03398	0.09173	0.61080	0.02014	0.02596	0.02584	0.01923	0.02742	0.01595	0.02116	0.01335	0.00764	0.00843	0.00255	0.01019	0.00758	0.00419	0.01323
98	0.03778	0.01513	0.02015	0.01545	0.02205	0.01347	0.01276	0.08161	0.02544	0.61205	0.03266	0.02837	0.02061	0.01051	0.00855	0.00263	0.00739	0.00850	0.01039	0.01448
99	0.03179	0.04056	0.02412	0.02192	0.02631	0.66676	0.01644	0.03398	0.02412	0.02083	0.01315	0.01535	0.01096	0.00877	0.00767	0.00219	0.01535	0.00548	0.00438	0.00987
100	0.01029	0.00863	0.00895	0.00887	0.01164	0.00728	0.00665	0.01267	0.01995	0.02431	0.15206	0.07973	0.57772	0.02106	0.01006	0.00285	0.00428	0.01766	0.00808	0.00728
101	0.02235	0.10816	0.03107	0.17712	0.28665	0.12450	0.02158	0.05129	0.04980	0.02582	0.01592	0.02007	0.01294	0.00823	0.00797	0.00247	0.01089	0.00697	0.00446	0.01175
102	0.02473	0.56048	0.04011	0.01617	0.02282	0.17215	0.01497	0.02734	0.01878	0.02020	0.01212	0.01402	0.01093	0.00761	0.00594	0.00190	0.01047	0.00475	0.00380	0.01069
103	0.02362	0.29871	0.03492	0.02568	0.15980	0.16460	0.01817	0.02660	0.01849	0.02197	0.01292	0.01647	0.01153	0.00894	0.01035	0.00237	0.12404	0.00590	0.00394	0.01099
104	0.01647	0.01682	0.02260	0.01931	0.02255	0.09213	0.14346	0.02036	0.04313	0.02344	0.03792	0.25397	0.13188	0.01733	0.01221	0.00309	0.09311	0.01515	0.00620	0.00887
105	0.01228	0.00821	0.00931	0.00940	0.00942	0.00819	0.00528	0.01235	0.01256	0.01674	0.02774	0.08522	0.03211	0.66980	0.04182	0.00803	0.00810	0.01292	0.00528	0.00524
106	0.01216	0.00912	0.01368	0.01368	0.01520	0.01064	0.01064	0.01520	0.01368	0.01976	0.02279	0.03343	0.02127	0.06382	0.66720	0.01368	0.02279	0.00912	0.00456	0.00760
107	0.02258	0.02066	0.01796	0.01634	0.01928	0.22833	0.01241	0.02505	0.01932	0.10752	0.07537	0.03118	0.02354	0.10411	0.19396	0.00622	0.05259	0.00867	0.00576	0.00914
108	0.01743	0.20906	0.13698	0.02273	0.15019	0.01946	0.01754	0.02192	0.01900	0.02566	0.13266	0.11373	0.05581	0.01232	0.00821	0.00252	0.00829	0.01044	0.00548	0.01056
109	0.01033	0.00755	0.00973	0.01147	0.01224	0.00694	0.00773	0.01189	0.01666	0.02187	0.05155	0.62287	0.12579	0.02606	0.01077	0.00339	0.00486	0.02346	0.00790	0.00694
110	0.01586	0.00793	0.00793	0.00793	0.00991	0.00793	0.00595	0.01983	0.01785	0.03173	0.02776	0.03173	0.02181	0.00991	0.00595	0.00198	0.00397	0.00793	0.74817	0.00793
111	0.02674	0.01587	0.01882	0.01572	0.02046	0.01616	0.01242	0.25857	0.02826	0.20898	0.06678	0.21119	0.03155	0.01524	0.00926	0.00283	0.00726	0.01290	0.00895	0.01203
112	0.01833	0.01735	0.02601	0.03684	0.40671	0.04826	0.01949	0.02259	0.02031	0.02780	0.13742	0.06897	0.09031	0.01177	0.00896	0.00262	0.00843	0.01077	0.00571	0.01136
113	0.01069	0.00831	0.00972	0.01008	0.01206	0.00734	0.00729	0.01317	0.01983	0.02571	0.22880	0.24587	0.32702	0.02182	0.01027	0.00298	0.00440	0.01897	0.00831	0.00734
114	0.02149	0.02420	0.03516	0.21029	0.07623	0.16218	0.24798	0.02668	0.01959	0.02389	0.01527	0.02081	0.01196	0.00845	0.01025	0.00275	0.06010	0.00805	0.00413	0.01053
115	0.02619	0.02994	0.02956	0.03775	0.35091	0.32909	0.02150	0.02987	0.02164	0.02447	0.01464	0.01833	0.01228	0.00815	0.00807	0.00237	0.01261	0.00658	0.00429	0.01175
116	0.02316	0.28139	0.02867	0.01664	0.02134	0.24857	0.01393	0.02582	0.01886	0.02075	0.01553	0.01962	0.01381	0.02102	0.15956	0.00470	0.01423	0.00608	0.03665	0.00965
117	0.01065	0.00832	0.01022	0.01090	0.01264	0.00789	0.00792	0.01278	0.01701	0.02181	0.05803	0.28169	0.29801	0.03309	0.16230	0.00557	0.00880	0.01806	0.00713	0.00719
118	0.02275	0.02949	0.12115	0.03429	0.16335	0.17879	0.27061	0.02863	0.02064	0.02576	0.01572	0.02004	0.01227	0.00777	0.00887	0.00261	0.01348	0.00792	0.00421	0.01164
119	0.02025	0.24280	0.06870	0.02567	0.15944	0.02577	0.01891	0.02515	0.05913	0.02331	0.01490	0.01917	0.01312	0.01271	0.04660	0.00324	0.19910	0.00671	0.00418	0.01113
120	0.01076	0.00869	0.00960	0.00950	0.01210	0.00753	0.00721	0.01351	0.02070	0.02616	0.23784	0.07746	0.46315	0.02049	0.01013	0.00286	0.00438	0.04216	0.00830	0.00745
121	0.02943	0.02048	0.05081	0.01707	0.02427	0.01924	0.01454	0.31417	0.02997	0.18426	0.02193	0.02161	0.01537	0.00924	0.00797	0.00226	0.00828	0.00717	0.00791	0.19403
122	0.02052	0.01305	0.01892	0.01603	0.01946	0.01378	0.05374	0.02354	0.01813	0.19564	0.03650	0.03898	0.14734	0.02831	0.19768	0.00599	0.12511	0.01057	0.00674	0.00996
123	0.02918	0.02141	0.02346	0.01777	0.02474	0.02230	0.01460	0.45564	0.03414	0.07337	0.01976	0.02015	0.01432	0.00932	0.00800	0.00226	0.00856	0.00709	0.00779	0.18613
124	0.02259	0.01677	0.01865	0.01491	0.01975	0.01702	0.01151	0.28791	0.02620	0.03603	0.02182	0.06508	0.01997	0.16218	0.01686	0.03743	0.00808	0.00899	0.00673	0.18152
125	0.01037	0.00741	0.00987	0.01185	0.01234	0.00691	0.00790	0.01185	0.01629	0.02172	0.04690	0.69537	0.05629	0.02666	0.01086	0.00346	0.00494	0.02419	0.00790	0.00691
126	0.01006	0.00862	0.00862	0.00862	0.01149	0.00718	0.00647	0.01221	0.01940	0.02299	0.08621	0.08190	0.64438	0.02155	0.01006	0.00287	0.00431	0.01796	0.00790	0.00718
127	0.11575	0.02982	0.02532	0.02680	0.16111	0.31684	0.01765	0.15185	0.02522	0.03116	0.01512	0.01746	0.01203	0.00871	0.00773	0.00239	0.01193	0.00629	0.00530	0.01153
128	0.01058	0.00752	0.00990	0.01162	0.01215	0.00705	0.00771	0.01207	0.01636	0.02190	0.07126	0.62366	0.05556	0.07309	0.01308	0.00376	0.00513	0.02299	0.00777	0.00684
129	0.01081	0.00774	0.01027	0.01155	0.01244	0.00720	0.00793	0.01295	0.01833	0.02497	0.20280	0.53023	0.06256	0.02424	0.01065	0.00325	0.00470	0.02189	0.00828	0.00720
130	0.01223	0.00883	0.01222	0.01222	0.01324	0.00985	0.00883	0.01426	0.01325	0.01868	0.02412	0.04079	0.02447	0.27450	0.46089	0.01188	0.01799	0.01020	0.00476	0.00679
131	0.02947	0.03569	0.02305	0.02092	0.02539	0.52555	0.01579	0.03644	0.15718	0.02406	0.01785	0.01893	0.01425	0.00938	0.00789	0.00234	0.01346	0.00639	0.00532	0.01065
132	0.01026	0.00836	0.00909	0.00947	0.01176	0.00718	0.00689	0.01240	0.01904	0.02349	0.11631	0.21481	0.47657	0.02238	0.01023	0.00299	0.00443	0.01915	0.00800	0.00718
133	0.03185	0.03878	0.02427	0.02167	0.02632	0.59858	0.01641	0.09632	0.02581	0.02432	0.01393	0.01589	0.01134	0.00892	0.00776	0.00223	0.01471	0.00571	0.00482	0.01036
134	0.01314	0.00930	0.01192	0.01353	0.04703	0.00928	0.00879	0.01456	0.01492	0.01982	0.03211	0.09249	0.03603	0.44692	0.03129	0.00653	0.00810	0.17184	0.00596	0.00643

[dist]
# distance from previous block
# <min> <max>
0	1

[block]
# block no. 2 follows, 21 sequences, length 33
# corresponding to MSA columns:
# 187-219
name=unknown_C
#
# <colnr> <probs for GDERKNQSTAVLIFYWHMCP>
#	G	D	E	R	K	N	Q	S	T	A	V	L	I	F	Y	W	H	M	C	P
0	0.02781	0.01946	0.02069	0.01638	0.02186	0.02131	0.01336	0.45446	0.03391	0.04761	0.02245	0.02354	0.01649	0.01013	0.00781	0.00240	0.00788	0.00774	0.21204	0.01267
1	0.02896	0.03078	0.02277	0.01960	0.02444	0.37372	0.01510	0.19872	0.02706	0.03029	0.01666	0.02012	0.01372	0.04693	0.05347	0.00331	0.01332	0.00667	0.00565	0.04871
2	0.01123	0.00845	0.01046	0.01085	0.01271	0.00767	0.00805	0.01411	0.02051	0.02732	0.29482	0.22836	0.22350	0.02133	0.01039	0.00303	0.00464	0.06657	0.00848	0.00751
3	0.02344	0.02271	0.03148	0.09039	0.45013	0.09692	0.02349	0.10456	0.02247	0.02993	0.01619	0.02043	0.01316	0.00814	0.00835	0.00251	0.01072	0.00734	0.00477	0.01289
4	0.03053	0.03797	0.02283	0.02081	0.02501	0.61453	0.01561	0.03286	0.02362	0.02169	0.01431	0.01665	0.01182	0.00886	0.00754	0.00218	0.01444	0.00568	0.06334	0.00971
5	0.01964	0.43279	0.11682	0.01575	0.02215	0.02653	0.01589	0.02338	0.01805	0.02308	0.10475	0.02435	0.04492	0.01004	0.00863	0.00227	0.06883	0.00709	0.00462	0.01044
6	0.07289	0.15040	0.02727	0.01954	0.02269	0.23239	0.01610	0.02601	0.01764	0.02209	0.01257	0.01681	0.01131	0.01089	0.01503	0.00275	0.27725	0.00612	0.03054	0.00973
7	0.01032	0.00818	0.00910	0.00978	0.01164	0.00716	0.00687	0.01210	0.01786	0.02212	0.06868	0.29208	0.40043	0.06850	0.01255	0.00343	0.00479	0.01974	0.00772	0.00696
8	0.01780	0.01382	0.01845	0.16998	0.02760	0.01549	0.01464	0.16690	0.02220	0.02967	0.02840	0.19788	0.02844	0.02475	0.12804	0.00497	0.01101	0.06388	0.00649	0.00960
9	0.02638	0.02877	0.01954	0.01774	0.02151	0.40134	0.01346	0.07819	0.02306	0.02602	0.01802	0.02119	0.01470	0.01406	0.06603	0.00320	0.01286	0.00656	0.17777	0.00960
10	0.01125	0.00863	0.01032	0.01021	0.01245	0.00771	0.00768	0.01437	0.02156	0.02862	0.36164	0.11414	0.29417	0.01990	0.01018	0.00286	0.00437	0.04368	0.00864	0.00762
11	0.01749	0.04110	0.57287	0.02586	0.03789	0.02001	0.11248	0.02699	0.01826	0.02699	0.01554	0.01866	0.01108	0.00796	0.00836	0.00272	0.01282	0.00681	0.00369	0.01242
12	0.01958	0.02092	0.08177	0.19616	0.46234	0.01988	0.02596	0.02517	0.01872	0.02633	0.01574	0.02120	0.01277	0.00784	0.00842	0.00261	0.01059	0.00748	0.00406	0.01247
13	0.01781	0.03118	0.34472	0.03025	0.16005	0.01863	0.12289	0.02524	0.01844	0.02674	0.01855	0.07968	0.01581	0.00941	0.00864	0.00269	0.01140	0.00870	0.00428	0.04488
14	0.01013	0.00834	0.00891	0.00937	0.01169	0.00712	0.00680	0.01213	0.01868	0.02270	0.07707	0.22461	0.50758	0.02274	0.01024	0.00301	0.00446	0.01941	0.00790	0.00712
15	0.01037	0.00777	0.00963	0.01099	0.01215	0.00703	0.00755	0.01214	0.01743	0.02261	0.08439	0.51344	0.20366	0.02496	0.01062	0.00328	0.00474	0.02223	0.00797	0.00703
16	0.02370	0.15906	0.02785	0.10723	0.06938	0.21504	0.04665	0.02706	0.02003	0.07481	0.02191	0.02477	0.06325	0.01434	0.06647	0.00337	0.01229	0.00751	0.00495	0.01032
17	0.02042	0.01755	0.02284	0.01949	0.02157	0.02230	0.01602	0.16813	0.01990	0.02854	0.01637	0.02277	0.01451	0.02594	0.18263	0.00592	0.35189	0.00792	0.00512	0.01017
18	0.01091	0.00795	0.01028	0.01118	0.01240	0.00732	0.00782	0.01332	0.01923	0.02608	0.25440	0.42601	0.11547	0.02305	0.01051	0.00314	0.00457	0.02064	0.00840	0.00732
19	0.01571	0.01174	0.01285	0.01198	0.01557	0.01154	0.00930	0.02402	0.18295	0.08038	0.11427	0.06322	0.35155	0.01770	0.00964	0.00289	0.00534	0.04134	0.00845	0.00957
20	0.14057	0.19142	0.07449	0.02262	0.12468	0.02408	0.01744	0.11960	0.02061	0.03061	0.01694	0.02394	0.01494	0.01019	0.00958	0.00264	0.08265	0.05657	0.00514	0.01131
21	0.02064	0.02690	0.12575	0.07746	0.02747	0.21021	0.01879	0.02449	0.01759	0.02159	0.01527	0.02108	0.01323	0.02194	0.15447	0.00517	0.17715	0.00705	0.00408	0.00965
22	0.01147	0.00818	0.00923	0.00959	0.01035	0.00776	0.00596	0.01224	0.01471	0.01895	0.04425	0.17702	0.17821	0.42142	0.02973	0.00614	0.00674	0.01580	0.00629	0.00594
23	0.01967	0.08797	0.19849	0.02967	0.18321	0.06594	0.07270	0.02517	0.01788	0.02478	0.01523	0.01989	0.01260	0.01308	0.06279	0.00351	0.09853	0.00704	0.00401	0.03783
24	0.01557	0.01126	0.01219	0.01139	0.01380	0.01161	0.00821	0.07195	0.11935	0.02824	0.09253	0.07995	0.14316	0.20387	0.01822	0.00419	0.00618	0.01261	0.12725	0.00847
25	0.01963	0.18103	0.07906	0.01530	0.01942	0.16130	0.01311	0.02230	0.01707	0.02043	0.01867	0.02891	0.01808	0.18954	0.12365	0.00552	0.01258	0.00776	0.03792	0.00872
26	0.25735	0.02091	0.07179	0.01624	0.01986	0.12311	0.01368	0.02255	0.01655	0.02710	0.02095	0.18480	0.02169	0.01398	0.01138	0.00297	0.13039	0.01028	0.00536	0.00906
27	0.01627	0.01775	0.17210	0.01489	0.01946	0.01110	0.01407	0.02011	0.01805	0.11442	0.05970	0.30253	0.08510	0.07898	0.01263	0.00350	0.00738	0.01562	0.00702	0.00932
28	0.02630	0.12997	0.02621	0.01727	0.02287	0.02065	0.06642	0.19512	0.07754	0.15775	0.02375	0.02859	0.01903	0.13407	0.01444	0.00353	0.00891	0.00856	0.00716	0.01186
29	0.08898	0.15454	0.02522	0.01830	0.02316	0.40965	0.01447	0.03028	0.04991	0.02302	0.02031	0.02160	0.06787	0.00969	0.00733	0.00226	0.01210	0.00654	0.00484	0.00993
30	0.19331	0.02237	0.08716	0.02703	0.10126	0.02135	0.21070	0.07738	0.07253	0.03229	0.01700	0.02041	0.01306	0.00865	0.00960	0.00280	0.05867	0.00774	0.00514	0.01155
31	0.08524	0.14243	0.02102	0.04074	0.07116	0.11159	0.01222	0.02263	0.01857	0.02591	0.02981	0.03180	0.12782	0.01111	0.00786	0.00234	0.03139	0.00841	0.18862	0.00931
32	0.02095	0.02551	0.18819	0.01774	0.02436	0.07208	0.01722	0.21323	0.02575	0.03360	0.03627	0.09798	0.16373	0.01373	0.00891	0.00272	0.00912	0.01108	0.00666	0.01116

[dist]
# distance from previous block
# <min> <max>
17	47

[block]
# block no. 3 follows, 21 sequences, length 7
# corresponding to MSA columns:
# 269-275
name=unknown_D
#
# <colnr> <probs for GDERKNQSTAVLIFYWHMCP>
#	G	D	E	R	K	N	Q	S	T	A	V	L	I	F	Y	W	H	M	C	P
0	0.02412	0.12951	0.09098	0.02338	0.10726	0.30571	0.01778	0.02788	0.02163	0.02419	0.09530	0.02631	0.02200	0.01016	0.00800	0.00238	0.01164	0.03635	0.00498	0.01044
1	0.05450	0.01580	0.03953	0.10762	0.02247	0.08481	0.01267	0.02391	0.01851	0.09057	0.04510	0.02742	0.01946	0.01414	0.05789	0.00327	0.05567	0.00779	0.28952	0.00933
2	0.02611	0.02667	0.02142	0.02016	0.05286	0.29818	0.01484	0.03435	0.18505	0.08596	0.02833	0.02828	0.08077	0.01127	0.00942	0.00259	0.04781	0.00836	0.00643	0.01114
3	0.02568	0.03031	0.08160	0.02868	0.16454	0.27436	0.02027	0.09342	0.02216	0.02645	0.01439	0.01803	0.01193	0.00978	0.01184	0.00264	0.14138	0.00663	0.00461	0.01130
4	0.01850	0.01765	0.01571	0.01495	0.01801	0.15933	0.01129	0.08070	0.02202	0.02705	0.10281	0.24427	0.08896	0.01765	0.00948	0.00282	0.00797	0.06903	0.00711	0.06467
5	0.27561	0.02581	0.17575	0.01606	0.02223	0.13178	0.01569	0.02557	0.01752	0.02993	0.01618	0.01932	0.01274	0.01259	0.05596	0.00330	0.01046	0.00603	0.11764	0.00986
6	0.02421	0.09280	0.16712	0.02617	0.13708	0.30443	0.02057	0.02866	0.02097	0.02351	0.01951	0.02180	0.05898	0.00924	0.00789	0.00238	0.01244	0.00689	0.00438	0.01100

[dist]
# distance from previous block
# <min> <max>
0	32

[block]
# block no. 4 follows, 21 sequences, length 39
# corresponding to MSA columns:
# 308-346
name=unknown_E
#
# <colnr> <probs for GDERKNQSTAVLIFYWHMCP>
#	G	D	E	R	K	N	Q	S	T	A	V	L	I	F	Y	W	H	M	C	P
0	0.10518	0.15885	0.32755	0.02123	0.03054	0.02204	0.09202	0.02712	0.05592	0.02786	0.04432	0.02019	0.01499	0.00845	0.00762	0.00256	0.01068	0.00683	0.00446	0.01159
1	0.02015	0.20624	0.15170	0.03393	0.32170	0.02286	0.02255	0.02513	0.01806	0.02477	0.01553	0.02098	0.01354	0.05696	0.01006	0.00278	0.01017	0.00688	0.00401	0.01204
2	0.02041	0.16646	0.19964	0.03213	0.27268	0.06348	0.02307	0.02574	0.01838	0.02474	0.01555	0.02083	0.01332	0.05709	0.01017	0.00281	0.01076	0.00683	0.00401	0.01189
3	0.02379	0.03034	0.11226	0.11482	0.21558	0.27509	0.02212	0.02839	0.02077	0.02405	0.01601	0.02205	0.01349	0.00897	0.00825	0.00252	0.01257	0.03348	0.00431	0.01116
4	0.01611	0.01429	0.04130	0.01452	0.01823	0.01440	0.01192	0.06720	0.20467	0.02846	0.04324	0.04785	0.17867	0.02855	0.18436	0.00579	0.01091	0.05245	0.00710	0.00998
5	0.11486	0.01962	0.14736	0.01421	0.02022	0.01441	0.01374	0.10440	0.02113	0.03049	0.04537	0.07315	0.26723	0.01445	0.00856	0.00267	0.00723	0.01164	0.00654	0.06270
6	0.02020	0.01988	0.02796	0.02134	0.02734	0.10317	0.21747	0.05224	0.02073	0.02858	0.06271	0.02524	0.01909	0.01070	0.03403	0.00269	0.01055	0.00825	0.11483	0.17299
7	0.02321	0.02668	0.03012	0.17024	0.06259	0.25557	0.13105	0.02716	0.01951	0.02246	0.01409	0.01924	0.01156	0.00952	0.01216	0.00276	0.14059	0.00725	0.00411	0.01013
8	0.01595	0.01198	0.01495	0.01388	0.01676	0.01249	0.03350	0.02391	0.19618	0.05356	0.04207	0.13150	0.15639	0.04774	0.08803	0.10376	0.00826	0.01304	0.00707	0.00899
9	0.02598	0.02960	0.02433	0.05714	0.16001	0.38975	0.01740	0.02800	0.02065	0.02140	0.01413	0.01863	0.01215	0.01187	0.01203	0.12403	0.01274	0.00634	0.00421	0.00963
10	0.01511	0.01391	0.01251	0.01311	0.01455	0.13070	0.00913	0.01685	0.01734	0.02154	0.03687	0.37288	0.06509	0.10841	0.05605	0.00434	0.00835	0.01684	0.05904	0.00737
11	0.01465	0.01262	0.01847	0.01695	0.01850	0.01469	0.04996	0.01759	0.01700	0.02383	0.12149	0.09605	0.05811	0.06741	0.09458	0.00496	0.20639	0.13242	0.00610	0.00823
12	0.02034	0.31709	0.10413	0.01700	0.02255	0.10969	0.01608	0.02384	0.01707	0.02090	0.01511	0.01970	0.01353	0.02230	0.17377	0.00508	0.06160	0.00623	0.00397	0.01003
13	0.06892	0.00975	0.01172	0.01166	0.01415	0.00908	0.00859	0.01849	0.01847	0.13293	0.07644	0.30540	0.16856	0.06417	0.01198	0.00343	0.00563	0.04414	0.00806	0.00843
14	0.18334	0.02237	0.11322	0.06809	0.39940	0.01985	0.02300	0.02579	0.01800	0.02970	0.01495	0.01912	0.01208	0.00776	0.00769	0.00259	0.00972	0.00675	0.00434	0.01223
15	0.02817	0.03370	0.02763	0.03214	0.23587	0.44876	0.01970	0.03133	0.02252	0.02318	0.01412	0.01727	0.01181	0.00837	0.00793	0.00231	0.01358	0.00619	0.00433	0.01108
16	0.01216	0.00912	0.01368	0.01368	0.01520	0.01064	0.01064	0.01520	0.01368	0.01976	0.02279	0.03343	0.02127	0.06382	0.66720	0.01368	0.02279	0.00912	0.00456	0.00760
17	0.02874	0.26495	0.03102	0.01944	0.02480	0.45330	0.01581	0.03112	0.02182	0.02056	0.01271	0.01478	0.01095	0.00827	0.00693	0.00207	0.01324	0.00517	0.00413	0.01022
18	0.01266	0.01131	0.05620	0.01156	0.01310	0.00956	0.00843	0.01559	0.05819	0.02039	0.03556	0.22307	0.07379	0.38144	0.02766	0.00587	0.00733	0.01524	0.00619	0.00687
19	0.01006	0.00862	0.00862	0.00862	0.01149	0.00718	0.00647	0.01221	0.01940	0.02299	0.08621	0.08190	0.64438	0.02155	0.01006	0.00287	0.00431	0.01796	0.00790	0.00718
20	0.01037	0.00741	0.00987	0.01185	0.01234	0.00691	0.00790	0.01185	0.01629	0.02172	0.04690	0.69537	0.05629	0.02666	0.01086	0.00346	0.00494	0.02419	0.00790	0.00691
21	0.01107	0.00770	0.00967	0.01095	0.01127	0.00738	0.00694	0.01203	0.01492	0.01989	0.03987	0.47131	0.04741	0.26284	0.02223	0.00514	0.00610	0.02005	0.00694	0.00630
22	0.01169	0.00796	0.00948	0.01016	0.01033	0.00779	0.00609	0.01220	0.01371	0.01828	0.03367	0.27386	0.03958	0.47096	0.03225	0.00662	0.00712	0.01641	0.00609	0.00576
23	0.01216	0.00912	0.01368	0.01368	0.01520	0.01064	0.01064	0.01520	0.01368	0.01976	0.02279	0.03343	0.02127	0.06382	0.66720	0.01368	0.02279	0.00912	0.00456	0.00760
24	0.03276	0.02318	0.02513	0.01927	0.02606	0.02541	0.01592	0.57859	0.03890	0.09607	0.02136	0.02104	0.01494	0.01024	0.00852	0.00256	0.00921	0.00773	0.00866	0.01447
25	0.01229	0.00928	0.01054	0.01094	0.01232	0.00916	0.00734	0.01617	0.09070	0.02193	0.04726	0.26464	0.17301	0.25073	0.02134	0.00487	0.00613	0.01707	0.00707	0.00718
26	0.03042	0.02254	0.02409	0.01882	0.02521	0.02502	0.01543	0.53112	0.10299	0.05072	0.02229	0.02215	0.01604	0.01035	0.00842	0.00256	0.00884	0.00789	0.04104	0.01408
27	0.03011	0.03788	0.02593	0.02285	0.02719	0.58004	0.05513	0.03260	0.02307	0.02122	0.01327	0.01607	0.01110	0.00910	0.00926	0.00234	0.06266	0.00591	0.00433	0.00993
28	0.01216	0.00912	0.01368	0.01368	0.01520	0.01064	0.01064	0.01520	0.01368	0.01976	0.02279	0.03343	0.02127	0.06382	0.66720	0.01368	0.02279	0.00912	0.00456	0.00760
29	0.01120	0.00809	0.01065	0.01166	0.01288	0.00754	0.00838	0.01377	0.01933	0.02627	0.24945	0.40700	0.08756	0.02307	0.01063	0.00321	0.00485	0.06871	0.00839	0.00738
30	0.01223	0.00819	0.00932	0.00946	0.00950	0.00816	0.00535	0.01234	0.01265	0.01687	0.02824	0.10102	0.03273	0.65315	0.04102	0.00791	0.00802	0.01321	0.00535	0.00528
31	0.02110	0.06530	0.02355	0.02317	0.10454	0.17278	0.01681	0.04808	0.01995	0.02437	0.02422	0.07167	0.02463	0.01484	0.01278	0.00307	0.13654	0.17730	0.00553	0.00977
32	0.01803	0.16634	0.02275	0.01525	0.01870	0.01948	0.01272	0.02432	0.12945	0.05272	0.03613	0.12709	0.12905	0.01564	0.01227	0.00293	0.13350	0.04730	0.00643	0.00989
33	0.01447	0.01230	0.01666	0.01537	0.01698	0.01494	0.01229	0.04436	0.01580	0.02214	0.03136	0.03784	0.13464	0.04008	0.33930	0.00842	0.19934	0.01025	0.00514	0.00831
34	0.01118	0.00780	0.00958	0.01066	0.01105	0.00747	0.00671	0.01208	0.01482	0.01964	0.04039	0.40683	0.07146	0.30249	0.02411	0.00539	0.00627	0.01908	0.00678	0.00621
35	0.01964	0.02832	0.23882	0.04097	0.36928	0.02024	0.10620	0.02654	0.01901	0.02745	0.01593	0.02031	0.01253	0.00769	0.00853	0.00263	0.01147	0.00749	0.00402	0.01292
36	0.02590	0.17404	0.14770	0.04793	0.07265	0.21066	0.01976	0.15091	0.02422	0.02912	0.01506	0.01722	0.01184	0.00854	0.00755	0.00233	0.01176	0.00612	0.00490	0.01178
37	0.02398	0.11620	0.19106	0.03013	0.20493	0.02032	0.08816	0.02979	0.01993	0.16579	0.01931	0.02127	0.01409	0.00828	0.00815	0.00254	0.01043	0.00734	0.00540	0.01292
38	0.01961	0.02632	0.16621	0.02424	0.07916	0.13369	0.09396	0.02461	0.01798	0.02411	0.01695	0.02234	0.01410	0.01950	0.13393	0.00475	0.10361	0.00752	0.05708	0.01034

[dist]
# distance from previous block
# <min> <max>
0	1

[block]
# block no. 5 follows, 21 sequences, length 11
# corresponding to MSA columns:
# 348-358
name=unknown_F
#
# <colnr> <probs for GDERKNQSTAVLIFYWHMCP>
#	G	D	E	R	K	N	Q	S	T	A	V	L	I	F	Y	W	H	M	C	P
0	0.02156	0.01720	0.01624	0.01431	0.01787	0.09975	0.01086	0.19641	0.02442	0.03332	0.02659	0.15409	0.02511	0.07295	0.01114	0.00297	0.00773	0.01087	0.18784	0.04879
1	0.02167	0.01607	0.01751	0.01451	0.01976	0.01630	0.01155	0.17313	0.17344	0.08905	0.04364	0.04161	0.20256	0.01338	0.00872	0.00257	0.00666	0.01090	0.00809	0.10890
2	0.01740	0.05447	0.04393	0.01464	0.01886	0.13475	0.01207	0.02054	0.01960	0.02430	0.06404	0.13377	0.13213	0.01561	0.00893	0.00261	0.00807	0.11132	0.00632	0.15666
3	0.02363	0.02840	0.06284	0.15011	0.03476	0.29398	0.12893	0.02809	0.02077	0.02385	0.01578	0.01987	0.01242	0.00835	0.00808	0.00240	0.01277	0.00697	0.06893	0.04908
4	0.02355	0.32003	0.09324	0.02569	0.16653	0.10647	0.01928	0.07493	0.02032	0.02528	0.01393	0.01672	0.01180	0.00820	0.00794	0.00226	0.04194	0.00590	0.00426	0.01174
5	0.02105	0.23568	0.17256	0.02344	0.10289	0.10669	0.02034	0.02549	0.01767	0.02269	0.01396	0.01789	0.01198	0.01283	0.05680	0.00327	0.11370	0.00619	0.00387	0.01100
6	0.01211	0.00837	0.01041	0.01061	0.01103	0.00869	0.00677	0.01300	0.01310	0.01783	0.02794	0.11694	0.03124	0.47680	0.19064	0.00906	0.01142	0.01282	0.00530	0.00593
7	0.02467	0.01714	0.08328	0.01468	0.02029	0.01405	0.01293	0.13947	0.02462	0.23923	0.07829	0.04296	0.17359	0.06203	0.01141	0.00308	0.00737	0.01110	0.00834	0.01147
8	0.02235	0.03124	0.17963	0.05991	0.18000	0.22710	0.04927	0.02756	0.01989	0.02421	0.01563	0.01992	0.01271	0.01397	0.07680	0.00365	0.01396	0.00686	0.00414	0.01121
9	0.02053	0.02096	0.02734	0.03121	0.24207	0.14546	0.09628	0.02473	0.01895	0.02481	0.01821	0.02399	0.01545	0.02111	0.16216	0.00506	0.01413	0.00788	0.06904	0.01064
10	0.01295	0.01050	0.01583	0.02160	0.16585	0.01013	0.01230	0.01530	0.01704	0.02319	0.03944	0.53248	0.04595	0.02205	0.01027	0.00323	0.00619	0.02018	0.00701	0.00850

[dist]
# distance from previous block
# <min> <max>
4	10

[block]
# block no. 6 follows, 21 sequences, length 12
# corresponding to MSA columns:
# 369-380
