[name]
unknown

[dist]
# distance from previous block
# <min> <max>
0	0

[block]
# block no. 0 follows, 20 sequences, length 139
# corresponding to MSA columns:
# 0-138
name=unknown_A
#
# <colnr> <probs for GDERKNQSTAVLIFYWHMCP>
#	G	D	E	R	K	N	Q	S	T	A	V	L	I	F	Y	W	H	M	C	P
0	0.01406	0.01004	0.01406	0.01606	0.01807	0.01004	0.01406	0.01807	0.02008	0.02610	0.04618	0.09839	0.05020	0.02410	0.01205	0.00402	0.00803	0.58032	0.00803	0.00803
1	0.02292	0.65388	0.08703	0.01561	0.02344	0.03354	0.01611	0.02622	0.01777	0.02101	0.01237	0.01430	0.01118	0.00752	0.00578	0.00193	0.00957	0.00479	0.00373	0.01131
2	0.01143	0.00850	0.01075	0.01233	0.01334	0.00819	0.00842	0.01471	0.06188	0.02341	0.04991	0.59778	0.09501	0.02582	0.01091	0.00346	0.00515	0.02325	0.00816	0.00760
3	0.01078	0.00766	0.01008	0.01195	0.01242	0.00719	0.00789	0.01219	0.01640	0.02187	0.04655	0.64101	0.05577	0.07670	0.01360	0.00391	0.00531	0.02390	0.00789	0.00695
4	0.01112	0.00780	0.00997	0.01151	0.01189	0.00742	0.00742	0.01228	0.01573	0.02097	0.04310	0.53534	0.05141	0.18831	0.01917	0.00473	0.00588	0.02187	0.00742	0.00665
5	0.03914	0.01484	0.02024	0.01552	0.02227	0.01282	0.01282	0.04251	0.02497	0.64507	0.03441	0.02969	0.02159	0.01080	0.00877	0.00270	0.00742	0.00877	0.01080	0.01484
6	0.02159	0.02073	0.03541	0.05354	0.63903	0.02073	0.02677	0.02677	0.01986	0.02850	0.01641	0.02159	0.01382	0.00777	0.00864	0.00259	0.01036	0.00777	0.00432	0.01382
7	0.02890	0.01327	0.01667	0.01361	0.01905	0.01179	0.01097	0.03349	0.06774	0.40715	0.05123	0.04673	0.21242	0.01438	0.00926	0.00279	0.00645	0.01184	0.00982	0.01245
8	0.01031	0.00884	0.00884	0.00884	0.01178	0.00736	0.00663	0.01252	0.01988	0.02356	0.08837	0.08395	0.63549	0.02209	0.01031	0.00295	0.00442	0.01841	0.00810	0.00736
9	0.01626	0.00813	0.00813	0.00813	0.01016	0.00813	0.00610	0.02033	0.01829	0.03252	0.02846	0.03252	0.02236	0.01016	0.00610	0.00203	0.00407	0.00813	0.74187	0.00813
10	0.01031	0.00884	0.00884	0.00884	0.01178	0.00736	0.00663	0.01252	0.01988	0.02356	0.08837	0.08395	0.63549	0.02209	0.01031	0.00295	0.00442	0.01841	0.00810	0.00736
11	0.04887	0.00974	0.01083	0.01036	0.01126	0.00990	0.00648	0.04441	0.01596	0.02250	0.11326	0.05435	0.03703	0.52934	0.03584	0.00707	0.00781	0.01250	0.00608	0.00639
12	0.02242	0.01379	0.01569	0.01367	0.01837	0.01359	0.01076	0.03222	0.21634	0.20954	0.05550	0.05147	0.25918	0.01547	0.00940	0.00288	0.00610	0.01283	0.00914	0.01163
13	0.01268	0.00846	0.00951	0.00951	0.00951	0.00846	0.00529	0.01268	0.01268	0.01691	0.02748	0.05708	0.03171	0.69345	0.04440	0.00846	0.00846	0.01268	0.00529	0.00529
14	0.01094	0.00804	0.01030	0.01175	0.01285	0.00740	0.00821	0.01297	0.01818	0.02401	0.11665	0.50461	0.14240	0.02540	0.01097	0.00340	0.00502	0.05135	0.00826	0.00730
15	0.02081	0.01454	0.01586	0.01340	0.01743	0.01515	0.01062	0.23960	0.02859	0.04026	0.18063	0.04340	0.12151	0.01383	0.00870	0.00255	0.00620	0.01134	0.18500	0.01056
16	0.01235	0.00892	0.01166	0.01097	0.01303	0.00823	0.00823	0.01646	0.02469	0.03498	0.63443	0.06516	0.08230	0.01783	0.01029	0.00274	0.00412	0.01578	0.00960	0.00823
17	0.03243	0.01634	0.02004	0.01638	0.02243	0.01623	0.01320	0.04399	0.25493	0.41116	0.03483	0.03079	0.02353	0.01120	0.00881	0.00280	0.00722	0.00919	0.01006	0.01445
18	0.02170	0.01874	0.01972	0.01775	0.02268	0.02170	0.01381	0.04635	0.62327	0.03649	0.03550	0.03254	0.02663	0.01183	0.00888	0.00296	0.00690	0.00986	0.00888	0.01381
19	0.18980	0.01192	0.01175	0.01115	0.01313	0.01298	0.00749	0.02056	0.10032	0.02497	0.02500	0.04342	0.02571	0.43386	0.03009	0.00631	0.00783	0.01040	0.00582	0.00749
20	0.75506	0.01687	0.01282	0.01147	0.01687	0.01957	0.00945	0.02564	0.01484	0.03914	0.01215	0.01417	0.00945	0.00810	0.00540	0.00270	0.00675	0.00472	0.00540	0.00945
21	0.01608	0.00815	0.00820	0.00820	0.01013	0.00815	0.00606	0.01995	0.01801	0.03175	0.02841	0.03374	0.02282	0.04409	0.00800	0.00235	0.00428	0.00836	0.70530	0.00799
22	0.02655	0.01596	0.01841	0.01513	0.01941	0.01643	0.01156	0.24595	0.02662	0.18051	0.02817	0.08365	0.02485	0.22368	0.01998	0.00452	0.00839	0.01083	0.00810	0.01130
23	0.01031	0.00884	0.00884	0.00884	0.01178	0.00736	0.00663	0.01252	0.01988	0.02356	0.08837	0.08395	0.63549	0.02209	0.01031	0.00295	0.00442	0.01841	0.00810	0.00736
24	0.01809	0.01550	0.01809	0.01292	0.02067	0.01163	0.01034	0.02196	0.01809	0.02842	0.01550	0.01809	0.01292	0.00646	0.00646	0.00129	0.00646	0.00517	0.00517	0.74677
25	0.01406	0.01170	0.01709	0.01617	0.01735	0.01473	0.01288	0.01689	0.01386	0.02043	0.02049	0.03060	0.01930	0.05330	0.50657	0.01155	0.18144	0.00893	0.00447	0.00821
26	0.01054	0.00794	0.00976	0.01122	0.01241	0.00716	0.00769	0.01225	0.01759	0.02263	0.05930	0.51962	0.21858	0.02587	0.01090	0.00338	0.00488	0.02302	0.00810	0.00716
27	0.01112	0.00871	0.01021	0.01117	0.01324	0.00780	0.00847	0.01348	0.01901	0.02368	0.06872	0.25971	0.35757	0.02398	0.01088	0.00332	0.00530	0.12814	0.00809	0.00741
28	0.75506	0.01687	0.01282	0.01147	0.01687	0.01957	0.00945	0.02564	0.01484	0.03914	0.01215	0.01417	0.00945	0.00810	0.00540	0.00270	0.00675	0.00472	0.00540	0.00945
29	0.01058	0.00777	0.00994	0.01167	0.01253	0.00712	0.00789	0.01220	0.01715	0.02245	0.05383	0.60159	0.14014	0.02658	0.01102	0.00346	0.00497	0.02389	0.00810	0.00712
30	0.01210	0.00859	0.01139	0.01188	0.01260	0.00907	0.00812	0.01367	0.01416	0.01948	0.03085	0.19985	0.03415	0.29201	0.27259	0.00941	0.01337	0.01431	0.00573	0.00668
31	0.57781	0.01780	0.01828	0.02164	0.16722	0.01985	0.01363	0.02591	0.01606	0.03657	0.01318	0.01596	0.01050	0.00802	0.00618	0.00267	0.00762	0.00546	0.00514	0.01050
32	0.02319	0.03179	0.18184	0.03821	0.31363	0.17391	0.05802	0.02898	0.02072	0.02654	0.01559	0.01952	0.01250	0.00817	0.00846	0.00257	0.01251	0.00707	0.00421	0.01259
33	0.02075	0.02040	0.03222	0.22606	0.44252	0.05530	0.02551	0.02595	0.01945	0.02636	0.01599	0.02174	0.01306	0.00811	0.00862	0.00266	0.01101	0.00765	0.00420	0.01245
34	0.02258	0.03134	0.17991	0.03141	0.17676	0.17308	0.05632	0.02765	0.01924	0.02487	0.01448	0.01898	0.01197	0.00985	0.01297	0.00285	0.16295	0.00705	0.00410	0.01164
35	0.02662	0.03590	0.11403	0.17677	0.03635	0.41601	0.02079	0.03083	0.02210	0.02247	0.01427	0.01790	0.01130	0.00883	0.00813	0.00248	0.01435	0.00624	0.00423	0.01041
36	0.02935	0.03174	0.17365	0.02028	0.02761	0.22275	0.01899	0.11576	0.02531	0.17765	0.02427	0.02427	0.04894	0.01019	0.00844	0.00257	0.01154	0.00761	0.00662	0.01244
37	0.01891	0.03626	0.41794	0.03335	0.18128	0.02063	0.11300	0.02747	0.01907	0.02788	0.01612	0.01990	0.01202	0.00803	0.00866	0.00275	0.01255	0.00731	0.00394	0.01295
38	0.02005	0.02038	0.02552	0.02814	0.17064	0.11166	0.01869	0.02308	0.01671	0.02268	0.01576	0.02281	0.01444	0.02444	0.17011	0.00571	0.26691	0.00778	0.00424	0.01024
39	0.02114	0.04426	0.49756	0.02428	0.03515	0.17448	0.02851	0.02937	0.01994	0.02611	0.01513	0.01777	0.01109	0.00846	0.00819	0.00264	0.01358	0.00625	0.00388	0.01222
40	0.02669	0.03098	0.06076	0.03248	0.22618	0.29840	0.04831	0.08502	0.02394	0.02759	0.01896	0.02183	0.04179	0.00924	0.00845	0.00249	0.01268	0.00739	0.00496	0.01185
41	0.01916	0.01824	0.03101	0.34792	0.36367	0.02009	0.02556	0.02464	0.01871	0.02554	0.01598	0.02238	0.01278	0.00822	0.00868	0.00274	0.01096	0.00776	0.00411	0.01185
42	0.01140	0.00888	0.01034	0.00998	0.01245	0.00783	0.00748	0.01462	0.02245	0.02966	0.38006	0.07391	0.33999	0.01982	0.01030	0.00284	0.00426	0.01700	0.00890	0.00783
43	0.02159	0.02073	0.03541	0.05354	0.63903	0.02073	0.02677	0.02677	0.01986	0.02850	0.01641	0.02159	0.01382	0.00777	0.00864	0.00259	0.01036	0.00777	0.00432	0.01382
44	0.26604	0.03359	0.02087	0.01892	0.02370	0.45199	0.01446	0.03186	0.02153	0.02710	0.01305	0.01523	0.01066	0.00870	0.00707	0.00239	0.01283	0.00533	0.00479	0.00990
45	0.01041	0.00884	0.00898	0.00895	0.01185	0.00741	0.00671	0.01272	0.02013	0.02415	0.11657	0.08298	0.60692	0.02187	0.01031	0.00294	0.00440	0.01827	0.00818	0.00741
46	0.01063	0.00759	0.01012	0.01215	0.01265	0.00709	0.00810	0.01215	0.01670	0.02227	0.04808	0.68775	0.05769	0.02733	0.01113	0.00354	0.00506	0.02480	0.00810	0.00709
47	0.03316	0.02443	0.02618	0.02007	0.02705	0.02705	0.01658	0.60995	0.04101	0.05497	0.02094	0.02094	0.01483	0.01047	0.00873	0.00262	0.00960	0.00785	0.00873	0.01483
48	0.03258	0.04157	0.02472	0.02247	0.02697	0.65843	0.01685	0.03483	0.02472	0.02135	0.01348	0.01573	0.01124	0.00899	0.00787	0.00225	0.01573	0.00562	0.00449	0.01011
49	0.01063	0.00759	0.01012	0.01215	0.01265	0.00709	0.00810	0.01215	0.01670	0.02227	0.04808	0.68775	0.05769	0.02733	0.01113	0.00354	0.00506	0.02480	0.00810	0.00709
50	0.03258	0.04157	0.02472	0.02247	0.02697	0.65843	0.01685	0.03483	0.02472	0.02135	0.01348	0.01573	0.01124	0.00899	0.00787	0.00225	0.01573	0.00562	0.00449	0.01011
51	0.01626	0.00813	0.00813	0.00813	0.01016	0.00813	0.00610	0.02033	0.01829	0.03252	0.02846	0.03252	0.02236	0.01016	0.00610	0.00203	0.00407	0.00813	0.74187	0.00813
52	0.01268	0.00846	0.00951	0.00951	0.00951	0.00846	0.00529	0.01268	0.01268	0.01691	0.02748	0.05708	0.03171	0.69345	0.04440	0.00846	0.00846	0.01268	0.00529	0.00529
53	0.75506	0.01687	0.01282	0.01147	0.01687	0.01957	0.00945	0.02564	0.01484	0.03914	0.01215	0.01417	0.00945	0.00810	0.00540	0.00270	0.00675	0.00472	0.00540	0.00945
54	0.03457	0.02216	0.02477	0.01899	0.02592	0.02368	0.01569	0.47555	0.03721	0.19474	0.02413	0.02301	0.01643	0.01055	0.00874	0.00264	0.00908	0.00807	0.00922	0.01484
55	0.75506	0.01687	0.01282	0.01147	0.01687	0.01957	0.00945	0.02564	0.01484	0.03914	0.01215	0.01417	0.00945	0.00810	0.00540	0.00270	0.00675	0.00472	0.00540	0.00945
56	0.01268	0.00846	0.00951	0.00951	0.00951	0.00846	0.00529	0.01268	0.01268	0.01691	0.02748	0.05708	0.03171	0.69345	0.04440	0.00846	0.00846	0.01268	0.00529	0.00529
57	0.01031	0.00884	0.00884	0.00884	0.01178	0.00736	0.00663	0.01252	0.01988	0.02356	0.08837	0.08395	0.63549	0.02209	0.01031	0.00295	0.00442	0.01841	0.00810	0.00736
58	0.01268	0.00846	0.00951	0.00951	0.00951	0.00846	0.00529	0.01268	0.01268	0.01691	0.02748	0.05708	0.03171	0.69345	0.04440	0.00846	0.00846	0.01268	0.00529	0.00529
59	0.03316	0.02443	0.02618	0.02007	0.02705	0.02705	0.01658	0.60995	0.04101	0.05497	0.02094	0.02094	0.01483	0.01047	0.00873	0.00262	0.00960	0.00785	0.00873	0.01483
60	0.01031	0.00884	0.00884	0.00884	0.01178	0.00736	0.00663	0.01252	0.01988	0.02356	0.08837	0.08395	0.63549	0.02209	0.01031	0.00295	0.00442	0.01841	0.00810	0.00736
61	0.01156	0.00889	0.01057	0.01015	0.01255	0.00790	0.00761	0.01495	0.02284	0.03059	0.42455	0.07238	0.29493	0.01947	0.01030	0.00282	0.00423	0.01679	0.00902	0.00790
62	0.01406	0.01004	0.01406	0.01606	0.01807	0.01004	0.01406	0.01807	0.02008	0.02610	0.04618	0.09839	0.05020	0.02410	0.01205	0.00402	0.00803	0.58032	0.00803	0.00803
63	0.01268	0.00846	0.00951	0.00951	0.00951	0.00846	0.00529	0.01268	0.01268	0.01691	0.02748	0.05708	0.03171	0.69345	0.04440	0.00846	0.00846	0.01268	0.00529	0.00529
64	0.01908	0.01908	0.02672	0.02290	0.02290	0.02672	0.01908	0.02099	0.01336	0.02099	0.01145	0.01908	0.01145	0.01527	0.02863	0.00382	0.67748	0.00763	0.00382	0.00954
65	0.01063	0.00759	0.01012	0.01215	0.01265	0.00709	0.00810	0.01215	0.01670	0.02227	0.04808	0.68775	0.05769	0.02733	0.01113	0.00354	0.00506	0.02480	0.00810	0.00709
66	0.01063	0.00759	0.01012	0.01215	0.01265	0.00709	0.00810	0.01215	0.01670	0.02227	0.04808	0.68775	0.05769	0.02733	0.01113	0.00354	0.00506	0.02480	0.00810	0.00709
67	0.01809	0.01550	0.01809	0.01292	0.02067	0.01163	0.01034	0.02196	0.01809	0.02842	0.01550	0.01809	0.01292	0.00646	0.00646	0.00129	0.00646	0.00517	0.00517	0.74677
68	0.01750	0.04512	0.64825	0.02486	0.03775	0.02026	0.03223	0.02762	0.01842	0.02762	0.01565	0.01842	0.01105	0.00829	0.00829	0.00276	0.01289	0.00645	0.00368	0.01289
69	0.02170	0.01874	0.01972	0.01775	0.02268	0.02170	0.01381	0.04635	0.62327	0.03649	0.03550	0.03254	0.02663	0.01183	0.00888	0.00296	0.00690	0.00986	0.00888	0.01381
70	0.01031	0.00884	0.00884	0.00884	0.01178	0.00736	0.00663	0.01252	0.01988	0.02356	0.08837	0.08395	0.63549	0.02209	0.01031	0.00295	0.00442	0.01841	0.00810	0.00736
71	0.01434	0.01203	0.01523	0.01481	0.01643	0.01358	0.01190	0.01764	0.04306	0.02328	0.04662	0.06643	0.20306	0.11638	0.02004	0.00425	0.16880	0.17736	0.00668	0.00806
72	0.01119	0.00936	0.00980	0.00960	0.01252	0.00823	0.00723	0.01483	0.05174	0.02586	0.16355	0.07861	0.52511	0.02095	0.01023	0.00292	0.00450	0.01759	0.00835	0.00782
73	0.02165	0.01107	0.01412	0.01212	0.01611	0.00970	0.00952	0.02504	0.02363	0.25539	0.28299	0.05672	0.19378	0.01629	0.00974	0.00278	0.00540	0.01385	0.00968	0.01044
74	0.02954	0.02328	0.02375	0.01899	0.02519	0.05932	0.01540	0.44123	0.13454	0.04776	0.02793	0.02724	0.06258	0.01148	0.00882	0.00268	0.00911	0.00884	0.00847	0.01385
75	0.02855	0.19033	0.11966	0.01951	0.02745	0.02789	0.01841	0.38576	0.03216	0.04275	0.01806	0.01890	0.01341	0.00943	0.00791	0.00246	0.01000	0.00688	0.00680	0.01368
76	0.01908	0.01908	0.02672	0.02290	0.02290	0.02672	0.01908	0.02099	0.01336	0.02099	0.01145	0.01908	0.01145	0.01527	0.02863	0.00382	0.67748	0.00763	0.00382	0.00954
77	0.20107	0.11954	0.02899	0.05800	0.25523	0.11558	0.01881	0.05751	0.02004	0.02999	0.01454	0.01790	0.01197	0.00816	0.00732	0.00248	0.01014	0.00628	0.00473	0.01172
78	0.02523	0.32789	0.03452	0.01922	0.02396	0.22966	0.01653	0.02764	0.01888	0.02090	0.01239	0.01576	0.01127	0.00982	0.01185	0.00245	0.17189	0.00568	0.00399	0.01046
79	0.01096	0.00901	0.00974	0.00999	0.01275	0.00779	0.00778	0.01353	0.02017	0.02455	0.11228	0.08498	0.52165	0.02214	0.01056	0.00309	0.00492	0.09845	0.00817	0.00751
80	0.01957	0.01550	0.02204	0.12107	0.17087	0.01640	0.01668	0.02900	0.16427	0.08247	0.20518	0.03800	0.03744	0.01210	0.00921	0.00278	0.00764	0.01072	0.00743	0.01163
81	0.01037	0.00859	0.00909	0.00949	0.01195	0.00731	0.00692	0.01244	0.01925	0.02331	0.08040	0.20328	0.52130	0.02313	0.01047	0.00306	0.00455	0.01967	0.00810	0.00731
82	0.01268	0.00846	0.00951	0.00951	0.00951	0.00846	0.00529	0.01268	0.01268	0.01691	0.02748	0.05708	0.03171	0.69345	0.04440	0.00846	0.00846	0.01268	0.00529	0.00529
83	0.02998	0.03664	0.02725	0.02983	0.17193	0.50739	0.01920	0.03292	0.02357	0.02304	0.01418	0.01712	0.01185	0.00870	0.00805	0.00233	0.01446	0.00613	0.00445	0.01099
84	0.02704	0.02139	0.02273	0.01883	0.02472	0.02419	0.01510	0.30889	0.35204	0.04510	0.02872	0.02714	0.02113	0.01120	0.00881	0.00280	0.00816	0.00893	0.00881	0.01429
85	0.02592	0.02054	0.02404	0.01968	0.02407	0.02422	0.01613	0.33894	0.07885	0.04044	0.02025	0.02336	0.01600	0.01956	0.10622	0.00456	0.16953	0.00818	0.00700	0.01249
86	0.02332	0.69869	0.04571	0.01493	0.02239	0.03451	0.01493	0.02612	0.01772	0.02052	0.01213	0.01399	0.01119	0.00746	0.00560	0.00187	0.00933	0.00466	0.00373	0.01119
87	0.02340	0.01837	0.02263	0.02059	0.11054	0.01672	0.01433	0.16589	0.02426	0.06917	0.01800	0.01992	0.01399	0.00786	0.00745	0.00188	0.00783	0.00639	0.00622	0.42456
88	0.01857	0.07628	0.47049	0.02719	0.03879	0.02149	0.17025	0.02762	0.01890	0.02731	0.01594	0.01941	0.01159	0.00802	0.00862	0.00276	0.01313	0.00728	0.00386	0.01252
89	0.01733	0.01089	0.01404	0.01438	0.01746	0.01038	0.01213	0.02179	0.04885	0.11952	0.05371	0.08159	0.18072	0.02105	0.01100	0.00352	0.00705	0.33690	0.00850	0.00918
90	0.02159	0.02073	0.03541	0.05354	0.63903	0.02073	0.02677	0.02677	0.01986	0.02850	0.01641	0.02159	0.01382	0.00777	0.00864	0.00259	0.01036	0.00777	0.00432	0.01382
91	0.01676	0.01445	0.01501	0.01389	0.01796	0.01549	0.01070	0.03170	0.36190	0.03089	0.05840	0.05481	0.29037	0.01628	0.00950	0.00295	0.00583	0.01356	0.00854	0.01102
92	0.01063	0.00759	0.01012	0.01215	0.01265	0.00709	0.00810	0.01215	0.01670	0.02227	0.04808	0.68775	0.05769	0.02733	0.01113	0.00354	0.00506	0.02480	0.00810	0.00709
93	0.01256	0.00896	0.01206	0.01206	0.01294	0.00984	0.00846	0.01432	0.01344	0.01880	0.02515	0.04418	0.02611	0.33829	0.39189	0.01160	0.01689	0.01080	0.00494	0.00670
94	0.01095	0.00930	0.00950	0.00937	0.01236	0.00808	0.00705	0.01431	0.04823	0.02479	0.11584	0.08052	0.57683	0.02138	0.01024	0.00294	0.00452	0.01787	0.00822	0.00771
95	0.01268	0.00846	0.00951	0.00951	0.00951	0.00846	0.00529	0.01268	0.01268	0.01691	0.02748	0.05708	0.03171	0.69345	0.04440	0.00846	0.00846	0.01268	0.00529	0.00529
96	0.01237	0.00833	0.00961	0.00991	0.00999	0.00825	0.00571	0.01260	0.01329	0.01772	0.03060	0.15238	0.03564	0.59280	0.03937	0.00771	0.00794	0.01452	0.00571	0.00556
97	0.01268	0.00846	0.00951	0.00951	0.00951	0.00846	0.00529	0.01268	0.01268	0.01691	0.02748	0.05708	0.03171	0.69345	0.04440	0.00846	0.00846	0.01268	0.00529	0.00529
98	0.01235	0.00892	0.01166	0.01097	0.01303	0.00823	0.00823	0.01646	0.02469	0.03498	0.63443	0.06516	0.08230	0.01783	0.01029	0.00274	0.00412	0.01578	0.00960	0.00823
99	0.01268	0.00846	0.00951	0.00951	0.00951	0.00846	0.00529	0.01268	0.01268	0.01691	0.02748	0.05708	0.03171	0.69345	0.04440	0.00846	0.00846	0.01268	0.00529	0.00529
100	0.01096	0.00872	0.00990	0.01035	0.01264	0.00766	0.00774	0.01346	0.01998	0.02514	0.15400	0.19465	0.40207	0.02263	0.01060	0.00312	0.00479	0.06578	0.00830	0.00749
101	0.75506	0.01687	0.01282	0.01147	0.01687	0.01957	0.00945	0.02564	0.01484	0.03914	0.01215	0.01417	0.00945	0.00810	0.00540	0.00270	0.00675	0.00472	0.00540	0.00945
102	0.01268	0.00846	0.00951	0.00951	0.00951	0.00846	0.00529	0.01268	0.01268	0.01691	0.02748	0.05708	0.03171	0.69345	0.04440	0.00846	0.00846	0.01268	0.00529	0.00529
103	0.02078	0.00946	0.01052	0.00959	0.01255	0.00906	0.00743	0.02471	0.01961	0.15359	0.02963	0.03196	0.02221	0.01029	0.00663	0.00216	0.00473	0.00826	0.59738	0.00946
104	0.01396	0.00998	0.01392	0.01578	0.01779	0.00994	0.01373	0.01798	0.02034	0.02660	0.07893	0.09654	0.05199	0.02375	0.01195	0.00395	0.00781	0.54890	0.00812	0.00804
105	0.02059	0.02353	0.05147	0.03676	0.04559	0.02206	0.60735	0.02794	0.02059	0.02794	0.01765	0.02353	0.01324	0.00735	0.01029	0.00294	0.01471	0.01029	0.00441	0.01176
106	0.01063	0.00759	0.01012	0.01215	0.01265	0.00709	0.00810	0.01215	0.01670	0.02227	0.04808	0.68775	0.05769	0.02733	0.01113	0.00354	0.00506	0.02480	0.00810	0.00709
107	0.21215	0.01533	0.01845	0.01454	0.02096	0.01445	0.01201	0.03843	0.02252	0.49864	0.02903	0.02594	0.01866	0.01014	0.00796	0.00270	0.00726	0.00779	0.00949	0.01354
108	0.01063	0.00759	0.01012	0.01215	0.01265	0.00709	0.00810	0.01215	0.01670	0.02227	0.04808	0.68775	0.05769	0.02733	0.01113	0.00354	0.00506	0.02480	0.00810	0.00709
109	0.01750	0.04512	0.64825	0.02486	0.03775	0.02026	0.03223	0.02762	0.01842	0.02762	0.01565	0.01842	0.01105	0.00829	0.00829	0.00276	0.01289	0.00645	0.00368	0.01289
110	0.01282	0.00988	0.01471	0.01451	0.01598	0.01177	0.01135	0.01587	0.01398	0.02029	0.02271	0.03344	0.02124	0.06267	0.62433	0.01346	0.05922	0.00925	0.00463	0.00788
111	0.01235	0.00892	0.01166	0.01097	0.01303	0.00823	0.00823	0.01646	0.02469	0.03498	0.63443	0.06516	0.08230	0.01783	0.01029	0.00274	0.00412	0.01578	0.00960	0.00823
112	0.01063	0.00759	0.01012	0.01215	0.01265	0.00709	0.00810	0.01215	0.01670	0.02227	0.04808	0.68775	0.05769	0.02733	0.01113	0.00354	0.00506	0.02480	0.00810	0.00709
113	0.01809	0.01550	0.01809	0.01292	0.02067	0.01163	0.01034	0.02196	0.01809	0.02842	0.01550	0.01809	0.01292	0.00646	0.00646	0.00129	0.00646	0.00517	0.00517	0.74677
114	0.01589	0.01264	0.01472	0.01355	0.01669	0.01334	0.01035	0.02781	0.25188	0.03555	0.40711	0.05278	0.06117	0.01556	0.00975	0.00283	0.00517	0.01353	0.00933	0.01035
115	0.02332	0.69869	0.04571	0.01493	0.02239	0.03451	0.01493	0.02612	0.01772	0.02052	0.01213	0.01399	0.01119	0.00746	0.00560	0.00187	0.00933	0.00466	0.00373	0.01119
116	0.16833	0.01851	0.02020	0.11015	0.02745	0.02125	0.01477	0.11670	0.30672	0.06725	0.02596	0.02584	0.01921	0.01041	0.00814	0.00284	0.00795	0.00821	0.00755	0.01255
117	0.03020	0.03496	0.02573	0.02372	0.05628	0.44928	0.01762	0.11251	0.02513	0.02633	0.01437	0.01722	0.01189	0.01003	0.01099	0.00254	0.10904	0.00632	0.00498	0.01087
118	0.01142	0.00882	0.01073	0.01176	0.01374	0.00813	0.00905	0.01392	0.01874	0.02364	0.06370	0.24820	0.30420	0.02640	0.04705	0.00398	0.00652	0.15465	0.00789	0.00747
119	0.01626	0.00813	0.00813	0.00813	0.01016	0.00813	0.00610	0.02033	0.01829	0.03252	0.02846	0.03252	0.02236	0.01016	0.00610	0.00203	0.00407	0.00813	0.74187	0.00813
120	0.01626	0.00813	0.00813	0.00813	0.01016	0.00813	0.00610	0.02033	0.01829	0.03252	0.02846	0.03252	0.02236	0.01016	0.00610	0.00203	0.00407	0.00813	0.74187	0.00813
121	0.01225	0.00891	0.01152	0.01087	0.01297	0.00819	0.00815	0.01627	0.02446	0.03442	0.60776	0.06608	0.10933	0.01804	0.01029	0.00275	0.00413	0.01590	0.00953	0.00819
122	0.02122	0.17618	0.02349	0.01453	0.01910	0.01910	0.01207	0.16301	0.02586	0.06853	0.22171	0.12922	0.04227	0.01456	0.00884	0.00262	0.00699	0.01213	0.00785	0.01073
123	0.02746	0.03304	0.02548	0.02263	0.02542	0.41867	0.01770	0.02958	0.02041	0.02121	0.01271	0.01700	0.01132	0.01137	0.01574	0.00284	0.26689	0.00638	0.00424	0.00990
124	0.19272	0.27699	0.11523	0.01468	0.02088	0.02233	0.01437	0.02286	0.01706	0.02643	0.02338	0.14658	0.05157	0.01226	0.00723	0.00257	0.00816	0.00947	0.00517	0.01004
125	0.03138	0.23062	0.02990	0.01858	0.02449	0.32001	0.01533	0.03406	0.02270	0.16883	0.01804	0.01852	0.01368	0.00896	0.00741	0.00224	0.01186	0.00608	0.00576	0.01155
126	0.01811	0.01783	0.10601	0.01515	0.01995	0.01449	0.01367	0.16148	0.02774	0.03876	0.39788	0.04780	0.05583	0.01469	0.00963	0.00272	0.00669	0.01253	0.00855	0.01049
127	0.02266	0.02319	0.03298	0.10955	0.49515	0.11159	0.02511	0.02748	0.02032	0.02687	0.01590	0.02092	0.01323	0.00804	0.00853	0.00257	0.01125	0.00746	0.00430	0.01289
128	0.02254	0.01754	0.02239	0.02436	0.16879	0.01843	0.01518	0.24287	0.02686	0.03671	0.10894	0.03597	0.02821	0.17263	0.01738	0.00401	0.00873	0.01011	0.00697	0.01138
129	0.01684	0.01441	0.01938	0.02389	0.16781	0.01478	0.01539	0.02562	0.16285	0.02857	0.04597	0.06098	0.16784	0.01679	0.01008	0.00318	0.00751	0.18010	0.00735	0.01065
130	0.01470	0.17241	0.01969	0.01291	0.01610	0.01423	0.01003	0.01686	0.01714	0.02273	0.03491	0.43262	0.04029	0.01965	0.00916	0.00282	0.00627	0.01723	0.00665	0.11361
131	0.09025	0.29333	0.27658	0.01949	0.02850	0.10850	0.02146	0.02780	0.01864	0.02515	0.01369	0.01597	0.01098	0.00804	0.00693	0.00234	0.01132	0.00549	0.00397	0.01156
132	0.02468	0.44979	0.12672	0.01813	0.02566	0.18025	0.01785	0.02840	0.01948	0.02173	0.01295	0.01504	0.01118	0.00794	0.00652	0.00208	0.01135	0.00514	0.00391	0.01118
133	0.02821	0.15962	0.02746	0.01991	0.02507	0.38723	0.01575	0.03598	0.16805	0.02485	0.01855	0.01947	0.01495	0.00939	0.00768	0.00235	0.01239	0.00646	0.00541	0.01121
134	0.01367	0.01089	0.01438	0.01396	0.01431	0.01280	0.01003	0.01493	0.01401	0.01965	0.02808	0.19724	0.03178	0.28223	0.12031	0.00696	0.16822	0.01394	0.00553	0.00709
135	0.02506	0.01759	0.01902	0.01537	0.02079	0.01821	0.01244	0.32856	0.03145	0.09987	0.04783	0.04570	0.25105	0.01491	0.00933	0.00275	0.00742	0.01195	0.00869	0.01200
136	0.02031	0.02132	0.03172	0.03510	0.25988	0.10883	0.16117	0.02476	0.02013	0.02593	0.02565	0.15109	0.05041	0.01223	0.00948	0.00282	0.01089	0.01181	0.00526	0.01121
137	0.02756	0.09781	0.02829	0.02597	0.11303	0.38008	0.01823	0.03148	0.05502	0.02308	0.01470	0.01782	0.01249	0.00973	0.01081	0.00253	0.10959	0.00636	0.00454	0.01087
138	0.01325	0.01111	0.01568	0.04972	0.13603	0.01060	0.01206	0.01637	0.01977	0.02624	0.16237	0.23530	0.21953	0.01937	0.01014	0.00300	0.00603	0.01715	0.00745	0.00881

[dist]
# distance from previous block
# <min> <max>
3	4

[block]
# block no. 1 follows, 20 sequences, length 31
# corresponding to MSA columns:
# 143-173
name=unknown_B
#
# <colnr> <probs for GDERKNQSTAVLIFYWHMCP>
#	G	D	E	R	K	N	Q	S	T	A	V	L	I	F	Y	W	H	M	C	P
0	0.02679	0.02148	0.02590	0.03025	0.23642	0.10012	0.01847	0.03729	0.20982	0.16283	0.02587	0.02601	0.01916	0.00984	0.00864	0.00269	0.00933	0.00837	0.00716	0.01357
1	0.17170	0.05890	0.04766	0.01727	0.05641	0.06244	0.01342	0.17035	0.02394	0.03468	0.03355	0.11488	0.13346	0.01374	0.00838	0.00275	0.00808	0.01091	0.00678	0.01068
2	0.02307	0.34797	0.14908	0.01833	0.02588	0.10816	0.01813	0.03186	0.14911	0.02538	0.01798	0.01903	0.01450	0.00875	0.00709	0.00232	0.01028	0.00623	0.00493	0.01193
3	0.03184	0.02745	0.02378	0.01978	0.02560	0.22110	0.01566	0.25369	0.13420	0.12401	0.02302	0.02255	0.01669	0.01029	0.00849	0.00257	0.01074	0.00763	0.00772	0.01319
4	0.01486	0.01229	0.01539	0.01308	0.01674	0.01162	0.01033	0.01843	0.02055	0.02972	0.28721	0.04772	0.10396	0.01461	0.01149	0.00249	0.09034	0.03318	0.00728	0.23870
5	0.03262	0.04057	0.02480	0.02233	0.02697	0.62133	0.01684	0.06862	0.02568	0.02332	0.01392	0.01604	0.01145	0.00908	0.00792	0.00227	0.01537	0.00575	0.00474	0.01039
6	0.01367	0.01156	0.01229	0.01173	0.01516	0.01116	0.00883	0.02147	0.16901	0.02692	0.06546	0.14391	0.37106	0.01921	0.00981	0.00292	0.00525	0.01626	0.00810	0.05622
7	0.01784	0.08345	0.61291	0.02428	0.03685	0.02109	0.03121	0.02754	0.01838	0.02721	0.01545	0.01816	0.01106	0.00824	0.00813	0.00271	0.01268	0.00634	0.00369	0.01279
8	0.01289	0.00966	0.01243	0.01381	0.01611	0.00921	0.01174	0.01634	0.02002	0.02531	0.05934	0.09389	0.23279	0.02347	0.01151	0.00368	0.00690	0.40503	0.00805	0.00782
9	0.01913	0.01938	0.03092	0.06312	0.02971	0.02337	0.14493	0.02269	0.01576	0.02351	0.01354	0.02016	0.01203	0.01206	0.02069	0.00325	0.41031	0.00790	0.00412	0.10344
10	0.03272	0.03749	0.02507	0.02190	0.02699	0.50793	0.01679	0.17192	0.02860	0.02936	0.01526	0.01697	0.01209	0.00934	0.00807	0.00234	0.01427	0.00615	0.00550	0.01124
11	0.01550	0.00978	0.01242	0.01169	0.01453	0.00884	0.00916	0.01910	0.02314	0.10877	0.37120	0.06864	0.18991	0.01860	0.01031	0.00293	0.00506	0.08229	0.00924	0.00886
12	0.02083	0.16326	0.02366	0.01459	0.02050	0.02022	0.01224	0.13401	0.13144	0.03195	0.03646	0.03577	0.16128	0.01205	0.00803	0.00235	0.00726	0.00950	0.00687	0.14771
13	0.01650	0.01614	0.01420	0.01385	0.01665	0.14833	0.01076	0.01972	0.02262	0.02751	0.25339	0.06543	0.20124	0.01817	0.01010	0.00292	0.00742	0.11884	0.00783	0.00838
14	0.02779	0.03453	0.02130	0.01954	0.02370	0.51826	0.01465	0.03003	0.02368	0.02183	0.02960	0.03042	0.14563	0.01181	0.00839	0.00240	0.01329	0.00837	0.00527	0.00952
15	0.02243	0.19500	0.30602	0.01995	0.02927	0.02304	0.02216	0.03261	0.13113	0.10578	0.02085	0.02139	0.01531	0.00906	0.00780	0.00257	0.01022	0.00694	0.00556	0.01290
16	0.02401	0.31812	0.03417	0.01844	0.02275	0.05287	0.01638	0.02651	0.01719	0.09987	0.01474	0.01806	0.01261	0.01103	0.01518	0.00276	0.27326	0.00639	0.00469	0.01096
17	0.02128	0.01735	0.03085	0.02482	0.06520	0.01614	0.25816	0.02742	0.05898	0.14162	0.04155	0.04199	0.18942	0.01241	0.00983	0.00288	0.00974	0.01210	0.00690	0.01135
18	0.01473	0.01268	0.01836	0.01706	0.01808	0.01631	0.01370	0.01743	0.01379	0.02050	0.01929	0.02908	0.01826	0.04827	0.44333	0.01053	0.24707	0.00876	0.00438	0.00839
19	0.01560	0.02020	0.15447	0.01919	0.02251	0.01791	0.01797	0.01961	0.01508	0.02235	0.02071	0.10840	0.02045	0.03094	0.21865	0.00674	0.24514	0.01009	0.00460	0.00940
20	0.01908	0.01908	0.02672	0.02290	0.02290	0.02672	0.01908	0.02099	0.01336	0.02099	0.01145	0.01908	0.01145	0.01527	0.02863	0.00382	0.67748	0.00763	0.00382	0.00954
21	0.03174	0.01752	0.02105	0.01630	0.02305	0.01678	0.01329	0.16134	0.10252	0.32667	0.02813	0.02601	0.01916	0.01005	0.00835	0.00245	0.00765	0.00804	0.00906	0.15083
22	0.01714	0.01155	0.01393	0.01274	0.01414	0.01393	0.01015	0.02053	0.01675	0.02892	0.02315	0.02833	0.01896	0.01176	0.01313	0.00259	0.21414	0.00798	0.51163	0.00857
23	0.06883	0.26940	0.39726	0.02053	0.03104	0.02515	0.02472	0.02697	0.01794	0.02594	0.01420	0.01660	0.01099	0.00799	0.00716	0.00245	0.01125	0.00571	0.00381	0.01207
24	0.36588	0.02149	0.01953	0.01597	0.02204	0.06599	0.01306	0.26352	0.02677	0.08483	0.01728	0.01805	0.01256	0.00930	0.00714	0.00264	0.00856	0.00632	0.00704	0.01203
25	0.06517	0.15436	0.19098	0.02049	0.05294	0.05898	0.04142	0.02437	0.01929	0.02742	0.14743	0.02763	0.02659	0.01104	0.01067	0.00269	0.09427	0.00832	0.00520	0.01076
26	0.02077	0.05194	0.02717	0.02408	0.06542	0.10576	0.01866	0.02306	0.01548	0.02149	0.01278	0.01950	0.01218	0.01655	0.06062	0.00405	0.47928	0.00736	0.00398	0.00988
27	0.02071	0.01570	0.01682	0.01449	0.01811	0.01697	0.01081	0.20623	0.15389	0.03384	0.03488	0.04393	0.10185	0.24858	0.02130	0.00475	0.00797	0.01130	0.00749	0.01036
28	0.06921	0.02571	0.02657	0.05869	0.17876	0.20426	0.01914	0.06738	0.06281	0.06356	0.01708	0.02031	0.01371	0.01008	0.01164	0.00275	0.12417	0.00716	0.00530	0.01171
29	0.02120	0.08516	0.11019	0.03478	0.27383	0.06771	0.02332	0.02557	0.01779	0.02484	0.01418	0.01933	0.01232	0.01023	0.01450	0.00291	0.21907	0.00714	0.00404	0.01188
30	0.02049	0.02659	0.17086	0.04370	0.37992	0.02092	0.15479	0.02721	0.01971	0.02819	0.01652	0.02133	0.01309	0.00779	0.00892	0.00270	0.01186	0.00804	0.00420	0.01317

[dist]
# distance from previous block
# <min> <max>
0	1

[block]
# block no. 2 follows, 20 sequences, length 162
# corresponding to MSA columns:
# 175-336
name=unknown_C
#
# <colnr> <probs for GDERKNQSTAVLIFYWHMCP>
#	G	D	E	R	K	N	Q	S	T	A	V	L	I	F	Y	W	H	M	C	P
0	0.02882	0.02941	0.02556	0.18148	0.03514	0.28931	0.01857	0.22486	0.02840	0.03287	0.01648	0.01933	0.01254	0.00942	0.00836	0.00253	0.01266	0.00689	0.00576	0.01159
1	0.01374	0.01054	0.01162	0.01138	0.01385	0.01006	0.00825	0.09310	0.02104	0.02671	0.06108	0.24563	0.32029	0.09512	0.01404	0.00367	0.00574	0.01819	0.00788	0.00807
2	0.19992	0.01407	0.01478	0.01337	0.01699	0.01541	0.01032	0.06171	0.16862	0.03492	0.21217	0.03661	0.03741	0.01518	0.01185	0.10317	0.00625	0.01000	0.00755	0.00971
3	0.02072	0.02393	0.11867	0.08006	0.49214	0.02068	0.06290	0.02673	0.01959	0.02803	0.01634	0.02136	0.01330	0.00786	0.00869	0.00265	0.01103	0.00775	0.00422	0.01336
4	0.01245	0.00849	0.00945	0.00945	0.00974	0.00835	0.00542	0.01267	0.01339	0.01757	0.03347	0.05972	0.09110	0.62741	0.04104	0.00791	0.00806	0.01325	0.00556	0.00549
5	0.01063	0.00759	0.01012	0.01215	0.01265	0.00709	0.00810	0.01215	0.01670	0.02227	0.04808	0.68775	0.05769	0.02733	0.01113	0.00354	0.00506	0.02480	0.00810	0.00709
6	0.01994	0.19321	0.18840	0.02330	0.02951	0.02641	0.10075	0.02483	0.01666	0.02345	0.01349	0.01827	0.01153	0.01055	0.01546	0.00296	0.25940	0.00697	0.00384	0.01108
7	0.01175	0.00883	0.01088	0.01050	0.01270	0.00796	0.00782	0.01527	0.02311	0.03152	0.46977	0.09967	0.21949	0.01935	0.01033	0.00283	0.00424	0.01687	0.00915	0.00796
8	0.01063	0.00759	0.01012	0.01215	0.01265	0.00709	0.00810	0.01215	0.01670	0.02227	0.04808	0.68775	0.05769	0.02733	0.01113	0.00354	0.00506	0.02480	0.00810	0.00709
9	0.02598	0.01778	0.01985	0.01720	0.02258	0.01951	0.01356	0.04541	0.47617	0.18612	0.03523	0.03184	0.02539	0.01158	0.00885	0.00289	0.00703	0.00959	0.00935	0.01406
10	0.01119	0.00796	0.01062	0.01255	0.01323	0.00755	0.00876	0.01297	0.01696	0.02252	0.04682	0.57738	0.05541	0.05942	0.01288	0.00385	0.00563	0.09922	0.00795	0.00713
11	0.02059	0.02353	0.05147	0.03676	0.04559	0.02206	0.60735	0.02794	0.02059	0.02794	0.01765	0.02353	0.01324	0.00735	0.01029	0.00294	0.01471	0.01029	0.00441	0.01176
12	0.03316	0.02443	0.02618	0.02007	0.02705	0.02705	0.01658	0.60995	0.04101	0.05497	0.02094	0.02094	0.01483	0.01047	0.00873	0.00262	0.00960	0.00785	0.00873	0.01483
13	0.01268	0.00846	0.00951	0.00951	0.00951	0.00846	0.00529	0.01268	0.01268	0.01691	0.02748	0.05708	0.03171	0.69345	0.04440	0.00846	0.00846	0.01268	0.00529	0.00529
14	0.01268	0.00846	0.00951	0.00951	0.00951	0.00846	0.00529	0.01268	0.01268	0.01691	0.02748	0.05708	0.03171	0.69345	0.04440	0.00846	0.00846	0.01268	0.00529	0.00529
15	0.01063	0.00759	0.01012	0.01215	0.01265	0.00709	0.00810	0.01215	0.01670	0.02227	0.04808	0.68775	0.05769	0.02733	0.01113	0.00354	0.00506	0.02480	0.00810	0.00709
16	0.02170	0.01874	0.01972	0.01775	0.02268	0.02170	0.01381	0.04635	0.62327	0.03649	0.03550	0.03254	0.02663	0.01183	0.00888	0.00296	0.00690	0.00986	0.00888	0.01381
17	0.01046	0.00876	0.00910	0.00919	0.01192	0.00740	0.00683	0.01273	0.01996	0.02417	0.11901	0.12421	0.56202	0.02219	0.01036	0.00297	0.00444	0.01869	0.00819	0.00740
18	0.03316	0.02443	0.02618	0.02007	0.02705	0.02705	0.01658	0.60995	0.04101	0.05497	0.02094	0.02094	0.01483	0.01047	0.00873	0.00262	0.00960	0.00785	0.00873	0.01483
19	0.01063	0.00759	0.01012	0.01215	0.01265	0.00709	0.00810	0.01215	0.01670	0.02227	0.04808	0.68775	0.05769	0.02733	0.01113	0.00354	0.00506	0.02480	0.00810	0.00709
20	0.03914	0.01484	0.02024	0.01552	0.02227	0.01282	0.01282	0.04251	0.02497	0.64507	0.03441	0.02969	0.02159	0.01080	0.00877	0.00270	0.00742	0.00877	0.01080	0.01484
21	0.01107	0.00887	0.00989	0.00963	0.01225	0.00769	0.00722	0.01398	0.02167	0.02781	0.29143	0.07696	0.42978	0.02051	0.01030	0.00287	0.00431	0.01743	0.00866	0.00769
22	0.01908	0.01908	0.02672	0.02290	0.02290	0.02672	0.01908	0.02099	0.01336	0.02099	0.01145	0.01908	0.01145	0.01527	0.02863	0.00382	0.67748	0.00763	0.00382	0.00954
23	0.03316	0.02443	0.02618	0.02007	0.02705	0.02705	0.01658	0.60995	0.04101	0.05497	0.02094	0.02094	0.01483	0.01047	0.00873	0.00262	0.00960	0.00785	0.00873	0.01483
24	0.19742	0.01032	0.00947	0.00914	0.01172	0.01099	0.00681	0.02060	0.01669	0.03204	0.02431	0.03133	0.02045	0.10192	0.01110	0.00306	0.00532	0.00791	0.46134	0.00807
25	0.01167	0.01084	0.00981	0.00967	0.01271	0.04720	0.00725	0.01388	0.02018	0.02343	0.08378	0.07977	0.59730	0.02129	0.01016	0.00290	0.00511	0.01763	0.00788	0.00753
26	0.01750	0.04512	0.64825	0.02486	0.03775	0.02026	0.03223	0.02762	0.01842	0.02762	0.01565	0.01842	0.01105	0.00829	0.00829	0.00276	0.01289	0.00645	0.00368	0.01289
27	0.75506	0.01687	0.01282	0.01147	0.01687	0.01957	0.00945	0.02564	0.01484	0.03914	0.01215	0.01417	0.00945	0.00810	0.00540	0.00270	0.00675	0.00472	0.00540	0.00945
28	0.01398	0.00999	0.01395	0.01583	0.01784	0.00996	0.01379	0.01800	0.02029	0.02651	0.07313	0.09687	0.05167	0.02381	0.01197	0.00396	0.00785	0.55446	0.00810	0.00804
29	0.01068	0.00885	0.00934	0.00922	0.01201	0.00752	0.00692	0.01323	0.02075	0.02562	0.18648	0.08057	0.53610	0.02133	0.01031	0.00291	0.00436	0.01794	0.00837	0.00752
30	0.01184	0.00890	0.01096	0.01045	0.01272	0.00802	0.00783	0.01549	0.02350	0.03216	0.49942	0.06980	0.21907	0.01889	0.01029	0.00279	0.00419	0.01643	0.00923	0.00802
31	0.75506	0.01687	0.01282	0.01147	0.01687	0.01957	0.00945	0.02564	0.01484	0.03914	0.01215	0.01417	0.00945	0.00810	0.00540	0.00270	0.00675	0.00472	0.00540	0.00945
32	0.02123	0.01821	0.01938	0.01765	0.02240	0.02098	0.01382	0.04462	0.58637	0.03585	0.03616	0.03657	0.02807	0.01258	0.00907	0.00302	0.00697	0.04477	0.00882	0.01345
33	0.03316	0.02443	0.02618	0.02007	0.02705	0.02705	0.01658	0.60995	0.04101	0.05497	0.02094	0.02094	0.01483	0.01047	0.00873	0.00262	0.00960	0.00785	0.00873	0.01483
34	0.02374	0.47270	0.03744	0.01629	0.02286	0.08631	0.01482	0.03189	0.16805	0.02454	0.01803	0.01873	0.01501	0.00868	0.00661	0.00217	0.00929	0.00603	0.00507	0.01174
35	0.02295	0.60753	0.04649	0.01787	0.02552	0.03283	0.09492	0.02637	0.01811	0.02152	0.01287	0.01528	0.01147	0.00745	0.00623	0.00201	0.01005	0.00542	0.00382	0.01127
36	0.01887	0.01252	0.01531	0.01318	0.01664	0.01237	0.01030	0.13641	0.02795	0.09367	0.45902	0.05321	0.06349	0.01574	0.00984	0.00271	0.00550	0.01358	0.00954	0.01013
37	0.02724	0.03268	0.02551	0.02264	0.02536	0.40853	0.01774	0.02936	0.02023	0.02121	0.01268	0.01706	0.01132	0.01147	0.01608	0.00287	0.27751	0.00642	0.00423	0.00989
38	0.01260	0.00880	0.01124	0.01124	0.01183	0.00939	0.00743	0.01379	0.01319	0.01819	0.02591	0.04836	0.02793	0.45337	0.27929	0.01058	0.01416	0.01141	0.00505	0.00624
39	0.01235	0.00892	0.01166	0.01097	0.01303	0.00823	0.00823	0.01646	0.02469	0.03498	0.63443	0.06516	0.08230	0.01783	0.01029	0.00274	0.00412	0.01578	0.00960	0.00823
40	0.01268	0.00846	0.00951	0.00951	0.00951	0.00846	0.00529	0.01268	0.01268	0.01691	0.02748	0.05708	0.03171	0.69345	0.04440	0.00846	0.00846	0.01268	0.00529	0.00529
41	0.01031	0.00884	0.00884	0.00884	0.01178	0.00736	0.00663	0.01252	0.01988	0.02356	0.08837	0.08395	0.63549	0.02209	0.01031	0.00295	0.00442	0.01841	0.00810	0.00736
42	0.03005	0.03172	0.02385	0.02072	0.02593	0.34578	0.01604	0.17985	0.17591	0.03338	0.02074	0.02115	0.01591	0.01005	0.00833	0.00251	0.01204	0.00721	0.00662	0.01219
43	0.02981	0.02277	0.02429	0.01939	0.02577	0.02549	0.01577	0.44533	0.21108	0.04957	0.02520	0.02433	0.01828	0.01087	0.00877	0.00272	0.00881	0.00844	0.00877	0.01453
44	0.01268	0.00846	0.00951	0.00951	0.00951	0.00846	0.00529	0.01268	0.01268	0.01691	0.02748	0.05708	0.03171	0.69345	0.04440	0.00846	0.00846	0.01268	0.00529	0.00529
45	0.01626	0.00813	0.00813	0.00813	0.01016	0.00813	0.00610	0.02033	0.01829	0.03252	0.02846	0.03252	0.02236	0.01016	0.00610	0.00203	0.00407	0.00813	0.74187	0.00813
46	0.01031	0.00884	0.00884	0.00884	0.01178	0.00736	0.00663	0.01252	0.01988	0.02356	0.08837	0.08395	0.63549	0.02209	0.01031	0.00295	0.00442	0.01841	0.00810	0.00736
47	0.01063	0.00759	0.01012	0.01215	0.01265	0.00709	0.00810	0.01215	0.01670	0.02227	0.04808	0.68775	0.05769	0.02733	0.01113	0.00354	0.00506	0.02480	0.00810	0.00709
48	0.03231	0.02317	0.02512	0.01947	0.02612	0.02542	0.01599	0.55492	0.03909	0.07969	0.02289	0.05446	0.01727	0.01132	0.00885	0.00267	0.00928	0.00874	0.00879	0.01445
49	0.01908	0.01908	0.02672	0.02290	0.02290	0.02672	0.01908	0.02099	0.01336	0.02099	0.01145	0.01908	0.01145	0.01527	0.02863	0.00382	0.67748	0.00763	0.00382	0.00954
50	0.02159	0.02073	0.03541	0.05354	0.63903	0.02073	0.02677	0.02677	0.01986	0.02850	0.01641	0.02159	0.01382	0.00777	0.00864	0.00259	0.01036	0.00777	0.00432	0.01382
51	0.01515	0.00758	0.01136	0.01136	0.01136	0.00758	0.00758	0.01136	0.01136	0.01515	0.01515	0.02652	0.01515	0.03030	0.03409	0.74621	0.00758	0.00758	0.00379	0.00379
52	0.01031	0.00884	0.00884	0.00884	0.01178	0.00736	0.00663	0.01252	0.01988	0.02356	0.08837	0.08395	0.63549	0.02209	0.01031	0.00295	0.00442	0.01841	0.00810	0.00736
53	0.03914	0.01484	0.02024	0.01552	0.02227	0.01282	0.01282	0.04251	0.02497	0.64507	0.03441	0.02969	0.02159	0.01080	0.00877	0.00270	0.00742	0.00877	0.01080	0.01484
54	0.75506	0.01687	0.01282	0.01147	0.01687	0.01957	0.00945	0.02564	0.01484	0.03914	0.01215	0.01417	0.00945	0.00810	0.00540	0.00270	0.00675	0.00472	0.00540	0.00945
55	0.01207	0.00891	0.01128	0.01069	0.01286	0.00811	0.00801	0.01593	0.02404	0.03344	0.56069	0.06769	0.15700	0.01841	0.01029	0.00277	0.00416	0.01613	0.00940	0.00811
56	0.02170	0.01874	0.01972	0.01775	0.02268	0.02170	0.01381	0.04635	0.62327	0.03649	0.03550	0.03254	0.02663	0.01183	0.00888	0.00296	0.00690	0.00986	0.00888	0.01381
57	0.01235	0.00892	0.01166	0.01097	0.01303	0.00823	0.00823	0.01646	0.02469	0.03498	0.63443	0.06516	0.08230	0.01783	0.01029	0.00274	0.00412	0.01578	0.00960	0.00823
58	0.03538	0.02087	0.02397	0.01838	0.02527	0.02176	0.01518	0.39893	0.03505	0.27441	0.02595	0.02420	0.01735	0.01059	0.00874	0.00265	0.00879	0.00819	0.00950	0.01484
59	0.01058	0.00776	0.00995	0.01170	0.01253	0.00712	0.00790	0.01220	0.01713	0.02244	0.05352	0.60622	0.13571	0.02662	0.01102	0.00346	0.00497	0.02393	0.00810	0.00712
60	0.03316	0.02443	0.02618	0.02007	0.02705	0.02705	0.01658	0.60995	0.04101	0.05497	0.02094	0.02094	0.01483	0.01047	0.00873	0.00262	0.00960	0.00785	0.00873	0.01483
61	0.01063	0.00759	0.01012	0.01215	0.01265	0.00709	0.00810	0.01215	0.01670	0.02227	0.04808	0.68775	0.05769	0.02733	0.01113	0.00354	0.00506	0.02480	0.00810	0.00709
62	0.03190	0.04044	0.02482	0.02249	0.02676	0.62659	0.01697	0.03413	0.02415	0.02133	0.01338	0.01590	0.01125	0.00931	0.00891	0.00233	0.04908	0.00572	0.00446	0.01008
63	0.02268	0.02178	0.03900	0.18893	0.04457	0.02263	0.31792	0.17044	0.02486	0.03323	0.01793	0.02282	0.01324	0.00846	0.00952	0.00285	0.01269	0.00907	0.00535	0.01201
64	0.03258	0.04157	0.02472	0.02247	0.02697	0.65843	0.01685	0.03483	0.02472	0.02135	0.01348	0.01573	0.01124	0.00899	0.00787	0.00225	0.01573	0.00562	0.00449	0.01011
65	0.02994	0.03717	0.02511	0.02256	0.02617	0.53466	0.01729	0.03212	0.02249	0.02128	0.01308	0.01639	0.01128	0.01022	0.01193	0.00255	0.14539	0.00601	0.00436	0.01000
66	0.01077	0.00861	0.00972	0.01049	0.01266	0.00755	0.00779	0.01297	0.01900	0.02345	0.07277	0.25575	0.41387	0.02377	0.01072	0.00322	0.00496	0.07647	0.00809	0.00735
67	0.03304	0.02785	0.02589	0.02055	0.02703	0.15292	0.01663	0.49530	0.03776	0.04827	0.01946	0.01990	0.01412	0.01018	0.00855	0.00254	0.01082	0.00741	0.00788	0.01389
68	0.02285	0.02342	0.03388	0.04650	0.49677	0.10645	0.05273	0.02768	0.02046	0.02750	0.01603	0.02072	0.01340	0.00785	0.00850	0.00250	0.01110	0.00747	0.00439	0.04982
69	0.02928	0.03247	0.02378	0.02100	0.02571	0.38368	0.01618	0.11464	0.17433	0.02961	0.01983	0.02076	0.01554	0.01021	0.00929	0.00255	0.04631	0.00707	0.00611	0.01163
