[name]
unknown

[dist]
# distance from previous block
# <min> <max>
0	1

[block]
# block no. 0 follows, 21 sequences, length 19
# corresponding to MSA columns:
# 1-19
name=unknown_A
#
# <colnr> <probs for GDERKNQSTAVLIFYWHMCP>
#	G	D	E	R	K	N	Q	S	T	A	V	L	I	F	Y	W	H	M	C	P
0	0.01495	0.01189	0.01725	0.18872	0.02866	0.01311	0.01627	0.02099	0.06986	0.02534	0.03641	0.07159	0.03728	0.01861	0.01065	0.00355	0.00866	0.39063	0.00685	0.00873
1	0.01694	0.04940	0.02323	0.02483	0.17585	0.01388	0.08387	0.02036	0.01869	0.07025	0.03801	0.26004	0.11200	0.01666	0.00964	0.00296	0.00774	0.03921	0.00653	0.00991
2	0.01881	0.01803	0.03117	0.18184	0.38276	0.01852	0.07773	0.02383	0.01859	0.02590	0.01860	0.08066	0.01669	0.00937	0.00872	0.00266	0.01016	0.00916	0.00449	0.04233
3	0.01356	0.01109	0.01428	0.01704	0.08778	0.01114	0.01082	0.01974	0.13113	0.02519	0.04719	0.39856	0.13752	0.02085	0.01005	0.00315	0.00577	0.01860	0.00761	0.00893
4	0.01089	0.00784	0.00950	0.01060	0.01134	0.00733	0.00689	0.01206	0.01569	0.02045	0.04761	0.41489	0.14463	0.21645	0.01991	0.00472	0.00577	0.01984	0.00712	0.00646
5	0.01507	0.00979	0.01419	0.12594	0.02096	0.01015	0.01102	0.01742	0.01822	0.07053	0.21174	0.13434	0.04123	0.02257	0.06861	0.14454	0.00783	0.01251	0.03561	0.00773
6	0.15876	0.01105	0.01306	0.01249	0.01559	0.01075	0.00936	0.02238	0.01870	0.19023	0.08643	0.34149	0.04028	0.01817	0.00914	0.00302	0.00577	0.01572	0.00821	0.00941
7	0.01031	0.00763	0.00964	0.01124	0.01218	0.00696	0.00763	0.01192	0.01688	0.02196	0.05429	0.58013	0.16676	0.02570	0.01071	0.00335	0.00482	0.02302	0.00790	0.00696
8	0.01798	0.01110	0.01225	0.01114	0.01376	0.01181	0.00852	0.12930	0.02075	0.03240	0.02551	0.03219	0.02123	0.08423	0.11687	0.00457	0.00841	0.00850	0.42064	0.00882
9	0.01063	0.00856	0.00894	0.00890	0.01117	0.00744	0.00634	0.01252	0.01844	0.02260	0.11589	0.07571	0.48972	0.14693	0.01621	0.00385	0.00502	0.01674	0.00750	0.00687
10	0.01220	0.00895	0.01285	0.01285	0.01409	0.01019	0.00961	0.01467	0.01343	0.01914	0.02355	0.03761	0.02309	0.18351	0.55000	0.01266	0.02006	0.00973	0.00467	0.00714
11	0.01627	0.01067	0.01355	0.01338	0.01501	0.01095	0.00981	0.12454	0.01921	0.02560	0.03081	0.28386	0.03361	0.02432	0.01820	0.26039	0.00687	0.06909	0.00656	0.00729
12	0.01183	0.00836	0.01087	0.01176	0.01282	0.00801	0.00848	0.01414	0.01816	0.02461	0.19769	0.29102	0.05611	0.15797	0.01728	0.00430	0.00590	0.12594	0.00772	0.00703
13	0.21529	0.02381	0.01773	0.01631	0.02038	0.25495	0.01258	0.02865	0.10366	0.02729	0.02118	0.02386	0.04580	0.01974	0.12931	0.00456	0.01271	0.00712	0.00541	0.00964
14	0.01818	0.01612	0.01845	0.02008	0.10241	0.04631	0.01337	0.03141	0.31745	0.03048	0.09382	0.16058	0.06569	0.01481	0.00920	0.00289	0.00686	0.01288	0.00775	0.01123
15	0.07770	0.02941	0.36379	0.02148	0.07277	0.01651	0.02246	0.02335	0.01841	0.02844	0.13211	0.02808	0.02493	0.01623	0.08474	0.00395	0.01150	0.00826	0.00496	0.01094
16	0.01453	0.00815	0.00895	0.00895	0.01036	0.00833	0.00629	0.01737	0.01595	0.02641	0.02694	0.03811	0.02410	0.19445	0.09234	0.00496	0.00726	0.00922	0.47016	0.00718
17	0.01296	0.01131	0.01794	0.01613	0.01931	0.01045	0.12152	0.01642	0.01917	0.02469	0.08417	0.20118	0.23324	0.02021	0.01063	0.00323	0.00713	0.15491	0.00730	0.00812
18	0.05838	0.01860	0.03064	0.14723	0.48995	0.01934	0.02384	0.02505	0.01867	0.02758	0.01624	0.02148	0.01334	0.00786	0.00815	0.00255	0.00981	0.00744	0.04148	0.01234

[dist]
# distance from previous block
# <min> <max>
23	37

[block]
# block no. 1 follows, 21 sequences, length 8
# corresponding to MSA columns:
# 58-65
name=unknown_B
#
# <colnr> <probs for GDERKNQSTAVLIFYWHMCP>
#	G	D	E	R	K	N	Q	S	T	A	V	L	I	F	Y	W	H	M	C	P
0	0.01595	0.01167	0.01451	0.01301	0.01631	0.01132	0.00990	0.08489	0.01834	0.02657	0.02552	0.16811	0.02533	0.02843	0.18364	0.06699	0.01060	0.01092	0.06693	0.19108
1	0.01165	0.00947	0.01083	0.01053	0.01349	0.00790	0.00768	0.01389	0.01797	0.02348	0.05853	0.28383	0.31488	0.02035	0.00960	0.00276	0.00492	0.01761	0.00734	0.15329
2	0.01096	0.00821	0.01151	0.08180	0.01718	0.00817	0.00955	0.01288	0.01637	0.02173	0.04358	0.62500	0.05158	0.02476	0.01062	0.00339	0.00561	0.02245	0.00747	0.00718
3	0.02217	0.13669	0.03432	0.09188	0.42616	0.09601	0.02289	0.02656	0.01938	0.02523	0.01492	0.01930	0.01260	0.00774	0.00785	0.00240	0.01063	0.00684	0.00410	0.01232
4	0.23070	0.02268	0.07434	0.06051	0.18897	0.12070	0.01758	0.02727	0.01929	0.07895	0.06726	0.02207	0.01764	0.00899	0.00754	0.00255	0.00949	0.00702	0.00538	0.01105
5	0.01751	0.01571	0.02367	0.25296	0.20321	0.01714	0.01940	0.05449	0.07011	0.02673	0.03159	0.03879	0.12213	0.01201	0.00902	0.00284	0.00906	0.05744	0.00557	0.01063
6	0.02228	0.02021	0.03209	0.11862	0.48218	0.02105	0.02426	0.11970	0.02238	0.03121	0.01661	0.02115	0.01339	0.00811	0.00845	0.00257	0.01013	0.00759	0.00485	0.01318
7	0.11595	0.20300	0.02809	0.10205	0.19148	0.02099	0.01652	0.02250	0.01763	0.02518	0.02608	0.02886	0.11612	0.01252	0.03757	0.00295	0.00914	0.00814	0.00477	0.01044

[dist]
# distance from previous block
# <min> <max>
31	89

[block]
# block no. 2 follows, 21 sequences, length 111
# corresponding to MSA columns:
# 158-268
name=unknown_C
#
# <colnr> <probs for GDERKNQSTAVLIFYWHMCP>
#	G	D	E	R	K	N	Q	S	T	A	V	L	I	F	Y	W	H	M	C	P
0	0.01603	0.01759	0.08531	0.20954	0.06449	0.01607	0.14481	0.02181	0.05142	0.02407	0.02646	0.15725	0.05337	0.01385	0.01091	0.05049	0.00993	0.01184	0.00517	0.00961
1	0.09189	0.02758	0.17988	0.02973	0.21929	0.08281	0.02183	0.12502	0.04957	0.03280	0.04706	0.02150	0.01612	0.00893	0.00808	0.00257	0.01032	0.00727	0.00533	0.01241
2	0.20940	0.02155	0.09119	0.03059	0.27333	0.02034	0.01947	0.05570	0.13859	0.03301	0.01870	0.02095	0.01459	0.00861	0.00764	0.00264	0.00878	0.00709	0.00547	0.01234
3	0.01758	0.02772	0.27751	0.06864	0.24906	0.01820	0.05092	0.02427	0.01841	0.02619	0.02313	0.02678	0.07602	0.01225	0.04411	0.00326	0.01144	0.00830	0.00434	0.01186
4	0.02372	0.02106	0.06542	0.03102	0.27834	0.07840	0.01906	0.03014	0.08468	0.14065	0.02731	0.02836	0.07452	0.00991	0.00842	0.00253	0.00914	0.00852	0.00619	0.05261
5	0.09433	0.01910	0.02876	0.25957	0.35446	0.05102	0.02311	0.02491	0.01831	0.02645	0.01515	0.02061	0.01221	0.00799	0.00810	0.00263	0.01043	0.00717	0.00418	0.01151
6	0.24114	0.05618	0.02719	0.13080	0.33785	0.02043	0.02007	0.02511	0.01745	0.02957	0.01441	0.01873	0.01175	0.00780	0.00733	0.00257	0.00918	0.00653	0.00443	0.01147
7	0.02048	0.01962	0.03348	0.12601	0.57864	0.02007	0.02583	0.02560	0.01910	0.02709	0.01590	0.02125	0.01323	0.00769	0.00843	0.00256	0.01025	0.00758	0.00416	0.01301
8	0.02106	0.02022	0.03454	0.05223	0.64784	0.02022	0.02612	0.02612	0.01938	0.02780	0.01601	0.02106	0.01348	0.00758	0.00842	0.00253	0.01011	0.00758	0.00421	0.01348
9	0.01006	0.00862	0.00862	0.00862	0.01149	0.00718	0.00647	0.01221	0.01940	0.02299	0.08621	0.08190	0.64438	0.02155	0.01006	0.00287	0.00431	0.01796	0.00790	0.00718
10	0.01014	0.00829	0.00897	0.00951	0.01173	0.00711	0.00686	0.01211	0.01854	0.02264	0.07538	0.25094	0.48233	0.02296	0.01028	0.00303	0.00448	0.01968	0.00790	0.00711
11	0.01006	0.00862	0.00862	0.00862	0.01149	0.00718	0.00647	0.01221	0.01940	0.02299	0.08621	0.08190	0.64438	0.02155	0.01006	0.00287	0.00431	0.01796	0.00790	0.00718
12	0.46656	0.01565	0.01546	0.01280	0.01860	0.01641	0.01056	0.03172	0.01851	0.28894	0.02070	0.01999	0.01404	0.00897	0.00661	0.00263	0.00685	0.00622	0.00741	0.01136
13	0.03179	0.04056	0.02412	0.02192	0.02631	0.66676	0.01644	0.03398	0.02412	0.02083	0.01315	0.01535	0.01096	0.00877	0.00767	0.00219	0.01535	0.00548	0.00438	0.00987
14	0.01478	0.00739	0.01109	0.01109	0.01109	0.00739	0.00739	0.01109	0.01109	0.01478	0.01478	0.02587	0.01478	0.02956	0.03326	0.75240	0.00739	0.00739	0.00370	0.00370
15	0.02106	0.02022	0.03454	0.05223	0.64784	0.02022	0.02612	0.02612	0.01938	0.02780	0.01601	0.02106	0.01348	0.00758	0.00842	0.00253	0.01011	0.00758	0.00421	0.01348
16	0.01586	0.00793	0.00793	0.00793	0.00991	0.00793	0.00595	0.01983	0.01785	0.03173	0.02776	0.03173	0.02181	0.00991	0.00595	0.00198	0.00397	0.00793	0.74817	0.00793
17	0.01251	0.00963	0.01435	0.01414	0.01558	0.01147	0.01107	0.01548	0.01364	0.01979	0.02217	0.03263	0.02073	0.06118	0.63267	0.01314	0.05858	0.00903	0.00451	0.00769
18	0.01037	0.00741	0.00987	0.01185	0.01234	0.00691	0.00790	0.01185	0.01629	0.02172	0.04690	0.69537	0.05629	0.02666	0.01086	0.00346	0.00494	0.02419	0.00790	0.00691
19	0.02143	0.01648	0.01831	0.01605	0.02029	0.01775	0.01240	0.24220	0.17554	0.03709	0.03250	0.24964	0.03122	0.01585	0.00922	0.00287	0.00707	0.01355	0.00815	0.05243
20	0.02106	0.02022	0.03454	0.05223	0.64784	0.02022	0.02612	0.02612	0.01938	0.02780	0.01601	0.02106	0.01348	0.00758	0.00842	0.00253	0.01011	0.00758	0.00421	0.01348
21	0.01919	0.03621	0.46185	0.02523	0.07317	0.01969	0.05991	0.03021	0.10299	0.06206	0.01908	0.02093	0.01371	0.00861	0.00832	0.00272	0.01143	0.00716	0.00474	0.01280
22	0.01772	0.03970	0.53570	0.02740	0.06922	0.02005	0.11735	0.02695	0.01835	0.02704	0.01560	0.01886	0.01123	0.00793	0.00839	0.00271	0.01271	0.00691	0.00373	0.01246
23	0.03818	0.01448	0.01975	0.01514	0.02172	0.01251	0.01251	0.04147	0.02436	0.65373	0.03357	0.02897	0.02107	0.01053	0.00856	0.00263	0.00724	0.00856	0.01053	0.01448
24	0.01216	0.00912	0.01368	0.01368	0.01520	0.01064	0.01064	0.01520	0.01368	0.01976	0.02279	0.03343	0.02127	0.06382	0.66720	0.01368	0.02279	0.00912	0.00456	0.00760
25	0.02044	0.02000	0.03055	0.16518	0.37363	0.05522	0.05215	0.02720	0.07466	0.02692	0.01737	0.02191	0.01398	0.00808	0.00837	0.00254	0.01030	0.00761	0.00460	0.05931
26	0.01037	0.00741	0.00987	0.01185	0.01234	0.00691	0.00790	0.01185	0.01629	0.02172	0.04690	0.69537	0.05629	0.02666	0.01086	0.00346	0.00494	0.02419	0.00790	0.00691
27	0.01006	0.00862	0.00862	0.00862	0.01149	0.00718	0.00647	0.01221	0.01940	0.02299	0.08621	0.08190	0.64438	0.02155	0.01006	0.00287	0.00431	0.01796	0.00790	0.00718
28	0.02275	0.70604	0.04459	0.01456	0.02184	0.03367	0.01456	0.02548	0.01729	0.02002	0.01183	0.01365	0.01092	0.00728	0.00546	0.00182	0.00910	0.00455	0.00364	0.01092
29	0.02332	0.01739	0.02142	0.02266	0.14299	0.01836	0.01500	0.13592	0.22560	0.10789	0.03534	0.03440	0.10764	0.01176	0.00866	0.00269	0.00746	0.00986	0.03899	0.01265
30	0.01114	0.00780	0.00958	0.01068	0.01110	0.00745	0.00675	0.01207	0.01491	0.01973	0.04098	0.41294	0.07590	0.29158	0.02358	0.00531	0.00621	0.01923	0.00682	0.00624
31	0.02117	0.01828	0.01924	0.01732	0.02213	0.02117	0.01347	0.04522	0.63246	0.03560	0.03464	0.03175	0.02598	0.01155	0.00866	0.00289	0.00673	0.00962	0.00866	0.01347
32	0.01976	0.01981	0.03648	0.18148	0.37469	0.02026	0.17067	0.02547	0.01905	0.02638	0.01612	0.02187	0.01289	0.00768	0.00884	0.00268	0.01141	0.00818	0.00414	0.01213
33	0.01015	0.00862	0.00875	0.00872	0.01155	0.00723	0.00654	0.01240	0.01962	0.02353	0.11317	0.08101	0.61709	0.02135	0.01006	0.00286	0.00430	0.01784	0.00797	0.00723
34	0.02106	0.02022	0.03454	0.05223	0.64784	0.02022	0.02612	0.02612	0.01938	0.02780	0.01601	0.02106	0.01348	0.00758	0.00842	0.00253	0.01011	0.00758	0.00421	0.01348
35	0.01220	0.00895	0.01282	0.01282	0.01404	0.01017	0.00957	0.01465	0.01342	0.01912	0.02358	0.03778	0.02316	0.18822	0.54539	0.01262	0.01995	0.00975	0.00468	0.00712
36	0.03235	0.02384	0.02554	0.01958	0.02639	0.02639	0.01618	0.61946	0.04001	0.05363	0.02043	0.02043	0.01447	0.01022	0.00851	0.00255	0.00936	0.00766	0.00851	0.01447
37	0.03122	0.03796	0.02434	0.02172	0.02613	0.57651	0.01652	0.08820	0.02508	0.02389	0.01374	0.01598	0.01130	0.00919	0.00871	0.00230	0.04641	0.00578	0.00474	0.01027
38	0.01793	0.01822	0.01852	0.04923	0.02097	0.16828	0.01380	0.02072	0.01621	0.02021	0.01845	0.02648	0.01688	0.04100	0.38626	0.00899	0.11706	0.00794	0.00436	0.00847
39	0.01146	0.00945	0.01018	0.01001	0.01275	0.00861	0.00749	0.01593	0.07645	0.02611	0.18133	0.11283	0.44657	0.02019	0.00998	0.00288	0.00452	0.01712	0.00824	0.00790
40	0.02275	0.70604	0.04459	0.01456	0.02184	0.03367	0.01456	0.02548	0.01729	0.02002	0.01183	0.01365	0.01092	0.00728	0.00546	0.00182	0.00910	0.00455	0.00364	0.01092
41	0.01103	0.00800	0.01042	0.01121	0.01245	0.00738	0.00787	0.01358	0.01964	0.02685	0.29205	0.40415	0.09851	0.02261	0.01048	0.00311	0.00453	0.02026	0.00850	0.00738
42	0.01066	0.00864	0.00946	0.00925	0.01186	0.00744	0.00694	0.01338	0.02082	0.02637	0.25518	0.07634	0.47331	0.02029	0.01005	0.00281	0.00422	0.01718	0.00835	0.00744
43	0.01075	0.00784	0.01012	0.01125	0.01235	0.00721	0.00779	0.01292	0.01851	0.02489	0.19710	0.47983	0.12022	0.02388	0.01058	0.00321	0.00465	0.02142	0.00826	0.00721
44	0.03235	0.02384	0.02554	0.01958	0.02639	0.02639	0.01618	0.61946	0.04001	0.05363	0.02043	0.02043	0.01447	0.01022	0.00851	0.00255	0.00936	0.00766	0.00851	0.01447
45	0.01468	0.01198	0.01448	0.01230	0.01698	0.00954	0.00919	0.01752	0.01709	0.02528	0.02808	0.29400	0.03042	0.01460	0.00816	0.00216	0.00575	0.01285	0.00621	0.44874
46	0.03179	0.04056	0.02412	0.02192	0.02631	0.66676	0.01644	0.03398	0.02412	0.02083	0.01315	0.01535	0.01096	0.00877	0.00767	0.00219	0.01535	0.00548	0.00438	0.00987
47	0.01032	0.00759	0.00968	0.01135	0.01221	0.00695	0.00768	0.01191	0.01677	0.02192	0.05294	0.60109	0.14666	0.02588	0.01074	0.00337	0.00484	0.02323	0.00790	0.00695
48	0.01037	0.00741	0.00987	0.01185	0.01234	0.00691	0.00790	0.01185	0.01629	0.02172	0.04690	0.69537	0.05629	0.02666	0.01086	0.00346	0.00494	0.02419	0.00790	0.00691
49	0.01231	0.00852	0.01064	0.01064	0.01111	0.00899	0.00685	0.01325	0.01278	0.01751	0.02557	0.04882	0.02795	0.50415	0.23601	0.00993	0.01274	0.01137	0.00497	0.00591
50	0.01105	0.00868	0.01016	0.01105	0.01322	0.00780	0.00859	0.01352	0.01884	0.02337	0.06805	0.20527	0.37779	0.02305	0.01065	0.00325	0.00533	0.16513	0.00789	0.00730
51	0.01765	0.01513	0.01765	0.01260	0.02017	0.01134	0.01008	0.02143	0.01765	0.02773	0.01513	0.01765	0.01260	0.00630	0.00630	0.00126	0.00630	0.00504	0.00504	0.75295
52	0.01216	0.00912	0.01368	0.01368	0.01520	0.01064	0.01064	0.01520	0.01368	0.01976	0.02279	0.03343	0.02127	0.06382	0.66720	0.01368	0.02279	0.00912	0.00456	0.00760
53	0.01037	0.00741	0.00987	0.01185	0.01234	0.00691	0.00790	0.01185	0.01629	0.02172	0.04690	0.69537	0.05629	0.02666	0.01086	0.00346	0.00494	0.02419	0.00790	0.00691
54	0.01294	0.01113	0.01702	0.01627	0.01747	0.01209	0.07010	0.01506	0.01603	0.02203	0.03700	0.49687	0.04320	0.02244	0.01411	0.00345	0.13872	0.01953	0.00673	0.00783
55	0.01851	0.07843	0.39972	0.02782	0.03863	0.02128	0.24105	0.02697	0.01869	0.02662	0.01575	0.01949	0.01156	0.00771	0.00862	0.00270	0.01299	0.00753	0.00385	0.01208
56	0.02106	0.02022	0.03454	0.05223	0.64784	0.02022	0.02612	0.02612	0.01938	0.02780	0.01601	0.02106	0.01348	0.00758	0.00842	0.00253	0.01011	0.00758	0.00421	0.01348
57	0.01006	0.00862	0.00862	0.00862	0.01149	0.00718	0.00647	0.01221	0.01940	0.02299	0.08621	0.08190	0.64438	0.02155	0.01006	0.00287	0.00431	0.01796	0.00790	0.00718
58	0.01982	0.02596	0.19036	0.07487	0.46661	0.02004	0.02734	0.02612	0.01891	0.02730	0.01578	0.02036	0.01270	0.00775	0.00834	0.00258	0.01079	0.00726	0.00404	0.01306
59	0.01794	0.03853	0.50797	0.02947	0.12734	0.02000	0.08608	0.02686	0.01837	0.02710	0.01556	0.01889	0.01138	0.00793	0.00832	0.00269	0.01238	0.00683	0.00375	0.01261
60	0.03179	0.04056	0.02412	0.02192	0.02631	0.66676	0.01644	0.03398	0.02412	0.02083	0.01315	0.01535	0.01096	0.00877	0.00767	0.00219	0.01535	0.00548	0.00438	0.00987
61	0.02941	0.14158	0.02824	0.02357	0.08278	0.50942	0.01704	0.03194	0.02263	0.02134	0.01321	0.01561	0.01119	0.00843	0.00740	0.00217	0.01390	0.00553	0.00425	0.01036
62	0.03235	0.02384	0.02554	0.01958	0.02639	0.02639	0.01618	0.61946	0.04001	0.05363	0.02043	0.02043	0.01447	0.01022	0.00851	0.00255	0.00936	0.00766	0.00851	0.01447
63	0.02060	0.01975	0.03371	0.11001	0.59364	0.02010	0.02589	0.02572	0.01916	0.02725	0.01593	0.02121	0.01328	0.00767	0.00843	0.00256	0.01022	0.00758	0.00417	0.01311
64	0.01006	0.00862	0.00862	0.00862	0.01149	0.00718	0.00647	0.01221	0.01940	0.02299	0.08621	0.08190	0.64438	0.02155	0.01006	0.00287	0.00431	0.01796	0.00790	0.00718
65	0.01600	0.01238	0.01386	0.01289	0.01477	0.04352	0.00929	0.10188	0.01774	0.02353	0.02680	0.04213	0.05505	0.30909	0.25489	0.00878	0.01368	0.01050	0.00553	0.00769
66	0.03113	0.01603	0.01980	0.01537	0.02191	0.01483	0.01251	0.09127	0.11400	0.38533	0.02892	0.02638	0.01953	0.00983	0.00813	0.00240	0.00718	0.00795	0.00900	0.15852
67	0.01586	0.00793	0.00793	0.00793	0.00991	0.00793	0.00595	0.01983	0.01785	0.03173	0.02776	0.03173	0.02181	0.00991	0.00595	0.00198	0.00397	0.00793	0.74817	0.00793
68	0.03159	0.02289	0.02469	0.01917	0.02578	0.02527	0.01576	0.53986	0.09378	0.07979	0.02235	0.02187	0.01584	0.01035	0.00853	0.00259	0.00902	0.00788	0.00862	0.01438
69	0.02009	0.02296	0.05022	0.03587	0.04448	0.02152	0.61693	0.02726	0.02009	0.02726	0.01722	0.02296	0.01291	0.00717	0.01004	0.00287	0.01435	0.01004	0.00430	0.01148
70	0.02275	0.70604	0.04459	0.01456	0.02184	0.03367	0.01456	0.02548	0.01729	0.02002	0.01183	0.01365	0.01092	0.00728	0.00546	0.00182	0.00910	0.00455	0.00364	0.01092
71	0.01192	0.00869	0.01120	0.01057	0.01264	0.00798	0.00793	0.01582	0.02379	0.03342	0.60801	0.06473	0.11608	0.01766	0.01004	0.00269	0.00403	0.01555	0.00928	0.00798
72	0.03235	0.02384	0.02554	0.01958	0.02639	0.02639	0.01618	0.61946	0.04001	0.05363	0.02043	0.02043	0.01447	0.01022	0.00851	0.00255	0.00936	0.00766	0.00851	0.01447
73	0.01037	0.00741	0.00987	0.01185	0.01234	0.00691	0.00790	0.01185	0.01629	0.02172	0.04690	0.69537	0.05629	0.02666	0.01086	0.00346	0.00494	0.02419	0.00790	0.00691
74	0.01984	0.01042	0.01387	0.01203	0.01540	0.00937	0.00937	0.02364	0.02417	0.21895	0.46146	0.05325	0.06263	0.01535	0.00960	0.00266	0.00498	0.01335	0.00972	0.00995
75	0.03196	0.03557	0.02454	0.02122	0.02633	0.47574	0.01636	0.20862	0.02886	0.03061	0.01533	0.01686	0.01201	0.00920	0.00792	0.00230	0.01356	0.00613	0.00562	0.01124
76	0.72407	0.05099	0.01411	0.01136	0.01673	0.01982	0.00948	0.02504	0.01462	0.03727	0.01185	0.01382	0.00930	0.00787	0.00528	0.00259	0.00671	0.00461	0.00519	0.00930
77	0.01117	0.00774	0.00964	0.01082	0.01112	0.00745	0.00680	0.01206	0.01472	0.01963	0.03886	0.43914	0.04613	0.29674	0.02386	0.00538	0.00626	0.01946	0.00680	0.00621
78	0.76103	0.01646	0.01251	0.01119	0.01646	0.01909	0.00922	0.02502	0.01448	0.03818	0.01185	0.01382	0.00922	0.00790	0.00527	0.00263	0.00658	0.00461	0.00527	0.00922
79	0.03279	0.01465	0.01920	0.01448	0.02132	0.01220	0.01187	0.03621	0.02260	0.48945	0.02873	0.02600	0.01885	0.00942	0.00797	0.00227	0.00699	0.00764	0.00909	0.20828
80	0.01234	0.00837	0.00990	0.00990	0.01011	0.00859	0.00593	0.01277	0.01256	0.01696	0.02625	0.05256	0.02958	0.61143	0.13096	0.00901	0.01029	0.01192	0.00507	0.00550
81	0.02117	0.01828	0.01924	0.01732	0.02213	0.02117	0.01347	0.04522	0.63246	0.03560	0.03464	0.03175	0.02598	0.01155	0.00866	0.00289	0.00673	0.00962	0.00866	0.01347
82	0.76103	0.01646	0.01251	0.01119	0.01646	0.01909	0.00922	0.02502	0.01448	0.03818	0.01185	0.01382	0.00922	0.00790	0.00527	0.00263	0.00658	0.00461	0.00527	0.00922
83	0.01707	0.04402	0.65683	0.02426	0.03683	0.01976	0.03144	0.02695	0.01797	0.02695	0.01527	0.01797	0.01078	0.00809	0.00809	0.00270	0.01258	0.00629	0.00359	0.01258
84	0.02117	0.01828	0.01924	0.01732	0.02213	0.02117	0.01347	0.04522	0.63246	0.03560	0.03464	0.03175	0.02598	0.01155	0.00866	0.00289	0.00673	0.00962	0.00866	0.01347
85	0.02117	0.01828	0.01924	0.01732	0.02213	0.02117	0.01347	0.04522	0.63246	0.03560	0.03464	0.03175	0.02598	0.01155	0.00866	0.00289	0.00673	0.00962	0.00866	0.01347
86	0.03818	0.01448	0.01975	0.01514	0.02172	0.01251	0.01251	0.04147	0.02436	0.65373	0.03357	0.02897	0.02107	0.01053	0.00856	0.00263	0.00724	0.00856	0.01053	0.01448
87	0.02337	0.06518	0.02670	0.02866	0.21742	0.08330	0.01802	0.09474	0.28571	0.03260	0.02394	0.02459	0.01856	0.00965	0.00828	0.00261	0.00901	0.00808	0.00654	0.01307
88	0.01037	0.00741	0.00987	0.01185	0.01234	0.00691	0.00790	0.01185	0.01629	0.02172	0.04690	0.69537	0.05629	0.02666	0.01086	0.00346	0.00494	0.02419	0.00790	0.00691
89	0.01013	0.00833	0.00892	0.00940	0.01170	0.00712	0.00681	0.01213	0.01865	0.02268	0.07671	0.23011	0.50230	0.02279	0.01025	0.00301	0.00446	0.01947	0.00790	0.00712
90	0.01829	0.01784	0.02965	0.10160	0.21442	0.02071	0.09333	0.02234	0.01631	0.02352	0.01550	0.02251	0.01359	0.01837	0.11296	0.00465	0.23169	0.00807	0.00407	0.01058
91	0.01925	0.21216	0.34054	0.02394	0.03365	0.02411	0.14364	0.02628	0.01795	0.02484	0.01454	0.01787	0.01127	0.00806	0.00886	0.00256	0.04835	0.00665	0.00376	0.01175
92	0.01219	0.00817	0.00934	0.00952	0.00957	0.00812	0.00542	0.01233	0.01275	0.01700	0.02872	0.11624	0.03334	0.63710	0.04024	0.00780	0.00794	0.01349	0.00542	0.00532
93	0.72455	0.01683	0.01316	0.01161	0.01696	0.01946	0.00956	0.05478	0.01576	0.03896	0.01228	0.01416	0.00948	0.00802	0.00543	0.00263	0.00672	0.00476	0.00543	0.00948
94	0.02581	0.03050	0.02007	0.01825	0.02241	0.43294	0.01379	0.05775	0.06232	0.02389	0.03279	0.03296	0.16748	0.01215	0.00836	0.00242	0.01180	0.00891	0.00572	0.00966
95	0.02187	0.02943	0.19951	0.06588	0.27464	0.11600	0.02438	0.05718	0.07695	0.02819	0.01727	0.02041	0.01347	0.00843	0.00825	0.00257	0.01127	0.00711	0.00466	0.01255
96	0.01216	0.00912	0.01368	0.01368	0.01520	0.01064	0.01064	0.01520	0.01368	0.01976	0.02279	0.03343	0.02127	0.06382	0.66720	0.01368	0.02279	0.00912	0.00456	0.00760
97	0.02117	0.01828	0.01924	0.01732	0.02213	0.02117	0.01347	0.04522	0.63246	0.03560	0.03464	0.03175	0.02598	0.01155	0.00866	0.00289	0.00673	0.00962	0.00866	0.01347
98	0.01012	0.00836	0.00889	0.00931	0.01167	0.00713	0.00677	0.01214	0.01874	0.02272	0.07787	0.21203	0.51963	0.02264	0.01023	0.00300	0.00444	0.01928	0.00790	0.00713
99	0.01017	0.00863	0.00877	0.00874	0.01156	0.00723	0.00655	0.01243	0.01966	0.02360	0.11695	0.08089	0.61327	0.02132	0.01006	0.00286	0.00429	0.01782	0.00798	0.00723
100	0.76103	0.01646	0.01251	0.01119	0.01646	0.01909	0.00922	0.02502	0.01448	0.03818	0.01185	0.01382	0.00922	0.00790	0.00527	0.00263	0.00658	0.00461	0.00527	0.00922
101	0.01862	0.01862	0.02607	0.02234	0.02234	0.02607	0.01862	0.02048	0.01303	0.02048	0.01117	0.01862	0.01117	0.01489	0.02793	0.00372	0.68535	0.00745	0.00372	0.00931
102	0.03235	0.02384	0.02554	0.01958	0.02639	0.02639	0.01618	0.61946	0.04001	0.05363	0.02043	0.02043	0.01447	0.01022	0.00851	0.00255	0.00936	0.00766	0.00851	0.01447
103	0.01707	0.04402	0.65683	0.02426	0.03683	0.01976	0.03144	0.02695	0.01797	0.02695	0.01527	0.01797	0.01078	0.00809	0.00809	0.00270	0.01258	0.00629	0.00359	0.01258
104	0.01607	0.01513	0.02552	0.68047	0.05861	0.01891	0.02363	0.02174	0.01702	0.02174	0.01513	0.02269	0.01134	0.00851	0.00851	0.00284	0.01134	0.00756	0.00378	0.00945
105	0.01824	0.01734	0.02944	0.40755	0.31458	0.01948	0.02471	0.02364	0.01804	0.02438	0.01551	0.02198	0.01227	0.00811	0.00847	0.00270	0.01081	0.00757	0.00397	0.01120
106	0.01843	0.01818	0.03279	0.35972	0.25278	0.01980	0.12675	0.02415	0.01833	0.02472	0.01578	0.02219	0.01233	0.00797	0.00875	0.00274	0.01145	0.00800	0.00402	0.01115
107	0.68773	0.01720	0.01382	0.01204	0.01746	0.01983	0.00992	0.08482	0.01705	0.03974	0.01271	0.01449	0.00975	0.00813	0.00559	0.00263	0.00686	0.00492	0.00559	0.00975
108	0.01238	0.00825	0.00928	0.00928	0.00928	0.00825	0.00516	0.01238	0.01238	0.01650	0.02681	0.05569	0.03094	0.70092	0.04331	0.00825	0.00825	0.01238	0.00516	0.00516
109	0.05002	0.00956	0.01187	0.01157	0.01302	0.01077	0.00864	0.01681	0.01464	0.02355	0.02376	0.03539	0.02209	0.16667	0.27981	0.00804	0.05570	0.00908	0.22160	0.00741
110	0.02919	0.03108	0.02715	0.02909	0.18546	0.33775	0.01885	0.18143	0.02696	0.03099	0.01574	0.01811	0.01250	0.00883	0.00808	0.00237	0.01248	0.00658	0.00539	0.01197

[dist]
# distance from previous block
# <min> <max>
0	1

[block]
# block no. 3 follows, 21 sequences, length 88
# corresponding to MSA columns:
# 270-357
name=unknown_D
#
# <colnr> <probs for GDERKNQSTAVLIFYWHMCP>
#	G	D	E	R	K	N	Q	S	T	A	V	L	I	F	Y	W	H	M	C	P
0	0.10425	0.06228	0.02166	0.01858	0.02278	0.45948	0.01418	0.02964	0.02280	0.02485	0.11954	0.02327	0.02250	0.01007	0.00772	0.00230	0.01224	0.00702	0.00529	0.00953
1	0.63891	0.01709	0.04712	0.01184	0.01715	0.01792	0.01028	0.02414	0.01572	0.03713	0.08118	0.01949	0.01708	0.00895	0.00594	0.00264	0.00663	0.00588	0.00563	0.00927
2	0.01707	0.04402	0.65683	0.02426	0.03683	0.01976	0.03144	0.02695	0.01797	0.02695	0.01527	0.01797	0.01078	0.00809	0.00809	0.00270	0.01258	0.00629	0.00359	0.01258
3	0.02296	0.02205	0.02007	0.01810	0.02284	0.13035	0.01397	0.04332	0.52958	0.03310	0.03100	0.02898	0.02344	0.01108	0.00849	0.00277	0.00819	0.00892	0.00794	0.01286
4	0.01017	0.00819	0.00907	0.00977	0.01180	0.00709	0.00697	0.01208	0.01830	0.02254	0.07228	0.29934	0.43594	0.02336	0.01034	0.00308	0.00453	0.02017	0.00790	0.00709
5	0.01707	0.04402	0.65683	0.02426	0.03683	0.01976	0.03144	0.02695	0.01797	0.02695	0.01527	0.01797	0.01078	0.00809	0.00809	0.00270	0.01258	0.00629	0.00359	0.01258
6	0.01969	0.02570	0.12924	0.03436	0.04348	0.02129	0.54066	0.02722	0.01981	0.02722	0.01696	0.02231	0.01263	0.00729	0.00979	0.00285	0.01412	0.00955	0.00421	0.01162
7	0.01834	0.01582	0.01654	0.01510	0.01942	0.01760	0.01168	0.03681	0.47621	0.03239	0.04778	0.04453	0.18359	0.01410	0.00902	0.00288	0.00612	0.01175	0.00847	0.01187
8	0.02826	0.01229	0.01657	0.01346	0.01830	0.01081	0.01081	0.03183	0.02426	0.41858	0.26499	0.04210	0.04355	0.01314	0.00912	0.00265	0.00602	0.01115	0.01009	0.01203
9	0.01423	0.01358	0.02590	0.02139	0.02511	0.01272	0.24986	0.01797	0.01780	0.02392	0.03511	0.42823	0.03905	0.01892	0.01054	0.00322	0.00868	0.01857	0.00647	0.00873
10	0.02106	0.02022	0.03454	0.05223	0.64784	0.02022	0.02612	0.02612	0.01938	0.02780	0.01601	0.02106	0.01348	0.00758	0.00842	0.00253	0.01011	0.00758	0.00421	0.01348
11	0.01204	0.00870	0.01138	0.01071	0.01271	0.00803	0.00803	0.01606	0.02409	0.03413	0.64335	0.06357	0.08030	0.01740	0.01004	0.00268	0.00401	0.01539	0.00937	0.00803
12	0.01398	0.01153	0.01750	0.01609	0.01769	0.01395	0.04153	0.01705	0.01410	0.02093	0.02059	0.03001	0.01898	0.04876	0.47684	0.01061	0.14722	0.00878	0.04575	0.00813
13	0.03179	0.04056	0.02412	0.02192	0.02631	0.66676	0.01644	0.03398	0.02412	0.02083	0.01315	0.01535	0.01096	0.00877	0.00767	0.00219	0.01535	0.00548	0.00438	0.00987
14	0.03818	0.01448	0.01975	0.01514	0.02172	0.01251	0.01251	0.04147	0.02436	0.65373	0.03357	0.02897	0.02107	0.01053	0.00856	0.00263	0.00724	0.00856	0.01053	0.01448
15	0.01076	0.00864	0.00963	0.00967	0.01217	0.00752	0.00731	0.01343	0.02040	0.02578	0.21796	0.10817	0.44586	0.02089	0.01018	0.00291	0.00446	0.04860	0.00826	0.00741
16	0.02578	0.03120	0.03346	0.02682	0.03202	0.34804	0.22505	0.02965	0.02108	0.02301	0.01427	0.01847	0.01167	0.00912	0.01150	0.00265	0.11425	0.00735	0.00426	0.01034
17	0.03296	0.02286	0.02493	0.01912	0.02590	0.02494	0.01579	0.55906	0.03838	0.11634	0.02180	0.02132	0.01516	0.01025	0.00852	0.00256	0.00914	0.00776	0.00872	0.01447
18	0.02101	0.02037	0.03541	0.05133	0.61433	0.02029	0.05893	0.02618	0.01942	0.02777	0.01607	0.02117	0.01345	0.00756	0.00851	0.00255	0.01035	0.00772	0.00422	0.01337
19	0.01037	0.00741	0.00987	0.01185	0.01234	0.00691	0.00790	0.01185	0.01629	0.02172	0.04690	0.69537	0.05629	0.02666	0.01086	0.00346	0.00494	0.02419	0.00790	0.00691
20	0.02106	0.02022	0.03454	0.05223	0.64784	0.02022	0.02612	0.02612	0.01938	0.02780	0.01601	0.02106	0.01348	0.00758	0.00842	0.00253	0.01011	0.00758	0.00421	0.01348
21	0.01204	0.00870	0.01138	0.01071	0.01271	0.00803	0.00803	0.01606	0.02409	0.03413	0.64335	0.06357	0.08030	0.01740	0.01004	0.00268	0.00401	0.01539	0.00937	0.00803
22	0.01006	0.00862	0.00862	0.00862	0.01149	0.00718	0.00647	0.01221	0.01940	0.02299	0.08621	0.08190	0.64438	0.02155	0.01006	0.00287	0.00431	0.01796	0.00790	0.00718
23	0.01037	0.00741	0.00987	0.01185	0.01234	0.00691	0.00790	0.01185	0.01629	0.02172	0.04690	0.69537	0.05629	0.02666	0.01086	0.00346	0.00494	0.02419	0.00790	0.00691
24	0.01586	0.00793	0.00793	0.00793	0.00991	0.00793	0.00595	0.01983	0.01785	0.03173	0.02776	0.03173	0.02181	0.00991	0.00595	0.00198	0.00397	0.00793	0.74817	0.00793
25	0.01225	0.00947	0.01126	0.01067	0.01315	0.00888	0.00804	0.01740	0.07313	0.03114	0.43753	0.06605	0.23317	0.01807	0.00993	0.00275	0.00432	0.01563	0.00890	0.00824
26	0.76103	0.01646	0.01251	0.01119	0.01646	0.01909	0.00922	0.02502	0.01448	0.03818	0.01185	0.01382	0.00922	0.00790	0.00527	0.00263	0.00658	0.00461	0.00527	0.00922
27	0.02022	0.41160	0.31690	0.01887	0.02851	0.02749	0.02207	0.02614	0.01759	0.02310	0.01336	0.01557	0.01086	0.00764	0.00663	0.00221	0.01065	0.00532	0.00362	0.01166
28	0.02428	0.59349	0.04113	0.01581	0.02260	0.14074	0.01488	0.02692	0.01845	0.02016	0.01205	0.01394	0.01093	0.00753	0.00583	0.00188	0.01016	0.00471	0.00377	0.01074
29	0.01254	0.00899	0.01308	0.01308	0.01464	0.01035	0.01015	0.01568	0.01411	0.02101	0.02331	0.03325	0.02133	0.05819	0.59810	0.01245	0.02083	0.00899	0.08227	0.00763
30	0.01911	0.09352	0.03229	0.02984	0.19000	0.02026	0.16343	0.02693	0.12238	0.02685	0.02632	0.09662	0.05843	0.01133	0.00984	0.00277	0.04257	0.01056	0.00551	0.01143
31	0.03044	0.06605	0.02483	0.02061	0.02552	0.45805	0.01598	0.16416	0.02681	0.02811	0.01525	0.01738	0.01230	0.01199	0.04329	0.00288	0.01411	0.00612	0.00529	0.01083
32	0.01816	0.02732	0.28245	0.13282	0.03484	0.01833	0.08449	0.05386	0.08629	0.02904	0.01984	0.02315	0.01473	0.00884	0.00810	0.00264	0.01036	0.00759	0.12581	0.01136
33	0.10256	0.15933	0.13443	0.02172	0.06437	0.30301	0.01857	0.02917	0.02000	0.02394	0.01322	0.01582	0.01091	0.00850	0.00807	0.00235	0.04364	0.00558	0.00416	0.01065
34	0.09610	0.01894	0.01624	0.10928	0.02224	0.17946	0.01167	0.04719	0.01811	0.02409	0.01997	0.03184	0.01895	0.23706	0.01911	0.00432	0.00984	0.00837	0.09910	0.00814
35	0.06784	0.01852	0.02378	0.05306	0.02625	0.01852	0.07953	0.20571	0.02424	0.03526	0.01829	0.05571	0.01522	0.00938	0.00886	0.00225	0.04492	0.00767	0.00606	0.27893
36	0.01515	0.01050	0.01177	0.01123	0.01248	0.01088	0.00735	0.08965	0.04485	0.02358	0.02940	0.14369	0.03193	0.44661	0.03059	0.00625	0.00760	0.01318	0.04620	0.00710
37	0.02122	0.01733	0.01936	0.01567	0.02098	0.01792	0.01233	0.15196	0.20146	0.03376	0.02298	0.02658	0.01883	0.08524	0.01284	0.00292	0.04914	0.00788	0.00676	0.25483
38	0.02589	0.01883	0.02038	0.01641	0.02107	0.02054	0.01278	0.42575	0.03137	0.04202	0.02338	0.06074	0.02088	0.19996	0.01814	0.00415	0.00886	0.00970	0.00757	0.01158
39	0.02081	0.01702	0.02462	0.08863	0.02793	0.01831	0.11584	0.22711	0.02496	0.03380	0.06005	0.06591	0.02257	0.05940	0.14813	0.00532	0.01258	0.01001	0.00632	0.01069
40	0.02031	0.01969	0.03426	0.13786	0.52938	0.02012	0.06220	0.02558	0.01910	0.02693	0.01596	0.02140	0.01315	0.00768	0.00854	0.00259	0.01054	0.00773	0.00416	0.01280
41	0.01469	0.01157	0.01331	0.01347	0.01593	0.01212	0.01035	0.02329	0.19743	0.02610	0.04616	0.13059	0.14186	0.13457	0.01580	0.00412	0.00668	0.16550	0.00764	0.00882
42	0.01649	0.01508	0.02505	0.47103	0.14677	0.01763	0.02242	0.02178	0.01782	0.02333	0.02015	0.03437	0.01782	0.01080	0.00902	0.00296	0.01057	0.10256	0.00451	0.00984
43	0.01847	0.03395	0.40135	0.06296	0.22429	0.01994	0.02845	0.02747	0.05248	0.02745	0.01657	0.01990	0.01248	0.00814	0.00824	0.00266	0.01144	0.00693	0.00407	0.01276
44	0.01037	0.00741	0.00987	0.01185	0.01234	0.00691	0.00790	0.01185	0.01629	0.02172	0.04690	0.69537	0.05629	0.02666	0.01086	0.00346	0.00494	0.02419	0.00790	0.00691
45	0.01048	0.00745	0.00984	0.01171	0.01218	0.00698	0.00775	0.01188	0.01608	0.02144	0.04582	0.66078	0.05491	0.06312	0.01262	0.00372	0.00512	0.02355	0.00775	0.00682
46	0.02896	0.02202	0.02554	0.15729	0.03310	0.02483	0.01773	0.49491	0.03522	0.04699	0.01933	0.02090	0.01382	0.00986	0.00851	0.00261	0.00978	0.00764	0.00753	0.01343
47	0.01046	0.00759	0.00970	0.01134	0.01206	0.00702	0.00757	0.01192	0.01639	0.02154	0.04997	0.58876	0.11912	0.06767	0.01277	0.00369	0.00507	0.02278	0.00773	0.00683
48	0.01006	0.00862	0.00862	0.00862	0.01149	0.00718	0.00647	0.01221	0.01940	0.02299	0.08621	0.08190	0.64438	0.02155	0.01006	0.00287	0.00431	0.01796	0.00790	0.00718
49	0.02106	0.02022	0.03454	0.05223	0.64784	0.02022	0.02612	0.02612	0.01938	0.02780	0.01601	0.02106	0.01348	0.00758	0.00842	0.00253	0.01011	0.00758	0.00421	0.01348
50	0.02033	0.02106	0.03856	0.03339	0.14077	0.02170	0.32755	0.03010	0.14683	0.02838	0.02001	0.02401	0.01555	0.00896	0.01135	0.00290	0.08216	0.00926	0.00514	0.01201
51	0.02382	0.01829	0.02839	0.10536	0.36915	0.01876	0.02129	0.03157	0.11578	0.14779	0.02217	0.02441	0.01665	0.00886	0.00850	0.00264	0.00916	0.00808	0.00607	0.01325
52	0.01025	0.00863	0.00889	0.00883	0.01162	0.00727	0.00662	0.01259	0.01986	0.02409	0.14140	0.08008	0.58851	0.02114	0.01006	0.00285	0.00428	0.01771	0.00805	0.00727
53	0.02487	0.01951	0.02198	0.05235	0.02536	0.01957	0.01395	0.31219	0.06159	0.04037	0.01875	0.02003	0.01416	0.00860	0.00762	0.00206	0.00808	0.00669	0.00685	0.31544
54	0.02106	0.02022	0.03454	0.05223	0.64784	0.02022	0.02612	0.02612	0.01938	0.02780	0.01601	0.02106	0.01348	0.00758	0.00842	0.00253	0.01011	0.00758	0.00421	0.01348
55	0.02136	0.41162	0.17666	0.01745	0.02500	0.09746	0.01815	0.02567	0.01781	0.02164	0.01389	0.01687	0.01198	0.01353	0.07544	0.00330	0.01200	0.00552	0.00381	0.01083
56	0.02004	0.19860	0.41109	0.02162	0.03139	0.09101	0.02518	0.02698	0.01818	0.02431	0.01401	0.01671	0.01085	0.00834	0.00852	0.00249	0.04940	0.00586	0.00369	0.01172
57	0.01310	0.00960	0.01285	0.01448	0.01659	0.00935	0.01249	0.01672	0.01956	0.02505	0.05202	0.09361	0.14967	0.02318	0.01147	0.00374	0.00724	0.49372	0.00785	0.00773
58	0.01966	0.01968	0.03655	0.04322	0.40477	0.01921	0.19720	0.02496	0.01926	0.02701	0.01959	0.09208	0.01779	0.00946	0.00915	0.00272	0.01081	0.01004	0.00462	0.01221
59	0.03182	0.03963	0.02420	0.02179	0.02631	0.63120	0.01643	0.06649	0.02500	0.02265	0.01356	0.01563	0.01116	0.00885	0.00772	0.00221	0.01501	0.00560	0.00461	0.01012
60	0.01006	0.00862	0.00862	0.00862	0.01149	0.00718	0.00647	0.01221	0.01940	0.02299	0.08621	0.08190	0.64438	0.02155	0.01006	0.00287	0.00431	0.01796	0.00790	0.00718
61	0.01026	0.00863	0.00890	0.00883	0.01162	0.00727	0.00662	0.01260	0.01987	0.02411	0.14235	0.08005	0.58754	0.02113	0.01006	0.00285	0.00428	0.01770	0.00805	0.00727
62	0.01006	0.00862	0.00862	0.00862	0.01149	0.00718	0.00647	0.01221	0.01940	0.02299	0.08621	0.08190	0.64438	0.02155	0.01006	0.00287	0.00431	0.01796	0.00790	0.00718
63	0.03818	0.01448	0.01975	0.01514	0.02172	0.01251	0.01251	0.04147	0.02436	0.65373	0.03357	0.02897	0.02107	0.01053	0.00856	0.00263	0.00724	0.00856	0.01053	0.01448
64	0.01156	0.00791	0.00952	0.01033	0.01053	0.00770	0.00628	0.01216	0.01398	0.01863	0.03502	0.31701	0.04129	0.42548	0.03006	0.00629	0.00690	0.01720	0.00628	0.00587
65	0.01707	0.04402	0.65683	0.02426	0.03683	0.01976	0.03144	0.02695	0.01797	0.02695	0.01527	0.01797	0.01078	0.00809	0.00809	0.00270	0.01258	0.00629	0.00359	0.01258
66	0.01765	0.01513	0.01765	0.01260	0.02017	0.01134	0.01008	0.02143	0.01765	0.02773	0.01513	0.01765	0.01260	0.00630	0.00630	0.00126	0.00630	0.00504	0.00504	0.75295
67	0.02614	0.02238	0.02538	0.26932	0.03855	0.09368	0.01902	0.32972	0.02959	0.03800	0.01763	0.02073	0.01291	0.00941	0.00842	0.00262	0.01077	0.00739	0.00627	0.01207
68	0.01259	0.00823	0.00920	0.00920	0.00932	0.00823	0.00521	0.01284	0.01271	0.01744	0.02687	0.05421	0.03038	0.65832	0.04101	0.00786	0.00799	0.01210	0.05096	0.00533
69	0.03818	0.01448	0.01975	0.01514	0.02172	0.01251	0.01251	0.04147	0.02436	0.65373	0.03357	0.02897	0.02107	0.01053	0.00856	0.00263	0.00724	0.00856	0.01053	0.01448
70	0.01112	0.00866	0.01009	0.00973	0.01214	0.00763	0.00730	0.01426	0.02190	0.02892	0.38299	0.07213	0.34390	0.01934	0.01005	0.00277	0.00415	0.01659	0.00868	0.00763
71	0.76103	0.01646	0.01251	0.01119	0.01646	0.01909	0.00922	0.02502	0.01448	0.03818	0.01185	0.01382	0.00922	0.00790	0.00527	0.00263	0.00658	0.00461	0.00527	0.00922
72	0.02117	0.01828	0.01924	0.01732	0.02213	0.02117	0.01347	0.04522	0.63246	0.03560	0.03464	0.03175	0.02598	0.01155	0.00866	0.00289	0.00673	0.00962	0.00866	0.01347
73	0.76103	0.01646	0.01251	0.01119	0.01646	0.01909	0.00922	0.02502	0.01448	0.03818	0.01185	0.01382	0.00922	0.00790	0.00527	0.00263	0.00658	0.00461	0.00527	0.00922
74	0.02615	0.03024	0.03082	0.03628	0.29853	0.33174	0.07036	0.03000	0.02172	0.02440	0.01473	0.01847	0.01222	0.00812	0.00820	0.00239	0.01298	0.00677	0.00430	0.01157
75	0.01966	0.01631	0.01906	0.01422	0.02096	0.01435	0.01147	0.11331	0.02065	0.03093	0.01618	0.01900	0.01331	0.01053	0.04446	0.00227	0.04088	0.00579	0.00549	0.56120
76	0.04530	0.00897	0.01134	0.01079	0.01286	0.00846	0.00808	0.01623	0.02324	0.03364	0.58307	0.09542	0.07584	0.01747	0.00987	0.00272	0.00418	0.01538	0.00911	0.00802
77	0.02942	0.02128	0.02326	0.01809	0.02453	0.02277	0.01477	0.46625	0.06310	0.08072	0.02268	0.05762	0.01743	0.01078	0.00842	0.00249	0.00857	0.00842	0.00823	0.09119
78	0.02433	0.01528	0.01857	0.01541	0.02001	0.01602	0.01243	0.22339	0.02552	0.15338	0.05740	0.02899	0.02174	0.02750	0.21773	0.00602	0.01250	0.00860	0.04751	0.04768
79	0.02455	0.51902	0.07337	0.01633	0.02366	0.06579	0.01585	0.12648	0.02154	0.02612	0.01354	0.01512	0.01152	0.00790	0.00624	0.00201	0.00967	0.00522	0.00450	0.01155
80	0.01514	0.01444	0.01248	0.01187	0.01436	0.11980	0.00858	0.01837	0.04983	0.02440	0.17987	0.05927	0.26917	0.14708	0.01590	0.00374	0.00698	0.01383	0.00714	0.00774
81	0.01035	0.00748	0.00980	0.01165	0.01229	0.00693	0.00781	0.01187	0.01648	0.02180	0.04933	0.65755	0.09254	0.02635	0.01081	0.00342	0.00490	0.02381	0.00790	0.00693
82	0.03179	0.04056	0.02412	0.02192	0.02631	0.66676	0.01644	0.03398	0.02412	0.02083	0.01315	0.01535	0.01096	0.00877	0.00767	0.00219	0.01535	0.00548	0.00438	0.00987
83	0.02611	0.10143	0.02757	0.02599	0.15434	0.21503	0.01750	0.11956	0.17002	0.03051	0.01980	0.02101	0.01558	0.00923	0.00795	0.00244	0.01064	0.00712	0.00589	0.01227
84	0.01509	0.00818	0.00913	0.00913	0.01102	0.00850	0.00693	0.01886	0.01698	0.02923	0.02673	0.03208	0.02170	0.02115	0.14373	0.00442	0.00789	0.00818	0.59322	0.00786
85	0.01320	0.00875	0.01189	0.01189	0.01348	0.00978	0.00910	0.01637	0.01478	0.02296	0.02435	0.03388	0.02183	0.07527	0.45705	0.01019	0.01694	0.00892	0.21177	0.00759
86	0.01518	0.00962	0.01270	0.01229	0.01337	0.01015	0.00866	0.07582	0.01544	0.02093	0.02259	0.10523	0.02338	0.14791	0.16202	0.31225	0.01068	0.01046	0.00509	0.00623
87	0.05563	0.50686	0.16964	0.01645	0.02472	0.02920	0.01775	0.02646	0.01761	0.04981	0.01349	0.01522	0.01126	0.00762	0.00613	0.00207	0.00963	0.00509	0.00400	0.01134

[dist]
# distance from previous block
# <min> <max>
0	1

[block]
# block no. 4 follows, 21 sequences, length 62
# corresponding to MSA columns:
# 359-420
name=unknown_E
#
# <colnr> <probs for GDERKNQSTAVLIFYWHMCP>
#	G	D	E	R	K	N	Q	S	T	A	V	L	I	F	Y	W	H	M	C	P
0	0.01012	0.00838	0.00887	0.00926	0.01166	0.00713	0.00675	0.01214	0.01878	0.02274	0.07840	0.20380	0.52752	0.02257	0.01022	0.00299	0.00444	0.01920	0.00790	0.00713
1	0.02001	0.01915	0.03265	0.18438	0.52390	0.01994	0.02559	0.02520	0.01888	0.02653	0.01582	0.02140	0.01303	0.00778	0.00844	0.00259	0.01037	0.00758	0.00412	0.01263
2	0.01762	0.01671	0.02833	0.48503	0.24191	0.01932	0.02441	0.02310	0.01775	0.02363	0.01540	0.02218	0.01201	0.00822	0.00848	0.00274	0.01096	0.00757	0.00392	0.01071
3	0.03042	0.16502	0.02667	0.01833	0.02382	0.34007	0.01479	0.06454	0.02346	0.15566	0.02076	0.02104	0.04082	0.00948	0.00757	0.00226	0.01160	0.00660	0.00591	0.01118
4	0.01027	0.00851	0.00899	0.00913	0.01169	0.00723	0.00675	0.01252	0.01951	0.02387	0.13251	0.14130	0.53501	0.02169	0.01014	0.00291	0.00435	0.01835	0.00803	0.00723
5	0.03255	0.01309	0.01761	0.01416	0.01941	0.01148	0.01123	0.03530	0.02223	0.52021	0.03415	0.09807	0.02566	0.08884	0.01265	0.00334	0.00712	0.01053	0.00967	0.01270
6	0.02061	0.24538	0.30026	0.02664	0.15287	0.06726	0.02412	0.02680	0.01845	0.02455	0.01420	0.01706	0.01137	0.00778	0.00731	0.00236	0.01119	0.00595	0.00378	0.01206
7	0.01707	0.04402	0.65683	0.02426	0.03683	0.01976	0.03144	0.02695	0.01797	0.02695	0.01527	0.01797	0.01078	0.00809	0.00809	0.00270	0.01258	0.00629	0.00359	0.01258
8	0.01096	0.00865	0.00992	0.00991	0.01231	0.00761	0.00749	0.01382	0.02084	0.02686	0.27184	0.10987	0.38565	0.02053	0.01019	0.00290	0.00445	0.05031	0.00840	0.00750
9	0.02398	0.61697	0.04198	0.01538	0.02244	0.07473	0.01479	0.06558	0.01925	0.02231	0.01249	0.01421	0.01116	0.00757	0.00581	0.00189	0.00953	0.00482	0.00401	0.01109
10	0.02188	0.02497	0.19362	0.02703	0.17703	0.01886	0.02099	0.03367	0.20493	0.10607	0.02352	0.02420	0.01740	0.00919	0.00828	0.00261	0.00915	0.00780	0.00622	0.06258
