[name]
unknown

[dist]
# distance from previous block
# <min> <max>
0	2092

[block]
# block no. 0 follows, 22 sequences, length 17
# corresponding to MSA columns:
# 2096-2112
name=unknown_A
#
# <colnr> <probs for GDERKNQSTAVLIFYWHMCP>
#	G	D	E	R	K	N	Q	S	T	A	V	L	I	F	Y	W	H	M	C	P
0	0.01055	0.00794	0.00981	0.01069	0.01218	0.00720	0.00767	0.01281	0.01845	0.02418	0.17788	0.36875	0.22347	0.02267	0.01028	0.00309	0.00463	0.05268	0.00800	0.00709
1	0.02982	0.02398	0.02209	0.01813	0.02387	0.17149	0.01444	0.24833	0.14199	0.15178	0.02294	0.02222	0.01648	0.00976	0.00805	0.00243	0.00950	0.00738	0.00761	0.04771
2	0.06095	0.13715	0.08336	0.01785	0.05025	0.01724	0.09763	0.04668	0.01912	0.02715	0.14687	0.03329	0.05643	0.08675	0.01166	0.00296	0.00825	0.00921	0.00557	0.08162
3	0.62966	0.01637	0.01550	0.06533	0.08910	0.01874	0.01184	0.02430	0.01484	0.03498	0.01225	0.01491	0.00961	0.00772	0.00571	0.00257	0.00715	0.00503	0.00492	0.00947
4	0.01132	0.01153	0.07148	0.01367	0.01590	0.00881	0.04629	0.01385	0.01643	0.02193	0.04425	0.51714	0.10500	0.04684	0.01135	0.00338	0.00610	0.02021	0.00703	0.00748
5	0.42330	0.02109	0.04522	0.01406	0.01995	0.10936	0.01182	0.08948	0.01879	0.03427	0.01334	0.01521	0.01042	0.00781	0.00610	0.00227	0.00812	0.00508	0.00525	0.13905
6	0.02195	0.08505	0.05481	0.01935	0.07946	0.13853	0.01467	0.13068	0.08353	0.03115	0.13551	0.02983	0.05753	0.01074	0.00804	0.00233	0.00873	0.00858	0.00637	0.07315
7	0.06897	0.01045	0.01214	0.01212	0.01465	0.01035	0.00916	0.02018	0.08585	0.09369	0.04547	0.21809	0.15644	0.09980	0.01342	0.00367	0.00606	0.10353	0.00757	0.00840
8	0.01752	0.07860	0.01784	0.01595	0.04592	0.11810	0.01147	0.06142	0.01815	0.02239	0.02718	0.25737	0.02940	0.02329	0.07653	0.11610	0.00951	0.03950	0.00574	0.00802
9	0.02140	0.01847	0.01809	0.07567	0.02283	0.13402	0.01214	0.05548	0.05658	0.09363	0.05601	0.02953	0.06440	0.07352	0.01082	0.00264	0.00841	0.00805	0.00606	0.23222
10	0.02195	0.07018	0.05667	0.01516	0.01956	0.17895	0.01251	0.05827	0.02172	0.11927	0.09314	0.12824	0.14237	0.01423	0.00860	0.00256	0.00848	0.01154	0.00685	0.00974
11	0.01338	0.00799	0.00978	0.00991	0.01135	0.00780	0.00727	0.01520	0.01673	0.02487	0.12552	0.07887	0.09615	0.05372	0.04684	0.15815	0.00600	0.05312	0.25072	0.00663
12	0.02170	0.02055	0.02839	0.16300	0.23907	0.09091	0.07511	0.05851	0.08778	0.05426	0.01812	0.02162	0.01405	0.00826	0.00819	0.00248	0.01027	0.00748	0.00506	0.06520
13	0.01851	0.19331	0.37051	0.01940	0.02902	0.02174	0.02244	0.02757	0.09355	0.02584	0.01642	0.01817	0.01256	0.00793	0.00717	0.00230	0.01012	0.00601	0.00428	0.09316
14	0.01265	0.07272	0.01418	0.01271	0.01489	0.01042	0.01040	0.01551	0.01850	0.02386	0.10368	0.23056	0.14856	0.02140	0.01028	0.00325	0.00616	0.25522	0.00744	0.00761
15	0.05135	0.01436	0.01467	0.05096	0.07926	0.10765	0.01074	0.01890	0.01660	0.02300	0.02599	0.17179	0.02678	0.16737	0.04586	0.00425	0.00853	0.01150	0.14255	0.00788
16	0.02127	0.02033	0.02079	0.14267	0.08496	0.16808	0.01565	0.02964	0.16837	0.06453	0.11179	0.06676	0.02712	0.01133	0.00849	0.00261	0.00919	0.00944	0.00639	0.01057

[dist]
# distance from previous block
# <min> <max>
32	104

[block]
# block no. 1 follows, 22 sequences, length 13
# corresponding to MSA columns:
# 2228-2240
name=unknown_B
#
# <colnr> <probs for GDERKNQSTAVLIFYWHMCP>
#	G	D	E	R	K	N	Q	S	T	A	V	L	I	F	Y	W	H	M	C	P
0	0.02461	0.26176	0.03156	0.02383	0.14095	0.24184	0.01677	0.03048	0.10804	0.02338	0.01590	0.01773	0.01322	0.00824	0.00703	0.00217	0.01076	0.00600	0.00459	0.01114
1	0.01303	0.14165	0.01618	0.01181	0.01346	0.01187	0.00870	0.01406	0.01526	0.01979	0.03446	0.45096	0.04035	0.07307	0.01428	0.08432	0.00609	0.01736	0.00628	0.00703
2	0.02221	0.71304	0.04353	0.01421	0.02132	0.03287	0.01421	0.02488	0.01688	0.01955	0.01155	0.01333	0.01066	0.00711	0.00533	0.00178	0.00888	0.00444	0.00355	0.01066
3	0.02434	0.35435	0.03599	0.01820	0.02500	0.02686	0.10087	0.16936	0.05472	0.05780	0.01704	0.01852	0.01341	0.00824	0.00698	0.00219	0.00925	0.00649	0.03867	0.01171
4	0.01675	0.01528	0.01532	0.01646	0.01882	0.13618	0.01389	0.02025	0.01997	0.02400	0.03806	0.07872	0.04075	0.02021	0.01072	0.00350	0.00905	0.48704	0.00701	0.00803
5	0.01688	0.04144	0.61908	0.02452	0.03651	0.01942	0.07508	0.02633	0.01769	0.02633	0.01505	0.01790	0.01068	0.00783	0.00804	0.00264	0.01241	0.00641	0.00356	0.01220
6	0.01905	0.02207	0.11337	0.16350	0.39037	0.01960	0.10114	0.02495	0.01840	0.02587	0.01552	0.02071	0.01237	0.00758	0.00840	0.00259	0.01091	0.00754	0.00397	0.01207
7	0.01609	0.14274	0.01740	0.01207	0.01497	0.01258	0.00942	0.01835	0.01828	0.10512	0.11312	0.35280	0.09803	0.01887	0.00914	0.00283	0.00572	0.01643	0.00742	0.00860
8	0.01265	0.01002	0.01475	0.01904	0.13505	0.00962	0.01144	0.01543	0.01832	0.02518	0.17204	0.39900	0.05170	0.02034	0.01002	0.00306	0.00574	0.05101	0.00734	0.00826
9	0.01375	0.01136	0.01661	0.02009	0.13571	0.01232	0.01225	0.01587	0.01490	0.02084	0.02799	0.24823	0.03102	0.16428	0.13046	0.00585	0.09119	0.01379	0.00545	0.00801
10	0.16265	0.23765	0.09974	0.02796	0.22980	0.02366	0.06044	0.02526	0.01728	0.02658	0.01359	0.01677	0.01127	0.00739	0.00681	0.00231	0.00944	0.00596	0.00408	0.01136
11	0.01330	0.01469	0.13504	0.01374	0.01717	0.00960	0.01228	0.01663	0.01749	0.06683	0.07920	0.43187	0.09872	0.02051	0.00981	0.00308	0.00628	0.01818	0.00717	0.00840
12	0.02064	0.01821	0.02163	0.02339	0.14241	0.02049	0.01550	0.04059	0.52275	0.03330	0.03035	0.02901	0.02304	0.01053	0.00841	0.00275	0.00720	0.00901	0.00763	0.01315

[dist]
# distance from previous block
# <min> <max>
0	4

[block]
# block no. 2 follows, 22 sequences, length 11
# corresponding to MSA columns:
# 2245-2255
name=unknown_C
#
# <colnr> <probs for GDERKNQSTAVLIFYWHMCP>
#	G	D	E	R	K	N	Q	S	T	A	V	L	I	F	Y	W	H	M	C	P
0	0.02512	0.08965	0.15345	0.02528	0.07042	0.35391	0.11418	0.02968	0.02095	0.02283	0.01393	0.01686	0.01112	0.00800	0.00780	0.00233	0.01350	0.00625	0.00405	0.01069
1	0.55612	0.05415	0.01881	0.02027	0.16290	0.01965	0.01305	0.02469	0.01538	0.03401	0.01250	0.01510	0.01004	0.00761	0.00586	0.00250	0.00735	0.00516	0.00482	0.01004
2	0.02194	0.29272	0.03685	0.03452	0.36349	0.07060	0.02042	0.02579	0.01844	0.02369	0.01383	0.01734	0.01201	0.00737	0.00704	0.00217	0.00984	0.00610	0.00391	0.01193
3	0.01322	0.01043	0.01500	0.01862	0.13599	0.01067	0.01088	0.01531	0.01474	0.02024	0.02974	0.13919	0.06836	0.25635	0.19719	0.00736	0.01145	0.01238	0.00527	0.00761
4	0.02058	0.01946	0.03152	0.04597	0.56277	0.01987	0.02368	0.02824	0.11056	0.02826	0.01830	0.02210	0.01496	0.00797	0.00826	0.00252	0.00938	0.00770	0.00475	0.01316
5	0.03069	0.14964	0.02388	0.01483	0.02092	0.01770	0.01264	0.12131	0.02467	0.37845	0.09558	0.02792	0.02413	0.01037	0.00793	0.00241	0.00737	0.00821	0.00857	0.01277
6	0.01685	0.04166	0.62559	0.02440	0.03643	0.01940	0.06878	0.02633	0.01767	0.02633	0.01503	0.01785	0.01066	0.00784	0.00801	0.00264	0.01239	0.00637	0.00355	0.01221
7	0.02042	0.02013	0.03597	0.04864	0.56598	0.01993	0.11393	0.02566	0.01902	0.02706	0.01580	0.02083	0.01308	0.00734	0.00846	0.00252	0.01048	0.00776	0.00413	0.01287
8	0.01895	0.15219	0.02893	0.02035	0.02172	0.02688	0.01741	0.02093	0.01352	0.01991	0.01103	0.01724	0.01086	0.01311	0.02303	0.00328	0.56093	0.00672	0.00362	0.00939
9	0.01591	0.01446	0.02181	0.02378	0.14114	0.01783	0.01622	0.01882	0.01419	0.02106	0.01673	0.02489	0.01561	0.03383	0.30395	0.00761	0.27093	0.00800	0.00408	0.00915
10	0.01515	0.01103	0.01601	0.01856	0.13716	0.01042	0.01153	0.01921	0.02265	0.07376	0.48814	0.05182	0.06198	0.01469	0.00940	0.00258	0.00528	0.01311	0.00825	0.00928

[dist]
# distance from previous block
# <min> <max>
0	2

[block]
# block no. 3 follows, 22 sequences, length 9
# corresponding to MSA columns:
# 2258-2266
name=unknown_D
#
# <colnr> <probs for GDERKNQSTAVLIFYWHMCP>
#	G	D	E	R	K	N	Q	S	T	A	V	L	I	F	Y	W	H	M	C	P
0	0.01501	0.01282	0.02072	0.02696	0.24672	0.01377	0.01585	0.01869	0.01536	0.02212	0.01986	0.02827	0.01802	0.04246	0.43402	0.00942	0.01778	0.00836	0.00433	0.00949
1	0.02122	0.26918	0.02773	0.01593	0.02150	0.02508	0.01353	0.03718	0.41550	0.02925	0.02576	0.02461	0.02005	0.00977	0.00732	0.00244	0.00741	0.00760	0.00668	0.01225
2	0.01840	0.01422	0.02048	0.02576	0.24691	0.01363	0.01489	0.04474	0.04371	0.09542	0.12985	0.06702	0.17656	0.01323	0.00887	0.00258	0.00688	0.01161	0.00684	0.03841
3	0.02161	0.46239	0.03998	0.02751	0.25086	0.02812	0.01829	0.02510	0.01762	0.02229	0.01302	0.01594	0.01156	0.00721	0.00638	0.00203	0.00924	0.00551	0.00376	0.01156
4	0.76672	0.01607	0.01221	0.01092	0.01607	0.01864	0.00900	0.02442	0.01414	0.03727	0.01157	0.01350	0.00900	0.00771	0.00514	0.00257	0.00643	0.00450	0.00514	0.00900
5	0.01360	0.02122	0.24894	0.01708	0.02247	0.01361	0.01773	0.01898	0.01487	0.02182	0.01960	0.02718	0.01706	0.04263	0.43390	0.00948	0.01865	0.00790	0.00411	0.00917
6	0.01816	0.01752	0.03044	0.35576	0.33110	0.01920	0.06123	0.02351	0.01785	0.02427	0.01529	0.02144	0.01212	0.00781	0.00836	0.00263	0.01070	0.00754	0.00392	0.01115
7	0.01449	0.26240	0.02189	0.01252	0.01540	0.01619	0.01006	0.01638	0.01626	0.02061	0.03341	0.45342	0.03893	0.01919	0.00870	0.00280	0.00629	0.01668	0.00621	0.00816
8	0.02725	0.03242	0.02722	0.03210	0.25364	0.43791	0.01947	0.03040	0.02187	0.02279	0.01385	0.01700	0.01159	0.00814	0.00776	0.00226	0.01313	0.00609	0.00422	0.01091

[dist]
# distance from previous block
# <min> <max>
0	3

[block]
# block no. 4 follows, 22 sequences, length 9
# corresponding to MSA columns:
# 2270-2278
name=unknown_E
#
# <colnr> <probs for GDERKNQSTAVLIFYWHMCP>
#	G	D	E	R	K	N	Q	S	T	A	V	L	I	F	Y	W	H	M	C	P
0	0.01256	0.01035	0.01520	0.02053	0.16493	0.00987	0.01176	0.01492	0.01700	0.02277	0.04343	0.46259	0.11997	0.02098	0.00994	0.00309	0.00594	0.01900	0.00686	0.00830
1	0.01432	0.17612	0.02052	0.01356	0.01638	0.01572	0.01129	0.01722	0.01419	0.01935	0.01971	0.02805	0.01837	0.04920	0.51606	0.01060	0.01908	0.00784	0.00424	0.00819
2	0.01741	0.01672	0.02713	0.38646	0.19148	0.02034	0.02254	0.02196	0.01628	0.02235	0.01410	0.02088	0.01153	0.00950	0.01256	0.00289	0.16460	0.00736	0.00378	0.01013
3	0.01502	0.01583	0.01223	0.01167	0.01475	0.16565	0.00875	0.01728	0.02041	0.02285	0.11466	0.06303	0.45235	0.01774	0.00926	0.00263	0.00674	0.01443	0.00702	0.00770
4	0.01488	0.17648	0.01936	0.01181	0.01519	0.01470	0.00973	0.01991	0.06631	0.03015	0.45538	0.04825	0.05849	0.01423	0.00864	0.00243	0.00529	0.01211	0.00777	0.00889
5	0.02400	0.10839	0.25399	0.02214	0.05381	0.17159	0.02148	0.15761	0.02329	0.02955	0.01498	0.01718	0.01148	0.00874	0.00866	0.00244	0.04798	0.00618	0.00476	0.01177
6	0.02694	0.02386	0.02503	0.02636	0.17426	0.15108	0.01733	0.20022	0.15838	0.08022	0.02139	0.02206	0.01607	0.00938	0.00816	0.00249	0.00978	0.00751	0.00669	0.01280
7	0.08731	0.30874	0.07126	0.01979	0.06922	0.24548	0.01630	0.05226	0.01998	0.02359	0.01283	0.01495	0.01085	0.00783	0.00653	0.00210	0.01102	0.00519	0.00416	0.01060
8	0.02185	0.02285	0.06406	0.06470	0.44653	0.08727	0.02309	0.06012	0.07595	0.02822	0.01713	0.02079	0.01383	0.00806	0.00816	0.00249	0.01023	0.00731	0.00470	0.01266

[dist]
# distance from previous block
# <min> <max>
5	22

[block]
# block no. 5 follows, 22 sequences, length 33
# corresponding to MSA columns:
# 2301-2333
name=unknown_F
#
# <colnr> <probs for GDERKNQSTAVLIFYWHMCP>
#	G	D	E	R	K	N	Q	S	T	A	V	L	I	F	Y	W	H	M	C	P
0	0.02566	0.08876	0.02537	0.02508	0.20420	0.06393	0.01589	0.02922	0.02014	0.22669	0.02197	0.05899	0.01724	0.00919	0.00771	0.00225	0.00836	0.00774	0.00635	0.13527
1	0.02056	0.01974	0.03372	0.05099	0.65622	0.01974	0.02550	0.02550	0.01892	0.02714	0.01563	0.02056	0.01316	0.00740	0.00822	0.00247	0.00987	0.00740	0.00411	0.01316
2	0.02021	0.01938	0.03308	0.09707	0.61290	0.01965	0.02532	0.02519	0.01875	0.02671	0.01556	0.02068	0.01301	0.00747	0.00823	0.00249	0.00996	0.00740	0.00408	0.01287
3	0.21492	0.22633	0.29767	0.01799	0.02680	0.02305	0.03873	0.02541	0.01652	0.02726	0.01313	0.01543	0.01023	0.00759	0.00650	0.00238	0.00983	0.00534	0.00397	0.01092
4	0.01185	0.00837	0.01052	0.01005	0.01146	0.00790	0.00704	0.01465	0.02026	0.02841	0.47346	0.05986	0.06465	0.21401	0.01906	0.00416	0.00510	0.01418	0.00797	0.00704
5	0.01497	0.20905	0.01889	0.01053	0.01256	0.01513	0.00765	0.01573	0.01345	0.01709	0.02201	0.04266	0.02463	0.50820	0.03175	0.00626	0.00829	0.00990	0.00461	0.00664
6	0.01992	0.01682	0.01225	0.01164	0.01424	0.19790	0.00873	0.02330	0.01917	0.02794	0.02303	0.02641	0.01827	0.00936	0.00629	0.00199	0.00704	0.00706	0.54036	0.00828
7	0.01069	0.00767	0.00927	0.01030	0.01098	0.00720	0.00666	0.01178	0.01517	0.01979	0.04550	0.40376	0.13869	0.23942	0.02043	0.00476	0.00574	0.01906	0.00687	0.00625
8	0.18767	0.02586	0.01816	0.01736	0.02115	0.34089	0.01374	0.02670	0.02022	0.02535	0.02144	0.03710	0.02091	0.01248	0.00811	0.00272	0.01101	0.17479	0.00543	0.00893
9	0.01933	0.21629	0.03060	0.01964	0.02167	0.02756	0.01705	0.02138	0.01391	0.01987	0.01109	0.01679	0.01084	0.01242	0.02101	0.00311	0.49784	0.00646	0.00361	0.00954
10	0.55399	0.01711	0.01834	0.02235	0.19858	0.01895	0.01370	0.02473	0.01550	0.03438	0.01272	0.01551	0.01018	0.00762	0.00602	0.00254	0.00741	0.00533	0.00485	0.01018
11	0.01004	0.00757	0.00929	0.01067	0.01181	0.00682	0.00731	0.01167	0.01677	0.02156	0.05673	0.52509	0.22541	0.02460	0.01038	0.00321	0.00465	0.02188	0.00771	0.00682
12	0.01462	0.01158	0.01678	0.02207	0.19494	0.01156	0.01225	0.01667	0.01526	0.02080	0.02669	0.07693	0.02904	0.37588	0.02658	0.00562	0.00838	0.10124	0.00528	0.00782
13	0.01471	0.03312	0.47780	0.01933	0.02890	0.01579	0.02374	0.02221	0.01794	0.02521	0.03465	0.03533	0.19366	0.01164	0.00844	0.00268	0.00998	0.00939	0.00471	0.01078
14	0.02733	0.02889	0.20742	0.02042	0.02867	0.02392	0.02004	0.45683	0.03292	0.04493	0.01851	0.01926	0.01310	0.00938	0.00819	0.00253	0.01004	0.00710	0.00694	0.01360
15	0.02891	0.21993	0.03023	0.01772	0.02450	0.02779	0.01534	0.45642	0.03274	0.04300	0.01755	0.01806	0.01314	0.00916	0.00746	0.00229	0.00907	0.00661	0.00695	0.01314
16	0.00990	0.00808	0.00876	0.00931	0.01146	0.00694	0.00671	0.01182	0.01807	0.02209	0.07322	0.25748	0.48238	0.02246	0.01004	0.00297	0.00438	0.01927	0.00771	0.00694
17	0.02539	0.02573	0.01959	0.01715	0.02081	0.29876	0.01274	0.17606	0.04682	0.02764	0.01918	0.02804	0.01765	0.20844	0.01765	0.00394	0.01124	0.00795	0.00565	0.00957
18	0.02153	0.01950	0.01780	0.01632	0.01958	0.20142	0.01264	0.05494	0.06048	0.08893	0.02132	0.02641	0.01786	0.03560	0.33826	0.00780	0.01691	0.00779	0.00546	0.00946
19	0.01719	0.01387	0.01746	0.20556	0.02861	0.01533	0.01386	0.02768	0.23189	0.07257	0.04340	0.04295	0.20909	0.01328	0.00881	0.00278	0.00718	0.01119	0.00701	0.01026
20	0.02383	0.01963	0.01565	0.01385	0.01747	0.20095	0.01068	0.11794	0.02290	0.07329	0.02232	0.02455	0.01713	0.00945	0.00684	0.00212	0.00806	0.00706	0.37660	0.00968
21	0.13388	0.01888	0.02688	0.25025	0.32122	0.06283	0.02155	0.02445	0.01774	0.02631	0.01454	0.01962	0.01168	0.00782	0.00773	0.00256	0.01008	0.00681	0.00414	0.01101
22	0.76672	0.01607	0.01221	0.01092	0.01607	0.01864	0.00900	0.02442	0.01414	0.03727	0.01157	0.01350	0.00900	0.00771	0.00514	0.00257	0.00643	0.00450	0.00514	0.00900
23	0.01296	0.01057	0.01665	0.20572	0.02692	0.01269	0.01400	0.01666	0.01428	0.01984	0.02012	0.02965	0.01800	0.04691	0.48501	0.01033	0.01907	0.00847	0.00423	0.00793
24	0.23703	0.06924	0.13595	0.01813	0.02427	0.29123	0.01637	0.02972	0.06061	0.02715	0.01418	0.01599	0.01116	0.00830	0.00684	0.00238	0.01116	0.00547	0.00463	0.01022
25	0.03158	0.02327	0.02493	0.01911	0.02576	0.02576	0.01579	0.62852	0.03906	0.05236	0.01995	0.01995	0.01413	0.00997	0.00831	0.00249	0.00914	0.00748	0.00831	0.01413
26	0.01068	0.00746	0.00947	0.01085	0.01120	0.00712	0.00695	0.01171	0.01481	0.01975	0.04020	0.51780	0.04789	0.22048	0.01964	0.00471	0.00574	0.02033	0.00695	0.00626
27	0.02488	0.01521	0.01836	0.01394	0.02063	0.01313	0.01125	0.04975	0.09869	0.24311	0.02341	0.02278	0.01679	0.00831	0.00725	0.00192	0.00661	0.00672	0.00728	0.38997
28	0.01129	0.00781	0.00921	0.00983	0.01018	0.00756	0.00599	0.01190	0.01378	0.01819	0.03643	0.26708	0.07978	0.44023	0.02981	0.00618	0.00674	0.01620	0.00608	0.00572
29	0.01941	0.02795	0.21830	0.03542	0.21876	0.04432	0.23437	0.02618	0.01869	0.02619	0.01554	0.02004	0.01204	0.00773	0.00941	0.00266	0.03930	0.00779	0.00396	0.01194
30	0.01269	0.01210	0.02031	0.01682	0.02062	0.01093	0.18337	0.01602	0.01834	0.02331	0.05497	0.22552	0.31478	0.01833	0.01002	0.00295	0.00716	0.01691	0.00671	0.00814
31	0.01131	0.00777	0.00946	0.01021	0.01045	0.00764	0.00629	0.01199	0.01362	0.01822	0.03366	0.30609	0.03947	0.41665	0.05507	0.00644	0.00736	0.01645	0.00605	0.00580
32	0.02987	0.01512	0.01866	0.01512	0.02028	0.01473	0.01206	0.19275	0.02598	0.35650	0.03122	0.14276	0.02518	0.04675	0.01037	0.00295	0.00729	0.01091	0.00906	0.01243

[dist]
# distance from previous block
# <min> <max>
0	82

[block]
# block no. 6 follows, 22 sequences, length 23
# corresponding to MSA columns:
# 2416-2438
name=unknown_G
#
# <colnr> <probs for GDERKNQSTAVLIFYWHMCP>
#	G	D	E	R	K	N	Q	S	T	A	V	L	I	F	Y	W	H	M	C	P
0	0.02574	0.24391	0.03114	0.02405	0.13445	0.33570	0.01692	0.02856	0.02028	0.02124	0.01328	0.01611	0.01150	0.00993	0.03212	0.00251	0.01247	0.00556	0.00403	0.01049
1	0.02998	0.12815	0.02675	0.01969	0.02510	0.38412	0.01571	0.21674	0.02743	0.03016	0.01487	0.01629	0.01176	0.00880	0.00744	0.00220	0.01232	0.00588	0.00543	0.01117
2	0.01912	0.01503	0.01912	0.01666	0.01948	0.01787	0.01347	0.20618	0.02121	0.02967	0.01949	0.02609	0.01693	0.03746	0.35151	0.00823	0.13899	0.00817	0.00550	0.00980
3	0.02495	0.50409	0.03733	0.01644	0.02267	0.23201	0.01478	0.02745	0.01895	0.01979	0.01195	0.01384	0.01067	0.00756	0.00600	0.00189	0.01078	0.00472	0.00378	0.01034
4	0.01751	0.01813	0.01464	0.01361	0.01639	0.21465	0.01020	0.02066	0.02298	0.02799	0.38587	0.04958	0.12590	0.01485	0.00908	0.00249	0.00739	0.01232	0.00746	0.00830
5	0.01443	0.00722	0.01082	0.01082	0.01082	0.00722	0.00722	0.01082	0.01082	0.01443	0.01443	0.02525	0.01443	0.02886	0.03247	0.75830	0.00722	0.00722	0.00361	0.00361
6	0.01379	0.22684	0.01962	0.01084	0.01454	0.01502	0.00906	0.01601	0.01793	0.02172	0.07523	0.16778	0.32821	0.01745	0.00856	0.00258	0.00576	0.01445	0.00647	0.00813
7	0.02069	0.01448	0.01654	0.01416	0.01792	0.01589	0.01133	0.26655	0.02507	0.03571	0.02515	0.02911	0.04566	0.02662	0.21468	0.00574	0.01174	0.00842	0.18432	0.01022
8	0.02657	0.04064	0.22257	0.02211	0.02887	0.47134	0.02059	0.03104	0.02168	0.02219	0.01348	0.01577	0.01065	0.00835	0.00762	0.00229	0.01414	0.00560	0.00404	0.01045
9	0.02657	0.04064	0.22257	0.02211	0.02887	0.47134	0.02059	0.03104	0.02168	0.02219	0.01348	0.01577	0.01065	0.00835	0.00762	0.00229	0.01414	0.00560	0.00404	0.01045
10	0.01599	0.02352	0.22352	0.48193	0.05062	0.01872	0.02544	0.02280	0.01690	0.02280	0.01481	0.02072	0.01090	0.00818	0.00818	0.00273	0.01145	0.00700	0.00363	0.01017
11	0.76672	0.01607	0.01221	0.01092	0.01607	0.01864	0.00900	0.02442	0.01414	0.03727	0.01157	0.01350	0.00900	0.00771	0.00514	0.00257	0.00643	0.00450	0.00514	0.00900
12	0.02833	0.24763	0.02982	0.01904	0.02433	0.43920	0.01547	0.06395	0.02234	0.02188	0.01284	0.01475	0.01088	0.00819	0.00687	0.00205	0.01276	0.00519	0.00428	0.01020
13	0.06517	0.01875	0.01795	0.01593	0.01971	0.16151	0.01252	0.09512	0.02048	0.13673	0.02112	0.02538	0.01705	0.03206	0.29438	0.00710	0.01556	0.00760	0.00592	0.00995
14	0.24589	0.01040	0.01014	0.01008	0.01176	0.01111	0.00673	0.01582	0.01339	0.02357	0.02508	0.15532	0.02796	0.37120	0.02521	0.00553	0.00698	0.01175	0.00554	0.00656
15	0.01989	0.01795	0.02085	0.01843	0.02167	0.02215	0.01471	0.03665	0.44621	0.03017	0.02670	0.02702	0.02087	0.01229	0.01429	0.00307	0.21951	0.00873	0.00696	0.01189
16	0.02295	0.03045	0.14397	0.03414	0.24146	0.22311	0.13167	0.02822	0.02023	0.02479	0.01485	0.01863	0.01183	0.00778	0.00822	0.00245	0.01262	0.00698	0.00407	0.01156
17	0.01341	0.01927	0.21450	0.01551	0.01998	0.01258	0.01538	0.01772	0.01434	0.02069	0.02093	0.03324	0.01989	0.20260	0.31406	0.00874	0.01570	0.00882	0.00430	0.00835
18	0.01259	0.00810	0.01102	0.01057	0.01192	0.00765	0.00765	0.01417	0.01958	0.02745	0.45407	0.05064	0.05854	0.02067	0.01683	0.23708	0.00494	0.01260	0.00743	0.00653
19	0.53370	0.01566	0.01615	0.22103	0.02883	0.01858	0.01336	0.02343	0.01491	0.03229	0.01256	0.01618	0.00964	0.00790	0.00612	0.00263	0.00787	0.00539	0.00469	0.00907
20	0.02056	0.01974	0.03372	0.05099	0.65622	0.01974	0.02550	0.02550	0.01892	0.02714	0.01563	0.02056	0.01316	0.00740	0.00822	0.00247	0.00987	0.00740	0.00411	0.01316
21	0.02279	0.11350	0.22758	0.02909	0.19485	0.22396	0.02288	0.02805	0.01969	0.02389	0.01407	0.01706	0.01129	0.00788	0.00756	0.00234	0.01209	0.00603	0.00391	0.01150
22	0.01566	0.22894	0.02360	0.01382	0.01772	0.04046	0.03770	0.01850	0.01623	0.02038	0.03120	0.03539	0.14799	0.03233	0.27697	0.00672	0.01375	0.00922	0.00483	0.00858

[dist]
# distance from previous block
# <min> <max>
0	10

[block]
# block no. 7 follows, 22 sequences, length 24
# corresponding to MSA columns:
# 2449-2472
name=unknown_H
#
# <colnr> <probs for GDERKNQSTAVLIFYWHMCP>
#	G	D	E	R	K	N	Q	S	T	A	V	L	I	F	Y	W	H	M	C	P
0	0.03400	0.16616	0.02455	0.01466	0.02123	0.01670	0.01265	0.03709	0.02228	0.52223	0.02816	0.02502	0.01841	0.00959	0.00770	0.00240	0.00746	0.00750	0.00882	0.01338
1	0.01142	0.00831	0.01034	0.01146	0.01271	0.00789	0.00847	0.01337	0.01660	0.02139	0.04871	0.26240	0.16756	0.17250	0.01759	0.00441	0.00621	0.18487	0.00711	0.00669
2	0.02209	0.02361	0.03536	0.04262	0.41858	0.12840	0.15457	0.02701	0.01983	0.02590	0.01542	0.02004	0.01263	0.00751	0.00845	0.00249	0.01161	0.00758	0.00416	0.01215
3	0.02284	0.02406	0.03151	0.04455	0.51907	0.16220	0.02344	0.02717	0.01992	0.02566	0.01502	0.01935	0.01262	0.00765	0.00806	0.00240	0.01098	0.00696	0.00415	0.01239
4	0.01379	0.01304	0.01200	0.01307	0.01440	0.12482	0.00908	0.01541	0.01748	0.02115	0.04286	0.53417	0.09218	0.02256	0.00999	0.00311	0.00657	0.01993	0.00711	0.00728
5	0.01411	0.01170	0.01809	0.25112	0.08504	0.01290	0.01601	0.01784	0.01699	0.02231	0.02997	0.16632	0.03160	0.08254	0.01288	0.00366	0.00857	0.18435	0.00573	0.00827
6	0.01703	0.04075	0.60465	0.02629	0.09525	0.01934	0.03020	0.02623	0.01767	0.02639	0.01498	0.01783	0.01078	0.00785	0.00792	0.00262	0.01205	0.00626	0.00357	0.01236
7	0.02163	0.02029	0.02600	0.25984	0.14651	0.09934	0.04556	0.15511	0.02309	0.02936	0.02068	0.02642	0.04691	0.00974	0.00846	0.00263	0.01055	0.03171	0.00523	0.01094
8	0.01149	0.00854	0.01254	0.01296	0.01423	0.00959	0.00980	0.01412	0.01391	0.01970	0.02737	0.17837	0.02820	0.05441	0.53058	0.01118	0.01846	0.01210	0.00516	0.00727
9	0.02734	0.02477	0.02231	0.01878	0.02417	0.16499	0.01485	0.27841	0.26300	0.03874	0.02363	0.02304	0.01762	0.01016	0.00819	0.00254	0.00944	0.00774	0.00749	0.01278
10	0.01363	0.03978	0.12054	0.01383	0.01750	0.01161	0.01227	0.07352	0.01896	0.02519	0.04378	0.38962	0.14781	0.01994	0.00961	0.00301	0.00650	0.01743	0.00693	0.00855
11	0.01777	0.07206	0.46228	0.02632	0.03726	0.02047	0.19460	0.02632	0.01808	0.02604	0.01526	0.01867	0.01111	0.00761	0.00829	0.00263	0.01258	0.00707	0.00370	0.01190
12	0.02221	0.71304	0.04353	0.01421	0.02132	0.03287	0.01421	0.02488	0.01688	0.01955	0.01155	0.01333	0.01066	0.00711	0.00533	0.00178	0.00888	0.00444	0.00355	0.01066
13	0.01012	0.00723	0.00964	0.01157	0.01205	0.00675	0.00771	0.01157	0.01591	0.02121	0.04579	0.70262	0.05495	0.02603	0.01060	0.00337	0.00482	0.02362	0.00771	0.00675
14	0.01638	0.01478	0.02422	0.24849	0.26626	0.01593	0.01971	0.02115	0.01889	0.02608	0.15502	0.03318	0.02821	0.01299	0.04129	0.00318	0.00950	0.02928	0.00521	0.01024
15	0.02413	0.56655	0.03918	0.01578	0.02227	0.17248	0.01461	0.02668	0.01833	0.01972	0.01183	0.01369	0.01067	0.00742	0.00580	0.00186	0.01021	0.00464	0.00371	0.01044
16	0.01048	0.00803	0.00963	0.01028	0.01200	0.00718	0.00742	0.01280	0.01881	0.02443	0.19194	0.30800	0.28406	0.02208	0.01016	0.00301	0.00450	0.04004	0.00802	0.00712
17	0.57138	0.01708	0.02002	0.01603	0.02174	0.01868	0.14308	0.02468	0.01547	0.03468	0.01339	0.01620	0.01032	0.00764	0.00618	0.00259	0.00796	0.00579	0.03768	0.00942
18	0.01565	0.01479	0.01273	0.01263	0.01404	0.15269	0.00862	0.01720	0.01763	0.02146	0.14270	0.21044	0.04101	0.25770	0.02079	0.00459	0.00799	0.01406	0.00630	0.00698
19	0.02660	0.33215	0.06256	0.01785	0.02426	0.22090	0.01587	0.15871	0.02371	0.02723	0.01392	0.01545	0.01142	0.00820	0.00674	0.00208	0.01091	0.00545	0.00480	0.01119
20	0.17781	0.01725	0.12714	0.01304	0.01791	0.01332	0.01222	0.06436	0.01958	0.03035	0.15663	0.07502	0.18154	0.04727	0.00993	0.00294	0.00665	0.01147	0.00660	0.00896
21	0.02474	0.02331	0.02279	0.02314	0.13015	0.18412	0.01566	0.21510	0.05643	0.03502	0.15552	0.02847	0.02760	0.01076	0.00842	0.00244	0.00948	0.00866	0.00677	0.01142
22	0.18675	0.06225	0.17184	0.01822	0.02526	0.14446	0.01739	0.13948	0.07522	0.05988	0.01692	0.01802	0.01258	0.00871	0.00724	0.00247	0.01007	0.00617	0.00560	0.01148
23	0.17942	0.15879	0.14581	0.01609	0.04591	0.01849	0.01494	0.02152	0.01597	0.02583	0.06372	0.02446	0.01869	0.05473	0.15772	0.00510	0.01162	0.00707	0.00461	0.00950

[dist]
# distance from previous block
# <min> <max>
108	321

[block]
# block no. 8 follows, 22 sequences, length 86
# corresponding to MSA columns:
# 2929-3014
name=unknown_I
#
# <colnr> <probs for GDERKNQSTAVLIFYWHMCP>
#	G	D	E	R	K	N	Q	S	T	A	V	L	I	F	Y	W	H	M	C	P
0	0.01828	0.13718	0.09424	0.02128	0.12890	0.03970	0.04126	0.02233	0.01896	0.06562	0.10346	0.11806	0.07486	0.01217	0.00821	0.00244	0.00802	0.01049	0.00578	0.06877
1	0.06562	0.13292	0.02721	0.02360	0.11909	0.30274	0.01659	0.09442	0.02204	0.02570	0.01502	0.04453	0.01319	0.00938	0.00863	0.00234	0.05502	0.00659	0.00474	0.01063
2	0.01669	0.11691	0.27243	0.01863	0.05773	0.06679	0.01883	0.02216	0.01843	0.02443	0.06116	0.03425	0.15976	0.01318	0.03110	0.00285	0.00969	0.00908	0.03573	0.01016
3	0.02224	0.16587	0.05233	0.05217	0.13226	0.09037	0.03931	0.02612	0.01875	0.09015	0.01624	0.01884	0.01297	0.00940	0.03019	0.00240	0.00972	0.00613	0.00483	0.19971
4	0.01786	0.19636	0.39066	0.01978	0.02882	0.04453	0.02311	0.02442	0.01719	0.02356	0.01805	0.02080	0.04543	0.01233	0.05268	0.00318	0.03979	0.00655	0.00384	0.01107
5	0.01741	0.08397	0.05553	0.02266	0.17712	0.01545	0.01514	0.02318	0.08505	0.06587	0.04133	0.07619	0.19365	0.01427	0.00886	0.00274	0.00736	0.07744	0.00642	0.01036
6	0.02220	0.28926	0.14060	0.01760	0.02379	0.20648	0.01678	0.02591	0.01914	0.02211	0.07308	0.02084	0.01776	0.03566	0.00904	0.00242	0.03649	0.00638	0.00433	0.01011
7	0.02339	0.18057	0.17449	0.06674	0.08672	0.21583	0.02015	0.06055	0.05211	0.02464	0.01486	0.01727	0.01183	0.00818	0.00733	0.00230	0.01158	0.00597	0.00432	0.01117
8	0.01390	0.00756	0.01134	0.01134	0.01165	0.00787	0.00787	0.01165	0.01134	0.01543	0.01604	0.02678	0.01574	0.03576	0.16510	0.60456	0.01032	0.00756	0.00378	0.00439
9	0.02066	0.01785	0.01878	0.01691	0.02160	0.02066	0.01315	0.04414	0.64121	0.03475	0.03381	0.03099	0.02536	0.01127	0.00845	0.00282	0.00657	0.00939	0.00845	0.01315
10	0.01208	0.00805	0.00906	0.00906	0.00906	0.00805	0.00503	0.01208	0.01208	0.01611	0.02618	0.05436	0.03020	0.70804	0.04228	0.00805	0.00805	0.01208	0.00503	0.00503
11	0.01702	0.08630	0.62481	0.02307	0.03501	0.02017	0.02963	0.02622	0.01750	0.02587	0.01469	0.01727	0.01053	0.00784	0.00773	0.00258	0.01206	0.00603	0.00351	0.01217
12	0.02221	0.71304	0.04353	0.01421	0.02132	0.03287	0.01421	0.02488	0.01688	0.01955	0.01155	0.01333	0.01066	0.00711	0.00533	0.00178	0.00888	0.00444	0.00355	0.01066
13	0.01321	0.00944	0.01319	0.01510	0.01694	0.00941	0.01308	0.01691	0.01895	0.02467	0.04408	0.12621	0.04819	0.02311	0.01143	0.00380	0.00750	0.56952	0.00765	0.00760
14	0.51198	0.01798	0.01626	0.01349	0.01914	0.02023	0.01112	0.19603	0.02180	0.08193	0.01530	0.01627	0.01119	0.00852	0.00624	0.00255	0.00723	0.00559	0.00637	0.01078
15	0.02318	0.01862	0.02201	0.02250	0.12351	0.02063	0.01541	0.11765	0.42197	0.07726	0.02902	0.02770	0.02162	0.01042	0.00839	0.00270	0.00747	0.00875	0.00786	0.01334
16	0.02165	0.02181	0.03266	0.04791	0.59049	0.08802	0.02451	0.02630	0.01940	0.02643	0.01534	0.01998	0.01290	0.00752	0.00815	0.00243	0.01040	0.00719	0.00413	0.01279
17	0.02221	0.71304	0.04353	0.01421	0.02132	0.03287	0.01421	0.02488	0.01688	0.01955	0.01155	0.01333	0.01066	0.00711	0.00533	0.00178	0.00888	0.00444	0.00355	0.01066
18	0.01000	0.00770	0.00916	0.01033	0.01172	0.00685	0.00716	0.01171	0.01710	0.02169	0.06087	0.45784	0.28999	0.02407	0.01029	0.00315	0.00458	0.02123	0.00771	0.00685
19	0.01723	0.01477	0.01723	0.01230	0.01969	0.01107	0.00984	0.02092	0.01723	0.02707	0.01477	0.01723	0.01230	0.00615	0.00615	0.00123	0.00615	0.00492	0.00492	0.75883
20	0.03063	0.01469	0.01815	0.01435	0.01997	0.01396	0.01168	0.12384	0.06432	0.39591	0.05316	0.02839	0.02187	0.01030	0.00798	0.00243	0.00676	0.00832	0.10868	0.04459
21	0.01011	0.00843	0.00882	0.00872	0.01140	0.00714	0.00654	0.01249	0.01962	0.02407	0.16927	0.07727	0.56672	0.02043	0.00982	0.00278	0.00416	0.01716	0.00793	0.00714
22	0.01011	0.00843	0.00882	0.00872	0.01140	0.00714	0.00654	0.01249	0.01963	0.02408	0.16985	0.07725	0.56614	0.02043	0.00982	0.00278	0.00416	0.01715	0.00793	0.00714
23	0.02056	0.01974	0.03372	0.05099	0.65622	0.01974	0.02550	0.02550	0.01892	0.02714	0.01563	0.02056	0.01316	0.00740	0.00822	0.00247	0.00987	0.00740	0.00411	0.01316
24	0.01187	0.00890	0.01335	0.01335	0.01483	0.01038	0.01038	0.01483	0.01335	0.01928	0.02225	0.03264	0.02077	0.06231	0.67512	0.01335	0.02225	0.00890	0.00445	0.00742
25	0.00982	0.00842	0.00842	0.00842	0.01122	0.00701	0.00631	0.01192	0.01894	0.02244	0.08416	0.07995	0.65285	0.02104	0.00982	0.00281	0.00421	0.01753	0.00771	0.00701
26	0.01982	0.01748	0.02943	0.29033	0.38702	0.01876	0.02370	0.02487	0.01836	0.06681	0.01643	0.02167	0.01286	0.00793	0.00826	0.00259	0.01014	0.00746	0.00436	0.01173
27	0.02480	0.02950	0.11426	0.02508	0.12753	0.23683	0.01887	0.10400	0.17853	0.02966	0.01967	0.02084	0.01515	0.00913	0.00800	0.00247	0.01098	0.00706	0.00567	0.01198
28	0.01950	0.02609	0.20625	0.04353	0.48670	0.01962	0.02692	0.02572	0.01854	0.02691	0.01543	0.01974	0.01244	0.00754	0.00813	0.00251	0.01053	0.00706	0.00395	0.01292
29	0.02066	0.01785	0.01878	0.01691	0.02160	0.02066	0.01315	0.04414	0.64121	0.03475	0.03381	0.03099	0.02536	0.01127	0.00845	0.00282	0.00657	0.00939	0.00845	0.01315
30	0.01961	0.02415	0.12967	0.04047	0.31329	0.02020	0.27604	0.02607	0.01901	0.02680	0.01602	0.02090	0.01255	0.00731	0.00883	0.00263	0.01193	0.00822	0.00406	0.01222
31	0.01912	0.01909	0.03496	0.20762	0.36720	0.01970	0.16048	0.02467	0.01849	0.02553	0.01568	0.02138	0.01251	0.00754	0.00860	0.00262	0.01111	0.00794	0.00403	0.01173
32	0.01999	0.44481	0.29231	0.01800	0.02718	0.02744	0.02081	0.02545	0.01714	0.02225	0.01289	0.01501	0.01061	0.00742	0.00636	0.00212	0.01024	0.00512	0.00354	0.01131
33	0.02052	0.01987	0.03445	0.05023	0.62696	0.01980	0.05418	0.02555	0.01895	0.02712	0.01568	0.02065	0.01313	0.00738	0.00830	0.00248	0.01007	0.00752	0.00412	0.01307
34	0.00982	0.00842	0.00842	0.00842	0.01122	0.00701	0.00631	0.01192	0.01894	0.02244	0.08416	0.07995	0.65285	0.02104	0.00982	0.00281	0.00421	0.01753	0.00771	0.00701
35	0.01276	0.01054	0.01347	0.01545	0.09125	0.00994	0.01027	0.01729	0.06002	0.02728	0.23689	0.06573	0.30152	0.01775	0.00970	0.00281	0.00532	0.07579	0.00774	0.00846
36	0.01188	0.00884	0.01303	0.01303	0.01440	0.01021	0.00998	0.01463	0.01325	0.01904	0.02255	0.03429	0.02149	0.11137	0.62704	0.01295	0.02117	0.00914	0.00449	0.00724
37	0.01132	0.00847	0.01050	0.01000	0.01214	0.00765	0.00750	0.01484	0.02249	0.03088	0.52492	0.06606	0.20682	0.01789	0.00980	0.00266	0.00398	0.01558	0.00883	0.00765
38	0.76672	0.01607	0.01221	0.01092	0.01607	0.01864	0.00900	0.02442	0.01414	0.03727	0.01157	0.01350	0.00900	0.00771	0.00514	0.00257	0.00643	0.00450	0.00514	0.00900
39	0.01164	0.00787	0.00919	0.00963	0.00974	0.00776	0.00564	0.01196	0.01294	0.01726	0.03060	0.20073	0.03579	0.55405	0.03513	0.00700	0.00732	0.01469	0.00564	0.00542
40	0.03158	0.02327	0.02493	0.01911	0.02576	0.02576	0.01579	0.62852	0.03906	0.05236	0.01995	0.01995	0.01413	0.00997	0.00831	0.00249	0.00914	0.00748	0.00831	0.01413
41	0.01961	0.02241	0.04902	0.03501	0.04342	0.02101	0.62605	0.02661	0.01961	0.02661	0.01681	0.02241	0.01261	0.00700	0.00980	0.00280	0.01401	0.00980	0.00420	0.01120
42	0.76672	0.01607	0.01221	0.01092	0.01607	0.01864	0.00900	0.02442	0.01414	0.03727	0.01157	0.01350	0.00900	0.00771	0.00514	0.00257	0.00643	0.00450	0.00514	0.00900
43	0.03158	0.02327	0.02493	0.01911	0.02576	0.02576	0.01579	0.62852	0.03906	0.05236	0.01995	0.01995	0.01413	0.00997	0.00831	0.00249	0.00914	0.00748	0.00831	0.01413
44	0.01038	0.00849	0.00920	0.00918	0.01178	0.00731	0.00699	0.01293	0.01981	0.02464	0.18958	0.07732	0.51032	0.02038	0.00991	0.00283	0.00434	0.04941	0.00798	0.00720
45	0.02231	0.02260	0.04358	0.03142	0.03943	0.02208	0.48826	0.16251	0.02400	0.03242	0.01752	0.02185	0.01295	0.00767	0.00947	0.00273	0.01291	0.00928	0.00513	0.01186
46	0.01074	0.00756	0.00982	0.01139	0.01190	0.00721	0.00766	0.01210	0.01545	0.02055	0.04201	0.53491	0.04980	0.15219	0.01654	0.00428	0.00564	0.06652	0.00721	0.00650
47	0.01011	0.00728	0.00959	0.01144	0.01202	0.00676	0.00765	0.01158	0.01603	0.02126	0.04737	0.67701	0.07954	0.02582	0.01057	0.00335	0.00479	0.02337	0.00771	0.00676
48	0.01032	0.00844	0.00911	0.00894	0.01153	0.00723	0.00671	0.01289	0.02012	0.02526	0.23108	0.07532	0.50418	0.01999	0.00981	0.00276	0.00413	0.01688	0.00808	0.00723
49	0.31255	0.02052	0.02007	0.01598	0.02206	0.02304	0.01319	0.39764	0.02953	0.04659	0.01674	0.01748	0.01217	0.00911	0.00710	0.00252	0.00810	0.00634	0.00710	0.01217
50	0.15230	0.01693	0.01735	0.01410	0.01909	0.01845	0.01147	0.31224	0.02755	0.07728	0.02135	0.02258	0.01574	0.00952	0.00703	0.00235	0.00700	0.00710	0.22921	0.01136
51	0.01527	0.00776	0.00783	0.00783	0.00964	0.00776	0.00576	0.01889	0.01708	0.03002	0.02704	0.03246	0.02186	0.05424	0.00813	0.00233	0.00414	0.00802	0.70636	0.00757
52	0.01030	0.00748	0.00972	0.01119	0.01203	0.00690	0.00762	0.01209	0.01707	0.02277	0.12244	0.57614	0.10449	0.02454	0.01044	0.00324	0.00466	0.02210	0.00789	0.00690
53	0.03107	0.03852	0.02363	0.02125	0.02569	0.63185	0.01603	0.07248	0.02457	0.02245	0.01331	0.01531	0.01093	0.00865	0.00754	0.00216	0.01460	0.00549	0.00455	0.00993
54	0.01877	0.25721	0.22623	0.01693	0.02536	0.02163	0.01816	0.02386	0.01698	0.02396	0.01354	0.01607	0.01113	0.00744	0.00749	0.00197	0.04389	0.00526	0.00396	0.24017
55	0.01188	0.00885	0.01307	0.01307	0.01446	0.01023	0.01004	0.01466	0.01327	0.01908	0.02251	0.03404	0.02138	0.10406	0.63420	0.01301	0.02133	0.00911	0.00449	0.00726
56	0.01168	0.00843	0.01103	0.01050	0.01239	0.00779	0.00783	0.01548	0.02315	0.03274	0.62289	0.09265	0.07727	0.01742	0.00984	0.00265	0.00396	0.01543	0.00908	0.00779
57	0.02787	0.03447	0.02383	0.15899	0.03219	0.53926	0.01750	0.03071	0.02211	0.02052	0.01324	0.01646	0.01078	0.00851	0.00766	0.00227	0.01417	0.00577	0.00416	0.00955
58	0.02540	0.10470	0.02931	0.08806	0.23040	0.26847	0.01946	0.09008	0.02231	0.02581	0.01449	0.01772	0.01187	0.00815	0.00764	0.00230	0.01172	0.00630	0.00451	0.01131
59	0.03158	0.02327	0.02493	0.01911	0.02576	0.02576	0.01579	0.62852	0.03906	0.05236	0.01995	0.01995	0.01413	0.00997	0.00831	0.00249	0.00914	0.00748	0.00831	0.01413
60	0.00982	0.00842	0.00842	0.00842	0.01122	0.00701	0.00631	0.01192	0.01894	0.02244	0.08416	0.07995	0.65285	0.02104	0.00982	0.00281	0.00421	0.01753	0.00771	0.00701
61	0.02137	0.09758	0.10765	0.04145	0.47352	0.02063	0.02402	0.02649	0.01885	0.06727	0.01621	0.01992	0.01306	0.00761	0.00788	0.00242	0.00986	0.00699	0.00438	0.01285
62	0.01632	0.01541	0.02606	0.60537	0.13498	0.01862	0.02339	0.02178	0.01691	0.02199	0.01488	0.02194	0.01134	0.00819	0.00830	0.00273	0.01092	0.00739	0.00375	0.00974
63	0.01891	0.01256	0.01303	0.01179	0.01510	0.01369	0.00915	0.09798	0.20506	0.03460	0.02825	0.02969	0.02166	0.01019	0.00689	0.00226	0.00529	0.00820	0.44561	0.01009
64	0.01187	0.00890	0.01335	0.01335	0.01483	0.01038	0.01038	0.01483	0.01335	0.01928	0.02225	0.03264	0.02077	0.06231	0.67512	0.01335	0.02225	0.00890	0.00445	0.00742
65	0.01012	0.00723	0.00964	0.01157	0.01205	0.00675	0.00771	0.01157	0.01591	0.02121	0.04579	0.70262	0.05495	0.02603	0.01060	0.00337	0.00482	0.02362	0.00771	0.00675
66	0.01176	0.00848	0.01147	0.01328	0.01462	0.00819	0.01051	0.01446	0.01772	0.02314	0.04712	0.35667	0.08640	0.02417	0.01100	0.00357	0.00622	0.31630	0.00768	0.00722
67	0.03194	0.02269	0.02457	0.01884	0.02547	0.02490	0.01556	0.59100	0.03808	0.09125	0.02076	0.02048	0.01454	0.00999	0.00831	0.00250	0.00901	0.00754	0.00844	0.01413
68	0.01012	0.00723	0.00964	0.01157	0.01205	0.00675	0.00771	0.01157	0.01591	0.02121	0.04579	0.70262	0.05495	0.02603	0.01060	0.00337	0.00482	0.02362	0.00771	0.00675
69	0.01723	0.01477	0.01723	0.01230	0.01969	0.01107	0.00984	0.02092	0.01723	0.02707	0.01477	0.01723	0.01230	0.00615	0.00615	0.00123	0.00615	0.00492	0.00492	0.75883
70	0.00993	0.00842	0.00857	0.00854	0.01129	0.00706	0.00640	0.01214	0.01920	0.02308	0.11747	0.07890	0.61914	0.02080	0.00982	0.00279	0.00419	0.01739	0.00780	0.00706
71	0.00994	0.00842	0.00859	0.00855	0.01130	0.00707	0.00641	0.01217	0.01923	0.02314	0.12087	0.07879	0.61570	0.02078	0.00982	0.00279	0.00419	0.01737	0.00781	0.00707
72	0.01171	0.00763	0.01021	0.01176	0.01259	0.00707	0.00798	0.01326	0.01637	0.05880	0.04502	0.66305	0.05293	0.02510	0.01047	0.00333	0.00495	0.02272	0.00786	0.00718
73	0.01735	0.01535	0.02533	0.30555	0.26330	0.01664	0.02054	0.02108	0.01656	0.02266	0.01502	0.02175	0.01244	0.01112	0.01199	0.12327	0.00970	0.00720	0.00391	0.05924
74	0.02611	0.02847	0.05924	0.02696	0.16693	0.26718	0.01847	0.14614	0.09197	0.03011	0.01861	0.02259	0.01516	0.00948	0.00812	0.00246	0.01133	0.03338	0.00558	0.01172
75	0.01935	0.01839	0.03126	0.14061	0.53225	0.01900	0.02426	0.02425	0.01826	0.02583	0.01589	0.02150	0.01330	0.01075	0.04737	0.00315	0.01077	0.00749	0.00407	0.01226
76	0.05159	0.16163	0.02331	0.05098	0.02145	0.04913	0.01328	0.15707	0.02056	0.02772	0.01822	0.02356	0.01569	0.03133	0.29042	0.00695	0.01490	0.00722	0.00512	0.00987
77	0.02355	0.17305	0.28414	0.02090	0.02894	0.28654	0.02155	0.02880	0.01983	0.02257	0.01341	0.01568	0.01062	0.00801	0.00723	0.00227	0.01270	0.00549	0.00383	0.01089
78	0.01078	0.00793	0.01026	0.01188	0.01304	0.00740	0.00873	0.01285	0.01709	0.02220	0.05152	0.47041	0.14892	0.02456	0.01067	0.00338	0.00534	0.14835	0.00770	0.00699
79	0.01367	0.01825	0.18914	0.01498	0.01918	0.01169	0.01431	0.05225	0.01747	0.02391	0.03465	0.29989	0.06784	0.12864	0.01481	0.00387	0.00777	0.05303	0.00617	0.00849
80	0.01703	0.01604	0.02246	0.07416	0.31281	0.05652	0.01699	0.02041	0.01798	0.02349	0.03242	0.04107	0.14908	0.12295	0.01409	0.00349	0.00872	0.03528	0.00514	0.00987
81	0.02815	0.01851	0.02119	0.01595	0.02279	0.01802	0.01307	0.30224	0.02861	0.17729	0.02106	0.02088	0.01494	0.00880	0.00762	0.00210	0.00772	0.00684	0.00764	0.25659
82	0.01172	0.00856	0.01124	0.01212	0.01383	0.00808	0.00952	0.01483	0.01976	0.02643	0.24129	0.21958	0.12988	0.02153	0.01055	0.00322	0.00543	0.21686	0.00814	0.00743
83	0.01981	0.01921	0.03347	0.13945	0.53245	0.01964	0.06399	0.02497	0.01864	0.02628	0.01558	0.02090	0.01283	0.00750	0.00834	0.00253	0.01031	0.00755	0.00406	0.01248
84	0.09099	0.00972	0.01174	0.01231	0.01358	0.01026	0.00921	0.01527	0.01572	0.02300	0.06776	0.20935	0.03994	0.21615	0.02021	0.00471	0.04698	0.16966	0.00651	0.00693
85	0.01195	0.00837	0.01025	0.01109	0.01174	0.00822	0.00721	0.04456	0.01580	0.02108	0.03757	0.43999	0.04414	0.26328	0.02154	0.00496	0.00618	0.01873	0.00681	0.00654

[dist]
# distance from previous block
# <min> <max>
1	2

[block]
# block no. 9 follows, 22 sequences, length 49
# corresponding to MSA columns:
# 3017-3065
name=unknown_J
#
# <colnr> <probs for GDERKNQSTAVLIFYWHMCP>
#	G	D	E	R	K	N	Q	S	T	A	V	L	I	F	Y	W	H	M	C	P
0	0.02165	0.01383	0.01628	0.01461	0.01779	0.05398	0.01148	0.07263	0.01994	0.19338	0.03315	0.12626	0.07392	0.06869	0.12147	0.00496	0.06172	0.05731	0.00721	0.00976
1	0.01684	0.01033	0.01183	0.01082	0.01428	0.00918	0.00830	0.05498	0.02072	0.15612	0.06423	0.15398	0.39894	0.01886	0.00954	0.00282	0.00518	0.01589	0.00828	0.00888
2	0.02997	0.02210	0.02399	0.01864	0.02487	0.02451	0.01535	0.57843	0.03696	0.04966	0.02013	0.02098	0.01467	0.01424	0.06274	0.00338	0.01021	0.00760	0.00800	0.01358
3	0.01978	0.01935	0.02945	0.21726	0.41511	0.06997	0.02322	0.02424	0.01827	0.02440	0.01512	0.02078	0.01247	0.00878	0.00937	0.03940	0.01046	0.00723	0.00399	0.01137
