[name]
unknown

[dist]
# distance from previous block
# <min> <max>
0	6

[block]
# block no. 0 follows, 21 sequences, length 80
# corresponding to MSA columns:
# 6-85
name=unknown_A
#
# <colnr> <probs for GDERKNQSTAVLIFYWHMCP>
#	G	D	E	R	K	N	Q	S	T	A	V	L	I	F	Y	W	H	M	C	P
0	0.01371	0.00980	0.01371	0.01567	0.01763	0.00980	0.01371	0.01763	0.01959	0.02547	0.04506	0.09599	0.04898	0.02351	0.01175	0.00392	0.00784	0.59056	0.00784	0.00784
1	0.01790	0.01700	0.02884	0.44973	0.27503	0.01939	0.02455	0.02335	0.01788	0.02397	0.01545	0.02209	0.01213	0.00817	0.00848	0.00272	0.01089	0.00757	0.00394	0.01093
2	0.02106	0.02022	0.03454	0.05223	0.64784	0.02022	0.02612	0.02612	0.01938	0.02780	0.01601	0.02106	0.01348	0.00758	0.00842	0.00253	0.01011	0.00758	0.00421	0.01348
3	0.02117	0.01828	0.01924	0.01732	0.02213	0.02117	0.01347	0.04522	0.63246	0.03560	0.03464	0.03175	0.02598	0.01155	0.00866	0.00289	0.00673	0.00962	0.00866	0.01347
4	0.01586	0.00793	0.00793	0.00793	0.00991	0.00793	0.00595	0.01983	0.01785	0.03173	0.02776	0.03173	0.02181	0.00991	0.00595	0.00198	0.00397	0.00793	0.74817	0.00793
5	0.01812	0.03667	0.44527	0.02831	0.03950	0.02038	0.23564	0.02706	0.01871	0.02706	0.01595	0.01971	0.01152	0.00777	0.00877	0.00276	0.01319	0.00760	0.00384	0.01219
6	0.01190	0.00869	0.01117	0.01055	0.01262	0.00797	0.00791	0.01577	0.02374	0.03330	0.60212	0.06492	0.12203	0.01771	0.01004	0.00269	0.00404	0.01558	0.00926	0.00797
7	0.01586	0.00793	0.00793	0.00793	0.00991	0.00793	0.00595	0.01983	0.01785	0.03173	0.02776	0.03173	0.02181	0.00991	0.00595	0.00198	0.00397	0.00793	0.74817	0.00793
8	0.02106	0.02022	0.03454	0.05223	0.64784	0.02022	0.02612	0.02612	0.01938	0.02780	0.01601	0.02106	0.01348	0.00758	0.00842	0.00253	0.01011	0.00758	0.00421	0.01348
9	0.02378	0.02681	0.03389	0.07991	0.19874	0.22171	0.18644	0.02999	0.06625	0.02563	0.01677	0.02072	0.01331	0.00820	0.00866	0.00257	0.01276	0.00776	0.00459	0.01151
10	0.02106	0.02022	0.03454	0.05223	0.64784	0.02022	0.02612	0.02612	0.01938	0.02780	0.01601	0.02106	0.01348	0.00758	0.00842	0.00253	0.01011	0.00758	0.00421	0.01348
11	0.01497	0.01228	0.01385	0.01353	0.01660	0.01265	0.01011	0.02515	0.24397	0.02764	0.04656	0.27321	0.14040	0.01860	0.00961	0.00300	0.00571	0.03956	0.00797	0.06461
12	0.01231	0.00850	0.01056	0.01056	0.01100	0.00894	0.00675	0.01319	0.01275	0.01744	0.02565	0.04924	0.02814	0.51628	0.22413	0.00982	0.01247	0.01143	0.00498	0.00586
13	0.02127	0.02474	0.04758	0.03446	0.04264	0.08679	0.55619	0.02794	0.02049	0.02661	0.01681	0.02219	0.01272	0.00734	0.00980	0.00280	0.01445	0.00958	0.00431	0.01131
14	0.01216	0.00912	0.01368	0.01368	0.01520	0.01064	0.01064	0.01520	0.01368	0.01976	0.02279	0.03343	0.02127	0.06382	0.66720	0.01368	0.02279	0.00912	0.00456	0.00760
15	0.01204	0.00870	0.01138	0.01071	0.01271	0.00803	0.00803	0.01606	0.02409	0.03413	0.64335	0.06357	0.08030	0.01740	0.01004	0.00268	0.00401	0.01539	0.00937	0.00803
16	0.01586	0.00793	0.00793	0.00793	0.00991	0.00793	0.00595	0.01983	0.01785	0.03173	0.02776	0.03173	0.02181	0.00991	0.00595	0.00198	0.00397	0.00793	0.74817	0.00793
17	0.01765	0.01513	0.01765	0.01260	0.02017	0.01134	0.01008	0.02143	0.01765	0.02773	0.01513	0.01765	0.01260	0.00630	0.00630	0.00126	0.00630	0.00504	0.00504	0.75295
18	0.03235	0.02384	0.02554	0.01958	0.02639	0.02639	0.01618	0.61946	0.04001	0.05363	0.02043	0.02043	0.01447	0.01022	0.00851	0.00255	0.00936	0.00766	0.00851	0.01447
19	0.01586	0.00793	0.00793	0.00793	0.00991	0.00793	0.00595	0.01983	0.01785	0.03173	0.02776	0.03173	0.02181	0.00991	0.00595	0.00198	0.00397	0.00793	0.74817	0.00793
20	0.01737	0.07951	0.62401	0.02374	0.03603	0.02051	0.03054	0.02687	0.01793	0.02658	0.01509	0.01774	0.01079	0.00804	0.00794	0.00265	0.01239	0.00620	0.00360	0.01249
21	0.01006	0.00862	0.00862	0.00862	0.01149	0.00718	0.00647	0.01221	0.01940	0.02299	0.08621	0.08190	0.64438	0.02155	0.01006	0.00287	0.00431	0.01796	0.00790	0.00718
22	0.01204	0.00870	0.01138	0.01071	0.01271	0.00803	0.00803	0.01606	0.02409	0.03413	0.64335	0.06357	0.08030	0.01740	0.01004	0.00268	0.00401	0.01539	0.00937	0.00803
23	0.01216	0.00912	0.01368	0.01368	0.01520	0.01064	0.01064	0.01520	0.01368	0.01976	0.02279	0.03343	0.02127	0.06382	0.66720	0.01368	0.02279	0.00912	0.00456	0.00760
24	0.01586	0.00793	0.00793	0.00793	0.00991	0.00793	0.00595	0.01983	0.01785	0.03173	0.02776	0.03173	0.02181	0.00991	0.00595	0.00198	0.00397	0.00793	0.74817	0.00793
25	0.03235	0.02384	0.02554	0.01958	0.02639	0.02639	0.01618	0.61946	0.04001	0.05363	0.02043	0.02043	0.01447	0.01022	0.00851	0.00255	0.00936	0.00766	0.00851	0.01447
26	0.01072	0.00768	0.01019	0.01161	0.01242	0.00715	0.00793	0.01273	0.01793	0.02433	0.17213	0.56271	0.06133	0.02472	0.01069	0.00329	0.00474	0.02234	0.00821	0.00715
27	0.01707	0.04402	0.65683	0.02426	0.03683	0.01976	0.03144	0.02695	0.01797	0.02695	0.01527	0.01797	0.01078	0.00809	0.00809	0.00270	0.01258	0.00629	0.00359	0.01258
28	0.01586	0.00793	0.00793	0.00793	0.00991	0.00793	0.00595	0.01983	0.01785	0.03173	0.02776	0.03173	0.02181	0.00991	0.00595	0.00198	0.00397	0.00793	0.74817	0.00793
29	0.01216	0.00912	0.01368	0.01368	0.01520	0.01064	0.01064	0.01520	0.01368	0.01976	0.02279	0.03343	0.02127	0.06382	0.66720	0.01368	0.02279	0.00912	0.00456	0.00760
30	0.02100	0.02040	0.03559	0.05114	0.60750	0.02031	0.06562	0.02619	0.01942	0.02777	0.01609	0.02119	0.01344	0.00756	0.00853	0.00255	0.01039	0.00775	0.00422	0.01335
31	0.16647	0.01754	0.02064	0.11010	0.19406	0.09009	0.01600	0.02277	0.01788	0.02730	0.02210	0.16154	0.02167	0.01208	0.00805	0.00270	0.00863	0.01026	0.06021	0.00991
32	0.01862	0.01862	0.02607	0.02234	0.02234	0.02607	0.01862	0.02048	0.01303	0.02048	0.01117	0.01862	0.01117	0.01489	0.02793	0.00372	0.68535	0.00745	0.00372	0.00931
33	0.03179	0.04056	0.02412	0.02192	0.02631	0.66676	0.01644	0.03398	0.02412	0.02083	0.01315	0.01535	0.01096	0.00877	0.00767	0.00219	0.01535	0.00548	0.00438	0.00987
34	0.02606	0.39706	0.03504	0.01704	0.02337	0.15720	0.01509	0.15140	0.02325	0.02723	0.01442	0.01635	0.01217	0.01088	0.03800	0.00261	0.01105	0.00561	0.00486	0.01130
35	0.02400	0.02944	0.17760	0.03453	0.28606	0.11247	0.02392	0.15200	0.02405	0.03204	0.01636	0.01940	0.01270	0.00842	0.00826	0.00253	0.01127	0.00700	0.00499	0.01297
36	0.01586	0.00793	0.00793	0.00793	0.00991	0.00793	0.00595	0.01983	0.01785	0.03173	0.02776	0.03173	0.02181	0.00991	0.00595	0.00198	0.00397	0.00793	0.74817	0.00793
37	0.01204	0.00870	0.01138	0.01071	0.01271	0.00803	0.00803	0.01606	0.02409	0.03413	0.64335	0.06357	0.08030	0.01740	0.01004	0.00268	0.00401	0.01539	0.00937	0.00803
38	0.02439	0.02329	0.02780	0.02796	0.15636	0.11182	0.05381	0.15678	0.12071	0.03201	0.01854	0.02142	0.01480	0.01052	0.01275	0.00283	0.15853	0.00775	0.00577	0.01216
39	0.02852	0.03388	0.02228	0.02012	0.02458	0.48499	0.01524	0.06026	0.12525	0.02488	0.02218	0.02298	0.05821	0.01019	0.00804	0.00237	0.01288	0.00714	0.00552	0.01048
40	0.01238	0.00825	0.00928	0.00928	0.00928	0.00825	0.00516	0.01238	0.01238	0.01650	0.02681	0.05569	0.03094	0.70092	0.04331	0.00825	0.00825	0.01238	0.00516	0.00516
41	0.01094	0.00832	0.01225	0.01327	0.01424	0.00777	0.04379	0.01276	0.01652	0.02205	0.04515	0.65574	0.05373	0.02551	0.01081	0.00342	0.00549	0.02336	0.00769	0.00718
42	0.01967	0.34698	0.37666	0.01982	0.02997	0.02613	0.02372	0.02628	0.01766	0.02378	0.01370	0.01599	0.01084	0.00772	0.00688	0.00229	0.01099	0.00549	0.00361	0.01182
43	0.03107	0.03920	0.02481	0.02395	0.06786	0.62353	0.01709	0.03346	0.02380	0.02129	0.01335	0.01573	0.01113	0.00869	0.00772	0.00221	0.01500	0.00562	0.00437	0.01011
44	0.01999	0.02267	0.04860	0.03496	0.04300	0.02182	0.57693	0.02681	0.01961	0.02681	0.01681	0.02267	0.01280	0.00769	0.01124	0.00293	0.05921	0.00987	0.00427	0.01133
45	0.01204	0.00870	0.01138	0.01071	0.01271	0.00803	0.00803	0.01606	0.02409	0.03413	0.64335	0.06357	0.08030	0.01740	0.01004	0.00268	0.00401	0.01539	0.00937	0.00803
46	0.02775	0.03317	0.02722	0.06952	0.20835	0.44120	0.01967	0.03098	0.02232	0.02290	0.01410	0.01744	0.01171	0.00841	0.00794	0.00233	0.01359	0.00621	0.00430	0.01089
47	0.01728	0.04254	0.61411	0.02507	0.03737	0.01989	0.07267	0.02697	0.01812	0.02697	0.01541	0.01832	0.01093	0.00802	0.00822	0.00271	0.01270	0.00655	0.00364	0.01250
48	0.02851	0.03291	0.02510	0.02676	0.14895	0.44408	0.01758	0.07260	0.02383	0.02533	0.01532	0.01806	0.01251	0.00872	0.00775	0.00227	0.01304	0.00623	0.05967	0.01077
49	0.01006	0.00862	0.00862	0.00862	0.01149	0.00718	0.00647	0.01221	0.01940	0.02299	0.08621	0.08190	0.64438	0.02155	0.01006	0.00287	0.00431	0.01796	0.00790	0.00718
50	0.02030	0.01944	0.03316	0.14873	0.55734	0.02002	0.02574	0.02545	0.01901	0.02687	0.01587	0.02131	0.01315	0.00772	0.00844	0.00257	0.01030	0.00758	0.00415	0.01286
51	0.03105	0.03745	0.02502	0.02394	0.07230	0.55743	0.01713	0.08962	0.02529	0.02449	0.01406	0.01626	0.01149	0.00882	0.00781	0.00225	0.01438	0.00585	0.00477	0.01058
52	0.03179	0.04056	0.02412	0.02192	0.02631	0.66676	0.01644	0.03398	0.02412	0.02083	0.01315	0.01535	0.01096	0.00877	0.00767	0.00219	0.01535	0.00548	0.00438	0.00987
53	0.01784	0.02470	0.21954	0.02456	0.06407	0.01646	0.20116	0.02423	0.01985	0.06874	0.07773	0.03650	0.14366	0.01132	0.00927	0.00277	0.01035	0.01065	0.00559	0.01101
54	0.01121	0.00836	0.01062	0.01135	0.01291	0.00749	0.00794	0.01343	0.01826	0.02477	0.16738	0.45727	0.11733	0.02279	0.01028	0.00308	0.00479	0.02039	0.00798	0.06236
55	0.02157	0.01867	0.02203	0.07481	0.09989	0.02126	0.01599	0.08355	0.46627	0.03489	0.02980	0.02891	0.02246	0.01073	0.00861	0.00282	0.00770	0.00907	0.00773	0.01322
56	0.02024	0.41391	0.31476	0.01884	0.02846	0.02754	0.02201	0.02613	0.01759	0.02308	0.01335	0.01556	0.01086	0.00764	0.00662	0.00221	0.01063	0.00532	0.00362	0.01165
57	0.01295	0.01003	0.01282	0.01274	0.01291	0.01135	0.00876	0.01381	0.01382	0.01904	0.03043	0.26255	0.03549	0.33839	0.02938	0.00574	0.14207	0.01535	0.00579	0.00657
58	0.02114	0.50209	0.20518	0.01805	0.02678	0.02949	0.04595	0.02595	0.01759	0.02216	0.01297	0.01520	0.01097	0.00749	0.00635	0.00210	0.01025	0.00525	0.00366	0.01138
59	0.01574	0.01462	0.02202	0.03116	0.34034	0.01392	0.01662	0.01940	0.01939	0.02548	0.04993	0.05046	0.31835	0.01433	0.00921	0.00269	0.00731	0.01260	0.00600	0.01044
60	0.01967	0.01880	0.03203	0.22709	0.48384	0.01985	0.02543	0.02490	0.01872	0.02612	0.01576	0.02152	0.01289	0.00784	0.00845	0.00261	0.01045	0.00758	0.00409	0.01236
61	0.01749	0.09300	0.61153	0.02354	0.03572	0.02079	0.03019	0.02684	0.01792	0.02644	0.01502	0.01765	0.01079	0.00803	0.00789	0.00263	0.01232	0.00616	0.00360	0.01245
62	0.01238	0.00825	0.00928	0.00928	0.00928	0.00825	0.00516	0.01238	0.01238	0.01650	0.02681	0.05569	0.03094	0.70092	0.04331	0.00825	0.00825	0.01238	0.00516	0.00516
63	0.02106	0.02022	0.03454	0.05223	0.64784	0.02022	0.02612	0.02612	0.01938	0.02780	0.01601	0.02106	0.01348	0.00758	0.00842	0.00253	0.01011	0.00758	0.00421	0.01348
64	0.01227	0.00827	0.00925	0.00925	0.00939	0.00820	0.00522	0.01237	0.01271	0.01681	0.02962	0.05693	0.05996	0.66878	0.04174	0.00800	0.00806	0.01264	0.00529	0.00525
65	0.02106	0.02022	0.03454	0.05223	0.64784	0.02022	0.02612	0.02612	0.01938	0.02780	0.01601	0.02106	0.01348	0.00758	0.00842	0.00253	0.01011	0.00758	0.00421	0.01348
66	0.01037	0.00741	0.00987	0.01185	0.01234	0.00691	0.00790	0.01185	0.01629	0.02172	0.04690	0.69537	0.05629	0.02666	0.01086	0.00346	0.00494	0.02419	0.00790	0.00691
67	0.01988	0.01902	0.03241	0.20061	0.50868	0.01991	0.02553	0.02508	0.01882	0.02637	0.01580	0.02145	0.01298	0.00780	0.00844	0.00260	0.01040	0.00758	0.00411	0.01253
68	0.02077	0.01992	0.03401	0.08926	0.61311	0.02014	0.02597	0.02586	0.01924	0.02745	0.01596	0.02116	0.01335	0.00764	0.00843	0.00255	0.01018	0.00758	0.00419	0.01324
69	0.01223	0.00819	0.00932	0.00946	0.00950	0.00816	0.00535	0.01234	0.01265	0.01687	0.02823	0.10074	0.03272	0.65344	0.04103	0.00791	0.00802	0.01321	0.00535	0.00528
70	0.01216	0.00912	0.01368	0.01368	0.01520	0.01064	0.01064	0.01520	0.01368	0.01976	0.02279	0.03343	0.02127	0.06382	0.66720	0.01368	0.02279	0.00912	0.00456	0.00760
71	0.02197	0.47317	0.20763	0.01778	0.02624	0.08202	0.01926	0.02658	0.01803	0.02195	0.01287	0.01495	0.01089	0.00762	0.00635	0.00209	0.01055	0.00509	0.00369	0.01128
72	0.01716	0.07306	0.26739	0.02621	0.07584	0.01852	0.18796	0.02371	0.01826	0.02554	0.02228	0.16151	0.02113	0.01164	0.00906	0.00283	0.01106	0.01107	0.00474	0.01103
73	0.23231	0.03015	0.02636	0.02186	0.02738	0.35101	0.14051	0.03007	0.02059	0.02701	0.01364	0.01652	0.01089	0.00819	0.00750	0.00246	0.01270	0.00620	0.00461	0.01002
74	0.16279	0.16132	0.06824	0.01369	0.01926	0.01859	0.01241	0.08361	0.02072	0.09996	0.09707	0.03330	0.12081	0.01245	0.00868	0.03412	0.00730	0.00890	0.00652	0.01025
75	0.21745	0.07988	0.35278	0.02086	0.03046	0.02043	0.08273	0.02699	0.01748	0.05648	0.01510	0.01753	0.01103	0.00799	0.00737	0.00263	0.01068	0.00619	0.00441	0.01153
76	0.19887	0.10581	0.14887	0.01739	0.02452	0.11384	0.01663	0.07070	0.06379	0.13622	0.01857	0.01911	0.01351	0.00885	0.00721	0.00250	0.00964	0.00629	0.00596	0.01172
77	0.02864	0.28251	0.02964	0.01654	0.02236	0.19890	0.01403	0.03130	0.02105	0.19675	0.02071	0.06639	0.01695	0.00996	0.00731	0.00226	0.01000	0.00730	0.00606	0.01134
78	0.01632	0.02238	0.19464	0.01942	0.06770	0.06065	0.01707	0.02054	0.01584	0.02221	0.01978	0.03117	0.01864	0.19198	0.15180	0.00630	0.06856	0.00858	0.03729	0.00913
79	0.15409	0.02126	0.10523	0.02445	0.15475	0.01860	0.04254	0.11463	0.06192	0.03332	0.02014	0.08786	0.01755	0.01013	0.00790	0.00255	0.00866	0.00851	0.00574	0.10016

[dist]
# distance from previous block
# <min> <max>
40	153

[block]
# block no. 1 follows, 21 sequences, length 81
# corresponding to MSA columns:
# 240-320
name=unknown_B
#
# <colnr> <probs for GDERKNQSTAVLIFYWHMCP>
#	G	D	E	R	K	N	Q	S	T	A	V	L	I	F	Y	W	H	M	C	P
0	0.02619	0.08429	0.05025	0.01635	0.02202	0.04851	0.01390	0.14832	0.13139	0.18791	0.06187	0.03023	0.05470	0.01578	0.06634	0.00355	0.00940	0.00885	0.00783	0.01233
1	0.30149	0.09466	0.02052	0.01514	0.02035	0.15069	0.01239	0.02882	0.01847	0.13480	0.01644	0.01802	0.01259	0.01128	0.03789	0.00294	0.04270	0.00582	0.00569	0.04930
2	0.02249	0.18818	0.02513	0.05243	0.02250	0.02200	0.01340	0.22238	0.07383	0.03408	0.02645	0.11984	0.04826	0.01230	0.00792	0.00250	0.00784	0.00987	0.07738	0.01121
3	0.02333	0.40480	0.07101	0.02263	0.13346	0.09115	0.01753	0.06188	0.01975	0.02429	0.01358	0.01598	0.01167	0.00764	0.00657	0.00204	0.00994	0.00548	0.00418	0.05308
4	0.02748	0.25931	0.09699	0.01858	0.02511	0.26745	0.01673	0.03195	0.05307	0.10427	0.01671	0.01769	0.01303	0.00857	0.00714	0.00221	0.01146	0.00587	0.00508	0.01129
5	0.14308	0.01977	0.01878	0.01538	0.02115	0.09177	0.01237	0.17836	0.05248	0.07012	0.02552	0.02824	0.07265	0.01051	0.00769	0.00234	0.00813	0.03439	0.00676	0.18052
6	0.02181	0.06823	0.19135	0.02623	0.12277	0.05324	0.10489	0.06103	0.04703	0.08307	0.01971	0.05588	0.01583	0.00915	0.00829	0.00251	0.01047	0.00810	0.00530	0.08511
7	0.02556	0.01721	0.02028	0.01803	0.05502	0.01795	0.01355	0.17763	0.20047	0.16202	0.09931	0.06124	0.02839	0.01188	0.00872	0.00265	0.00724	0.00990	0.00860	0.05436
8	0.10823	0.07725	0.15878	0.01887	0.05471	0.01903	0.01736	0.10776	0.08273	0.13079	0.02718	0.03158	0.05716	0.01118	0.00820	0.00272	0.00871	0.05904	0.00671	0.01199
9	0.06762	0.02370	0.09119	0.03259	0.27102	0.08934	0.05196	0.02890	0.07384	0.06289	0.01774	0.02076	0.01399	0.00855	0.00907	0.00252	0.04550	0.00718	0.00503	0.07661
10	0.09738	0.08207	0.02430	0.07785	0.02634	0.16414	0.07891	0.02634	0.07582	0.02563	0.02708	0.02887	0.11219	0.01068	0.00884	0.00250	0.04110	0.00839	0.00532	0.07626
11	0.02730	0.02531	0.05745	0.01993	0.02535	0.14233	0.04813	0.31405	0.02916	0.03806	0.01821	0.02060	0.01392	0.01099	0.01106	0.03927	0.06805	0.00730	0.07171	0.01181
12	0.59361	0.02217	0.05308	0.01378	0.01934	0.12823	0.01177	0.02664	0.01631	0.03459	0.01227	0.01433	0.00960	0.00806	0.00584	0.00256	0.00842	0.00486	0.00502	0.00953
13	0.05256	0.01498	0.02080	0.01857	0.01940	0.01999	0.01519	0.01874	0.01334	0.02108	0.01553	0.02389	0.01483	0.03275	0.26452	0.00737	0.40576	0.00793	0.00411	0.00867
14	0.01642	0.01191	0.01443	0.01442	0.01674	0.01226	0.01094	0.16452	0.02277	0.03032	0.03998	0.42610	0.04462	0.02203	0.01043	0.00331	0.00653	0.11528	0.00804	0.00896
15	0.02165	0.02158	0.03474	0.04956	0.57887	0.05904	0.05660	0.02665	0.01970	0.02736	0.01590	0.02082	0.01330	0.00763	0.00846	0.00253	0.01065	0.00759	0.00423	0.01316
16	0.02106	0.02022	0.03454	0.05223	0.64784	0.02022	0.02612	0.02612	0.01938	0.02780	0.01601	0.02106	0.01348	0.00758	0.00842	0.00253	0.01011	0.00758	0.00421	0.01348
17	0.01478	0.00739	0.01109	0.01109	0.01109	0.00739	0.00739	0.01109	0.01109	0.01478	0.01478	0.02587	0.01478	0.02956	0.03326	0.75240	0.00739	0.00739	0.00370	0.00370
18	0.01479	0.00819	0.00914	0.00914	0.01081	0.00846	0.00672	0.01813	0.01646	0.02779	0.02674	0.03479	0.02276	0.09911	0.13122	0.00484	0.00790	0.00866	0.52682	0.00755
19	0.01006	0.00862	0.00862	0.00862	0.01149	0.00718	0.00647	0.01221	0.01940	0.02299	0.08621	0.08190	0.64438	0.02155	0.01006	0.00287	0.00431	0.01796	0.00790	0.00718
20	0.03235	0.02384	0.02554	0.01958	0.02639	0.02639	0.01618	0.61946	0.04001	0.05363	0.02043	0.02043	0.01447	0.01022	0.00851	0.00255	0.00936	0.00766	0.00851	0.01447
21	0.03007	0.03729	0.02579	0.02680	0.12620	0.56285	0.01800	0.03272	0.02335	0.02195	0.01361	0.01627	0.01137	0.00858	0.00779	0.00225	0.01451	0.00582	0.00436	0.01045
22	0.02049	0.01963	0.03351	0.12441	0.58015	0.02007	0.02583	0.02561	0.01911	0.02711	0.01591	0.02125	0.01323	0.00769	0.00843	0.00256	0.01025	0.00758	0.00416	0.01302
23	0.01607	0.01513	0.02552	0.68047	0.05861	0.01891	0.02363	0.02174	0.01702	0.02174	0.01513	0.02269	0.01134	0.00851	0.00851	0.00284	0.01134	0.00756	0.00378	0.00945
24	0.01216	0.00912	0.01368	0.01368	0.01520	0.01064	0.01064	0.01520	0.01368	0.01976	0.02279	0.03343	0.02127	0.06382	0.66720	0.01368	0.02279	0.00912	0.00456	0.00760
25	0.02106	0.02022	0.03454	0.05223	0.64784	0.02022	0.02612	0.02612	0.01938	0.02780	0.01601	0.02106	0.01348	0.00758	0.00842	0.00253	0.01011	0.00758	0.00421	0.01348
26	0.01204	0.00870	0.01138	0.01071	0.01271	0.00803	0.00803	0.01606	0.02409	0.03413	0.64335	0.06357	0.08030	0.01740	0.01004	0.00268	0.00401	0.01539	0.00937	0.00803
27	0.01037	0.00741	0.00987	0.01185	0.01234	0.00691	0.00790	0.01185	0.01629	0.02172	0.04690	0.69537	0.05629	0.02666	0.01086	0.00346	0.00494	0.02419	0.00790	0.00691
28	0.02117	0.01828	0.01924	0.01732	0.02213	0.02117	0.01347	0.04522	0.63246	0.03560	0.03464	0.03175	0.02598	0.01155	0.00866	0.00289	0.00673	0.00962	0.00866	0.01347
29	0.01819	0.17450	0.53616	0.02234	0.03388	0.02251	0.02812	0.02666	0.01783	0.02558	0.01459	0.01712	0.01081	0.00793	0.00757	0.00252	0.01189	0.00595	0.00360	0.01225
30	0.01037	0.00741	0.00987	0.01185	0.01234	0.00691	0.00790	0.01185	0.01629	0.02172	0.04690	0.69537	0.05629	0.02666	0.01086	0.00346	0.00494	0.02419	0.00790	0.00691
31	0.03818	0.01448	0.01975	0.01514	0.02172	0.01251	0.01251	0.04147	0.02436	0.65373	0.03357	0.02897	0.02107	0.01053	0.00856	0.00263	0.00724	0.00856	0.01053	0.01448
32	0.01398	0.01173	0.01820	0.02549	0.22694	0.01141	0.01405	0.01667	0.01733	0.02378	0.03647	0.46767	0.04183	0.02022	0.01004	0.00314	0.00668	0.01858	0.00665	0.00913
33	0.02429	0.02115	0.03117	0.04109	0.43776	0.02203	0.02262	0.19641	0.05737	0.03558	0.01825	0.02144	0.01442	0.00854	0.00846	0.00255	0.00972	0.00771	0.00567	0.01376
34	0.02275	0.70604	0.04459	0.01456	0.02184	0.03367	0.01456	0.02548	0.01729	0.02002	0.01183	0.01365	0.01092	0.00728	0.00546	0.00182	0.00910	0.00455	0.00364	0.01092
35	0.01887	0.03222	0.32933	0.03369	0.15984	0.02045	0.22810	0.02689	0.01896	0.02722	0.01607	0.02026	0.01203	0.00768	0.00881	0.00272	0.01269	0.00781	0.00396	0.01238
36	0.01030	0.00768	0.00959	0.01111	0.01215	0.00697	0.00757	0.01193	0.01700	0.02201	0.05592	0.55473	0.19111	0.02549	0.01068	0.00332	0.00479	0.02276	0.00790	0.00697
37	0.02108	0.01984	0.03153	0.04535	0.52451	0.02041	0.02362	0.02988	0.14022	0.02934	0.01968	0.02317	0.01594	0.00836	0.00847	0.00260	0.00944	0.00798	0.00509	0.01348
38	0.01035	0.00748	0.00980	0.01165	0.01229	0.00693	0.00781	0.01187	0.01648	0.02180	0.04931	0.65781	0.09229	0.02635	0.01081	0.00342	0.00490	0.02381	0.00790	0.00693
39	0.01935	0.30986	0.41098	0.02036	0.03081	0.02535	0.02466	0.02636	0.01770	0.02417	0.01389	0.01623	0.01084	0.00776	0.00703	0.00234	0.01118	0.00559	0.00361	0.01191
40	0.02670	0.22402	0.03050	0.01964	0.02427	0.28711	0.01630	0.09617	0.02182	0.02430	0.01322	0.01609	0.01139	0.00971	0.01111	0.00243	0.14426	0.00585	0.00452	0.01059
41	0.01037	0.00741	0.00987	0.01185	0.01234	0.00691	0.00790	0.01185	0.01629	0.02172	0.04690	0.69537	0.05629	0.02666	0.01086	0.00346	0.00494	0.02419	0.00790	0.00691
42	0.02820	0.03304	0.02247	0.02037	0.02490	0.44875	0.01544	0.03778	0.22954	0.02582	0.02041	0.02089	0.01603	0.00971	0.00801	0.00243	0.01244	0.00688	0.00583	0.01108
43	0.01968	0.02699	0.18475	0.03795	0.21746	0.02074	0.31160	0.02686	0.01940	0.02735	0.01642	0.02126	0.01259	0.00750	0.00913	0.00273	0.01271	0.00847	0.00411	0.01231
44	0.02045	0.01812	0.02209	0.02478	0.16492	0.02008	0.01593	0.03879	0.45376	0.03303	0.03358	0.03242	0.06160	0.01126	0.00869	0.00280	0.00736	0.00967	0.00759	0.01308
45	0.01707	0.04402	0.65683	0.02426	0.03683	0.01976	0.03144	0.02695	0.01797	0.02695	0.01527	0.01797	0.01078	0.00809	0.00809	0.00270	0.01258	0.00629	0.00359	0.01258
46	0.02073	0.02114	0.03983	0.04671	0.44409	0.02066	0.22562	0.02650	0.01962	0.02762	0.01642	0.02170	0.01329	0.00744	0.00897	0.00264	0.01154	0.00841	0.00424	0.01280
47	0.02106	0.02022	0.03454	0.05223	0.64784	0.02022	0.02612	0.02612	0.01938	0.02780	0.01601	0.02106	0.01348	0.00758	0.00842	0.00253	0.01011	0.00758	0.00421	0.01348
48	0.02009	0.02296	0.05022	0.03587	0.04448	0.02152	0.61693	0.02726	0.02009	0.02726	0.01722	0.02296	0.01291	0.00717	0.01004	0.00287	0.01435	0.01004	0.00430	0.01148
49	0.01238	0.00825	0.00928	0.00928	0.00928	0.00825	0.00516	0.01238	0.01238	0.01650	0.02681	0.05569	0.03094	0.70092	0.04331	0.00825	0.00825	0.01238	0.00516	0.00516
50	0.01198	0.00808	0.00940	0.00979	0.00989	0.00799	0.00570	0.01227	0.01315	0.01753	0.03077	0.18177	0.03593	0.56803	0.03692	0.00731	0.00760	0.01470	0.00570	0.00550
51	0.03235	0.02384	0.02554	0.01958	0.02639	0.02639	0.01618	0.61946	0.04001	0.05363	0.02043	0.02043	0.01447	0.01022	0.00851	0.00255	0.00936	0.00766	0.00851	0.01447
52	0.01238	0.00825	0.00928	0.00928	0.00928	0.00825	0.00516	0.01238	0.01238	0.01650	0.02681	0.05569	0.03094	0.70092	0.04331	0.00825	0.00825	0.01238	0.00516	0.00516
53	0.01030	0.00768	0.00959	0.01111	0.01215	0.00697	0.00757	0.01193	0.01700	0.02201	0.05592	0.55473	0.19111	0.02549	0.01068	0.00332	0.00479	0.02276	0.00790	0.00697
54	0.02106	0.02022	0.03454	0.05223	0.64784	0.02022	0.02612	0.02612	0.01938	0.02780	0.01601	0.02106	0.01348	0.00758	0.00842	0.00253	0.01011	0.00758	0.00421	0.01348
55	0.03201	0.03389	0.02468	0.02099	0.02634	0.41131	0.01634	0.26754	0.03046	0.03391	0.01606	0.01738	0.01236	0.00935	0.00801	0.00234	0.01296	0.00635	0.00603	0.01170
56	0.03052	0.03830	0.02484	0.02380	0.06418	0.59751	0.01714	0.03288	0.02331	0.02124	0.01324	0.01585	0.01113	0.00898	0.00866	0.00228	0.04605	0.00570	0.00434	0.01006
57	0.02275	0.70604	0.04459	0.01456	0.02184	0.03367	0.01456	0.02548	0.01729	0.02002	0.01183	0.01365	0.01092	0.00728	0.00546	0.00182	0.00910	0.00455	0.00364	0.01092
58	0.01361	0.00973	0.01357	0.01536	0.01733	0.00969	0.01336	0.01753	0.01987	0.02601	0.08229	0.09398	0.05093	0.02313	0.01165	0.00384	0.00760	0.55476	0.00793	0.00785
59	0.03182	0.03952	0.02420	0.02178	0.02631	0.62691	0.01643	0.07042	0.02511	0.02287	0.01361	0.01566	0.01118	0.00886	0.00773	0.00221	0.01497	0.00562	0.00464	0.01015
60	0.01842	0.01255	0.04643	0.01596	0.01939	0.01051	0.07999	0.02137	0.01873	0.17323	0.03887	0.42839	0.04083	0.01973	0.01009	0.00316	0.00692	0.01802	0.00792	0.00950
61	0.01252	0.00965	0.01437	0.01416	0.01560	0.01150	0.01108	0.01549	0.01364	0.01980	0.02214	0.03260	0.02071	0.06109	0.63144	0.01312	0.05986	0.00902	0.00451	0.00769
62	0.01035	0.00794	0.00933	0.01040	0.01183	0.00709	0.00717	0.01203	0.01734	0.02196	0.06180	0.41176	0.29390	0.06076	0.01228	0.00348	0.00486	0.02103	0.00775	0.00693
63	0.17027	0.14411	0.19634	0.01889	0.06307	0.01989	0.01808	0.02966	0.01884	0.18533	0.01863	0.01933	0.01332	0.00841	0.00713	0.00244	0.00902	0.00625	0.00578	0.04522
64	0.15625	0.01860	0.02604	0.06430	0.34327	0.01960	0.01943	0.02919	0.13910	0.03096	0.01882	0.02171	0.01501	0.00839	0.00777	0.00255	0.00862	0.00728	0.00531	0.05779
65	0.01230	0.00855	0.01079	0.01079	0.01132	0.00907	0.00704	0.01335	0.01282	0.01762	0.02543	0.04803	0.02761	0.48172	0.25797	0.01012	0.01325	0.01125	0.00495	0.00600
66	0.01892	0.16943	0.39012	0.02514	0.03572	0.02293	0.16907	0.02674	0.01834	0.02566	0.01506	0.01832	0.01132	0.00771	0.00804	0.00256	0.01232	0.00685	0.00377	0.01199
67	0.01765	0.01513	0.01765	0.01260	0.02017	0.01134	0.01008	0.02143	0.01765	0.02773	0.01513	0.01765	0.01260	0.00630	0.00630	0.00126	0.00630	0.00504	0.00504	0.75295
68	0.01478	0.00739	0.01109	0.01109	0.01109	0.00739	0.00739	0.01109	0.01109	0.01478	0.01478	0.02587	0.01478	0.02956	0.03326	0.75240	0.00739	0.00739	0.00370	0.00370
69	0.01478	0.00739	0.01109	0.01109	0.01109	0.00739	0.00739	0.01109	0.01109	0.01478	0.01478	0.02587	0.01478	0.02956	0.03326	0.75240	0.00739	0.00739	0.00370	0.00370
70	0.01037	0.00741	0.00987	0.01185	0.01234	0.00691	0.00790	0.01185	0.01629	0.02172	0.04690	0.69537	0.05629	0.02666	0.01086	0.00346	0.00494	0.02419	0.00790	0.00691
71	0.02839	0.07779	0.06520	0.02717	0.14057	0.47074	0.01900	0.03160	0.02246	0.02242	0.01372	0.01645	0.01141	0.00842	0.00770	0.00226	0.01384	0.00586	0.00426	0.01076
72	0.01586	0.00793	0.00793	0.00793	0.00991	0.00793	0.00595	0.01983	0.01785	0.03173	0.02776	0.03173	0.02181	0.00991	0.00595	0.00198	0.00397	0.00793	0.74817	0.00793
73	0.01204	0.00870	0.01138	0.01071	0.01271	0.00803	0.00803	0.01606	0.02409	0.03413	0.64335	0.06357	0.08030	0.01740	0.01004	0.00268	0.00401	0.01539	0.00937	0.00803
74	0.01006	0.00862	0.00862	0.00862	0.01149	0.00718	0.00647	0.01221	0.01940	0.02299	0.08621	0.08190	0.64438	0.02155	0.01006	0.00287	0.00431	0.01796	0.00790	0.00718
75	0.02106	0.02022	0.03454	0.05223	0.64784	0.02022	0.02612	0.02612	0.01938	0.02780	0.01601	0.02106	0.01348	0.00758	0.00842	0.00253	0.01011	0.00758	0.00421	0.01348
76	0.02076	0.01991	0.03400	0.08989	0.61252	0.02014	0.02597	0.02586	0.01924	0.02744	0.01595	0.02116	0.01335	0.00764	0.00843	0.00255	0.01018	0.00758	0.00419	0.01324
77	0.01324	0.00948	0.01305	0.01426	0.01623	0.00929	0.01210	0.01718	0.02087	0.02793	0.21499	0.08678	0.05787	0.02177	0.01127	0.00357	0.00675	0.42719	0.00827	0.00789
78	0.02009	0.05367	0.16880	0.07041	0.24606	0.05398	0.11279	0.02704	0.04707	0.02687	0.01643	0.02033	0.01294	0.00779	0.00825	0.00248	0.01107	0.00729	0.00434	0.08231
79	0.01343	0.01146	0.01190	0.01129	0.01468	0.01133	0.00861	0.02212	0.19933	0.02735	0.10449	0.06611	0.42937	0.01837	0.00965	0.00287	0.00500	0.01536	0.00821	0.00908
80	0.01765	0.01513	0.01765	0.01260	0.02017	0.01134	0.01008	0.02143	0.01765	0.02773	0.01513	0.01765	0.01260	0.00630	0.00630	0.00126	0.00630	0.00504	0.00504	0.75295

[dist]
# distance from previous block
# <min> <max>
0	1

[block]
# block no. 2 follows, 21 sequences, length 128
# corresponding to MSA columns:
# 322-449
name=unknown_C
#
# <colnr> <probs for GDERKNQSTAVLIFYWHMCP>
#	G	D	E	R	K	N	Q	S	T	A	V	L	I	F	Y	W	H	M	C	P
0	0.01813	0.07082	0.57084	0.02434	0.03612	0.04961	0.06048	0.02722	0.01833	0.02640	0.01513	0.01793	0.01091	0.00803	0.00806	0.00264	0.01265	0.00637	0.00367	0.01233
1	0.01862	0.01862	0.02607	0.02234	0.02234	0.02607	0.01862	0.02048	0.01303	0.02048	0.01117	0.01862	0.01117	0.01489	0.02793	0.00372	0.68535	0.00745	0.00372	0.00931
2	0.01006	0.00862	0.00862	0.00862	0.01149	0.00718	0.00647	0.01221	0.01940	0.02299	0.08621	0.08190	0.64438	0.02155	0.01006	0.00287	0.00431	0.01796	0.00790	0.00718
3	0.01586	0.00793	0.00793	0.00793	0.00991	0.00793	0.00595	0.01983	0.01785	0.03173	0.02776	0.03173	0.02181	0.00991	0.00595	0.00198	0.00397	0.00793	0.74817	0.00793
4	0.01586	0.00793	0.00793	0.00793	0.00991	0.00793	0.00595	0.01983	0.01785	0.03173	0.02776	0.03173	0.02181	0.00991	0.00595	0.00198	0.00397	0.00793	0.74817	0.00793
5	0.06427	0.02737	0.01989	0.01931	0.05775	0.35376	0.01386	0.02914	0.06948	0.05271	0.06749	0.03271	0.13403	0.01184	0.00829	0.00246	0.01082	0.00892	0.00598	0.00992
6	0.02081	0.01996	0.03409	0.08387	0.61817	0.02015	0.02599	0.02590	0.01926	0.02750	0.01596	0.02114	0.01337	0.00763	0.00843	0.00254	0.01017	0.00758	0.00419	0.01328
7	0.02463	0.11171	0.03080	0.12468	0.18373	0.23875	0.04735	0.06225	0.02130	0.02476	0.01449	0.01840	0.01193	0.00855	0.00880	0.00244	0.04329	0.00661	0.00437	0.01114
8	0.01204	0.00870	0.01138	0.01071	0.01271	0.00803	0.00803	0.01606	0.02409	0.03413	0.64335	0.06357	0.08030	0.01740	0.01004	0.00268	0.00401	0.01539	0.00937	0.00803
9	0.03116	0.03528	0.02457	0.02139	0.02610	0.47599	0.01650	0.17363	0.02729	0.02868	0.01478	0.01676	0.01182	0.00947	0.00905	0.00237	0.05278	0.00612	0.00534	0.01094
10	0.02029	0.16637	0.27758	0.03132	0.21375	0.05356	0.06905	0.02677	0.01870	0.02556	0.01485	0.01827	0.01177	0.00774	0.00779	0.00246	0.01143	0.00656	0.00388	0.01230
11	0.03046	0.03989	0.05826	0.02272	0.02773	0.60207	0.04612	0.03329	0.02360	0.02146	0.01346	0.01585	0.01105	0.00866	0.00781	0.00225	0.01515	0.00574	0.00434	0.01008
12	0.01204	0.00870	0.01138	0.01071	0.01271	0.00803	0.00803	0.01606	0.02409	0.03413	0.64335	0.06357	0.08030	0.01740	0.01004	0.00268	0.00401	0.01539	0.00937	0.00803
13	0.01323	0.01196	0.01608	0.02118	0.19472	0.01094	0.01212	0.01622	0.01939	0.02438	0.06600	0.06438	0.46272	0.01753	0.00959	0.00277	0.00598	0.01497	0.00684	0.00900
14	0.01232	0.00847	0.01039	0.01039	0.01077	0.00885	0.00653	0.01308	0.01270	0.01732	0.02580	0.05010	0.02851	0.54083	0.20008	0.00961	0.01191	0.01156	0.00501	0.00577
15	0.01092	0.00890	0.00983	0.01029	0.01295	0.00780	0.00818	0.01350	0.01944	0.02358	0.07646	0.08524	0.50332	0.02202	0.01046	0.00312	0.00515	0.15362	0.00789	0.00734
16	0.01045	0.00864	0.00917	0.00904	0.01174	0.00735	0.00678	0.01298	0.02033	0.02521	0.19728	0.07824	0.53192	0.02072	0.01005	0.00283	0.00425	0.01745	0.00819	0.00735
17	0.01046	0.00864	0.00918	0.00905	0.01174	0.00736	0.00678	0.01300	0.02035	0.02526	0.19991	0.07816	0.52927	0.02070	0.01005	0.00283	0.00425	0.01744	0.00820	0.00736
18	0.01707	0.04402	0.65683	0.02426	0.03683	0.01976	0.03144	0.02695	0.01797	0.02695	0.01527	0.01797	0.01078	0.00809	0.00809	0.00270	0.01258	0.00629	0.00359	0.01258
19	0.01033	0.00868	0.00900	0.00905	0.01183	0.00735	0.00687	0.01268	0.01969	0.02377	0.11819	0.08139	0.58503	0.02138	0.01013	0.00291	0.00444	0.04204	0.00799	0.00726
20	0.01069	0.00840	0.00966	0.00986	0.01201	0.00737	0.00720	0.01325	0.02013	0.02594	0.23882	0.19855	0.36508	0.02137	0.01021	0.00293	0.00435	0.01846	0.00832	0.00737
21	0.01216	0.00912	0.01368	0.01368	0.01520	0.01064	0.01064	0.01520	0.01368	0.01976	0.02279	0.03343	0.02127	0.06382	0.66720	0.01368	0.02279	0.00912	0.00456	0.00760
22	0.06670	0.02134	0.02345	0.01819	0.02477	0.02301	0.01498	0.44617	0.06728	0.17150	0.02341	0.02243	0.01616	0.01024	0.00838	0.00259	0.00867	0.00780	0.00877	0.01418
23	0.01216	0.00912	0.01368	0.01368	0.01520	0.01064	0.01064	0.01520	0.01368	0.01976	0.02279	0.03343	0.02127	0.06382	0.66720	0.01368	0.02279	0.00912	0.00456	0.00760
24	0.01586	0.00793	0.00793	0.00793	0.00991	0.00793	0.00595	0.01983	0.01785	0.03173	0.02776	0.03173	0.02181	0.00991	0.00595	0.00198	0.00397	0.00793	0.74817	0.00793
25	0.01216	0.00912	0.01368	0.01368	0.01520	0.01064	0.01064	0.01520	0.01368	0.01976	0.02279	0.03343	0.02127	0.06382	0.66720	0.01368	0.02279	0.00912	0.00456	0.00760
26	0.01037	0.00741	0.00987	0.01185	0.01234	0.00691	0.00790	0.01185	0.01629	0.02172	0.04690	0.69537	0.05629	0.02666	0.01086	0.00346	0.00494	0.02419	0.00790	0.00691
27	0.01239	0.01016	0.01385	0.01443	0.01480	0.01162	0.01053	0.01397	0.01549	0.02142	0.03813	0.52918	0.04521	0.02377	0.01505	0.00352	0.17202	0.02008	0.00687	0.00750
28	0.01607	0.01513	0.02552	0.68047	0.05861	0.01891	0.02363	0.02174	0.01702	0.02174	0.01513	0.02269	0.01134	0.00851	0.00851	0.00284	0.01134	0.00756	0.00378	0.00945
29	0.01006	0.00862	0.00862	0.00862	0.01149	0.00718	0.00647	0.01221	0.01940	0.02299	0.08621	0.08190	0.64438	0.02155	0.01006	0.00287	0.00431	0.01796	0.00790	0.00718
30	0.01223	0.00882	0.01218	0.01218	0.01318	0.00982	0.00877	0.01423	0.01323	0.01864	0.02417	0.04103	0.02457	0.28122	0.45432	0.01183	0.01783	0.01023	0.00476	0.00677
31	0.03034	0.03824	0.02335	0.02131	0.02549	0.61832	0.01601	0.03259	0.02335	0.02075	0.01387	0.01668	0.01172	0.01283	0.05637	0.00304	0.01590	0.00575	0.00440	0.00970
32	0.01991	0.02707	0.21372	0.04418	0.47191	0.02009	0.02765	0.02636	0.01897	0.02756	0.01580	0.02017	0.01270	0.00773	0.00833	0.00258	0.01082	0.00721	0.00403	0.01322
33	0.02976	0.02214	0.02404	0.01890	0.02510	0.02463	0.01549	0.52422	0.08145	0.04934	0.02169	0.02240	0.01592	0.01500	0.06613	0.00355	0.01034	0.00793	0.00818	0.01380
34	0.01160	0.01019	0.01015	0.01070	0.01293	0.04551	0.00784	0.01366	0.01879	0.02263	0.06846	0.25543	0.40658	0.02239	0.01024	0.00306	0.00532	0.04954	0.00769	0.00730
35	0.02452	0.25762	0.02911	0.01720	0.02246	0.18284	0.01449	0.12995	0.04995	0.02673	0.01681	0.01990	0.01424	0.01931	0.13500	0.00439	0.01323	0.00644	0.00508	0.01075
36	0.10067	0.03505	0.02330	0.02046	0.02540	0.48168	0.01571	0.14650	0.02629	0.02882	0.01444	0.01619	0.01148	0.00897	0.00761	0.00230	0.01336	0.00582	0.00527	0.01070
37	0.01986	0.01900	0.03238	0.20298	0.50645	0.01990	0.02552	0.02507	0.01881	0.02635	0.01580	0.02145	0.01297	0.00780	0.00844	0.00260	0.01041	0.00758	0.00411	0.01251
38	0.01707	0.04402	0.65683	0.02426	0.03683	0.01976	0.03144	0.02695	0.01797	0.02695	0.01527	0.01797	0.01078	0.00809	0.00809	0.00270	0.01258	0.00629	0.00359	0.01258
39	0.01164	0.00805	0.00952	0.01006	0.01047	0.00779	0.00618	0.01241	0.01452	0.01930	0.06812	0.24264	0.07642	0.43096	0.03027	0.00626	0.00684	0.01627	0.00633	0.00593
40	0.01586	0.00793	0.00793	0.00793	0.00991	0.00793	0.00595	0.01983	0.01785	0.03173	0.02776	0.03173	0.02181	0.00991	0.00595	0.00198	0.00397	0.00793	0.74817	0.00793
41	0.01250	0.00962	0.01434	0.01414	0.01558	0.01146	0.01106	0.01548	0.01364	0.01979	0.02218	0.03264	0.02074	0.06122	0.63314	0.01315	0.05810	0.00903	0.00451	0.00769
42	0.01832	0.01294	0.01364	0.01284	0.01551	0.04248	0.00967	0.15319	0.02239	0.03219	0.03136	0.24471	0.03085	0.01865	0.04824	0.00331	0.00717	0.01313	0.26027	0.00915
43	0.01122	0.00783	0.00998	0.01136	0.01182	0.00753	0.00751	0.01243	0.01537	0.02044	0.04076	0.45992	0.04817	0.22796	0.02063	0.00492	0.00614	0.06248	0.00708	0.00646
44	0.01037	0.00741	0.00987	0.01185	0.01234	0.00691	0.00790	0.01185	0.01629	0.02172	0.04690	0.69537	0.05629	0.02666	0.01086	0.00346	0.00494	0.02419	0.00790	0.00691
45	0.01311	0.01589	0.13840	0.01573	0.01939	0.01241	0.01467	0.01748	0.01451	0.02115	0.02134	0.03043	0.01924	0.05302	0.53938	0.01155	0.02081	0.00857	0.00437	0.00856
46	0.01135	0.00847	0.01076	0.01209	0.01368	0.00787	0.00923	0.01385	0.01846	0.02383	0.09063	0.33549	0.19999	0.02396	0.01087	0.00340	0.00556	0.18523	0.00797	0.00731
47	0.03644	0.01728	0.02148	0.01647	0.02312	0.01666	0.01360	0.21420	0.02904	0.47439	0.02965	0.02642	0.01910	0.01044	0.00854	0.00261	0.00788	0.00829	0.00993	0.01448
48	0.02814	0.16071	0.05844	0.01849	0.02497	0.11544	0.01603	0.34749	0.03107	0.03970	0.06346	0.02145	0.01796	0.00986	0.00789	0.00237	0.00991	0.00725	0.00680	0.01256
49	0.03068	0.02222	0.02375	0.01840	0.02472	0.02452	0.01514	0.55868	0.03777	0.05141	0.02117	0.02158	0.01522	0.01019	0.00825	0.00250	0.00882	0.00769	0.08349	0.01381
50	0.01035	0.00746	0.00982	0.01170	0.01230	0.00692	0.00783	0.01187	0.01644	0.02178	0.04872	0.66700	0.08348	0.02643	0.01082	0.00343	0.00491	0.02390	0.00790	0.00692
51	0.03087	0.10801	0.02619	0.02118	0.02586	0.60259	0.01625	0.03312	0.02342	0.02075	0.01302	0.01517	0.01096	0.00862	0.00745	0.00215	0.01471	0.00539	0.00431	0.00997
52	0.01607	0.01513	0.02552	0.68047	0.05861	0.01891	0.02363	0.02174	0.01702	0.02174	0.01513	0.02269	0.01134	0.00851	0.00851	0.00284	0.01134	0.00756	0.00378	0.00945
53	0.01610	0.01121	0.01248	0.01147	0.01283	0.01167	0.00750	0.13006	0.01802	0.02409	0.02706	0.09608	0.02962	0.51720	0.03417	0.00679	0.00822	0.01233	0.00601	0.00709
54	0.02783	0.03199	0.02204	0.01980	0.02409	0.44189	0.01510	0.09530	0.07439	0.02556	0.01973	0.02199	0.03896	0.01606	0.08458	0.00365	0.01442	0.00698	0.00534	0.01029
55	0.01081	0.00813	0.01013	0.01154	0.01294	0.00744	0.00841	0.01286	0.01769	0.02267	0.05769	0.42798	0.22083	0.02472	0.01078	0.00336	0.00522	0.11177	0.00789	0.00713
56	0.01765	0.01513	0.01765	0.01260	0.02017	0.01134	0.01008	0.02143	0.01765	0.02773	0.01513	0.01765	0.01260	0.00630	0.00630	0.00126	0.00630	0.00504	0.00504	0.75295
57	0.01781	0.03885	0.50787	0.02711	0.03871	0.02020	0.17522	0.02703	0.01849	0.02703	0.01575	0.01919	0.01130	0.00786	0.00857	0.00274	0.01301	0.00721	0.00377	0.01231
58	0.02790	0.02505	0.06996	0.01917	0.02560	0.08304	0.01633	0.37911	0.15324	0.04361	0.02532	0.02495	0.04612	0.01073	0.00851	0.00261	0.00939	0.00824	0.00777	0.01336
59	0.03179	0.04056	0.02412	0.02192	0.02631	0.66676	0.01644	0.03398	0.02412	0.02083	0.01315	0.01535	0.01096	0.00877	0.00767	0.00219	0.01535	0.00548	0.00438	0.00987
60	0.01485	0.00937	0.01197	0.01093	0.01360	0.00844	0.00833	0.01851	0.02344	0.10587	0.49011	0.06214	0.15534	0.01719	0.00987	0.00270	0.00444	0.01496	0.00929	0.00867
61	0.01098	0.00799	0.01117	0.01247	0.01332	0.00818	0.00883	0.01299	0.01540	0.02105	0.03868	0.46950	0.04434	0.03934	0.23482	0.00694	0.01103	0.01905	0.00676	0.00715
62	0.03190	0.03722	0.02440	0.02146	0.02632	0.53895	0.01639	0.15083	0.02729	0.02737	0.01461	0.01636	0.01166	0.00906	0.00784	0.00226	0.01415	0.00592	0.00521	0.01079
63	0.02117	0.01828	0.01924	0.01732	0.02213	0.02117	0.01347	0.04522	0.63246	0.03560	0.03464	0.03175	0.02598	0.01155	0.00866	0.00289	0.00673	0.00962	0.00866	0.01347
64	0.01075	0.00865	0.00958	0.00935	0.01192	0.00748	0.00701	0.01355	0.02103	0.02687	0.28036	0.07551	0.44782	0.02010	0.01005	0.00280	0.00421	0.01706	0.00841	0.00748
65	0.02980	0.03635	0.02501	0.02370	0.06352	0.53409	0.01724	0.05692	0.02335	0.02260	0.01343	0.01625	0.01128	0.00939	0.00985	0.00239	0.08421	0.00590	0.00448	0.01022
66	0.03179	0.04056	0.02412	0.02192	0.02631	0.66676	0.01644	0.03398	0.02412	0.02083	0.01315	0.01535	0.01096	0.00877	0.00767	0.00219	0.01535	0.00548	0.00438	0.00987
67	0.01029	0.00772	0.00955	0.01101	0.01212	0.00698	0.00753	0.01194	0.01710	0.02205	0.05715	0.53549	0.20955	0.02533	0.01065	0.00330	0.00477	0.02257	0.00790	0.00698
68	0.01236	0.00830	0.00954	0.00954	0.00962	0.00839	0.00547	0.01254	0.01245	0.01669	0.02658	0.05440	0.03038	0.66396	0.07951	0.00857	0.00909	0.01219	0.00512	0.00530
69	0.02098	0.03030	0.18888	0.03124	0.04020	0.10944	0.39744	0.02811	0.02014	0.02631	0.01620	0.02074	0.01215	0.00761	0.00926	0.00274	0.01407	0.00854	0.00415	0.01151
70	0.01730	0.01638	0.02774	0.52620	0.20331	0.01923	0.02424	0.02282	0.01760	0.02323	0.01534	0.02229	0.01187	0.00828	0.00849	0.00276	0.01104	0.00757	0.00389	0.01044
71	0.01006	0.00862	0.00862	0.00862	0.01149	0.00718	0.00647	0.01221	0.01940	0.02299	0.08621	0.08190	0.64438	0.02155	0.01006	0.00287	0.00431	0.01796	0.00790	0.00718
72	0.01029	0.00770	0.00957	0.01106	0.01213	0.00698	0.00755	0.01194	0.01706	0.02203	0.05656	0.54472	0.20070	0.02541	0.01066	0.00331	0.00478	0.02266	0.00790	0.00698
73	0.01741	0.08409	0.61977	0.02367	0.03592	0.02061	0.03042	0.02686	0.01793	0.02653	0.01506	0.01771	0.01079	0.00804	0.00793	0.00264	0.01237	0.00618	0.00360	0.01248
74	0.03100	0.03906	0.02489	0.02416	0.07220	0.61902	0.01716	0.03340	0.02377	0.02134	0.01336	0.01577	0.01115	0.00868	0.00773	0.00222	0.01496	0.00564	0.00437	0.01013
75	0.02450	0.57699	0.04062	0.01599	0.02271	0.15644	0.01493	0.02713	0.01862	0.02018	0.01209	0.01398	0.01093	0.00757	0.00589	0.00189	0.01031	0.00473	0.00378	0.01072
76	0.01832	0.18920	0.52257	0.02213	0.03355	0.02281	0.02774	0.02663	0.01782	0.02543	0.01452	0.01702	0.01081	0.00791	0.00751	0.00250	0.01181	0.00591	0.00360	0.01221
77	0.01020	0.00806	0.00920	0.01011	0.01189	0.00706	0.00713	0.01205	0.01797	0.02241	0.06812	0.36417	0.37378	0.02390	0.01043	0.00314	0.00460	0.02083	0.00790	0.00706
78	0.03128	0.01304	0.01702	0.01354	0.01921	0.01120	0.01102	0.03429	0.02314	0.49884	0.04650	0.04196	0.17413	0.01324	0.00893	0.00269	0.00652	0.01087	0.00989	0.01269
