[name]
unknown

[dist]
# distance from previous block
# <min> <max>
0	3

[block]
# block no. 0 follows, 22 sequences, length 23
# corresponding to MSA columns:
# 3-25
name=unknown_A
#
# <colnr> <probs for GDERKNQSTAVLIFYWHMCP>
#	G	D	E	R	K	N	Q	S	T	A	V	L	I	F	Y	W	H	M	C	P
0	0.01339	0.00956	0.01339	0.01530	0.01721	0.00956	0.01339	0.01721	0.01912	0.02486	0.04399	0.09371	0.04781	0.02295	0.01147	0.00382	0.00765	0.60031	0.00765	0.00765
1	0.01867	0.28539	0.44016	0.02025	0.03066	0.02421	0.02473	0.02579	0.01730	0.02386	0.01369	0.01602	0.01057	0.00761	0.00697	0.00232	0.01105	0.00552	0.00352	0.01169
2	0.01500	0.02670	0.32205	0.07446	0.03136	0.01561	0.10992	0.02140	0.01726	0.02438	0.02470	0.22987	0.02457	0.01339	0.00904	0.00290	0.01013	0.01216	0.00492	0.01017
3	0.12588	0.01339	0.05054	0.01260	0.01602	0.01231	0.01032	0.10197	0.02204	0.03287	0.26664	0.18391	0.08729	0.01630	0.00896	0.00277	0.00571	0.01389	0.00771	0.00886
4	0.01938	0.01955	0.02706	0.18434	0.35256	0.10014	0.02116	0.02379	0.01921	0.02483	0.05205	0.02764	0.07390	0.00946	0.00837	0.00253	0.00998	0.00843	0.00461	0.01102
5	0.01141	0.00848	0.01062	0.01009	0.01220	0.00769	0.00756	0.01500	0.02269	0.03136	0.54984	0.06527	0.18161	0.01771	0.00980	0.00265	0.00397	0.01547	0.00889	0.00769
6	0.02056	0.01974	0.03372	0.05099	0.65622	0.01974	0.02550	0.02550	0.01892	0.02714	0.01563	0.02056	0.01316	0.00740	0.00822	0.00247	0.00987	0.00740	0.00411	0.01316
7	0.01911	0.01849	0.02830	0.20419	0.38509	0.06036	0.02276	0.02388	0.01866	0.02493	0.01880	0.02980	0.01684	0.00966	0.00861	0.00269	0.01022	0.08188	0.00446	0.01125
8	0.01187	0.00890	0.01335	0.01335	0.01483	0.01038	0.01038	0.01483	0.01335	0.01928	0.02225	0.03264	0.02077	0.06231	0.67512	0.01335	0.02225	0.00890	0.00445	0.00742
9	0.02331	0.01560	0.01746	0.01519	0.02005	0.01664	0.01196	0.03873	0.39972	0.19016	0.04058	0.03714	0.11170	0.01239	0.00862	0.00275	0.00637	0.01027	0.00881	0.01254
10	0.02126	0.51147	0.19821	0.01695	0.02521	0.06160	0.01843	0.02565	0.01738	0.02128	0.01246	0.01446	0.01063	0.00738	0.00608	0.00201	0.01004	0.00491	0.00358	0.01101
11	0.01070	0.00759	0.00935	0.01051	0.01105	0.00717	0.00676	0.01176	0.01500	0.01975	0.04325	0.44617	0.10188	0.23561	0.02029	0.00476	0.00576	0.01951	0.00689	0.00624
12	0.00984	0.00832	0.00851	0.00867	0.01129	0.00699	0.00642	0.01189	0.01869	0.02234	0.08110	0.12949	0.60528	0.02144	0.00988	0.00285	0.00426	0.01802	0.00771	0.00699
13	0.02877	0.17179	0.05732	0.01919	0.02529	0.27318	0.01624	0.25144	0.02764	0.03229	0.01530	0.01659	0.01195	0.00875	0.00737	0.00222	0.01145	0.00599	0.00559	0.01163
14	0.02549	0.06561	0.15374	0.01986	0.02719	0.02291	0.04887	0.38646	0.03038	0.04111	0.02065	0.08149	0.01685	0.01071	0.00834	0.00258	0.00961	0.00863	0.00681	0.01274
15	0.01178	0.00793	0.00915	0.00945	0.00953	0.00785	0.00545	0.01200	0.01268	0.01690	0.02923	0.15531	0.03406	0.60185	0.03735	0.00733	0.00755	0.01388	0.00545	0.00530
16	0.02647	0.02320	0.13560	0.01759	0.02359	0.09118	0.01623	0.10939	0.06616	0.21403	0.02301	0.02337	0.01636	0.01000	0.00958	0.00256	0.07130	0.00740	0.10102	0.01196
17	0.02159	0.01939	0.03036	0.17250	0.42171	0.02058	0.02324	0.13446	0.02212	0.03055	0.01624	0.02077	0.01292	0.00805	0.00826	0.00253	0.00998	0.00741	0.00479	0.01255
18	0.02056	0.02186	0.02891	0.05841	0.14131	0.15188	0.16877	0.02587	0.06784	0.02353	0.01841	0.02681	0.01637	0.13589	0.01580	0.00361	0.05093	0.00859	0.00464	0.01005
19	0.05703	0.11655	0.05658	0.01687	0.02305	0.05150	0.01458	0.25365	0.13698	0.11418	0.02231	0.02204	0.01630	0.00957	0.00760	0.00242	0.00840	0.00724	0.05052	0.01261
20	0.01914	0.24122	0.25016	0.02630	0.13638	0.02325	0.10776	0.02513	0.01792	0.02423	0.01735	0.02023	0.03998	0.00803	0.00751	0.00237	0.01071	0.00686	0.00391	0.01154
21	0.07376	0.05563	0.21239	0.01745	0.06161	0.01382	0.01616	0.01917	0.01769	0.02590	0.10601	0.22718	0.09020	0.01536	0.00876	0.00280	0.00758	0.01318	0.00596	0.00937
22	0.09254	0.10559	0.13261	0.01310	0.01815	0.01406	0.01246	0.01810	0.01682	0.02407	0.03896	0.16425	0.19048	0.05505	0.01016	0.00291	0.00698	0.01232	0.00579	0.06562

[dist]
# distance from previous block
# <min> <max>
0	12

[block]
# block no. 1 follows, 22 sequences, length 7
# corresponding to MSA columns:
# 38-44
name=unknown_B
#
# <colnr> <probs for GDERKNQSTAVLIFYWHMCP>
#	G	D	E	R	K	N	Q	S	T	A	V	L	I	F	Y	W	H	M	C	P
0	0.02491	0.02581	0.08016	0.02901	0.22246	0.15708	0.01913	0.20637	0.02515	0.03216	0.01727	0.02214	0.01432	0.07441	0.01128	0.00295	0.01075	0.00733	0.00544	0.01187
1	0.24598	0.02270	0.10958	0.02914	0.26151	0.05226	0.01921	0.07536	0.01945	0.06910	0.01553	0.01816	0.01195	0.00800	0.00723	0.00251	0.00919	0.00632	0.00505	0.01175
2	0.01980	0.01652	0.02348	0.03089	0.32092	0.01713	0.01730	0.07767	0.12583	0.03108	0.02565	0.02807	0.05601	0.00958	0.00786	0.00244	0.00765	0.00843	0.16195	0.01173
3	0.06941	0.02311	0.01857	0.01606	0.02034	0.23043	0.01250	0.19179	0.02641	0.03352	0.13363	0.03114	0.07729	0.01149	0.00804	0.00239	0.00914	0.00878	0.06582	0.01016
4	0.02308	0.02931	0.15562	0.02122	0.02716	0.21511	0.08511	0.13219	0.02260	0.02767	0.01880	0.08222	0.01688	0.06058	0.01168	0.00298	0.04351	0.00860	0.00516	0.01053
5	0.01928	0.02272	0.18615	0.02849	0.22407	0.01687	0.02108	0.02753	0.10587	0.07983	0.02750	0.03641	0.05490	0.01145	0.00877	0.00279	0.00914	0.09951	0.00582	0.01183
6	0.18491	0.02905	0.32706	0.02577	0.16616	0.01832	0.02285	0.02485	0.01757	0.02951	0.06587	0.02090	0.01626	0.00848	0.00750	0.00258	0.00976	0.00677	0.00446	0.01138

[dist]
# distance from previous block
# <min> <max>
0	1

[block]
# block no. 2 follows, 22 sequences, length 25
# corresponding to MSA columns:
# 46-70
name=unknown_C
#
# <colnr> <probs for GDERKNQSTAVLIFYWHMCP>
#	G	D	E	R	K	N	Q	S	T	A	V	L	I	F	Y	W	H	M	C	P
0	0.02056	0.01974	0.03372	0.05099	0.65622	0.01974	0.02550	0.02550	0.01892	0.02714	0.01563	0.02056	0.01316	0.00740	0.00822	0.00247	0.00987	0.00740	0.00411	0.01316
1	0.02242	0.10866	0.08147	0.03069	0.24954	0.15938	0.02020	0.02908	0.10298	0.02506	0.01649	0.01945	0.01356	0.00887	0.00958	0.00249	0.07709	0.00677	0.00457	0.01165
2	0.02354	0.22985	0.15575	0.02316	0.11685	0.15764	0.01927	0.09994	0.02138	0.02660	0.01475	0.01710	0.01188	0.00806	0.00707	0.00221	0.01075	0.00590	0.03686	0.01142
3	0.01058	0.00767	0.00999	0.01104	0.01210	0.00708	0.00766	0.01279	0.01832	0.02481	0.22452	0.47574	0.10076	0.02307	0.01032	0.00312	0.00452	0.02072	0.00813	0.00708
4	0.01071	0.00834	0.00983	0.01041	0.01245	0.00746	0.00788	0.01322	0.01907	0.02430	0.16241	0.21026	0.34618	0.02171	0.01022	0.00304	0.00479	0.10262	0.00794	0.00718
5	0.01778	0.17814	0.53964	0.02177	0.03300	0.02203	0.02737	0.02602	0.01741	0.02494	0.01423	0.01669	0.01055	0.00773	0.00738	0.00246	0.01159	0.00580	0.00352	0.01195
6	0.01212	0.00915	0.01162	0.01285	0.01508	0.00865	0.01087	0.01533	0.01906	0.02400	0.05829	0.08881	0.26321	0.02227	0.01088	0.00346	0.00642	0.39284	0.00767	0.00742
7	0.01017	0.00853	0.00890	0.00909	0.01180	0.00726	0.00700	0.01244	0.01895	0.02268	0.08024	0.08129	0.59392	0.02123	0.00998	0.00290	0.00454	0.07429	0.00771	0.00708
8	0.01666	0.04297	0.66500	0.02368	0.03596	0.01929	0.03069	0.02631	0.01754	0.02631	0.01491	0.01754	0.01052	0.00789	0.00789	0.00263	0.01228	0.00614	0.00351	0.01228
9	0.01222	0.00879	0.01280	0.01280	0.01433	0.01013	0.00994	0.01528	0.01375	0.02042	0.02272	0.03247	0.02082	0.05718	0.60994	0.01224	0.02046	0.00879	0.07747	0.00745
10	0.01208	0.00805	0.00906	0.00906	0.00906	0.00805	0.00503	0.01208	0.01208	0.01611	0.02618	0.05436	0.03020	0.70804	0.04228	0.00805	0.00805	0.01208	0.00503	0.00503
11	0.02675	0.01670	0.01824	0.01461	0.01960	0.01775	0.01186	0.34054	0.02956	0.12486	0.02410	0.02485	0.01745	0.00991	0.00745	0.00231	0.00705	0.00769	0.26680	0.01192
12	0.03103	0.03959	0.02354	0.02140	0.02568	0.67469	0.01605	0.03317	0.02354	0.02033	0.01284	0.01498	0.01070	0.00856	0.00749	0.00214	0.01498	0.00535	0.00428	0.00963
13	0.01273	0.00988	0.01133	0.01144	0.01365	0.00972	0.00872	0.01786	0.10209	0.02443	0.11191	0.06953	0.25046	0.15834	0.01655	0.00408	0.00605	0.14617	0.00740	0.00767
14	0.01012	0.00723	0.00964	0.01157	0.01205	0.00675	0.00771	0.01157	0.01591	0.02121	0.04579	0.70262	0.05495	0.02603	0.01060	0.00337	0.00482	0.02362	0.00771	0.00675
15	0.01303	0.00943	0.01078	0.01012	0.01298	0.00854	0.00770	0.01726	0.06149	0.06928	0.28185	0.06691	0.36348	0.01823	0.00963	0.00272	0.00445	0.01549	0.00845	0.00818
16	0.02183	0.01992	0.03187	0.08834	0.52567	0.02052	0.02393	0.11235	0.02167	0.03039	0.01619	0.02058	0.01316	0.00783	0.00824	0.00249	0.00984	0.00741	0.00469	0.01304
17	0.01189	0.00881	0.01291	0.01291	0.01424	0.01014	0.00983	0.01455	0.01322	0.01896	0.02266	0.03489	0.02175	0.12915	0.60961	0.01280	0.02078	0.00923	0.00451	0.00717
18	0.01208	0.00805	0.00906	0.00906	0.00906	0.00805	0.00503	0.01208	0.01208	0.01611	0.02618	0.05436	0.03020	0.70804	0.04228	0.00805	0.00805	0.01208	0.00503	0.00503
19	0.01187	0.00890	0.01335	0.01335	0.01483	0.01038	0.01038	0.01483	0.01335	0.01928	0.02225	0.03264	0.02077	0.06231	0.67512	0.01335	0.02225	0.00890	0.00445	0.00742
20	0.02997	0.08574	0.02509	0.02018	0.02517	0.46422	0.01572	0.15254	0.05652	0.02741	0.01520	0.01664	0.01211	0.00887	0.00754	0.00222	0.01294	0.00591	0.00524	0.01078
21	0.01949	0.38429	0.34844	0.01886	0.02850	0.02621	0.02230	0.02558	0.01720	0.02286	0.01320	0.01539	0.01059	0.00749	0.00659	0.00220	0.01055	0.00527	0.00353	0.01145
22	0.01405	0.07161	0.01783	0.01846	0.12165	0.01280	0.01216	0.01689	0.01638	0.02165	0.03635	0.05014	0.15126	0.11848	0.19285	0.00633	0.01142	0.09588	0.00551	0.00830
23	0.02268	0.03375	0.20746	0.02647	0.03404	0.24710	0.21828	0.02843	0.02002	0.02399	0.01459	0.01827	0.01128	0.00820	0.00945	0.00257	0.05145	0.00712	0.00401	0.01084
24	0.01403	0.04128	0.01691	0.01583	0.01799	0.01251	0.03792	0.01745	0.01812	0.02403	0.07298	0.09942	0.08069	0.02226	0.04532	0.00399	0.08624	0.35822	0.00681	0.00801

[dist]
# distance from previous block
# <min> <max>
0	1

[block]
# block no. 3 follows, 22 sequences, length 48
# corresponding to MSA columns:
# 72-119
name=unknown_D
#
# <colnr> <probs for GDERKNQSTAVLIFYWHMCP>
#	G	D	E	R	K	N	Q	S	T	A	V	L	I	F	Y	W	H	M	C	P
0	0.02433	0.47529	0.08222	0.01671	0.02359	0.15705	0.01588	0.07752	0.02010	0.02295	0.01275	0.01451	0.01095	0.00769	0.00619	0.00197	0.01034	0.00500	0.00409	0.01087
1	0.02323	0.26502	0.11666	0.08101	0.02762	0.17404	0.01742	0.07595	0.06994	0.02506	0.01564	0.01772	0.01254	0.00832	0.00696	0.00222	0.01059	0.00592	0.03329	0.01087
2	0.00982	0.00842	0.00842	0.00842	0.01122	0.00701	0.00631	0.01192	0.01894	0.02244	0.08416	0.07995	0.65285	0.02104	0.00982	0.00281	0.00421	0.01753	0.00771	0.00701
3	0.02548	0.02151	0.01956	0.01663	0.02108	0.14805	0.01302	0.31746	0.02891	0.03762	0.02399	0.13696	0.02145	0.01239	0.00818	0.00249	0.00879	0.00985	0.11554	0.01106
4	0.00982	0.00842	0.00842	0.00842	0.01122	0.00701	0.00631	0.01192	0.01894	0.02244	0.08416	0.07995	0.65285	0.02104	0.00982	0.00281	0.00421	0.01753	0.00771	0.00701
5	0.02156	0.01695	0.02130	0.02231	0.14529	0.01791	0.01474	0.24891	0.08007	0.03862	0.20187	0.07350	0.03562	0.01252	0.00887	0.00260	0.00732	0.01073	0.00770	0.01162
6	0.02292	0.17961	0.21799	0.02627	0.14978	0.21947	0.02179	0.02791	0.01947	0.02324	0.01371	0.01646	0.01112	0.00783	0.00729	0.00227	0.01191	0.00579	0.00387	0.01131
7	0.03192	0.02272	0.02459	0.01885	0.02549	0.02495	0.01558	0.59332	0.03814	0.08885	0.02071	0.02044	0.01451	0.00999	0.00831	0.00250	0.00902	0.00753	0.00843	0.01413
8	0.34984	0.20127	0.09368	0.01522	0.02148	0.15189	0.01409	0.02647	0.01706	0.02821	0.01218	0.01419	0.00992	0.00775	0.00595	0.00229	0.00938	0.00483	0.00439	0.00990
9	0.01136	0.00775	0.00927	0.00998	0.01016	0.00757	0.00602	0.01189	0.01349	0.01798	0.03339	0.29290	0.03931	0.45708	0.03063	0.00633	0.00686	0.01633	0.00602	0.00566
10	0.02221	0.71304	0.04353	0.01421	0.02132	0.03287	0.01421	0.02488	0.01688	0.01955	0.01155	0.01333	0.01066	0.00711	0.00533	0.00178	0.00888	0.00444	0.00355	0.01066
11	0.02510	0.01747	0.01969	0.01606	0.02087	0.01920	0.01304	0.37974	0.02956	0.06754	0.02199	0.02471	0.01690	0.02197	0.16122	0.00492	0.01135	0.00788	0.10909	0.01172
12	0.01805	0.21093	0.50923	0.02131	0.03229	0.02270	0.02656	0.02595	0.01737	0.02461	0.01407	0.01648	0.01056	0.00770	0.00725	0.00242	0.01143	0.00571	0.00352	0.01187
13	0.01961	0.02241	0.04902	0.03501	0.04342	0.02101	0.62605	0.02661	0.01961	0.02661	0.01681	0.02241	0.01261	0.00700	0.00980	0.00280	0.01401	0.00980	0.00420	0.01120
14	0.01012	0.00723	0.00964	0.01157	0.01205	0.00675	0.00771	0.01157	0.01591	0.02121	0.04579	0.70262	0.05495	0.02603	0.01060	0.00337	0.00482	0.02362	0.00771	0.00675
15	0.01443	0.00722	0.01082	0.01082	0.01082	0.00722	0.00722	0.01082	0.01082	0.01443	0.01443	0.02525	0.01443	0.02886	0.03247	0.75830	0.00722	0.00722	0.00361	0.00361
16	0.01193	0.00918	0.01315	0.01337	0.01438	0.01055	0.01005	0.01424	0.01393	0.01971	0.02792	0.21553	0.02974	0.08016	0.40777	0.00954	0.07335	0.01294	0.00530	0.00726
17	0.01169	0.00789	0.00917	0.00956	0.00965	0.00780	0.00556	0.01198	0.01284	0.01711	0.03005	0.18238	0.03509	0.57337	0.03603	0.00713	0.00742	0.01436	0.00556	0.00537
18	0.00982	0.00842	0.00842	0.00842	0.01122	0.00701	0.00631	0.01192	0.01894	0.02244	0.08416	0.07995	0.65285	0.02104	0.00982	0.00281	0.00421	0.01753	0.00771	0.00701
19	0.01691	0.04124	0.61305	0.02463	0.03658	0.01944	0.08091	0.02633	0.01771	0.02633	0.01507	0.01795	0.01070	0.00782	0.00805	0.00265	0.01242	0.00645	0.00357	0.01219
20	0.01549	0.00774	0.00774	0.00774	0.00968	0.00774	0.00581	0.01936	0.01742	0.03097	0.02710	0.03097	0.02129	0.00968	0.00581	0.00194	0.00387	0.00774	0.75416	0.00774
21	0.01007	0.00744	0.00942	0.01100	0.01190	0.00680	0.00746	0.01163	0.01645	0.02143	0.05264	0.59142	0.16172	0.02514	0.01046	0.00327	0.00471	0.02253	0.00771	0.00680
22	0.00982	0.00842	0.00842	0.00842	0.01122	0.00701	0.00631	0.01192	0.01894	0.02244	0.08416	0.07995	0.65285	0.02104	0.00982	0.00281	0.00421	0.01753	0.00771	0.00701
23	0.02027	0.01944	0.03319	0.08961	0.61991	0.01966	0.02535	0.02524	0.01878	0.02678	0.01557	0.02066	0.01303	0.00746	0.00823	0.00249	0.00994	0.00740	0.00409	0.01292
24	0.01804	0.07656	0.44508	0.02957	0.15827	0.02036	0.08479	0.02609	0.01797	0.02610	0.01503	0.01834	0.01125	0.00766	0.00798	0.00256	0.01176	0.00663	0.00370	0.01225
25	0.02131	0.02115	0.03300	0.04889	0.61140	0.06630	0.02482	0.02604	0.01924	0.02666	0.01543	0.02016	0.01298	0.00748	0.00817	0.00244	0.01023	0.00726	0.00412	0.01291
26	0.02248	0.02376	0.03307	0.04399	0.48408	0.14496	0.07434	0.02706	0.01986	0.02580	0.01519	0.01965	0.01264	0.00759	0.00822	0.00243	0.01119	0.00721	0.00415	0.01232
27	0.01012	0.00723	0.00964	0.01157	0.01205	0.00675	0.00771	0.01157	0.01591	0.02121	0.04579	0.70262	0.05495	0.02603	0.01060	0.00337	0.00482	0.02362	0.00771	0.00675
28	0.02164	0.12744	0.28759	0.02379	0.06077	0.19093	0.06571	0.02734	0.01881	0.02339	0.01376	0.01686	0.01090	0.00843	0.00923	0.00248	0.06993	0.00612	0.00380	0.01107
29	0.10398	0.10618	0.02496	0.01920	0.02391	0.37522	0.01527	0.12922	0.02352	0.02726	0.01359	0.01574	0.01111	0.00905	0.00882	0.00233	0.06965	0.00568	0.00490	0.01038
30	0.01012	0.00723	0.00964	0.01157	0.01205	0.00675	0.00771	0.01157	0.01591	0.02121	0.04579	0.70262	0.05495	0.02603	0.01060	0.00337	0.00482	0.02362	0.00771	0.00675
31	0.01643	0.01309	0.01394	0.01377	0.01584	0.05847	0.00991	0.14826	0.02129	0.02766	0.03660	0.46492	0.04136	0.06261	0.01180	0.00338	0.00668	0.01808	0.00744	0.00847
32	0.02177	0.02625	0.20090	0.01837	0.02493	0.08953	0.01774	0.18988	0.06569	0.05524	0.02776	0.13669	0.06369	0.01273	0.00860	0.00268	0.00937	0.01038	0.00646	0.01135
33	0.01208	0.00805	0.00906	0.00906	0.00906	0.00805	0.00503	0.01208	0.01208	0.01611	0.02618	0.05436	0.03020	0.70804	0.04228	0.00805	0.00805	0.01208	0.00503	0.00503
34	0.01208	0.00805	0.00906	0.00906	0.00906	0.00805	0.00503	0.01208	0.01208	0.01611	0.02618	0.05436	0.03020	0.70804	0.04228	0.00805	0.00805	0.01208	0.00503	0.00503
35	0.02457	0.03570	0.20126	0.02920	0.18138	0.33682	0.02234	0.02944	0.02078	0.02362	0.01408	0.01703	0.01125	0.00810	0.00778	0.00235	0.01300	0.00606	0.00403	0.01121
36	0.02492	0.02834	0.06363	0.10772	0.16166	0.27954	0.01922	0.10838	0.04756	0.02713	0.01842	0.02108	0.03812	0.00904	0.00801	0.00241	0.01173	0.00701	0.00497	0.01111
37	0.01194	0.00861	0.01185	0.01185	0.01282	0.00957	0.00852	0.01387	0.01291	0.01818	0.02362	0.04022	0.02406	0.28772	0.45421	0.01150	0.01730	0.01001	0.00465	0.00659
38	0.01666	0.04297	0.66500	0.02368	0.03596	0.01929	0.03069	0.02631	0.01754	0.02631	0.01491	0.01754	0.01052	0.00789	0.00789	0.00263	0.01228	0.00614	0.00351	0.01228
39	0.02038	0.02020	0.03132	0.17032	0.49722	0.06605	0.02436	0.02523	0.01881	0.02553	0.01526	0.02047	0.01259	0.00766	0.00819	0.00250	0.01046	0.00725	0.00404	0.01216
40	0.15034	0.02539	0.13218	0.07822	0.20611	0.09858	0.14074	0.02628	0.01840	0.02742	0.01464	0.01865	0.01146	0.00766	0.00786	0.00256	0.01117	0.00692	0.00420	0.01120
41	0.01002	0.00808	0.00892	0.00943	0.01153	0.00699	0.00680	0.01204	0.01834	0.02273	0.10690	0.25633	0.44839	0.02222	0.01004	0.00296	0.00437	0.01912	0.00780	0.00699
42	0.02183	0.43029	0.16526	0.01703	0.02445	0.12801	0.01748	0.02591	0.01844	0.02186	0.05042	0.01733	0.01466	0.00808	0.00645	0.00206	0.01023	0.00556	0.00399	0.01066
43	0.02145	0.06802	0.17949	0.03010	0.20477	0.07583	0.09377	0.11834	0.02205	0.02941	0.02066	0.02330	0.05774	0.00891	0.00823	0.00250	0.01078	0.00778	0.00487	0.01199
44	0.06332	0.02954	0.30542	0.07759	0.07011	0.05062	0.06600	0.06228	0.07796	0.02834	0.02270	0.02476	0.06658	0.00940	0.00814	0.00264	0.01053	0.00779	0.00485	0.01143
45	0.01640	0.06051	0.09288	0.02669	0.22523	0.04176	0.05334	0.02065	0.01900	0.02515	0.08662	0.09502	0.17657	0.01312	0.00879	0.00262	0.00824	0.01160	0.00562	0.01019
46	0.05123	0.05606	0.19342	0.02019	0.06907	0.16533	0.03879	0.02629	0.01916	0.06385	0.01959	0.06094	0.01613	0.00951	0.00745	0.00238	0.00999	0.00753	0.15270	0.01039
47	0.06710	0.19109	0.15245	0.01918	0.05491	0.16413	0.01734	0.07446	0.06454	0.02716	0.01639	0.01830	0.01298	0.00839	0.00693	0.00225	0.01016	0.00602	0.07528	0.01095

[dist]
# distance from previous block
# <min> <max>
47	125

[block]
# block no. 4 follows, 22 sequences, length 34
# corresponding to MSA columns:
# 264-297
name=unknown_E
#
# <colnr> <probs for GDERKNQSTAVLIFYWHMCP>
#	G	D	E	R	K	N	Q	S	T	A	V	L	I	F	Y	W	H	M	C	P
0	0.13144	0.10206	0.17426	0.04206	0.02437	0.12172	0.01668	0.07400	0.01931	0.02712	0.02099	0.16864	0.02053	0.01210	0.00779	0.00261	0.00949	0.00962	0.00522	0.01000
1	0.21586	0.17828	0.36058	0.01830	0.02759	0.02201	0.02146	0.02551	0.01650	0.02777	0.01331	0.01558	0.01015	0.00768	0.00662	0.00243	0.01001	0.00535	0.00395	0.01107
2	0.12587	0.13478	0.16776	0.02270	0.11500	0.08916	0.04615	0.05412	0.01949	0.08385	0.01966	0.02133	0.04856	0.00876	0.00737	0.00242	0.00989	0.00682	0.00500	0.01132
3	0.06636	0.13965	0.02286	0.01533	0.02095	0.02037	0.01274	0.08070	0.27146	0.18431	0.02987	0.02786	0.05106	0.01049	0.00775	0.00254	0.00717	0.00826	0.00780	0.01249
4	0.01946	0.07579	0.28991	0.02254	0.08194	0.04871	0.04694	0.09697	0.02068	0.02860	0.02061	0.02514	0.04888	0.00932	0.00794	0.00243	0.01024	0.03686	0.00482	0.10223
5	0.13804	0.11595	0.22930	0.04304	0.02561	0.13456	0.01800	0.02433	0.01818	0.02527	0.02570	0.02701	0.12275	0.01020	0.00741	0.00246	0.00994	0.00756	0.00465	0.01004
6	0.19355	0.02784	0.27248	0.02557	0.11200	0.01895	0.12876	0.02692	0.01778	0.07831	0.01595	0.01868	0.01166	0.00781	0.00767	0.00262	0.01051	0.00674	0.00461	0.01158
7	0.02221	0.71304	0.04353	0.01421	0.02132	0.03287	0.01421	0.02488	0.01688	0.01955	0.01155	0.01333	0.01066	0.00711	0.00533	0.00178	0.00888	0.00444	0.00355	0.01066
8	0.01802	0.01937	0.07914	0.31046	0.30249	0.01968	0.02425	0.02330	0.01730	0.02399	0.01479	0.02077	0.01189	0.00845	0.00992	0.00271	0.07124	0.00728	0.00385	0.01110
9	0.01208	0.00805	0.00906	0.00906	0.00906	0.00805	0.00503	0.01208	0.01208	0.01611	0.02618	0.05436	0.03020	0.70804	0.04228	0.00805	0.00805	0.01208	0.00503	0.00503
10	0.01208	0.00805	0.00906	0.00906	0.00906	0.00805	0.00503	0.01208	0.01208	0.01611	0.02618	0.05436	0.03020	0.70804	0.04228	0.00805	0.00805	0.01208	0.00503	0.00503
11	0.02854	0.17481	0.02828	0.02194	0.06732	0.50038	0.01632	0.03097	0.02188	0.02063	0.01277	0.01502	0.01086	0.00819	0.00710	0.00209	0.01340	0.00530	0.00412	0.01008
12	0.01343	0.01746	0.17062	0.08556	0.02296	0.01255	0.01534	0.01753	0.01487	0.02085	0.02330	0.08124	0.02315	0.19007	0.21787	0.00726	0.01344	0.03964	0.00466	0.00819
13	0.02038	0.38975	0.22472	0.01971	0.06825	0.06322	0.01963	0.02531	0.01796	0.02287	0.04820	0.01785	0.01453	0.00799	0.00666	0.00214	0.01003	0.00578	0.00393	0.01110
14	0.01666	0.04297	0.66500	0.02368	0.03596	0.01929	0.03069	0.02631	0.01754	0.02631	0.01491	0.01754	0.01052	0.00789	0.00789	0.00263	0.01228	0.00614	0.00351	0.01228
15	0.01339	0.00956	0.01339	0.01530	0.01721	0.00956	0.01339	0.01721	0.01912	0.02486	0.04399	0.09371	0.04781	0.02295	0.01147	0.00382	0.00765	0.60031	0.00765	0.00765
16	0.01806	0.02973	0.29345	0.02720	0.03513	0.02139	0.23642	0.02488	0.01709	0.02488	0.01460	0.01940	0.01135	0.00920	0.01327	0.00293	0.17840	0.00770	0.00378	0.01113
17	0.02171	0.02396	0.11438	0.03299	0.19433	0.02127	0.22568	0.13450	0.08778	0.03211	0.01861	0.02179	0.01409	0.00819	0.00875	0.00264	0.01109	0.00828	0.00526	0.01256
18	0.01208	0.00805	0.00906	0.00906	0.00906	0.00805	0.00503	0.01208	0.01208	0.01611	0.02618	0.05436	0.03020	0.70804	0.04228	0.00805	0.00805	0.01208	0.00503	0.00503
19	0.01706	0.00913	0.01198	0.01206	0.01431	0.00818	0.00872	0.01903	0.01824	0.18576	0.04647	0.46429	0.10881	0.02146	0.00994	0.00311	0.00533	0.01906	0.00837	0.00867
20	0.02329	0.46072	0.13564	0.01727	0.02455	0.17206	0.01718	0.02692	0.01845	0.02077	0.01236	0.01434	0.01065	0.00755	0.00620	0.00199	0.01075	0.00491	0.00371	0.01069
21	0.01759	0.02666	0.24972	0.02856	0.20153	0.06253	0.04994	0.02357	0.01882	0.02546	0.02761	0.03622	0.09767	0.01138	0.00875	0.00274	0.01026	0.08515	0.00483	0.01102
22	0.01704	0.04030	0.58507	0.02515	0.03692	0.01952	0.10795	0.02635	0.01781	0.02635	0.01515	0.01817	0.01079	0.00778	0.00814	0.00265	0.01250	0.00661	0.00360	0.01214
23	0.01900	0.19519	0.47580	0.02136	0.03186	0.07121	0.02585	0.02649	0.01784	0.02432	0.01399	0.01639	0.01057	0.00776	0.00728	0.00240	0.01171	0.00569	0.00358	0.01171
24	0.02331	0.07983	0.09828	0.06494	0.31918	0.22464	0.02216	0.02773	0.01995	0.02410	0.01434	0.01803	0.01183	0.00783	0.00775	0.00235	0.01170	0.00641	0.00404	0.01160
25	0.02017	0.01967	0.03420	0.08300	0.49970	0.01989	0.10246	0.02665	0.06084	0.02725	0.01696	0.02160	0.01379	0.00766	0.00845	0.00255	0.01025	0.00785	0.00439	0.01268
26	0.01181	0.00872	0.01061	0.01114	0.01287	0.00822	0.00858	0.01427	0.01811	0.02343	0.14423	0.07582	0.22160	0.18022	0.01788	0.00433	0.00619	0.20778	0.00729	0.00689
27	0.01249	0.00807	0.01041	0.01133	0.01274	0.00733	0.00792	0.01438	0.01762	0.07587	0.10244	0.50981	0.13171	0.02328	0.01024	0.00317	0.00485	0.02081	0.00805	0.00749
28	0.01876	0.13502	0.16598	0.22765	0.14775	0.02222	0.02288	0.05001	0.01784	0.02431	0.01426	0.01896	0.01137	0.00858	0.00967	0.00260	0.08058	0.00664	0.00390	0.01100
29	0.20377	0.07025	0.04874	0.01712	0.05235	0.22276	0.01330	0.02680	0.01940	0.09258	0.02581	0.05314	0.10058	0.01076	0.00737	0.00244	0.00942	0.00794	0.00563	0.00984
30	0.02578	0.02601	0.10020	0.02436	0.03138	0.11304	0.20239	0.18372	0.04767	0.09888	0.01885	0.02092	0.01372	0.00896	0.00957	0.00263	0.04595	0.00789	0.00596	0.01212
31	0.02493	0.27577	0.14442	0.01802	0.02572	0.02690	0.01770	0.27053	0.06162	0.03489	0.01681	0.01776	0.01288	0.00864	0.00717	0.00228	0.00946	0.00625	0.00575	0.01249
32	0.23279	0.15133	0.25363	0.10914	0.03081	0.02151	0.04471	0.02483	0.01640	0.02756	0.01340	0.01645	0.01027	0.00772	0.00678	0.00249	0.00989	0.00568	0.00404	0.01059
33	0.17567	0.13072	0.29737	0.04231	0.02758	0.02096	0.02017	0.08787	0.01940	0.03067	0.06168	0.01981	0.01568	0.00865	0.00714	0.00248	0.00956	0.00639	0.00479	0.01110

[dist]
# distance from previous block
# <min> <max>
2	35

[block]
# block no. 5 follows, 22 sequences, length 47
# corresponding to MSA columns:
# 333-379
name=unknown_F
#
# <colnr> <probs for GDERKNQSTAVLIFYWHMCP>
#	G	D	E	R	K	N	Q	S	T	A	V	L	I	F	Y	W	H	M	C	P
0	0.02306	0.16987	0.02420	0.01559	0.02045	0.06925	0.01279	0.24689	0.06170	0.03333	0.05364	0.10503	0.04939	0.06568	0.01062	0.00288	0.00833	0.00977	0.00668	0.01085
1	0.19490	0.17343	0.16357	0.01600	0.02324	0.02197	0.01612	0.14211	0.02116	0.07416	0.01649	0.01790	0.01238	0.00838	0.00665	0.00235	0.00860	0.00592	0.06337	0.01130
2	0.19348	0.25676	0.16660	0.01625	0.02366	0.02437	0.01656	0.07193	0.10701	0.02968	0.01607	0.01728	0.01260	0.00822	0.00651	0.00235	0.00874	0.00575	0.00496	0.01124
3	0.01866	0.25729	0.41984	0.02146	0.03179	0.02379	0.06888	0.02587	0.01748	0.02415	0.01397	0.01654	0.01072	0.00757	0.00721	0.00237	0.01131	0.00586	0.00357	0.01168
4	0.01116	0.00824	0.01104	0.01139	0.01281	0.00823	0.00832	0.01379	0.01749	0.02406	0.21657	0.23260	0.10849	0.05821	0.21148	0.00627	0.00986	0.01571	0.00705	0.00723
5	0.02332	0.62869	0.04103	0.01511	0.02187	0.11326	0.01444	0.02591	0.01771	0.01964	0.01171	0.01353	0.01067	0.00729	0.00560	0.00182	0.00965	0.00456	0.00364	0.01053
6	0.01012	0.00723	0.00964	0.01157	0.01205	0.00675	0.00771	0.01157	0.01591	0.02121	0.04579	0.70262	0.05495	0.02603	0.01060	0.00337	0.00482	0.02362	0.00771	0.00675
7	0.03103	0.03959	0.02354	0.02140	0.02568	0.67469	0.01605	0.03317	0.02354	0.02033	0.01284	0.01498	0.01070	0.00856	0.00749	0.00214	0.01498	0.00535	0.00428	0.00963
8	0.02100	0.09434	0.31781	0.02522	0.03434	0.16346	0.17546	0.02776	0.01931	0.02451	0.01465	0.01784	0.01110	0.00775	0.00807	0.00249	0.01301	0.00674	0.00385	0.01129
9	0.01208	0.00805	0.00906	0.00906	0.00906	0.00805	0.00503	0.01208	0.01208	0.01611	0.02618	0.05436	0.03020	0.70804	0.04228	0.00805	0.00805	0.01208	0.00503	0.00503
10	0.01924	0.07048	0.49765	0.02361	0.03440	0.06324	0.07366	0.07333	0.01973	0.02765	0.01516	0.01774	0.01098	0.00799	0.00793	0.00256	0.01219	0.00640	0.00399	0.01209
11	0.08318	0.16182	0.01629	0.01017	0.01324	0.01399	0.00829	0.01951	0.01672	0.02717	0.02593	0.15513	0.02437	0.01210	0.00657	0.00224	0.00537	0.00980	0.37982	0.00830
12	0.02342	0.36148	0.08301	0.01677	0.02349	0.07502	0.01564	0.11583	0.15640	0.02812	0.01795	0.01857	0.01434	0.00859	0.00679	0.00220	0.00913	0.00615	0.00535	0.01175
13	0.01297	0.01029	0.01473	0.01388	0.01593	0.01162	0.01092	0.01594	0.01375	0.02024	0.02051	0.02974	0.01903	0.05212	0.54771	0.01120	0.07198	0.00831	0.00444	0.09467
14	0.02025	0.09173	0.42364	0.02481	0.07359	0.14687	0.05371	0.02748	0.01883	0.02470	0.01438	0.01714	0.01084	0.00789	0.00773	0.00247	0.01246	0.00611	0.00373	0.01165
15	0.05211	0.21357	0.32651	0.02322	0.05501	0.02340	0.11731	0.05102	0.01849	0.02617	0.01441	0.01722	0.01107	0.00761	0.00742	0.00242	0.01118	0.00629	0.00392	0.01165
16	0.28785	0.01487	0.01649	0.01344	0.01913	0.01489	0.01100	0.03427	0.06553	0.37636	0.04850	0.02461	0.01905	0.00971	0.00730	0.00259	0.00669	0.00734	0.00833	0.01205
17	0.23089	0.01903	0.02444	0.16178	0.25596	0.06751	0.01904	0.02443	0.01692	0.02772	0.01370	0.01827	0.01120	0.00836	0.00894	0.00263	0.06787	0.00642	0.00429	0.01060
18	0.02273	0.10356	0.12241	0.06737	0.32671	0.05431	0.04147	0.02779	0.01929	0.11113	0.01721	0.02018	0.01324	0.00792	0.00787	0.00243	0.01018	0.00698	0.00478	0.01244
19	0.01102	0.00796	0.01029	0.01173	0.01294	0.00744	0.00865	0.01282	0.01690	0.02185	0.05098	0.41077	0.16638	0.02456	0.01191	0.04714	0.00546	0.14694	0.00746	0.00681
20	0.01964	0.01880	0.03206	0.17140	0.54301	0.01950	0.02504	0.02469	0.01848	0.02602	0.01546	0.02086	0.01276	0.00757	0.00824	0.00252	0.01010	0.00740	0.00403	0.01242
21	0.01187	0.00890	0.01335	0.01335	0.01483	0.01038	0.01038	0.01483	0.01335	0.01928	0.02225	0.03264	0.02077	0.06231	0.67512	0.01335	0.02225	0.00890	0.00445	0.00742
22	0.20629	0.05127	0.06831	0.07384	0.02508	0.02027	0.01534	0.14370	0.02143	0.17063	0.01822	0.01965	0.01314	0.00972	0.01008	0.00269	0.10587	0.00667	0.00634	0.01145
23	0.02221	0.71304	0.04353	0.01421	0.02132	0.03287	0.01421	0.02488	0.01688	0.01955	0.01155	0.01333	0.01066	0.00711	0.00533	0.00178	0.00888	0.00444	0.00355	0.01066
24	0.01208	0.00805	0.00906	0.00906	0.00906	0.00805	0.00503	0.01208	0.01208	0.01611	0.02618	0.05436	0.03020	0.70804	0.04228	0.00805	0.00805	0.01208	0.00503	0.00503
25	0.01187	0.00890	0.01335	0.01335	0.01483	0.01038	0.01038	0.01483	0.01335	0.01928	0.02225	0.03264	0.02077	0.06231	0.67512	0.01335	0.02225	0.00890	0.00445	0.00742
26	0.08692	0.02017	0.05613	0.07184	0.44987	0.01974	0.07315	0.02669	0.06385	0.02826	0.01662	0.02080	0.01343	0.00774	0.00809	0.00255	0.00981	0.00744	0.00449	0.01241
27	0.33509	0.35278	0.09235	0.01377	0.02057	0.02552	0.01366	0.02483	0.01579	0.02768	0.01189	0.01382	0.00995	0.00744	0.00551	0.00220	0.00819	0.00464	0.00422	0.01012
28	0.15603	0.12688	0.28786	0.07177	0.11904	0.02057	0.02195	0.02476	0.01723	0.02744	0.04418	0.01907	0.01390	0.00814	0.00719	0.00248	0.00988	0.00629	0.00418	0.01113
29	0.05414	0.16945	0.19200	0.02668	0.17640	0.07758	0.02125	0.07440	0.05207	0.02730	0.01527	0.01792	0.01220	0.00831	0.00825	0.00242	0.04181	0.00628	0.00444	0.01184
30	0.10962	0.23838	0.30787	0.01829	0.02691	0.04716	0.02055	0.05282	0.01805	0.02628	0.01544	0.05553	0.01313	0.00881	0.00695	0.00238	0.01007	0.00648	0.00421	0.01106
31	0.01704	0.14258	0.32442	0.01934	0.02737	0.04931	0.04750	0.02309	0.01768	0.02372	0.02583	0.03027	0.10453	0.01343	0.04349	0.00315	0.03629	0.03604	0.00443	0.01050
32	0.05429	0.28094	0.25631	0.02289	0.11654	0.05790	0.02118	0.02530	0.01758	0.02393	0.01487	0.04604	0.01283	0.00835	0.00698	0.00230	0.01024	0.00635	0.00391	0.01128
33	0.02032	0.24600	0.36131	0.01946	0.02877	0.05366	0.02250	0.02663	0.01786	0.07001	0.01546	0.01769	0.01184	0.01069	0.04190	0.00290	0.01150	0.00588	0.00410	0.01153
34	0.01903	0.28435	0.31560	0.02360	0.11799	0.02392	0.02293	0.02512	0.01729	0.02361	0.01413	0.01714	0.01144	0.01012	0.03871	0.00280	0.01116	0.00583	0.00366	0.01158
35	0.01884	0.18865	0.36329	0.02461	0.11915	0.05586	0.02414	0.02537	0.01780	0.02429	0.01594	0.05661	0.01352	0.00873	0.00750	0.00243	0.01088	0.00691	0.00389	0.01158
36	0.07614	0.15624	0.36023	0.06482	0.06001	0.04523	0.02350	0.02513	0.01750	0.02532	0.01612	0.02238	0.01332	0.00887	0.00751	0.00254	0.01079	0.04922	0.00401	0.01114
37	0.05244	0.34974	0.22384	0.02194	0.11550	0.02510	0.02018	0.02492	0.01757	0.02409	0.04476	0.01802	0.01425	0.00790	0.00672	0.00221	0.00968	0.00589	0.00397	0.01129
38	0.02194	0.29295	0.23381	0.02028	0.05778	0.14067	0.02007	0.02686	0.01843	0.04202	0.01419	0.01666	0.01152	0.01027	0.03759	0.00270	0.01165	0.00561	0.00395	0.01107
39	0.05085	0.22880	0.34199	0.01990	0.02909	0.10042	0.02238	0.07063	0.01949	0.02604	0.01395	0.01607	0.01079	0.00789	0.00704	0.00232	0.01118	0.00560	0.00403	0.01152
40	0.01841	0.31961	0.34181	0.01851	0.02754	0.02379	0.02158	0.02444	0.01740	0.02346	0.04008	0.05724	0.01580	0.00897	0.00705	0.00232	0.01010	0.00679	0.00399	0.01111
41	0.01857	0.23564	0.43577	0.02305	0.07972	0.02327	0.02551	0.02583	0.01745	0.02441	0.01399	0.01655	0.01077	0.00763	0.00717	0.00237	0.01111	0.00574	0.00357	0.01188
42	0.01988	0.20738	0.39069	0.02055	0.02993	0.11570	0.02362	0.02643	0.01805	0.02347	0.01410	0.01679	0.01103	0.01018	0.03644	0.00282	0.01226	0.00573	0.00367	0.01129
43	0.01929	0.27467	0.41827	0.02029	0.03038	0.05636	0.02427	0.02615	0.01761	0.02367	0.01364	0.01596	0.01058	0.00765	0.00699	0.00231	0.01124	0.00551	0.00356	0.01159
44	0.04873	0.22891	0.33749	0.01921	0.02800	0.09909	0.02169	0.02581	0.01839	0.02466	0.06289	0.01933	0.01578	0.00844	0.00716	0.00233	0.01076	0.00619	0.00411	0.01104
45	0.01834	0.26054	0.37413	0.02073	0.03032	0.02318	0.07001	0.02500	0.01739	0.02380	0.01574	0.05625	0.01331	0.00862	0.00735	0.00241	0.01086	0.00688	0.00382	0.01134
46	0.01894	0.21924	0.40711	0.02030	0.02988	0.07307	0.02384	0.02571	0.01756	0.02358	0.01433	0.01720	0.01124	0.01128	0.05064	0.00306	0.01223	0.00581	0.00364	0.01132

[dist]
# distance from previous block
# <min> <max>
17	113

[block]
# block no. 6 follows, 22 sequences, length 44
# corresponding to MSA columns:
# 498-541
name=unknown_G
#
# <colnr> <probs for GDERKNQSTAVLIFYWHMCP>
#	G	D	E	R	K	N	Q	S	T	A	V	L	I	F	Y	W	H	M	C	P
0	0.01883	0.25548	0.27221	0.01965	0.02771	0.05641	0.05824	0.02458	0.01805	0.02353	0.01904	0.03001	0.01741	0.01032	0.00779	0.00255	0.01058	0.11254	0.00435	0.01071
1	0.08421	0.32164	0.11964	0.01707	0.02273	0.07404	0.01656	0.02386	0.01616	0.02212	0.01297	0.01667	0.01146	0.01371	0.07047	0.00337	0.13372	0.00566	0.00383	0.01009
2	0.09237	0.14810	0.10385	0.01594	0.02171	0.05632	0.01472	0.06505	0.01950	0.17945	0.02158	0.07260	0.01769	0.01674	0.08967	0.00382	0.03589	0.00795	0.00609	0.01096
3	0.13742	0.14265	0.12949	0.10780	0.07732	0.07214	0.01796	0.02352	0.01735	0.02516	0.01854	0.02934	0.01690	0.01323	0.04597	0.00324	0.01049	0.09694	0.00460	0.00994
4	0.02527	0.09768	0.11032	0.01631	0.02290	0.05109	0.01514	0.09155	0.02159	0.22041	0.02290	0.02666	0.01754	0.01468	0.07120	0.00339	0.00998	0.04442	0.00665	0.11032
5	0.02033	0.21782	0.11392	0.17467	0.07518	0.02421	0.10863	0.08753	0.01953	0.02574	0.01457	0.01858	0.01156	0.00817	0.00862	0.00247	0.04643	0.00676	0.00421	0.01106
6	0.13666	0.17844	0.16039	0.09161	0.07659	0.13999	0.05760	0.02636	0.01808	0.02500	0.01345	0.01655	0.01073	0.00776	0.00703	0.00236	0.01092	0.00583	0.00402	0.01062
7	0.01977	0.01980	0.06437	0.27109	0.14910	0.08950	0.01986	0.07799	0.02006	0.05042	0.02049	0.12166	0.01852	0.01100	0.00852	0.00269	0.01010	0.00954	0.00509	0.01044
8	0.07988	0.10018	0.02492	0.19671	0.05647	0.12796	0.01682	0.13498	0.05484	0.06189	0.01718	0.02025	0.01324	0.01179	0.04595	0.00308	0.01091	0.00676	0.00537	0.01083
9	0.13732	0.08592	0.20586	0.05880	0.02643	0.01895	0.01816	0.02690	0.04425	0.12055	0.04755	0.02114	0.01584	0.00934	0.00936	0.00257	0.08051	0.00674	0.00536	0.05844
10	0.14215	0.05666	0.13141	0.14020	0.14248	0.01766	0.01865	0.02295	0.01659	0.02653	0.01492	0.01932	0.01207	0.01245	0.06761	0.00331	0.01037	0.00627	0.00424	0.13415
11	0.02855	0.15418	0.05310	0.05448	0.05958	0.08250	0.01650	0.29305	0.02830	0.12306	0.01879	0.01944	0.01370	0.00904	0.00766	0.00235	0.00959	0.00677	0.00667	0.01269
12	0.07342	0.01521	0.02336	0.17760	0.19990	0.01681	0.04184	0.02357	0.08206	0.02546	0.02030	0.02875	0.01746	0.02115	0.15611	0.00509	0.01231	0.04449	0.00485	0.01026
13	0.01982	0.02400	0.16678	0.24209	0.15022	0.07760	0.02240	0.02664	0.06521	0.06368	0.01731	0.02138	0.01312	0.00938	0.00926	0.03773	0.01071	0.00713	0.00454	0.01099
14	0.06840	0.01900	0.02455	0.03126	0.29434	0.07364	0.01850	0.12313	0.02213	0.03050	0.02323	0.08649	0.02226	0.01216	0.00874	0.00276	0.00918	0.11266	0.00579	0.01128
15	0.14355	0.01789	0.02472	0.32317	0.17759	0.05101	0.02025	0.04917	0.01771	0.02641	0.01426	0.01962	0.01129	0.00856	0.00915	0.00269	0.06163	0.00680	0.00425	0.01028
16	0.01986	0.02391	0.14716	0.04608	0.54476	0.01966	0.02643	0.02564	0.01867	0.02699	0.01550	0.02002	0.01269	0.00749	0.00816	0.00250	0.01030	0.00717	0.00400	0.01300
17	0.01543	0.05421	0.25058	0.11432	0.09637	0.01631	0.04911	0.02117	0.01688	0.02365	0.02241	0.17174	0.02175	0.01677	0.06903	0.00374	0.01104	0.01066	0.00465	0.01016
18	0.02107	0.01920	0.08873	0.10097	0.13846	0.07478	0.01750	0.02637	0.04777	0.13882	0.05995	0.02704	0.02004	0.02112	0.15608	0.00495	0.01245	0.00815	0.00571	0.01086
19	0.02179	0.66243	0.09047	0.01493	0.02243	0.03185	0.01546	0.02498	0.01693	0.02006	0.01180	0.01364	0.01065	0.00717	0.00552	0.00184	0.00914	0.00457	0.00355	0.01078
20	0.01738	0.03066	0.36117	0.06443	0.19164	0.01927	0.02625	0.02437	0.01707	0.02512	0.01526	0.01975	0.01203	0.01253	0.06024	0.00350	0.07705	0.00684	0.00375	0.01167
21	0.01843	0.02686	0.24777	0.14576	0.34662	0.01938	0.02687	0.02508	0.01807	0.02589	0.01524	0.01979	0.01192	0.00772	0.00812	0.00257	0.01089	0.00697	0.00384	0.01222
22	0.00987	0.00820	0.00864	0.00898	0.01137	0.00697	0.00656	0.01186	0.01839	0.02222	0.07726	0.19185	0.54540	0.02194	0.00996	0.00291	0.00432	0.01863	0.00771	0.00697
23	0.01666	0.04297	0.66500	0.02368	0.03596	0.01929	0.03069	0.02631	0.01754	0.02631	0.01491	0.01754	0.01052	0.00789	0.00789	0.00263	0.01228	0.00614	0.00351	0.01228
24	0.01695	0.01686	0.03096	0.49228	0.10229	0.01912	0.15679	0.02276	0.01746	0.02289	0.01529	0.02208	0.01158	0.00794	0.00863	0.00275	0.01163	0.00792	0.00384	0.00998
25	0.01905	0.24228	0.41366	0.02063	0.03030	0.05259	0.02439	0.02582	0.01733	0.02365	0.01358	0.01620	0.01059	0.00807	0.00822	0.00241	0.05051	0.00566	0.00356	0.01149
26	0.01005	0.00749	0.00937	0.01087	0.01187	0.00681	0.00740	0.01165	0.01658	0.02148	0.05429	0.56461	0.18747	0.02492	0.01043	0.00325	0.00468	0.02227	0.00771	0.00681
27	0.01979	0.12777	0.11828	0.14518	0.03046	0.08836	0.04179	0.06906	0.01871	0.04628	0.01671	0.02162	0.01366	0.02044	0.15627	0.00488	0.03910	0.00701	0.00447	0.01014
28	0.01706	0.03891	0.56458	0.05355	0.03536	0.01940	0.02842	0.02803	0.08595	0.02700	0.01698	0.01923	0.01218	0.00828	0.00797	0.00266	0.01160	0.00655	0.00406	0.01223
29	0.01150	0.00896	0.01075	0.01165	0.01404	0.00821	0.00964	0.01441	0.01902	0.02358	0.06526	0.08642	0.36821	0.02194	0.01060	0.00328	0.00583	0.29170	0.00768	0.00731
30	0.03103	0.03959	0.02354	0.02140	0.02568	0.67469	0.01605	0.03317	0.02354	0.02033	0.01284	0.01498	0.01070	0.00856	0.00749	0.00214	0.01498	0.00535	0.00428	0.00963
31	0.01766	0.03253	0.37388	0.02778	0.03783	0.01939	0.27203	0.02587	0.01848	0.02634	0.01748	0.02423	0.01368	0.00846	0.00889	0.00277	0.01269	0.04439	0.00405	0.01155
32	0.01241	0.00896	0.01176	0.08126	0.01550	0.00971	0.00822	0.01370	0.01286	0.01741	0.02403	0.04574	0.02592	0.47872	0.19160	0.00878	0.01180	0.01082	0.00475	0.00605
33	0.02135	0.51789	0.10422	0.01569	0.02291	0.02925	0.01575	0.02849	0.12914	0.02299	0.01590	0.01694	0.01329	0.00794	0.00616	0.00205	0.00882	0.00551	0.00443	0.01128
34	0.02563	0.02402	0.09830	0.01827	0.02442	0.07210	0.01602	0.37968	0.05933	0.04078	0.02620	0.09513	0.05864	0.01206	0.00854	0.00261	0.00909	0.00957	0.00733	0.01229
35	0.05350	0.01807	0.02527	0.13503	0.14299	0.08523	0.10408	0.05733	0.02015	0.02685	0.06180	0.08707	0.02533	0.01238	0.00907	0.00284	0.00987	0.10762	0.00554	0.00999
36	0.01577	0.07130	0.12888	0.05336	0.02332	0.01912	0.01729	0.01937	0.01454	0.02105	0.01828	0.09770	0.01798	0.02461	0.16580	0.00545	0.26374	0.00907	0.00425	0.00911
37	0.02038	0.02052	0.08886	0.16477	0.03037	0.06714	0.04433	0.17562	0.02274	0.03003	0.05751	0.02855	0.01951	0.13481	0.01435	0.00349	0.00987	0.00841	0.00557	0.05318
38	0.17274	0.34009	0.12053	0.01491	0.02183	0.06170	0.01489	0.02547	0.01739	0.06502	0.01893	0.02003	0.05944	0.00868	0.00631	0.00221	0.00875	0.00598	0.00465	0.01044
39	0.21382	0.18005	0.10046	0.01642	0.02269	0.13031	0.01501	0.05881	0.13641	0.02946	0.01677	0.01780	0.01317	0.00852	0.00667	0.00237	0.00923	0.00589	0.00523	0.01089
40	0.07857	0.08550	0.37088	0.05183	0.03167	0.05758	0.06067	0.06353	0.01946	0.02829	0.06280	0.02077	0.01593	0.00864	0.00776	0.00254	0.01093	0.00687	0.00447	0.01131
41	0.02265	0.37425	0.11849	0.01875	0.07044	0.02573	0.01684	0.03021	0.13004	0.09107	0.01852	0.01917	0.01451	0.00831	0.00676	0.00221	0.00880	0.00619	0.00517	0.01187
42	0.02446	0.17273	0.12336	0.01812	0.02495	0.11759	0.03680	0.17209	0.02455	0.07130	0.08305	0.02234	0.01935	0.00932	0.00760	0.00228	0.00975	0.00712	0.00590	0.04733
43	0.07144	0.02499	0.17584	0.01821	0.02504	0.05064	0.01743	0.26279	0.02647	0.08947	0.04249	0.08278	0.01943	0.01340	0.03922	0.00311	0.00988	0.00871	0.00672	0.01196

[dist]
# distance from previous block
# <min> <max>
1	16

[block]
# block no. 7 follows, 22 sequences, length 50
# corresponding to MSA columns:
# 558-607
name=unknown_H
#
# <colnr> <probs for GDERKNQSTAVLIFYWHMCP>
#	G	D	E	R	K	N	Q	S	T	A	V	L	I	F	Y	W	H	M	C	P
0	0.01967	0.24579	0.16463	0.01989	0.05881	0.05080	0.04396	0.02691	0.10331	0.02442	0.02022	0.02201	0.05078	0.00928	0.00881	0.00238	0.06433	0.00693	0.00463	0.05242
1	0.02118	0.22425	0.06892	0.02544	0.17965	0.05050	0.05100	0.02818	0.11220	0.05895	0.02151	0.02348	0.04448	0.01156	0.04181	0.00291	0.00990	0.00740	0.00509	0.01158
2	0.09862	0.13814	0.15011	0.01716	0.05153	0.01842	0.01590	0.04910	0.01884	0.05616	0.09150	0.02772	0.04786	0.01017	0.00840	0.00236	0.04322	0.02973	0.00542	0.11963
3	0.06103	0.05679	0.09494	0.02799	0.20489	0.01653	0.10658	0.02208	0.01887	0.02720	0.10776	0.09242	0.02920	0.01225	0.00891	0.00277	0.00896	0.08487	0.00553	0.01043
4	0.01873	0.01516	0.02564	0.02599	0.14732	0.01466	0.15006	0.02421	0.04986	0.09398	0.03442	0.05249	0.08401	0.01432	0.00984	0.00306	0.00906	0.21026	0.00653	0.01041
