[name]
unknown

[dist]
# distance from previous block
# <min> <max>
0	0

[block]
# block no. 0 follows, 22 sequences, length 116
# corresponding to MSA columns:
# 0-115
name=unknown_A
#
# <colnr> <probs for GDERKNQSTAVLIFYWHMCP>
#	G	D	E	R	K	N	Q	S	T	A	V	L	I	F	Y	W	H	M	C	P
0	0.01339	0.00956	0.01339	0.01530	0.01721	0.00956	0.01339	0.01721	0.01912	0.02486	0.04399	0.09371	0.04781	0.02295	0.01147	0.00382	0.00765	0.60031	0.00765	0.00765
1	0.03727	0.01414	0.01928	0.01478	0.02121	0.01221	0.01221	0.04049	0.02378	0.66198	0.03277	0.02828	0.02056	0.01028	0.00835	0.00257	0.00707	0.00835	0.01028	0.01414
2	0.03103	0.03959	0.02354	0.02140	0.02568	0.67469	0.01605	0.03317	0.02354	0.02033	0.01284	0.01498	0.01070	0.00856	0.00749	0.00214	0.01498	0.00535	0.00428	0.00963
3	0.03158	0.02327	0.02493	0.01911	0.02576	0.02576	0.01579	0.62852	0.03906	0.05236	0.01995	0.01995	0.01413	0.00997	0.00831	0.00249	0.00914	0.00748	0.00831	0.01413
4	0.02056	0.01974	0.03372	0.05099	0.65622	0.01974	0.02550	0.02550	0.01892	0.02714	0.01563	0.02056	0.01316	0.00740	0.00822	0.00247	0.00987	0.00740	0.00411	0.01316
5	0.01207	0.00809	0.00927	0.00927	0.00934	0.00817	0.00529	0.01221	0.01214	0.01626	0.02599	0.05331	0.02975	0.67676	0.07294	0.00831	0.00874	0.01193	0.00501	0.00515
6	0.03556	0.01688	0.02098	0.01608	0.02258	0.01629	0.01329	0.21735	0.02837	0.47862	0.02892	0.02577	0.01863	0.01019	0.00834	0.00255	0.00769	0.00809	0.00969	0.01413
7	0.01187	0.00890	0.01335	0.01335	0.01483	0.01038	0.01038	0.01483	0.01335	0.01928	0.02225	0.03264	0.02077	0.06231	0.67512	0.01335	0.02225	0.00890	0.00445	0.00742
8	0.01176	0.00849	0.01110	0.01045	0.01241	0.00784	0.00784	0.01568	0.02352	0.03331	0.65184	0.06206	0.07839	0.01698	0.00980	0.00261	0.00392	0.01502	0.00914	0.00784
9	0.02056	0.01974	0.03372	0.05099	0.65622	0.01974	0.02550	0.02550	0.01892	0.02714	0.01563	0.02056	0.01316	0.00740	0.00822	0.00247	0.00987	0.00740	0.00411	0.01316
10	0.01586	0.01404	0.02380	0.02103	0.05378	0.01367	0.18516	0.08940	0.01984	0.02671	0.03304	0.39573	0.03607	0.01782	0.00999	0.00306	0.00818	0.01700	0.00661	0.00920
11	0.01149	0.00795	0.00991	0.01046	0.01084	0.00805	0.00665	0.01237	0.01338	0.01808	0.03118	0.23683	0.03580	0.40984	0.13375	0.00755	0.00938	0.01488	0.00571	0.00590
12	0.01666	0.04297	0.66500	0.02368	0.03596	0.01929	0.03069	0.02631	0.01754	0.02631	0.01491	0.01754	0.01052	0.00789	0.00789	0.00263	0.01228	0.00614	0.00351	0.01228
13	0.01689	0.07069	0.63929	0.02329	0.03535	0.01985	0.03001	0.02625	0.01751	0.02603	0.01477	0.01736	0.01053	0.00786	0.00779	0.00260	0.01214	0.00607	0.00351	0.01221
14	0.01680	0.04204	0.63724	0.02419	0.03629	0.01937	0.05753	0.02632	0.01763	0.02632	0.01499	0.01776	0.01062	0.00785	0.00798	0.00264	0.01236	0.00630	0.00354	0.01223
15	0.01761	0.01673	0.02840	0.43625	0.29399	0.01896	0.02403	0.02291	0.01752	0.02356	0.01511	0.02152	0.01190	0.00795	0.00827	0.00265	0.01060	0.00739	0.00386	0.01078
16	0.01894	0.01809	0.03079	0.26281	0.45706	0.01931	0.02469	0.02408	0.01815	0.02517	0.01534	0.02109	0.01247	0.00770	0.00825	0.00257	0.01027	0.00740	0.00397	0.01185
17	0.01028	0.00843	0.00906	0.00890	0.01150	0.00721	0.00668	0.01282	0.02003	0.02503	0.21947	0.07568	0.51592	0.02007	0.00981	0.00276	0.00414	0.01693	0.00806	0.00721
18	0.01031	0.00736	0.00986	0.01178	0.01235	0.00691	0.00804	0.01189	0.01609	0.02142	0.04568	0.66737	0.05453	0.02585	0.01065	0.00340	0.00498	0.05700	0.00771	0.00680
19	0.01320	0.01036	0.01265	0.01161	0.01484	0.00863	0.00830	0.01541	0.01605	0.02307	0.03124	0.35961	0.03518	0.08686	0.01200	0.00298	0.00569	0.01488	0.00631	0.31112
20	0.02580	0.02976	0.01997	0.01924	0.04734	0.45692	0.01394	0.02846	0.02120	0.02253	0.01657	0.01996	0.01379	0.01394	0.07198	0.00320	0.01337	0.00623	0.14660	0.00920
21	0.01549	0.00774	0.00774	0.00774	0.00968	0.00774	0.00581	0.01936	0.01742	0.03097	0.02710	0.03097	0.02129	0.00968	0.00581	0.00194	0.00387	0.00774	0.75416	0.00774
22	0.01188	0.00886	0.01312	0.01312	0.01453	0.01026	0.01010	0.01469	0.01328	0.01912	0.02246	0.03378	0.02127	0.09638	0.64173	0.01307	0.02150	0.00907	0.00448	0.00729
23	0.01208	0.00805	0.00906	0.00906	0.00906	0.00805	0.00503	0.01208	0.01208	0.01611	0.02618	0.05436	0.03020	0.70804	0.04228	0.00805	0.00805	0.01208	0.00503	0.00503
24	0.01263	0.00879	0.01076	0.01008	0.01255	0.00784	0.00763	0.01596	0.02214	0.06594	0.44425	0.06555	0.24935	0.01783	0.00972	0.00267	0.00419	0.01540	0.00878	0.00795
25	0.01129	0.00821	0.01063	0.01058	0.01226	0.00755	0.00772	0.01456	0.02158	0.03003	0.48617	0.20346	0.10651	0.01920	0.00998	0.00279	0.00413	0.01705	0.00875	0.00755
26	0.01569	0.01477	0.02492	0.68808	0.05722	0.01846	0.02307	0.02123	0.01661	0.02123	0.01477	0.02215	0.01107	0.00831	0.00831	0.00277	0.01107	0.00738	0.00369	0.00923
27	0.00982	0.00842	0.00842	0.00842	0.01122	0.00701	0.00631	0.01192	0.01894	0.02244	0.08416	0.07995	0.65285	0.02104	0.00982	0.00281	0.00421	0.01753	0.00771	0.00701
28	0.02221	0.71304	0.04353	0.01421	0.02132	0.03287	0.01421	0.02488	0.01688	0.01955	0.01155	0.01333	0.01066	0.00711	0.00533	0.00178	0.00888	0.00444	0.00355	0.01066
29	0.76672	0.01607	0.01221	0.01092	0.01607	0.01864	0.00900	0.02442	0.01414	0.03727	0.01157	0.01350	0.00900	0.00771	0.00514	0.00257	0.00643	0.00450	0.00514	0.00900
30	0.23665	0.01563	0.01512	0.01269	0.01721	0.01726	0.01026	0.23677	0.02415	0.04036	0.02011	0.02205	0.01523	0.00922	0.00650	0.00232	0.00647	0.00672	0.27492	0.01037
31	0.17485	0.43557	0.03314	0.01500	0.02114	0.15984	0.01353	0.02646	0.01767	0.02330	0.01181	0.01370	0.01033	0.00752	0.00573	0.00201	0.00962	0.00464	0.00402	0.01012
32	0.01208	0.00805	0.00906	0.00906	0.00906	0.00805	0.00503	0.01208	0.01208	0.01611	0.02618	0.05436	0.03020	0.70804	0.04228	0.00805	0.00805	0.01208	0.00503	0.00503
33	0.02056	0.01974	0.03372	0.05099	0.65622	0.01974	0.02550	0.02550	0.01892	0.02714	0.01563	0.02056	0.01316	0.00740	0.00822	0.00247	0.00987	0.00740	0.00411	0.01316
34	0.02598	0.02173	0.02806	0.03089	0.24136	0.13070	0.06769	0.03072	0.05033	0.17677	0.01965	0.02182	0.01478	0.00929	0.01054	0.00262	0.09160	0.00755	0.00577	0.01215
35	0.01208	0.00805	0.00906	0.00906	0.00906	0.00805	0.00503	0.01208	0.01208	0.01611	0.02618	0.05436	0.03020	0.70804	0.04228	0.00805	0.00805	0.01208	0.00503	0.00503
36	0.01509	0.01268	0.01363	0.01265	0.01614	0.01333	0.00970	0.02719	0.30026	0.03016	0.17489	0.05431	0.25532	0.01583	0.00920	0.00277	0.00522	0.01336	0.00833	0.00994
37	0.02056	0.01974	0.03372	0.05099	0.65622	0.01974	0.02550	0.02550	0.01892	0.02714	0.01563	0.02056	0.01316	0.00740	0.00822	0.00247	0.00987	0.00740	0.00411	0.01316
38	0.02077	0.05233	0.02380	0.01809	0.02321	0.01660	0.12848	0.03153	0.22765	0.13190	0.16983	0.03691	0.05828	0.01175	0.00889	0.00267	0.00750	0.01063	0.00780	0.01137
39	0.01818	0.01818	0.02545	0.02181	0.02181	0.02545	0.01818	0.01999	0.01272	0.01999	0.01091	0.01818	0.01091	0.01454	0.02726	0.00364	0.69284	0.00727	0.00364	0.00909
40	0.19541	0.03294	0.32041	0.05414	0.02926	0.14951	0.02123	0.02649	0.01816	0.02775	0.04280	0.01835	0.01333	0.00842	0.00727	0.00253	0.01100	0.00607	0.00431	0.01062
41	0.01187	0.00890	0.01335	0.01335	0.01483	0.01038	0.01038	0.01483	0.01335	0.01928	0.02225	0.03264	0.02077	0.06231	0.67512	0.01335	0.02225	0.00890	0.00445	0.00742
42	0.02195	0.02214	0.02125	0.02276	0.13270	0.18341	0.01506	0.06056	0.22849	0.02953	0.09999	0.03184	0.07211	0.01124	0.00842	0.00254	0.00892	0.00919	0.00665	0.01123
43	0.02056	0.01974	0.03372	0.05099	0.65622	0.01974	0.02550	0.02550	0.01892	0.02714	0.01563	0.02056	0.01316	0.00740	0.00822	0.00247	0.00987	0.00740	0.00411	0.01316
44	0.01723	0.01477	0.01723	0.01230	0.01969	0.01107	0.00984	0.02092	0.01723	0.02707	0.01477	0.01723	0.01230	0.00615	0.00615	0.00123	0.00615	0.00492	0.00492	0.75883
45	0.03103	0.03959	0.02354	0.02140	0.02568	0.67469	0.01605	0.03317	0.02354	0.02033	0.01284	0.01498	0.01070	0.00856	0.00749	0.00214	0.01498	0.00535	0.00428	0.00963
46	0.02221	0.71304	0.04353	0.01421	0.02132	0.03287	0.01421	0.02488	0.01688	0.01955	0.01155	0.01333	0.01066	0.00711	0.00533	0.00178	0.00888	0.00444	0.00355	0.01066
47	0.01170	0.00955	0.01241	0.01463	0.08792	0.00870	0.00928	0.01453	0.01966	0.02586	0.23068	0.18658	0.29938	0.01922	0.00977	0.00282	0.00491	0.01678	0.00770	0.00792
48	0.05321	0.04578	0.02695	0.49295	0.17931	0.01935	0.02252	0.02243	0.01699	0.02317	0.01465	0.02102	0.01139	0.00804	0.00801	0.00265	0.01050	0.00712	0.00384	0.01010
49	0.76672	0.01607	0.01221	0.01092	0.01607	0.01864	0.00900	0.02442	0.01414	0.03727	0.01157	0.01350	0.00900	0.00771	0.00514	0.00257	0.00643	0.00450	0.00514	0.00900
50	0.01021	0.00730	0.00972	0.01150	0.01207	0.00681	0.00772	0.01180	0.01634	0.02190	0.08042	0.66601	0.05628	0.02551	0.01056	0.00333	0.00477	0.02313	0.00779	0.00681
51	0.02572	0.03407	0.10109	0.02247	0.02691	0.41083	0.04997	0.02893	0.02009	0.02128	0.01284	0.01642	0.01083	0.00981	0.01230	0.00258	0.17381	0.00613	0.00403	0.00990
52	0.01012	0.00723	0.00964	0.01157	0.01205	0.00675	0.00771	0.01157	0.01591	0.02121	0.04579	0.70262	0.05495	0.02603	0.01060	0.00337	0.00482	0.02362	0.00771	0.00675
53	0.01339	0.00956	0.01339	0.01530	0.01721	0.00956	0.01339	0.01721	0.01912	0.02486	0.04399	0.09371	0.04781	0.02295	0.01147	0.00382	0.00765	0.60031	0.00765	0.00765
54	0.03107	0.03859	0.02363	0.02126	0.02569	0.63485	0.01604	0.06973	0.02449	0.02230	0.01328	0.01529	0.01091	0.00865	0.00754	0.00216	0.01462	0.00548	0.00453	0.00991
55	0.02467	0.03062	0.37425	0.02000	0.02954	0.01724	0.02259	0.05978	0.05896	0.24640	0.02244	0.02216	0.01505	0.00902	0.00810	0.00262	0.00999	0.00716	0.00636	0.01305
56	0.01549	0.00774	0.00774	0.00774	0.00968	0.00774	0.00581	0.01936	0.01742	0.03097	0.02710	0.03097	0.02129	0.00968	0.00581	0.00194	0.00387	0.00774	0.75416	0.00774
57	0.03727	0.01414	0.01928	0.01478	0.02121	0.01221	0.01221	0.04049	0.02378	0.66198	0.03277	0.02828	0.02056	0.01028	0.00835	0.00257	0.00707	0.00835	0.01028	0.01414
58	0.01365	0.01201	0.01736	0.02359	0.22618	0.01134	0.01337	0.01666	0.01833	0.02389	0.05143	0.18538	0.28638	0.01761	0.00954	0.00286	0.00641	0.04845	0.00651	0.00904
59	0.06531	0.21331	0.27743	0.02098	0.05678	0.13670	0.02125	0.07180	0.01987	0.02612	0.01389	0.01608	0.01089	0.00793	0.00704	0.00230	0.01118	0.00562	0.00413	0.01139
60	0.01137	0.00848	0.01057	0.01004	0.01217	0.00767	0.00753	0.01493	0.02260	0.03114	0.53842	0.06563	0.19315	0.01779	0.00980	0.00265	0.00398	0.01553	0.00886	0.00767
61	0.01119	0.00807	0.01081	0.01263	0.01372	0.00770	0.00952	0.01346	0.01715	0.02249	0.04741	0.46412	0.08719	0.02471	0.01085	0.00349	0.00573	0.21500	0.00769	0.00706
62	0.02172	0.02415	0.05702	0.03794	0.37232	0.15637	0.05326	0.02590	0.01913	0.02467	0.01637	0.05813	0.01469	0.00935	0.00999	0.00258	0.07260	0.00796	0.00429	0.01155
63	0.02226	0.02322	0.03124	0.08446	0.49919	0.14457	0.02355	0.02670	0.01966	0.02548	0.01504	0.01959	0.01256	0.00768	0.00809	0.00242	0.01092	0.00701	0.00412	0.01224
64	0.01202	0.00832	0.01039	0.01039	0.01084	0.00877	0.00669	0.01293	0.01247	0.01709	0.02496	0.04765	0.02729	0.50861	0.23773	0.00969	0.01244	0.01110	0.00485	0.00577
65	0.02251	0.64314	0.04168	0.01484	0.02158	0.03214	0.01449	0.05649	0.01785	0.02130	0.01196	0.01391	0.01086	0.00762	0.00655	0.00190	0.04188	0.00474	0.00381	0.01077
66	0.01777	0.17684	0.54084	0.02179	0.03303	0.02201	0.02740	0.02602	0.01741	0.02496	0.01424	0.01670	0.01055	0.00774	0.00738	0.00246	0.01160	0.00580	0.00352	0.01195
67	0.00992	0.00842	0.00856	0.00852	0.01128	0.00706	0.00639	0.01212	0.01917	0.02301	0.11365	0.07902	0.62301	0.02083	0.00982	0.00280	0.00419	0.01740	0.00779	0.00706
68	0.02275	0.67169	0.04231	0.01466	0.02159	0.07228	0.01433	0.02539	0.01729	0.01959	0.01163	0.01343	0.01066	0.00720	0.00546	0.00180	0.00926	0.00450	0.00360	0.01060
69	0.01057	0.00763	0.00962	0.01103	0.01179	0.00714	0.00747	0.01201	0.01586	0.02078	0.04722	0.49472	0.12138	0.12951	0.01540	0.00405	0.00541	0.05452	0.00730	0.00657
70	0.02273	0.00987	0.01158	0.01008	0.01351	0.00923	0.00794	0.02638	0.01953	0.24077	0.02899	0.03008	0.02105	0.00988	0.00665	0.00215	0.00493	0.00795	0.50683	0.00987
71	0.01187	0.00890	0.01335	0.01335	0.01483	0.01038	0.01038	0.01483	0.01335	0.01928	0.02225	0.03264	0.02077	0.06231	0.67512	0.01335	0.02225	0.00890	0.00445	0.00742
72	0.76672	0.01607	0.01221	0.01092	0.01607	0.01864	0.00900	0.02442	0.01414	0.03727	0.01157	0.01350	0.00900	0.00771	0.00514	0.00257	0.00643	0.00450	0.00514	0.00900
73	0.01818	0.01818	0.02545	0.02181	0.02181	0.02545	0.01818	0.01999	0.01272	0.01999	0.01091	0.01818	0.01091	0.01454	0.02726	0.00364	0.69284	0.00727	0.00364	0.00909
74	0.03158	0.02327	0.02493	0.01911	0.02576	0.02576	0.01579	0.62852	0.03906	0.05236	0.01995	0.01995	0.01413	0.00997	0.00831	0.00249	0.00914	0.00748	0.00831	0.01413
75	0.02221	0.71304	0.04353	0.01421	0.02132	0.03287	0.01421	0.02488	0.01688	0.01955	0.01155	0.01333	0.01066	0.00711	0.00533	0.00178	0.00888	0.00444	0.00355	0.01066
76	0.01666	0.04297	0.66500	0.02368	0.03596	0.01929	0.03069	0.02631	0.01754	0.02631	0.01491	0.01754	0.01052	0.00789	0.00789	0.00263	0.01228	0.00614	0.00351	0.01228
77	0.01192	0.00869	0.01228	0.01228	0.01340	0.00980	0.00905	0.01415	0.01304	0.01850	0.02323	0.03804	0.02311	0.22284	0.51779	0.01203	0.01872	0.00969	0.00460	0.00682
78	0.03158	0.02327	0.02493	0.01911	0.02576	0.02576	0.01579	0.62852	0.03906	0.05236	0.01995	0.01995	0.01413	0.00997	0.00831	0.00249	0.00914	0.00748	0.00831	0.01413
79	0.01208	0.00805	0.00906	0.00906	0.00906	0.00805	0.00503	0.01208	0.01208	0.01611	0.02618	0.05436	0.03020	0.70804	0.04228	0.00805	0.00805	0.01208	0.00503	0.00503
80	0.01031	0.00738	0.00981	0.01144	0.01209	0.00688	0.00773	0.01205	0.01680	0.02264	0.11738	0.62695	0.05771	0.02496	0.01051	0.00328	0.00471	0.02260	0.00788	0.00688
81	0.01208	0.00805	0.00906	0.00906	0.00906	0.00805	0.00503	0.01208	0.01208	0.01611	0.02618	0.05436	0.03020	0.70804	0.04228	0.00805	0.00805	0.01208	0.00503	0.00503
82	0.01997	0.02153	0.02506	0.47781	0.08297	0.18993	0.02138	0.02459	0.01855	0.02133	0.01431	0.02019	0.01109	0.00832	0.00809	0.00259	0.01203	0.00685	0.00387	0.00956
83	0.02028	0.01945	0.03322	0.08740	0.62199	0.01967	0.02536	0.02525	0.01878	0.02680	0.01558	0.02065	0.01304	0.00745	0.00823	0.00248	0.00994	0.00740	0.00409	0.01293
84	0.02722	0.02535	0.02723	0.03009	0.23514	0.16422	0.01893	0.26808	0.06077	0.03610	0.01770	0.01966	0.01366	0.00888	0.00811	0.00243	0.01051	0.00709	0.00605	0.01278
85	0.02238	0.01746	0.01884	0.01669	0.02156	0.01979	0.01305	0.04377	0.57726	0.09972	0.03370	0.03071	0.02486	0.01117	0.00844	0.00279	0.00663	0.00928	0.00864	0.01325
86	0.02056	0.01974	0.03372	0.05099	0.65622	0.01974	0.02550	0.02550	0.01892	0.02714	0.01563	0.02056	0.01316	0.00740	0.00822	0.00247	0.00987	0.00740	0.00411	0.01316
87	0.01040	0.00757	0.00979	0.01107	0.01204	0.00697	0.00760	0.01236	0.01759	0.02356	0.16125	0.52592	0.11542	0.02389	0.01038	0.00318	0.00460	0.02146	0.00798	0.00697
88	0.01443	0.00722	0.01082	0.01082	0.01082	0.00722	0.00722	0.01082	0.01082	0.01443	0.01443	0.02525	0.01443	0.02886	0.03247	0.75830	0.00722	0.00722	0.00361	0.00361
89	0.03103	0.03959	0.02354	0.02140	0.02568	0.67469	0.01605	0.03317	0.02354	0.02033	0.01284	0.01498	0.01070	0.00856	0.00749	0.00214	0.01498	0.00535	0.00428	0.00963
90	0.01569	0.01477	0.02492	0.68808	0.05722	0.01846	0.02307	0.02123	0.01661	0.02123	0.01477	0.02215	0.01107	0.00831	0.00831	0.00277	0.01107	0.00738	0.00369	0.00923
91	0.01569	0.01477	0.02492	0.68808	0.05722	0.01846	0.02307	0.02123	0.01661	0.02123	0.01477	0.02215	0.01107	0.00831	0.00831	0.00277	0.01107	0.00738	0.00369	0.00923
92	0.01435	0.01255	0.01811	0.01668	0.01758	0.01631	0.01345	0.01687	0.01310	0.01956	0.01778	0.02694	0.01688	0.04350	0.42001	0.00953	0.28631	0.00826	0.00413	0.00808
93	0.02422	0.55946	0.03897	0.01585	0.02232	0.17924	0.01463	0.02677	0.01840	0.01972	0.01184	0.01370	0.01067	0.00744	0.00582	0.00186	0.01027	0.00465	0.00372	0.01043
94	0.02056	0.01974	0.03372	0.05099	0.65622	0.01974	0.02550	0.02550	0.01892	0.02714	0.01563	0.02056	0.01316	0.00740	0.00822	0.00247	0.00987	0.00740	0.00411	0.01316
95	0.00985	0.00828	0.00856	0.00879	0.01132	0.00698	0.00648	0.01188	0.01858	0.02230	0.07962	0.15351	0.58222	0.02163	0.00991	0.00287	0.00428	0.01825	0.00771	0.00698
96	0.01012	0.00723	0.00964	0.01157	0.01205	0.00675	0.00771	0.01157	0.01591	0.02121	0.04579	0.70262	0.05495	0.02603	0.01060	0.00337	0.00482	0.02362	0.00771	0.00675
97	0.02306	0.01903	0.02013	0.01739	0.02251	0.02178	0.01373	0.17220	0.50927	0.03861	0.03077	0.02857	0.02290	0.01099	0.00842	0.00275	0.00714	0.00897	0.00842	0.01336
98	0.03109	0.03786	0.02369	0.02116	0.02569	0.60583	0.01602	0.09635	0.02519	0.02373	0.01359	0.01551	0.01106	0.00871	0.00758	0.00218	0.01436	0.00558	0.00471	0.01011
99	0.01126	0.00840	0.01046	0.01009	0.01214	0.00760	0.00751	0.01466	0.02213	0.03036	0.49917	0.10213	0.19675	0.01834	0.00985	0.00270	0.00403	0.01603	0.00877	0.00760
100	0.01176	0.00849	0.01110	0.01045	0.01241	0.00784	0.00784	0.01568	0.02352	0.03331	0.65184	0.06206	0.07839	0.01698	0.00980	0.00261	0.00392	0.01502	0.00914	0.00784
101	0.03158	0.02327	0.02493	0.01911	0.02576	0.02576	0.01579	0.62852	0.03906	0.05236	0.01995	0.01995	0.01413	0.00997	0.00831	0.00249	0.00914	0.00748	0.00831	0.01413
102	0.01291	0.00857	0.01174	0.01174	0.01336	0.00963	0.00907	0.01613	0.01452	0.02264	0.02364	0.03216	0.02092	0.04721	0.48316	0.01008	0.01698	0.00857	0.21947	0.00751
103	0.01208	0.00805	0.00906	0.00906	0.00906	0.00805	0.00503	0.01208	0.01208	0.01611	0.02618	0.05436	0.03020	0.70804	0.04228	0.00805	0.00805	0.01208	0.00503	0.00503
104	0.02412	0.01888	0.02022	0.01729	0.02254	0.02135	0.01370	0.17814	0.46764	0.07464	0.03057	0.02830	0.02251	0.01092	0.00841	0.00273	0.00719	0.00889	0.00852	0.01343
105	0.12996	0.02091	0.02237	0.01736	0.02377	0.02273	0.01434	0.45774	0.03340	0.14434	0.02081	0.02037	0.01444	0.00972	0.00790	0.00252	0.00846	0.00722	0.00819	0.01345
106	0.02532	0.01750	0.01880	0.01517	0.02002	0.01914	0.01230	0.39933	0.03069	0.04364	0.02235	0.02419	0.01679	0.01291	0.04612	0.00294	0.00823	0.00765	0.24521	0.01171
107	0.01208	0.00805	0.00906	0.00906	0.00906	0.00805	0.00503	0.01208	0.01208	0.01611	0.02618	0.05436	0.03020	0.70804	0.04228	0.00805	0.00805	0.01208	0.00503	0.00503
108	0.01303	0.01045	0.01247	0.01159	0.01505	0.00901	0.00888	0.01662	0.04177	0.02532	0.10599	0.20735	0.17641	0.01739	0.00909	0.00259	0.00537	0.08160	0.00708	0.22296
109	0.01233	0.00889	0.01143	0.01124	0.01176	0.00979	0.00761	0.01347	0.01256	0.01743	0.02399	0.04482	0.02587	0.44442	0.26399	0.00968	0.04918	0.01071	0.00475	0.00609
110	0.02211	0.02433	0.02706	0.06878	0.21604	0.22207	0.04689	0.02538	0.01873	0.02272	0.01635	0.07595	0.01531	0.01081	0.01213	0.00271	0.14966	0.00822	0.00435	0.01039
111	0.01443	0.00722	0.01082	0.01082	0.01082	0.00722	0.00722	0.01082	0.01082	0.01443	0.01443	0.02525	0.01443	0.02886	0.03247	0.75830	0.00722	0.00722	0.00361	0.00361
112	0.02221	0.02103	0.03164	0.07863	0.51459	0.05755	0.02368	0.09720	0.02145	0.02944	0.01594	0.02025	0.01303	0.00782	0.00820	0.00247	0.01014	0.00729	0.00460	0.01287
113	0.01871	0.08147	0.15085	0.02429	0.17117	0.12819	0.01779	0.02270	0.01814	0.02269	0.02658	0.03277	0.10980	0.12447	0.01361	0.00335	0.01000	0.00883	0.00466	0.00993
114	0.01188	0.00848	0.01111	0.01111	0.01195	0.00914	0.00768	0.01341	0.01299	0.01792	0.02676	0.04495	0.05231	0.36617	0.34709	0.01039	0.01476	0.01078	0.00487	0.00627
115	0.01208	0.00805	0.00906	0.00906	0.00906	0.00805	0.00503	0.01208	0.01208	0.01611	0.02618	0.05436	0.03020	0.70804	0.04228	0.00805	0.00805	0.01208	0.00503	0.00503

[dist]
# distance from previous block
# <min> <max>
0	1

[block]
# block no. 1 follows, 22 sequences, length 106
# corresponding to MSA columns:
# 117-222
name=unknown_B
#
# <colnr> <probs for GDERKNQSTAVLIFYWHMCP>
#	G	D	E	R	K	N	Q	S	T	A	V	L	I	F	Y	W	H	M	C	P
0	0.02232	0.19412	0.19388	0.02541	0.08556	0.18053	0.13429	0.02761	0.01934	0.02341	0.01404	0.01711	0.01122	0.00766	0.00758	0.00233	0.01224	0.00635	0.00389	0.01114
1	0.02010	0.02103	0.04114	0.04324	0.35905	0.02035	0.31672	0.02604	0.01925	0.02688	0.01620	0.02146	0.01289	0.00721	0.00899	0.00263	0.01188	0.00857	0.00416	0.01221
2	0.01827	0.12670	0.40075	0.02695	0.13632	0.02082	0.06252	0.02568	0.01779	0.02560	0.01468	0.01775	0.01121	0.00755	0.00761	0.00242	0.01116	0.00627	0.00374	0.05621
3	0.01050	0.00750	0.01007	0.01200	0.01264	0.00707	0.00836	0.01221	0.01627	0.02163	0.04558	0.63279	0.05413	0.02567	0.01070	0.00343	0.00514	0.08975	0.00770	0.00685
4	0.01097	0.00798	0.01041	0.01140	0.01269	0.00742	0.00829	0.01349	0.01882	0.02538	0.23135	0.38718	0.11109	0.02253	0.01040	0.00315	0.00483	0.08730	0.00814	0.00720
5	0.01187	0.00890	0.01335	0.01335	0.01483	0.01038	0.01038	0.01483	0.01335	0.01928	0.02225	0.03264	0.02077	0.06231	0.67512	0.01335	0.02225	0.00890	0.00445	0.00742
6	0.01865	0.01203	0.01503	0.01212	0.01703	0.00990	0.00947	0.02212	0.02030	0.14737	0.21981	0.09341	0.03823	0.01205	0.00809	0.00210	0.00551	0.01036	0.00749	0.31892
7	0.01723	0.01477	0.01723	0.01230	0.01969	0.01107	0.00984	0.02092	0.01723	0.02707	0.01477	0.01723	0.01230	0.00615	0.00615	0.00123	0.00615	0.00492	0.00492	0.75883
8	0.02507	0.01699	0.01798	0.01451	0.01926	0.01847	0.01175	0.38211	0.03031	0.04371	0.02284	0.02441	0.01703	0.00985	0.00730	0.00227	0.00701	0.00759	0.31001	0.01155
9	0.01208	0.00805	0.00906	0.00906	0.00906	0.00805	0.00503	0.01208	0.01208	0.01611	0.02618	0.05436	0.03020	0.70804	0.04228	0.00805	0.00805	0.01208	0.00503	0.00503
10	0.02221	0.71304	0.04353	0.01421	0.02132	0.03287	0.01421	0.02488	0.01688	0.01955	0.01155	0.01333	0.01066	0.00711	0.00533	0.00178	0.00888	0.00444	0.00355	0.01066
11	0.34954	0.01496	0.01625	0.01313	0.01901	0.01496	0.01083	0.03361	0.01965	0.39455	0.02370	0.02195	0.01561	0.00918	0.00698	0.00257	0.00679	0.00670	0.00808	0.01194
12	0.01569	0.01477	0.02492	0.68808	0.05722	0.01846	0.02307	0.02123	0.01661	0.02123	0.01477	0.02215	0.01107	0.00831	0.00831	0.00277	0.01107	0.00738	0.00369	0.00923
13	0.00994	0.00842	0.00858	0.00854	0.01129	0.00706	0.00640	0.01215	0.01921	0.02310	0.11863	0.07886	0.61797	0.02079	0.00982	0.00279	0.00419	0.01738	0.00780	0.00706
14	0.01079	0.00845	0.00976	0.00943	0.01182	0.00743	0.00707	0.01380	0.02122	0.02787	0.36772	0.07101	0.36590	0.01901	0.00981	0.00271	0.00406	0.01628	0.00843	0.00743
15	0.01132	0.00855	0.01050	0.01058	0.01246	0.00793	0.00771	0.01506	0.04643	0.02809	0.35650	0.22560	0.18876	0.01986	0.00995	0.00285	0.00432	0.01747	0.00846	0.00762
16	0.01133	0.00833	0.01195	0.01255	0.01364	0.00912	0.00925	0.01366	0.01408	0.01970	0.02982	0.24310	0.03198	0.08768	0.43162	0.00993	0.01600	0.01368	0.00550	0.00707
17	0.01723	0.01477	0.01723	0.01230	0.01969	0.01107	0.00984	0.02092	0.01723	0.02707	0.01477	0.01723	0.01230	0.00615	0.00615	0.00123	0.00615	0.00492	0.00492	0.75883
18	0.02403	0.02262	0.02048	0.01804	0.02291	0.14377	0.01404	0.11830	0.44705	0.03435	0.02808	0.02656	0.02115	0.01059	0.00825	0.00265	0.00848	0.00839	0.00765	0.01262
19	0.01682	0.04201	0.63879	0.02481	0.06171	0.01931	0.03048	0.02628	0.01760	0.02634	0.01494	0.01766	0.01063	0.00787	0.00791	0.00262	0.01218	0.00619	0.00353	0.01231
20	0.02044	0.07455	0.03060	0.24343	0.34431	0.06812	0.02272	0.05240	0.01930	0.02536	0.01503	0.02005	0.01218	0.00786	0.00797	0.00248	0.01050	0.00702	0.00414	0.01152
21	0.01666	0.04297	0.66500	0.02368	0.03596	0.01929	0.03069	0.02631	0.01754	0.02631	0.01491	0.01754	0.01052	0.00789	0.00789	0.00263	0.01228	0.00614	0.00351	0.01228
22	0.01901	0.01074	0.01240	0.01089	0.01493	0.00941	0.00854	0.02267	0.05582	0.22286	0.06525	0.06103	0.41972	0.01712	0.00928	0.00273	0.00524	0.01420	0.00856	0.00959
23	0.02027	0.01944	0.03319	0.08967	0.61985	0.01966	0.02535	0.02524	0.01878	0.02678	0.01557	0.02066	0.01303	0.00746	0.00823	0.00249	0.00994	0.00740	0.00409	0.01292
24	0.02221	0.71304	0.04353	0.01421	0.02132	0.03287	0.01421	0.02488	0.01688	0.01955	0.01155	0.01333	0.01066	0.00711	0.00533	0.00178	0.00888	0.00444	0.00355	0.01066
25	0.01187	0.00890	0.01335	0.01335	0.01483	0.01038	0.01038	0.01483	0.01335	0.01928	0.02225	0.03264	0.02077	0.06231	0.67512	0.01335	0.02225	0.00890	0.00445	0.00742
26	0.01185	0.00796	0.00913	0.00935	0.00941	0.00790	0.00534	0.01202	0.01252	0.01670	0.02845	0.12943	0.03307	0.62907	0.03862	0.00751	0.00768	0.01342	0.00534	0.00523
27	0.02662	0.02061	0.02493	0.22803	0.03559	0.02348	0.01806	0.43887	0.03205	0.04263	0.01833	0.02063	0.01317	0.00945	0.00831	0.00258	0.00975	0.00745	0.00687	0.01260
28	0.01443	0.00722	0.01082	0.01082	0.01082	0.00722	0.00722	0.01082	0.01082	0.01443	0.01443	0.02525	0.01443	0.02886	0.03247	0.75830	0.00722	0.00722	0.00361	0.00361
29	0.01569	0.01477	0.02492	0.68808	0.05722	0.01846	0.02307	0.02123	0.01661	0.02123	0.01477	0.02215	0.01107	0.00831	0.00831	0.00277	0.01107	0.00738	0.00369	0.00923
30	0.01961	0.02241	0.04902	0.03501	0.04342	0.02101	0.62605	0.02661	0.01961	0.02661	0.01681	0.02241	0.01261	0.00700	0.00980	0.00280	0.01401	0.00980	0.00420	0.01120
31	0.01657	0.00960	0.01241	0.01107	0.01401	0.00861	0.00852	0.02014	0.02304	0.15619	0.46387	0.05746	0.13349	0.01613	0.00952	0.00263	0.00457	0.01400	0.00920	0.00899
32	0.02221	0.71304	0.04353	0.01421	0.02132	0.03287	0.01421	0.02488	0.01688	0.01955	0.01155	0.01333	0.01066	0.00711	0.00533	0.00178	0.00888	0.00444	0.00355	0.01066
33	0.01549	0.00774	0.00774	0.00774	0.00968	0.00774	0.00581	0.01936	0.01742	0.03097	0.02710	0.03097	0.02129	0.00968	0.00581	0.00194	0.00387	0.00774	0.75416	0.00774
34	0.01818	0.01818	0.02545	0.02181	0.02181	0.02545	0.01818	0.01999	0.01272	0.01999	0.01091	0.01818	0.01091	0.01454	0.02726	0.00364	0.69284	0.00727	0.00364	0.00909
35	0.00982	0.00842	0.00842	0.00842	0.01122	0.00701	0.00631	0.01192	0.01894	0.02244	0.08416	0.07995	0.65285	0.02104	0.00982	0.00281	0.00421	0.01753	0.00771	0.00701
36	0.03103	0.03959	0.02354	0.02140	0.02568	0.67469	0.01605	0.03317	0.02354	0.02033	0.01284	0.01498	0.01070	0.00856	0.00749	0.00214	0.01498	0.00535	0.00428	0.00963
37	0.02066	0.01785	0.01878	0.01691	0.02160	0.02066	0.01315	0.04414	0.64121	0.03475	0.03381	0.03099	0.02536	0.01127	0.00845	0.00282	0.00657	0.00939	0.00845	0.01315
38	0.01961	0.02241	0.04902	0.03501	0.04342	0.02101	0.62605	0.02661	0.01961	0.02661	0.01681	0.02241	0.01261	0.00700	0.00980	0.00280	0.01401	0.00980	0.00420	0.01120
39	0.01187	0.00890	0.01335	0.01335	0.01483	0.01038	0.01038	0.01483	0.01335	0.01928	0.02225	0.03264	0.02077	0.06231	0.67512	0.01335	0.02225	0.00890	0.00445	0.00742
40	0.03103	0.03959	0.02354	0.02140	0.02568	0.67469	0.01605	0.03317	0.02354	0.02033	0.01284	0.01498	0.01070	0.00856	0.00749	0.00214	0.01498	0.00535	0.00428	0.00963
41	0.01666	0.04297	0.66500	0.02368	0.03596	0.01929	0.03069	0.02631	0.01754	0.02631	0.01491	0.01754	0.01052	0.00789	0.00789	0.00263	0.01228	0.00614	0.00351	0.01228
42	0.01549	0.00774	0.00774	0.00774	0.00968	0.00774	0.00581	0.01936	0.01742	0.03097	0.02710	0.03097	0.02129	0.00968	0.00581	0.00194	0.00387	0.00774	0.75416	0.00774
43	0.01208	0.00805	0.00906	0.00906	0.00906	0.00805	0.00503	0.01208	0.01208	0.01611	0.02618	0.05436	0.03020	0.70804	0.04228	0.00805	0.00805	0.01208	0.00503	0.00503
44	0.01443	0.00722	0.01082	0.01082	0.01082	0.00722	0.00722	0.01082	0.01082	0.01443	0.01443	0.02525	0.01443	0.02886	0.03247	0.75830	0.00722	0.00722	0.00361	0.00361
45	0.03103	0.03959	0.02354	0.02140	0.02568	0.67469	0.01605	0.03317	0.02354	0.02033	0.01284	0.01498	0.01070	0.00856	0.00749	0.00214	0.01498	0.00535	0.00428	0.00963
46	0.01012	0.00723	0.00964	0.01157	0.01205	0.00675	0.00771	0.01157	0.01591	0.02121	0.04579	0.70262	0.05495	0.02603	0.01060	0.00337	0.00482	0.02362	0.00771	0.00675
47	0.01047	0.00844	0.00933	0.00910	0.01162	0.00729	0.00683	0.01319	0.02049	0.02612	0.27626	0.07389	0.45845	0.01967	0.00981	0.00274	0.00411	0.01668	0.00820	0.00729
48	0.01590	0.01610	0.01747	0.14134	0.02499	0.14439	0.04733	0.01861	0.01797	0.02142	0.03402	0.36016	0.07171	0.01780	0.00945	0.00294	0.00852	0.01574	0.00607	0.00806
49	0.01905	0.01876	0.03334	0.21491	0.38323	0.01981	0.11333	0.02432	0.01817	0.02523	0.01539	0.02116	0.01244	0.00786	0.00923	0.00264	0.03771	0.00775	0.00400	0.01168
50	0.17137	0.11209	0.02159	0.01444	0.02026	0.01982	0.01220	0.20900	0.02482	0.19816	0.02129	0.02120	0.01514	0.00919	0.00701	0.00237	0.00744	0.00674	0.09392	0.01193
51	0.26026	0.07230	0.02119	0.01770	0.02242	0.43164	0.01374	0.02995	0.02021	0.02558	0.01237	0.01442	0.01017	0.00821	0.00663	0.00225	0.01195	0.00503	0.00451	0.00949
52	0.01187	0.00890	0.01335	0.01335	0.01483	0.01038	0.01038	0.01483	0.01335	0.01928	0.02225	0.03264	0.02077	0.06231	0.67512	0.01335	0.02225	0.00890	0.00445	0.00742
53	0.02469	0.01985	0.02105	0.01772	0.02314	0.02255	0.01412	0.25986	0.41894	0.04125	0.02869	0.02692	0.02121	0.01079	0.00840	0.00270	0.00752	0.00869	0.00840	0.01351
54	0.02183	0.02403	0.02583	0.06463	0.09677	0.20259	0.01871	0.02431	0.01662	0.02097	0.01220	0.01780	0.01111	0.01172	0.01855	0.00304	0.38895	0.00676	0.00387	0.00971
55	0.01894	0.20008	0.32096	0.02491	0.03471	0.02314	0.21260	0.02605	0.01802	0.02475	0.01468	0.01803	0.01121	0.00742	0.00786	0.00248	0.01199	0.00687	0.00374	0.01155
56	0.01760	0.03644	0.46944	0.02728	0.03832	0.01984	0.21971	0.02640	0.01820	0.02640	0.01551	0.01909	0.01118	0.00761	0.00850	0.00268	0.01283	0.00730	0.00373	0.01194
57	0.03727	0.01414	0.01928	0.01478	0.02121	0.01221	0.01221	0.04049	0.02378	0.66198	0.03277	0.02828	0.02056	0.01028	0.00835	0.00257	0.00707	0.00835	0.01028	0.01414
58	0.01360	0.01145	0.01667	0.01567	0.01675	0.01452	0.01252	0.01625	0.01318	0.01948	0.01914	0.02867	0.01806	0.04919	0.49730	0.01068	0.20631	0.00845	0.00423	0.00788
59	0.02331	0.06570	0.03172	0.04133	0.45905	0.18638	0.02244	0.02740	0.01997	0.02497	0.01468	0.01872	0.01239	0.00768	0.00787	0.00234	0.01111	0.00671	0.00412	0.01212
60	0.01734	0.01208	0.01333	0.01203	0.01426	0.01271	0.00834	0.09130	0.13744	0.06241	0.03083	0.04589	0.06465	0.41015	0.02786	0.00576	0.00760	0.01114	0.00654	0.00831
61	0.01012	0.00723	0.00964	0.01157	0.01205	0.00675	0.00771	0.01157	0.01591	0.02121	0.04579	0.70262	0.05495	0.02603	0.01060	0.00337	0.00482	0.02362	0.00771	0.00675
62	0.01088	0.00814	0.01094	0.05169	0.01536	0.00787	0.00928	0.01298	0.01674	0.02187	0.04793	0.50672	0.11723	0.02399	0.01051	0.00334	0.00553	0.10448	0.00747	0.00705
63	0.02143	0.01767	0.01881	0.01681	0.02158	0.02027	0.01311	0.04398	0.61282	0.06360	0.03376	0.03087	0.02514	0.01123	0.00845	0.00281	0.00660	0.00934	0.00854	0.01319
64	0.02066	0.01785	0.01878	0.01691	0.02160	0.02066	0.01315	0.04414	0.64121	0.03475	0.03381	0.03099	0.02536	0.01127	0.00845	0.00282	0.00657	0.00939	0.00845	0.01315
65	0.01961	0.02241	0.04902	0.03501	0.04342	0.02101	0.62605	0.02661	0.01961	0.02661	0.01681	0.02241	0.01261	0.00700	0.00980	0.00280	0.01401	0.00980	0.00420	0.01120
66	0.02161	0.01832	0.02433	0.02936	0.25584	0.01982	0.01765	0.03704	0.37478	0.06925	0.02704	0.02698	0.02057	0.00978	0.00836	0.00267	0.00782	0.00860	0.00696	0.01321
67	0.02003	0.01920	0.03276	0.12047	0.59089	0.01960	0.02523	0.02503	0.01866	0.02650	0.01553	0.02073	0.01293	0.00750	0.00823	0.00250	0.01000	0.00740	0.00407	0.01273
68	0.02055	0.48825	0.17530	0.01713	0.02453	0.02909	0.01822	0.02462	0.01654	0.02105	0.01220	0.01480	0.01066	0.00814	0.00842	0.00218	0.08881	0.00513	0.00355	0.01083
69	0.02056	0.01974	0.03372	0.05099	0.65622	0.01974	0.02550	0.02550	0.01892	0.02714	0.01563	0.02056	0.01316	0.00740	0.00822	0.00247	0.00987	0.00740	0.00411	0.01316
70	0.03103	0.03959	0.02354	0.02140	0.02568	0.67469	0.01605	0.03317	0.02354	0.02033	0.01284	0.01498	0.01070	0.00856	0.00749	0.00214	0.01498	0.00535	0.00428	0.00963
71	0.01666	0.04297	0.66500	0.02368	0.03596	0.01929	0.03069	0.02631	0.01754	0.02631	0.01491	0.01754	0.01052	0.00789	0.00789	0.00263	0.01228	0.00614	0.00351	0.01228
72	0.01012	0.00723	0.00964	0.01157	0.01205	0.00675	0.00771	0.01157	0.01591	0.02121	0.04579	0.70262	0.05495	0.02603	0.01060	0.00337	0.00482	0.02362	0.00771	0.00675
73	0.01012	0.00723	0.00964	0.01157	0.01205	0.00675	0.00771	0.01157	0.01591	0.02121	0.04579	0.70262	0.05495	0.02603	0.01060	0.00337	0.00482	0.02362	0.00771	0.00675
74	0.01207	0.00810	0.00930	0.00930	0.00939	0.00819	0.00534	0.01224	0.01215	0.01629	0.02595	0.05314	0.02967	0.67168	0.07792	0.00835	0.00885	0.01190	0.00500	0.00517
75	0.02835	0.02167	0.02312	0.01846	0.02453	0.02426	0.01501	0.45584	0.21699	0.04715	0.02404	0.02321	0.01745	0.01036	0.00835	0.00259	0.00838	0.00804	0.00835	0.01384
76	0.01637	0.01568	0.02716	0.59051	0.11189	0.01873	0.05889	0.02194	0.01700	0.02209	0.01497	0.02202	0.01136	0.00815	0.00839	0.00274	0.01114	0.00753	0.00376	0.00971
77	0.01207	0.00809	0.00926	0.00926	0.00932	0.00816	0.00528	0.01221	0.01214	0.01625	0.02600	0.05337	0.02977	0.67863	0.07111	0.00830	0.00870	0.01194	0.00501	0.00514
78	0.30088	0.05968	0.02047	0.01725	0.02153	0.33638	0.01358	0.02821	0.01865	0.02651	0.01211	0.01468	0.01009	0.00879	0.00855	0.00244	0.08110	0.00519	0.00450	0.00939
79	0.00982	0.00842	0.00842	0.00842	0.01122	0.00701	0.00631	0.01192	0.01894	0.02244	0.08416	0.07995	0.65285	0.02104	0.00982	0.00281	0.00421	0.01753	0.00771	0.00701
80	0.03103	0.03959	0.02354	0.02140	0.02568	0.67469	0.01605	0.03317	0.02354	0.02033	0.01284	0.01498	0.01070	0.00856	0.00749	0.00214	0.01498	0.00535	0.00428	0.00963
81	0.01187	0.00890	0.01335	0.01335	0.01483	0.01038	0.01038	0.01483	0.01335	0.01928	0.02225	0.03264	0.02077	0.06231	0.67512	0.01335	0.02225	0.00890	0.00445	0.00742
82	0.03103	0.03959	0.02354	0.02140	0.02568	0.67469	0.01605	0.03317	0.02354	0.02033	0.01284	0.01498	0.01070	0.00856	0.00749	0.00214	0.01498	0.00535	0.00428	0.00963
83	0.02562	0.22963	0.15987	0.01984	0.02655	0.36069	0.01852	0.02944	0.02045	0.02133	0.01290	0.01504	0.01065	0.00802	0.00697	0.00214	0.01272	0.00526	0.00392	0.01046
84	0.01038	0.00790	0.00955	0.01029	0.01185	0.00707	0.00728	0.01258	0.01856	0.02425	0.19029	0.35798	0.25715	0.02242	0.01017	0.00302	0.00442	0.01974	0.00802	0.00707
85	0.01723	0.01477	0.01723	0.01230	0.01969	0.01107	0.00984	0.02092	0.01723	0.02707	0.01477	0.01723	0.01230	0.00615	0.00615	0.00123	0.00615	0.00492	0.00492	0.75883
86	0.01724	0.06950	0.56687	0.02458	0.03619	0.02008	0.09892	0.02628	0.01775	0.02605	0.01498	0.01792	0.01077	0.00776	0.00800	0.00261	0.01233	0.00649	0.00359	0.01208
87	0.01015	0.00852	0.00888	0.00906	0.01178	0.00725	0.00697	0.01242	0.01895	0.02267	0.08041	0.08123	0.59639	0.02122	0.00997	0.00290	0.00453	0.07192	0.00771	0.00707
88	0.01208	0.00805	0.00906	0.00906	0.00906	0.00805	0.00503	0.01208	0.01208	0.01611	0.02618	0.05436	0.03020	0.70804	0.04228	0.00805	0.00805	0.01208	0.00503	0.00503
89	0.01625	0.01534	0.02594	0.61431	0.12658	0.01861	0.02335	0.02172	0.01688	0.02191	0.01487	0.02196	0.01132	0.00820	0.00830	0.00273	0.01093	0.00739	0.00374	0.00968
90	0.01569	0.01477	0.02492	0.68808	0.05722	0.01846	0.02307	0.02123	0.01661	0.02123	0.01477	0.02215	0.01107	0.00831	0.00831	0.00277	0.01107	0.00738	0.00369	0.00923
91	0.76672	0.01607	0.01221	0.01092	0.01607	0.01864	0.00900	0.02442	0.01414	0.03727	0.01157	0.01350	0.00900	0.00771	0.00514	0.00257	0.00643	0.00450	0.00514	0.00900
92	0.02469	0.01985	0.02105	0.01772	0.02314	0.02255	0.01412	0.25986	0.41894	0.04125	0.02869	0.02692	0.02121	0.01079	0.00840	0.00270	0.00752	0.00869	0.00840	0.01351
93	0.00982	0.00842	0.00842	0.00842	0.01122	0.00701	0.00631	0.01192	0.01894	0.02244	0.08416	0.07995	0.65285	0.02104	0.00982	0.00281	0.00421	0.01753	0.00771	0.00701
94	0.00991	0.00805	0.00880	0.00940	0.01148	0.00693	0.00675	0.01181	0.01799	0.02206	0.07217	0.27441	0.46613	0.02260	0.01006	0.00298	0.00440	0.01943	0.00771	0.00693
95	0.01093	0.00877	0.00997	0.01057	0.01309	0.00781	0.00852	0.01357	0.01899	0.02320	0.07161	0.08425	0.46390	0.02164	0.01034	0.00312	0.00528	0.19953	0.00769	0.00721
96	0.01569	0.01477	0.02492	0.68808	0.05722	0.01846	0.02307	0.02123	0.01661	0.02123	0.01477	0.02215	0.01107	0.00831	0.00831	0.00277	0.01107	0.00738	0.00369	0.00923
97	0.06776	0.07319	0.02326	0.01921	0.02405	0.46976	0.01486	0.03391	0.05328	0.12049	0.01680	0.01765	0.01286	0.00883	0.00743	0.00224	0.01256	0.00592	0.00541	0.01053
98	0.01997	0.02719	0.23036	0.04065	0.42668	0.01994	0.02657	0.06003	0.01963	0.02831	0.01565	0.01958	0.01239	0.00770	0.00813	0.00252	0.01058	0.00701	0.00416	0.01294
99	0.02476	0.02701	0.03076	0.02464	0.02990	0.25885	0.20614	0.03167	0.11444	0.06091	0.01816	0.02085	0.01410	0.00927	0.01070	0.00265	0.09145	0.00775	0.00515	0.01085
100	0.09849	0.01240	0.01445	0.01305	0.01552	0.01365	0.00983	0.11126	0.01803	0.06232	0.02612	0.07348	0.05364	0.21411	0.18058	0.00679	0.05180	0.01020	0.00591	0.00840
101	0.05291	0.01815	0.02986	0.03209	0.25080	0.05396	0.18404	0.02323	0.01796	0.02580	0.01822	0.05583	0.01577	0.01088	0.01098	0.08497	0.00995	0.00863	0.08569	0.01029
102	0.02046	0.01983	0.03374	0.04513	0.51065	0.01999	0.09358	0.02782	0.09216	0.02797	0.01790	0.02200	0.01453	0.00781	0.00843	0.00255	0.00996	0.00791	0.00463	0.01293
103	0.09663	0.02333	0.02692	0.13475	0.31214	0.17864	0.02049	0.02766	0.05459	0.02603	0.01545	0.01934	0.01252	0.00807	0.00776	0.00246	0.01076	0.00672	0.00444	0.01129
104	0.18495	0.08601	0.01910	0.05318	0.02114	0.21490	0.01230	0.02595	0.07067	0.02646	0.04931	0.10134	0.04689	0.01141	0.00738	0.00247	0.00901	0.00868	0.03962	0.00925
105	0.06879	0.02433	0.14141	0.01872	0.02461	0.07783	0.01722	0.08928	0.17026	0.11222	0.02124	0.02201	0.01580	0.01023	0.01088	0.00271	0.11594	0.00729	0.00628	0.04297

[dist]
# distance from previous block
# <min> <max>
17	215

[block]
# block no. 2 follows, 22 sequences, length 42
# corresponding to MSA columns:
# 438-479
name=unknown_C
#
# <colnr> <probs for GDERKNQSTAVLIFYWHMCP>
#	G	D	E	R	K	N	Q	S	T	A	V	L	I	F	Y	W	H	M	C	P
0	0.02061	0.06717	0.01796	0.01366	0.01831	0.13154	0.01070	0.08123	0.02076	0.06024	0.02887	0.08220	0.10008	0.03676	0.00876	0.00233	0.00772	0.00907	0.09272	0.18931
1	0.02198	0.31939	0.19844	0.01951	0.05896	0.11091	0.01889	0.02732	0.04005	0.05382	0.04736	0.01884	0.01521	0.00832	0.00692	0.00220	0.01021	0.00606	0.00444	0.01119
2	0.02090	0.12791	0.18716	0.04663	0.05242	0.09867	0.06602	0.02702	0.05200	0.07019	0.05054	0.02234	0.01680	0.03235	0.00879	0.00249	0.01015	0.00704	0.00495	0.09565
3	0.02117	0.05176	0.01810	0.01574	0.01916	0.28892	0.01173	0.05448	0.02051	0.02264	0.02941	0.18493	0.09005	0.06348	0.01078	0.00285	0.00974	0.01140	0.00572	0.06742
4	0.02002	0.16139	0.02381	0.08385	0.02367	0.02037	0.01343	0.15310	0.09611	0.02986	0.03063	0.06679	0.12343	0.01193	0.00868	0.00244	0.03634	0.00938	0.00622	0.07854
5	0.02188	0.08662	0.02148	0.01864	0.08154	0.07988	0.01354	0.18892	0.02454	0.06437	0.03433	0.13794	0.12173	0.01441	0.00874	0.00267	0.00810	0.05318	0.00692	0.01057
6	0.02344	0.17233	0.06588	0.02307	0.15357	0.07991	0.01659	0.02821	0.05217	0.14886	0.02396	0.02778	0.04729	0.01360	0.05519	0.00319	0.01004	0.03771	0.00579	0.01144
7	0.02347	0.05360	0.02253	0.02233	0.16187	0.03672	0.01460	0.08466	0.06617	0.16457	0.06771	0.03025	0.08184	0.01030	0.00804	0.00232	0.00758	0.00863	0.00690	0.12592
8	0.01914	0.01283	0.01497	0.01328	0.01652	0.01329	0.00991	0.08832	0.14390	0.10198	0.02852	0.09985	0.02601	0.18748	0.09383	0.00515	0.00875	0.01065	0.04277	0.06285
9	0.02011	0.02407	0.11668	0.02038	0.06290	0.11762	0.03875	0.02896	0.16207	0.02681	0.02150	0.02318	0.04118	0.00950	0.00961	0.00237	0.07584	0.00728	0.00535	0.18583
10	0.02113	0.02490	0.09021	0.02750	0.17043	0.15171	0.11023	0.02586	0.01930	0.02556	0.01489	0.01834	0.01204	0.00723	0.00762	0.00207	0.01060	0.00643	0.00436	0.24959
11	0.01695	0.11157	0.13991	0.10963	0.03114	0.01906	0.15229	0.02199	0.01703	0.02376	0.02028	0.12649	0.01892	0.01130	0.01027	0.00274	0.08011	0.00986	0.06684	0.00986
12	0.01869	0.02100	0.09496	0.07953	0.29637	0.01877	0.17127	0.02554	0.06256	0.02625	0.01913	0.05809	0.01645	0.04221	0.01036	0.00292	0.01062	0.00907	0.00458	0.01162
13	0.02157	0.02204	0.02491	0.22189	0.17802	0.16854	0.01914	0.07278	0.04522	0.02586	0.01933	0.02298	0.04618	0.00891	0.00802	0.00242	0.01062	0.00735	0.00478	0.06946
14	0.02375	0.24085	0.23743	0.02000	0.02772	0.27147	0.02025	0.02848	0.01962	0.02204	0.01313	0.01532	0.01063	0.00791	0.00698	0.00219	0.01229	0.00534	0.00381	0.01079
15	0.02042	0.01738	0.02043	0.10989	0.12665	0.07072	0.01540	0.08826	0.15295	0.05582	0.03125	0.03491	0.09644	0.01152	0.00838	0.00262	0.00818	0.04045	0.07739	0.01093
16	0.01464	0.01350	0.09064	0.01363	0.01670	0.01042	0.01160	0.04661	0.04439	0.05949	0.10156	0.30163	0.08691	0.02037	0.01201	0.07665	0.00642	0.05738	0.00715	0.00832
17	0.02368	0.16385	0.08060	0.02157	0.11920	0.05540	0.01649	0.08916	0.10477	0.10330	0.01934	0.02026	0.01477	0.00836	0.00730	0.00219	0.00871	0.00658	0.00581	0.12866
