[name]
unknown

[dist]
# distance from previous block
# <min> <max>
0	11

[block]
# block no. 0 follows, 20 sequences, length 6
# corresponding to MSA columns:
# 11-16
name=unknown_A
#
# <colnr> <probs for GDERKNQSTAVLIFYWHMCP>
#	G	D	E	R	K	N	Q	S	T	A	V	L	I	F	Y	W	H	M	C	P
0	0.01267	0.00801	0.01066	0.01146	0.01235	0.00756	0.00803	0.01233	0.01539	0.01989	0.04244	0.25454	0.15419	0.02727	0.02043	0.30740	0.00618	0.05701	0.00633	0.00586
1	0.03258	0.04157	0.02472	0.02247	0.02697	0.65843	0.01685	0.03483	0.02472	0.02135	0.01348	0.01573	0.01124	0.00899	0.00787	0.00225	0.01573	0.00562	0.00449	0.01011
2	0.01129	0.00902	0.01020	0.01032	0.01294	0.00793	0.00802	0.01418	0.02099	0.02649	0.20537	0.08173	0.42974	0.02141	0.01055	0.00305	0.00485	0.09586	0.00843	0.00765
3	0.01299	0.00869	0.01074	0.01074	0.01143	0.00917	0.00708	0.01437	0.01368	0.01956	0.02633	0.04756	0.02772	0.43064	0.22758	0.00948	0.01254	0.01119	0.08217	0.00635
4	0.03258	0.04157	0.02472	0.02247	0.02697	0.65843	0.01685	0.03483	0.02472	0.02135	0.01348	0.01573	0.01124	0.00899	0.00787	0.00225	0.01573	0.00562	0.00449	0.01011
5	0.02687	0.30191	0.03573	0.02462	0.14104	0.11118	0.01787	0.18561	0.02535	0.03148	0.01550	0.01754	0.01268	0.00854	0.00732	0.00226	0.01043	0.00624	0.00530	0.01254

[dist]
# distance from previous block
# <min> <max>
0	1

[block]
# block no. 1 follows, 20 sequences, length 67
# corresponding to MSA columns:
# 18-84
name=unknown_B
#
# <colnr> <probs for GDERKNQSTAVLIFYWHMCP>
#	G	D	E	R	K	N	Q	S	T	A	V	L	I	F	Y	W	H	M	C	P
0	0.01974	0.01060	0.01263	0.01115	0.01457	0.00931	0.00833	0.02194	0.02017	0.21264	0.09063	0.06053	0.28651	0.16214	0.01714	0.00404	0.00618	0.01409	0.00841	0.00925
1	0.01449	0.00815	0.01066	0.01066	0.01135	0.00838	0.00727	0.01427	0.01358	0.02017	0.02189	0.03529	0.02116	0.16713	0.12365	0.31843	0.00934	0.00901	0.16945	0.00567
2	0.01566	0.01405	0.02015	0.01831	0.01911	0.01854	0.01485	0.01819	0.01370	0.02061	0.01761	0.02694	0.01681	0.04120	0.35454	0.00909	0.33923	0.00852	0.00426	0.00864
3	0.02965	0.02657	0.02476	0.02044	0.02586	0.16124	0.01638	0.32995	0.13921	0.04124	0.02105	0.02173	0.01586	0.01085	0.01046	0.00271	0.07382	0.00771	0.00738	0.01314
4	0.01935	0.01335	0.01469	0.01310	0.01676	0.04114	0.01011	0.07093	0.07651	0.12762	0.24000	0.09615	0.19153	0.01686	0.00975	0.00282	0.00599	0.01429	0.00896	0.01009
5	0.02103	0.02096	0.02701	0.28581	0.19900	0.10359	0.02170	0.03025	0.14874	0.02683	0.01976	0.02383	0.01536	0.00917	0.00862	0.00275	0.01082	0.00793	0.00514	0.01170
6	0.01882	0.09589	0.42206	0.07336	0.16662	0.02156	0.02899	0.02695	0.01860	0.02682	0.01549	0.01903	0.01169	0.00813	0.00815	0.00266	0.01195	0.00666	0.00384	0.01273
7	0.02792	0.02165	0.03063	0.06355	0.29519	0.09942	0.07633	0.03242	0.02197	0.21180	0.02150	0.02353	0.01567	0.00883	0.00874	0.00263	0.01063	0.00804	0.00627	0.01328
8	0.01555	0.01127	0.01329	0.01281	0.01561	0.01127	0.00955	0.02350	0.16207	0.07033	0.22807	0.20882	0.14559	0.01893	0.01007	0.00302	0.00526	0.01653	0.00891	0.00955
9	0.05886	0.02475	0.22707	0.01801	0.02442	0.01708	0.01799	0.16164	0.02263	0.03231	0.02684	0.20786	0.02675	0.07910	0.01245	0.00348	0.00918	0.01237	0.00636	0.01084
10	0.07638	0.02533	0.02228	0.01852	0.02384	0.17877	0.01468	0.32352	0.03203	0.04154	0.10395	0.05314	0.02465	0.01167	0.00861	0.00259	0.00998	0.00889	0.00756	0.01209
11	0.01705	0.01416	0.01662	0.01710	0.07181	0.04294	0.01191	0.11639	0.02124	0.02766	0.04160	0.04635	0.20373	0.07500	0.22922	0.00688	0.01294	0.01171	0.00638	0.00933
12	0.07176	0.01927	0.02072	0.01663	0.02284	0.02026	0.01341	0.24917	0.18186	0.07838	0.02846	0.02771	0.05902	0.01075	0.00826	0.00250	0.00769	0.00845	0.00800	0.14486
13	0.01900	0.01462	0.01693	0.01406	0.01758	0.01492	0.01052	0.14991	0.02126	0.02982	0.05968	0.06336	0.02593	0.25118	0.02270	0.00451	0.06718	0.01010	0.00628	0.18047
14	0.02247	0.03472	0.40570	0.02383	0.06549	0.01971	0.02579	0.06604	0.09435	0.12544	0.02130	0.02219	0.01494	0.00920	0.00848	0.00276	0.01099	0.00737	0.00574	0.01347
15	0.01365	0.01079	0.01668	0.17509	0.02619	0.01283	0.01391	0.01748	0.01509	0.02141	0.02171	0.03147	0.01934	0.04853	0.46416	0.01065	0.01944	0.00889	0.04442	0.00827
16	0.02509	0.01593	0.01703	0.01439	0.01831	0.05840	0.01081	0.13008	0.06000	0.19314	0.05793	0.04111	0.06449	0.23097	0.02031	0.00454	0.00835	0.01063	0.00789	0.01062
17	0.07224	0.02532	0.02623	0.08314	0.10178	0.21845	0.05014	0.02787	0.05405	0.02456	0.01564	0.02046	0.01324	0.01419	0.05775	0.00363	0.16902	0.00724	0.00458	0.01049
18	0.03150	0.03211	0.02432	0.02059	0.02584	0.34801	0.01597	0.27658	0.03081	0.03527	0.01757	0.02070	0.01412	0.05532	0.01067	0.00282	0.01265	0.00704	0.00634	0.01179
19	0.14216	0.06008	0.01652	0.01287	0.01758	0.01620	0.01038	0.09847	0.11126	0.07247	0.05062	0.04845	0.28005	0.01504	0.00866	0.00278	0.00636	0.01197	0.00773	0.01036
20	0.05426	0.15324	0.02825	0.01863	0.02514	0.13462	0.01551	0.31048	0.06701	0.03941	0.01825	0.01904	0.01395	0.00940	0.00774	0.00235	0.01013	0.00672	0.00673	0.05912
21	0.01647	0.01550	0.02616	0.67248	0.06008	0.01938	0.02422	0.02229	0.01744	0.02229	0.01550	0.02326	0.01163	0.00872	0.00872	0.00291	0.01163	0.00775	0.00388	0.00969
22	0.01618	0.01502	0.02621	0.16732	0.17956	0.01542	0.10949	0.02056	0.01867	0.02536	0.06083	0.24658	0.03163	0.01498	0.00984	0.00304	0.00920	0.01427	0.00579	0.01006
23	0.02676	0.03192	0.02585	0.18313	0.06822	0.40729	0.01941	0.03001	0.02160	0.02194	0.01394	0.01821	0.01149	0.00945	0.01009	0.00258	0.07724	0.00645	0.00427	0.01016
24	0.01143	0.00793	0.00989	0.01112	0.01143	0.00762	0.00701	0.01235	0.01514	0.02019	0.04009	0.44307	0.04761	0.28577	0.02404	0.00545	0.00638	0.02010	0.00701	0.00639
25	0.01060	0.00770	0.01001	0.01185	0.01257	0.00711	0.00797	0.01218	0.01698	0.02238	0.05165	0.63420	0.10894	0.02686	0.01106	0.00349	0.00500	0.02423	0.00810	0.00711
26	0.06473	0.01360	0.01982	0.08811	0.02423	0.01525	0.06552	0.09216	0.01832	0.02652	0.02122	0.03057	0.01888	0.08297	0.36792	0.00931	0.01757	0.00898	0.00516	0.00918
27	0.05313	0.12461	0.23596	0.02640	0.13833	0.07797	0.02278	0.08361	0.05811	0.02977	0.01859	0.02408	0.01528	0.00955	0.00813	0.00264	0.01095	0.04272	0.00502	0.01237
28	0.01709	0.01611	0.02300	0.21658	0.06966	0.04590	0.01869	0.02076	0.01631	0.02223	0.01971	0.05791	0.01879	0.02249	0.12661	0.00516	0.20969	0.05940	0.00459	0.00933
29	0.01161	0.00801	0.00983	0.01089	0.01115	0.00774	0.00675	0.01240	0.01478	0.01971	0.03822	0.38602	0.04526	0.34602	0.02705	0.00589	0.00669	0.01900	0.00675	0.00622
30	0.01743	0.01273	0.01529	0.01566	0.05569	0.01319	0.01018	0.15318	0.02100	0.02820	0.03147	0.23728	0.03446	0.28716	0.02364	0.00522	0.00782	0.01490	0.00688	0.00862
31	0.02466	0.10435	0.02185	0.01621	0.02034	0.16820	0.01305	0.07634	0.05951	0.08663	0.02167	0.02437	0.01717	0.01579	0.07595	0.00359	0.05535	0.00735	0.17705	0.01058
32	0.09237	0.03038	0.02169	0.01964	0.02438	0.35077	0.01500	0.03856	0.25979	0.02889	0.02204	0.02222	0.01714	0.01003	0.00804	0.00257	0.01145	0.00721	0.00630	0.01151
33	0.02248	0.01872	0.02494	0.16224	0.14134	0.01924	0.01797	0.19556	0.02496	0.03468	0.01869	0.04984	0.01532	0.00927	0.00820	0.00236	0.00912	0.00783	0.00592	0.21134
34	0.01187	0.00811	0.00975	0.01055	0.01075	0.00791	0.00640	0.01247	0.01427	0.01903	0.03562	0.30637	0.04198	0.43015	0.03125	0.00651	0.00711	0.01747	0.00640	0.00600
35	0.02332	0.69869	0.04571	0.01493	0.02239	0.03451	0.01493	0.02612	0.01772	0.02052	0.01213	0.01399	0.01119	0.00746	0.00560	0.00187	0.00933	0.00466	0.00373	0.01119
36	0.01056	0.00885	0.00919	0.00910	0.01194	0.00747	0.00683	0.01301	0.02048	0.02497	0.15582	0.08163	0.56716	0.02157	0.01031	0.00292	0.00438	0.01808	0.00829	0.00747
37	0.01186	0.00931	0.01099	0.01174	0.01428	0.00844	0.00958	0.01485	0.02018	0.02507	0.09701	0.08869	0.38308	0.02267	0.01098	0.00335	0.00581	0.23630	0.00814	0.00766
38	0.01626	0.00813	0.00813	0.00813	0.01016	0.00813	0.00610	0.02033	0.01829	0.03252	0.02846	0.03252	0.02236	0.01016	0.00610	0.00203	0.00407	0.00813	0.74187	0.00813
39	0.01063	0.00759	0.01012	0.01215	0.01265	0.00709	0.00810	0.01215	0.01670	0.02227	0.04808	0.68775	0.05769	0.02733	0.01113	0.00354	0.00506	0.02480	0.00810	0.00709
40	0.02059	0.02353	0.05147	0.03676	0.04559	0.02206	0.60735	0.02794	0.02059	0.02794	0.01765	0.02353	0.01324	0.00735	0.01029	0.00294	0.01471	0.01029	0.00441	0.01176
41	0.01750	0.04512	0.64825	0.02486	0.03775	0.02026	0.03223	0.02762	0.01842	0.02762	0.01565	0.01842	0.01105	0.00829	0.00829	0.00276	0.01289	0.00645	0.00368	0.01289
42	0.01235	0.00892	0.01166	0.01097	0.01303	0.00823	0.00823	0.01646	0.02469	0.03498	0.63443	0.06516	0.08230	0.01783	0.01029	0.00274	0.00412	0.01578	0.00960	0.00823
43	0.02683	0.45683	0.03858	0.01693	0.02406	0.07033	0.01554	0.20138	0.02512	0.03088	0.01485	0.01618	0.01229	0.00846	0.00667	0.00211	0.00980	0.00568	0.00527	0.01222
44	0.02174	0.01703	0.01969	0.01607	0.02099	0.01737	0.01267	0.22953	0.02536	0.03549	0.02464	0.16710	0.02394	0.03788	0.01162	0.00274	0.06686	0.01091	0.00696	0.23138
45	0.06371	0.00955	0.01073	0.01022	0.01163	0.00935	0.00667	0.01611	0.01628	0.06304	0.13379	0.05616	0.09157	0.43059	0.03074	0.00625	0.00719	0.01292	0.00662	0.00686
46	0.01473	0.01081	0.01456	0.01621	0.01848	0.01107	0.01403	0.02058	0.07358	0.02703	0.04524	0.09255	0.04811	0.02301	0.01177	0.00392	0.00793	0.52973	0.00811	0.00854
47	0.01093	0.00897	0.00970	0.00984	0.01259	0.00774	0.00760	0.01354	0.02041	0.02505	0.14175	0.08351	0.51360	0.02186	0.01049	0.00304	0.00478	0.07881	0.00825	0.00753
48	0.02877	0.03006	0.02410	0.08235	0.02914	0.31267	0.01667	0.17526	0.11724	0.03231	0.01891	0.02036	0.01455	0.00961	0.00823	0.00245	0.01201	0.00698	0.00616	0.05215
49	0.08975	0.14843	0.12927	0.02481	0.10558	0.08051	0.05563	0.16352	0.02380	0.03292	0.01570	0.01836	0.01235	0.00903	0.00911	0.00258	0.05439	0.00671	0.00523	0.01232
50	0.01056	0.00786	0.00985	0.01144	0.01247	0.00714	0.00778	0.01223	0.01738	0.02254	0.05670	0.55847	0.18141	0.02621	0.01096	0.00341	0.00492	0.02343	0.00810	0.00714
51	0.02486	0.02833	0.03675	0.03844	0.26288	0.22799	0.19731	0.02974	0.02165	0.02601	0.01583	0.02027	0.01281	0.00804	0.00888	0.00258	0.01340	0.00783	0.00440	0.01200
52	0.02090	0.01868	0.02996	0.10207	0.41369	0.01962	0.02276	0.02742	0.07095	0.05481	0.07223	0.02666	0.02084	0.00967	0.01003	0.00274	0.05020	0.00868	0.00537	0.01272
53	0.02094	0.07199	0.16248	0.03958	0.32684	0.04401	0.11153	0.02697	0.01927	0.02697	0.01573	0.02036	0.01275	0.00833	0.00988	0.00270	0.05521	0.00758	0.00414	0.01275
54	0.01741	0.01080	0.01151	0.01056	0.01252	0.01121	0.00739	0.10883	0.01951	0.02956	0.02689	0.04087	0.02505	0.29250	0.02233	0.00478	0.00674	0.00997	0.32358	0.00800
55	0.02148	0.01494	0.02213	0.11466	0.02774	0.01542	0.08861	0.05970	0.11326	0.14344	0.08264	0.11928	0.03001	0.06082	0.01293	0.03436	0.00848	0.01188	0.00742	0.01080
56	0.02375	0.17916	0.05433	0.05910	0.06446	0.25918	0.01712	0.02699	0.01954	0.02170	0.01531	0.01991	0.01339	0.01941	0.13027	0.00453	0.05088	0.00650	0.00424	0.01021
57	0.01742	0.01683	0.01998	0.01993	0.06005	0.09340	0.01450	0.01970	0.01570	0.02114	0.02133	0.11124	0.02205	0.08834	0.19638	0.00671	0.23122	0.01049	0.00484	0.00873
58	0.18144	0.33655	0.03353	0.02092	0.11052	0.09896	0.01578	0.06607	0.01976	0.02805	0.01349	0.01578	0.01144	0.00802	0.00645	0.00224	0.00966	0.00544	0.00459	0.01132
59	0.01240	0.00848	0.01031	0.01107	0.01147	0.00837	0.00720	0.01333	0.01468	0.01948	0.03495	0.20958	0.04040	0.44259	0.03202	0.00668	0.00761	0.09695	0.00633	0.00610
60	0.02338	0.01696	0.01753	0.01543	0.02025	0.05639	0.01206	0.03668	0.31264	0.16274	0.04658	0.04322	0.17078	0.01390	0.00913	0.00286	0.00697	0.01141	0.00883	0.01225
61	0.01117	0.00791	0.00987	0.01121	0.01173	0.00748	0.00723	0.01232	0.01580	0.02088	0.04495	0.47629	0.08688	0.21024	0.02023	0.00486	0.00595	0.02106	0.00732	0.00661
62	0.01738	0.16065	0.02494	0.01657	0.01896	0.02121	0.01398	0.02033	0.01869	0.02632	0.25330	0.03587	0.03889	0.01459	0.01658	0.00298	0.27317	0.01016	0.00604	0.00939
63	0.07008	0.01518	0.01720	0.01460	0.01911	0.01568	0.01123	0.08809	0.18317	0.21554	0.03398	0.03795	0.06233	0.15775	0.01631	0.00401	0.00748	0.01017	0.00841	0.01172
64	0.02037	0.01686	0.01931	0.01400	0.02164	0.01397	0.01128	0.11109	0.02156	0.03245	0.01633	0.01852	0.01321	0.00707	0.00680	0.00149	0.00694	0.00558	0.00571	0.63583
65	0.02259	0.02148	0.09342	0.02103	0.06810	0.01807	0.06841	0.16255	0.06165	0.06249	0.07783	0.02537	0.02105	0.00936	0.00829	0.00230	0.00875	0.00802	0.00660	0.23264
66	0.02175	0.02644	0.07491	0.02814	0.03392	0.15761	0.28250	0.02665	0.01967	0.02473	0.01841	0.08378	0.01657	0.01108	0.01301	0.00300	0.13263	0.00995	0.00463	0.01064

[dist]
# distance from previous block
# <min> <max>
1	3

[block]
# block no. 2 follows, 20 sequences, length 37
# corresponding to MSA columns:
# 88-124
name=unknown_C
#
# <colnr> <probs for GDERKNQSTAVLIFYWHMCP>
#	G	D	E	R	K	N	Q	S	T	A	V	L	I	F	Y	W	H	M	C	P
0	0.01643	0.01266	0.01793	0.02143	0.15574	0.01147	0.01290	0.01962	0.01926	0.06704	0.09578	0.26355	0.08923	0.01678	0.00944	0.00275	0.00651	0.01502	0.00706	0.13943
1	0.02633	0.02367	0.07763	0.02327	0.07949	0.02335	0.05639	0.32185	0.15558	0.04300	0.02689	0.02707	0.05328	0.01082	0.00891	0.00274	0.00941	0.00893	0.00764	0.01373
2	0.02473	0.01636	0.01942	0.01455	0.02176	0.01405	0.01175	0.07756	0.07321	0.18034	0.02223	0.02236	0.01634	0.00830	0.00741	0.00188	0.00699	0.00666	0.00714	0.44697
3	0.02729	0.02916	0.02722	0.11729	0.16915	0.28755	0.01985	0.12162	0.06449	0.02932	0.01703	0.01999	0.01344	0.00910	0.00836	0.00252	0.01243	0.00702	0.00532	0.01187
4	0.07188	0.02295	0.02620	0.07631	0.08135	0.02545	0.01767	0.47848	0.03577	0.04912	0.01961	0.02080	0.01418	0.00996	0.00853	0.00264	0.00967	0.00766	0.00776	0.01402
5	0.03258	0.04157	0.02472	0.02247	0.02697	0.65843	0.01685	0.03483	0.02472	0.02135	0.01348	0.01573	0.01124	0.00899	0.00787	0.00225	0.01573	0.00562	0.00449	0.01011
6	0.03258	0.04157	0.02472	0.02247	0.02697	0.65843	0.01685	0.03483	0.02472	0.02135	0.01348	0.01573	0.01124	0.00899	0.00787	0.00225	0.01573	0.00562	0.00449	0.01011
7	0.01765	0.01098	0.00954	0.00935	0.01159	0.06354	0.00701	0.02156	0.01884	0.03157	0.02718	0.03109	0.02141	0.01006	0.00625	0.00205	0.00506	0.00792	0.67904	0.00830
8	0.01626	0.00813	0.00813	0.00813	0.01016	0.00813	0.00610	0.02033	0.01829	0.03252	0.02846	0.03252	0.02236	0.01016	0.00610	0.00203	0.00407	0.00813	0.74187	0.00813
9	0.01119	0.00887	0.01005	0.00976	0.01232	0.00774	0.00732	0.01422	0.02195	0.02848	0.32371	0.07585	0.39708	0.02026	0.01030	0.00286	0.00429	0.01727	0.00875	0.00774
10	0.01722	0.00988	0.01226	0.01204	0.01495	0.00872	0.00912	0.01961	0.01999	0.16333	0.05935	0.27339	0.25705	0.02145	0.01038	0.00318	0.00561	0.06476	0.00870	0.00901
11	0.01254	0.00904	0.01245	0.01245	0.01346	0.01005	0.00894	0.01457	0.01355	0.01909	0.02480	0.04223	0.02526	0.28453	0.44449	0.01208	0.01816	0.01051	0.00489	0.00691
12	0.02265	0.16440	0.03571	0.09339	0.39956	0.08866	0.02307	0.02709	0.01971	0.02558	0.01514	0.01954	0.01282	0.00791	0.00793	0.00243	0.01080	0.00690	0.00418	0.01255
13	0.02167	0.07687	0.03717	0.04939	0.55420	0.02194	0.05897	0.02678	0.01973	0.02781	0.01612	0.02107	0.01357	0.00772	0.00848	0.00255	0.01053	0.00766	0.00427	0.01348
14	0.02478	0.11770	0.02701	0.02606	0.18556	0.15078	0.01676	0.12290	0.02368	0.03119	0.01867	0.02169	0.01501	0.00896	0.00750	0.00230	0.00977	0.00699	0.17112	0.01158
15	0.01264	0.00862	0.01034	0.01034	0.01063	0.00891	0.00632	0.01322	0.01293	0.01753	0.02673	0.05288	0.02989	0.57778	0.15757	0.00948	0.01120	0.01207	0.00517	0.00575
16	0.02224	0.02195	0.03478	0.05171	0.60303	0.05823	0.02619	0.02724	0.02015	0.02808	0.01624	0.02124	0.01367	0.00784	0.00859	0.00257	0.01068	0.00765	0.00433	0.01360
17	0.01063	0.00759	0.01012	0.01215	0.01265	0.00709	0.00810	0.01215	0.01670	0.02227	0.04808	0.68775	0.05769	0.02733	0.01113	0.00354	0.00506	0.02480	0.00810	0.00709
18	0.01107	0.00827	0.01029	0.01105	0.01257	0.00749	0.00781	0.01352	0.01981	0.02636	0.23261	0.36545	0.19520	0.02331	0.01069	0.00317	0.00463	0.02066	0.00855	0.00749
19	0.24689	0.07780	0.05766	0.01745	0.02441	0.02040	0.06633	0.13388	0.02342	0.22005	0.02103	0.02105	0.01460	0.00921	0.00760	0.00264	0.00870	0.00707	0.00728	0.01255
20	0.01964	0.03232	0.32657	0.03992	0.35336	0.02050	0.02936	0.02718	0.01917	0.02808	0.01605	0.02008	0.01250	0.00802	0.00847	0.00267	0.01156	0.00714	0.00402	0.01338
21	0.02054	0.01955	0.03326	0.12139	0.54140	0.02007	0.02566	0.02568	0.01929	0.02737	0.01667	0.02243	0.01398	0.01086	0.04229	0.00322	0.01118	0.00785	0.00429	0.01304
22	0.02056	0.07807	0.03067	0.06587	0.02944	0.13377	0.14930	0.02423	0.01824	0.02281	0.02128	0.02640	0.06602	0.01694	0.07954	0.00408	0.18959	0.00873	0.00452	0.00993
23	0.01268	0.00846	0.00951	0.00951	0.00951	0.00846	0.00529	0.01268	0.01268	0.01691	0.02748	0.05708	0.03171	0.69345	0.04440	0.00846	0.00846	0.01268	0.00529	0.00529
24	0.02655	0.46943	0.03839	0.01756	0.02399	0.25219	0.01560	0.02916	0.02016	0.02081	0.01260	0.01460	0.01121	0.00800	0.00639	0.00200	0.01156	0.00500	0.00400	0.01082
25	0.01408	0.01212	0.01273	0.01383	0.01529	0.06674	0.00965	0.01883	0.10034	0.02413	0.04330	0.53869	0.04933	0.02359	0.01054	0.00335	0.00626	0.02106	0.00788	0.00827
26	0.02690	0.03765	0.22726	0.05973	0.03237	0.28295	0.02220	0.15221	0.02567	0.03048	0.01586	0.01812	0.01195	0.00906	0.00823	0.00253	0.01329	0.00648	0.00508	0.01198
27	0.02193	0.03405	0.30010	0.02495	0.09088	0.11521	0.02362	0.08098	0.13155	0.03055	0.02261	0.02395	0.04152	0.00977	0.00849	0.00270	0.01133	0.00771	0.00543	0.01266
28	0.03573	0.02030	0.02362	0.01811	0.02499	0.02092	0.01496	0.36540	0.03410	0.30929	0.02675	0.02471	0.01775	0.01061	0.00875	0.00265	0.00866	0.00825	0.00962	0.01484
29	0.01235	0.00892	0.01166	0.01097	0.01303	0.00823	0.00823	0.01646	0.02469	0.03498	0.63443	0.06516	0.08230	0.01783	0.01029	0.00274	0.00412	0.01578	0.00960	0.00823
30	0.02456	0.02067	0.02923	0.02213	0.02871	0.02124	0.17678	0.31535	0.03064	0.04047	0.03522	0.03584	0.15419	0.01223	0.00951	0.00278	0.00984	0.01090	0.00740	0.01231
31	0.02135	0.01975	0.02944	0.07421	0.39298	0.02099	0.02211	0.03336	0.23026	0.03095	0.02302	0.02550	0.01817	0.00924	0.00872	0.00274	0.00922	0.00850	0.00588	0.01359
32	0.02065	0.02198	0.02344	0.02083	0.02219	0.16549	0.01676	0.02291	0.01606	0.02091	0.01456	0.02170	0.01370	0.02500	0.16408	0.00573	0.38300	0.00756	0.00416	0.00928
33	0.01150	0.00796	0.00986	0.01102	0.01132	0.00767	0.00690	0.01238	0.01499	0.01999	0.03931	0.41917	0.04663	0.31101	0.02530	0.00564	0.00651	0.01964	0.00690	0.00632
34	0.01909	0.01234	0.01492	0.01405	0.01766	0.01226	0.01123	0.02724	0.15827	0.13815	0.14223	0.09278	0.15060	0.01779	0.01012	0.00313	0.00625	0.13252	0.00897	0.01040
35	0.18438	0.02746	0.02604	0.06349	0.24553	0.26000	0.01916	0.02933	0.02048	0.02781	0.01434	0.01786	0.01179	0.00835	0.00765	0.00250	0.01166	0.00630	0.00460	0.01127
36	0.01293	0.00920	0.01330	0.01330	0.01491	0.01056	0.01031	0.01616	0.01454	0.02176	0.02399	0.03405	0.02187	0.05863	0.57869	0.01255	0.02099	0.00920	0.09523	0.00783

[dist]
# distance from previous block
# <min> <max>
0	1

[block]
# block no. 3 follows, 20 sequences, length 31
# corresponding to MSA columns:
# 126-156
name=unknown_D
#
# <colnr> <probs for GDERKNQSTAVLIFYWHMCP>
#	G	D	E	R	K	N	Q	S	T	A	V	L	I	F	Y	W	H	M	C	P
0	0.03511	0.02130	0.02424	0.01858	0.02549	0.02240	0.01535	0.42437	0.03576	0.24796	0.02535	0.02380	0.01704	0.01058	0.00874	0.00264	0.00889	0.00815	0.00940	0.01484
1	0.02715	0.02147	0.02519	0.02031	0.02477	0.02543	0.01676	0.38434	0.03051	0.04192	0.01844	0.02166	0.01452	0.01704	0.07580	0.00404	0.20314	0.00793	0.00693	0.01265
2	0.01858	0.07011	0.44611	0.02705	0.03802	0.02172	0.16449	0.02726	0.01861	0.02699	0.01572	0.01943	0.01159	0.00842	0.00975	0.00282	0.04980	0.00732	0.00386	0.01236
3	0.24085	0.02526	0.02208	0.01802	0.02411	0.13550	0.01457	0.34101	0.03063	0.04452	0.01710	0.01808	0.01265	0.00953	0.00762	0.00258	0.00985	0.00656	0.00703	0.01246
4	0.21482	0.02276	0.13634	0.11037	0.07064	0.01924	0.18013	0.02497	0.01785	0.02963	0.01835	0.08266	0.01586	0.00980	0.00841	0.00288	0.01069	0.00902	0.00482	0.01075
5	0.02077	0.01294	0.01388	0.01212	0.01553	0.01384	0.00957	0.18959	0.02443	0.03783	0.02581	0.02935	0.02014	0.01547	0.06845	0.00333	0.00748	0.00817	0.46128	0.01003
6	0.01932	0.23079	0.41617	0.02182	0.03193	0.02497	0.02601	0.02657	0.01774	0.02495	0.01424	0.01721	0.01113	0.00871	0.00943	0.00260	0.07457	0.00604	0.00371	0.01209
7	0.01031	0.00884	0.00884	0.00884	0.01178	0.00736	0.00663	0.01252	0.01988	0.02356	0.08837	0.08395	0.63549	0.02209	0.01031	0.00295	0.00442	0.01841	0.00810	0.00736
8	0.01941	0.03178	0.27956	0.03222	0.04259	0.02137	0.38754	0.02782	0.01976	0.02782	0.01689	0.02158	0.01240	0.00771	0.00953	0.00287	0.01401	0.00882	0.00413	0.01220
9	0.02332	0.69869	0.04571	0.01493	0.02239	0.03451	0.01493	0.02612	0.01772	0.02052	0.01213	0.01399	0.01119	0.00746	0.00560	0.00187	0.00933	0.00466	0.00373	0.01119
10	0.03914	0.01484	0.02024	0.01552	0.02227	0.01282	0.01282	0.04251	0.02497	0.64507	0.03441	0.02969	0.02159	0.01080	0.00877	0.00270	0.00742	0.00877	0.01080	0.01484
11	0.01268	0.00846	0.00951	0.00951	0.00951	0.00846	0.00529	0.01268	0.01268	0.01691	0.02748	0.05708	0.03171	0.69345	0.04440	0.00846	0.00846	0.01268	0.00529	0.00529
12	0.01232	0.00884	0.01000	0.01034	0.01276	0.00764	0.00751	0.01439	0.01920	0.06431	0.07187	0.27400	0.40953	0.02302	0.01047	0.00312	0.00482	0.01982	0.00828	0.00777
13	0.01724	0.01621	0.02635	0.30765	0.27202	0.01757	0.02180	0.02211	0.01884	0.02491	0.02993	0.03435	0.13305	0.01094	0.00900	0.00279	0.00975	0.00982	0.00486	0.01082
14	0.01750	0.04512	0.64825	0.02486	0.03775	0.02026	0.03223	0.02762	0.01842	0.02762	0.01565	0.01842	0.01105	0.00829	0.00829	0.00276	0.01289	0.00645	0.00368	0.01289
15	0.01063	0.00759	0.01012	0.01215	0.01265	0.00709	0.00810	0.01215	0.01670	0.02227	0.04808	0.68775	0.05769	0.02733	0.01113	0.00354	0.00506	0.02480	0.00810	0.00709
16	0.02189	0.01922	0.02882	0.30594	0.23626	0.02154	0.02293	0.14940	0.05148	0.03186	0.01788	0.02267	0.01371	0.00893	0.00870	0.00275	0.01057	0.00788	0.00528	0.01229
17	0.02106	0.01755	0.02646	0.08748	0.32727	0.04558	0.02079	0.02566	0.02070	0.08569	0.06144	0.04235	0.02664	0.01252	0.00950	0.00295	0.00953	0.13901	0.00606	0.01176
18	0.01647	0.01550	0.02616	0.67248	0.06008	0.01938	0.02422	0.02229	0.01744	0.02229	0.01550	0.02326	0.01163	0.00872	0.00872	0.00291	0.01163	0.00775	0.00388	0.00969
19	0.02576	0.02995	0.03475	0.03196	0.13689	0.28154	0.21017	0.03233	0.08026	0.02617	0.01746	0.02088	0.01381	0.00852	0.00888	0.00260	0.01363	0.00791	0.00486	0.01164
20	0.03316	0.02443	0.02618	0.02007	0.02705	0.02705	0.01658	0.60995	0.04101	0.05497	0.02094	0.02094	0.01483	0.01047	0.00873	0.00262	0.00960	0.00785	0.00873	0.01483
21	0.01736	0.01220	0.01450	0.01426	0.01743	0.01230	0.01132	0.06200	0.12686	0.08204	0.05109	0.18659	0.16895	0.02009	0.01044	0.00330	0.00653	0.16450	0.00849	0.00976
22	0.03914	0.01484	0.02024	0.01552	0.02227	0.01282	0.01282	0.04251	0.02497	0.64507	0.03441	0.02969	0.02159	0.01080	0.00877	0.00270	0.00742	0.00877	0.01080	0.01484
23	0.02450	0.02461	0.02101	0.01897	0.02378	0.18551	0.01459	0.04339	0.46928	0.03259	0.02984	0.02822	0.02267	0.01110	0.00862	0.00278	0.00917	0.00877	0.00775	0.01286
24	0.01406	0.01004	0.01406	0.01606	0.01807	0.01004	0.01406	0.01807	0.02008	0.02610	0.04618	0.09839	0.05020	0.02410	0.01205	0.00402	0.00803	0.58032	0.00803	0.00803
25	0.01084	0.00850	0.00982	0.01025	0.01230	0.00747	0.00740	0.01326	0.02000	0.02565	0.19456	0.25369	0.34985	0.02268	0.01054	0.00307	0.00454	0.01968	0.00842	0.00747
26	0.01048	0.00817	0.00952	0.01061	0.01225	0.00721	0.00741	0.01232	0.01818	0.02287	0.06680	0.40717	0.32619	0.02489	0.01075	0.00327	0.00476	0.02183	0.00810	0.00721
27	0.01063	0.00759	0.01012	0.01215	0.01265	0.00709	0.00810	0.01215	0.01670	0.02227	0.04808	0.68775	0.05769	0.02733	0.01113	0.00354	0.00506	0.02480	0.00810	0.00709
28	0.01775	0.04337	0.60002	0.02582	0.03839	0.02040	0.07871	0.02765	0.01859	0.02765	0.01581	0.01883	0.01123	0.00821	0.00845	0.00278	0.01304	0.00676	0.00374	0.01280
29	0.01110	0.00823	0.01142	0.06551	0.01648	0.00808	0.00940	0.01297	0.01676	0.02227	0.04544	0.63405	0.05397	0.02582	0.01094	0.00349	0.00559	0.02342	0.00776	0.00730
30	0.02870	0.01979	0.02229	0.01706	0.02403	0.01982	0.01392	0.29646	0.08678	0.14029	0.02291	0.02262	0.01648	0.00950	0.00810	0.00228	0.00809	0.00742	0.00805	0.22542

[dist]
# distance from previous block
# <min> <max>
0	2

[block]
# block no. 4 follows, 20 sequences, length 39
# corresponding to MSA columns:
# 161-199
name=unknown_E
#
# <colnr> <probs for GDERKNQSTAVLIFYWHMCP>
#	G	D	E	R	K	N	Q	S	T	A	V	L	I	F	Y	W	H	M	C	P
0	0.02462	0.07133	0.03656	0.03845	0.29306	0.20422	0.15127	0.02929	0.02127	0.02581	0.01557	0.01985	0.01278	0.00801	0.00858	0.00252	0.01279	0.00751	0.00435	0.01213
1	0.01889	0.01507	0.01615	0.01465	0.01894	0.01624	0.01135	0.03460	0.37840	0.06839	0.08931	0.04906	0.20244	0.01507	0.00937	0.00293	0.00605	0.01260	0.00882	0.01168
2	0.01206	0.00828	0.01010	0.01069	0.01098	0.00828	0.00662	0.01279	0.01398	0.01878	0.03314	0.23976	0.03842	0.44131	0.09043	0.00752	0.00881	0.01593	0.00605	0.00604
3	0.01056	0.00785	0.00986	0.01146	0.01247	0.00714	0.00779	0.01222	0.01736	0.02253	0.05638	0.56336	0.17672	0.02625	0.01096	0.00342	0.00493	0.02348	0.00810	0.00714
4	0.47822	0.01747	0.01591	0.01374	0.01931	0.01965	0.01116	0.06795	0.13937	0.11195	0.02002	0.02012	0.01467	0.00931	0.00670	0.00275	0.00704	0.00643	0.00694	0.01130
5	0.01104	0.00887	0.00985	0.00960	0.01223	0.00768	0.00720	0.01394	0.02161	0.02767	0.28459	0.07720	0.43670	0.02056	0.01030	0.00287	0.00431	0.01746	0.00864	0.00768
6	0.01626	0.00813	0.00813	0.00813	0.01016	0.00813	0.00610	0.02033	0.01829	0.03252	0.02846	0.03252	0.02236	0.01016	0.00610	0.00203	0.00407	0.00813	0.74187	0.00813
7	0.03258	0.04157	0.02472	0.02247	0.02697	0.65843	0.01685	0.03483	0.02472	0.02135	0.01348	0.01573	0.01124	0.00899	0.00787	0.00225	0.01573	0.00562	0.00449	0.01011
8	0.01626	0.00813	0.00813	0.00813	0.01016	0.00813	0.00610	0.02033	0.01829	0.03252	0.02846	0.03252	0.02236	0.01016	0.00610	0.00203	0.00407	0.00813	0.74187	0.00813
9	0.01908	0.01908	0.02672	0.02290	0.02290	0.02672	0.01908	0.02099	0.01336	0.02099	0.01145	0.01908	0.01145	0.01527	0.02863	0.00382	0.67748	0.00763	0.00382	0.00954
10	0.01042	0.00876	0.00905	0.00914	0.01189	0.00739	0.00679	0.01268	0.01991	0.02401	0.11103	0.12022	0.57449	0.02222	0.01036	0.00297	0.00444	0.01868	0.00817	0.00739
11	0.01844	0.01814	0.02548	0.02204	0.02219	0.02518	0.01829	0.02047	0.01342	0.02092	0.01261	0.02056	0.01246	0.02014	0.08990	0.00481	0.61388	0.00780	0.00390	0.00937
12	0.01515	0.00758	0.01136	0.01136	0.01136	0.00758	0.00758	0.01136	0.01136	0.01515	0.01515	0.02652	0.01515	0.03030	0.03409	0.74621	0.00758	0.00758	0.00379	0.00379
13	0.03177	0.09903	0.02655	0.02181	0.02657	0.60388	0.01669	0.03407	0.02411	0.02128	0.01336	0.01558	0.01123	0.00886	0.00767	0.00221	0.01517	0.00553	0.00443	0.01021
14	0.01809	0.01550	0.01809	0.01292	0.02067	0.01163	0.01034	0.02196	0.01809	0.02842	0.01550	0.01809	0.01292	0.00646	0.00646	0.00129	0.00646	0.00517	0.00517	0.74677
15	0.02741	0.01569	0.01885	0.01594	0.02065	0.01578	0.01251	0.22768	0.02769	0.23057	0.03441	0.24986	0.03151	0.01629	0.00956	0.00296	0.00737	0.01389	0.00917	0.01221
16	0.01246	0.00935	0.01402	0.01402	0.01558	0.01090	0.01090	0.01558	0.01402	0.02025	0.02336	0.03427	0.02181	0.06542	0.65888	0.01402	0.02336	0.00935	0.00467	0.00779
17	0.02651	0.01524	0.01895	0.01396	0.02131	0.01211	0.01133	0.03019	0.02084	0.27530	0.02307	0.02273	0.01639	0.00820	0.00739	0.00186	0.00685	0.00661	0.00742	0.45375
18	0.02332	0.69869	0.04571	0.01493	0.02239	0.03451	0.01493	0.02612	0.01772	0.02052	0.01213	0.01399	0.01119	0.00746	0.00560	0.00187	0.00933	0.00466	0.00373	0.01119
19	0.01107	0.00887	0.00990	0.00964	0.01225	0.00769	0.00723	0.01400	0.02169	0.02784	0.29312	0.07690	0.42807	0.02049	0.01030	0.00287	0.00430	0.01742	0.00866	0.00769
20	0.02159	0.02073	0.03541	0.05354	0.63903	0.02073	0.02677	0.02677	0.01986	0.02850	0.01641	0.02159	0.01382	0.00777	0.00864	0.00259	0.01036	0.00777	0.00432	0.01382
21	0.01527	0.00893	0.01193	0.01246	0.01418	0.00816	0.00884	0.01753	0.01935	0.11939	0.14828	0.47887	0.05648	0.02315	0.01063	0.00327	0.00526	0.02078	0.00877	0.00847
22	0.01262	0.00870	0.01075	0.01075	0.01118	0.00913	0.00683	0.01348	0.01305	0.01783	0.02635	0.05083	0.02900	0.52123	0.21290	0.00998	0.01254	0.01177	0.00512	0.00597
23	0.01908	0.01908	0.02672	0.02290	0.02290	0.02672	0.01908	0.02099	0.01336	0.02099	0.01145	0.01908	0.01145	0.01527	0.02863	0.00382	0.67748	0.00763	0.00382	0.00954
24	0.02579	0.01725	0.01953	0.01669	0.02192	0.01861	0.01321	0.09148	0.36640	0.18130	0.09904	0.03440	0.03046	0.01212	0.00899	0.00284	0.00696	0.01007	0.00939	0.01354
25	0.01251	0.00914	0.01299	0.01299	0.01419	0.01034	0.00962	0.01491	0.01371	0.01949	0.02431	0.03949	0.02407	0.20919	0.51821	0.01275	0.01995	0.01011	0.00481	0.00722
26	0.01093	0.00772	0.01003	0.01176	0.01219	0.00729	0.00769	0.01222	0.01611	0.02149	0.04507	0.59566	0.05390	0.12460	0.01599	0.00426	0.00556	0.02303	0.00769	0.00682
27	0.01031	0.00884	0.00884	0.00884	0.01178	0.00736	0.00663	0.01252	0.01988	0.02356	0.08837	0.08395	0.63549	0.02209	0.01031	0.00295	0.00442	0.01841	0.00810	0.00736
28	0.01137	0.00888	0.01030	0.00995	0.01243	0.00781	0.00746	0.01457	0.02238	0.02950	0.37220	0.07418	0.34796	0.01988	0.01030	0.00284	0.00426	0.01704	0.00888	0.00781
29	0.02010	0.02171	0.08695	0.18760	0.45871	0.02039	0.02669	0.02586	0.01920	0.02705	0.01614	0.02168	0.01309	0.00803	0.00862	0.00268	0.01086	0.00765	0.00416	0.01283
30	0.01878	0.18933	0.51530	0.02267	0.03436	0.02340	0.02841	0.02729	0.01826	0.02606	0.01488	0.01744	0.01108	0.00811	0.00769	0.00256	0.01211	0.00605	0.00369	0.01252
31	0.01203	0.00818	0.00971	0.01035	0.01051	0.00802	0.00617	0.01251	0.01396	0.01861	0.03400	0.25660	0.03993	0.48271	0.03387	0.00690	0.00738	0.01652	0.00617	0.00585
32	0.01456	0.01033	0.01341	0.01288	0.01448	0.01143	0.00947	0.06697	0.01624	0.02302	0.02466	0.03970	0.02414	0.24194	0.38320	0.01068	0.01665	0.01013	0.04840	0.00769
33	0.01952	0.03043	0.25334	0.03323	0.09110	0.02162	0.32512	0.02730	0.01934	0.02745	0.01648	0.02134	0.01242	0.00820	0.01060	0.00290	0.05472	0.00860	0.00412	0.01219
34	0.01268	0.00846	0.00951	0.00951	0.00951	0.00846	0.00529	0.01268	0.01268	0.01691	0.02748	0.05708	0.03171	0.69345	0.04440	0.00846	0.00846	0.01268	0.00529	0.00529
35	0.01137	0.00888	0.01030	0.00995	0.01243	0.00781	0.00746	0.01457	0.02238	0.02950	0.37220	0.07418	0.34796	0.01988	0.01030	0.00284	0.00426	0.01704	0.00888	0.00781
36	0.01814	0.02538	0.18714	0.24859	0.04455	0.02152	0.16001	0.02469	0.01768	0.02469	0.01531	0.02137	0.01182	0.00946	0.01252	0.00304	0.13119	0.00799	0.00394	0.01094
37	0.02966	0.03298	0.06548	0.02300	0.05988	0.32716	0.01789	0.18810	0.11125	0.03316	0.01881	0.01993	0.01445	0.00967	0.00830	0.00250	0.01241	0.00697	0.00616	0.01226
38	0.02999	0.02466	0.02248	0.02056	0.05705	0.20164	0.01527	0.07171	0.23143	0.19211	0.02711	0.02577	0.01958	0.01046	0.00854	0.00265	0.00989	0.00814	0.00787	0.01308

[dist]
# distance from previous block
# <min> <max>
0	1

[block]
# block no. 5 follows, 20 sequences, length 22
# corresponding to MSA columns:
# 201-222
name=unknown_F
#
# <colnr> <probs for GDERKNQSTAVLIFYWHMCP>
#	G	D	E	R	K	N	Q	S	T	A	V	L	I	F	Y	W	H	M	C	P
0	0.01167	0.00811	0.01008	0.01095	0.01146	0.00778	0.00700	0.01292	0.01615	0.02180	0.11629	0.35631	0.05059	0.29049	0.02423	0.00539	0.00629	0.01881	0.00718	0.00652
1	0.13511	0.02491	0.14661	0.07501	0.03282	0.05840	0.15654	0.02587	0.01860	0.02889	0.01538	0.01909	0.01188	0.00762	0.00782	0.00237	0.01068	0.00679	0.00459	0.21103
2	0.02222	0.41314	0.03426	0.07661	0.02419	0.07147	0.01446	0.05341	0.01840	0.02221	0.01422	0.01817	0.01256	0.01155	0.01071	0.11896	0.00949	0.00580	0.03832	0.00986
3	0.01211	0.00862	0.00975	0.00975	0.01058	0.00841	0.00609	0.01290	0.01450	0.01877	0.04146	0.06142	0.17305	0.48053	0.08998	0.00764	0.00881	0.01374	0.00589	0.00599
4	0.01940	0.01628	0.01879	0.01354	0.02123	0.01297	0.01088	0.07327	0.02009	0.03074	0.01598	0.01834	0.01309	0.00681	0.00666	0.00141	0.00673	0.00540	0.00548	0.68291
5	0.01280	0.00922	0.01098	0.01096	0.01116	0.00970	0.00688	0.01328	0.01364	0.01831	0.03185	0.14630	0.06053	0.51216	0.03680	0.00712	0.06237	0.01428	0.00570	0.00598
6	0.01148	0.00940	0.01033	0.00973	0.01283	0.00794	0.00735	0.01432	0.02099	0.02694	0.22489	0.07367	0.44037	0.01970	0.00999	0.00276	0.00451	0.01664	0.00825	0.06792
7	0.01809	0.01550	0.01809	0.01292	0.02067	0.01163	0.01034	0.02196	0.01809	0.02842	0.01550	0.01809	0.01292	0.00646	0.00646	0.00129	0.00646	0.00517	0.00517	0.74677
8	0.01132	0.00870	0.01301	0.01386	0.01495	0.00813	0.04995	0.01325	0.01697	0.02266	0.04595	0.64137	0.05459	0.02593	0.01107	0.00350	0.00573	0.02378	0.00784	0.00741
9	0.01061	0.00767	0.01004	0.01194	0.01260	0.00710	0.00800	0.01217	0.01690	0.02235	0.05062	0.64968	0.09412	0.02700	0.01108	0.00350	0.00502	0.02439	0.00810	0.00710
10	0.01063	0.00759	0.01012	0.01215	0.01265	0.00709	0.00810	0.01215	0.01670	0.02227	0.04808	0.68775	0.05769	0.02733	0.01113	0.00354	0.00506	0.02480	0.00810	0.00709
11	0.01163	0.00905	0.01071	0.01106	0.01347	0.00814	0.00867	0.01467	0.02098	0.02690	0.21442	0.11090	0.34532	0.02170	0.01071	0.00315	0.00514	0.13720	0.00846	0.00771
12	0.75506	0.01687	0.01282	0.01147	0.01687	0.01957	0.00945	0.02564	0.01484	0.03914	0.01215	0.01417	0.00945	0.00810	0.00540	0.00270	0.00675	0.00472	0.00540	0.00945
13	0.02332	0.69869	0.04571	0.01493	0.02239	0.03451	0.01493	0.02612	0.01772	0.02052	0.01213	0.01399	0.01119	0.00746	0.00560	0.00187	0.00933	0.00466	0.00373	0.01119
14	0.01268	0.00846	0.00951	0.00951	0.00951	0.00846	0.00529	0.01268	0.01268	0.01691	0.02748	0.05708	0.03171	0.69345	0.04440	0.00846	0.00846	0.01268	0.00529	0.00529
15	0.03258	0.04157	0.02472	0.02247	0.02697	0.65843	0.01685	0.03483	0.02472	0.02135	0.01348	0.01573	0.01124	0.00899	0.00787	0.00225	0.01573	0.00562	0.00449	0.01011
16	0.03316	0.02443	0.02618	0.02007	0.02705	0.02705	0.01658	0.60995	0.04101	0.05497	0.02094	0.02094	0.01483	0.01047	0.00873	0.00262	0.00960	0.00785	0.00873	0.01483
17	0.02293	0.01846	0.01976	0.01759	0.02265	0.02107	0.01374	0.04608	0.58088	0.07961	0.03543	0.03234	0.02627	0.01176	0.00887	0.00294	0.00694	0.00978	0.00901	0.01388
18	0.01809	0.01550	0.01809	0.01292	0.02067	0.01163	0.01034	0.02196	0.01809	0.02842	0.01550	0.01809	0.01292	0.00646	0.00646	0.00129	0.00646	0.00517	0.00517	0.74677
19	0.05372	0.01383	0.01808	0.12171	0.02331	0.01628	0.01311	0.04594	0.01581	0.02301	0.02145	0.09059	0.02246	0.24104	0.02545	0.00491	0.17326	0.01053	0.00510	0.06041
20	0.01164	0.00948	0.01349	0.01352	0.01557	0.00865	0.05784	0.01405	0.01825	0.02344	0.05743	0.40430	0.22591	0.02384	0.01089	0.00335	0.00591	0.06701	0.00779	0.00763
21	0.02206	0.18430	0.08593	0.02773	0.14266	0.11535	0.10837	0.02662	0.01954	0.02490	0.01774	0.02558	0.01571	0.00982	0.00959	0.00261	0.05787	0.05372	0.03866	0.01124

[dist]
# distance from previous block
# <min> <max>
4	24

[block]
# block no. 6 follows, 20 sequences, length 50
# corresponding to MSA columns:
# 247-296
name=unknown_G
#
# <colnr> <probs for GDERKNQSTAVLIFYWHMCP>
#	G	D	E	R	K	N	Q	S	T	A	V	L	I	F	Y	W	H	M	C	P
0	0.09021	0.17138	0.02248	0.01391	0.01882	0.05037	0.01161	0.02240	0.05059	0.02562	0.03290	0.08242	0.14759	0.01292	0.00944	0.00244	0.06505	0.00979	0.00575	0.15429
1	0.11126	0.05629	0.02051	0.06526	0.02382	0.05270	0.01325	0.19601	0.08153	0.03596	0.03365	0.03375	0.14553	0.01200	0.00823	0.00256	0.00806	0.00933	0.00699	0.08332
2	0.02096	0.02212	0.03477	0.02695	0.03254	0.07051	0.27548	0.03093	0.16863	0.02804	0.02433	0.02753	0.04887	0.01082	0.01314	0.00305	0.13444	0.00977	0.00561	0.01150
3	0.01597	0.01249	0.06334	0.07764	0.01984	0.01040	0.01157	0.01850	0.01710	0.10377	0.03588	0.34064	0.03887	0.17203	0.01786	0.00442	0.00740	0.01683	0.00706	0.00842
4	0.03316	0.02443	0.02618	0.02007	0.02705	0.02705	0.01658	0.60995	0.04101	0.05497	0.02094	0.02094	0.01483	0.01047	0.00873	0.00262	0.00960	0.00785	0.00873	0.01483
5	0.68498	0.01667	0.01355	0.01187	0.01740	0.01891	0.00978	0.02729	0.01584	0.09845	0.01433	0.01569	0.01064	0.00836	0.00573	0.00270	0.00681	0.00512	0.00593	0.00998
6	0.01235	0.00892	0.01166	0.01097	0.01303	0.00823	0.00823	0.01646	0.02469	0.03498	0.63443	0.06516	0.08230	0.01783	0.01029	0.00274	0.00412	0.01578	0.00960	0.00823
7	0.01246	0.00935	0.01402	0.01402	0.01558	0.01090	0.01090	0.01558	0.01402	0.02025	0.02336	0.03427	0.02181	0.06542	0.65888	0.01402	0.02336	0.00935	0.00467	0.00779
8	0.01778	0.07669	0.61914	0.02438	0.03701	0.02095	0.03139	0.02755	0.01838	0.02728	0.01548	0.01820	0.01106	0.00825	0.00816	0.00272	0.01272	0.00636	0.00369	0.01281
9	0.01063	0.00759	0.01012	0.01215	0.01265	0.00709	0.00810	0.01215	0.01670	0.02227	0.04808	0.68775	0.05769	0.02733	0.01113	0.00354	0.00506	0.02480	0.00810	0.00709
10	0.01043	0.00879	0.00904	0.00910	0.01189	0.00740	0.00678	0.01271	0.01999	0.02411	0.11537	0.10966	0.58077	0.02210	0.01034	0.00296	0.00443	0.01855	0.00818	0.00740
11	0.02233	0.01905	0.02008	0.01788	0.02292	0.02199	0.01396	0.07749	0.59110	0.03751	0.03470	0.03190	0.02598	0.01176	0.00887	0.00294	0.00705	0.00975	0.00887	0.01386
12	0.02111	0.01819	0.02016	0.01960	0.05639	0.02076	0.01454	0.04312	0.54400	0.03526	0.03526	0.03695	0.02771	0.01254	0.00910	0.00302	0.00718	0.05318	0.00856	0.01337
13	0.75506	0.01687	0.01282	0.01147	0.01687	0.01957	0.00945	0.02564	0.01484	0.03914	0.01215	0.01417	0.00945	0.00810	0.00540	0.00270	0.00675	0.00472	0.00540	0.00945
14	0.01849	0.01775	0.02753	0.40010	0.21880	0.05060	0.02359	0.02377	0.01875	0.02438	0.01866	0.02976	0.01601	0.00997	0.00898	0.00289	0.01112	0.06370	0.00444	0.01072
15	0.01054	0.00795	0.00975	0.01119	0.01240	0.00717	0.00767	0.01225	0.01761	0.02264	0.05965	0.51427	0.22370	0.02582	0.01090	0.00337	0.00488	0.02296	0.00810	0.00717
16	0.02971	0.02060	0.02286	0.01811	0.02417	0.02197	0.01466	0.43746	0.03474	0.10663	0.02590	0.11792	0.02158	0.01273	0.00896	0.00269	0.00857	0.01025	0.00865	0.05185
17	0.02162	0.02141	0.03260	0.04251	0.41553	0.07029	0.08039	0.02841	0.07443	0.02836	0.02097	0.02994	0.01832	0.00982	0.00910	0.00277	0.01067	0.06500	0.00512	0.01275
18	0.02615	0.02570	0.02619	0.02926	0.19562	0.18989	0.01878	0.14650	0.13034	0.03301	0.02242	0.02845	0.01871	0.01074	0.00879	0.00269	0.01083	0.05704	0.00635	0.01254
19	0.01908	0.01908	0.02672	0.02290	0.02290	0.02672	0.01908	0.02099	0.01336	0.02099	0.01145	0.01908	0.01145	0.01527	0.02863	0.00382	0.67748	0.00763	0.00382	0.00954
20	0.02361	0.02222	0.17583	0.01637	0.02475	0.01382	0.01628	0.02878	0.02035	0.21134	0.02672	0.02664	0.06244	0.00940	0.00790	0.00220	0.00820	0.00757	0.00669	0.28890
21	0.01881	0.02361	0.13488	0.02324	0.02549	0.02559	0.02137	0.02215	0.01424	0.02215	0.01218	0.01897	0.01138	0.01405	0.02509	0.00363	0.56182	0.00743	0.00379	0.01012
22	0.01908	0.01908	0.02672	0.02290	0.02290	0.02672	0.01908	0.02099	0.01336	0.02099	0.01145	0.01908	0.01145	0.01527	0.02863	0.00382	0.67748	0.00763	0.00382	0.00954
23	0.01809	0.01550	0.01809	0.01292	0.02067	0.01163	0.01034	0.02196	0.01809	0.02842	0.01550	0.01809	0.01292	0.00646	0.00646	0.00129	0.00646	0.00517	0.00517	0.74677
24	0.03882	0.01536	0.02056	0.01576	0.02252	0.01358	0.01302	0.07277	0.02582	0.61360	0.03369	0.02922	0.02123	0.01078	0.00877	0.00269	0.00754	0.00872	0.01069	0.01484
25	0.01719	0.02141	0.12567	0.16277	0.03932	0.01776	0.24792	0.02382	0.02063	0.02846	0.17135	0.03313	0.02986	0.01041	0.00966	0.00286	0.01113	0.01055	0.00549	0.01061
26	0.01063	0.00759	0.01012	0.01215	0.01265	0.00709	0.00810	0.01215	0.01670	0.02227	0.04808	0.68775	0.05769	0.02733	0.01113	0.00354	0.00506	0.02480	0.00810	0.00709
27	0.01647	0.01550	0.02616	0.67248	0.06008	0.01938	0.02422	0.02229	0.01744	0.02229	0.01550	0.02326	0.01163	0.00872	0.00872	0.00291	0.01163	0.00775	0.00388	0.00969
28	0.02311	0.02361	0.03393	0.04924	0.55427	0.10904	0.02540	0.02789	0.02053	0.02751	0.01600	0.02078	0.01346	0.00794	0.00853	0.00254	0.01111	0.00747	0.00434	0.01330
29	0.02909	0.29478	0.03323	0.01902	0.02519	0.28125	0.01604	0.15287	0.02543	0.02813	0.01453	0.01615	0.01198	0.00871	0.00716	0.00218	0.01193	0.00572	0.00509	0.01153
30	0.01889	0.03529	0.41366	0.02646	0.10954	0.02020	0.02677	0.03106	0.14162	0.02957	0.01978	0.02167	0.01465	0.00886	0.00836	0.00271	0.01105	0.00725	0.00489	0.04769
31	0.02677	0.04986	0.05423	0.01881	0.08224	0.01475	0.01425	0.03292	0.08193	0.30149	0.18687	0.03701	0.03604	0.01213	0.00898	0.00269	0.00719	0.01027	0.00892	0.01263
