[name]
unknown

[dist]
# distance from previous block
# <min> <max>
0	5

[block]
# block no. 0 follows, 22 sequences, length 96
# corresponding to MSA columns:
# 5-100
name=unknown_A
#
# <colnr> <probs for GDERKNQSTAVLIFYWHMCP>
#	G	D	E	R	K	N	Q	S	T	A	V	L	I	F	Y	W	H	M	C	P
0	0.01339	0.00956	0.01339	0.01530	0.01721	0.00956	0.01339	0.01721	0.01912	0.02486	0.04399	0.09371	0.04781	0.02295	0.01147	0.00382	0.00765	0.60031	0.00765	0.00765
1	0.06076	0.24658	0.29169	0.01958	0.02805	0.17509	0.02111	0.02736	0.01855	0.02342	0.01322	0.01544	0.01053	0.00780	0.00687	0.00225	0.01156	0.00535	0.00379	0.01100
2	0.02982	0.02530	0.02456	0.02099	0.05918	0.13438	0.01609	0.43801	0.09486	0.04386	0.01989	0.02023	0.01461	0.00972	0.00818	0.00246	0.00991	0.00731	0.00742	0.01322
3	0.01402	0.01028	0.01250	0.01296	0.01488	0.01025	0.00963	0.11299	0.02043	0.02690	0.04542	0.44434	0.11103	0.02247	0.01026	0.00323	0.00583	0.09667	0.00780	0.00810
4	0.01011	0.00729	0.00958	0.01140	0.01201	0.00676	0.00764	0.01159	0.01606	0.02127	0.04779	0.67019	0.08609	0.02577	0.01056	0.00334	0.00479	0.02330	0.00771	0.00676
5	0.03103	0.03959	0.02354	0.02140	0.02568	0.67469	0.01605	0.03317	0.02354	0.02033	0.01284	0.01498	0.01070	0.00856	0.00749	0.00214	0.01498	0.00535	0.00428	0.00963
6	0.01666	0.04297	0.66500	0.02368	0.03596	0.01929	0.03069	0.02631	0.01754	0.02631	0.01491	0.01754	0.01052	0.00789	0.00789	0.00263	0.01228	0.00614	0.00351	0.01228
7	0.02056	0.01974	0.03372	0.05099	0.65622	0.01974	0.02550	0.02550	0.01892	0.02714	0.01563	0.02056	0.01316	0.00740	0.00822	0.00247	0.00987	0.00740	0.00411	0.01316
8	0.02100	0.02057	0.03329	0.04975	0.62974	0.04724	0.02510	0.02582	0.01911	0.02685	0.01551	0.02033	0.01306	0.00745	0.00819	0.00245	0.01008	0.00732	0.00412	0.01301
9	0.02725	0.03243	0.02721	0.03208	0.25318	0.43839	0.01946	0.03040	0.02187	0.02279	0.01385	0.01699	0.01159	0.00814	0.00776	0.00226	0.01314	0.00609	0.00422	0.01090
10	0.01208	0.00805	0.00906	0.00906	0.00906	0.00805	0.00503	0.01208	0.01208	0.01611	0.02618	0.05436	0.03020	0.70804	0.04228	0.00805	0.00805	0.01208	0.00503	0.00503
11	0.00982	0.00842	0.00842	0.00842	0.01122	0.00701	0.00631	0.01192	0.01894	0.02244	0.08416	0.07995	0.65285	0.02104	0.00982	0.00281	0.00421	0.01753	0.00771	0.00701
12	0.01609	0.01517	0.02564	0.63585	0.10632	0.01856	0.02327	0.02158	0.01680	0.02171	0.01484	0.02202	0.01125	0.00823	0.00830	0.00274	0.01098	0.00738	0.00373	0.00955
13	0.01818	0.01818	0.02545	0.02181	0.02181	0.02545	0.01818	0.01999	0.01272	0.01999	0.01091	0.01818	0.01091	0.01454	0.02726	0.00364	0.69284	0.00727	0.00364	0.00909
14	0.01176	0.00849	0.01110	0.01045	0.01241	0.00784	0.00784	0.01568	0.02352	0.03331	0.65184	0.06206	0.07839	0.01698	0.00980	0.00261	0.00392	0.01502	0.00914	0.00784
15	0.01006	0.00748	0.00938	0.01090	0.01187	0.00680	0.00741	0.01164	0.01655	0.02147	0.05392	0.57062	0.18170	0.02497	0.01044	0.00325	0.00469	0.02233	0.00771	0.00680
16	0.01711	0.01240	0.01530	0.01526	0.01799	0.01290	0.01247	0.17034	0.02330	0.03083	0.03839	0.23877	0.04121	0.02049	0.01044	0.00337	0.00727	0.29528	0.00783	0.00905
17	0.03043	0.03858	0.02363	0.02142	0.02550	0.64404	0.01615	0.03255	0.02303	0.02032	0.01275	0.01513	0.01071	0.00884	0.00842	0.00221	0.04699	0.00544	0.00425	0.00961
18	0.03533	0.01725	0.02120	0.01626	0.02276	0.01682	0.01343	0.24064	0.02898	0.45448	0.02841	0.02544	0.01837	0.01018	0.00834	0.00254	0.00777	0.00806	0.00961	0.01413
19	0.01723	0.01477	0.01723	0.01230	0.01969	0.01107	0.00984	0.02092	0.01723	0.02707	0.01477	0.01723	0.01230	0.00615	0.00615	0.00123	0.00615	0.00492	0.00492	0.75883
20	0.01723	0.01477	0.01723	0.01230	0.01969	0.01107	0.00984	0.02092	0.01723	0.02707	0.01477	0.01723	0.01230	0.00615	0.00615	0.00123	0.00615	0.00492	0.00492	0.75883
21	0.72378	0.01563	0.01215	0.01090	0.01586	0.01802	0.00893	0.02392	0.01467	0.03705	0.04799	0.01626	0.01294	0.00824	0.00541	0.00257	0.00628	0.00510	0.00537	0.00893
22	0.02106	0.02068	0.03324	0.04959	0.62645	0.05066	0.02505	0.02586	0.01913	0.02682	0.01549	0.02030	0.01304	0.00746	0.00819	0.00245	0.01011	0.00731	0.00412	0.01299
23	0.01039	0.00804	0.00948	0.00997	0.01179	0.00712	0.00715	0.01271	0.01903	0.02466	0.20897	0.28424	0.31320	0.02173	0.01008	0.00295	0.00434	0.01896	0.00806	0.00712
24	0.02512	0.01630	0.01819	0.01518	0.01981	0.07736	0.01205	0.12181	0.02192	0.22044	0.02355	0.02690	0.01819	0.05487	0.20477	0.00577	0.01255	0.00788	0.00689	0.09046
25	0.02221	0.71304	0.04353	0.01421	0.02132	0.03287	0.01421	0.02488	0.01688	0.01955	0.01155	0.01333	0.01066	0.00711	0.00533	0.00178	0.00888	0.00444	0.00355	0.01066
26	0.01012	0.00723	0.00964	0.01157	0.01205	0.00675	0.00771	0.01157	0.01591	0.02121	0.04579	0.70262	0.05495	0.02603	0.01060	0.00337	0.00482	0.02362	0.00771	0.00675
27	0.01137	0.00848	0.01056	0.01004	0.01217	0.00767	0.00753	0.01492	0.02260	0.03113	0.53780	0.06565	0.19379	0.01780	0.00980	0.00265	0.00398	0.01553	0.00886	0.00767
28	0.02903	0.02245	0.02697	0.02649	0.17165	0.02437	0.01804	0.48898	0.03440	0.04652	0.01895	0.02009	0.01390	0.00938	0.00829	0.00249	0.00931	0.00746	0.00734	0.01390
29	0.02492	0.50621	0.03739	0.01642	0.02266	0.22999	0.01478	0.02742	0.01893	0.01979	0.01195	0.01383	0.01067	0.00755	0.00599	0.00189	0.01076	0.00472	0.00378	0.01034
30	0.01004	0.00757	0.00929	0.01067	0.01181	0.00682	0.00731	0.01167	0.01676	0.02156	0.05667	0.52610	0.22445	0.02461	0.01038	0.00321	0.00465	0.02189	0.00771	0.00682
31	0.02301	0.02360	0.03143	0.04404	0.51032	0.14235	0.02330	0.05383	0.02068	0.02699	0.01530	0.01949	0.01274	0.00773	0.00809	0.00241	0.01079	0.00702	0.00433	0.01254
32	0.01494	0.01255	0.01348	0.01253	0.01599	0.01314	0.00960	0.02674	0.29163	0.02997	0.17477	0.05502	0.26485	0.01597	0.00922	0.00277	0.00518	0.01348	0.00832	0.00986
33	0.01007	0.00742	0.00944	0.01106	0.01191	0.00679	0.00748	0.01163	0.01640	0.02141	0.05202	0.60147	0.15207	0.02522	0.01048	0.00328	0.00472	0.02263	0.00771	0.00679
34	0.01182	0.00794	0.00914	0.00939	0.00946	0.00788	0.00539	0.01201	0.01259	0.01678	0.02878	0.14032	0.03348	0.61761	0.03808	0.00743	0.00763	0.01361	0.00539	0.00526
35	0.76672	0.01607	0.01221	0.01092	0.01607	0.01864	0.00900	0.02442	0.01414	0.03727	0.01157	0.01350	0.00900	0.00771	0.00514	0.00257	0.00643	0.00450	0.00514	0.00900
36	0.02827	0.02162	0.02307	0.01844	0.02450	0.02421	0.01499	0.45109	0.22189	0.04701	0.02416	0.02330	0.01754	0.01037	0.00835	0.00259	0.00836	0.00806	0.00835	0.01383
37	0.03077	0.02878	0.02409	0.01980	0.02550	0.25678	0.01573	0.38333	0.06751	0.03995	0.01820	0.01880	0.01354	0.00954	0.00803	0.00239	0.01108	0.00683	0.00688	0.01247
38	0.02756	0.01369	0.02018	0.01587	0.02120	0.01243	0.07600	0.03250	0.05811	0.38908	0.19885	0.03696	0.03566	0.01181	0.00890	0.00262	0.00692	0.01037	0.00923	0.01207
39	0.01890	0.01292	0.01451	0.01247	0.01618	0.01288	0.00964	0.16002	0.05670	0.09808	0.16846	0.05186	0.22607	0.08870	0.01268	0.00323	0.00612	0.01275	0.00816	0.00968
40	0.00982	0.00842	0.00842	0.00842	0.01122	0.00701	0.00631	0.01192	0.01894	0.02244	0.08416	0.07995	0.65285	0.02104	0.00982	0.00281	0.00421	0.01753	0.00771	0.00701
41	0.01977	0.02256	0.04196	0.03098	0.03807	0.08888	0.49289	0.02564	0.01962	0.02535	0.01959	0.09682	0.01708	0.00927	0.00965	0.00279	0.01309	0.01086	0.00460	0.01054
42	0.02861	0.03500	0.02590	0.02825	0.17159	0.52313	0.01824	0.03140	0.02247	0.02191	0.01349	0.01627	0.01127	0.00829	0.00766	0.00222	0.01380	0.00583	0.00424	0.01045
43	0.01892	0.01407	0.01515	0.01305	0.01636	0.01475	0.00975	0.23679	0.05334	0.03185	0.03872	0.08048	0.16952	0.22782	0.01922	0.00433	0.00732	0.01215	0.00714	0.00926
44	0.01011	0.00812	0.00887	0.00928	0.01135	0.00705	0.00664	0.01204	0.01808	0.02234	0.10028	0.22170	0.45075	0.06076	0.01183	0.00322	0.00455	0.01851	0.00763	0.00688
45	0.01687	0.04172	0.63112	0.02514	0.06925	0.01932	0.03041	0.02627	0.01761	0.02635	0.01495	0.01770	0.01066	0.00787	0.00791	0.00262	0.01215	0.00621	0.00354	0.01232
46	0.01837	0.24895	0.47396	0.02077	0.03146	0.02347	0.02563	0.02587	0.01734	0.02423	0.01388	0.01624	0.01057	0.00765	0.00711	0.00237	0.01123	0.00562	0.00352	0.01178
47	0.02239	0.01125	0.01431	0.01214	0.01625	0.01007	0.00959	0.02654	0.05056	0.29296	0.25216	0.05018	0.16732	0.01475	0.00914	0.00264	0.00541	0.01250	0.00930	0.01054
48	0.01078	0.00818	0.00994	0.01009	0.01196	0.00733	0.00734	0.01357	0.02035	0.02718	0.33752	0.21577	0.24912	0.02032	0.00999	0.00285	0.00422	0.01778	0.00837	0.00733
49	0.02763	0.01885	0.02552	0.02556	0.17022	0.01928	0.04823	0.26606	0.02804	0.17827	0.05152	0.06061	0.02034	0.01047	0.00857	0.00257	0.00863	0.00898	0.00757	0.01307
50	0.03008	0.18830	0.02755	0.01938	0.05068	0.33455	0.01508	0.03273	0.02186	0.17876	0.01758	0.01812	0.01323	0.00860	0.00724	0.00218	0.01140	0.00597	0.00559	0.01113
51	0.01327	0.01096	0.01604	0.01523	0.01639	0.01373	0.01212	0.01598	0.01321	0.01944	0.01973	0.02942	0.01857	0.05168	0.53099	0.01119	0.17144	0.00854	0.00427	0.00779
52	0.03105	0.03895	0.02360	0.02131	0.02569	0.64906	0.01604	0.05669	0.02415	0.02160	0.01312	0.01518	0.01084	0.00862	0.00752	0.00215	0.01475	0.00543	0.00444	0.00981
53	0.01666	0.04297	0.66500	0.02368	0.03596	0.01929	0.03069	0.02631	0.01754	0.02631	0.01491	0.01754	0.01052	0.00789	0.00789	0.00263	0.01228	0.00614	0.00351	0.01228
54	0.02196	0.16123	0.03526	0.03980	0.43626	0.09170	0.04745	0.02623	0.01903	0.02487	0.01456	0.01860	0.01237	0.00745	0.00763	0.00231	0.01039	0.00669	0.00402	0.01220
55	0.03106	0.03866	0.02362	0.02127	0.02569	0.63778	0.01604	0.06704	0.02442	0.02215	0.01325	0.01526	0.01090	0.00864	0.00754	0.00216	0.01465	0.00547	0.00451	0.00989
56	0.01263	0.00997	0.01458	0.01414	0.01537	0.01207	0.01104	0.01531	0.01321	0.01920	0.02110	0.03203	0.02008	0.09022	0.56451	0.01191	0.10188	0.00887	0.00438	0.00749
57	0.02812	0.01878	0.01763	0.01492	0.01980	0.16468	0.01174	0.03195	0.05490	0.31961	0.07079	0.03748	0.14856	0.01245	0.00853	0.00253	0.00814	0.00990	0.00822	0.01128
58	0.01085	0.00796	0.00960	0.01061	0.01170	0.00741	0.00735	0.01237	0.01611	0.02072	0.05053	0.33428	0.19599	0.18229	0.01783	0.00436	0.00572	0.08071	0.00709	0.00651
59	0.00994	0.00836	0.00863	0.00870	0.01133	0.00705	0.00647	0.01211	0.01903	0.02299	0.11411	0.11283	0.58789	0.02108	0.00986	0.00283	0.00422	0.01772	0.00780	0.00705
60	0.01558	0.01302	0.01547	0.01213	0.01792	0.01007	0.00935	0.01875	0.01692	0.02571	0.02194	0.17583	0.02217	0.01075	0.00718	0.00173	0.00584	0.00925	0.00557	0.58480
61	0.01319	0.01018	0.01175	0.01178	0.01363	0.01044	0.00830	0.01991	0.16139	0.02542	0.14172	0.24665	0.11046	0.15762	0.01626	0.00400	0.00566	0.01596	0.00758	0.00809
62	0.10281	0.18560	0.18858	0.01759	0.02538	0.02309	0.01783	0.15055	0.08826	0.09688	0.01862	0.01915	0.01372	0.00871	0.00720	0.00241	0.00910	0.00641	0.00588	0.01221
63	0.20618	0.13723	0.12848	0.05945	0.13756	0.12511	0.01840	0.05217	0.01866	0.02797	0.01355	0.01635	0.01085	0.00785	0.00684	0.00237	0.01009	0.00569	0.00436	0.01086
64	0.02675	0.36651	0.03325	0.01791	0.02357	0.36313	0.01516	0.02915	0.02031	0.01995	0.01221	0.01418	0.01068	0.00786	0.00644	0.00196	0.01202	0.00491	0.00393	0.01013
65	0.01810	0.21666	0.50391	0.02122	0.03216	0.02281	0.02642	0.02594	0.01737	0.02456	0.01404	0.01645	0.01056	0.00769	0.00723	0.00241	0.01140	0.00570	0.00352	0.01186
66	0.01187	0.00890	0.01335	0.01335	0.01483	0.01038	0.01038	0.01483	0.01335	0.01928	0.02225	0.03264	0.02077	0.06231	0.67512	0.01335	0.02225	0.00890	0.00445	0.00742
67	0.01110	0.00835	0.01028	0.01004	0.01207	0.00752	0.00744	0.01432	0.02160	0.02935	0.44745	0.12990	0.22230	0.01891	0.00988	0.00274	0.00408	0.01651	0.00864	0.00752
68	0.00991	0.00842	0.00854	0.00851	0.01127	0.00705	0.00638	0.01209	0.01914	0.02293	0.10976	0.07914	0.62694	0.02086	0.00982	0.00280	0.00419	0.01742	0.00778	0.00705
69	0.01752	0.01501	0.01587	0.01467	0.01874	0.01661	0.01143	0.03453	0.44993	0.03110	0.04710	0.04679	0.18532	0.01438	0.00896	0.00287	0.00603	0.04361	0.00822	0.01130
70	0.01549	0.00774	0.00774	0.00774	0.00968	0.00774	0.00581	0.01936	0.01742	0.03097	0.02710	0.03097	0.02129	0.00968	0.00581	0.00194	0.00387	0.00774	0.75416	0.00774
71	0.01835	0.03293	0.39211	0.03549	0.30409	0.01949	0.02845	0.02596	0.01813	0.02667	0.01522	0.01885	0.01166	0.00768	0.00804	0.00256	0.01124	0.00668	0.00377	0.01266
72	0.01867	0.02935	0.28045	0.03453	0.21319	0.02021	0.19652	0.02585	0.01827	0.02632	0.01545	0.01980	0.01188	0.00783	0.00949	0.00268	0.04598	0.00759	0.00388	0.01207
73	0.02739	0.01923	0.02094	0.01654	0.02164	0.02089	0.01310	0.45243	0.03195	0.07865	0.02212	0.02838	0.01821	0.17153	0.01617	0.00378	0.00877	0.00859	0.00766	0.01202
74	0.02056	0.01974	0.03372	0.05099	0.65622	0.01974	0.02550	0.02550	0.01892	0.02714	0.01563	0.02056	0.01316	0.00740	0.00822	0.00247	0.00987	0.00740	0.00411	0.01316
75	0.01733	0.01606	0.01451	0.01310	0.01624	0.13442	0.01000	0.09185	0.02441	0.03084	0.33454	0.05204	0.18137	0.01544	0.00919	0.00255	0.00668	0.01285	0.00783	0.00875
76	0.35739	0.13895	0.08987	0.01578	0.02176	0.20701	0.01415	0.02718	0.01761	0.02842	0.01228	0.01432	0.00991	0.00787	0.00613	0.00233	0.00987	0.00491	0.00447	0.00980
77	0.02863	0.03559	0.02390	0.02148	0.02496	0.55342	0.01645	0.03071	0.02152	0.02027	0.01248	0.01558	0.01074	0.00968	0.01118	0.00242	0.14160	0.00571	0.00416	0.00953
78	0.02009	0.01468	0.01676	0.01500	0.01839	0.01557	0.01144	0.29645	0.02691	0.03609	0.05942	0.36057	0.03710	0.01824	0.00951	0.00294	0.00678	0.01581	0.00805	0.01020
79	0.01187	0.00890	0.01335	0.01335	0.01483	0.01038	0.01038	0.01483	0.01335	0.01928	0.02225	0.03264	0.02077	0.06231	0.67512	0.01335	0.02225	0.00890	0.00445	0.00742
80	0.01071	0.00768	0.00952	0.01052	0.01130	0.00719	0.00695	0.01215	0.01615	0.02142	0.10863	0.41704	0.11776	0.18235	0.01776	0.00431	0.00541	0.01938	0.00724	0.00649
81	0.01816	0.01930	0.02739	0.02230	0.02543	0.08920	0.16558	0.02145	0.01702	0.02236	0.02733	0.03392	0.12692	0.01365	0.01691	0.00313	0.29417	0.04179	0.00478	0.00922
82	0.01686	0.01437	0.01683	0.01227	0.01929	0.01085	0.00973	0.02043	0.01716	0.02676	0.01638	0.05293	0.01453	0.00719	0.00638	0.00134	0.00608	0.00590	0.00507	0.71966
83	0.02339	0.02558	0.03250	0.04102	0.41472	0.20310	0.08665	0.02776	0.02028	0.02518	0.01497	0.01920	0.01241	0.00768	0.00819	0.00241	0.01174	0.00708	0.00417	0.01196
84	0.01012	0.00723	0.00964	0.01157	0.01205	0.00675	0.00771	0.01157	0.01591	0.02121	0.04579	0.70262	0.05495	0.02603	0.01060	0.00337	0.00482	0.02362	0.00771	0.00675
85	0.02056	0.01974	0.03372	0.05099	0.65622	0.01974	0.02550	0.02550	0.01892	0.02714	0.01563	0.02056	0.01316	0.00740	0.00822	0.00247	0.00987	0.00740	0.00411	0.01316
86	0.02194	0.01332	0.01556	0.01349	0.01755	0.01305	0.01051	0.17976	0.02455	0.17794	0.04572	0.21045	0.18757	0.01692	0.00928	0.00281	0.00632	0.01432	0.00846	0.01046
87	0.01012	0.00723	0.00964	0.01157	0.01205	0.00675	0.00771	0.01157	0.01591	0.02121	0.04579	0.70262	0.05495	0.02603	0.01060	0.00337	0.00482	0.02362	0.00771	0.00675
88	0.01928	0.01021	0.01370	0.01247	0.01532	0.00951	0.00950	0.02224	0.02117	0.21994	0.27913	0.22164	0.05217	0.01729	0.01021	0.00284	0.02996	0.01502	0.00891	0.00950
89	0.02303	0.19559	0.02730	0.01827	0.02224	0.22456	0.01508	0.02860	0.11693	0.02246	0.01945	0.02154	0.04959	0.01072	0.01182	0.00254	0.16839	0.00690	0.00481	0.01017
90	0.01176	0.00849	0.01110	0.01045	0.01241	0.00784	0.00784	0.01568	0.02352	0.03331	0.65184	0.06206	0.07839	0.01698	0.00980	0.00261	0.00392	0.01502	0.00914	0.00784
91	0.03103	0.03959	0.02354	0.02140	0.02568	0.67469	0.01605	0.03317	0.02354	0.02033	0.01284	0.01498	0.01070	0.00856	0.00749	0.00214	0.01498	0.00535	0.00428	0.00963
92	0.01818	0.01818	0.02545	0.02181	0.02181	0.02545	0.01818	0.01999	0.01272	0.01999	0.01091	0.01818	0.01091	0.01454	0.02726	0.00364	0.69284	0.00727	0.00364	0.00909
93	0.01065	0.00761	0.01025	0.01217	0.01289	0.00721	0.00863	0.01249	0.01643	0.02180	0.04549	0.60359	0.05378	0.02553	0.01075	0.00345	0.00528	0.11741	0.00770	0.00689
94	0.02056	0.01974	0.03372	0.05099	0.65622	0.01974	0.02550	0.02550	0.01892	0.02714	0.01563	0.02056	0.01316	0.00740	0.00822	0.00247	0.00987	0.00740	0.00411	0.01316
95	0.01717	0.01628	0.02759	0.49464	0.23909	0.01885	0.02381	0.02252	0.01731	0.02302	0.01503	0.02167	0.01171	0.00803	0.00828	0.00268	0.01071	0.00739	0.00382	0.01042

[dist]
# distance from previous block
# <min> <max>
0	1

[block]
# block no. 1 follows, 22 sequences, length 20
# corresponding to MSA columns:
# 102-121
name=unknown_B
#
# <colnr> <probs for GDERKNQSTAVLIFYWHMCP>
#	G	D	E	R	K	N	Q	S	T	A	V	L	I	F	Y	W	H	M	C	P
0	0.04936	0.00971	0.01230	0.01115	0.01397	0.00895	0.00854	0.01981	0.02246	0.13835	0.45284	0.09137	0.09643	0.01618	0.00939	0.00266	0.00463	0.01406	0.00900	0.00885
1	0.02249	0.02532	0.01816	0.01667	0.02058	0.32348	0.01262	0.02988	0.17153	0.02504	0.07057	0.03666	0.16788	0.01260	0.00840	0.00249	0.00982	0.00971	0.00636	0.00977
2	0.06240	0.18139	0.02311	0.01441	0.01955	0.02035	0.01209	0.08926	0.20829	0.09148	0.11199	0.03255	0.07688	0.01141	0.00779	0.00247	0.00687	0.00906	0.00730	0.01132
3	0.01724	0.01447	0.01730	0.01844	0.07761	0.01588	0.01288	0.03139	0.35811	0.03013	0.06761	0.18089	0.03544	0.01548	0.00925	0.00299	0.00647	0.06956	0.00785	0.01098
4	0.02247	0.02349	0.17660	0.01813	0.02494	0.01899	0.01726	0.09521	0.31337	0.11753	0.06235	0.02801	0.02297	0.01051	0.00836	0.00270	0.00813	0.00859	0.00751	0.01287
5	0.02120	0.19609	0.12441	0.01649	0.02388	0.02197	0.01570	0.11575	0.15340	0.03037	0.01879	0.01963	0.01467	0.00830	0.00702	0.00210	0.00830	0.00631	0.00561	0.19001
6	0.01085	0.00777	0.01001	0.01090	0.01178	0.00739	0.00741	0.01270	0.01689	0.02288	0.16928	0.40335	0.08090	0.13192	0.05231	0.00447	0.00608	0.01894	0.00741	0.00676
7	0.02021	0.02664	0.22054	0.03139	0.23279	0.04690	0.08049	0.02880	0.09718	0.06364	0.05457	0.02367	0.01784	0.00875	0.00837	0.00259	0.01030	0.00790	0.00512	0.01231
8	0.01736	0.03570	0.48208	0.02945	0.18224	0.01884	0.02818	0.02541	0.01760	0.02600	0.01564	0.02009	0.01213	0.04265	0.00968	0.00286	0.01149	0.00674	0.00373	0.01213
9	0.01094	0.00776	0.01009	0.01118	0.01200	0.00733	0.00768	0.01287	0.01724	0.02339	0.17775	0.43576	0.05631	0.11905	0.01490	0.00388	0.00523	0.05220	0.00765	0.00680
10	0.02594	0.15238	0.02951	0.05271	0.16968	0.23737	0.01794	0.12982	0.05823	0.02795	0.01568	0.01797	0.01267	0.00841	0.00749	0.00227	0.01110	0.00632	0.00500	0.01156
11	0.01309	0.01070	0.01569	0.01499	0.01618	0.01330	0.01189	0.01583	0.01323	0.01942	0.02006	0.02984	0.01886	0.05306	0.54975	0.01147	0.15202	0.00859	0.00429	0.00774
12	0.02282	0.01808	0.02023	0.01496	0.02205	0.01680	0.01216	0.25763	0.02573	0.03692	0.01678	0.01829	0.01301	0.00764	0.00699	0.00172	0.00732	0.00592	0.00624	0.46870
13	0.01972	0.25973	0.24487	0.02076	0.02885	0.08736	0.10612	0.02515	0.01805	0.02302	0.01679	0.08174	0.01511	0.00930	0.00753	0.00239	0.01095	0.00768	0.00410	0.01080
14	0.01258	0.01967	0.22136	0.01577	0.02095	0.01148	0.04289	0.01706	0.01732	0.02338	0.04370	0.30372	0.18107	0.01816	0.00951	0.00297	0.00748	0.01593	0.00620	0.00879
15	0.01012	0.00723	0.00964	0.01157	0.01205	0.00675	0.00771	0.01157	0.01591	0.02121	0.04579	0.70262	0.05495	0.02603	0.01060	0.00337	0.00482	0.02362	0.00771	0.00675
16	0.01666	0.04297	0.66500	0.02368	0.03596	0.01929	0.03069	0.02631	0.01754	0.02631	0.01491	0.01754	0.01052	0.00789	0.00789	0.00263	0.01228	0.00614	0.00351	0.01228
17	0.02818	0.03324	0.02642	0.02942	0.19923	0.45897	0.01864	0.06360	0.02312	0.02396	0.01400	0.01679	0.01156	0.00832	0.00774	0.00225	0.01326	0.00603	0.00445	0.01085
18	0.01187	0.00890	0.01335	0.01335	0.01483	0.01038	0.01038	0.01483	0.01335	0.01928	0.02225	0.03264	0.02077	0.06231	0.67512	0.01335	0.02225	0.00890	0.00445	0.00742
19	0.01569	0.01477	0.02492	0.68808	0.05722	0.01846	0.02307	0.02123	0.01661	0.02123	0.01477	0.02215	0.01107	0.00831	0.00831	0.00277	0.01107	0.00738	0.00369	0.00923

[dist]
# distance from previous block
# <min> <max>
0	25

[block]
# block no. 2 follows, 22 sequences, length 93
# corresponding to MSA columns:
# 147-239
name=unknown_C
#
# <colnr> <probs for GDERKNQSTAVLIFYWHMCP>
#	G	D	E	R	K	N	Q	S	T	A	V	L	I	F	Y	W	H	M	C	P
0	0.01964	0.02243	0.09906	0.06307	0.37886	0.04565	0.09880	0.02489	0.01859	0.02612	0.04475	0.02202	0.01547	0.00860	0.01023	0.00264	0.07519	0.00783	0.00424	0.01191
1	0.02127	0.02170	0.18308	0.01930	0.07587	0.01549	0.01710	0.13062	0.02341	0.13990	0.11774	0.07415	0.09943	0.01249	0.00872	0.00264	0.00809	0.01045	0.00709	0.01144
2	0.01549	0.00774	0.00774	0.00774	0.00968	0.00774	0.00581	0.01936	0.01742	0.03097	0.02710	0.03097	0.02129	0.00968	0.00581	0.00194	0.00387	0.00774	0.75416	0.00774
3	0.02739	0.24162	0.02978	0.01774	0.02373	0.16739	0.01504	0.27565	0.02729	0.03326	0.01592	0.01754	0.01269	0.01179	0.04572	0.00282	0.01108	0.00615	0.00573	0.01168
4	0.02322	0.02791	0.21236	0.02726	0.18723	0.13165	0.02119	0.02857	0.02045	0.13759	0.05854	0.02497	0.04350	0.00939	0.00818	0.00250	0.01039	0.00771	0.00550	0.01189
5	0.02024	0.01941	0.03314	0.09297	0.61675	0.01965	0.02534	0.02521	0.01876	0.02675	0.01557	0.02067	0.01302	0.00746	0.00823	0.00249	0.00995	0.00740	0.00408	0.01290
6	0.01012	0.00723	0.00964	0.01157	0.01205	0.00675	0.00771	0.01157	0.01591	0.02121	0.04579	0.70262	0.05495	0.02603	0.01060	0.00337	0.00482	0.02362	0.00771	0.00675
7	0.01886	0.06455	0.30443	0.02928	0.22376	0.01812	0.02388	0.02547	0.01916	0.06905	0.10285	0.02502	0.02125	0.00909	0.00815	0.00253	0.00987	0.00780	0.00491	0.01198
8	0.01876	0.20968	0.39620	0.02604	0.14071	0.02283	0.02558	0.02580	0.01761	0.02473	0.01418	0.01699	0.01102	0.00761	0.00730	0.00238	0.01099	0.00593	0.00363	0.01202
9	0.01187	0.00890	0.01335	0.01335	0.01483	0.01038	0.01038	0.01483	0.01335	0.01928	0.02225	0.03264	0.02077	0.06231	0.67512	0.01335	0.02225	0.00890	0.00445	0.00742
10	0.01164	0.00847	0.01099	0.01068	0.01260	0.00783	0.00806	0.01530	0.02255	0.03148	0.54795	0.10295	0.10841	0.01810	0.00994	0.00274	0.00420	0.04949	0.00889	0.00772
11	0.01980	0.17338	0.10453	0.02858	0.03651	0.02370	0.39743	0.02577	0.01837	0.02462	0.01510	0.01971	0.01188	0.00761	0.00981	0.00262	0.05746	0.00813	0.00396	0.01105
12	0.01819	0.01943	0.17962	0.01491	0.02071	0.01287	0.01473	0.07901	0.02207	0.12447	0.17927	0.08253	0.16919	0.01440	0.00901	0.00269	0.00713	0.01209	0.00741	0.01027
13	0.01766	0.01758	0.02271	0.01995	0.02056	0.06497	0.01635	0.01975	0.01357	0.01986	0.01349	0.02109	0.01302	0.02447	0.16602	0.00564	0.50320	0.00750	0.00385	0.00876
14	0.01188	0.00885	0.01310	0.01310	0.01450	0.01025	0.01008	0.01468	0.01328	0.01910	0.02248	0.03389	0.02131	0.09961	0.63856	0.01305	0.02143	0.00908	0.00448	0.00728
15	0.02304	0.01992	0.02878	0.03432	0.32242	0.02089	0.05481	0.19793	0.10555	0.03490	0.02103	0.06125	0.01740	0.00969	0.00851	0.00259	0.00918	0.00876	0.00608	0.01295
16	0.02199	0.02286	0.03105	0.10589	0.48553	0.13807	0.02356	0.02648	0.01953	0.02535	0.01504	0.01970	0.01252	0.00770	0.00810	0.00244	0.01091	0.00703	0.00410	0.01215
17	0.01449	0.00724	0.01066	0.01066	0.01076	0.00724	0.00714	0.01127	0.01117	0.01530	0.01510	0.02555	0.01479	0.02785	0.03106	0.71835	0.00704	0.00724	0.04325	0.00383
18	0.03127	0.03264	0.02413	0.02043	0.02572	0.39833	0.01594	0.28672	0.03015	0.03397	0.01587	0.01710	0.01216	0.00916	0.00784	0.00229	0.01249	0.00626	0.00600	0.01155
19	0.01919	0.07127	0.47157	0.02180	0.03170	0.14297	0.02555	0.02659	0.01873	0.02461	0.01892	0.02097	0.05289	0.00885	0.00782	0.00251	0.01210	0.00666	0.00393	0.01136
20	0.01260	0.01059	0.01448	0.01565	0.05234	0.01169	0.01088	0.01465	0.01647	0.02258	0.09820	0.38164	0.11424	0.02101	0.01390	0.00324	0.15371	0.01760	0.00675	0.00777
21	0.01961	0.02241	0.04902	0.03501	0.04342	0.02101	0.62605	0.02661	0.01961	0.02661	0.01681	0.02241	0.01261	0.00700	0.00980	0.00280	0.01401	0.00980	0.00420	0.01120
22	0.01969	0.01700	0.01785	0.01614	0.02067	0.01943	0.01253	0.04124	0.58522	0.03364	0.03834	0.03540	0.08183	0.01215	0.00858	0.00282	0.00636	0.01012	0.00839	0.01260
23	0.04627	0.01452	0.12007	0.01142	0.01572	0.00961	0.01070	0.01491	0.01819	0.02367	0.06540	0.12515	0.45737	0.01866	0.00935	0.00282	0.00574	0.01557	0.00688	0.00797
24	0.03103	0.03959	0.02354	0.02140	0.02568	0.67469	0.01605	0.03317	0.02354	0.02033	0.01284	0.01498	0.01070	0.00856	0.00749	0.00214	0.01498	0.00535	0.00428	0.00963
25	0.01189	0.00880	0.01286	0.01286	0.01417	0.01011	0.00977	0.01452	0.01320	0.01892	0.02271	0.03515	0.02186	0.13691	0.60201	0.01274	0.02061	0.00927	0.00452	0.00714
26	0.01723	0.01477	0.01723	0.01230	0.01969	0.01107	0.00984	0.02092	0.01723	0.02707	0.01477	0.01723	0.01230	0.00615	0.00615	0.00123	0.00615	0.00492	0.00492	0.75883
27	0.02007	0.05662	0.15327	0.01792	0.02433	0.02066	0.01667	0.07278	0.41859	0.03277	0.03026	0.02890	0.04904	0.01073	0.00824	0.00271	0.00791	0.00873	0.00715	0.01263
28	0.01176	0.00849	0.01110	0.01045	0.01241	0.00784	0.00784	0.01568	0.02352	0.03331	0.65184	0.06206	0.07839	0.01698	0.00980	0.00261	0.00392	0.01502	0.00914	0.00784
29	0.02776	0.03413	0.02403	0.02151	0.02470	0.50923	0.01659	0.02981	0.02078	0.02025	0.01235	0.01580	0.01075	0.01008	0.01253	0.00252	0.18774	0.00584	0.00412	0.00949
30	0.00985	0.00829	0.00855	0.00875	0.01131	0.00698	0.00646	0.01188	0.01861	0.02231	0.08004	0.14683	0.58863	0.02158	0.00990	0.00287	0.00427	0.01819	0.00771	0.00698
31	0.18530	0.02544	0.02574	0.03265	0.31152	0.23380	0.01884	0.02778	0.01940	0.02710	0.01384	0.01721	0.01145	0.00785	0.00732	0.00238	0.01080	0.00610	0.00439	0.01110
32	0.03088	0.02194	0.02366	0.01824	0.02460	0.02408	0.01504	0.56580	0.03708	0.07862	0.02095	0.02098	0.01484	0.00997	0.00816	0.00246	0.00874	0.00753	0.05268	0.01375
33	0.01971	0.01847	0.02952	0.04113	0.49399	0.01753	0.02151	0.02433	0.01849	0.02712	0.01541	0.01971	0.01294	0.00708	0.00770	0.00215	0.00892	0.00677	0.00432	0.20320
34	0.02756	0.03365	0.02462	0.02344	0.06639	0.49118	0.01713	0.02982	0.02090	0.02071	0.01261	0.01604	0.01091	0.00978	0.01181	0.00248	0.16119	0.00590	0.00413	0.00975
35	0.76672	0.01607	0.01221	0.01092	0.01607	0.01864	0.00900	0.02442	0.01414	0.03727	0.01157	0.01350	0.00900	0.00771	0.00514	0.00257	0.00643	0.00450	0.00514	0.00900
36	0.01012	0.00723	0.00964	0.01157	0.01205	0.00675	0.00771	0.01157	0.01591	0.02121	0.04579	0.70262	0.05495	0.02603	0.01060	0.00337	0.00482	0.02362	0.00771	0.00675
37	0.02606	0.02563	0.02234	0.14498	0.02978	0.25480	0.01605	0.22453	0.02667	0.03185	0.02060	0.02277	0.04969	0.00977	0.00794	0.00240	0.01097	0.00730	0.05510	0.01076
38	0.01714	0.01232	0.01454	0.01257	0.01576	0.01252	0.00981	0.17607	0.02726	0.03817	0.45366	0.04941	0.05857	0.01476	0.00920	0.00255	0.00528	0.01267	0.04828	0.00948
39	0.01957	0.02566	0.19461	0.04403	0.49814	0.01962	0.02682	0.02570	0.01857	0.02693	0.01544	0.01979	0.01249	0.00753	0.00814	0.00251	0.01048	0.00708	0.00396	0.01293
40	0.01617	0.01040	0.01225	0.01133	0.01277	0.01225	0.00896	0.01952	0.01622	0.02817	0.02297	0.02771	0.01865	0.01092	0.01128	0.00237	0.17946	0.00762	0.56288	0.00809
41	0.02459	0.01515	0.01559	0.01309	0.01729	0.05226	0.01041	0.18297	0.05022	0.14647	0.02569	0.02672	0.01886	0.00986	0.00711	0.00224	0.00655	0.00771	0.35639	0.01085
42	0.03158	0.02327	0.02493	0.01911	0.02576	0.02576	0.01579	0.62852	0.03906	0.05236	0.01995	0.01995	0.01413	0.00997	0.00831	0.00249	0.00914	0.00748	0.00831	0.01413
43	0.03158	0.02327	0.02493	0.01911	0.02576	0.02576	0.01579	0.62852	0.03906	0.05236	0.01995	0.01995	0.01413	0.00997	0.00831	0.00249	0.00914	0.00748	0.00831	0.01413
44	0.01176	0.00849	0.01110	0.01045	0.01241	0.00784	0.00784	0.01568	0.02352	0.03331	0.65184	0.06206	0.07839	0.01698	0.00980	0.00261	0.00392	0.01502	0.00914	0.00784
45	0.01187	0.00890	0.01335	0.01335	0.01483	0.01038	0.01038	0.01483	0.01335	0.01928	0.02225	0.03264	0.02077	0.06231	0.67512	0.01335	0.02225	0.00890	0.00445	0.00742
46	0.03727	0.01414	0.01928	0.01478	0.02121	0.01221	0.01221	0.04049	0.02378	0.66198	0.03277	0.02828	0.02056	0.01028	0.00835	0.00257	0.00707	0.00835	0.01028	0.01414
47	0.02117	0.01612	0.01892	0.04096	0.04618	0.01808	0.01329	0.22123	0.16754	0.03528	0.02421	0.02711	0.01910	0.02342	0.17799	0.00528	0.01138	0.00831	0.09320	0.01124
48	0.01931	0.03837	0.46525	0.02823	0.14501	0.10860	0.02777	0.02710	0.01860	0.02564	0.01475	0.01773	0.01102	0.00790	0.00790	0.00253	0.01222	0.00626	0.00372	0.01207
49	0.02069	0.02588	0.18906	0.11084	0.10473	0.07391	0.07821	0.11851	0.02141	0.02967	0.01716	0.02084	0.01306	0.00867	0.00870	0.00253	0.03755	0.00718	0.10014	0.01125
50	0.06237	0.03887	0.56478	0.02382	0.06412	0.01894	0.02827	0.02684	0.01770	0.05740	0.01560	0.01796	0.01104	0.00797	0.00777	0.00262	0.01156	0.00621	0.00396	0.01221
51	0.21701	0.30680	0.03172	0.01732	0.02345	0.16656	0.08395	0.02675	0.01792	0.02513	0.01244	0.01478	0.01046	0.00757	0.00627	0.00218	0.01016	0.00527	0.00420	0.01007
52	0.01755	0.01625	0.02579	0.24455	0.30224	0.01757	0.02096	0.02412	0.07807	0.02540	0.02533	0.03240	0.07528	0.01035	0.00863	0.00272	0.00927	0.04759	0.00496	0.01097
53	0.01270	0.00938	0.01040	0.01039	0.01084	0.03401	0.00651	0.01336	0.01289	0.01703	0.02570	0.07317	0.02870	0.54094	0.15228	0.00859	0.01072	0.01169	0.00500	0.00570
54	0.02615	0.03177	0.02094	0.01935	0.02292	0.50539	0.01461	0.02850	0.02094	0.02006	0.01524	0.01948	0.01327	0.02226	0.17764	0.00500	0.01683	0.00626	0.00432	0.00907
55	0.01012	0.00723	0.00964	0.01157	0.01205	0.00675	0.00771	0.01157	0.01591	0.02121	0.04579	0.70262	0.05495	0.02603	0.01060	0.00337	0.00482	0.02362	0.00771	0.00675
56	0.01297	0.00917	0.01063	0.01051	0.01111	0.00942	0.00666	0.04787	0.01466	0.01954	0.03149	0.16638	0.06271	0.49010	0.03266	0.00650	0.03181	0.01393	0.00577	0.00610
57	0.01131	0.00773	0.00929	0.01004	0.01023	0.00754	0.00608	0.01188	0.01358	0.01810	0.03384	0.30784	0.03988	0.44136	0.02990	0.00622	0.00679	0.01659	0.00608	0.00570
58	0.00992	0.00831	0.00863	0.00879	0.01134	0.00702	0.00650	0.01204	0.01884	0.02276	0.10305	0.13637	0.57531	0.02134	0.00989	0.00285	0.00425	0.01799	0.00777	0.00702
59	0.01004	0.00838	0.00875	0.00875	0.01138	0.00709	0.00653	0.01231	0.01932	0.02357	0.14396	0.10124	0.56859	0.02079	0.00985	0.00281	0.00420	0.01749	0.00787	0.00709
60	0.01549	0.00774	0.00774	0.00774	0.00968	0.00774	0.00581	0.01936	0.01742	0.03097	0.02710	0.03097	0.02129	0.00968	0.00581	0.00194	0.00387	0.00774	0.75416	0.00774
61	0.01550	0.00816	0.00876	0.04813	0.01250	0.00838	0.00683	0.01947	0.01737	0.03039	0.02637	0.03045	0.02069	0.00960	0.00596	0.00199	0.00430	0.00772	0.70961	0.00783
62	0.02221	0.71304	0.04353	0.01421	0.02132	0.03287	0.01421	0.02488	0.01688	0.01955	0.01155	0.01333	0.01066	0.00711	0.00533	0.00178	0.00888	0.00444	0.00355	0.01066
63	0.01569	0.01477	0.02492	0.68808	0.05722	0.01846	0.02307	0.02123	0.01661	0.02123	0.01477	0.02215	0.01107	0.00831	0.00831	0.00277	0.01107	0.00738	0.00369	0.00923
64	0.01891	0.01542	0.01973	0.01710	0.01929	0.01886	0.01373	0.17261	0.01958	0.02764	0.01844	0.02687	0.01684	0.09488	0.23980	0.00700	0.23031	0.00832	0.00523	0.00943
65	0.01187	0.00890	0.01335	0.01335	0.01483	0.01038	0.01038	0.01483	0.01335	0.01928	0.02225	0.03264	0.02077	0.06231	0.67512	0.01335	0.02225	0.00890	0.00445	0.00742
66	0.01010	0.00730	0.00957	0.01139	0.01200	0.00676	0.00763	0.01159	0.01608	0.02128	0.04800	0.66665	0.08949	0.02574	0.01056	0.00334	0.00478	0.02327	0.00771	0.00676
67	0.02056	0.01974	0.03372	0.05099	0.65622	0.01974	0.02550	0.02550	0.01892	0.02714	0.01563	0.02056	0.01316	0.00740	0.00822	0.00247	0.00987	0.00740	0.00411	0.01316
68	0.03103	0.03959	0.02354	0.02140	0.02568	0.67469	0.01605	0.03317	0.02354	0.02033	0.01284	0.01498	0.01070	0.00856	0.00749	0.00214	0.01498	0.00535	0.00428	0.00963
69	0.01208	0.00805	0.00906	0.00906	0.00906	0.00805	0.00503	0.01208	0.01208	0.01611	0.02618	0.05436	0.03020	0.70804	0.04228	0.00805	0.00805	0.01208	0.00503	0.00503
70	0.01745	0.01710	0.02405	0.02083	0.02100	0.02371	0.01728	0.01940	0.01280	0.01991	0.01222	0.01985	0.01204	0.02006	0.10211	0.00476	0.61536	0.00746	0.00373	0.00889
71	0.03535	0.01457	0.01922	0.01503	0.02125	0.01319	0.01232	0.04091	0.09511	0.58951	0.03289	0.02859	0.02112	0.01040	0.00837	0.00260	0.00701	0.00847	0.01007	0.01402
72	0.03158	0.02327	0.02493	0.01911	0.02576	0.02576	0.01579	0.62852	0.03906	0.05236	0.01995	0.01995	0.01413	0.00997	0.00831	0.00249	0.00914	0.00748	0.00831	0.01413
73	0.02880	0.02189	0.02336	0.01855	0.02470	0.02446	0.01512	0.47959	0.19252	0.04787	0.02348	0.02276	0.01699	0.01030	0.00835	0.00258	0.00849	0.00797	0.00835	0.01388
74	0.01443	0.00722	0.01082	0.01082	0.01082	0.00722	0.00722	0.01082	0.01082	0.01443	0.01443	0.02525	0.01443	0.02886	0.03247	0.75830	0.00722	0.00722	0.00361	0.00361
75	0.01569	0.01477	0.02492	0.68808	0.05722	0.01846	0.02307	0.02123	0.01661	0.02123	0.01477	0.02215	0.01107	0.00831	0.00831	0.00277	0.01107	0.00738	0.00369	0.00923
76	0.03158	0.02327	0.02493	0.01911	0.02576	0.02576	0.01579	0.62852	0.03906	0.05236	0.01995	0.01995	0.01413	0.00997	0.00831	0.00249	0.00914	0.00748	0.00831	0.01413
77	0.03106	0.02301	0.02464	0.01901	0.02556	0.02552	0.01566	0.60058	0.06785	0.05151	0.02061	0.02047	0.01466	0.01003	0.00832	0.00251	0.00902	0.00757	0.00832	0.01408
78	0.01443	0.00722	0.01082	0.01082	0.01082	0.00722	0.00722	0.01082	0.01082	0.01443	0.01443	0.02525	0.01443	0.02886	0.03247	0.75830	0.00722	0.00722	0.00361	0.00361
79	0.02544	0.09193	0.12284	0.01991	0.02585	0.32873	0.01740	0.05545	0.18002	0.02600	0.01865	0.01949	0.01453	0.00907	0.00764	0.00237	0.01169	0.00650	0.00531	0.01118
80	0.01817	0.00993	0.01306	0.01146	0.01460	0.00891	0.00888	0.02183	0.02337	0.19303	0.46766	0.05428	0.09037	0.01546	0.00943	0.00261	0.00474	0.01344	0.00937	0.00941
81	0.02451	0.02783	0.02971	0.02635	0.08529	0.28092	0.17161	0.03365	0.18160	0.02626	0.01951	0.02151	0.01519	0.00876	0.00839	0.00251	0.01211	0.00771	0.00532	0.01125
82	0.01208	0.00805	0.00906	0.00906	0.00906	0.00805	0.00503	0.01208	0.01208	0.01611	0.02618	0.05436	0.03020	0.70804	0.04228	0.00805	0.00805	0.01208	0.00503	0.00503
83	0.01062	0.00744	0.00949	0.01093	0.01129	0.00708	0.00703	0.01170	0.01493	0.01991	0.04079	0.53741	0.04864	0.19985	0.01868	0.00457	0.00564	0.02068	0.00703	0.00631
84	0.01541	0.01869	0.15486	0.01568	0.02072	0.01386	0.01478	0.02533	0.18084	0.02959	0.18850	0.11981	0.04050	0.01453	0.00908	0.00279	0.00700	0.06741	0.00719	0.05341
85	0.02356	0.19674	0.02559	0.01645	0.02188	0.08485	0.01361	0.03786	0.36704	0.08706	0.02606	0.02473	0.01979	0.00986	0.00756	0.00247	0.00800	0.00765	0.00698	0.01227
86	0.02357	0.50671	0.03824	0.01836	0.06400	0.15293	0.01550	0.02625	0.01807	0.02022	0.01203	0.01435	0.01084	0.00776	0.00698	0.00198	0.04296	0.00494	0.00373	0.01056
87	0.01932	0.24713	0.27830	0.02423	0.03368	0.02409	0.21053	0.02595	0.01797	0.02428	0.01444	0.01773	0.01121	0.00737	0.00768	0.00242	0.01175	0.00674	0.00374	0.01144
88	0.01745	0.03612	0.46926	0.02602	0.03630	0.02024	0.16139	0.02579	0.01755	0.02579	0.01496	0.01868	0.01102	0.00831	0.01011	0.00276	0.07578	0.00706	0.00367	0.01174
89	0.01364	0.00900	0.01114	0.01030	0.01292	0.00803	0.00783	0.01699	0.02229	0.08979	0.43778	0.06376	0.23029	0.01746	0.00967	0.00266	0.00430	0.01508	0.00886	0.00821
90	0.01221	0.00853	0.01096	0.01166	0.01337	0.00754	0.00811	0.01405	0.01656	0.05072	0.04312	0.55786	0.07594	0.02261	0.00991	0.00304	0.00506	0.02032	0.00748	0.10094
91	0.01011	0.00729	0.00958	0.01142	0.01201	0.00676	0.00764	0.01158	0.01605	0.02127	0.04762	0.67285	0.08354	0.02579	0.01057	0.00335	0.00479	0.02333	0.00771	0.00676
92	0.02513	0.02481	0.02159	0.09035	0.02693	0.23406	0.01555	0.18304	0.13198	0.03158	0.02459	0.03012	0.04642	0.01128	0.00843	0.00260	0.01046	0.06361	0.00643	0.01103

[dist]
# distance from previous block
# <min> <max>
0	15

[block]
# block no. 3 follows, 22 sequences, length 27
# corresponding to MSA columns:
# 255-281
name=unknown_D
#
# <colnr> <probs for GDERKNQSTAVLIFYWHMCP>
#	G	D	E	R	K	N	Q	S	T	A	V	L	I	F	Y	W	H	M	C	P
0	0.76672	0.01607	0.01221	0.01092	0.01607	0.01864	0.00900	0.02442	0.01414	0.03727	0.01157	0.01350	0.00900	0.00771	0.00514	0.00257	0.00643	0.00450	0.00514	0.00900
1	0.02127	0.01913	0.01907	0.01717	0.02184	0.05924	0.01332	0.04350	0.60478	0.03390	0.03258	0.03005	0.02449	0.01111	0.00840	0.00278	0.00707	0.00915	0.00821	0.01294
2	0.00992	0.00842	0.00856	0.00853	0.01129	0.00706	0.00639	0.01212	0.01918	0.02303	0.11470	0.07899	0.62194	0.02082	0.00982	0.00279	0.00419	0.01740	0.00779	0.00706
3	0.02221	0.71304	0.04353	0.01421	0.02132	0.03287	0.01421	0.02488	0.01688	0.01955	0.01155	0.01333	0.01066	0.00711	0.00533	0.00178	0.00888	0.00444	0.00355	0.01066
4	0.01040	0.00844	0.00922	0.00902	0.01158	0.00726	0.00677	0.01304	0.02030	0.02568	0.25342	0.07461	0.48156	0.01983	0.00981	0.00275	0.00412	0.01678	0.00814	0.00726
5	0.01938	0.01211	0.01440	0.01231	0.01597	0.01177	0.00968	0.13475	0.02548	0.13310	0.31782	0.04986	0.14010	0.01483	0.00908	0.00258	0.00544	0.01255	0.04891	0.00988
6	0.01012	0.00723	0.00964	0.01157	0.01205	0.00675	0.00771	0.01157	0.01591	0.02121	0.04579	0.70262	0.05495	0.02603	0.01060	0.00337	0.00482	0.02362	0.00771	0.00675
7	0.02126	0.01910	0.01906	0.01716	0.02184	0.05826	0.01332	0.04351	0.60571	0.03392	0.03261	0.03007	0.02452	0.01111	0.00840	0.00278	0.00706	0.00916	0.00821	0.01295
8	0.01187	0.00890	0.01335	0.01335	0.01483	0.01038	0.01038	0.01483	0.01335	0.01928	0.02225	0.03264	0.02077	0.06231	0.67512	0.01335	0.02225	0.00890	0.00445	0.00742
9	0.01208	0.00805	0.00906	0.00906	0.00906	0.00805	0.00503	0.01208	0.01208	0.01611	0.02618	0.05436	0.03020	0.70804	0.04228	0.00805	0.00805	0.01208	0.00503	0.00503
10	0.01666	0.04297	0.66500	0.02368	0.03596	0.01929	0.03069	0.02631	0.01754	0.02631	0.01491	0.01754	0.01052	0.00789	0.00789	0.00263	0.01228	0.00614	0.00351	0.01228
11	0.02221	0.71304	0.04353	0.01421	0.02132	0.03287	0.01421	0.02488	0.01688	0.01955	0.01155	0.01333	0.01066	0.00711	0.00533	0.00178	0.00888	0.00444	0.00355	0.01066
12	0.03727	0.01414	0.01928	0.01478	0.02121	0.01221	0.01221	0.04049	0.02378	0.66198	0.03277	0.02828	0.02056	0.01028	0.00835	0.00257	0.00707	0.00835	0.01028	0.01414
13	0.03106	0.03869	0.02362	0.02127	0.02569	0.63867	0.01604	0.06622	0.02440	0.02211	0.01324	0.01526	0.01089	0.00864	0.00754	0.00216	0.01466	0.00547	0.00450	0.00988
14	0.00982	0.00842	0.00842	0.00842	0.01122	0.00701	0.00631	0.01192	0.01894	0.02244	0.08416	0.07995	0.65285	0.02104	0.00982	0.00281	0.00421	0.01753	0.00771	0.00701
15	0.03103	0.03959	0.02354	0.02140	0.02568	0.67469	0.01605	0.03317	0.02354	0.02033	0.01284	0.01498	0.01070	0.00856	0.00749	0.00214	0.01498	0.00535	0.00428	0.00963
16	0.01208	0.00805	0.00906	0.00906	0.00906	0.00805	0.00503	0.01208	0.01208	0.01611	0.02618	0.05436	0.03020	0.70804	0.04228	0.00805	0.00805	0.01208	0.00503	0.00503
17	0.02056	0.01974	0.03372	0.05099	0.65622	0.01974	0.02550	0.02550	0.01892	0.02714	0.01563	0.02056	0.01316	0.00740	0.00822	0.00247	0.00987	0.00740	0.00411	0.01316
18	0.02472	0.01694	0.01891	0.01639	0.02151	0.01860	0.01292	0.04325	0.49024	0.18812	0.03356	0.03033	0.02419	0.01103	0.00843	0.00276	0.00670	0.00914	0.00890	0.01339
19	0.02284	0.01905	0.02287	0.13011	0.02967	0.02174	0.04283	0.20289	0.34120	0.03706	0.02601	0.02605	0.01927	0.01022	0.00845	0.00272	0.00837	0.00854	0.00743	0.01268
20	0.01960	0.01851	0.03125	0.04657	0.58599	0.01844	0.02357	0.02442	0.01942	0.02781	0.08503	0.02509	0.02027	0.00845	0.00840	0.00248	0.00922	0.00823	0.00466	0.01258
21	0.05824	0.01832	0.01969	0.04618	0.09306	0.08041	0.01380	0.19316	0.08570	0.03625	0.15369	0.03054	0.02879	0.01094	0.00811	0.00246	0.00777	0.00893	0.09298	0.01098
22	0.01208	0.00805	0.00906	0.00906	0.00906	0.00805	0.00503	0.01208	0.01208	0.01611	0.02618	0.05436	0.03020	0.70804	0.04228	0.00805	0.00805	0.01208	0.00503	0.00503
23	0.01696	0.07919	0.63141	0.02317	0.03516	0.02003	0.02980	0.02623	0.01750	0.02594	0.01473	0.01731	0.01053	0.00785	0.00775	0.00258	0.01209	0.00605	0.00351	0.01219
24	0.02014	0.02227	0.10259	0.04801	0.58856	0.01969	0.02606	0.02558	0.01877	0.02705	0.01555	0.02023	0.01287	0.00746	0.00819	0.00249	0.01013	0.00726	0.00405	0.01306
25	0.01845	0.01717	0.02746	0.27745	0.31880	0.01890	0.02232	0.02610	0.10381	0.02592	0.01919	0.02613	0.01576	0.00902	0.00844	0.00269	0.00975	0.03646	0.00473	0.01145
26	0.01151	0.00846	0.01062	0.01009	0.01207	0.00774	0.00748	0.01496	0.02227	0.03088	0.53958	0.06412	0.15545	0.05461	0.01154	0.00293	0.00418	0.01521	0.00873	0.00757

[dist]
# distance from previous block
# <min> <max>
0	3

[block]
# block no. 4 follows, 22 sequences, length 65
# corresponding to MSA columns:
# 285-349
name=unknown_E
#
# <colnr> <probs for GDERKNQSTAVLIFYWHMCP>
#	G	D	E	R	K	N	Q	S	T	A	V	L	I	F	Y	W	H	M	C	P
0	0.02500	0.02855	0.02535	0.17072	0.06807	0.35309	0.05501	0.06113	0.05864	0.02380	0.01567	0.01926	0.01250	0.01075	0.03488	0.00285	0.01326	0.00668	0.00460	0.01019
