[name]
unknown

[dist]
# distance from previous block
# <min> <max>
28	60

[block]
# block no. 0 follows, 22 sequences, length 103
# corresponding to MSA columns:
# 71-173
name=unknown_A
#
# <colnr> <probs for GDERKNQSTAVLIFYWHMCP>
#	G	D	E	R	K	N	Q	S	T	A	V	L	I	F	Y	W	H	M	C	P
0	0.09663	0.07091	0.13371	0.01973	0.02581	0.34742	0.01744	0.06545	0.09834	0.02650	0.01599	0.01745	0.01251	0.00870	0.00738	0.00235	0.01201	0.00597	0.00493	0.01077
1	0.02839	0.03485	0.02335	0.05968	0.02690	0.53704	0.01636	0.03250	0.07447	0.02158	0.01459	0.01697	0.01197	0.00918	0.00897	0.00234	0.06050	0.00594	0.00455	0.00987
2	0.02019	0.01680	0.05305	0.01436	0.01967	0.01558	0.01209	0.18884	0.11305	0.06875	0.09235	0.04163	0.19758	0.01327	0.00860	0.00250	0.00670	0.01084	0.00769	0.09647
3	0.01035	0.00844	0.00912	0.00930	0.01167	0.00720	0.00670	0.01227	0.01784	0.02205	0.06961	0.20876	0.46174	0.05873	0.01158	0.00314	0.00464	0.01796	0.00744	0.04148
4	0.01659	0.01029	0.01313	0.01273	0.01435	0.01044	0.00912	0.11916	0.01835	0.05145	0.02910	0.30380	0.03135	0.02363	0.01825	0.28405	0.00655	0.01407	0.00640	0.00717
5	0.02953	0.03592	0.02634	0.02404	0.06254	0.53880	0.06760	0.07299	0.02402	0.02343	0.01382	0.01626	0.01123	0.00846	0.00778	0.00224	0.01421	0.00598	0.00454	0.01027
6	0.00986	0.00824	0.00860	0.00888	0.01134	0.00697	0.00652	0.01187	0.01849	0.02226	0.07849	0.17187	0.56459	0.02178	0.00993	0.00289	0.00430	0.01843	0.00771	0.00697
7	0.02781	0.02696	0.02434	0.02591	0.16023	0.28923	0.01700	0.06381	0.13500	0.11716	0.02041	0.02121	0.01545	0.00911	0.00799	0.00241	0.01095	0.00705	0.00605	0.01189
8	0.02652	0.01960	0.02139	0.01740	0.02264	0.02146	0.01394	0.47237	0.05794	0.04494	0.02607	0.16754	0.02337	0.01348	0.00881	0.00270	0.00811	0.01103	0.00819	0.01250
9	0.01306	0.00946	0.01293	0.01467	0.01666	0.00933	0.01274	0.01673	0.01911	0.02464	0.04766	0.09245	0.10319	0.02277	0.01132	0.00373	0.00733	0.54696	0.00766	0.00759
10	0.03117	0.03540	0.02390	0.02081	0.02570	0.50795	0.01598	0.18614	0.02753	0.02856	0.01467	0.01626	0.01158	0.00892	0.00770	0.00223	0.01348	0.00590	0.00532	0.01079
11	0.07836	0.02227	0.02201	0.01721	0.02361	0.08356	0.01396	0.37539	0.05609	0.04210	0.01815	0.01890	0.01352	0.00891	0.00756	0.00221	0.00876	0.00660	0.00699	0.17384
12	0.01693	0.07509	0.63521	0.02322	0.03525	0.01994	0.02990	0.02624	0.01751	0.02598	0.01475	0.01734	0.01053	0.00786	0.00777	0.00259	0.01211	0.00606	0.00351	0.01220
13	0.02872	0.03574	0.02388	0.02148	0.02499	0.55782	0.01643	0.03080	0.02159	0.02027	0.01249	0.01556	0.01074	0.00964	0.01105	0.00241	0.13700	0.00570	0.00416	0.00953
14	0.02056	0.01974	0.03372	0.05099	0.65622	0.01974	0.02550	0.02550	0.01892	0.02714	0.01563	0.02056	0.01316	0.00740	0.00822	0.00247	0.00987	0.00740	0.00411	0.01316
15	0.02120	0.01994	0.03321	0.04914	0.61969	0.02009	0.02493	0.06044	0.02008	0.02860	0.01588	0.02053	0.01322	0.00755	0.00823	0.00247	0.00983	0.00741	0.00436	0.01322
16	0.01136	0.00875	0.01195	0.01195	0.01371	0.00945	0.00916	0.01400	0.01471	0.01996	0.03797	0.04534	0.18010	0.07581	0.48437	0.01050	0.01719	0.01119	0.00529	0.00723
17	0.01113	0.00771	0.00928	0.01012	0.01046	0.00744	0.00625	0.01185	0.01406	0.01862	0.03742	0.33636	0.07041	0.38010	0.02702	0.00578	0.00647	0.01734	0.00632	0.00587
18	0.01006	0.00749	0.00938	0.01089	0.01187	0.00680	0.00741	0.01164	0.01656	0.02147	0.05406	0.56840	0.18383	0.02495	0.01043	0.00325	0.00469	0.02231	0.00771	0.00680
19	0.02566	0.02822	0.02613	0.17080	0.09867	0.31937	0.04841	0.10717	0.04905	0.02630	0.01554	0.01881	0.01219	0.00860	0.00801	0.00242	0.01244	0.00667	0.00483	0.01072
20	0.03118	0.03514	0.02392	0.02078	0.02570	0.49783	0.01598	0.19543	0.02777	0.02906	0.01478	0.01633	0.01163	0.00895	0.00771	0.00224	0.01339	0.00593	0.00538	0.01086
21	0.01187	0.00890	0.01335	0.01335	0.01483	0.01038	0.01038	0.01483	0.01335	0.01928	0.02225	0.03264	0.02077	0.06231	0.67512	0.01335	0.02225	0.00890	0.00445	0.00742
22	0.01131	0.00869	0.01049	0.01066	0.01296	0.00787	0.00840	0.01446	0.02068	0.02701	0.28670	0.07626	0.30870	0.01994	0.01017	0.00295	0.00484	0.14222	0.00823	0.00746
23	0.02526	0.20974	0.19841	0.02111	0.08477	0.02271	0.01949	0.13706	0.02260	0.15494	0.01852	0.01925	0.01344	0.00849	0.00741	0.00235	0.00956	0.00648	0.00578	0.01263
24	0.02056	0.01974	0.03372	0.05099	0.65622	0.01974	0.02550	0.02550	0.01892	0.02714	0.01563	0.02056	0.01316	0.00740	0.00822	0.00247	0.00987	0.00740	0.00411	0.01316
25	0.00982	0.00842	0.00842	0.00842	0.01122	0.00701	0.00631	0.01192	0.01894	0.02244	0.08416	0.07995	0.65285	0.02104	0.00982	0.00281	0.00421	0.01753	0.00771	0.00701
26	0.02050	0.01992	0.03477	0.04990	0.61423	0.01983	0.06665	0.02557	0.01896	0.02710	0.01571	0.02069	0.01312	0.00737	0.00833	0.00249	0.01015	0.00757	0.00412	0.01303
27	0.01335	0.01272	0.05474	0.22588	0.02937	0.01344	0.01555	0.01751	0.01462	0.02030	0.01947	0.02847	0.01713	0.04219	0.42701	0.00941	0.01816	0.00826	0.00416	0.00827
28	0.01172	0.00896	0.01111	0.01223	0.01444	0.00835	0.01013	0.01470	0.01887	0.02365	0.06076	0.12215	0.29935	0.02233	0.01074	0.00338	0.00606	0.32606	0.00768	0.00733
29	0.06137	0.01885	0.01869	0.13603	0.02623	0.10996	0.01374	0.18540	0.05382	0.03139	0.03789	0.03821	0.20915	0.01280	0.00849	0.00261	0.00853	0.01017	0.00656	0.01010
30	0.02341	0.02643	0.16020	0.02923	0.11671	0.02219	0.21170	0.24064	0.02603	0.03578	0.01739	0.02032	0.01281	0.00829	0.00869	0.00261	0.01139	0.00793	0.00552	0.01272
31	0.02484	0.02390	0.02413	0.02018	0.02458	0.17379	0.05703	0.19882	0.13092	0.03211	0.01936	0.02186	0.01534	0.01554	0.07736	0.00374	0.11157	0.00758	0.00605	0.01131
32	0.02141	0.01846	0.01980	0.06290	0.02306	0.10383	0.01410	0.22034	0.02337	0.03049	0.01927	0.02482	0.01618	0.03231	0.29502	0.00717	0.04396	0.00779	0.00562	0.01011
33	0.13767	0.01683	0.01817	0.01472	0.01973	0.01789	0.01190	0.29312	0.02881	0.07746	0.21097	0.03210	0.03314	0.01162	0.00819	0.00250	0.00691	0.00926	0.00806	0.04095
34	0.02094	0.02066	0.03273	0.07840	0.59230	0.05763	0.02484	0.02575	0.01908	0.02648	0.01543	0.02031	0.01292	0.00751	0.00819	0.00246	0.01022	0.00728	0.00410	0.01277
35	0.01626	0.01381	0.01615	0.01205	0.01862	0.01051	0.00949	0.01968	0.01719	0.02634	0.02076	0.07923	0.04668	0.00858	0.00671	0.00149	0.00594	0.00714	0.00530	0.65805
36	0.02238	0.02414	0.02731	0.12854	0.31349	0.22040	0.02104	0.02643	0.02004	0.02398	0.01747	0.02634	0.01555	0.00943	0.00833	0.00254	0.01139	0.06576	0.00446	0.01097
37	0.01187	0.00890	0.01335	0.01335	0.01483	0.01038	0.01038	0.01483	0.01335	0.01928	0.02225	0.03264	0.02077	0.06231	0.67512	0.01335	0.02225	0.00890	0.00445	0.00742
38	0.01187	0.00890	0.01335	0.01335	0.01483	0.01038	0.01038	0.01483	0.01335	0.01928	0.02225	0.03264	0.02077	0.06231	0.67512	0.01335	0.02225	0.00890	0.00445	0.00742
39	0.01873	0.29227	0.43379	0.02016	0.03051	0.02434	0.02456	0.02578	0.01729	0.02379	0.01366	0.01597	0.01057	0.00760	0.00694	0.00231	0.01101	0.00551	0.00352	0.01168
40	0.00992	0.00842	0.00856	0.00853	0.01129	0.00706	0.00639	0.01213	0.01918	0.02303	0.11498	0.07898	0.62166	0.02082	0.00982	0.00279	0.00419	0.01740	0.00779	0.00706
41	0.01012	0.00723	0.00964	0.01157	0.01205	0.00675	0.00771	0.01157	0.01591	0.02121	0.04579	0.70262	0.05495	0.02603	0.01060	0.00337	0.00482	0.02362	0.00771	0.00675
42	0.06507	0.03413	0.02339	0.02031	0.02526	0.47053	0.01566	0.19235	0.02727	0.02970	0.01469	0.01624	0.01154	0.00890	0.00760	0.00225	0.01302	0.00588	0.00540	0.01081
43	0.01162	0.00849	0.01092	0.01031	0.01233	0.00778	0.00773	0.01542	0.02320	0.03257	0.61294	0.06328	0.11775	0.01726	0.00980	0.00263	0.00394	0.01520	0.00905	0.00778
44	0.02934	0.12159	0.02696	0.05214	0.02668	0.25220	0.01603	0.31003	0.02956	0.03525	0.01609	0.01743	0.01232	0.00901	0.00762	0.00229	0.01123	0.00632	0.00604	0.01185
45	0.01782	0.01347	0.01507	0.01325	0.01682	0.01387	0.01028	0.20837	0.06204	0.03516	0.20091	0.14471	0.18127	0.01669	0.00938	0.00274	0.00591	0.01415	0.00831	0.00978
46	0.02709	0.03213	0.02737	0.03253	0.26282	0.42837	0.01960	0.03029	0.02180	0.02289	0.01389	0.01708	0.01163	0.00812	0.00777	0.00226	0.01306	0.00612	0.00422	0.01096
47	0.03337	0.02040	0.02316	0.01775	0.02433	0.02151	0.01467	0.44382	0.03426	0.24384	0.02397	0.02256	0.01615	0.01007	0.00832	0.00252	0.00849	0.00775	0.00893	0.01413
48	0.02258	0.68457	0.04269	0.01452	0.02151	0.06001	0.01429	0.02523	0.01716	0.01958	0.01160	0.01340	0.01066	0.00717	0.00542	0.00179	0.00914	0.00448	0.00358	0.01062
49	0.29823	0.01254	0.01312	0.01161	0.01568	0.01326	0.00931	0.02418	0.01684	0.14823	0.04740	0.02512	0.01857	0.01953	0.13710	0.00453	0.00909	0.00708	0.13250	0.03607
50	0.02056	0.01974	0.03372	0.05099	0.65622	0.01974	0.02550	0.02550	0.01892	0.02714	0.01563	0.02056	0.01316	0.00740	0.00822	0.00247	0.00987	0.00740	0.00411	0.01316
51	0.02181	0.01968	0.01926	0.01735	0.02196	0.08089	0.01358	0.07434	0.51418	0.03383	0.03168	0.03253	0.02467	0.01162	0.00853	0.00280	0.00756	0.04315	0.00801	0.01256
52	0.00982	0.00842	0.00842	0.00842	0.01122	0.00701	0.00631	0.01192	0.01894	0.02244	0.08416	0.07995	0.65285	0.02104	0.00982	0.00281	0.00421	0.01753	0.00771	0.00701
53	0.01569	0.01477	0.02492	0.68808	0.05722	0.01846	0.02307	0.02123	0.01661	0.02123	0.01477	0.02215	0.01107	0.00831	0.00831	0.00277	0.01107	0.00738	0.00369	0.00923
54	0.01824	0.01737	0.02954	0.35384	0.37148	0.01913	0.02434	0.02347	0.01782	0.02433	0.01522	0.02132	0.01217	0.00783	0.00826	0.00261	0.01044	0.00739	0.00391	0.01129
55	0.03158	0.02327	0.02493	0.01911	0.02576	0.02576	0.01579	0.62852	0.03906	0.05236	0.01995	0.01995	0.01413	0.00997	0.00831	0.00249	0.00914	0.00748	0.00831	0.01413
56	0.01187	0.00890	0.01335	0.01335	0.01483	0.01038	0.01038	0.01483	0.01335	0.01928	0.02225	0.03264	0.02077	0.06231	0.67512	0.01335	0.02225	0.00890	0.00445	0.00742
57	0.01012	0.00723	0.00964	0.01157	0.01205	0.00675	0.00771	0.01157	0.01591	0.02121	0.04579	0.70262	0.05495	0.02603	0.01060	0.00337	0.00482	0.02362	0.00771	0.00675
58	0.01836	0.01360	0.02454	0.01989	0.02415	0.01299	0.20332	0.02220	0.01793	0.13783	0.02927	0.22315	0.02809	0.02504	0.15319	0.00520	0.01187	0.01336	0.00637	0.00962
59	0.01012	0.00723	0.00964	0.01157	0.01205	0.00675	0.00771	0.01157	0.01591	0.02121	0.04579	0.70262	0.05495	0.02603	0.01060	0.00337	0.00482	0.02362	0.00771	0.00675
60	0.03158	0.02327	0.02493	0.01911	0.02576	0.02576	0.01579	0.62852	0.03906	0.05236	0.01995	0.01995	0.01413	0.00997	0.00831	0.00249	0.00914	0.00748	0.00831	0.01413
61	0.02056	0.01974	0.03372	0.05099	0.65622	0.01974	0.02550	0.02550	0.01892	0.02714	0.01563	0.02056	0.01316	0.00740	0.00822	0.00247	0.00987	0.00740	0.00411	0.01316
62	0.01012	0.00723	0.00964	0.01157	0.01205	0.00675	0.00771	0.01157	0.01591	0.02121	0.04579	0.70262	0.05495	0.02603	0.01060	0.00337	0.00482	0.02362	0.00771	0.00675
63	0.01085	0.00754	0.00942	0.01063	0.01094	0.00723	0.00672	0.01176	0.01448	0.01931	0.03849	0.46144	0.04574	0.27977	0.02239	0.00512	0.00602	0.01932	0.00672	0.00611
64	0.02735	0.02701	0.16234	0.01989	0.02757	0.02390	0.01876	0.44457	0.09020	0.04511	0.02014	0.02045	0.01439	0.00964	0.00823	0.00255	0.00958	0.00737	0.00729	0.01364
65	0.01176	0.00849	0.01110	0.01045	0.01241	0.00784	0.00784	0.01568	0.02352	0.03331	0.65184	0.06206	0.07839	0.01698	0.00980	0.00261	0.00392	0.01502	0.00914	0.00784
66	0.02625	0.03162	0.02425	0.02155	0.02424	0.43314	0.01684	0.02827	0.01952	0.02021	0.01212	0.01617	0.01078	0.01079	0.01485	0.00270	0.26718	0.00606	0.00404	0.00943
67	0.02088	0.02057	0.03272	0.08145	0.59183	0.05524	0.02486	0.02570	0.01905	0.02647	0.01543	0.02034	0.01292	0.00751	0.00819	0.00246	0.01021	0.00729	0.00410	0.01277
68	0.02056	0.01974	0.03372	0.05099	0.65622	0.01974	0.02550	0.02550	0.01892	0.02714	0.01563	0.02056	0.01316	0.00740	0.00822	0.00247	0.00987	0.00740	0.00411	0.01316
69	0.01029	0.00735	0.00983	0.01176	0.01231	0.00689	0.00800	0.01185	0.01607	0.02139	0.04570	0.67197	0.05459	0.02587	0.01065	0.00340	0.00496	0.05264	0.00771	0.00679
70	0.02849	0.02144	0.02327	0.01765	0.02445	0.02260	0.01451	0.49754	0.03435	0.04691	0.01883	0.01936	0.01373	0.00915	0.00785	0.00222	0.00850	0.00693	0.00758	0.17466
71	0.02223	0.01780	0.02081	0.17053	0.02933	0.04806	0.01533	0.29928	0.02709	0.03554	0.02529	0.20109	0.02409	0.01378	0.00888	0.00277	0.00870	0.01164	0.00691	0.01085
72	0.01666	0.04297	0.66500	0.02368	0.03596	0.01929	0.03069	0.02631	0.01754	0.02631	0.01491	0.01754	0.01052	0.00789	0.00789	0.00263	0.01228	0.00614	0.00351	0.01228
73	0.01421	0.01235	0.01785	0.01650	0.01743	0.01599	0.01328	0.01675	0.01312	0.01955	0.01803	0.02726	0.01710	0.04453	0.43409	0.00974	0.27174	0.00829	0.00415	0.00804
74	0.01666	0.04297	0.66500	0.02368	0.03596	0.01929	0.03069	0.02631	0.01754	0.02631	0.01491	0.01754	0.01052	0.00789	0.00789	0.00263	0.01228	0.00614	0.00351	0.01228
75	0.01686	0.04156	0.62279	0.02445	0.03647	0.01941	0.07149	0.02633	0.01768	0.02633	0.01504	0.01787	0.01067	0.00783	0.00802	0.00264	0.01240	0.00639	0.00356	0.01220
76	0.01490	0.00790	0.00849	0.00845	0.01034	0.00799	0.00637	0.01869	0.01746	0.03005	0.06946	0.03326	0.02516	0.01505	0.06808	0.00304	0.00558	0.00835	0.63366	0.00772
77	0.01187	0.00890	0.01335	0.01335	0.01483	0.01038	0.01038	0.01483	0.01335	0.01928	0.02225	0.03264	0.02077	0.06231	0.67512	0.01335	0.02225	0.00890	0.00445	0.00742
78	0.01542	0.01202	0.01627	0.01497	0.01664	0.01466	0.01196	0.06987	0.01597	0.02382	0.02020	0.02817	0.01811	0.04057	0.38979	0.00882	0.16497	0.00827	0.10107	0.00841
79	0.01132	0.00806	0.01080	0.01196	0.01273	0.00832	0.00845	0.01328	0.01548	0.02180	0.03836	0.49135	0.04381	0.03000	0.12312	0.00493	0.03912	0.01880	0.08125	0.00707
80	0.00982	0.00842	0.00842	0.00842	0.01122	0.00701	0.00631	0.01192	0.01894	0.02244	0.08416	0.07995	0.65285	0.02104	0.00982	0.00281	0.00421	0.01753	0.00771	0.00701
81	0.01961	0.02241	0.04902	0.03501	0.04342	0.02101	0.62605	0.02661	0.01961	0.02661	0.01681	0.02241	0.01261	0.00700	0.00980	0.00280	0.01401	0.00980	0.00420	0.01120
82	0.02056	0.01974	0.03372	0.05099	0.65622	0.01974	0.02550	0.02550	0.01892	0.02714	0.01563	0.02056	0.01316	0.00740	0.00822	0.00247	0.00987	0.00740	0.00411	0.01316
83	0.03370	0.01987	0.02283	0.01750	0.02407	0.02072	0.01446	0.40974	0.03337	0.27916	0.02472	0.02304	0.01652	0.01009	0.00833	0.00252	0.00837	0.00780	0.00904	0.01413
84	0.01187	0.00890	0.01335	0.01335	0.01483	0.01038	0.01038	0.01483	0.01335	0.01928	0.02225	0.03264	0.02077	0.06231	0.67512	0.01335	0.02225	0.00890	0.00445	0.00742
85	0.01981	0.01995	0.03693	0.11176	0.43058	0.01995	0.18643	0.02536	0.01887	0.02639	0.01586	0.02122	0.01280	0.00739	0.00866	0.00259	0.01110	0.00804	0.00409	0.01223
86	0.01058	0.00866	0.00948	0.00989	0.01250	0.00756	0.00783	0.01305	0.01898	0.02296	0.07556	0.08290	0.52332	0.02145	0.01017	0.00302	0.00494	0.14230	0.00770	0.00715
87	0.01012	0.00723	0.00964	0.01157	0.01205	0.00675	0.00771	0.01157	0.01591	0.02121	0.04579	0.70262	0.05495	0.02603	0.01060	0.00337	0.00482	0.02362	0.00771	0.00675
88	0.02279	0.02068	0.01986	0.01759	0.02242	0.09119	0.01370	0.09710	0.51927	0.03484	0.03028	0.02826	0.02275	0.01086	0.00834	0.00272	0.00771	0.00878	0.00799	0.01286
89	0.02428	0.55525	0.03885	0.01590	0.02234	0.18326	0.01465	0.02682	0.01844	0.01973	0.01185	0.01371	0.01067	0.00745	0.00584	0.00186	0.01031	0.00465	0.00372	0.01042
90	0.02034	0.02104	0.06913	0.04946	0.62143	0.01971	0.02579	0.02554	0.01884	0.02709	0.01559	0.02039	0.01301	0.00743	0.00821	0.00248	0.01000	0.00733	0.00408	0.01311
91	0.01207	0.00810	0.00930	0.00930	0.00938	0.00818	0.00533	0.01224	0.01215	0.01629	0.02596	0.05315	0.02967	0.67183	0.07778	0.00835	0.00885	0.01190	0.00500	0.00517
92	0.01666	0.04297	0.66500	0.02368	0.03596	0.01929	0.03069	0.02631	0.01754	0.02631	0.01491	0.01754	0.01052	0.00789	0.00789	0.00263	0.01228	0.00614	0.00351	0.01228
93	0.01924	0.01839	0.03133	0.22406	0.49350	0.01939	0.02484	0.02434	0.01829	0.02553	0.01539	0.02099	0.01259	0.00765	0.00825	0.00255	0.01020	0.00740	0.00400	0.01209
94	0.01208	0.00805	0.00906	0.00906	0.00906	0.00805	0.00503	0.01208	0.01208	0.01611	0.02618	0.05436	0.03020	0.70804	0.04228	0.00805	0.00805	0.01208	0.00503	0.00503
95	0.01187	0.00890	0.01335	0.01335	0.01483	0.01038	0.01038	0.01483	0.01335	0.01928	0.02225	0.03264	0.02077	0.06231	0.67512	0.01335	0.02225	0.00890	0.00445	0.00742
96	0.01187	0.00890	0.01335	0.01335	0.01483	0.01038	0.01038	0.01483	0.01335	0.01928	0.02225	0.03264	0.02077	0.06231	0.67512	0.01335	0.02225	0.00890	0.00445	0.00742
97	0.02221	0.71304	0.04353	0.01421	0.02132	0.03287	0.01421	0.02488	0.01688	0.01955	0.01155	0.01333	0.01066	0.00711	0.00533	0.00178	0.00888	0.00444	0.00355	0.01066
98	0.01726	0.00971	0.01287	0.01138	0.01431	0.00878	0.00878	0.02102	0.02357	0.16883	0.51839	0.05477	0.06592	0.01554	0.00949	0.00260	0.00460	0.01359	0.00939	0.00920
99	0.01012	0.00723	0.00964	0.01157	0.01205	0.00675	0.00771	0.01157	0.01591	0.02121	0.04579	0.70262	0.05495	0.02603	0.01060	0.00337	0.00482	0.02362	0.00771	0.00675
100	0.03103	0.03959	0.02354	0.02140	0.02568	0.67469	0.01605	0.03317	0.02354	0.02033	0.01284	0.01498	0.01070	0.00856	0.00749	0.00214	0.01498	0.00535	0.00428	0.00963
101	0.30474	0.03084	0.01933	0.01750	0.02210	0.43061	0.01343	0.02992	0.02004	0.02663	0.01237	0.01443	0.01007	0.00824	0.00662	0.00230	0.01180	0.00503	0.00460	0.00939
102	0.01187	0.00890	0.01335	0.01335	0.01483	0.01038	0.01038	0.01483	0.01335	0.01928	0.02225	0.03264	0.02077	0.06231	0.67512	0.01335	0.02225	0.00890	0.00445	0.00742

[dist]
# distance from previous block
# <min> <max>
0	1

[block]
# block no. 1 follows, 22 sequences, length 121
# corresponding to MSA columns:
# 175-295
name=unknown_B
#
# <colnr> <probs for GDERKNQSTAVLIFYWHMCP>
#	G	D	E	R	K	N	Q	S	T	A	V	L	I	F	Y	W	H	M	C	P
0	0.01026	0.00856	0.00902	0.00926	0.01195	0.00733	0.00718	0.01257	0.01896	0.02274	0.07924	0.08163	0.57874	0.02127	0.01002	0.00293	0.00463	0.08891	0.00771	0.00709
1	0.02176	0.53197	0.03870	0.01619	0.02163	0.06153	0.01515	0.02422	0.01630	0.01968	0.01147	0.01445	0.01072	0.00877	0.01015	0.00219	0.15615	0.00509	0.00361	0.01027
2	0.01741	0.07147	0.54868	0.02615	0.08760	0.02007	0.06252	0.02619	0.01774	0.02608	0.01492	0.01786	0.01087	0.00777	0.00791	0.00259	0.01201	0.00637	0.00360	0.01222
3	0.02705	0.02119	0.02050	0.01685	0.02216	0.10252	0.01348	0.31118	0.12779	0.08968	0.02829	0.02772	0.07049	0.01093	0.00815	0.00249	0.00845	0.00845	0.07036	0.01227
4	0.01864	0.01748	0.05074	0.01934	0.04803	0.01795	0.05984	0.03497	0.39735	0.03155	0.06115	0.04233	0.02981	0.01306	0.00914	0.00297	0.00760	0.11874	0.00761	0.01170
5	0.00982	0.00842	0.00842	0.00842	0.01122	0.00701	0.00631	0.01192	0.01894	0.02244	0.08416	0.07995	0.65285	0.02104	0.00982	0.00281	0.00421	0.01753	0.00771	0.00701
6	0.01666	0.04297	0.66500	0.02368	0.03596	0.01929	0.03069	0.02631	0.01754	0.02631	0.01491	0.01754	0.01052	0.00789	0.00789	0.00263	0.01228	0.00614	0.00351	0.01228
7	0.02095	0.08319	0.32591	0.02235	0.08111	0.05000	0.02226	0.03025	0.11056	0.10512	0.05299	0.02298	0.01773	0.00909	0.00794	0.00255	0.01003	0.00729	0.00545	0.01223
8	0.01768	0.01806	0.06255	0.02492	0.03110	0.01627	0.37162	0.02359	0.01840	0.02730	0.02012	0.02545	0.01566	0.01206	0.05954	0.00335	0.01162	0.00897	0.22177	0.00996
9	0.01569	0.01477	0.02492	0.68808	0.05722	0.01846	0.02307	0.02123	0.01661	0.02123	0.01477	0.02215	0.01107	0.00831	0.00831	0.00277	0.01107	0.00738	0.00369	0.00923
10	0.05645	0.01797	0.07684	0.20743	0.25481	0.01737	0.05047	0.02247	0.01703	0.02492	0.01672	0.02282	0.01371	0.01653	0.11440	0.00430	0.01213	0.00751	0.03554	0.01059
11	0.01360	0.01637	0.10551	0.01754	0.02271	0.01225	0.15574	0.01827	0.01963	0.02580	0.14332	0.05655	0.28092	0.01554	0.00969	0.00283	0.00780	0.06051	0.00655	0.00887
12	0.01012	0.00723	0.00964	0.01157	0.01205	0.00675	0.00771	0.01157	0.01591	0.02121	0.04579	0.70262	0.05495	0.02603	0.01060	0.00337	0.00482	0.02362	0.00771	0.00675
13	0.01725	0.03814	0.52535	0.02556	0.03654	0.01990	0.13389	0.02604	0.01766	0.02604	0.01504	0.01842	0.01091	0.00807	0.00920	0.00271	0.04688	0.00683	0.00364	0.01193
14	0.01757	0.01721	0.06023	0.03402	0.36824	0.01577	0.01932	0.04900	0.02017	0.02812	0.11268	0.08709	0.08055	0.01224	0.00891	0.00267	0.00818	0.04117	0.00572	0.01113
15	0.01666	0.04297	0.66500	0.02368	0.03596	0.01929	0.03069	0.02631	0.01754	0.02631	0.01491	0.01754	0.01052	0.00789	0.00789	0.00263	0.01228	0.00614	0.00351	0.01228
16	0.07166	0.01423	0.01895	0.01460	0.02096	0.01251	0.01206	0.03973	0.02332	0.63253	0.03177	0.02758	0.02002	0.01016	0.00820	0.00257	0.00704	0.00817	0.01004	0.01390
17	0.02168	0.56363	0.15065	0.01621	0.02408	0.06183	0.01717	0.02553	0.01732	0.02076	0.01220	0.01414	0.01064	0.00731	0.00588	0.00194	0.00977	0.00478	0.00358	0.01089
18	0.01189	0.01169	0.06185	0.01451	0.06750	0.00919	0.01046	0.01495	0.01874	0.02504	0.19305	0.23402	0.22238	0.05282	0.01133	0.00313	0.00559	0.01661	0.00729	0.00796
19	0.01009	0.00850	0.00880	0.00894	0.01168	0.00721	0.00685	0.01233	0.01895	0.02263	0.08108	0.08100	0.60648	0.02119	0.00995	0.00288	0.00447	0.06219	0.00771	0.00706
20	0.01187	0.00890	0.01335	0.01335	0.01483	0.01038	0.01038	0.01483	0.01335	0.01928	0.02225	0.03264	0.02077	0.06231	0.67512	0.01335	0.02225	0.00890	0.00445	0.00742
21	0.02697	0.01915	0.10286	0.11014	0.02934	0.01636	0.05031	0.03611	0.16168	0.31643	0.02740	0.02637	0.01864	0.00975	0.00839	0.00267	0.00855	0.00826	0.00777	0.01284
22	0.03103	0.03959	0.02354	0.02140	0.02568	0.67469	0.01605	0.03317	0.02354	0.02033	0.01284	0.01498	0.01070	0.00856	0.00749	0.00214	0.01498	0.00535	0.00428	0.00963
23	0.02056	0.01974	0.03372	0.05099	0.65622	0.01974	0.02550	0.02550	0.01892	0.02714	0.01563	0.02056	0.01316	0.00740	0.00822	0.00247	0.00987	0.00740	0.00411	0.01316
24	0.01071	0.00870	0.00965	0.01013	0.01271	0.00765	0.00807	0.01324	0.01898	0.02304	0.07415	0.08338	0.50219	0.02151	0.01023	0.00306	0.00506	0.16265	0.00770	0.00717
25	0.02306	0.07556	0.33693	0.02362	0.06223	0.28941	0.02355	0.02901	0.02004	0.02354	0.01392	0.01642	0.01074	0.00810	0.00761	0.00238	0.01309	0.00579	0.00386	0.01115
26	0.01666	0.04297	0.66500	0.02368	0.03596	0.01929	0.03069	0.02631	0.01754	0.02631	0.01491	0.01754	0.01052	0.00789	0.00789	0.00263	0.01228	0.00614	0.00351	0.01228
27	0.01055	0.00756	0.01002	0.01128	0.01214	0.00703	0.00774	0.01264	0.01789	0.02437	0.20388	0.53552	0.06106	0.02367	0.01039	0.00318	0.00458	0.02138	0.00809	0.00703
28	0.02038	0.02081	0.06274	0.04974	0.62771	0.01972	0.02573	0.02553	0.01885	0.02710	0.01559	0.02042	0.01304	0.00742	0.00821	0.00247	0.00998	0.00734	0.00408	0.01312
29	0.02505	0.32230	0.13730	0.01829	0.02553	0.16980	0.01762	0.14383	0.02274	0.02718	0.01401	0.01566	0.01132	0.00811	0.00680	0.00213	0.01082	0.00551	0.00463	0.01137
30	0.01142	0.01235	0.07596	0.01079	0.01445	0.00904	0.00942	0.01563	0.04712	0.02580	0.20182	0.06748	0.43189	0.01837	0.00956	0.00275	0.00506	0.01546	0.00764	0.00800
31	0.01214	0.00881	0.01292	0.01292	0.01444	0.01018	0.01003	0.01518	0.01366	0.02018	0.02262	0.03251	0.02081	0.05827	0.62383	0.01248	0.02084	0.00881	0.06190	0.00744
32	0.02070	0.10543	0.04555	0.01578	0.01911	0.26529	0.01247	0.02272	0.01876	0.02114	0.05587	0.14139	0.02435	0.04699	0.04411	0.06889	0.01058	0.00974	0.04281	0.00833
33	0.01698	0.02591	0.25823	0.03248	0.30068	0.01701	0.02352	0.02306	0.01842	0.02589	0.02917	0.03143	0.14107	0.01033	0.00842	0.00259	0.00960	0.00898	0.00462	0.01160
34	0.02056	0.01974	0.03372	0.05099	0.65622	0.01974	0.02550	0.02550	0.01892	0.02714	0.01563	0.02056	0.01316	0.00740	0.00822	0.00247	0.00987	0.00740	0.00411	0.01316
35	0.01002	0.00763	0.00922	0.01049	0.01177	0.00684	0.00723	0.01169	0.01694	0.02163	0.05886	0.49051	0.25862	0.02433	0.01034	0.00318	0.00461	0.02154	0.00771	0.00684
36	0.02137	0.02189	0.03211	0.04455	0.51635	0.10218	0.05456	0.02593	0.01954	0.02604	0.01834	0.02256	0.04088	0.00813	0.00828	0.00246	0.01048	0.00771	0.00430	0.01234
37	0.01771	0.12472	0.52337	0.02448	0.06662	0.02110	0.05837	0.02610	0.01763	0.02552	0.01462	0.01741	0.01078	0.00772	0.00769	0.00252	0.01181	0.00618	0.00358	0.01207
38	0.01666	0.04297	0.66500	0.02368	0.03596	0.01929	0.03069	0.02631	0.01754	0.02631	0.01491	0.01754	0.01052	0.00789	0.00789	0.00263	0.01228	0.00614	0.00351	0.01228
39	0.05851	0.03416	0.31219	0.02949	0.16997	0.15397	0.07314	0.02747	0.01907	0.02584	0.01463	0.01787	0.01123	0.00784	0.00790	0.00250	0.01215	0.00647	0.00394	0.01168
40	0.05723	0.02900	0.22294	0.05815	0.11394	0.17787	0.02028	0.02473	0.01896	0.02470	0.04449	0.12972	0.02073	0.01129	0.00824	0.00261	0.01072	0.00927	0.00477	0.01036
41	0.02056	0.01974	0.03372	0.05099	0.65622	0.01974	0.02550	0.02550	0.01892	0.02714	0.01563	0.02056	0.01316	0.00740	0.00822	0.00247	0.00987	0.00740	0.00411	0.01316
42	0.03023	0.03807	0.02432	0.02367	0.07400	0.62450	0.01678	0.03258	0.02319	0.02085	0.01305	0.01541	0.01089	0.00847	0.00755	0.00217	0.01459	0.00551	0.00427	0.00990
43	0.76672	0.01607	0.01221	0.01092	0.01607	0.01864	0.00900	0.02442	0.01414	0.03727	0.01157	0.01350	0.00900	0.00771	0.00514	0.00257	0.00643	0.00450	0.00514	0.00900
44	0.01012	0.00723	0.00964	0.01157	0.01205	0.00675	0.00771	0.01157	0.01591	0.02121	0.04579	0.70262	0.05495	0.02603	0.01060	0.00337	0.00482	0.02362	0.00771	0.00675
45	0.00997	0.00842	0.00862	0.00857	0.01131	0.00708	0.00643	0.01221	0.01929	0.02328	0.12766	0.07858	0.60883	0.02073	0.00982	0.00279	0.00419	0.01734	0.00782	0.00708
46	0.00982	0.00842	0.00842	0.00842	0.01122	0.00701	0.00631	0.01192	0.01894	0.02244	0.08416	0.07995	0.65285	0.02104	0.00982	0.00281	0.00421	0.01753	0.00771	0.00701
47	0.01666	0.04297	0.66500	0.02368	0.03596	0.01929	0.03069	0.02631	0.01754	0.02631	0.01491	0.01754	0.01052	0.00789	0.00789	0.00263	0.01228	0.00614	0.00351	0.01228
48	0.02056	0.01974	0.03372	0.05099	0.65622	0.01974	0.02550	0.02550	0.01892	0.02714	0.01563	0.02056	0.01316	0.00740	0.00822	0.00247	0.00987	0.00740	0.00411	0.01316
49	0.03727	0.01414	0.01928	0.01478	0.02121	0.01221	0.01221	0.04049	0.02378	0.66198	0.03277	0.02828	0.02056	0.01028	0.00835	0.00257	0.00707	0.00835	0.01028	0.01414
50	0.01005	0.00751	0.00935	0.01082	0.01185	0.00681	0.00738	0.01165	0.01662	0.02150	0.05490	0.55472	0.19697	0.02484	0.01042	0.00324	0.00467	0.02217	0.00771	0.00681
51	0.01204	0.00822	0.00993	0.00993	0.01022	0.00852	0.00611	0.01264	0.01234	0.01675	0.02538	0.04999	0.02830	0.57796	0.16977	0.00912	0.01091	0.01144	0.00492	0.00551
52	0.76672	0.01607	0.01221	0.01092	0.01607	0.01864	0.00900	0.02442	0.01414	0.03727	0.01157	0.01350	0.00900	0.00771	0.00514	0.00257	0.00643	0.00450	0.00514	0.00900
53	0.02926	0.17526	0.02757	0.01995	0.02480	0.54539	0.01568	0.03150	0.02220	0.02017	0.01258	0.01465	0.01069	0.00827	0.00706	0.00207	0.01375	0.00517	0.00413	0.00984
54	0.01012	0.00723	0.00964	0.01157	0.01205	0.00675	0.00771	0.01157	0.01591	0.02121	0.04579	0.70262	0.05495	0.02603	0.01060	0.00337	0.00482	0.02362	0.00771	0.00675
55	0.02427	0.01901	0.02035	0.01735	0.02262	0.02150	0.01376	0.19020	0.45813	0.07206	0.03029	0.02809	0.02230	0.01089	0.00841	0.00272	0.00724	0.00886	0.00851	0.01345
56	0.01012	0.00723	0.00964	0.01157	0.01205	0.00675	0.00771	0.01157	0.01591	0.02121	0.04579	0.70262	0.05495	0.02603	0.01060	0.00337	0.00482	0.02362	0.00771	0.00675
57	0.02056	0.01974	0.03372	0.05099	0.65622	0.01974	0.02550	0.02550	0.01892	0.02714	0.01563	0.02056	0.01316	0.00740	0.00822	0.00247	0.00987	0.00740	0.00411	0.01316
58	0.01873	0.19296	0.39469	0.02698	0.15723	0.02252	0.02585	0.02581	0.01766	0.02491	0.01428	0.01717	0.01108	0.00761	0.00737	0.00240	0.01101	0.00600	0.00364	0.01208
59	0.01783	0.06538	0.48100	0.02934	0.16037	0.02004	0.05897	0.02610	0.01789	0.02621	0.01501	0.01822	0.01116	0.00772	0.00795	0.00257	0.01174	0.00651	0.00367	0.01233
60	0.01532	0.01028	0.01265	0.01194	0.01326	0.01211	0.00935	0.01842	0.01576	0.02639	0.02421	0.07962	0.02138	0.01775	0.08347	0.00368	0.16758	0.00897	0.43993	0.00795
61	0.00982	0.00842	0.00842	0.00842	0.01122	0.00701	0.00631	0.01192	0.01894	0.02244	0.08416	0.07995	0.65285	0.02104	0.00982	0.00281	0.00421	0.01753	0.00771	0.00701
62	0.03103	0.03959	0.02354	0.02140	0.02568	0.67469	0.01605	0.03317	0.02354	0.02033	0.01284	0.01498	0.01070	0.00856	0.00749	0.00214	0.01498	0.00535	0.00428	0.00963
63	0.03005	0.03795	0.02369	0.02143	0.02539	0.62494	0.01621	0.03216	0.02271	0.02031	0.01269	0.01523	0.01072	0.00902	0.00901	0.00225	0.06693	0.00550	0.00423	0.00959
64	0.01622	0.00845	0.00853	0.00826	0.01041	0.00856	0.00626	0.04708	0.01841	0.03194	0.02677	0.03047	0.02097	0.00969	0.00592	0.00196	0.00411	0.00773	0.72022	0.00803
65	0.01070	0.00747	0.00947	0.01083	0.01116	0.00713	0.00692	0.01172	0.01477	0.01970	0.03998	0.51067	0.04762	0.22798	0.01998	0.00476	0.00578	0.02020	0.00692	0.00624
66	0.03027	0.03707	0.02325	0.02094	0.02537	0.59053	0.01582	0.06524	0.07169	0.02312	0.01482	0.01647	0.01200	0.00884	0.00761	0.00221	0.01403	0.00577	0.00481	0.01014
67	0.01113	0.00884	0.01024	0.01094	0.01342	0.00795	0.00891	0.01386	0.01900	0.02333	0.06942	0.08500	0.43094	0.02174	0.01043	0.00318	0.00547	0.23127	0.00769	0.00725
68	0.09858	0.17874	0.27015	0.02047	0.02866	0.08772	0.09386	0.02536	0.01777	0.02504	0.01631	0.07099	0.01419	0.00911	0.00746	0.00247	0.01082	0.00735	0.00419	0.01074
69	0.02081	0.01478	0.01740	0.01346	0.01917	0.01331	0.01077	0.14403	0.02396	0.10103	0.18390	0.03064	0.03078	0.01018	0.00777	0.00199	0.00627	0.00844	0.00727	0.33404
70	0.00982	0.00842	0.00842	0.00842	0.01122	0.00701	0.00631	0.01192	0.01894	0.02244	0.08416	0.07995	0.65285	0.02104	0.00982	0.00281	0.00421	0.01753	0.00771	0.00701
71	0.02165	0.01810	0.02001	0.06854	0.02471	0.02088	0.01421	0.13436	0.47096	0.03587	0.02966	0.02862	0.02228	0.01298	0.03639	0.00320	0.00799	0.00891	0.00790	0.01276
72	0.01666	0.04297	0.66500	0.02368	0.03596	0.01929	0.03069	0.02631	0.01754	0.02631	0.01491	0.01754	0.01052	0.00789	0.00789	0.00263	0.01228	0.00614	0.00351	0.01228
73	0.02373	0.19186	0.18816	0.02229	0.03001	0.21335	0.11645	0.07417	0.02111	0.02506	0.01422	0.01679	0.01121	0.00792	0.00752	0.00231	0.01231	0.00621	0.00422	0.01111
74	0.01908	0.23395	0.03040	0.01898	0.02127	0.02692	0.01651	0.02123	0.01405	0.01981	0.01174	0.01747	0.01138	0.01488	0.05639	0.00360	0.44273	0.00648	0.00365	0.00948
75	0.01036	0.00782	0.00958	0.01043	0.01188	0.00704	0.00733	0.01248	0.01829	0.02396	0.17689	0.39566	0.23255	0.02279	0.01022	0.00306	0.00446	0.02016	0.00800	0.00704
76	0.01888	0.02827	0.23768	0.03470	0.16425	0.02022	0.32004	0.02629	0.01882	0.02662	0.01598	0.02052	0.01207	0.00736	0.00889	0.00268	0.01264	0.00818	0.00397	0.01193
77	0.76672	0.01607	0.01221	0.01092	0.01607	0.01864	0.00900	0.02442	0.01414	0.03727	0.01157	0.01350	0.00900	0.00771	0.00514	0.00257	0.00643	0.00450	0.00514	0.00900
78	0.01723	0.01477	0.01723	0.01230	0.01969	0.01107	0.00984	0.02092	0.01723	0.02707	0.01477	0.01723	0.01230	0.00615	0.00615	0.00123	0.00615	0.00492	0.00492	0.75883
79	0.01203	0.00826	0.01010	0.01010	0.01045	0.00862	0.00632	0.01275	0.01239	0.01687	0.02523	0.04912	0.02793	0.55224	0.19498	0.00933	0.01148	0.01131	0.00489	0.00561
80	0.01006	0.00747	0.00939	0.01093	0.01188	0.00680	0.00743	0.01164	0.01652	0.02146	0.05352	0.57718	0.17540	0.02502	0.01045	0.00326	0.00470	0.02239	0.00771	0.00680
81	0.02221	0.71304	0.04353	0.01421	0.02132	0.03287	0.01421	0.02488	0.01688	0.01955	0.01155	0.01333	0.01066	0.00711	0.00533	0.00178	0.00888	0.00444	0.00355	0.01066
82	0.01075	0.00768	0.01030	0.01158	0.01219	0.00766	0.00788	0.01230	0.01486	0.02011	0.03833	0.47774	0.04463	0.12825	0.14856	0.00603	0.00877	0.01905	0.00668	0.00664
83	0.02066	0.01785	0.01878	0.01691	0.02160	0.02066	0.01315	0.04414	0.64121	0.03475	0.03381	0.03099	0.02536	0.01127	0.00845	0.00282	0.00657	0.00939	0.00845	0.01315
84	0.01537	0.01202	0.01569	0.01856	0.14306	0.01136	0.01148	0.02037	0.07768	0.07511	0.14345	0.05691	0.33464	0.01598	0.00926	0.00269	0.00575	0.01367	0.00746	0.00949
85	0.00985	0.00830	0.00854	0.00873	0.01130	0.00699	0.00645	0.01189	0.01863	0.02232	0.08027	0.14300	0.59231	0.02154	0.00990	0.00286	0.00427	0.01815	0.00771	0.00699
86	0.01012	0.00723	0.00964	0.01157	0.01205	0.00675	0.00771	0.01157	0.01591	0.02121	0.04579	0.70262	0.05495	0.02603	0.01060	0.00337	0.00482	0.02362	0.00771	0.00675
87	0.01961	0.02241	0.04902	0.03501	0.04342	0.02101	0.62605	0.02661	0.01961	0.02661	0.01681	0.02241	0.01261	0.00700	0.00980	0.00280	0.01401	0.00980	0.00420	0.01120
88	0.02748	0.01733	0.01896	0.01508	0.02028	0.01847	0.01228	0.36445	0.03044	0.12847	0.02385	0.02441	0.01717	0.00993	0.00756	0.00233	0.00727	0.00768	0.23436	0.01220
89	0.01765	0.01677	0.02846	0.43170	0.29827	0.01897	0.02405	0.02294	0.01754	0.02361	0.01511	0.02151	0.01191	0.00794	0.00827	0.00265	0.01059	0.00739	0.00386	0.01081
90	0.01045	0.00844	0.00929	0.00908	0.01161	0.00728	0.00681	0.01315	0.02043	0.02600	0.26979	0.07410	0.46500	0.01971	0.00981	0.00274	0.00411	0.01671	0.00818	0.00728
91	0.01666	0.04297	0.66500	0.02368	0.03596	0.01929	0.03069	0.02631	0.01754	0.02631	0.01491	0.01754	0.01052	0.00789	0.00789	0.00263	0.01228	0.00614	0.00351	0.01228
92	0.03103	0.03959	0.02354	0.02140	0.02568	0.67469	0.01605	0.03317	0.02354	0.02033	0.01284	0.01498	0.01070	0.00856	0.00749	0.00214	0.01498	0.00535	0.00428	0.00963
93	0.03158	0.02327	0.02493	0.01911	0.02576	0.02576	0.01579	0.62852	0.03906	0.05236	0.01995	0.01995	0.01413	0.00997	0.00831	0.00249	0.00914	0.00748	0.00831	0.01413
94	0.03158	0.02327	0.02493	0.01911	0.02576	0.02576	0.01579	0.62852	0.03906	0.05236	0.01995	0.01995	0.01413	0.00997	0.00831	0.00249	0.00914	0.00748	0.00831	0.01413
95	0.01063	0.00744	0.00949	0.01091	0.01127	0.00709	0.00701	0.01170	0.01491	0.01988	0.04067	0.53352	0.04849	0.20394	0.01887	0.00459	0.00566	0.02061	0.00701	0.00630
96	0.01029	0.00735	0.00983	0.01176	0.01232	0.00689	0.00801	0.01186	0.01607	0.02140	0.04569	0.67109	0.05458	0.02587	0.01065	0.00340	0.00497	0.05348	0.00771	0.00679
97	0.01203	0.00826	0.01009	0.01009	0.01045	0.00862	0.00632	0.01274	0.01239	0.01687	0.02523	0.04913	0.02793	0.55243	0.19479	0.00933	0.01148	0.01131	0.00489	0.00561
98	0.03103	0.03959	0.02354	0.02140	0.02568	0.67469	0.01605	0.03317	0.02354	0.02033	0.01284	0.01498	0.01070	0.00856	0.00749	0.00214	0.01498	0.00535	0.00428	0.00963
99	0.02190	0.67585	0.07802	0.01474	0.02213	0.03212	0.01513	0.02496	0.01692	0.01992	0.01174	0.01356	0.01065	0.00715	0.00547	0.00182	0.00907	0.00454	0.00355	0.01075
100	0.02048	0.50447	0.23697	0.01716	0.02588	0.02864	0.01934	0.02532	0.01709	0.02165	0.01259	0.01464	0.01062	0.00735	0.00613	0.00204	0.00994	0.00497	0.00354	0.01116
101	0.01333	0.00863	0.01089	0.01062	0.01146	0.00891	0.00703	0.01451	0.01361	0.05171	0.05597	0.04734	0.02943	0.45845	0.21460	0.00897	0.01174	0.01115	0.00535	0.00631
102	0.03158	0.02327	0.02493	0.01911	0.02576	0.02576	0.01579	0.62852	0.03906	0.05236	0.01995	0.01995	0.01413	0.00997	0.00831	0.00249	0.00914	0.00748	0.00831	0.01413
103	0.01208	0.00805	0.00906	0.00906	0.00906	0.00805	0.00503	0.01208	0.01208	0.01611	0.02618	0.05436	0.03020	0.70804	0.04228	0.00805	0.00805	0.01208	0.00503	0.00503
104	0.03727	0.01414	0.01928	0.01478	0.02121	0.01221	0.01221	0.04049	0.02378	0.66198	0.03277	0.02828	0.02056	0.01028	0.00835	0.00257	0.00707	0.00835	0.01028	0.01414
105	0.01423	0.01237	0.01787	0.01651	0.01744	0.01601	0.01330	0.01676	0.01312	0.01955	0.01801	0.02723	0.01708	0.04445	0.43293	0.00972	0.27294	0.00829	0.00415	0.00804
106	0.01208	0.00805	0.00906	0.00906	0.00906	0.00805	0.00503	0.01208	0.01208	0.01611	0.02618	0.05436	0.03020	0.70804	0.04228	0.00805	0.00805	0.01208	0.00503	0.00503
107	0.01494	0.00769	0.00793	0.00813	0.00992	0.00764	0.00600	0.01857	0.01727	0.02998	0.02899	0.09898	0.02470	0.01133	0.00629	0.00208	0.00397	0.00935	0.67858	0.00764
108	0.13590	0.57565	0.06723	0.01415	0.02119	0.03007	0.01417	0.02487	0.01649	0.02257	0.01171	0.01355	0.01040	0.00724	0.00542	0.00194	0.00866	0.00453	0.00379	0.01048
109	0.01032	0.00844	0.00911	0.00894	0.01153	0.00723	0.00671	0.01290	0.02012	0.02526	0.23146	0.07531	0.50379	0.01999	0.00981	0.00276	0.00413	0.01688	0.00809	0.00723
110	0.01723	0.01477	0.01723	0.01230	0.01969	0.01107	0.00984	0.02092	0.01723	0.02707	0.01477	0.01723	0.01230	0.00615	0.00615	0.00123	0.00615	0.00492	0.00492	0.75883
111	0.02056	0.01974	0.03372	0.05099	0.65622	0.01974	0.02550	0.02550	0.01892	0.02714	0.01563	0.02056	0.01316	0.00740	0.00822	0.00247	0.00987	0.00740	0.00411	0.01316
112	0.01723	0.01477	0.01723	0.01230	0.01969	0.01107	0.00984	0.02092	0.01723	0.02707	0.01477	0.01723	0.01230	0.00615	0.00615	0.00123	0.00615	0.00492	0.00492	0.75883
113	0.01012	0.00723	0.00964	0.01157	0.01205	0.00675	0.00771	0.01157	0.01591	0.02121	0.04579	0.70262	0.05495	0.02603	0.01060	0.00337	0.00482	0.02362	0.00771	0.00675
114	0.00982	0.00842	0.00842	0.00842	0.01122	0.00701	0.00631	0.01192	0.01894	0.02244	0.08416	0.07995	0.65285	0.02104	0.00982	0.00281	0.00421	0.01753	0.00771	0.00701
115	0.02056	0.01974	0.03372	0.05099	0.65622	0.01974	0.02550	0.02550	0.01892	0.02714	0.01563	0.02056	0.01316	0.00740	0.00822	0.00247	0.00987	0.00740	0.00411	0.01316
116	0.00982	0.00842	0.00842	0.00842	0.01122	0.00701	0.00631	0.01192	0.01894	0.02244	0.08416	0.07995	0.65285	0.02104	0.00982	0.00281	0.00421	0.01753	0.00771	0.00701
117	0.02395	0.01839	0.02116	0.01691	0.05137	0.01742	0.01305	0.26611	0.02634	0.06263	0.01761	0.01891	0.01341	0.00791	0.00720	0.00185	0.00756	0.00620	0.00646	0.39555
118	0.02689	0.01793	0.01927	0.01533	0.02050	0.01940	0.01248	0.40627	0.03148	0.07953	0.02288	0.02384	0.01672	0.00990	0.00753	0.00232	0.00739	0.00761	0.24058	0.01214
119	0.01893	0.02344	0.14300	0.24278	0.32415	0.05561	0.02514	0.02474	0.01821	0.02477	0.01508	0.02021	0.01190	0.00784	0.00815	0.00257	0.01096	0.00706	0.00388	0.01158
120	0.06219	0.05771	0.14234	0.03407	0.26723	0.08700	0.12047	0.02714	0.04719	0.02650	0.01565	0.01943	0.01249	0.00800	0.00881	0.00255	0.03799	0.00715	0.00425	0.01183

[dist]
# distance from previous block
# <min> <max>
0	17

[block]
# block no. 2 follows, 22 sequences, length 100
# corresponding to MSA columns:
# 313-412
name=unknown_C
#
# <colnr> <probs for GDERKNQSTAVLIFYWHMCP>
#	G	D	E	R	K	N	Q	S	T	A	V	L	I	F	Y	W	H	M	C	P
0	0.06055	0.18673	0.03243	0.03308	0.31994	0.18473	0.01970	0.02720	0.01935	0.02418	0.01378	0.01714	0.01176	0.00763	0.00721	0.00223	0.01073	0.00606	0.00407	0.01150
1	0.01866	0.01728	0.05422	0.03669	0.41040	0.01604	0.02051	0.02341	0.01995	0.05507	0.13838	0.03667	0.02941	0.01107	0.00887	0.00266	0.00850	0.07497	0.00568	0.01155
2	0.02631	0.02073	0.02233	0.02040	0.08085	0.07614	0.01485	0.35926	0.03010	0.06660	0.02374	0.13896	0.02105	0.01224	0.00853	0.00256	0.00872	0.01002	0.00739	0.04921
3	0.01188	0.00886	0.01314	0.01314	0.01456	0.01027	0.01013	0.01470	0.01329	0.01913	0.02244	0.03369	0.02123	0.09357	0.64449	0.01309	0.02156	0.00905	0.00448	0.00730
4	0.03146	0.01682	0.02019	0.01562	0.02178	0.01644	0.01282	0.24375	0.02851	0.34749	0.05823	0.02905	0.05475	0.01082	0.00836	0.00248	0.00745	0.00865	0.00909	0.05624
5	0.02128	0.41997	0.03712	0.01817	0.02298	0.06468	0.05070	0.02390	0.01610	0.02013	0.01172	0.01545	0.01085	0.00950	0.01255	0.00244	0.22298	0.00568	0.00366	0.01015
6	0.01001	0.00848	0.00868	0.00879	0.01155	0.00715	0.00669	0.01221	0.01895	0.02257	0.08198	0.08069	0.62009	0.02114	0.00991	0.00286	0.00439	0.04909	0.00771	0.00705
7	0.01012	0.00723	0.00964	0.01157	0.01205	0.00675	0.00771	0.01157	0.01591	0.02121	0.04579	0.70262	0.05495	0.02603	0.01060	0.00337	0.00482	0.02362	0.00771	0.00675
8	0.01828	0.03166	0.32610	0.02991	0.04006	0.02024	0.35824	0.02647	0.01868	0.02647	0.01595	0.02022	0.01167	0.00740	0.00894	0.00272	0.01323	0.00816	0.00389	0.01169
9	0.02535	0.47958	0.03703	0.01614	0.02283	0.10286	0.01478	0.16434	0.02271	0.02716	0.01362	0.01503	0.01146	0.00793	0.00626	0.00198	0.00962	0.00524	0.00473	0.01134
10	0.02066	0.01785	0.01878	0.01691	0.02160	0.02066	0.01315	0.04414	0.64121	0.03475	0.03381	0.03099	0.02536	0.01127	0.00845	0.00282	0.00657	0.00939	0.00845	0.01315
11	0.01666	0.04297	0.66500	0.02368	0.03596	0.01929	0.03069	0.02631	0.01754	0.02631	0.01491	0.01754	0.01052	0.00789	0.00789	0.00263	0.01228	0.00614	0.00351	0.01228
12	0.01339	0.00956	0.01339	0.01530	0.01721	0.00956	0.01339	0.01721	0.01912	0.02486	0.04399	0.09371	0.04781	0.02295	0.01147	0.00382	0.00765	0.60031	0.00765	0.00765
13	0.01250	0.00983	0.01456	0.01420	0.01553	0.01189	0.01116	0.01535	0.01329	0.01936	0.02112	0.03119	0.01978	0.05754	0.61045	0.01238	0.08919	0.00874	0.00437	0.00758
14	0.01012	0.00723	0.00964	0.01157	0.01205	0.00675	0.00771	0.01157	0.01591	0.02121	0.04579	0.70262	0.05495	0.02603	0.01060	0.00337	0.00482	0.02362	0.00771	0.00675
15	0.01187	0.00890	0.01335	0.01335	0.01483	0.01038	0.01038	0.01483	0.01335	0.01928	0.02225	0.03264	0.02077	0.06231	0.67512	0.01335	0.02225	0.00890	0.00445	0.00742
