[name]
unknown

[dist]
# distance from previous block
# <min> <max>
0	0

[block]
# block no. 0 follows, 20 sequences, length 37
# corresponding to MSA columns:
# 0-36
name=unknown_A
#
# <colnr> <probs for GDERKNQSTAVLIFYWHMCP>
#	G	D	E	R	K	N	Q	S	T	A	V	L	I	F	Y	W	H	M	C	P
0	0.01406	0.01004	0.01406	0.01606	0.01807	0.01004	0.01406	0.01807	0.02008	0.02610	0.04618	0.09839	0.05020	0.02410	0.01205	0.00402	0.00803	0.58032	0.00803	0.00803
1	0.03181	0.11561	0.02872	0.01951	0.02642	0.06153	0.01637	0.50128	0.03703	0.04858	0.01937	0.01974	0.01416	0.00999	0.00826	0.00250	0.00989	0.00731	0.00783	0.01410
2	0.01233	0.00831	0.00962	0.00997	0.01006	0.00822	0.00578	0.01259	0.01339	0.01785	0.03107	0.16705	0.03624	0.57729	0.03860	0.00760	0.00786	0.01480	0.00578	0.00560
3	0.02098	0.02079	0.07518	0.21390	0.37443	0.01991	0.05460	0.02667	0.01947	0.06525	0.01730	0.02242	0.01350	0.00823	0.00873	0.00271	0.01091	0.00786	0.00456	0.01261
4	0.01762	0.03963	0.52653	0.02678	0.08486	0.01955	0.05742	0.02680	0.01907	0.02822	0.05861	0.02215	0.01631	0.00886	0.00855	0.00276	0.01217	0.00738	0.00418	0.01259
5	0.02038	0.01945	0.03256	0.04876	0.57194	0.01930	0.02462	0.02525	0.01986	0.02797	0.02410	0.02826	0.08031	0.00930	0.00881	0.00263	0.00973	0.00891	0.00472	0.01313
6	0.01114	0.00797	0.01063	0.01214	0.01302	0.00746	0.00845	0.01328	0.01838	0.02486	0.15757	0.53884	0.06188	0.02537	0.01103	0.00342	0.00505	0.05378	0.00837	0.00735
7	0.02160	0.07959	0.05980	0.01936	0.02358	0.24019	0.07997	0.02467	0.01879	0.02131	0.01870	0.02833	0.01754	0.14871	0.15471	0.00601	0.01522	0.00823	0.00456	0.00914
8	0.02028	0.02346	0.11612	0.13146	0.43441	0.02059	0.07392	0.02638	0.01941	0.02750	0.01629	0.02155	0.01311	0.00793	0.00873	0.00268	0.01122	0.00780	0.00418	0.01298
9	0.01743	0.01648	0.02789	0.55679	0.16829	0.01963	0.02470	0.02312	0.01789	0.02345	0.01567	0.02294	0.01204	0.00854	0.00870	0.00285	0.01139	0.00776	0.00396	0.01046
10	0.08257	0.02256	0.12959	0.25668	0.29007	0.02009	0.02529	0.02528	0.01837	0.02715	0.01561	0.02100	0.01224	0.00821	0.00833	0.00274	0.01089	0.00729	0.00416	0.01188
11	0.02727	0.03209	0.02801	0.11703	0.20891	0.38930	0.02070	0.03084	0.02235	0.02355	0.01460	0.01842	0.01204	0.00860	0.00820	0.00243	0.01363	0.00652	0.00436	0.01113
12	0.02346	0.01949	0.01756	0.01453	0.01950	0.12696	0.01141	0.15969	0.02462	0.03479	0.02103	0.02349	0.01644	0.00915	0.00710	0.00203	0.00795	0.00693	0.26888	0.18499
13	0.02793	0.15407	0.03048	0.02768	0.17052	0.30844	0.01839	0.03260	0.06370	0.06288	0.01676	0.01883	0.01355	0.00873	0.00776	0.00234	0.01215	0.00644	0.00501	0.01174
14	0.01750	0.04512	0.64825	0.02486	0.03775	0.02026	0.03223	0.02762	0.01842	0.02762	0.01565	0.01842	0.01105	0.00829	0.00829	0.00276	0.01289	0.00645	0.00368	0.01289
15	0.01262	0.00969	0.01165	0.01102	0.01352	0.00911	0.00830	0.01794	0.07178	0.03242	0.45787	0.06695	0.20780	0.01835	0.01018	0.00281	0.00441	0.01592	0.00919	0.00848
16	0.01208	0.00891	0.01129	0.01069	0.01287	0.00812	0.00802	0.01594	0.02406	0.03347	0.56225	0.06764	0.15543	0.01840	0.01029	0.00277	0.00416	0.01612	0.00940	0.00812
17	0.01250	0.00919	0.01323	0.01323	0.01452	0.01048	0.00992	0.01507	0.01379	0.01967	0.02408	0.03826	0.02354	0.17518	0.55149	0.01305	0.02076	0.00993	0.00478	0.00735
18	0.01750	0.04512	0.64825	0.02486	0.03775	0.02026	0.03223	0.02762	0.01842	0.02762	0.01565	0.01842	0.01105	0.00829	0.00829	0.00276	0.01289	0.00645	0.00368	0.01289
19	0.32926	0.01608	0.01749	0.01407	0.02028	0.01617	0.01161	0.05992	0.02155	0.37408	0.02481	0.02302	0.01638	0.00969	0.00740	0.00270	0.00724	0.00709	0.00852	0.01265
20	0.01308	0.00978	0.01472	0.01407	0.01577	0.01090	0.03629	0.01604	0.01440	0.02091	0.02397	0.03669	0.02276	0.14210	0.50910	0.01206	0.01983	0.00975	0.05011	0.00766
21	0.75506	0.01687	0.01282	0.01147	0.01687	0.01957	0.00945	0.02564	0.01484	0.03914	0.01215	0.01417	0.00945	0.00810	0.00540	0.00270	0.00675	0.00472	0.00540	0.00945
22	0.02159	0.02073	0.03541	0.05354	0.63903	0.02073	0.02677	0.02677	0.01986	0.02850	0.01641	0.02159	0.01382	0.00777	0.00864	0.00259	0.01036	0.00777	0.00432	0.01382
23	0.01031	0.00884	0.00884	0.00884	0.01178	0.00736	0.00663	0.01252	0.01988	0.02356	0.08837	0.08395	0.63549	0.02209	0.01031	0.00295	0.00442	0.01841	0.00810	0.00736
24	0.02265	0.30689	0.03497	0.01932	0.02529	0.11007	0.09056	0.03000	0.13192	0.02471	0.02109	0.02303	0.04141	0.01202	0.03733	0.00293	0.04206	0.00741	0.00511	0.01122
25	0.02024	0.02243	0.04688	0.03348	0.04216	0.02062	0.52522	0.02712	0.02024	0.02801	0.01735	0.02278	0.01319	0.00723	0.00977	0.00271	0.01357	0.00959	0.00452	0.11288
26	0.02148	0.04054	0.40452	0.02399	0.03295	0.18023	0.02653	0.02848	0.01927	0.02512	0.01452	0.01784	0.01115	0.00945	0.01107	0.00278	0.10804	0.00641	0.00390	0.01172
27	0.01193	0.00857	0.01068	0.01069	0.01211	0.00800	0.00744	0.01454	0.02028	0.02785	0.35234	0.17732	0.11447	0.16413	0.01772	0.00412	0.00524	0.01697	0.00828	0.00732
28	0.02216	0.02208	0.03398	0.08913	0.55409	0.07202	0.02581	0.02714	0.02010	0.02754	0.01612	0.02122	0.01347	0.00793	0.00858	0.00258	0.01087	0.00760	0.00430	0.01326
29	0.04943	0.01516	0.01667	0.01468	0.01930	0.01549	0.01128	0.06148	0.25426	0.03253	0.07083	0.15125	0.05971	0.01406	0.00874	0.00265	0.00632	0.01195	0.00775	0.17646
30	0.12191	0.18302	0.05640	0.01842	0.02364	0.24170	0.01572	0.07017	0.02119	0.02674	0.04042	0.01885	0.01475	0.01197	0.03696	0.00294	0.07357	0.00626	0.00487	0.01051
31	0.06308	0.18045	0.24997	0.02692	0.14466	0.14269	0.02330	0.02837	0.01952	0.02571	0.01443	0.01732	0.01155	0.00813	0.00753	0.00244	0.01183	0.00606	0.00406	0.01199
32	0.02351	0.01937	0.03020	0.24153	0.28168	0.05423	0.05613	0.02854	0.02027	0.13137	0.01910	0.02329	0.01427	0.00863	0.00874	0.00271	0.01081	0.00796	0.00530	0.01236
33	0.07059	0.02057	0.13517	0.10209	0.02754	0.01612	0.01622	0.02659	0.14259	0.02900	0.03293	0.03375	0.13060	0.01123	0.00823	0.00253	0.00808	0.00914	0.00604	0.17100
34	0.01759	0.01452	0.02006	0.24731	0.06516	0.01602	0.01616	0.12961	0.02275	0.02988	0.07815	0.16213	0.11499	0.01514	0.00952	0.00295	0.00835	0.01315	0.00664	0.00994
35	0.17905	0.01804	0.02411	0.02832	0.23101	0.04462	0.06362	0.02499	0.05140	0.03081	0.08131	0.03242	0.10131	0.01081	0.00832	0.00265	0.00846	0.00933	0.00582	0.04360
36	0.08197	0.02312	0.09045	0.02339	0.10658	0.02169	0.01825	0.26490	0.02834	0.15061	0.02075	0.02161	0.01484	0.00989	0.00956	0.00267	0.05041	0.00750	0.00729	0.04620

[dist]
# distance from previous block
# <min> <max>
1	5

[block]
# block no. 1 follows, 20 sequences, length 16
# corresponding to MSA columns:
# 42-57
name=unknown_B
#
# <colnr> <probs for GDERKNQSTAVLIFYWHMCP>
#	G	D	E	R	K	N	Q	S	T	A	V	L	I	F	Y	W	H	M	C	P
0	0.02004	0.25570	0.32911	0.02401	0.03429	0.02531	0.14312	0.02719	0.01863	0.02535	0.01490	0.01800	0.01154	0.00783	0.00781	0.00250	0.01209	0.00664	0.00385	0.01210
1	0.02078	0.04226	0.47305	0.02695	0.08910	0.14387	0.02877	0.02894	0.01977	0.02649	0.01530	0.01818	0.01133	0.00838	0.00824	0.00265	0.01322	0.00640	0.00390	0.01244
2	0.02864	0.03756	0.11794	0.02422	0.06820	0.43226	0.01947	0.08336	0.02436	0.02569	0.01517	0.01792	0.01224	0.01182	0.04129	0.00298	0.01480	0.00627	0.00475	0.01107
3	0.01369	0.01006	0.01204	0.01258	0.01428	0.00986	0.00887	0.09188	0.02021	0.02655	0.04943	0.47717	0.13679	0.05783	0.01236	0.00358	0.00574	0.02098	0.00804	0.00807
4	0.03288	0.02116	0.02370	0.01858	0.02518	0.02267	0.01521	0.38114	0.12699	0.19949	0.02656	0.02492	0.01834	0.01076	0.00876	0.00269	0.00864	0.00839	0.00927	0.01468
5	0.02090	0.02485	0.13909	0.04869	0.53731	0.02065	0.02769	0.02691	0.01962	0.02835	0.01628	0.02105	0.01335	0.00786	0.00858	0.00262	0.01079	0.00755	0.00421	0.01366
6	0.02506	0.02731	0.03203	0.04373	0.44585	0.22200	0.02364	0.02931	0.02139	0.02624	0.01548	0.01974	0.01300	0.00816	0.00839	0.00248	0.01206	0.00709	0.00437	0.01265
7	0.01063	0.00759	0.01012	0.01215	0.01265	0.00709	0.00810	0.01215	0.01670	0.02227	0.04808	0.68775	0.05769	0.02733	0.01113	0.00354	0.00506	0.02480	0.00810	0.00709
8	0.01809	0.01550	0.01809	0.01292	0.02067	0.01163	0.01034	0.02196	0.01809	0.02842	0.01550	0.01809	0.01292	0.00646	0.00646	0.00129	0.00646	0.00517	0.00517	0.74677
9	0.01268	0.00846	0.00951	0.00951	0.00951	0.00846	0.00529	0.01268	0.01268	0.01691	0.02748	0.05708	0.03171	0.69345	0.04440	0.00846	0.00846	0.01268	0.00529	0.00529
10	0.01268	0.00846	0.00951	0.00951	0.00951	0.00846	0.00529	0.01268	0.01268	0.01691	0.02748	0.05708	0.03171	0.69345	0.04440	0.00846	0.00846	0.01268	0.00529	0.00529
11	0.01269	0.00917	0.01242	0.01428	0.01588	0.00890	0.01161	0.01577	0.01899	0.02470	0.04994	0.28449	0.09633	0.02497	0.01163	0.00379	0.00682	0.36188	0.00806	0.00768
12	0.03106	0.03679	0.02428	0.07010	0.02891	0.53704	0.01700	0.03502	0.06120	0.05572	0.01611	0.01808	0.01277	0.00924	0.00804	0.00236	0.01444	0.00621	0.00506	0.01056
13	0.02061	0.01973	0.03364	0.17178	0.52843	0.02047	0.02628	0.02591	0.01940	0.02731	0.01623	0.02191	0.01340	0.00795	0.00865	0.00265	0.01060	0.00777	0.00423	0.01303
14	0.02743	0.11661	0.03279	0.03391	0.28779	0.10488	0.05637	0.03159	0.02147	0.17441	0.01982	0.02182	0.01494	0.00859	0.00825	0.00249	0.01049	0.00745	0.00582	0.01308
15	0.02268	0.02399	0.07248	0.03286	0.27189	0.14171	0.02061	0.02909	0.07491	0.05685	0.06271	0.03422	0.02375	0.01129	0.00903	0.00277	0.01044	0.08093	0.00583	0.01197

[dist]
# distance from previous block
# <min> <max>
0	3

[block]
# block no. 2 follows, 20 sequences, length 172
# corresponding to MSA columns:
# 61-232
name=unknown_C
#
# <colnr> <probs for GDERKNQSTAVLIFYWHMCP>
#	G	D	E	R	K	N	Q	S	T	A	V	L	I	F	Y	W	H	M	C	P
0	0.05497	0.02971	0.20388	0.02940	0.19016	0.10407	0.02261	0.07088	0.12163	0.03075	0.02192	0.02380	0.03902	0.00951	0.00840	0.00268	0.01077	0.00774	0.00542	0.01269
1	0.02243	0.17624	0.15563	0.02844	0.18709	0.09684	0.02147	0.03174	0.14358	0.02740	0.01891	0.02087	0.01502	0.00878	0.00786	0.00250	0.01054	0.00701	0.00502	0.01263
2	0.02024	0.15856	0.02917	0.02957	0.26217	0.06465	0.01775	0.02631	0.08882	0.02620	0.03329	0.03455	0.15088	0.01140	0.00835	0.00254	0.00882	0.00956	0.00556	0.01161
3	0.01326	0.00975	0.01405	0.01384	0.01536	0.01146	0.01081	0.01642	0.01447	0.02169	0.02329	0.03323	0.02130	0.05632	0.54925	0.01208	0.05740	0.00911	0.08899	0.00792
4	0.02516	0.52329	0.04023	0.01695	0.02342	0.17096	0.01554	0.02779	0.01906	0.02073	0.01239	0.01461	0.01122	0.00816	0.00716	0.00204	0.04151	0.00501	0.00390	0.01088
5	0.01235	0.00836	0.00981	0.01013	0.01028	0.00835	0.00598	0.01273	0.01338	0.01791	0.03056	0.15585	0.03538	0.55967	0.06689	0.00793	0.00859	0.01445	0.00570	0.00568
6	0.01732	0.01196	0.01539	0.04480	0.01954	0.01226	0.01251	0.11544	0.02236	0.06221	0.04073	0.31174	0.04403	0.02171	0.01081	0.00348	0.00725	0.20911	0.00813	0.00922
7	0.01318	0.00937	0.01263	0.01387	0.01550	0.00917	0.01124	0.01650	0.01984	0.02650	0.16514	0.15136	0.05558	0.09686	0.01515	0.00419	0.00695	0.34124	0.00806	0.00767
8	0.03258	0.04157	0.02472	0.02247	0.02697	0.65843	0.01685	0.03483	0.02472	0.02135	0.01348	0.01573	0.01124	0.00899	0.00787	0.00225	0.01573	0.00562	0.00449	0.01011
9	0.01146	0.00883	0.01047	0.01018	0.01252	0.00784	0.00759	0.01471	0.02243	0.02990	0.39220	0.10038	0.30009	0.01994	0.01033	0.00286	0.00428	0.01722	0.00894	0.00784
10	0.03226	0.02854	0.02538	0.02055	0.02674	0.19160	0.01647	0.42292	0.07480	0.04498	0.01995	0.02034	0.01466	0.01017	0.00851	0.00254	0.01102	0.00740	0.00763	0.01353
11	0.01750	0.04512	0.64825	0.02486	0.03775	0.02026	0.03223	0.02762	0.01842	0.02762	0.01565	0.01842	0.01105	0.00829	0.00829	0.00276	0.01289	0.00645	0.00368	0.01289
12	0.10178	0.11840	0.12777	0.19046	0.03518	0.16254	0.02046	0.02663	0.01848	0.02439	0.01380	0.01811	0.01113	0.00922	0.00996	0.00268	0.08809	0.00631	0.00412	0.01046
13	0.02332	0.69869	0.04571	0.01493	0.02239	0.03451	0.01493	0.02612	0.01772	0.02052	0.01213	0.01399	0.01119	0.00746	0.00560	0.00187	0.00933	0.00466	0.00373	0.01119
14	0.01693	0.02797	0.29749	0.02607	0.15302	0.01693	0.02283	0.02512	0.06162	0.02925	0.13305	0.03543	0.09413	0.01162	0.00897	0.00276	0.00949	0.00990	0.00569	0.01172
15	0.02535	0.55460	0.04111	0.01658	0.02339	0.17132	0.01535	0.02803	0.01926	0.02070	0.01242	0.01437	0.01120	0.00780	0.00609	0.00195	0.01073	0.00487	0.00390	0.01096
16	0.01235	0.00892	0.01166	0.01097	0.01303	0.00823	0.00823	0.01646	0.02469	0.03498	0.63443	0.06516	0.08230	0.01783	0.01029	0.00274	0.00412	0.01578	0.00960	0.00823
17	0.01719	0.02394	0.18889	0.10523	0.09647	0.04509	0.10019	0.02322	0.01755	0.02437	0.01846	0.02520	0.01530	0.02726	0.22574	0.00652	0.01633	0.00819	0.00424	0.01062
18	0.02214	0.02148	0.06110	0.01727	0.02128	0.12118	0.05335	0.17441	0.02297	0.02905	0.02204	0.03604	0.02133	0.31103	0.02439	0.00516	0.01066	0.00969	0.00589	0.00951
19	0.01208	0.00925	0.01115	0.01114	0.01327	0.00865	0.00817	0.01649	0.06098	0.02945	0.33083	0.20421	0.21080	0.02058	0.01039	0.00298	0.00458	0.01802	0.00885	0.00813
20	0.03515	0.02018	0.02342	0.01807	0.02486	0.02088	0.01489	0.34858	0.05982	0.30030	0.02720	0.02510	0.01817	0.01067	0.00875	0.00267	0.00857	0.00832	0.00960	0.01479
21	0.02138	0.06771	0.03352	0.17596	0.43755	0.06319	0.02478	0.02633	0.01954	0.02620	0.01574	0.02102	0.01302	0.00803	0.00839	0.00258	0.01090	0.00741	0.00420	0.01255
22	0.02270	0.01433	0.01715	0.01515	0.01955	0.01509	0.01195	0.03405	0.25232	0.19014	0.03966	0.03909	0.10609	0.02469	0.15157	0.00531	0.01031	0.01061	0.00835	0.01189
23	0.01202	0.00908	0.01133	0.01211	0.01423	0.00839	0.00960	0.01515	0.02057	0.02672	0.18892	0.16570	0.24543	0.02252	0.01098	0.00333	0.00562	0.20216	0.00841	0.00773
24	0.02305	0.02220	0.03325	0.12878	0.23004	0.06430	0.11811	0.12600	0.02270	0.03057	0.01640	0.02132	0.01309	0.00939	0.01157	0.00284	0.10114	0.00804	0.00497	0.01224
25	0.02171	0.01576	0.01763	0.01566	0.02010	0.01672	0.01211	0.11058	0.27465	0.10155	0.03990	0.16923	0.08496	0.01541	0.00933	0.00293	0.00670	0.01311	0.00868	0.04327
26	0.01329	0.00908	0.01273	0.01273	0.01439	0.01030	0.00985	0.01662	0.01496	0.02294	0.02448	0.03388	0.02193	0.05330	0.51574	0.01139	0.01913	0.00908	0.16632	0.00786
27	0.01063	0.00759	0.01012	0.01215	0.01265	0.00709	0.00810	0.01215	0.01670	0.02227	0.04808	0.68775	0.05769	0.02733	0.01113	0.00354	0.00506	0.02480	0.00810	0.00709
28	0.03258	0.04157	0.02472	0.02247	0.02697	0.65843	0.01685	0.03483	0.02472	0.02135	0.01348	0.01573	0.01124	0.00899	0.00787	0.00225	0.01573	0.00562	0.00449	0.01011
29	0.01088	0.00870	0.00973	0.00980	0.01222	0.00756	0.00723	0.01350	0.02075	0.02639	0.22604	0.15312	0.42012	0.02162	0.01040	0.00297	0.00442	0.01851	0.00849	0.00756
30	0.17269	0.05942	0.02396	0.01901	0.02483	0.24684	0.01522	0.26889	0.02918	0.03858	0.01623	0.01749	0.01236	0.00936	0.00764	0.00247	0.01118	0.00632	0.00637	0.01197
31	0.01946	0.03645	0.38061	0.02133	0.03012	0.14868	0.02381	0.02666	0.02109	0.02795	0.15089	0.02811	0.02671	0.01052	0.00864	0.00265	0.01155	0.00832	0.00515	0.01130
32	0.07348	0.15594	0.02427	0.01448	0.02130	0.01817	0.01234	0.06850	0.02091	0.18985	0.02042	0.02128	0.01532	0.01205	0.04973	0.00279	0.00864	0.00644	0.00657	0.25754
33	0.01054	0.00885	0.00916	0.00908	0.01193	0.00746	0.00681	0.01297	0.02043	0.02487	0.15086	0.08180	0.57218	0.02160	0.01031	0.00292	0.00438	0.01811	0.00827	0.00746
34	0.12039	0.01607	0.02340	0.43983	0.04624	0.01875	0.01994	0.05821	0.01962	0.12884	0.01846	0.02297	0.01315	0.00907	0.00828	0.00283	0.01017	0.00752	0.00548	0.01079
35	0.01105	0.00866	0.01000	0.01010	0.01235	0.00761	0.00741	0.01379	0.02100	0.02722	0.26678	0.17531	0.35462	0.02150	0.01044	0.00297	0.00442	0.01855	0.00861	0.00761
36	0.01647	0.01550	0.02616	0.67248	0.06008	0.01938	0.02422	0.02229	0.01744	0.02229	0.01550	0.02326	0.01163	0.00872	0.00872	0.00291	0.01163	0.00775	0.00388	0.00969
37	0.01160	0.00828	0.01123	0.01325	0.01418	0.00792	0.00978	0.01382	0.01766	0.02335	0.04754	0.52114	0.05557	0.02641	0.01139	0.00368	0.00590	0.18185	0.00808	0.00735
38	0.03260	0.02005	0.02282	0.01808	0.02453	0.02123	0.01474	0.30109	0.16345	0.24359	0.02853	0.02634	0.01963	0.01088	0.00877	0.00272	0.00830	0.00859	0.00943	0.01461
39	0.01063	0.00759	0.01012	0.01215	0.01265	0.00709	0.00810	0.01215	0.01670	0.02227	0.04808	0.68775	0.05769	0.02733	0.01113	0.00354	0.00506	0.02480	0.00810	0.00709
40	0.01063	0.00759	0.01012	0.01215	0.01265	0.00709	0.00810	0.01215	0.01670	0.02227	0.04808	0.68775	0.05769	0.02733	0.01113	0.00354	0.00506	0.02480	0.00810	0.00709
41	0.01246	0.00935	0.01402	0.01402	0.01558	0.01090	0.01090	0.01558	0.01402	0.02025	0.02336	0.03427	0.02181	0.06542	0.65888	0.01402	0.02336	0.00935	0.00467	0.00779
42	0.01815	0.01627	0.01743	0.06118	0.10263	0.08691	0.01287	0.06998	0.04948	0.02924	0.09614	0.04780	0.23184	0.01441	0.00894	0.00265	0.00745	0.01196	0.10488	0.00978
43	0.02656	0.02116	0.02246	0.01874	0.02454	0.02397	0.01498	0.28568	0.37602	0.04434	0.02932	0.02762	0.02162	0.01126	0.00881	0.00281	0.00805	0.00901	0.00881	0.01424
44	0.07051	0.02992	0.29201	0.03267	0.24663	0.01922	0.02578	0.02952	0.01972	0.12502	0.01862	0.02102	0.01357	0.00848	0.00830	0.00269	0.01074	0.00717	0.00513	0.01330
45	0.02059	0.02353	0.05147	0.03676	0.04559	0.02206	0.60735	0.02794	0.02059	0.02794	0.01765	0.02353	0.01324	0.00735	0.01029	0.00294	0.01471	0.01029	0.00441	0.01176
46	0.01394	0.01109	0.01682	0.08996	0.08737	0.01244	0.01302	0.01698	0.01478	0.02073	0.02254	0.03608	0.02173	0.17427	0.39754	0.01047	0.01777	0.00964	0.00466	0.00817
47	0.01981	0.13516	0.26411	0.01984	0.02773	0.06329	0.02085	0.03113	0.17610	0.02743	0.02118	0.02337	0.01660	0.01681	0.09544	0.00415	0.01236	0.00740	0.00523	0.01200
48	0.01086	0.00776	0.01039	0.01242	0.01303	0.00729	0.00851	0.01255	0.01693	0.02253	0.04795	0.64717	0.05718	0.02711	0.01120	0.00358	0.00527	0.06305	0.00809	0.00715
49	0.01223	0.00827	0.00965	0.01009	0.01020	0.00816	0.00590	0.01257	0.01357	0.01809	0.03200	0.19537	0.03741	0.54738	0.03710	0.00738	0.00771	0.01534	0.00590	0.00568
50	0.01850	0.01757	0.02982	0.42755	0.28919	0.01991	0.02523	0.02406	0.01840	0.02474	0.01586	0.02260	0.01249	0.00835	0.00869	0.00278	0.01113	0.00776	0.00405	0.01132
51	0.03270	0.03805	0.02502	0.02198	0.02698	0.52876	0.01680	0.15294	0.02807	0.02825	0.01502	0.01680	0.01197	0.00929	0.00804	0.00232	0.01447	0.00608	0.00536	0.01108
52	0.01246	0.00935	0.01402	0.01402	0.01558	0.01090	0.01090	0.01558	0.01402	0.02025	0.02336	0.03427	0.02181	0.06542	0.65888	0.01402	0.02336	0.00935	0.00467	0.00779
53	0.01063	0.00759	0.01012	0.01215	0.01265	0.00709	0.00810	0.01215	0.01670	0.02227	0.04808	0.68775	0.05769	0.02733	0.01113	0.00354	0.00506	0.02480	0.00810	0.00709
54	0.01105	0.00948	0.00955	0.00942	0.01249	0.00830	0.00710	0.01473	0.05930	0.02441	0.08491	0.08059	0.59572	0.02142	0.01022	0.00295	0.00458	0.01785	0.00815	0.00778
55	0.03783	0.01695	0.02154	0.01652	0.02332	0.01594	0.01364	0.16693	0.02848	0.51568	0.03146	0.02777	0.02011	0.01072	0.00876	0.00268	0.00790	0.00857	0.01034	0.01484
56	0.01064	0.00858	0.00951	0.01007	0.01232	0.00745	0.00738	0.01284	0.01931	0.02386	0.10081	0.23554	0.44063	0.02330	0.01059	0.00313	0.00472	0.04379	0.00816	0.00736
57	0.01827	0.01711	0.02797	0.17111	0.38307	0.01767	0.02224	0.02303	0.01938	0.02628	0.02966	0.03640	0.11726	0.01122	0.00912	0.00279	0.00952	0.04123	0.00505	0.01159
58	0.02049	0.33628	0.23828	0.01992	0.02752	0.02815	0.02149	0.02549	0.01699	0.02294	0.01313	0.01655	0.01120	0.00944	0.01153	0.00259	0.15700	0.00590	0.00373	0.01139
59	0.01278	0.00955	0.01227	0.01335	0.01563	0.00905	0.01119	0.01630	0.02064	0.02658	0.13708	0.08988	0.21865	0.02269	0.01132	0.00354	0.00649	0.34686	0.00826	0.00787
60	0.01185	0.00908	0.01214	0.05558	0.01701	0.00899	0.01037	0.01450	0.01783	0.02311	0.05157	0.31612	0.17573	0.02866	0.08511	0.00467	0.00805	0.13460	0.00742	0.00759
61	0.02045	0.02341	0.11672	0.12052	0.49196	0.02051	0.02721	0.02637	0.01939	0.02767	0.01620	0.02135	0.01319	0.00795	0.00860	0.00265	0.01085	0.00759	0.00418	0.01322
62	0.60680	0.01842	0.01556	0.01324	0.01896	0.02110	0.01091	0.14564	0.02022	0.04239	0.01395	0.01556	0.01055	0.00858	0.00608	0.00268	0.00733	0.00537	0.00608	0.01055
63	0.01161	0.00882	0.01028	0.00995	0.01208	0.00793	0.00722	0.01443	0.02123	0.02815	0.34254	0.07131	0.28856	0.11028	0.01488	0.00359	0.00482	0.01637	0.00844	0.00750
64	0.01493	0.01302	0.01432	0.05650	0.01816	0.04803	0.01052	0.02046	0.11629	0.02376	0.04401	0.21617	0.15782	0.14040	0.01744	0.00411	0.05317	0.01550	0.00695	0.00843
65	0.02193	0.01203	0.01538	0.01326	0.01716	0.01139	0.01038	0.02844	0.10137	0.22613	0.36999	0.04988	0.05618	0.01486	0.00963	0.00276	0.00551	0.01283	0.00988	0.01101
66	0.01049	0.00812	0.00958	0.01075	0.01228	0.00720	0.00748	0.01230	0.01805	0.02282	0.06512	0.43233	0.30212	0.02511	0.01078	0.00329	0.00479	0.02210	0.00810	0.00720
67	0.02159	0.02073	0.03541	0.05354	0.63903	0.02073	0.02677	0.02677	0.01986	0.02850	0.01641	0.02159	0.01382	0.00777	0.00864	0.00259	0.01036	0.00777	0.00432	0.01382
68	0.01212	0.00891	0.01135	0.01074	0.01290	0.00814	0.00806	0.01603	0.02417	0.03373	0.57484	0.06721	0.14267	0.01830	0.01029	0.00277	0.00415	0.01606	0.00944	0.00814
69	0.02393	0.01915	0.02046	0.01788	0.02314	0.02179	0.01406	0.10819	0.52576	0.07251	0.03384	0.03111	0.02505	0.01163	0.00885	0.00291	0.00723	0.00958	0.00897	0.01398
70	0.01756	0.01647	0.02644	0.52993	0.05310	0.01991	0.05360	0.02658	0.11814	0.02495	0.01894	0.02481	0.01420	0.00916	0.00883	0.00292	0.01101	0.00824	0.00473	0.01048
71	0.02678	0.02930	0.03050	0.03883	0.35252	0.27577	0.02211	0.07015	0.02326	0.02747	0.01555	0.01921	0.01286	0.00844	0.00833	0.00246	0.01245	0.00692	0.00469	0.01241
72	0.75506	0.01687	0.01282	0.01147	0.01687	0.01957	0.00945	0.02564	0.01484	0.03914	0.01215	0.01417	0.00945	0.00810	0.00540	0.00270	0.00675	0.00472	0.00540	0.00945
73	0.02523	0.07156	0.03163	0.03874	0.36260	0.22564	0.02198	0.03059	0.06082	0.02621	0.01644	0.01994	0.01366	0.00841	0.00821	0.00246	0.01179	0.00702	0.00463	0.01246
74	0.01067	0.00847	0.00963	0.01048	0.01250	0.00744	0.00763	0.01275	0.01877	0.02327	0.07136	0.29844	0.39290	0.02407	0.01071	0.00323	0.00488	0.05738	0.00809	0.00731
75	0.02085	0.02024	0.03530	0.13339	0.52240	0.02064	0.06642	0.02626	0.01960	0.02765	0.01637	0.02194	0.01349	0.00787	0.00876	0.00266	0.01083	0.00794	0.00427	0.01314
76	0.02235	0.02216	0.03467	0.05140	0.59688	0.06464	0.02609	0.02733	0.02020	0.02801	0.01621	0.02119	0.01364	0.00786	0.00858	0.00257	0.01073	0.00762	0.00433	0.01356
77	0.02294	0.02377	0.03254	0.11572	0.46965	0.13120	0.02477	0.02768	0.02044	0.02658	0.01580	0.02075	0.01313	0.00809	0.00851	0.00257	0.01143	0.00740	0.00430	0.01272
78	0.01629	0.01473	0.02090	0.15795	0.17966	0.01552	0.01654	0.02366	0.11930	0.02659	0.04409	0.08688	0.21388	0.01442	0.00938	0.00289	0.00783	0.01257	0.00642	0.01050
79	0.01059	0.00773	0.00997	0.01177	0.01255	0.00712	0.00793	0.01219	0.01706	0.02242	0.05269	0.61865	0.12382	0.02673	0.01104	0.00347	0.00499	0.02407	0.00810	0.00712
80	0.02212	0.01990	0.02690	0.19716	0.22161	0.06205	0.02070	0.14507	0.04684	0.03126	0.01995	0.06101	0.01686	0.01390	0.05356	0.00351	0.01134	0.00881	0.00554	0.01192
81	0.01268	0.00846	0.00951	0.00951	0.00951	0.00846	0.00529	0.01268	0.01268	0.01691	0.02748	0.05708	0.03171	0.69345	0.04440	0.00846	0.00846	0.01268	0.00529	0.00529
82	0.03146	0.03543	0.02445	0.02144	0.02649	0.45540	0.01645	0.15471	0.09658	0.03001	0.01754	0.01873	0.01374	0.00962	0.00816	0.00241	0.01346	0.00656	0.00587	0.01151
83	0.02365	0.01805	0.02111	0.13299	0.02853	0.01939	0.01485	0.27227	0.06256	0.03930	0.02546	0.02729	0.05623	0.01039	0.00817	0.00245	0.00828	0.00830	0.10587	0.11484
84	0.25492	0.01180	0.01363	0.01319	0.01600	0.01373	0.01043	0.01886	0.01429	0.02642	0.01970	0.02771	0.01777	0.04670	0.44551	0.01032	0.01794	0.00784	0.00491	0.00833
85	0.02636	0.03121	0.02564	0.02267	0.02509	0.36726	0.01788	0.02845	0.01948	0.02118	0.01255	0.01728	0.01133	0.01188	0.01743	0.00297	0.32074	0.00655	0.00418	0.00985
86	0.01158	0.00925	0.01061	0.01129	0.01392	0.00827	0.00915	0.01441	0.01995	0.02443	0.07403	0.08886	0.43663	0.02277	0.01090	0.00331	0.00565	0.20933	0.00808	0.00759
87	0.02652	0.02244	0.02020	0.01716	0.02206	0.13711	0.01353	0.24057	0.16029	0.03941	0.02456	0.02529	0.01855	0.01042	0.00798	0.00249	0.00881	0.00795	0.18253	0.01215
88	0.01031	0.00884	0.00884	0.00884	0.01178	0.00736	0.00663	0.01252	0.01988	0.02356	0.08837	0.08395	0.63549	0.02209	0.01031	0.00295	0.00442	0.01841	0.00810	0.00736
89	0.01163	0.00912	0.01072	0.01132	0.01376	0.00821	0.00900	0.01454	0.02033	0.02557	0.13910	0.11952	0.37200	0.02244	0.01084	0.00326	0.00544	0.17731	0.00826	0.00764
90	0.60003	0.01643	0.01443	0.01235	0.01804	0.01811	0.01018	0.02929	0.01704	0.17035	0.01697	0.01753	0.01208	0.00868	0.00613	0.00270	0.00689	0.00560	0.00657	0.01062
91	0.02932	0.05773	0.02573	0.02223	0.06566	0.23527	0.01663	0.25762	0.09833	0.03652	0.01959	0.02102	0.01515	0.01290	0.04462	0.00314	0.01213	0.00728	0.00661	0.01253
92	0.01515	0.00758	0.01136	0.01136	0.01136	0.00758	0.00758	0.01136	0.01136	0.01515	0.01515	0.02652	0.01515	0.03030	0.03409	0.74621	0.00758	0.00758	0.00379	0.00379
93	0.03110	0.02341	0.02502	0.01965	0.02626	0.02609	0.01608	0.50851	0.14581	0.05165	0.02356	0.02303	0.01696	0.01072	0.00875	0.00268	0.00911	0.00821	0.00875	0.01465
94	0.01788	0.01694	0.02870	0.50275	0.21885	0.01975	0.02492	0.02352	0.01811	0.02399	0.01575	0.02280	0.01223	0.00846	0.00870	0.00282	0.01128	0.00776	0.00400	0.01082
95	0.02159	0.02073	0.03541	0.05354	0.63903	0.02073	0.02677	0.02677	0.01986	0.02850	0.01641	0.02159	0.01382	0.00777	0.00864	0.00259	0.01036	0.00777	0.00432	0.01382
96	0.01065	0.00885	0.00931	0.00919	0.01199	0.00751	0.00689	0.01317	0.02068	0.02546	0.17916	0.08082	0.54352	0.02138	0.01031	0.00291	0.00437	0.01797	0.00835	0.00751
97	0.01059	0.00773	0.00997	0.01177	0.01255	0.00712	0.00793	0.01219	0.01706	0.02242	0.05269	0.61865	0.12382	0.02673	0.01104	0.00347	0.00499	0.02407	0.00810	0.00712
98	0.04953	0.01579	0.01397	0.01491	0.01671	0.15087	0.01088	0.01853	0.01883	0.02334	0.03861	0.43070	0.04432	0.02200	0.01028	0.00328	0.00788	0.09440	0.00718	0.00798
99	0.01246	0.00935	0.01402	0.01402	0.01558	0.01090	0.01090	0.01558	0.01402	0.02025	0.02336	0.03427	0.02181	0.06542	0.65888	0.01402	0.02336	0.00935	0.00467	0.00779
100	0.02332	0.69869	0.04571	0.01493	0.02239	0.03451	0.01493	0.02612	0.01772	0.02052	0.01213	0.01399	0.01119	0.00746	0.00560	0.00187	0.00933	0.00466	0.00373	0.01119
101	0.01789	0.07192	0.59513	0.02499	0.03746	0.02095	0.05799	0.02757	0.01849	0.02734	0.01560	0.01846	0.01116	0.00821	0.00827	0.00273	0.01282	0.00655	0.00372	0.01277
102	0.01054	0.00885	0.00916	0.00908	0.01193	0.00746	0.00681	0.01297	0.02043	0.02487	0.15086	0.08180	0.57218	0.02160	0.01031	0.00292	0.00438	0.01811	0.00827	0.00746
103	0.02116	0.01718	0.01829	0.01643	0.02119	0.01926	0.01279	0.04158	0.50802	0.06949	0.04255	0.03929	0.10817	0.01315	0.00906	0.00294	0.00660	0.01095	0.00888	0.01300
104	0.02096	0.11428	0.05070	0.03383	0.04247	0.02373	0.52773	0.02770	0.02020	0.02694	0.01691	0.02225	0.01296	0.00737	0.00966	0.00280	0.01398	0.00954	0.00432	0.01169
105	0.01099	0.00886	0.00978	0.00955	0.01220	0.00765	0.00716	0.01383	0.02149	0.02737	0.27060	0.07768	0.45088	0.02067	0.01030	0.00288	0.00432	0.01753	0.00860	0.00765
106	0.03036	0.03558	0.02369	0.02118	0.02567	0.49946	0.01614	0.10993	0.02568	0.02574	0.01562	0.01855	0.01293	0.01565	0.08249	0.00364	0.01578	0.00635	0.00508	0.01048
107	0.01031	0.00884	0.00884	0.00884	0.01178	0.00736	0.00663	0.01252	0.01988	0.02356	0.08837	0.08395	0.63549	0.02209	0.01031	0.00295	0.00442	0.01841	0.00810	0.00736
108	0.67244	0.01773	0.01435	0.01246	0.01803	0.02042	0.01026	0.09251	0.01784	0.04095	0.01315	0.01495	0.01006	0.00837	0.00578	0.00269	0.00707	0.00508	0.00578	0.01006
109	0.03306	0.02751	0.02592	0.02050	0.02704	0.14056	0.01663	0.50656	0.03808	0.04893	0.01960	0.02001	0.01419	0.01020	0.00857	0.00255	0.01070	0.00745	0.00797	0.01399
110	0.02598	0.01751	0.01851	0.01500	0.01988	0.01902	0.01213	0.35957	0.03136	0.04544	0.02413	0.02586	0.01803	0.01034	0.00761	0.00237	0.00725	0.00797	0.32005	0.01199
111	0.01841	0.01020	0.01042	0.00965	0.01231	0.01054	0.00743	0.09529	0.02118	0.03537	0.02750	0.03105	0.02140	0.01020	0.00643	0.00211	0.00477	0.00809	0.64866	0.00898
112	0.02170	0.01874	0.01972	0.01775	0.02268	0.02170	0.01381	0.04635	0.62327	0.03649	0.03550	0.03254	0.02663	0.01183	0.00888	0.00296	0.00690	0.00986	0.00888	0.01381
113	0.02155	0.01796	0.02052	0.01697	0.04819	0.01698	0.01289	0.12244	0.17228	0.03469	0.02138	0.02229	0.01667	0.00849	0.00752	0.00197	0.00724	0.00687	0.00662	0.41647
114	0.01750	0.04512	0.64825	0.02486	0.03775	0.02026	0.03223	0.02762	0.01842	0.02762	0.01565	0.01842	0.01105	0.00829	0.00829	0.00276	0.01289	0.00645	0.00368	0.01289
115	0.01063	0.00759	0.01012	0.01215	0.01265	0.00709	0.00810	0.01215	0.01670	0.02227	0.04808	0.68775	0.05769	0.02733	0.01113	0.00354	0.00506	0.02480	0.00810	0.00709
116	0.01853	0.01630	0.02525	0.32609	0.16469	0.01910	0.02073	0.05515	0.01863	0.02608	0.01759	0.02513	0.01449	0.04605	0.01260	0.00313	0.08646	0.00805	0.08556	0.01040
117	0.01041	0.00843	0.00926	0.00992	0.01207	0.00727	0.00711	0.01240	0.01884	0.02314	0.07521	0.28109	0.44684	0.02380	0.01058	0.00314	0.00463	0.02050	0.00810	0.00727
118	0.01261	0.00876	0.01104	0.01104	0.01157	0.00929	0.00719	0.01367	0.01314	0.01805	0.02608	0.04933	0.02835	0.48006	0.25318	0.01035	0.01352	0.01155	0.00508	0.00614
119	0.01750	0.04512	0.64825	0.02486	0.03775	0.02026	0.03223	0.02762	0.01842	0.02762	0.01565	0.01842	0.01105	0.00829	0.00829	0.00276	0.01289	0.00645	0.00368	0.01289
120	0.02536	0.02669	0.03187	0.04283	0.43107	0.19602	0.02338	0.06720	0.02258	0.02827	0.01590	0.01994	0.01318	0.00828	0.00843	0.00250	0.01178	0.00719	0.00466	0.01287
121	0.02253	0.02111	0.03119	0.07035	0.45094	0.05006	0.02327	0.09092	0.05572	0.03097	0.02172	0.02534	0.04843	0.00917	0.00872	0.00263	0.01006	0.00838	0.00525	0.01323
122	0.01340	0.00868	0.01068	0.01068	0.01164	0.00918	0.00730	0.01530	0.01435	0.02142	0.02635	0.04425	0.02643	0.33857	0.23663	0.00886	0.01236	0.01060	0.16660	0.00673
123	0.01962	0.02315	0.10754	0.07523	0.16011	0.01912	0.25507	0.02599	0.01944	0.02775	0.01656	0.02134	0.01293	0.00744	0.00879	0.00249	0.01161	0.00805	0.00444	0.17334
124	0.06487	0.58918	0.04160	0.01556	0.02258	0.10180	0.01483	0.02704	0.01833	0.02164	0.01228	0.01419	0.01110	0.00766	0.00583	0.00195	0.00988	0.00477	0.00391	0.01098
125	0.01590	0.01384	0.01551	0.01485	0.01767	0.05569	0.01148	0.02447	0.17463	0.02501	0.03461	0.03927	0.10473	0.04191	0.35941	0.00887	0.01602	0.01045	0.00622	0.00946
126	0.02218	0.02370	0.10429	0.01907	0.04849	0.12196	0.01599	0.17635	0.02722	0.03575	0.22371	0.03540	0.03667	0.01587	0.05152	0.00336	0.01015	0.01004	0.00720	0.01109
127	0.03111	0.03877	0.02616	0.02665	0.10923	0.57272	0.01819	0.03375	0.02407	0.02231	0.01388	0.01652	0.01158	0.00883	0.00797	0.00229	0.01501	0.00591	0.00447	0.01061
128	0.01647	0.01550	0.02616	0.67248	0.06008	0.01938	0.02422	0.02229	0.01744	0.02229	0.01550	0.02326	0.01163	0.00872	0.00872	0.00291	0.01163	0.00775	0.00388	0.00969
129	0.11139	0.01847	0.07050	0.02027	0.09253	0.01641	0.01567	0.06507	0.10146	0.05604	0.02571	0.03822	0.02292	0.01198	0.00851	0.00270	0.00811	0.13258	0.00656	0.17490
130	0.02929	0.11023	0.02642	0.02109	0.02541	0.50374	0.01638	0.03164	0.02247	0.02116	0.01388	0.01704	0.01197	0.01312	0.05381	0.00312	0.05892	0.00590	0.00438	0.01003
131	0.01246	0.00935	0.01402	0.01402	0.01558	0.01090	0.01090	0.01558	0.01402	0.02025	0.02336	0.03427	0.02181	0.06542	0.65888	0.01402	0.02336	0.00935	0.00467	0.00779
132	0.01167	0.00889	0.01072	0.01026	0.01261	0.00794	0.00770	0.01515	0.02309	0.03117	0.45220	0.07143	0.26691	0.01925	0.01030	0.00281	0.00422	0.01665	0.00910	0.00794
133	0.01235	0.00892	0.01166	0.01097	0.01303	0.00823	0.00823	0.01646	0.02469	0.03498	0.63443	0.06516	0.08230	0.01783	0.01029	0.00274	0.00412	0.01578	0.00960	0.00823
134	0.01046	0.00826	0.00943	0.01036	0.01218	0.00724	0.00730	0.01235	0.01842	0.02297	0.06980	0.36225	0.36918	0.02450	0.01069	0.00322	0.00471	0.02135	0.00810	0.00724
135	0.01675	0.01579	0.02667	0.63863	0.09174	0.01945	0.02436	0.02253	0.01757	0.02263	0.01555	0.02316	0.01175	0.00867	0.00872	0.00289	0.01156	0.00775	0.00390	0.00992
136	0.02245	0.01911	0.02015	0.01790	0.02297	0.02205	0.01399	0.08317	0.58523	0.03770	0.03455	0.03179	0.02586	0.01175	0.00887	0.00294	0.00708	0.00973	0.00887	0.01387
137	0.01565	0.01241	0.01683	0.04612	0.10128	0.01213	0.01246	0.08168	0.01999	0.02739	0.03593	0.42407	0.04027	0.01979	0.00992	0.00304	0.00670	0.01779	0.00716	0.08938
138	0.05672	0.05008	0.01682	0.01486	0.01727	0.08394	0.01169	0.01882	0.01544	0.02144	0.02105	0.03002	0.01939	0.05292	0.51587	0.01144	0.02085	0.00843	0.00464	0.00832
139	0.01647	0.01550	0.02616	0.67248	0.06008	0.01938	0.02422	0.02229	0.01744	0.02229	0.01550	0.02326	0.01163	0.00872	0.00872	0.00291	0.01163	0.00775	0.00388	0.00969
140	0.02548	0.55085	0.04143	0.01605	0.02341	0.03288	0.01529	0.15414	0.02283	0.02808	0.01406	0.01552	0.01199	0.00812	0.00628	0.00203	0.00939	0.00536	0.00483	0.01199
141	0.01246	0.00935	0.01402	0.01402	0.01558	0.01090	0.01090	0.01558	0.01402	0.02025	0.02336	0.03427	0.02181	0.06542	0.65888	0.01402	0.02336	0.00935	0.00467	0.00779
142	0.03316	0.02443	0.02618	0.02007	0.02705	0.02705	0.01658	0.60995	0.04101	0.05497	0.02094	0.02094	0.01483	0.01047	0.00873	0.00262	0.00960	0.00785	0.00873	0.01483
143	0.01268	0.00846	0.00951	0.00951	0.00951	0.00846	0.00529	0.01268	0.01268	0.01691	0.02748	0.05708	0.03171	0.69345	0.04440	0.00846	0.00846	0.01268	0.00529	0.00529
144	0.01063	0.00759	0.01012	0.01215	0.01265	0.00709	0.00810	0.01215	0.01670	0.02227	0.04808	0.68775	0.05769	0.02733	0.01113	0.00354	0.00506	0.02480	0.00810	0.00709
145	0.01268	0.00846	0.00951	0.00951	0.00951	0.00846	0.00529	0.01268	0.01268	0.01691	0.02748	0.05708	0.03171	0.69345	0.04440	0.00846	0.00846	0.01268	0.00529	0.00529
146	0.01097	0.00819	0.00957	0.01049	0.01168	0.00748	0.00700	0.01239	0.01686	0.02152	0.05672	0.35232	0.24065	0.17168	0.01816	0.00443	0.00560	0.02006	0.00748	0.00678
147	0.05953	0.01656	0.05789	0.05395	0.02266	0.01658	0.01414	0.03126	0.30020	0.03073	0.03592	0.18256	0.03375	0.01626	0.00955	0.00320	0.00730	0.08917	0.00777	0.01101
148	0.02332	0.69869	0.04571	0.01493	0.02239	0.03451	0.01493	0.02612	0.01772	0.02052	0.01213	0.01399	0.01119	0.00746	0.00560	0.00187	0.00933	0.00466	0.00373	0.01119
149	0.01919	0.34373	0.23593	0.01798	0.02601	0.02501	0.01975	0.02445	0.01719	0.02279	0.01559	0.01960	0.01333	0.01963	0.14064	0.00465	0.01337	0.00621	0.00391	0.01105
150	0.02180	0.31485	0.19189	0.02858	0.20152	0.02673	0.02267	0.05151	0.01949	0.02602	0.01460	0.01755	0.01206	0.00788	0.00726	0.00233	0.01052	0.00613	0.00410	0.01252
151	0.01031	0.00884	0.00884	0.00884	0.01178	0.00736	0.00663	0.01252	0.01988	0.02356	0.08837	0.08395	0.63549	0.02209	0.01031	0.00295	0.00442	0.01841	0.00810	0.00736
152	0.01457	0.01042	0.01261	0.01225	0.01402	0.01036	0.00867	0.09193	0.02172	0.02969	0.23597	0.26319	0.05496	0.15875	0.01737	0.00416	0.00604	0.01708	0.00810	0.00811
153	0.01626	0.01351	0.02100	0.02824	0.23656	0.01336	0.01725	0.02059	0.02066	0.02834	0.13935	0.09253	0.04333	0.01737	0.01049	0.00327	0.00803	0.25280	0.00700	0.01007
154	0.01744	0.01641	0.02655	0.24656	0.31178	0.01735	0.02152	0.02218	0.01907	0.02538	0.03189	0.03581	0.14942	0.01122	0.00903	0.00277	0.00947	0.01010	0.00500	0.01105
155	0.01280	0.10127	0.01503	0.01118	0.01383	0.01122	0.00863	0.01553	0.02036	0.02654	0.24557	0.22026	0.22640	0.02006	0.00988	0.00288	0.00514	0.01731	0.00800	0.00809
156	0.02159	0.02073	0.03541	0.05354	0.63903	0.02073	0.02677	0.02677	0.01986	0.02850	0.01641	0.02159	0.01382	0.00777	0.00864	0.00259	0.01036	0.00777	0.00432	0.01382
157	0.06074	0.03631	0.16234	0.02570	0.09894	0.32314	0.02098	0.11709	0.02475	0.02933	0.01534	0.01769	0.01194	0.00887	0.00806	0.00247	0.01318	0.00634	0.00496	0.01181
158	0.01970	0.02471	0.18379	0.02214	0.09469	0.05877	0.01869	0.14216	0.02338	0.03118	0.03259	0.18937	0.09227	0.01488	0.00931	0.00289	0.00927	0.01262	0.00641	0.01119
159	0.03238	0.02368	0.02535	0.01952	0.02627	0.02618	0.01610	0.58278	0.03997	0.05394	0.02129	0.02148	0.01518	0.01046	0.00860	0.00259	0.00934	0.00787	0.04250	0.01453
160	0.01946	0.01223	0.01544	0.01250	0.01733	0.01024	0.00982	0.02335	0.02259	0.15219	0.31497	0.04285	0.04777	0.01274	0.00874	0.00226	0.00553	0.01094	0.00839	0.25066
161	0.01153	0.00820	0.01061	0.01202	0.01275	0.00793	0.00829	0.01314	0.01624	0.02155	0.04393	0.42853	0.07378	0.16606	0.05423	0.00517	0.00710	0.08475	0.00732	0.00687
162	0.20240	0.02548	0.14519	0.01620	0.02196	0.15598	0.01515	0.02456	0.02034	0.03005	0.14647	0.03444	0.10474	0.01206	0.00813	0.00265	0.00916	0.00922	0.00603	0.00979
163	0.02160	0.02046	0.03330	0.04873	0.55619	0.02086	0.02503	0.02940	0.10096	0.02957	0.01897	0.02306	0.01554	0.00832	0.00867	0.00264	0.00990	0.00805	0.00493	0.01382
164	0.01100	0.00795	0.01005	0.01157	0.01234	0.00742	0.00778	0.01249	0.01666	0.02185	0.04985	0.51084	0.12003	0.11613	0.01555	0.00415	0.00556	0.04416	0.00772	0.00691
165	0.02390	0.02131	0.03297	0.07382	0.47900	0.02205	0.02442	0.15445	0.02439	0.03403	0.01736	0.02152	0.01394	0.00841	0.00866	0.00261	0.01025	0.00779	0.00526	0.01386
166	0.02317	0.02445	0.02392	0.02705	0.17867	0.22572	0.01679	0.05709	0.02038	0.02416	0.02066	0.02947	0.04452	0.15064	0.01810	0.00384	0.08775	0.00855	0.00493	0.01014
167	0.01066	0.00816	0.00982	0.01109	0.01257	0.00732	0.00781	0.01254	0.01803	0.02292	0.06290	0.43856	0.27112	0.02525	0.01087	0.00334	0.00495	0.04677	0.00810	0.00723
168	0.01072	0.00763	0.01010	0.01203	0.01252	0.00714	0.00797	0.01217	0.01653	0.02203	0.04718	0.66031	0.05656	0.05631	0.01258	0.00376	0.00521	0.02427	0.00797	0.00701
169	0.02411	0.02550	0.03296	0.04642	0.49879	0.16684	0.02450	0.02862	0.02097	0.02686	0.01574	0.02025	0.01323	0.00805	0.00846	0.00251	0.01159	0.00728	0.00436	0.01297
170	0.03063	0.03706	0.02671	0.02795	0.13700	0.51561	0.01862	0.05905	0.02457	0.02413	0.01434	0.01702	0.01186	0.00884	0.00804	0.00233	0.01449	0.00610	0.00465	0.01099
171	0.02468	0.17103	0.03178	0.02917	0.23265	0.09553	0.01848	0.09238	0.02222	0.05587	0.01627	0.01894	0.01325	0.00805	0.00752	0.00218	0.00987	0.00645	0.00513	0.13853

[dist]
# distance from previous block
# <min> <max>
12	65

[block]
# block no. 3 follows, 20 sequences, length 8
# corresponding to MSA columns:
# 299-306
name=unknown_D
#
# <colnr> <probs for GDERKNQSTAVLIFYWHMCP>
#	G	D	E	R	K	N	Q	S	T	A	V	L	I	F	Y	W	H	M	C	P
0	0.01633	0.02919	0.31491	0.02147	0.02942	0.04635	0.10340	0.02275	0.01865	0.02544	0.03130	0.14079	0.10184	0.04567	0.01100	0.00319	0.01066	0.01186	0.00521	0.01055
1	0.02283	0.43790	0.14600	0.02266	0.11176	0.08107	0.01971	0.02718	0.01871	0.02293	0.01344	0.01596	0.01154	0.00777	0.00667	0.00215	0.01061	0.00548	0.00387	0.01176
2	0.01646	0.02171	0.18094	0.01749	0.02268	0.01643	0.01699	0.02574	0.15488	0.02676	0.03615	0.04696	0.11613	0.10360	0.01600	0.00385	0.07626	0.08434	0.00631	0.01031
3	0.01790	0.02105	0.11602	0.15428	0.27979	0.01798	0.07263	0.02344	0.01896	0.02612	0.02570	0.09441	0.07145	0.01121	0.00914	0.00283	0.01027	0.01044	0.00487	0.01151
4	0.02300	0.11929	0.03025	0.24457	0.17140	0.18887	0.02107	0.02820	0.04790	0.02381	0.01562	0.02006	0.01264	0.00855	0.00805	0.00252	0.01188	0.00686	0.00435	0.01111
5	0.02064	0.06673	0.10248	0.12057	0.29266	0.08483	0.07100	0.02594	0.01980	0.02590	0.02184	0.02582	0.06543	0.00924	0.00862	0.00263	0.01114	0.00831	0.00450	0.01192
6	0.02088	0.02257	0.02376	0.06085	0.02699	0.18402	0.11297	0.02940	0.16111	0.02664	0.04008	0.04024	0.18742	0.01297	0.00924	0.00276	0.01013	0.01105	0.00645	0.01046
7	0.02082	0.08153	0.03680	0.02648	0.03213	0.11055	0.28514	0.02569	0.02015	0.02597	0.09675	0.02698	0.02199	0.01289	0.04380	0.00339	0.10400	0.00946	0.00498	0.01052

[dist]
# distance from previous block
# <min> <max>
4	15

[block]
# block no. 4 follows, 20 sequences, length 94
# corresponding to MSA columns:
# 322-415
name=unknown_E
#
# <colnr> <probs for GDERKNQSTAVLIFYWHMCP>
#	G	D	E	R	K	N	Q	S	T	A	V	L	I	F	Y	W	H	M	C	P
0	0.01985	0.01709	0.01553	0.01493	0.01784	0.15093	0.01115	0.02410	0.06932	0.08855	0.03744	0.21023	0.09718	0.02512	0.11620	0.00470	0.01066	0.01360	0.04627	0.00931
1	0.02795	0.05201	0.02207	0.02015	0.05491	0.25264	0.01527	0.05295	0.02341	0.16657	0.02759	0.07515	0.02482	0.01360	0.00913	0.00282	0.01081	0.13015	0.00701	0.01100
2	0.02153	0.06863	0.02902	0.17350	0.25300	0.07425	0.02107	0.03168	0.18198	0.02814	0.02081	0.02388	0.01639	0.00915	0.00844	0.00268	0.01008	0.00793	0.00542	0.01242
3	0.05264	0.35080	0.10307	0.02347	0.11923	0.17035	0.01882	0.02832	0.01959	0.02341	0.01347	0.01603	0.01152	0.00797	0.00685	0.00219	0.01121	0.00555	0.00405	0.01147
