[name]
unknown

[dist]
# distance from previous block
# <min> <max>
7	37

[block]
# block no. 0 follows, 21 sequences, length 8
# corresponding to MSA columns:
# 40-47
name=unknown_A
#
# <colnr> <probs for GDERKNQSTAVLIFYWHMCP>
#	G	D	E	R	K	N	Q	S	T	A	V	L	I	F	Y	W	H	M	C	P
0	0.01799	0.06342	0.02148	0.02281	0.16220	0.07001	0.01449	0.02541	0.13294	0.02811	0.16485	0.03868	0.09096	0.01858	0.08717	0.00391	0.00947	0.01047	0.00654	0.01050
1	0.10614	0.14753	0.11026	0.02370	0.16164	0.02051	0.01763	0.02500	0.04705	0.02720	0.01865	0.02123	0.04418	0.00867	0.00820	0.00229	0.04492	0.00663	0.00468	0.15390
2	0.01673	0.01521	0.01565	0.01701	0.07738	0.08994	0.01131	0.02255	0.13106	0.02404	0.04178	0.08706	0.17835	0.12501	0.01635	0.05489	0.00775	0.05266	0.00654	0.00875
3	0.01592	0.06069	0.02023	0.22434	0.03002	0.01700	0.01496	0.02317	0.12949	0.02343	0.02908	0.03547	0.09287	0.08716	0.11697	0.00507	0.04972	0.00968	0.00541	0.00930
4	0.01834	0.02431	0.17012	0.03308	0.18082	0.01851	0.23885	0.02500	0.01978	0.02779	0.07675	0.03190	0.02212	0.00991	0.00939	0.00283	0.01141	0.06262	0.00492	0.01154
5	0.01795	0.01655	0.02775	0.15849	0.38378	0.01762	0.02185	0.02263	0.01754	0.02471	0.01751	0.02440	0.01500	0.02158	0.17037	0.00532	0.01346	0.00796	0.00422	0.01129
6	0.01663	0.01424	0.01721	0.01750	0.06054	0.07001	0.01275	0.01971	0.01580	0.02333	0.02029	0.02763	0.01793	0.03280	0.28221	0.00719	0.15105	0.00809	0.17648	0.00863
7	0.01822	0.01658	0.02723	0.03913	0.44737	0.01637	0.02041	0.02294	0.02086	0.02980	0.21402	0.03448	0.03457	0.01068	0.00893	0.00257	0.00819	0.01005	0.00584	0.01176

[dist]
# distance from previous block
# <min> <max>
0	1

[block]
# block no. 1 follows, 21 sequences, length 6
# corresponding to MSA columns:
# 49-54
name=unknown_B
#
# <colnr> <probs for GDERKNQSTAVLIFYWHMCP>
#	G	D	E	R	K	N	Q	S	T	A	V	L	I	F	Y	W	H	M	C	P
0	0.23809	0.01528	0.04798	0.04746	0.01967	0.01426	0.01119	0.02295	0.07348	0.03240	0.17356	0.03396	0.07595	0.01128	0.00760	0.00244	0.00632	0.00899	0.00655	0.15058
1	0.01636	0.01489	0.02456	0.25619	0.26832	0.01605	0.02017	0.02063	0.01771	0.02403	0.02434	0.21011	0.02471	0.01323	0.00913	0.00289	0.00909	0.01222	0.00510	0.01026
2	0.11474	0.02417	0.01849	0.01607	0.02050	0.23968	0.01253	0.17743	0.02522	0.03432	0.01899	0.02111	0.01472	0.00936	0.00711	0.00228	0.00955	0.00663	0.21671	0.01041
3	0.01233	0.00843	0.01020	0.01020	0.01051	0.00875	0.00630	0.01296	0.01265	0.01718	0.02598	0.05106	0.02893	0.56828	0.17321	0.00938	0.01128	0.01170	0.00503	0.00566
4	0.01044	0.00864	0.00914	0.00902	0.01173	0.00734	0.00676	0.01294	0.02029	0.02510	0.19201	0.07842	0.53726	0.02076	0.01005	0.00284	0.00425	0.01747	0.00818	0.00734
5	0.06333	0.02238	0.01892	0.12730	0.02621	0.22287	0.01398	0.11235	0.02289	0.02949	0.02339	0.02609	0.06106	0.01011	0.00757	0.00238	0.00979	0.00761	0.18251	0.00978

[dist]
# distance from previous block
# <min> <max>
13	21

[block]
# block no. 2 follows, 21 sequences, length 8
# corresponding to MSA columns:
# 79-86
name=unknown_C
#
# <colnr> <probs for GDERKNQSTAVLIFYWHMCP>
#	G	D	E	R	K	N	Q	S	T	A	V	L	I	F	Y	W	H	M	C	P
0	0.12688	0.01528	0.05988	0.01379	0.01775	0.01439	0.01148	0.09313	0.11139	0.03443	0.20215	0.15117	0.04145	0.01479	0.00871	0.00278	0.00619	0.01248	0.05199	0.00989
1	0.13895	0.02778	0.02401	0.02689	0.17688	0.29017	0.01717	0.03273	0.13300	0.02791	0.01759	0.01953	0.01407	0.00885	0.00767	0.00247	0.01114	0.00662	0.00526	0.01132
2	0.02254	0.02303	0.03310	0.04805	0.56211	0.10940	0.02478	0.02720	0.02003	0.02684	0.01561	0.02027	0.01313	0.00775	0.00832	0.00248	0.01083	0.00729	0.00424	0.01298
3	0.01216	0.00839	0.01041	0.01057	0.01098	0.00873	0.00672	0.01302	0.01302	0.01773	0.02748	0.10269	0.03065	0.48954	0.19351	0.00919	0.01154	0.01255	0.00524	0.00590
4	0.01790	0.01553	0.02303	0.14203	0.22908	0.01639	0.01792	0.06570	0.07477	0.03026	0.16419	0.03984	0.06885	0.01225	0.00912	0.00275	0.00813	0.04492	0.00642	0.01092
5	0.01753	0.01414	0.01543	0.01378	0.01763	0.01500	0.01070	0.10352	0.24763	0.03456	0.20966	0.05068	0.18435	0.01531	0.00934	0.00278	0.00577	0.01289	0.00865	0.01065
6	0.02134	0.02100	0.02567	0.16935	0.13925	0.11928	0.01950	0.09173	0.01985	0.02579	0.01555	0.02131	0.01310	0.01629	0.08717	0.00408	0.16722	0.00741	0.00456	0.01055
7	0.01200	0.00826	0.01015	0.01048	0.01082	0.00844	0.00657	0.01278	0.01326	0.01794	0.02949	0.15930	0.03352	0.47686	0.14634	0.00839	0.01022	0.01379	0.00551	0.00588

[dist]
# distance from previous block
# <min> <max>
2	6

[block]
# block no. 3 follows, 21 sequences, length 8
# corresponding to MSA columns:
# 93-100
name=unknown_D
#
# <colnr> <probs for GDERKNQSTAVLIFYWHMCP>
#	G	D	E	R	K	N	Q	S	T	A	V	L	I	F	Y	W	H	M	C	P
0	0.02242	0.02272	0.02806	0.03521	0.32298	0.14746	0.04660	0.06532	0.06760	0.02781	0.02142	0.11313	0.01982	0.01088	0.00871	0.00263	0.01033	0.00971	0.00537	0.01184
1	0.02661	0.42381	0.03604	0.01751	0.02373	0.25706	0.01534	0.06931	0.02127	0.02262	0.01289	0.01472	0.01118	0.00801	0.00645	0.00200	0.01133	0.00509	0.00424	0.01079
2	0.07052	0.00908	0.00997	0.00997	0.01240	0.00835	0.00739	0.01434	0.01994	0.02738	0.24331	0.16845	0.32891	0.02002	0.00980	0.00289	0.00450	0.01711	0.00814	0.00756
3	0.01427	0.01387	0.02607	0.02118	0.02527	0.01287	0.25468	0.01814	0.01823	0.02413	0.03988	0.34437	0.11378	0.01811	0.01043	0.00314	0.00867	0.01766	0.00644	0.00880
4	0.01836	0.01858	0.01786	0.01825	0.05246	0.17000	0.01291	0.02234	0.06931	0.02219	0.02658	0.20669	0.02771	0.06811	0.12969	0.00519	0.08697	0.01229	0.00569	0.00881
5	0.01743	0.04485	0.09226	0.02177	0.10143	0.10300	0.07344	0.02145	0.01920	0.02543	0.08414	0.23580	0.03297	0.01483	0.00904	0.00277	0.00878	0.01323	0.06863	0.00957
6	0.01068	0.00849	0.00967	0.01027	0.01246	0.00748	0.00770	0.01303	0.01909	0.02383	0.11515	0.21619	0.40691	0.02257	0.01042	0.00310	0.00482	0.08286	0.00801	0.00726
7	0.10263	0.01945	0.03281	0.13134	0.42205	0.02008	0.09746	0.02554	0.01860	0.02806	0.01557	0.02071	0.01264	0.00769	0.00829	0.00262	0.01041	0.00756	0.00428	0.01221

[dist]
# distance from previous block
# <min> <max>
2	4

[block]
# block no. 4 follows, 21 sequences, length 66
# corresponding to MSA columns:
# 105-170
name=unknown_E
#
# <colnr> <probs for GDERKNQSTAVLIFYWHMCP>
#	G	D	E	R	K	N	Q	S	T	A	V	L	I	F	Y	W	H	M	C	P
0	0.01911	0.01688	0.02716	0.05731	0.02819	0.01698	0.20455	0.16241	0.02328	0.03092	0.03218	0.18247	0.08834	0.05547	0.01178	0.00325	0.00948	0.01349	0.00651	0.01023
1	0.01262	0.01025	0.01101	0.01094	0.01347	0.00997	0.00803	0.01842	0.12831	0.02430	0.06243	0.12472	0.35814	0.12156	0.01492	0.00378	0.00557	0.04590	0.00763	0.00802
2	0.05598	0.02957	0.14908	0.06370	0.22522	0.19195	0.02206	0.03058	0.09969	0.02696	0.01730	0.02009	0.01361	0.00857	0.00805	0.00254	0.01145	0.00690	0.00474	0.01195
3	0.01803	0.04686	0.01708	0.01523	0.01768	0.18393	0.01167	0.02069	0.01676	0.02061	0.02038	0.02917	0.01878	0.08486	0.38205	0.00904	0.01809	0.00810	0.05279	0.00820
4	0.01716	0.09699	0.29408	0.01917	0.05294	0.01707	0.02004	0.02354	0.01886	0.02765	0.11628	0.02493	0.02261	0.00901	0.00767	0.00221	0.00907	0.00730	0.00494	0.20846
5	0.01728	0.01889	0.05959	0.01868	0.02269	0.11845	0.12923	0.02106	0.01853	0.02400	0.03239	0.14947	0.10565	0.02009	0.08678	0.00405	0.04121	0.01215	0.09085	0.00895
6	0.01101	0.00775	0.00994	0.01115	0.01174	0.00734	0.00733	0.01251	0.01647	0.02222	0.12012	0.47684	0.05400	0.16926	0.01768	0.00438	0.00552	0.02053	0.00751	0.00668
7	0.01888	0.01489	0.02004	0.02326	0.16782	0.01544	0.01464	0.14347	0.05543	0.03335	0.13838	0.14363	0.03622	0.01698	0.04106	0.00332	0.00799	0.04686	0.04763	0.01072
8	0.02402	0.01487	0.01814	0.01617	0.05691	0.01398	0.01213	0.14511	0.02491	0.19968	0.07224	0.04307	0.17144	0.01338	0.00884	0.00256	0.00688	0.03948	0.00821	0.10797
9	0.02281	0.01764	0.02004	0.01475	0.02205	0.01578	0.01196	0.19651	0.02445	0.06196	0.01746	0.01894	0.01351	0.00762	0.00704	0.00170	0.00723	0.00596	0.00629	0.50633
10	0.01032	0.00760	0.00967	0.01133	0.01221	0.00696	0.00767	0.01191	0.01679	0.02193	0.05325	0.59636	0.15120	0.02584	0.01073	0.00336	0.00484	0.02319	0.00790	0.00696
11	0.21075	0.02478	0.05781	0.07022	0.21107	0.18915	0.01810	0.02726	0.01905	0.02842	0.01487	0.01835	0.01199	0.00821	0.00725	0.00246	0.01041	0.00623	0.05284	0.01078
12	0.04887	0.01241	0.01425	0.01293	0.01644	0.01237	0.01039	0.13515	0.02490	0.06115	0.22934	0.06136	0.20003	0.01732	0.00975	0.00290	0.00601	0.10659	0.00846	0.00938
13	0.01109	0.00858	0.01020	0.01063	0.01275	0.00769	0.00805	0.01382	0.02006	0.02590	0.21448	0.18694	0.32136	0.02166	0.01041	0.00306	0.00480	0.09281	0.00826	0.00743
14	0.01533	0.01155	0.01324	0.01299	0.01528	0.01193	0.00939	0.09625	0.11866	0.02747	0.04387	0.31704	0.12918	0.08194	0.01415	0.04245	0.00613	0.01683	0.00764	0.00867
15	0.28639	0.05863	0.02182	0.19218	0.03116	0.08737	0.01562	0.15668	0.02194	0.03446	0.01475	0.01779	0.01122	0.00863	0.00710	0.00258	0.00950	0.00615	0.00541	0.01060
16	0.01037	0.00741	0.00987	0.01185	0.01234	0.00691	0.00790	0.01185	0.01629	0.02172	0.04690	0.69537	0.05629	0.02666	0.01086	0.00346	0.00494	0.02419	0.00790	0.00691
17	0.17845	0.01859	0.01896	0.01538	0.02025	0.02055	0.01210	0.35147	0.02813	0.04157	0.02018	0.02748	0.01731	0.17461	0.01615	0.00393	0.00852	0.00815	0.00704	0.01116
18	0.03188	0.03786	0.02435	0.02155	0.02632	0.56341	0.01640	0.12847	0.02668	0.02612	0.01433	0.01617	0.01153	0.00900	0.00781	0.00225	0.01438	0.00583	0.00505	0.01061
19	0.01076	0.00882	0.00960	0.00991	0.01259	0.00766	0.00776	0.01329	0.01962	0.02386	0.10173	0.08356	0.52024	0.02172	0.01035	0.00304	0.00490	0.11531	0.00795	0.00733
20	0.01203	0.00811	0.00938	0.00972	0.00981	0.00802	0.00563	0.01229	0.01305	0.01740	0.03026	0.16543	0.03529	0.58525	0.03775	0.00743	0.00768	0.01440	0.00563	0.00546
21	0.16125	0.01329	0.01458	0.01268	0.01676	0.01333	0.00982	0.10173	0.02148	0.17875	0.06818	0.12460	0.12715	0.08446	0.01209	0.00334	0.00656	0.01198	0.00790	0.01005
22	0.01238	0.00825	0.00928	0.00928	0.00928	0.00825	0.00516	0.01238	0.01238	0.01650	0.02681	0.05569	0.03094	0.70092	0.04331	0.00825	0.00825	0.01238	0.00516	0.00516
23	0.01371	0.00980	0.01371	0.01567	0.01763	0.00980	0.01371	0.01763	0.01959	0.02547	0.04506	0.09599	0.04898	0.02351	0.01175	0.00392	0.00784	0.59056	0.00784	0.00784
24	0.01252	0.00974	0.01275	0.01288	0.01338	0.01090	0.00911	0.01385	0.01439	0.01977	0.03369	0.28356	0.06189	0.23019	0.10853	0.00623	0.11803	0.01575	0.00597	0.00688
25	0.01944	0.01470	0.01613	0.01433	0.01785	0.01560	0.01084	0.22185	0.10551	0.03387	0.04007	0.19754	0.12977	0.10590	0.01386	0.00360	0.00700	0.01414	0.00785	0.01015
26	0.01037	0.00741	0.00987	0.01185	0.01234	0.00691	0.00790	0.01185	0.01629	0.02172	0.04690	0.69537	0.05629	0.02666	0.01086	0.00346	0.00494	0.02419	0.00790	0.00691
27	0.03179	0.04056	0.02412	0.02192	0.02631	0.66676	0.01644	0.03398	0.02412	0.02083	0.01315	0.01535	0.01096	0.00877	0.00767	0.00219	0.01535	0.00548	0.00438	0.00987
28	0.01932	0.01239	0.01731	0.01560	0.01773	0.01417	0.01242	0.02191	0.01668	0.15860	0.05514	0.07746	0.02575	0.07562	0.22862	0.00694	0.17392	0.03479	0.00629	0.00933
29	0.01179	0.00833	0.01093	0.01143	0.01208	0.00872	0.00772	0.01320	0.01382	0.01894	0.03058	0.21163	0.03413	0.31167	0.24742	0.00887	0.01236	0.01429	0.00565	0.00644
30	0.02517	0.02857	0.02875	0.12045	0.29598	0.30642	0.02151	0.02903	0.02117	0.02393	0.01463	0.01874	0.01209	0.00823	0.00810	0.00242	0.01259	0.00665	0.00423	0.01136
31	0.01083	0.00763	0.00984	0.01131	0.01179	0.00722	0.00739	0.01216	0.01595	0.02137	0.07334	0.54307	0.05273	0.15299	0.01692	0.00432	0.00551	0.02152	0.00746	0.00664
32	0.01024	0.00863	0.00888	0.00881	0.01161	0.00726	0.00661	0.01257	0.01983	0.02402	0.13766	0.08021	0.59229	0.02117	0.01006	0.00286	0.00428	0.01772	0.00804	0.00726
33	0.02728	0.03295	0.02544	0.13894	0.08907	0.45628	0.01871	0.03032	0.02178	0.02161	0.01364	0.01734	0.01127	0.00898	0.00910	0.00243	0.05436	0.00615	0.00422	0.01009
34	0.02542	0.13172	0.11866	0.06440	0.05932	0.31049	0.01862	0.07767	0.02254	0.02487	0.01889	0.02099	0.05256	0.00933	0.00773	0.00234	0.01230	0.00670	0.00468	0.01077
35	0.02158	0.02947	0.21726	0.02196	0.06457	0.11488	0.02004	0.06733	0.25659	0.03074	0.02593	0.02608	0.04552	0.01021	0.00838	0.00269	0.01004	0.00813	0.00616	0.01244
36	0.01862	0.01862	0.02607	0.02234	0.02234	0.02607	0.01862	0.02048	0.01303	0.02048	0.01117	0.01862	0.01117	0.01489	0.02793	0.00372	0.68535	0.00745	0.00372	0.00931
37	0.01946	0.01575	0.02436	0.52206	0.05005	0.01883	0.02123	0.05265	0.07762	0.08667	0.01904	0.02407	0.01384	0.00907	0.00853	0.00281	0.01041	0.00786	0.00512	0.01056
38	0.02508	0.02860	0.02469	0.05718	0.17852	0.33438	0.01784	0.03098	0.10153	0.02471	0.02342	0.02530	0.07142	0.01000	0.00824	0.00246	0.01175	0.00777	0.00519	0.01096
39	0.03044	0.01570	0.01935	0.01539	0.02097	0.01533	0.01250	0.17432	0.05959	0.34875	0.15810	0.03431	0.03214	0.01195	0.00886	0.00264	0.00705	0.00983	0.00971	0.01308
40	0.01053	0.00752	0.01006	0.01203	0.01260	0.00705	0.00818	0.01213	0.01645	0.02191	0.04682	0.66638	0.05593	0.02651	0.01091	0.00348	0.00508	0.05158	0.00790	0.00696
41	0.01390	0.01229	0.01226	0.01222	0.01500	0.04631	0.00901	0.02097	0.16124	0.02547	0.05991	0.22805	0.31147	0.01988	0.00981	0.00299	0.00564	0.01698	0.00789	0.00872
42	0.01988	0.37170	0.35380	0.01946	0.02941	0.02665	0.02309	0.02622	0.01763	0.02352	0.01357	0.01583	0.01085	0.00769	0.00679	0.00226	0.01086	0.00543	0.00362	0.01176
43	0.01006	0.00862	0.00862	0.00862	0.01149	0.00718	0.00647	0.01221	0.01940	0.02299	0.08621	0.08190	0.64438	0.02155	0.01006	0.00287	0.00431	0.01796	0.00790	0.00718
44	0.02209	0.01807	0.01927	0.01720	0.02211	0.02070	0.01342	0.04502	0.59932	0.06929	0.03458	0.03160	0.02571	0.01149	0.00865	0.00287	0.00676	0.00956	0.00876	0.01353
45	0.02222	0.55653	0.15065	0.01663	0.02469	0.06331	0.01761	0.02617	0.01776	0.02127	0.01250	0.01449	0.01090	0.00750	0.00603	0.00199	0.01003	0.00490	0.00367	0.01116
46	0.02500	0.02769	0.03071	0.04110	0.41943	0.25781	0.02256	0.02901	0.02112	0.02524	0.01496	0.01896	0.01255	0.00802	0.00815	0.00240	0.01203	0.00681	0.00428	0.01215
47	0.01018	0.00863	0.00879	0.00875	0.01157	0.00723	0.00656	0.01244	0.01968	0.02366	0.11963	0.08080	0.61054	0.02130	0.01006	0.00286	0.00429	0.01781	0.00799	0.00723
48	0.02727	0.02959	0.01961	0.01768	0.02161	0.41611	0.01340	0.08619	0.02384	0.02711	0.01805	0.02054	0.01441	0.00924	0.00726	0.00217	0.01151	0.00639	0.21827	0.00975
49	0.03111	0.02254	0.02433	0.01902	0.02553	0.02488	0.01559	0.50665	0.12228	0.08456	0.02316	0.02250	0.01645	0.01042	0.00854	0.00261	0.00888	0.00799	0.00865	0.01433
50	0.02176	0.02215	0.03192	0.13631	0.48452	0.10405	0.02451	0.02653	0.01966	0.02605	0.01551	0.02055	0.01285	0.00787	0.00834	0.00253	0.01096	0.00731	0.00417	0.01245
51	0.01019	0.00860	0.00866	0.00866	0.01137	0.00724	0.00639	0.01222	0.01901	0.02263	0.08290	0.08044	0.61018	0.05943	0.01191	0.00317	0.00453	0.01765	0.00775	0.00707
52	0.01238	0.00825	0.00928	0.00928	0.00928	0.00825	0.00516	0.01238	0.01238	0.01650	0.02681	0.05569	0.03094	0.70092	0.04331	0.00825	0.00825	0.01238	0.00516	0.00516
53	0.01037	0.00741	0.00987	0.01185	0.01234	0.00691	0.00790	0.01185	0.01629	0.02172	0.04690	0.69537	0.05629	0.02666	0.01086	0.00346	0.00494	0.02419	0.00790	0.00691
54	0.01164	0.00794	0.00950	0.01023	0.01041	0.00776	0.00617	0.01218	0.01382	0.01842	0.03421	0.29123	0.04027	0.45265	0.03137	0.00649	0.00703	0.01673	0.00617	0.00580
55	0.03115	0.03922	0.02382	0.02165	0.02606	0.62803	0.01626	0.03466	0.06061	0.02171	0.01444	0.01633	0.01186	0.00894	0.00773	0.00223	0.01483	0.00573	0.00464	0.01008
56	0.02641	0.01711	0.01940	0.01665	0.02200	0.01850	0.01317	0.04407	0.44503	0.22612	0.03431	0.03089	0.02446	0.01123	0.00863	0.00281	0.00689	0.00929	0.00924	0.01378
57	0.01006	0.00862	0.00862	0.00862	0.01149	0.00718	0.00647	0.01221	0.01940	0.02299	0.08621	0.08190	0.64438	0.02155	0.01006	0.00287	0.00431	0.01796	0.00790	0.00718
58	0.06249	0.03634	0.02269	0.02043	0.02492	0.55381	0.01546	0.07018	0.02442	0.02386	0.01832	0.01994	0.05230	0.00966	0.00778	0.00228	0.01386	0.00640	0.00492	0.00996
59	0.02275	0.70604	0.04459	0.01456	0.02184	0.03367	0.01456	0.02548	0.01729	0.02002	0.01183	0.01365	0.01092	0.00728	0.00546	0.00182	0.00910	0.00455	0.00364	0.01092
60	0.01198	0.00916	0.01104	0.01049	0.01286	0.00846	0.00789	0.01650	0.05318	0.03126	0.46595	0.06682	0.22646	0.01820	0.00997	0.00274	0.00423	0.01578	0.00895	0.00808
61	0.01084	0.00865	0.00971	0.00945	0.01198	0.00752	0.00708	0.01374	0.02125	0.02740	0.30666	0.07465	0.42118	0.01991	0.01005	0.00280	0.00419	0.01694	0.00848	0.00752
62	0.02146	0.02336	0.02657	0.38700	0.14450	0.20786	0.02194	0.02602	0.01947	0.02246	0.01469	0.02029	0.01158	0.00843	0.00825	0.00260	0.01231	0.00696	0.00403	0.01022
63	0.01935	0.01801	0.02585	0.07383	0.33348	0.04987	0.01997	0.02698	0.11853	0.02807	0.05671	0.06870	0.02549	0.01188	0.00907	0.00282	0.00903	0.08481	0.00584	0.01171
64	0.01390	0.01358	0.01160	0.01169	0.01417	0.11375	0.00857	0.01589	0.01921	0.02215	0.06221	0.18243	0.37567	0.05838	0.01174	0.00321	0.00657	0.04060	0.00718	0.00748
65	0.01721	0.01456	0.01695	0.01233	0.01927	0.01109	0.00968	0.02068	0.01721	0.02680	0.01609	0.02080	0.01412	0.06389	0.00937	0.00184	0.00646	0.00565	0.00505	0.69096

[dist]
# distance from previous block
# <min> <max>
0	1

[block]
# block no. 5 follows, 21 sequences, length 35
# corresponding to MSA columns:
# 172-206
name=unknown_F
#
# <colnr> <probs for GDERKNQSTAVLIFYWHMCP>
#	G	D	E	R	K	N	Q	S	T	A	V	L	I	F	Y	W	H	M	C	P
0	0.01942	0.03052	0.29039	0.03262	0.25123	0.06473	0.02530	0.02767	0.07154	0.02720	0.01925	0.06719	0.01623	0.00954	0.00842	0.00267	0.01086	0.00823	0.00460	0.01239
1	0.02132	0.04127	0.43324	0.02462	0.03464	0.19529	0.07764	0.02888	0.01982	0.02532	0.01486	0.01769	0.01101	0.00819	0.00814	0.00257	0.01348	0.00639	0.00387	0.01175
2	0.01781	0.01111	0.01502	0.14678	0.02337	0.01099	0.01164	0.02086	0.01932	0.15456	0.09693	0.09024	0.19697	0.10004	0.01365	0.00355	0.00703	0.04369	0.00740	0.00901
3	0.02073	0.01771	0.02135	0.01648	0.02193	0.01807	0.01348	0.13619	0.02075	0.03083	0.01512	0.01844	0.01259	0.00929	0.01235	0.00215	0.18353	0.00617	0.00537	0.41749
4	0.02005	0.01827	0.02696	0.02540	0.11820	0.01934	0.14046	0.07358	0.26490	0.03122	0.02867	0.03149	0.05243	0.05016	0.05660	0.00384	0.01008	0.00981	0.00657	0.01196
5	0.01132	0.00822	0.00996	0.01051	0.01146	0.00802	0.00700	0.01261	0.01508	0.01975	0.04383	0.23567	0.16071	0.28133	0.12009	0.00663	0.00869	0.01631	0.00639	0.00642
6	0.04315	0.00920	0.01052	0.01041	0.01189	0.00939	0.00731	0.05742	0.01680	0.02600	0.02734	0.15241	0.02698	0.11935	0.01806	0.15512	0.00594	0.01127	0.27444	0.00698
7	0.01828	0.01728	0.02798	0.04120	0.48681	0.01692	0.02114	0.02260	0.01938	0.02658	0.03377	0.03646	0.17313	0.01112	0.00884	0.00262	0.00864	0.01021	0.00515	0.01189
8	0.01061	0.00851	0.00947	0.00950	0.01190	0.00738	0.00702	0.01318	0.02029	0.02575	0.22702	0.14138	0.43606	0.02101	0.01014	0.00288	0.00430	0.01794	0.00828	0.00738
9	0.17053	0.01715	0.01812	0.01474	0.01953	0.01840	0.01155	0.26672	0.02586	0.13196	0.02231	0.02912	0.01850	0.17998	0.01646	0.00398	0.00823	0.00836	0.00736	0.01115
10	0.01088	0.00769	0.00965	0.01101	0.01150	0.00728	0.00711	0.01201	0.01543	0.02043	0.04372	0.49631	0.08043	0.20239	0.01929	0.00468	0.00577	0.02078	0.00718	0.00647
11	0.01238	0.00825	0.00928	0.00928	0.00928	0.00825	0.00516	0.01238	0.01238	0.01650	0.02681	0.05569	0.03094	0.70092	0.04331	0.00825	0.00825	0.01238	0.00516	0.00516
12	0.02786	0.01561	0.01762	0.01418	0.01918	0.01606	0.01150	0.25080	0.02787	0.20176	0.02652	0.02676	0.01886	0.01019	0.00759	0.00237	0.00685	0.00799	0.27833	0.01209
13	0.01072	0.00807	0.00993	0.01068	0.01221	0.00728	0.00754	0.01304	0.01916	0.02529	0.21279	0.36465	0.22195	0.02287	0.01043	0.00310	0.00453	0.02021	0.00828	0.00728
14	0.13344	0.01485	0.01637	0.01414	0.01875	0.01568	0.01107	0.03495	0.24139	0.20746	0.07227	0.03259	0.02610	0.07023	0.01105	0.00317	0.00664	0.00913	0.04898	0.01173
15	0.01970	0.02183	0.04393	0.03235	0.03872	0.02270	0.46129	0.02550	0.01825	0.02550	0.01564	0.02183	0.01246	0.00918	0.01470	0.00309	0.18889	0.00937	0.00415	0.01091
16	0.01217	0.00816	0.00934	0.00955	0.00960	0.00811	0.00544	0.01232	0.01279	0.01705	0.02892	0.12268	0.03359	0.63031	0.03992	0.00775	0.00790	0.01361	0.00544	0.00534
17	0.06970	0.01279	0.01347	0.01203	0.01499	0.01337	0.00892	0.17237	0.02210	0.03179	0.03519	0.11038	0.11722	0.18332	0.01688	0.00400	0.00676	0.01191	0.13398	0.00882
18	0.01831	0.01355	0.01480	0.01307	0.01569	0.01452	0.00933	0.15632	0.12550	0.02968	0.07185	0.04513	0.05316	0.35279	0.02591	0.00545	0.00780	0.01126	0.00692	0.00897
19	0.01971	0.02186	0.04410	0.03245	0.03888	0.02267	0.46552	0.02554	0.01830	0.02554	0.01569	0.02186	0.01247	0.00913	0.01457	0.00309	0.18415	0.00939	0.00416	0.01093
20	0.01529	0.01342	0.01310	0.01294	0.01523	0.06749	0.00920	0.02237	0.17270	0.02434	0.04456	0.21773	0.15549	0.15773	0.01649	0.00407	0.00684	0.01526	0.00723	0.00852
21	0.01125	0.00818	0.00921	0.00964	0.01061	0.00764	0.00614	0.01221	0.01532	0.01957	0.04891	0.20289	0.21942	0.35139	0.02633	0.00560	0.00635	0.01662	0.00657	0.00614
22	0.01102	0.00837	0.00913	0.00930	0.01086	0.00758	0.00623	0.01243	0.01681	0.02112	0.08964	0.13585	0.33470	0.26440	0.02201	0.00484	0.00577	0.01649	0.00700	0.00648
23	0.03143	0.02295	0.02456	0.01893	0.02547	0.02536	0.01561	0.58606	0.03878	0.05241	0.02084	0.02106	0.01488	0.01020	0.00837	0.00252	0.00906	0.00768	0.04972	0.01411
24	0.02367	0.02733	0.02495	0.28490	0.03865	0.31841	0.01962	0.02721	0.01973	0.02114	0.01366	0.01874	0.01114	0.00952	0.01084	0.00266	0.10755	0.00659	0.00405	0.00962
25	0.01152	0.00828	0.01052	0.01070	0.01207	0.00770	0.00751	0.01418	0.02007	0.02765	0.36266	0.23694	0.09948	0.11422	0.01484	0.00367	0.00487	0.01754	0.00830	0.00728
26	0.02372	0.01747	0.01970	0.01740	0.02220	0.01919	0.01425	0.20418	0.26306	0.08180	0.03309	0.04454	0.02812	0.01412	0.00939	0.00303	0.00781	0.15599	0.00854	0.01241
27	0.03274	0.01874	0.02189	0.01719	0.02343	0.01931	0.01404	0.31106	0.07356	0.29476	0.02822	0.06170	0.02025	0.01134	0.00867	0.00266	0.00808	0.00907	0.00931	0.01399
28	0.01538	0.01096	0.01342	0.01263	0.01440	0.01221	0.00931	0.06925	0.05974	0.02463	0.02490	0.03790	0.02355	0.23225	0.25935	0.00826	0.03849	0.00974	0.11563	0.00800
29	0.01231	0.00829	0.01061	0.01144	0.01280	0.00775	0.00799	0.01417	0.01718	0.05856	0.08163	0.42245	0.14465	0.07509	0.06919	0.00449	0.00669	0.01969	0.00765	0.00739
30	0.01238	0.00825	0.00928	0.00928	0.00928	0.00825	0.00516	0.01238	0.01238	0.01650	0.02681	0.05569	0.03094	0.70092	0.04331	0.00825	0.00825	0.01238	0.00516	0.00516
31	0.01743	0.01287	0.01639	0.01484	0.01760	0.01453	0.01161	0.17214	0.02042	0.02829	0.02252	0.03196	0.02034	0.10458	0.44230	0.01032	0.01805	0.00902	0.00564	0.00918
32	0.05251	0.04299	0.01996	0.01558	0.02013	0.01879	0.01229	0.30467	0.02735	0.10238	0.02419	0.06804	0.02117	0.15540	0.07201	0.00470	0.00970	0.00956	0.00737	0.01123
33	0.01815	0.01533	0.04612	0.23047	0.15204	0.01595	0.01770	0.02157	0.01643	0.07567	0.01964	0.03115	0.01778	0.18983	0.01982	0.03195	0.05732	0.00884	0.00479	0.00945
34	0.02105	0.10379	0.19719	0.06184	0.10504	0.12463	0.02074	0.03017	0.14295	0.02603	0.01882	0.02140	0.01482	0.01171	0.03411	0.03100	0.01128	0.00702	0.00488	0.01155

[dist]
# distance from previous block
# <min> <max>
7	16

[block]
# block no. 6 follows, 21 sequences, length 7
# corresponding to MSA columns:
# 223-229
name=unknown_G
#
# <colnr> <probs for GDERKNQSTAVLIFYWHMCP>
#	G	D	E	R	K	N	Q	S	T	A	V	L	I	F	Y	W	H	M	C	P
0	0.07038	0.12984	0.10552	0.02100	0.13125	0.01761	0.01580	0.02024	0.01764	0.02464	0.03627	0.12630	0.17490	0.01422	0.00977	0.00274	0.05494	0.01155	0.00550	0.00988
1	0.02102	0.02087	0.02323	0.14159	0.20998	0.17497	0.01789	0.02509	0.01934	0.02518	0.01813	0.02316	0.01485	0.01316	0.06222	0.00331	0.01139	0.00726	0.15708	0.01027
2	0.01935	0.24970	0.36480	0.02308	0.03334	0.02444	0.12133	0.02654	0.01810	0.02481	0.01450	0.01742	0.01117	0.00768	0.00757	0.00245	0.01177	0.00635	0.00372	0.01188
3	0.19149	0.22676	0.02889	0.02347	0.16934	0.12823	0.01577	0.02650	0.01830	0.02699	0.01420	0.01705	0.01194	0.00793	0.00652	0.00225	0.00941	0.00568	0.05853	0.01075
4	0.01856	0.01977	0.02887	0.02344	0.02736	0.11538	0.21353	0.02244	0.01763	0.02279	0.02090	0.11555	0.02010	0.02366	0.15565	0.00534	0.12417	0.01067	0.00477	0.00941
5	0.16981	0.07632	0.21311	0.02397	0.13566	0.11717	0.02006	0.02589	0.01854	0.02756	0.02130	0.02342	0.07480	0.00936	0.00753	0.00253	0.01027	0.00711	0.00460	0.01099
6	0.09492	0.07866	0.22558	0.02936	0.19689	0.07262	0.02326	0.02592	0.01763	0.02628	0.01404	0.01798	0.01145	0.00903	0.01090	0.00271	0.12068	0.00647	0.00402	0.01162

[dist]
# distance from previous block
# <min> <max>
12	99

[block]
# block no. 7 follows, 21 sequences, length 71
# corresponding to MSA columns:
# 336-406
name=unknown_H
#
# <colnr> <probs for GDERKNQSTAVLIFYWHMCP>
#	G	D	E	R	K	N	Q	S	T	A	V	L	I	F	Y	W	H	M	C	P
0	0.10385	0.02746	0.19406	0.02528	0.16056	0.12923	0.01986	0.02589	0.01951	0.05741	0.02807	0.02951	0.12325	0.01056	0.00814	0.00259	0.01013	0.00841	0.00515	0.01107
1	0.01777	0.03121	0.33284	0.06705	0.03066	0.09228	0.02271	0.02539	0.05334	0.02468	0.02113	0.02494	0.04801	0.01892	0.12169	0.00459	0.03992	0.00764	0.00440	0.01082
2	0.02044	0.09852	0.15928	0.10891	0.05650	0.15626	0.01969	0.02641	0.06199	0.02371	0.02355	0.02614	0.08510	0.01074	0.01029	0.00266	0.08673	0.00787	0.00468	0.01053
3	0.02157	0.01845	0.09056	0.01841	0.04668	0.05972	0.04496	0.02816	0.10071	0.16854	0.05598	0.16835	0.02905	0.01979	0.08491	0.00410	0.00999	0.01190	0.00722	0.01096
4	0.25863	0.02642	0.02154	0.02395	0.15259	0.27981	0.01549	0.02796	0.01974	0.02793	0.01848	0.02075	0.05553	0.00915	0.00724	0.00245	0.01070	0.00652	0.00488	0.01023
5	0.02297	0.20806	0.17877	0.08085	0.08293	0.13756	0.02079	0.09343	0.02145	0.02661	0.01589	0.02063	0.01315	0.00888	0.00760	0.00241	0.01128	0.03072	0.00455	0.01148
6	0.01967	0.01966	0.07402	0.08261	0.02460	0.10201	0.01502	0.08712	0.07666	0.05978	0.06278	0.04957	0.16102	0.01489	0.00934	0.00289	0.00873	0.11260	0.00694	0.01009
7	0.01848	0.02392	0.19003	0.02103	0.05495	0.06877	0.08726	0.02539	0.07658	0.06991	0.03327	0.17007	0.09582	0.01396	0.00919	0.00286	0.00942	0.01229	0.00613	0.01068
8	0.02153	0.02255	0.03108	0.21832	0.34436	0.13373	0.05554	0.02636	0.01960	0.02488	0.01533	0.02060	0.01242	0.00802	0.00840	0.00257	0.01160	0.00734	0.00413	0.01163
9	0.01684	0.01823	0.04270	0.04993	0.05164	0.15605	0.01248	0.02031	0.02166	0.02628	0.22215	0.05358	0.21318	0.01563	0.00937	0.00269	0.00787	0.04369	0.00697	0.00873
10	0.02673	0.06525	0.02764	0.02821	0.18895	0.19185	0.01843	0.13522	0.09455	0.06451	0.01856	0.02051	0.01454	0.00947	0.00948	0.00253	0.05829	0.00715	0.00580	0.01232
11	0.01270	0.00924	0.01245	0.01419	0.01599	0.00899	0.01186	0.01599	0.01899	0.02452	0.05012	0.19987	0.11882	0.02384	0.01140	0.00372	0.00692	0.42494	0.00786	0.00760
12	0.01037	0.00741	0.00987	0.01185	0.01234	0.00691	0.00790	0.01185	0.01629	0.02172	0.04690	0.69537	0.05629	0.02666	0.01086	0.00346	0.00494	0.02419	0.00790	0.00691
13	0.02068	0.02128	0.04060	0.04591	0.41454	0.02072	0.25456	0.02656	0.01965	0.02759	0.01647	0.02179	0.01326	0.00742	0.00905	0.00266	0.01175	0.00853	0.00425	0.01271
14	0.02109	0.01911	0.02517	0.02121	0.02274	0.02515	0.01760	0.14585	0.01874	0.02739	0.01386	0.01994	0.01251	0.01703	0.06464	0.00411	0.50121	0.00760	0.00478	0.01028
15	0.01320	0.00943	0.01310	0.01495	0.01672	0.00934	0.01270	0.01679	0.01934	0.02534	0.07087	0.17449	0.05129	0.02367	0.01156	0.00380	0.00729	0.49050	0.00791	0.00772
16	0.01586	0.00793	0.00793	0.00793	0.00991	0.00793	0.00595	0.01983	0.01785	0.03173	0.02776	0.03173	0.02181	0.00991	0.00595	0.00198	0.00397	0.00793	0.74817	0.00793
17	0.01437	0.01158	0.01323	0.01269	0.01573	0.01182	0.00990	0.02368	0.19774	0.03062	0.25051	0.06313	0.20552	0.01754	0.00986	0.00294	0.00535	0.08584	0.00860	0.00936
18	0.01037	0.00741	0.00987	0.01185	0.01234	0.00691	0.00790	0.01185	0.01629	0.02172	0.04690	0.69537	0.05629	0.02666	0.01086	0.00346	0.00494	0.02419	0.00790	0.00691
19	0.03195	0.03573	0.02453	0.02125	0.02633	0.48182	0.01637	0.20307	0.02871	0.03030	0.01526	0.01682	0.01198	0.00919	0.00792	0.00230	0.01362	0.00611	0.00558	0.01120
20	0.01908	0.01999	0.03370	0.02662	0.02934	0.02463	0.20784	0.02262	0.01526	0.02262	0.01308	0.01999	0.01172	0.01245	0.02227	0.00345	0.47314	0.00827	0.00391	0.01000
21	0.02549	0.02043	0.02168	0.01819	0.02378	0.02319	0.01452	0.26725	0.40339	0.04257	0.02914	0.02737	0.02153	0.01103	0.00860	0.00276	0.00775	0.00886	0.00860	0.01386
22	0.76103	0.01646	0.01251	0.01119	0.01646	0.01909	0.00922	0.02502	0.01448	0.03818	0.01185	0.01382	0.00922	0.00790	0.00527	0.00263	0.00658	0.00461	0.00527	0.00922
23	0.01102	0.00768	0.00968	0.01101	0.01135	0.00735	0.00701	0.01202	0.01502	0.02003	0.04037	0.48746	0.04805	0.24581	0.02141	0.00501	0.00601	0.02035	0.00701	0.00634
24	0.01028	0.00863	0.00893	0.00886	0.01163	0.00728	0.00664	0.01265	0.01992	0.02424	0.14879	0.07984	0.58103	0.02109	0.01006	0.00285	0.00428	0.01767	0.00807	0.00728
25	0.01804	0.01548	0.01783	0.01313	0.02039	0.01245	0.01046	0.02410	0.08670	0.02861	0.01732	0.01923	0.01411	0.00689	0.00657	0.00144	0.00635	0.00556	0.00545	0.66989
26	0.01219	0.00924	0.01163	0.01286	0.01509	0.00868	0.01073	0.01533	0.01935	0.02436	0.06042	0.12126	0.27024	0.02294	0.01108	0.00351	0.00638	0.34932	0.00786	0.00755
27	0.01222	0.00885	0.01234	0.01234	0.01339	0.00991	0.00897	0.01434	0.01328	0.01876	0.02402	0.04021	0.02422	0.25791	0.47714	0.01202	0.01836	0.01011	0.00474	0.00685
28	0.01140	0.00873	0.01048	0.01019	0.01252	0.00781	0.00775	0.01473	0.02213	0.02959	0.40800	0.07197	0.28590	0.01924	0.01013	0.00281	0.00432	0.04584	0.00875	0.00771
29	0.01230	0.00856	0.01084	0.01084	0.01138	0.00910	0.00710	0.01338	0.01284	0.01766	0.02539	0.04779	0.02751	0.47468	0.26487	0.01018	0.01342	0.01122	0.00494	0.00602
30	0.06836	0.03935	0.02353	0.02139	0.02581	0.63427	0.01608	0.03353	0.02363	0.02170	0.01309	0.01527	0.01087	0.00873	0.00755	0.00221	0.01491	0.00544	0.00443	0.00983
31	0.01996	0.02089	0.02348	0.09425	0.02739	0.18270	0.08434	0.04809	0.01851	0.02261	0.01769	0.02453	0.01538	0.03041	0.26437	0.00693	0.07680	0.00791	0.00449	0.00928
32	0.01078	0.00850	0.00986	0.01073	0.01280	0.00757	0.00813	0.01307	0.01859	0.02308	0.06838	0.24968	0.38112	0.02327	0.01057	0.00321	0.00510	0.12042	0.00789	0.00723
33	0.01551	0.01218	0.01731	0.01590	0.01851	0.01213	0.07781	0.12374	0.02135	0.02865	0.06427	0.47068	0.04487	0.02110	0.01031	0.00319	0.00676	0.01924	0.00767	0.00884
34	0.02269	0.02364	0.03399	0.04628	0.50680	0.12284	0.06618	0.02744	0.02018	0.02666	0.01564	0.02029	0.01304	0.00774	0.00842	0.00250	0.01124	0.00742	0.00425	0.01277
35	0.02105	0.01908	0.02983	0.10122	0.43574	0.01979	0.02267	0.09231	0.05268	0.03021	0.02196	0.02762	0.04640	0.00948	0.00867	0.00265	0.00959	0.03115	0.00521	0.01269
36	0.01102	0.00772	0.00991	0.01140	0.01184	0.00737	0.00750	0.01225	0.01549	0.02062	0.04190	0.51080	0.04974	0.19150	0.01884	0.00465	0.00588	0.04781	0.00723	0.00653
37	0.02743	0.03319	0.02681	0.02528	0.07800	0.44024	0.05004	0.03006	0.02112	0.02168	0.01318	0.01694	0.01132	0.00991	0.01223	0.00259	0.15933	0.00632	0.00422	0.01013
38	0.01297	0.00826	0.01055	0.01080	0.01171	0.00865	0.00749	0.01453	0.01425	0.02104	0.02730	0.12280	0.02802	0.22792	0.21581	0.07382	0.01120	0.01157	0.15477	0.00653
39	0.04687	0.02141	0.19075	0.01967	0.10405	0.04119	0.01662	0.02068	0.01896	0.02695	0.08131	0.08276	0.18563	0.01360	0.00858	0.00266	0.00790	0.01137	0.08922	0.00983
40	0.06434	0.30012	0.16792	0.01897	0.02630	0.24494	0.01855	0.02866	0.01960	0.02277	0.01302	0.01517	0.01081	0.00799	0.00677	0.00218	0.01184	0.00524	0.00397	0.01083
41	0.02463	0.27207	0.03596	0.02947	0.22097	0.20617	0.04691	0.02815	0.01999	0.02303	0.01377	0.01689	0.01183	0.00779	0.00723	0.00220	0.01141	0.00602	0.00406	0.01146
42	0.03032	0.15023	0.02759	0.02059	0.02557	0.53021	0.01612	0.06132	0.02376	0.02230	0.01329	0.01531	0.01113	0.00859	0.00735	0.00215	0.01402	0.00543	0.00446	0.01027
43	0.01060	0.00876	0.00937	0.00955	0.01226	0.00753	0.00738	0.01307	0.01972	0.02398	0.11713	0.08231	0.54152	0.02151	0.01025	0.00298	0.00469	0.08211	0.00799	0.00731
44	0.02928	0.02846	0.02341	0.01985	0.02527	0.25658	0.01558	0.26039	0.18633	0.03714	0.02145	0.02150	0.01616	0.01003	0.00825	0.00251	0.01085	0.00738	0.00706	0.01255
45	0.01267	0.00873	0.01050	0.01052	0.01278	0.00772	0.00771	0.01523	0.02019	0.07010	0.22445	0.23846	0.28759	0.02102	0.01016	0.00296	0.00460	0.01827	0.00849	0.00786
46	0.01238	0.00843	0.01013	0.01070	0.01110	0.00837	0.00698	0.01324	0.01410	0.01868	0.03234	0.13644	0.03703	0.50405	0.03402	0.00694	0.00780	0.11550	0.00594	0.00583
47	0.01146	0.00926	0.01026	0.00990	0.01260	0.00837	0.00746	0.01566	0.06014	0.02768	0.27717	0.07231	0.40826	0.01947	0.00996	0.00281	0.00436	0.01653	0.00846	0.00788
48	0.03179	0.04056	0.02412	0.02192	0.02631	0.66676	0.01644	0.03398	0.02412	0.02083	0.01315	0.01535	0.01096	0.00877	0.00767	0.00219	0.01535	0.00548	0.00438	0.00987
49	0.01321	0.00812	0.00895	0.00905	0.00961	0.00810	0.00551	0.01436	0.01405	0.02087	0.02810	0.08204	0.02978	0.48014	0.03158	0.00632	0.00693	0.01178	0.20551	0.00599
50	0.01216	0.00912	0.01368	0.01368	0.01520	0.01064	0.01064	0.01520	0.01368	0.01976	0.02279	0.03343	0.02127	0.06382	0.66720	0.01368	0.02279	0.00912	0.00456	0.00760
51	0.01770	0.01737	0.01734	0.01584	0.01810	0.12911	0.01225	0.02292	0.08932	0.02764	0.26078	0.08750	0.07476	0.01556	0.01328	0.00290	0.14938	0.01208	0.00705	0.00911
52	0.01044	0.00753	0.00989	0.01163	0.01232	0.00698	0.00783	0.01207	0.01683	0.02240	0.07816	0.63358	0.08696	0.02595	0.01078	0.00339	0.00486	0.02345	0.00797	0.00698
53	0.01089	0.00831	0.00950	0.00980	0.01151	0.00747	0.00682	0.01287	0.01837	0.02362	0.16931	0.20268	0.30992	0.14144	0.01608	0.00391	0.00508	0.01782	0.00769	0.00692
54	0.02844	0.02634	0.02357	0.01968	0.02456	0.21070	0.01569	0.32258	0.02981	0.03703	0.01793	0.02056	0.01411	0.01735	0.09817	0.00403	0.06402	0.00721	0.00642	0.01182
55	0.55560	0.01854	0.01618	0.01356	0.01926	0.02115	0.01118	0.19260	0.02168	0.04254	0.01427	0.01569	0.01070	0.00855	0.00618	0.00261	0.00737	0.00547	0.00618	0.01070
56	0.01071	0.00848	0.00915	0.00947	0.01149	0.00749	0.00676	0.01248	0.01776	0.02177	0.06866	0.14666	0.43396	0.14829	0.01641	0.00399	0.00529	0.04699	0.00739	0.00681
57	0.01129	0.00835	0.01056	0.01198	0.01336	0.00780	0.00894	0.01347	0.01762	0.02268	0.05405	0.36451	0.18449	0.06373	0.01279	0.00372	0.00575	0.17006	0.00772	0.00711
58	0.03076	0.02305	0.02464	0.01926	0.02578	0.02565	0.01579	0.53775	0.12431	0.05107	0.02245	0.02204	0.01611	0.01041	0.00853	0.00260	0.00899	0.00794	0.00853	0.01433
59	0.02106	0.02022	0.03454	0.05223	0.64784	0.02022	0.02612	0.02612	0.01938	0.02780	0.01601	0.02106	0.01348	0.00758	0.00842	0.00253	0.01011	0.00758	0.00421	0.01348
60	0.01086	0.00846	0.00938	0.00968	0.01199	0.00742	0.00720	0.01334	0.01948	0.02488	0.14994	0.17045	0.41810	0.02123	0.01004	0.00294	0.00451	0.04482	0.04794	0.00733
61	0.01216	0.00912	0.01368	0.01368	0.01520	0.01064	0.01064	0.01520	0.01368	0.01976	0.02279	0.03343	0.02127	0.06382	0.66720	0.01368	0.02279	0.00912	0.00456	0.00760
62	0.01195	0.00934	0.01091	0.01040	0.01293	0.00864	0.00784	0.01669	0.06519	0.03012	0.39492	0.06809	0.28461	0.01852	0.00995	0.00276	0.00432	0.01593	0.00878	0.00810
63	0.02303	0.02502	0.02768	0.03107	0.22143	0.22085	0.04989	0.02646	0.01914	0.02382	0.01520	0.02017	0.01309	0.01285	0.05038	0.00331	0.15406	0.00714	0.04467	0.01074
64	0.01204	0.00841	0.01028	0.01042	0.01098	0.00863	0.00668	0.01297	0.01340	0.01802	0.03110	0.09734	0.06966	0.46526	0.18076	0.00880	0.01107	0.01282	0.00539	0.00596
65	0.01248	0.00837	0.00987	0.00982	0.01022	0.00849	0.00602	0.01329	0.01359	0.01880	0.06981	0.05264	0.03291	0.54935	0.11018	0.00819	0.00941	0.01202	0.03879	0.00576
66	0.01160	0.00906	0.01046	0.01020	0.01252	0.00830	0.00753	0.01554	0.05238	0.02804	0.31716	0.10943	0.30578	0.05013	0.01152	0.00307	0.00453	0.01658	0.00845	0.00776
67	0.02107	0.02089	0.03369	0.04784	0.55487	0.05287	0.05654	0.02596	0.01966	0.02720	0.01908	0.02361	0.04169	0.00825	0.00855	0.00254	0.01035	0.00807	0.00439	0.01290
68	0.02475	0.02630	0.03106	0.04178	0.43595	0.20805	0.02281	0.05859	0.02180	0.02709	0.01540	0.01937	0.01280	0.00806	0.00821	0.00243	0.01159	0.00698	0.00448	0.01248
69	0.02425	0.02467	0.02891	0.06943	0.34201	0.18042	0.02126	0.10132	0.02261	0.02844	0.01629	0.02052	0.01342	0.01221	0.05463	0.00325	0.01227	0.00718	0.00480	0.01209
70	0.02276	0.02824	0.14400	0.04035	0.39967	0.13422	0.02491	0.05542	0.02092	0.02763	0.01558	0.01947	0.01260	0.00800	0.00824	0.00250	0.01144	0.00698	0.00433	0.01273

[dist]
# distance from previous block
# <min> <max>
5	111

[block]
# block no. 8 follows, 21 sequences, length 131
# corresponding to MSA columns:
# 518-648
name=unknown_I
#
# <colnr> <probs for GDERKNQSTAVLIFYWHMCP>
#	G	D	E	R	K	N	Q	S	T	A	V	L	I	F	Y	W	H	M	C	P
0	0.01477	0.01238	0.01780	0.07033	0.11900	0.01265	0.04485	0.01906	0.04524	0.02552	0.04316	0.15701	0.19610	0.01574	0.01006	0.00282	0.04348	0.01359	0.12741	0.00906
1	0.02022	0.01643	0.02117	0.02463	0.18681	0.01797	0.01525	0.07561	0.22020	0.03220	0.02534	0.02859	0.02029	0.04736	0.01090	0.00290	0.04419	0.00858	0.16971	0.01166
2	0.01495	0.01278	0.01527	0.01564	0.04754	0.04641	0.01103	0.01996	0.08396	0.02390	0.02991	0.24638	0.03093	0.03078	0.20377	0.00595	0.01145	0.01319	0.00616	0.13006
3	0.01692	0.01245	0.01445	0.01361	0.01641	0.01272	0.01035	0.17930	0.02408	0.03195	0.10500	0.27805	0.12318	0.05648	0.01185	0.00335	0.00640	0.06626	0.00807	0.00912
4	0.02974	0.14126	0.02680	0.01762	0.02395	0.05233	0.01483	0.32158	0.07711	0.14118	0.02196	0.02193	0.01599	0.01243	0.04035	0.00300	0.00969	0.00739	0.00763	0.01324
5	0.01395	0.00997	0.01268	0.01362	0.01519	0.01001	0.01036	0.07633	0.01939	0.02566	0.04137	0.35893	0.04680	0.09796	0.01448	0.00404	0.00671	0.20711	0.00764	0.00780
6	0.01138	0.00805	0.00927	0.00990	0.01078	0.00757	0.00636	0.01250	0.01541	0.02027	0.04629	0.26533	0.17292	0.30560	0.02398	0.00526	0.00614	0.01719	0.03952	0.00629
7	0.02619	0.02597	0.02998	0.03519	0.30166	0.17702	0.04688	0.16517	0.05242	0.03238	0.01722	0.02010	0.01363	0.00863	0.00835	0.00248	0.01123	0.00729	0.00544	0.01275
8	0.02846	0.02481	0.02276	0.01875	0.02417	0.16375	0.01489	0.37713	0.03200	0.04058	0.02145	0.08925	0.01824	0.01387	0.03841	0.00302	0.01071	0.00885	0.00723	0.04167
9	0.01189	0.00967	0.01069	0.01067	0.01323	0.00909	0.00789	0.01708	0.09903	0.02630	0.16768	0.17973	0.36510	0.02044	0.01001	0.00294	0.00468	0.01753	0.00825	0.00809
10	0.05051	0.00849	0.00958	0.00995	0.01033	0.00851	0.00598	0.01291	0.01336	0.01878	0.03051	0.19579	0.03546	0.51526	0.03414	0.00689	0.00743	0.01460	0.00577	0.00576
11	0.05678	0.01761	0.01974	0.10438	0.08196	0.12052	0.04591	0.05400	0.01799	0.02330	0.02175	0.08376	0.02193	0.23563	0.05505	0.00505	0.01082	0.01013	0.00509	0.00860
12	0.03179	0.04056	0.02412	0.02192	0.02631	0.66676	0.01644	0.03398	0.02412	0.02083	0.01315	0.01535	0.01096	0.00877	0.00767	0.00219	0.01535	0.00548	0.00438	0.00987
13	0.02667	0.02017	0.02177	0.01768	0.02312	0.02234	0.01415	0.39924	0.16621	0.04512	0.06003	0.05843	0.02350	0.04878	0.01061	0.00298	0.00822	0.00954	0.00838	0.01304
14	0.01219	0.00898	0.01296	0.01296	0.01423	0.01025	0.00974	0.01474	0.01346	0.01922	0.02345	0.03706	0.02285	0.16779	0.56539	0.01279	0.02042	0.00965	0.00466	0.00720
15	0.02159	0.01601	0.01729	0.01466	0.01813	0.01750	0.01086	0.25022	0.13449	0.03412	0.02578	0.03791	0.02376	0.31302	0.02378	0.00511	0.00840	0.01008	0.00707	0.01021
16	0.01283	0.00879	0.01211	0.04144	0.01522	0.00967	0.00948	0.01577	0.01511	0.02261	0.02788	0.14836	0.02746	0.07234	0.35382	0.00867	0.01449	0.01156	0.16488	0.00752
17	0.01752	0.01216	0.01332	0.01180	0.01388	0.01270	0.00818	0.16490	0.02062	0.02815	0.05969	0.04660	0.05581	0.40975	0.02855	0.00582	0.00781	0.01126	0.06354	0.00794
18	0.01045	0.00805	0.00924	0.01010	0.01162	0.00718	0.00695	0.01207	0.01727	0.02172	0.06251	0.34717	0.31997	0.09837	0.01406	0.00372	0.00502	0.02007	0.00760	0.00684
19	0.01456	0.00940	0.01095	0.01097	0.01269	0.00962	0.00790	0.06753	0.01814	0.02687	0.03440	0.21624	0.06227	0.11413	0.10023	0.00486	0.00778	0.01355	0.25014	0.00777
20	0.01126	0.00948	0.00965	0.00947	0.01230	0.00855	0.00701	0.01526	0.07516	0.02365	0.07690	0.07528	0.54036	0.07294	0.01249	0.00329	0.00484	0.01676	0.00776	0.00761
21	0.03235	0.02384	0.02554	0.01958	0.02639	0.02639	0.01618	0.61946	0.04001	0.05363	0.02043	0.02043	0.01447	0.01022	0.00851	0.00255	0.00936	0.00766	0.00851	0.01447
