[name]
unknown

[dist]
# distance from previous block
# <min> <max>
0	85

[block]
# block no. 0 follows, 22 sequences, length 44
# corresponding to MSA columns:
# 85-128
name=unknown_A
#
# <colnr> <probs for GDERKNQSTAVLIFYWHMCP>
#	G	D	E	R	K	N	Q	S	T	A	V	L	I	F	Y	W	H	M	C	P
0	0.01012	0.00821	0.00903	0.00961	0.01181	0.00711	0.00710	0.01218	0.01822	0.02230	0.07241	0.22945	0.47109	0.02235	0.01011	0.00301	0.00458	0.05660	0.00771	0.00699
1	0.01177	0.00872	0.01275	0.01288	0.01417	0.00995	0.00976	0.01439	0.01341	0.01914	0.02410	0.07771	0.02377	0.11411	0.57917	0.01226	0.01994	0.01012	0.00471	0.00717
2	0.01447	0.01319	0.01958	0.01682	0.01928	0.05398	0.14419	0.01693	0.01558	0.02038	0.02735	0.19628	0.02957	0.25007	0.11878	0.00618	0.01114	0.01343	0.00535	0.00745
3	0.02199	0.02438	0.02543	0.02356	0.06342	0.21023	0.01804	0.02410	0.01620	0.02055	0.01176	0.01742	0.01099	0.01238	0.02041	0.00313	0.45592	0.00673	0.00385	0.00950
4	0.02127	0.01997	0.03315	0.04893	0.61553	0.02013	0.02487	0.06442	0.02022	0.02877	0.01591	0.02052	0.01322	0.00757	0.00823	0.00247	0.00982	0.00741	0.00438	0.01322
5	0.02066	0.01785	0.01878	0.01691	0.02160	0.02066	0.01315	0.04414	0.64121	0.03475	0.03381	0.03099	0.02536	0.01127	0.00845	0.00282	0.00657	0.00939	0.00845	0.01315
6	0.03103	0.03959	0.02354	0.02140	0.02568	0.67469	0.01605	0.03317	0.02354	0.02033	0.01284	0.01498	0.01070	0.00856	0.00749	0.00214	0.01498	0.00535	0.00428	0.00963
7	0.01187	0.00890	0.01335	0.01335	0.01483	0.01038	0.01038	0.01483	0.01335	0.01928	0.02225	0.03264	0.02077	0.06231	0.67512	0.01335	0.02225	0.00890	0.00445	0.00742
8	0.02221	0.71304	0.04353	0.01421	0.02132	0.03287	0.01421	0.02488	0.01688	0.01955	0.01155	0.01333	0.01066	0.00711	0.00533	0.00178	0.00888	0.00444	0.00355	0.01066
9	0.03103	0.03959	0.02354	0.02140	0.02568	0.67469	0.01605	0.03317	0.02354	0.02033	0.01284	0.01498	0.01070	0.00856	0.00749	0.00214	0.01498	0.00535	0.00428	0.00963
10	0.06616	0.01704	0.02723	0.38543	0.26573	0.01929	0.02267	0.05307	0.01839	0.02589	0.01512	0.02092	0.01183	0.00803	0.00807	0.00264	0.01025	0.00721	0.00416	0.01085
11	0.01049	0.00844	0.00935	0.00912	0.01163	0.00730	0.00684	0.01322	0.02052	0.02620	0.28061	0.07376	0.45405	0.01964	0.00981	0.00274	0.00411	0.01666	0.00821	0.00730
12	0.01657	0.04032	0.60484	0.08612	0.03795	0.01921	0.02998	0.02583	0.01745	0.02583	0.01489	0.01797	0.01058	0.00793	0.00793	0.00264	0.01216	0.00626	0.00353	0.01199
13	0.01053	0.00751	0.00941	0.01075	0.01132	0.00706	0.00700	0.01171	0.01532	0.02019	0.04468	0.50739	0.09962	0.17608	0.01753	0.00436	0.00548	0.02056	0.00712	0.00639
14	0.02008	0.01217	0.01264	0.01099	0.01427	0.01288	0.00865	0.19308	0.02359	0.03707	0.02506	0.02783	0.01925	0.00976	0.00652	0.00209	0.00537	0.00767	0.54146	0.00956
15	0.02056	0.01974	0.03372	0.05099	0.65622	0.01974	0.02550	0.02550	0.01892	0.02714	0.01563	0.02056	0.01316	0.00740	0.00822	0.00247	0.00987	0.00740	0.00411	0.01316
16	0.01208	0.00805	0.00906	0.00906	0.00906	0.00805	0.00503	0.01208	0.01208	0.01611	0.02618	0.05436	0.03020	0.70804	0.04228	0.00805	0.00805	0.01208	0.00503	0.00503
17	0.01187	0.00890	0.01335	0.01335	0.01483	0.01038	0.01038	0.01483	0.01335	0.01928	0.02225	0.03264	0.02077	0.06231	0.67512	0.01335	0.02225	0.00890	0.00445	0.00742
18	0.01218	0.00870	0.01201	0.01392	0.01531	0.00853	0.01130	0.01513	0.01794	0.02352	0.04465	0.31799	0.05044	0.02408	0.01115	0.00366	0.00661	0.38789	0.00767	0.00732
19	0.01949	0.01864	0.03178	0.19155	0.52406	0.01946	0.02496	0.02455	0.01841	0.02584	0.01544	0.02091	0.01270	0.00760	0.00824	0.00253	0.01014	0.00740	0.00402	0.01229
20	0.01666	0.04297	0.66500	0.02368	0.03596	0.01929	0.03069	0.02631	0.01754	0.02631	0.01491	0.01754	0.01052	0.00789	0.00789	0.00263	0.01228	0.00614	0.00351	0.01228
21	0.02419	0.01802	0.01907	0.01592	0.02086	0.02011	0.01273	0.28581	0.25632	0.04140	0.02655	0.02632	0.01976	0.01039	0.00784	0.00250	0.00709	0.00824	0.16442	0.01243
22	0.01834	0.01223	0.01470	0.01268	0.01609	0.01211	0.00990	0.15283	0.02639	0.09545	0.39532	0.07469	0.09458	0.01540	0.00937	0.00262	0.00542	0.01321	0.00892	0.00972
23	0.02056	0.01974	0.03372	0.05099	0.65622	0.01974	0.02550	0.02550	0.01892	0.02714	0.01563	0.02056	0.01316	0.00740	0.00822	0.00247	0.00987	0.00740	0.00411	0.01316
24	0.01012	0.00723	0.00964	0.01157	0.01205	0.00675	0.00771	0.01157	0.01591	0.02121	0.04579	0.70262	0.05495	0.02603	0.01060	0.00337	0.00482	0.02362	0.00771	0.00675
25	0.02865	0.02131	0.02298	0.01822	0.02412	0.02355	0.01481	0.52154	0.08737	0.04795	0.02354	0.08503	0.01891	0.01159	0.00854	0.00260	0.00852	0.00916	0.00827	0.01335
26	0.01652	0.01033	0.01215	0.01162	0.01339	0.01034	0.00804	0.09786	0.01842	0.07956	0.03243	0.25844	0.03459	0.27149	0.02133	0.00478	0.00670	0.01457	0.06962	0.00783
27	0.01027	0.00833	0.00911	0.00913	0.01155	0.00717	0.00677	0.01272	0.01969	0.02474	0.20619	0.12821	0.47597	0.02056	0.00988	0.00281	0.00420	0.01749	0.00803	0.00717
28	0.00999	0.00805	0.00890	0.00948	0.01153	0.00696	0.00681	0.01195	0.01816	0.02247	0.09375	0.27517	0.44282	0.02245	0.01006	0.00298	0.00439	0.01935	0.00777	0.00696
29	0.03067	0.03321	0.02452	0.02217	0.05819	0.42781	0.01645	0.22832	0.02840	0.03120	0.01532	0.01690	0.01195	0.00896	0.00780	0.00227	0.01280	0.00616	0.00560	0.01129
30	0.02121	0.53231	0.06954	0.01440	0.02071	0.05283	0.01417	0.02434	0.01708	0.02147	0.01382	0.01615	0.01208	0.00783	0.00644	0.00193	0.03451	0.00511	0.10381	0.01026
31	0.01000	0.00836	0.00870	0.00875	0.01136	0.00707	0.00651	0.01222	0.01916	0.02329	0.12977	0.11074	0.57367	0.02096	0.00986	0.00282	0.00422	0.01764	0.00783	0.00707
32	0.12684	0.01496	0.02230	0.49452	0.04565	0.01865	0.01974	0.02150	0.01592	0.02393	0.01450	0.02090	0.01122	0.00886	0.00950	0.00278	0.07392	0.00696	0.03824	0.00911
33	0.17880	0.02033	0.13246	0.07700	0.02561	0.01717	0.01574	0.03226	0.17022	0.17391	0.02644	0.02606	0.04946	0.00994	0.00770	0.00267	0.00796	0.00779	0.00682	0.01167
34	0.02446	0.02852	0.02050	0.07431	0.02495	0.39834	0.01458	0.06484	0.02239	0.02290	0.02909	0.03039	0.15264	0.01168	0.00912	0.00244	0.04593	0.00844	0.00521	0.00928
35	0.01717	0.00982	0.01210	0.01076	0.01409	0.00859	0.00834	0.02027	0.02194	0.17979	0.30115	0.06036	0.26961	0.01683	0.00946	0.00267	0.00478	0.01432	0.00891	0.00905
36	0.02007	0.01924	0.03284	0.11457	0.59644	0.01961	0.02525	0.02507	0.01869	0.02655	0.01554	0.02072	0.01295	0.00749	0.00823	0.00250	0.00999	0.00740	0.00407	0.01277
37	0.01776	0.07174	0.50172	0.02892	0.16501	0.02007	0.02878	0.02607	0.01779	0.02614	0.01489	0.01796	0.01108	0.00775	0.00783	0.00255	0.01160	0.00632	0.00364	0.01238
38	0.01365	0.01115	0.01496	0.01846	0.15416	0.01019	0.01108	0.01678	0.02004	0.05057	0.18069	0.06125	0.37206	0.01680	0.00941	0.00268	0.00551	0.01444	0.00731	0.00881
39	0.01805	0.01301	0.01436	0.01227	0.01653	0.01247	0.00963	0.14600	0.05440	0.08400	0.09165	0.08589	0.30717	0.01594	0.00901	0.00259	0.00579	0.01323	0.00792	0.08010
40	0.01756	0.01691	0.02955	0.36119	0.27494	0.01858	0.07682	0.02280	0.01769	0.02389	0.01680	0.05534	0.01416	0.00874	0.00852	0.00269	0.01058	0.00841	0.00409	0.01073
41	0.02279	0.03398	0.22293	0.02655	0.08655	0.26046	0.13607	0.02846	0.02026	0.02448	0.01520	0.01848	0.01177	0.00802	0.00803	0.00243	0.01295	0.00673	0.04291	0.01094
42	0.01938	0.15705	0.38144	0.02756	0.16248	0.06365	0.02574	0.02632	0.01809	0.02490	0.01433	0.01726	0.01111	0.00769	0.00748	0.00241	0.01134	0.00605	0.00369	0.01201
43	0.02378	0.27203	0.03181	0.02425	0.16200	0.21314	0.01670	0.05007	0.02075	0.02402	0.07333	0.02024	0.01772	0.00863	0.00713	0.00214	0.01041	0.00647	0.00460	0.01078

[dist]
# distance from previous block
# <min> <max>
0	2

[block]
# block no. 1 follows, 22 sequences, length 15
# corresponding to MSA columns:
# 131-145
name=unknown_B
#
# <colnr> <probs for GDERKNQSTAVLIFYWHMCP>
#	G	D	E	R	K	N	Q	S	T	A	V	L	I	F	Y	W	H	M	C	P
0	0.02420	0.32549	0.06227	0.02136	0.10176	0.17407	0.01674	0.08508	0.04357	0.02466	0.01453	0.01681	0.01223	0.01005	0.03234	0.00253	0.01099	0.00574	0.00446	0.01111
1	0.09259	0.01918	0.02110	0.02174	0.14904	0.09306	0.01416	0.02728	0.09552	0.05339	0.01748	0.01942	0.01391	0.00764	0.00700	0.00197	0.00806	0.00612	0.00535	0.32598
2	0.02459	0.05813	0.12471	0.15234	0.03275	0.32528	0.01926	0.08569	0.02246	0.02507	0.04320	0.01935	0.01415	0.00887	0.00781	0.00238	0.01249	0.00648	0.00462	0.01036
3	0.26813	0.09866	0.21122	0.04750	0.02569	0.12834	0.01762	0.02561	0.01738	0.02781	0.01713	0.01918	0.04737	0.00864	0.00678	0.00246	0.00991	0.00601	0.00444	0.01014
4	0.02376	0.02812	0.01913	0.01772	0.02128	0.41834	0.01338	0.02711	0.05159	0.02118	0.02649	0.02893	0.11127	0.02047	0.13054	0.00433	0.01426	0.00806	0.00504	0.00900
5	0.01154	0.00913	0.01323	0.01279	0.01466	0.00918	0.04424	0.01417	0.01623	0.02191	0.09925	0.19825	0.15026	0.07255	0.26519	0.00721	0.01197	0.01466	0.00626	0.00733
6	0.01924	0.01787	0.02998	0.04443	0.53884	0.01787	0.02327	0.02397	0.01895	0.02672	0.02084	0.03400	0.01952	0.01026	0.00882	0.00272	0.00946	0.11632	0.00476	0.01215
7	0.00982	0.00842	0.00842	0.00842	0.01122	0.00701	0.00631	0.01192	0.01894	0.02244	0.08416	0.07995	0.65285	0.02104	0.00982	0.00281	0.00421	0.01753	0.00771	0.00701
8	0.02056	0.01974	0.03372	0.05099	0.65622	0.01974	0.02550	0.02550	0.01892	0.02714	0.01563	0.02056	0.01316	0.00740	0.00822	0.00247	0.00987	0.00740	0.00411	0.01316
9	0.01034	0.00732	0.00957	0.01129	0.01172	0.00689	0.00741	0.01162	0.01548	0.02064	0.04360	0.63017	0.05218	0.10225	0.01414	0.00390	0.00518	0.02233	0.00741	0.00656
10	0.01811	0.11648	0.42581	0.02561	0.03624	0.02136	0.18908	0.02622	0.01802	0.02559	0.01502	0.01835	0.01110	0.00756	0.00811	0.00258	0.01234	0.00693	0.00370	0.01180
11	0.02097	0.02592	0.13800	0.03343	0.12139	0.06396	0.38216	0.02758	0.01968	0.05937	0.01693	0.02123	0.01265	0.00747	0.00907	0.00267	0.01289	0.00855	0.00441	0.01168
12	0.01051	0.00750	0.01008	0.01201	0.01266	0.00708	0.00838	0.01223	0.01628	0.02164	0.04557	0.63079	0.05410	0.02566	0.01071	0.00343	0.00515	0.09164	0.00770	0.00685
13	0.01208	0.00805	0.00906	0.00906	0.00906	0.00805	0.00503	0.01208	0.01208	0.01611	0.02618	0.05436	0.03020	0.70804	0.04228	0.00805	0.00805	0.01208	0.00503	0.00503
14	0.03158	0.02327	0.02493	0.01911	0.02576	0.02576	0.01579	0.62852	0.03906	0.05236	0.01995	0.01995	0.01413	0.00997	0.00831	0.00249	0.00914	0.00748	0.00831	0.01413

[dist]
# distance from previous block
# <min> <max>
0	1

[block]
# block no. 2 follows, 22 sequences, length 98
# corresponding to MSA columns:
# 147-244
name=unknown_C
#
# <colnr> <probs for GDERKNQSTAVLIFYWHMCP>
#	G	D	E	R	K	N	Q	S	T	A	V	L	I	F	Y	W	H	M	C	P
0	0.02328	0.02043	0.01913	0.01662	0.02064	0.15206	0.01309	0.22847	0.05801	0.03262	0.02061	0.02447	0.01675	0.02590	0.21398	0.00574	0.01376	0.00761	0.07636	0.01048
1	0.03103	0.03959	0.02354	0.02140	0.02568	0.67469	0.01605	0.03317	0.02354	0.02033	0.01284	0.01498	0.01070	0.00856	0.00749	0.00214	0.01498	0.00535	0.00428	0.00963
2	0.02582	0.03035	0.02168	0.04952	0.02469	0.44592	0.01530	0.05714	0.02137	0.02170	0.01511	0.01932	0.01296	0.01993	0.14538	0.00456	0.04912	0.00637	0.00445	0.00935
3	0.02056	0.01974	0.03372	0.05099	0.65622	0.01974	0.02550	0.02550	0.01892	0.02714	0.01563	0.02056	0.01316	0.00740	0.00822	0.00247	0.00987	0.00740	0.00411	0.01316
4	0.02090	0.55483	0.19027	0.01645	0.02478	0.02967	0.01811	0.02521	0.01704	0.02114	0.01234	0.01432	0.01063	0.00729	0.00594	0.00198	0.00969	0.00484	0.00354	0.01104
5	0.03088	0.03698	0.02380	0.02251	0.05789	0.59950	0.01630	0.03323	0.02332	0.06082	0.01423	0.01610	0.01144	0.00861	0.00758	0.00218	0.01422	0.00564	0.00465	0.01009
6	0.01187	0.00890	0.01335	0.01335	0.01483	0.01038	0.01038	0.01483	0.01335	0.01928	0.02225	0.03264	0.02077	0.06231	0.67512	0.01335	0.02225	0.00890	0.00445	0.00742
7	0.01203	0.00825	0.01007	0.01007	0.01042	0.00860	0.00630	0.01273	0.01238	0.01686	0.02525	0.04923	0.02797	0.55558	0.19170	0.00930	0.01141	0.01133	0.00490	0.00560
8	0.03103	0.03959	0.02354	0.02140	0.02568	0.67469	0.01605	0.03317	0.02354	0.02033	0.01284	0.01498	0.01070	0.00856	0.00749	0.00214	0.01498	0.00535	0.00428	0.00963
9	0.01208	0.00805	0.00906	0.00906	0.00906	0.00805	0.00503	0.01208	0.01208	0.01611	0.02618	0.05436	0.03020	0.70804	0.04228	0.00805	0.00805	0.01208	0.00503	0.00503
10	0.01208	0.00805	0.00906	0.00906	0.00906	0.00805	0.00503	0.01208	0.01208	0.01611	0.02618	0.05436	0.03020	0.70804	0.04228	0.00805	0.00805	0.01208	0.00503	0.00503
11	0.03158	0.02327	0.02493	0.01911	0.02576	0.02576	0.01579	0.62852	0.03906	0.05236	0.01995	0.01995	0.01413	0.00997	0.00831	0.00249	0.00914	0.00748	0.00831	0.01413
12	0.36231	0.02003	0.01921	0.01543	0.02140	0.02256	0.01273	0.35675	0.02785	0.04557	0.01618	0.01704	0.01182	0.00896	0.00688	0.00253	0.00792	0.00614	0.00688	0.01182
13	0.01012	0.00723	0.00964	0.01157	0.01205	0.00675	0.00771	0.01157	0.01591	0.02121	0.04579	0.70262	0.05495	0.02603	0.01060	0.00337	0.00482	0.02362	0.00771	0.00675
14	0.01337	0.01127	0.01458	0.01427	0.01585	0.05267	0.01112	0.01623	0.01396	0.01938	0.02111	0.03083	0.01966	0.05662	0.60191	0.01218	0.05435	0.00860	0.00440	0.00764
15	0.00982	0.00842	0.00842	0.00842	0.01122	0.00701	0.00631	0.01192	0.01894	0.02244	0.08416	0.07995	0.65285	0.02104	0.00982	0.00281	0.00421	0.01753	0.00771	0.00701
16	0.01152	0.00782	0.00923	0.00977	0.00991	0.00768	0.00580	0.01193	0.01317	0.01756	0.03176	0.23890	0.03725	0.51390	0.03327	0.00672	0.00713	0.01536	0.00580	0.00552
17	0.01187	0.00890	0.01335	0.01335	0.01483	0.01038	0.01038	0.01483	0.01335	0.01928	0.02225	0.03264	0.02077	0.06231	0.67512	0.01335	0.02225	0.00890	0.00445	0.00742
18	0.02066	0.01785	0.01878	0.01691	0.02160	0.02066	0.01315	0.04414	0.64121	0.03475	0.03381	0.03099	0.02536	0.01127	0.00845	0.00282	0.00657	0.00939	0.00845	0.01315
19	0.01012	0.00723	0.00964	0.01157	0.01205	0.00675	0.00771	0.01157	0.01591	0.02121	0.04579	0.70262	0.05495	0.02603	0.01060	0.00337	0.00482	0.02362	0.00771	0.00675
20	0.01187	0.00890	0.01335	0.01335	0.01483	0.01038	0.01038	0.01483	0.01335	0.01928	0.02225	0.03264	0.02077	0.06231	0.67512	0.01335	0.02225	0.00890	0.00445	0.00742
21	0.01052	0.00844	0.00939	0.00915	0.01165	0.00731	0.00686	0.01328	0.02059	0.02637	0.28946	0.07348	0.44509	0.01957	0.00981	0.00274	0.00410	0.01663	0.00823	0.00731
22	0.02900	0.02199	0.02348	0.01859	0.02478	0.02456	0.01517	0.49054	0.18124	0.04820	0.02322	0.02255	0.01678	0.01028	0.00834	0.00257	0.00854	0.00793	0.00834	0.01390
23	0.01187	0.00890	0.01335	0.01335	0.01483	0.01038	0.01038	0.01483	0.01335	0.01928	0.02225	0.03264	0.02077	0.06231	0.67512	0.01335	0.02225	0.00890	0.00445	0.00742
24	0.01190	0.00878	0.01276	0.01276	0.01404	0.01006	0.00965	0.01446	0.01318	0.01885	0.02279	0.03563	0.02207	0.15122	0.58798	0.01262	0.02030	0.00934	0.00453	0.00709
25	0.01012	0.00723	0.00964	0.01157	0.01205	0.00675	0.00771	0.01157	0.01591	0.02121	0.04579	0.70262	0.05495	0.02603	0.01060	0.00337	0.00482	0.02362	0.00771	0.00675
26	0.01187	0.00890	0.01335	0.01335	0.01483	0.01038	0.01038	0.01483	0.01335	0.01928	0.02225	0.03264	0.02077	0.06231	0.67512	0.01335	0.02225	0.00890	0.00445	0.00742
27	0.01014	0.00837	0.00890	0.00889	0.01145	0.00713	0.00662	0.01250	0.01951	0.02410	0.17202	0.10787	0.53249	0.02064	0.00985	0.00280	0.00419	0.01744	0.00794	0.00713
28	0.03103	0.03959	0.02354	0.02140	0.02568	0.67469	0.01605	0.03317	0.02354	0.02033	0.01284	0.01498	0.01070	0.00856	0.00749	0.00214	0.01498	0.00535	0.00428	0.00963
29	0.01011	0.00729	0.00957	0.01140	0.01201	0.00676	0.00764	0.01159	0.01607	0.02127	0.04783	0.66942	0.08683	0.02576	0.01056	0.00334	0.00479	0.02329	0.00771	0.00676
30	0.01693	0.07570	0.63465	0.02322	0.03524	0.01996	0.02989	0.02624	0.01751	0.02598	0.01474	0.01733	0.01053	0.00785	0.00777	0.00259	0.01211	0.00606	0.00351	0.01220
31	0.01695	0.07832	0.63222	0.02318	0.03518	0.02001	0.02982	0.02623	0.01750	0.02595	0.01473	0.01732	0.01053	0.00785	0.00776	0.00259	0.01210	0.00605	0.00351	0.01219
32	0.03044	0.03871	0.02485	0.02210	0.02660	0.64101	0.04749	0.03283	0.02334	0.02066	0.01305	0.01536	0.01080	0.00848	0.00761	0.00217	0.01493	0.00558	0.00428	0.00971
33	0.16993	0.01118	0.01267	0.01138	0.01465	0.01122	0.00886	0.02181	0.05345	0.10705	0.41701	0.04659	0.05473	0.01401	0.00861	0.00261	0.00493	0.01180	0.00842	0.00908
34	0.02028	0.48019	0.25949	0.01750	0.02641	0.02815	0.01994	0.02537	0.01711	0.02190	0.01272	0.01479	0.01061	0.00738	0.00622	0.00207	0.01006	0.00503	0.00354	0.01122
35	0.01139	0.00776	0.00926	0.00994	0.01011	0.00759	0.00597	0.01190	0.01342	0.01790	0.03307	0.28218	0.03890	0.46837	0.03115	0.00641	0.00692	0.01613	0.00597	0.00564
36	0.03084	0.02741	0.02422	0.01962	0.02552	0.20175	0.01572	0.43535	0.06726	0.04271	0.01876	0.01919	0.01380	0.00966	0.00810	0.00241	0.01059	0.00700	0.00722	0.01285
37	0.02108	0.31824	0.31481	0.01932	0.02842	0.08641	0.02174	0.05813	0.01896	0.02433	0.01359	0.01569	0.01079	0.00774	0.00682	0.00223	0.01096	0.00544	0.00385	0.01146
38	0.01666	0.04297	0.66500	0.02368	0.03596	0.01929	0.03069	0.02631	0.01754	0.02631	0.01491	0.01754	0.01052	0.00789	0.00789	0.00263	0.01228	0.00614	0.00351	0.01228
39	0.01961	0.02241	0.04902	0.03501	0.04342	0.02101	0.62605	0.02661	0.01961	0.02661	0.01681	0.02241	0.01261	0.00700	0.00980	0.00280	0.01401	0.00980	0.00420	0.01120
40	0.01012	0.00723	0.00964	0.01157	0.01205	0.00675	0.00771	0.01157	0.01591	0.02121	0.04579	0.70262	0.05495	0.02603	0.01060	0.00337	0.00482	0.02362	0.00771	0.00675
41	0.02094	0.02384	0.01730	0.01670	0.01941	0.34198	0.01237	0.02307	0.01936	0.02044	0.02636	0.19021	0.05531	0.02447	0.14522	0.00477	0.01345	0.01115	0.00533	0.00834
42	0.01208	0.00805	0.00906	0.00906	0.00906	0.00805	0.00503	0.01208	0.01208	0.01611	0.02618	0.05436	0.03020	0.70804	0.04228	0.00805	0.00805	0.01208	0.00503	0.00503
43	0.01187	0.00890	0.01335	0.01335	0.01483	0.01038	0.01038	0.01483	0.01335	0.01928	0.02225	0.03264	0.02077	0.06231	0.67512	0.01335	0.02225	0.00890	0.00445	0.00742
44	0.01187	0.00890	0.01335	0.01335	0.01483	0.01038	0.01038	0.01483	0.01335	0.01928	0.02225	0.03264	0.02077	0.06231	0.67512	0.01335	0.02225	0.00890	0.00445	0.00742
45	0.01219	0.00932	0.01372	0.01354	0.01488	0.01101	0.01049	0.01495	0.01325	0.01915	0.02190	0.03307	0.02078	0.09400	0.60962	0.01259	0.05475	0.00899	0.00444	0.00737
46	0.01012	0.00723	0.00964	0.01157	0.01205	0.00675	0.00771	0.01157	0.01591	0.02121	0.04579	0.70262	0.05495	0.02603	0.01060	0.00337	0.00482	0.02362	0.00771	0.00675
47	0.02056	0.01974	0.03372	0.05099	0.65622	0.01974	0.02550	0.02550	0.01892	0.02714	0.01563	0.02056	0.01316	0.00740	0.00822	0.00247	0.00987	0.00740	0.00411	0.01316
48	0.01084	0.00783	0.01035	0.01140	0.01216	0.00784	0.00782	0.01244	0.01483	0.01997	0.03902	0.40275	0.07494	0.14811	0.17275	0.00648	0.00944	0.01789	0.00649	0.00663
49	0.01208	0.00805	0.00906	0.00906	0.00906	0.00805	0.00503	0.01208	0.01208	0.01611	0.02618	0.05436	0.03020	0.70804	0.04228	0.00805	0.00805	0.01208	0.00503	0.00503
50	0.01339	0.00956	0.01339	0.01530	0.01721	0.00956	0.01339	0.01721	0.01912	0.02486	0.04399	0.09371	0.04781	0.02295	0.01147	0.00382	0.00765	0.60031	0.00765	0.00765
51	0.01378	0.01107	0.01153	0.01086	0.01430	0.01071	0.00831	0.02137	0.17750	0.05361	0.06909	0.06523	0.46545	0.01808	0.00941	0.00280	0.00494	0.01506	0.00801	0.00889
52	0.01962	0.01877	0.03201	0.17467	0.53994	0.01949	0.02502	0.02467	0.01847	0.02599	0.01546	0.02087	0.01275	0.00758	0.00824	0.00253	0.01010	0.00740	0.00403	0.01240
53	0.00982	0.00842	0.00842	0.00842	0.01122	0.00701	0.00631	0.01192	0.01894	0.02244	0.08416	0.07995	0.65285	0.02104	0.00982	0.00281	0.00421	0.01753	0.00771	0.00701
54	0.03103	0.03959	0.02354	0.02140	0.02568	0.67469	0.01605	0.03317	0.02354	0.02033	0.01284	0.01498	0.01070	0.00856	0.00749	0.00214	0.01498	0.00535	0.00428	0.00963
55	0.01715	0.04005	0.58574	0.02711	0.11383	0.01935	0.03004	0.02621	0.01771	0.02641	0.01500	0.01792	0.01085	0.00783	0.00793	0.00261	0.01198	0.00630	0.00358	0.01239
56	0.00991	0.00806	0.00878	0.00936	0.01147	0.00693	0.00673	0.01182	0.01803	0.02207	0.07269	0.26597	0.47423	0.02253	0.01005	0.00298	0.00439	0.01935	0.00771	0.00693
57	0.02387	0.02914	0.08764	0.03499	0.31967	0.27566	0.02153	0.02805	0.02032	0.02401	0.01480	0.01869	0.01233	0.01062	0.04097	0.00289	0.01271	0.00656	0.00414	0.01141
58	0.01041	0.00844	0.00924	0.00904	0.01159	0.00727	0.00678	0.01308	0.02034	0.02578	0.25870	0.07445	0.47623	0.01979	0.00981	0.00275	0.00412	0.01676	0.00815	0.00727
59	0.01336	0.01109	0.01621	0.01535	0.01648	0.01394	0.01222	0.01605	0.01320	0.01945	0.01957	0.02922	0.01844	0.05103	0.52215	0.01106	0.18059	0.00852	0.00426	0.00781
60	0.01028	0.00843	0.00905	0.00890	0.01150	0.00721	0.00667	0.01281	0.02002	0.02501	0.21819	0.07572	0.51721	0.02008	0.00981	0.00276	0.00414	0.01694	0.00805	0.00721
61	0.02719	0.03319	0.02411	0.02152	0.02453	0.48074	0.01669	0.02924	0.02031	0.02023	0.01226	0.01594	0.01076	0.01035	0.01340	0.00259	0.21748	0.00592	0.00409	0.00947
62	0.02028	0.02054	0.03829	0.04622	0.47315	0.02012	0.20490	0.02583	0.01912	0.02698	0.01598	0.02111	0.01299	0.00728	0.00870	0.00257	0.01110	0.00812	0.00414	0.01258
63	0.02284	0.42006	0.17940	0.01771	0.02554	0.12364	0.01829	0.06418	0.01939	0.02324	0.01302	0.01493	0.01085	0.00768	0.00641	0.00207	0.01056	0.00515	0.00395	0.01109
64	0.02257	0.68588	0.04273	0.01450	0.02150	0.05876	0.01429	0.02521	0.01715	0.01958	0.01160	0.01339	0.01066	0.00717	0.00542	0.00179	0.00913	0.00448	0.00358	0.01062
65	0.01000	0.00842	0.00867	0.00861	0.01134	0.00709	0.00646	0.01228	0.01937	0.02348	0.13861	0.07823	0.59775	0.02065	0.00982	0.00279	0.00418	0.01729	0.00785	0.00709
66	0.00983	0.00835	0.00848	0.00859	0.01127	0.00700	0.00639	0.01190	0.01877	0.02238	0.08209	0.11347	0.62066	0.02131	0.00986	0.00284	0.00424	0.01786	0.00771	0.00700
67	0.01272	0.00863	0.01203	0.01203	0.01362	0.00976	0.00930	0.01590	0.01431	0.02204	0.02340	0.03224	0.02089	0.04988	0.51709	0.01066	0.01791	0.00863	0.18147	0.00749
68	0.01771	0.01633	0.02374	0.01696	0.02455	0.01311	0.13615	0.02208	0.01771	0.02698	0.01518	0.01829	0.01237	0.00633	0.00690	0.00155	0.00776	0.00592	0.00477	0.60558
69	0.01826	0.23571	0.48624	0.02096	0.03175	0.02320	0.02595	0.02590	0.01735	0.02436	0.01394	0.01633	0.01056	0.00767	0.00716	0.00239	0.01130	0.00565	0.00352	0.01181
70	0.01334	0.01088	0.01225	0.01242	0.01529	0.01091	0.00986	0.02094	0.16694	0.02592	0.05937	0.11081	0.30947	0.01952	0.00997	0.00311	0.00570	0.16681	0.00787	0.00862
71	0.01125	0.00782	0.00971	0.01033	0.01092	0.00750	0.00666	0.01262	0.01592	0.02163	0.16211	0.31010	0.04978	0.29899	0.02320	0.00510	0.00594	0.01721	0.00693	0.00628
72	0.02008	0.01734	0.01823	0.01645	0.02105	0.01994	0.01278	0.04243	0.60803	0.03410	0.03650	0.03360	0.05882	0.01179	0.00853	0.00282	0.00645	0.00983	0.00841	0.01282
73	0.01838	0.03272	0.38655	0.03573	0.30955	0.01949	0.02840	0.02595	0.01815	0.02668	0.01523	0.01887	0.01169	0.00768	0.00804	0.00256	0.01122	0.00670	0.00377	0.01267
74	0.00982	0.00842	0.00842	0.00842	0.01122	0.00701	0.00631	0.01192	0.01894	0.02244	0.08416	0.07995	0.65285	0.02104	0.00982	0.00281	0.00421	0.01753	0.00771	0.00701
75	0.02338	0.02436	0.03039	0.07512	0.44253	0.17464	0.02262	0.05955	0.02097	0.02659	0.01516	0.01929	0.01252	0.00786	0.00806	0.00241	0.01110	0.00692	0.00436	0.01218
76	0.00982	0.00842	0.00842	0.00842	0.01122	0.00701	0.00631	0.01192	0.01894	0.02244	0.08416	0.07995	0.65285	0.02104	0.00982	0.00281	0.00421	0.01753	0.00771	0.00701
77	0.19484	0.01769	0.02353	0.06162	0.02381	0.02317	0.04838	0.02146	0.01366	0.02450	0.01161	0.01754	0.01055	0.01214	0.01993	0.00329	0.45231	0.00676	0.00402	0.00919
78	0.01946	0.02419	0.16257	0.08525	0.49161	0.01957	0.02641	0.02540	0.01849	0.02660	0.01543	0.02004	0.01249	0.00756	0.00816	0.00252	0.01044	0.00714	0.00396	0.01273
79	0.02221	0.71304	0.04353	0.01421	0.02132	0.03287	0.01421	0.02488	0.01688	0.01955	0.01155	0.01333	0.01066	0.00711	0.00533	0.00178	0.00888	0.00444	0.00355	0.01066
80	0.01329	0.01105	0.01716	0.01429	0.01642	0.01056	0.13252	0.01504	0.01463	0.01919	0.03279	0.05158	0.11823	0.46324	0.03085	0.00620	0.00871	0.01242	0.00526	0.00659
81	0.03103	0.03959	0.02354	0.02140	0.02568	0.67469	0.01605	0.03317	0.02354	0.02033	0.01284	0.01498	0.01070	0.00856	0.00749	0.00214	0.01498	0.00535	0.00428	0.00963
82	0.01811	0.03362	0.39706	0.03159	0.15546	0.01979	0.17289	0.02623	0.01830	0.02654	0.01550	0.01928	0.01152	0.00759	0.00842	0.00264	0.01224	0.00726	0.00379	0.01219
83	0.02316	0.01566	0.01638	0.01465	0.01857	0.07545	0.01125	0.08525	0.14552	0.18433	0.03544	0.20250	0.06020	0.01482	0.00878	0.00275	0.00699	0.01253	0.05492	0.01087
84	0.01699	0.00965	0.01278	0.01134	0.01421	0.00873	0.00873	0.02076	0.02357	0.16218	0.52494	0.05513	0.06653	0.01561	0.00950	0.00260	0.00456	0.01366	0.00938	0.00913
85	0.02637	0.09605	0.02598	0.02085	0.02412	0.42084	0.01651	0.02846	0.01969	0.02016	0.01214	0.01578	0.01076	0.01021	0.01320	0.00255	0.21691	0.00584	0.00402	0.00956
86	0.01718	0.03971	0.57324	0.02683	0.09424	0.01943	0.06195	0.02625	0.01778	0.02640	0.01508	0.01808	0.01088	0.00780	0.00803	0.00262	0.01214	0.00645	0.00360	0.01230
87	0.01208	0.00805	0.00906	0.00906	0.00906	0.00805	0.00503	0.01208	0.01208	0.01611	0.02618	0.05436	0.03020	0.70804	0.04228	0.00805	0.00805	0.01208	0.00503	0.00503
88	0.01004	0.00849	0.00873	0.00885	0.01160	0.00717	0.00675	0.01225	0.01895	0.02259	0.08164	0.08081	0.61500	0.02116	0.00992	0.00287	0.00442	0.05399	0.00771	0.00705
89	0.01828	0.01612	0.02311	0.05527	0.28355	0.01689	0.01731	0.05861	0.16585	0.02860	0.02987	0.16706	0.05760	0.01304	0.00886	0.00277	0.00776	0.01175	0.00627	0.01142
90	0.05744	0.02365	0.02725	0.09282	0.25029	0.13092	0.01964	0.23442	0.02622	0.03459	0.01640	0.01926	0.01271	0.00858	0.00801	0.00245	0.01044	0.00696	0.00559	0.01236
91	0.01840	0.01745	0.02918	0.33224	0.36338	0.01921	0.02389	0.02440	0.04440	0.02484	0.01602	0.02171	0.01275	0.00797	0.00827	0.00262	0.01026	0.00748	0.00411	0.01141
92	0.20348	0.03001	0.02038	0.01818	0.02291	0.38613	0.01400	0.07977	0.10010	0.02869	0.01574	0.01704	0.01241	0.00881	0.00712	0.00235	0.01144	0.00583	0.00533	0.01028
93	0.01810	0.17925	0.02360	0.01479	0.01999	0.01837	0.01276	0.02371	0.08974	0.02507	0.02185	0.03367	0.02058	0.01120	0.00929	0.00230	0.07124	0.12759	0.00545	0.27143
94	0.01664	0.01494	0.02106	0.01740	0.02193	0.01509	0.13614	0.07864	0.18263	0.02905	0.04705	0.12182	0.23187	0.01520	0.00941	0.00285	0.00735	0.01363	0.00724	0.01008
95	0.01265	0.01010	0.01572	0.15166	0.02352	0.01204	0.01298	0.01614	0.01402	0.01968	0.02072	0.03049	0.01878	0.05124	0.53844	0.01118	0.01996	0.00859	0.00429	0.00779
96	0.09315	0.02751	0.26052	0.12790	0.16563	0.01952	0.13782	0.02526	0.01773	0.02689	0.01505	0.01934	0.01138	0.00767	0.00810	0.00264	0.01134	0.00710	0.00395	0.01148
97	0.02024	0.02127	0.06880	0.04769	0.55217	0.01986	0.09567	0.02567	0.01892	0.02703	0.01573	0.02062	0.01296	0.00738	0.00839	0.00251	0.01048	0.00761	0.00409	0.01288

[dist]
# distance from previous block
# <min> <max>
0	1

[block]
# block no. 3 follows, 22 sequences, length 11
# corresponding to MSA columns:
# 246-256
name=unknown_D
#
# <colnr> <probs for GDERKNQSTAVLIFYWHMCP>
#	G	D	E	R	K	N	Q	S	T	A	V	L	I	F	Y	W	H	M	C	P
0	0.08348	0.01682	0.11780	0.14143	0.02446	0.03904	0.01401	0.01923	0.01556	0.02345	0.02185	0.03092	0.04478	0.14023	0.05211	0.06698	0.00931	0.00826	0.12224	0.00805
1	0.02251	0.08489	0.18574	0.01586	0.02355	0.01566	0.01603	0.05782	0.02036	0.19370	0.02915	0.02871	0.10292	0.01004	0.00772	0.00228	0.00810	0.00798	0.00641	0.16060
2	0.07764	0.08079	0.09888	0.09369	0.02724	0.11382	0.01592	0.10879	0.02068	0.02856	0.01516	0.01819	0.01209	0.01100	0.04635	0.00274	0.01035	0.00593	0.00487	0.20732
3	0.01860	0.02063	0.08757	0.02569	0.18061	0.07149	0.05283	0.02829	0.18327	0.02856	0.10217	0.03513	0.10649	0.01141	0.00867	0.00263	0.00850	0.00996	0.00626	0.01125
4	0.01440	0.01278	0.01774	0.08384	0.17939	0.01279	0.01368	0.01990	0.08583	0.02545	0.08908	0.10974	0.27172	0.01555	0.00920	0.00276	0.00657	0.01354	0.00661	0.00946
5	0.01822	0.02648	0.22829	0.03171	0.27226	0.07820	0.02272	0.02370	0.01831	0.02506	0.02114	0.15486	0.02041	0.01137	0.00852	0.00267	0.01011	0.01004	0.00465	0.01127
6	0.01928	0.01843	0.03141	0.21841	0.49881	0.01940	0.02486	0.02437	0.01831	0.02559	0.01540	0.02098	0.01261	0.00764	0.00825	0.00255	0.01019	0.00740	0.00400	0.01213
7	0.22124	0.08497	0.21237	0.08774	0.05950	0.11154	0.01919	0.02541	0.01714	0.02697	0.01389	0.01725	0.01094	0.01109	0.04623	0.00311	0.01114	0.00580	0.00416	0.01033
8	0.01917	0.02932	0.27397	0.12305	0.16012	0.09648	0.02364	0.02675	0.05692	0.02594	0.01697	0.02046	0.01297	0.00829	0.00783	0.00251	0.01089	0.00681	0.06652	0.01138
9	0.02121	0.23759	0.02774	0.02071	0.12363	0.10689	0.01468	0.02833	0.13676	0.02537	0.01946	0.02175	0.01599	0.01191	0.04812	0.00287	0.00952	0.00672	0.10995	0.01080
10	0.02437	0.02161	0.01962	0.01644	0.02140	0.14322	0.01296	0.28759	0.06224	0.03595	0.03357	0.07660	0.14385	0.01284	0.00850	0.00250	0.00869	0.01011	0.00721	0.05075

[dist]
# distance from previous block
# <min> <max>
0	2

[block]
# block no. 4 follows, 22 sequences, length 6
# corresponding to MSA columns:
# 259-264
name=unknown_E
#
# <colnr> <probs for GDERKNQSTAVLIFYWHMCP>
#	G	D	E	R	K	N	Q	S	T	A	V	L	I	F	Y	W	H	M	C	P
0	0.01838	0.01814	0.03323	0.02789	0.09812	0.01868	0.27310	0.02213	0.01652	0.02352	0.01486	0.02117	0.01254	0.01178	0.01628	0.11469	0.15514	0.00809	0.00406	0.09169
1	0.10928	0.02049	0.01938	0.19874	0.02974	0.19424	0.01513	0.02542	0.07951	0.02358	0.01780	0.02397	0.01507	0.06370	0.12524	0.00476	0.01286	0.00726	0.00472	0.00911
2	0.05500	0.01727	0.09769	0.01498	0.02013	0.01449	0.01317	0.08160	0.08679	0.14720	0.02369	0.02934	0.01933	0.12273	0.13906	0.00531	0.01076	0.00824	0.00639	0.08685
3	0.06366	0.02003	0.11879	0.11357	0.27570	0.01711	0.02030	0.02397	0.06887	0.02664	0.02960	0.03196	0.13422	0.01050	0.00831	0.00263	0.00882	0.00911	0.00507	0.01111
4	0.01715	0.01102	0.01614	0.05935	0.09687	0.01152	0.01145	0.08055	0.01528	0.02059	0.01520	0.02389	0.01403	0.02280	0.02526	0.53312	0.00800	0.00728	0.00419	0.00631
5	0.05575	0.01408	0.02123	0.12238	0.26323	0.01445	0.01660	0.01966	0.01831	0.02559	0.09169	0.04007	0.17925	0.01632	0.06299	0.00350	0.00890	0.01060	0.00550	0.00988

[dist]
# distance from previous block
# <min> <max>
0	1

[block]
# block no. 5 follows, 22 sequences, length 9
# corresponding to MSA columns:
# 266-274
name=unknown_F
#
# <colnr> <probs for GDERKNQSTAVLIFYWHMCP>
#	G	D	E	R	K	N	Q	S	T	A	V	L	I	F	Y	W	H	M	C	P
0	0.01573	0.01090	0.01283	0.01192	0.01369	0.01167	0.00848	0.12445	0.01802	0.02517	0.02561	0.08660	0.02600	0.31635	0.17793	0.00737	0.01093	0.01091	0.07783	0.00761
1	0.25081	0.02948	0.02122	0.02093	0.08325	0.36926	0.01482	0.07183	0.02137	0.02833	0.01323	0.01542	0.01067	0.00829	0.00691	0.00233	0.01151	0.00544	0.00481	0.01010
2	0.01066	0.00822	0.00887	0.00897	0.01068	0.00737	0.00611	0.01217	0.01686	0.02104	0.09758	0.11752	0.38032	0.23424	0.01994	0.00446	0.00543	0.01615	0.00697	0.00643
3	0.01382	0.01097	0.01741	0.22220	0.02784	0.01165	0.05827	0.01554	0.01552	0.01981	0.03298	0.09184	0.16036	0.01886	0.01639	0.23550	0.00805	0.01113	0.00494	0.00694
4	0.02702	0.03199	0.02744	0.03273	0.26703	0.42400	0.01967	0.03023	0.02177	0.02294	0.01391	0.01712	0.01164	0.00812	0.00777	0.00227	0.01302	0.00614	0.00422	0.01098
5	0.06365	0.01393	0.01929	0.27284	0.03293	0.01661	0.01594	0.05833	0.12120	0.02567	0.02051	0.02640	0.01669	0.02658	0.22693	0.00622	0.01358	0.00804	0.00510	0.00956
6	0.06067	0.00978	0.01122	0.01129	0.01389	0.00926	0.00877	0.04200	0.01973	0.05391	0.12723	0.18560	0.27851	0.02001	0.00981	0.00302	0.00534	0.11421	0.00785	0.00791
7	0.01743	0.01579	0.01364	0.01256	0.01458	0.13946	0.00872	0.07752	0.01909	0.02329	0.10648	0.04684	0.09376	0.34766	0.02484	0.00515	0.00861	0.01123	0.00599	0.00738
8	0.02951	0.03474	0.02457	0.05730	0.07588	0.50900	0.01710	0.10706	0.02479	0.02494	0.01405	0.01640	0.01134	0.00864	0.00769	0.00224	0.01365	0.00588	0.00475	0.01045

[dist]
# distance from previous block
# <min> <max>
1	8

[block]
# block no. 6 follows, 22 sequences, length 17
# corresponding to MSA columns:
# 283-299
name=unknown_G
#
# <colnr> <probs for GDERKNQSTAVLIFYWHMCP>
#	G	D	E	R	K	N	Q	S	T	A	V	L	I	F	Y	W	H	M	C	P
0	0.01301	0.01206	0.05646	0.07738	0.01905	0.01073	0.01126	0.01876	0.08698	0.02790	0.29341	0.22254	0.05338	0.04588	0.01094	0.00308	0.00586	0.01526	0.00762	0.00844
1	0.02079	0.02084	0.02584	0.02114	0.02566	0.15629	0.16035	0.11465	0.02092	0.02628	0.01860	0.02451	0.01566	0.02967	0.27237	0.00679	0.01674	0.00815	0.00494	0.00982
2	0.17848	0.19683	0.06887	0.01768	0.02335	0.34246	0.01514	0.02893	0.01962	0.02401	0.01241	0.01445	0.01033	0.00799	0.00652	0.00217	0.01159	0.00501	0.00423	0.00993
3	0.02258	0.01955	0.01697	0.01438	0.01888	0.15339	0.01122	0.15876	0.05778	0.03264	0.02407	0.02570	0.05023	0.00967	0.00713	0.00209	0.00789	0.00737	0.23596	0.12375
4	0.04748	0.02224	0.02367	0.11632	0.19373	0.18071	0.01774	0.02965	0.15115	0.02728	0.08755	0.02585	0.02177	0.00968	0.00817	0.00252	0.00984	0.00804	0.00559	0.01103
5	0.01837	0.02027	0.16316	0.01533	0.02082	0.05503	0.01474	0.07256	0.02148	0.10203	0.16176	0.04163	0.15086	0.01879	0.08235	0.00379	0.00942	0.01078	0.00682	0.01002
6	0.02121	0.01845	0.08350	0.01809	0.02378	0.01600	0.09072	0.16574	0.05471	0.09941	0.05640	0.18413	0.02729	0.01321	0.00886	0.00265	0.00813	0.01173	0.00709	0.08889
7	0.01717	0.13928	0.53219	0.02163	0.03246	0.02072	0.02698	0.02537	0.01718	0.02487	0.01488	0.01788	0.01120	0.01124	0.04998	0.00319	0.01241	0.00607	0.00357	0.01173
8	0.01666	0.04297	0.66500	0.02368	0.03596	0.01929	0.03069	0.02631	0.01754	0.02631	0.01491	0.01754	0.01052	0.00789	0.00789	0.00263	0.01228	0.00614	0.00351	0.01228
9	0.02059	0.01743	0.02232	0.10541	0.16465	0.06264	0.01668	0.10188	0.10551	0.06291	0.02302	0.02689	0.03663	0.02222	0.16853	0.00516	0.01247	0.00827	0.00573	0.01104
10	0.02312	0.02016	0.09598	0.07908	0.15485	0.01747	0.15252	0.03034	0.07972	0.17961	0.02351	0.02851	0.01787	0.00954	0.00881	0.00273	0.00998	0.04782	0.00617	0.01220
11	0.02378	0.02151	0.02784	0.03669	0.39110	0.11978	0.02022	0.07310	0.02131	0.08828	0.02048	0.02448	0.04041	0.04323	0.00988	0.00272	0.01002	0.00782	0.00524	0.01213
12	0.01072	0.00735	0.00944	0.01103	0.01158	0.00695	0.00731	0.01221	0.01565	0.02146	0.04247	0.58889	0.04999	0.09030	0.01328	0.00371	0.00506	0.02129	0.06463	0.00666
13	0.01159	0.00910	0.01231	0.11045	0.01894	0.00893	0.00980	0.01397	0.01682	0.02237	0.08906	0.40202	0.11570	0.05829	0.01157	0.00328	0.00586	0.01804	0.00691	0.05500
14	0.02701	0.02292	0.02187	0.05312	0.02524	0.15650	0.01417	0.23860	0.02681	0.09521	0.01791	0.01903	0.01333	0.00851	0.00752	0.00208	0.00941	0.00637	0.00642	0.22795
15	0.04993	0.03135	0.36483	0.02325	0.08448	0.01977	0.02342	0.03216	0.22746	0.02969	0.02119	0.02216	0.01568	0.00898	0.00799	0.00268	0.00990	0.00728	0.00529	0.01251
16	0.02448	0.02723	0.02531	0.05957	0.20019	0.32850	0.04808	0.02806	0.02081	0.02419	0.01606	0.01966	0.01310	0.00832	0.00759	0.00226	0.01165	0.00660	0.11795	0.01038

[dist]
# distance from previous block
# <min> <max>
18	67

[block]
# block no. 7 follows, 22 sequences, length 79
# corresponding to MSA columns:
# 369-447
name=unknown_H
#
# <colnr> <probs for GDERKNQSTAVLIFYWHMCP>
#	G	D	E	R	K	N	Q	S	T	A	V	L	I	F	Y	W	H	M	C	P
0	0.02175	0.09197	0.02000	0.01621	0.01977	0.28725	0.01239	0.05979	0.04919	0.02389	0.06306	0.18433	0.08873	0.01436	0.00844	0.00253	0.00965	0.01153	0.00603	0.00913
1	0.02460	0.02266	0.13961	0.01736	0.02420	0.01885	0.01615	0.29484	0.02731	0.10201	0.02384	0.02616	0.05003	0.05563	0.04602	0.00335	0.00960	0.00799	0.00686	0.08294
2	0.08496	0.07029	0.02190	0.01801	0.05849	0.09298	0.01376	0.21261	0.06004	0.06825	0.11081	0.02930	0.02489	0.01083	0.00800	0.00244	0.00834	0.03969	0.00699	0.05742
3	0.02683	0.07650	0.11660	0.02600	0.12707	0.44066	0.01950	0.03050	0.02157	0.02221	0.01350	0.01613	0.01106	0.00820	0.00754	0.00224	0.01343	0.00573	0.00410	0.01062
4	0.02337	0.13731	0.06362	0.02861	0.22683	0.25991	0.01863	0.02690	0.02021	0.02293	0.02073	0.02311	0.07527	0.00916	0.00764	0.00228	0.01115	0.00712	0.00441	0.01081
5	0.01501	0.01572	0.01230	0.01188	0.01495	0.16213	0.00902	0.01728	0.02018	0.02249	0.08641	0.06496	0.44944	0.01810	0.00937	0.00270	0.00689	0.04653	0.00697	0.00769
6	0.01693	0.01407	0.01708	0.01378	0.01946	0.01207	0.01135	0.04300	0.01825	0.02713	0.02153	0.03513	0.02054	0.01065	0.00863	0.00201	0.04423	0.14332	0.00561	0.51526
7	0.02478	0.01826	0.01987	0.01535	0.02123	0.01870	0.01240	0.36029	0.02922	0.04121	0.01987	0.02239	0.01540	0.04286	0.00907	0.00236	0.00761	0.00708	0.10691	0.20515
8	0.09856	0.07312	0.02425	0.02233	0.09344	0.40982	0.01579	0.03202	0.02178	0.11189	0.01572	0.01721	0.01218	0.00850	0.00734	0.00225	0.01215	0.00586	0.00513	0.01065
9	0.01188	0.00885	0.01309	0.01309	0.01448	0.01024	0.01005	0.01467	0.01327	0.01909	0.02249	0.03397	0.02135	0.10205	0.63618	0.01303	0.02138	0.00910	0.00449	0.00727
10	0.01529	0.01078	0.01239	0.01122	0.01434	0.01028	0.00875	0.09956	0.02354	0.06291	0.27570	0.06102	0.26846	0.01708	0.00942	0.00269	0.00506	0.04040	0.04242	0.00870
11	0.02099	0.45177	0.18487	0.01756	0.02500	0.06345	0.01853	0.02516	0.01697	0.02120	0.01233	0.01488	0.01066	0.00811	0.00824	0.00218	0.07851	0.00517	0.00359	0.01082
12	0.01064	0.00855	0.00956	0.00959	0.01211	0.00747	0.00739	0.01335	0.02005	0.02529	0.21609	0.07704	0.45467	0.02026	0.00998	0.00286	0.00448	0.07531	0.00805	0.00727
13	0.02958	0.03536	0.02431	0.06379	0.06150	0.53413	0.01696	0.09166	0.02442	0.02396	0.01382	0.01622	0.01120	0.00862	0.00766	0.00223	0.01388	0.00580	0.00464	0.01025
14	0.01017	0.00838	0.00861	0.00858	0.01103	0.00717	0.00623	0.01211	0.01835	0.02220	0.10286	0.07620	0.55540	0.10004	0.01356	0.00340	0.00464	0.01679	0.00747	0.00682
15	0.01012	0.00723	0.00964	0.01157	0.01205	0.00675	0.00771	0.01157	0.01591	0.02121	0.04579	0.70262	0.05495	0.02603	0.01060	0.00337	0.00482	0.02362	0.00771	0.00675
16	0.02905	0.02201	0.02350	0.01860	0.02480	0.02458	0.01518	0.49291	0.17880	0.04827	0.02316	0.02251	0.01673	0.01027	0.00834	0.00257	0.00855	0.00792	0.00834	0.01390
17	0.01012	0.00723	0.00964	0.01157	0.01205	0.00675	0.00771	0.01157	0.01591	0.02121	0.04579	0.70262	0.05495	0.02603	0.01060	0.00337	0.00482	0.02362	0.00771	0.00675
18	0.01204	0.00821	0.00985	0.00985	0.01013	0.00849	0.00602	0.01259	0.01232	0.01670	0.02545	0.05034	0.02846	0.58851	0.15943	0.00903	0.01068	0.01149	0.00493	0.00547
19	0.01292	0.01045	0.01537	0.01477	0.01600	0.01290	0.01169	0.01570	0.01325	0.01940	0.02035	0.03022	0.01912	0.05432	0.56679	0.01173	0.13438	0.00863	0.00431	0.00770
20	0.01818	0.01818	0.02545	0.02181	0.02181	0.02545	0.01818	0.01999	0.01272	0.01999	0.01091	0.01818	0.01091	0.01454	0.02726	0.00364	0.69284	0.00727	0.00364	0.00909
21	0.01666	0.04297	0.66500	0.02368	0.03596	0.01929	0.03069	0.02631	0.01754	0.02631	0.01491	0.01754	0.01052	0.00789	0.00789	0.00263	0.01228	0.00614	0.00351	0.01228
22	0.03103	0.03959	0.02354	0.02140	0.02568	0.67469	0.01605	0.03317	0.02354	0.02033	0.01284	0.01498	0.01070	0.00856	0.00749	0.00214	0.01498	0.00535	0.00428	0.00963
23	0.01187	0.00890	0.01335	0.01335	0.01483	0.01038	0.01038	0.01483	0.01335	0.01928	0.02225	0.03264	0.02077	0.06231	0.67512	0.01335	0.02225	0.00890	0.00445	0.00742
24	0.01666	0.04297	0.66500	0.02368	0.03596	0.01929	0.03069	0.02631	0.01754	0.02631	0.01491	0.01754	0.01052	0.00789	0.00789	0.00263	0.01228	0.00614	0.00351	0.01228
25	0.02056	0.01974	0.03372	0.05099	0.65622	0.01974	0.02550	0.02550	0.01892	0.02714	0.01563	0.02056	0.01316	0.00740	0.00822	0.00247	0.00987	0.00740	0.00411	0.01316
26	0.03158	0.02327	0.02493	0.01911	0.02576	0.02576	0.01579	0.62852	0.03906	0.05236	0.01995	0.01995	0.01413	0.00997	0.00831	0.00249	0.00914	0.00748	0.00831	0.01413
27	0.00992	0.00842	0.00856	0.00853	0.01129	0.00706	0.00639	0.01213	0.01918	0.02303	0.11503	0.07898	0.62161	0.02082	0.00982	0.00279	0.00419	0.01740	0.00779	0.00706
28	0.02522	0.02011	0.02135	0.01783	0.02334	0.02279	0.01425	0.28793	0.39001	0.04210	0.02803	0.02639	0.02067	0.01073	0.00839	0.00268	0.00765	0.00859	0.00839	0.01356
29	0.01818	0.01818	0.02545	0.02181	0.02181	0.02545	0.01818	0.01999	0.01272	0.01999	0.01091	0.01818	0.01091	0.01454	0.02726	0.00364	0.69284	0.00727	0.00364	0.00909
30	0.02471	0.01172	0.01549	0.01289	0.01718	0.01061	0.01024	0.02924	0.05365	0.34197	0.31794	0.04397	0.04743	0.01342	0.00902	0.00260	0.00559	0.01148	0.00967	0.01119
31	0.03103	0.03959	0.02354	0.02140	0.02568	0.67469	0.01605	0.03317	0.02354	0.02033	0.01284	0.01498	0.01070	0.00856	0.00749	0.00214	0.01498	0.00535	0.00428	0.00963
32	0.01187	0.00890	0.01335	0.01335	0.01483	0.01038	0.01038	0.01483	0.01335	0.01928	0.02225	0.03264	0.02077	0.06231	0.67512	0.01335	0.02225	0.00890	0.00445	0.00742
