[name]
unknown

[dist]
# distance from previous block
# <min> <max>
0	0

[block]
# block no. 0 follows, 22 sequences, length 40
# corresponding to MSA columns:
# 0-39
name=unknown_A
#
# <colnr> <probs for GDERKNQSTAVLIFYWHMCP>
#	G	D	E	R	K	N	Q	S	T	A	V	L	I	F	Y	W	H	M	C	P
0	0.01339	0.00956	0.01339	0.01530	0.01721	0.00956	0.01339	0.01721	0.01912	0.02486	0.04399	0.09371	0.04781	0.02295	0.01147	0.00382	0.00765	0.60031	0.00765	0.00765
1	0.01187	0.00890	0.01335	0.01335	0.01483	0.01038	0.01038	0.01483	0.01335	0.01928	0.02225	0.03264	0.02077	0.06231	0.67512	0.01335	0.02225	0.00890	0.00445	0.00742
2	0.01287	0.00889	0.01055	0.00989	0.01257	0.00781	0.00751	0.01594	0.02153	0.07685	0.35541	0.06730	0.32578	0.01825	0.00970	0.00269	0.00429	0.01561	0.00861	0.00796
3	0.02414	0.56555	0.03915	0.01579	0.02228	0.17343	0.01462	0.02669	0.01834	0.01972	0.01183	0.01369	0.01067	0.00743	0.00580	0.00186	0.01022	0.00464	0.00371	0.01044
4	0.01084	0.00774	0.01046	0.01239	0.01318	0.00737	0.00896	0.01281	0.01661	0.02201	0.04539	0.56903	0.05338	0.02535	0.01079	0.00347	0.00544	0.15013	0.00770	0.00695
5	0.02533	0.03009	0.02439	0.02158	0.02396	0.38675	0.01699	0.02733	0.01874	0.02018	0.01198	0.01640	0.01079	0.01121	0.01626	0.00280	0.31562	0.00620	0.00399	0.00939
6	0.00998	0.00780	0.00905	0.01006	0.01165	0.00687	0.00704	0.01174	0.01736	0.02180	0.06416	0.40445	0.34126	0.02364	0.01023	0.00310	0.00453	0.02070	0.00771	0.00687
7	0.02056	0.01974	0.03372	0.05099	0.65622	0.01974	0.02550	0.02550	0.01892	0.02714	0.01563	0.02056	0.01316	0.00740	0.00822	0.00247	0.00987	0.00740	0.00411	0.01316
8	0.01337	0.01046	0.01361	0.01281	0.01315	0.01239	0.00911	0.01443	0.01251	0.01767	0.02195	0.04157	0.02386	0.41144	0.18083	0.00827	0.16121	0.01031	0.00460	0.00646
9	0.02787	0.02078	0.02241	0.01766	0.02356	0.02286	0.01446	0.50772	0.06301	0.04679	0.02679	0.02687	0.07548	0.01414	0.04745	0.00317	0.00932	0.00860	0.00803	0.01302
10	0.03158	0.02327	0.02493	0.01911	0.02576	0.02576	0.01579	0.62852	0.03906	0.05236	0.01995	0.01995	0.01413	0.00997	0.00831	0.00249	0.00914	0.00748	0.00831	0.01413
11	0.01968	0.01505	0.02407	0.02896	0.26193	0.01536	0.04413	0.02373	0.01935	0.11848	0.15223	0.03196	0.02878	0.01805	0.10332	0.00414	0.06430	0.00945	0.00607	0.01097
12	0.05063	0.01971	0.03275	0.07106	0.54639	0.02003	0.05152	0.05771	0.01975	0.02865	0.01572	0.02039	0.01294	0.00757	0.00818	0.00250	0.00993	0.00740	0.00437	0.01281
13	0.02489	0.02713	0.02455	0.02748	0.18778	0.29964	0.01749	0.06605	0.12169	0.02620	0.01823	0.02094	0.01483	0.01378	0.06996	0.00340	0.01264	0.00699	0.00516	0.01117
14	0.02605	0.16580	0.02191	0.01324	0.01866	0.01576	0.01125	0.02986	0.04645	0.32313	0.10522	0.03718	0.12676	0.01210	0.00809	0.00245	0.00664	0.00976	0.00819	0.01149
15	0.02056	0.01974	0.03372	0.05099	0.65622	0.01974	0.02550	0.02550	0.01892	0.02714	0.01563	0.02056	0.01316	0.00740	0.00822	0.00247	0.00987	0.00740	0.00411	0.01316
16	0.06089	0.02054	0.18919	0.01544	0.02239	0.01343	0.01560	0.03132	0.02027	0.32467	0.02577	0.02531	0.01750	0.00939	0.00752	0.00245	0.00773	0.00745	0.17115	0.01200
17	0.01079	0.00816	0.01194	0.01301	0.01399	0.00765	0.04118	0.01266	0.01626	0.02168	0.04414	0.63576	0.05232	0.02485	0.01060	0.00337	0.00545	0.05162	0.00752	0.00703
18	0.01002	0.00799	0.00899	0.00965	0.01158	0.00696	0.00689	0.01198	0.01807	0.02254	0.09861	0.30369	0.40852	0.02264	0.01010	0.00300	0.00441	0.01960	0.00778	0.00696
19	0.02031	0.01201	0.01745	0.01465	0.01784	0.01190	0.06763	0.05400	0.01758	0.18758	0.02566	0.03711	0.02274	0.25617	0.19282	0.00721	0.01210	0.00983	0.00634	0.00908
20	0.02056	0.01974	0.03372	0.05099	0.65622	0.01974	0.02550	0.02550	0.01892	0.02714	0.01563	0.02056	0.01316	0.00740	0.00822	0.00247	0.00987	0.00740	0.00411	0.01316
21	0.03667	0.01511	0.01988	0.01524	0.02169	0.01366	0.01259	0.10320	0.02541	0.59696	0.03141	0.02739	0.01988	0.01025	0.00835	0.00256	0.00729	0.00826	0.01007	0.01414
22	0.01005	0.00749	0.00937	0.01088	0.01187	0.00681	0.00740	0.01165	0.01657	0.02148	0.05421	0.56602	0.18612	0.02493	0.01043	0.00325	0.00469	0.02228	0.00771	0.00681
23	0.02967	0.03332	0.02376	0.02072	0.02521	0.45109	0.01602	0.16330	0.05573	0.02802	0.01526	0.01708	0.01217	0.00946	0.00924	0.00236	0.06538	0.00616	0.00531	0.01074
24	0.01935	0.01426	0.01630	0.01368	0.01754	0.01478	0.01083	0.25493	0.02923	0.03991	0.36070	0.04699	0.09794	0.01456	0.00922	0.00258	0.00598	0.01227	0.00871	0.01023
25	0.76672	0.01607	0.01221	0.01092	0.01607	0.01864	0.00900	0.02442	0.01414	0.03727	0.01157	0.01350	0.00900	0.00771	0.00514	0.00257	0.00643	0.00450	0.00514	0.00900
26	0.01193	0.00864	0.01201	0.01201	0.01303	0.00966	0.00871	0.01397	0.01295	0.01829	0.02348	0.03942	0.02372	0.26400	0.47745	0.01170	0.01782	0.00989	0.00463	0.00667
27	0.03144	0.02745	0.02458	0.01970	0.02574	0.19208	0.01586	0.47593	0.03508	0.04415	0.01812	0.01867	0.01325	0.00961	0.00810	0.00240	0.01064	0.00693	0.00728	0.01298
28	0.01016	0.00848	0.00889	0.00894	0.01163	0.00721	0.00681	0.01249	0.01930	0.02341	0.12562	0.07931	0.57624	0.02083	0.00991	0.00285	0.00437	0.04862	0.00782	0.00711
29	0.01223	0.00898	0.01151	0.01079	0.01289	0.00851	0.00812	0.01718	0.05603	0.03339	0.61931	0.06042	0.07559	0.01668	0.00973	0.00262	0.00406	0.01473	0.00911	0.00812
30	0.03727	0.01414	0.01928	0.01478	0.02121	0.01221	0.01221	0.04049	0.02378	0.66198	0.03277	0.02828	0.02056	0.01028	0.00835	0.00257	0.00707	0.00835	0.01028	0.01414
31	0.01031	0.00817	0.00928	0.00955	0.01166	0.00714	0.00695	0.01267	0.01928	0.02456	0.20059	0.21238	0.39558	0.02124	0.00999	0.00289	0.00428	0.01831	0.00803	0.00714
32	0.15493	0.01992	0.02088	0.01641	0.02242	0.02178	0.01351	0.41905	0.03161	0.11117	0.02041	0.02057	0.01448	0.00960	0.00759	0.00247	0.00806	0.00709	0.06528	0.01277
33	0.01144	0.00917	0.01030	0.00989	0.01250	0.00840	0.00746	0.01592	0.06860	0.02779	0.31039	0.06893	0.37179	0.01864	0.00971	0.00273	0.00427	0.01589	0.00835	0.00782
34	0.02378	0.07976	0.03172	0.02300	0.02958	0.24530	0.20507	0.05561	0.02114	0.02521	0.01473	0.01790	0.01180	0.00750	0.00779	0.00214	0.01200	0.00668	0.00453	0.17478
35	0.01187	0.00890	0.01335	0.01335	0.01483	0.01038	0.01038	0.01483	0.01335	0.01928	0.02225	0.03264	0.02077	0.06231	0.67512	0.01335	0.02225	0.00890	0.00445	0.00742
36	0.09191	0.17335	0.33876	0.02008	0.02890	0.16548	0.02215	0.02735	0.01840	0.02469	0.01347	0.01576	0.01045	0.00787	0.00703	0.00235	0.01164	0.00547	0.00384	0.01106
37	0.05590	0.06104	0.08016	0.01995	0.07070	0.09986	0.04285	0.02562	0.01925	0.13752	0.08440	0.05650	0.07560	0.01205	0.01133	0.00271	0.11885	0.00922	0.00604	0.01044
38	0.01838	0.12493	0.10009	0.01540	0.01972	0.17959	0.01347	0.02122	0.01833	0.02112	0.03384	0.11867	0.15891	0.07962	0.01220	0.00307	0.03645	0.01097	0.00530	0.00872
39	0.02282	0.02324	0.04870	0.05169	0.10265	0.22115	0.01486	0.07882	0.06927	0.02861	0.01997	0.02269	0.01569	0.00904	0.00727	0.00225	0.00948	0.00697	0.23458	0.01026

[dist]
# distance from previous block
# <min> <max>
1	8

[block]
# block no. 1 follows, 22 sequences, length 15
# corresponding to MSA columns:
# 48-62
name=unknown_B
#
# <colnr> <probs for GDERKNQSTAVLIFYWHMCP>
#	G	D	E	R	K	N	Q	S	T	A	V	L	I	F	Y	W	H	M	C	P
0	0.01219	0.00828	0.01002	0.01042	0.01204	0.00786	0.00736	0.01445	0.01599	0.02323	0.03869	0.30076	0.09890	0.08847	0.09018	0.00445	0.00699	0.01530	0.17312	0.06129
1	0.02731	0.23468	0.02869	0.01752	0.02314	0.24676	0.01462	0.19723	0.02543	0.02995	0.01558	0.01714	0.01249	0.00861	0.00694	0.00211	0.01063	0.00587	0.06425	0.01106
2	0.01547	0.07553	0.48144	0.01971	0.02957	0.01737	0.02427	0.02302	0.01781	0.02504	0.03013	0.03119	0.15358	0.01077	0.00817	0.00262	0.01028	0.00857	0.00445	0.01101
3	0.02390	0.02003	0.02647	0.05993	0.25438	0.02128	0.01873	0.23497	0.13614	0.03686	0.02024	0.02203	0.01550	0.00892	0.00815	0.00246	0.00882	0.00760	0.00636	0.06723
4	0.01357	0.00757	0.01045	0.01045	0.01054	0.00766	0.00676	0.01144	0.01135	0.01523	0.01842	0.03442	0.01954	0.23421	0.07458	0.48829	0.00838	0.00877	0.00409	0.00427
5	0.02275	0.02389	0.03159	0.04480	0.52427	0.15680	0.02352	0.02710	0.01988	0.02572	0.01504	0.01939	0.01264	0.00764	0.00807	0.00240	0.01094	0.00697	0.00415	0.01242
6	0.01123	0.00838	0.01044	0.01012	0.01214	0.00758	0.00752	0.01459	0.02198	0.03014	0.48799	0.11616	0.19405	0.01853	0.00987	0.00271	0.00405	0.01621	0.00874	0.00758
7	0.01101	0.00852	0.01007	0.00984	0.01217	0.00758	0.00749	0.01413	0.02127	0.02810	0.37031	0.07165	0.32629	0.01909	0.00990	0.00277	0.00426	0.04965	0.00844	0.00747
8	0.03103	0.03959	0.02354	0.02140	0.02568	0.67469	0.01605	0.03317	0.02354	0.02033	0.01284	0.01498	0.01070	0.00856	0.00749	0.00214	0.01498	0.00535	0.00428	0.00963
9	0.01427	0.00789	0.00789	0.00789	0.01001	0.00759	0.00592	0.01776	0.01775	0.02914	0.03934	0.04147	0.15672	0.01211	0.00667	0.00212	0.00394	0.00984	0.59409	0.00759
10	0.01262	0.00938	0.01104	0.04453	0.01377	0.00965	0.00757	0.01611	0.08626	0.02020	0.03619	0.19085	0.09325	0.38166	0.02683	0.00569	0.00698	0.01452	0.00619	0.00673
11	0.05698	0.01283	0.01654	0.05249	0.06809	0.01287	0.01177	0.06662	0.07190	0.14182	0.31204	0.04373	0.07137	0.01337	0.00890	0.00262	0.00603	0.01147	0.00828	0.01030
12	0.07114	0.01206	0.01419	0.01272	0.01592	0.01303	0.01005	0.12266	0.01913	0.02973	0.02168	0.02746	0.01824	0.03214	0.29651	0.00697	0.01311	0.00775	0.18823	0.06726
13	0.02912	0.03295	0.02573	0.02666	0.14634	0.43619	0.01781	0.13554	0.02536	0.02722	0.01461	0.01691	0.01177	0.00859	0.00777	0.00226	0.01298	0.00611	0.00495	0.01109
14	0.02318	0.11361	0.15699	0.07183	0.12824	0.27941	0.02026	0.02758	0.02006	0.02271	0.01759	0.02024	0.04622	0.00873	0.00762	0.00233	0.01204	0.00654	0.00416	0.01068

[dist]
# distance from previous block
# <min> <max>
4	17

[block]
# block no. 2 follows, 22 sequences, length 63
# corresponding to MSA columns:
# 80-142
name=unknown_C
#
# <colnr> <probs for GDERKNQSTAVLIFYWHMCP>
#	G	D	E	R	K	N	Q	S	T	A	V	L	I	F	Y	W	H	M	C	P
0	0.02712	0.05659	0.02440	0.04530	0.08498	0.27075	0.01616	0.22267	0.02653	0.03171	0.01676	0.01938	0.01330	0.01324	0.06176	0.00319	0.01234	0.00665	0.03597	0.01120
1	0.17038	0.05263	0.10938	0.06218	0.08634	0.22761	0.01687	0.02582	0.01854	0.02524	0.01815	0.02128	0.04838	0.01366	0.06722	0.00340	0.01197	0.00660	0.00448	0.00987
2	0.02457	0.02750	0.02782	0.03320	0.28281	0.30926	0.05101	0.02756	0.02023	0.02288	0.01434	0.01863	0.01216	0.00994	0.01029	0.07437	0.01210	0.00660	0.00414	0.01058
3	0.02672	0.02802	0.08356	0.01933	0.02490	0.23134	0.01640	0.27804	0.02776	0.03410	0.01756	0.02022	0.01378	0.01798	0.11838	0.00419	0.01349	0.00690	0.00592	0.01139
4	0.26164	0.02213	0.15942	0.01545	0.02185	0.01842	0.01510	0.17242	0.02147	0.03652	0.01733	0.01975	0.01314	0.01199	0.04825	0.00314	0.00900	0.00635	0.11593	0.01071
5	0.02307	0.02252	0.15211	0.01666	0.02290	0.01888	0.01577	0.29534	0.05770	0.03917	0.02165	0.02422	0.01642	0.03884	0.00903	0.00263	0.00829	0.00756	0.19554	0.01170
6	0.32996	0.03979	0.01800	0.18054	0.02746	0.01872	0.01355	0.05567	0.11465	0.03265	0.07725	0.02331	0.01898	0.00939	0.00705	0.00263	0.00758	0.00713	0.00578	0.00990
7	0.03103	0.03959	0.02354	0.02140	0.02568	0.67469	0.01605	0.03317	0.02354	0.02033	0.01284	0.01498	0.01070	0.00856	0.00749	0.00214	0.01498	0.00535	0.00428	0.00963
8	0.01187	0.00890	0.01335	0.01335	0.01483	0.01038	0.01038	0.01483	0.01335	0.01928	0.02225	0.03264	0.02077	0.06231	0.67512	0.01335	0.02225	0.00890	0.00445	0.00742
9	0.01208	0.00805	0.00906	0.00906	0.00906	0.00805	0.00503	0.01208	0.01208	0.01611	0.02618	0.05436	0.03020	0.70804	0.04228	0.00805	0.00805	0.01208	0.00503	0.00503
10	0.01041	0.00844	0.00923	0.00903	0.01158	0.00726	0.00677	0.01306	0.02032	0.02574	0.25635	0.07452	0.47860	0.01981	0.00981	0.00275	0.00412	0.01677	0.00815	0.00726
11	0.02245	0.58861	0.06822	0.04868	0.02414	0.05870	0.01553	0.05261	0.01819	0.02145	0.01229	0.01432	0.01084	0.00739	0.00582	0.00191	0.00941	0.00484	0.00381	0.01077
12	0.01923	0.02391	0.12002	0.23339	0.16168	0.07847	0.19330	0.02531	0.01864	0.02447	0.01535	0.02065	0.01179	0.00773	0.00858	0.00265	0.01218	0.00772	0.00394	0.01098
13	0.01400	0.00865	0.01094	0.01140	0.01341	0.00777	0.00832	0.01611	0.01828	0.10931	0.08486	0.39369	0.19447	0.02205	0.01012	0.00311	0.00509	0.05236	0.00813	0.00792
14	0.02541	0.41411	0.06656	0.01752	0.02377	0.28532	0.01576	0.02822	0.01954	0.02019	0.01223	0.01419	0.01067	0.00772	0.00631	0.00196	0.01146	0.00488	0.00384	0.01034
15	0.01924	0.12746	0.18128	0.02290	0.11598	0.13612	0.01910	0.02393	0.01752	0.02236	0.01625	0.02122	0.01388	0.02337	0.19812	0.00546	0.01476	0.00672	0.00401	0.01031
16	0.01682	0.03417	0.43860	0.02187	0.06244	0.07278	0.02415	0.02415	0.01883	0.02600	0.08039	0.02906	0.09486	0.01034	0.00828	0.00260	0.01065	0.00832	0.00462	0.01106
17	0.02203	0.33191	0.26360	0.01912	0.02750	0.16082	0.02054	0.02711	0.01850	0.02215	0.01303	0.01519	0.01062	0.00769	0.00670	0.00216	0.01137	0.00524	0.00369	0.01103
18	0.01801	0.02651	0.27625	0.05411	0.15867	0.01753	0.02209	0.02753	0.12311	0.05325	0.05209	0.02948	0.08486	0.01023	0.00837	0.00265	0.00937	0.00866	0.00542	0.01181
19	0.01249	0.00903	0.01191	0.01338	0.01491	0.00884	0.01052	0.04052	0.01851	0.02425	0.04608	0.36434	0.08434	0.02367	0.01085	0.00351	0.00624	0.28142	0.00771	0.00748
20	0.05814	0.15667	0.02720	0.22965	0.03436	0.31790	0.01760	0.02746	0.01968	0.02124	0.01315	0.01686	0.01073	0.00817	0.00724	0.00229	0.01222	0.00578	0.00400	0.00967
21	0.01989	0.27745	0.34527	0.02279	0.08925	0.06485	0.02346	0.02615	0.01781	0.02363	0.01366	0.01618	0.01083	0.00761	0.00699	0.00228	0.01102	0.00561	0.00363	0.01163
22	0.01684	0.01721	0.02574	0.02120	0.02496	0.09768	0.19523	0.02075	0.01662	0.02176	0.02026	0.06817	0.01863	0.03407	0.31448	0.00762	0.05584	0.00955	0.00451	0.00888
23	0.01035	0.00757	0.00979	0.01147	0.01236	0.00701	0.00799	0.01207	0.01655	0.02166	0.05048	0.57485	0.12970	0.02515	0.01058	0.00334	0.00497	0.06955	0.00771	0.00685
24	0.01266	0.00921	0.01148	0.01178	0.01342	0.00891	0.00845	0.07165	0.02062	0.02797	0.23224	0.40741	0.08959	0.02145	0.01010	0.00303	0.00492	0.01911	0.00821	0.00780
25	0.02305	0.02631	0.03572	0.07259	0.21401	0.21451	0.23921	0.02793	0.02041	0.02459	0.01518	0.01966	0.01211	0.00765	0.00858	0.00251	0.01295	0.00766	0.00417	0.01118
26	0.01036	0.00831	0.00932	0.00984	0.01206	0.00727	0.00739	0.01262	0.01866	0.02313	0.10806	0.19879	0.44210	0.02193	0.01013	0.00300	0.00465	0.07750	0.00780	0.00708
27	0.03123	0.03370	0.02404	0.02058	0.02571	0.44058	0.01596	0.24795	0.02914	0.03188	0.01540	0.01677	0.01194	0.00907	0.00779	0.00227	0.01287	0.00612	0.00573	0.01125
28	0.06650	0.05421	0.02112	0.01758	0.02210	0.35099	0.01368	0.16130	0.02511	0.03021	0.01690	0.01886	0.01330	0.00898	0.00716	0.00219	0.01098	0.00618	0.14237	0.01028
29	0.02524	0.02918	0.02637	0.02260	0.02731	0.37574	0.13163	0.06240	0.02276	0.02428	0.02045	0.03297	0.01894	0.01132	0.00880	0.00263	0.01295	0.12947	0.00519	0.00978
30	0.01306	0.01262	0.01370	0.01244	0.01549	0.06485	0.04521	0.01545	0.01856	0.02244	0.06225	0.13276	0.42625	0.01862	0.01063	0.00279	0.04863	0.01551	0.00684	0.04191
31	0.02021	0.16612	0.41387	0.02065	0.03081	0.02261	0.02422	0.12550	0.02096	0.02936	0.01510	0.01712	0.01122	0.00802	0.00740	0.00239	0.01086	0.00599	0.00437	0.04323
32	0.25568	0.03099	0.30741	0.01847	0.02659	0.09436	0.01998	0.07123	0.01847	0.03050	0.01398	0.01650	0.01051	0.00903	0.00813	0.03705	0.01028	0.00568	0.00448	0.01068
33	0.03103	0.03959	0.02354	0.02140	0.02568	0.67469	0.01605	0.03317	0.02354	0.02033	0.01284	0.01498	0.01070	0.00856	0.00749	0.00214	0.01498	0.00535	0.00428	0.00963
34	0.01189	0.00882	0.01297	0.01297	0.01432	0.01017	0.00990	0.01459	0.01324	0.01900	0.02260	0.03459	0.02162	0.12030	0.61828	0.01288	0.02098	0.00919	0.00450	0.00720
35	0.00984	0.00834	0.00849	0.00861	0.01127	0.00700	0.00640	0.01190	0.01875	0.02237	0.08177	0.11863	0.61570	0.02135	0.00987	0.00284	0.00425	0.01791	0.00771	0.00700
36	0.01032	0.00731	0.00958	0.01131	0.01174	0.00688	0.00743	0.01162	0.01551	0.02068	0.04376	0.63549	0.05238	0.09665	0.01388	0.00386	0.00515	0.02242	0.00743	0.00657
37	0.01113	0.00883	0.01005	0.00968	0.01218	0.00794	0.00728	0.01492	0.04616	0.02786	0.33879	0.06988	0.36775	0.01881	0.00975	0.00272	0.00417	0.01607	0.00839	0.00763
38	0.03103	0.03959	0.02354	0.02140	0.02568	0.67469	0.01605	0.03317	0.02354	0.02033	0.01284	0.01498	0.01070	0.00856	0.00749	0.00214	0.01498	0.00535	0.00428	0.00963
39	0.01645	0.01554	0.02628	0.58909	0.15029	0.01866	0.02345	0.02189	0.01697	0.02214	0.01490	0.02190	0.01140	0.00817	0.00829	0.00272	0.01089	0.00739	0.00376	0.00984
40	0.02504	0.01991	0.01995	0.01568	0.02186	0.09419	0.01254	0.19927	0.07746	0.09486	0.02005	0.02074	0.01504	0.00855	0.00731	0.00200	0.00804	0.00657	0.04965	0.28129
41	0.03103	0.03959	0.02354	0.02140	0.02568	0.67469	0.01605	0.03317	0.02354	0.02033	0.01284	0.01498	0.01070	0.00856	0.00749	0.00214	0.01498	0.00535	0.00428	0.00963
42	0.02346	0.02267	0.02014	0.01797	0.02270	0.15634	0.01391	0.07679	0.47738	0.03282	0.02864	0.02702	0.02165	0.01063	0.00825	0.00266	0.00847	0.00844	0.00758	0.01248
43	0.01062	0.00744	0.00949	0.01093	0.01129	0.00708	0.00704	0.01170	0.01494	0.01992	0.04083	0.53884	0.04869	0.19834	0.01861	0.00456	0.00564	0.02070	0.00704	0.00631
44	0.02680	0.01866	0.01983	0.01574	0.02099	0.02041	0.01283	0.44772	0.03264	0.04601	0.02207	0.02322	0.01625	0.00989	0.00757	0.00233	0.00758	0.00756	0.22968	0.01223
45	0.01015	0.00836	0.00893	0.00893	0.01146	0.00713	0.00664	0.01252	0.01951	0.02415	0.17498	0.11278	0.52437	0.02066	0.00986	0.00281	0.00420	0.01747	0.00795	0.00713
46	0.02056	0.01974	0.03372	0.05099	0.65622	0.01974	0.02550	0.02550	0.01892	0.02714	0.01563	0.02056	0.01316	0.00740	0.00822	0.00247	0.00987	0.00740	0.00411	0.01316
47	0.02914	0.09832	0.02475	0.02029	0.02467	0.57889	0.01556	0.03137	0.02236	0.02020	0.01327	0.01585	0.01128	0.01152	0.04564	0.00275	0.01485	0.00547	0.00422	0.00960
48	0.01034	0.00843	0.00919	0.00930	0.01180	0.00727	0.00703	0.01279	0.01948	0.02419	0.16751	0.11330	0.49529	0.02080	0.00995	0.00287	0.00440	0.05096	0.00793	0.00716
49	0.01549	0.00774	0.00774	0.00774	0.00968	0.00774	0.00581	0.01936	0.01742	0.03097	0.02710	0.03097	0.02129	0.00968	0.00581	0.00194	0.00387	0.00774	0.75416	0.00774
50	0.02311	0.67128	0.04208	0.01425	0.02132	0.03164	0.01409	0.02581	0.01729	0.05794	0.01282	0.01422	0.01125	0.00730	0.00551	0.00182	0.00878	0.00468	0.00396	0.01087
51	0.02221	0.71304	0.04353	0.01421	0.02132	0.03287	0.01421	0.02488	0.01688	0.01955	0.01155	0.01333	0.01066	0.00711	0.00533	0.00178	0.00888	0.00444	0.00355	0.01066
52	0.01208	0.00805	0.00906	0.00906	0.00906	0.00805	0.00503	0.01208	0.01208	0.01611	0.02618	0.05436	0.03020	0.70804	0.04228	0.00805	0.00805	0.01208	0.00503	0.00503
53	0.01036	0.00859	0.00917	0.00946	0.01213	0.00740	0.00739	0.01273	0.01896	0.02281	0.07805	0.08204	0.56086	0.02133	0.01007	0.00296	0.00473	0.10614	0.00770	0.00711
54	0.01154	0.00812	0.01065	0.01216	0.01297	0.00788	0.00885	0.01339	0.01606	0.02121	0.04100	0.37788	0.04744	0.17243	0.01771	0.00452	0.00638	0.19605	0.00711	0.00665
55	0.01972	0.02119	0.02164	0.12515	0.02667	0.20230	0.01630	0.02252	0.01654	0.02010	0.01505	0.02172	0.01348	0.02447	0.18957	0.00564	0.21790	0.00718	0.00404	0.00882
56	0.21249	0.06050	0.15380	0.05004	0.14027	0.01760	0.01763	0.02258	0.01637	0.02779	0.05151	0.02239	0.01644	0.01860	0.13426	0.00458	0.01148	0.00693	0.00456	0.01019
57	0.02278	0.09897	0.03026	0.07214	0.32473	0.19645	0.02059	0.02651	0.01925	0.02346	0.01442	0.01876	0.01231	0.01041	0.03672	0.00284	0.04748	0.00659	0.00406	0.01127
58	0.02259	0.06014	0.13130	0.02186	0.05061	0.21780	0.01887	0.05726	0.01886	0.02377	0.01381	0.01785	0.01165	0.01049	0.01407	0.00273	0.24080	0.00642	0.04892	0.01020
59	0.01737	0.02900	0.30754	0.02745	0.08769	0.01807	0.20582	0.02469	0.01845	0.02624	0.02070	0.02795	0.04057	0.00923	0.00876	0.00269	0.01152	0.05586	0.00436	0.05605
60	0.01337	0.15429	0.01711	0.01100	0.01417	0.01282	0.00904	0.01637	0.02015	0.02621	0.28953	0.09706	0.22221	0.01695	0.00902	0.00261	0.00529	0.04726	0.00742	0.00812
61	0.01775	0.02025	0.13989	0.01541	0.02207	0.01518	0.01441	0.08720	0.14224	0.03002	0.03174	0.06062	0.12102	0.01118	0.00795	0.00229	0.00733	0.00917	0.00627	0.23799
62	0.02249	0.11704	0.18822	0.01980	0.02730	0.05008	0.04861	0.15677	0.22142	0.03328	0.02156	0.02192	0.01613	0.00928	0.00790	0.00254	0.00956	0.00738	0.00615	0.01257

[dist]
# distance from previous block
# <min> <max>
11	53

[block]
# block no. 3 follows, 22 sequences, length 29
# corresponding to MSA columns:
# 197-225
name=unknown_D
#
# <colnr> <probs for GDERKNQSTAVLIFYWHMCP>
#	G	D	E	R	K	N	Q	S	T	A	V	L	I	F	Y	W	H	M	C	P
0	0.09108	0.02531	0.17909	0.15184	0.13667	0.06257	0.02212	0.07088	0.01850	0.02709	0.01426	0.01865	0.01127	0.00920	0.01104	0.00275	0.12580	0.00667	0.00424	0.01097
1	0.01901	0.02676	0.20031	0.15376	0.03413	0.11586	0.07338	0.04660	0.04473	0.02519	0.05314	0.06548	0.01828	0.01052	0.01025	0.00275	0.07629	0.00849	0.00469	0.01038
2	0.16295	0.09526	0.02407	0.01831	0.04851	0.15167	0.03898	0.18394	0.02406	0.05741	0.01808	0.01939	0.03480	0.00879	0.00716	0.00227	0.00947	0.00643	0.00582	0.08264
3	0.01172	0.00826	0.01068	0.01103	0.01189	0.00836	0.00764	0.01353	0.01553	0.02132	0.14292	0.16807	0.04246	0.28744	0.15811	0.00706	0.00961	0.05159	0.00630	0.00650
4	0.01405	0.06462	0.01406	0.01143	0.01357	0.01193	0.00839	0.06436	0.03804	0.02230	0.03777	0.11076	0.15483	0.25022	0.14149	0.00639	0.00966	0.01266	0.00600	0.00748
5	0.01012	0.00723	0.00964	0.01157	0.01205	0.00675	0.00771	0.01157	0.01591	0.02121	0.04579	0.70262	0.05495	0.02603	0.01060	0.00337	0.00482	0.02362	0.00771	0.00675
6	0.02724	0.02108	0.02745	0.02117	0.02766	0.02258	0.12729	0.33111	0.17753	0.09265	0.02370	0.02370	0.01704	0.00976	0.00862	0.00263	0.00926	0.00843	0.00775	0.01336
7	0.02757	0.03468	0.06480	0.02370	0.08595	0.47301	0.01746	0.03363	0.11455	0.02351	0.01636	0.01806	0.01310	0.00881	0.00773	0.00230	0.01307	0.00620	0.00484	0.01066
8	0.03106	0.03875	0.02361	0.02128	0.02569	0.64108	0.01604	0.06401	0.02435	0.02199	0.01321	0.01524	0.01088	0.00863	0.00753	0.00216	0.01468	0.00546	0.00449	0.00986
9	0.01964	0.01787	0.01746	0.01598	0.02020	0.06881	0.01229	0.03783	0.48817	0.03149	0.03876	0.06964	0.09999	0.01297	0.00865	0.00279	0.00685	0.01077	0.00801	0.01183
10	0.02953	0.15991	0.02754	0.01955	0.02490	0.40788	0.01565	0.16796	0.02587	0.02752	0.01423	0.01581	0.01148	0.00862	0.00728	0.00215	0.01252	0.00567	0.00507	0.01085
11	0.02356	0.02034	0.02034	0.01764	0.02271	0.06350	0.01387	0.16279	0.47876	0.03743	0.02964	0.02771	0.02213	0.01083	0.00836	0.00271	0.00764	0.00874	0.00816	0.01312
12	0.01242	0.00948	0.01345	0.01316	0.01422	0.01112	0.00992	0.01469	0.01304	0.01869	0.02214	0.03591	0.02190	0.19033	0.49357	0.01148	0.07350	0.00942	0.00450	0.00707
13	0.01069	0.00845	0.00962	0.00933	0.01175	0.00738	0.00699	0.01360	0.02098	0.02731	0.33818	0.07194	0.39580	0.01922	0.00981	0.00272	0.00408	0.01641	0.00835	0.00738
14	0.01012	0.00723	0.00964	0.01157	0.01205	0.00675	0.00771	0.01157	0.01591	0.02121	0.04579	0.70262	0.05495	0.02603	0.01060	0.00337	0.00482	0.02362	0.00771	0.00675
15	0.01943	0.01858	0.03167	0.19913	0.51693	0.01944	0.02493	0.02450	0.01838	0.02576	0.01543	0.02093	0.01267	0.00761	0.00824	0.00254	0.01015	0.00740	0.00401	0.01225
16	0.01569	0.01477	0.02492	0.68808	0.05722	0.01846	0.02307	0.02123	0.01661	0.02123	0.01477	0.02215	0.01107	0.00831	0.00831	0.00277	0.01107	0.00738	0.00369	0.00923
17	0.01025	0.00733	0.00976	0.01148	0.01208	0.00684	0.00772	0.01190	0.01652	0.02218	0.09472	0.65090	0.05684	0.02530	0.01054	0.00331	0.00475	0.02292	0.00783	0.00684
18	0.03103	0.03959	0.02354	0.02140	0.02568	0.67469	0.01605	0.03317	0.02354	0.02033	0.01284	0.01498	0.01070	0.00856	0.00749	0.00214	0.01498	0.00535	0.00428	0.00963
19	0.01021	0.00843	0.00896	0.00883	0.01146	0.00718	0.00662	0.01269	0.01987	0.02466	0.20009	0.07629	0.53553	0.02021	0.00981	0.00277	0.00415	0.01702	0.00801	0.00718
20	0.02029	0.02135	0.07747	0.04910	0.61323	0.01971	0.02586	0.02555	0.01882	0.02708	0.01558	0.02035	0.01298	0.00744	0.00820	0.00248	0.01004	0.00731	0.00407	0.01310
21	0.01187	0.00890	0.01335	0.01335	0.01483	0.01038	0.01038	0.01483	0.01335	0.01928	0.02225	0.03264	0.02077	0.06231	0.67512	0.01335	0.02225	0.00890	0.00445	0.00742
22	0.01831	0.07163	0.36319	0.02914	0.08083	0.02071	0.24501	0.02628	0.01835	0.02610	0.01546	0.01928	0.01147	0.00749	0.00846	0.00263	0.01255	0.00746	0.00380	0.01186
23	0.02123	0.63208	0.07126	0.01461	0.02157	0.03066	0.01474	0.02425	0.01667	0.01985	0.01245	0.01487	0.01135	0.01097	0.05188	0.00262	0.00997	0.00483	0.00361	0.01051
24	0.02720	0.01189	0.01591	0.01304	0.01771	0.01042	0.01043	0.03049	0.02313	0.41673	0.21924	0.06893	0.07121	0.01347	0.00895	0.00263	0.00590	0.01143	0.00971	0.01160
25	0.01312	0.01352	0.08563	0.01583	0.06323	0.01095	0.01235	0.01812	0.04887	0.02741	0.28149	0.11918	0.07659	0.02546	0.14538	0.00490	0.00927	0.01304	0.00693	0.00873
26	0.01983	0.02023	0.03242	0.15805	0.32858	0.07565	0.13389	0.02492	0.01904	0.02520	0.01774	0.02661	0.01526	0.00885	0.00873	0.00266	0.01111	0.05553	0.00435	0.01134
27	0.01181	0.00905	0.01119	0.01225	0.01456	0.00843	0.01025	0.01487	0.01904	0.02379	0.06178	0.08761	0.31577	0.02210	0.01074	0.00337	0.00613	0.34221	0.00768	0.00737
28	0.06003	0.18043	0.49937	0.02100	0.03180	0.02207	0.02605	0.02591	0.01721	0.02552	0.01402	0.01644	0.01047	0.00772	0.00721	0.00245	0.01124	0.00569	0.00361	0.01176

[dist]
# distance from previous block
# <min> <max>
0	2

[block]
# block no. 4 follows, 22 sequences, length 155
# corresponding to MSA columns:
# 228-382
name=unknown_E
#
# <colnr> <probs for GDERKNQSTAVLIFYWHMCP>
#	G	D	E	R	K	N	Q	S	T	A	V	L	I	F	Y	W	H	M	C	P
0	0.01188	0.00886	0.01316	0.01316	0.01457	0.01028	0.01014	0.01471	0.01329	0.01914	0.02243	0.03363	0.02120	0.09175	0.64627	0.01311	0.02160	0.00905	0.00448	0.00731
1	0.02586	0.02810	0.03074	0.02447	0.02986	0.26986	0.18817	0.14866	0.02408	0.02845	0.01562	0.01916	0.01239	0.01135	0.03978	0.00303	0.07720	0.00737	0.00501	0.01083
2	0.02271	0.02392	0.03153	0.04216	0.45969	0.15673	0.05242	0.02817	0.05383	0.02611	0.01609	0.02005	0.01328	0.00784	0.00816	0.00243	0.01096	0.00720	0.00439	0.01232
3	0.01154	0.00802	0.00948	0.00981	0.01025	0.00795	0.00606	0.01222	0.01341	0.01778	0.03396	0.16614	0.08460	0.47850	0.08901	0.00728	0.00841	0.01424	0.00566	0.00570
4	0.01030	0.00800	0.00938	0.00995	0.01175	0.00707	0.00711	0.01251	0.01871	0.02407	0.17874	0.30364	0.32490	0.02208	0.01010	0.00298	0.00438	0.01927	0.00799	0.00707
5	0.01960	0.01865	0.03118	0.17539	0.50382	0.01953	0.02436	0.02564	0.05154	0.02637	0.01642	0.02143	0.01339	0.00779	0.00825	0.00255	0.00993	0.00750	0.00426	0.01238
6	0.01980	0.13617	0.44729	0.02164	0.03159	0.11859	0.02525	0.02807	0.05149	0.02491	0.01513	0.01728	0.01136	0.00806	0.00750	0.00245	0.01189	0.00595	0.00389	0.01170
7	0.03041	0.03537	0.02342	0.02067	0.02529	0.52758	0.01579	0.14445	0.02608	0.02632	0.01453	0.01658	0.01173	0.01085	0.03284	0.00263	0.01416	0.00588	0.00504	0.01039
8	0.02771	0.06357	0.02703	0.02827	0.19361	0.34237	0.01823	0.05698	0.02210	0.08347	0.01560	0.01802	0.01244	0.00872	0.00875	0.00234	0.04834	0.00633	0.00490	0.01122
9	0.01198	0.00801	0.00909	0.00919	0.00922	0.00798	0.00518	0.01205	0.01228	0.01638	0.02722	0.08882	0.03152	0.67179	0.04060	0.00781	0.00788	0.01269	0.00518	0.00512
10	0.02274	0.67244	0.04233	0.01465	0.02158	0.07156	0.01433	0.02538	0.01728	0.01959	0.01163	0.01343	0.01066	0.00719	0.00546	0.00180	0.00925	0.00450	0.00360	0.01060
11	0.00999	0.00776	0.00910	0.01017	0.01168	0.00687	0.00709	0.01172	0.01725	0.02175	0.06280	0.42653	0.32006	0.02382	0.01026	0.00312	0.00455	0.02092	0.00771	0.00687
12	0.01030	0.00843	0.00909	0.00892	0.01152	0.00722	0.00669	0.01286	0.02008	0.02516	0.22609	0.07548	0.50922	0.02003	0.00981	0.00276	0.00414	0.01691	0.00807	0.00722
13	0.06720	0.01625	0.02023	0.01558	0.02200	0.01549	0.01287	0.17037	0.02676	0.49989	0.02902	0.02579	0.01864	0.01010	0.00821	0.00255	0.00750	0.00800	0.00962	0.01392
14	0.01026	0.00835	0.00854	0.00854	0.01080	0.00721	0.00606	0.01195	0.01761	0.02122	0.07293	0.07500	0.53228	0.15407	0.01611	0.00382	0.00495	0.01648	0.00720	0.00663
15	0.01666	0.04297	0.66500	0.02368	0.03596	0.01929	0.03069	0.02631	0.01754	0.02631	0.01491	0.01754	0.01052	0.00789	0.00789	0.00263	0.01228	0.00614	0.00351	0.01228
16	0.01117	0.00847	0.01029	0.00983	0.01205	0.00759	0.00737	0.01454	0.02212	0.03001	0.47943	0.06749	0.25286	0.01822	0.00980	0.00267	0.00401	0.01579	0.00871	0.00759
17	0.06333	0.15545	0.02596	0.01709	0.02312	0.05712	0.01430	0.27139	0.19027	0.06735	0.02179	0.02139	0.01628	0.00959	0.00758	0.00243	0.00848	0.00718	0.00716	0.01272
18	0.02848	0.02549	0.02277	0.01891	0.02435	0.18106	0.01500	0.35121	0.14072	0.03998	0.02193	0.05365	0.01726	0.01064	0.00825	0.00251	0.00989	0.00808	0.00733	0.01251
19	0.02356	0.01306	0.01650	0.01306	0.01855	0.01109	0.01039	0.02788	0.04884	0.26922	0.14617	0.06706	0.03095	0.01108	0.00803	0.00219	0.00602	0.00935	0.00807	0.25893
20	0.01775	0.17411	0.54337	0.02183	0.03309	0.02195	0.02747	0.02603	0.01741	0.02499	0.01425	0.01671	0.01055	0.00774	0.00739	0.00246	0.01161	0.00581	0.00352	0.01196
21	0.01785	0.10551	0.57706	0.02269	0.03411	0.05100	0.02847	0.02649	0.01776	0.02540	0.01450	0.01703	0.01054	0.00785	0.00763	0.00253	0.01209	0.00594	0.00355	0.01200
22	0.01281	0.00902	0.00969	0.00919	0.01233	0.00760	0.00701	0.01512	0.01967	0.09041	0.10614	0.07364	0.55844	0.01971	0.00966	0.00277	0.00450	0.01644	0.00805	0.00780
23	0.02905	0.07722	0.02327	0.01969	0.02392	0.57368	0.01498	0.03138	0.02257	0.02128	0.01410	0.01638	0.01169	0.00858	0.00720	0.00210	0.01358	0.00552	0.07431	0.00952
24	0.01611	0.01147	0.01344	0.01299	0.01580	0.01170	0.01041	0.13856	0.02235	0.03042	0.07128	0.14605	0.14469	0.02028	0.04261	0.00348	0.00700	0.16243	0.11020	0.00873
25	0.01600	0.01004	0.01179	0.01067	0.01400	0.00902	0.00824	0.02013	0.05867	0.14187	0.23854	0.06241	0.33215	0.01732	0.00947	0.00271	0.00478	0.01465	0.00864	0.00891
26	0.03172	0.01340	0.01741	0.01372	0.01946	0.01176	0.01121	0.05889	0.02346	0.51332	0.04220	0.03794	0.14274	0.01235	0.00864	0.00261	0.00660	0.01010	0.00970	0.01276
27	0.02179	0.01954	0.01879	0.01719	0.02093	0.13111	0.01380	0.17301	0.11996	0.03167	0.03166	0.10092	0.05672	0.01528	0.01010	0.00296	0.03967	0.15732	0.00718	0.01038
28	0.02056	0.01974	0.03372	0.05099	0.65622	0.01974	0.02550	0.02550	0.01892	0.02714	0.01563	0.02056	0.01316	0.00740	0.00822	0.00247	0.00987	0.00740	0.00411	0.01316
29	0.01165	0.00808	0.01013	0.01050	0.01092	0.00832	0.00674	0.01259	0.01310	0.01780	0.02910	0.17506	0.03290	0.43260	0.17667	0.00832	0.01058	0.01361	0.00542	0.00589
30	0.02221	0.71304	0.04353	0.01421	0.02132	0.03287	0.01421	0.02488	0.01688	0.01955	0.01155	0.01333	0.01066	0.00711	0.00533	0.00178	0.00888	0.00444	0.00355	0.01066
31	0.01549	0.00774	0.00774	0.00774	0.00968	0.00774	0.00581	0.01936	0.01742	0.03097	0.02710	0.03097	0.02129	0.00968	0.00581	0.00194	0.00387	0.00774	0.75416	0.00774
32	0.02221	0.71304	0.04353	0.01421	0.02132	0.03287	0.01421	0.02488	0.01688	0.01955	0.01155	0.01333	0.01066	0.00711	0.00533	0.00178	0.00888	0.00444	0.00355	0.01066
33	0.00982	0.00842	0.00842	0.00842	0.01122	0.00701	0.00631	0.01192	0.01894	0.02244	0.08416	0.07995	0.65285	0.02104	0.00982	0.00281	0.00421	0.01753	0.00771	0.00701
34	0.00982	0.00842	0.00842	0.00842	0.01122	0.00701	0.00631	0.01192	0.01894	0.02244	0.08416	0.07995	0.65285	0.02104	0.00982	0.00281	0.00421	0.01753	0.00771	0.00701
35	0.01216	0.00835	0.01058	0.01058	0.01121	0.00890	0.00704	0.01342	0.01279	0.01794	0.02477	0.04532	0.02633	0.43908	0.27353	0.00973	0.01309	0.01072	0.03843	0.00603
36	0.01189	0.00801	0.00931	0.00949	0.00960	0.00803	0.00552	0.01215	0.01250	0.01673	0.02785	0.11440	0.03211	0.61521	0.06739	0.00785	0.00838	0.01303	0.00526	0.00530
37	0.02833	0.24702	0.02979	0.01907	0.02434	0.44464	0.01547	0.05960	0.02224	0.02165	0.01279	0.01471	0.01086	0.00818	0.00686	0.00205	0.01281	0.00517	0.00425	0.01017
38	0.01242	0.00912	0.01287	0.01553	0.04625	0.00892	0.01169	0.01534	0.01782	0.02350	0.04333	0.33532	0.04900	0.02343	0.01097	0.00358	0.00662	0.33923	0.00750	0.00755
39	0.02323	0.02385	0.02709	0.09511	0.29220	0.17676	0.02009	0.06341	0.14141	0.02781	0.01864	0.02136	0.01479	0.00865	0.00811	0.00249	0.01053	0.00730	0.00518	0.01200
40	0.02234	0.02307	0.02996	0.04070	0.44514	0.13892	0.02217	0.02841	0.08036	0.02626	0.01664	0.02044	0.01379	0.00838	0.00915	0.00251	0.04770	0.00722	0.00454	0.01230
41	0.02789	0.01985	0.02140	0.01684	0.02269	0.02155	0.01374	0.43601	0.09174	0.07188	0.02252	0.02271	0.01635	0.00988	0.00788	0.00239	0.00795	0.00761	0.10983	0.04927
42	0.01208	0.00805	0.00906	0.00906	0.00906	0.00805	0.00503	0.01208	0.01208	0.01611	0.02618	0.05436	0.03020	0.70804	0.04228	0.00805	0.00805	0.01208	0.00503	0.00503
43	0.02100	0.01218	0.01466	0.01276	0.01656	0.01188	0.00984	0.02845	0.15908	0.21519	0.19900	0.04690	0.12138	0.07886	0.01211	0.00318	0.00586	0.01187	0.00875	0.01050
44	0.02704	0.02222	0.03114	0.02324	0.03014	0.02341	0.19168	0.42121	0.03259	0.04388	0.05348	0.02295	0.01719	0.00950	0.00882	0.00259	0.01026	0.00856	0.00717	0.01294
45	0.01060	0.00757	0.01019	0.01211	0.01280	0.00716	0.00854	0.01239	0.01637	0.02174	0.04552	0.61388	0.05391	0.02558	0.01073	0.00344	0.00523	0.10767	0.00770	0.00688
46	0.01919	0.01834	0.03125	0.22987	0.48803	0.01938	0.02481	0.02430	0.01827	0.02548	0.01538	0.02101	0.01257	0.00766	0.00825	0.00255	0.01021	0.00740	0.00399	0.01206
47	0.01989	0.01905	0.03251	0.13866	0.57379	0.01956	0.02516	0.02491	0.01860	0.02633	0.01551	0.02078	0.01287	0.00753	0.00824	0.00251	0.01004	0.00740	0.00405	0.01262
48	0.03139	0.02246	0.02429	0.01875	0.02529	0.02470	0.01545	0.56474	0.06733	0.08825	0.02139	0.02098	0.01506	0.01005	0.00832	0.00251	0.00889	0.00762	0.00844	0.01408
49	0.02221	0.71304	0.04353	0.01421	0.02132	0.03287	0.01421	0.02488	0.01688	0.01955	0.01155	0.01333	0.01066	0.00711	0.00533	0.00178	0.00888	0.00444	0.00355	0.01066
50	0.01048	0.00844	0.00934	0.00911	0.01163	0.00730	0.00684	0.01321	0.02051	0.02617	0.27899	0.07381	0.45569	0.01965	0.00981	0.00274	0.00411	0.01667	0.00821	0.00730
51	0.01961	0.02241	0.04902	0.03501	0.04342	0.02101	0.62605	0.02661	0.01961	0.02661	0.01681	0.02241	0.01261	0.00700	0.00980	0.00280	0.01401	0.00980	0.00420	0.01120
52	0.21010	0.02438	0.01980	0.01703	0.02199	0.20755	0.01346	0.20061	0.08262	0.03493	0.01735	0.01909	0.01352	0.01374	0.06600	0.00340	0.01105	0.00644	0.00605	0.01089
53	0.03727	0.01414	0.01928	0.01478	0.02121	0.01221	0.01221	0.04049	0.02378	0.66198	0.03277	0.02828	0.02056	0.01028	0.00835	0.00257	0.00707	0.00835	0.01028	0.01414
54	0.01000	0.00772	0.00913	0.01026	0.01171	0.00686	0.00713	0.01171	0.01716	0.02172	0.06174	0.44378	0.30349	0.02395	0.01028	0.00314	0.00457	0.02109	0.00771	0.00686
55	0.02169	0.65043	0.10161	0.01510	0.02269	0.03160	0.01575	0.02501	0.01694	0.02018	0.01186	0.01372	0.01065	0.00718	0.00557	0.00186	0.00920	0.00460	0.00355	0.01081
56	0.01894	0.01808	0.03079	0.26317	0.45673	0.01931	0.02469	0.02407	0.01815	0.02517	0.01534	0.02109	0.01246	0.00770	0.00825	0.00257	0.01027	0.00740	0.00397	0.01185
57	0.76672	0.01607	0.01221	0.01092	0.01607	0.01864	0.00900	0.02442	0.01414	0.03727	0.01157	0.01350	0.00900	0.00771	0.00514	0.00257	0.00643	0.00450	0.00514	0.00900
58	0.01015	0.00826	0.00861	0.00878	0.01101	0.00713	0.00627	0.01191	0.01775	0.02149	0.07303	0.13208	0.51680	0.11277	0.01420	0.00355	0.00477	0.01735	0.00736	0.00673
59	0.01208	0.00805	0.00906	0.00906	0.00906	0.00805	0.00503	0.01208	0.01208	0.01611	0.02618	0.05436	0.03020	0.70804	0.04228	0.00805	0.00805	0.01208	0.00503	0.00503
60	0.01208	0.00805	0.00906	0.00906	0.00906	0.00805	0.00503	0.01208	0.01208	0.01611	0.02618	0.05436	0.03020	0.70804	0.04228	0.00805	0.00805	0.01208	0.00503	0.00503
61	0.01666	0.04297	0.66500	0.02368	0.03596	0.01929	0.03069	0.02631	0.01754	0.02631	0.01491	0.01754	0.01052	0.00789	0.00789	0.00263	0.01228	0.00614	0.00351	0.01228
62	0.00995	0.00836	0.00864	0.00869	0.01133	0.00705	0.00647	0.01213	0.01906	0.02304	0.11652	0.10906	0.58924	0.02104	0.00986	0.00282	0.00422	0.01768	0.00780	0.00705
63	0.03158	0.02327	0.02493	0.01911	0.02576	0.02576	0.01579	0.62852	0.03906	0.05236	0.01995	0.01995	0.01413	0.00997	0.00831	0.00249	0.00914	0.00748	0.00831	0.01413
64	0.03158	0.02327	0.02493	0.01911	0.02576	0.02576	0.01579	0.62852	0.03906	0.05236	0.01995	0.01995	0.01413	0.00997	0.00831	0.00249	0.00914	0.00748	0.00831	0.01413
65	0.01206	0.00912	0.01115	0.01109	0.01313	0.00797	0.00760	0.01376	0.01561	0.02158	0.03701	0.39390	0.07045	0.15343	0.01571	0.00378	0.00571	0.01693	0.00657	0.17343
66	0.02288	0.02297	0.01837	0.01662	0.02091	0.23266	0.01273	0.03410	0.28392	0.06181	0.03661	0.03506	0.14179	0.01222	0.00840	0.00258	0.00891	0.00958	0.00704	0.01086
67	0.02057	0.01671	0.02064	0.02208	0.14277	0.01798	0.01462	0.11559	0.22923	0.06647	0.03821	0.03743	0.15969	0.01262	0.00969	0.00273	0.04356	0.01037	0.00727	0.01177
68	0.20088	0.01198	0.01245	0.01132	0.01530	0.01158	0.00870	0.02052	0.04826	0.08668	0.04020	0.18532	0.17666	0.01518	0.00809	0.00262	0.00556	0.01255	0.00694	0.11921
69	0.02799	0.02652	0.02258	0.01912	0.02443	0.22125	0.01504	0.26418	0.22345	0.03710	0.02214	0.02191	0.01661	0.00995	0.00811	0.00249	0.01011	0.00743	0.00713	0.01245
70	0.01863	0.16715	0.40116	0.02034	0.02993	0.02223	0.02361	0.02999	0.15590	0.02687	0.01846	0.01971	0.01384	0.00849	0.00752	0.00251	0.01035	0.00653	0.00461	0.01216
71	0.02349	0.52459	0.07289	0.01593	0.02293	0.08821	0.01538	0.08161	0.04549	0.02361	0.01354	0.01504	0.01158	0.00771	0.00606	0.00196	0.00954	0.00510	0.00425	0.01108
72	0.02016	0.01490	0.01715	0.01512	0.01849	0.01648	0.01172	0.16907	0.15998	0.06575	0.03069	0.09151	0.05565	0.13035	0.07349	0.00463	0.04998	0.03740	0.00719	0.01031
73	0.01853	0.02573	0.17888	0.02862	0.03542	0.02193	0.31535	0.02460	0.01713	0.02460	0.01465	0.02008	0.01164	0.00941	0.01451	0.00301	0.21296	0.00825	0.00388	0.01082
74	0.01242	0.00940	0.01381	0.01359	0.01501	0.01116	0.01063	0.01536	0.01351	0.01989	0.02180	0.03168	0.02020	0.05689	0.60376	0.01221	0.06179	0.00875	0.04059	0.00753
75	0.01220	0.00899	0.01209	0.01173	0.01286	0.00974	0.00853	0.01454	0.01582	0.02236	0.19959	0.04633	0.03913	0.22959	0.27837	0.00837	0.04546	0.01144	0.00589	0.00694
76	0.01329	0.01175	0.01541	0.01410	0.01589	0.01369	0.01126	0.01566	0.01526	0.02096	0.03966	0.04376	0.23303	0.03141	0.22466	0.00630	0.21221	0.01117	0.00535	0.04518
77	0.01411	0.00967	0.01275	0.01270	0.01433	0.01029	0.00929	0.04358	0.04684	0.05660	0.03054	0.22397	0.03178	0.14365	0.29138	0.00813	0.01297	0.01347	0.00615	0.00781
78	0.03403	0.01934	0.02250	0.01725	0.02380	0.01993	0.01425	0.37533	0.03248	0.31484	0.02547	0.02353	0.01690	0.01011	0.00833	0.00253	0.00825	0.00786	0.00916	0.01413
79	0.01237	0.00912	0.01109	0.01191	0.01339	0.00882	0.00837	0.07746	0.01882	0.02471	0.04868	0.53814	0.13857	0.02358	0.01024	0.00320	0.00519	0.02100	0.00778	0.00757
80	0.03018	0.03594	0.02323	0.02071	0.02517	0.55626	0.01574	0.11139	0.02511	0.02454	0.01424	0.01650	0.01164	0.01135	0.03996	0.00273	0.01456	0.00581	0.00482	0.01012
81	0.01013	0.00793	0.00918	0.00992	0.01168	0.00698	0.00704	0.01213	0.01810	0.02294	0.12126	0.33712	0.35062	0.02273	0.01014	0.00302	0.00444	0.01983	0.00785	0.00698
82	0.02726	0.03130	0.02049	0.04780	0.02385	0.48019	0.01429	0.05887	0.02276	0.02407	0.01614	0.01875	0.01301	0.00884	0.00723	0.00214	0.01229	0.00602	0.15522	0.00945
83	0.03125	0.03324	0.02408	0.02051	0.02571	0.42224	0.01595	0.26478	0.02958	0.03279	0.01560	0.01691	0.01203	0.00911	0.00781	0.00228	0.01271	0.00618	0.00585	0.01138
84	0.01014	0.00779	0.00908	0.01006	0.01148	0.00696	0.00693	0.01175	0.01689	0.02135	0.06039	0.39398	0.30337	0.07446	0.01262	0.00348	0.00480	0.02022	0.00751	0.00673
85	0.01140	0.00806	0.00897	0.00915	0.00982	0.00770	0.00557	0.01200	0.01396	0.01799	0.04088	0.12062	0.17077	0.49176	0.03211	0.00645	0.00690	0.01437	0.00588	0.00563
86	0.02742	0.02016	0.02197	0.01765	0.02311	0.02208	0.01423	0.50905	0.03458	0.04632	0.02495	0.15214	0.02203	0.01308	0.00875	0.00266	0.00830	0.01060	0.00819	0.01270
87	0.01412	0.01214	0.01260	0.01181	0.01483	0.04106	0.00897	0.02206	0.17125	0.02931	0.27719	0.05858	0.26095	0.01662	0.00937	0.00271	0.00517	0.01409	0.00826	0.00892
88	0.01066	0.00845	0.00958	0.00929	0.01173	0.00737	0.00697	0.01354	0.02091	0.02713	0.32910	0.07223	0.40498	0.01929	0.00981	0.00272	0.00408	0.01645	0.00833	0.00737
89	0.01723	0.01477	0.01723	0.01230	0.01969	0.01107	0.00984	0.02092	0.01723	0.02707	0.01477	0.01723	0.01230	0.00615	0.00615	0.00123	0.00615	0.00492	0.00492	0.75883
