[name]
unknown

[dist]
# distance from previous block
# <min> <max>
0	0

[block]
# block no. 0 follows, 23 sequences, length 118
# corresponding to MSA columns:
# 0-117
name=unknown_A
#
# <colnr> <probs for GDERKNQSTAVLIFYWHMCP>
#	G	D	E	R	K	N	Q	S	T	A	V	L	I	F	Y	W	H	M	C	P
0	0.01308	0.00934	0.01308	0.01494	0.01681	0.00934	0.01308	0.01681	0.01868	0.02428	0.04296	0.09153	0.04670	0.02242	0.01121	0.00374	0.00747	0.60960	0.00747	0.00747
1	0.01683	0.01442	0.01683	0.01202	0.01923	0.01082	0.00961	0.02043	0.01683	0.02644	0.01442	0.01683	0.01202	0.00601	0.00601	0.00120	0.00601	0.00481	0.00481	0.76444
2	0.01088	0.00827	0.01001	0.00958	0.01175	0.00740	0.00718	0.01415	0.02155	0.02916	0.47633	0.06617	0.26227	0.01785	0.00958	0.00261	0.00392	0.01545	0.00849	0.00740
3	0.01578	0.00820	0.00826	0.00803	0.01011	0.00830	0.00608	0.04473	0.01790	0.03112	0.02618	0.02980	0.02051	0.00947	0.00577	0.00191	0.00400	0.00755	0.72847	0.00782
4	0.01180	0.00787	0.00885	0.00885	0.00885	0.00787	0.00492	0.01180	0.01180	0.01573	0.02557	0.05310	0.02950	0.71483	0.04130	0.00787	0.00787	0.01180	0.00492	0.00492
5	0.06624	0.01887	0.01984	0.01569	0.02105	0.02075	0.01283	0.46271	0.03201	0.04556	0.02066	0.02163	0.01514	0.00956	0.00739	0.00231	0.00761	0.00721	0.18083	0.01210
6	0.01357	0.01048	0.01264	0.01172	0.01427	0.01065	0.00890	0.02197	0.17292	0.03288	0.50991	0.05335	0.06417	0.01525	0.00926	0.00260	0.00445	0.01336	0.00877	0.00890
7	0.01486	0.01323	0.01821	0.01635	0.01670	0.01728	0.01287	0.01648	0.01242	0.01845	0.01686	0.02958	0.01746	0.19300	0.18664	0.00685	0.37256	0.00861	0.00407	0.00754
8	0.02537	0.02930	0.02780	0.03487	0.33404	0.36177	0.02014	0.02878	0.02081	0.02307	0.01386	0.01727	0.01161	0.00781	0.00766	0.00224	0.01222	0.00619	0.00410	0.01107
9	0.01048	0.00792	0.00968	0.00995	0.01168	0.00712	0.00719	0.01310	0.01954	0.02607	0.31612	0.25190	0.23918	0.02027	0.00980	0.00282	0.00416	0.01779	0.00813	0.00712
10	0.02377	0.01219	0.01436	0.01231	0.01642	0.01213	0.00973	0.03186	0.16951	0.26123	0.06631	0.03105	0.02468	0.01044	0.00740	0.00236	0.00553	0.00857	0.26909	0.01107
11	0.77215	0.01569	0.01193	0.01067	0.01569	0.01820	0.00879	0.02385	0.01381	0.03641	0.01130	0.01318	0.00879	0.00753	0.00502	0.00251	0.00628	0.00439	0.00502	0.00879
12	0.01142	0.00849	0.01176	0.01176	0.01307	0.00938	0.00876	0.01369	0.01337	0.01858	0.02868	0.04060	0.08800	0.17875	0.49365	0.01101	0.01733	0.01014	0.00478	0.00677
13	0.03031	0.03867	0.02299	0.02090	0.02508	0.68226	0.01568	0.03240	0.02299	0.01986	0.01254	0.01463	0.01045	0.00836	0.00732	0.00209	0.01463	0.00523	0.00418	0.00941
14	0.02058	0.15993	0.38216	0.02240	0.06345	0.16972	0.02366	0.02691	0.01840	0.02326	0.01357	0.01600	0.01048	0.00769	0.00720	0.00231	0.01187	0.00560	0.00363	0.01118
15	0.01746	0.01603	0.02614	0.20042	0.35790	0.01705	0.02117	0.02315	0.05396	0.02492	0.02126	0.06524	0.01962	0.01061	0.00861	0.00272	0.00921	0.08885	0.00480	0.01087
16	0.01398	0.01194	0.01283	0.01249	0.01416	0.07907	0.00940	0.01634	0.01521	0.02050	0.03020	0.06593	0.10703	0.11152	0.30566	0.00768	0.05312	0.01018	0.09549	0.00726
17	0.03031	0.03867	0.02299	0.02090	0.02508	0.68226	0.01568	0.03240	0.02299	0.01986	0.01254	0.01463	0.01045	0.00836	0.00732	0.00209	0.01463	0.00523	0.00418	0.00941
18	0.01671	0.01432	0.01510	0.01399	0.01790	0.01572	0.01089	0.03255	0.43242	0.02992	0.04799	0.04740	0.21309	0.01438	0.00880	0.00280	0.00579	0.04140	0.00801	0.01081
19	0.01003	0.00824	0.00882	0.00868	0.01123	0.00704	0.00651	0.01249	0.01952	0.02436	0.21489	0.07408	0.52671	0.01964	0.00959	0.00270	0.00405	0.01656	0.00786	0.00704
20	0.00989	0.00706	0.00942	0.01130	0.01177	0.00659	0.00753	0.01130	0.01554	0.02071	0.04472	0.70954	0.05367	0.02542	0.01036	0.00330	0.00471	0.02307	0.00753	0.00659
21	0.01159	0.00869	0.01304	0.01304	0.01449	0.01014	0.01014	0.01449	0.01304	0.01884	0.02173	0.03188	0.02029	0.06086	0.68268	0.01304	0.02173	0.00869	0.00435	0.00724
22	0.01532	0.01442	0.02434	0.69533	0.05589	0.01803	0.02253	0.02073	0.01622	0.02073	0.01442	0.02163	0.01082	0.00811	0.00811	0.00270	0.01082	0.00721	0.00361	0.00901
23	0.01627	0.04197	0.67279	0.02313	0.03512	0.01884	0.02998	0.02570	0.01713	0.02570	0.01456	0.01713	0.01028	0.00771	0.00771	0.00257	0.01199	0.00600	0.00343	0.01199
24	0.01683	0.01442	0.01683	0.01202	0.01923	0.01082	0.00961	0.02043	0.01683	0.02644	0.01442	0.01683	0.01202	0.00601	0.00601	0.00120	0.00601	0.00481	0.00481	0.76444
25	0.00959	0.00822	0.00822	0.00822	0.01096	0.00685	0.00617	0.01165	0.01850	0.02192	0.08220	0.07809	0.66092	0.02055	0.00959	0.00274	0.00411	0.01713	0.00754	0.00685
26	0.01113	0.00875	0.01284	0.16840	0.02190	0.00922	0.01098	0.01346	0.01569	0.02072	0.03776	0.55154	0.04383	0.02145	0.00984	0.00316	0.00611	0.01943	0.00663	0.00715
27	0.01604	0.01374	0.01444	0.01330	0.01710	0.01488	0.01025	0.03070	0.39668	0.02973	0.08586	0.04845	0.24646	0.01461	0.00879	0.00274	0.00548	0.01222	0.00805	0.01049
28	0.02763	0.15515	0.02729	0.07808	0.02705	0.22214	0.01584	0.28926	0.02770	0.03321	0.01545	0.01703	0.01191	0.00867	0.00734	0.00223	0.01075	0.00613	0.00569	0.01144
29	0.01862	0.02650	0.24233	0.07029	0.43041	0.01908	0.02646	0.02497	0.01793	0.02598	0.01499	0.01919	0.01192	0.00743	0.00793	0.00248	0.01046	0.00682	0.00380	0.01240
30	0.05265	0.16291	0.15908	0.02449	0.14847	0.08106	0.01963	0.20126	0.02368	0.03177	0.01517	0.01720	0.01177	0.00810	0.00726	0.00229	0.01003	0.00616	0.00502	0.01202
31	0.01330	0.01099	0.01450	0.01401	0.01545	0.04206	0.01099	0.01609	0.01363	0.01956	0.02035	0.02946	0.01881	0.05064	0.54433	0.01091	0.09492	0.00830	0.04414	0.00754
32	0.01846	0.13211	0.26736	0.01675	0.02407	0.01773	0.01808	0.07065	0.04444	0.07730	0.16773	0.03097	0.05944	0.01072	0.00793	0.00244	0.00839	0.00867	0.00594	0.01081
33	0.02637	0.02143	0.02492	0.02531	0.17684	0.05514	0.01689	0.40515	0.03095	0.04110	0.02365	0.02455	0.07043	0.01002	0.00819	0.00244	0.00896	0.00805	0.00689	0.01274
34	0.02008	0.01928	0.03294	0.04981	0.66422	0.01928	0.02490	0.02490	0.01848	0.02651	0.01526	0.02008	0.01285	0.00723	0.00803	0.00241	0.00964	0.00723	0.00402	0.01285
35	0.01159	0.00869	0.01304	0.01304	0.01449	0.01014	0.01014	0.01449	0.01304	0.01884	0.02173	0.03188	0.02029	0.06086	0.68268	0.01304	0.02173	0.00869	0.00435	0.00724
36	0.01014	0.00824	0.00899	0.00880	0.01130	0.00709	0.00660	0.01272	0.01980	0.02502	0.25096	0.07298	0.49023	0.01939	0.00958	0.00269	0.00403	0.01641	0.00794	0.00709
37	0.00976	0.00823	0.00845	0.00840	0.01106	0.00692	0.00630	0.01197	0.01889	0.02286	0.13311	0.07655	0.60943	0.02020	0.00959	0.00272	0.00409	0.01691	0.00766	0.00692
38	0.01180	0.00787	0.00885	0.00885	0.00885	0.00787	0.00492	0.01180	0.01180	0.01573	0.02557	0.05310	0.02950	0.71483	0.04130	0.00787	0.00787	0.01180	0.00492	0.00492
39	0.01180	0.00787	0.00885	0.00885	0.00885	0.00787	0.00492	0.01180	0.01180	0.01573	0.02557	0.05310	0.02950	0.71483	0.04130	0.00787	0.00787	0.01180	0.00492	0.00492
40	0.01683	0.01442	0.01683	0.01202	0.01923	0.01082	0.00961	0.02043	0.01683	0.02644	0.01442	0.01683	0.01202	0.00601	0.00601	0.00120	0.00601	0.00481	0.00481	0.76444
41	0.77215	0.01569	0.01193	0.01067	0.01569	0.01820	0.00879	0.02385	0.01381	0.03641	0.01130	0.01318	0.00879	0.00753	0.00502	0.00251	0.00628	0.00439	0.00502	0.00879
42	0.02169	0.71972	0.04252	0.01388	0.02083	0.03211	0.01388	0.02430	0.01649	0.01909	0.01128	0.01302	0.01041	0.00694	0.00521	0.00174	0.00868	0.00434	0.00347	0.01041
43	0.01159	0.00869	0.01304	0.01304	0.01449	0.01014	0.01014	0.01449	0.01304	0.01884	0.02173	0.03188	0.02029	0.06086	0.68268	0.01304	0.02173	0.00869	0.00435	0.00724
44	0.03085	0.02273	0.02435	0.01867	0.02516	0.02516	0.01542	0.63716	0.03815	0.05114	0.01948	0.01948	0.01380	0.00974	0.00812	0.00244	0.00893	0.00731	0.00812	0.01380
45	0.02586	0.03063	0.02069	0.01890	0.02255	0.48581	0.01434	0.06089	0.02143	0.02131	0.01512	0.01902	0.01299	0.02100	0.16898	0.00473	0.01602	0.00617	0.00443	0.00913
46	0.01180	0.00787	0.00885	0.00885	0.00885	0.00787	0.00492	0.01180	0.01180	0.01573	0.02557	0.05310	0.02950	0.71483	0.04130	0.00787	0.00787	0.01180	0.00492	0.00492
47	0.01180	0.00787	0.00885	0.00885	0.00885	0.00787	0.00492	0.01180	0.01180	0.01573	0.02557	0.05310	0.02950	0.71483	0.04130	0.00787	0.00787	0.01180	0.00492	0.00492
48	0.02306	0.01868	0.02223	0.04994	0.11651	0.02069	0.01552	0.26229	0.23525	0.03747	0.02621	0.02666	0.04778	0.01301	0.04477	0.00314	0.00875	0.00845	0.00715	0.01246
49	0.03031	0.03867	0.02299	0.02090	0.02508	0.68226	0.01568	0.03240	0.02299	0.01986	0.01254	0.01463	0.01045	0.00836	0.00732	0.00209	0.01463	0.00523	0.00418	0.00941
50	0.02942	0.02202	0.02355	0.01838	0.02462	0.02450	0.01508	0.55756	0.12008	0.04883	0.02130	0.02093	0.01527	0.00991	0.00814	0.00248	0.00859	0.00756	0.00814	0.01367
51	0.01025	0.00825	0.00914	0.00891	0.01137	0.00713	0.00669	0.01293	0.02006	0.02563	0.28396	0.07199	0.45685	0.01917	0.00958	0.00267	0.00401	0.01627	0.00802	0.00713
52	0.01159	0.00869	0.01304	0.01304	0.01449	0.01014	0.01014	0.01449	0.01304	0.01884	0.02173	0.03188	0.02029	0.06086	0.68268	0.01304	0.02173	0.00869	0.00435	0.00724
53	0.02018	0.01743	0.01835	0.01651	0.02110	0.02018	0.01284	0.04312	0.64956	0.03394	0.03303	0.03027	0.02477	0.01101	0.00826	0.00275	0.00642	0.00917	0.00826	0.01284
54	0.02524	0.01862	0.02093	0.01697	0.02197	0.02068	0.01378	0.45843	0.03107	0.04197	0.02127	0.05677	0.01732	0.02264	0.16811	0.00499	0.01175	0.00842	0.00719	0.01189
55	0.01157	0.00804	0.01013	0.01030	0.01077	0.00842	0.00669	0.01255	0.01249	0.01709	0.02613	0.10470	0.02892	0.46161	0.22734	0.00899	0.01167	0.01188	0.00498	0.00575
56	0.01872	0.01673	0.02640	0.09567	0.42274	0.01701	0.02012	0.02476	0.07656	0.05297	0.02794	0.03050	0.11494	0.00985	0.00831	0.00252	0.00847	0.00899	0.00517	0.01162
57	0.01299	0.01002	0.01257	0.05136	0.01629	0.01082	0.00959	0.01925	0.14230	0.02307	0.03516	0.29087	0.05874	0.08810	0.14020	0.00532	0.00885	0.01469	0.04178	0.00802
58	0.01694	0.03733	0.52825	0.02569	0.03681	0.01923	0.16986	0.02577	0.01760	0.02577	0.01499	0.01823	0.01075	0.00751	0.00814	0.00261	0.01238	0.00682	0.00358	0.01175
59	0.02839	0.02078	0.02269	0.01723	0.02385	0.02189	0.01417	0.49533	0.03348	0.07122	0.01902	0.01930	0.01371	0.00904	0.00772	0.00220	0.00829	0.00686	0.00756	0.15727
60	0.02010	0.01674	0.01935	0.01932	0.09211	0.01820	0.01353	0.03734	0.46248	0.06157	0.03183	0.03023	0.05404	0.01058	0.00810	0.00257	0.00665	0.00892	0.00753	0.07882
61	0.02256	0.02403	0.01646	0.01537	0.01839	0.36147	0.01158	0.02532	0.01956	0.02311	0.01847	0.02231	0.01530	0.01652	0.10713	0.00365	0.01214	0.00651	0.25164	0.00848
62	0.01627	0.04197	0.67279	0.02313	0.03512	0.01884	0.02998	0.02570	0.01713	0.02570	0.01456	0.01713	0.01028	0.00771	0.00771	0.00257	0.01199	0.00600	0.00343	0.01199
63	0.01513	0.00756	0.00756	0.00756	0.00945	0.00756	0.00567	0.01891	0.01702	0.03025	0.02647	0.03025	0.02080	0.00945	0.00567	0.00189	0.00378	0.00756	0.75988	0.00756
64	0.02516	0.01990	0.02115	0.01752	0.02300	0.02251	0.01405	0.32035	0.36422	0.04197	0.02670	0.02524	0.01965	0.01042	0.00819	0.00260	0.00759	0.00830	0.00819	0.01329
65	0.02393	0.48122	0.07301	0.01635	0.02289	0.18657	0.01532	0.05857	0.01922	0.02134	0.01220	0.01398	0.01059	0.00747	0.00601	0.00191	0.01031	0.00480	0.00388	0.01044
66	0.01159	0.00869	0.01304	0.01304	0.01449	0.01014	0.01014	0.01449	0.01304	0.01884	0.02173	0.03188	0.02029	0.06086	0.68268	0.01304	0.02173	0.00869	0.00435	0.00724
67	0.01514	0.00793	0.00845	0.04388	0.01191	0.00812	0.00656	0.01900	0.01697	0.02975	0.02583	0.02980	0.02027	0.00938	0.00580	0.00193	0.00415	0.00754	0.71995	0.00764
68	0.01166	0.00841	0.01160	0.01160	0.01255	0.00936	0.00835	0.01356	0.01261	0.01777	0.02305	0.03917	0.02345	0.28571	0.46216	0.01126	0.01697	0.00976	0.00454	0.00644
69	0.03085	0.02273	0.02435	0.01867	0.02516	0.02516	0.01542	0.63716	0.03815	0.05114	0.01948	0.01948	0.01380	0.00974	0.00812	0.00244	0.00893	0.00731	0.00812	0.01380
70	0.01159	0.00869	0.01304	0.01304	0.01449	0.01014	0.01014	0.01449	0.01304	0.01884	0.02173	0.03188	0.02029	0.06086	0.68268	0.01304	0.02173	0.00869	0.00435	0.00724
71	0.01627	0.04197	0.67279	0.02313	0.03512	0.01884	0.02998	0.02570	0.01713	0.02570	0.01456	0.01713	0.01028	0.00771	0.00771	0.00257	0.01199	0.00600	0.00343	0.01199
72	0.03641	0.01381	0.01883	0.01444	0.02071	0.01193	0.01193	0.03954	0.02322	0.66984	0.03201	0.02762	0.02009	0.01004	0.00816	0.00251	0.00690	0.00816	0.01004	0.01381
73	0.00989	0.00706	0.00942	0.01130	0.01177	0.00659	0.00753	0.01130	0.01554	0.02071	0.04472	0.70954	0.05367	0.02542	0.01036	0.00330	0.00471	0.02307	0.00753	0.00659
74	0.01180	0.00787	0.00885	0.00885	0.00885	0.00787	0.00492	0.01180	0.01180	0.01573	0.02557	0.05310	0.02950	0.71483	0.04130	0.00787	0.00787	0.01180	0.00492	0.00492
75	0.01409	0.00705	0.01057	0.01057	0.01057	0.00705	0.00705	0.01057	0.01057	0.01409	0.01409	0.02467	0.01409	0.02819	0.03171	0.76392	0.00705	0.00705	0.00352	0.00352
76	0.01089	0.00827	0.01002	0.00958	0.01176	0.00740	0.00719	0.01416	0.02156	0.02919	0.47771	0.06612	0.26088	0.01784	0.00958	0.00261	0.00392	0.01545	0.00849	0.00740
77	0.00980	0.00778	0.00881	0.00949	0.01133	0.00679	0.00676	0.01170	0.01759	0.02199	0.09667	0.31802	0.40026	0.02221	0.00988	0.00294	0.00432	0.01927	0.00760	0.00679
78	0.03085	0.02273	0.02435	0.01867	0.02516	0.02516	0.01542	0.63716	0.03815	0.05114	0.01948	0.01948	0.01380	0.00974	0.00812	0.00244	0.00893	0.00731	0.00812	0.01380
79	0.02599	0.02151	0.02972	0.05789	0.03047	0.02312	0.16391	0.40165	0.03025	0.04087	0.01781	0.01998	0.01305	0.00906	0.00939	0.00254	0.04750	0.00774	0.00655	0.04101
80	0.01894	0.01812	0.03088	0.20428	0.51864	0.01898	0.02434	0.02390	0.01794	0.02513	0.01506	0.02045	0.01237	0.00744	0.00805	0.00248	0.00992	0.00723	0.00392	0.01193
81	0.01159	0.00869	0.01304	0.01304	0.01449	0.01014	0.01014	0.01449	0.01304	0.01884	0.02173	0.03188	0.02029	0.06086	0.68268	0.01304	0.02173	0.00869	0.00435	0.00724
82	0.00989	0.00706	0.00942	0.01130	0.01177	0.00659	0.00753	0.01130	0.01554	0.02071	0.04472	0.70954	0.05367	0.02542	0.01036	0.00330	0.00471	0.02307	0.00753	0.00659
83	0.01159	0.00869	0.01304	0.01304	0.01449	0.01014	0.01014	0.01449	0.01304	0.01884	0.02173	0.03188	0.02029	0.06086	0.68268	0.01304	0.02173	0.00869	0.00435	0.00724
84	0.02169	0.71972	0.04252	0.01388	0.02083	0.03211	0.01388	0.02430	0.01649	0.01909	0.01128	0.01302	0.01041	0.00694	0.00521	0.00174	0.00868	0.00434	0.00347	0.01041
85	0.01628	0.01558	0.02203	0.01933	0.01967	0.02133	0.01593	0.01832	0.01257	0.01936	0.01330	0.02113	0.01296	0.02537	0.18363	0.00582	0.53767	0.00748	0.00374	0.00849
86	0.00966	0.00795	0.00849	0.00893	0.01115	0.00679	0.00648	0.01157	0.01782	0.02164	0.07359	0.22312	0.52145	0.02167	0.00977	0.00287	0.00425	0.01849	0.00753	0.00679
87	0.01019	0.00796	0.00924	0.00951	0.01148	0.00701	0.00691	0.01258	0.01903	0.02459	0.23400	0.22434	0.35299	0.02061	0.00977	0.00282	0.00417	0.01787	0.00792	0.00701
88	0.01180	0.00787	0.00885	0.00885	0.00885	0.00787	0.00492	0.01180	0.01180	0.01573	0.02557	0.05310	0.02950	0.71483	0.04130	0.00787	0.00787	0.01180	0.00492	0.00492
89	0.00976	0.00823	0.00845	0.00840	0.01106	0.00692	0.00630	0.01197	0.01889	0.02286	0.13311	0.07655	0.60943	0.02020	0.00959	0.00272	0.00409	0.01691	0.00766	0.00692
90	0.01757	0.01663	0.02702	0.03985	0.50789	0.01630	0.02042	0.02173	0.01848	0.02541	0.03128	0.03396	0.16794	0.01042	0.00841	0.00249	0.00832	0.00960	0.00486	0.01142
91	0.01683	0.01442	0.01683	0.01202	0.01923	0.01082	0.00961	0.02043	0.01683	0.02644	0.01442	0.01683	0.01202	0.00601	0.00601	0.00120	0.00601	0.00481	0.00481	0.76444
92	0.02867	0.02083	0.02224	0.01735	0.02325	0.02300	0.01423	0.54468	0.06004	0.04813	0.02080	0.02111	0.01501	0.00976	0.00785	0.00239	0.00826	0.00741	0.09194	0.01307
93	0.01602	0.09386	0.01648	0.01259	0.01610	0.09811	0.00988	0.02253	0.14284	0.02566	0.16420	0.07537	0.24547	0.01505	0.00858	0.00253	0.00638	0.01240	0.00706	0.00889
94	0.01180	0.00787	0.00885	0.00885	0.00885	0.00787	0.00492	0.01180	0.01180	0.01573	0.02557	0.05310	0.02950	0.71483	0.04130	0.00787	0.00787	0.01180	0.00492	0.00492
95	0.01910	0.01465	0.01710	0.01575	0.05468	0.01539	0.01168	0.24574	0.05152	0.03551	0.17636	0.04235	0.15982	0.01883	0.08079	0.00367	0.00812	0.01116	0.00755	0.01022
96	0.03031	0.03867	0.02299	0.02090	0.02508	0.68226	0.01568	0.03240	0.02299	0.01986	0.01254	0.01463	0.01045	0.00836	0.00732	0.00209	0.01463	0.00523	0.00418	0.00941
97	0.01420	0.01187	0.01677	0.01548	0.01645	0.01523	0.01245	0.01678	0.01323	0.02026	0.01819	0.02657	0.01683	0.03859	0.37435	0.00844	0.26654	0.00800	0.08189	0.00787
98	0.01169	0.00797	0.00927	0.00927	0.00954	0.00807	0.00553	0.01208	0.01220	0.01631	0.02743	0.05184	0.05388	0.61710	0.10853	0.00821	0.00920	0.01168	0.00496	0.00524
99	0.03277	0.01964	0.02244	0.01720	0.02362	0.02058	0.01421	0.43031	0.03298	0.26528	0.02382	0.02230	0.01598	0.00985	0.00813	0.00246	0.00823	0.00760	0.00878	0.01380
100	0.02222	0.01818	0.01942	0.01692	0.02179	0.02071	0.01345	0.17805	0.47298	0.03734	0.03048	0.03131	0.02351	0.01137	0.00839	0.00274	0.00706	0.04315	0.00818	0.01276
101	0.01179	0.00791	0.00906	0.00906	0.00913	0.00798	0.00518	0.01193	0.01186	0.01589	0.02538	0.05204	0.02904	0.68228	0.07323	0.00812	0.00856	0.01165	0.00489	0.00503
102	0.03116	0.02222	0.02404	0.01843	0.02491	0.02440	0.01522	0.60292	0.03730	0.08659	0.02020	0.01995	0.01416	0.00976	0.00812	0.00244	0.00881	0.00735	0.00823	0.01380
103	0.03031	0.03867	0.02299	0.02090	0.02508	0.68226	0.01568	0.03240	0.02299	0.01986	0.01254	0.01463	0.01045	0.00836	0.00732	0.00209	0.01463	0.00523	0.00418	0.00941
104	0.01180	0.00787	0.00885	0.00885	0.00885	0.00787	0.00492	0.01180	0.01180	0.01573	0.02557	0.05310	0.02950	0.71483	0.04130	0.00787	0.00787	0.01180	0.00492	0.00492
105	0.00982	0.00734	0.00913	0.01057	0.01158	0.00665	0.00721	0.01138	0.01624	0.02100	0.05361	0.55988	0.19759	0.02427	0.01018	0.00316	0.00457	0.02166	0.00753	0.00665
106	0.02899	0.03648	0.02397	0.02112	0.02568	0.61105	0.04793	0.03142	0.02246	0.02054	0.01285	0.01513	0.01063	0.00815	0.00736	0.00208	0.01412	0.00543	0.00421	0.05040
107	0.01839	0.14779	0.05922	0.01366	0.01965	0.01692	0.01188	0.07938	0.01790	0.02554	0.01571	0.02154	0.01418	0.10682	0.01216	0.00255	0.04224	0.00613	0.00475	0.36360
108	0.02152	0.11221	0.05504	0.01404	0.01985	0.05092	0.01220	0.18887	0.02294	0.03270	0.01817	0.02016	0.01422	0.00818	0.00655	0.00189	0.00738	0.00617	0.18612	0.20088
109	0.02194	0.48148	0.10521	0.01583	0.02290	0.02836	0.01582	0.10826	0.01934	0.02457	0.01287	0.01477	0.01095	0.00775	0.00704	0.00199	0.04544	0.00509	0.00417	0.04621
110	0.04954	0.00890	0.00930	0.00893	0.01186	0.00779	0.00679	0.01420	0.01909	0.05823	0.15040	0.06991	0.51908	0.01883	0.00928	0.00269	0.00433	0.01570	0.00772	0.00742
111	0.02645	0.01998	0.02194	0.01677	0.02316	0.02092	0.01375	0.45583	0.03169	0.04348	0.01839	0.01952	0.01372	0.01162	0.04417	0.00271	0.00892	0.00678	0.00712	0.19308
112	0.01303	0.00955	0.01156	0.01212	0.01372	0.00943	0.00860	0.10615	0.01925	0.02544	0.04453	0.54378	0.10650	0.02257	0.00994	0.00311	0.00529	0.02010	0.00762	0.00771
113	0.09285	0.19062	0.02678	0.01686	0.02270	0.12767	0.01422	0.30859	0.02710	0.03555	0.01584	0.01730	0.01238	0.01143	0.04358	0.00280	0.01022	0.00609	0.00592	0.01151
114	0.07836	0.02317	0.05481	0.07106	0.06075	0.20856	0.01459	0.05122	0.10251	0.02707	0.07678	0.02544	0.05275	0.00963	0.00756	0.00227	0.00931	0.00747	0.00552	0.11117
115	0.02285	0.06485	0.02189	0.01815	0.02158	0.27544	0.01431	0.05693	0.13057	0.02442	0.05415	0.02456	0.05137	0.01310	0.03842	0.00298	0.14163	0.00758	0.00535	0.00986
116	0.07960	0.09081	0.01776	0.01300	0.01750	0.01529	0.01043	0.08527	0.11254	0.11180	0.03587	0.15282	0.12872	0.01370	0.00802	0.00251	0.00625	0.01132	0.00713	0.07966
117	0.09737	0.01640	0.02772	0.02573	0.12222	0.01807	0.18381	0.02118	0.01549	0.02396	0.01604	0.02263	0.01389	0.02327	0.19745	0.00566	0.14743	0.00794	0.00415	0.00958

[dist]
# distance from previous block
# <min> <max>
4	42

[block]
# block no. 1 follows, 23 sequences, length 31
# corresponding to MSA columns:
# 160-190
name=unknown_B
#
# <colnr> <probs for GDERKNQSTAVLIFYWHMCP>
#	G	D	E	R	K	N	Q	S	T	A	V	L	I	F	Y	W	H	M	C	P
0	0.02105	0.02695	0.14108	0.01908	0.02410	0.22857	0.05410	0.02778	0.10086	0.02456	0.01835	0.02137	0.01464	0.01295	0.05786	0.00319	0.07188	0.00690	0.11475	0.00995
1	0.01951	0.01582	0.04707	0.02107	0.14097	0.01470	0.01446	0.05380	0.10777	0.10079	0.02128	0.02442	0.01695	0.02111	0.17308	0.00482	0.01110	0.00739	0.00573	0.17818
2	0.15694	0.02228	0.01675	0.01477	0.01909	0.24237	0.01148	0.11239	0.02219	0.06124	0.03176	0.03176	0.16873	0.01149	0.00754	0.00238	0.00891	0.00850	0.03997	0.00945
3	0.02642	0.34633	0.03182	0.01773	0.02316	0.38855	0.01487	0.02874	0.02005	0.01951	0.01197	0.01390	0.01043	0.00772	0.00636	0.00193	0.01194	0.00483	0.00386	0.00986
4	0.02417	0.02122	0.05449	0.02883	0.25748	0.10419	0.01805	0.13955	0.02389	0.11585	0.10844	0.02581	0.02250	0.00955	0.00817	0.00241	0.00909	0.00809	0.00625	0.01193
5	0.01726	0.05983	0.01655	0.01410	0.01700	0.18211	0.01086	0.02143	0.06469	0.02372	0.17142	0.07201	0.09973	0.02456	0.16356	0.00487	0.01125	0.01056	0.00607	0.00841
6	0.01323	0.00983	0.01131	0.01077	0.01360	0.00932	0.00832	0.01882	0.10405	0.06009	0.26214	0.06431	0.30710	0.01756	0.00945	0.00274	0.00470	0.05614	0.00822	0.00831
7	0.02049	0.17824	0.02761	0.09952	0.06780	0.01942	0.05900	0.06224	0.06280	0.06743	0.01663	0.01890	0.01310	0.00745	0.00689	0.00196	0.00825	0.00616	0.00503	0.25107
8	0.08052	0.05411	0.01976	0.01418	0.02041	0.01346	0.01185	0.03772	0.02227	0.59408	0.02957	0.02590	0.01884	0.00971	0.00780	0.00247	0.00697	0.00771	0.00936	0.01331
9	0.02003	0.01923	0.03211	0.04434	0.53546	0.01949	0.06736	0.02736	0.10081	0.02744	0.01766	0.02154	0.01437	0.00769	0.00817	0.00248	0.00951	0.00765	0.00458	0.01271
10	0.26050	0.01962	0.01947	0.01551	0.02126	0.02193	0.01277	0.40890	0.02930	0.04529	0.01736	0.01817	0.01266	0.00904	0.00701	0.00243	0.00779	0.00642	0.05272	0.01186
11	0.01283	0.00930	0.01053	0.00989	0.01274	0.00842	0.00752	0.01703	0.06581	0.07138	0.25907	0.06555	0.38425	0.01787	0.00939	0.00267	0.00438	0.01515	0.00821	0.00802
12	0.02094	0.02091	0.03210	0.04737	0.61040	0.07511	0.02413	0.02553	0.01886	0.02595	0.01503	0.01962	0.01265	0.00733	0.00797	0.00238	0.01006	0.00706	0.00403	0.01256
13	0.01775	0.01775	0.02485	0.02130	0.02130	0.02485	0.01775	0.01953	0.01243	0.01953	0.01065	0.01775	0.01065	0.01420	0.02663	0.00355	0.69998	0.00710	0.00355	0.00888
14	0.00989	0.00706	0.00942	0.01130	0.01177	0.00659	0.00753	0.01130	0.01554	0.02071	0.04472	0.70954	0.05367	0.02542	0.01036	0.00330	0.00471	0.02307	0.00753	0.00659
15	0.00989	0.00706	0.00942	0.01130	0.01177	0.00659	0.00753	0.01130	0.01554	0.02071	0.04472	0.70954	0.05367	0.02542	0.01036	0.00330	0.00471	0.02307	0.00753	0.00659
16	0.01617	0.00944	0.01006	0.00940	0.01148	0.00981	0.00695	0.08899	0.01834	0.02952	0.02522	0.03297	0.02143	0.13184	0.05334	0.00364	0.00616	0.00832	0.49912	0.00782
17	0.00982	0.00733	0.00914	0.01059	0.01158	0.00665	0.00722	0.01138	0.01622	0.02099	0.05335	0.56424	0.19340	0.02430	0.01018	0.00317	0.00457	0.02170	0.00753	0.00665
18	0.00989	0.00706	0.00942	0.01130	0.01177	0.00659	0.00753	0.01130	0.01554	0.02071	0.04472	0.70954	0.05367	0.02542	0.01036	0.00330	0.00471	0.02307	0.00753	0.00659
19	0.00993	0.00732	0.00930	0.01073	0.01166	0.00669	0.00731	0.01158	0.01645	0.02159	0.08592	0.56866	0.15492	0.02412	0.01019	0.00316	0.00456	0.02161	0.00761	0.00669
20	0.03085	0.02273	0.02435	0.01867	0.02516	0.02516	0.01542	0.63716	0.03815	0.05114	0.01948	0.01948	0.01380	0.00974	0.00812	0.00244	0.00893	0.00731	0.00812	0.01380
21	0.00989	0.00706	0.00942	0.01130	0.01177	0.00659	0.00753	0.01130	0.01554	0.02071	0.04472	0.70954	0.05367	0.02542	0.01036	0.00330	0.00471	0.02307	0.00753	0.00659
22	0.02801	0.22092	0.02822	0.01903	0.02395	0.50828	0.01520	0.03023	0.02125	0.01965	0.01220	0.01420	0.01044	0.00798	0.00675	0.00200	0.01304	0.00499	0.00399	0.00968
23	0.02195	0.13500	0.21515	0.02913	0.21816	0.19754	0.02227	0.02704	0.01900	0.02340	0.01375	0.01674	0.01111	0.00763	0.00733	0.00227	0.01150	0.00591	0.00381	0.01133
24	0.01975	0.08280	0.15927	0.18716	0.14063	0.11861	0.07933	0.02655	0.06381	0.02386	0.01558	0.01938	0.01210	0.00792	0.00781	0.00246	0.01120	0.00680	0.00409	0.01087
25	0.01020	0.00756	0.00952	0.01048	0.01170	0.00688	0.00731	0.01228	0.01779	0.02365	0.19291	0.44363	0.17136	0.02249	0.01003	0.00302	0.00440	0.02004	0.00785	0.00688
26	0.01985	0.01490	0.01648	0.01447	0.01824	0.01581	0.01120	0.29100	0.07024	0.03530	0.03829	0.26245	0.12419	0.01674	0.00910	0.00279	0.00661	0.01423	0.00784	0.01026
27	0.27661	0.02200	0.14866	0.05758	0.19107	0.01963	0.01915	0.02367	0.01557	0.02839	0.01301	0.01686	0.01052	0.00855	0.00981	0.00267	0.11562	0.00600	0.00415	0.01049
28	0.15575	0.02858	0.19864	0.05772	0.12572	0.16785	0.01968	0.06993	0.01922	0.02745	0.01396	0.01708	0.01091	0.00889	0.00839	0.03873	0.01069	0.00593	0.00432	0.01055
29	0.02141	0.15193	0.06829	0.17131	0.19301	0.10959	0.06461	0.08034	0.01998	0.02517	0.01441	0.01830	0.01155	0.00774	0.00753	0.00234	0.01073	0.00653	0.00419	0.01103
30	0.11870	0.02165	0.08435	0.02499	0.19246	0.11571	0.01706	0.07319	0.02006	0.02829	0.06924	0.03064	0.07967	0.01087	0.00884	0.00257	0.04195	0.04407	0.00533	0.01034

[dist]
# distance from previous block
# <min> <max>
3	50

[block]
# block no. 2 follows, 23 sequences, length 9
# corresponding to MSA columns:
# 241-249
name=unknown_C
#
# <colnr> <probs for GDERKNQSTAVLIFYWHMCP>
#	G	D	E	R	K	N	Q	S	T	A	V	L	I	F	Y	W	H	M	C	P
0	0.02521	0.09780	0.06112	0.01836	0.02286	0.37809	0.01497	0.09067	0.02144	0.02281	0.01446	0.01794	0.01222	0.01602	0.08744	0.06529	0.01350	0.00595	0.00444	0.00939
1	0.20098	0.14282	0.01823	0.01207	0.01582	0.03573	0.00971	0.06261	0.04771	0.02720	0.09033	0.03180	0.05492	0.14496	0.07004	0.00426	0.00837	0.00832	0.00555	0.00858
2	0.02023	0.06619	0.02766	0.09400	0.02949	0.06098	0.17032	0.02999	0.19615	0.07808	0.02232	0.02506	0.01719	0.01630	0.10542	0.00409	0.01165	0.00833	0.00570	0.01084
3	0.01518	0.01240	0.01617	0.01838	0.14657	0.01111	0.01129	0.01892	0.04512	0.05422	0.04362	0.08148	0.25615	0.05833	0.01043	0.00268	0.00615	0.01164	0.00620	0.17393
4	0.01574	0.01068	0.01461	0.08145	0.01884	0.01152	0.05007	0.06727	0.01772	0.02772	0.02283	0.02840	0.01855	0.02238	0.18036	0.00494	0.01016	0.00793	0.38049	0.00834
5	0.19190	0.10970	0.02226	0.02008	0.13523	0.09031	0.01368	0.04735	0.05052	0.13345	0.01858	0.01989	0.01407	0.00836	0.00668	0.00229	0.00802	0.00629	0.09051	0.01084
6	0.02187	0.28640	0.02879	0.09009	0.02483	0.23188	0.01481	0.02450	0.01800	0.01965	0.01542	0.07259	0.01467	0.01308	0.05414	0.00295	0.04601	0.00689	0.00410	0.00934
7	0.08282	0.04992	0.01936	0.01854	0.11072	0.01626	0.01289	0.14934	0.05274	0.10582	0.06506	0.03021	0.04312	0.01374	0.05132	0.00310	0.00793	0.03262	0.12372	0.01076
8	0.02079	0.16334	0.02393	0.01711	0.04947	0.15793	0.01321	0.02772	0.15440	0.02396	0.02289	0.02492	0.06491	0.03842	0.00975	0.00243	0.05350	0.00724	0.00525	0.11883

[dist]
# distance from previous block
# <min> <max>
6	20

[block]
# block no. 3 follows, 23 sequences, length 6
# corresponding to MSA columns:
# 270-275
name=unknown_D
#
# <colnr> <probs for GDERKNQSTAVLIFYWHMCP>
#	G	D	E	R	K	N	Q	S	T	A	V	L	I	F	Y	W	H	M	C	P
0	0.02666	0.08454	0.02468	0.02423	0.17103	0.21852	0.01589	0.02987	0.02100	0.19314	0.06358	0.02310	0.01856	0.01122	0.03640	0.00274	0.01046	0.00719	0.00596	0.01124
1	0.01971	0.11377	0.02286	0.05367	0.02182	0.11772	0.01399	0.09140	0.01910	0.02409	0.02552	0.07041	0.11256	0.01268	0.01281	0.00263	0.19426	0.00888	0.00510	0.05702
2	0.16958	0.01772	0.01623	0.01466	0.01777	0.14161	0.01155	0.02388	0.05389	0.06698	0.06581	0.02711	0.05536	0.01916	0.12003	0.00428	0.10448	0.00778	0.05317	0.00896
3	0.11245	0.12057	0.05234	0.04503	0.05833	0.11125	0.01331	0.10122	0.01850	0.02528	0.01588	0.02271	0.01429	0.10014	0.06246	0.09569	0.01020	0.00677	0.00465	0.00895
4	0.02282	0.07480	0.12909	0.02855	0.19812	0.06324	0.08862	0.19307	0.02380	0.03234	0.01664	0.01941	0.01279	0.00813	0.00779	0.00238	0.01016	0.00701	0.04917	0.01206
5	0.05972	0.18353	0.10611	0.01406	0.01935	0.10710	0.01318	0.02507	0.01799	0.09318	0.01904	0.02135	0.01489	0.01131	0.04384	0.00269	0.00891	0.00625	0.22266	0.00976

[dist]
# distance from previous block
# <min> <max>
0	2

[block]
# block no. 4 follows, 23 sequences, length 148
# corresponding to MSA columns:
# 278-425
name=unknown_E
#
# <colnr> <probs for GDERKNQSTAVLIFYWHMCP>
#	G	D	E	R	K	N	Q	S	T	A	V	L	I	F	Y	W	H	M	C	P
0	0.02351	0.20985	0.06471	0.01742	0.02228	0.33997	0.01476	0.02640	0.01979	0.02092	0.06624	0.02013	0.01698	0.01477	0.08604	0.00335	0.01288	0.00622	0.00436	0.00943
1	0.18206	0.02281	0.04823	0.01522	0.01974	0.22248	0.01241	0.09662	0.02143	0.05578	0.08023	0.02638	0.06889	0.01232	0.03510	0.00279	0.00958	0.00753	0.05085	0.00953
2	0.01359	0.01147	0.01354	0.01441	0.08592	0.01038	0.00958	0.07161	0.01996	0.02560	0.05907	0.08923	0.42242	0.01657	0.00889	0.00252	0.00542	0.01393	0.00687	0.09904
3	0.01953	0.02048	0.01660	0.01462	0.01821	0.24460	0.01082	0.02171	0.01724	0.02051	0.01744	0.02649	0.01668	0.16827	0.13364	0.00503	0.01220	0.00714	0.00453	0.20426
4	0.01404	0.01146	0.01422	0.05234	0.04737	0.01089	0.01086	0.05032	0.05638	0.02533	0.04484	0.15662	0.20956	0.01674	0.00908	0.00271	0.00615	0.11900	0.00676	0.13532
5	0.01904	0.13429	0.02808	0.06366	0.32297	0.08864	0.01831	0.02251	0.01789	0.02308	0.02052	0.16446	0.02074	0.01120	0.00799	0.00247	0.00902	0.00989	0.00467	0.01057
6	0.02360	0.03075	0.22678	0.02003	0.02725	0.16235	0.01953	0.18862	0.13161	0.03240	0.01971	0.02249	0.01519	0.00954	0.00797	0.00251	0.01063	0.03138	0.00579	0.01187
7	0.10197	0.01212	0.01417	0.01489	0.09027	0.01128	0.00994	0.04660	0.01902	0.02754	0.11875	0.07277	0.27272	0.01416	0.00821	0.00239	0.00556	0.01182	0.00655	0.13927
8	0.01030	0.00847	0.00914	0.00952	0.01178	0.00758	0.00692	0.01343	0.05540	0.02232	0.06953	0.23932	0.46515	0.02125	0.00971	0.00289	0.00440	0.01819	0.00758	0.00714
9	0.01991	0.01964	0.03092	0.15458	0.52569	0.05866	0.02396	0.02466	0.01837	0.02516	0.01496	0.02001	0.01237	0.00744	0.00800	0.00244	0.01013	0.00711	0.00396	0.01201
10	0.06492	0.02328	0.02571	0.17725	0.20789	0.19602	0.01954	0.07534	0.01992	0.02535	0.01402	0.01831	0.01140	0.00863	0.00953	0.00251	0.07900	0.00653	0.00431	0.01054
11	0.01856	0.01773	0.03019	0.25609	0.46982	0.01888	0.02415	0.02357	0.01776	0.02466	0.01499	0.02058	0.01220	0.00751	0.00806	0.00250	0.01002	0.00722	0.00389	0.01163
12	0.00989	0.00706	0.00942	0.01130	0.01177	0.00659	0.00753	0.01130	0.01554	0.02071	0.04472	0.70954	0.05367	0.02542	0.01036	0.00330	0.00471	0.02307	0.00753	0.00659
13	0.01115	0.00824	0.00999	0.00955	0.01168	0.00744	0.00716	0.01450	0.02149	0.02959	0.47486	0.06383	0.23032	0.01731	0.00939	0.00257	0.00390	0.01499	0.04462	0.00744
14	0.00989	0.00706	0.00942	0.01130	0.01177	0.00659	0.00753	0.01130	0.01554	0.02071	0.04472	0.70954	0.05367	0.02542	0.01036	0.00330	0.00471	0.02307	0.00753	0.00659
15	0.00959	0.00822	0.00822	0.00822	0.01096	0.00685	0.00617	0.01165	0.01850	0.02192	0.08220	0.07809	0.66092	0.02055	0.00959	0.00274	0.00411	0.01713	0.00754	0.00685
16	0.77215	0.01569	0.01193	0.01067	0.01569	0.01820	0.00879	0.02385	0.01381	0.03641	0.01130	0.01318	0.00879	0.00753	0.00502	0.00251	0.00628	0.00439	0.00502	0.00879
17	0.01180	0.00787	0.00885	0.00885	0.00885	0.00787	0.00492	0.01180	0.01180	0.01573	0.02557	0.05310	0.02950	0.71483	0.04130	0.00787	0.00787	0.01180	0.00492	0.00492
18	0.03085	0.02273	0.02435	0.01867	0.02516	0.02516	0.01542	0.63716	0.03815	0.05114	0.01948	0.01948	0.01380	0.00974	0.00812	0.00244	0.00893	0.00731	0.00812	0.01380
19	0.01856	0.01773	0.03019	0.25609	0.46982	0.01888	0.02415	0.02357	0.01776	0.02466	0.01499	0.02058	0.01220	0.00751	0.00806	0.00250	0.01002	0.00722	0.00389	0.01163
20	0.77215	0.01569	0.01193	0.01067	0.01569	0.01820	0.00879	0.02385	0.01381	0.03641	0.01130	0.01318	0.00879	0.00753	0.00502	0.00251	0.00628	0.00439	0.00502	0.00879
21	0.01513	0.00756	0.00756	0.00756	0.00945	0.00756	0.00567	0.01891	0.01702	0.03025	0.02647	0.03025	0.02080	0.00945	0.00567	0.00189	0.00378	0.00756	0.75988	0.00756
22	0.02812	0.02138	0.02282	0.01812	0.02413	0.02389	0.01476	0.48556	0.19419	0.04675	0.02294	0.02224	0.01660	0.01006	0.00815	0.00252	0.00829	0.00778	0.00815	0.01356
23	0.01148	0.00829	0.01085	0.01021	0.01212	0.00766	0.00766	0.01531	0.02297	0.03254	0.65994	0.06061	0.07656	0.01659	0.00957	0.00255	0.00383	0.01467	0.00893	0.00766
24	0.00989	0.00706	0.00942	0.01130	0.01177	0.00659	0.00753	0.01130	0.01554	0.02071	0.04472	0.70954	0.05367	0.02542	0.01036	0.00330	0.00471	0.02307	0.00753	0.00659
25	0.01154	0.00791	0.00878	0.00878	0.00910	0.00775	0.00506	0.01178	0.01258	0.01646	0.03220	0.05603	0.10342	0.63355	0.03759	0.00727	0.00743	0.01242	0.00522	0.00514
26	0.03229	0.02041	0.02292	0.01757	0.02401	0.02172	0.01451	0.48187	0.03427	0.21191	0.02274	0.02160	0.01543	0.00982	0.00813	0.00245	0.00840	0.00753	0.00862	0.01380
27	0.01005	0.00730	0.00952	0.01123	0.01200	0.00678	0.00774	0.01166	0.01600	0.02104	0.04807	0.61453	0.10914	0.02479	0.01034	0.00327	0.00482	0.05754	0.00753	0.00667
28	0.01091	0.00779	0.01058	0.01246	0.01338	0.00747	0.00930	0.01306	0.01654	0.02185	0.04416	0.51205	0.05144	0.02446	0.01063	0.00344	0.00559	0.21050	0.00751	0.00687
29	0.01532	0.01442	0.02434	0.69533	0.05589	0.01803	0.02253	0.02073	0.01622	0.02073	0.01442	0.02163	0.01082	0.00811	0.00811	0.00270	0.01082	0.00721	0.00361	0.00901
30	0.01627	0.04197	0.67279	0.02313	0.03512	0.01884	0.02998	0.02570	0.01713	0.02570	0.01456	0.01713	0.01028	0.00771	0.00771	0.00257	0.01199	0.00600	0.00343	0.01199
31	0.02955	0.01454	0.01777	0.01403	0.01961	0.01369	0.01146	0.16159	0.02542	0.40057	0.03993	0.03653	0.15406	0.01220	0.00845	0.00254	0.00675	0.00987	0.00910	0.01234
32	0.02375	0.02756	0.02337	0.02422	0.12047	0.36479	0.01663	0.02632	0.01896	0.02066	0.01399	0.01858	0.01231	0.01701	0.11099	0.00402	0.13642	0.00638	0.00407	0.00952
33	0.01800	0.07392	0.39183	0.03192	0.24114	0.01987	0.05958	0.02537	0.01764	0.02558	0.01469	0.01811	0.01124	0.00746	0.00777	0.00248	0.01111	0.00649	0.00366	0.01212
34	0.48517	0.01468	0.01439	0.01374	0.05317	0.01574	0.01041	0.02606	0.01662	0.16803	0.02218	0.02491	0.05614	0.00967	0.00647	0.00258	0.00652	0.03733	0.00632	0.00988
35	0.01931	0.09874	0.17379	0.02041	0.02714	0.10742	0.11530	0.02475	0.04057	0.02348	0.01510	0.01965	0.01261	0.04808	0.01135	0.00261	0.08488	0.00664	0.00416	0.14401
36	0.01158	0.00808	0.00960	0.00976	0.01044	0.00770	0.00606	0.01242	0.01380	0.01877	0.07150	0.22200	0.03782	0.44756	0.02907	0.00593	0.00667	0.01450	0.00585	0.05088
37	0.01084	0.00773	0.00886	0.00935	0.01005	0.00732	0.00586	0.01164	0.01418	0.01833	0.04250	0.22895	0.16911	0.38909	0.02656	0.00560	0.00625	0.01585	0.00615	0.00576
38	0.01187	0.00710	0.00990	0.01084	0.01108	0.00686	0.00718	0.01100	0.01312	0.01749	0.03000	0.36814	0.03467	0.06340	0.02156	0.34384	0.00592	0.01530	0.00560	0.00513
39	0.02579	0.02373	0.11581	0.01790	0.02534	0.02122	0.01628	0.41879	0.03062	0.04226	0.01770	0.01858	0.01292	0.00866	0.00761	0.00219	0.00875	0.00659	0.00674	0.17253
40	0.01302	0.01081	0.01444	0.01516	0.04813	0.03562	0.01099	0.01570	0.01443	0.02019	0.02698	0.11123	0.06469	0.04363	0.42136	0.00908	0.07237	0.01054	0.03397	0.00766
41	0.01071	0.00826	0.00977	0.00940	0.01165	0.00733	0.00705	0.01381	0.02114	0.02820	0.42364	0.06776	0.31557	0.01821	0.00958	0.00263	0.00394	0.01568	0.00836	0.00733
42	0.02055	0.57660	0.17561	0.01584	0.02384	0.02931	0.01728	0.02459	0.01662	0.02049	0.01197	0.01389	0.01038	0.00710	0.00573	0.00191	0.00938	0.00469	0.00346	0.01075
43	0.03085	0.02273	0.02435	0.01867	0.02516	0.02516	0.01542	0.63716	0.03815	0.05114	0.01948	0.01948	0.01380	0.00974	0.00812	0.00244	0.00893	0.00731	0.00812	0.01380
44	0.01054	0.00826	0.00962	0.00988	0.01207	0.00734	0.00755	0.01319	0.01935	0.02479	0.21995	0.14000	0.37354	0.02028	0.00987	0.00287	0.00452	0.09140	0.00788	0.00711
45	0.01119	0.00850	0.01152	0.01152	0.01307	0.00917	0.00868	0.01357	0.01406	0.01913	0.03513	0.04425	0.15851	0.12879	0.46350	0.01023	0.01634	0.01086	0.00510	0.00689
46	0.01119	0.00761	0.00903	0.00963	0.00978	0.00746	0.00575	0.01164	0.01299	0.01732	0.03169	0.26287	0.03722	0.49453	0.03141	0.00641	0.00686	0.01540	0.00575	0.00545
47	0.00989	0.00706	0.00942	0.01130	0.01177	0.00659	0.00753	0.01130	0.01554	0.02071	0.04472	0.70954	0.05367	0.02542	0.01036	0.00330	0.00471	0.02307	0.00753	0.00659
48	0.02169	0.71972	0.04252	0.01388	0.02083	0.03211	0.01388	0.02430	0.01649	0.01909	0.01128	0.01302	0.01041	0.00694	0.00521	0.00174	0.00868	0.00434	0.00347	0.01041
49	0.01683	0.01442	0.01683	0.01202	0.01923	0.01082	0.00961	0.02043	0.01683	0.02644	0.01442	0.01683	0.01202	0.00601	0.00601	0.00120	0.00601	0.00481	0.00481	0.76444
50	0.68598	0.01651	0.01337	0.01160	0.01679	0.01901	0.00956	0.09515	0.01664	0.03812	0.01225	0.01391	0.00937	0.00779	0.00538	0.00250	0.00659	0.00473	0.00538	0.00937
51	0.01180	0.00787	0.00885	0.00885	0.00885	0.00787	0.00492	0.01180	0.01180	0.01573	0.02557	0.05310	0.02950	0.71483	0.04130	0.00787	0.00787	0.01180	0.00492	0.00492
52	0.02984	0.03778	0.02345	0.02224	0.05459	0.65165	0.01610	0.03206	0.02279	0.02017	0.01267	0.01488	0.01056	0.00831	0.00735	0.00211	0.01440	0.00532	0.00417	0.00957
53	0.02008	0.01928	0.03294	0.04981	0.66422	0.01928	0.02490	0.02490	0.01848	0.02651	0.01526	0.02008	0.01285	0.00723	0.00803	0.00241	0.00964	0.00723	0.00402	0.01285
54	0.02583	0.02973	0.02805	0.06020	0.20882	0.36975	0.07095	0.06532	0.02199	0.02417	0.01414	0.01739	0.01151	0.00798	0.00779	0.00228	0.01263	0.00637	0.00434	0.01076
55	0.01084	0.00925	0.00946	0.00933	0.01218	0.00840	0.00701	0.01531	0.09224	0.02327	0.07477	0.10069	0.55932	0.01965	0.00947	0.00277	0.00441	0.01646	0.00762	0.00754
56	0.01162	0.00860	0.01255	0.01255	0.01383	0.00988	0.00953	0.01417	0.01290	0.01847	0.02218	0.03436	0.02136	0.13742	0.60759	0.01243	0.02011	0.00906	0.00441	0.00697
57	0.02950	0.10261	0.02483	0.02025	0.02469	0.62122	0.01551	0.03164	0.02238	0.01979	0.01242	0.01448	0.01045	0.00823	0.00712	0.00206	0.01407	0.00514	0.00411	0.00950
58	0.01916	0.01608	0.01688	0.01499	0.01940	0.01791	0.01172	0.10593	0.44288	0.03338	0.04197	0.03925	0.15967	0.01290	0.00853	0.00271	0.00622	0.01066	0.00809	0.01167
59	0.02369	0.07571	0.19268	0.02147	0.05005	0.33920	0.01926	0.02954	0.07122	0.02267	0.01505	0.01747	0.01206	0.01060	0.03488	0.00275	0.04103	0.00598	0.00425	0.01044
60	0.00991	0.00832	0.00867	0.00884	0.01150	0.00708	0.00680	0.01212	0.01851	0.02214	0.07859	0.07933	0.60435	0.02072	0.00974	0.00283	0.00442	0.07170	0.00753	0.00691
61	0.08771	0.03949	0.61033	0.02195	0.03328	0.01878	0.02798	0.02552	0.01682	0.02671	0.01425	0.01676	0.01014	0.00769	0.00746	0.00256	0.01145	0.00584	0.00358	0.01169
62	0.02728	0.02530	0.02525	0.02536	0.16147	0.18657	0.01705	0.30574	0.02845	0.03608	0.01644	0.01819	0.01262	0.00856	0.00773	0.00224	0.01027	0.00657	0.00599	0.07285
63	0.02764	0.02801	0.02301	0.05281	0.04920	0.31241	0.01574	0.24648	0.06064	0.03198	0.01690	0.01886	0.01316	0.01238	0.05203	0.00301	0.01226	0.00657	0.00578	0.01112
64	0.03232	0.05097	0.02160	0.01575	0.02192	0.01801	0.01310	0.27906	0.02860	0.35465	0.02566	0.02377	0.01712	0.00974	0.00787	0.00241	0.00764	0.00760	0.04891	0.01331
65	0.00989	0.00706	0.00942	0.01130	0.01177	0.00659	0.00753	0.01130	0.01554	0.02071	0.04472	0.70954	0.05367	0.02542	0.01036	0.00330	0.00471	0.02307	0.00753	0.00659
66	0.01663	0.03988	0.61390	0.02558	0.09302	0.01888	0.02951	0.02562	0.01726	0.02577	0.01463	0.01740	0.01052	0.00766	0.00774	0.00255	0.01178	0.00611	0.00348	0.01207
67	0.01839	0.01940	0.06560	0.03798	0.45269	0.05419	0.02086	0.02291	0.01907	0.02609	0.08237	0.03024	0.09563	0.00977	0.00830	0.00245	0.00887	0.00891	0.00486	0.01141
68	0.01024	0.00764	0.00952	0.01033	0.01168	0.00693	0.00726	0.01242	0.01813	0.02406	0.21294	0.40013	0.19501	0.02204	0.00998	0.00298	0.00435	0.01956	0.00790	0.00693
69	0.03274	0.01968	0.02247	0.01722	0.02364	0.02064	0.01423	0.43311	0.03305	0.26239	0.02376	0.02226	0.01595	0.00984	0.00813	0.00246	0.00824	0.00760	0.00877	0.01380
70	0.01884	0.02489	0.15520	0.03554	0.17242	0.01996	0.39906	0.02571	0.01865	0.02605	0.01584	0.02067	0.01207	0.00708	0.00892	0.00264	0.01253	0.00845	0.00397	0.01153
71	0.01524	0.01150	0.01513	0.01391	0.01548	0.01386	0.01100	0.06718	0.01574	0.02389	0.02037	0.02852	0.01824	0.06721	0.31298	0.00753	0.16142	0.00815	0.16456	0.00808
72	0.23755	0.02713	0.02204	0.04881	0.16037	0.32812	0.01595	0.02795	0.01918	0.02600	0.01284	0.01564	0.01051	0.00788	0.00685	0.00230	0.01106	0.00549	0.00436	0.00995
