[name]
unknown

[dist]
# distance from previous block
# <min> <max>
0	1

[block]
# block no. 0 follows, 22 sequences, length 33
# corresponding to MSA columns:
# 1-33
name=unknown_A
#
# <colnr> <probs for GDERKNQSTAVLIFYWHMCP>
#	G	D	E	R	K	N	Q	S	T	A	V	L	I	F	Y	W	H	M	C	P
0	0.01498	0.01137	0.01457	0.01565	0.01817	0.01199	0.01333	0.02309	0.15501	0.02702	0.04176	0.08001	0.04291	0.02040	0.01081	0.00360	0.00741	0.47123	0.00783	0.00885
1	0.02052	0.01684	0.01825	0.01490	0.02054	0.01712	0.01183	0.15594	0.24950	0.03457	0.03197	0.03111	0.10214	0.01079	0.00793	0.00228	0.00668	0.00876	0.00729	0.23104
2	0.60310	0.01470	0.01238	0.01104	0.01571	0.01650	0.00896	0.02376	0.01620	0.06817	0.12015	0.02240	0.02123	0.00940	0.00609	0.00258	0.00604	0.00646	0.00607	0.00906
3	0.02137	0.01783	0.01914	0.01675	0.02174	0.01996	0.01325	0.11486	0.48290	0.03584	0.03122	0.03215	0.02425	0.01139	0.00844	0.00272	0.00693	0.04257	0.00813	0.06857
4	0.01115	0.00801	0.00917	0.00950	0.01040	0.00754	0.00606	0.01221	0.01528	0.01986	0.09022	0.18672	0.18435	0.36335	0.02611	0.00551	0.00622	0.01582	0.00649	0.00604
5	0.16756	0.03756	0.53367	0.02111	0.03195	0.01916	0.02633	0.02593	0.01685	0.02851	0.01424	0.01673	0.01022	0.00786	0.00734	0.00262	0.01110	0.00581	0.00384	0.01162
6	0.01424	0.00809	0.00942	0.00942	0.01111	0.00852	0.00706	0.01761	0.01592	0.02670	0.02566	0.03293	0.02171	0.06908	0.19876	0.00558	0.00937	0.00835	0.49299	0.00748
7	0.01021	0.00843	0.00896	0.00883	0.01146	0.00718	0.00662	0.01268	0.01986	0.02463	0.19837	0.07635	0.53728	0.02022	0.00981	0.00277	0.00415	0.01703	0.00800	0.00718
8	0.02500	0.01812	0.02021	0.01642	0.02120	0.02006	0.01322	0.41486	0.03032	0.04150	0.02136	0.02562	0.01708	0.06535	0.15047	0.00509	0.01144	0.00809	0.06292	0.01166
9	0.01042	0.00844	0.00924	0.00904	0.01159	0.00727	0.00678	0.01308	0.02035	0.02579	0.25918	0.07443	0.47574	0.01979	0.00981	0.00275	0.00412	0.01676	0.00816	0.00727
10	0.50757	0.01464	0.01361	0.01170	0.01671	0.01580	0.00955	0.02677	0.01748	0.17321	0.10085	0.02314	0.02070	0.00950	0.00646	0.00258	0.00624	0.00673	0.00679	0.00997
11	0.00991	0.00805	0.00880	0.00940	0.01148	0.00693	0.00675	0.01181	0.01799	0.02206	0.07223	0.27355	0.46695	0.02259	0.01006	0.00298	0.00440	0.01942	0.00771	0.00693
12	0.01021	0.00827	0.00906	0.00920	0.01154	0.00713	0.00677	0.01255	0.01935	0.02422	0.18053	0.15988	0.47031	0.02098	0.00992	0.00285	0.00424	0.01790	0.00797	0.00713
13	0.03158	0.02327	0.02493	0.01911	0.02576	0.02576	0.01579	0.62852	0.03906	0.05236	0.01995	0.01995	0.01413	0.00997	0.00831	0.00249	0.00914	0.00748	0.00831	0.01413
14	0.01306	0.00825	0.01063	0.01133	0.01292	0.00747	0.00799	0.01507	0.01801	0.08878	0.11902	0.47225	0.13838	0.02267	0.01017	0.00312	0.00486	0.02021	0.00814	0.00767
15	0.01081	0.00752	0.00944	0.01069	0.01100	0.00721	0.00677	0.01175	0.01456	0.01942	0.03891	0.47531	0.04627	0.26518	0.02171	0.00501	0.00595	0.01957	0.00677	0.00615
16	0.01146	0.00779	0.00924	0.00986	0.01001	0.00764	0.00588	0.01192	0.01330	0.01773	0.03240	0.26023	0.03806	0.49146	0.03222	0.00657	0.00703	0.01574	0.00588	0.00558
17	0.00990	0.00808	0.00876	0.00931	0.01146	0.00694	0.00671	0.01182	0.01807	0.02209	0.07323	0.25730	0.48256	0.02246	0.01004	0.00297	0.00438	0.01927	0.00771	0.00694
18	0.02056	0.01974	0.03372	0.05099	0.65622	0.01974	0.02550	0.02550	0.01892	0.02714	0.01563	0.02056	0.01316	0.00740	0.00822	0.00247	0.00987	0.00740	0.00411	0.01316
19	0.01006	0.00849	0.00875	0.00888	0.01163	0.00719	0.00679	0.01228	0.01895	0.02261	0.08144	0.08088	0.61190	0.02117	0.00993	0.00287	0.00444	0.05697	0.00771	0.00706
20	0.01263	0.00817	0.01077	0.01119	0.01260	0.00876	0.00836	0.01555	0.01519	0.02339	0.02892	0.17846	0.02840	0.03780	0.31908	0.00758	0.01265	0.01175	0.24138	0.00737
21	0.02540	0.01425	0.01908	0.01894	0.10309	0.01387	0.01309	0.03317	0.14977	0.29513	0.18257	0.03610	0.03475	0.01175	0.00871	0.00262	0.00657	0.01008	0.00881	0.01226
22	0.01759	0.01315	0.01604	0.01453	0.01694	0.01468	0.01106	0.18887	0.02096	0.02865	0.02632	0.17064	0.02678	0.13780	0.20348	0.00669	0.05868	0.01194	0.00626	0.00893
23	0.01159	0.00813	0.00892	0.00892	0.00953	0.00783	0.00531	0.01205	0.01358	0.01749	0.03884	0.05995	0.16621	0.55798	0.03519	0.00691	0.00721	0.01327	0.00562	0.00547
24	0.01339	0.01094	0.01373	0.01358	0.01528	0.05582	0.01051	0.01635	0.01428	0.02002	0.02188	0.03133	0.02011	0.05561	0.59108	0.01193	0.02070	0.00859	0.04727	0.00759
25	0.02056	0.01974	0.03372	0.05099	0.65622	0.01974	0.02550	0.02550	0.01892	0.02714	0.01563	0.02056	0.01316	0.00740	0.00822	0.00247	0.00987	0.00740	0.00411	0.01316
26	0.02533	0.02849	0.03017	0.02847	0.13298	0.29246	0.15042	0.06504	0.11294	0.02670	0.01762	0.02014	0.01385	0.00850	0.00830	0.00246	0.01237	0.00737	0.00507	0.01132
27	0.02001	0.02048	0.03862	0.04278	0.38817	0.01974	0.25278	0.02567	0.01909	0.02694	0.01603	0.02108	0.01290	0.00718	0.00871	0.00253	0.01123	0.00818	0.00419	0.05370
28	0.02496	0.02854	0.01840	0.01702	0.02050	0.44094	0.01278	0.02753	0.02124	0.02273	0.02145	0.02405	0.05772	0.01308	0.04974	0.00285	0.01228	0.00693	0.16833	0.00890
29	0.06847	0.17149	0.41083	0.01905	0.02853	0.02045	0.02284	0.02425	0.01761	0.02580	0.05435	0.02345	0.06130	0.00919	0.00744	0.00247	0.01014	0.00701	0.00425	0.01110
30	0.01822	0.01753	0.03009	0.26719	0.37905	0.01864	0.05682	0.02331	0.01816	0.02480	0.01931	0.02460	0.04895	0.00847	0.00843	0.00261	0.01019	0.00811	0.00418	0.01135
31	0.02322	0.36558	0.09108	0.05513	0.02573	0.05622	0.01644	0.13745	0.10381	0.02826	0.01656	0.01782	0.01325	0.00838	0.00678	0.00219	0.00933	0.00601	0.00510	0.01164
32	0.02375	0.09577	0.02403	0.02071	0.06828	0.33993	0.01520	0.02646	0.02105	0.02331	0.14100	0.02512	0.02450	0.01084	0.01051	0.00243	0.10482	0.00762	0.00508	0.00956

[dist]
# distance from previous block
# <min> <max>
3	16

[block]
# block no. 1 follows, 22 sequences, length 90
# corresponding to MSA columns:
# 50-139
name=unknown_B
#
# <colnr> <probs for GDERKNQSTAVLIFYWHMCP>
#	G	D	E	R	K	N	Q	S	T	A	V	L	I	F	Y	W	H	M	C	P
0	0.32877	0.20135	0.09638	0.01504	0.02121	0.13755	0.01399	0.02592	0.01729	0.02833	0.03968	0.01626	0.01288	0.00813	0.00612	0.00230	0.00912	0.00527	0.00457	0.00986
1	0.08374	0.02147	0.01974	0.07418	0.05868	0.16317	0.01398	0.18863	0.05682	0.03348	0.02337	0.02511	0.05837	0.00998	0.00756	0.00239	0.00906	0.00759	0.13203	0.01064
2	0.02309	0.01952	0.02210	0.02271	0.13128	0.05208	0.01539	0.18173	0.28858	0.03680	0.05791	0.02730	0.02229	0.01036	0.00825	0.00258	0.00790	0.00858	0.04889	0.01265
3	0.02866	0.05729	0.02313	0.01863	0.02367	0.28564	0.01469	0.28640	0.02908	0.03483	0.01865	0.05631	0.01536	0.01015	0.00781	0.00233	0.01088	0.00740	0.05776	0.01132
4	0.06381	0.01692	0.01864	0.01527	0.02039	0.01735	0.01207	0.30758	0.02709	0.03814	0.02512	0.19650	0.02407	0.01322	0.00828	0.00246	0.00724	0.01097	0.00727	0.16759
5	0.02098	0.02272	0.17947	0.01889	0.05243	0.01758	0.01726	0.13510	0.16119	0.08779	0.16481	0.03199	0.03067	0.01123	0.00857	0.00263	0.00804	0.00934	0.00731	0.01199
6	0.02347	0.01763	0.01998	0.01648	0.02189	0.01817	0.01361	0.33669	0.02897	0.03945	0.02565	0.07360	0.02348	0.01296	0.00870	0.00258	0.00797	0.13897	0.00745	0.16228
7	0.02868	0.03513	0.02583	0.02806	0.16755	0.52734	0.01818	0.03145	0.02250	0.02186	0.01347	0.01624	0.01125	0.00830	0.00766	0.00221	0.01383	0.00581	0.00424	0.01042
8	0.01580	0.01149	0.01360	0.01244	0.01500	0.01161	0.00930	0.15218	0.02415	0.03298	0.29719	0.19562	0.07965	0.07567	0.01237	0.00322	0.00566	0.01511	0.00823	0.00874
9	0.02133	0.02089	0.02905	0.03922	0.42525	0.07530	0.02152	0.03003	0.15897	0.02788	0.01922	0.02231	0.01557	0.00877	0.00927	0.00258	0.04747	0.00767	0.00508	0.01263
10	0.01124	0.00841	0.01043	0.01005	0.01213	0.00760	0.00749	0.01463	0.02212	0.03028	0.49474	0.09713	0.20650	0.01833	0.00984	0.00269	0.00403	0.01600	0.00875	0.00760
11	0.02130	0.55671	0.03946	0.01592	0.02143	0.03120	0.01511	0.02378	0.01594	0.01965	0.01140	0.01442	0.01072	0.00878	0.01026	0.00219	0.16276	0.00508	0.00357	0.01031
12	0.00999	0.00842	0.00865	0.00859	0.01132	0.00708	0.00644	0.01225	0.01933	0.02338	0.13332	0.07840	0.60310	0.02069	0.00982	0.00279	0.00418	0.01732	0.00784	0.00708
13	0.01025	0.00843	0.00901	0.00887	0.01148	0.00720	0.00665	0.01275	0.01995	0.02485	0.20971	0.07599	0.52580	0.02014	0.00981	0.00276	0.00414	0.01698	0.00803	0.00720
14	0.01627	0.00850	0.00859	0.00830	0.01047	0.00863	0.00630	0.04923	0.01848	0.03202	0.02675	0.03043	0.02094	0.00969	0.00593	0.00196	0.00413	0.00773	0.71759	0.00806
15	0.02221	0.71304	0.04353	0.01421	0.02132	0.03287	0.01421	0.02488	0.01688	0.01955	0.01155	0.01333	0.01066	0.00711	0.00533	0.00178	0.00888	0.00444	0.00355	0.01066
16	0.00998	0.00847	0.00865	0.00874	0.01150	0.00713	0.00664	0.01217	0.01894	0.02255	0.08229	0.08059	0.62470	0.02113	0.00990	0.00285	0.00437	0.04464	0.00771	0.00704
17	0.02066	0.01785	0.01878	0.01691	0.02160	0.02066	0.01315	0.04414	0.64121	0.03475	0.03381	0.03099	0.02536	0.01127	0.00845	0.00282	0.00657	0.00939	0.00845	0.01315
18	0.03103	0.03959	0.02354	0.02140	0.02568	0.67469	0.01605	0.03317	0.02354	0.02033	0.01284	0.01498	0.01070	0.00856	0.00749	0.00214	0.01498	0.00535	0.00428	0.00963
19	0.03120	0.03458	0.02397	0.02070	0.02571	0.47559	0.01597	0.21584	0.02830	0.03016	0.01502	0.01650	0.01175	0.00899	0.00774	0.00225	0.01319	0.00600	0.00552	0.01101
20	0.01208	0.00805	0.00906	0.00906	0.00906	0.00805	0.00503	0.01208	0.01208	0.01611	0.02618	0.05436	0.03020	0.70804	0.04228	0.00805	0.00805	0.01208	0.00503	0.00503
21	0.76672	0.01607	0.01221	0.01092	0.01607	0.01864	0.00900	0.02442	0.01414	0.03727	0.01157	0.01350	0.00900	0.00771	0.00514	0.00257	0.00643	0.00450	0.00514	0.00900
22	0.01913	0.01828	0.03113	0.23808	0.48031	0.01936	0.02478	0.02424	0.01824	0.02540	0.01537	0.02103	0.01255	0.00767	0.00825	0.00256	0.01022	0.00740	0.00399	0.01200
23	0.01426	0.01242	0.01794	0.01656	0.01748	0.01610	0.01334	0.01679	0.01311	0.01955	0.01795	0.02715	0.01703	0.04419	0.42941	0.00967	0.27659	0.00828	0.00414	0.00805
24	0.01187	0.00890	0.01335	0.01335	0.01483	0.01038	0.01038	0.01483	0.01335	0.01928	0.02225	0.03264	0.02077	0.06231	0.67512	0.01335	0.02225	0.00890	0.00445	0.00742
25	0.02066	0.01141	0.01456	0.01269	0.01631	0.01084	0.00988	0.02686	0.10582	0.22472	0.35218	0.07740	0.05257	0.01460	0.00922	0.00266	0.00528	0.01264	0.00933	0.01042
26	0.02351	0.01866	0.03045	0.04295	0.51337	0.01846	0.02255	0.02905	0.05030	0.13920	0.01954	0.02243	0.01506	0.00810	0.00826	0.00250	0.00921	0.00767	0.00541	0.01333
27	0.01990	0.04221	0.52068	0.02317	0.03364	0.16675	0.02740	0.02785	0.01889	0.02496	0.01444	0.01696	0.01056	0.00804	0.00780	0.00252	0.01289	0.00596	0.00368	0.01168
28	0.01633	0.00939	0.01208	0.01090	0.01321	0.00866	0.00798	0.01924	0.02099	0.14018	0.40202	0.05437	0.05736	0.17128	0.01685	0.00383	0.00540	0.01319	0.00842	0.00832
29	0.01606	0.00985	0.01172	0.01100	0.01400	0.00882	0.00830	0.04437	0.02061	0.14090	0.13687	0.20336	0.30389	0.01918	0.00966	0.00285	0.00504	0.01645	0.00839	0.00866
30	0.05386	0.01875	0.02869	0.09197	0.43712	0.01980	0.02178	0.02930	0.15853	0.02884	0.01947	0.02272	0.01555	0.00836	0.00814	0.00257	0.00907	0.00772	0.00510	0.01266
31	0.01914	0.01911	0.03499	0.20459	0.37055	0.01971	0.16001	0.02469	0.01850	0.02556	0.01568	0.02137	0.01252	0.00754	0.00860	0.00262	0.01110	0.00794	0.00403	0.01175
32	0.02056	0.01974	0.03372	0.05099	0.65622	0.01974	0.02550	0.02550	0.01892	0.02714	0.01563	0.02056	0.01316	0.00740	0.00822	0.00247	0.00987	0.00740	0.00411	0.01316
33	0.02405	0.02841	0.01983	0.01847	0.02173	0.43254	0.01399	0.02649	0.01983	0.01995	0.01627	0.02142	0.01437	0.02815	0.25086	0.00623	0.01763	0.00664	0.00434	0.00882
34	0.01033	0.00838	0.00916	0.00908	0.01156	0.00721	0.00677	0.01287	0.01997	0.02518	0.22807	0.10330	0.47865	0.02022	0.00985	0.00278	0.00416	0.01716	0.00808	0.00721
35	0.01062	0.00818	0.00971	0.00989	0.01186	0.00727	0.00720	0.01327	0.02001	0.02631	0.29173	0.21085	0.30197	0.02060	0.00998	0.00286	0.00423	0.01792	0.00826	0.00727
36	0.67609	0.01506	0.01167	0.01054	0.01530	0.01732	0.00861	0.02381	0.01453	0.03651	0.01344	0.01560	0.01048	0.00795	0.00522	0.00249	0.00612	0.00489	0.09551	0.00885
37	0.00982	0.00842	0.00842	0.00842	0.01122	0.00701	0.00631	0.01192	0.01894	0.02244	0.08416	0.07995	0.65285	0.02104	0.00982	0.00281	0.00421	0.01753	0.00771	0.00701
38	0.00982	0.00842	0.00842	0.00842	0.01122	0.00701	0.00631	0.01192	0.01894	0.02244	0.08416	0.07995	0.65285	0.02104	0.00982	0.00281	0.00421	0.01753	0.00771	0.00701
39	0.01723	0.01477	0.01723	0.01230	0.01969	0.01107	0.00984	0.02092	0.01723	0.02707	0.01477	0.01723	0.01230	0.00615	0.00615	0.00123	0.00615	0.00492	0.00492	0.75883
40	0.01132	0.00847	0.01050	0.00999	0.01214	0.00765	0.00750	0.01483	0.02249	0.03087	0.52412	0.06608	0.20763	0.01790	0.00980	0.00266	0.00398	0.01559	0.00882	0.00765
41	0.01265	0.00995	0.01445	0.01401	0.01519	0.01201	0.01087	0.01523	0.01317	0.01910	0.02121	0.03272	0.02037	0.11080	0.54378	0.01173	0.10196	0.00897	0.00440	0.00742
42	0.02056	0.01974	0.03372	0.05099	0.65622	0.01974	0.02550	0.02550	0.01892	0.02714	0.01563	0.02056	0.01316	0.00740	0.00822	0.00247	0.00987	0.00740	0.00411	0.01316
43	0.03003	0.02824	0.02369	0.01963	0.02522	0.24935	0.01555	0.35018	0.10854	0.03910	0.01921	0.01960	0.01434	0.00965	0.00804	0.00241	0.01084	0.00698	0.00694	0.01245
44	0.01230	0.00954	0.01418	0.01393	0.01531	0.01142	0.01092	0.01519	0.01331	0.01933	0.02147	0.03164	0.02009	0.05902	0.63056	0.01268	0.06838	0.00879	0.00439	0.00753
45	0.03103	0.03959	0.02354	0.02140	0.02568	0.67469	0.01605	0.03317	0.02354	0.02033	0.01284	0.01498	0.01070	0.00856	0.00749	0.00214	0.01498	0.00535	0.00428	0.00963
46	0.02022	0.01926	0.03277	0.04932	0.62623	0.01926	0.02493	0.02511	0.01893	0.02703	0.01696	0.02399	0.01479	0.00813	0.00838	0.00253	0.00977	0.03523	0.00428	0.01290
47	0.01693	0.04137	0.62157	0.02556	0.07862	0.01932	0.03034	0.02625	0.01763	0.02637	0.01496	0.01775	0.01070	0.00786	0.00792	0.00262	0.01211	0.00623	0.00355	0.01234
48	0.01187	0.00890	0.01335	0.01335	0.01483	0.01038	0.01038	0.01483	0.01335	0.01928	0.02225	0.03264	0.02077	0.06231	0.67512	0.01335	0.02225	0.00890	0.00445	0.00742
49	0.01505	0.03415	0.50330	0.02069	0.03006	0.01620	0.02502	0.02267	0.01714	0.02505	0.02253	0.18657	0.02148	0.01237	0.00856	0.00281	0.01044	0.01045	0.00455	0.01091
50	0.02523	0.48285	0.03670	0.01667	0.02281	0.25225	0.01484	0.02771	0.01916	0.01981	0.01199	0.01389	0.01067	0.00760	0.00607	0.00190	0.01097	0.00475	0.00380	0.01031
51	0.01108	0.00847	0.01017	0.00974	0.01200	0.00755	0.00731	0.01437	0.02192	0.02952	0.45362	0.06830	0.27897	0.01840	0.00981	0.00268	0.00402	0.01590	0.00865	0.00755
52	0.02759	0.25922	0.03041	0.01703	0.02349	0.06337	0.01480	0.36055	0.02960	0.03836	0.01702	0.01792	0.01309	0.00890	0.00713	0.00220	0.00913	0.00634	0.04147	0.01239
53	0.02250	0.02364	0.02351	0.11947	0.19051	0.24348	0.01759	0.02679	0.04476	0.05260	0.05446	0.02899	0.09594	0.01036	0.00827	0.00246	0.01056	0.00844	0.00525	0.01042
54	0.01208	0.00805	0.00906	0.00906	0.00906	0.00805	0.00503	0.01208	0.01208	0.01611	0.02618	0.05436	0.03020	0.70804	0.04228	0.00805	0.00805	0.01208	0.00503	0.00503
55	0.03103	0.03959	0.02354	0.02140	0.02568	0.67469	0.01605	0.03317	0.02354	0.02033	0.01284	0.01498	0.01070	0.00856	0.00749	0.00214	0.01498	0.00535	0.00428	0.00963
56	0.28903	0.05347	0.13232	0.01547	0.02253	0.01826	0.01484	0.10001	0.02074	0.22931	0.01968	0.01952	0.01351	0.00877	0.00700	0.00254	0.00809	0.00632	0.00674	0.01184
57	0.01208	0.00805	0.00906	0.00906	0.00906	0.00805	0.00503	0.01208	0.01208	0.01611	0.02618	0.05436	0.03020	0.70804	0.04228	0.00805	0.00805	0.01208	0.00503	0.00503
58	0.01321	0.00951	0.01314	0.01496	0.01692	0.00944	0.01304	0.01695	0.01911	0.02474	0.04596	0.09303	0.07749	0.02286	0.01139	0.00377	0.00748	0.57172	0.00765	0.00762
59	0.03727	0.01414	0.01928	0.01478	0.02121	0.01221	0.01221	0.04049	0.02378	0.66198	0.03277	0.02828	0.02056	0.01028	0.00835	0.00257	0.00707	0.00835	0.01028	0.01414
60	0.01887	0.03099	0.28822	0.12034	0.04086	0.07596	0.25324	0.02630	0.01871	0.02520	0.01543	0.01980	0.01140	0.00767	0.00864	0.00267	0.01299	0.00763	0.00386	0.01122
61	0.01115	0.00766	0.00934	0.01026	0.01049	0.00743	0.00631	0.01184	0.01390	0.01854	0.03553	0.36343	0.04200	0.38288	0.02718	0.00582	0.00651	0.01758	0.00631	0.00585
62	0.01208	0.00805	0.00906	0.00906	0.00906	0.00805	0.00503	0.01208	0.01208	0.01611	0.02618	0.05436	0.03020	0.70804	0.04228	0.00805	0.00805	0.01208	0.00503	0.00503
63	0.02687	0.03170	0.02759	0.03316	0.27621	0.41447	0.01980	0.03012	0.02170	0.02304	0.01395	0.01720	0.01168	0.00810	0.00778	0.00227	0.01295	0.00617	0.00421	0.01103
64	0.01208	0.00805	0.00906	0.00906	0.00906	0.00805	0.00503	0.01208	0.01208	0.01611	0.02618	0.05436	0.03020	0.70804	0.04228	0.00805	0.00805	0.01208	0.00503	0.00503
65	0.01012	0.00723	0.00964	0.01157	0.01205	0.00675	0.00771	0.01157	0.01591	0.02121	0.04579	0.70262	0.05495	0.02603	0.01060	0.00337	0.00482	0.02362	0.00771	0.00675
66	0.02802	0.26979	0.03037	0.01895	0.02419	0.45531	0.01542	0.03034	0.02126	0.02006	0.01240	0.01442	0.01069	0.00806	0.00675	0.00202	0.01290	0.00504	0.00403	0.00998
67	0.01133	0.00833	0.01088	0.01248	0.01390	0.00788	0.00967	0.01381	0.01766	0.02283	0.05152	0.36307	0.15239	0.02400	0.01081	0.00345	0.00581	0.24535	0.00769	0.00714
68	0.01712	0.01622	0.02750	0.50120	0.23293	0.01883	0.02378	0.02248	0.01729	0.02296	0.01502	0.02168	0.01169	0.00804	0.00828	0.00268	0.01072	0.00739	0.00381	0.01038
69	0.03103	0.03959	0.02354	0.02140	0.02568	0.67469	0.01605	0.03317	0.02354	0.02033	0.01284	0.01498	0.01070	0.00856	0.00749	0.00214	0.01498	0.00535	0.00428	0.00963
70	0.76672	0.01607	0.01221	0.01092	0.01607	0.01864	0.00900	0.02442	0.01414	0.03727	0.01157	0.01350	0.00900	0.00771	0.00514	0.00257	0.00643	0.00450	0.00514	0.00900
71	0.02056	0.01974	0.03372	0.05099	0.65622	0.01974	0.02550	0.02550	0.01892	0.02714	0.01563	0.02056	0.01316	0.00740	0.00822	0.00247	0.00987	0.00740	0.00411	0.01316
72	0.01085	0.00779	0.01029	0.01107	0.01221	0.00723	0.00777	0.01340	0.01930	0.02661	0.31618	0.41683	0.06540	0.02199	0.01024	0.00303	0.00442	0.01978	0.00835	0.00723
73	0.00982	0.00842	0.00842	0.00842	0.01122	0.00701	0.00631	0.01192	0.01894	0.02244	0.08416	0.07995	0.65285	0.02104	0.00982	0.00281	0.00421	0.01753	0.00771	0.00701
74	0.01012	0.00723	0.00964	0.01157	0.01205	0.00675	0.00771	0.01157	0.01591	0.02121	0.04579	0.70262	0.05495	0.02603	0.01060	0.00337	0.00482	0.02362	0.00771	0.00675
75	0.03727	0.01414	0.01928	0.01478	0.02121	0.01221	0.01221	0.04049	0.02378	0.66198	0.03277	0.02828	0.02056	0.01028	0.00835	0.00257	0.00707	0.00835	0.01028	0.01414
76	0.03142	0.02806	0.02452	0.01979	0.02574	0.21633	0.01587	0.45369	0.03450	0.04295	0.01786	0.01849	0.01312	0.00956	0.00807	0.00239	0.01086	0.00685	0.00713	0.01281
77	0.01789	0.19117	0.52756	0.02159	0.03272	0.02230	0.02705	0.02599	0.01739	0.02481	0.01417	0.01661	0.01055	0.00772	0.00733	0.00244	0.01153	0.00576	0.00352	0.01192
78	0.02523	0.48285	0.03670	0.01667	0.02281	0.25225	0.01484	0.02771	0.01916	0.01981	0.01199	0.01389	0.01067	0.00760	0.00607	0.00190	0.01097	0.00475	0.00380	0.01031
79	0.03103	0.03959	0.02354	0.02140	0.02568	0.67469	0.01605	0.03317	0.02354	0.02033	0.01284	0.01498	0.01070	0.00856	0.00749	0.00214	0.01498	0.00535	0.00428	0.00963
80	0.01706	0.00926	0.00942	0.00885	0.01125	0.00950	0.00678	0.07876	0.01953	0.03306	0.02640	0.02990	0.02059	0.00971	0.00605	0.00199	0.00439	0.00772	0.68144	0.00837
81	0.01078	0.00831	0.00984	0.00976	0.01189	0.00737	0.00721	0.01367	0.02075	0.02747	0.34973	0.14656	0.30729	0.01971	0.00990	0.00278	0.00414	0.01707	0.00839	0.00737
82	0.01610	0.01665	0.01359	0.01344	0.01581	0.18958	0.00984	0.01835	0.01962	0.02283	0.12912	0.22578	0.19139	0.02126	0.05516	0.00348	0.00852	0.01492	0.00675	0.00780
83	0.02997	0.12084	0.02595	0.02053	0.02516	0.59726	0.01583	0.03217	0.02274	0.02024	0.01269	0.01478	0.01070	0.00839	0.00723	0.00210	0.01425	0.00524	0.00419	0.00976
84	0.01201	0.00834	0.01053	0.01053	0.01103	0.00885	0.00686	0.01302	0.01252	0.01719	0.02483	0.04694	0.02698	0.48732	0.25859	0.00986	0.01291	0.01099	0.00483	0.00585
85	0.00999	0.00776	0.00909	0.01016	0.01168	0.00687	0.00709	0.01173	0.01726	0.02176	0.06291	0.42482	0.32170	0.02380	0.01025	0.00312	0.00455	0.02090	0.00771	0.00687
86	0.02162	0.02469	0.03491	0.02725	0.03172	0.16717	0.27250	0.02568	0.01800	0.02284	0.01381	0.01924	0.01157	0.01006	0.01557	0.00295	0.25839	0.00791	0.00402	0.01010
87	0.02177	0.02330	0.02305	0.02626	0.20756	0.21873	0.01612	0.02625	0.05451	0.02488	0.02385	0.02584	0.09007	0.00934	0.00774	0.00215	0.00976	0.00755	0.00502	0.17624
88	0.01765	0.02480	0.24267	0.01783	0.02468	0.01749	0.01807	0.07096	0.24412	0.03018	0.03393	0.09251	0.10427	0.01261	0.00862	0.00278	0.00827	0.01047	0.00655	0.01153
89	0.01736	0.01267	0.01448	0.01301	0.01650	0.01239	0.00980	0.15181	0.04755	0.05687	0.04111	0.27243	0.14211	0.04993	0.01072	0.00298	0.00615	0.01494	0.00752	0.09966

[dist]
# distance from previous block
# <min> <max>
2	18

[block]
# block no. 2 follows, 22 sequences, length 11
# corresponding to MSA columns:
# 158-168
name=unknown_C
#
# <colnr> <probs for GDERKNQSTAVLIFYWHMCP>
#	G	D	E	R	K	N	Q	S	T	A	V	L	I	F	Y	W	H	M	C	P
0	0.02038	0.46094	0.16586	0.01630	0.02379	0.02718	0.01722	0.05492	0.01775	0.02257	0.01388	0.01672	0.01196	0.01370	0.08227	0.00331	0.01111	0.00545	0.00389	0.01080
1	0.02144	0.22194	0.26011	0.01900	0.02673	0.15223	0.02001	0.02659	0.01835	0.05160	0.01525	0.01812	0.01225	0.01426	0.08490	0.00354	0.01280	0.00594	0.00410	0.01082
2	0.01977	0.41850	0.31671	0.01837	0.02775	0.02690	0.02146	0.02551	0.01717	0.02252	0.01303	0.01518	0.01060	0.00745	0.00646	0.00215	0.01038	0.00519	0.00353	0.01137
3	0.02076	0.24793	0.26658	0.02469	0.10320	0.09838	0.07842	0.02657	0.01837	0.02363	0.01388	0.01673	0.01109	0.00758	0.00726	0.00230	0.01140	0.00600	0.00374	0.01147
4	0.01042	0.00856	0.00926	0.00942	0.01203	0.00739	0.00728	0.01290	0.01940	0.02378	0.13464	0.07981	0.52650	0.02087	0.01001	0.00291	0.00458	0.08522	0.00785	0.00717
5	0.01009	0.00734	0.00953	0.01128	0.01197	0.00677	0.00758	0.01160	0.01619	0.02132	0.04934	0.64493	0.11034	0.02556	0.01053	0.00332	0.00476	0.02305	0.00771	0.00677
6	0.01012	0.00723	0.00964	0.01157	0.01205	0.00675	0.00771	0.01157	0.01591	0.02121	0.04579	0.70262	0.05495	0.02603	0.01060	0.00337	0.00482	0.02362	0.00771	0.00675
7	0.12033	0.01436	0.01847	0.01434	0.02062	0.01294	0.01184	0.03866	0.02268	0.59084	0.03036	0.02659	0.01925	0.00999	0.00799	0.00257	0.00700	0.00792	0.00970	0.01355
8	0.03158	0.02327	0.02493	0.01911	0.02576	0.02576	0.01579	0.62852	0.03906	0.05236	0.01995	0.01995	0.01413	0.00997	0.00831	0.00249	0.00914	0.00748	0.00831	0.01413
9	0.01549	0.00774	0.00774	0.00774	0.00968	0.00774	0.00581	0.01936	0.01742	0.03097	0.02710	0.03097	0.02129	0.00968	0.00581	0.00194	0.00387	0.00774	0.75416	0.00774
10	0.00996	0.00842	0.00861	0.00856	0.01131	0.00707	0.00642	0.01220	0.01927	0.02324	0.12574	0.07864	0.61077	0.02074	0.00982	0.00279	0.00419	0.01735	0.00782	0.00707

[dist]
# distance from previous block
# <min> <max>
0	1

[block]
# block no. 3 follows, 22 sequences, length 20
# corresponding to MSA columns:
# 170-189
name=unknown_D
#
# <colnr> <probs for GDERKNQSTAVLIFYWHMCP>
#	G	D	E	R	K	N	Q	S	T	A	V	L	I	F	Y	W	H	M	C	P
0	0.01553	0.01414	0.01264	0.01150	0.01507	0.08292	0.00885	0.11029	0.02257	0.02687	0.06636	0.06350	0.48317	0.01795	0.00933	0.00268	0.00615	0.01464	0.00743	0.00841
1	0.02700	0.03313	0.02140	0.01971	0.02340	0.53484	0.01486	0.02931	0.02140	0.02011	0.01482	0.01870	0.01282	0.01987	0.14804	0.00450	0.01651	0.00610	0.00432	0.00916
2	0.13513	0.17488	0.35607	0.02312	0.10681	0.02206	0.02325	0.02562	0.01704	0.02672	0.01378	0.01641	0.01064	0.00764	0.00697	0.00242	0.01036	0.00569	0.00385	0.01154
3	0.02186	0.02220	0.03246	0.04732	0.57796	0.10103	0.02432	0.02645	0.01949	0.02630	0.01528	0.01987	0.01285	0.00755	0.00813	0.00243	0.01050	0.00715	0.00413	0.01272
4	0.01111	0.00847	0.01020	0.00977	0.01201	0.00756	0.00733	0.01442	0.02198	0.02968	0.46187	0.06804	0.27062	0.01834	0.00980	0.00268	0.00402	0.01586	0.00867	0.00756
5	0.02706	0.01989	0.02171	0.01753	0.02288	0.02176	0.01409	0.49864	0.03418	0.04580	0.02539	0.16366	0.02272	0.01335	0.00879	0.00268	0.00823	0.01088	0.00818	0.01257
6	0.01035	0.00844	0.00915	0.00897	0.01155	0.00724	0.00673	0.01295	0.02019	0.02542	0.23983	0.07504	0.49532	0.01993	0.00981	0.00275	0.00413	0.01684	0.00811	0.00724
7	0.01072	0.00845	0.00967	0.00937	0.01178	0.00740	0.00702	0.01367	0.02107	0.02752	0.34907	0.07160	0.38477	0.01915	0.00981	0.00272	0.00407	0.01636	0.00838	0.00740
8	0.01176	0.00849	0.01110	0.01045	0.01241	0.00784	0.00784	0.01568	0.02352	0.03331	0.65184	0.06206	0.07839	0.01698	0.00980	0.00261	0.00392	0.01502	0.00914	0.00784
9	0.01549	0.00774	0.00774	0.00774	0.00968	0.00774	0.00581	0.01936	0.01742	0.03097	0.02710	0.03097	0.02129	0.00968	0.00581	0.00194	0.00387	0.00774	0.75416	0.00774
10	0.12976	0.00959	0.01091	0.01023	0.01268	0.00951	0.00780	0.01744	0.02139	0.03367	0.48382	0.05109	0.06134	0.01474	0.00864	0.00253	0.00430	0.01259	0.08996	0.00801
11	0.00998	0.00842	0.00864	0.00858	0.01132	0.00708	0.00644	0.01223	0.01932	0.02335	0.13136	0.07846	0.60509	0.02070	0.00982	0.00279	0.00418	0.01732	0.00783	0.00708
12	0.03042	0.03843	0.02414	0.02314	0.06264	0.63630	0.01660	0.03272	0.02327	0.02073	0.01300	0.01531	0.01085	0.00849	0.00753	0.00216	0.01468	0.00547	0.00427	0.00984
13	0.01187	0.00890	0.01335	0.01335	0.01483	0.01038	0.01038	0.01483	0.01335	0.01928	0.02225	0.03264	0.02077	0.06231	0.67512	0.01335	0.02225	0.00890	0.00445	0.00742
14	0.01852	0.26720	0.45704	0.02051	0.03106	0.02384	0.02518	0.02583	0.01732	0.02405	0.01378	0.01613	0.01057	0.00763	0.00704	0.00235	0.01114	0.00557	0.00352	0.01174
15	0.02225	0.01624	0.02443	0.03143	0.30479	0.01630	0.01855	0.02943	0.11380	0.14891	0.02761	0.03901	0.02371	0.01181	0.00897	0.00283	0.00837	0.13270	0.00669	0.01218
16	0.13707	0.32664	0.24274	0.01743	0.02571	0.07952	0.01901	0.02597	0.01723	0.02461	0.01277	0.01488	0.01036	0.00758	0.00633	0.00221	0.01013	0.00509	0.00385	0.01085
17	0.01143	0.00889	0.01066	0.01138	0.01375	0.00812	0.00931	0.01438	0.01939	0.02433	0.11503	0.08405	0.35922	0.02148	0.01049	0.00320	0.00558	0.25414	0.00781	0.00734
18	0.01813	0.22059	0.50027	0.02117	0.03208	0.02289	0.02633	0.02593	0.01736	0.02452	0.01402	0.01642	0.01056	0.00768	0.00721	0.00240	0.01138	0.00569	0.00352	0.01185
19	0.02186	0.02220	0.03246	0.04732	0.57796	0.10103	0.02432	0.02645	0.01949	0.02630	0.01528	0.01987	0.01285	0.00755	0.00813	0.00243	0.01050	0.00715	0.00413	0.01272

[dist]
# distance from previous block
# <min> <max>
0	1

[block]
# block no. 4 follows, 22 sequences, length 24
# corresponding to MSA columns:
# 191-214
name=unknown_E
#
# <colnr> <probs for GDERKNQSTAVLIFYWHMCP>
#	G	D	E	R	K	N	Q	S	T	A	V	L	I	F	Y	W	H	M	C	P
0	0.01012	0.00723	0.00964	0.01157	0.01205	0.00675	0.00771	0.01157	0.01591	0.02121	0.04579	0.70262	0.05495	0.02603	0.01060	0.00337	0.00482	0.02362	0.00771	0.00675
1	0.02382	0.42743	0.07757	0.01743	0.02349	0.20173	0.01615	0.02673	0.01832	0.02024	0.01206	0.01448	0.01068	0.00821	0.00805	0.00210	0.07235	0.00505	0.00375	0.01035
2	0.01116	0.00805	0.01104	0.01186	0.01267	0.00844	0.00834	0.01298	0.01422	0.01956	0.03292	0.32108	0.03690	0.15675	0.28504	0.00821	0.01243	0.01570	0.00594	0.00673
3	0.01205	0.00818	0.00972	0.00972	0.00994	0.00841	0.00585	0.01250	0.01227	0.01659	0.02558	0.05105	0.02876	0.60942	0.13894	0.00886	0.01022	0.01160	0.00494	0.00540
4	0.01004	0.00754	0.00932	0.01073	0.01183	0.00682	0.00734	0.01166	0.01671	0.02153	0.05596	0.53755	0.21345	0.02470	0.01040	0.00322	0.00466	0.02200	0.00771	0.00682
5	0.21644	0.01680	0.02453	0.29264	0.24933	0.01894	0.02016	0.02352	0.01674	0.02748	0.01421	0.01932	0.01123	0.00784	0.00744	0.00261	0.00943	0.00662	0.00422	0.01050
6	0.02660	0.19679	0.03059	0.02622	0.16399	0.37594	0.01770	0.02949	0.02092	0.02165	0.01315	0.01582	0.01123	0.00796	0.00713	0.00213	0.01239	0.00559	0.00407	0.01066
7	0.02038	0.02024	0.03657	0.04802	0.54211	0.01997	0.13732	0.02570	0.01904	0.02704	0.01585	0.02091	0.01306	0.00733	0.00852	0.00253	0.01064	0.00785	0.00413	0.01280
8	0.01963	0.02531	0.18518	0.04444	0.50740	0.01963	0.02674	0.02569	0.01859	0.02694	0.01545	0.01984	0.01253	0.00752	0.00814	0.00251	0.01045	0.00710	0.00397	0.01295
9	0.02214	0.02421	0.03013	0.09468	0.32181	0.19652	0.08684	0.02640	0.02004	0.02439	0.01957	0.02341	0.05559	0.00868	0.00831	0.00246	0.01143	0.00779	0.00437	0.01123
10	0.08871	0.43225	0.18812	0.01680	0.02473	0.08287	0.01785	0.02588	0.01736	0.02283	0.01247	0.01449	0.01048	0.00747	0.00611	0.00208	0.01000	0.00493	0.00375	0.01081
11	0.01556	0.01315	0.01311	0.01278	0.01534	0.06912	0.00957	0.10760	0.02105	0.02621	0.04921	0.24907	0.22548	0.06645	0.01197	0.00332	0.00666	0.06887	0.00731	0.00817
12	0.01218	0.00806	0.01000	0.01036	0.01110	0.00832	0.00693	0.01376	0.01391	0.02009	0.02903	0.16629	0.03119	0.31945	0.18265	0.00752	0.01022	0.01280	0.11981	0.00634
13	0.01529	0.00934	0.01185	0.01073	0.01353	0.00835	0.00822	0.01877	0.02270	0.12730	0.45158	0.06023	0.17652	0.01672	0.00958	0.00264	0.00445	0.01447	0.00905	0.00865
14	0.01097	0.00842	0.00980	0.00948	0.01163	0.00751	0.00696	0.01379	0.02062	0.02727	0.35960	0.06894	0.31622	0.07742	0.01257	0.00316	0.00439	0.01583	0.00819	0.00725
15	0.01047	0.00884	0.00912	0.00897	0.01179	0.00769	0.00675	0.01368	0.04678	0.02396	0.13308	0.07618	0.57343	0.02024	0.00976	0.00279	0.00429	0.01695	0.00788	0.00736
16	0.03103	0.03959	0.02354	0.02140	0.02568	0.67469	0.01605	0.03317	0.02354	0.02033	0.01284	0.01498	0.01070	0.00856	0.00749	0.00214	0.01498	0.00535	0.00428	0.00963
17	0.03103	0.03959	0.02354	0.02140	0.02568	0.67469	0.01605	0.03317	0.02354	0.02033	0.01284	0.01498	0.01070	0.00856	0.00749	0.00214	0.01498	0.00535	0.00428	0.00963
18	0.01009	0.00734	0.00953	0.01128	0.01197	0.00677	0.00759	0.01160	0.01618	0.02132	0.04924	0.64652	0.10882	0.02558	0.01053	0.00332	0.00476	0.02307	0.00771	0.00677
19	0.01208	0.00805	0.00906	0.00906	0.00906	0.00805	0.00503	0.01208	0.01208	0.01611	0.02618	0.05436	0.03020	0.70804	0.04228	0.00805	0.00805	0.01208	0.00503	0.00503
20	0.01024	0.00758	0.00961	0.01118	0.01217	0.00695	0.00775	0.01193	0.01664	0.02163	0.05286	0.55395	0.16624	0.02493	0.01050	0.00329	0.00486	0.05314	0.00771	0.00685
21	0.02894	0.03348	0.02380	0.02289	0.07853	0.47465	0.01631	0.11551	0.05013	0.02607	0.01781	0.01943	0.03797	0.00927	0.00780	0.00227	0.01295	0.00648	0.00514	0.01060
22	0.03064	0.07411	0.02492	0.02058	0.02545	0.51806	0.01590	0.14357	0.02606	0.02625	0.01409	0.01581	0.01134	0.00874	0.00752	0.00219	0.01355	0.00570	0.00499	0.01053
23	0.02462	0.02882	0.02431	0.02838	0.21440	0.37440	0.01742	0.02760	0.02144	0.02272	0.02458	0.02659	0.10952	0.01012	0.00807	0.00234	0.01179	0.00783	0.00475	0.01030

[dist]
# distance from previous block
# <min> <max>
2	10

[block]
# block no. 5 follows, 22 sequences, length 12
# corresponding to MSA columns:
# 225-236
name=unknown_F
#
# <colnr> <probs for GDERKNQSTAVLIFYWHMCP>
#	G	D	E	R	K	N	Q	S	T	A	V	L	I	F	Y	W	H	M	C	P
0	0.02005	0.02510	0.19299	0.03666	0.36359	0.01928	0.02412	0.09985	0.02082	0.02958	0.01852	0.07723	0.01613	0.00942	0.00835	0.00259	0.00997	0.00845	0.00478	0.01251
1	0.24166	0.02419	0.02131	0.19307	0.07180	0.23866	0.01641	0.05594	0.01945	0.02752	0.01349	0.01701	0.01062	0.00824	0.00710	0.00247	0.01085	0.00586	0.00456	0.00979
2	0.01509	0.15547	0.01650	0.01061	0.01303	0.01331	0.00831	0.01757	0.01556	0.02298	0.02529	0.11449	0.02478	0.14737	0.10819	0.00483	0.00842	0.00997	0.26056	0.00769
3	0.06056	0.02751	0.24931	0.03939	0.40776	0.01952	0.02637	0.02572	0.01818	0.02742	0.01515	0.01913	0.01202	0.00759	0.00794	0.00253	0.01051	0.00681	0.00396	0.01263
4	0.02773	0.03408	0.02403	0.02151	0.02469	0.50768	0.01660	0.02978	0.02076	0.02024	0.01234	0.01580	0.01075	0.01010	0.01258	0.00252	0.18936	0.00584	0.00411	0.00949
5	0.01326	0.00910	0.01114	0.01093	0.01355	0.00819	0.00865	0.01642	0.02094	0.07517	0.27108	0.07242	0.28765	0.01917	0.01002	0.00292	0.00499	0.12805	0.00840	0.00796
6	0.01666	0.04297	0.66500	0.02368	0.03596	0.01929	0.03069	0.02631	0.01754	0.02631	0.01491	0.01754	0.01052	0.00789	0.00789	0.00263	0.01228	0.00614	0.00351	0.01228
7	0.01180	0.00856	0.01082	0.01179	0.01301	0.00822	0.00822	0.05500	0.01862	0.02495	0.12161	0.54390	0.08503	0.02353	0.01030	0.00319	0.00498	0.02112	0.00793	0.00741
8	0.01089	0.00820	0.01082	0.06787	0.01546	0.00799	0.00855	0.01279	0.01650	0.02173	0.09175	0.44852	0.12501	0.09730	0.01369	0.00370	0.00555	0.01958	0.00719	0.00689
9	0.17478	0.17953	0.39654	0.01900	0.02869	0.02204	0.02266	0.02561	0.01669	0.02717	0.01350	0.01580	0.01023	0.00769	0.00677	0.00244	0.01033	0.00544	0.00386	0.01125
10	0.01968	0.02215	0.11118	0.09868	0.50125	0.01962	0.02540	0.02607	0.04604	0.02688	0.01627	0.02078	0.01320	0.00771	0.00820	0.00253	0.01012	0.00733	0.00419	0.01272
11	0.01907	0.01848	0.02711	0.03872	0.44333	0.06643	0.02079	0.02330	0.01930	0.02574	0.02765	0.03726	0.09635	0.01125	0.00880	0.00267	0.00926	0.08804	0.00504	0.01140

[dist]
# distance from previous block
# <min> <max>
6	10

[block]
# block no. 6 follows, 22 sequences, length 44
# corresponding to MSA columns:
# 247-290
name=unknown_G
#
# <colnr> <probs for GDERKNQSTAVLIFYWHMCP>
#	G	D	E	R	K	N	Q	S	T	A	V	L	I	F	Y	W	H	M	C	P
0	0.33653	0.05747	0.01903	0.13080	0.02570	0.14958	0.01343	0.07442	0.01885	0.03096	0.01418	0.01708	0.01110	0.00828	0.00647	0.00242	0.00910	0.00564	0.05938	0.00958
1	0.01944	0.37851	0.35380	0.01894	0.02863	0.02609	0.02244	0.02559	0.01721	0.02292	0.01323	0.01543	0.01059	0.00750	0.00661	0.00220	0.01058	0.00529	0.00353	0.01147
2	0.01129	0.00862	0.01011	0.01038	0.01242	0.00787	0.00794	0.01383	0.01892	0.02425	0.18246	0.07557	0.31888	0.11913	0.01482	0.00373	0.00543	0.13972	0.00761	0.00703
3	0.02909	0.02739	0.02318	0.01939	0.02486	0.23434	0.01531	0.31236	0.16163	0.03828	0.02059	0.02068	0.01540	0.00979	0.00808	0.00245	0.01048	0.00720	0.00704	0.01247
4	0.02861	0.22975	0.02958	0.01885	0.02445	0.35268	0.01547	0.15693	0.02491	0.02689	0.01397	0.01556	0.01142	0.00844	0.00704	0.00211	0.01199	0.00554	0.00493	0.01088
5	0.01088	0.00760	0.00958	0.01068	0.01113	0.00725	0.00687	0.01208	0.01534	0.02063	0.09135	0.44271	0.04912	0.24114	0.02056	0.00479	0.00577	0.01923	0.00699	0.00630
6	0.01442	0.01035	0.01218	0.01174	0.01344	0.01027	0.00808	0.10152	0.01865	0.02529	0.08537	0.28863	0.04021	0.25690	0.02088	0.00468	0.00655	0.01556	0.00684	0.04844
7	0.02884	0.02454	0.06777	0.01874	0.02504	0.07194	0.01592	0.49003	0.03411	0.04508	0.01960	0.02235	0.01500	0.06935	0.01112	0.00295	0.00970	0.00762	0.00740	0.01289
8	0.01195	0.00800	0.00910	0.00923	0.00927	0.00796	0.00522	0.01205	0.01235	0.01646	0.02753	0.09922	0.03191	0.66085	0.04009	0.00773	0.00783	0.01288	0.00522	0.00515
9	0.01150	0.00781	0.00923	0.00980	0.00994	0.00767	0.00583	0.01193	0.01321	0.01762	0.03197	0.24597	0.03752	0.50646	0.03292	0.00667	0.00710	0.01549	0.00583	0.00554
10	0.07966	0.49173	0.03617	0.01578	0.02203	0.19346	0.01429	0.02693	0.01835	0.02106	0.01188	0.01376	0.01055	0.00752	0.00586	0.00193	0.01024	0.00468	0.00385	0.01028
11	0.01207	0.00810	0.00930	0.00930	0.00938	0.00818	0.00533	0.01223	0.01215	0.01628	0.02596	0.05315	0.02968	0.67206	0.07755	0.00835	0.00885	0.01190	0.00500	0.00517
12	0.01253	0.00858	0.01056	0.01122	0.01188	0.00858	0.00793	0.01386	0.01452	0.01914	0.03234	0.06798	0.03630	0.47087	0.03162	0.00659	0.00791	0.21572	0.00594	0.00594
13	0.03042	0.03843	0.02414	0.02314	0.06262	0.63633	0.01660	0.03272	0.02327	0.02073	0.01300	0.01531	0.01084	0.00849	0.00753	0.00216	0.01468	0.00547	0.00427	0.00984
14	0.01104	0.00846	0.01011	0.00970	0.01197	0.00753	0.00727	0.01429	0.02182	0.02930	0.44214	0.06867	0.29059	0.01848	0.00981	0.00268	0.00403	0.01595	0.00862	0.00753
15	0.02266	0.02410	0.03288	0.04349	0.47348	0.15632	0.07386	0.02719	0.01994	0.02568	0.01514	0.01955	0.01260	0.00761	0.00820	0.00243	0.01128	0.00718	0.00415	0.01226
16	0.02056	0.01974	0.03372	0.05099	0.65622	0.01974	0.02550	0.02550	0.01892	0.02714	0.01563	0.02056	0.01316	0.00740	0.00822	0.00247	0.00987	0.00740	0.00411	0.01316
17	0.17104	0.21581	0.33199	0.01845	0.02746	0.05862	0.02110	0.02592	0.01700	0.02640	0.01322	0.01546	0.01026	0.00768	0.00663	0.00236	0.01033	0.00531	0.00389	0.01104
18	0.01391	0.00882	0.01103	0.01082	0.01225	0.00981	0.00816	0.01689	0.01502	0.02429	0.02423	0.03346	0.02148	0.10769	0.26220	0.00700	0.05159	0.00863	0.34533	0.00740
19	0.01006	0.00747	0.00939	0.01093	0.01188	0.00680	0.00743	0.01164	0.01652	0.02146	0.05357	0.57634	0.17620	0.02502	0.01044	0.00326	0.00470	0.02238	0.00771	0.00680
20	0.02398	0.02560	0.01970	0.01805	0.02195	0.29921	0.01367	0.07826	0.20673	0.02716	0.02485	0.11966	0.02220	0.01483	0.04370	0.00314	0.01096	0.00952	0.00633	0.01049
21	0.02298	0.65434	0.04179	0.01484	0.02170	0.08881	0.01437	0.02560	0.01746	0.01961	0.01166	0.01347	0.01066	0.00723	0.00552	0.00181	0.00942	0.00452	0.00362	0.01057
22	0.01127	0.00777	0.00924	0.00994	0.01024	0.00753	0.00606	0.01189	0.01378	0.01825	0.03596	0.29047	0.06787	0.42921	0.02931	0.00612	0.00670	0.01651	0.00613	0.00575
23	0.01187	0.00890	0.01335	0.01335	0.01483	0.01038	0.01038	0.01483	0.01335	0.01928	0.02225	0.03264	0.02077	0.06231	0.67512	0.01335	0.02225	0.00890	0.00445	0.00742
24	0.03158	0.02327	0.02493	0.01911	0.02576	0.02576	0.01579	0.62852	0.03906	0.05236	0.01995	0.01995	0.01413	0.00997	0.00831	0.00249	0.00914	0.00748	0.00831	0.01413
25	0.01020	0.00820	0.00868	0.00894	0.01101	0.00713	0.00631	0.01190	0.01748	0.02132	0.07015	0.16115	0.47701	0.12561	0.01483	0.00368	0.00487	0.01754	0.00731	0.00668
26	0.01096	0.00878	0.01001	0.01063	0.01314	0.00783	0.00858	0.01362	0.01900	0.02322	0.07126	0.08437	0.45860	0.02165	0.01035	0.00313	0.00531	0.20463	0.00769	0.00722
27	0.01804	0.01962	0.03998	0.02975	0.03581	0.01960	0.44978	0.02350	0.01808	0.02488	0.02011	0.11933	0.01843	0.01082	0.01243	0.00300	0.11052	0.01142	0.00462	0.01026
28	0.00982	0.00842	0.00842	0.00842	0.01122	0.00701	0.00631	0.01192	0.01894	0.02244	0.08416	0.07995	0.65285	0.02104	0.00982	0.00281	0.00421	0.01753	0.00771	0.00701
29	0.03103	0.03959	0.02354	0.02140	0.02568	0.67469	0.01605	0.03317	0.02354	0.02033	0.01284	0.01498	0.01070	0.00856	0.00749	0.00214	0.01498	0.00535	0.00428	0.00963
30	0.01272	0.00979	0.01211	0.01310	0.01552	0.00953	0.01098	0.01743	0.06521	0.02478	0.05678	0.08442	0.25021	0.02144	0.01069	0.00341	0.00641	0.35992	0.00773	0.00784
31	0.02056	0.01974	0.03372	0.05099	0.65622	0.01974	0.02550	0.02550	0.01892	0.02714	0.01563	0.02056	0.01316	0.00740	0.00822	0.00247	0.00987	0.00740	0.00411	0.01316
32	0.03103	0.03959	0.02354	0.02140	0.02568	0.67469	0.01605	0.03317	0.02354	0.02033	0.01284	0.01498	0.01070	0.00856	0.00749	0.00214	0.01498	0.00535	0.00428	0.00963
33	0.01201	0.00833	0.01046	0.01046	0.01094	0.00881	0.00678	0.01298	0.01250	0.01714	0.02490	0.04728	0.02713	0.49751	0.24861	0.00978	0.01268	0.01104	0.00484	0.00581
34	0.01591	0.01221	0.01551	0.11989	0.02234	0.01292	0.03801	0.06335	0.10143	0.02861	0.04070	0.04542	0.18035	0.01342	0.00833	0.00262	0.00655	0.05440	0.20893	0.00909
35	0.01187	0.00890	0.01335	0.01335	0.01483	0.01038	0.01038	0.01483	0.01335	0.01928	0.02225	0.03264	0.02077	0.06231	0.67512	0.01335	0.02225	0.00890	0.00445	0.00742
36	0.01205	0.00810	0.00928	0.00921	0.00942	0.00803	0.00534	0.01247	0.01331	0.01796	0.09358	0.05519	0.03539	0.63359	0.03878	0.00747	0.00761	0.01240	0.00548	0.00534
37	0.01187	0.00890	0.01335	0.01335	0.01483	0.01038	0.01038	0.01483	0.01335	0.01928	0.02225	0.03264	0.02077	0.06231	0.67512	0.01335	0.02225	0.00890	0.00445	0.00742
38	0.02056	0.01974	0.03372	0.05099	0.65622	0.01974	0.02550	0.02550	0.01892	0.02714	0.01563	0.02056	0.01316	0.00740	0.00822	0.00247	0.00987	0.00740	0.00411	0.01316
39	0.01184	0.00967	0.01388	0.15538	0.02223	0.01054	0.01159	0.01422	0.01606	0.02122	0.03965	0.46489	0.08696	0.02111	0.01121	0.00322	0.05371	0.01859	0.00658	0.00745
40	0.01031	0.00737	0.00986	0.01179	0.01235	0.00691	0.00804	0.01190	0.01609	0.02142	0.04568	0.66695	0.05453	0.02585	0.01065	0.00340	0.00499	0.05740	0.00771	0.00680
41	0.76672	0.01607	0.01221	0.01092	0.01607	0.01864	0.00900	0.02442	0.01414	0.03727	0.01157	0.01350	0.00900	0.00771	0.00514	0.00257	0.00643	0.00450	0.00514	0.00900
42	0.03103	0.03959	0.02354	0.02140	0.02568	0.67469	0.01605	0.03317	0.02354	0.02033	0.01284	0.01498	0.01070	0.00856	0.00749	0.00214	0.01498	0.00535	0.00428	0.00963
43	0.02505	0.02913	0.02011	0.01871	0.02240	0.41566	0.01401	0.03145	0.14724	0.02333	0.02225	0.11764	0.02048	0.01409	0.03891	0.00297	0.01215	0.00895	0.00563	0.00983

[dist]
# distance from previous block
# <min> <max>
0	1

[block]
# block no. 7 follows, 22 sequences, length 39
