[name]
unknown

[dist]
# distance from previous block
# <min> <max>
11	39

[block]
# block no. 0 follows, 22 sequences, length 10
# corresponding to MSA columns:
# 42-51
name=unknown_A
#
# <colnr> <probs for GDERKNQSTAVLIFYWHMCP>
#	G	D	E	R	K	N	Q	S	T	A	V	L	I	F	Y	W	H	M	C	P
0	0.02470	0.02422	0.02503	0.02677	0.19882	0.18415	0.01701	0.15481	0.02394	0.03078	0.01562	0.01816	0.01253	0.00792	0.00752	0.00207	0.01005	0.00626	0.00526	0.20437
1	0.01652	0.01514	0.02508	0.21732	0.32452	0.01604	0.02025	0.02073	0.01750	0.02397	0.02315	0.19653	0.02334	0.01245	0.00886	0.00278	0.00890	0.01157	0.00492	0.01042
2	0.01369	0.00920	0.01223	0.01195	0.01348	0.01059	0.00931	0.01690	0.01480	0.02364	0.02315	0.03089	0.02019	0.03919	0.37801	0.00839	0.06797	0.00835	0.28039	0.00767
3	0.02078	0.01808	0.02328	0.10250	0.26138	0.10346	0.01720	0.02401	0.01795	0.08767	0.01964	0.02907	0.01761	0.17012	0.04886	0.00428	0.01060	0.00836	0.00495	0.01022
4	0.02307	0.09665	0.02859	0.06433	0.11281	0.25088	0.05360	0.02608	0.01843	0.02147	0.01336	0.01800	0.01166	0.01199	0.04163	0.00309	0.18377	0.00655	0.00399	0.01005
5	0.01216	0.00904	0.01074	0.01105	0.01251	0.00902	0.00797	0.01515	0.05416	0.02085	0.04388	0.10100	0.17894	0.27912	0.09575	0.00611	0.00838	0.11097	0.00640	0.00680
6	0.02276	0.01698	0.01882	0.01619	0.02044	0.01845	0.01263	0.34485	0.09756	0.03935	0.03065	0.26342	0.02986	0.01581	0.00914	0.00284	0.00732	0.01342	0.00811	0.01140
7	0.05305	0.01440	0.01638	0.01475	0.01878	0.01534	0.01169	0.09178	0.24347	0.11267	0.12868	0.09244	0.05775	0.01447	0.00903	0.00286	0.00640	0.07653	0.00846	0.01108
8	0.04837	0.02784	0.18820	0.02207	0.06569	0.17172	0.08581	0.04723	0.02025	0.02595	0.02657	0.03284	0.09551	0.01107	0.00841	0.00261	0.01083	0.06112	0.03766	0.01026
9	0.02641	0.03004	0.02398	0.02542	0.14248	0.38309	0.01683	0.06692	0.10987	0.02563	0.02090	0.02237	0.05105	0.00954	0.00795	0.00236	0.01187	0.00714	0.00527	0.01090

[dist]
# distance from previous block
# <min> <max>
6	9

[block]
# block no. 1 follows, 22 sequences, length 66
# corresponding to MSA columns:
# 61-126
name=unknown_B
#
# <colnr> <probs for GDERKNQSTAVLIFYWHMCP>
#	G	D	E	R	K	N	Q	S	T	A	V	L	I	F	Y	W	H	M	C	P
0	0.01293	0.01104	0.04525	0.01266	0.01448	0.00965	0.03601	0.04795	0.01723	0.02343	0.11869	0.29821	0.04365	0.24657	0.02062	0.00470	0.00678	0.01624	0.00669	0.00722
1	0.02672	0.02039	0.02232	0.01681	0.02370	0.02079	0.01378	0.42267	0.03166	0.04379	0.01819	0.01902	0.01351	0.00868	0.00758	0.00207	0.00813	0.00661	0.00716	0.26642
2	0.01999	0.02690	0.19687	0.04122	0.41602	0.05159	0.07534	0.02617	0.01884	0.02655	0.01540	0.01966	0.01232	0.00755	0.00823	0.00252	0.01107	0.00717	0.00397	0.01260
3	0.01836	0.01930	0.01680	0.01608	0.01851	0.23544	0.01230	0.02105	0.01680	0.01964	0.01906	0.02665	0.01736	0.04410	0.44894	0.00955	0.01979	0.00770	0.00439	0.00817
4	0.01945	0.01031	0.01260	0.01106	0.01484	0.00890	0.00863	0.02220	0.02118	0.24083	0.15769	0.08981	0.31564	0.01697	0.00936	0.00272	0.00516	0.01431	0.00882	0.00955
5	0.01762	0.01601	0.02612	0.03755	0.43844	0.01581	0.01989	0.02211	0.01990	0.02802	0.15446	0.03806	0.06023	0.01133	0.00890	0.00262	0.00817	0.05783	0.00563	0.01130
6	0.01717	0.01426	0.01521	0.01372	0.01766	0.01534	0.01064	0.07850	0.32621	0.03238	0.13070	0.04865	0.21583	0.01480	0.00902	0.00276	0.00573	0.01239	0.00832	0.01071
7	0.01454	0.01134	0.01732	0.02053	0.14130	0.01249	0.01277	0.01620	0.01391	0.01975	0.01991	0.05835	0.01964	0.10365	0.27625	0.15120	0.06970	0.00909	0.00435	0.00770
8	0.02603	0.26340	0.03176	0.05189	0.10790	0.31626	0.01696	0.05342	0.02102	0.02232	0.01314	0.01567	0.01117	0.00796	0.00692	0.00210	0.01184	0.00549	0.00415	0.01061
9	0.01360	0.01161	0.01208	0.01141	0.01480	0.01168	0.00871	0.02305	0.23001	0.02722	0.09860	0.06237	0.40839	0.01750	0.00935	0.00280	0.00499	0.01464	0.00804	0.00914
10	0.02481	0.02497	0.02169	0.01964	0.07450	0.24418	0.01416	0.13638	0.02355	0.02955	0.01574	0.01791	0.01260	0.00796	0.00716	0.00191	0.00995	0.00588	0.04298	0.26446
11	0.03103	0.03959	0.02354	0.02140	0.02568	0.67469	0.01605	0.03317	0.02354	0.02033	0.01284	0.01498	0.01070	0.00856	0.00749	0.00214	0.01498	0.00535	0.00428	0.00963
12	0.01194	0.00861	0.01190	0.01190	0.01288	0.00959	0.00857	0.01390	0.01292	0.01821	0.02358	0.04000	0.02396	0.28107	0.46072	0.01156	0.01744	0.00998	0.00465	0.00661
13	0.02668	0.03234	0.02419	0.02154	0.02437	0.45474	0.01677	0.02871	0.01988	0.02022	0.01219	0.01606	0.01077	0.01059	0.01419	0.00265	0.24463	0.00600	0.00406	0.00945
14	0.01208	0.00805	0.00906	0.00906	0.00906	0.00805	0.00503	0.01208	0.01208	0.01611	0.02618	0.05436	0.03020	0.70804	0.04228	0.00805	0.00805	0.01208	0.00503	0.00503
15	0.01027	0.00834	0.00854	0.00854	0.01079	0.00722	0.00606	0.01195	0.01757	0.02118	0.07265	0.07487	0.52923	0.15744	0.01626	0.00385	0.00497	0.01645	0.00718	0.00662
16	0.01045	0.00831	0.00860	0.00860	0.01062	0.00731	0.00595	0.01197	0.01701	0.02067	0.06790	0.07277	0.47823	0.21371	0.01892	0.00428	0.00529	0.01600	0.00696	0.00646
17	0.01187	0.00890	0.01335	0.01335	0.01483	0.01038	0.01038	0.01483	0.01335	0.01928	0.02225	0.03264	0.02077	0.06231	0.67512	0.01335	0.02225	0.00890	0.00445	0.00742
18	0.76672	0.01607	0.01221	0.01092	0.01607	0.01864	0.00900	0.02442	0.01414	0.03727	0.01157	0.01350	0.00900	0.00771	0.00514	0.00257	0.00643	0.00450	0.00514	0.00900
19	0.00989	0.00814	0.00870	0.00915	0.01141	0.00695	0.00664	0.01184	0.01823	0.02215	0.07522	0.22497	0.51360	0.02220	0.01000	0.00294	0.00435	0.01895	0.00771	0.00695
20	0.01074	0.00767	0.01035	0.01228	0.01303	0.00728	0.00879	0.01264	0.01652	0.02190	0.04544	0.58675	0.05359	0.02544	0.01077	0.00346	0.00536	0.13335	0.00770	0.00692
21	0.01818	0.01818	0.02545	0.02181	0.02181	0.02545	0.01818	0.01999	0.01272	0.01999	0.01091	0.01818	0.01091	0.01454	0.02726	0.00364	0.69284	0.00727	0.00364	0.00909
22	0.76672	0.01607	0.01221	0.01092	0.01607	0.01864	0.00900	0.02442	0.01414	0.03727	0.01157	0.01350	0.00900	0.00771	0.00514	0.00257	0.00643	0.00450	0.00514	0.00900
23	0.02066	0.02400	0.04667	0.03376	0.04178	0.08139	0.56970	0.02722	0.01997	0.02603	0.01644	0.02172	0.01243	0.00715	0.00959	0.00274	0.01410	0.00939	0.00421	0.01106
24	0.01013	0.00843	0.00885	0.00874	0.01141	0.00715	0.00656	0.01253	0.01967	0.02419	0.17561	0.07707	0.56031	0.02039	0.00982	0.00277	0.00416	0.01713	0.00794	0.00715
25	0.02334	0.03005	0.12284	0.01948	0.02457	0.32907	0.04096	0.05611	0.02073	0.02382	0.01670	0.02066	0.01375	0.01872	0.13371	0.00436	0.01463	0.00664	0.07011	0.00975
26	0.40171	0.02916	0.32989	0.01713	0.02575	0.01896	0.01956	0.02534	0.01579	0.03194	0.01319	0.01546	0.00974	0.00780	0.00648	0.00260	0.00927	0.00530	0.00435	0.01059
27	0.02252	0.02387	0.03048	0.10704	0.45019	0.17215	0.02306	0.02686	0.01977	0.02497	0.01489	0.01942	0.01238	0.00776	0.00806	0.00242	0.01118	0.00692	0.00411	0.01195
28	0.02144	0.01715	0.02159	0.21590	0.05891	0.01902	0.01623	0.27954	0.02710	0.03564	0.06176	0.03370	0.13302	0.01174	0.00866	0.00264	0.00858	0.00966	0.00670	0.01102
29	0.02243	0.01444	0.01516	0.01265	0.01662	0.01552	0.01011	0.28218	0.02676	0.04020	0.02401	0.02621	0.01820	0.00981	0.00689	0.00218	0.00615	0.00763	0.43236	0.01050
30	0.03158	0.02327	0.02493	0.01911	0.02576	0.02576	0.01579	0.62852	0.03906	0.05236	0.01995	0.01995	0.01413	0.00997	0.00831	0.00249	0.00914	0.00748	0.00831	0.01413
31	0.76672	0.01607	0.01221	0.01092	0.01607	0.01864	0.00900	0.02442	0.01414	0.03727	0.01157	0.01350	0.00900	0.00771	0.00514	0.00257	0.00643	0.00450	0.00514	0.00900
32	0.01999	0.02222	0.08911	0.06896	0.41300	0.04420	0.11175	0.02626	0.04397	0.02670	0.01746	0.02376	0.01454	0.00825	0.00854	0.00260	0.01070	0.03134	0.00438	0.01228
33	0.02176	0.65841	0.09420	0.01499	0.02252	0.03176	0.01556	0.02499	0.01693	0.02010	0.01182	0.01367	0.01065	0.00717	0.00554	0.00185	0.00916	0.00458	0.00355	0.01079
34	0.08234	0.01007	0.01107	0.00981	0.01317	0.00978	0.00771	0.02521	0.01879	0.19381	0.02729	0.02885	0.02010	0.00967	0.00641	0.00215	0.00490	0.00764	0.50173	0.00949
35	0.02675	0.01986	0.02305	0.14020	0.02998	0.02230	0.01613	0.38847	0.10848	0.06980	0.02165	0.02264	0.01561	0.00983	0.00820	0.00256	0.00882	0.00775	0.04512	0.01279
36	0.01948	0.03927	0.46217	0.02216	0.03161	0.17091	0.02541	0.02671	0.01880	0.02450	0.01694	0.07280	0.01419	0.00953	0.00802	0.00258	0.01230	0.00738	0.00403	0.01121
37	0.01059	0.00749	0.00944	0.01081	0.01128	0.00708	0.00699	0.01171	0.01510	0.02001	0.04270	0.51515	0.07585	0.19347	0.01836	0.00450	0.00559	0.02051	0.00705	0.00634
38	0.01004	0.00755	0.00931	0.01071	0.01182	0.00682	0.00733	0.01166	0.01673	0.02154	0.05627	0.53251	0.21829	0.02466	0.01039	0.00322	0.00465	0.02195	0.00771	0.00682
39	0.02359	0.05137	0.06458	0.06234	0.22681	0.09901	0.13116	0.15394	0.05052	0.03126	0.01697	0.02020	0.01317	0.00823	0.00833	0.00250	0.01107	0.00752	0.00515	0.01227
40	0.02392	0.02528	0.02948	0.11651	0.26382	0.20806	0.07001	0.08478	0.04873	0.02710	0.01601	0.01970	0.01277	0.00822	0.00817	0.00246	0.01161	0.00710	0.00470	0.01159
41	0.01077	0.00853	0.00973	0.00967	0.01211	0.00750	0.00741	0.01363	0.02050	0.02633	0.27341	0.07500	0.40869	0.01982	0.00995	0.00282	0.00439	0.06420	0.00819	0.00734
42	0.02350	0.02531	0.03087	0.04269	0.47939	0.20342	0.02285	0.02765	0.02021	0.02523	0.01485	0.01900	0.01247	0.00773	0.00802	0.00238	0.01130	0.00683	0.00416	0.01217
43	0.01747	0.01377	0.01634	0.01323	0.01907	0.01160	0.01076	0.02304	0.07989	0.05808	0.02636	0.03625	0.05273	0.01068	0.00764	0.00201	0.00641	0.11486	0.00617	0.47363
44	0.02107	0.31265	0.03288	0.01858	0.02196	0.08891	0.01631	0.02327	0.01548	0.01984	0.01136	0.01584	0.01078	0.01086	0.01619	0.00271	0.34194	0.00590	0.00366	0.00980
45	0.01187	0.00890	0.01335	0.01335	0.01483	0.01038	0.01038	0.01483	0.01335	0.01928	0.02225	0.03264	0.02077	0.06231	0.67512	0.01335	0.02225	0.00890	0.00445	0.00742
46	0.01084	0.00840	0.00987	0.00963	0.01188	0.00743	0.00717	0.01386	0.02118	0.02804	0.37794	0.10040	0.32512	0.01917	0.00985	0.00273	0.00409	0.01652	0.00846	0.00743
47	0.01051	0.00739	0.00952	0.01107	0.01146	0.00701	0.00718	0.01167	0.01515	0.02019	0.04189	0.57391	0.05003	0.16144	0.01689	0.00430	0.00546	0.02133	0.00718	0.00641
48	0.01023	0.00728	0.00961	0.01143	0.01188	0.00682	0.00756	0.01160	0.01569	0.02092	0.04470	0.66665	0.05357	0.06387	0.01236	0.00363	0.00500	0.02298	0.00756	0.00665
49	0.01666	0.04297	0.66500	0.02368	0.03596	0.01929	0.03069	0.02631	0.01754	0.02631	0.01491	0.01754	0.01052	0.00789	0.00789	0.00263	0.01228	0.00614	0.00351	0.01228
50	0.01012	0.00723	0.00964	0.01157	0.01205	0.00675	0.00771	0.01157	0.01591	0.02121	0.04579	0.70262	0.05495	0.02603	0.01060	0.00337	0.00482	0.02362	0.00771	0.00675
51	0.01549	0.00774	0.00774	0.00774	0.00968	0.00774	0.00581	0.01936	0.01742	0.03097	0.02710	0.03097	0.02129	0.00968	0.00581	0.00194	0.00387	0.00774	0.75416	0.00774
52	0.01881	0.05990	0.28211	0.03347	0.18231	0.02057	0.23046	0.02616	0.01853	0.02631	0.01557	0.01971	0.01185	0.00744	0.00851	0.00261	0.01215	0.00760	0.00389	0.01205
53	0.01848	0.05769	0.17931	0.02352	0.03081	0.01956	0.20862	0.05311	0.14219	0.02768	0.02052	0.02413	0.01597	0.01733	0.11887	0.00445	0.01304	0.00836	0.00507	0.01131
54	0.01569	0.01477	0.02492	0.68808	0.05722	0.01846	0.02307	0.02123	0.01661	0.02123	0.01477	0.02215	0.01107	0.00831	0.00831	0.00277	0.01107	0.00738	0.00369	0.00923
55	0.01039	0.00742	0.00995	0.01187	0.01247	0.00698	0.00817	0.01203	0.01617	0.02150	0.04564	0.65297	0.05436	0.02578	0.01067	0.00341	0.00505	0.07064	0.00771	0.00682
56	0.03007	0.03484	0.02480	0.02399	0.08914	0.49911	0.01696	0.13303	0.02570	0.02643	0.01432	0.01638	0.01153	0.00868	0.00770	0.00223	0.01348	0.00592	0.00494	0.01075
57	0.01950	0.01903	0.03059	0.24594	0.44550	0.04663	0.02436	0.02450	0.01840	0.02504	0.01525	0.02082	0.01241	0.00773	0.00822	0.00255	0.01045	0.00731	0.00399	0.01180
58	0.00988	0.00818	0.00866	0.00904	0.01139	0.00696	0.00659	0.01185	0.01833	0.02220	0.07654	0.20358	0.53414	0.02203	0.00997	0.00292	0.00433	0.01874	0.00771	0.00696
59	0.01287	0.00836	0.01020	0.01085	0.01180	0.00840	0.00781	0.01483	0.01524	0.02165	0.03233	0.11198	0.03465	0.31619	0.05698	0.00573	0.00764	0.16339	0.14265	0.00646
60	0.02239	0.22762	0.08438	0.01702	0.02195	0.17719	0.01500	0.08492	0.01950	0.02312	0.01569	0.02243	0.01453	0.12157	0.04100	0.00362	0.06708	0.00673	0.00448	0.00976
61	0.01484	0.17469	0.02100	0.01681	0.11543	0.01560	0.01145	0.01840	0.04415	0.02301	0.05439	0.05307	0.37678	0.01525	0.00847	0.00251	0.00628	0.01255	0.00621	0.00908
62	0.00998	0.00778	0.00907	0.01011	0.01167	0.00687	0.00706	0.01173	0.01731	0.02178	0.06353	0.41476	0.33136	0.02372	0.01024	0.00311	0.00454	0.02080	0.00771	0.00687
63	0.02487	0.01836	0.01991	0.01629	0.02091	0.02011	0.01274	0.40304	0.08076	0.04098	0.02484	0.09594	0.02217	0.14284	0.01494	0.00365	0.00829	0.01012	0.00765	0.01160
64	0.02309	0.02509	0.02282	0.02629	0.18363	0.28435	0.01638	0.05992	0.05132	0.02529	0.04992	0.14876	0.02358	0.01213	0.00846	0.00253	0.01054	0.01005	0.00552	0.01033
65	0.01950	0.05011	0.03416	0.06823	0.38034	0.02080	0.12301	0.02417	0.01771	0.02508	0.01529	0.02089	0.01294	0.01111	0.04457	0.00321	0.10543	0.00773	0.00404	0.01170

[dist]
# distance from previous block
# <min> <max>
0	56

[block]
# block no. 2 follows, 22 sequences, length 36
# corresponding to MSA columns:
# 186-221
name=unknown_C
#
# <colnr> <probs for GDERKNQSTAVLIFYWHMCP>
#	G	D	E	R	K	N	Q	S	T	A	V	L	I	F	Y	W	H	M	C	P
0	0.02291	0.02527	0.03025	0.03469	0.29146	0.22023	0.09561	0.02693	0.01974	0.02420	0.01501	0.01947	0.01260	0.01101	0.04550	0.00301	0.04629	0.00704	0.00421	0.04459
1	0.02351	0.02526	0.02740	0.03542	0.34981	0.24092	0.02007	0.02724	0.02004	0.02484	0.01553	0.01954	0.01298	0.00836	0.00869	0.00236	0.04486	0.00673	0.07518	0.01125
2	0.01633	0.04252	0.01767	0.01662	0.04391	0.12831	0.01236	0.01884	0.01633	0.02045	0.02833	0.08941	0.09952	0.03443	0.28601	0.00714	0.09841	0.01019	0.00496	0.00826
3	0.01346	0.01128	0.01865	0.01981	0.09810	0.01211	0.06588	0.01687	0.01487	0.02112	0.02344	0.10136	0.02272	0.04667	0.46206	0.00999	0.01811	0.01035	0.00473	0.00840
4	0.02503	0.22983	0.06252	0.02082	0.02631	0.28060	0.08123	0.05366	0.02024	0.02238	0.01305	0.01602	0.01106	0.00874	0.00960	0.00233	0.09620	0.00592	0.00412	0.01035
5	0.03103	0.03959	0.02354	0.02140	0.02568	0.67469	0.01605	0.03317	0.02354	0.02033	0.01284	0.01498	0.01070	0.00856	0.00749	0.00214	0.01498	0.00535	0.00428	0.00963
6	0.09216	0.14676	0.02582	0.01935	0.02416	0.51487	0.01515	0.03108	0.02166	0.02164	0.01252	0.01459	0.01055	0.00825	0.00694	0.00212	0.01327	0.00513	0.00424	0.00974
7	0.01187	0.00890	0.01335	0.01335	0.01483	0.01038	0.01038	0.01483	0.01335	0.01928	0.02225	0.03264	0.02077	0.06231	0.67512	0.01335	0.02225	0.00890	0.00445	0.00742
8	0.03028	0.02694	0.02392	0.01948	0.02530	0.19411	0.01558	0.41152	0.09896	0.04215	0.01957	0.01983	0.01443	0.00974	0.00811	0.00244	0.01039	0.00713	0.00728	0.01285
9	0.02000	0.01955	0.03451	0.10963	0.53442	0.01975	0.08904	0.02521	0.01877	0.02652	0.01567	0.02091	0.01290	0.00745	0.00840	0.00253	0.01042	0.00766	0.00408	0.01258
10	0.01190	0.00798	0.00912	0.00930	0.00934	0.00793	0.00529	0.01203	0.01244	0.01659	0.02803	0.11576	0.03255	0.64345	0.03928	0.00761	0.00775	0.01317	0.00529	0.00520
11	0.02344	0.01922	0.02035	0.01747	0.02266	0.02196	0.01382	0.19253	0.48831	0.03922	0.03029	0.02819	0.02251	0.01094	0.00842	0.00274	0.00723	0.00891	0.00842	0.01340
12	0.01187	0.00890	0.01335	0.01335	0.01483	0.01038	0.01038	0.01483	0.01335	0.01928	0.02225	0.03264	0.02077	0.06231	0.67512	0.01335	0.02225	0.00890	0.00445	0.00742
13	0.01012	0.00723	0.00964	0.01157	0.01205	0.00675	0.00771	0.01157	0.01591	0.02121	0.04579	0.70262	0.05495	0.02603	0.01060	0.00337	0.00482	0.02362	0.00771	0.00675
14	0.01723	0.01477	0.01723	0.01230	0.01969	0.01107	0.00984	0.02092	0.01723	0.02707	0.01477	0.01723	0.01230	0.00615	0.00615	0.00123	0.00615	0.00492	0.00492	0.75883
15	0.01569	0.01477	0.02492	0.68808	0.05722	0.01846	0.02307	0.02123	0.01661	0.02123	0.01477	0.02215	0.01107	0.00831	0.00831	0.00277	0.01107	0.00738	0.00369	0.00923
16	0.00982	0.00842	0.00842	0.00842	0.01122	0.00701	0.00631	0.01192	0.01894	0.02244	0.08416	0.07995	0.65285	0.02104	0.00982	0.00281	0.00421	0.01753	0.00771	0.00701
17	0.01818	0.01818	0.02545	0.02181	0.02181	0.02545	0.01818	0.01999	0.01272	0.01999	0.01091	0.01818	0.01091	0.01454	0.02726	0.00364	0.69284	0.00727	0.00364	0.00909
18	0.03103	0.03959	0.02354	0.02140	0.02568	0.67469	0.01605	0.03317	0.02354	0.02033	0.01284	0.01498	0.01070	0.00856	0.00749	0.00214	0.01498	0.00535	0.00428	0.00963
19	0.76672	0.01607	0.01221	0.01092	0.01607	0.01864	0.00900	0.02442	0.01414	0.03727	0.01157	0.01350	0.00900	0.00771	0.00514	0.00257	0.00643	0.00450	0.00514	0.00900
20	0.01208	0.00805	0.00906	0.00906	0.00906	0.00805	0.00503	0.01208	0.01208	0.01611	0.02618	0.05436	0.03020	0.70804	0.04228	0.00805	0.00805	0.01208	0.00503	0.00503
21	0.01082	0.00773	0.01044	0.01237	0.01315	0.00735	0.00893	0.01277	0.01659	0.02199	0.04540	0.57238	0.05342	0.02537	0.01079	0.00347	0.00543	0.14696	0.00770	0.00694
22	0.01981	0.02185	0.04580	0.03838	0.17256	0.02074	0.49949	0.02638	0.01946	0.02672	0.01656	0.02202	0.01272	0.00709	0.00947	0.00273	0.01313	0.00930	0.00418	0.01162
23	0.06265	0.15028	0.02570	0.01913	0.02382	0.50815	0.01498	0.03078	0.02173	0.02143	0.01318	0.01532	0.01107	0.00833	0.00695	0.00209	0.01309	0.00526	0.03636	0.00969
24	0.01666	0.04297	0.66500	0.02368	0.03596	0.01929	0.03069	0.02631	0.01754	0.02631	0.01491	0.01754	0.01052	0.00789	0.00789	0.00263	0.01228	0.00614	0.00351	0.01228
25	0.01217	0.00840	0.01044	0.01064	0.01116	0.00871	0.00707	0.01321	0.01310	0.01772	0.02723	0.05389	0.03005	0.49718	0.17437	0.00874	0.01105	0.07386	0.00519	0.00582
26	0.01086	0.00843	0.00970	0.01042	0.01223	0.00765	0.00740	0.03692	0.01825	0.02305	0.06243	0.38760	0.32901	0.02307	0.01015	0.00308	0.00471	0.02015	0.00774	0.00717
27	0.01723	0.01477	0.01723	0.01230	0.01969	0.01107	0.00984	0.02092	0.01723	0.02707	0.01477	0.01723	0.01230	0.00615	0.00615	0.00123	0.00615	0.00492	0.00492	0.75883
28	0.01000	0.00842	0.00867	0.00861	0.01133	0.00709	0.00646	0.01228	0.01937	0.02347	0.13792	0.07825	0.59844	0.02066	0.00982	0.00279	0.00418	0.01730	0.00785	0.00709
29	0.01027	0.00818	0.00922	0.00950	0.01164	0.00712	0.00692	0.01260	0.01921	0.02436	0.19000	0.20954	0.40956	0.02129	0.00998	0.00289	0.00428	0.01833	0.00800	0.00712
30	0.01721	0.03763	0.51384	0.05464	0.03837	0.01960	0.14975	0.02615	0.01791	0.02615	0.01528	0.01871	0.01096	0.00773	0.00829	0.00267	0.01257	0.00693	0.00365	0.01193
31	0.01928	0.17030	0.34755	0.02744	0.16458	0.04977	0.02506	0.02582	0.01771	0.02458	0.01411	0.01727	0.01114	0.00799	0.00839	0.00245	0.04490	0.00609	0.00368	0.01188
32	0.02031	0.01170	0.01234	0.01076	0.01401	0.01220	0.00846	0.16399	0.02282	0.06571	0.02568	0.02824	0.01957	0.00978	0.00652	0.00210	0.00526	0.00771	0.54329	0.00955
33	0.01027	0.00807	0.00928	0.00974	0.01169	0.00709	0.00702	0.01252	0.01888	0.02410	0.17848	0.26302	0.36679	0.02178	0.01005	0.00294	0.00434	0.01889	0.00798	0.00709
34	0.02039	0.02022	0.03650	0.04809	0.54496	0.01997	0.13454	0.02570	0.01904	0.02704	0.01584	0.02090	0.01306	0.00733	0.00851	0.00253	0.01062	0.00784	0.00413	0.01280
35	0.03004	0.03771	0.02451	0.02420	0.08540	0.61266	0.01695	0.03245	0.02310	0.02098	0.01310	0.01551	0.01093	0.00845	0.00756	0.00217	0.01450	0.00554	0.00426	0.00996

[dist]
# distance from previous block
# <min> <max>
0	1

[block]
# block no. 3 follows, 22 sequences, length 67
# corresponding to MSA columns:
# 223-289
name=unknown_D
#
# <colnr> <probs for GDERKNQSTAVLIFYWHMCP>
#	G	D	E	R	K	N	Q	S	T	A	V	L	I	F	Y	W	H	M	C	P
0	0.02156	0.02194	0.03372	0.04691	0.55079	0.08636	0.06508	0.02635	0.01943	0.02641	0.01542	0.02012	0.01287	0.00749	0.00826	0.00246	0.01067	0.00736	0.00414	0.01267
1	0.01176	0.00778	0.01052	0.04401	0.01334	0.00771	0.00777	0.01199	0.01400	0.01863	0.03319	0.38103	0.03862	0.17469	0.02214	0.16787	0.00635	0.01675	0.00604	0.00581
2	0.02544	0.02907	0.02729	0.06673	0.27450	0.33998	0.01992	0.03029	0.06307	0.02402	0.01545	0.01862	0.01267	0.00828	0.00789	0.00235	0.01221	0.00653	0.00447	0.01123
3	0.01049	0.00822	0.00870	0.00885	0.01067	0.00729	0.00606	0.01194	0.01673	0.02053	0.06449	0.12288	0.42662	0.21783	0.01916	0.00435	0.00536	0.01647	0.00695	0.00643
4	0.01208	0.00805	0.00906	0.00906	0.00906	0.00805	0.00503	0.01208	0.01208	0.01611	0.02618	0.05436	0.03020	0.70804	0.04228	0.00805	0.00805	0.01208	0.00503	0.00503
5	0.01373	0.00972	0.01223	0.01221	0.01456	0.00871	0.00870	0.04373	0.01761	0.05339	0.03812	0.51017	0.04340	0.02080	0.00955	0.00289	0.00538	0.01863	0.00733	0.14913
6	0.01208	0.00783	0.00936	0.00996	0.01081	0.00777	0.00664	0.01376	0.01487	0.02152	0.03477	0.25089	0.06359	0.24745	0.08674	0.00556	0.00739	0.01468	0.16785	0.00649
7	0.02221	0.71304	0.04353	0.01421	0.02132	0.03287	0.01421	0.02488	0.01688	0.01955	0.01155	0.01333	0.01066	0.00711	0.00533	0.00178	0.00888	0.00444	0.00355	0.01066
8	0.01569	0.01477	0.02492	0.68808	0.05722	0.01846	0.02307	0.02123	0.01661	0.02123	0.01477	0.02215	0.01107	0.00831	0.00831	0.00277	0.01107	0.00738	0.00369	0.00923
9	0.03065	0.06898	0.02441	0.02109	0.02549	0.64669	0.01597	0.03281	0.02325	0.02030	0.01278	0.01491	0.01070	0.00850	0.00740	0.00212	0.01472	0.00531	0.00425	0.00968
10	0.01082	0.00869	0.00981	0.01019	0.01271	0.00768	0.00808	0.01350	0.01942	0.02405	0.12974	0.08138	0.45873	0.02109	0.01020	0.00302	0.00497	0.15086	0.00784	0.00724
11	0.02663	0.06510	0.02518	0.02106	0.02427	0.40804	0.01661	0.05944	0.02066	0.02184	0.01254	0.01615	0.01094	0.01042	0.01357	0.00260	0.22493	0.00601	0.00425	0.00974
12	0.01723	0.01486	0.01550	0.01422	0.01831	0.01634	0.01098	0.03393	0.44405	0.03085	0.04976	0.04651	0.22417	0.01437	0.00889	0.00281	0.00582	0.01197	0.00822	0.01121
13	0.01033	0.00844	0.00913	0.00896	0.01154	0.00723	0.00672	0.01292	0.02015	0.02534	0.23528	0.07519	0.49993	0.01996	0.00981	0.00275	0.00413	0.01686	0.00810	0.00723
14	0.01927	0.01842	0.03138	0.22019	0.49713	0.01940	0.02485	0.02436	0.01830	0.02557	0.01540	0.02098	0.01261	0.00764	0.00825	0.00255	0.01019	0.00740	0.00400	0.01212
15	0.03103	0.03959	0.02354	0.02140	0.02568	0.67469	0.01605	0.03317	0.02354	0.02033	0.01284	0.01498	0.01070	0.00856	0.00749	0.00214	0.01498	0.00535	0.00428	0.00963
16	0.01569	0.01477	0.02492	0.68808	0.05722	0.01846	0.02307	0.02123	0.01661	0.02123	0.01477	0.02215	0.01107	0.00831	0.00831	0.00277	0.01107	0.00738	0.00369	0.00923
17	0.01012	0.00723	0.00964	0.01157	0.01205	0.00675	0.00771	0.01157	0.01591	0.02121	0.04579	0.70262	0.05495	0.02603	0.01060	0.00337	0.00482	0.02362	0.00771	0.00675
18	0.02221	0.71304	0.04353	0.01421	0.02132	0.03287	0.01421	0.02488	0.01688	0.01955	0.01155	0.01333	0.01066	0.00711	0.00533	0.00178	0.00888	0.00444	0.00355	0.01066
19	0.02585	0.01734	0.02014	0.01654	0.02141	0.01875	0.01334	0.35693	0.02915	0.12024	0.02470	0.09253	0.02051	0.02306	0.15414	0.00496	0.01130	0.00953	0.00766	0.01192
20	0.01950	0.01931	0.02862	0.24757	0.36529	0.07904	0.02304	0.02429	0.01863	0.02449	0.01701	0.02549	0.01461	0.00884	0.00840	0.00262	0.01057	0.04723	0.00423	0.01122
21	0.01012	0.00723	0.00964	0.01157	0.01205	0.00675	0.00771	0.01157	0.01591	0.02121	0.04579	0.70262	0.05495	0.02603	0.01060	0.00337	0.00482	0.02362	0.00771	0.00675
22	0.01012	0.00723	0.00964	0.01157	0.01205	0.00675	0.00771	0.01157	0.01591	0.02121	0.04579	0.70262	0.05495	0.02603	0.01060	0.00337	0.00482	0.02362	0.00771	0.00675
23	0.01187	0.00890	0.01335	0.01335	0.01483	0.01038	0.01038	0.01483	0.01335	0.01928	0.02225	0.03264	0.02077	0.06231	0.67512	0.01335	0.02225	0.00890	0.00445	0.00742
24	0.02221	0.71304	0.04353	0.01421	0.02132	0.03287	0.01421	0.02488	0.01688	0.01955	0.01155	0.01333	0.01066	0.00711	0.00533	0.00178	0.00888	0.00444	0.00355	0.01066
25	0.02066	0.01785	0.01878	0.01691	0.02160	0.02066	0.01315	0.04414	0.64121	0.03475	0.03381	0.03099	0.02536	0.01127	0.00845	0.00282	0.00657	0.00939	0.00845	0.01315
26	0.02223	0.01961	0.02956	0.04000	0.45539	0.02008	0.02163	0.16483	0.02361	0.03262	0.02237	0.02539	0.06691	0.00914	0.00838	0.00250	0.00923	0.00827	0.00539	0.01287
27	0.03457	0.01847	0.02196	0.01684	0.02337	0.01865	0.01391	0.31977	0.03104	0.37244	0.02668	0.02432	0.01751	0.01014	0.00833	0.00253	0.00805	0.00794	0.00935	0.01413
28	0.01187	0.00890	0.01335	0.01335	0.01483	0.01038	0.01038	0.01483	0.01335	0.01928	0.02225	0.03264	0.02077	0.06231	0.67512	0.01335	0.02225	0.00890	0.00445	0.00742
29	0.01697	0.01607	0.02723	0.52084	0.21446	0.01879	0.02371	0.02235	0.01722	0.02278	0.01499	0.02173	0.01162	0.00807	0.00828	0.00269	0.01076	0.00739	0.00380	0.01026
30	0.02262	0.02461	0.03486	0.04111	0.38614	0.16157	0.15458	0.02740	0.02007	0.02555	0.01528	0.01976	0.01251	0.00757	0.00841	0.00247	0.01188	0.00748	0.00417	0.01197
31	0.01208	0.00805	0.00906	0.00906	0.00906	0.00805	0.00503	0.01208	0.01208	0.01611	0.02618	0.05436	0.03020	0.70804	0.04228	0.00805	0.00805	0.01208	0.00503	0.00503
32	0.01208	0.00805	0.00906	0.00906	0.00906	0.00805	0.00503	0.01208	0.01208	0.01611	0.02618	0.05436	0.03020	0.70804	0.04228	0.00805	0.00805	0.01208	0.00503	0.00503
33	0.02293	0.02259	0.01982	0.01789	0.02249	0.16347	0.01378	0.04175	0.50635	0.03160	0.02923	0.02750	0.02216	0.01068	0.00824	0.00267	0.00841	0.00851	0.00754	0.01238
34	0.01187	0.00890	0.01335	0.01335	0.01483	0.01038	0.01038	0.01483	0.01335	0.01928	0.02225	0.03264	0.02077	0.06231	0.67512	0.01335	0.02225	0.00890	0.00445	0.00742
35	0.01549	0.00774	0.00774	0.00774	0.00968	0.00774	0.00581	0.01936	0.01742	0.03097	0.02710	0.03097	0.02129	0.00968	0.00581	0.00194	0.00387	0.00774	0.75416	0.00774
36	0.01186	0.01004	0.01045	0.01007	0.01312	0.00944	0.00763	0.01781	0.12638	0.02557	0.12833	0.06987	0.49148	0.01898	0.00958	0.00279	0.00459	0.01590	0.00797	0.00815
37	0.01666	0.04297	0.66500	0.02368	0.03596	0.01929	0.03069	0.02631	0.01754	0.02631	0.01491	0.01754	0.01052	0.00789	0.00789	0.00263	0.01228	0.00614	0.00351	0.01228
38	0.03158	0.02327	0.02493	0.01911	0.02576	0.02576	0.01579	0.62852	0.03906	0.05236	0.01995	0.01995	0.01413	0.00997	0.00831	0.00249	0.00914	0.00748	0.00831	0.01413
39	0.00982	0.00842	0.00842	0.00842	0.01122	0.00701	0.00631	0.01192	0.01894	0.02244	0.08416	0.07995	0.65285	0.02104	0.00982	0.00281	0.00421	0.01753	0.00771	0.00701
40	0.03405	0.01930	0.02248	0.01723	0.02378	0.01987	0.01423	0.37303	0.03242	0.31722	0.02552	0.02356	0.01692	0.01011	0.00833	0.00253	0.00824	0.00786	0.00917	0.01413
41	0.01012	0.00723	0.00964	0.01157	0.01205	0.00675	0.00771	0.01157	0.01591	0.02121	0.04579	0.70262	0.05495	0.02603	0.01060	0.00337	0.00482	0.02362	0.00771	0.00675
42	0.01569	0.01477	0.02492	0.68808	0.05722	0.01846	0.02307	0.02123	0.01661	0.02123	0.01477	0.02215	0.01107	0.00831	0.00831	0.00277	0.01107	0.00738	0.00369	0.00923
43	0.01876	0.01921	0.02478	0.02141	0.02176	0.06861	0.01769	0.02065	0.01348	0.01998	0.01154	0.01860	0.01133	0.01625	0.05454	0.00396	0.61746	0.00721	0.00371	0.00905
44	0.01187	0.00890	0.01335	0.01335	0.01483	0.01038	0.01038	0.01483	0.01335	0.01928	0.02225	0.03264	0.02077	0.06231	0.67512	0.01335	0.02225	0.00890	0.00445	0.00742
45	0.02708	0.02065	0.02250	0.01712	0.02388	0.02145	0.01402	0.43237	0.06152	0.04451	0.01917	0.01971	0.01415	0.00897	0.00772	0.00216	0.00819	0.00686	0.00738	0.22057
46	0.01195	0.00855	0.01155	0.01152	0.01244	0.00934	0.00815	0.01379	0.01335	0.01872	0.05465	0.04263	0.02731	0.31435	0.39334	0.01074	0.01576	0.01045	0.00491	0.00650
47	0.02345	0.35074	0.20293	0.01834	0.02617	0.16990	0.01889	0.02788	0.01888	0.05430	0.01381	0.01557	0.01114	0.00780	0.00664	0.00212	0.01104	0.00529	0.00405	0.01104
48	0.01871	0.09021	0.36073	0.02131	0.07054	0.01830	0.02237	0.02715	0.07298	0.08132	0.08438	0.02684	0.05002	0.00981	0.00806	0.00256	0.00967	0.00797	0.00532	0.01174
49	0.01208	0.00805	0.00906	0.00906	0.00906	0.00805	0.00503	0.01208	0.01208	0.01611	0.02618	0.05436	0.03020	0.70804	0.04228	0.00805	0.00805	0.01208	0.00503	0.00503
50	0.01459	0.01233	0.01309	0.01222	0.01569	0.01278	0.00936	0.02580	0.27709	0.02910	0.14516	0.05711	0.31039	0.01641	0.00925	0.00278	0.00515	0.01380	0.00823	0.00967
51	0.02236	0.02305	0.03130	0.04437	0.51933	0.13177	0.02332	0.02766	0.04822	0.02632	0.01598	0.02008	0.01330	0.00778	0.00811	0.00243	0.01059	0.00714	0.00434	0.01256
52	0.01012	0.00723	0.00964	0.01157	0.01205	0.00675	0.00771	0.01157	0.01591	0.02121	0.04579	0.70262	0.05495	0.02603	0.01060	0.00337	0.00482	0.02362	0.00771	0.00675
53	0.01188	0.00884	0.01306	0.01306	0.01444	0.01023	0.01002	0.01465	0.01327	0.01907	0.02252	0.03410	0.02141	0.10590	0.63240	0.01299	0.02129	0.00912	0.00449	0.00726
54	0.02210	0.02289	0.03297	0.04568	0.52888	0.11918	0.05509	0.02672	0.01965	0.02608	0.01526	0.01981	0.01276	0.00756	0.00819	0.00243	0.01086	0.00721	0.00414	0.01252
55	0.02293	0.27089	0.03694	0.02190	0.02801	0.19510	0.18415	0.02671	0.01966	0.02266	0.05655	0.01976	0.01579	0.00842	0.00830	0.00229	0.03838	0.00699	0.00430	0.01029
56	0.01187	0.00890	0.01335	0.01335	0.01483	0.01038	0.01038	0.01483	0.01335	0.01928	0.02225	0.03264	0.02077	0.06231	0.67512	0.01335	0.02225	0.00890	0.00445	0.00742
57	0.09351	0.16224	0.02125	0.01370	0.01805	0.05219	0.01130	0.02545	0.01771	0.19694	0.02349	0.08009	0.02029	0.06889	0.15394	0.00514	0.01099	0.00859	0.00621	0.01000
58	0.02019	0.01465	0.01627	0.01380	0.01817	0.01468	0.01081	0.24713	0.02600	0.06695	0.04293	0.17946	0.19570	0.01600	0.00901	0.00265	0.00652	0.01340	0.00782	0.07786
59	0.02668	0.02282	0.02572	0.02552	0.16245	0.08785	0.01725	0.33205	0.02915	0.03897	0.01723	0.01915	0.01320	0.00895	0.00870	0.00233	0.03754	0.00690	0.00635	0.11117
60	0.02242	0.01959	0.02024	0.01995	0.08487	0.10532	0.01414	0.10917	0.26367	0.06475	0.07073	0.03099	0.05573	0.01531	0.06223	0.00347	0.00934	0.00911	0.00722	0.01172
61	0.05830	0.09948	0.16002	0.04601	0.02739	0.01760	0.10089	0.05285	0.02018	0.19521	0.02790	0.05674	0.08021	0.01052	0.00821	0.00259	0.00916	0.00898	0.00630	0.01147
62	0.02133	0.08233	0.13406	0.02220	0.10140	0.16140	0.01776	0.03190	0.21655	0.02689	0.02665	0.02703	0.07482	0.01020	0.00799	0.00251	0.00974	0.00807	0.00571	0.01147
63	0.02276	0.15145	0.13711	0.02655	0.16422	0.19298	0.04521	0.05756	0.02096	0.02563	0.06566	0.02070	0.01692	0.00862	0.00766	0.00231	0.01109	0.00685	0.00458	0.01118
64	0.02105	0.17193	0.07124	0.03883	0.40190	0.05000	0.07880	0.02583	0.01866	0.02512	0.01470	0.01877	0.01232	0.00738	0.00770	0.00234	0.01039	0.00683	0.00397	0.01224
65	0.12678	0.11872	0.16724	0.02126	0.05419	0.20896	0.04722	0.02826	0.05245	0.02526	0.01425	0.01685	0.01143	0.00861	0.00876	0.00246	0.06638	0.00596	0.00430	0.01063
66	0.02197	0.02115	0.01897	0.01753	0.05508	0.18320	0.01279	0.05522	0.15723	0.05907	0.07154	0.03161	0.10225	0.01097	0.00803	0.00229	0.00848	0.00873	0.00654	0.14734

[dist]
# distance from previous block
# <min> <max>
10	88

[block]
# block no. 4 follows, 22 sequences, length 67
# corresponding to MSA columns:
# 397-463
name=unknown_E
#
# <colnr> <probs for GDERKNQSTAVLIFYWHMCP>
#	G	D	E	R	K	N	Q	S	T	A	V	L	I	F	Y	W	H	M	C	P
0	0.01822	0.01612	0.02226	0.02253	0.12609	0.01711	0.07153	0.09253	0.15156	0.03003	0.06975	0.04242	0.16804	0.01353	0.01063	0.00283	0.06447	0.04285	0.00674	0.01076
1	0.02317	0.08474	0.08993	0.01791	0.02381	0.11871	0.04125	0.12983	0.19098	0.05866	0.02809	0.02790	0.07626	0.01055	0.00802	0.00250	0.00906	0.00836	0.03864	0.01162
2	0.01996	0.02416	0.12451	0.02463	0.14011	0.12645	0.01848	0.02929	0.17407	0.02594	0.02055	0.02384	0.01665	0.01910	0.13116	0.00459	0.05257	0.00763	0.00517	0.01115
3	0.02135	0.15168	0.02528	0.01996	0.10097	0.14474	0.01428	0.05472	0.05581	0.02508	0.01721	0.04590	0.01514	0.01360	0.07096	0.00306	0.01049	0.00673	0.00488	0.19817
4	0.01861	0.01789	0.02668	0.05644	0.05338	0.05018	0.14184	0.05348	0.05021	0.02395	0.01696	0.02463	0.01504	0.07702	0.07314	0.03665	0.20100	0.00827	0.00456	0.05005
5	0.02346	0.21096	0.02885	0.01867	0.02250	0.19626	0.01568	0.08256	0.01953	0.02319	0.01641	0.01955	0.04583	0.01089	0.01342	0.00259	0.22859	0.00658	0.00445	0.01002
6	0.02559	0.26654	0.02864	0.01697	0.05118	0.04750	0.01388	0.10427	0.05371	0.17417	0.02463	0.05999	0.05098	0.01055	0.00817	0.00237	0.03475	0.00801	0.00647	0.01164
7	0.02289	0.20094	0.08987	0.01973	0.02581	0.23417	0.09381	0.05562	0.02053	0.02320	0.02094	0.02325	0.07314	0.01235	0.04668	0.00292	0.01218	0.00725	0.00455	0.01018
8	0.01841	0.01681	0.02509	0.02173	0.06189	0.01734	0.16605	0.08132	0.22371	0.03025	0.03581	0.12723	0.11047	0.01325	0.00925	0.00284	0.00829	0.01230	0.00692	0.01102
9	0.01942	0.08916	0.02010	0.01636	0.04596	0.13047	0.03598	0.07592	0.01887	0.02475	0.02012	0.02791	0.01798	0.11002	0.17671	0.00566	0.01255	0.00786	0.13529	0.00891
10	0.17314	0.06008	0.35897	0.01872	0.02752	0.01939	0.02126	0.02828	0.12548	0.02958	0.02065	0.02183	0.04331	0.00903	0.00740	0.00262	0.00954	0.00683	0.00491	0.01143
11	0.02076	0.18187	0.22487	0.01892	0.02585	0.11466	0.01929	0.08831	0.01956	0.02519	0.01545	0.01911	0.01273	0.01767	0.12228	0.00424	0.04787	0.00632	0.00430	0.01075
12	0.02179	0.01486	0.01761	0.04144	0.02027	0.01533	0.01188	0.21349	0.02440	0.11549	0.03323	0.18233	0.08941	0.05187	0.01152	0.00299	0.03965	0.01226	0.00751	0.07267
13	0.01941	0.37435	0.35766	0.01900	0.02872	0.02601	0.02254	0.02560	0.01721	0.02296	0.01325	0.01546	0.01059	0.00750	0.00663	0.00221	0.01060	0.00530	0.00353	0.01148
14	0.01796	0.01575	0.01230	0.01154	0.01450	0.15518	0.00873	0.05105	0.02034	0.02707	0.04134	0.04212	0.21497	0.01298	0.00755	0.00228	0.00669	0.01025	0.31917	0.00826
15	0.01232	0.00803	0.01063	0.01161	0.01224	0.00783	0.00783	0.04072	0.01554	0.02073	0.03570	0.46744	0.04159	0.06064	0.01759	0.19281	0.00579	0.01815	0.00658	0.00622
16	0.02292	0.02421	0.03143	0.04433	0.51436	0.16709	0.02337	0.02722	0.01996	0.02561	0.01500	0.01931	0.01261	0.00766	0.00806	0.00239	0.01102	0.00694	0.00415	0.01237
17	0.02056	0.01974	0.03372	0.05099	0.65622	0.01974	0.02550	0.02550	0.01892	0.02714	0.01563	0.02056	0.01316	0.00740	0.00822	0.00247	0.00987	0.00740	0.00411	0.01316
18	0.01011	0.00728	0.00959	0.01143	0.01201	0.00676	0.00765	0.01158	0.01604	0.02126	0.04747	0.67539	0.08109	0.02581	0.01057	0.00335	0.00479	0.02335	0.00771	0.00676
19	0.06119	0.09265	0.02637	0.02481	0.12027	0.46488	0.01709	0.03038	0.02141	0.02204	0.01302	0.01574	0.01100	0.00846	0.00810	0.00224	0.04031	0.00562	0.00421	0.01020
20	0.01360	0.00882	0.01085	0.01102	0.01332	0.00787	0.00828	0.01605	0.01924	0.09551	0.14461	0.26034	0.26266	0.02093	0.01004	0.00302	0.00499	0.07273	0.00820	0.00791
21	0.01017	0.00734	0.00963	0.01135	0.01202	0.00681	0.00764	0.01175	0.01638	0.02177	0.07265	0.64314	0.08784	0.02539	0.01053	0.00331	0.00475	0.02294	0.00777	0.00681
22	0.02247	0.02631	0.05535	0.02342	0.06072	0.23346	0.11814	0.02619	0.01895	0.02344	0.01381	0.01773	0.01154	0.00879	0.01133	0.00237	0.13907	0.00650	0.00425	0.17617
23	0.01264	0.01039	0.01142	0.01158	0.01409	0.01035	0.00848	0.01988	0.17393	0.02512	0.05898	0.27149	0.29985	0.02022	0.00973	0.00299	0.00500	0.01748	0.00790	0.00846
24	0.01012	0.00723	0.00964	0.01157	0.01205	0.00675	0.00771	0.01157	0.01591	0.02121	0.04579	0.70262	0.05495	0.02603	0.01060	0.00337	0.00482	0.02362	0.00771	0.00675
25	0.03103	0.03959	0.02354	0.02140	0.02568	0.67469	0.01605	0.03317	0.02354	0.02033	0.01284	0.01498	0.01070	0.00856	0.00749	0.00214	0.01498	0.00535	0.00428	0.00963
26	0.01816	0.04131	0.57135	0.02508	0.07141	0.07719	0.02910	0.02687	0.01815	0.02583	0.01477	0.01749	0.01069	0.00792	0.00788	0.00258	0.01238	0.00614	0.00361	0.01210
27	0.01569	0.01477	0.02492	0.68808	0.05722	0.01846	0.02307	0.02123	0.01661	0.02123	0.01477	0.02215	0.01107	0.00831	0.00831	0.00277	0.01107	0.00738	0.00369	0.00923
28	0.01031	0.00737	0.00986	0.01179	0.01235	0.00691	0.00804	0.01190	0.01609	0.02142	0.04568	0.66693	0.05453	0.02585	0.01065	0.00340	0.00499	0.05742	0.00771	0.00680
29	0.01940	0.02016	0.06636	0.04128	0.47292	0.05103	0.02285	0.02415	0.01894	0.02614	0.02063	0.06574	0.01948	0.01044	0.00870	0.00268	0.00972	0.08277	0.00472	0.01189
30	0.01842	0.10265	0.01994	0.01513	0.01856	0.07228	0.01208	0.08731	0.12972	0.02693	0.05968	0.12720	0.09093	0.02121	0.10407	0.00422	0.06244	0.01112	0.00639	0.00974
31	0.01002	0.00764	0.00921	0.01047	0.01176	0.00684	0.00722	0.01169	0.01696	0.02164	0.05913	0.48617	0.26279	0.02429	0.01033	0.00318	0.00461	0.02150	0.00771	0.00684
32	0.03158	0.02327	0.02493	0.01911	0.02576	0.02576	0.01579	0.62852	0.03906	0.05236	0.01995	0.01995	0.01413	0.00997	0.00831	0.00249	0.00914	0.00748	0.00831	0.01413
33	0.02056	0.01974	0.03372	0.05099	0.65622	0.01974	0.02550	0.02550	0.01892	0.02714	0.01563	0.02056	0.01316	0.00740	0.00822	0.00247	0.00987	0.00740	0.00411	0.01316
34	0.02041	0.01665	0.01893	0.01381	0.02103	0.01433	0.01116	0.15561	0.02207	0.03268	0.01591	0.01783	0.01271	0.00700	0.00663	0.00151	0.00681	0.00549	0.00567	0.59375
35	0.02066	0.01785	0.01878	0.01691	0.02160	0.02066	0.01315	0.04414	0.64121	0.03475	0.03381	0.03099	0.02536	0.01127	0.00845	0.00282	0.00657	0.00939	0.00845	0.01315
36	0.01187	0.00890	0.01335	0.01335	0.01483	0.01038	0.01038	0.01483	0.01335	0.01928	0.02225	0.03264	0.02077	0.06231	0.67512	0.01335	0.02225	0.00890	0.00445	0.00742
37	0.02029	0.43533	0.15423	0.01765	0.02413	0.02872	0.01813	0.02406	0.01608	0.02089	0.01203	0.01518	0.01069	0.00890	0.01067	0.00235	0.16112	0.00538	0.00356	0.01061
38	0.01096	0.00846	0.01000	0.00961	0.01192	0.00750	0.00721	0.01413	0.02163	0.02885	0.41857	0.06941	0.31444	0.01865	0.00981	0.00269	0.00404	0.01605	0.00856	0.00750
39	0.01012	0.00723	0.00964	0.01157	0.01205	0.00675	0.00771	0.01157	0.01591	0.02121	0.04579	0.70262	0.05495	0.02603	0.01060	0.00337	0.00482	0.02362	0.00771	0.00675
40	0.01119	0.00847	0.01031	0.00985	0.01206	0.00760	0.00739	0.01457	0.02217	0.03011	0.48480	0.06732	0.24742	0.01818	0.00980	0.00267	0.00400	0.01576	0.00872	0.00760
41	0.01823	0.14319	0.53882	0.02214	0.03323	0.05511	0.02747	0.02645	0.01775	0.02499	0.01430	0.01678	0.01055	0.00781	0.00749	0.00248	0.01191	0.00584	0.00355	0.01190
42	0.01666	0.04297	0.66500	0.02368	0.03596	0.01929	0.03069	0.02631	0.01754	0.02631	0.01491	0.01754	0.01052	0.00789	0.00789	0.00263	0.01228	0.00614	0.00351	0.01228
43	0.02056	0.01974	0.03372	0.05099	0.65622	0.01974	0.02550	0.02550	0.01892	0.02714	0.01563	0.02056	0.01316	0.00740	0.00822	0.00247	0.00987	0.00740	0.00411	0.01316
44	0.01366	0.00823	0.01003	0.00989	0.01170	0.00849	0.00752	0.01730	0.01765	0.02828	0.16425	0.03832	0.03380	0.02577	0.19080	0.00523	0.00894	0.00968	0.38279	0.00767
45	0.02056	0.01974	0.03372	0.05099	0.65622	0.01974	0.02550	0.02550	0.01892	0.02714	0.01563	0.02056	0.01316	0.00740	0.00822	0.00247	0.00987	0.00740	0.00411	0.01316
46	0.01187	0.00890	0.01335	0.01335	0.01483	0.01038	0.01038	0.01483	0.01335	0.01928	0.02225	0.03264	0.02077	0.06231	0.67512	0.01335	0.02225	0.00890	0.00445	0.00742
47	0.18234	0.01127	0.01291	0.01301	0.01626	0.01139	0.01096	0.02046	0.01872	0.09619	0.07283	0.06524	0.12675	0.01762	0.00941	0.00320	0.00662	0.28879	0.00746	0.00856
48	0.02972	0.01356	0.01765	0.01406	0.01929	0.01245	0.01140	0.09586	0.02532	0.42626	0.20011	0.03660	0.03564	0.01208	0.00874	0.00257	0.00643	0.01008	0.00976	0.01242
49	0.02402	0.02536	0.02193	0.01933	0.02243	0.27691	0.01522	0.12399	0.02143	0.02529	0.01567	0.02042	0.01354	0.02203	0.16000	0.00501	0.16589	0.00691	0.00484	0.00976
50	0.03055	0.03859	0.02332	0.02119	0.02549	0.64456	0.01592	0.03368	0.05200	0.02100	0.01381	0.01572	0.01138	0.00869	0.00753	0.00217	0.01459	0.00554	0.00447	0.00979
51	0.00999	0.00847	0.00866	0.00875	0.01151	0.00714	0.00666	0.01218	0.01894	0.02256	0.08219	0.08062	0.62326	0.02113	0.00990	0.00286	0.00438	0.04603	0.00771	0.00704
52	0.01443	0.00722	0.01082	0.01082	0.01082	0.00722	0.00722	0.01082	0.01082	0.01443	0.01443	0.02525	0.01443	0.02886	0.03247	0.75830	0.00722	0.00722	0.00361	0.00361
53	0.09486	0.00862	0.00821	0.00808	0.01035	0.00889	0.00614	0.01989	0.01707	0.03164	0.02546	0.02913	0.01999	0.00947	0.00574	0.00200	0.00414	0.00740	0.67502	0.00788
54	0.01640	0.01143	0.01258	0.01129	0.01276	0.01198	0.00742	0.14873	0.01806	0.02414	0.02479	0.04673	0.02664	0.55330	0.03475	0.00682	0.00830	0.01106	0.00576	0.00705
55	0.01005	0.00749	0.00937	0.01087	0.01187	0.00681	0.00740	0.01165	0.01658	0.02148	0.05429	0.56459	0.18748	0.02492	0.01043	0.00325	0.00468	0.02227	0.00771	0.00681
56	0.01012	0.00723	0.00964	0.01157	0.01205	0.00675	0.00771	0.01157	0.01591	0.02121	0.04579	0.70262	0.05495	0.02603	0.01060	0.00337	0.00482	0.02362	0.00771	0.00675
57	0.03103	0.03959	0.02354	0.02140	0.02568	0.67469	0.01605	0.03317	0.02354	0.02033	0.01284	0.01498	0.01070	0.00856	0.00749	0.00214	0.01498	0.00535	0.00428	0.00963
