[name]
unknown

[dist]
# distance from previous block
# <min> <max>
0	96

[block]
# block no. 0 follows, 21 sequences, length 17
# corresponding to MSA columns:
# 96-112
name=unknown_A
#
# <colnr> <probs for GDERKNQSTAVLIFYWHMCP>
#	G	D	E	R	K	N	Q	S	T	A	V	L	I	F	Y	W	H	M	C	P
0	0.01658	0.01082	0.01467	0.01573	0.01833	0.01082	0.01358	0.02179	0.06104	0.08700	0.04325	0.08521	0.04473	0.02145	0.01124	0.00372	0.00770	0.49534	0.00815	0.00886
1	0.01213	0.00962	0.01373	0.01393	0.01473	0.01020	0.03605	0.01383	0.01540	0.02102	0.03724	0.46022	0.04351	0.11329	0.06152	0.00477	0.08582	0.01909	0.00668	0.00721
2	0.01792	0.25290	0.32892	0.01840	0.02715	0.02197	0.02129	0.02431	0.01896	0.02612	0.13894	0.02562	0.02464	0.00967	0.00762	0.00241	0.00974	0.00753	0.00476	0.01113
3	0.01045	0.00864	0.00917	0.00904	0.01174	0.00735	0.00678	0.01298	0.02033	0.02520	0.19690	0.07826	0.53231	0.02073	0.01005	0.00283	0.00425	0.01745	0.00819	0.00735
4	0.01523	0.01325	0.02071	0.19939	0.18174	0.01389	0.01657	0.01984	0.02077	0.02862	0.28873	0.04323	0.07802	0.01284	0.00923	0.00269	0.00749	0.01152	0.00652	0.00971
5	0.02275	0.70604	0.04459	0.01456	0.02184	0.03367	0.01456	0.02548	0.01729	0.02002	0.01183	0.01365	0.01092	0.00728	0.00546	0.00182	0.00910	0.00455	0.00364	0.01092
6	0.02069	0.02051	0.03599	0.04474	0.44715	0.02097	0.13805	0.02704	0.05537	0.02760	0.01697	0.02187	0.01394	0.00830	0.01024	0.00271	0.06247	0.00816	0.00446	0.01278
7	0.03256	0.03150	0.02295	0.01985	0.02501	0.41098	0.01533	0.09637	0.06710	0.16679	0.01993	0.02003	0.01460	0.00950	0.00802	0.00238	0.01234	0.00667	0.00647	0.01162
8	0.70410	0.06964	0.01498	0.01145	0.01687	0.02022	0.00963	0.02505	0.01470	0.03678	0.01185	0.01381	0.00935	0.00785	0.00528	0.00257	0.00678	0.00460	0.00514	0.00935
9	0.02185	0.02591	0.11660	0.04476	0.48960	0.09964	0.02564	0.02720	0.01977	0.02683	0.01556	0.01995	0.01281	0.00780	0.00829	0.00251	0.01108	0.00715	0.00415	0.01291
10	0.02369	0.02138	0.02497	0.07708	0.18643	0.09321	0.01747	0.19373	0.02527	0.03355	0.02146	0.02381	0.05597	0.00923	0.00806	0.00229	0.00944	0.00756	0.00584	0.15953
11	0.01227	0.00876	0.01136	0.01107	0.01280	0.00826	0.00828	0.01574	0.02202	0.03080	0.49408	0.06613	0.07020	0.10962	0.01469	0.00356	0.00501	0.07910	0.00863	0.00762
12	0.02429	0.16201	0.08434	0.02523	0.03273	0.08909	0.23743	0.16168	0.02405	0.03091	0.01612	0.01926	0.01246	0.00838	0.00904	0.00254	0.03590	0.00759	0.00506	0.01189
13	0.05498	0.01788	0.02966	0.31564	0.36818	0.01961	0.02425	0.02422	0.01814	0.02575	0.01543	0.02140	0.01237	0.00799	0.00831	0.00266	0.01046	0.00743	0.00408	0.01157
14	0.02201	0.03611	0.32226	0.02426	0.07551	0.18508	0.02372	0.07503	0.02121	0.02697	0.01928	0.02166	0.04995	0.00962	0.00934	0.00262	0.05223	0.00707	0.00451	0.01158
15	0.02964	0.03647	0.02621	0.02801	0.15111	0.53693	0.01839	0.03240	0.02316	0.02223	0.01373	0.01649	0.01147	0.00853	0.00782	0.00226	0.01430	0.00590	0.00435	0.01059
16	0.01031	0.00765	0.00962	0.01119	0.01217	0.00697	0.00761	0.01192	0.01692	0.02198	0.05488	0.57094	0.17556	0.02563	0.01070	0.00334	0.00481	0.02293	0.00790	0.00697

[dist]
# distance from previous block
# <min> <max>
0	1

[block]
# block no. 1 follows, 21 sequences, length 270
# corresponding to MSA columns:
# 114-383
name=unknown_B
#
# <colnr> <probs for GDERKNQSTAVLIFYWHMCP>
#	G	D	E	R	K	N	Q	S	T	A	V	L	I	F	Y	W	H	M	C	P
0	0.05803	0.44128	0.03597	0.01701	0.02318	0.25639	0.01499	0.02846	0.01958	0.02110	0.01230	0.01426	0.01086	0.00783	0.00623	0.00199	0.01119	0.00488	0.00397	0.01047
1	0.02037	0.11482	0.47508	0.02278	0.03329	0.13956	0.02688	0.02808	0.01902	0.02508	0.01451	0.01702	0.01083	0.00812	0.00773	0.00251	0.01271	0.00595	0.00374	0.01190
2	0.01019	0.00863	0.00880	0.00876	0.01157	0.00724	0.00657	0.01247	0.01971	0.02372	0.12277	0.08070	0.60736	0.02128	0.01006	0.00286	0.00429	0.01779	0.00800	0.00724
3	0.02106	0.02022	0.03454	0.05223	0.64784	0.02022	0.02612	0.02612	0.01938	0.02780	0.01601	0.02106	0.01348	0.00758	0.00842	0.00253	0.01011	0.00758	0.00421	0.01348
4	0.01006	0.00862	0.00862	0.00862	0.01149	0.00718	0.00647	0.01221	0.01940	0.02299	0.08621	0.08190	0.64438	0.02155	0.01006	0.00287	0.00431	0.01796	0.00790	0.00718
5	0.01093	0.00832	0.00978	0.01006	0.01184	0.00747	0.00714	0.01326	0.01936	0.02531	0.23359	0.21922	0.28214	0.08655	0.01342	0.00347	0.00475	0.01815	0.00807	0.00717
6	0.01238	0.00825	0.00928	0.00928	0.00928	0.00825	0.00516	0.01238	0.01238	0.01650	0.02681	0.05569	0.03094	0.70092	0.04331	0.00825	0.00825	0.01238	0.00516	0.00516
7	0.01967	0.01698	0.01781	0.01614	0.02069	0.01928	0.01252	0.04076	0.54970	0.03390	0.04160	0.03852	0.10947	0.01290	0.00885	0.00288	0.00641	0.01075	0.00856	0.01262
8	0.02275	0.70604	0.04459	0.01456	0.02184	0.03367	0.01456	0.02548	0.01729	0.02002	0.01183	0.01365	0.01092	0.00728	0.00546	0.00182	0.00910	0.00455	0.00364	0.01092
9	0.01030	0.00769	0.00958	0.01109	0.01214	0.00698	0.00756	0.01194	0.01703	0.02202	0.05618	0.55052	0.19514	0.02546	0.01067	0.00332	0.00479	0.02272	0.00790	0.00698
10	0.02275	0.70604	0.04459	0.01456	0.02184	0.03367	0.01456	0.02548	0.01729	0.02002	0.01183	0.01365	0.01092	0.00728	0.00546	0.00182	0.00910	0.00455	0.00364	0.01092
11	0.76103	0.01646	0.01251	0.01119	0.01646	0.01909	0.00922	0.02502	0.01448	0.03818	0.01185	0.01382	0.00922	0.00790	0.00527	0.00263	0.00658	0.00461	0.00527	0.00922
12	0.02117	0.01828	0.01924	0.01732	0.02213	0.02117	0.01347	0.04522	0.63246	0.03560	0.03464	0.03175	0.02598	0.01155	0.00866	0.00289	0.00673	0.00962	0.00866	0.01347
13	0.01037	0.00741	0.00987	0.01185	0.01234	0.00691	0.00790	0.01185	0.01629	0.02172	0.04690	0.69537	0.05629	0.02666	0.01086	0.00346	0.00494	0.02419	0.00790	0.00691
14	0.01037	0.00741	0.00987	0.01185	0.01234	0.00691	0.00790	0.01185	0.01629	0.02172	0.04690	0.69537	0.05629	0.02666	0.01086	0.00346	0.00494	0.02419	0.00790	0.00691
15	0.03179	0.04056	0.02412	0.02192	0.02631	0.66676	0.01644	0.03398	0.02412	0.02083	0.01315	0.01535	0.01096	0.00877	0.00767	0.00219	0.01535	0.00548	0.00438	0.00987
16	0.02976	0.15075	0.02963	0.02102	0.06866	0.05515	0.01658	0.44276	0.03368	0.04419	0.01821	0.01900	0.01359	0.00943	0.00790	0.00240	0.00963	0.00698	0.00713	0.01355
17	0.01954	0.19560	0.35512	0.02146	0.02991	0.06088	0.02414	0.02576	0.01721	0.02372	0.01355	0.01692	0.01090	0.00924	0.01125	0.00266	0.14099	0.00605	0.00367	0.01140
18	0.02600	0.03004	0.02675	0.02292	0.02606	0.34202	0.05891	0.06152	0.02052	0.02300	0.01309	0.01741	0.01138	0.01107	0.01559	0.00284	0.26982	0.00667	0.00436	0.01003
19	0.02107	0.02014	0.03390	0.05076	0.62138	0.02026	0.02558	0.02693	0.04530	0.02813	0.01680	0.02151	0.01401	0.00775	0.00843	0.00254	0.00997	0.00767	0.00440	0.01348
20	0.01582	0.00936	0.01185	0.01136	0.01396	0.00833	0.00845	0.01859	0.02093	0.13919	0.24573	0.23801	0.18616	0.01967	0.01001	0.00293	0.00492	0.01719	0.00885	0.00869
21	0.03173	0.02347	0.02521	0.01929	0.02613	0.02576	0.01592	0.59436	0.03907	0.05255	0.02021	0.02031	0.01439	0.01005	0.00842	0.00250	0.00924	0.00755	0.00837	0.04546
22	0.02082	0.10995	0.15094	0.03168	0.27751	0.02064	0.02173	0.07657	0.02030	0.02888	0.01556	0.01883	0.01256	0.00762	0.00759	0.00223	0.00966	0.00647	0.00455	0.15591
23	0.01283	0.01112	0.01924	0.01721	0.01955	0.01045	0.14984	0.01550	0.01680	0.02252	0.03805	0.47716	0.04373	0.08662	0.01378	0.00378	0.00745	0.01976	0.00680	0.00781
24	0.03179	0.04056	0.02412	0.02192	0.02631	0.66676	0.01644	0.03398	0.02412	0.02083	0.01315	0.01535	0.01096	0.00877	0.00767	0.00219	0.01535	0.00548	0.00438	0.00987
25	0.01095	0.00823	0.01028	0.01169	0.01315	0.00756	0.00865	0.01311	0.01784	0.02283	0.05777	0.40059	0.22296	0.02457	0.01081	0.00338	0.00534	0.13523	0.00789	0.00717
26	0.01866	0.06156	0.35768	0.02911	0.03967	0.02113	0.29534	0.02703	0.01890	0.02681	0.01601	0.02004	0.01175	0.00764	0.00886	0.00274	0.01323	0.00791	0.00392	0.01201
27	0.02970	0.02252	0.02405	0.01905	0.02538	0.02515	0.01553	0.48358	0.18020	0.04937	0.02379	0.02311	0.01719	0.01053	0.00855	0.00263	0.00874	0.00813	0.00855	0.01424
28	0.01036	0.00746	0.00982	0.01171	0.01231	0.00692	0.00784	0.01186	0.01642	0.02178	0.04855	0.66962	0.08097	0.02645	0.01083	0.00343	0.00491	0.02393	0.00790	0.00692
29	0.01500	0.01041	0.01302	0.01414	0.07392	0.00922	0.00944	0.01783	0.02059	0.10478	0.15946	0.10302	0.38024	0.01847	0.00976	0.00281	0.00523	0.01574	0.00812	0.00883
30	0.02068	0.01983	0.03385	0.10054	0.60253	0.02012	0.02593	0.02578	0.01920	0.02734	0.01594	0.02119	0.01332	0.00765	0.00843	0.00255	0.01020	0.00758	0.00418	0.01317
31	0.03551	0.01439	0.01922	0.01502	0.02121	0.01281	0.01230	0.04021	0.06425	0.57625	0.06997	0.03121	0.02492	0.01101	0.00865	0.00265	0.00702	0.00903	0.01034	0.01403
32	0.02047	0.02069	0.03846	0.08655	0.43892	0.02051	0.19473	0.02617	0.01943	0.02727	0.01630	0.02170	0.01319	0.00752	0.00889	0.00264	0.01140	0.00828	0.00421	0.01266
33	0.02255	0.14737	0.36312	0.02200	0.03119	0.22355	0.02411	0.02891	0.01978	0.02395	0.01407	0.01647	0.01086	0.00817	0.00754	0.00240	0.01289	0.00576	0.00385	0.01147
34	0.02106	0.02022	0.03454	0.05223	0.64784	0.02022	0.02612	0.02612	0.01938	0.02780	0.01601	0.02106	0.01348	0.00758	0.00842	0.00253	0.01011	0.00758	0.00421	0.01348
35	0.71705	0.05754	0.01442	0.01139	0.01678	0.01996	0.00953	0.02504	0.01465	0.03710	0.01185	0.01381	0.00932	0.00786	0.00528	0.00258	0.00673	0.00460	0.00517	0.00932
36	0.01018	0.00863	0.00879	0.00875	0.01157	0.00723	0.00656	0.01244	0.01968	0.02365	0.11940	0.08081	0.61078	0.02130	0.01006	0.00286	0.00429	0.01781	0.00799	0.00723
37	0.02106	0.02022	0.03454	0.05223	0.64784	0.02022	0.02612	0.02612	0.01938	0.02780	0.01601	0.02106	0.01348	0.00758	0.00842	0.00253	0.01011	0.00758	0.00421	0.01348
38	0.01046	0.00864	0.00918	0.00904	0.01174	0.00736	0.00678	0.01299	0.02035	0.02524	0.19890	0.07819	0.53029	0.02071	0.01005	0.00283	0.00425	0.01744	0.00820	0.00736
39	0.01204	0.00870	0.01138	0.01071	0.01271	0.00803	0.00803	0.01606	0.02409	0.03413	0.64335	0.06357	0.08030	0.01740	0.01004	0.00268	0.00401	0.01539	0.00937	0.00803
40	0.01095	0.00828	0.00907	0.00941	0.01084	0.00752	0.00624	0.01221	0.01634	0.02044	0.05811	0.17716	0.32312	0.26706	0.02217	0.00491	0.00584	0.01701	0.00691	0.00641
41	0.03723	0.01600	0.02069	0.01586	0.02248	0.01477	0.01310	0.13546	0.02690	0.55615	0.03144	0.02758	0.01999	0.01048	0.00855	0.00262	0.00759	0.00841	0.01020	0.01448
42	0.02251	0.01895	0.02000	0.01759	0.02264	0.02179	0.01379	0.11412	0.56138	0.03776	0.03293	0.03039	0.02460	0.01139	0.00864	0.00285	0.00705	0.00939	0.00864	0.01359
43	0.76103	0.01646	0.01251	0.01119	0.01646	0.01909	0.00922	0.02502	0.01448	0.03818	0.01185	0.01382	0.00922	0.00790	0.00527	0.00263	0.00658	0.00461	0.00527	0.00922
44	0.01607	0.01513	0.02552	0.68047	0.05861	0.01891	0.02363	0.02174	0.01702	0.02174	0.01513	0.02269	0.01134	0.00851	0.00851	0.00284	0.01134	0.00756	0.00378	0.00945
45	0.02090	0.01719	0.01936	0.01453	0.02161	0.01546	0.01167	0.13894	0.09889	0.03368	0.01858	0.01995	0.01464	0.00771	0.00702	0.00171	0.00694	0.00612	0.00616	0.51895
46	0.01117	0.00892	0.01014	0.01073	0.01301	0.00810	0.00812	0.01441	0.04468	0.02405	0.09350	0.21424	0.38640	0.02233	0.01040	0.00313	0.00501	0.09616	0.00799	0.00751
47	0.01200	0.00815	0.00965	0.01001	0.01019	0.00815	0.00598	0.01245	0.01317	0.01765	0.03023	0.17081	0.03498	0.54023	0.07458	0.00770	0.00851	0.01433	0.00562	0.00562
48	0.03235	0.02384	0.02554	0.01958	0.02639	0.02639	0.01618	0.61946	0.04001	0.05363	0.02043	0.02043	0.01447	0.01022	0.00851	0.00255	0.00936	0.00766	0.00851	0.01447
49	0.01923	0.01029	0.01368	0.01192	0.01519	0.00926	0.00926	0.02304	0.02416	0.20437	0.47580	0.05406	0.06402	0.01551	0.00963	0.00266	0.00490	0.01351	0.00969	0.00980
50	0.02144	0.03818	0.35608	0.02642	0.03603	0.18094	0.16626	0.02877	0.02000	0.02550	0.01521	0.01850	0.01133	0.00804	0.00845	0.00261	0.01368	0.00698	0.00396	0.01164
51	0.32542	0.05852	0.02050	0.09825	0.02555	0.07224	0.01376	0.15073	0.02227	0.11462	0.01689	0.01833	0.01230	0.00882	0.00696	0.00256	0.00868	0.00618	0.00626	0.01115
52	0.01309	0.00897	0.01105	0.01049	0.01294	0.00801	0.00788	0.01636	0.02225	0.07081	0.40571	0.11027	0.23293	0.01875	0.01000	0.00278	0.00437	0.01627	0.00893	0.00814
53	0.01006	0.00862	0.00862	0.00862	0.01149	0.00718	0.00647	0.01221	0.01940	0.02299	0.08621	0.08190	0.64438	0.02155	0.01006	0.00287	0.00431	0.01796	0.00790	0.00718
54	0.71705	0.05754	0.01442	0.01139	0.01678	0.01996	0.00953	0.02504	0.01465	0.03710	0.01185	0.01381	0.00932	0.00786	0.00528	0.00258	0.00673	0.00460	0.00517	0.00932
55	0.01785	0.03939	0.53576	0.02970	0.15570	0.01985	0.03041	0.02679	0.01824	0.02712	0.01542	0.01857	0.01131	0.00799	0.00815	0.00266	0.01210	0.00654	0.00371	0.01275
56	0.01949	0.30498	0.22109	0.01977	0.02693	0.02612	0.04557	0.02439	0.01657	0.02246	0.01365	0.01753	0.01166	0.01254	0.05250	0.00324	0.14074	0.00614	0.00373	0.01092
57	0.01242	0.00849	0.01065	0.01097	0.01281	0.00765	0.00789	0.01498	0.01996	0.06182	0.24938	0.31905	0.18896	0.02162	0.01029	0.00303	0.00463	0.01909	0.00853	0.00776
58	0.02106	0.02022	0.03454	0.05223	0.64784	0.02022	0.02612	0.02612	0.01938	0.02780	0.01601	0.02106	0.01348	0.00758	0.00842	0.00253	0.01011	0.00758	0.00421	0.01348
59	0.02106	0.02022	0.03454	0.05223	0.64784	0.02022	0.02612	0.02612	0.01938	0.02780	0.01601	0.02106	0.01348	0.00758	0.00842	0.00253	0.01011	0.00758	0.00421	0.01348
60	0.02834	0.03333	0.02335	0.02091	0.02488	0.46157	0.01603	0.06956	0.08160	0.02421	0.01601	0.01860	0.01323	0.01289	0.04740	0.00309	0.08326	0.00642	0.00500	0.01032
61	0.02740	0.19394	0.03061	0.05043	0.12137	0.39307	0.01775	0.03029	0.02150	0.02174	0.01335	0.01610	0.01135	0.00823	0.00730	0.00218	0.01291	0.00566	0.00416	0.01065
62	0.01029	0.00771	0.00956	0.01104	0.01213	0.00698	0.00754	0.01194	0.01707	0.02204	0.05677	0.54133	0.20396	0.02538	0.01066	0.00331	0.00478	0.02263	0.00790	0.00698
63	0.02909	0.02592	0.02779	0.02914	0.20012	0.14297	0.01900	0.34541	0.03131	0.04035	0.01785	0.01967	0.01355	0.00921	0.00833	0.00248	0.01068	0.00724	0.00655	0.01334
64	0.01037	0.00741	0.00987	0.01185	0.01234	0.00691	0.00790	0.01185	0.01629	0.02172	0.04690	0.69537	0.05629	0.02666	0.01086	0.00346	0.00494	0.02419	0.00790	0.00691
65	0.01184	0.00846	0.01080	0.01211	0.01317	0.00814	0.00890	0.01379	0.01668	0.02176	0.04534	0.30067	0.10431	0.18475	0.01874	0.00468	0.00655	0.19526	0.00723	0.00681
66	0.01765	0.01513	0.01765	0.01260	0.02017	0.01134	0.01008	0.02143	0.01765	0.02773	0.01513	0.01765	0.01260	0.00630	0.00630	0.00126	0.00630	0.00504	0.00504	0.75295
67	0.76103	0.01646	0.01251	0.01119	0.01646	0.01909	0.00922	0.02502	0.01448	0.03818	0.01185	0.01382	0.00922	0.00790	0.00527	0.00263	0.00658	0.00461	0.00527	0.00922
68	0.01006	0.00862	0.00862	0.00862	0.01149	0.00718	0.00647	0.01221	0.01940	0.02299	0.08621	0.08190	0.64438	0.02155	0.01006	0.00287	0.00431	0.01796	0.00790	0.00718
69	0.01216	0.00912	0.01368	0.01368	0.01520	0.01064	0.01064	0.01520	0.01368	0.01976	0.02279	0.03343	0.02127	0.06382	0.66720	0.01368	0.02279	0.00912	0.00456	0.00760
70	0.01075	0.00768	0.01031	0.01228	0.01294	0.00724	0.00856	0.01251	0.01667	0.02215	0.04669	0.62730	0.05546	0.02630	0.01096	0.00351	0.00527	0.08851	0.00789	0.00702
71	0.03179	0.04056	0.02412	0.02192	0.02631	0.66676	0.01644	0.03398	0.02412	0.02083	0.01315	0.01535	0.01096	0.00877	0.00767	0.00219	0.01535	0.00548	0.00438	0.00987
72	0.76103	0.01646	0.01251	0.01119	0.01646	0.01909	0.00922	0.02502	0.01448	0.03818	0.01185	0.01382	0.00922	0.00790	0.00527	0.00263	0.00658	0.00461	0.00527	0.00922
73	0.06838	0.01094	0.01126	0.01010	0.01323	0.01129	0.00790	0.09673	0.02085	0.07805	0.02620	0.02895	0.02002	0.00986	0.00641	0.00214	0.00504	0.00772	0.55565	0.00929
74	0.01188	0.00988	0.01054	0.01015	0.01311	0.00915	0.00768	0.01723	0.09926	0.02682	0.19017	0.07180	0.45278	0.01944	0.00987	0.00284	0.00456	0.01638	0.00829	0.00816
75	0.02117	0.01828	0.01924	0.01732	0.02213	0.02117	0.01347	0.04522	0.63246	0.03560	0.03464	0.03175	0.02598	0.01155	0.00866	0.00289	0.00673	0.00962	0.00866	0.01347
76	0.01222	0.00888	0.01245	0.01245	0.01354	0.00997	0.00910	0.01441	0.01331	0.01885	0.02392	0.03966	0.02398	0.24197	0.49275	0.01216	0.01873	0.01003	0.00473	0.00692
77	0.19100	0.44491	0.06994	0.01483	0.02175	0.06876	0.01435	0.02658	0.01738	0.04758	0.01290	0.01460	0.01090	0.00768	0.00582	0.00211	0.00905	0.00487	0.00430	0.01069
78	0.01982	0.02989	0.31966	0.01907	0.02859	0.01774	0.02099	0.12701	0.02166	0.03202	0.01672	0.01896	0.01251	0.00799	0.00751	0.00219	0.00967	0.00622	0.04102	0.24074
79	0.03020	0.03415	0.02604	0.02628	0.12479	0.44215	0.01792	0.14445	0.02640	0.02819	0.01499	0.01722	0.01203	0.00886	0.00795	0.00231	0.01338	0.00623	0.00515	0.01132
80	0.76103	0.01646	0.01251	0.01119	0.01646	0.01909	0.00922	0.02502	0.01448	0.03818	0.01185	0.01382	0.00922	0.00790	0.00527	0.00263	0.00658	0.00461	0.00527	0.00922
81	0.06630	0.15954	0.17846	0.02251	0.09020	0.08572	0.01982	0.19226	0.02447	0.03303	0.01691	0.04278	0.01373	0.00922	0.00764	0.00245	0.01040	0.00696	0.00537	0.01222
82	0.01639	0.01519	0.02501	0.36776	0.22063	0.01697	0.02119	0.02111	0.01778	0.02359	0.02429	0.11053	0.06151	0.01142	0.00889	0.00283	0.00970	0.01037	0.00471	0.01015
83	0.01054	0.00856	0.00935	0.00931	0.01183	0.00737	0.00692	0.01309	0.02030	0.02553	0.21465	0.11631	0.47471	0.02090	0.01010	0.00286	0.00428	0.01775	0.00825	0.00737
84	0.01022	0.00849	0.00893	0.00911	0.01166	0.00721	0.00672	0.01241	0.01935	0.02354	0.11645	0.14840	0.54454	0.02186	0.01015	0.00293	0.00436	0.01849	0.00799	0.00721
85	0.02362	0.64237	0.04263	0.01527	0.02227	0.09425	0.01474	0.02630	0.01794	0.02010	0.01196	0.01381	0.01092	0.00742	0.00567	0.00186	0.00970	0.00464	0.00371	0.01082
86	0.02283	0.02330	0.02560	0.14968	0.06906	0.18458	0.01911	0.02579	0.01769	0.06123	0.01414	0.01938	0.01192	0.01140	0.01668	0.00303	0.30309	0.00705	0.00436	0.01006
87	0.01136	0.00878	0.01096	0.01070	0.01289	0.00837	0.00812	0.01447	0.01982	0.02656	0.28932	0.06266	0.26796	0.03042	0.17333	0.00548	0.00879	0.01475	0.00765	0.00762
88	0.01100	0.00881	0.01001	0.01067	0.01311	0.00782	0.00841	0.01354	0.01918	0.02350	0.07252	0.13785	0.44463	0.02248	0.01055	0.00319	0.00525	0.16227	0.00789	0.00732
89	0.02948	0.21241	0.02955	0.01983	0.02515	0.45243	0.01593	0.07713	0.02357	0.02316	0.01337	0.01530	0.01122	0.00849	0.00716	0.00212	0.01326	0.00541	0.00451	0.01050
90	0.02441	0.30102	0.11047	0.02144	0.06857	0.23081	0.01841	0.02792	0.01927	0.02171	0.01290	0.01571	0.01112	0.00860	0.00884	0.00228	0.07628	0.00555	0.00392	0.01081
91	0.02191	0.15533	0.25304	0.03014	0.20792	0.13999	0.02416	0.02773	0.01937	0.02484	0.01448	0.01761	0.01161	0.00792	0.00764	0.00240	0.01175	0.00620	0.00392	0.01205
92	0.01035	0.00748	0.00980	0.01166	0.01229	0.00693	0.00781	0.01187	0.01648	0.02180	0.04925	0.65882	0.09132	0.02636	0.01081	0.00342	0.00490	0.02382	0.00790	0.00693
93	0.01833	0.01734	0.02810	0.04140	0.48973	0.01698	0.02123	0.02266	0.01938	0.02661	0.03345	0.03618	0.17024	0.01105	0.00883	0.00261	0.00867	0.01016	0.00513	0.01192
94	0.01371	0.00980	0.01371	0.01567	0.01763	0.00980	0.01371	0.01763	0.01959	0.02547	0.04506	0.09599	0.04898	0.02351	0.01175	0.00392	0.00784	0.59056	0.00784	0.00784
95	0.01986	0.36882	0.35646	0.01950	0.02948	0.02659	0.02316	0.02623	0.01764	0.02355	0.01358	0.01585	0.01085	0.00769	0.00680	0.00227	0.01087	0.00544	0.00362	0.01176
96	0.01006	0.00862	0.00862	0.00862	0.01149	0.00718	0.00647	0.01221	0.01940	0.02299	0.08621	0.08190	0.64438	0.02155	0.01006	0.00287	0.00431	0.01796	0.00790	0.00718
97	0.01751	0.01725	0.02030	0.01836	0.01949	0.09953	0.01466	0.01977	0.01464	0.02006	0.01660	0.02561	0.01594	0.06516	0.27027	0.00755	0.31652	0.00807	0.00419	0.00853
98	0.02720	0.12346	0.14795	0.02147	0.02757	0.43250	0.01919	0.03092	0.02155	0.02188	0.01330	0.01580	0.01093	0.00875	0.00846	0.00232	0.04655	0.00561	0.00411	0.01049
99	0.01238	0.00825	0.00928	0.00928	0.00928	0.00825	0.00516	0.01238	0.01238	0.01650	0.02681	0.05569	0.03094	0.70092	0.04331	0.00825	0.00825	0.01238	0.00516	0.00516
100	0.02773	0.02123	0.02277	0.01835	0.02426	0.02368	0.01486	0.40932	0.21719	0.04700	0.06336	0.02651	0.02202	0.01106	0.00865	0.00266	0.00824	0.00873	0.00861	0.01377
101	0.02075	0.01990	0.03398	0.09122	0.61127	0.02014	0.02596	0.02585	0.01923	0.02743	0.01595	0.02116	0.01335	0.00764	0.00843	0.00255	0.01019	0.00758	0.00419	0.01323
102	0.02058	0.02782	0.19097	0.04083	0.36277	0.06043	0.11955	0.02699	0.01943	0.02707	0.01584	0.02024	0.01256	0.00772	0.00855	0.00260	0.01171	0.00752	0.00408	0.01272
103	0.05178	0.02637	0.14494	0.02158	0.09385	0.19227	0.01733	0.02361	0.01944	0.02409	0.03194	0.11450	0.13814	0.01350	0.00974	0.00272	0.04833	0.01068	0.00532	0.00987
104	0.02883	0.06305	0.02810	0.02811	0.14770	0.48751	0.04404	0.03182	0.02274	0.02243	0.01383	0.01672	0.01153	0.00841	0.00783	0.00227	0.01403	0.00605	0.00432	0.01068
105	0.01090	0.00826	0.00908	0.00946	0.01091	0.00749	0.00630	0.01220	0.01644	0.02056	0.05870	0.19062	0.32531	0.25110	0.02140	0.00479	0.00576	0.01728	0.00698	0.00645
106	0.02249	0.20935	0.02573	0.01492	0.02030	0.02203	0.01277	0.24537	0.02773	0.03646	0.17909	0.03514	0.09010	0.01226	0.00819	0.00241	0.00748	0.00970	0.00730	0.01118
107	0.07152	0.02420	0.11342	0.07605	0.18885	0.05636	0.22374	0.02624	0.01905	0.02743	0.01573	0.02027	0.01229	0.00753	0.00847	0.00255	0.01163	0.00768	0.00430	0.08267
108	0.01326	0.01034	0.01550	0.09797	0.02074	0.01238	0.01242	0.01663	0.01434	0.02083	0.02149	0.03113	0.01948	0.05053	0.50447	0.01098	0.05761	0.00875	0.05322	0.00795
109	0.01967	0.01067	0.01260	0.01172	0.01490	0.01024	0.00937	0.05979	0.02074	0.14880	0.04057	0.05188	0.12176	0.05560	0.01058	0.00302	0.00598	0.12161	0.26117	0.00930
110	0.01084	0.00859	0.00937	0.00921	0.01149	0.00753	0.00666	0.01315	0.01957	0.02477	0.21114	0.07399	0.42696	0.11228	0.01454	0.00355	0.00477	0.01659	0.00788	0.00711
111	0.01478	0.00739	0.01109	0.01109	0.01109	0.00739	0.00739	0.01109	0.01109	0.01478	0.01478	0.02587	0.01478	0.02956	0.03326	0.75240	0.00739	0.00739	0.00370	0.00370
112	0.01489	0.01210	0.01434	0.01379	0.01557	0.05673	0.01035	0.05562	0.01588	0.02143	0.02274	0.03559	0.02196	0.17851	0.45873	0.01111	0.01861	0.00939	0.00492	0.00774
113	0.02552	0.05803	0.02149	0.01643	0.02179	0.02181	0.01337	0.31029	0.20011	0.04248	0.02532	0.02537	0.01889	0.01036	0.00789	0.00250	0.00758	0.00808	0.14994	0.01274
114	0.01575	0.01156	0.03609	0.01309	0.01552	0.01043	0.00992	0.09114	0.02054	0.07565	0.09086	0.41064	0.08221	0.05997	0.01202	0.00343	0.00602	0.01851	0.00799	0.00866
115	0.02030	0.31355	0.36811	0.02016	0.03007	0.06558	0.02363	0.02679	0.01807	0.02375	0.01374	0.01605	0.01085	0.00780	0.00699	0.00231	0.01133	0.00553	0.00366	0.01173
116	0.02173	0.01967	0.03375	0.08898	0.54784	0.01973	0.05013	0.02680	0.01956	0.06469	0.01705	0.02172	0.01377	0.00780	0.00851	0.00257	0.01020	0.00774	0.00457	0.01320
117	0.02235	0.01802	0.01928	0.01717	0.02210	0.02057	0.01340	0.04496	0.59027	0.07848	0.03456	0.03156	0.02564	0.01148	0.00865	0.00287	0.00677	0.00955	0.00879	0.01354
118	0.01305	0.00999	0.01359	0.01312	0.01388	0.01169	0.00959	0.01480	0.01311	0.01863	0.02284	0.03992	0.02363	0.29674	0.35255	0.01039	0.10080	0.01013	0.00468	0.00690
119	0.01726	0.01072	0.01099	0.01020	0.01309	0.01110	0.00785	0.07905	0.08991	0.03308	0.03573	0.03742	0.10563	0.01170	0.00706	0.00226	0.00484	0.00945	0.49355	0.00909
120	0.01226	0.00820	0.00932	0.00943	0.00945	0.00817	0.00531	0.01235	0.01260	0.01680	0.02795	0.09189	0.03237	0.66276	0.04148	0.00798	0.00806	0.01304	0.00531	0.00526
121	0.02377	0.03180	0.30226	0.02126	0.03028	0.02261	0.02244	0.26354	0.12855	0.03890	0.02052	0.02122	0.01476	0.00950	0.00835	0.00267	0.01034	0.00738	0.00637	0.01347
122	0.01364	0.01191	0.01342	0.01533	0.05897	0.05235	0.01129	0.01664	0.01964	0.02406	0.05927	0.10531	0.30832	0.02071	0.01046	0.00323	0.00680	0.23323	0.00739	0.00803
123	0.03179	0.04056	0.02412	0.02192	0.02631	0.66676	0.01644	0.03398	0.02412	0.02083	0.01315	0.01535	0.01096	0.00877	0.00767	0.00219	0.01535	0.00548	0.00438	0.00987
124	0.02050	0.41112	0.27505	0.02069	0.06858	0.02754	0.02169	0.02608	0.01768	0.02315	0.01340	0.01577	0.01104	0.00760	0.00665	0.00220	0.01048	0.00541	0.00366	0.01171
125	0.01666	0.02291	0.23547	0.01915	0.06169	0.01540	0.01836	0.05717	0.01883	0.02845	0.07932	0.02831	0.02197	0.02050	0.13550	0.00470	0.04980	0.00824	0.14727	0.01028
126	0.01083	0.00929	0.00936	0.00922	0.01223	0.00815	0.00695	0.01450	0.06193	0.02386	0.08263	0.07842	0.60148	0.02086	0.00996	0.00287	0.00448	0.01738	0.00796	0.00762
127	0.01883	0.14966	0.03403	0.34979	0.16442	0.02232	0.09664	0.02400	0.01791	0.02328	0.01493	0.02067	0.01187	0.00793	0.00810	0.00259	0.01105	0.00730	0.00390	0.01077
128	0.02131	0.09970	0.29786	0.10886	0.03400	0.17443	0.02330	0.05193	0.01990	0.02482	0.01510	0.01862	0.01172	0.01178	0.04871	0.00319	0.01324	0.00633	0.00408	0.01113
129	0.01245	0.00960	0.01421	0.01410	0.01546	0.01136	0.01096	0.01531	0.01380	0.01992	0.02359	0.07429	0.02286	0.05844	0.58610	0.01241	0.06278	0.00997	0.00472	0.00766
130	0.01593	0.01181	0.01552	0.01714	0.05328	0.01201	0.01333	0.09238	0.02142	0.02813	0.04171	0.12037	0.07743	0.06550	0.01307	0.00386	0.00777	0.37309	0.00755	0.00871
131	0.02436	0.03714	0.28870	0.02182	0.02983	0.25967	0.02206	0.03317	0.11419	0.06164	0.01848	0.01972	0.01375	0.00901	0.00805	0.00253	0.01241	0.00663	0.00505	0.01182
132	0.01131	0.00843	0.01052	0.01050	0.01239	0.00764	0.00768	0.01446	0.02163	0.02946	0.41439	0.18856	0.19164	0.02003	0.01020	0.00287	0.00425	0.01761	0.00879	0.00764
133	0.01707	0.04402	0.65683	0.02426	0.03683	0.01976	0.03144	0.02695	0.01797	0.02695	0.01527	0.01797	0.01078	0.00809	0.00809	0.00270	0.01258	0.00629	0.00359	0.01258
134	0.07280	0.01571	0.01728	0.01428	0.01906	0.01649	0.01146	0.23518	0.05295	0.15842	0.02692	0.07215	0.02087	0.01124	0.00776	0.00249	0.00684	0.00895	0.21742	0.01173
135	0.01159	0.00915	0.01057	0.01078	0.01307	0.00847	0.00805	0.01569	0.06246	0.02641	0.20434	0.19247	0.31779	0.02098	0.01022	0.00301	0.00475	0.05411	0.00830	0.00781
136	0.02490	0.02277	0.02299	0.05157	0.10367	0.14427	0.01646	0.12449	0.25605	0.05980	0.02582	0.02925	0.02045	0.01092	0.00861	0.00271	0.00950	0.04627	0.00707	0.01243
137	0.01765	0.01513	0.01765	0.01260	0.02017	0.01134	0.01008	0.02143	0.01765	0.02773	0.01513	0.01765	0.01260	0.00630	0.00630	0.00126	0.00630	0.00504	0.00504	0.75295
138	0.01998	0.33288	0.32407	0.02284	0.09247	0.02593	0.02347	0.02622	0.01781	0.02399	0.01383	0.01638	0.01112	0.00768	0.00696	0.00229	0.01080	0.00566	0.00368	0.01194
139	0.01063	0.00864	0.00941	0.00922	0.01184	0.00743	0.00691	0.01331	0.02074	0.02618	0.24572	0.07665	0.48289	0.02036	0.01005	0.00282	0.00423	0.01722	0.00832	0.00743
140	0.01008	0.00855	0.00870	0.00881	0.01155	0.00717	0.00655	0.01219	0.01921	0.02291	0.08387	0.11845	0.60935	0.02186	0.01011	0.00291	0.00435	0.01833	0.00790	0.00717
141	0.02489	0.26615	0.15299	0.02127	0.06522	0.18356	0.01913	0.10145	0.04366	0.02670	0.01493	0.01682	0.01203	0.00833	0.00718	0.00225	0.01130	0.00586	0.00462	0.01166
142	0.01870	0.23415	0.48099	0.02147	0.03253	0.02376	0.02659	0.02653	0.01777	0.02496	0.01428	0.01673	0.01082	0.00785	0.00733	0.00244	0.01158	0.00579	0.00361	0.01210
143	0.02162	0.03607	0.36318	0.02275	0.03170	0.14795	0.06095	0.02920	0.04476	0.07116	0.02026	0.02216	0.04221	0.00941	0.00913	0.00266	0.04112	0.00726	0.00471	0.01175
144	0.01802	0.06157	0.09885	0.05792	0.08391	0.01808	0.01680	0.03038	0.25494	0.02933	0.05841	0.06775	0.05507	0.01341	0.00904	0.00293	0.00805	0.09731	0.00687	0.01135
145	0.01124	0.00777	0.00962	0.01073	0.01101	0.00749	0.00671	0.01208	0.01459	0.01945	0.03817	0.41721	0.04526	0.31986	0.02497	0.00554	0.00638	0.01905	0.00671	0.00615
146	0.02053	0.05184	0.12870	0.04648	0.53020	0.02070	0.02645	0.02622	0.01908	0.02736	0.01573	0.02029	0.01297	0.00765	0.00825	0.00252	0.01044	0.00726	0.00410	0.01324
147	0.08304	0.09282	0.02437	0.02056	0.06084	0.26377	0.01532	0.08097	0.21632	0.02972	0.02046	0.02100	0.01600	0.00948	0.00770	0.00246	0.01057	0.00693	0.00604	0.01163
148	0.01313	0.01039	0.01215	0.01284	0.01484	0.01060	0.00928	0.02041	0.17000	0.02551	0.04999	0.41128	0.14125	0.02198	0.01022	0.00324	0.00539	0.04079	0.00809	0.00862
149	0.06698	0.01914	0.02484	0.08719	0.27765	0.05918	0.01871	0.03034	0.19606	0.02930	0.02758	0.02929	0.07684	0.01024	0.00841	0.00268	0.00879	0.00884	0.00589	0.01204
150	0.01152	0.00872	0.01064	0.01027	0.01254	0.00784	0.00778	0.01498	0.02253	0.03049	0.45549	0.07023	0.24666	0.01886	0.01011	0.00278	0.00425	0.03768	0.00888	0.00777
151	0.01216	0.00912	0.01368	0.01368	0.01520	0.01064	0.01064	0.01520	0.01368	0.01976	0.02279	0.03343	0.02127	0.06382	0.66720	0.01368	0.02279	0.00912	0.00456	0.00760
152	0.02039	0.01953	0.03332	0.13705	0.56829	0.02004	0.02578	0.02553	0.01906	0.02698	0.01589	0.02128	0.01319	0.00771	0.00844	0.00257	0.01028	0.00758	0.00415	0.01294
153	0.01146	0.00868	0.01056	0.01009	0.01235	0.00778	0.00757	0.01492	0.02270	0.03083	0.47865	0.06899	0.24705	0.01863	0.01004	0.00273	0.00410	0.01615	0.00893	0.00778
154	0.01212	0.00785	0.01050	0.01206	0.01294	0.00727	0.00819	0.01372	0.01680	0.06161	0.04606	0.65331	0.05406	0.02564	0.01072	0.00340	0.00508	0.02321	0.00807	0.00739
155	0.01197	0.00883	0.01051	0.01121	0.01278	0.00834	0.00842	0.01397	0.01710	0.02167	0.05261	0.10444	0.23529	0.23755	0.02116	0.00493	0.00671	0.19875	0.00701	0.00674
156	0.01921	0.01181	0.01256	0.01135	0.01433	0.01237	0.00875	0.16753	0.02314	0.03581	0.02853	0.11852	0.02465	0.01225	0.00725	0.00232	0.00544	0.01006	0.46470	0.00942
157	0.01037	0.00741	0.00987	0.01185	0.01234	0.00691	0.00790	0.01185	0.01629	0.02172	0.04690	0.69537	0.05629	0.02666	0.01086	0.00346	0.00494	0.02419	0.00790	0.00691
158	0.02636	0.16531	0.02700	0.05792	0.02618	0.37788	0.01528	0.02917	0.02111	0.02205	0.01339	0.01589	0.01129	0.00799	0.00702	0.00198	0.01215	0.00534	0.00433	0.15237
159	0.01824	0.03675	0.46190	0.03167	0.17736	0.02002	0.08088	0.02679	0.01847	0.02717	0.01561	0.01911	0.01158	0.00789	0.00833	0.00267	0.01217	0.00691	0.00380	0.01269
160	0.02340	0.07114	0.11985	0.02770	0.06326	0.21690	0.22080	0.02982	0.05842	0.02501	0.01609	0.01964	0.01266	0.00851	0.00964	0.00261	0.05140	0.00754	0.00443	0.01120
161	0.02763	0.03444	0.02115	0.01938	0.02347	0.54043	0.01453	0.02981	0.02321	0.02124	0.02715	0.02809	0.13228	0.01122	0.00813	0.00232	0.01323	0.00787	0.00506	0.00935
162	0.01052	0.00780	0.00986	0.01133	0.01242	0.00713	0.00787	0.01234	0.01737	0.02265	0.07953	0.52368	0.17186	0.02514	0.01071	0.00333	0.00490	0.04655	0.00796	0.00705
163	0.02449	0.02860	0.22284	0.01940	0.02729	0.05226	0.01939	0.29560	0.02806	0.03886	0.01901	0.02153	0.01427	0.03508	0.00930	0.00267	0.01000	0.00717	0.06963	0.05454
164	0.03086	0.02848	0.02515	0.02057	0.02598	0.22340	0.01649	0.38200	0.03254	0.04037	0.01731	0.01869	0.01308	0.01022	0.01011	0.00255	0.07588	0.00697	0.00678	0.01256
165	0.01308	0.01051	0.01189	0.01122	0.01408	0.01024	0.00851	0.02026	0.13892	0.03040	0.32602	0.06408	0.27314	0.01777	0.00978	0.00279	0.00464	0.01521	0.00870	0.00877
166	0.01079	0.00758	0.00975	0.01132	0.01171	0.00719	0.00733	0.01196	0.01548	0.02064	0.04272	0.56225	0.05101	0.16698	0.01762	0.00445	0.00563	0.02173	0.00733	0.00655
167	0.02090	0.06427	0.03956	0.04528	0.43964	0.02143	0.19057	0.02640	0.01944	0.02716	0.01608	0.02112	0.01316	0.00745	0.00869	0.00258	0.01123	0.00808	0.00420	0.01276
168	0.01714	0.01253	0.01492	0.01456	0.01724	0.01293	0.01125	0.18286	0.02373	0.03144	0.04137	0.35695	0.07648	0.02117	0.01033	0.00326	0.00670	0.12789	0.00806	0.00922
169	0.01665	0.01033	0.01211	0.01137	0.01379	0.01117	0.00884	0.09329	0.01919	0.03035	0.02513	0.03090	0.02071	0.02851	0.23384	0.00608	0.01112	0.00831	0.39967	0.00864
170	0.01985	0.01949	0.03425	0.16886	0.42567	0.02046	0.09743	0.02510	0.01865	0.02616	0.01571	0.02147	0.01287	0.00813	0.00975	0.00270	0.04926	0.00787	0.00411	0.01223
171	0.02209	0.38565	0.19440	0.02061	0.06567	0.10362	0.01994	0.02666	0.01820	0.02237	0.01308	0.01564	0.01106	0.00804	0.00763	0.00222	0.04266	0.00542	0.00376	0.01130
172	0.01769	0.01891	0.08719	0.03827	0.41170	0.01646	0.02153	0.02221	0.01838	0.02602	0.02458	0.20929	0.02519	0.01296	0.00907	0.00280	0.00890	0.01210	0.00518	0.01156
173	0.01225	0.00820	0.00932	0.00944	0.00947	0.00817	0.00533	0.01234	0.01262	0.01683	0.02808	0.09606	0.03254	0.65837	0.04127	0.00795	0.00804	0.01312	0.00533	0.00527
174	0.05719	0.01972	0.02187	0.01722	0.02329	0.02093	0.01406	0.40636	0.03318	0.16907	0.02850	0.06831	0.05733	0.01194	0.00865	0.00265	0.00825	0.00941	0.00872	0.01335
175	0.02034	0.14321	0.02979	0.02278	0.06132	0.06750	0.01822	0.02258	0.01489	0.02087	0.01171	0.01767	0.01126	0.01269	0.02142	0.00321	0.48005	0.00681	0.00378	0.00989
176	0.01970	0.01874	0.03197	0.26766	0.38659	0.02007	0.05833	0.04667	0.01937	0.02663	0.01593	0.02171	0.01275	0.00798	0.00855	0.00265	0.01075	0.00772	0.00423	0.01201
177	0.01194	0.00889	0.00969	0.00946	0.01229	0.00758	0.00710	0.01436	0.02012	0.06026	0.15469	0.11301	0.49917	0.02068	0.01002	0.00287	0.00448	0.01746	0.00825	0.00770
178	0.02830	0.03340	0.02128	0.01929	0.02309	0.50416	0.01431	0.06356	0.02308	0.02273	0.01624	0.02201	0.01447	0.10236	0.01244	0.00302	0.01340	0.00667	0.04682	0.00938
179	0.01204	0.00870	0.01138	0.01071	0.01271	0.00803	0.00803	0.01606	0.02409	0.03413	0.64335	0.06357	0.08030	0.01740	0.01004	0.00268	0.00401	0.01539	0.00937	0.00803
180	0.03179	0.10738	0.02191	0.01455	0.02061	0.01532	0.01222	0.03628	0.06084	0.45484	0.07218	0.03226	0.05918	0.01122	0.00832	0.00256	0.00709	0.00905	0.00926	0.01312
181	0.03179	0.04056	0.02412	0.02192	0.02631	0.66676	0.01644	0.03398	0.02412	0.02083	0.01315	0.01535	0.01096	0.00877	0.00767	0.00219	0.01535	0.00548	0.00438	0.00987
182	0.02145	0.01834	0.01943	0.01715	0.02220	0.02084	0.01340	0.06883	0.57175	0.03594	0.03291	0.03046	0.02472	0.01119	0.00852	0.00278	0.00682	0.00928	0.00845	0.05556
183	0.01238	0.00825	0.00928	0.00928	0.00928	0.00825	0.00516	0.01238	0.01238	0.01650	0.02681	0.05569	0.03094	0.70092	0.04331	0.00825	0.00825	0.01238	0.00516	0.00516
184	0.01868	0.06432	0.07100	0.03467	0.27708	0.01841	0.13538	0.02397	0.01935	0.02648	0.02404	0.04170	0.02296	0.01197	0.00945	0.00295	0.01037	0.17076	0.00517	0.01129
185	0.02425	0.02066	0.01948	0.01685	0.02145	0.11172	0.01324	0.19689	0.23609	0.03665	0.02562	0.02640	0.01962	0.01463	0.05979	0.00340	0.00952	0.00818	0.12366	0.01191
186	0.01217	0.00906	0.01340	0.01340	0.01483	0.01049	0.01030	0.01502	0.01360	0.01955	0.02304	0.03481	0.02187	0.10336	0.62848	0.01334	0.02189	0.00932	0.00460	0.00745
187	0.01055	0.00864	0.00930	0.00914	0.01180	0.00739	0.00685	0.01317	0.02056	0.02575	0.22445	0.07735	0.50442	0.02052	0.01005	0.00282	0.00424	0.01732	0.00827	0.00739
188	0.01707	0.04402	0.65683	0.02426	0.03683	0.01976	0.03144	0.02695	0.01797	0.02695	0.01527	0.01797	0.01078	0.00809	0.00809	0.00270	0.01258	0.00629	0.00359	0.01258
189	0.01128	0.00802	0.01070	0.01236	0.01322	0.00765	0.00888	0.01332	0.01723	0.02298	0.08660	0.49075	0.05484	0.06964	0.01311	0.00381	0.00567	0.13506	0.00781	0.00706
190	0.01221	0.00831	0.00990	0.01003	0.01027	0.00848	0.00606	0.01271	0.01281	0.01727	0.02760	0.09472	0.03132	0.57226	0.12384	0.00865	0.00996	0.01272	0.00526	0.00560
191	0.02025	0.02146	0.02742	0.02318	0.02426	0.10037	0.05763	0.02250	0.01479	0.02097	0.01180	0.01852	0.01126	0.01367	0.02440	0.00349	0.56330	0.00739	0.00384	0.00952
192	0.01981	0.02042	0.03877	0.02898	0.03469	0.02157	0.37411	0.05830	0.01909	0.02704	0.01684	0.02279	0.01351	0.01204	0.04499	0.00351	0.17497	0.00911	0.04873	0.01073
193	0.02619	0.07212	0.02829	0.02862	0.17235	0.32427	0.01902	0.05416	0.02113	0.02377	0.01368	0.01744	0.01175	0.00963	0.01163	0.00256	0.14178	0.00639	0.00435	0.01088
194	0.02213	0.01663	0.01797	0.01571	0.02056	0.01814	0.01235	0.09373	0.39555	0.10478	0.04255	0.03948	0.13689	0.01313	0.00889	0.00282	0.00660	0.01083	0.00872	0.01254
195	0.03179	0.04056	0.02412	0.02192	0.02631	0.66676	0.01644	0.03398	0.02412	0.02083	0.01315	0.01535	0.01096	0.00877	0.00767	0.00219	0.01535	0.00548	0.00438	0.00987
196	0.02106	0.02022	0.03454	0.05223	0.64784	0.02022	0.02612	0.02612	0.01938	0.02780	0.01601	0.02106	0.01348	0.00758	0.00842	0.00253	0.01011	0.00758	0.00421	0.01348
197	0.01225	0.00820	0.00932	0.00944	0.00947	0.00817	0.00533	0.01234	0.01262	0.01682	0.02806	0.09539	0.03251	0.65908	0.04130	0.00795	0.00804	0.01311	0.00533	0.00527
198	0.01707	0.04402	0.65683	0.02426	0.03683	0.01976	0.03144	0.02695	0.01797	0.02695	0.01527	0.01797	0.01078	0.00809	0.00809	0.00270	0.01258	0.00629	0.00359	0.01258
199	0.76103	0.01646	0.01251	0.01119	0.01646	0.01909	0.00922	0.02502	0.01448	0.03818	0.01185	0.01382	0.00922	0.00790	0.00527	0.00263	0.00658	0.00461	0.00527	0.00922
200	0.01180	0.00869	0.01103	0.01045	0.01256	0.00792	0.00783	0.01558	0.02350	0.03273	0.57361	0.06586	0.15090	0.01792	0.01004	0.00270	0.00405	0.01571	0.00918	0.00792
201	0.02106	0.02022	0.03454	0.05223	0.64784	0.02022	0.02612	0.02612	0.01938	0.02780	0.01601	0.02106	0.01348	0.00758	0.00842	0.00253	0.01011	0.00758	0.00421	0.01348
202	0.02392	0.02711	0.24821	0.03325	0.27887	0.01814	0.02460	0.03022	0.02012	0.18303	0.02012	0.02194	0.01442	0.00849	0.00834	0.00261	0.01026	0.00737	0.00557	0.01341
203	0.01013	0.00832	0.00893	0.00942	0.01171	0.00712	0.00682	0.01212	0.01863	0.02267	0.07644	0.23433	0.49826	0.02282	0.01026	0.00302	0.00447	0.01951	0.00790	0.00712
204	0.01586	0.00793	0.00793	0.00793	0.00991	0.00793	0.00595	0.01983	0.01785	0.03173	0.02776	0.03173	0.02181	0.00991	0.00595	0.00198	0.00397	0.00793	0.74817	0.00793
205	0.02186	0.07981	0.13373	0.04037	0.39838	0.10217	0.05024	0.02723	0.01961	0.02617	0.01526	0.01936	0.01251	0.00777	0.00812	0.00247	0.01126	0.00698	0.00410	0.01260
206	0.02096	0.01851	0.02011	0.01769	0.02034	0.09311	0.01393	0.17532	0.02183	0.02892	0.02162	0.10870	0.02093	0.06546	0.15181	0.00554	0.16954	0.01001	0.00583	0.00982
207	0.01221	0.00890	0.01258	0.01258	0.01373	0.01004	0.00928	0.01450	0.01335	0.01895	0.02379	0.03896	0.02368	0.22212	0.51219	0.01233	0.01918	0.00993	0.00471	0.00699
208	0.07204	0.12903	0.02622	0.02032	0.02515	0.54446	0.01578	0.03232	0.02265	0.02171	0.01290	0.01503	0.01086	0.00852	0.00724	0.00217	0.01401	0.00531	0.00433	0.00997
209	0.01006	0.00862	0.00862	0.00862	0.01149	0.00718	0.00647	0.01221	0.01940	0.02299	0.08621	0.08190	0.64438	0.02155	0.01006	0.00287	0.00431	0.01796	0.00790	0.00718
210	0.03227	0.02622	0.02534	0.01991	0.02638	0.11780	0.01621	0.53589	0.03774	0.04895	0.01939	0.01971	0.01397	0.01001	0.00839	0.00250	0.01022	0.00735	0.00792	0.01381
211	0.01035	0.00746	0.00981	0.01169	0.01230	0.00693	0.00783	0.01187	0.01644	0.02179	0.04881	0.66560	0.08483	0.02641	0.01082	0.00343	0.00491	0.02389	0.00790	0.00693
212	0.03182	0.03961	0.02420	0.02179	0.02631	0.63052	0.01643	0.06712	0.02502	0.02268	0.01357	0.01563	0.01116	0.00885	0.00772	0.00221	0.01501	0.00560	0.00462	0.01013
213	0.02954	0.20591	0.02920	0.02009	0.02520	0.50946	0.01598	0.03187	0.02242	0.02063	0.01283	0.01493	0.01095	0.00840	0.00712	0.00210	0.01379	0.00525	0.00420	0.01013
214	0.03707	0.01473	0.01972	0.01528	0.02175	0.01308	0.01257	0.04172	0.06427	0.61316	0.03364	0.02915	0.02139	0.01060	0.00856	0.00265	0.00721	0.00863	0.01041	0.01442
215	0.01044	0.00746	0.00994	0.01180	0.01236	0.00696	0.00791	0.01203	0.01663	0.02226	0.07252	0.66823	0.05732	0.02626	0.01083	0.00342	0.00490	0.02381	0.00796	0.00696
216	0.02693	0.01263	0.01660	0.01356	0.01824	0.01147	0.01086	0.06530	0.02518	0.35946	0.28721	0.04289	0.04539	0.01338	0.00917	0.00265	0.00602	0.01136	0.00993	0.01179
217	0.01076	0.00885	0.00960	0.00997	0.01267	0.00768	0.00785	0.01325	0.01943	0.02346	0.07833	0.08460	0.53035	0.02193	0.01038	0.00307	0.00499	0.12763	0.00789	0.00731
218	0.76103	0.01646	0.01251	0.01119	0.01646	0.01909	0.00922	0.02502	0.01448	0.03818	0.01185	0.01382	0.00922	0.00790	0.00527	0.00263	0.00658	0.00461	0.00527	0.00922
219	0.02275	0.70604	0.04459	0.01456	0.02184	0.03367	0.01456	0.02548	0.01729	0.02002	0.01183	0.01365	0.01092	0.00728	0.00546	0.00182	0.00910	0.00455	0.00364	0.01092
220	0.76103	0.01646	0.01251	0.01119	0.01646	0.01909	0.00922	0.02502	0.01448	0.03818	0.01185	0.01382	0.00922	0.00790	0.00527	0.00263	0.00658	0.00461	0.00527	0.00922
221	0.01776	0.12511	0.58184	0.02307	0.03500	0.02147	0.02937	0.02677	0.01788	0.02610	0.01485	0.01744	0.01080	0.00799	0.00776	0.00259	0.01215	0.00608	0.00360	0.01237
222	0.03179	0.04056	0.02412	0.02192	0.02631	0.66676	0.01644	0.03398	0.02412	0.02083	0.01315	0.01535	0.01096	0.00877	0.00767	0.00219	0.01535	0.00548	0.00438	0.00987
223	0.02275	0.70604	0.04459	0.01456	0.02184	0.03367	0.01456	0.02548	0.01729	0.02002	0.01183	0.01365	0.01092	0.00728	0.00546	0.00182	0.00910	0.00455	0.00364	0.01092
