[name]
unknown

[dist]
# distance from previous block
# <min> <max>
0	3

[block]
# block no. 0 follows, 22 sequences, length 18
# corresponding to MSA columns:
# 3-20
name=unknown_A
#
# <colnr> <probs for GDERKNQSTAVLIFYWHMCP>
#	G	D	E	R	K	N	Q	S	T	A	V	L	I	F	Y	W	H	M	C	P
0	0.01349	0.00992	0.01308	0.01321	0.01497	0.01061	0.01001	0.07943	0.01754	0.02388	0.03373	0.24721	0.05846	0.06560	0.29160	0.00768	0.01296	0.06252	0.00629	0.00784
1	0.01820	0.01774	0.03136	0.34423	0.31009	0.01929	0.09174	0.02364	0.01793	0.02434	0.01536	0.02150	0.01213	0.00778	0.00844	0.00264	0.01089	0.00766	0.00393	0.01112
2	0.08006	0.01664	0.02233	0.16909	0.15705	0.01826	0.01725	0.15178	0.05896	0.05889	0.02137	0.02830	0.01733	0.01004	0.00805	0.00263	0.00857	0.05623	0.08601	0.01118
3	0.01022	0.00764	0.00950	0.01070	0.01189	0.00692	0.00739	0.01207	0.01741	0.02274	0.11670	0.48846	0.20032	0.02391	0.01033	0.00316	0.00458	0.02129	0.00786	0.00692
4	0.17519	0.01942	0.02448	0.13158	0.30336	0.09163	0.01890	0.02425	0.01810	0.02716	0.02057	0.02410	0.06986	0.00897	0.00766	0.00253	0.00939	0.00749	0.00461	0.01075
5	0.02120	0.02258	0.02475	0.13086	0.02949	0.19099	0.06685	0.04604	0.01838	0.02303	0.01536	0.04894	0.01362	0.01087	0.01371	0.00274	0.21450	0.00758	0.03658	0.06192
6	0.01396	0.01234	0.01721	0.01596	0.01692	0.01560	0.01275	0.01624	0.01396	0.02009	0.02688	0.09317	0.09090	0.03560	0.28540	0.00744	0.28225	0.01057	0.00479	0.00797
7	0.05852	0.01130	0.01420	0.11115	0.02087	0.01067	0.01045	0.01818	0.01932	0.05521	0.21438	0.08317	0.16226	0.01399	0.00855	0.00243	0.00583	0.01193	0.00692	0.16068
8	0.16471	0.01944	0.01939	0.05648	0.04268	0.14727	0.01407	0.02203	0.01547	0.02305	0.01435	0.02152	0.01324	0.06618	0.09137	0.04886	0.20023	0.00688	0.00426	0.00853
9	0.05615	0.00874	0.01015	0.01008	0.01170	0.00919	0.00730	0.01565	0.01486	0.02316	0.03099	0.04163	0.09473	0.19292	0.22532	0.00711	0.01083	0.01007	0.21242	0.00699
10	0.01263	0.01062	0.01455	0.01304	0.01639	0.00907	0.05891	0.01523	0.01716	0.02338	0.04338	0.34750	0.16215	0.01844	0.00926	0.00267	0.00579	0.01653	0.00672	0.19659
11	0.01621	0.01442	0.02020	0.07732	0.21685	0.01403	0.01499	0.04205	0.06254	0.02628	0.03895	0.08907	0.20206	0.01300	0.00859	0.00251	0.00716	0.01133	0.00596	0.11649
12	0.02025	0.02035	0.03124	0.02962	0.16449	0.09134	0.22175	0.02703	0.08608	0.05096	0.02563	0.02888	0.07745	0.01425	0.06949	0.00361	0.01195	0.00936	0.00525	0.01102
13	0.01577	0.01303	0.02110	0.02201	0.14773	0.01241	0.12516	0.01937	0.01797	0.02587	0.03619	0.03913	0.17653	0.01316	0.01025	0.06474	0.00733	0.01048	0.21281	0.00896
14	0.02171	0.11321	0.02774	0.02249	0.07651	0.23736	0.10789	0.02483	0.01934	0.02230	0.02023	0.15628	0.02028	0.01170	0.00900	0.00248	0.03910	0.00985	0.00487	0.05283
15	0.01902	0.02480	0.14095	0.24351	0.05704	0.15078	0.01988	0.02635	0.09362	0.02396	0.02527	0.02797	0.09181	0.01018	0.00826	0.00262	0.01066	0.00823	0.00486	0.01021
16	0.01927	0.01415	0.01670	0.01481	0.01815	0.01523	0.01150	0.25960	0.02563	0.03484	0.10875	0.21089	0.03469	0.02581	0.14454	0.00495	0.00997	0.01306	0.00747	0.00998
17	0.01848	0.02183	0.09629	0.21477	0.21381	0.11418	0.02080	0.02314	0.01853	0.02346	0.02328	0.08674	0.06842	0.01070	0.00845	0.00263	0.01031	0.00926	0.00458	0.01035

[dist]
# distance from previous block
# <min> <max>
9	18

[block]
# block no. 1 follows, 22 sequences, length 11
# corresponding to MSA columns:
# 39-49
name=unknown_B
#
# <colnr> <probs for GDERKNQSTAVLIFYWHMCP>
#	G	D	E	R	K	N	Q	S	T	A	V	L	I	F	Y	W	H	M	C	P
0	0.02173	0.02130	0.02475	0.10174	0.25453	0.16512	0.01887	0.02716	0.06518	0.05591	0.07371	0.03149	0.02263	0.01056	0.00855	0.00261	0.01006	0.06764	0.00549	0.01098
1	0.02342	0.02427	0.01952	0.02077	0.11000	0.30523	0.01359	0.05341	0.02048	0.02440	0.01818	0.02417	0.01578	0.08494	0.01209	0.03537	0.01048	0.00707	0.16766	0.00918
2	0.01451	0.00922	0.01233	0.01184	0.01403	0.00958	0.00908	0.01719	0.01572	0.08975	0.03552	0.04245	0.13862	0.09376	0.38187	0.00898	0.01482	0.01059	0.06223	0.00791
3	0.01906	0.01564	0.02102	0.01799	0.01934	0.01981	0.01462	0.06155	0.01737	0.07865	0.13211	0.02993	0.02578	0.06658	0.02231	0.00361	0.41051	0.00916	0.00563	0.00932
4	0.01502	0.01474	0.01378	0.01312	0.01536	0.12811	0.00991	0.01743	0.01874	0.02294	0.15030	0.08916	0.22896	0.05267	0.11472	0.00460	0.06335	0.01292	0.00642	0.00775
5	0.01721	0.01135	0.01282	0.01180	0.01430	0.01188	0.00884	0.15457	0.02169	0.03178	0.08131	0.15697	0.03160	0.09239	0.05974	0.00386	0.00702	0.01176	0.25042	0.00870
6	0.02827	0.02358	0.02742	0.02873	0.21226	0.07797	0.01868	0.40060	0.03181	0.04223	0.01808	0.01971	0.01356	0.00909	0.00822	0.00246	0.00984	0.00728	0.00673	0.01347
7	0.02183	0.01912	0.02113	0.05311	0.11317	0.08873	0.01498	0.18185	0.13897	0.03420	0.11428	0.10796	0.02953	0.01250	0.00872	0.00264	0.00824	0.01056	0.00713	0.01133
8	0.01394	0.01043	0.01295	0.01277	0.01452	0.01124	0.00927	0.05893	0.09834	0.02432	0.06935	0.21055	0.03506	0.15955	0.21256	0.00701	0.01104	0.01364	0.00648	0.00803
9	0.01568	0.08825	0.02223	0.14552	0.18908	0.01544	0.01564	0.01931	0.01739	0.02349	0.03173	0.12882	0.12250	0.01586	0.04808	0.00324	0.00858	0.01115	0.06854	0.00946
10	0.01765	0.02190	0.18202	0.02262	0.12358	0.01727	0.01836	0.08599	0.01865	0.02684	0.02350	0.07761	0.05597	0.08961	0.01511	0.00337	0.11887	0.00942	0.06145	0.01023

[dist]
# distance from previous block
# <min> <max>
27	82

[block]
# block no. 2 follows, 22 sequences, length 12
# corresponding to MSA columns:
# 146-157
name=unknown_C
#
# <colnr> <probs for GDERKNQSTAVLIFYWHMCP>
#	G	D	E	R	K	N	Q	S	T	A	V	L	I	F	Y	W	H	M	C	P
0	0.02184	0.03032	0.22623	0.01947	0.02635	0.21572	0.01927	0.02696	0.02006	0.06669	0.02114	0.03234	0.01874	0.01101	0.00831	0.00255	0.01116	0.12214	0.00516	0.09453
1	0.01878	0.14621	0.09869	0.01488	0.02021	0.06976	0.01354	0.02692	0.15566	0.06157	0.13382	0.03868	0.14330	0.01254	0.00820	0.00250	0.00752	0.01011	0.00670	0.01039
2	0.02548	0.10291	0.16603	0.02197	0.06858	0.27539	0.01906	0.12890	0.02348	0.02798	0.01536	0.01750	0.01201	0.00849	0.00745	0.00228	0.01181	0.00606	0.04808	0.01119
3	0.02508	0.14597	0.03379	0.02938	0.21594	0.01993	0.13653	0.02947	0.01992	0.19896	0.01975	0.02154	0.01457	0.00800	0.00794	0.00237	0.00956	0.00747	0.00575	0.04809
4	0.01424	0.01387	0.08689	0.01354	0.01737	0.01068	0.03352	0.02006	0.06331	0.05447	0.44034	0.08218	0.05916	0.01502	0.00935	0.00262	0.00564	0.01327	0.00810	0.03636
5	0.02100	0.02111	0.03503	0.04750	0.54894	0.05438	0.09759	0.02603	0.01924	0.02672	0.01562	0.02049	0.01296	0.00741	0.00838	0.00249	0.01064	0.00758	0.00413	0.01274
6	0.07493	0.06186	0.02472	0.02581	0.17042	0.33053	0.01669	0.06069	0.02235	0.02633	0.09097	0.02206	0.01953	0.00926	0.00772	0.00230	0.01126	0.00701	0.00507	0.01049
7	0.01965	0.01889	0.03214	0.16218	0.48288	0.01963	0.05573	0.02580	0.05218	0.02647	0.01652	0.02151	0.01342	0.00775	0.00833	0.00256	0.01012	0.00763	0.00428	0.01235
8	0.01001	0.00842	0.00868	0.00862	0.01134	0.00710	0.00646	0.01230	0.01939	0.02353	0.14077	0.07817	0.59557	0.02063	0.00982	0.00279	0.00418	0.01728	0.00786	0.00710
9	0.01666	0.04297	0.66500	0.02368	0.03596	0.01929	0.03069	0.02631	0.01754	0.02631	0.01491	0.01754	0.01052	0.00789	0.00789	0.00263	0.01228	0.00614	0.00351	0.01228
10	0.01813	0.01912	0.01655	0.01618	0.01808	0.21349	0.01226	0.02011	0.01823	0.02109	0.03264	0.24601	0.08070	0.04410	0.01338	0.00322	0.11113	0.08159	0.00595	0.00804
11	0.00999	0.00774	0.00911	0.01022	0.01169	0.00686	0.00711	0.01172	0.01720	0.02174	0.06224	0.43562	0.31133	0.02389	0.01027	0.00313	0.00456	0.02101	0.00771	0.00686

[dist]
# distance from previous block
# <min> <max>
2	19

[block]
# block no. 3 follows, 22 sequences, length 21
# corresponding to MSA columns:
# 177-197
name=unknown_D
#
# <colnr> <probs for GDERKNQSTAVLIFYWHMCP>
#	G	D	E	R	K	N	Q	S	T	A	V	L	I	F	Y	W	H	M	C	P
0	0.02373	0.02272	0.02545	0.19386	0.15441	0.14438	0.01915	0.16046	0.11598	0.03101	0.01853	0.02132	0.01419	0.00898	0.00816	0.00254	0.01049	0.00732	0.00560	0.01171
1	0.01919	0.02184	0.04363	0.01708	0.01989	0.23997	0.01369	0.02192	0.01745	0.02030	0.02310	0.02863	0.07416	0.03220	0.28082	0.00695	0.09791	0.00818	0.00456	0.00853
2	0.02020	0.01831	0.02790	0.12814	0.37475	0.01951	0.02148	0.06772	0.13556	0.02927	0.02092	0.02718	0.01734	0.00937	0.00848	0.00266	0.00924	0.04428	0.00536	0.01234
3	0.02229	0.01918	0.02957	0.09408	0.05985	0.02037	0.18712	0.19238	0.09389	0.05505	0.02183	0.06593	0.01792	0.04127	0.01117	0.00299	0.03778	0.00955	0.00620	0.01157
4	0.25249	0.01736	0.01962	0.14674	0.16368	0.07730	0.01538	0.02251	0.01742	0.02770	0.02686	0.02933	0.13187	0.01035	0.00751	0.00259	0.00842	0.00821	0.00505	0.00963
5	0.02180	0.02040	0.02682	0.03427	0.33808	0.06073	0.01961	0.06362	0.26296	0.03096	0.02277	0.02426	0.01782	0.00911	0.00827	0.00259	0.00886	0.00806	0.00603	0.01299
6	0.00997	0.00783	0.00902	0.00997	0.01163	0.00688	0.00700	0.01175	0.01744	0.02183	0.06525	0.38677	0.35824	0.02350	0.01021	0.00309	0.00451	0.02053	0.00771	0.00688
7	0.02920	0.12489	0.02631	0.02038	0.02490	0.52243	0.01592	0.06135	0.02285	0.02182	0.01292	0.01520	0.01088	0.00878	0.00836	0.00219	0.05185	0.00545	0.00435	0.00996
8	0.07255	0.37952	0.07127	0.01613	0.02228	0.20937	0.01476	0.02622	0.01878	0.02159	0.01799	0.01945	0.06245	0.00873	0.00645	0.00207	0.01027	0.00586	0.00420	0.01007
9	0.01659	0.01159	0.01329	0.01299	0.03857	0.01181	0.00947	0.02536	0.18557	0.07246	0.17913	0.04659	0.15387	0.01383	0.00842	0.00255	0.00510	0.01168	0.17145	0.00969
10	0.01205	0.00906	0.01123	0.01058	0.01282	0.00852	0.00797	0.01694	0.06096	0.03198	0.53946	0.06248	0.15032	0.01716	0.00972	0.00265	0.00412	0.01501	0.00892	0.00806
11	0.01563	0.01425	0.02103	0.01891	0.05018	0.04299	0.14398	0.02092	0.09787	0.02280	0.02882	0.19948	0.03009	0.23206	0.01982	0.00454	0.00877	0.01353	0.00588	0.00846
12	0.02106	0.12350	0.26897	0.02621	0.05928	0.14515	0.18805	0.02746	0.01921	0.02441	0.01463	0.01796	0.01125	0.00765	0.00802	0.00247	0.01272	0.00682	0.00387	0.01131
13	0.01015	0.00843	0.00888	0.00877	0.01143	0.00716	0.00657	0.01257	0.01972	0.02432	0.18200	0.07687	0.55384	0.02034	0.00981	0.00277	0.00416	0.01710	0.00796	0.00716
14	0.01012	0.00723	0.00964	0.01157	0.01205	0.00675	0.00771	0.01157	0.01591	0.02121	0.04579	0.70262	0.05495	0.02603	0.01060	0.00337	0.00482	0.02362	0.00771	0.00675
15	0.02618	0.02601	0.16331	0.01927	0.02662	0.02265	0.01826	0.41222	0.06605	0.04334	0.02001	0.02105	0.01455	0.01192	0.03795	0.00300	0.01006	0.00737	0.03707	0.01311
16	0.01051	0.00836	0.00943	0.00933	0.01169	0.00728	0.00693	0.01320	0.02032	0.02613	0.27843	0.11490	0.41417	0.01996	0.00986	0.00278	0.00415	0.01707	0.00821	0.00728
17	0.01050	0.00844	0.00936	0.00913	0.01164	0.00730	0.00685	0.01323	0.02054	0.02624	0.28258	0.07369	0.45206	0.01962	0.00981	0.00274	0.00411	0.01666	0.00821	0.00730
18	0.02935	0.03679	0.02379	0.02146	0.02518	0.58970	0.01633	0.03145	0.02213	0.02029	0.01259	0.01540	0.01073	0.00934	0.01008	0.00234	0.10372	0.00560	0.00420	0.00956
19	0.16316	0.05802	0.19311	0.06219	0.03090	0.05824	0.10792	0.17258	0.02269	0.03381	0.01551	0.01803	0.01147	0.00826	0.00764	0.00255	0.01059	0.00665	0.00514	0.01154
20	0.02259	0.02493	0.02354	0.02433	0.11938	0.27021	0.01685	0.02526	0.01818	0.02182	0.01465	0.01973	0.01292	0.01623	0.08832	0.00387	0.21050	0.00677	0.05027	0.00965

[dist]
# distance from previous block
# <min> <max>
0	21

[block]
# block no. 4 follows, 22 sequences, length 36
# corresponding to MSA columns:
# 219-254
name=unknown_E
#
# <colnr> <probs for GDERKNQSTAVLIFYWHMCP>
#	G	D	E	R	K	N	Q	S	T	A	V	L	I	F	Y	W	H	M	C	P
0	0.06755	0.01764	0.01783	0.01571	0.05479	0.09456	0.01162	0.02372	0.06326	0.02699	0.02259	0.02712	0.06179	0.00910	0.00712	0.00189	0.00745	0.04257	0.00544	0.42127
1	0.05157	0.02263	0.02750	0.18933	0.30689	0.16265	0.02131	0.02748	0.06420	0.02523	0.01597	0.02018	0.01285	0.00816	0.00798	0.00250	0.01089	0.00698	0.00441	0.01130
2	0.02918	0.03688	0.02222	0.02027	0.02442	0.61649	0.01520	0.03132	0.02314	0.02052	0.01906	0.02064	0.06668	0.00965	0.00769	0.00220	0.01404	0.00641	0.00458	0.00940
3	0.02014	0.01930	0.03295	0.10660	0.60393	0.01963	0.02528	0.02512	0.01871	0.02662	0.01555	0.02070	0.01298	0.00748	0.00823	0.00249	0.00997	0.00740	0.00408	0.01282
4	0.02377	0.59405	0.04000	0.01548	0.02209	0.14628	0.01454	0.02634	0.01806	0.01968	0.01178	0.01362	0.01067	0.00736	0.00571	0.00184	0.00996	0.00460	0.00368	0.01048
5	0.01057	0.00845	0.00946	0.00920	0.01168	0.00733	0.00690	0.01338	0.02071	0.02665	0.30398	0.07302	0.43040	0.01947	0.00981	0.00273	0.00410	0.01656	0.00827	0.00733
6	0.01187	0.00890	0.01335	0.01335	0.01483	0.01038	0.01038	0.01483	0.01335	0.01928	0.02225	0.03264	0.02077	0.06231	0.67512	0.01335	0.02225	0.00890	0.00445	0.00742
7	0.00982	0.00842	0.00842	0.00842	0.01122	0.00701	0.00631	0.01192	0.01894	0.02244	0.08416	0.07995	0.65285	0.02104	0.00982	0.00281	0.00421	0.01753	0.00771	0.00701
8	0.02827	0.25043	0.02980	0.01915	0.02432	0.47376	0.01548	0.03058	0.02146	0.02009	0.01244	0.01446	0.01069	0.00811	0.00681	0.00203	0.01307	0.00507	0.00405	0.00995
9	0.01964	0.01880	0.03206	0.17110	0.54329	0.01950	0.02504	0.02469	0.01848	0.02603	0.01546	0.02086	0.01277	0.00757	0.00824	0.00252	0.01010	0.00740	0.00403	0.01242
10	0.02242	0.02510	0.02315	0.15035	0.14541	0.29867	0.01739	0.02592	0.02093	0.02364	0.11504	0.02633	0.02267	0.03698	0.00950	0.00262	0.01128	0.00790	0.00494	0.00974
11	0.01012	0.00765	0.00935	0.01057	0.01182	0.00688	0.00730	0.01188	0.01719	0.02219	0.08819	0.48497	0.23367	0.02408	0.01033	0.00317	0.00459	0.02137	0.00779	0.00688
12	0.01049	0.00747	0.00994	0.01179	0.01238	0.00705	0.00810	0.01208	0.01603	0.02132	0.04483	0.62290	0.05331	0.05371	0.01198	0.00360	0.00520	0.07349	0.00760	0.00676
13	0.01002	0.00762	0.00924	0.01054	0.01178	0.00683	0.00725	0.01168	0.01689	0.02161	0.05831	0.49941	0.25007	0.02440	0.01035	0.00319	0.00462	0.02163	0.00771	0.00683
14	0.02549	0.15358	0.02426	0.01447	0.02145	0.01824	0.01232	0.13412	0.02258	0.18005	0.01931	0.01955	0.01426	0.00799	0.00689	0.00188	0.00744	0.00609	0.00652	0.30351
15	0.01208	0.00805	0.00906	0.00906	0.00906	0.00805	0.00503	0.01208	0.01208	0.01611	0.02618	0.05436	0.03020	0.70804	0.04228	0.00805	0.00805	0.01208	0.00503	0.00503
16	0.01393	0.01193	0.01730	0.01611	0.01711	0.01530	0.01293	0.01652	0.01315	0.01952	0.01855	0.02792	0.01755	0.04672	0.46369	0.01018	0.24110	0.00837	0.00418	0.00796
17	0.02268	0.02107	0.02162	0.02233	0.12359	0.11556	0.01513	0.13863	0.26285	0.03292	0.03194	0.03141	0.10123	0.01130	0.00843	0.00260	0.00848	0.00920	0.00702	0.01201
18	0.01014	0.00785	0.00928	0.01038	0.01193	0.00699	0.00737	0.01198	0.01736	0.02191	0.06225	0.40636	0.31244	0.02374	0.01030	0.00315	0.00468	0.04728	0.00771	0.00690
19	0.01012	0.00723	0.00964	0.01157	0.01205	0.00675	0.00771	0.01157	0.01591	0.02121	0.04579	0.70262	0.05495	0.02603	0.01060	0.00337	0.00482	0.02362	0.00771	0.00675
20	0.00999	0.00826	0.00875	0.00897	0.01141	0.00703	0.00660	0.01212	0.01883	0.02299	0.11612	0.16171	0.53570	0.02144	0.00992	0.00287	0.00427	0.01818	0.00781	0.00703
21	0.01945	0.01861	0.03172	0.19593	0.51995	0.01945	0.02494	0.02452	0.01839	0.02579	0.01543	0.02092	0.01268	0.00761	0.00824	0.00254	0.01014	0.00740	0.00402	0.01226
22	0.01885	0.01800	0.03064	0.27420	0.44635	0.01929	0.02465	0.02400	0.01811	0.02507	0.01532	0.02112	0.01243	0.00772	0.00825	0.00257	0.01029	0.00740	0.00396	0.01178
23	0.08391	0.01890	0.03095	0.11471	0.53829	0.01951	0.02383	0.02495	0.01826	0.02738	0.01519	0.02012	0.01258	0.00752	0.00797	0.00251	0.00970	0.00715	0.00416	0.01239
24	0.01187	0.00890	0.01335	0.01335	0.01483	0.01038	0.01038	0.01483	0.01335	0.01928	0.02225	0.03264	0.02077	0.06231	0.67512	0.01335	0.02225	0.00890	0.00445	0.00742
25	0.01365	0.01152	0.01677	0.01574	0.01681	0.01464	0.01259	0.01629	0.01317	0.01949	0.01904	0.02855	0.01798	0.04880	0.49193	0.01060	0.21187	0.00844	0.00422	0.00789
26	0.01251	0.01042	0.01561	0.01905	0.12512	0.00984	0.03897	0.01511	0.01754	0.02336	0.07262	0.40256	0.14233	0.02061	0.01002	0.00308	0.00608	0.03998	0.00699	0.00819
27	0.02470	0.02737	0.02412	0.16665	0.03162	0.31103	0.01784	0.08433	0.05127	0.02416	0.01456	0.01842	0.01185	0.00995	0.01168	0.00264	0.14661	0.00657	0.00460	0.01003
28	0.02422	0.02942	0.01875	0.01728	0.02103	0.45684	0.01296	0.02645	0.02229	0.02162	0.06753	0.03519	0.18848	0.01241	0.00825	0.00235	0.01145	0.00919	0.00548	0.00882
29	0.01623	0.01196	0.01378	0.01317	0.01569	0.01222	0.00969	0.18609	0.02269	0.02996	0.04274	0.39840	0.12196	0.05056	0.01123	0.00325	0.00610	0.01774	0.00776	0.00880
30	0.02001	0.01966	0.03499	0.10440	0.52239	0.01980	0.10527	0.02527	0.01881	0.02655	0.01571	0.02095	0.01290	0.00743	0.00844	0.00254	0.01053	0.00772	0.00409	0.01256
31	0.23909	0.03187	0.02043	0.01829	0.02297	0.44680	0.01404	0.06958	0.02190	0.02721	0.01294	0.01489	0.01044	0.00841	0.00688	0.00228	0.01218	0.00525	0.00479	0.00975
32	0.09588	0.12119	0.02569	0.01888	0.02400	0.30602	0.01523	0.19674	0.02543	0.03069	0.01441	0.01622	0.01151	0.00908	0.00851	0.00233	0.05603	0.00587	0.00535	0.01093
33	0.01019	0.00850	0.00893	0.00901	0.01170	0.00724	0.00688	0.01254	0.01928	0.02339	0.12258	0.07955	0.57179	0.02087	0.00993	0.00286	0.00441	0.05541	0.00781	0.00711
34	0.01305	0.00852	0.01152	0.01152	0.01315	0.00952	0.00889	0.01631	0.01468	0.02310	0.02383	0.03209	0.02094	0.04513	0.45669	0.00963	0.01625	0.00852	0.24912	0.00752
35	0.02466	0.37058	0.12688	0.01788	0.02503	0.17591	0.01724	0.10737	0.02144	0.02508	0.01345	0.01520	0.01111	0.00793	0.00659	0.00208	0.01080	0.00530	0.00435	0.01112

[dist]
# distance from previous block
# <min> <max>
0	1

[block]
# block no. 5 follows, 22 sequences, length 72
# corresponding to MSA columns:
# 256-327
name=unknown_F
#
# <colnr> <probs for GDERKNQSTAVLIFYWHMCP>
#	G	D	E	R	K	N	Q	S	T	A	V	L	I	F	Y	W	H	M	C	P
0	0.02728	0.22806	0.02853	0.01884	0.02373	0.44941	0.01516	0.02962	0.02099	0.02004	0.01310	0.01568	0.01135	0.01169	0.05083	0.00278	0.01374	0.00533	0.00409	0.00978
1	0.01656	0.01033	0.01137	0.01090	0.01312	0.01063	0.00804	0.12322	0.02043	0.03098	0.03107	0.22056	0.03014	0.06008	0.00999	0.00284	0.00534	0.01247	0.36352	0.00840
2	0.02091	0.01690	0.02119	0.01753	0.02061	0.01959	0.04687	0.22171	0.06311	0.03105	0.02036	0.02997	0.01856	0.19146	0.06499	0.00491	0.16535	0.00895	0.00594	0.01001
3	0.01349	0.01057	0.01320	0.01285	0.01630	0.00923	0.01053	0.01671	0.01819	0.02466	0.04279	0.13914	0.14202	0.01822	0.00959	0.00287	0.00632	0.26653	0.00690	0.21992
4	0.02749	0.03120	0.02198	0.01973	0.02428	0.41346	0.01504	0.06992	0.23718	0.02707	0.02046	0.02077	0.01594	0.00957	0.00787	0.00239	0.01176	0.00686	0.00594	0.01109
5	0.00982	0.00842	0.00842	0.00842	0.01122	0.00701	0.00631	0.01192	0.01894	0.02244	0.08416	0.07995	0.65285	0.02104	0.00982	0.00281	0.00421	0.01753	0.00771	0.00701
6	0.01208	0.00805	0.00906	0.00906	0.00906	0.00805	0.00503	0.01208	0.01208	0.01611	0.02618	0.05436	0.03020	0.70804	0.04228	0.00805	0.00805	0.01208	0.00503	0.00503
7	0.02183	0.50851	0.03805	0.01644	0.02171	0.07173	0.01525	0.02426	0.01633	0.01970	0.01148	0.01456	0.01072	0.00893	0.01058	0.00223	0.16867	0.00516	0.00362	0.01023
8	0.01188	0.00886	0.01314	0.01314	0.01456	0.01027	0.01013	0.01470	0.01329	0.01913	0.02244	0.03368	0.02122	0.09341	0.64464	0.01310	0.02157	0.00905	0.00448	0.00730
9	0.00998	0.00847	0.00864	0.00873	0.01150	0.00713	0.00664	0.01216	0.01894	0.02255	0.08232	0.08058	0.62513	0.02113	0.00989	0.00285	0.00437	0.04423	0.00771	0.00704
10	0.01818	0.01818	0.02545	0.02181	0.02181	0.02545	0.01818	0.01999	0.01272	0.01999	0.01091	0.01818	0.01091	0.01454	0.02726	0.00364	0.69284	0.00727	0.00364	0.00909
11	0.01378	0.01172	0.01702	0.01592	0.01695	0.01496	0.01275	0.01640	0.01316	0.01950	0.01881	0.02825	0.01777	0.04781	0.47845	0.01040	0.22583	0.00841	0.00420	0.00792
12	0.03103	0.03959	0.02354	0.02140	0.02568	0.67469	0.01605	0.03317	0.02354	0.02033	0.01284	0.01498	0.01070	0.00856	0.00749	0.00214	0.01498	0.00535	0.00428	0.00963
13	0.01509	0.00941	0.01111	0.01014	0.01329	0.00816	0.00780	0.01796	0.02122	0.13429	0.25659	0.06548	0.36239	0.01792	0.00956	0.00270	0.00460	0.01518	0.00861	0.00848
14	0.02989	0.03494	0.02398	0.02240	0.05933	0.51019	0.01634	0.11412	0.06446	0.02595	0.01528	0.01697	0.01222	0.00886	0.00770	0.00225	0.01338	0.00600	0.00508	0.01065
15	0.01204	0.01488	0.13714	0.01393	0.01717	0.01002	0.01238	0.01647	0.05053	0.02380	0.08149	0.45222	0.08410	0.02081	0.00986	0.00311	0.00626	0.01851	0.00703	0.00825
16	0.01884	0.01929	0.02535	0.02179	0.02201	0.05920	0.01806	0.02068	0.01329	0.02001	0.01101	0.01801	0.01089	0.01423	0.02623	0.00356	0.65760	0.00717	0.00367	0.00912
17	0.01012	0.00723	0.00964	0.01157	0.01205	0.00675	0.00771	0.01157	0.01591	0.02121	0.04579	0.70262	0.05495	0.02603	0.01060	0.00337	0.00482	0.02362	0.00771	0.00675
18	0.02043	0.01999	0.03226	0.12458	0.55932	0.04715	0.02481	0.02532	0.01884	0.02616	0.01541	0.02051	0.01281	0.00756	0.00820	0.00249	0.01023	0.00731	0.00407	0.01255
19	0.02064	0.02218	0.02376	0.02315	0.09576	0.19906	0.05559	0.02295	0.01678	0.02058	0.01582	0.02548	0.01538	0.14796	0.04868	0.00430	0.22082	0.00793	0.00421	0.00900
20	0.01187	0.00890	0.01335	0.01335	0.01483	0.01038	0.01038	0.01483	0.01335	0.01928	0.02225	0.03264	0.02077	0.06231	0.67512	0.01335	0.02225	0.00890	0.00445	0.00742
21	0.02685	0.03114	0.02634	0.02538	0.09951	0.39484	0.04485	0.07397	0.02190	0.02374	0.01350	0.01695	0.01137	0.00962	0.01156	0.00252	0.14485	0.00632	0.00443	0.01035
22	0.01012	0.00723	0.00964	0.01157	0.01205	0.00675	0.00771	0.01157	0.01591	0.02121	0.04579	0.70262	0.05495	0.02603	0.01060	0.00337	0.00482	0.02362	0.00771	0.00675
23	0.02357	0.02105	0.03302	0.04011	0.40619	0.02159	0.09302	0.19620	0.02469	0.03421	0.01699	0.02060	0.01337	0.00808	0.00843	0.00251	0.01015	0.00770	0.00531	0.01320
24	0.03103	0.03959	0.02354	0.02140	0.02568	0.67469	0.01605	0.03317	0.02354	0.02033	0.01284	0.01498	0.01070	0.00856	0.00749	0.00214	0.01498	0.00535	0.00428	0.00963
25	0.01243	0.01009	0.01122	0.01065	0.01348	0.00971	0.00807	0.01894	0.12947	0.02861	0.28497	0.06478	0.33098	0.01783	0.00957	0.00274	0.00452	0.01518	0.00837	0.00839
26	0.02239	0.01897	0.02378	0.01975	0.02224	0.02392	0.01634	0.23167	0.02216	0.03176	0.01542	0.02016	0.01304	0.01520	0.05331	0.00366	0.38663	0.00745	0.04145	0.01069
27	0.01688	0.03266	0.41029	0.02522	0.06144	0.01868	0.13109	0.02467	0.01835	0.02680	0.08953	0.02378	0.01897	0.00922	0.00974	0.00272	0.05630	0.00795	0.00432	0.01140
28	0.01063	0.00763	0.00990	0.01102	0.01191	0.00710	0.00751	0.01259	0.01758	0.02380	0.19014	0.48464	0.08109	0.06835	0.01246	0.00348	0.00479	0.02059	0.00788	0.00690
29	0.01012	0.00723	0.00964	0.01157	0.01205	0.00675	0.00771	0.01157	0.01591	0.02121	0.04579	0.70262	0.05495	0.02603	0.01060	0.00337	0.00482	0.02362	0.00771	0.00675
30	0.01963	0.01884	0.02267	0.14721	0.10215	0.08420	0.01674	0.06454	0.09047	0.02625	0.02200	0.02519	0.06386	0.01042	0.01132	0.00257	0.12859	0.00780	0.00516	0.13039
31	0.23477	0.06704	0.01791	0.01429	0.01873	0.19825	0.01137	0.10358	0.02093	0.03184	0.01684	0.01905	0.01328	0.00868	0.00637	0.00223	0.00866	0.00592	0.19062	0.00963
32	0.01028	0.00769	0.00955	0.01065	0.01190	0.00696	0.00739	0.01223	0.01770	0.02321	0.14019	0.46291	0.20197	0.02356	0.01030	0.00313	0.00455	0.02095	0.00791	0.00696
33	0.03186	0.02281	0.02465	0.01890	0.02554	0.02509	0.01561	0.59923	0.03830	0.08272	0.02058	0.02036	0.01445	0.00999	0.00831	0.00250	0.00904	0.00752	0.00841	0.01413
34	0.01868	0.01776	0.02929	0.04354	0.54341	0.01751	0.02214	0.02312	0.01892	0.02632	0.02761	0.03095	0.12504	0.00979	0.00850	0.00253	0.00888	0.00917	0.00474	0.01208
35	0.01187	0.00890	0.01335	0.01335	0.01483	0.01038	0.01038	0.01483	0.01335	0.01928	0.02225	0.03264	0.02077	0.06231	0.67512	0.01335	0.02225	0.00890	0.00445	0.00742
36	0.01094	0.00837	0.01021	0.01121	0.01306	0.00764	0.00861	0.01341	0.01841	0.02342	0.10027	0.26180	0.28909	0.02269	0.01046	0.00322	0.00524	0.16701	0.00779	0.00715
37	0.01665	0.01593	0.02252	0.01976	0.02012	0.02180	0.01629	0.01874	0.01287	0.01982	0.01365	0.02167	0.01329	0.02610	0.18400	0.00599	0.53060	0.00766	0.00383	0.00868
38	0.01988	0.01904	0.03249	0.13986	0.57267	0.01956	0.02516	0.02490	0.01859	0.02632	0.01551	0.02078	0.01287	0.00753	0.00824	0.00251	0.01004	0.00740	0.00405	0.01261
39	0.02419	0.02875	0.01903	0.01745	0.02098	0.44235	0.01309	0.02683	0.02323	0.02414	0.19826	0.03255	0.07189	0.01176	0.00830	0.00232	0.01115	0.00888	0.00588	0.00895
40	0.02407	0.07159	0.03106	0.03897	0.40976	0.23342	0.02169	0.02795	0.02029	0.02443	0.01445	0.01827	0.01220	0.00776	0.00780	0.00232	0.01147	0.00654	0.00413	0.01185
41	0.02136	0.01467	0.01691	0.01277	0.01898	0.01272	0.01027	0.10941	0.02115	0.10720	0.01981	0.02134	0.01512	0.00781	0.00666	0.00169	0.00629	0.00619	0.13709	0.43256
42	0.03073	0.07462	0.02545	0.01989	0.02544	0.33345	0.01581	0.30848	0.03031	0.03512	0.01605	0.01718	0.01229	0.00912	0.00773	0.00228	0.01189	0.00628	0.00610	0.01178
43	0.02021	0.14434	0.17290	0.02344	0.10842	0.16551	0.05247	0.02465	0.01875	0.02297	0.02006	0.14967	0.01966	0.01131	0.00804	0.00251	0.01064	0.00943	0.00462	0.01040
44	0.01678	0.01401	0.01349	0.01192	0.01566	0.05532	0.00929	0.16223	0.02425	0.03043	0.09114	0.05826	0.40057	0.01687	0.00913	0.00264	0.00607	0.01377	0.03919	0.00897
45	0.02176	0.01839	0.01940	0.01713	0.02202	0.02117	0.01341	0.10267	0.58090	0.03651	0.03242	0.02989	0.02423	0.01114	0.00844	0.00279	0.00683	0.00920	0.00844	0.01325
46	0.02299	0.10662	0.08026	0.03113	0.24495	0.20756	0.02066	0.02670	0.01880	0.02302	0.01349	0.01749	0.01157	0.00898	0.01099	0.00251	0.13085	0.00636	0.00396	0.01109
47	0.01845	0.06976	0.50077	0.02466	0.03553	0.07178	0.11185	0.02683	0.01827	0.02558	0.01486	0.01783	0.01083	0.00779	0.00801	0.00258	0.01258	0.00651	0.00367	0.01185
48	0.01012	0.00723	0.00964	0.01157	0.01205	0.00675	0.00771	0.01157	0.01591	0.02121	0.04579	0.70262	0.05495	0.02603	0.01060	0.00337	0.00482	0.02362	0.00771	0.00675
49	0.01084	0.00846	0.00983	0.00949	0.01185	0.00745	0.00712	0.01390	0.02135	0.02818	0.38377	0.07051	0.34966	0.01890	0.00981	0.00270	0.00406	0.01621	0.00847	0.00745
50	0.02075	0.01957	0.05890	0.07536	0.26868	0.01893	0.13419	0.02995	0.14650	0.07019	0.02123	0.02408	0.01623	0.00851	0.00844	0.00261	0.00965	0.00829	0.04570	0.01227
51	0.03103	0.03959	0.02354	0.02140	0.02568	0.67469	0.01605	0.03317	0.02354	0.02033	0.01284	0.01498	0.01070	0.00856	0.00749	0.00214	0.01498	0.00535	0.00428	0.00963
52	0.00982	0.00842	0.00842	0.00842	0.01122	0.00701	0.00631	0.01192	0.01894	0.02244	0.08416	0.07995	0.65285	0.02104	0.00982	0.00281	0.00421	0.01753	0.00771	0.00701
53	0.01208	0.00805	0.00906	0.00906	0.00906	0.00805	0.00503	0.01208	0.01208	0.01611	0.02618	0.05436	0.03020	0.70804	0.04228	0.00805	0.00805	0.01208	0.00503	0.00503
54	0.01236	0.00940	0.01374	0.09133	0.01850	0.01081	0.01067	0.01496	0.01345	0.01880	0.02226	0.03629	0.02175	0.20109	0.45490	0.01092	0.01775	0.00944	0.00449	0.00709
55	0.01197	0.00812	0.00959	0.00967	0.00987	0.00827	0.00578	0.01238	0.01240	0.01671	0.02659	0.08078	0.03020	0.60203	0.11491	0.00846	0.00957	0.01222	0.00509	0.00539
56	0.02691	0.02149	0.02511	0.02005	0.02439	0.02565	0.01662	0.41655	0.02989	0.04108	0.01680	0.01933	0.01301	0.01156	0.01491	0.00289	0.24730	0.00741	0.00668	0.01237
57	0.01208	0.00805	0.00906	0.00906	0.00906	0.00805	0.00503	0.01208	0.01208	0.01611	0.02618	0.05436	0.03020	0.70804	0.04228	0.00805	0.00805	0.01208	0.00503	0.00503
58	0.01196	0.00807	0.00902	0.00902	0.00918	0.00800	0.00510	0.01207	0.01246	0.01646	0.02939	0.05578	0.06468	0.67000	0.04049	0.00776	0.00784	0.01238	0.00518	0.00514
59	0.02764	0.02133	0.02516	0.02398	0.13488	0.02320	0.01679	0.44445	0.07416	0.04554	0.06148	0.02354	0.01891	0.01007	0.00840	0.00252	0.00876	0.00809	0.00764	0.01348
60	0.02138	0.02369	0.02544	0.02188	0.02362	0.20280	0.05074	0.02365	0.01612	0.02041	0.01251	0.01848	0.01159	0.01561	0.06328	0.00381	0.42489	0.00699	0.00390	0.00924
61	0.01184	0.00799	0.00929	0.00952	0.00963	0.00799	0.00555	0.01213	0.01258	0.01683	0.02832	0.12938	0.03274	0.60365	0.06268	0.00771	0.00822	0.01331	0.00532	0.00533
62	0.03103	0.03959	0.02354	0.02140	0.02568	0.67469	0.01605	0.03317	0.02354	0.02033	0.01284	0.01498	0.01070	0.00856	0.00749	0.00214	0.01498	0.00535	0.00428	0.00963
63	0.02147	0.02221	0.02498	0.03117	0.27920	0.17769	0.01835	0.02830	0.11798	0.02519	0.01911	0.02317	0.01595	0.01878	0.13538	0.00452	0.01295	0.00750	0.00491	0.01120
64	0.01207	0.00811	0.00934	0.00934	0.00944	0.00821	0.00539	0.01226	0.01216	0.01632	0.02592	0.05293	0.02958	0.66553	0.08395	0.00840	0.00899	0.01187	0.00500	0.00519
65	0.01814	0.01907	0.01651	0.01580	0.01827	0.23074	0.01208	0.02079	0.01698	0.01977	0.02189	0.02889	0.04566	0.04262	0.42379	0.00916	0.01903	0.00811	0.00454	0.00813
66	0.01713	0.01204	0.01575	0.01409	0.01749	0.01272	0.01112	0.06369	0.07780	0.08254	0.02317	0.02913	0.01960	0.04143	0.41342	0.00896	0.01627	0.00827	0.00570	0.10967
67	0.01774	0.01448	0.02261	0.03057	0.31544	0.01464	0.01689	0.02226	0.04844	0.06627	0.02653	0.11898	0.05077	0.05969	0.13221	0.00492	0.01076	0.01071	0.00549	0.01060
68	0.02011	0.01996	0.02657	0.26284	0.25082	0.09610	0.02115	0.02852	0.13924	0.02576	0.01852	0.02248	0.01451	0.00860	0.00821	0.00260	0.01025	0.00754	0.00483	0.01138
69	0.05831	0.02752	0.21157	0.22230	0.07893	0.08593	0.02264	0.14202	0.02195	0.02984	0.01552	0.01912	0.01150	0.00844	0.00794	0.00258	0.01113	0.00669	0.00469	0.01135
70	0.15401	0.01839	0.04621	0.23045	0.20203	0.06095	0.01915	0.02327	0.01697	0.02590	0.01504	0.02036	0.01224	0.01327	0.07434	0.00360	0.01112	0.00673	0.00423	0.04175
71	0.16789	0.05184	0.02811	0.11433	0.16671	0.08594	0.10971	0.09577	0.02071	0.03045	0.04177	0.02046	0.01449	0.00833	0.00774	0.00252	0.01011	0.00719	0.00497	0.01095

[dist]
# distance from previous block
# <min> <max>
26	127

[block]
# block no. 6 follows, 22 sequences, length 21
# corresponding to MSA columns:
# 471-491
name=unknown_G
#
# <colnr> <probs for GDERKNQSTAVLIFYWHMCP>
#	G	D	E	R	K	N	Q	S	T	A	V	L	I	F	Y	W	H	M	C	P
0	0.01789	0.06712	0.45607	0.02848	0.11176	0.02025	0.12999	0.02620	0.01803	0.02615	0.01516	0.01854	0.01120	0.00765	0.00814	0.00260	0.01212	0.00683	0.00370	0.01213
1	0.01591	0.07259	0.33298	0.02096	0.02936	0.01707	0.12272	0.02283	0.01911	0.02687	0.14250	0.03269	0.08730	0.01072	0.00860	0.00262	0.00997	0.00945	0.00511	0.01063
2	0.01883	0.01656	0.01813	0.01630	0.02016	0.01932	0.01280	0.03667	0.47732	0.03123	0.03813	0.03634	0.11204	0.01304	0.01093	0.00292	0.08945	0.01028	0.00776	0.01179
3	0.01184	0.00795	0.00913	0.00936	0.00942	0.00790	0.00536	0.01202	0.01254	0.01673	0.02855	0.13296	0.03320	0.62535	0.03844	0.00749	0.00766	0.01348	0.00536	0.00524
4	0.10496	0.01389	0.01684	0.05881	0.06180	0.04078	0.01183	0.04678	0.01877	0.20817	0.05276	0.03152	0.02189	0.13343	0.10984	0.00500	0.00994	0.00863	0.03438	0.00999
5	0.01423	0.01259	0.01995	0.01764	0.01943	0.01526	0.07329	0.01731	0.01381	0.02019	0.01884	0.02796	0.01746	0.04472	0.44498	0.00984	0.19150	0.00858	0.00422	0.00822
6	0.01012	0.00723	0.00964	0.01157	0.01205	0.00675	0.00771	0.01157	0.01591	0.02121	0.04579	0.70262	0.05495	0.02603	0.01060	0.00337	0.00482	0.02362	0.00771	0.00675
7	0.02882	0.03539	0.02570	0.02767	0.15918	0.53603	0.01805	0.03155	0.02256	0.02177	0.01343	0.01616	0.01122	0.00832	0.00765	0.00221	0.01390	0.00578	0.00424	0.01038
8	0.06072	0.02121	0.02335	0.08459	0.02776	0.02388	0.01577	0.44490	0.13548	0.04569	0.02136	0.02171	0.01546	0.00992	0.00819	0.00258	0.00879	0.00765	0.00774	0.01325
9	0.01189	0.00881	0.01291	0.01291	0.01424	0.01015	0.00984	0.01455	0.01322	0.01896	0.02265	0.03486	0.02173	0.12842	0.61033	0.01281	0.02080	0.00923	0.00451	0.00717
10	0.01147	0.00848	0.01070	0.01015	0.01223	0.00772	0.00761	0.01512	0.02283	0.03170	0.56735	0.06472	0.16388	0.01759	0.00980	0.00264	0.00396	0.01540	0.00893	0.00772
11	0.01104	0.00839	0.01017	0.00988	0.01201	0.00751	0.00735	0.01423	0.02159	0.02912	0.43462	0.10880	0.25732	0.01884	0.00986	0.00272	0.00407	0.01636	0.00860	0.00751
12	0.01208	0.00805	0.00906	0.00906	0.00906	0.00805	0.00503	0.01208	0.01208	0.01611	0.02618	0.05436	0.03020	0.70804	0.04228	0.00805	0.00805	0.01208	0.00503	0.00503
13	0.01012	0.00723	0.00964	0.01157	0.01205	0.00675	0.00771	0.01157	0.01591	0.02121	0.04579	0.70262	0.05495	0.02603	0.01060	0.00337	0.00482	0.02362	0.00771	0.00675
14	0.03158	0.02327	0.02493	0.01911	0.02576	0.02576	0.01579	0.62852	0.03906	0.05236	0.01995	0.01995	0.01413	0.00997	0.00831	0.00249	0.00914	0.00748	0.00831	0.01413
15	0.03103	0.03959	0.02354	0.02140	0.02568	0.67469	0.01605	0.03317	0.02354	0.02033	0.01284	0.01498	0.01070	0.00856	0.00749	0.00214	0.01498	0.00535	0.00428	0.00963
16	0.01889	0.01937	0.02534	0.02179	0.02203	0.06167	0.01806	0.02073	0.01333	0.02001	0.01101	0.01800	0.01089	0.01421	0.02616	0.00355	0.65501	0.00716	0.00367	0.00912
17	0.01757	0.01507	0.01738	0.01276	0.01988	0.01202	0.01017	0.02322	0.07898	0.02783	0.01665	0.01859	0.01360	0.00666	0.00638	0.00139	0.00619	0.00536	0.00527	0.68503
18	0.02343	0.01816	0.02264	0.06701	0.15807	0.05306	0.01680	0.18980	0.05392	0.09572	0.02884	0.03905	0.06143	0.01249	0.00895	0.00278	0.00881	0.12043	0.00695	0.01165
19	0.01192	0.00867	0.01220	0.01220	0.01329	0.00976	0.00895	0.01410	0.01301	0.01843	0.02330	0.03846	0.02330	0.23539	0.50550	0.01193	0.01845	0.00975	0.00461	0.00678
20	0.02484	0.01181	0.01485	0.01234	0.01702	0.01041	0.00987	0.02865	0.04849	0.35795	0.12404	0.04874	0.22661	0.01452	0.00899	0.00266	0.00577	0.01209	0.00926	0.01109

[dist]
# distance from previous block
# <min> <max>
0	1

[block]
# block no. 7 follows, 22 sequences, length 44
# corresponding to MSA columns:
# 493-536
name=unknown_H
#
# <colnr> <probs for GDERKNQSTAVLIFYWHMCP>
#	G	D	E	R	K	N	Q	S	T	A	V	L	I	F	Y	W	H	M	C	P
0	0.03127	0.03240	0.02415	0.02039	0.02572	0.38869	0.01594	0.29556	0.03038	0.03445	0.01597	0.01717	0.01221	0.00918	0.00785	0.00230	0.01241	0.00629	0.00606	0.01161
1	0.01913	0.21018	0.32751	0.02789	0.16750	0.02302	0.06323	0.02578	0.01780	0.02476	0.01432	0.01742	0.01126	0.00753	0.00742	0.00238	0.01099	0.00621	0.00370	0.01198
2	0.02056	0.01974	0.03372	0.05099	0.65622	0.01974	0.02550	0.02550	0.01892	0.02714	0.01563	0.02056	0.01316	0.00740	0.00822	0.00247	0.00987	0.00740	0.00411	0.01316
3	0.01033	0.00825	0.00926	0.00940	0.01164	0.00717	0.00690	0.01277	0.01957	0.02487	0.21508	0.17318	0.42061	0.02084	0.00994	0.00285	0.00423	0.01788	0.00806	0.00717
4	0.01044	0.00754	0.00993	0.01160	0.01240	0.00703	0.00805	0.01224	0.01675	0.02226	0.08385	0.58694	0.08832	0.02500	0.01058	0.00333	0.00494	0.06415	0.00779	0.00689
5	0.01803	0.01478	0.01946	0.01712	0.01928	0.01820	0.01387	0.14980	0.01875	0.02669	0.01838	0.02558	0.01639	0.03674	0.33767	0.00810	0.21863	0.00811	0.00505	0.00937
6	0.02717	0.03057	0.02144	0.01911	0.02362	0.40773	0.01460	0.10378	0.15094	0.02723	0.02405	0.02439	0.06899	0.01035	0.00798	0.00238	0.01166	0.00747	0.00590	0.01065
7	0.00982	0.00842	0.00842	0.00842	0.01122	0.00701	0.00631	0.01192	0.01894	0.02244	0.08416	0.07995	0.65285	0.02104	0.00982	0.00281	0.00421	0.01753	0.00771	0.00701
8	0.03030	0.02231	0.02402	0.01866	0.02495	0.02463	0.01531	0.59176	0.03768	0.05050	0.02148	0.06062	0.01656	0.01093	0.00845	0.00255	0.00888	0.00844	0.00827	0.01369
9	0.01342	0.01053	0.01254	0.01329	0.01523	0.01098	0.00975	0.02137	0.19317	0.02548	0.04430	0.41659	0.07834	0.02127	0.01004	0.00323	0.00557	0.07830	0.00792	0.00866
10	0.01012	0.00723	0.00964	0.01157	0.01205	0.00675	0.00771	0.01157	0.01591	0.02121	0.04579	0.70262	0.05495	0.02603	0.01060	0.00337	0.00482	0.02362	0.00771	0.00675
11	0.10155	0.01478	0.01857	0.01470	0.02079	0.01386	0.01204	0.03949	0.10090	0.52590	0.03098	0.02727	0.02012	0.01017	0.00807	0.00260	0.00695	0.00813	0.00958	0.01355
12	0.02913	0.03464	0.02635	0.02571	0.10712	0.49666	0.05027	0.08601	0.02415	0.02445	0.01406	0.01655	0.01143	0.00846	0.00778	0.00225	0.01374	0.00605	0.00462	0.01058
13	0.02125	0.02133	0.03396	0.04785	0.57194	0.06681	0.06309	0.02612	0.01929	0.02662	0.01550	0.02028	0.01295	0.00746	0.00827	0.00247	0.01050	0.00741	0.00413	0.01278
14	0.01039	0.00844	0.00921	0.00902	0.01157	0.00726	0.00677	0.01304	0.02030	0.02567	0.25281	0.07463	0.48218	0.01983	0.00981	0.00275	0.00412	0.01679	0.00814	0.00726
15	0.01384	0.01139	0.01274	0.01206	0.01524	0.01121	0.00903	0.02204	0.18929	0.02733	0.12360	0.19269	0.21755	0.01745	0.00924	0.00275	0.00515	0.01504	0.00781	0.08454
16	0.01986	0.10913	0.13495	0.02870	0.03637	0.05308	0.36714	0.02591	0.01837	0.02467	0.01504	0.01977	0.01178	0.00808	0.01086	0.00272	0.09051	0.00812	0.00396	0.01098
17	0.04176	0.00864	0.00995	0.00988	0.01120	0.00826	0.00656	0.01431	0.01615	0.05063	0.13639	0.15427	0.13877	0.32949	0.02430	0.00520	0.00620	0.01468	0.00675	0.00661
18	0.06331	0.17876	0.21960	0.02754	0.18898	0.13835	0.02202	0.02690	0.01862	0.02462	0.01382	0.01673	0.01118	0.00771	0.00720	0.00232	0.01108	0.00587	0.00390	0.01150
19	0.01151	0.00866	0.00948	0.00922	0.01195	0.00740	0.00693	0.01397	0.01989	0.05522	0.18409	0.09874	0.49362	0.01997	0.00978	0.00278	0.00432	0.01687	0.00810	0.00750
20	0.10648	0.03325	0.02272	0.01978	0.02472	0.45100	0.01527	0.17588	0.02632	0.02979	0.01442	0.01603	0.01135	0.00881	0.00745	0.00227	0.01270	0.00578	0.00534	0.01065
21	0.05281	0.05449	0.01888	0.01376	0.01889	0.01611	0.01082	0.19224	0.02272	0.10688	0.02088	0.02813	0.01801	0.18166	0.01588	0.00352	0.00774	0.00778	0.00647	0.20234
22	0.01757	0.01802	0.02396	0.08888	0.24409	0.09798	0.06667	0.02138	0.01935	0.02404	0.03948	0.04111	0.23835	0.01241	0.00883	0.00260	0.00897	0.01091	0.00537	0.01003
23	0.01097	0.00814	0.01043	0.01193	0.01332	0.00760	0.00900	0.01323	0.01747	0.02250	0.05360	0.39636	0.18264	0.02408	0.01068	0.00338	0.00548	0.18443	0.00769	0.00706
24	0.02912	0.01303	0.01708	0.01427	0.01905	0.01191	0.01127	0.08586	0.02295	0.42636	0.03527	0.21711	0.02964	0.01468	0.00898	0.00279	0.00663	0.01257	0.00938	0.01206
25	0.01012	0.00723	0.00964	0.01157	0.01205	0.00675	0.00771	0.01157	0.01591	0.02121	0.04579	0.70262	0.05495	0.02603	0.01060	0.00337	0.00482	0.02362	0.00771	0.00675
26	0.03158	0.02327	0.02493	0.01911	0.02576	0.02576	0.01579	0.62852	0.03906	0.05236	0.01995	0.01995	0.01413	0.00997	0.00831	0.00249	0.00914	0.00748	0.00831	0.01413
27	0.01205	0.00818	0.00971	0.00971	0.00993	0.00840	0.00584	0.01250	0.01227	0.01659	0.02558	0.05109	0.02878	0.61083	0.13756	0.00885	0.01019	0.01160	0.00495	0.00539
28	0.01012	0.00723	0.00964	0.01157	0.01205	0.00675	0.00771	0.01157	0.01591	0.02121	0.04579	0.70262	0.05495	0.02603	0.01060	0.00337	0.00482	0.02362	0.00771	0.00675
29	0.03158	0.02327	0.02493	0.01911	0.02576	0.02576	0.01579	0.62852	0.03906	0.05236	0.01995	0.01995	0.01413	0.00997	0.00831	0.00249	0.00914	0.00748	0.00831	0.01413
30	0.03558	0.01685	0.02096	0.01607	0.02256	0.01624	0.01327	0.21519	0.02832	0.48086	0.02896	0.02580	0.01865	0.01019	0.00834	0.00255	0.00768	0.00809	0.00970	0.01413
31	0.02775	0.02180	0.02349	0.02015	0.05995	0.06430	0.01549	0.45776	0.03280	0.04357	0.01962	0.02170	0.01492	0.01813	0.11521	0.00421	0.01166	0.00757	0.00720	0.01271
32	0.01095	0.00783	0.01055	0.01225	0.01316	0.00743	0.00891	0.01311	0.01725	0.02304	0.09915	0.51891	0.05554	0.02458	0.01071	0.00340	0.00533	0.14304	0.00783	0.00703
33	0.03111	0.03719	0.02375	0.02106	0.02569	0.57899	0.01601	0.12097	0.02583	0.02505	0.01389	0.01571	0.01121	0.00877	0.00761	0.00219	0.01412	0.00566	0.00487	0.01029
34	0.01006	0.00804	0.00901	0.00958	0.01158	0.00699	0.00688	0.01208	0.01828	0.02282	0.11243	0.28077	0.41757	0.02237	0.01007	0.00298	0.00439	0.01933	0.00782	0.00699
35	0.01151	0.00789	0.00915	0.00959	0.00985	0.00770	0.00571	0.01196	0.01333	0.01761	0.03388	0.20112	0.07125	0.51601	0.03333	0.00671	0.00711	0.01498	0.00579	0.00553
36	0.02117	0.31777	0.07549	0.06436	0.23356	0.06225	0.01982	0.02508	0.01765	0.02263	0.01330	0.01689	0.01152	0.00793	0.00830	0.00226	0.05895	0.00594	0.00379	0.01134
37	0.02057	0.01960	0.03265	0.04855	0.61069	0.01980	0.02461	0.02683	0.06356	0.02769	0.01693	0.02131	0.01403	0.00768	0.00824	0.00249	0.00963	0.00754	0.00442	0.01316
38	0.01660	0.01673	0.03293	0.06769	0.03242	0.01681	0.33582	0.02182	0.01789	0.02497	0.06499	0.06526	0.02138	0.01937	0.13049	0.00473	0.05048	0.01040	0.03960	0.00963
39	0.01810	0.02292	0.17341	0.17758	0.30750	0.01810	0.02401	0.02411	0.01791	0.02591	0.01596	0.02069	0.01258	0.00778	0.00789	0.00247	0.01009	0.00699	0.05173	0.05428
40	0.24115	0.02501	0.20345	0.02831	0.23391	0.01937	0.02093	0.02710	0.07373	0.03061	0.01587	0.01856	0.01229	0.00798	0.00724	0.00258	0.00922	0.00637	0.00464	0.01167
41	0.02245	0.11148	0.09926	0.03556	0.30873	0.15885	0.09518	0.02725	0.01958	0.02463	0.01461	0.01842	0.01200	0.00761	0.00787	0.00237	0.01157	0.00677	0.00403	0.01179
