[name]
unknown

[dist]
# distance from previous block
# <min> <max>
0	0

[block]
# block no. 0 follows, 19 sequences, length 112
# corresponding to MSA columns:
# 0-111
name=unknown_A
#
# <colnr> <probs for GDERKNQSTAVLIFYWHMCP>
#	G	D	E	R	K	N	Q	S	T	A	V	L	I	F	Y	W	H	M	C	P
0	0.01442	0.01030	0.01442	0.01648	0.01854	0.01030	0.01442	0.01854	0.02060	0.02677	0.04737	0.10092	0.05149	0.02471	0.01236	0.00412	0.00824	0.56956	0.00824	0.00824
1	0.70607	0.01722	0.01395	0.04983	0.01989	0.02006	0.01057	0.02610	0.01538	0.03913	0.01266	0.01508	0.00982	0.00834	0.00574	0.00278	0.00721	0.00503	0.00545	0.00970
2	0.01079	0.00870	0.00945	0.01000	0.01219	0.00754	0.00712	0.01275	0.01912	0.02344	0.07624	0.24257	0.44296	0.06017	0.01270	0.00349	0.00493	0.02031	0.00815	0.00736
3	0.05062	0.01050	0.01346	0.06955	0.01849	0.01114	0.01063	0.04715	0.01843	0.02635	0.03964	0.46951	0.04500	0.02241	0.01117	0.00337	0.03664	0.01971	0.06799	0.00826
4	0.01318	0.00946	0.01375	0.01375	0.01540	0.01089	0.01067	0.01648	0.01483	0.02207	0.02450	0.03496	0.02242	0.06124	0.58357	0.01311	0.02192	0.00946	0.08031	0.00802
5	0.03266	0.02043	0.02335	0.01804	0.02503	0.02089	0.01477	0.30873	0.08989	0.22066	0.02626	0.02489	0.01817	0.01044	0.00868	0.00257	0.00851	0.00818	0.00911	0.10875
6	0.03241	0.02263	0.02481	0.01935	0.02622	0.02447	0.01584	0.42894	0.11810	0.12305	0.02497	0.02408	0.01764	0.01078	0.00887	0.00268	0.00904	0.00833	0.00906	0.04872
7	0.02448	0.02569	0.03404	0.04830	0.50488	0.15161	0.02535	0.02917	0.02140	0.02771	0.01621	0.02090	0.01362	0.00823	0.00869	0.00258	0.01177	0.00751	0.00447	0.01338
8	0.01794	0.04628	0.63923	0.02550	0.03872	0.02078	0.03305	0.02833	0.01889	0.02833	0.01606	0.01889	0.01133	0.00850	0.00850	0.00283	0.01322	0.00661	0.00378	0.01322
9	0.02048	0.03115	0.27464	0.04329	0.39614	0.02107	0.02967	0.02780	0.01979	0.02887	0.01652	0.02086	0.01305	0.00818	0.00872	0.00273	0.01165	0.00743	0.00417	0.01380
10	0.02379	0.02670	0.02482	0.02333	0.05423	0.26089	0.01765	0.02627	0.01858	0.02192	0.01490	0.02109	0.01362	0.02171	0.12748	0.00505	0.27634	0.00735	0.00436	0.00992
11	0.02502	0.01796	0.01977	0.01732	0.02262	0.01981	0.01360	0.04506	0.47371	0.14884	0.03893	0.03548	0.05642	0.01247	0.00916	0.00298	0.00705	0.01035	0.00943	0.01403
12	0.02214	0.02126	0.03631	0.05491	0.62978	0.02126	0.02746	0.02746	0.02037	0.02923	0.01683	0.02214	0.01417	0.00797	0.00886	0.00266	0.01063	0.00797	0.00443	0.01417
13	0.01305	0.00950	0.01396	0.01396	0.01559	0.01099	0.01084	0.01631	0.01468	0.02163	0.02432	0.03502	0.02240	0.06320	0.60588	0.01353	0.02260	0.00950	0.05500	0.00801
14	0.01301	0.00867	0.00976	0.00976	0.00976	0.00867	0.00542	0.01301	0.01301	0.01735	0.02819	0.05855	0.03253	0.68559	0.04554	0.00867	0.00867	0.01301	0.00542	0.00542
15	0.01957	0.01957	0.02740	0.02349	0.02349	0.02740	0.01957	0.02153	0.01370	0.02153	0.01174	0.01957	0.01174	0.01566	0.02936	0.00391	0.66921	0.00783	0.00391	0.00979
16	0.01845	0.01824	0.02925	0.32296	0.04318	0.02350	0.07000	0.02274	0.01627	0.02274	0.01421	0.02194	0.01198	0.01186	0.01829	0.00341	0.30882	0.00811	0.00399	0.01005
17	0.74878	0.01730	0.01315	0.01177	0.01730	0.02007	0.00969	0.02630	0.01523	0.04014	0.01246	0.01453	0.00969	0.00830	0.00554	0.00277	0.00692	0.00484	0.00554	0.00969
18	0.01278	0.00959	0.01438	0.01438	0.01598	0.01118	0.01118	0.01598	0.01438	0.02077	0.02396	0.03515	0.02237	0.06710	0.65013	0.01438	0.02396	0.00959	0.00479	0.00799
19	0.01181	0.00901	0.01101	0.01190	0.01392	0.00821	0.00910	0.01459	0.02032	0.02614	0.15042	0.24188	0.27113	0.02386	0.01118	0.00339	0.00547	0.14038	0.00852	0.00776
20	0.01195	0.00880	0.01091	0.01195	0.01342	0.00821	0.00873	0.01419	0.01875	0.02439	0.11115	0.29086	0.18588	0.11530	0.01599	0.00420	0.00600	0.12389	0.00805	0.00738
21	0.02397	0.24679	0.26363	0.02328	0.06547	0.15696	0.02317	0.05288	0.02105	0.02590	0.01472	0.01718	0.01175	0.00844	0.00758	0.00242	0.01239	0.00600	0.00422	0.01221
22	0.02619	0.01923	0.02221	0.07100	0.02710	0.01993	0.01482	0.18730	0.19534	0.11049	0.02556	0.02542	0.01874	0.01002	0.00843	0.00249	0.00818	0.00807	0.00794	0.19156
23	0.02735	0.14538	0.03018	0.13875	0.06257	0.29263	0.01894	0.08792	0.02342	0.02577	0.01475	0.01830	0.01211	0.00943	0.00942	0.00253	0.05821	0.00647	0.00475	0.01113
24	0.01506	0.01148	0.01221	0.01130	0.01495	0.01075	0.00869	0.05141	0.09064	0.06343	0.11410	0.07192	0.45131	0.01982	0.01022	0.00298	0.00528	0.01652	0.00870	0.00924
25	0.02520	0.06099	0.02714	0.18379	0.14479	0.28719	0.01983	0.02917	0.02161	0.02455	0.01631	0.02071	0.01322	0.00896	0.00813	0.00249	0.01260	0.00691	0.07556	0.01082
26	0.01654	0.01517	0.02508	0.02248	0.07392	0.01514	0.15094	0.02328	0.07975	0.03145	0.27119	0.09025	0.07914	0.01504	0.01137	0.00300	0.04454	0.01389	0.00754	0.01028
27	0.06042	0.03085	0.06001	0.08501	0.03230	0.28624	0.09612	0.12102	0.02549	0.02980	0.02255	0.02496	0.06565	0.01029	0.00875	0.00264	0.01299	0.00813	0.00555	0.01121
28	0.02342	0.62680	0.07427	0.01620	0.02374	0.03430	0.01637	0.02660	0.01799	0.02142	0.01258	0.01483	0.01149	0.00809	0.00704	0.00206	0.04246	0.00502	0.00383	0.01148
29	0.19577	0.41504	0.03519	0.01708	0.05651	0.02943	0.01454	0.02910	0.08627	0.02794	0.01546	0.01704	0.01304	0.00834	0.00626	0.00229	0.00871	0.00560	0.00488	0.01152
30	0.01732	0.01221	0.01452	0.01435	0.01690	0.01245	0.01048	0.10742	0.09036	0.06366	0.04520	0.43522	0.07934	0.02232	0.01059	0.00334	0.00621	0.01974	0.00865	0.00973
31	0.02019	0.23321	0.39500	0.02590	0.10252	0.02514	0.02718	0.02778	0.01885	0.02629	0.01508	0.01793	0.01171	0.00819	0.00773	0.00254	0.01185	0.00623	0.00387	0.01282
32	0.01181	0.01021	0.04636	0.01257	0.01369	0.00838	0.00904	0.01350	0.01625	0.02185	0.04238	0.49426	0.05010	0.18307	0.01935	0.00478	0.00648	0.02140	0.00736	0.00717
33	0.01282	0.00943	0.01361	0.01361	0.01494	0.01077	0.01023	0.01548	0.01415	0.02020	0.02467	0.03903	0.02405	0.16986	0.54968	0.01343	0.02142	0.01015	0.00490	0.00756
34	0.02784	0.02478	0.02220	0.01835	0.02408	0.16941	0.01432	0.19485	0.12567	0.06921	0.02250	0.02526	0.01783	0.06596	0.01140	0.00292	0.01010	0.00784	0.00714	0.13834
35	0.01863	0.00891	0.00937	0.00897	0.01145	0.00874	0.00683	0.02274	0.01933	0.08340	0.02969	0.03311	0.02287	0.01048	0.00648	0.00214	0.00446	0.00839	0.67511	0.00891
36	0.01523	0.01313	0.01843	0.02339	0.18927	0.01258	0.01365	0.02030	0.05492	0.03031	0.24771	0.05841	0.23486	0.01641	0.01000	0.00285	0.00631	0.01437	0.00777	0.01011
37	0.01301	0.00867	0.00976	0.00976	0.00976	0.00867	0.00542	0.01301	0.01301	0.01735	0.02819	0.05855	0.03253	0.68559	0.04554	0.00867	0.00867	0.01301	0.00542	0.00542
38	0.01105	0.00790	0.01051	0.01236	0.01301	0.00736	0.00832	0.01282	0.01781	0.02392	0.09712	0.62885	0.06127	0.02722	0.01135	0.00357	0.00511	0.02466	0.00843	0.00736
39	0.01955	0.01861	0.03162	0.35641	0.34857	0.02057	0.02616	0.02518	0.01914	0.02608	0.01637	0.02299	0.01306	0.00845	0.00890	0.00282	0.01127	0.00796	0.00420	0.01208
40	0.08454	0.02159	0.03275	0.04540	0.47491	0.02228	0.02418	0.12627	0.02369	0.03483	0.01727	0.02140	0.01398	0.00848	0.00860	0.00267	0.01019	0.00773	0.00530	0.01398
41	0.57824	0.01919	0.01624	0.11175	0.02489	0.07233	0.01262	0.02656	0.01647	0.03600	0.01309	0.01608	0.01018	0.00848	0.00626	0.00276	0.00845	0.00539	0.00522	0.00978
42	0.01829	0.04420	0.58916	0.02794	0.08781	0.02082	0.03259	0.02826	0.01901	0.02841	0.01612	0.01916	0.01157	0.00846	0.00853	0.00282	0.01301	0.00672	0.00383	0.01330
43	0.02171	0.02418	0.08328	0.18251	0.39983	0.08017	0.02639	0.02730	0.02018	0.02707	0.01628	0.02168	0.01320	0.00835	0.00877	0.00271	0.01165	0.00765	0.00429	0.01281
44	0.01690	0.01590	0.02683	0.66408	0.06162	0.01988	0.02485	0.02286	0.01789	0.02286	0.01590	0.02385	0.01193	0.00894	0.00894	0.00298	0.01193	0.00795	0.00398	0.00994
45	0.01111	0.00831	0.01039	0.01196	0.01322	0.00759	0.00844	0.01306	0.01821	0.02349	0.05923	0.48685	0.19686	0.02644	0.01129	0.00352	0.00528	0.06902	0.00830	0.00742
46	0.01240	0.00913	0.01160	0.01099	0.01321	0.00833	0.00824	0.01638	0.02472	0.03443	0.55923	0.06920	0.15114	0.01883	0.01055	0.00284	0.00426	0.01651	0.00966	0.00833
47	0.01780	0.01683	0.02847	0.55884	0.15977	0.02012	0.02530	0.02365	0.01832	0.02396	0.01606	0.02356	0.01231	0.00878	0.00893	0.00293	0.01170	0.00795	0.00405	0.01067
48	0.02190	0.02100	0.03587	0.08359	0.60303	0.02119	0.02733	0.02724	0.02025	0.02893	0.01678	0.02222	0.01407	0.00802	0.00886	0.00267	0.01069	0.00797	0.00441	0.01397
49	0.01200	0.00887	0.01129	0.01184	0.01364	0.00817	0.00882	0.01509	0.02153	0.02898	0.29685	0.25252	0.16676	0.02264	0.01102	0.00324	0.00503	0.08482	0.00894	0.00792
50	0.02340	0.13982	0.03042	0.20963	0.15216	0.17550	0.02031	0.02867	0.04974	0.02485	0.01673	0.02100	0.01356	0.00884	0.00802	0.00252	0.01162	0.00700	0.04496	0.01125
51	0.02404	0.02554	0.03231	0.13747	0.40272	0.17029	0.02466	0.02874	0.02119	0.02654	0.01598	0.02097	0.01321	0.00841	0.00868	0.00262	0.01213	0.00744	0.00440	0.01264
52	0.02501	0.13101	0.10866	0.01925	0.02507	0.27750	0.01701	0.06769	0.02455	0.02833	0.15961	0.02865	0.02906	0.01115	0.00843	0.00246	0.01149	0.00836	0.00592	0.01080
53	0.01349	0.01021	0.01376	0.01518	0.05003	0.00967	0.01129	0.01747	0.02276	0.03079	0.32137	0.07842	0.14599	0.02047	0.01106	0.00327	0.00598	0.20142	0.00878	0.00857
54	0.01144	0.00807	0.01043	0.01187	0.01246	0.00762	0.00782	0.01298	0.01722	0.02316	0.10175	0.51272	0.05703	0.14068	0.01723	0.00442	0.00570	0.02239	0.00796	0.00706
55	0.01979	0.01910	0.02950	0.03713	0.32197	0.05378	0.06038	0.02401	0.01828	0.02546	0.01848	0.02649	0.01656	0.05433	0.16573	0.00586	0.07849	0.00863	0.00453	0.01151
56	0.74878	0.01730	0.01315	0.01177	0.01730	0.02007	0.00969	0.02630	0.01523	0.04014	0.01246	0.01453	0.00969	0.00830	0.00554	0.00277	0.00692	0.00484	0.00554	0.00969
57	0.02801	0.01831	0.12448	0.01599	0.02203	0.01272	0.01478	0.03082	0.02070	0.33284	0.03188	0.03230	0.06887	0.01634	0.01521	0.17781	0.00836	0.00911	0.00788	0.01155
58	0.02023	0.01746	0.01830	0.01663	0.02133	0.01971	0.01289	0.04154	0.51113	0.03513	0.04578	0.04249	0.13077	0.01396	0.00936	0.00303	0.00664	0.01163	0.00897	0.01302
59	0.01230	0.00837	0.00997	0.01067	0.01085	0.00820	0.00640	0.01282	0.01441	0.01921	0.03535	0.26908	0.04156	0.46273	0.03397	0.00697	0.00749	0.01722	0.00640	0.00605
60	0.02506	0.42019	0.03744	0.01786	0.02375	0.16985	0.01587	0.02896	0.05163	0.02216	0.01452	0.01720	0.01288	0.01168	0.03819	0.00281	0.06877	0.00578	0.00434	0.01107
61	0.02449	0.18137	0.02881	0.01900	0.02311	0.12888	0.01595	0.09157	0.02077	0.06118	0.01702	0.02152	0.01463	0.02144	0.13235	0.00491	0.16978	0.00718	0.00517	0.01089
62	0.01090	0.00779	0.01038	0.01246	0.01298	0.00727	0.00830	0.01246	0.01713	0.02284	0.04931	0.67975	0.05917	0.02803	0.01142	0.00363	0.00519	0.02543	0.00830	0.00727
63	0.01693	0.01219	0.01445	0.01434	0.01677	0.01244	0.01070	0.15278	0.02359	0.03170	0.04383	0.41223	0.07723	0.02252	0.01062	0.00334	0.00646	0.06532	0.04325	0.00930
64	0.02214	0.02126	0.03631	0.05491	0.62978	0.02126	0.02746	0.02746	0.02037	0.02923	0.01683	0.02214	0.01417	0.00797	0.00886	0.00266	0.01063	0.00797	0.00443	0.01417
65	0.01078	0.00825	0.00990	0.01123	0.01265	0.00737	0.00776	0.01260	0.01831	0.02332	0.06426	0.46501	0.26426	0.02609	0.01111	0.00341	0.00495	0.02306	0.00831	0.00737
66	0.01690	0.01590	0.02683	0.66408	0.06162	0.01988	0.02485	0.02286	0.01789	0.02286	0.01590	0.02385	0.01193	0.00894	0.00894	0.00298	0.01193	0.00795	0.00398	0.00994
67	0.02216	0.07304	0.02148	0.01757	0.02236	0.02039	0.01442	0.06894	0.36422	0.06634	0.03609	0.04668	0.03068	0.01455	0.00957	0.00316	0.00773	0.13938	0.00856	0.01268
68	0.01207	0.00888	0.01186	0.01288	0.01347	0.00927	0.00888	0.01365	0.01573	0.02142	0.03911	0.42081	0.04547	0.15330	0.12890	0.00642	0.04425	0.01951	0.00694	0.00719
69	0.02490	0.02478	0.02145	0.01936	0.02431	0.17126	0.01490	0.04473	0.47391	0.03374	0.03105	0.02928	0.02356	0.01144	0.00886	0.00286	0.00923	0.00908	0.00804	0.01326
70	0.01278	0.00959	0.01438	0.01438	0.01598	0.01118	0.01118	0.01598	0.01438	0.02077	0.02396	0.03515	0.02237	0.06710	0.65013	0.01438	0.02396	0.00959	0.00479	0.00799
71	0.02177	0.25788	0.25098	0.02599	0.13328	0.02580	0.02347	0.07455	0.02115	0.02872	0.04600	0.02053	0.01587	0.00880	0.00776	0.00248	0.01080	0.00682	0.00464	0.01272
72	0.06110	0.02449	0.02271	0.05336	0.11532	0.20587	0.01631	0.10058	0.07970	0.03121	0.02055	0.02388	0.01646	0.01518	0.06990	0.00366	0.01208	0.00758	0.10872	0.01133
73	0.02095	0.09760	0.05681	0.01786	0.05028	0.07987	0.01420	0.03158	0.21145	0.06365	0.11170	0.04174	0.13877	0.01355	0.00901	0.00276	0.00798	0.01106	0.00758	0.01157
74	0.02765	0.02456	0.02241	0.04967	0.02546	0.17021	0.01515	0.28824	0.03020	0.03805	0.02263	0.07857	0.01966	0.05298	0.05491	0.00379	0.01168	0.00934	0.04306	0.01177
75	0.03063	0.02471	0.02404	0.02096	0.05375	0.13129	0.01596	0.26907	0.14175	0.11698	0.02830	0.02752	0.05151	0.01131	0.00892	0.00271	0.00988	0.00876	0.00825	0.01371
76	0.01647	0.07754	0.01751	0.01486	0.01791	0.07734	0.01210	0.02082	0.06085	0.02505	0.05109	0.13861	0.20645	0.02009	0.01120	0.00328	0.03641	0.17614	0.00736	0.00892
77	0.01780	0.01460	0.01718	0.01357	0.01970	0.01191	0.01050	0.05982	0.01983	0.02952	0.02422	0.17578	0.02429	0.01199	0.00792	0.00197	0.00651	0.01027	0.00626	0.51636
78	0.02385	0.02592	0.02772	0.19994	0.19839	0.22097	0.02107	0.02818	0.02105	0.02518	0.01549	0.02015	0.01260	0.00843	0.00830	0.00244	0.01216	0.00687	0.00449	0.11680
79	0.01279	0.00954	0.01413	0.01413	0.01565	0.01105	0.01088	0.01582	0.01431	0.02059	0.02419	0.03639	0.02290	0.09987	0.61809	0.01408	0.02315	0.00977	0.00483	0.00785
80	0.01099	0.00800	0.01036	0.01204	0.01292	0.00738	0.00817	0.01280	0.01801	0.02386	0.09291	0.57979	0.11614	0.02684	0.01128	0.00352	0.00506	0.02416	0.00841	0.00738
81	0.01090	0.00779	0.01038	0.01246	0.01298	0.00727	0.00830	0.01246	0.01713	0.02284	0.04931	0.67975	0.05917	0.02803	0.01142	0.00363	0.00519	0.02543	0.00830	0.00727
82	0.02090	0.01998	0.03406	0.19958	0.49485	0.02093	0.02684	0.02636	0.01978	0.02772	0.01661	0.02255	0.01364	0.00820	0.00888	0.00273	0.01094	0.00797	0.00432	0.01317
83	0.01444	0.01183	0.01307	0.01228	0.01554	0.01183	0.00935	0.02359	0.18235	0.03174	0.25798	0.06529	0.27986	0.01833	0.01017	0.00295	0.00511	0.01559	0.00905	0.00964
84	0.01278	0.00959	0.01438	0.01438	0.01598	0.01118	0.01118	0.01598	0.01438	0.02077	0.02396	0.03515	0.02237	0.06710	0.65013	0.01438	0.02396	0.00959	0.00479	0.00799
85	0.03342	0.04264	0.02535	0.02305	0.02766	0.64967	0.01729	0.03572	0.02535	0.02190	0.01383	0.01613	0.01152	0.00922	0.00807	0.00230	0.01613	0.00576	0.00461	0.01037
86	0.01205	0.00938	0.01119	0.01202	0.01444	0.00852	0.00963	0.01503	0.02053	0.02575	0.10920	0.13912	0.34612	0.02350	0.01125	0.00343	0.00583	0.20678	0.00839	0.00782
87	0.01285	0.00931	0.01296	0.01296	0.01407	0.01041	0.00942	0.01507	0.01396	0.01972	0.02526	0.04231	0.02548	0.25649	0.46499	0.01263	0.01928	0.01063	0.00499	0.00720
88	0.01960	0.03651	0.43595	0.02742	0.10201	0.01921	0.05937	0.02819	0.02027	0.07095	0.07690	0.02500	0.01964	0.00952	0.00889	0.00282	0.01177	0.00807	0.00498	0.01294
89	0.02392	0.69097	0.04688	0.01531	0.02296	0.03540	0.01531	0.02679	0.01818	0.02105	0.01244	0.01435	0.01148	0.00765	0.00574	0.00191	0.00957	0.00478	0.00383	0.01148
90	0.02882	0.14055	0.06936	0.02640	0.08928	0.11707	0.15537	0.03353	0.02234	0.19953	0.02114	0.02255	0.01528	0.00892	0.00862	0.00260	0.01162	0.00792	0.00623	0.01288
91	0.02786	0.18607	0.06752	0.02648	0.12480	0.30671	0.01949	0.06110	0.02283	0.02507	0.01443	0.01731	0.01214	0.00902	0.00879	0.00240	0.04563	0.00617	0.00455	0.01163
92	0.02191	0.01561	0.01700	0.01434	0.01738	0.01675	0.01033	0.26164	0.02532	0.03388	0.02535	0.04284	0.02519	0.39972	0.03004	0.00614	0.00917	0.01091	0.00692	0.00957
93	0.02744	0.01435	0.01808	0.01475	0.01967	0.01368	0.01182	0.12840	0.02833	0.28164	0.28273	0.04431	0.04733	0.01407	0.00965	0.00277	0.00656	0.01188	0.01019	0.01235
94	0.01509	0.01299	0.01881	0.01748	0.01853	0.01671	0.01404	0.01787	0.01415	0.02103	0.01980	0.02984	0.01875	0.04958	0.43872	0.01081	0.24371	0.00899	0.00449	0.00860
95	0.01266	0.00914	0.01196	0.01126	0.01337	0.00844	0.00844	0.01688	0.02532	0.03588	0.62506	0.06683	0.08441	0.01829	0.01055	0.00281	0.00422	0.01618	0.00985	0.00844
96	0.01178	0.00911	0.01074	0.01033	0.01282	0.00807	0.00775	0.01518	0.02324	0.03094	0.39955	0.07496	0.31300	0.02013	0.01056	0.00290	0.00435	0.01732	0.00920	0.00807
97	0.02096	0.01584	0.01811	0.01676	0.02045	0.01722	0.01346	0.17139	0.16336	0.03512	0.03495	0.05772	0.03339	0.13241	0.01647	0.00429	0.00845	0.20062	0.00813	0.01090
98	0.01794	0.04628	0.63923	0.02550	0.03872	0.02078	0.03305	0.02833	0.01889	0.02833	0.01606	0.01889	0.01133	0.00850	0.00850	0.00283	0.01322	0.00661	0.00378	0.01322
99	0.05601	0.02772	0.02437	0.15450	0.08239	0.27755	0.01793	0.08290	0.02345	0.02820	0.01643	0.02007	0.01305	0.00900	0.00803	0.00242	0.01209	0.00670	0.05520	0.08199
100	0.01668	0.00834	0.00834	0.00834	0.01042	0.00834	0.00625	0.02085	0.01876	0.03335	0.02918	0.03335	0.02293	0.01042	0.00625	0.00208	0.00417	0.00834	0.73525	0.00834
101	0.02770	0.02043	0.02219	0.01862	0.02450	0.02278	0.01486	0.20568	0.38144	0.11218	0.03200	0.02962	0.02324	0.01161	0.00905	0.00290	0.00794	0.00939	0.00929	0.01459
102	0.74878	0.01730	0.01315	0.01177	0.01730	0.02007	0.00969	0.02630	0.01523	0.04014	0.01246	0.01453	0.00969	0.00830	0.00554	0.00277	0.00692	0.00484	0.00554	0.00969
103	0.74878	0.01730	0.01315	0.01177	0.01730	0.02007	0.00969	0.02630	0.01523	0.04014	0.01246	0.01453	0.00969	0.00830	0.00554	0.00277	0.00692	0.00484	0.00554	0.00969
104	0.01301	0.00867	0.00976	0.00976	0.00976	0.00867	0.00542	0.01301	0.01301	0.01735	0.02819	0.05855	0.03253	0.68559	0.04554	0.00867	0.00867	0.01301	0.00542	0.00542
105	0.01189	0.00835	0.01079	0.01236	0.01297	0.00802	0.00845	0.01343	0.01661	0.02205	0.04394	0.44993	0.05168	0.18637	0.01979	0.00492	0.00645	0.09745	0.00760	0.00695
106	0.01565	0.01168	0.01274	0.01217	0.01361	0.01255	0.00791	0.02286	0.18427	0.02307	0.03053	0.05137	0.03104	0.49355	0.03515	0.00707	0.00822	0.01218	0.00647	0.00791
107	0.02392	0.69097	0.04688	0.01531	0.02296	0.03540	0.01531	0.02679	0.01818	0.02105	0.01244	0.01435	0.01148	0.00765	0.00574	0.00191	0.00957	0.00478	0.00383	0.01148
108	0.01552	0.04820	0.01632	0.01325	0.01618	0.01399	0.01056	0.07298	0.02325	0.03099	0.26238	0.06007	0.25537	0.01818	0.01270	0.00298	0.09525	0.01461	0.00809	0.00913
109	0.01090	0.00779	0.01038	0.01246	0.01298	0.00727	0.00830	0.01246	0.01713	0.02284	0.04931	0.67975	0.05917	0.02803	0.01142	0.00363	0.00519	0.02543	0.00830	0.00727
110	0.01843	0.01689	0.02800	0.10215	0.39855	0.01713	0.02174	0.02273	0.01920	0.02679	0.02600	0.20983	0.02678	0.01379	0.00960	0.00297	0.00920	0.01295	0.00549	0.01179
111	0.06932	0.31381	0.06771	0.01929	0.02571	0.32086	0.01690	0.03102	0.02140	0.02294	0.01329	0.01545	0.01139	0.00847	0.00697	0.00220	0.01269	0.00535	0.00429	0.01096

[dist]
# distance from previous block
# <min> <max>
0	1

[block]
# block no. 1 follows, 19 sequences, length 134
# corresponding to MSA columns:
# 113-246
name=unknown_B
#
# <colnr> <probs for GDERKNQSTAVLIFYWHMCP>
#	G	D	E	R	K	N	Q	S	T	A	V	L	I	F	Y	W	H	M	C	P
0	0.14425	0.40269	0.03557	0.01674	0.02334	0.17116	0.01493	0.05677	0.02049	0.02607	0.01320	0.01513	0.01138	0.00826	0.00639	0.00218	0.01063	0.00517	0.00453	0.01112
1	0.02585	0.07132	0.08292	0.02005	0.02563	0.18628	0.01699	0.12083	0.20548	0.03208	0.02288	0.02543	0.01833	0.05626	0.01213	0.00313	0.04759	0.00806	0.00653	0.01224
2	0.01330	0.00939	0.01059	0.01009	0.01299	0.00820	0.00764	0.01637	0.02213	0.06323	0.25057	0.07351	0.38362	0.01985	0.01020	0.00288	0.00459	0.01680	0.05574	0.00832
3	0.01057	0.00906	0.00906	0.00906	0.01208	0.00755	0.00680	0.01284	0.02039	0.02417	0.09063	0.08610	0.62615	0.02266	0.01057	0.00302	0.00453	0.01888	0.00831	0.00755
4	0.03388	0.02903	0.02651	0.02114	0.02772	0.16809	0.01707	0.47262	0.03829	0.04860	0.01975	0.02027	0.01438	0.01040	0.00875	0.00260	0.01126	0.00754	0.00797	0.01412
5	0.01794	0.04628	0.63923	0.02550	0.03872	0.02078	0.03305	0.02833	0.01889	0.02833	0.01606	0.01889	0.01133	0.00850	0.00850	0.00283	0.01322	0.00661	0.00378	0.01322
6	0.02098	0.02223	0.03182	0.37565	0.14219	0.12207	0.10672	0.02649	0.01994	0.02453	0.01603	0.02238	0.01245	0.00864	0.00902	0.00283	0.01286	0.00798	0.00423	0.01097
7	0.01638	0.01219	0.01587	0.01464	0.01772	0.01175	0.04926	0.10373	0.02244	0.05783	0.05346	0.34546	0.20031	0.02178	0.01065	0.00324	0.00650	0.01926	0.00828	0.00925
8	0.01090	0.00779	0.01038	0.01246	0.01298	0.00727	0.00830	0.01246	0.01713	0.02284	0.04931	0.67975	0.05917	0.02803	0.01142	0.00363	0.00519	0.02543	0.00830	0.00727
9	0.07203	0.01791	0.02200	0.01695	0.02387	0.01731	0.01400	0.18898	0.02944	0.45550	0.03059	0.02734	0.01974	0.01085	0.00882	0.00275	0.00817	0.00855	0.01025	0.01496
10	0.01937	0.07615	0.44962	0.02308	0.03393	0.02198	0.02729	0.03308	0.16863	0.03021	0.02098	0.02228	0.01537	0.00937	0.00849	0.00283	0.01147	0.00739	0.00512	0.01336
11	0.01554	0.00777	0.01166	0.01166	0.01166	0.00777	0.00777	0.01166	0.01166	0.01554	0.01554	0.02720	0.01554	0.03108	0.03497	0.73970	0.00777	0.00777	0.00389	0.00389
12	0.01259	0.00850	0.00988	0.01029	0.01040	0.00839	0.00599	0.01290	0.01383	0.01844	0.03238	0.18179	0.03781	0.55513	0.03877	0.00767	0.00798	0.01548	0.00599	0.00579
13	0.01504	0.01102	0.01475	0.01410	0.01596	0.01241	0.01064	0.07622	0.01699	0.02380	0.02455	0.03840	0.02365	0.18477	0.46257	0.01202	0.01944	0.01011	0.00535	0.00823
14	0.02112	0.02413	0.05279	0.03771	0.04676	0.02262	0.59729	0.02866	0.02112	0.02866	0.01810	0.02413	0.01357	0.00754	0.01056	0.00302	0.01508	0.01056	0.00452	0.01207
15	0.01057	0.00906	0.00906	0.00906	0.01208	0.00755	0.00680	0.01284	0.02039	0.02417	0.09063	0.08610	0.62615	0.02266	0.01057	0.00302	0.00453	0.01888	0.00831	0.00755
16	0.01063	0.00886	0.00928	0.00961	0.01223	0.00751	0.00704	0.01278	0.01987	0.02395	0.08397	0.18185	0.53470	0.02352	0.01071	0.00312	0.00464	0.01994	0.00831	0.00751
17	0.01961	0.01570	0.01715	0.01527	0.01954	0.01684	0.01201	0.13004	0.24405	0.03717	0.16178	0.05221	0.16219	0.01592	0.00983	0.00298	0.00653	0.04061	0.00901	0.01155
18	0.03872	0.01609	0.02112	0.01635	0.02318	0.01461	0.01346	0.07964	0.06027	0.56446	0.03447	0.03004	0.02199	0.01111	0.00900	0.00278	0.00773	0.00900	0.01082	0.01516
19	0.01197	0.00855	0.01161	0.01368	0.01467	0.00819	0.01017	0.01431	0.01819	0.02404	0.04872	0.50308	0.05683	0.02702	0.01171	0.00378	0.00612	0.19151	0.00828	0.00756
20	0.02349	0.01991	0.02013	0.06126	0.02374	0.11926	0.01428	0.17041	0.02509	0.06184	0.02864	0.22341	0.02837	0.01613	0.01134	0.00302	0.07190	0.01304	0.05410	0.01068
21	0.01301	0.00867	0.00976	0.00976	0.00976	0.00867	0.00542	0.01301	0.01301	0.01735	0.02819	0.05855	0.03253	0.68559	0.04554	0.00867	0.00867	0.01301	0.00542	0.00542
22	0.01179	0.00842	0.01140	0.01347	0.01438	0.00803	0.00984	0.01399	0.01800	0.02383	0.04882	0.53396	0.05724	0.02719	0.01166	0.00376	0.00596	0.16248	0.00829	0.00751
23	0.01794	0.04628	0.63923	0.02550	0.03872	0.02078	0.03305	0.02833	0.01889	0.02833	0.01606	0.01889	0.01133	0.00850	0.00850	0.00283	0.01322	0.00661	0.00378	0.01322
24	0.01991	0.03424	0.34413	0.03833	0.27403	0.02114	0.08457	0.02802	0.01969	0.02872	0.01656	0.02068	0.01267	0.00820	0.00884	0.00278	0.01237	0.00753	0.00411	0.01349
25	0.02339	0.02632	0.03614	0.06651	0.06722	0.16606	0.22726	0.02904	0.05018	0.02547	0.01627	0.02152	0.01328	0.01030	0.01447	0.00306	0.17924	0.00847	0.00459	0.01120
26	0.02874	0.23560	0.07341	0.02092	0.02676	0.38791	0.01789	0.03174	0.02211	0.02206	0.01344	0.01598	0.01151	0.00907	0.00861	0.00232	0.05113	0.00564	0.00428	0.01086
27	0.01057	0.00906	0.00906	0.00906	0.01208	0.00755	0.00680	0.01284	0.02039	0.02417	0.09063	0.08610	0.62615	0.02266	0.01057	0.00302	0.00453	0.01888	0.00831	0.00755
28	0.01460	0.01239	0.01912	0.01750	0.01919	0.01506	0.04551	0.01779	0.01462	0.02136	0.02120	0.03142	0.01975	0.05351	0.49051	0.01166	0.15236	0.00929	0.00460	0.00857
29	0.01957	0.01957	0.02740	0.02349	0.02349	0.02740	0.01957	0.02153	0.01370	0.02153	0.01174	0.01957	0.01174	0.01566	0.02936	0.00391	0.66921	0.00783	0.00391	0.00979
30	0.70825	0.01768	0.01536	0.01321	0.01894	0.02021	0.04242	0.02643	0.01555	0.03950	0.01277	0.01507	0.00991	0.00826	0.00582	0.00278	0.00738	0.00516	0.00548	0.00982
31	0.03342	0.04264	0.02535	0.02305	0.02766	0.64967	0.01729	0.03572	0.02535	0.02190	0.01383	0.01613	0.01152	0.00922	0.00807	0.00230	0.01613	0.00576	0.00461	0.01037
32	0.01146	0.00822	0.01089	0.01207	0.01310	0.00764	0.00835	0.01387	0.01975	0.02700	0.23324	0.48394	0.06724	0.02492	0.01114	0.00337	0.00488	0.02248	0.00880	0.00764
33	0.03342	0.04264	0.02535	0.02305	0.02766	0.64967	0.01729	0.03572	0.02535	0.02190	0.01383	0.01613	0.01152	0.00922	0.00807	0.00230	0.01613	0.00576	0.00461	0.01037
34	0.74878	0.01730	0.01315	0.01177	0.01730	0.02007	0.00969	0.02630	0.01523	0.04014	0.01246	0.01453	0.00969	0.00830	0.00554	0.00277	0.00692	0.00484	0.00554	0.00969
35	0.01278	0.00959	0.01438	0.01438	0.01598	0.01118	0.01118	0.01598	0.01438	0.02077	0.02396	0.03515	0.02237	0.06710	0.65013	0.01438	0.02396	0.00959	0.00479	0.00799
36	0.01668	0.00834	0.00834	0.00834	0.01042	0.00834	0.00625	0.02085	0.01876	0.03335	0.02918	0.03335	0.02293	0.01042	0.00625	0.00208	0.00417	0.00834	0.73525	0.00834
37	0.01089	0.00908	0.00950	0.00939	0.01228	0.00769	0.00704	0.01344	0.02113	0.02592	0.17061	0.08322	0.54507	0.02200	0.01057	0.00299	0.00449	0.01848	0.00854	0.00769
38	0.01394	0.01096	0.01502	0.01444	0.01520	0.01304	0.01071	0.01584	0.01398	0.01995	0.02448	0.07414	0.02562	0.24807	0.31913	0.01019	0.13158	0.01119	0.00502	0.00747
39	0.01247	0.00845	0.00992	0.01045	0.01058	0.00831	0.00616	0.01287	0.01406	0.01875	0.03358	0.21723	0.03933	0.51761	0.03682	0.00739	0.00778	0.01618	0.00616	0.00589
40	0.02214	0.02126	0.03631	0.05491	0.62978	0.02126	0.02746	0.02746	0.02037	0.02923	0.01683	0.02214	0.01417	0.00797	0.00886	0.00266	0.01063	0.00797	0.00443	0.01417
41	0.02392	0.69097	0.04688	0.01531	0.02296	0.03540	0.01531	0.02679	0.01818	0.02105	0.01244	0.01435	0.01148	0.00765	0.00574	0.00191	0.00957	0.00478	0.00383	0.01148
42	0.02238	0.02825	0.15798	0.03611	0.20502	0.06399	0.19837	0.08251	0.02297	0.03132	0.04981	0.02402	0.01710	0.00885	0.00935	0.00279	0.01245	0.00878	0.00506	0.01288
43	0.02232	0.09262	0.09207	0.13364	0.18219	0.06375	0.02186	0.06251	0.15022	0.02969	0.02024	0.02320	0.01588	0.00966	0.00950	0.00277	0.04188	0.00783	0.00548	0.01271
44	0.01797	0.01663	0.02807	0.49387	0.18369	0.01951	0.02447	0.02324	0.01809	0.02385	0.01608	0.02366	0.01262	0.00996	0.01037	0.04395	0.01141	0.00795	0.00407	0.01053
45	0.02143	0.19441	0.20424	0.03701	0.31705	0.02464	0.02597	0.02753	0.01942	0.02695	0.01553	0.01932	0.01273	0.00804	0.00799	0.00252	0.01108	0.00681	0.00410	0.01324
46	0.01816	0.04478	0.59959	0.02632	0.03926	0.02090	0.07120	0.02835	0.01904	0.02835	0.01619	0.01924	0.01148	0.00844	0.00864	0.00285	0.01335	0.00688	0.00383	0.01314
47	0.01132	0.00909	0.01010	0.00985	0.01255	0.00787	0.00739	0.01429	0.02217	0.02838	0.28283	0.07917	0.43132	0.02109	0.01057	0.00295	0.00442	0.01791	0.00886	0.00787
48	0.01647	0.01544	0.02563	0.61980	0.05827	0.01904	0.02363	0.02218	0.01806	0.02295	0.02095	0.02806	0.05345	0.00987	0.00905	0.00298	0.01143	0.00869	0.00427	0.00978
49	0.01216	0.00876	0.01151	0.01160	0.01325	0.00811	0.00840	0.01562	0.02299	0.03217	0.46133	0.24112	0.07724	0.02106	0.01080	0.00305	0.00450	0.01881	0.00941	0.00811
50	0.03401	0.02506	0.02685	0.02058	0.02774	0.02774	0.01700	0.59995	0.04206	0.05638	0.02148	0.02148	0.01521	0.01074	0.00895	0.00268	0.00984	0.00805	0.00895	0.01521
51	0.01090	0.00779	0.01038	0.01246	0.01298	0.00727	0.00830	0.01246	0.01713	0.02284	0.04931	0.67975	0.05917	0.02803	0.01142	0.00363	0.00519	0.02543	0.00830	0.00727
52	0.01090	0.00779	0.01038	0.01246	0.01298	0.00727	0.00830	0.01246	0.01713	0.02284	0.04931	0.67975	0.05917	0.02803	0.01142	0.00363	0.00519	0.02543	0.00830	0.00727
53	0.03401	0.02506	0.02685	0.02058	0.02774	0.02774	0.01700	0.59995	0.04206	0.05638	0.02148	0.02148	0.01521	0.01074	0.00895	0.00268	0.00984	0.00805	0.00895	0.01521
54	0.02039	0.01929	0.03207	0.04763	0.53022	0.01909	0.02421	0.02531	0.02064	0.02903	0.05716	0.03143	0.08406	0.01011	0.00913	0.00270	0.00963	0.00959	0.00514	0.01315
55	0.03149	0.17437	0.02973	0.02148	0.02670	0.52486	0.01688	0.03391	0.02390	0.02172	0.01355	0.01577	0.01152	0.00890	0.00759	0.00223	0.01480	0.00556	0.00445	0.01060
56	0.02768	0.02704	0.03146	0.03908	0.34227	0.16487	0.02253	0.17336	0.02695	0.03440	0.01732	0.02062	0.01384	0.00895	0.00870	0.00258	0.01168	0.00749	0.00561	0.01358
57	0.02140	0.02077	0.03282	0.08121	0.50099	0.05209	0.02500	0.02636	0.01983	0.02758	0.01742	0.02337	0.01482	0.01463	0.07975	0.00395	0.01245	0.00804	0.00445	0.01307
58	0.01278	0.00959	0.01438	0.01438	0.01598	0.01118	0.01118	0.01598	0.01438	0.02077	0.02396	0.03515	0.02237	0.06710	0.65013	0.01438	0.02396	0.00959	0.00479	0.00799
59	0.02392	0.69097	0.04688	0.01531	0.02296	0.03540	0.01531	0.02679	0.01818	0.02105	0.01244	0.01435	0.01148	0.00765	0.00574	0.00191	0.00957	0.00478	0.00383	0.01148
60	0.03342	0.04264	0.02535	0.02305	0.02766	0.64967	0.01729	0.03572	0.02535	0.02190	0.01383	0.01613	0.01152	0.00922	0.00807	0.00230	0.01613	0.00576	0.00461	0.01037
61	0.01119	0.00896	0.00924	0.00924	0.01150	0.00783	0.00645	0.01288	0.01853	0.02245	0.07490	0.07916	0.47664	0.18962	0.01938	0.00444	0.00557	0.01740	0.00758	0.00702
62	0.02392	0.69097	0.04688	0.01531	0.02296	0.03540	0.01531	0.02679	0.01818	0.02105	0.01244	0.01435	0.01148	0.00765	0.00574	0.00191	0.00957	0.00478	0.00383	0.01148
63	0.02026	0.03212	0.27878	0.02482	0.07120	0.11007	0.06026	0.05807	0.02021	0.02712	0.01823	0.02332	0.01472	0.02352	0.17170	0.00568	0.01613	0.00767	0.00454	0.01158
64	0.02538	0.16350	0.03568	0.03870	0.35240	0.18427	0.02238	0.02943	0.02119	0.02569	0.01517	0.01902	0.01295	0.00822	0.00802	0.00242	0.01181	0.00676	0.00435	0.01265
65	0.74878	0.01730	0.01315	0.01177	0.01730	0.02007	0.00969	0.02630	0.01523	0.04014	0.01246	0.01453	0.00969	0.00830	0.00554	0.00277	0.00692	0.00484	0.00554	0.00969
66	0.02631	0.52768	0.04146	0.01726	0.02414	0.19011	0.01581	0.02904	0.01999	0.02126	0.01279	0.01480	0.01149	0.00805	0.00633	0.00201	0.01122	0.00503	0.00402	0.01120
67	0.01090	0.00779	0.01038	0.01246	0.01298	0.00727	0.00830	0.01246	0.01713	0.02284	0.04931	0.67975	0.05917	0.02803	0.01142	0.00363	0.00519	0.02543	0.00830	0.00727
68	0.01278	0.00959	0.01438	0.01438	0.01598	0.01118	0.01118	0.01598	0.01438	0.02077	0.02396	0.03515	0.02237	0.06710	0.65013	0.01438	0.02396	0.00959	0.00479	0.00799
69	0.74878	0.01730	0.01315	0.01177	0.01730	0.02007	0.00969	0.02630	0.01523	0.04014	0.01246	0.01453	0.00969	0.00830	0.00554	0.00277	0.00692	0.00484	0.00554	0.00969
70	0.01090	0.00779	0.01038	0.01246	0.01298	0.00727	0.00830	0.01246	0.01713	0.02284	0.04931	0.67975	0.05917	0.02803	0.01142	0.00363	0.00519	0.02543	0.00830	0.00727
71	0.01359	0.00991	0.01244	0.01207	0.01241	0.01100	0.00802	0.01447	0.01337	0.01849	0.02571	0.04976	0.02834	0.48757	0.17519	0.00946	0.07490	0.01177	0.00514	0.00639
72	0.01316	0.00888	0.01084	0.01084	0.01136	0.00929	0.00692	0.01420	0.01368	0.01912	0.02718	0.05121	0.02942	0.49123	0.19556	0.00973	0.01227	0.01188	0.04697	0.00623
73	0.01057	0.00906	0.00906	0.00906	0.01208	0.00755	0.00680	0.01284	0.02039	0.02417	0.09063	0.08610	0.62615	0.02266	0.01057	0.00302	0.00453	0.01888	0.00831	0.00755
74	0.01690	0.01590	0.02683	0.66408	0.06162	0.01988	0.02485	0.02286	0.01789	0.02286	0.01590	0.02385	0.01193	0.00894	0.00894	0.00298	0.01193	0.00795	0.00398	0.00994
75	0.03401	0.02506	0.02685	0.02058	0.02774	0.02774	0.01700	0.59995	0.04206	0.05638	0.02148	0.02148	0.01521	0.01074	0.00895	0.00268	0.00984	0.00805	0.00895	0.01521
76	0.01731	0.01458	0.01722	0.01312	0.01987	0.01117	0.01023	0.02089	0.01832	0.02813	0.02133	0.12591	0.02071	0.01010	0.00740	0.00170	0.00639	0.00857	0.00579	0.62126
77	0.02112	0.02413	0.05279	0.03771	0.04676	0.02262	0.59729	0.02866	0.02112	0.02866	0.01810	0.02413	0.01357	0.00754	0.01056	0.00302	0.01508	0.01056	0.00452	0.01207
78	0.01794	0.04628	0.63923	0.02550	0.03872	0.02078	0.03305	0.02833	0.01889	0.02833	0.01606	0.01889	0.01133	0.00850	0.00850	0.00283	0.01322	0.00661	0.00378	0.01322
79	0.01057	0.00906	0.00906	0.00906	0.01208	0.00755	0.00680	0.01284	0.02039	0.02417	0.09063	0.08610	0.62615	0.02266	0.01057	0.00302	0.00453	0.01888	0.00831	0.00755
80	0.01968	0.01874	0.03187	0.34069	0.36324	0.02061	0.02623	0.02530	0.01921	0.02624	0.01639	0.02294	0.01312	0.00843	0.00890	0.00281	0.01124	0.00796	0.00422	0.01219
81	0.02180	0.02091	0.03570	0.09413	0.59320	0.02117	0.02729	0.02716	0.02021	0.02882	0.01677	0.02225	0.01403	0.00803	0.00886	0.00268	0.01071	0.00797	0.00440	0.01390
82	0.01133	0.00809	0.01087	0.01295	0.01365	0.00764	0.00905	0.01320	0.01755	0.02332	0.04907	0.60912	0.05823	0.02762	0.01153	0.00369	0.00556	0.09183	0.00830	0.00739
83	0.02022	0.02058	0.01839	0.01737	0.02018	0.20956	0.01336	0.05115	0.01915	0.02289	0.02070	0.02858	0.01866	0.04639	0.41956	0.01006	0.02084	0.00833	0.00494	0.00909
84	0.01799	0.01725	0.02438	0.02137	0.02174	0.02363	0.01762	0.02024	0.01386	0.02135	0.01458	0.02319	0.01421	0.02761	0.17362	0.00635	0.51927	0.00824	0.00412	0.00937
85	0.02492	0.62235	0.04460	0.01613	0.02346	0.10041	0.01552	0.02773	0.01894	0.02114	0.01259	0.01454	0.01149	0.00782	0.00599	0.00195	0.01026	0.00489	0.00391	0.01136
86	0.02275	0.02241	0.03572	0.05319	0.59729	0.05516	0.02691	0.02790	0.02064	0.02883	0.01667	0.02182	0.01403	0.00804	0.00881	0.00264	0.01093	0.00785	0.00444	0.01397
87	0.03342	0.04264	0.02535	0.02305	0.02766	0.64967	0.01729	0.03572	0.02535	0.02190	0.01383	0.01613	0.01152	0.00922	0.00807	0.00230	0.01613	0.00576	0.00461	0.01037
88	0.03342	0.04264	0.02535	0.02305	0.02766	0.64967	0.01729	0.03572	0.02535	0.02190	0.01383	0.01613	0.01152	0.00922	0.00807	0.00230	0.01613	0.00576	0.00461	0.01037
89	0.02494	0.02056	0.02174	0.01875	0.02429	0.02351	0.01481	0.17398	0.48279	0.04176	0.03299	0.03066	0.02454	0.01182	0.00907	0.00295	0.00771	0.00964	0.00907	0.01440
90	0.01554	0.00777	0.01166	0.01166	0.01166	0.00777	0.00777	0.01166	0.01166	0.01554	0.01554	0.02720	0.01554	0.03108	0.03497	0.73970	0.00777	0.00777	0.00389	0.00389
91	0.01278	0.00959	0.01438	0.01438	0.01598	0.01118	0.01118	0.01598	0.01438	0.02077	0.02396	0.03515	0.02237	0.06710	0.65013	0.01438	0.02396	0.00959	0.00479	0.00799
92	0.01119	0.00909	0.00991	0.00971	0.01246	0.00781	0.00728	0.01403	0.02184	0.02760	0.24736	0.08045	0.46727	0.02138	0.01057	0.00296	0.00444	0.01809	0.00876	0.00781
93	0.74878	0.01730	0.01315	0.01177	0.01730	0.02007	0.00969	0.02630	0.01523	0.04014	0.01246	0.01453	0.00969	0.00830	0.00554	0.00277	0.00692	0.00484	0.00554	0.00969
94	0.01263	0.00958	0.01185	0.01249	0.01449	0.00914	0.00942	0.01706	0.06084	0.02818	0.20880	0.26025	0.17736	0.02276	0.01101	0.00333	0.00542	0.10839	0.00876	0.00826
95	0.01090	0.00779	0.01038	0.01246	0.01298	0.00727	0.00830	0.01246	0.01713	0.02284	0.04931	0.67975	0.05917	0.02803	0.01142	0.00363	0.00519	0.02543	0.00830	0.00727
96	0.01090	0.00779	0.01038	0.01246	0.01298	0.00727	0.00830	0.01246	0.01713	0.02284	0.04931	0.67975	0.05917	0.02803	0.01142	0.00363	0.00519	0.02543	0.00830	0.00727
97	0.01385	0.01107	0.01610	0.01549	0.01674	0.01354	0.01211	0.01665	0.01419	0.02067	0.02234	0.03424	0.02137	0.09894	0.51498	0.01239	0.12300	0.00953	0.00470	0.00810
98	0.01269	0.00854	0.00985	0.01016	0.01024	0.00846	0.00586	0.01293	0.01363	0.01818	0.03137	0.15222	0.03654	0.58642	0.04039	0.00791	0.00815	0.01488	0.00586	0.00570
99	0.01264	0.00912	0.01146	0.01268	0.01402	0.00876	0.00953	0.01484	0.01786	0.02309	0.04996	0.21938	0.14115	0.19158	0.02021	0.00498	0.00706	0.21693	0.00755	0.00720
100	0.01090	0.00779	0.01038	0.01246	0.01298	0.00727	0.00830	0.01246	0.01713	0.02284	0.04931	0.67975	0.05917	0.02803	0.01142	0.00363	0.00519	0.02543	0.00830	0.00727
101	0.01759	0.01478	0.01773	0.01622	0.01788	0.01771	0.01221	0.02604	0.19691	0.02506	0.02752	0.04317	0.02663	0.27222	0.02846	0.00548	0.17762	0.04108	0.00631	0.00936
102	0.74878	0.01730	0.01315	0.01177	0.01730	0.02007	0.00969	0.02630	0.01523	0.04014	0.01246	0.01453	0.00969	0.00830	0.00554	0.00277	0.00692	0.00484	0.00554	0.00969
103	0.03101	0.02478	0.02508	0.02015	0.02661	0.06841	0.01631	0.42268	0.18488	0.04928	0.02472	0.02411	0.01801	0.01099	0.00893	0.00275	0.00957	0.00842	0.00870	0.01462
104	0.01285	0.00931	0.01297	0.01297	0.01408	0.01042	0.00942	0.01507	0.01396	0.01972	0.02525	0.04229	0.02547	0.25587	0.46560	0.01264	0.01930	0.01063	0.00498	0.00720
105	0.01855	0.01590	0.01855	0.01325	0.02120	0.01193	0.01060	0.02253	0.01855	0.02915	0.01590	0.01855	0.01325	0.00663	0.00663	0.00133	0.00663	0.00530	0.00530	0.74028
106	0.01301	0.00867	0.00976	0.00976	0.00976	0.00867	0.00542	0.01301	0.01301	0.01735	0.02819	0.05855	0.03253	0.68559	0.04554	0.00867	0.00867	0.01301	0.00542	0.00542
107	0.01173	0.00891	0.00994	0.01038	0.01208	0.00813	0.00727	0.01339	0.01774	0.02215	0.06231	0.14865	0.32093	0.22890	0.02168	0.00495	0.00625	0.07028	0.00741	0.00692
108	0.03217	0.03351	0.02580	0.02194	0.02720	0.34923	0.01719	0.24281	0.05852	0.03529	0.01757	0.01915	0.01364	0.01035	0.00988	0.00259	0.05754	0.00695	0.00637	0.01229
109	0.02693	0.03243	0.06331	0.07739	0.27507	0.31960	0.02276	0.03114	0.02250	0.02529	0.01530	0.01922	0.01261	0.00866	0.00847	0.00252	0.01347	0.00685	0.00445	0.01204
110	0.03006	0.27412	0.03324	0.02003	0.02598	0.36953	0.01655	0.08625	0.02436	0.02488	0.01406	0.01600	0.01186	0.00880	0.00731	0.00220	0.01317	0.00563	0.00474	0.01123
111	0.01969	0.01103	0.01433	0.01239	0.01608	0.00975	0.00963	0.02358	0.02469	0.18375	0.40955	0.05629	0.09978	0.01612	0.00994	0.00273	0.00522	0.01395	0.00979	0.05171
112	0.01090	0.00779	0.01038	0.01246	0.01298	0.00727	0.00830	0.01246	0.01713	0.02284	0.04931	0.67975	0.05917	0.02803	0.01142	0.00363	0.00519	0.02543	0.00830	0.00727
113	0.01664	0.01755	0.06229	0.02631	0.10659	0.01548	0.19140	0.02263	0.05179	0.02807	0.09917	0.19971	0.09174	0.01566	0.01036	0.00309	0.00930	0.01512	0.00660	0.01049
114	0.02944	0.03328	0.02359	0.02118	0.02608	0.39079	0.01615	0.07013	0.23780	0.02932	0.02236	0.02262	0.01740	0.01035	0.00849	0.00259	0.01254	0.00745	0.00646	0.01199
115	0.01278	0.00959	0.01438	0.01438	0.01598	0.01118	0.01118	0.01598	0.01438	0.02077	0.02396	0.03515	0.02237	0.06710	0.65013	0.01438	0.02396	0.00959	0.00479	0.00799
116	0.02100	0.01487	0.01827	0.01607	0.01925	0.01653	0.01250	0.19392	0.02344	0.06635	0.02613	0.09433	0.02443	0.12182	0.24344	0.00780	0.05183	0.01095	0.00678	0.01028
117	0.02986	0.10476	0.03008	0.02953	0.16468	0.44267	0.01940	0.03291	0.02347	0.02348	0.01437	0.01732	0.01212	0.00877	0.00801	0.00234	0.01420	0.00617	0.00449	0.01135
118	0.01057	0.00906	0.00906	0.00906	0.01208	0.00755	0.00680	0.01284	0.02039	0.02417	0.09063	0.08610	0.62615	0.02266	0.01057	0.00302	0.00453	0.01888	0.00831	0.00755
119	0.02231	0.01132	0.01481	0.01269	0.01663	0.01004	0.00995	0.02605	0.02488	0.25040	0.35399	0.05587	0.12180	0.01618	0.01000	0.00282	0.00547	0.01389	0.01012	0.01078
120	0.02467	0.02761	0.03529	0.02967	0.07109	0.19382	0.19898	0.05632	0.02098	0.02605	0.01509	0.02032	0.01258	0.01066	0.01543	0.00306	0.21447	0.00814	0.00457	0.01120
121	0.02282	0.07424	0.31662	0.03180	0.18423	0.16361	0.02712	0.02970	0.02068	0.02671	0.01555	0.01884	0.01210	0.00848	0.00834	0.00262	0.01303	0.00666	0.00413	0.01272
122	0.02344	0.34520	0.25612	0.02033	0.02945	0.13807	0.02204	0.02891	0.01969	0.02382	0.01398	0.01630	0.01144	0.00823	0.00714	0.00231	0.01204	0.00561	0.00395	0.01191
123	0.01124	0.00907	0.00986	0.00967	0.01231	0.00784	0.00717	0.01391	0.02135	0.02693	0.22839	0.07974	0.45586	0.05243	0.01220	0.00323	0.00464	0.01790	0.00858	0.00769
124	0.02385	0.01831	0.02049	0.01613	0.02223	0.01793	0.01277	0.27082	0.02824	0.03941	0.02381	0.11748	0.02178	0.04814	0.01042	0.00264	0.00792	0.00982	0.00732	0.28049
125	0.01237	0.00840	0.00995	0.01058	0.01074	0.00824	0.00630	0.01284	0.01427	0.01902	0.03464	0.24815	0.04066	0.48489	0.03512	0.00714	0.00761	0.01680	0.00630	0.00598
126	0.06995	0.02243	0.02026	0.01732	0.02247	0.17537	0.01358	0.07239	0.11682	0.21320	0.13124	0.03221	0.03004	0.01186	0.00886	0.00270	0.00919	0.00932	0.00848	0.01234
127	0.02492	0.05346	0.02443	0.01981	0.02351	0.05893	0.01612	0.03614	0.24678	0.12673	0.02516	0.02617	0.01937	0.01280	0.01591	0.00320	0.23836	0.00863	0.00710	0.01246
128	0.01360	0.01009	0.01289	0.01383	0.01497	0.01033	0.00975	0.06984	0.01936	0.02602	0.04461	0.58071	0.05238	0.02569	0.01214	0.00356	0.04114	0.02281	0.00813	0.00817
129	0.02188	0.02198	0.04046	0.05058	0.48294	0.02160	0.17097	0.02776	0.02056	0.02908	0.01715	0.02264	0.01402	0.00786	0.00929	0.00275	0.01175	0.00862	0.00445	0.01364
