[name]
unknown

[dist]
# distance from previous block
# <min> <max>
0	26

[block]
# block no. 0 follows, 22 sequences, length 62
# corresponding to MSA columns:
# 26-87
name=unknown_A
#
# <colnr> <probs for GDERKNQSTAVLIFYWHMCP>
#	G	D	E	R	K	N	Q	S	T	A	V	L	I	F	Y	W	H	M	C	P
0	0.01182	0.00845	0.01159	0.01351	0.01474	0.00822	0.01067	0.01451	0.01758	0.02311	0.04485	0.38512	0.05122	0.02442	0.01106	0.00361	0.00630	0.32432	0.00768	0.00722
1	0.01549	0.00774	0.00774	0.00774	0.00968	0.00774	0.00581	0.01936	0.01742	0.03097	0.02710	0.03097	0.02129	0.00968	0.00581	0.00194	0.00387	0.00774	0.75416	0.00774
2	0.20438	0.26073	0.02756	0.01647	0.02191	0.30134	0.01374	0.02828	0.01904	0.02413	0.01210	0.01407	0.01028	0.00787	0.00620	0.00212	0.01088	0.00484	0.00424	0.00983
3	0.02056	0.01974	0.03372	0.05099	0.65622	0.01974	0.02550	0.02550	0.01892	0.02714	0.01563	0.02056	0.01316	0.00740	0.00822	0.00247	0.00987	0.00740	0.00411	0.01316
4	0.02620	0.06020	0.02409	0.02062	0.02379	0.44433	0.01607	0.02834	0.01993	0.02014	0.01301	0.01696	0.01148	0.01383	0.06049	0.00330	0.17771	0.00603	0.00411	0.00938
5	0.02417	0.56344	0.03909	0.01581	0.02229	0.17545	0.01462	0.02672	0.01836	0.01972	0.01184	0.01369	0.01067	0.00743	0.00581	0.00186	0.01024	0.00464	0.00372	0.01043
6	0.01238	0.00924	0.01199	0.01336	0.01553	0.00885	0.01140	0.01573	0.01907	0.02418	0.05527	0.08984	0.21784	0.02241	0.01101	0.00354	0.00668	0.43653	0.00767	0.00747
7	0.03116	0.01278	0.01732	0.01374	0.01910	0.01116	0.01116	0.03454	0.02371	0.51131	0.18114	0.03637	0.03442	0.01189	0.00870	0.00258	0.00631	0.00995	0.01001	0.01263
8	0.02765	0.03944	0.18547	0.02171	0.02810	0.48283	0.01960	0.03173	0.02203	0.04726	0.01415	0.01615	0.01105	0.00846	0.00763	0.00228	0.01398	0.00567	0.00432	0.01048
9	0.02868	0.01224	0.01653	0.01332	0.01824	0.01074	0.01074	0.03213	0.02369	0.45028	0.24124	0.03965	0.04003	0.01254	0.00884	0.00258	0.00601	0.01060	0.00990	0.01202
10	0.01133	0.00852	0.01051	0.01013	0.01231	0.00770	0.00768	0.01478	0.02216	0.03018	0.48108	0.06796	0.22438	0.01827	0.00987	0.00271	0.00415	0.03997	0.00872	0.00762
11	0.01319	0.01181	0.01916	0.01671	0.02031	0.01092	0.14630	0.01696	0.01918	0.02455	0.08181	0.10724	0.26300	0.01860	0.01037	0.00314	0.00746	0.19413	0.00698	0.00816
12	0.02056	0.01974	0.03372	0.05099	0.65622	0.01974	0.02550	0.02550	0.01892	0.02714	0.01563	0.02056	0.01316	0.00740	0.00822	0.00247	0.00987	0.00740	0.00411	0.01316
13	0.01232	0.00957	0.01423	0.01396	0.01534	0.01147	0.01095	0.01521	0.01331	0.01934	0.02143	0.03159	0.02005	0.05885	0.62820	0.01265	0.07082	0.00878	0.00439	0.00754
14	0.01549	0.00774	0.00774	0.00774	0.00968	0.00774	0.00581	0.01936	0.01742	0.03097	0.02710	0.03097	0.02129	0.00968	0.00581	0.00194	0.00387	0.00774	0.75416	0.00774
15	0.02262	0.68207	0.04261	0.01455	0.02152	0.06239	0.01430	0.02526	0.01719	0.01958	0.01161	0.01340	0.01066	0.00717	0.00543	0.00179	0.00916	0.00448	0.00359	0.01061
16	0.01813	0.22014	0.50068	0.02118	0.03209	0.02288	0.02634	0.02593	0.01736	0.02452	0.01402	0.01643	0.01056	0.00769	0.00722	0.00241	0.01138	0.00569	0.00352	0.01185
17	0.02128	0.60048	0.14793	0.01580	0.02378	0.03059	0.01698	0.02512	0.01699	0.02068	0.01211	0.01403	0.01064	0.00724	0.00576	0.00192	0.00945	0.00473	0.00355	0.01093
18	0.01743	0.01716	0.02529	0.22029	0.03236	0.02336	0.01963	0.02036	0.01388	0.02036	0.01206	0.01936	0.01096	0.01268	0.02162	0.00338	0.48975	0.00730	0.00365	0.00913
19	0.76672	0.01607	0.01221	0.01092	0.01607	0.01864	0.00900	0.02442	0.01414	0.03727	0.01157	0.01350	0.00900	0.00771	0.00514	0.00257	0.00643	0.00450	0.00514	0.00900
20	0.01047	0.00844	0.00932	0.00910	0.01162	0.00729	0.00683	0.01319	0.02048	0.02610	0.27532	0.07392	0.45941	0.01967	0.00981	0.00274	0.00411	0.01669	0.00820	0.00729
21	0.01176	0.00849	0.01110	0.01045	0.01241	0.00784	0.00784	0.01568	0.02352	0.03331	0.65184	0.06206	0.07839	0.01698	0.00980	0.00261	0.00392	0.01502	0.00914	0.00784
22	0.01165	0.00787	0.00919	0.00962	0.00972	0.00776	0.00563	0.01197	0.01293	0.01724	0.03053	0.19837	0.03570	0.55653	0.03525	0.00701	0.00734	0.01464	0.00563	0.00541
23	0.03103	0.03959	0.02354	0.02140	0.02568	0.67469	0.01605	0.03317	0.02354	0.02033	0.01284	0.01498	0.01070	0.00856	0.00749	0.00214	0.01498	0.00535	0.00428	0.00963
24	0.02117	0.02026	0.02840	0.27812	0.29615	0.08282	0.02247	0.10081	0.02106	0.02750	0.01559	0.02053	0.01228	0.00817	0.00819	0.00255	0.01071	0.00721	0.00450	0.01150
25	0.01835	0.01829	0.02604	0.02392	0.06775	0.02503	0.01871	0.02039	0.01317	0.02051	0.01125	0.01835	0.01107	0.01402	0.02588	0.00355	0.64338	0.00728	0.00367	0.00938
26	0.01803	0.01474	0.01777	0.05220	0.02196	0.01156	0.01073	0.02181	0.01748	0.05515	0.01557	0.01801	0.01260	0.00646	0.00638	0.00138	0.00648	0.00522	0.00509	0.68136
27	0.03627	0.01575	0.02027	0.01554	0.02201	0.01460	0.01284	0.14401	0.02647	0.55465	0.03052	0.02681	0.01943	0.01023	0.00835	0.00256	0.00743	0.00820	0.00994	0.01414
28	0.01794	0.01707	0.02899	0.39339	0.33429	0.01905	0.02419	0.02320	0.01768	0.02396	0.01516	0.02141	0.01204	0.00789	0.00827	0.00263	0.01052	0.00739	0.00389	0.01105
29	0.03103	0.03959	0.02354	0.02140	0.02568	0.67469	0.01605	0.03317	0.02354	0.02033	0.01284	0.01498	0.01070	0.00856	0.00749	0.00214	0.01498	0.00535	0.00428	0.00963
30	0.01666	0.04297	0.66500	0.02368	0.03596	0.01929	0.03069	0.02631	0.01754	0.02631	0.01491	0.01754	0.01052	0.00789	0.00789	0.00263	0.01228	0.00614	0.00351	0.01228
31	0.02269	0.03120	0.16748	0.02897	0.20374	0.26852	0.02102	0.02748	0.02090	0.02506	0.08731	0.02251	0.01911	0.00905	0.00805	0.00240	0.01168	0.00721	0.00462	0.01101
32	0.02056	0.01974	0.03372	0.05099	0.65622	0.01974	0.02550	0.02550	0.01892	0.02714	0.01563	0.02056	0.01316	0.00740	0.00822	0.00247	0.00987	0.00740	0.00411	0.01316
33	0.01186	0.00796	0.00913	0.00935	0.00940	0.00790	0.00534	0.01202	0.01252	0.01669	0.02842	0.12865	0.03304	0.62989	0.03865	0.00752	0.00768	0.01340	0.00534	0.00523
34	0.67021	0.01701	0.01388	0.01200	0.01734	0.01957	0.00989	0.10373	0.01741	0.03925	0.01267	0.01434	0.00967	0.00801	0.00556	0.00256	0.00678	0.00489	0.00556	0.00967
35	0.02455	0.01590	0.01792	0.01496	0.02000	0.01654	0.01195	0.16554	0.21058	0.18613	0.07290	0.03870	0.14190	0.01288	0.00872	0.00267	0.00668	0.01054	0.00876	0.01217
36	0.00982	0.00842	0.00842	0.00842	0.01122	0.00701	0.00631	0.01192	0.01894	0.02244	0.08416	0.07995	0.65285	0.02104	0.00982	0.00281	0.00421	0.01753	0.00771	0.00701
37	0.01406	0.01242	0.01452	0.01427	0.01608	0.08651	0.01103	0.01694	0.01452	0.01940	0.02117	0.03061	0.01961	0.05615	0.59862	0.01207	0.02142	0.00849	0.00443	0.00767
38	0.02221	0.71304	0.04353	0.01421	0.02132	0.03287	0.01421	0.02488	0.01688	0.01955	0.01155	0.01333	0.01066	0.00711	0.00533	0.00178	0.00888	0.00444	0.00355	0.01066
39	0.01187	0.00890	0.01335	0.01335	0.01483	0.01038	0.01038	0.01483	0.01335	0.01928	0.02225	0.03264	0.02077	0.06231	0.67512	0.01335	0.02225	0.00890	0.00445	0.00742
40	0.20761	0.01723	0.01859	0.01494	0.02078	0.01807	0.01223	0.20442	0.07695	0.25074	0.02683	0.02532	0.05011	0.01023	0.00766	0.00258	0.00732	0.00776	0.00819	0.01244
41	0.02094	0.01181	0.01432	0.01214	0.01618	0.01094	0.00960	0.09210	0.02409	0.21621	0.23894	0.05238	0.21556	0.01536	0.00921	0.00264	0.00552	0.01291	0.00898	0.01017
42	0.02935	0.02201	0.02372	0.01822	0.02484	0.02381	0.01497	0.52769	0.06871	0.04852	0.02009	0.02022	0.01452	0.00960	0.00807	0.00237	0.00866	0.00729	0.00793	0.09941
43	0.03106	0.02301	0.02464	0.01901	0.02556	0.02552	0.01566	0.60057	0.06786	0.05151	0.02061	0.02047	0.01466	0.01003	0.00832	0.00251	0.00902	0.00757	0.00832	0.01408
44	0.01859	0.01982	0.03940	0.03600	0.21097	0.01881	0.37634	0.02437	0.01933	0.02621	0.02532	0.02945	0.09682	0.00896	0.00936	0.00271	0.01156	0.01015	0.00464	0.01120
45	0.02652	0.01946	0.02124	0.01720	0.02235	0.02126	0.01374	0.48068	0.03335	0.04468	0.02531	0.15616	0.02286	0.04264	0.01020	0.00290	0.00824	0.01086	0.00805	0.01229
46	0.01996	0.01950	0.03019	0.20009	0.44163	0.05446	0.02368	0.02598	0.05525	0.02581	0.01634	0.02126	0.01325	0.00791	0.00822	0.00254	0.01024	0.00740	0.00428	0.01203
47	0.16306	0.01812	0.04650	0.02115	0.15877	0.10047	0.01385	0.02122	0.01877	0.02690	0.06773	0.04222	0.21853	0.01307	0.00823	0.00262	0.00781	0.03575	0.00584	0.00941
48	0.02614	0.01848	0.01991	0.01581	0.02111	0.02005	0.01288	0.42617	0.03167	0.04452	0.02155	0.02309	0.01609	0.01230	0.04027	0.00284	0.00839	0.00750	0.18672	0.04451
49	0.02550	0.12769	0.20547	0.02174	0.05696	0.18423	0.02023	0.20380	0.02528	0.03156	0.01544	0.01717	0.01176	0.00853	0.00758	0.00234	0.01145	0.00616	0.00514	0.01199
50	0.02380	0.01892	0.01706	0.01500	0.01916	0.17085	0.01160	0.03034	0.13129	0.17935	0.17475	0.03940	0.10760	0.01285	0.00867	0.00255	0.00782	0.01042	0.00796	0.01061
51	0.02021	0.01626	0.02016	0.01695	0.02159	0.01691	0.06370	0.20501	0.14586	0.03441	0.03184	0.19121	0.05424	0.01448	0.00901	0.00274	0.00746	0.03776	0.00747	0.08274
52	0.02671	0.11367	0.17990	0.02058	0.02766	0.28904	0.01929	0.17281	0.02505	0.02932	0.01489	0.01659	0.01147	0.00857	0.00754	0.00230	0.01224	0.00594	0.00497	0.01146
53	0.02676	0.01778	0.02288	0.02390	0.17323	0.01810	0.01565	0.24685	0.02726	0.17705	0.02954	0.02947	0.08894	0.01068	0.00832	0.00251	0.00798	0.00882	0.05158	0.01271
54	0.02180	0.01596	0.01796	0.01567	0.01951	0.01710	0.01211	0.34733	0.02851	0.03816	0.03172	0.33109	0.03273	0.01729	0.00936	0.00289	0.00717	0.01483	0.00804	0.01076
55	0.02246	0.02164	0.03183	0.02770	0.10077	0.05847	0.16405	0.15810	0.02151	0.02961	0.01497	0.01969	0.01228	0.01058	0.01563	0.00297	0.26381	0.00784	0.00490	0.01121
56	0.02228	0.31764	0.02913	0.01550	0.02058	0.18022	0.01332	0.06787	0.02081	0.02381	0.08299	0.02748	0.09852	0.01066	0.00793	0.00220	0.03639	0.00766	0.00514	0.00987
57	0.02003	0.01464	0.01670	0.01505	0.01838	0.01553	0.01144	0.29648	0.02660	0.03559	0.03385	0.38736	0.03610	0.01861	0.00954	0.00297	0.00682	0.01616	0.00799	0.01016
58	0.02273	0.02221	0.07748	0.04193	0.47125	0.02104	0.02372	0.15952	0.02329	0.03268	0.01653	0.02021	0.01318	0.00801	0.00822	0.00248	0.00988	0.00733	0.00500	0.01331
59	0.19538	0.01592	0.04997	0.06366	0.05510	0.05281	0.01230	0.05622	0.02090	0.03251	0.28183	0.03846	0.06885	0.01240	0.00817	0.00258	0.00679	0.01016	0.00681	0.00919
60	0.02105	0.01561	0.01689	0.01390	0.01799	0.01632	0.01071	0.30309	0.02697	0.03586	0.07042	0.04178	0.14113	0.17959	0.01673	0.00384	0.00752	0.01080	0.00732	0.04249
61	0.01764	0.01795	0.01723	0.01574	0.01843	0.13099	0.01242	0.02358	0.12915	0.02379	0.04321	0.04569	0.24572	0.01565	0.01343	0.00294	0.17172	0.03936	0.00626	0.00909

[dist]
# distance from previous block
# <min> <max>
4	20

[block]
# block no. 1 follows, 22 sequences, length 14
# corresponding to MSA columns:
# 108-121
name=unknown_B
#
# <colnr> <probs for GDERKNQSTAVLIFYWHMCP>
#	G	D	E	R	K	N	Q	S	T	A	V	L	I	F	Y	W	H	M	C	P
0	0.07689	0.01878	0.03269	0.19018	0.36495	0.01958	0.12705	0.02463	0.01814	0.02648	0.01532	0.02069	0.01227	0.00756	0.00828	0.00260	0.01059	0.00759	0.00411	0.01161
1	0.02386	0.02018	0.07047	0.07971	0.02571	0.02032	0.01550	0.34882	0.02895	0.03975	0.02617	0.02753	0.08096	0.01103	0.00920	0.00256	0.04736	0.00844	0.10178	0.01169
2	0.01303	0.00990	0.01249	0.09945	0.01801	0.00995	0.00932	0.04449	0.02013	0.02724	0.27749	0.05595	0.18251	0.13176	0.01478	0.00355	0.00587	0.01337	0.04304	0.00767
3	0.02040	0.50266	0.08747	0.04844	0.02459	0.02874	0.03972	0.02381	0.01674	0.02060	0.01558	0.01807	0.04151	0.00858	0.00810	0.00215	0.07283	0.00581	0.00379	0.01042
4	0.14607	0.17563	0.02689	0.01712	0.02300	0.09391	0.01452	0.30212	0.02707	0.03752	0.01550	0.01684	0.01200	0.00909	0.00814	0.00238	0.04824	0.00610	0.00607	0.01179
5	0.01591	0.01226	0.01344	0.01210	0.01565	0.01209	0.00964	0.16726	0.02463	0.03170	0.14352	0.06386	0.34932	0.01790	0.00961	0.00281	0.00576	0.07550	0.00806	0.00898
6	0.01622	0.01269	0.01460	0.01203	0.01644	0.01158	0.00943	0.11903	0.02350	0.03269	0.26077	0.04598	0.15905	0.01358	0.00854	0.00225	0.00547	0.01144	0.00756	0.21715
7	0.01773	0.01800	0.03313	0.34508	0.12811	0.02010	0.19817	0.02322	0.01738	0.02344	0.01507	0.02160	0.01178	0.00846	0.01071	0.00283	0.08294	0.00808	0.00389	0.01030
8	0.02368	0.01774	0.01980	0.01557	0.02104	0.01833	0.01259	0.35671	0.03109	0.04284	0.19444	0.03118	0.03166	0.01128	0.00836	0.00231	0.00719	0.00914	0.00797	0.13708
9	0.01847	0.01734	0.02800	0.04083	0.49539	0.01722	0.02108	0.02377	0.04787	0.02705	0.05767	0.03230	0.11668	0.01017	0.00856	0.00254	0.00855	0.00944	0.00512	0.01194
10	0.01549	0.00774	0.00774	0.00774	0.00968	0.00774	0.00581	0.01936	0.01742	0.03097	0.02710	0.03097	0.02129	0.00968	0.00581	0.00194	0.00387	0.00774	0.75416	0.00774
11	0.01199	0.00843	0.01097	0.01097	0.01163	0.00909	0.00741	0.01331	0.01265	0.01752	0.02443	0.04470	0.02600	0.42072	0.32387	0.01041	0.01437	0.01067	0.00477	0.00609
12	0.22135	0.01089	0.01303	0.01268	0.01518	0.01267	0.01000	0.01749	0.01357	0.02428	0.01929	0.02732	0.01750	0.04715	0.48919	0.01036	0.01786	0.00768	0.00464	0.00786
13	0.01956	0.01871	0.03190	0.18240	0.53267	0.01947	0.02500	0.02461	0.01844	0.02592	0.01545	0.02089	0.01273	0.00759	0.00824	0.00253	0.01012	0.00740	0.00403	0.01235

[dist]
# distance from previous block
# <min> <max>
0	2

[block]
# block no. 2 follows, 22 sequences, length 23
# corresponding to MSA columns:
# 124-146
name=unknown_C
#
# <colnr> <probs for GDERKNQSTAVLIFYWHMCP>
#	G	D	E	R	K	N	Q	S	T	A	V	L	I	F	Y	W	H	M	C	P
0	0.02832	0.02222	0.02754	0.02856	0.21255	0.02398	0.01867	0.44986	0.03309	0.04489	0.01867	0.02013	0.01384	0.00921	0.00828	0.00249	0.00936	0.00746	0.00707	0.01384
1	0.02935	0.02161	0.02338	0.01814	0.02426	0.02375	0.01490	0.55967	0.03731	0.05022	0.09094	0.02468	0.02135	0.01076	0.00848	0.00251	0.00855	0.00833	0.00840	0.01342
2	0.01316	0.01054	0.01495	0.01477	0.01647	0.01079	0.05533	0.04498	0.05959	0.02414	0.03967	0.50520	0.04516	0.02208	0.01121	0.00329	0.04199	0.05134	0.00731	0.00803
3	0.01666	0.04297	0.66500	0.02368	0.03596	0.01929	0.03069	0.02631	0.01754	0.02631	0.01491	0.01754	0.01052	0.00789	0.00789	0.00263	0.01228	0.00614	0.00351	0.01228
4	0.18384	0.02582	0.02195	0.01798	0.02373	0.18497	0.01445	0.35587	0.03005	0.04130	0.01645	0.01738	0.01222	0.00915	0.00745	0.00242	0.01002	0.00633	0.00666	0.01195
5	0.01168	0.00875	0.01268	0.01343	0.01490	0.00832	0.03799	0.01441	0.01818	0.02443	0.14566	0.40716	0.05507	0.02283	0.01065	0.00334	0.00582	0.16956	0.00777	0.00737
6	0.01900	0.02583	0.17197	0.03376	0.13333	0.02091	0.34879	0.02570	0.01837	0.02595	0.01563	0.02068	0.01208	0.00802	0.01095	0.00280	0.08230	0.00842	0.00399	0.01151
7	0.01727	0.02140	0.15491	0.12935	0.15084	0.01763	0.01962	0.02800	0.19227	0.02740	0.03157	0.03276	0.11972	0.01095	0.00849	0.00270	0.00872	0.00934	0.00572	0.01135
8	0.02066	0.22903	0.02722	0.12544	0.05481	0.11025	0.01493	0.09076	0.02159	0.02648	0.12605	0.02917	0.07037	0.01053	0.00765	0.00232	0.00896	0.00826	0.00548	0.01005
9	0.02067	0.02031	0.03069	0.12506	0.48643	0.06396	0.02353	0.02704	0.07086	0.02658	0.01685	0.02125	0.01375	0.00792	0.00820	0.00251	0.01009	0.00743	0.00443	0.01243
10	0.01892	0.19375	0.22366	0.02037	0.02746	0.02348	0.07379	0.02746	0.12243	0.02498	0.01946	0.02170	0.03773	0.00975	0.01069	0.00264	0.11867	0.00722	0.00460	0.01123
11	0.01746	0.02740	0.28291	0.02432	0.10244	0.01657	0.10366	0.02414	0.01816	0.02699	0.04413	0.02048	0.01473	0.00760	0.00775	0.00221	0.01000	0.00682	0.00436	0.23786
12	0.02169	0.01882	0.02360	0.02762	0.23854	0.04354	0.01680	0.18551	0.11772	0.03374	0.03340	0.03389	0.14589	0.01149	0.00858	0.00258	0.00822	0.00971	0.00662	0.01203
13	0.02448	0.18966	0.02764	0.09199	0.02695	0.11181	0.01503	0.20738	0.02454	0.03133	0.01529	0.01735	0.01210	0.00811	0.00703	0.00204	0.00947	0.00591	0.00539	0.16651
14	0.01601	0.18390	0.02025	0.01245	0.01589	0.01508	0.01041	0.01919	0.01857	0.06761	0.23085	0.03971	0.07030	0.02800	0.20985	0.00566	0.01093	0.01022	0.00634	0.00879
15	0.01815	0.01791	0.02525	0.03573	0.41040	0.06856	0.01893	0.02201	0.01929	0.02517	0.03613	0.03808	0.20647	0.01162	0.00865	0.00254	0.00857	0.01030	0.00522	0.01102
16	0.02284	0.01799	0.02229	0.02246	0.14332	0.01874	0.01509	0.28012	0.06297	0.03977	0.17233	0.03064	0.02996	0.01092	0.00848	0.00243	0.00762	0.00918	0.00742	0.07543
17	0.01399	0.00934	0.01183	0.04334	0.01507	0.01011	0.00912	0.04320	0.01672	0.02539	0.03050	0.03630	0.09122	0.03381	0.29777	0.00707	0.01248	0.00932	0.27557	0.00787
18	0.25741	0.05558	0.01990	0.01903	0.09965	0.06331	0.01341	0.10014	0.08307	0.03176	0.01771	0.02105	0.01449	0.01966	0.14532	0.00474	0.01121	0.00671	0.00546	0.01039
19	0.02537	0.07992	0.02427	0.12228	0.02880	0.19301	0.01567	0.22532	0.02609	0.03191	0.01949	0.02140	0.04697	0.00927	0.00769	0.00226	0.01034	0.00691	0.00573	0.09731
20	0.01976	0.02299	0.09239	0.04055	0.29002	0.02036	0.33591	0.02614	0.01916	0.02680	0.01618	0.02127	0.01266	0.00724	0.00901	0.00265	0.01220	0.00854	0.00411	0.01208
21	0.02304	0.06282	0.06090	0.09075	0.16697	0.21838	0.11270	0.03013	0.10460	0.02505	0.01711	0.02020	0.01354	0.00831	0.00812	0.00247	0.01178	0.00720	0.00467	0.01125
22	0.01970	0.02437	0.15040	0.04351	0.44657	0.01986	0.12189	0.02582	0.01878	0.02691	0.01568	0.02031	0.01259	0.00743	0.00842	0.00255	0.01096	0.00756	0.00402	0.01269

[dist]
# distance from previous block
# <min> <max>
1	4

[block]
# block no. 3 follows, 22 sequences, length 93
# corresponding to MSA columns:
# 151-243
name=unknown_D
#
# <colnr> <probs for GDERKNQSTAVLIFYWHMCP>
#	G	D	E	R	K	N	Q	S	T	A	V	L	I	F	Y	W	H	M	C	P
0	0.13138	0.06559	0.16366	0.08734	0.13241	0.01651	0.01781	0.02105	0.01659	0.02554	0.02383	0.16235	0.04588	0.04367	0.00959	0.00296	0.00859	0.01041	0.00498	0.00985
1	0.01871	0.01456	0.07283	0.01385	0.01810	0.01185	0.01172	0.09959	0.02263	0.12790	0.21463	0.20428	0.04390	0.01562	0.00912	0.00267	0.00624	0.01356	0.00801	0.07023
2	0.01929	0.01982	0.05769	0.01456	0.01855	0.17700	0.01190	0.02451	0.07929	0.07602	0.22559	0.04564	0.16867	0.01409	0.00886	0.00255	0.00779	0.01151	0.00728	0.00938
3	0.01944	0.01916	0.03376	0.06859	0.47232	0.01928	0.11608	0.02440	0.01869	0.02625	0.02006	0.02469	0.05468	0.00855	0.00933	0.00260	0.03723	0.00843	0.00433	0.01215
4	0.06470	0.02689	0.22465	0.05470	0.13090	0.02019	0.17417	0.05315	0.11314	0.02932	0.01835	0.02129	0.01377	0.00819	0.00837	0.00267	0.01095	0.00775	0.00482	0.01203
5	0.02510	0.34542	0.03332	0.02018	0.07975	0.22019	0.01577	0.06581	0.07809	0.02386	0.01486	0.01650	0.01247	0.00812	0.00670	0.00209	0.01058	0.00562	0.00456	0.01102
6	0.02579	0.44006	0.03543	0.01713	0.02309	0.29303	0.01496	0.02824	0.01958	0.01986	0.01207	0.01400	0.01068	0.00770	0.00621	0.00192	0.01136	0.00481	0.00385	0.01024
7	0.02450	0.02126	0.15697	0.02154	0.12219	0.01454	0.01747	0.02947	0.01980	0.24467	0.02111	0.02160	0.01489	0.00813	0.00759	0.00218	0.00833	0.00674	0.00634	0.23068
8	0.01150	0.00988	0.01002	0.00973	0.01283	0.00913	0.00737	0.01691	0.11528	0.02435	0.07636	0.07237	0.55570	0.01953	0.00961	0.00281	0.00457	0.01627	0.00783	0.00796
9	0.03060	0.02278	0.02438	0.01892	0.02539	0.02531	0.01555	0.57620	0.09297	0.05078	0.02119	0.02093	0.01513	0.01009	0.00832	0.00252	0.00891	0.00765	0.00832	0.01404
10	0.01876	0.19274	0.38854	0.02725	0.16327	0.02252	0.02579	0.02581	0.01768	0.02492	0.01428	0.01720	0.01111	0.00761	0.00737	0.00240	0.01099	0.00601	0.00365	0.01209
11	0.01088	0.00863	0.00989	0.01007	0.01253	0.00764	0.00789	0.01370	0.02003	0.02537	0.20825	0.07819	0.41578	0.02043	0.01010	0.00294	0.00474	0.11758	0.00803	0.00731
12	0.01159	0.00876	0.01017	0.01075	0.01239	0.00820	0.00752	0.05202	0.01811	0.02321	0.05551	0.38627	0.25530	0.08433	0.01302	0.00354	0.00518	0.01944	0.00751	0.00717
13	0.02300	0.65275	0.04174	0.01486	0.02171	0.09033	0.01438	0.02562	0.01748	0.01962	0.01167	0.01347	0.01066	0.00724	0.00552	0.00181	0.00943	0.00452	0.00362	0.01057
14	0.02418	0.56771	0.03961	0.01525	0.02226	0.03137	0.01455	0.15206	0.02155	0.02646	0.01332	0.01472	0.01139	0.00771	0.00596	0.00193	0.00894	0.00508	0.00456	0.01139
15	0.01362	0.01056	0.01298	0.01382	0.01639	0.01064	0.01158	0.02006	0.11539	0.02579	0.05247	0.08055	0.19591	0.02066	0.01059	0.00341	0.00662	0.36282	0.00779	0.00834
16	0.01534	0.00853	0.00940	0.00916	0.01093	0.00914	0.00702	0.01899	0.01675	0.02921	0.02561	0.03029	0.02057	0.01471	0.06713	0.00307	0.05050	0.00782	0.63803	0.00780
17	0.01666	0.04297	0.66500	0.02368	0.03596	0.01929	0.03069	0.02631	0.01754	0.02631	0.01491	0.01754	0.01052	0.00789	0.00789	0.00263	0.01228	0.00614	0.00351	0.01228
18	0.01048	0.00844	0.00933	0.00911	0.01163	0.00729	0.00683	0.01320	0.02049	0.02614	0.27720	0.07386	0.45750	0.01966	0.00981	0.00274	0.00411	0.01668	0.00820	0.00729
19	0.01120	0.00868	0.01033	0.01052	0.01287	0.00782	0.00830	0.01425	0.02046	0.02647	0.25920	0.07706	0.33967	0.02013	0.01016	0.00296	0.00484	0.13951	0.00816	0.00741
20	0.03727	0.01414	0.01928	0.01478	0.02121	0.01221	0.01221	0.04049	0.02378	0.66198	0.03277	0.02828	0.02056	0.01028	0.00835	0.00257	0.00707	0.00835	0.01028	0.01414
21	0.01723	0.01477	0.01723	0.01230	0.01969	0.01107	0.00984	0.02092	0.01723	0.02707	0.01477	0.01723	0.01230	0.00615	0.00615	0.00123	0.00615	0.00492	0.00492	0.75883
22	0.01717	0.10408	0.60833	0.02281	0.03462	0.02053	0.02919	0.02618	0.01748	0.02569	0.01460	0.01716	0.01054	0.00782	0.00766	0.00255	0.01197	0.00598	0.00351	0.01213
23	0.76672	0.01607	0.01221	0.01092	0.01607	0.01864	0.00900	0.02442	0.01414	0.03727	0.01157	0.01350	0.00900	0.00771	0.00514	0.00257	0.00643	0.00450	0.00514	0.00900
24	0.01994	0.01911	0.03260	0.13186	0.58019	0.01958	0.02519	0.02495	0.01862	0.02639	0.01552	0.02076	0.01289	0.00752	0.00823	0.00251	0.01002	0.00740	0.00406	0.01266
25	0.76672	0.01607	0.01221	0.01092	0.01607	0.01864	0.00900	0.02442	0.01414	0.03727	0.01157	0.01350	0.00900	0.00771	0.00514	0.00257	0.00643	0.00450	0.00514	0.00900
26	0.02056	0.01974	0.03372	0.05099	0.65622	0.01974	0.02550	0.02550	0.01892	0.02714	0.01563	0.02056	0.01316	0.00740	0.00822	0.00247	0.00987	0.00740	0.00411	0.01316
27	0.01208	0.00805	0.00906	0.00906	0.00906	0.00805	0.00503	0.01208	0.01208	0.01611	0.02618	0.05436	0.03020	0.70804	0.04228	0.00805	0.00805	0.01208	0.00503	0.00503
28	0.01007	0.00741	0.00945	0.01108	0.01192	0.00679	0.00749	0.01162	0.01637	0.02140	0.05173	0.60622	0.14752	0.02525	0.01048	0.00329	0.00473	0.02267	0.00771	0.00679
29	0.02056	0.01974	0.03372	0.05099	0.65622	0.01974	0.02550	0.02550	0.01892	0.02714	0.01563	0.02056	0.01316	0.00740	0.00822	0.00247	0.00987	0.00740	0.00411	0.01316
30	0.01208	0.00805	0.00906	0.00906	0.00906	0.00805	0.00503	0.01208	0.01208	0.01611	0.02618	0.05436	0.03020	0.70804	0.04228	0.00805	0.00805	0.01208	0.00503	0.00503
31	0.00982	0.00842	0.00842	0.00842	0.01122	0.00701	0.00631	0.01192	0.01894	0.02244	0.08416	0.07995	0.65285	0.02104	0.00982	0.00281	0.00421	0.01753	0.00771	0.00701
32	0.76672	0.01607	0.01221	0.01092	0.01607	0.01864	0.00900	0.02442	0.01414	0.03727	0.01157	0.01350	0.00900	0.00771	0.00514	0.00257	0.00643	0.00450	0.00514	0.00900
33	0.17470	0.03730	0.52746	0.02099	0.03176	0.01915	0.02612	0.02591	0.01682	0.02862	0.01420	0.01669	0.01020	0.00785	0.00731	0.00262	0.01104	0.00579	0.00385	0.01159
34	0.03065	0.06892	0.02441	0.02109	0.02549	0.64674	0.01597	0.03281	0.02325	0.02030	0.01278	0.01491	0.01070	0.00850	0.00740	0.00212	0.01472	0.00531	0.00425	0.00968
35	0.01187	0.00890	0.01335	0.01335	0.01483	0.01038	0.01038	0.01483	0.01335	0.01928	0.02225	0.03264	0.02077	0.06231	0.67512	0.01335	0.02225	0.00890	0.00445	0.00742
36	0.01176	0.00849	0.01110	0.01045	0.01241	0.00784	0.00784	0.01568	0.02352	0.03331	0.65184	0.06206	0.07839	0.01698	0.00980	0.00261	0.00392	0.01502	0.00914	0.00784
37	0.01187	0.00890	0.01335	0.01335	0.01483	0.01038	0.01038	0.01483	0.01335	0.01928	0.02225	0.03264	0.02077	0.06231	0.67512	0.01335	0.02225	0.00890	0.00445	0.00742
38	0.01127	0.00847	0.01043	0.00994	0.01211	0.00763	0.00746	0.01474	0.02237	0.03059	0.50962	0.06654	0.22230	0.01800	0.00980	0.00266	0.00399	0.01565	0.00879	0.00763
39	0.01041	0.00744	0.00997	0.01190	0.01251	0.00700	0.00822	0.01207	0.01619	0.02153	0.04563	0.64811	0.05431	0.02575	0.01068	0.00341	0.00507	0.07525	0.00771	0.00683
40	0.01012	0.00723	0.00964	0.01157	0.01205	0.00675	0.00771	0.01157	0.01591	0.02121	0.04579	0.70262	0.05495	0.02603	0.01060	0.00337	0.00482	0.02362	0.00771	0.00675
41	0.01666	0.04297	0.66500	0.02368	0.03596	0.01929	0.03069	0.02631	0.01754	0.02631	0.01491	0.01754	0.01052	0.00789	0.00789	0.00263	0.01228	0.00614	0.00351	0.01228
42	0.03103	0.03959	0.02354	0.02140	0.02568	0.67469	0.01605	0.03317	0.02354	0.02033	0.01284	0.01498	0.01070	0.00856	0.00749	0.00214	0.01498	0.00535	0.00428	0.00963
43	0.76672	0.01607	0.01221	0.01092	0.01607	0.01864	0.00900	0.02442	0.01414	0.03727	0.01157	0.01350	0.00900	0.00771	0.00514	0.00257	0.00643	0.00450	0.00514	0.00900
44	0.02066	0.01785	0.01878	0.01691	0.02160	0.02066	0.01315	0.04414	0.64121	0.03475	0.03381	0.03099	0.02536	0.01127	0.00845	0.00282	0.00657	0.00939	0.00845	0.01315
45	0.01187	0.00890	0.01335	0.01335	0.01483	0.01038	0.01038	0.01483	0.01335	0.01928	0.02225	0.03264	0.02077	0.06231	0.67512	0.01335	0.02225	0.00890	0.00445	0.00742
46	0.02781	0.03423	0.02402	0.02150	0.02471	0.51204	0.01658	0.02987	0.02083	0.02025	0.01236	0.01578	0.01075	0.01006	0.01244	0.00251	0.18480	0.00583	0.00412	0.00949
47	0.01549	0.00774	0.00774	0.00774	0.00968	0.00774	0.00581	0.01936	0.01742	0.03097	0.02710	0.03097	0.02129	0.00968	0.00581	0.00194	0.00387	0.00774	0.75416	0.00774
48	0.01187	0.00890	0.01335	0.01335	0.01483	0.01038	0.01038	0.01483	0.01335	0.01928	0.02225	0.03264	0.02077	0.06231	0.67512	0.01335	0.02225	0.00890	0.00445	0.00742
49	0.01723	0.01477	0.01723	0.01230	0.01969	0.01107	0.00984	0.02092	0.01723	0.02707	0.01477	0.01723	0.01230	0.00615	0.00615	0.00123	0.00615	0.00492	0.00492	0.75883
50	0.01069	0.00854	0.00970	0.01016	0.01253	0.00755	0.00791	0.01324	0.01914	0.02378	0.12424	0.13128	0.43807	0.02144	0.01019	0.00303	0.00489	0.12860	0.00783	0.00719
51	0.01919	0.19122	0.32240	0.02089	0.02841	0.06375	0.02287	0.02481	0.01654	0.02280	0.01300	0.01657	0.01066	0.00942	0.01213	0.00266	0.18215	0.00598	0.00360	0.01094
52	0.01101	0.00786	0.01066	0.01258	0.01345	0.00751	0.00925	0.01310	0.01678	0.02220	0.04530	0.53737	0.05301	0.02519	0.01084	0.00350	0.00559	0.18013	0.00769	0.00699
53	0.01012	0.00723	0.00964	0.01157	0.01205	0.00675	0.00771	0.01157	0.01591	0.02121	0.04579	0.70262	0.05495	0.02603	0.01060	0.00337	0.00482	0.02362	0.00771	0.00675
54	0.02057	0.01962	0.03281	0.04892	0.61770	0.01979	0.02475	0.02663	0.05669	0.02760	0.01673	0.02119	0.01390	0.00764	0.00824	0.00249	0.00967	0.00752	0.00438	0.01316
55	0.01012	0.00723	0.00964	0.01157	0.01205	0.00675	0.00771	0.01157	0.01591	0.02121	0.04579	0.70262	0.05495	0.02603	0.01060	0.00337	0.00482	0.02362	0.00771	0.00675
56	0.03103	0.03959	0.02354	0.02140	0.02568	0.67469	0.01605	0.03317	0.02354	0.02033	0.01284	0.01498	0.01070	0.00856	0.00749	0.00214	0.01498	0.00535	0.00428	0.00963
57	0.01579	0.01430	0.02340	0.59625	0.05132	0.01782	0.02130	0.02100	0.01650	0.02204	0.01569	0.02275	0.01198	0.00872	0.00896	0.00273	0.04206	0.00741	0.07088	0.00909
58	0.18647	0.02175	0.02225	0.01739	0.02372	0.02426	0.01436	0.50124	0.03381	0.04918	0.01818	0.01859	0.01305	0.00950	0.00764	0.00251	0.00857	0.00685	0.00764	0.01305
59	0.01192	0.00869	0.01228	0.01228	0.01339	0.00980	0.00904	0.01414	0.01303	0.01849	0.02323	0.03808	0.02313	0.22408	0.51658	0.01202	0.01870	0.00970	0.00460	0.00682
60	0.01009	0.00734	0.00953	0.01128	0.01197	0.00677	0.00758	0.01160	0.01619	0.02132	0.04933	0.64506	0.11021	0.02557	0.01053	0.00332	0.00476	0.02305	0.00771	0.00677
61	0.02056	0.01974	0.03372	0.05099	0.65622	0.01974	0.02550	0.02550	0.01892	0.02714	0.01563	0.02056	0.01316	0.00740	0.00822	0.00247	0.00987	0.00740	0.00411	0.01316
62	0.02324	0.02376	0.02367	0.02646	0.17954	0.18428	0.01693	0.03678	0.33260	0.02926	0.02406	0.02440	0.01867	0.00964	0.00816	0.00256	0.00950	0.00789	0.00633	0.01227
63	0.03103	0.03959	0.02354	0.02140	0.02568	0.67469	0.01605	0.03317	0.02354	0.02033	0.01284	0.01498	0.01070	0.00856	0.00749	0.00214	0.01498	0.00535	0.00428	0.00963
64	0.03274	0.01801	0.02248	0.01965	0.07965	0.01808	0.01469	0.24105	0.06890	0.35511	0.02691	0.02491	0.01801	0.00998	0.00833	0.00255	0.00800	0.00804	0.00893	0.01398
65	0.01293	0.00941	0.01274	0.01441	0.01644	0.00923	0.01247	0.01653	0.01910	0.02455	0.04917	0.09193	0.12595	0.02270	0.01126	0.00369	0.00721	0.52505	0.00766	0.00757
66	0.01193	0.00865	0.01210	0.01210	0.01315	0.00971	0.00883	0.01403	0.01298	0.01836	0.02339	0.03896	0.02352	0.25036	0.49083	0.01181	0.01812	0.00983	0.00462	0.00672
67	0.02605	0.03038	0.02076	0.01889	0.02316	0.42254	0.01431	0.03440	0.20296	0.02473	0.02554	0.02565	0.07433	0.01050	0.00799	0.00240	0.01154	0.00765	0.00581	0.01041
68	0.01319	0.00944	0.01149	0.01225	0.01374	0.00947	0.00852	0.01834	0.12233	0.04913	0.04291	0.47677	0.06957	0.08573	0.01304	0.00366	0.00548	0.01927	0.00769	0.00799
69	0.01838	0.01640	0.02640	0.36499	0.25634	0.01841	0.02188	0.06218	0.01894	0.02616	0.01650	0.02225	0.01290	0.00823	0.00805	0.00257	0.00989	0.00743	0.07133	0.01076
70	0.01287	0.01000	0.01142	0.01160	0.01219	0.03953	0.00780	0.01393	0.01383	0.01828	0.02871	0.17497	0.03240	0.38615	0.13069	0.00733	0.04189	0.03472	0.00546	0.00623
71	0.02851	0.23417	0.02949	0.01910	0.02442	0.42783	0.01549	0.08579	0.02304	0.02306	0.01312	0.01496	0.01101	0.00827	0.00694	0.00207	0.01267	0.00528	0.00444	0.01035
72	0.01296	0.00855	0.01165	0.01165	0.01327	0.00958	0.00900	0.01621	0.01459	0.02283	0.02372	0.03213	0.02093	0.04635	0.47223	0.00989	0.01668	0.00855	0.23172	0.00752
73	0.02027	0.01944	0.03319	0.08966	0.61987	0.01966	0.02535	0.02524	0.01878	0.02678	0.01557	0.02066	0.01303	0.00746	0.00823	0.00249	0.00994	0.00740	0.00409	0.01292
74	0.02221	0.71304	0.04353	0.01421	0.02132	0.03287	0.01421	0.02488	0.01688	0.01955	0.01155	0.01333	0.01066	0.00711	0.00533	0.00178	0.00888	0.00444	0.00355	0.01066
75	0.01273	0.01026	0.01440	0.16793	0.02400	0.01064	0.01276	0.01658	0.01948	0.02536	0.18240	0.06695	0.18516	0.01780	0.00999	0.00308	0.00682	0.19868	0.00709	0.00791
76	0.03584	0.01493	0.01959	0.01518	0.02151	0.01358	0.01249	0.07641	0.06502	0.58402	0.03206	0.02795	0.02049	0.01033	0.00836	0.00258	0.00716	0.00837	0.01004	0.01407
77	0.01012	0.00723	0.00964	0.01157	0.01205	0.00675	0.00771	0.01157	0.01591	0.02121	0.04579	0.70262	0.05495	0.02603	0.01060	0.00337	0.00482	0.02362	0.00771	0.00675
78	0.02707	0.03133	0.02631	0.08835	0.18647	0.40949	0.01903	0.06905	0.02278	0.02421	0.01418	0.01734	0.01157	0.00834	0.00780	0.00230	0.01297	0.00619	0.00445	0.01077
79	0.01818	0.01818	0.02545	0.02181	0.02181	0.02545	0.01818	0.01999	0.01272	0.01999	0.01091	0.01818	0.01091	0.01454	0.02726	0.00364	0.69284	0.00727	0.00364	0.00909
80	0.02482	0.01692	0.01891	0.01637	0.02150	0.01855	0.01291	0.04323	0.48653	0.19188	0.03355	0.03031	0.02416	0.01102	0.00843	0.00276	0.00670	0.00913	0.00891	0.01340
81	0.01558	0.01453	0.02439	0.65715	0.05538	0.01805	0.02263	0.02104	0.01673	0.02139	0.01611	0.02544	0.01276	0.00898	0.00845	0.00282	0.01092	0.03464	0.00387	0.00916
82	0.02932	0.03600	0.02276	0.02066	0.02501	0.56666	0.01557	0.03499	0.12557	0.02271	0.01631	0.01763	0.01312	0.00901	0.00765	0.00225	0.01359	0.00602	0.00497	0.01021
83	0.01052	0.00814	0.00958	0.00986	0.01181	0.00721	0.00715	0.01304	0.01964	0.02562	0.25640	0.23021	0.31903	0.02099	0.01001	0.00289	0.00427	0.01825	0.00817	0.00721
84	0.01013	0.00756	0.00931	0.01068	0.01172	0.00687	0.00725	0.01168	0.01651	0.02131	0.05460	0.52025	0.20373	0.05253	0.01170	0.00342	0.00480	0.02162	0.00760	0.00674
85	0.02056	0.01974	0.03372	0.05099	0.65622	0.01974	0.02550	0.02550	0.01892	0.02714	0.01563	0.02056	0.01316	0.00740	0.00822	0.00247	0.00987	0.00740	0.00411	0.01316
86	0.12657	0.12575	0.02889	0.01920	0.02554	0.02126	0.14187	0.18859	0.02365	0.09222	0.02010	0.08032	0.01673	0.00989	0.00784	0.00249	0.00904	0.00850	0.00625	0.04529
87	0.02023	0.01979	0.03493	0.07886	0.56352	0.01981	0.08899	0.02542	0.01888	0.02681	0.01571	0.02083	0.01300	0.00740	0.00840	0.00252	0.01036	0.00766	0.00410	0.01277
88	0.15070	0.02764	0.01849	0.01677	0.02104	0.36901	0.01280	0.05310	0.05920	0.02581	0.02787	0.02837	0.13460	0.01103	0.00763	0.00240	0.01072	0.00788	0.00551	0.00942
89	0.02660	0.16626	0.02812	0.02463	0.18042	0.12085	0.01639	0.02994	0.02011	0.20882	0.01995	0.02154	0.01511	0.01343	0.06919	0.00331	0.01078	0.00688	0.00585	0.01184
90	0.02223	0.01828	0.02337	0.02413	0.18064	0.01769	0.01554	0.21614	0.02456	0.03483	0.01852	0.06053	0.01569	0.00890	0.00763	0.00207	0.00796	0.00750	0.00597	0.28781
91	0.01690	0.01439	0.01452	0.01435	0.01685	0.08991	0.01094	0.12164	0.02192	0.02770	0.06565	0.32050	0.09345	0.01986	0.00989	0.00307	0.00716	0.11526	0.00746	0.00858
92	0.01967	0.08320	0.02972	0.02222	0.02668	0.15686	0.19212	0.02351	0.01758	0.02173	0.01667	0.02287	0.01445	0.02550	0.22065	0.00598	0.07911	0.00787	0.00419	0.00943

[dist]
# distance from previous block
# <min> <max>
0	1

[block]
# block no. 4 follows, 22 sequences, length 6
# corresponding to MSA columns:
# 245-250
name=unknown_E
#
# <colnr> <probs for GDERKNQSTAVLIFYWHMCP>
#	G	D	E	R	K	N	Q	S	T	A	V	L	I	F	Y	W	H	M	C	P
0	0.01920	0.01959	0.07978	0.18037	0.34836	0.01868	0.02315	0.07175	0.01994	0.02752	0.01915	0.02944	0.01675	0.00972	0.00861	0.00271	0.01000	0.07888	0.00473	0.01165
1	0.01971	0.02384	0.10809	0.14548	0.17235	0.09884	0.16034	0.02673	0.06856	0.02533	0.01853	0.06070	0.01546	0.00906	0.00863	0.00266	0.01138	0.00865	0.00456	0.01112
2	0.06226	0.08317	0.39491	0.02112	0.06479	0.01839	0.02307	0.02480	0.01729	0.02669	0.01447	0.01708	0.01100	0.00739	0.00716	0.00223	0.01013	0.00571	0.00397	0.18439
3	0.02672	0.16279	0.02630	0.01867	0.02380	0.32925	0.01493	0.08416	0.18142	0.02654	0.01855	0.01917	0.01473	0.00909	0.00739	0.00227	0.01117	0.00639	0.00554	0.01111
4	0.01617	0.11992	0.01758	0.01214	0.01616	0.01322	0.00963	0.02041	0.06859	0.07161	0.08271	0.21418	0.14415	0.01570	0.00846	0.00249	0.00582	0.01337	0.00693	0.14075
5	0.01005	0.00750	0.00936	0.01084	0.01186	0.00681	0.00739	0.01165	0.01660	0.02149	0.05465	0.55885	0.19300	0.02488	0.01042	0.00324	0.00468	0.02221	0.00771	0.00681

[dist]
# distance from previous block
# <min> <max>
0	1

[block]
# block no. 5 follows, 22 sequences, length 10
# corresponding to MSA columns:
# 252-261
name=unknown_F
#
# <colnr> <probs for GDERKNQSTAVLIFYWHMCP>
#	G	D	E	R	K	N	Q	S	T	A	V	L	I	F	Y	W	H	M	C	P
0	0.02235	0.03045	0.23223	0.03119	0.18513	0.12000	0.12950	0.06269	0.02075	0.06296	0.01640	0.01948	0.01233	0.00797	0.00830	0.00253	0.01193	0.00717	0.00455	0.01211
1	0.01945	0.16873	0.13209	0.16749	0.09774	0.04940	0.20064	0.02523	0.01819	0.02375	0.01472	0.01925	0.01154	0.00753	0.00802	0.00250	0.01171	0.00722	0.00385	0.01095
2	0.02213	0.02380	0.02874	0.20576	0.33392	0.19528	0.02234	0.02647	0.01957	0.02380	0.01466	0.01947	0.01197	0.00794	0.00805	0.00246	0.01155	0.00685	0.00405	0.01121
3	0.22367	0.01391	0.01764	0.06129	0.17342	0.01455	0.01420	0.02035	0.01750	0.02814	0.03481	0.04650	0.15387	0.01367	0.00839	0.00287	0.00733	0.13270	0.00587	0.00932
4	0.02006	0.01742	0.01945	0.02062	0.11668	0.05648	0.01340	0.08484	0.29526	0.02957	0.02659	0.03338	0.02284	0.18728	0.01694	0.00402	0.00818	0.00936	0.00666	0.01097
5	0.02708	0.02441	0.02346	0.01934	0.02356	0.16095	0.01547	0.32580	0.02809	0.03590	0.01706	0.02132	0.01404	0.06733	0.01486	0.00311	0.15324	0.00736	0.00622	0.01139
6	0.02226	0.58777	0.03906	0.01487	0.02124	0.09593	0.01409	0.02490	0.01727	0.01960	0.01255	0.01506	0.01149	0.01174	0.05995	0.00275	0.01059	0.00490	0.00370	0.01029
7	0.02016	0.10229	0.47520	0.02235	0.03250	0.15755	0.02616	0.02762	0.01874	0.02445	0.01418	0.01663	0.01057	0.00796	0.00758	0.00245	0.01254	0.00582	0.00367	0.01158
8	0.01208	0.00805	0.00906	0.00906	0.00906	0.00805	0.00503	0.01208	0.01208	0.01611	0.02618	0.05436	0.03020	0.70804	0.04228	0.00805	0.00805	0.01208	0.00503	0.00503
9	0.01120	0.00814	0.01018	0.01028	0.01174	0.00752	0.00725	0.01382	0.01971	0.02697	0.36351	0.20829	0.13362	0.11305	0.01438	0.00354	0.00472	0.01687	0.00810	0.00712

[dist]
# distance from previous block
# <min> <max>
0	1

[block]
# block no. 6 follows, 22 sequences, length 24
# corresponding to MSA columns:
# 263-286
name=unknown_G
#
# <colnr> <probs for GDERKNQSTAVLIFYWHMCP>
#	G	D	E	R	K	N	Q	S	T	A	V	L	I	F	Y	W	H	M	C	P
0	0.01208	0.00805	0.00906	0.00906	0.00906	0.00805	0.00503	0.01208	0.01208	0.01611	0.02618	0.05436	0.03020	0.70804	0.04228	0.00805	0.00805	0.01208	0.00503	0.00503
1	0.02060	0.01676	0.01904	0.01390	0.02111	0.01452	0.01124	0.16356	0.02235	0.03301	0.01598	0.01786	0.01273	0.00705	0.00666	0.00153	0.00685	0.00552	0.00572	0.58401
2	0.02679	0.02798	0.18618	0.02682	0.17221	0.14431	0.02081	0.05646	0.02168	0.20649	0.01994	0.02088	0.01416	0.00867	0.00804	0.00248	0.01064	0.00696	0.00591	0.01257
3	0.01862	0.08579	0.25346	0.02932	0.17669	0.02236	0.05351	0.02422	0.01654	0.02416	0.01375	0.01831	0.01136	0.00955	0.01334	0.00281	0.20429	0.00679	0.00372	0.01139
4	0.01389	0.00932	0.01293	0.01454	0.01639	0.00913	0.01221	0.01722	0.01871	0.05479	0.04380	0.21073	0.04791	0.02295	0.01115	0.00368	0.00706	0.45802	0.00779	0.00778
5	0.02621	0.40789	0.03447	0.01747	0.02330	0.32369	0.01505	0.02864	0.01990	0.01990	0.01213	0.01408	0.01068	0.00777	0.00631	0.00194	0.01165	0.00485	0.00388	0.01019
6	0.01418	0.01231	0.01779	0.01646	0.01740	0.01592	0.01325	0.01673	0.01312	0.01954	0.01808	0.02733	0.01715	0.04476	0.43718	0.00978	0.26854	0.00830	0.00415	0.00803
7	0.01011	0.00780	0.00923	0.01019	0.01173	0.00693	0.00714	0.01199	0.01767	0.02254	0.10261	0.40206	0.30356	0.02335	0.01022	0.00309	0.00451	0.02052	0.00781	0.00693
8	0.01868	0.01782	0.03032	0.29694	0.42497	0.01924	0.02456	0.02385	0.01803	0.02486	0.01529	0.02117	0.01235	0.00775	0.00826	0.00258	0.01033	0.00739	0.00395	0.01164
9	0.02139	0.62983	0.04072	0.01466	0.02100	0.03117	0.01426	0.02402	0.01642	0.01956	0.01209	0.01469	0.01122	0.01058	0.04302	0.00252	0.05398	0.00487	0.00361	0.01038
10	0.01211	0.00882	0.01297	0.01297	0.01449	0.01021	0.01007	0.01514	0.01363	0.02008	0.02258	0.03252	0.02080	0.05875	0.62987	0.01258	0.02101	0.00882	0.05514	0.00744
11	0.00982	0.00842	0.00842	0.00842	0.01122	0.00701	0.00631	0.01192	0.01894	0.02244	0.08416	0.07995	0.65285	0.02104	0.00982	0.00281	0.00421	0.01753	0.00771	0.00701
12	0.01185	0.00913	0.01103	0.01116	0.01352	0.00852	0.00884	0.01596	0.04810	0.02754	0.28075	0.07446	0.27215	0.01957	0.01014	0.00297	0.00502	0.15330	0.00826	0.00774
13	0.02051	0.01988	0.03455	0.05012	0.62298	0.01981	0.05807	0.02556	0.01895	0.02711	0.01569	0.02066	0.01313	0.00738	0.00831	0.00249	0.01009	0.00753	0.00412	0.01305
14	0.03032	0.03841	0.02365	0.02142	0.02547	0.63892	0.01617	0.03245	0.02295	0.02031	0.01273	0.01516	0.01071	0.00889	0.00858	0.00222	0.05234	0.00546	0.00424	0.00960
15	0.02221	0.71304	0.04353	0.01421	0.02132	0.03287	0.01421	0.02488	0.01688	0.01955	0.01155	0.01333	0.01066	0.00711	0.00533	0.00178	0.00888	0.00444	0.00355	0.01066
16	0.02465	0.02244	0.01916	0.01686	0.02131	0.20035	0.01302	0.14203	0.17014	0.08389	0.03247	0.09587	0.09637	0.01280	0.00852	0.00260	0.00898	0.01019	0.00726	0.01107
17	0.02246	0.06777	0.28503	0.02859	0.17482	0.17446	0.02401	0.07826	0.02104	0.02696	0.01485	0.01763	0.01148	0.00807	0.00779	0.00242	0.01193	0.00627	0.00423	0.01194
18	0.02123	0.11107	0.15922	0.02203	0.07218	0.22790	0.04869	0.02564	0.01861	0.02206	0.01569	0.02016	0.01325	0.02046	0.16124	0.00484	0.01494	0.00660	0.00406	0.01013
19	0.01649	0.03287	0.47218	0.02031	0.02949	0.01594	0.02420	0.02383	0.01757	0.06638	0.02318	0.17601	0.02140	0.01222	0.00855	0.00280	0.01022	0.01031	0.00492	0.01112
20	0.02820	0.02882	0.02342	0.02141	0.06090	0.30262	0.01585	0.20399	0.16992	0.03312	0.01984	0.02040	0.01519	0.00952	0.00799	0.00241	0.01110	0.00700	0.00637	0.01192
21	0.01870	0.01240	0.01416	0.01221	0.01609	0.01204	0.00960	0.13071	0.05454	0.12188	0.21106	0.05467	0.26670	0.01597	0.00927	0.00267	0.00555	0.01335	0.00860	0.00983
22	0.01948	0.01467	0.01652	0.01282	0.01834	0.01346	0.01015	0.15201	0.02153	0.03228	0.01915	0.02319	0.01577	0.05057	0.04095	0.00261	0.00727	0.00659	0.14199	0.38064
23	0.01226	0.01295	0.08820	0.01215	0.01528	0.00958	0.01031	0.04917	0.01890	0.02478	0.10360	0.28430	0.25116	0.05450	0.01139	0.00321	0.00583	0.01725	0.00723	0.00793

[dist]
# distance from previous block
# <min> <max>
0	33

[block]
# block no. 7 follows, 22 sequences, length 18
# corresponding to MSA columns:
# 320-337
name=unknown_H
#
# <colnr> <probs for GDERKNQSTAVLIFYWHMCP>
#	G	D	E	R	K	N	Q	S	T	A	V	L	I	F	Y	W	H	M	C	P
0	0.02256	0.27186	0.07073	0.03172	0.29671	0.12637	0.02028	0.02651	0.01883	0.02332	0.01370	0.01694	0.01174	0.00750	0.00706	0.00218	0.01045	0.00595	0.00391	0.01167
