[name]
unknown

[dist]
# distance from previous block
# <min> <max>
0	20

[block]
# block no. 0 follows, 22 sequences, length 44
# corresponding to MSA columns:
# 20-63
name=unknown_A
#
# <colnr> <probs for GDERKNQSTAVLIFYWHMCP>
#	G	D	E	R	K	N	Q	S	T	A	V	L	I	F	Y	W	H	M	C	P
0	0.01342	0.00975	0.01381	0.04551	0.01881	0.00989	0.01358	0.01732	0.01921	0.02508	0.06988	0.08905	0.04752	0.02202	0.01126	0.00372	0.00764	0.54728	0.00754	0.00773
1	0.01357	0.01008	0.01240	0.01257	0.01463	0.00957	0.00894	0.08721	0.01886	0.02568	0.03893	0.53752	0.04487	0.02169	0.00979	0.00301	0.00550	0.01941	0.00745	0.09832
2	0.01443	0.00722	0.01082	0.01082	0.01082	0.00722	0.00722	0.01082	0.01082	0.01443	0.01443	0.02525	0.01443	0.02886	0.03247	0.75830	0.00722	0.00722	0.00361	0.00361
3	0.02003	0.02963	0.25743	0.03884	0.38378	0.07340	0.02657	0.02642	0.01881	0.02629	0.01514	0.01903	0.01202	0.00767	0.00805	0.00250	0.01115	0.00678	0.00391	0.01256
4	0.02032	0.02248	0.03574	0.06104	0.10979	0.12140	0.30007	0.02526	0.01859	0.02396	0.01593	0.02169	0.01302	0.01419	0.08371	0.00390	0.08596	0.00835	0.00415	0.01047
5	0.01429	0.01257	0.01204	0.01211	0.01319	0.10331	0.00819	0.01552	0.01493	0.01851	0.02925	0.16864	0.05186	0.32994	0.15260	0.00716	0.01104	0.01289	0.00542	0.00654
6	0.02629	0.01932	0.02116	0.01725	0.02238	0.02108	0.01380	0.47647	0.03335	0.04468	0.02631	0.18820	0.02419	0.01393	0.00888	0.00271	0.00808	0.01146	0.00816	0.01231
7	0.10296	0.01834	0.02591	0.27737	0.20656	0.02062	0.02039	0.17240	0.02250	0.03225	0.01592	0.02023	0.01216	0.00841	0.00794	0.00260	0.00977	0.00710	0.00510	0.01147
8	0.01561	0.01769	0.17290	0.01425	0.01939	0.01115	0.01416	0.02055	0.02093	0.09908	0.27970	0.05296	0.15010	0.01517	0.00931	0.00274	0.00669	0.06061	0.00752	0.00948
9	0.01758	0.01261	0.01506	0.01315	0.01746	0.01155	0.00998	0.02439	0.13982	0.09641	0.06269	0.23879	0.03253	0.01440	0.00843	0.00243	0.00580	0.01256	0.00729	0.25710
10	0.02054	0.07855	0.02096	0.01722	0.02015	0.23624	0.01362	0.04602	0.01797	0.02101	0.01695	0.02314	0.01528	0.03277	0.30312	0.00721	0.08889	0.00712	0.00438	0.00886
11	0.01872	0.01885	0.06722	0.04133	0.47534	0.01743	0.02309	0.02368	0.01888	0.02658	0.02195	0.03680	0.02078	0.01092	0.00893	0.00278	0.00952	0.14045	0.00487	0.01187
12	0.01195	0.00915	0.01166	0.04062	0.01538	0.00935	0.00918	0.01691	0.11079	0.02326	0.04268	0.57233	0.04863	0.02305	0.01018	0.00326	0.00535	0.02078	0.00766	0.00782
13	0.01075	0.00768	0.01036	0.01229	0.01305	0.00729	0.00881	0.01266	0.01653	0.02191	0.04544	0.58483	0.05356	0.02543	0.01077	0.00346	0.00537	0.13518	0.00770	0.00692
14	0.72315	0.01555	0.01213	0.01092	0.01576	0.01797	0.00889	0.02363	0.01395	0.03595	0.01173	0.01418	0.00931	0.00894	0.00672	0.04635	0.00647	0.00466	0.00505	0.00868
15	0.01901	0.02237	0.12974	0.17001	0.44432	0.01942	0.02583	0.02480	0.01826	0.02587	0.01535	0.02040	0.01235	0.00765	0.00819	0.00255	0.01048	0.00720	0.00394	0.01226
16	0.09790	0.01848	0.03011	0.17964	0.19045	0.01981	0.15897	0.02829	0.13844	0.02823	0.01879	0.02262	0.01448	0.00829	0.00833	0.00269	0.01009	0.00803	0.00499	0.01139
17	0.48634	0.01410	0.01349	0.06692	0.01859	0.01613	0.01002	0.04813	0.01465	0.03101	0.01291	0.01740	0.01074	0.01307	0.01228	0.18884	0.00713	0.00554	0.00479	0.00792
18	0.01003	0.00758	0.00928	0.01065	0.01181	0.00683	0.00730	0.01167	0.01679	0.02157	0.05697	0.52109	0.22925	0.02457	0.01037	0.00321	0.00464	0.02184	0.00771	0.00683
19	0.01899	0.01839	0.03191	0.21941	0.40601	0.01907	0.07909	0.02421	0.01827	0.02549	0.01546	0.02099	0.01250	0.00755	0.00829	0.00252	0.01038	0.00749	0.00405	0.04994
20	0.02054	0.02381	0.09873	0.03969	0.43165	0.11177	0.02287	0.02523	0.01911	0.02546	0.01828	0.09024	0.01686	0.00955	0.00833	0.00253	0.01034	0.00865	0.00444	0.01189
21	0.01981	0.01167	0.01366	0.01210	0.01516	0.01133	0.00889	0.09427	0.04812	0.16829	0.04087	0.12778	0.14936	0.21896	0.01886	0.00432	0.00676	0.01304	0.00761	0.00914
22	0.01433	0.00969	0.01257	0.09207	0.01790	0.00935	0.00931	0.01722	0.01952	0.08989	0.25187	0.08285	0.19764	0.12246	0.01448	0.00354	0.00584	0.01394	0.00756	0.00797
23	0.01164	0.00871	0.01167	0.01187	0.01364	0.00833	0.00863	0.01419	0.01689	0.02372	0.15384	0.33871	0.04640	0.03105	0.17374	0.00545	0.00909	0.01629	0.00688	0.08928
24	0.02205	0.02351	0.02923	0.18684	0.36623	0.18087	0.02262	0.02643	0.01954	0.02413	0.01475	0.01954	0.01208	0.00789	0.00806	0.00245	0.01140	0.00689	0.00406	0.01141
25	0.01128	0.00836	0.00980	0.00976	0.01109	0.00815	0.00666	0.01278	0.01527	0.01984	0.08220	0.05903	0.23591	0.31568	0.15208	0.00703	0.00929	0.01343	0.00605	0.00631
26	0.20164	0.01536	0.02127	0.45052	0.04337	0.01854	0.01873	0.05845	0.01747	0.02722	0.01561	0.02311	0.01240	0.00892	0.00767	0.00275	0.00966	0.03340	0.00451	0.00940
27	0.01701	0.07430	0.38443	0.15278	0.08812	0.01938	0.02566	0.02526	0.04352	0.02574	0.05392	0.02166	0.01556	0.00857	0.00798	0.00260	0.01090	0.00705	0.00414	0.01143
28	0.01376	0.01054	0.01165	0.01090	0.01403	0.01012	0.00832	0.02053	0.14075	0.05893	0.22002	0.06328	0.35066	0.01757	0.00948	0.00275	0.00473	0.01485	0.00836	0.00876
29	0.02016	0.01933	0.03300	0.10335	0.60700	0.01963	0.02530	0.02514	0.01873	0.02665	0.01556	0.02069	0.01299	0.00748	0.00823	0.00249	0.00997	0.00740	0.00408	0.01284
30	0.01795	0.02582	0.22667	0.21273	0.23742	0.01939	0.09204	0.02471	0.01795	0.02523	0.01530	0.02026	0.01173	0.00775	0.00832	0.00264	0.01138	0.00727	0.00382	0.01161
31	0.02594	0.02275	0.04952	0.02005	0.07461	0.16955	0.01498	0.03643	0.24107	0.17075	0.02951	0.02826	0.05837	0.01056	0.00825	0.00257	0.00902	0.00842	0.00727	0.01213
32	0.01451	0.01019	0.01201	0.01172	0.01345	0.01041	0.00813	0.02038	0.14002	0.05584	0.15345	0.19561	0.04365	0.24935	0.02054	0.00465	0.00619	0.01453	0.00736	0.00801
33	0.02056	0.01974	0.03372	0.05099	0.65622	0.01974	0.02550	0.02550	0.01892	0.02714	0.01563	0.02056	0.01316	0.00740	0.00822	0.00247	0.00987	0.00740	0.00411	0.01316
34	0.01120	0.00880	0.01005	0.01069	0.01255	0.00827	0.00769	0.01476	0.06847	0.02267	0.05948	0.29871	0.30377	0.07449	0.01256	0.00347	0.00511	0.05239	0.00757	0.00731
35	0.01190	0.00781	0.00950	0.01006	0.01151	0.00733	0.00717	0.01471	0.01872	0.02722	0.22007	0.30348	0.09919	0.01899	0.00913	0.00275	0.00428	0.01674	0.19210	0.00733
36	0.01214	0.00831	0.01021	0.01094	0.01148	0.00825	0.00746	0.01328	0.01434	0.01896	0.03324	0.15234	0.03791	0.44632	0.03038	0.00637	0.00751	0.15862	0.00604	0.00591
37	0.07000	0.09965	0.02819	0.02806	0.19375	0.22829	0.01849	0.02642	0.01833	0.02306	0.01290	0.01700	0.01130	0.00951	0.01218	0.00258	0.17948	0.00623	0.00405	0.01052
38	0.01160	0.00825	0.01009	0.01102	0.01179	0.00798	0.00725	0.03936	0.01608	0.02127	0.04162	0.45452	0.08361	0.21298	0.01918	0.00459	0.00587	0.01933	0.00700	0.00662
39	0.01179	0.00988	0.01043	0.01004	0.01301	0.00925	0.00760	0.01747	0.11576	0.02599	0.16250	0.06967	0.46877	0.01892	0.00960	0.00278	0.00453	0.01589	0.00805	0.00809
40	0.01323	0.00860	0.01092	0.06139	0.01453	0.00919	0.00814	0.01571	0.01474	0.02241	0.02628	0.09256	0.02570	0.22255	0.17644	0.00658	0.01007	0.01053	0.24350	0.00692
41	0.10702	0.01584	0.02563	0.51080	0.04934	0.01883	0.08356	0.02312	0.04239	0.02428	0.01538	0.02150	0.01157	0.00822	0.00809	0.00275	0.01063	0.00737	0.00412	0.00957
42	0.35430	0.08950	0.02062	0.04602	0.02246	0.22687	0.01306	0.09073	0.02009	0.03115	0.01299	0.01502	0.01032	0.00819	0.00637	0.00236	0.00984	0.00521	0.00499	0.00990
43	0.01703	0.01714	0.01585	0.01521	0.01750	0.18931	0.01163	0.01987	0.01721	0.02110	0.08849	0.03109	0.02435	0.04286	0.42234	0.00915	0.01829	0.00861	0.00492	0.00806

[dist]
# distance from previous block
# <min> <max>
0	1

[block]
# block no. 1 follows, 22 sequences, length 13
# corresponding to MSA columns:
# 65-77
name=unknown_B
#
# <colnr> <probs for GDERKNQSTAVLIFYWHMCP>
#	G	D	E	R	K	N	Q	S	T	A	V	L	I	F	Y	W	H	M	C	P
0	0.01301	0.00936	0.01014	0.00968	0.01098	0.00918	0.00624	0.06101	0.01610	0.02073	0.04159	0.05865	0.19975	0.46411	0.03068	0.00617	0.00709	0.01321	0.00603	0.00630
1	0.02620	0.02549	0.02420	0.05165	0.02582	0.20074	0.01664	0.22792	0.07452	0.03208	0.01644	0.01910	0.01308	0.01085	0.01322	0.00274	0.19534	0.00699	0.00575	0.01124
2	0.02105	0.02081	0.03304	0.04565	0.53117	0.05414	0.06486	0.02745	0.06864	0.02735	0.01701	0.02122	0.01396	0.00774	0.00831	0.00250	0.01016	0.00762	0.00447	0.01284
3	0.01022	0.00808	0.00909	0.00954	0.01149	0.00708	0.00682	0.01226	0.01833	0.02307	0.13579	0.24765	0.39681	0.05129	0.01142	0.00316	0.00451	0.01868	0.00776	0.00695
4	0.01036	0.00759	0.00980	0.01147	0.01239	0.00703	0.00802	0.01210	0.01658	0.02169	0.05070	0.56764	0.13330	0.02510	0.01058	0.00334	0.00498	0.07277	0.00771	0.00686
5	0.02862	0.03452	0.02386	0.12758	0.03072	0.52574	0.01715	0.07189	0.02350	0.02266	0.01363	0.01646	0.01099	0.00862	0.00768	0.00226	0.01396	0.00582	0.00446	0.00987
6	0.08576	0.01822	0.02717	0.13984	0.36698	0.01964	0.02096	0.02881	0.15423	0.02877	0.01911	0.02247	0.01513	0.00842	0.00801	0.00260	0.00903	0.00758	0.00509	0.01217
7	0.01855	0.01535	0.02210	0.16369	0.02941	0.01612	0.08359	0.16475	0.02452	0.03351	0.21958	0.06352	0.03531	0.01193	0.00890	0.00258	0.00807	0.01064	0.00684	0.06105
8	0.01834	0.01640	0.02110	0.09943	0.16279	0.01803	0.01589	0.03232	0.33474	0.02958	0.03570	0.03551	0.12115	0.01165	0.00860	0.00273	0.00743	0.01003	0.00684	0.01173
9	0.01777	0.01587	0.02009	0.02390	0.19080	0.01680	0.01469	0.03057	0.30813	0.02944	0.04219	0.04111	0.18792	0.01280	0.00875	0.00272	0.00684	0.01100	0.00708	0.01153
10	0.07240	0.02245	0.02961	0.03635	0.34205	0.12545	0.05196	0.02550	0.01801	0.02515	0.01393	0.01876	0.01196	0.00915	0.01214	0.00269	0.16003	0.00697	0.00411	0.01132
11	0.01134	0.00844	0.00964	0.01017	0.01133	0.00808	0.00672	0.01372	0.05134	0.02051	0.04814	0.27366	0.19967	0.26451	0.02145	0.00485	0.00590	0.01715	0.00681	0.00658
12	0.01019	0.00843	0.00894	0.00881	0.01145	0.00717	0.00661	0.01265	0.01982	0.02455	0.19430	0.07648	0.54139	0.02025	0.00981	0.00277	0.00415	0.01705	0.00799	0.00717

[dist]
# distance from previous block
# <min> <max>
0	1

[block]
# block no. 2 follows, 22 sequences, length 9
# corresponding to MSA columns:
# 79-87
name=unknown_C
#
# <colnr> <probs for GDERKNQSTAVLIFYWHMCP>
#	G	D	E	R	K	N	Q	S	T	A	V	L	I	F	Y	W	H	M	C	P
0	0.02717	0.03458	0.07478	0.02942	0.19364	0.45145	0.01966	0.03062	0.02186	0.02259	0.01374	0.01665	0.01134	0.00820	0.00772	0.00226	0.01342	0.00595	0.00418	0.01077
1	0.01031	0.00744	0.00946	0.01098	0.01164	0.00692	0.00728	0.01166	0.01578	0.02077	0.04741	0.57011	0.11111	0.10043	0.01401	0.00383	0.00511	0.02175	0.00742	0.00659
2	0.01266	0.00830	0.01212	0.01212	0.01300	0.00918	0.00885	0.01333	0.01245	0.01748	0.02034	0.03281	0.01990	0.12319	0.41302	0.23603	0.01619	0.00874	0.00426	0.00601
3	0.02353	0.01157	0.01518	0.01276	0.01686	0.01058	0.01010	0.02839	0.06297	0.30957	0.34053	0.04524	0.04961	0.01368	0.00908	0.00261	0.00547	0.01174	0.00960	0.01094
4	0.02038	0.02024	0.03660	0.04799	0.54106	0.01998	0.13835	0.02571	0.01905	0.02704	0.01585	0.02091	0.01305	0.00733	0.00852	0.00253	0.01065	0.00785	0.00413	0.01279
5	0.01310	0.00851	0.01144	0.01144	0.01308	0.00948	0.00882	0.01638	0.01474	0.02327	0.02390	0.03207	0.02095	0.04437	0.44702	0.00946	0.01599	0.00851	0.25996	0.00753
6	0.01067	0.00845	0.00960	0.00931	0.01174	0.00738	0.00698	0.01357	0.02095	0.02722	0.33353	0.07209	0.40050	0.01926	0.00981	0.00272	0.00408	0.01643	0.00834	0.00738
7	0.01901	0.01905	0.01529	0.01456	0.01685	0.23601	0.01078	0.02139	0.01728	0.02102	0.02040	0.02961	0.01884	0.13246	0.24618	0.00692	0.01472	0.00798	0.12378	0.00787
8	0.03103	0.03959	0.02354	0.02140	0.02568	0.67469	0.01605	0.03317	0.02354	0.02033	0.01284	0.01498	0.01070	0.00856	0.00749	0.00214	0.01498	0.00535	0.00428	0.00963

[dist]
# distance from previous block
# <min> <max>
0	2

[block]
# block no. 3 follows, 22 sequences, length 6
# corresponding to MSA columns:
# 90-95
name=unknown_D
#
# <colnr> <probs for GDERKNQSTAVLIFYWHMCP>
#	G	D	E	R	K	N	Q	S	T	A	V	L	I	F	Y	W	H	M	C	P
0	0.02442	0.01531	0.07228	0.01443	0.01960	0.01265	0.01249	0.03152	0.11768	0.30076	0.23843	0.03906	0.03977	0.01247	0.00881	0.00263	0.00639	0.01055	0.00904	0.01172
1	0.01113	0.00823	0.00929	0.00953	0.01085	0.00762	0.00644	0.01255	0.01624	0.02075	0.10017	0.12725	0.26270	0.30134	0.02322	0.00504	0.00600	0.04863	0.00673	0.00628
2	0.02666	0.01443	0.01822	0.05384	0.02227	0.01455	0.01281	0.03636	0.21294	0.32340	0.09098	0.03704	0.02904	0.01209	0.00876	0.00276	0.00690	0.05547	0.00903	0.01245
3	0.02283	0.02358	0.02853	0.08796	0.37795	0.17143	0.02125	0.07232	0.02136	0.02676	0.01926	0.02282	0.04995	0.00874	0.00816	0.00244	0.01076	0.00752	0.00465	0.01175
4	0.01091	0.00756	0.00941	0.01056	0.01085	0.00727	0.00663	0.01177	0.01436	0.01915	0.03788	0.44139	0.04497	0.30086	0.02337	0.00526	0.00612	0.01897	0.00663	0.00606
5	0.14240	0.00961	0.01067	0.01045	0.01276	0.01062	0.00812	0.01848	0.01529	0.02755	0.02258	0.02863	0.01899	0.02962	0.26357	0.00644	0.01139	0.00763	0.33739	0.00783

[dist]
# distance from previous block
# <min> <max>
0	1

[block]
# block no. 4 follows, 22 sequences, length 23
# corresponding to MSA columns:
# 97-119
name=unknown_E
#
# <colnr> <probs for GDERKNQSTAVLIFYWHMCP>
#	G	D	E	R	K	N	Q	S	T	A	V	L	I	F	Y	W	H	M	C	P
0	0.02847	0.03532	0.02392	0.02148	0.02491	0.54521	0.01647	0.03054	0.02138	0.02026	0.01245	0.01562	0.01074	0.00975	0.01143	0.00244	0.15017	0.00573	0.00415	0.00952
1	0.02123	0.02349	0.12649	0.04086	0.44662	0.02042	0.02430	0.09500	0.06539	0.03040	0.01730	0.02078	0.01374	0.00804	0.00820	0.00252	0.00991	0.00736	0.00480	0.01314
2	0.01632	0.01592	0.02013	0.01769	0.02000	0.10546	0.08404	0.01916	0.01527	0.02003	0.01920	0.02946	0.01813	0.11468	0.34421	0.00863	0.11055	0.00865	0.00435	0.00813
3	0.01596	0.01389	0.01580	0.01483	0.01641	0.08516	0.01167	0.01878	0.01514	0.02187	0.01989	0.02744	0.01777	0.03624	0.33719	0.00788	0.15427	0.00795	0.15379	0.00806
4	0.02371	0.02572	0.03066	0.04208	0.46635	0.21696	0.02265	0.02781	0.02031	0.02509	0.01479	0.01888	0.01242	0.00775	0.00800	0.00237	0.01141	0.00678	0.00416	0.01210
5	0.16451	0.01203	0.01236	0.01112	0.01515	0.01191	0.00874	0.02324	0.09825	0.12922	0.08822	0.05140	0.31253	0.01523	0.00849	0.00271	0.00538	0.01233	0.00779	0.00936
6	0.07413	0.01903	0.02042	0.01626	0.02166	0.02069	0.01323	0.43305	0.03321	0.04588	0.14645	0.03132	0.06440	0.01185	0.00848	0.00254	0.00765	0.00936	0.00823	0.01214
7	0.16351	0.12539	0.02550	0.02197	0.09731	0.36258	0.01569	0.02899	0.01992	0.02413	0.01268	0.01526	0.01068	0.00830	0.00762	0.00227	0.03848	0.00538	0.00429	0.01005
8	0.01064	0.00780	0.00959	0.01051	0.01148	0.00736	0.00708	0.01211	0.01579	0.02067	0.06767	0.37614	0.16743	0.16768	0.06436	0.00491	0.00658	0.01870	0.00698	0.00653
9	0.02056	0.01974	0.03372	0.05099	0.65622	0.01974	0.02550	0.02550	0.01892	0.02714	0.01563	0.02056	0.01316	0.00740	0.00822	0.00247	0.00987	0.00740	0.00411	0.01316
10	0.01608	0.01695	0.01567	0.01475	0.01752	0.17795	0.05354	0.01838	0.01928	0.02214	0.06674	0.26916	0.22285	0.01841	0.00949	0.00282	0.00785	0.01585	0.00664	0.00792
11	0.01614	0.01392	0.01752	0.01426	0.01850	0.01380	0.01132	0.01987	0.03969	0.02379	0.01702	0.02343	0.01540	0.06467	0.14594	0.00460	0.13756	0.00679	0.00473	0.39106
12	0.01121	0.00945	0.00963	0.00942	0.01223	0.00863	0.00699	0.01557	0.08865	0.02336	0.07421	0.07254	0.53619	0.07052	0.01205	0.00319	0.00476	0.01621	0.00760	0.00756
13	0.01977	0.01391	0.01682	0.08975	0.02169	0.01555	0.01226	0.21690	0.02327	0.03365	0.02205	0.02684	0.01766	0.02399	0.18968	0.00533	0.01142	0.00793	0.22162	0.00990
14	0.02204	0.40968	0.04006	0.02016	0.02625	0.09558	0.13698	0.02540	0.01753	0.02110	0.01264	0.01598	0.01109	0.00827	0.00948	0.00228	0.10528	0.00600	0.00377	0.01045
15	0.01140	0.00803	0.00900	0.00923	0.00984	0.00769	0.00560	0.01199	0.01390	0.01797	0.04005	0.13570	0.15729	0.49082	0.03208	0.00646	0.00691	0.01452	0.00588	0.00563
16	0.01341	0.00920	0.01048	0.01004	0.01077	0.00929	0.00623	0.05786	0.01549	0.02089	0.09699	0.07466	0.03529	0.55555	0.03504	0.00687	0.00756	0.01246	0.00583	0.00608
17	0.01616	0.01139	0.01284	0.01190	0.01354	0.01186	0.00807	0.15403	0.01910	0.02553	0.02886	0.18249	0.03169	0.40403	0.02781	0.00579	0.00763	0.01344	0.00635	0.00749
18	0.02230	0.02334	0.03106	0.09055	0.48773	0.15027	0.02344	0.02672	0.01967	0.02536	0.01501	0.01956	0.01252	0.00770	0.00808	0.00242	0.01097	0.00699	0.00412	0.01217
19	0.02668	0.06776	0.02249	0.01940	0.02325	0.50670	0.01480	0.02902	0.02113	0.02008	0.01469	0.01849	0.01275	0.01942	0.14325	0.00440	0.01615	0.00603	0.00428	0.00923
20	0.01835	0.01731	0.02778	0.04056	0.49250	0.01716	0.02094	0.02360	0.04903	0.02654	0.03064	0.03331	0.14567	0.01040	0.00856	0.00255	0.00854	0.00959	0.00507	0.01189
21	0.01143	0.00875	0.01077	0.01187	0.01396	0.00809	0.00961	0.01419	0.01860	0.02333	0.06122	0.17225	0.30458	0.02257	0.01065	0.00333	0.00580	0.27404	0.00769	0.00726
22	0.01952	0.02756	0.14531	0.01657	0.02184	0.27196	0.01500	0.02315	0.02047	0.02238	0.04231	0.04196	0.27229	0.01351	0.00852	0.00251	0.01005	0.01047	0.00553	0.00909

[dist]
# distance from previous block
# <min> <max>
0	1

[block]
# block no. 5 follows, 22 sequences, length 10
# corresponding to MSA columns:
# 121-130
name=unknown_F
#
# <colnr> <probs for GDERKNQSTAVLIFYWHMCP>
#	G	D	E	R	K	N	Q	S	T	A	V	L	I	F	Y	W	H	M	C	P
0	0.11513	0.01630	0.02265	0.29568	0.12678	0.01862	0.01838	0.02924	0.16121	0.08410	0.02047	0.02340	0.01524	0.00896	0.00793	0.00269	0.00892	0.00757	0.00562	0.01110
1	0.01946	0.01848	0.03067	0.19330	0.47541	0.01951	0.02407	0.02584	0.06227	0.02633	0.01671	0.02166	0.01355	0.00788	0.00826	0.00256	0.00991	0.00754	0.00432	0.01227
2	0.01317	0.01089	0.01568	0.02064	0.15936	0.01041	0.01273	0.01612	0.01804	0.02369	0.04755	0.26087	0.18448	0.01991	0.01008	0.00314	0.00647	0.15140	0.00688	0.00847
3	0.01713	0.05870	0.39817	0.02232	0.08418	0.01677	0.02330	0.02416	0.01858	0.06264	0.09954	0.09281	0.02439	0.01093	0.00836	0.00265	0.00982	0.00919	0.00508	0.01128
4	0.02012	0.01929	0.03292	0.10895	0.60173	0.01962	0.02527	0.02511	0.01871	0.02660	0.01555	0.02071	0.01297	0.00748	0.00823	0.00249	0.00998	0.00740	0.00407	0.01280
5	0.01727	0.01546	0.01767	0.02128	0.16053	0.10719	0.01318	0.02070	0.01755	0.02428	0.02617	0.03126	0.07522	0.02587	0.20841	0.00560	0.01240	0.00856	0.18232	0.00908
6	0.02560	0.02077	0.02739	0.03270	0.30562	0.04840	0.01942	0.19700	0.11470	0.09293	0.02089	0.02236	0.01576	0.00898	0.00826	0.00252	0.00915	0.00771	0.00647	0.01337
7	0.01484	0.01556	0.01213	0.01176	0.01485	0.15882	0.00892	0.01705	0.01999	0.02210	0.06568	0.06597	0.47272	0.01831	0.00938	0.00271	0.00685	0.04778	0.00693	0.00764
8	0.11939	0.01704	0.02427	0.01902	0.02499	0.01721	0.15108	0.05700	0.17581	0.20064	0.03076	0.02999	0.07434	0.01040	0.00843	0.00270	0.00827	0.00923	0.00748	0.01194
9	0.01786	0.01552	0.04696	0.01863	0.07586	0.01547	0.01388	0.03040	0.29798	0.05788	0.03755	0.13947	0.06642	0.01540	0.00931	0.00302	0.00695	0.11285	0.00764	0.01095

[dist]
# distance from previous block
# <min> <max>
5	15

[block]
# block no. 6 follows, 22 sequences, length 12
# corresponding to MSA columns:
# 146-157
name=unknown_G
#
# <colnr> <probs for GDERKNQSTAVLIFYWHMCP>
#	G	D	E	R	K	N	Q	S	T	A	V	L	I	F	Y	W	H	M	C	P
0	0.02253	0.02333	0.03076	0.04305	0.49342	0.14272	0.02286	0.02824	0.06338	0.02640	0.01638	0.02024	0.01355	0.00789	0.00810	0.00243	0.01060	0.00716	0.00445	0.01250
1	0.15459	0.02188	0.02079	0.02241	0.13942	0.18007	0.01483	0.11346	0.02133	0.02935	0.02171	0.02476	0.06755	0.01779	0.11100	0.00412	0.01186	0.00749	0.00531	0.01028
2	0.06898	0.18855	0.03023	0.08747	0.18538	0.26065	0.01821	0.02769	0.01962	0.02295	0.01334	0.01656	0.01124	0.00786	0.00710	0.00222	0.01140	0.00579	0.00407	0.01068
3	0.15800	0.01050	0.01206	0.08367	0.01804	0.01071	0.00952	0.01700	0.01695	0.06513	0.04535	0.28670	0.19990	0.01826	0.00895	0.00295	0.00578	0.01559	0.00695	0.00799
4	0.01150	0.00931	0.01033	0.00992	0.01260	0.00856	0.00748	0.01621	0.07747	0.02746	0.28281	0.06907	0.38980	0.01869	0.00969	0.00274	0.00432	0.01589	0.00829	0.00787
5	0.02061	0.01883	0.02655	0.03462	0.35138	0.02018	0.01956	0.03445	0.31784	0.03080	0.02436	0.02557	0.01902	0.00926	0.00833	0.00264	0.00829	0.00836	0.00620	0.01315
6	0.02988	0.13751	0.02719	0.01938	0.02504	0.31871	0.01566	0.26722	0.02864	0.03287	0.01545	0.01669	0.01205	0.00889	0.00748	0.00222	0.01173	0.00605	0.00576	0.01157
7	0.02368	0.22851	0.03405	0.03275	0.31119	0.18814	0.01981	0.02724	0.01948	0.02320	0.01373	0.01703	0.01181	0.00761	0.00719	0.00218	0.01086	0.00602	0.00399	0.01154
8	0.02048	0.01435	0.01642	0.01455	0.01869	0.01522	0.01145	0.06303	0.30373	0.12577	0.18442	0.04355	0.07771	0.01360	0.00898	0.00276	0.00604	0.03902	0.00879	0.01142
9	0.02430	0.05215	0.02263	0.05213	0.02371	0.18827	0.01508	0.18493	0.02345	0.02995	0.01672	0.02035	0.01362	0.01401	0.05899	0.00332	0.14667	0.00689	0.09245	0.01036
10	0.01839	0.02069	0.09978	0.03696	0.39841	0.04932	0.02169	0.02319	0.01799	0.02500	0.02093	0.02587	0.05454	0.01827	0.12839	0.00445	0.01227	0.00807	0.00434	0.01146
11	0.02323	0.01793	0.02108	0.06404	0.02423	0.04669	0.04665	0.30520	0.02726	0.03739	0.02155	0.02677	0.01724	0.01902	0.12177	0.00433	0.01115	0.03092	0.12250	0.01105

[dist]
# distance from previous block
# <min> <max>
0	1

[block]
# block no. 7 follows, 22 sequences, length 10
# corresponding to MSA columns:
# 159-168
name=unknown_H
#
# <colnr> <probs for GDERKNQSTAVLIFYWHMCP>
#	G	D	E	R	K	N	Q	S	T	A	V	L	I	F	Y	W	H	M	C	P
0	0.01657	0.01665	0.06175	0.01621	0.01957	0.01744	0.01354	0.02775	0.27010	0.02704	0.03867	0.10867	0.14810	0.01526	0.01306	0.00304	0.15761	0.01183	0.00683	0.01030
1	0.01812	0.03426	0.42828	0.03392	0.26855	0.01946	0.02874	0.02600	0.01806	0.02662	0.01518	0.01867	0.01151	0.00771	0.00802	0.00257	0.01137	0.00661	0.00373	0.01261
2	0.16485	0.23426	0.08303	0.01960	0.08337	0.05592	0.01622	0.19462	0.02314	0.03341	0.01464	0.01634	0.01155	0.00819	0.00672	0.00228	0.00916	0.00577	0.00527	0.01165
3	0.01338	0.01015	0.01205	0.01244	0.01491	0.00980	0.00992	0.07948	0.02055	0.02619	0.05653	0.20089	0.26796	0.02147	0.01036	0.00322	0.00599	0.20903	0.00776	0.00793
4	0.01514	0.00907	0.01063	0.01024	0.01189	0.01011	0.00794	0.01863	0.01620	0.02773	0.02451	0.02989	0.02008	0.01947	0.12596	0.00413	0.08120	0.00790	0.54146	0.00783
5	0.14371	0.01895	0.07437	0.14832	0.02914	0.01812	0.01577	0.15953	0.05158	0.12397	0.05262	0.02280	0.01706	0.00922	0.00765	0.00248	0.00838	0.00724	0.00649	0.08259
6	0.01951	0.01824	0.06135	0.01602	0.01989	0.07112	0.01294	0.17642	0.12496	0.03161	0.03235	0.31398	0.03294	0.01681	0.00922	0.00290	0.00758	0.01444	0.00741	0.01029
7	0.02181	0.03736	0.34488	0.02837	0.15519	0.21922	0.02520	0.02824	0.01964	0.02465	0.01442	0.01736	0.01110	0.00800	0.00784	0.00245	0.01263	0.00615	0.00386	0.01164
8	0.02132	0.01703	0.02208	0.01622	0.02324	0.01514	0.07739	0.15047	0.02276	0.06708	0.04883	0.02119	0.01647	0.00781	0.00730	0.00181	0.00757	0.00668	0.00606	0.44356
9	0.03120	0.03471	0.02396	0.02072	0.02571	0.48069	0.01597	0.21116	0.02818	0.02991	0.01496	0.01647	0.01173	0.00898	0.00774	0.00225	0.01324	0.00599	0.00549	0.01098

[dist]
# distance from previous block
# <min> <max>
0	1

[block]
# block no. 8 follows, 22 sequences, length 9
# corresponding to MSA columns:
# 170-178
name=unknown_I
#
# <colnr> <probs for GDERKNQSTAVLIFYWHMCP>
#	G	D	E	R	K	N	Q	S	T	A	V	L	I	F	Y	W	H	M	C	P
0	0.01963	0.40117	0.33278	0.01862	0.02813	0.02655	0.02188	0.02554	0.01719	0.02269	0.01311	0.01529	0.01060	0.00747	0.00652	0.00217	0.01046	0.00523	0.00353	0.01141
1	0.01818	0.01818	0.02545	0.02181	0.02181	0.02545	0.01818	0.01999	0.01272	0.01999	0.01091	0.01818	0.01091	0.01454	0.02726	0.00364	0.69284	0.00727	0.00364	0.00909
2	0.01264	0.00865	0.01216	0.01216	0.01374	0.00982	0.00941	0.01580	0.01422	0.02177	0.02328	0.03228	0.02088	0.05111	0.53272	0.01092	0.01834	0.00865	0.16395	0.00749
3	0.01062	0.00845	0.00952	0.00926	0.01171	0.00735	0.00694	0.01347	0.02082	0.02693	0.31834	0.07257	0.41587	0.01937	0.00981	0.00273	0.00409	0.01650	0.00830	0.00735
4	0.00982	0.00842	0.00842	0.00842	0.01122	0.00701	0.00631	0.01192	0.01894	0.02244	0.08416	0.07995	0.65285	0.02104	0.00982	0.00281	0.00421	0.01753	0.00771	0.00701
5	0.02385	0.37528	0.07038	0.01709	0.02334	0.19360	0.01546	0.03059	0.13235	0.02291	0.01613	0.01721	0.01334	0.00828	0.00660	0.00211	0.01022	0.00568	0.00463	0.01095
6	0.01045	0.00746	0.01001	0.01194	0.01256	0.00703	0.00828	0.01213	0.01623	0.02157	0.04561	0.64199	0.05423	0.02572	0.01069	0.00342	0.00510	0.08104	0.00771	0.00684
7	0.01187	0.00890	0.01335	0.01335	0.01483	0.01038	0.01038	0.01483	0.01335	0.01928	0.02225	0.03264	0.02077	0.06231	0.67512	0.01335	0.02225	0.00890	0.00445	0.00742
8	0.08404	0.16576	0.02650	0.01926	0.02414	0.50402	0.01518	0.03095	0.02158	0.02144	0.01250	0.01456	0.01057	0.00822	0.00691	0.00210	0.01319	0.00511	0.00421	0.00978

[dist]
# distance from previous block
# <min> <max>
0	1

[block]
# block no. 9 follows, 22 sequences, length 11
# corresponding to MSA columns:
# 180-190
name=unknown_J
#
# <colnr> <probs for GDERKNQSTAVLIFYWHMCP>
#	G	D	E	R	K	N	Q	S	T	A	V	L	I	F	Y	W	H	M	C	P
0	0.20026	0.03639	0.50521	0.02056	0.03109	0.01913	0.02538	0.02585	0.01671	0.02899	0.01409	0.01655	0.01015	0.00785	0.00722	0.00262	0.01085	0.00574	0.00391	0.01147
1	0.02095	0.01695	0.01809	0.01617	0.02085	0.01917	0.01261	0.04165	0.55833	0.07367	0.03728	0.03426	0.06915	0.01189	0.00854	0.00280	0.00644	0.00990	0.00852	0.01278
2	0.01629	0.01540	0.02183	0.01928	0.01973	0.02094	0.01585	0.01845	0.01291	0.01978	0.01430	0.02250	0.01385	0.02881	0.22087	0.00654	0.49244	0.00776	0.00388	0.00859
3	0.01422	0.00913	0.01147	0.01152	0.01390	0.00795	0.00827	0.01625	0.01754	0.10132	0.04719	0.43751	0.14687	0.02102	0.00970	0.00294	0.00514	0.01861	0.00772	0.09175
4	0.01915	0.02416	0.11204	0.03246	0.04041	0.02128	0.50053	0.02590	0.01868	0.02590	0.01600	0.02146	0.01221	0.00787	0.01139	0.00287	0.08337	0.00915	0.00407	0.01110
5	0.02503	0.18730	0.02623	0.01707	0.02274	0.19864	0.01400	0.07961	0.18792	0.05504	0.01978	0.02008	0.01548	0.00887	0.00720	0.00219	0.00956	0.00647	0.00587	0.09095
6	0.01779	0.15821	0.40815	0.01943	0.02968	0.01993	0.02307	0.02485	0.01735	0.02525	0.01427	0.01671	0.01094	0.00736	0.00704	0.00216	0.01030	0.00556	0.00383	0.17811
7	0.01332	0.01113	0.01594	0.01495	0.01577	0.01302	0.03821	0.01511	0.01391	0.01962	0.02666	0.22024	0.02961	0.18169	0.16036	0.00654	0.17801	0.01335	0.00528	0.00728
8	0.02390	0.02494	0.02190	0.02254	0.10032	0.27853	0.01602	0.09000	0.02217	0.02631	0.02065	0.03222	0.01906	0.01189	0.01027	0.00266	0.08086	0.11414	0.07167	0.00996
9	0.15286	0.02877	0.02066	0.01833	0.02311	0.34102	0.01415	0.09752	0.16901	0.02999	0.01832	0.01903	0.01423	0.00921	0.00741	0.00241	0.01094	0.00638	0.00584	0.01083
10	0.03077	0.02222	0.02400	0.01866	0.02509	0.02451	0.01533	0.53708	0.09993	0.08328	0.02205	0.02152	0.01562	0.01012	0.00833	0.00253	0.00877	0.00772	0.00843	0.01403

[dist]
# distance from previous block
# <min> <max>
0	1

[block]
# block no. 10 follows, 22 sequences, length 29
# corresponding to MSA columns:
# 192-220
name=unknown_K
#
# <colnr> <probs for GDERKNQSTAVLIFYWHMCP>
#	G	D	E	R	K	N	Q	S	T	A	V	L	I	F	Y	W	H	M	C	P
0	0.01073	0.00765	0.01003	0.01108	0.01197	0.00715	0.00758	0.01281	0.01790	0.02444	0.22241	0.47350	0.06025	0.06664	0.01238	0.00345	0.00476	0.02036	0.00796	0.00696
1	0.02269	0.02058	0.01855	0.01642	0.02036	0.16519	0.01251	0.22736	0.02562	0.03204	0.02729	0.26497	0.02795	0.01517	0.00880	0.00264	0.00869	0.01264	0.00694	0.06359
2	0.02293	0.02423	0.03142	0.04429	0.51349	0.16800	0.02336	0.02723	0.01996	0.02560	0.01500	0.01930	0.01260	0.00766	0.00806	0.00239	0.01103	0.00694	0.00415	0.01236
3	0.02779	0.03964	0.16924	0.02182	0.02802	0.49728	0.01936	0.05787	0.02286	0.02310	0.01362	0.01578	0.01081	0.00847	0.00762	0.00227	0.01411	0.00562	0.00428	0.01043
4	0.02306	0.02477	0.03220	0.04273	0.46296	0.18018	0.06128	0.02745	0.02009	0.02544	0.01502	0.01931	0.01252	0.00766	0.00814	0.00241	0.01138	0.00705	0.00416	0.01217
5	0.01988	0.18562	0.02293	0.01373	0.01947	0.01872	0.01154	0.02891	0.20315	0.07595	0.03170	0.03086	0.11496	0.01052	0.00737	0.00218	0.00672	0.00834	0.00648	0.18097
6	0.01839	0.01345	0.01502	0.01267	0.01587	0.01370	0.00934	0.20355	0.02323	0.03163	0.13673	0.04304	0.06345	0.27269	0.02117	0.00450	0.00729	0.01081	0.00690	0.07658
7	0.02212	0.01999	0.02426	0.16504	0.15080	0.06753	0.01822	0.13021	0.24944	0.03230	0.02260	0.02421	0.01716	0.00951	0.00829	0.00264	0.00916	0.00799	0.00631	0.01224
8	0.01556	0.00862	0.00941	0.00908	0.01062	0.00877	0.00641	0.05150	0.01666	0.02688	0.02479	0.03441	0.02180	0.15686	0.01711	0.10553	0.00549	0.00855	0.45496	0.00699
9	0.01749	0.03806	0.53158	0.02945	0.16705	0.01939	0.02960	0.02614	0.01783	0.02648	0.01506	0.01818	0.01108	0.00779	0.00796	0.00260	0.01177	0.00641	0.00364	0.01246
10	0.02975	0.02190	0.02362	0.01847	0.02459	0.02414	0.01510	0.57577	0.03708	0.04969	0.02215	0.07832	0.01762	0.01135	0.00851	0.00257	0.00877	0.00886	0.00826	0.01350
11	0.02927	0.14628	0.02681	0.01975	0.02483	0.45748	0.01561	0.11276	0.04805	0.02508	0.01439	0.01599	0.01172	0.00862	0.00729	0.00215	0.01288	0.00564	0.00487	0.01054
12	0.01471	0.15751	0.01871	0.01252	0.01527	0.01466	0.01036	0.01778	0.01484	0.02146	0.02087	0.02825	0.01873	0.04110	0.41218	0.00883	0.01609	0.00775	0.14023	0.00816
13	0.03122	0.03394	0.02402	0.02061	0.02571	0.44978	0.01596	0.23952	0.02892	0.03143	0.01530	0.01670	0.01189	0.00905	0.00777	0.00226	0.01296	0.00609	0.00568	0.01119
14	0.01975	0.01631	0.01726	0.01529	0.01978	0.01802	0.01204	0.13256	0.37834	0.03452	0.04331	0.04250	0.16676	0.01369	0.00885	0.00280	0.00650	0.03179	0.00823	0.01172
15	0.01989	0.01717	0.01804	0.01630	0.02086	0.01969	0.01266	0.04184	0.59681	0.03387	0.03741	0.03449	0.07014	0.01197	0.00855	0.00282	0.00641	0.00997	0.00840	0.01271
16	0.01808	0.02623	0.20468	0.02859	0.03630	0.02044	0.33827	0.02474	0.01763	0.02505	0.01585	0.02125	0.01240	0.01227	0.05930	0.00363	0.11202	0.00841	0.00396	0.01091
17	0.02404	0.01766	0.02009	0.01670	0.02126	0.01951	0.01352	0.38920	0.02943	0.03969	0.02301	0.03180	0.01976	0.07701	0.16261	0.00550	0.01191	0.05885	0.00712	0.01135
18	0.03078	0.08225	0.02652	0.01870	0.02538	0.02637	0.01566	0.57691	0.03716	0.04955	0.01923	0.01938	0.01383	0.00973	0.00806	0.00243	0.00912	0.00722	0.00790	0.01383
19	0.02095	0.56091	0.18463	0.01636	0.02464	0.02979	0.01796	0.02520	0.01703	0.02108	0.01231	0.01428	0.01063	0.00729	0.00591	0.00197	0.00965	0.00483	0.00354	0.01103
20	0.01374	0.05318	0.01339	0.01153	0.01352	0.01093	0.00909	0.01699	0.01494	0.02322	0.02320	0.03085	0.02030	0.04116	0.40824	0.00879	0.01524	0.00823	0.25573	0.00773
21	0.33751	0.02471	0.16490	0.01670	0.02400	0.02130	0.01632	0.23762	0.02369	0.04010	0.01528	0.01669	0.01115	0.00855	0.00688	0.00256	0.00871	0.00592	0.00589	0.01155
22	0.05156	0.01658	0.02745	0.43227	0.26691	0.01892	0.02329	0.02288	0.01731	0.02404	0.01492	0.02119	0.01172	0.00796	0.00813	0.00265	0.01044	0.00726	0.00391	0.01061
23	0.02351	0.02119	0.01865	0.01631	0.02089	0.15653	0.01270	0.13846	0.24341	0.06114	0.03475	0.03351	0.12209	0.01194	0.00831	0.00256	0.00831	0.00940	0.04500	0.01135
24	0.02530	0.02714	0.02191	0.02118	0.07167	0.33548	0.01525	0.13302	0.02326	0.02625	0.01677	0.02091	0.01413	0.02278	0.18236	0.00516	0.01546	0.00681	0.00502	0.01012
25	0.01688	0.04164	0.62894	0.02524	0.07139	0.01932	0.03040	0.02626	0.01762	0.02636	0.01495	0.01771	0.01067	0.00786	0.00791	0.00262	0.01214	0.00621	0.00354	0.01233
26	0.02956	0.03200	0.02281	0.01967	0.02459	0.41701	0.01521	0.22052	0.02811	0.03066	0.02062	0.02159	0.06150	0.00997	0.00793	0.00230	0.01229	0.00697	0.00583	0.01086
27	0.02311	0.45389	0.14765	0.01738	0.02479	0.16615	0.01748	0.02688	0.01840	0.02089	0.01241	0.01441	0.01065	0.00755	0.00623	0.00200	0.01076	0.00493	0.00370	0.01073
28	0.02003	0.35175	0.12186	0.13362	0.17329	0.02572	0.02044	0.02461	0.01739	0.02245	0.01345	0.01697	0.01128	0.00748	0.00682	0.00221	0.00992	0.00582	0.00370	0.01121

[dist]
# distance from previous block
# <min> <max>
0	1

[block]
# block no. 11 follows, 22 sequences, length 53
# corresponding to MSA columns:
# 222-274
name=unknown_L
#
# <colnr> <probs for GDERKNQSTAVLIFYWHMCP>
#	G	D	E	R	K	N	Q	S	T	A	V	L	I	F	Y	W	H	M	C	P
0	0.01335	0.01071	0.01232	0.01276	0.01506	0.01102	0.00948	0.02143	0.19489	0.02565	0.05032	0.32480	0.17217	0.02049	0.00990	0.00314	0.00545	0.07042	0.00792	0.00871
1	0.02903	0.03415	0.02331	0.02174	0.05177	0.50541	0.01596	0.09491	0.06096	0.02477	0.01544	0.01761	0.01256	0.01163	0.04254	0.00282	0.01403	0.00609	0.00495	0.01034
2	0.03154	0.02434	0.02484	0.01926	0.02576	0.06843	0.01581	0.58937	0.03804	0.05025	0.01948	0.01962	0.01390	0.00988	0.00826	0.00247	0.00953	0.00734	0.00805	0.01383
3	0.02973	0.02617	0.02328	0.01884	0.02460	0.18627	0.01511	0.43136	0.03360	0.04201	0.02323	0.02343	0.06357	0.01049	0.00822	0.00243	0.01021	0.00774	0.00726	0.01245
4	0.03158	0.02327	0.02493	0.01911	0.02576	0.02576	0.01579	0.62852	0.03906	0.05236	0.01995	0.01995	0.01413	0.00997	0.00831	0.00249	0.00914	0.00748	0.00831	0.01413
5	0.01263	0.00866	0.01217	0.01217	0.01375	0.00983	0.00942	0.01579	0.01421	0.02175	0.02327	0.03229	0.02088	0.05121	0.53404	0.01094	0.01838	0.00866	0.16248	0.00749
6	0.01055	0.00741	0.00951	0.01102	0.01139	0.00703	0.00713	0.01168	0.01507	0.02009	0.04149	0.56066	0.04953	0.17538	0.01754	0.00440	0.00553	0.02109	0.00713	0.00637
7	0.18267	0.24840	0.32605	0.01790	0.02698	0.02343	0.02075	0.02544	0.01659	0.02658	0.01312	0.01533	0.01023	0.00761	0.00648	0.00235	0.00993	0.00524	0.00388	0.01105
8	0.03103	0.03959	0.02354	0.02140	0.02568	0.67469	0.01605	0.03317	0.02354	0.02033	0.01284	0.01498	0.01070	0.00856	0.00749	0.00214	0.01498	0.00535	0.00428	0.00963
9	0.06191	0.37623	0.17635	0.01723	0.02528	0.02754	0.01796	0.15736	0.02174	0.02916	0.01414	0.01572	0.01130	0.00794	0.00654	0.00217	0.00957	0.00549	0.00467	0.01169
10	0.01268	0.00969	0.01212	0.01320	0.01557	0.00941	0.01112	0.01712	0.05585	0.02468	0.05617	0.08562	0.23899	0.02165	0.01077	0.00344	0.00649	0.37994	0.00772	0.00777
11	0.01316	0.01006	0.01244	0.01220	0.01477	0.00895	0.00872	0.05038	0.01760	0.02451	0.03652	0.49117	0.04189	0.02012	0.00936	0.00279	0.00541	0.01800	0.00705	0.19491
12	0.03146	0.02684	0.02463	0.01962	0.02574	0.16787	0.01585	0.49815	0.03566	0.04534	0.01839	0.01886	0.01338	0.00966	0.00813	0.00242	0.01042	0.00701	0.00743	0.01314
13	0.01172	0.00800	0.00933	0.00959	0.00985	0.00796	0.00572	0.01215	0.01294	0.01721	0.03097	0.13954	0.05898	0.55593	0.06982	0.00750	0.00821	0.01366	0.00547	0.00547
14	0.01722	0.07642	0.57755	0.02419	0.03585	0.02016	0.08273	0.02626	0.01769	0.02598	0.01490	0.01775	0.01072	0.00777	0.00793	0.00260	0.01225	0.00638	0.00357	0.01210
15	0.02131	0.01983	0.01882	0.01701	0.02157	0.09312	0.01315	0.04139	0.54267	0.03256	0.03385	0.03153	0.05347	0.01143	0.00841	0.00274	0.00740	0.00933	0.00795	0.01247
16	0.01009	0.00736	0.00950	0.01122	0.01196	0.00678	0.00756	0.01161	0.01624	0.02134	0.05008	0.63302	0.12178	0.02547	0.01052	0.00331	0.00475	0.02294	0.00771	0.00678
17	0.01666	0.04297	0.66500	0.02368	0.03596	0.01929	0.03069	0.02631	0.01754	0.02631	0.01491	0.01754	0.01052	0.00789	0.00789	0.00263	0.01228	0.00614	0.00351	0.01228
18	0.01187	0.00890	0.01335	0.01335	0.01483	0.01038	0.01038	0.01483	0.01335	0.01928	0.02225	0.03264	0.02077	0.06231	0.67512	0.01335	0.02225	0.00890	0.00445	0.00742
19	0.02221	0.71304	0.04353	0.01421	0.02132	0.03287	0.01421	0.02488	0.01688	0.01955	0.01155	0.01333	0.01066	0.00711	0.00533	0.00178	0.00888	0.00444	0.00355	0.01066
20	0.01666	0.04297	0.66500	0.02368	0.03596	0.01929	0.03069	0.02631	0.01754	0.02631	0.01491	0.01754	0.01052	0.00789	0.00789	0.00263	0.01228	0.00614	0.00351	0.01228
21	0.02221	0.71304	0.04353	0.01421	0.02132	0.03287	0.01421	0.02488	0.01688	0.01955	0.01155	0.01333	0.01066	0.00711	0.00533	0.00178	0.00888	0.00444	0.00355	0.01066
22	0.01666	0.04297	0.66500	0.02368	0.03596	0.01929	0.03069	0.02631	0.01754	0.02631	0.01491	0.01754	0.01052	0.00789	0.00789	0.00263	0.01228	0.00614	0.00351	0.01228
23	0.02163	0.01068	0.01427	0.01213	0.01581	0.00953	0.00953	0.02528	0.02362	0.27654	0.41232	0.04899	0.05601	0.01439	0.00924	0.00260	0.00514	0.01244	0.00958	0.01028
24	0.03059	0.07306	0.02454	0.02104	0.02547	0.64279	0.01596	0.03276	0.02321	0.02029	0.01278	0.01490	0.01070	0.00849	0.00738	0.00212	0.01468	0.00531	0.00424	0.00968
25	0.01666	0.04297	0.66500	0.02368	0.03596	0.01929	0.03069	0.02631	0.01754	0.02631	0.01491	0.01754	0.01052	0.00789	0.00789	0.00263	0.01228	0.00614	0.00351	0.01228
26	0.02657	0.02461	0.02085	0.01738	0.02250	0.20636	0.01375	0.32156	0.03016	0.03657	0.03223	0.03191	0.15552	0.01204	0.00841	0.00246	0.00970	0.00911	0.00703	0.01126
27	0.00982	0.00842	0.00842	0.00842	0.01122	0.00701	0.00631	0.01192	0.01894	0.02244	0.08416	0.07995	0.65285	0.02104	0.00982	0.00281	0.00421	0.01753	0.00771	0.00701
28	0.02056	0.01974	0.03372	0.05099	0.65622	0.01974	0.02550	0.02550	0.01892	0.02714	0.01563	0.02056	0.01316	0.00740	0.00822	0.00247	0.00987	0.00740	0.00411	0.01316
29	0.03106	0.03878	0.02361	0.02129	0.02569	0.64241	0.01604	0.06279	0.02431	0.02192	0.01319	0.01523	0.01087	0.00863	0.00753	0.00216	0.01469	0.00546	0.00448	0.00985
30	0.01549	0.00774	0.00774	0.00774	0.00968	0.00774	0.00581	0.01936	0.01742	0.03097	0.02710	0.03097	0.02129	0.00968	0.00581	0.00194	0.00387	0.00774	0.75416	0.00774
31	0.01187	0.00890	0.01335	0.01335	0.01483	0.01038	0.01038	0.01483	0.01335	0.01928	0.02225	0.03264	0.02077	0.06231	0.67512	0.01335	0.02225	0.00890	0.00445	0.00742
32	0.01012	0.00723	0.00964	0.01157	0.01205	0.00675	0.00771	0.01157	0.01591	0.02121	0.04579	0.70262	0.05495	0.02603	0.01060	0.00337	0.00482	0.02362	0.00771	0.00675
33	0.01187	0.00890	0.01335	0.01335	0.01483	0.01038	0.01038	0.01483	0.01335	0.01928	0.02225	0.03264	0.02077	0.06231	0.67512	0.01335	0.02225	0.00890	0.00445	0.00742
34	0.03103	0.03959	0.02354	0.02140	0.02568	0.67469	0.01605	0.03317	0.02354	0.02033	0.01284	0.01498	0.01070	0.00856	0.00749	0.00214	0.01498	0.00535	0.00428	0.00963
35	0.76672	0.01607	0.01221	0.01092	0.01607	0.01864	0.00900	0.02442	0.01414	0.03727	0.01157	0.01350	0.00900	0.00771	0.00514	0.00257	0.00643	0.00450	0.00514	0.00900
36	0.01187	0.00890	0.01335	0.01335	0.01483	0.01038	0.01038	0.01483	0.01335	0.01928	0.02225	0.03264	0.02077	0.06231	0.67512	0.01335	0.02225	0.00890	0.00445	0.00742
37	0.01160	0.00900	0.01064	0.01028	0.01268	0.00829	0.00782	0.01587	0.05391	0.02905	0.38521	0.06840	0.28254	0.01844	0.00981	0.00275	0.00434	0.04303	0.00852	0.00781
38	0.02907	0.18970	0.02800	0.01980	0.02471	0.53163	0.01564	0.03132	0.02206	0.02016	0.01255	0.01461	0.01069	0.00824	0.00701	0.00206	0.01362	0.00515	0.00412	0.00986
39	0.03559	0.01377	0.01874	0.01450	0.02063	0.01192	0.01192	0.03885	0.02376	0.62064	0.07348	0.03050	0.02437	0.01072	0.00845	0.00257	0.00686	0.00879	0.01021	0.01372
40	0.02586	0.05864	0.02385	0.02026	0.06528	0.08327	0.01529	0.26411	0.28069	0.03885	0.02422	0.02369	0.01815	0.01005	0.00813	0.00255	0.00867	0.00790	0.00747	0.01307
41	0.02009	0.01673	0.01823	0.01677	0.02110	0.01903	0.01337	0.07779	0.49119	0.03415	0.03471	0.04140	0.02861	0.01326	0.00898	0.00298	0.00693	0.11416	0.00830	0.01224
42	0.01187	0.00890	0.01335	0.01335	0.01483	0.01038	0.01038	0.01483	0.01335	0.01928	0.02225	0.03264	0.02077	0.06231	0.67512	0.01335	0.02225	0.00890	0.00445	0.00742
43	0.02056	0.01974	0.03372	0.05099	0.65622	0.01974	0.02550	0.02550	0.01892	0.02714	0.01563	0.02056	0.01316	0.00740	0.00822	0.00247	0.00987	0.00740	0.00411	0.01316
44	0.02812	0.03407	0.02637	0.02963	0.20105	0.49254	0.01868	0.03104	0.02226	0.02223	0.01362	0.01653	0.01138	0.00824	0.00769	0.00223	0.01356	0.00592	0.00423	0.01061
45	0.03158	0.02327	0.02493	0.01911	0.02576	0.02576	0.01579	0.62852	0.03906	0.05236	0.01995	0.01995	0.01413	0.00997	0.00831	0.00249	0.00914	0.00748	0.00831	0.01413
46	0.18259	0.23920	0.33459	0.01803	0.02719	0.02324	0.02097	0.02546	0.01660	0.02667	0.01316	0.01538	0.01023	0.00762	0.00652	0.00236	0.00997	0.00527	0.00388	0.01107
47	0.01666	0.04297	0.66500	0.02368	0.03596	0.01929	0.03069	0.02631	0.01754	0.02631	0.01491	0.01754	0.01052	0.00789	0.00789	0.00263	0.01228	0.00614	0.00351	0.01228
48	0.01187	0.00890	0.01335	0.01335	0.01483	0.01038	0.01038	0.01483	0.01335	0.01928	0.02225	0.03264	0.02077	0.06231	0.67512	0.01335	0.02225	0.00890	0.00445	0.00742
49	0.02056	0.01974	0.03372	0.05099	0.65622	0.01974	0.02550	0.02550	0.01892	0.02714	0.01563	0.02056	0.01316	0.00740	0.00822	0.00247	0.00987	0.00740	0.00411	0.01316
50	0.01208	0.00805	0.00906	0.00906	0.00906	0.00805	0.00503	0.01208	0.01208	0.01611	0.02618	0.05436	0.03020	0.70804	0.04228	0.00805	0.00805	0.01208	0.00503	0.00503
