[name]
unknown

[dist]
# distance from previous block
# <min> <max>
0	9

[block]
# block no. 0 follows, 21 sequences, length 55
# corresponding to MSA columns:
# 10-64
name=unknown_A
#
# <colnr> <probs for GDERKNQSTAVLIFYWHMCP>
#	G	D	E	R	K	N	Q	S	T	A	V	L	I	F	Y	W	H	M	C	P
0	0.01972	0.02152	0.08353	0.02438	0.08616	0.06893	0.12540	0.03073	0.20222	0.02892	0.02730	0.03880	0.02377	0.01197	0.00925	0.00290	0.00984	0.12594	0.00629	0.05243
1	0.02151	0.02397	0.07720	0.01686	0.02274	0.18226	0.01416	0.07550	0.04531	0.02720	0.01948	0.08340	0.01753	0.01410	0.05949	0.00299	0.01065	0.00781	0.00541	0.27243
2	0.13160	0.01414	0.01638	0.05303	0.02036	0.01476	0.01161	0.08014	0.06933	0.18120	0.05893	0.10029	0.14917	0.01429	0.00966	0.00284	0.04232	0.01147	0.00785	0.01065
3	0.10830	0.11981	0.02828	0.02683	0.18869	0.14700	0.01761	0.14897	0.07944	0.03247	0.01701	0.01897	0.01350	0.00870	0.00755	0.00241	0.01012	0.00663	0.00556	0.01216
4	0.17457	0.05356	0.04883	0.08478	0.18854	0.01844	0.01705	0.07731	0.01920	0.03069	0.01902	0.02691	0.01637	0.01472	0.07015	0.00367	0.01001	0.05191	0.06353	0.01071
5	0.02384	0.01692	0.02526	0.08269	0.27960	0.01722	0.01870	0.03163	0.13085	0.17916	0.02635	0.08643	0.02130	0.01082	0.00873	0.00273	0.00843	0.00970	0.00684	0.01281
6	0.01703	0.04655	0.02555	0.21264	0.20264	0.01897	0.01946	0.02094	0.01738	0.02334	0.02880	0.03300	0.13972	0.01209	0.01249	0.00289	0.14216	0.00951	0.00471	0.01014
7	0.02068	0.02205	0.08418	0.15723	0.31494	0.02077	0.14449	0.07965	0.02086	0.02888	0.01644	0.02144	0.01286	0.00795	0.00875	0.00267	0.01131	0.00798	0.00450	0.01237
8	0.02445	0.02015	0.02383	0.09611	0.11424	0.04510	0.01662	0.25304	0.10795	0.03791	0.02043	0.02226	0.01549	0.00919	0.00803	0.00239	0.00884	0.00745	0.04541	0.12111
9	0.05057	0.01841	0.02883	0.35322	0.31112	0.04531	0.02381	0.02427	0.01822	0.02503	0.01529	0.02131	0.01216	0.00809	0.00830	0.00267	0.01077	0.00736	0.00406	0.01121
10	0.01791	0.01518	0.02181	0.02382	0.14543	0.01797	0.01600	0.07431	0.01745	0.02580	0.01850	0.02554	0.01637	0.02910	0.23680	0.00658	0.19825	0.00811	0.07515	0.00991
11	0.02270	0.01877	0.01970	0.07971	0.08206	0.14587	0.01414	0.02767	0.12876	0.09300	0.02029	0.02441	0.01630	0.01598	0.01628	0.24239	0.00948	0.00757	0.00555	0.00936
12	0.16654	0.01531	0.02215	0.02078	0.07018	0.01804	0.08122	0.02066	0.01485	0.02512	0.01662	0.02376	0.01486	0.02998	0.25413	0.00696	0.17739	0.00779	0.00444	0.00923
13	0.01052	0.00752	0.01001	0.01175	0.01238	0.00701	0.00791	0.01223	0.01700	0.02285	0.10122	0.63784	0.05847	0.02582	0.01079	0.00339	0.00485	0.02339	0.00803	0.00701
14	0.05420	0.01042	0.01254	0.01113	0.01359	0.00983	0.00781	0.02140	0.01768	0.19427	0.11345	0.04886	0.06590	0.35315	0.02586	0.00543	0.00713	0.01167	0.00734	0.00838
15	0.02647	0.01343	0.01684	0.01442	0.01892	0.01300	0.01123	0.03405	0.15981	0.33009	0.08754	0.13259	0.03303	0.05450	0.01110	0.00315	0.00657	0.01192	0.00930	0.01203
16	0.02877	0.02206	0.02353	0.01886	0.02503	0.02472	0.01531	0.43581	0.22949	0.04787	0.02497	0.02405	0.01815	0.01064	0.00856	0.00266	0.00852	0.00829	0.00856	0.01415
17	0.01104	0.00784	0.00965	0.01075	0.01201	0.00720	0.00747	0.01320	0.01798	0.02445	0.12687	0.44251	0.16225	0.02299	0.01015	0.00311	0.00462	0.02042	0.07829	0.00720
18	0.01254	0.00820	0.01081	0.01162	0.01283	0.00760	0.00806	0.01470	0.01855	0.06193	0.19692	0.46172	0.05899	0.05860	0.01221	0.00346	0.00501	0.02041	0.00829	0.00755
19	0.01192	0.00845	0.00896	0.00884	0.01120	0.00756	0.00654	0.01471	0.01945	0.02665	0.16354	0.06532	0.36643	0.05356	0.01080	0.00291	0.00438	0.01481	0.18656	0.00740
20	0.01554	0.00796	0.00806	0.00806	0.00986	0.00796	0.00587	0.01913	0.01734	0.03031	0.02767	0.03396	0.02266	0.07436	0.00943	0.00257	0.00437	0.00835	0.67887	0.00767
21	0.01112	0.00791	0.01028	0.01120	0.01211	0.00741	0.00763	0.01323	0.01829	0.02502	0.23169	0.42449	0.06094	0.10040	0.01429	0.00376	0.00502	0.02009	0.00805	0.00706
22	0.01813	0.01009	0.01197	0.01087	0.01424	0.00875	0.00821	0.02040	0.01998	0.19660	0.08208	0.12534	0.33812	0.08074	0.01275	0.00335	0.00553	0.01539	0.00843	0.00902
23	0.01073	0.00849	0.00966	0.00969	0.01199	0.00742	0.00714	0.01340	0.02051	0.02639	0.25949	0.15259	0.39059	0.02086	0.01015	0.00288	0.00429	0.01792	0.00837	0.00742
24	0.01607	0.01513	0.02552	0.68047	0.05861	0.01891	0.02363	0.02174	0.01702	0.02174	0.01513	0.02269	0.01134	0.00851	0.00851	0.00284	0.01134	0.00756	0.00378	0.00945
25	0.01165	0.00887	0.00974	0.00939	0.01220	0.00760	0.00709	0.01431	0.02075	0.05051	0.22142	0.07530	0.48091	0.02010	0.00999	0.00282	0.00435	0.01696	0.00837	0.00768
26	0.09897	0.01186	0.01316	0.01298	0.01547	0.01260	0.00937	0.02402	0.17930	0.06182	0.05861	0.28764	0.03820	0.11974	0.01433	0.00385	0.00618	0.01519	0.00760	0.00910
27	0.01798	0.01196	0.01372	0.01231	0.01608	0.01166	0.00955	0.02604	0.16922	0.13567	0.19567	0.05652	0.25699	0.01629	0.00946	0.00279	0.00532	0.01375	0.00888	0.01014
28	0.01235	0.00835	0.00977	0.00977	0.00994	0.00852	0.00577	0.01269	0.01252	0.01686	0.02636	0.05320	0.02986	0.62976	0.11300	0.00886	0.00988	0.01201	0.00509	0.00543
29	0.01430	0.00994	0.01262	0.01226	0.01382	0.01080	0.00894	0.06969	0.01645	0.02352	0.02646	0.10061	0.02654	0.21456	0.30937	0.00898	0.01400	0.01113	0.08845	0.00756
30	0.01125	0.00820	0.01059	0.01098	0.01248	0.00754	0.00786	0.01416	0.02076	0.02855	0.37339	0.30457	0.11554	0.02124	0.01035	0.00299	0.00439	0.01893	0.00870	0.00754
31	0.01128	0.00845	0.01027	0.01119	0.01249	0.00800	0.00771	0.01428	0.05140	0.02364	0.11833	0.41581	0.16437	0.08524	0.01345	0.00367	0.00512	0.02017	0.00786	0.00729
32	0.02765	0.03377	0.02368	0.02136	0.02465	0.48906	0.01641	0.02985	0.02111	0.02067	0.01352	0.01741	0.01181	0.01430	0.06351	0.00340	0.14782	0.00615	0.00427	0.00958
33	0.04289	0.00911	0.01022	0.01017	0.01277	0.00824	0.00788	0.01456	0.02068	0.02739	0.25279	0.07486	0.37448	0.01989	0.01004	0.00292	0.00471	0.08055	0.00824	0.00761
34	0.01034	0.00752	0.00976	0.01156	0.01227	0.00694	0.00777	0.01188	0.01658	0.02184	0.05048	0.63951	0.10984	0.02620	0.01079	0.00340	0.00488	0.02363	0.00790	0.00694
35	0.01807	0.03702	0.45527	0.02811	0.03937	0.02035	0.22598	0.02705	0.01867	0.02705	0.01592	0.01962	0.01149	0.00778	0.00874	0.00275	0.01317	0.00754	0.00383	0.01221
36	0.76103	0.01646	0.01251	0.01119	0.01646	0.01909	0.00922	0.02502	0.01448	0.03818	0.01185	0.01382	0.00922	0.00790	0.00527	0.00263	0.00658	0.00461	0.00527	0.00922
37	0.03235	0.02384	0.02554	0.01958	0.02639	0.02639	0.01618	0.61946	0.04001	0.05363	0.02043	0.02043	0.01447	0.01022	0.00851	0.00255	0.00936	0.00766	0.00851	0.01447
38	0.02567	0.03577	0.22602	0.02163	0.02910	0.26352	0.02078	0.12943	0.11068	0.03026	0.01806	0.01934	0.01360	0.00918	0.00808	0.00251	0.01226	0.00668	0.00541	0.01200
39	0.01299	0.01046	0.01412	0.01403	0.01567	0.03857	0.01088	0.01600	0.01412	0.01980	0.02238	0.03266	0.02084	0.06148	0.63912	0.01319	0.02248	0.00896	0.00455	0.00769
40	0.10150	0.03293	0.37725	0.03017	0.20303	0.01989	0.02649	0.02751	0.05189	0.02892	0.01616	0.01912	0.01219	0.00812	0.00790	0.00265	0.01090	0.00664	0.00423	0.01250
41	0.01216	0.00912	0.01368	0.01368	0.01520	0.01064	0.01064	0.01520	0.01368	0.01976	0.02279	0.03343	0.02127	0.06382	0.66720	0.01368	0.02279	0.00912	0.00456	0.00760
42	0.01007	0.00857	0.00867	0.00875	0.01153	0.00717	0.00652	0.01220	0.01927	0.02294	0.08459	0.10723	0.62010	0.02176	0.01009	0.00290	0.00434	0.01822	0.00790	0.00717
43	0.02641	0.16383	0.15581	0.02105	0.02738	0.38298	0.01924	0.03024	0.02099	0.02190	0.01323	0.01574	0.01093	0.00869	0.00846	0.00231	0.05061	0.00558	0.00405	0.01058
44	0.01948	0.01940	0.03334	0.11097	0.30324	0.04600	0.16583	0.02480	0.01952	0.02630	0.02101	0.03417	0.01902	0.01034	0.00936	0.00287	0.01111	0.10700	0.00481	0.01144
45	0.01031	0.00765	0.00962	0.01120	0.01217	0.00697	0.00761	0.01192	0.01692	0.02198	0.05484	0.57148	0.17505	0.02563	0.01070	0.00334	0.00481	0.02293	0.00790	0.00697
46	0.01020	0.00867	0.00882	0.00890	0.01174	0.00729	0.00675	0.01243	0.01940	0.02309	0.08459	0.08245	0.62094	0.02163	0.01012	0.00291	0.00445	0.04051	0.00790	0.00721
47	0.02812	0.02688	0.02251	0.07120	0.02681	0.28122	0.01566	0.16103	0.08127	0.08943	0.01988	0.02185	0.01524	0.01564	0.08177	0.00371	0.01300	0.00720	0.00624	0.01136
48	0.01089	0.00888	0.01020	0.01028	0.01240	0.00820	0.00761	0.01324	0.01934	0.02464	0.17563	0.19382	0.39846	0.02147	0.01107	0.00299	0.03733	0.01819	0.00796	0.00739
49	0.02196	0.34151	0.24444	0.02175	0.07664	0.11423	0.02134	0.02718	0.01861	0.02305	0.01348	0.01590	0.01108	0.00777	0.00687	0.00222	0.01119	0.00549	0.00377	0.01153
50	0.15654	0.05269	0.12537	0.08094	0.05473	0.07843	0.01767	0.14424	0.02236	0.03257	0.02087	0.07216	0.01883	0.01152	0.00817	0.00277	0.00967	0.07383	0.00578	0.01086
51	0.02076	0.08224	0.17526	0.02108	0.06197	0.19630	0.01897	0.02653	0.05228	0.02459	0.02738	0.03958	0.06893	0.01273	0.00876	0.00277	0.01096	0.13319	0.00537	0.01036
52	0.15928	0.01391	0.04671	0.01469	0.01907	0.01249	0.06614	0.02047	0.01888	0.07673	0.04736	0.05980	0.23059	0.01660	0.00936	0.00307	0.00721	0.16161	0.00705	0.00897
53	0.05955	0.06342	0.09262	0.08064	0.15709	0.17185	0.10462	0.08282	0.05563	0.02842	0.01638	0.01962	0.01282	0.00838	0.00816	0.00253	0.01179	0.00713	0.00483	0.01170
54	0.02047	0.02602	0.16507	0.02748	0.17365	0.07698	0.02099	0.05363	0.01895	0.02691	0.01473	0.01863	0.01209	0.00896	0.01133	0.00247	0.13219	0.00652	0.00440	0.17852

[dist]
# distance from previous block
# <min> <max>
10	58

[block]
# block no. 1 follows, 21 sequences, length 23
# corresponding to MSA columns:
# 124-146
name=unknown_B
#
# <colnr> <probs for GDERKNQSTAVLIFYWHMCP>
#	G	D	E	R	K	N	Q	S	T	A	V	L	I	F	Y	W	H	M	C	P
0	0.01629	0.01971	0.14856	0.02192	0.12219	0.01581	0.01666	0.02275	0.09770	0.02391	0.02378	0.08489	0.02317	0.21522	0.04891	0.00494	0.06831	0.01034	0.00521	0.00974
1	0.02039	0.02331	0.05246	0.02224	0.04846	0.18073	0.10086	0.02394	0.01866	0.02305	0.02357	0.03095	0.07514	0.01662	0.07000	0.00377	0.15725	0.04778	0.00482	0.05601
2	0.02229	0.01921	0.01744	0.01558	0.01937	0.14741	0.01189	0.13864	0.07654	0.07790	0.03603	0.12423	0.12496	0.06153	0.06425	0.00394	0.00979	0.01175	0.00713	0.01012
3	0.02178	0.02787	0.12116	0.13204	0.14030	0.19777	0.06753	0.02667	0.01972	0.02424	0.01716	0.02109	0.03328	0.00879	0.00906	0.00249	0.04237	0.00712	0.00428	0.07526
4	0.07456	0.01548	0.02402	0.02133	0.07374	0.01536	0.16518	0.04339	0.09935	0.02969	0.11914	0.09888	0.15601	0.01392	0.00938	0.00284	0.00801	0.01284	0.00680	0.01009
5	0.02540	0.03089	0.07945	0.02708	0.15691	0.33639	0.01898	0.06553	0.02289	0.02544	0.02130	0.02834	0.04874	0.01064	0.00844	0.00253	0.01233	0.06284	0.00505	0.01082
6	0.02154	0.19039	0.13366	0.07215	0.06454	0.15202	0.01878	0.05670	0.01997	0.02425	0.01813	0.02665	0.01622	0.01517	0.07211	0.00357	0.01240	0.06656	0.00461	0.01057
7	0.01960	0.10328	0.09046	0.02126	0.09921	0.05302	0.01639	0.12431	0.02089	0.02791	0.02318	0.15891	0.02280	0.02158	0.11683	0.00452	0.04911	0.01061	0.00561	0.01052
8	0.01986	0.01904	0.01681	0.01580	0.01933	0.14755	0.01199	0.07900	0.19864	0.02869	0.04050	0.18036	0.13007	0.01625	0.00928	0.00288	0.00799	0.03837	0.00745	0.01015
9	0.09582	0.02807	0.09634	0.03509	0.31681	0.20203	0.02175	0.02917	0.04772	0.02711	0.01556	0.01889	0.01263	0.00818	0.00788	0.00248	0.01136	0.00665	0.00450	0.01195
10	0.01976	0.12308	0.35846	0.02121	0.02968	0.12412	0.02355	0.02603	0.01843	0.02407	0.01958	0.02205	0.06030	0.00988	0.00999	0.00263	0.08497	0.00697	0.00408	0.01116
11	0.01107	0.00791	0.01069	0.01266	0.01346	0.00752	0.00913	0.01307	0.01699	0.02251	0.04651	0.56875	0.05474	0.02600	0.01105	0.00355	0.00555	0.14384	0.00789	0.00711
12	0.06898	0.03259	0.36777	0.06935	0.03769	0.01954	0.17696	0.02769	0.01871	0.07633	0.01696	0.02013	0.01206	0.00806	0.00846	0.00274	0.01213	0.00739	0.00444	0.01201
13	0.05894	0.02730	0.26107	0.02916	0.13951	0.01814	0.16689	0.02431	0.01826	0.02695	0.02083	0.12975	0.01908	0.01079	0.00891	0.00283	0.01100	0.01024	0.00467	0.01136
14	0.01219	0.00900	0.01309	0.01309	0.01441	0.01032	0.00991	0.01482	0.01350	0.01932	0.02333	0.03640	0.02256	0.14871	0.58407	0.01295	0.02086	0.00955	0.00464	0.00727
15	0.01238	0.00825	0.00928	0.00928	0.00928	0.00825	0.00516	0.01238	0.01238	0.01650	0.02681	0.05569	0.03094	0.70092	0.04331	0.00825	0.00825	0.01238	0.00516	0.00516
16	0.01982	0.02478	0.10281	0.03486	0.04381	0.02137	0.56617	0.02723	0.01990	0.02723	0.01705	0.02252	0.01273	0.00725	0.00987	0.00285	0.01419	0.00972	0.00424	0.01157
17	0.02125	0.01907	0.02869	0.10477	0.37433	0.02022	0.02184	0.08842	0.13003	0.03103	0.02149	0.02775	0.01780	0.00964	0.00869	0.00271	0.00942	0.04443	0.00562	0.01281
18	0.03122	0.08220	0.02540	0.02146	0.02603	0.62714	0.01633	0.03345	0.02369	0.02078	0.01307	0.01524	0.01096	0.00868	0.00753	0.00217	0.01496	0.00542	0.00434	0.00993
19	0.02106	0.02022	0.03454	0.05223	0.64784	0.02022	0.02612	0.02612	0.01938	0.02780	0.01601	0.02106	0.01348	0.00758	0.00842	0.00253	0.01011	0.00758	0.00421	0.01348
20	0.01607	0.01513	0.02552	0.68047	0.05861	0.01891	0.02363	0.02174	0.01702	0.02174	0.01513	0.02269	0.01134	0.00851	0.00851	0.00284	0.01134	0.00756	0.00378	0.00945
21	0.02462	0.02798	0.02038	0.01875	0.02224	0.38609	0.01430	0.06363	0.02128	0.02248	0.01715	0.02230	0.01496	0.02906	0.24968	0.00643	0.01771	0.00695	0.00471	0.00932
22	0.18048	0.02735	0.02003	0.09808	0.02612	0.34082	0.01464	0.02748	0.02051	0.02562	0.05990	0.02368	0.05747	0.01020	0.00830	0.00250	0.03531	0.00711	0.00504	0.00936

[dist]
# distance from previous block
# <min> <max>
2	14

[block]
# block no. 2 follows, 21 sequences, length 59
# corresponding to MSA columns:
# 162-220
name=unknown_C
#
# <colnr> <probs for GDERKNQSTAVLIFYWHMCP>
#	G	D	E	R	K	N	Q	S	T	A	V	L	I	F	Y	W	H	M	C	P
0	0.01972	0.01885	0.03212	0.22067	0.48986	0.01987	0.02545	0.02494	0.01874	0.02618	0.01577	0.02150	0.01291	0.00783	0.00845	0.00261	0.01044	0.00758	0.00410	0.01240
1	0.02277	0.02379	0.07094	0.03377	0.11497	0.02235	0.38426	0.15749	0.02429	0.03312	0.01768	0.02193	0.01323	0.00794	0.00941	0.00275	0.01264	0.00904	0.00519	0.01244
2	0.01306	0.00971	0.01058	0.01081	0.01138	0.03884	0.00688	0.01397	0.01397	0.01864	0.02903	0.15601	0.03257	0.44451	0.11616	0.00762	0.00975	0.01340	0.03702	0.00610
3	0.01029	0.00772	0.00955	0.01102	0.01213	0.00698	0.00753	0.01194	0.01709	0.02205	0.05695	0.53859	0.20658	0.02536	0.01066	0.00331	0.00478	0.02260	0.00790	0.00698
4	0.04703	0.00837	0.00958	0.01025	0.01099	0.00816	0.00650	0.01277	0.01467	0.02015	0.03989	0.29183	0.10527	0.34676	0.02599	0.00564	0.00653	0.01695	0.00647	0.00621
5	0.02050	0.01975	0.03301	0.08175	0.53910	0.02088	0.02506	0.02519	0.01847	0.02657	0.01536	0.02085	0.01308	0.00854	0.01085	0.00269	0.09392	0.00756	0.00413	0.01275
6	0.03191	0.03689	0.02443	0.02141	0.02633	0.52631	0.01638	0.16239	0.02760	0.02802	0.01475	0.01646	0.01173	0.00909	0.00786	0.00227	0.01403	0.00596	0.00529	0.01088
7	0.02275	0.70604	0.04459	0.01456	0.02184	0.03367	0.01456	0.02548	0.01729	0.02002	0.01183	0.01365	0.01092	0.00728	0.00546	0.00182	0.00910	0.00455	0.00364	0.01092
8	0.02849	0.02051	0.02316	0.01842	0.02399	0.02286	0.01511	0.45608	0.03336	0.07794	0.02114	0.02310	0.01588	0.01992	0.12586	0.00458	0.04090	0.00796	0.00771	0.01303
9	0.01326	0.00965	0.01308	0.01480	0.01687	0.00947	0.01281	0.01696	0.01957	0.02516	0.05016	0.09425	0.12282	0.02327	0.01154	0.00379	0.00740	0.51954	0.00784	0.00776
10	0.01690	0.01609	0.02277	0.02004	0.02044	0.02196	0.01650	0.01908	0.01320	0.02029	0.01426	0.02256	0.01386	0.02790	0.19786	0.00637	0.50923	0.00789	0.00395	0.00885
11	0.01218	0.00901	0.01313	0.01313	0.01446	0.01034	0.00996	0.01485	0.01352	0.01935	0.02329	0.03619	0.02247	0.14284	0.58982	0.01300	0.02099	0.00952	0.00463	0.00730
12	0.02989	0.02124	0.02324	0.01836	0.02436	0.02316	0.01493	0.51062	0.03615	0.08284	0.02451	0.10624	0.02012	0.01231	0.00881	0.00267	0.00869	0.00980	0.00855	0.01352
13	0.01238	0.00825	0.00928	0.00928	0.00928	0.00825	0.00516	0.01238	0.01238	0.01650	0.02681	0.05569	0.03094	0.70092	0.04331	0.00825	0.00825	0.01238	0.00516	0.00516
14	0.03179	0.04056	0.02412	0.02192	0.02631	0.66676	0.01644	0.03398	0.02412	0.02083	0.01315	0.01535	0.01096	0.00877	0.00767	0.00219	0.01535	0.00548	0.00438	0.00987
15	0.02989	0.02261	0.02415	0.01908	0.02545	0.02524	0.01558	0.49303	0.17045	0.04966	0.02356	0.02292	0.01701	0.01051	0.00855	0.00263	0.00879	0.00809	0.00855	0.01425
16	0.02275	0.70604	0.04459	0.01456	0.02184	0.03367	0.01456	0.02548	0.01729	0.02002	0.01183	0.01365	0.01092	0.00728	0.00546	0.00182	0.00910	0.00455	0.00364	0.01092
17	0.01032	0.00839	0.00915	0.00946	0.01179	0.00722	0.00691	0.01254	0.01928	0.02389	0.13613	0.19943	0.47161	0.02212	0.01021	0.00297	0.00440	0.01891	0.00805	0.00722
18	0.01216	0.00912	0.01368	0.01368	0.01520	0.01064	0.01064	0.01520	0.01368	0.01976	0.02279	0.03343	0.02127	0.06382	0.66720	0.01368	0.02279	0.00912	0.00456	0.00760
19	0.03179	0.04056	0.02412	0.02192	0.02631	0.66676	0.01644	0.03398	0.02412	0.02083	0.01315	0.01535	0.01096	0.00877	0.00767	0.00219	0.01535	0.00548	0.00438	0.00987
20	0.01178	0.00834	0.01111	0.01282	0.01375	0.00808	0.00953	0.01391	0.01690	0.02231	0.04359	0.40415	0.05039	0.11561	0.01550	0.00425	0.00638	0.21708	0.00751	0.00700
21	0.02082	0.01998	0.03411	0.08238	0.61956	0.02016	0.02600	0.02591	0.01926	0.02751	0.01597	0.02114	0.01338	0.00763	0.00843	0.00254	0.01017	0.00758	0.00419	0.01329
22	0.01216	0.00912	0.01368	0.01368	0.01520	0.01064	0.01064	0.01520	0.01368	0.01976	0.02279	0.03343	0.02127	0.06382	0.66720	0.01368	0.02279	0.00912	0.00456	0.00760
23	0.01017	0.00816	0.00909	0.00983	0.01181	0.00708	0.00700	0.01208	0.01823	0.02251	0.07145	0.31221	0.42359	0.02347	0.01036	0.00309	0.00455	0.02030	0.00790	0.00708
24	0.01216	0.00912	0.01368	0.01368	0.01520	0.01064	0.01064	0.01520	0.01368	0.01976	0.02279	0.03343	0.02127	0.06382	0.66720	0.01368	0.02279	0.00912	0.00456	0.00760
25	0.02017	0.40513	0.32288	0.01897	0.02866	0.02735	0.02223	0.02615	0.01760	0.02317	0.01340	0.01561	0.01086	0.00765	0.00665	0.00222	0.01068	0.00534	0.00362	0.01167
26	0.03235	0.02384	0.02554	0.01958	0.02639	0.02639	0.01618	0.61946	0.04001	0.05363	0.02043	0.02043	0.01447	0.01022	0.00851	0.00255	0.00936	0.00766	0.00851	0.01447
27	0.01481	0.18339	0.02141	0.01390	0.01686	0.01640	0.01162	0.01777	0.01458	0.01982	0.02005	0.02849	0.01869	0.04969	0.50172	0.01071	0.01937	0.00798	0.00433	0.00843
28	0.01111	0.00860	0.01019	0.01040	0.01259	0.00768	0.00786	0.01397	0.02059	0.02680	0.26430	0.15717	0.32237	0.02101	0.01031	0.00298	0.00462	0.07158	0.00839	0.00749
29	0.01037	0.00741	0.00987	0.01185	0.01234	0.00691	0.00790	0.01185	0.01629	0.02172	0.04690	0.69537	0.05629	0.02666	0.01086	0.00346	0.00494	0.02419	0.00790	0.00691
30	0.16844	0.02006	0.05672	0.27628	0.03758	0.02168	0.01854	0.23749	0.02483	0.03671	0.01640	0.01988	0.01202	0.00898	0.00785	0.00269	0.00976	0.00695	0.00576	0.01138
31	0.01739	0.01639	0.02658	0.19973	0.36039	0.01702	0.02117	0.02196	0.01879	0.02523	0.03124	0.03486	0.15185	0.01089	0.00881	0.00268	0.00914	0.00986	0.00492	0.01109
32	0.01220	0.00958	0.01393	0.15902	0.02339	0.01007	0.01231	0.01506	0.01718	0.02245	0.04149	0.41239	0.07333	0.02188	0.01047	0.00337	0.00683	0.12044	0.00699	0.00765
33	0.01968	0.01692	0.02274	0.09922	0.16946	0.05120	0.01709	0.13897	0.02113	0.02860	0.01939	0.02584	0.01647	0.03109	0.27570	0.00707	0.01552	0.00811	0.00516	0.01065
34	0.02625	0.01848	0.03006	0.04100	0.45816	0.01788	0.02199	0.03077	0.02089	0.21743	0.02133	0.02346	0.01578	0.00848	0.00847	0.00256	0.00924	0.00788	0.00613	0.01378
35	0.02275	0.70604	0.04459	0.01456	0.02184	0.03367	0.01456	0.02548	0.01729	0.02002	0.01183	0.01365	0.01092	0.00728	0.00546	0.00182	0.00910	0.00455	0.00364	0.01092
36	0.01263	0.00907	0.01070	0.01037	0.01304	0.00802	0.00801	0.01569	0.02143	0.06109	0.28785	0.07347	0.34765	0.01958	0.01012	0.00288	0.00467	0.06719	0.00858	0.00795
37	0.01216	0.00912	0.01368	0.01368	0.01520	0.01064	0.01064	0.01520	0.01368	0.01976	0.02279	0.03343	0.02127	0.06382	0.66720	0.01368	0.02279	0.00912	0.00456	0.00760
38	0.03012	0.02253	0.02464	0.01908	0.02541	0.02491	0.01572	0.53635	0.03655	0.04939	0.01985	0.02076	0.01452	0.01249	0.03721	0.00301	0.03892	0.00758	0.00796	0.05301
39	0.02797	0.02042	0.02197	0.01732	0.02264	0.02241	0.01376	0.48631	0.03395	0.04549	0.02183	0.02816	0.01808	0.16171	0.01615	0.00380	0.00912	0.00870	0.00778	0.01243
40	0.01067	0.00768	0.01042	0.01202	0.01271	0.00743	0.00825	0.01246	0.01633	0.02206	0.07164	0.58389	0.05306	0.03084	0.09223	0.00469	0.00711	0.02191	0.00755	0.00705
41	0.01763	0.01539	0.01595	0.01439	0.01838	0.04580	0.01107	0.03129	0.32596	0.03238	0.19759	0.04477	0.11786	0.01388	0.00900	0.00269	0.00609	0.01170	0.00831	0.05988
42	0.01101	0.00833	0.01016	0.01039	0.01225	0.00748	0.00753	0.01380	0.02062	0.02751	0.31894	0.23697	0.24185	0.02110	0.01026	0.00294	0.00435	0.01850	0.00854	0.00748
43	0.01607	0.01513	0.02552	0.68047	0.05861	0.01891	0.02363	0.02174	0.01702	0.02174	0.01513	0.02269	0.01134	0.00851	0.00851	0.00284	0.01134	0.00756	0.00378	0.00945
44	0.01072	0.00865	0.00954	0.00931	0.01190	0.00747	0.00699	0.01349	0.02096	0.02670	0.27160	0.07580	0.45668	0.02017	0.01005	0.00281	0.00421	0.01711	0.00839	0.00747
45	0.03179	0.04056	0.02412	0.02192	0.02631	0.66676	0.01644	0.03398	0.02412	0.02083	0.01315	0.01535	0.01096	0.00877	0.00767	0.00219	0.01535	0.00548	0.00438	0.00987
46	0.01765	0.01513	0.01765	0.01260	0.02017	0.01134	0.01008	0.02143	0.01765	0.02773	0.01513	0.01765	0.01260	0.00630	0.00630	0.00126	0.00630	0.00504	0.00504	0.75295
47	0.01022	0.00800	0.00926	0.01026	0.01193	0.00705	0.00719	0.01203	0.01782	0.02235	0.06626	0.39331	0.34585	0.02415	0.01047	0.00317	0.00463	0.02112	0.00790	0.00705
48	0.01205	0.00816	0.00963	0.01012	0.01032	0.00807	0.00615	0.01255	0.01353	0.01800	0.03174	0.18433	0.03690	0.53215	0.03525	0.00708	0.00757	0.04493	0.00584	0.00564
49	0.01037	0.00741	0.00987	0.01185	0.01234	0.00691	0.00790	0.01185	0.01629	0.02172	0.04690	0.69537	0.05629	0.02666	0.01086	0.00346	0.00494	0.02419	0.00790	0.00691
50	0.02226	0.02074	0.03127	0.06570	0.34777	0.05435	0.08566	0.12995	0.02280	0.03094	0.01885	0.06065	0.01623	0.01191	0.04030	0.00315	0.01107	0.00879	0.00520	0.01241
51	0.01804	0.01005	0.01194	0.01092	0.01378	0.00901	0.00806	0.01994	0.01851	0.17890	0.05222	0.06160	0.26217	0.22608	0.01994	0.00452	0.00648	0.05170	0.00772	0.00843
52	0.01034	0.00751	0.00977	0.01157	0.01227	0.00694	0.00778	0.01188	0.01656	0.02183	0.05027	0.64286	0.10662	0.02622	0.01079	0.00341	0.00488	0.02366	0.00790	0.00694
53	0.01899	0.01970	0.03210	0.02572	0.02788	0.02493	0.16824	0.02218	0.01480	0.02218	0.01268	0.01970	0.01161	0.01296	0.02346	0.00351	0.51755	0.00810	0.00387	0.00985
54	0.01212	0.00840	0.01012	0.01018	0.01070	0.00852	0.00642	0.01301	0.01374	0.01854	0.06290	0.08388	0.06257	0.49376	0.14240	0.00837	0.01010	0.01282	0.00554	0.00590
55	0.01212	0.00849	0.01026	0.01064	0.01263	0.00754	0.00766	0.01444	0.01938	0.05961	0.17654	0.31280	0.27246	0.02211	0.01028	0.00305	0.00466	0.01935	0.00833	0.00765
56	0.01160	0.00918	0.01059	0.01139	0.01326	0.00878	0.00808	0.01612	0.09381	0.02389	0.05925	0.39659	0.26004	0.02298	0.01031	0.00318	0.00494	0.02019	0.00799	0.00782
57	0.01185	0.00803	0.00944	0.00995	0.01008	0.00790	0.00587	0.01224	0.01340	0.01787	0.03207	0.22303	0.03757	0.52453	0.03482	0.00700	0.00738	0.01547	0.00587	0.00562
58	0.02218	0.02317	0.02810	0.19836	0.28657	0.16181	0.02181	0.02912	0.09587	0.02572	0.01747	0.02154	0.01394	0.00857	0.00831	0.00258	0.01115	0.00737	0.00469	0.01168

[dist]
# distance from previous block
# <min> <max>
7	43

[block]
# block no. 3 follows, 21 sequences, length 48
# corresponding to MSA columns:
# 264-311
name=unknown_D
#
# <colnr> <probs for GDERKNQSTAVLIFYWHMCP>
#	G	D	E	R	K	N	Q	S	T	A	V	L	I	F	Y	W	H	M	C	P
0	0.02133	0.01811	0.01689	0.05156	0.02068	0.14307	0.01190	0.08951	0.05385	0.10077	0.14752	0.09125	0.16908	0.01491	0.00914	0.00268	0.00791	0.01227	0.00764	0.00992
1	0.01657	0.01201	0.04609	0.01218	0.01558	0.00990	0.00983	0.05110	0.02025	0.12464	0.07871	0.19460	0.26001	0.07039	0.01236	0.00337	0.00605	0.03949	0.00798	0.00887
2	0.01819	0.06082	0.06319	0.01311	0.01865	0.01409	0.01137	0.11376	0.02198	0.06362	0.04500	0.04534	0.25964	0.04766	0.01014	0.00265	0.00680	0.01109	0.00682	0.16608
3	0.02117	0.15656	0.02678	0.02287	0.13890	0.09921	0.01558	0.09051	0.02011	0.02582	0.01931	0.08733	0.01853	0.05290	0.08334	0.00397	0.05169	0.00862	0.00507	0.05172
4	0.01460	0.01159	0.01270	0.01125	0.01497	0.01066	0.00867	0.10496	0.02279	0.02972	0.14899	0.10256	0.35386	0.01780	0.00944	0.00265	0.00530	0.01494	0.00788	0.09469
5	0.04866	0.00894	0.01050	0.01118	0.01229	0.00898	0.00767	0.01564	0.04623	0.02349	0.07569	0.29434	0.04296	0.23007	0.02007	0.00472	0.00619	0.05806	0.06729	0.00703
6	0.02817	0.03416	0.02294	0.02009	0.02484	0.49733	0.01530	0.03066	0.02216	0.02218	0.01343	0.01600	0.01130	0.00865	0.00862	0.00210	0.05388	0.00551	0.00448	0.15820
7	0.02358	0.06704	0.02252	0.09319	0.02652	0.29414	0.01539	0.06050	0.08097	0.02386	0.01820	0.02245	0.01523	0.02266	0.17138	0.00518	0.01519	0.00709	0.00496	0.00993
8	0.01526	0.01300	0.01746	0.01505	0.01827	0.01395	0.01205	0.01831	0.01486	0.02254	0.01793	0.02525	0.01639	0.03501	0.32075	0.00758	0.14962	0.00743	0.00455	0.25472
9	0.01707	0.04402	0.65683	0.02426	0.03683	0.01976	0.03144	0.02695	0.01797	0.02695	0.01527	0.01797	0.01078	0.00809	0.00809	0.00270	0.01258	0.00629	0.00359	0.01258
10	0.01178	0.00814	0.01004	0.01055	0.01097	0.00813	0.00667	0.01274	0.01424	0.01927	0.06560	0.23053	0.03958	0.40711	0.10114	0.00722	0.00870	0.01545	0.00608	0.00607
11	0.01607	0.01513	0.02552	0.68047	0.05861	0.01891	0.02363	0.02174	0.01702	0.02174	0.01513	0.02269	0.01134	0.00851	0.00851	0.00284	0.01134	0.00756	0.00378	0.00945
12	0.01226	0.00872	0.01168	0.01168	0.01251	0.00955	0.00814	0.01391	0.01308	0.01827	0.02462	0.04356	0.02567	0.35363	0.38341	0.01121	0.01618	0.01060	0.00483	0.00649
13	0.01231	0.00849	0.01051	0.01051	0.01094	0.00892	0.00669	0.01317	0.01274	0.01741	0.02569	0.04945	0.02823	0.52244	0.21810	0.00977	0.01233	0.01146	0.00499	0.00584
14	0.01098	0.00809	0.01043	0.01206	0.01325	0.00753	0.00882	0.01307	0.01748	0.02269	0.05322	0.47130	0.15491	0.02516	0.01090	0.00345	0.00541	0.13621	0.00789	0.00714
15	0.01089	0.00787	0.00948	0.01052	0.01131	0.00735	0.00685	0.01207	0.01574	0.02046	0.04832	0.39998	0.15633	0.21909	0.02002	0.00472	0.00577	0.01967	0.00711	0.00646
16	0.01006	0.00862	0.00862	0.00862	0.01149	0.00718	0.00647	0.01221	0.01940	0.02299	0.08621	0.08190	0.64438	0.02155	0.01006	0.00287	0.00431	0.01796	0.00790	0.00718
17	0.02063	0.01304	0.01357	0.01185	0.01535	0.01398	0.00932	0.17671	0.08359	0.03775	0.02655	0.02882	0.02033	0.01015	0.00687	0.00222	0.00563	0.00803	0.48548	0.01016
18	0.01953	0.01018	0.01329	0.01270	0.01576	0.00910	0.00976	0.02213	0.02021	0.22172	0.08789	0.27860	0.14205	0.01981	0.01005	0.00310	0.00582	0.07998	0.00882	0.00951
19	0.01330	0.01059	0.01216	0.01143	0.01424	0.01041	0.00867	0.02078	0.14421	0.03123	0.36204	0.06247	0.23121	0.01742	0.00977	0.00277	0.00464	0.01498	0.00881	0.00887
20	0.02275	0.70604	0.04459	0.01456	0.02184	0.03367	0.01456	0.02548	0.01729	0.02002	0.01183	0.01365	0.01092	0.00728	0.00546	0.00182	0.00910	0.00455	0.00364	0.01092
21	0.01020	0.00808	0.00918	0.01007	0.01188	0.00706	0.00711	0.01205	0.01801	0.02242	0.06859	0.35690	0.38076	0.02384	0.01042	0.00313	0.00459	0.02075	0.00790	0.00706
22	0.01077	0.00757	0.00976	0.01134	0.01173	0.00718	0.00735	0.01195	0.01551	0.02068	0.04289	0.56765	0.05122	0.16128	0.01734	0.00441	0.00560	0.02183	0.00735	0.00656
23	0.01111	0.00925	0.00982	0.00988	0.01264	0.00827	0.00749	0.01486	0.05952	0.02449	0.10916	0.11531	0.50476	0.02108	0.01011	0.00296	0.00468	0.04892	0.00803	0.00766
24	0.32992	0.01528	0.01683	0.01355	0.01960	0.01516	0.01118	0.03483	0.02037	0.40530	0.02481	0.02285	0.01628	0.00947	0.00723	0.00263	0.00698	0.00696	0.00841	0.01236
25	0.01075	0.00861	0.00940	0.00922	0.01166	0.00749	0.00679	0.01325	0.02014	0.02548	0.22998	0.07513	0.44998	0.06970	0.01246	0.00321	0.00452	0.01687	0.00809	0.00726
26	0.01163	0.00793	0.00950	0.01024	0.01043	0.00775	0.00618	0.01218	0.01384	0.01845	0.03432	0.29461	0.04041	0.44908	0.03119	0.00646	0.00701	0.01679	0.00618	0.00581
27	0.01037	0.00741	0.00987	0.01185	0.01234	0.00691	0.00790	0.01185	0.01629	0.02172	0.04690	0.69537	0.05629	0.02666	0.01086	0.00346	0.00494	0.02419	0.00790	0.00691
28	0.01238	0.00825	0.00928	0.00928	0.00928	0.00825	0.00516	0.01238	0.01238	0.01650	0.02681	0.05569	0.03094	0.70092	0.04331	0.00825	0.00825	0.01238	0.00516	0.00516
29	0.01035	0.00749	0.00978	0.01162	0.01228	0.00693	0.00780	0.01188	0.01652	0.02182	0.04975	0.65089	0.09892	0.02629	0.01080	0.00341	0.00489	0.02374	0.00790	0.00693
30	0.01008	0.00855	0.00870	0.00882	0.01155	0.00717	0.00655	0.01219	0.01921	0.02291	0.08383	0.11901	0.60881	0.02186	0.01011	0.00291	0.00435	0.01834	0.00790	0.00717
31	0.01686	0.01039	0.01187	0.01071	0.01437	0.00915	0.00830	0.02062	0.05328	0.15933	0.13563	0.06589	0.41483	0.01820	0.00966	0.00280	0.00503	0.01523	0.00867	0.00917
32	0.01830	0.06458	0.43053	0.02770	0.03874	0.02092	0.22459	0.02699	0.01864	0.02676	0.01577	0.01944	0.01149	0.00775	0.00862	0.00272	0.01302	0.00746	0.00383	0.01214
33	0.01891	0.01774	0.02872	0.21035	0.32469	0.02024	0.02264	0.02342	0.01738	0.02499	0.01558	0.02170	0.01300	0.00944	0.01218	0.00281	0.14485	0.00757	0.05259	0.01121
34	0.01027	0.00778	0.00949	0.01085	0.01208	0.00700	0.00746	0.01196	0.01725	0.02212	0.05907	0.50541	0.23839	0.02508	0.01061	0.00328	0.00474	0.02226	0.00790	0.00700
35	0.02666	0.02308	0.06724	0.03125	0.26244	0.13938	0.01981	0.03091	0.02153	0.19256	0.02293	0.02920	0.01831	0.01018	0.00862	0.00264	0.01028	0.06430	0.00624	0.01245
36	0.02189	0.02692	0.13056	0.10370	0.19976	0.14250	0.02160	0.03222	0.17940	0.02769	0.02010	0.02244	0.01557	0.00903	0.00830	0.00262	0.01077	0.00750	0.00525	0.01219
37	0.01673	0.01136	0.01835	0.02383	0.20825	0.01136	0.01319	0.01574	0.01365	0.01881	0.01516	0.02438	0.01438	0.02276	0.02557	0.52021	0.00823	0.00745	0.00386	0.00673
38	0.06360	0.06245	0.16160	0.08045	0.26314	0.14318	0.02324	0.05609	0.02043	0.02731	0.01503	0.01865	0.01197	0.00811	0.00790	0.00249	0.01143	0.00660	0.00432	0.01200
39	0.02303	0.12537	0.02400	0.01846	0.06580	0.01984	0.01412	0.03123	0.17198	0.16062	0.06329	0.03238	0.08608	0.01221	0.01124	0.00275	0.10944	0.00928	0.00715	0.01172
40	0.01220	0.00894	0.01280	0.01280	0.01402	0.01016	0.00954	0.01463	0.01342	0.01911	0.02360	0.03788	0.02320	0.19103	0.54263	0.01259	0.01989	0.00977	0.00468	0.00711
41	0.01238	0.00825	0.00928	0.00928	0.00928	0.00825	0.00516	0.01238	0.01238	0.01650	0.02681	0.05569	0.03094	0.70092	0.04331	0.00825	0.00825	0.01238	0.00516	0.00516
42	0.02267	0.02390	0.02302	0.16824	0.05646	0.23166	0.01736	0.08993	0.02131	0.02502	0.01962	0.12656	0.01879	0.01252	0.01128	0.00280	0.10429	0.00952	0.00517	0.00988
43	0.01216	0.00912	0.01368	0.01368	0.01520	0.01064	0.01064	0.01520	0.01368	0.01976	0.02279	0.03343	0.02127	0.06382	0.66720	0.01368	0.02279	0.00912	0.00456	0.00760
44	0.01096	0.00866	0.00987	0.00957	0.01205	0.00757	0.00717	0.01395	0.02152	0.02803	0.33851	0.07360	0.38894	0.01967	0.01005	0.00278	0.00418	0.01680	0.00857	0.00757
45	0.02194	0.06545	0.01986	0.01685	0.02039	0.30153	0.01303	0.04770	0.02040	0.02207	0.02726	0.03098	0.10887	0.02769	0.21215	0.00584	0.01539	0.00850	0.00508	0.00901
46	0.01955	0.02805	0.25920	0.02286	0.03093	0.01979	0.13801	0.11561	0.06610	0.03100	0.02584	0.02791	0.08299	0.01047	0.01001	0.00278	0.05472	0.00890	0.03354	0.01173
47	0.02182	0.20475	0.03528	0.02501	0.09448	0.13796	0.17469	0.02600	0.01912	0.02374	0.01631	0.02070	0.01366	0.01396	0.08021	0.00356	0.01285	0.00725	0.05809	0.01057

[dist]
# distance from previous block
# <min> <max>
1	26

[block]
# block no. 4 follows, 21 sequences, length 55
# corresponding to MSA columns:
# 338-392
name=unknown_E
#
# <colnr> <probs for GDERKNQSTAVLIFYWHMCP>
#	G	D	E	R	K	N	Q	S	T	A	V	L	I	F	Y	W	H	M	C	P
0	0.06611	0.11553	0.03124	0.06030	0.14312	0.02203	0.12894	0.03181	0.21516	0.02943	0.02127	0.02325	0.01660	0.00873	0.00808	0.00256	0.00932	0.00795	0.00566	0.05291
1	0.02351	0.06205	0.08262	0.02211	0.08106	0.23111	0.01719	0.02920	0.08417	0.05097	0.02024	0.06062	0.01791	0.01104	0.00999	0.00257	0.07422	0.03960	0.00534	0.07446
2	0.15800	0.02150	0.08744	0.06428	0.14735	0.02180	0.13652	0.02438	0.01655	0.02716	0.01398	0.01919	0.01156	0.00973	0.01364	0.00298	0.20157	0.00735	0.00421	0.01081
3	0.01432	0.00761	0.01049	0.01049	0.01061	0.00761	0.00681	0.01191	0.01179	0.01620	0.01824	0.03283	0.01879	0.17707	0.03381	0.54153	0.00737	0.00853	0.04970	0.00428
4	0.02352	0.02542	0.03032	0.07306	0.38108	0.19960	0.02254	0.02749	0.01991	0.02481	0.01467	0.01931	0.01244	0.00871	0.01023	0.00257	0.08130	0.00699	0.00419	0.01184
5	0.01026	0.00785	0.00942	0.01068	0.01204	0.00701	0.00738	0.01198	0.01742	0.02218	0.06116	0.47291	0.26955	0.02481	0.01057	0.00324	0.00471	0.02193	0.00790	0.00701
6	0.01006	0.00862	0.00862	0.00862	0.01149	0.00718	0.00647	0.01221	0.01940	0.02299	0.08621	0.08190	0.64438	0.02155	0.01006	0.00287	0.00431	0.01796	0.00790	0.00718
7	0.02870	0.27044	0.03138	0.01913	0.02476	0.38314	0.01576	0.08895	0.02331	0.02379	0.01341	0.01526	0.01130	0.00839	0.00699	0.00210	0.01258	0.00537	0.00453	0.01069
8	0.02123	0.01725	0.01957	0.01430	0.02168	0.01501	0.01157	0.16703	0.02309	0.03404	0.01642	0.01832	0.01306	0.00726	0.00684	0.00158	0.00705	0.00568	0.00589	0.57315
9	0.01041	0.00836	0.00929	0.00963	0.01186	0.00724	0.00701	0.01268	0.01938	0.02430	0.15704	0.21517	0.43359	0.02209	0.01023	0.00297	0.00441	0.01897	0.00811	0.00724
10	0.01066	0.00759	0.00999	0.01158	0.01219	0.00710	0.00774	0.01230	0.01682	0.02263	0.10468	0.59361	0.05711	0.06711	0.01277	0.00367	0.00505	0.02260	0.00788	0.00692
11	0.01037	0.00741	0.00987	0.01185	0.01234	0.00691	0.00790	0.01185	0.01629	0.02172	0.04690	0.69537	0.05629	0.02666	0.01086	0.00346	0.00494	0.02419	0.00790	0.00691
12	0.01372	0.01059	0.01140	0.01103	0.01433	0.00995	0.00859	0.01960	0.11755	0.05990	0.07124	0.07230	0.45581	0.01953	0.00991	0.00296	0.00519	0.06958	0.00816	0.00865
13	0.03179	0.04056	0.02412	0.02192	0.02631	0.66676	0.01644	0.03398	0.02412	0.02083	0.01315	0.01535	0.01096	0.00877	0.00767	0.00219	0.01535	0.00548	0.00438	0.00987
14	0.01020	0.00843	0.00894	0.00923	0.01168	0.00718	0.00676	0.01233	0.01911	0.02328	0.10464	0.17901	0.52549	0.02218	0.01019	0.00296	0.00440	0.01884	0.00797	0.00718
15	0.01216	0.00912	0.01368	0.01368	0.01520	0.01064	0.01064	0.01520	0.01368	0.01976	0.02279	0.03343	0.02127	0.06382	0.66720	0.01368	0.02279	0.00912	0.00456	0.00760
16	0.01037	0.00741	0.00987	0.01185	0.01234	0.00691	0.00790	0.01185	0.01629	0.02172	0.04690	0.69537	0.05629	0.02666	0.01086	0.00346	0.00494	0.02419	0.00790	0.00691
17	0.03179	0.04056	0.02412	0.02192	0.02631	0.66676	0.01644	0.03398	0.02412	0.02083	0.01315	0.01535	0.01096	0.00877	0.00767	0.00219	0.01535	0.00548	0.00438	0.00987
18	0.03179	0.04056	0.02412	0.02192	0.02631	0.66676	0.01644	0.03398	0.02412	0.02083	0.01315	0.01535	0.01096	0.00877	0.00767	0.00219	0.01535	0.00548	0.00438	0.00987
19	0.01765	0.01513	0.01765	0.01260	0.02017	0.01134	0.01008	0.02143	0.01765	0.02773	0.01513	0.01765	0.01260	0.00630	0.00630	0.00126	0.00630	0.00504	0.00504	0.75295
20	0.01043	0.00760	0.00968	0.01131	0.01208	0.00702	0.00758	0.01192	0.01649	0.02162	0.05089	0.58422	0.13001	0.06067	0.01243	0.00363	0.00503	0.02279	0.00776	0.00686
21	0.02454	0.02372	0.02090	0.01855	0.02344	0.16464	0.01438	0.09519	0.44359	0.03397	0.02858	0.02708	0.02160	0.01081	0.00843	0.00270	0.00888	0.00853	0.00770	0.01276
22	0.01026	0.00863	0.00889	0.00883	0.01162	0.00727	0.00662	0.01260	0.01986	0.02410	0.14153	0.08008	0.58837	0.02114	0.01006	0.00285	0.00428	0.01771	0.00805	0.00727
23	0.01035	0.00747	0.00981	0.01167	0.01230	0.00693	0.00782	0.01187	0.01646	0.02179	0.04906	0.66165	0.08861	0.02638	0.01082	0.00342	0.00490	0.02385	0.00790	0.00693
24	0.03492	0.01971	0.02299	0.01762	0.02433	0.02027	0.01456	0.36454	0.03311	0.31831	0.02623	0.02420	0.01738	0.01036	0.00853	0.00259	0.00843	0.00806	0.00940	0.01448
25	0.03179	0.04056	0.02412	0.02192	0.02631	0.66676	0.01644	0.03398	0.02412	0.02083	0.01315	0.01535	0.01096	0.00877	0.00767	0.00219	0.01535	0.00548	0.00438	0.00987
26	0.02640	0.01968	0.02154	0.01724	0.02271	0.02149	0.01396	0.41873	0.09483	0.04720	0.17041	0.03184	0.03131	0.01206	0.00889	0.00262	0.00783	0.00970	0.00873	0.01284
27	0.01238	0.00825	0.00928	0.00928	0.00928	0.00825	0.00516	0.01238	0.01238	0.01650	0.02681	0.05569	0.03094	0.70092	0.04331	0.00825	0.00825	0.01238	0.00516	0.00516
28	0.01037	0.00741	0.00987	0.01185	0.01234	0.00691	0.00790	0.01185	0.01629	0.02172	0.04690	0.69537	0.05629	0.02666	0.01086	0.00346	0.00494	0.02419	0.00790	0.00691
29	0.03133	0.02333	0.02496	0.01937	0.02600	0.02591	0.01593	0.56700	0.09413	0.05199	0.02173	0.02147	0.01552	0.01034	0.00853	0.00258	0.00912	0.00784	0.00853	0.01438
30	0.01096	0.00765	0.00970	0.01110	0.01145	0.00730	0.00710	0.01200	0.01515	0.02019	0.04102	0.50796	0.04886	0.22420	0.02037	0.00486	0.00591	0.02073	0.00710	0.00640
31	0.02275	0.70604	0.04459	0.01456	0.02184	0.03367	0.01456	0.02548	0.01729	0.02002	0.01183	0.01365	0.01092	0.00728	0.00546	0.00182	0.00910	0.00455	0.00364	0.01092
32	0.03179	0.04056	0.02412	0.02192	0.02631	0.66676	0.01644	0.03398	0.02412	0.02083	0.01315	0.01535	0.01096	0.00877	0.00767	0.00219	0.01535	0.00548	0.00438	0.00987
33	0.01204	0.00824	0.00925	0.00936	0.00967	0.00807	0.00544	0.01233	0.01329	0.01743	0.03379	0.09344	0.09303	0.59665	0.03824	0.00745	0.00768	0.01358	0.00558	0.00545
34	0.02106	0.02022	0.03454	0.05223	0.64784	0.02022	0.02612	0.02612	0.01938	0.02780	0.01601	0.02106	0.01348	0.00758	0.00842	0.00253	0.01011	0.00758	0.00421	0.01348
35	0.01055	0.00748	0.00982	0.01161	0.01206	0.00703	0.00765	0.01190	0.01594	0.02125	0.04507	0.63693	0.05397	0.08826	0.01383	0.00389	0.00524	0.02311	0.00765	0.00675
36	0.01037	0.00741	0.00987	0.01185	0.01234	0.00691	0.00790	0.01185	0.01629	0.02172	0.04690	0.69537	0.05629	0.02666	0.01086	0.00346	0.00494	0.02419	0.00790	0.00691
37	0.01018	0.00813	0.00913	0.00993	0.01184	0.00707	0.00705	0.01207	0.01813	0.02247	0.07022	0.33153	0.40507	0.02363	0.01039	0.00311	0.00457	0.02050	0.00790	0.00707
38	0.01017	0.00863	0.00877	0.00873	0.01156	0.00723	0.00655	0.01242	0.01965	0.02359	0.11630	0.08091	0.61392	0.02133	0.01006	0.00286	0.00429	0.01782	0.00798	0.00723
39	0.02117	0.01828	0.01924	0.01732	0.02213	0.02117	0.01347	0.04522	0.63246	0.03560	0.03464	0.03175	0.02598	0.01155	0.00866	0.00289	0.00673	0.00962	0.00866	0.01347
40	0.02080	0.01380	0.01640	0.01541	0.01937	0.01442	0.01246	0.03225	0.26178	0.14810	0.04248	0.08694	0.08720	0.01632	0.00974	0.00315	0.00683	0.17265	0.00868	0.01121
41	0.03176	0.02500	0.02511	0.01967	0.02618	0.08104	0.01607	0.54124	0.06756	0.04994	0.02050	0.02055	0.01473	0.01016	0.00845	0.00254	0.00975	0.00757	0.00817	0.01403
42	0.01238	0.00825	0.00928	0.00928	0.00928	0.00825	0.00516	0.01238	0.01238	0.01650	0.02681	0.05569	0.03094	0.70092	0.04331	0.00825	0.00825	0.01238	0.00516	0.00516
43	0.01216	0.00912	0.01368	0.01368	0.01520	0.01064	0.01064	0.01520	0.01368	0.01976	0.02279	0.03343	0.02127	0.06382	0.66720	0.01368	0.02279	0.00912	0.00456	0.00760
44	0.01034	0.00752	0.00976	0.01155	0.01226	0.00694	0.00776	0.01188	0.01658	0.02184	0.05060	0.63774	0.11153	0.02618	0.01079	0.00340	0.00488	0.02361	0.00790	0.00694
45	0.02506	0.01834	0.02005	0.01725	0.02256	0.02044	0.01363	0.11089	0.47093	0.13240	0.03284	0.03002	0.02390	0.01124	0.00863	0.00281	0.00712	0.00923	0.00893	0.01374
46	0.01027	0.00780	0.00946	0.01079	0.01207	0.00700	0.00743	0.01197	0.01731	0.02214	0.05979	0.49423	0.24911	0.02499	0.01060	0.00327	0.00473	0.02215	0.00790	0.00700
47	0.01660	0.01339	0.01885	0.18842	0.08469	0.01457	0.01503	0.12063	0.02086	0.02780	0.03136	0.34461	0.03362	0.01742	0.00963	0.00306	0.00782	0.01555	0.00661	0.00947
48	0.01607	0.01513	0.02552	0.68047	0.05861	0.01891	0.02363	0.02174	0.01702	0.02174	0.01513	0.02269	0.01134	0.00851	0.00851	0.00284	0.01134	0.00756	0.00378	0.00945
49	0.01204	0.01154	0.01004	0.00984	0.01285	0.06744	0.00738	0.01420	0.01983	0.02279	0.07954	0.07582	0.58652	0.02038	0.00984	0.00281	0.00532	0.01682	0.00758	0.00743
50	0.02289	0.02153	0.02808	0.19177	0.03579	0.08294	0.09498	0.16805	0.07901	0.03099	0.01749	0.02154	0.01356	0.01028	0.01239	0.00289	0.14120	0.00787	0.00547	0.01129
51	0.02617	0.02884	0.05632	0.05992	0.02674	0.28601	0.01617	0.14726	0.13984	0.03058	0.02550	0.02608	0.07233	0.01069	0.00831	0.00252	0.01116	0.00799	0.00623	0.01132
