[name]
unknown

[dist]
# distance from previous block
# <min> <max>
0	0

[block]
# block no. 0 follows, 22 sequences, length 65
# corresponding to MSA columns:
# 0-64
name=unknown_A
#
# <colnr> <probs for GDERKNQSTAVLIFYWHMCP>
#	G	D	E	R	K	N	Q	S	T	A	V	L	I	F	Y	W	H	M	C	P
0	0.01339	0.00956	0.01339	0.01530	0.01721	0.00956	0.01339	0.01721	0.01912	0.02486	0.04399	0.09371	0.04781	0.02295	0.01147	0.00382	0.00765	0.60031	0.00765	0.00765
1	0.03158	0.02327	0.02493	0.01911	0.02576	0.02576	0.01579	0.62852	0.03906	0.05236	0.01995	0.01995	0.01413	0.00997	0.00831	0.00249	0.00914	0.00748	0.00831	0.01413
2	0.01837	0.24948	0.47347	0.02076	0.03145	0.02348	0.02561	0.02587	0.01734	0.02422	0.01387	0.01624	0.01057	0.00765	0.00710	0.00237	0.01123	0.00562	0.00352	0.01178
3	0.02071	0.01636	0.01812	0.01662	0.02097	0.01837	0.01331	0.07485	0.45095	0.06444	0.03491	0.04257	0.02886	0.01345	0.00904	0.00298	0.00697	0.12595	0.00837	0.01217
4	0.03158	0.02327	0.02493	0.01911	0.02576	0.02576	0.01579	0.62852	0.03906	0.05236	0.01995	0.01995	0.01413	0.00997	0.00831	0.00249	0.00914	0.00748	0.00831	0.01413
5	0.02503	0.01614	0.01829	0.01574	0.02084	0.01725	0.01244	0.04104	0.41544	0.22418	0.03662	0.03320	0.06278	0.01158	0.00851	0.00274	0.00658	0.00958	0.00896	0.01307
6	0.01549	0.00774	0.00774	0.00774	0.00968	0.00774	0.00581	0.01936	0.01742	0.03097	0.02710	0.03097	0.02129	0.00968	0.00581	0.00194	0.00387	0.00774	0.75416	0.00774
7	0.01723	0.01477	0.01723	0.01230	0.01969	0.01107	0.00984	0.02092	0.01723	0.02707	0.01477	0.01723	0.01230	0.00615	0.00615	0.00123	0.00615	0.00492	0.00492	0.75883
8	0.01011	0.00729	0.00958	0.01140	0.01201	0.00676	0.00764	0.01159	0.01606	0.02127	0.04778	0.67032	0.08596	0.02577	0.01056	0.00334	0.00479	0.02330	0.00771	0.00676
9	0.03103	0.03959	0.02354	0.02140	0.02568	0.67469	0.01605	0.03317	0.02354	0.02033	0.01284	0.01498	0.01070	0.00856	0.00749	0.00214	0.01498	0.00535	0.00428	0.00963
10	0.02449	0.54292	0.03876	0.01566	0.02242	0.09619	0.01463	0.11547	0.02085	0.02450	0.01293	0.01448	0.01118	0.00768	0.00599	0.00192	0.00953	0.00498	0.00433	0.01107
11	0.01208	0.00805	0.00906	0.00906	0.00906	0.00805	0.00503	0.01208	0.01208	0.01611	0.02618	0.05436	0.03020	0.70804	0.04228	0.00805	0.00805	0.01208	0.00503	0.00503
12	0.01208	0.00805	0.00906	0.00906	0.00906	0.00805	0.00503	0.01208	0.01208	0.01611	0.02618	0.05436	0.03020	0.70804	0.04228	0.00805	0.00805	0.01208	0.00503	0.00503
13	0.02083	0.54619	0.19828	0.01657	0.02497	0.02949	0.01832	0.02523	0.01704	0.02123	0.01239	0.01438	0.01063	0.00730	0.00597	0.00199	0.00973	0.00486	0.00354	0.01106
14	0.01010	0.00843	0.00880	0.00871	0.01139	0.00713	0.00653	0.01246	0.01960	0.02401	0.16617	0.07736	0.56986	0.02045	0.00982	0.00278	0.00417	0.01717	0.00792	0.00713
15	0.02172	0.65428	0.09803	0.01504	0.02261	0.03168	0.01566	0.02500	0.01694	0.02014	0.01184	0.01370	0.01065	0.00718	0.00556	0.00185	0.00918	0.00459	0.00355	0.01080
16	0.01696	0.07933	0.63128	0.02316	0.03516	0.02003	0.02980	0.02623	0.01750	0.02594	0.01473	0.01731	0.01053	0.00785	0.00775	0.00258	0.01209	0.00605	0.00351	0.01219
17	0.01692	0.07417	0.63606	0.02324	0.03527	0.01993	0.02993	0.02624	0.01751	0.02599	0.01475	0.01734	0.01053	0.00786	0.00777	0.00259	0.01212	0.00606	0.00351	0.01220
18	0.03103	0.03959	0.02354	0.02140	0.02568	0.67469	0.01605	0.03317	0.02354	0.02033	0.01284	0.01498	0.01070	0.00856	0.00749	0.00214	0.01498	0.00535	0.00428	0.00963
19	0.02717	0.33476	0.03230	0.01825	0.02377	0.39339	0.01525	0.02954	0.02062	0.01999	0.01227	0.01426	0.01068	0.00792	0.00654	0.00198	0.01231	0.00495	0.00396	0.01008
20	0.01012	0.00723	0.00964	0.01157	0.01205	0.00675	0.00771	0.01157	0.01591	0.02121	0.04579	0.70262	0.05495	0.02603	0.01060	0.00337	0.00482	0.02362	0.00771	0.00675
21	0.02221	0.71304	0.04353	0.01421	0.02132	0.03287	0.01421	0.02488	0.01688	0.01955	0.01155	0.01333	0.01066	0.00711	0.00533	0.00178	0.00888	0.00444	0.00355	0.01066
22	0.01666	0.04297	0.66500	0.02368	0.03596	0.01929	0.03069	0.02631	0.01754	0.02631	0.01491	0.01754	0.01052	0.00789	0.00789	0.00263	0.01228	0.00614	0.00351	0.01228
23	0.01002	0.00763	0.00922	0.01049	0.01177	0.00684	0.00723	0.01169	0.01694	0.02163	0.05888	0.49016	0.25896	0.02432	0.01034	0.00318	0.00461	0.02154	0.00771	0.00684
24	0.02056	0.01974	0.03372	0.05099	0.65622	0.01974	0.02550	0.02550	0.01892	0.02714	0.01563	0.02056	0.01316	0.00740	0.00822	0.00247	0.00987	0.00740	0.00411	0.01316
25	0.02152	0.01945	0.03024	0.07702	0.46598	0.01962	0.02232	0.11130	0.02150	0.03043	0.01611	0.02021	0.01309	0.00769	0.00802	0.00236	0.00944	0.00715	0.00478	0.09177
26	0.05445	0.03418	0.42993	0.03185	0.23471	0.01940	0.02796	0.02595	0.01782	0.02711	0.01498	0.01832	0.01130	0.00773	0.00787	0.00258	0.01122	0.00647	0.00378	0.01240
27	0.02108	0.57654	0.17014	0.01614	0.02430	0.03011	0.01757	0.02517	0.01701	0.02092	0.01223	0.01418	0.01063	0.00727	0.00585	0.00195	0.00958	0.00479	0.00354	0.01099
28	0.02248	0.01782	0.02188	0.02361	0.15084	0.01954	0.01556	0.03994	0.44611	0.10261	0.02999	0.02857	0.02234	0.01037	0.00840	0.00272	0.00730	0.00887	0.00777	0.01326
29	0.01980	0.34195	0.25223	0.02181	0.03092	0.02581	0.15025	0.02572	0.01768	0.02331	0.01379	0.01667	0.01103	0.00735	0.00714	0.00228	0.01111	0.00615	0.00368	0.01132
30	0.01082	0.00866	0.00973	0.00985	0.01213	0.00779	0.00723	0.01422	0.04856	0.02525	0.20328	0.18656	0.38504	0.02057	0.00989	0.00287	0.00436	0.01769	0.00807	0.00744
31	0.01191	0.00873	0.01248	0.01248	0.01366	0.00991	0.00929	0.01427	0.01309	0.01864	0.02305	0.03706	0.02269	0.19386	0.54620	0.01227	0.01936	0.00955	0.00457	0.00693
32	0.02263	0.12120	0.05993	0.27967	0.03880	0.08794	0.05237	0.18482	0.02351	0.02971	0.01561	0.01938	0.01185	0.00851	0.00786	0.00249	0.01085	0.00686	0.00498	0.01103
33	0.57995	0.02277	0.17476	0.01410	0.02102	0.01880	0.01440	0.02489	0.01498	0.03454	0.01240	0.01450	0.00938	0.00776	0.00583	0.00259	0.00788	0.00491	0.00473	0.00981
34	0.02964	0.02734	0.02351	0.01945	0.02506	0.22170	0.01544	0.35301	0.13223	0.03978	0.02004	0.02024	0.01491	0.00976	0.00809	0.00244	0.01050	0.00714	0.00711	0.01261
35	0.01208	0.00805	0.00906	0.00906	0.00906	0.00805	0.00503	0.01208	0.01208	0.01611	0.02618	0.05436	0.03020	0.70804	0.04228	0.00805	0.00805	0.01208	0.00503	0.00503
36	0.01012	0.00723	0.00964	0.01157	0.01205	0.00675	0.00771	0.01157	0.01591	0.02121	0.04579	0.70262	0.05495	0.02603	0.01060	0.00337	0.00482	0.02362	0.00771	0.00675
37	0.06011	0.01979	0.02121	0.01734	0.02287	0.02208	0.01394	0.33894	0.24561	0.06955	0.02465	0.02415	0.01810	0.01136	0.00953	0.04376	0.00793	0.00804	0.00805	0.01298
38	0.01187	0.00890	0.01335	0.01335	0.01483	0.01038	0.01038	0.01483	0.01335	0.01928	0.02225	0.03264	0.02077	0.06231	0.67512	0.01335	0.02225	0.00890	0.00445	0.00742
39	0.00982	0.00842	0.00842	0.00842	0.01122	0.00701	0.00631	0.01192	0.01894	0.02244	0.08416	0.07995	0.65285	0.02104	0.00982	0.00281	0.00421	0.01753	0.00771	0.00701
40	0.01187	0.00890	0.01335	0.01335	0.01483	0.01038	0.01038	0.01483	0.01335	0.01928	0.02225	0.03264	0.02077	0.06231	0.67512	0.01335	0.02225	0.00890	0.00445	0.00742
41	0.02502	0.02841	0.02868	0.07073	0.34143	0.31437	0.02112	0.02873	0.02088	0.02377	0.01433	0.01813	0.01194	0.00797	0.00790	0.00234	0.01223	0.00648	0.00417	0.01137
42	0.01961	0.02241	0.04902	0.03501	0.04342	0.02101	0.62605	0.02661	0.01961	0.02661	0.01681	0.02241	0.01261	0.00700	0.00980	0.00280	0.01401	0.00980	0.00420	0.01120
43	0.01189	0.00797	0.00912	0.00931	0.00936	0.00792	0.00530	0.01203	0.01246	0.01662	0.02813	0.11887	0.03266	0.64018	0.03913	0.00759	0.00773	0.01323	0.00530	0.00520
44	0.02174	0.03587	0.50600	0.02149	0.03232	0.01755	0.02614	0.02980	0.01908	0.18283	0.01931	0.02018	0.01300	0.00848	0.00801	0.00262	0.01099	0.00668	0.00518	0.01274
45	0.01242	0.00802	0.00893	0.00893	0.00912	0.00802	0.00511	0.01280	0.01261	0.01759	0.02627	0.05204	0.02932	0.63855	0.03865	0.00745	0.00764	0.01165	0.07957	0.00530
46	0.01549	0.00774	0.00774	0.00774	0.00968	0.00774	0.00581	0.01936	0.01742	0.03097	0.02710	0.03097	0.02129	0.00968	0.00581	0.00194	0.00387	0.00774	0.75416	0.00774
47	0.01549	0.00774	0.00774	0.00774	0.00968	0.00774	0.00581	0.01936	0.01742	0.03097	0.02710	0.03097	0.02129	0.00968	0.00581	0.00194	0.00387	0.00774	0.75416	0.00774
48	0.01740	0.01487	0.01576	0.01465	0.01854	0.01650	0.01122	0.03434	0.45222	0.03090	0.04526	0.10780	0.15614	0.01473	0.00895	0.00287	0.00592	0.01247	0.00823	0.01126
49	0.03052	0.03765	0.02336	0.02105	0.02547	0.60851	0.01589	0.06334	0.05636	0.02267	0.01428	0.01606	0.01163	0.00877	0.00758	0.00219	0.01425	0.00567	0.00470	0.01004
50	0.01198	0.00801	0.00909	0.00919	0.00921	0.00799	0.00517	0.01205	0.01227	0.01637	0.02717	0.08718	0.03145	0.67352	0.04068	0.00782	0.00789	0.01266	0.00517	0.00512
51	0.01192	0.00815	0.00940	0.00940	0.00970	0.00819	0.00558	0.01231	0.01262	0.01678	0.02942	0.05404	0.06795	0.60885	0.09577	0.00819	0.00906	0.01214	0.00515	0.00537
52	0.02221	0.71304	0.04353	0.01421	0.02132	0.03287	0.01421	0.02488	0.01688	0.01955	0.01155	0.01333	0.01066	0.00711	0.00533	0.00178	0.00888	0.00444	0.00355	0.01066
53	0.06417	0.13968	0.49777	0.02297	0.06632	0.02130	0.02662	0.02593	0.01731	0.02603	0.01424	0.01683	0.01059	0.00774	0.00736	0.00249	0.01128	0.00585	0.00365	0.01188
54	0.01061	0.00743	0.00950	0.01094	0.01131	0.00707	0.00704	0.01170	0.01495	0.01994	0.04090	0.54120	0.04878	0.19586	0.01849	0.00454	0.00563	0.02074	0.00704	0.00632
55	0.01773	0.07160	0.50545	0.02877	0.16159	0.02006	0.02881	0.02607	0.01779	0.02614	0.01489	0.01795	0.01107	0.00775	0.00783	0.00256	0.01162	0.00631	0.00363	0.01238
56	0.05412	0.02428	0.16086	0.04360	0.50085	0.01960	0.02579	0.02561	0.01842	0.02744	0.01529	0.01962	0.01243	0.00752	0.00802	0.00251	0.01020	0.00701	0.00404	0.01279
57	0.02056	0.01974	0.03372	0.05099	0.65622	0.01974	0.02550	0.02550	0.01892	0.02714	0.01563	0.02056	0.01316	0.00740	0.00822	0.00247	0.00987	0.00740	0.00411	0.01316
58	0.02612	0.17088	0.03064	0.02875	0.21251	0.34895	0.01849	0.02920	0.02081	0.02220	0.01341	0.01631	0.01142	0.00792	0.00727	0.00216	0.01222	0.00578	0.00408	0.01089
59	0.02056	0.01974	0.03372	0.05099	0.65622	0.01974	0.02550	0.02550	0.01892	0.02714	0.01563	0.02056	0.01316	0.00740	0.00822	0.00247	0.00987	0.00740	0.00411	0.01316
60	0.01979	0.02030	0.02768	0.27214	0.31321	0.11598	0.02218	0.02437	0.01878	0.02376	0.01862	0.02352	0.04676	0.00864	0.00823	0.00254	0.01075	0.00764	0.00418	0.01090
61	0.02113	0.02082	0.03317	0.04938	0.62189	0.05539	0.02498	0.02591	0.01917	0.02677	0.01547	0.02026	0.01303	0.00747	0.00818	0.00245	0.01015	0.00729	0.00412	0.01297
62	0.03050	0.03858	0.02406	0.02292	0.05800	0.64112	0.01654	0.03278	0.02330	0.02068	0.01298	0.01527	0.01083	0.00850	0.00753	0.00216	0.01472	0.00546	0.00427	0.00981
63	0.01532	0.01625	0.01249	0.01208	0.01519	0.17343	0.00918	0.01754	0.02009	0.02207	0.06391	0.06462	0.45546	0.01805	0.00934	0.00270	0.00710	0.05061	0.00686	0.00770
64	0.02066	0.01785	0.01878	0.01691	0.02160	0.02066	0.01315	0.04414	0.64121	0.03475	0.03381	0.03099	0.02536	0.01127	0.00845	0.00282	0.00657	0.00939	0.00845	0.01315

[dist]
# distance from previous block
# <min> <max>
0	1

[block]
# block no. 1 follows, 22 sequences, length 9
# corresponding to MSA columns:
# 66-74
name=unknown_B
#
# <colnr> <probs for GDERKNQSTAVLIFYWHMCP>
#	G	D	E	R	K	N	Q	S	T	A	V	L	I	F	Y	W	H	M	C	P
0	0.02056	0.01974	0.03372	0.05099	0.65622	0.01974	0.02550	0.02550	0.01892	0.02714	0.01563	0.02056	0.01316	0.00740	0.00822	0.00247	0.00987	0.00740	0.00411	0.01316
1	0.01964	0.01880	0.03206	0.17119	0.54321	0.01950	0.02504	0.02469	0.01848	0.02602	0.01546	0.02086	0.01277	0.00757	0.00824	0.00252	0.01010	0.00740	0.00403	0.01242
2	0.02825	0.03096	0.02245	0.01979	0.02457	0.38998	0.01521	0.13125	0.19707	0.02944	0.01978	0.02021	0.01531	0.00954	0.00789	0.00238	0.01172	0.00681	0.00608	0.01132
3	0.01265	0.05712	0.01401	0.01199	0.01337	0.01116	0.00887	0.01461	0.01317	0.01825	0.02282	0.03852	0.02320	0.27281	0.41896	0.01080	0.01662	0.00965	0.00458	0.00685
4	0.01520	0.01107	0.01309	0.01300	0.01502	0.01125	0.00936	0.15497	0.02125	0.02823	0.04088	0.47307	0.07800	0.05949	0.01177	0.00339	0.00597	0.01889	0.00770	0.00838
5	0.06382	0.28615	0.27940	0.02155	0.03075	0.02462	0.13561	0.02572	0.01748	0.02451	0.01382	0.01665	0.01088	0.00742	0.00714	0.00234	0.01100	0.00610	0.00375	0.01128
6	0.19324	0.40091	0.06647	0.01385	0.01989	0.02521	0.01332	0.02325	0.01572	0.02400	0.01345	0.01669	0.01188	0.01610	0.11235	0.00386	0.01064	0.00526	0.00406	0.00985
7	0.01245	0.00872	0.01246	0.01246	0.01401	0.00996	0.00965	0.01556	0.01400	0.02115	0.02303	0.03237	0.02085	0.05390	0.56828	0.01153	0.01932	0.00872	0.12413	0.00747
8	0.02256	0.27241	0.02827	0.01680	0.05017	0.10270	0.01366	0.16326	0.02316	0.02815	0.02805	0.02888	0.13322	0.01320	0.03897	0.00276	0.00948	0.00808	0.00560	0.01062

[dist]
# distance from previous block
# <min> <max>
1	2

[block]
# block no. 2 follows, 22 sequences, length 135
# corresponding to MSA columns:
# 77-211
name=unknown_C
#
# <colnr> <probs for GDERKNQSTAVLIFYWHMCP>
#	G	D	E	R	K	N	Q	S	T	A	V	L	I	F	Y	W	H	M	C	P
0	0.02066	0.08157	0.07126	0.07793	0.47817	0.05091	0.05009	0.02566	0.01878	0.02579	0.01511	0.01967	0.01254	0.00749	0.00799	0.00243	0.01040	0.00708	0.00402	0.01244
1	0.02523	0.02916	0.02740	0.11971	0.25763	0.35183	0.02039	0.02883	0.02096	0.02291	0.01410	0.01794	0.01164	0.00811	0.00786	0.00234	0.01262	0.00636	0.00414	0.01085
2	0.23226	0.25917	0.02888	0.02197	0.15986	0.09217	0.01512	0.02532	0.01757	0.02696	0.04320	0.01747	0.01398	0.00797	0.00636	0.00223	0.00881	0.00571	0.00447	0.01050
3	0.01471	0.01319	0.04572	0.01677	0.05586	0.01148	0.09165	0.02000	0.05451	0.05675	0.33259	0.05288	0.17023	0.01492	0.00950	0.00268	0.00629	0.01341	0.00769	0.00918
4	0.02440	0.01747	0.01955	0.01601	0.02071	0.01934	0.01299	0.38874	0.02960	0.04115	0.02158	0.02467	0.01681	0.02258	0.16920	0.00504	0.01152	0.00786	0.11925	0.01155
5	0.01684	0.02595	0.24121	0.02627	0.03431	0.01797	0.28848	0.02376	0.01747	0.02480	0.01746	0.02321	0.01383	0.02021	0.16454	0.00521	0.01537	0.00840	0.00403	0.01067
6	0.01198	0.00845	0.01107	0.01107	0.01177	0.00915	0.00754	0.01337	0.01268	0.01760	0.02433	0.04417	0.02578	0.40507	0.33921	0.01054	0.01472	0.01059	0.00476	0.00615
7	0.02674	0.02961	0.03030	0.09175	0.03330	0.31846	0.16855	0.14700	0.02490	0.02826	0.01541	0.01853	0.01188	0.00842	0.00831	0.00244	0.01320	0.00708	0.00499	0.01086
8	0.01159	0.00849	0.01087	0.01028	0.01231	0.00777	0.00771	0.01535	0.02312	0.03237	0.60271	0.06360	0.12810	0.01733	0.00980	0.00263	0.00394	0.01524	0.00902	0.00777
9	0.01208	0.00805	0.00906	0.00906	0.00906	0.00805	0.00503	0.01208	0.01208	0.01611	0.02618	0.05436	0.03020	0.70804	0.04228	0.00805	0.00805	0.01208	0.00503	0.00503
10	0.02268	0.59379	0.04020	0.01550	0.02176	0.09062	0.01471	0.02522	0.01714	0.01965	0.01161	0.01388	0.01068	0.00786	0.00736	0.00197	0.06654	0.00476	0.00363	0.01044
11	0.02056	0.01974	0.03372	0.05099	0.65622	0.01974	0.02550	0.02550	0.01892	0.02714	0.01563	0.02056	0.01316	0.00740	0.00822	0.00247	0.00987	0.00740	0.00411	0.01316
12	0.00982	0.00842	0.00842	0.00842	0.01122	0.00701	0.00631	0.01192	0.01894	0.02244	0.08416	0.07995	0.65285	0.02104	0.00982	0.00281	0.00421	0.01753	0.00771	0.00701
13	0.01005	0.00749	0.00937	0.01087	0.01187	0.00681	0.00740	0.01165	0.01657	0.02148	0.05425	0.56533	0.18678	0.02493	0.01043	0.00325	0.00468	0.02228	0.00771	0.00681
14	0.02056	0.01974	0.03372	0.05099	0.65622	0.01974	0.02550	0.02550	0.01892	0.02714	0.01563	0.02056	0.01316	0.00740	0.00822	0.00247	0.00987	0.00740	0.00411	0.01316
15	0.01928	0.01843	0.03140	0.21886	0.49838	0.01940	0.02486	0.02437	0.01831	0.02558	0.01540	0.02098	0.01261	0.00764	0.00825	0.00255	0.01019	0.00740	0.00400	0.01212
16	0.02838	0.19160	0.02862	0.05103	0.02619	0.33191	0.01589	0.17886	0.02552	0.02816	0.01440	0.01617	0.01156	0.00856	0.00723	0.00217	0.01192	0.00577	0.00509	0.01097
17	0.20837	0.02003	0.15821	0.01495	0.02131	0.01490	0.01461	0.05137	0.02056	0.19462	0.16759	0.02977	0.02871	0.01067	0.00779	0.00259	0.00741	0.00843	0.00716	0.01097
18	0.02195	0.68181	0.07250	0.01466	0.02200	0.03224	0.01498	0.02494	0.01691	0.01986	0.01171	0.01352	0.01065	0.00714	0.00545	0.00182	0.00904	0.00452	0.00355	0.01074
19	0.01237	0.00989	0.01203	0.05159	0.01641	0.01005	0.00950	0.01816	0.12615	0.02401	0.05026	0.38140	0.17872	0.02117	0.00996	0.00314	0.00548	0.04400	0.00760	0.00811
20	0.01924	0.01183	0.01264	0.01135	0.01511	0.04764	0.00876	0.02161	0.02037	0.21198	0.06124	0.11744	0.37325	0.01757	0.00932	0.00275	0.00574	0.01465	0.00827	0.00926
21	0.02288	0.02392	0.02991	0.04089	0.45054	0.16425	0.02212	0.02915	0.08530	0.02644	0.01692	0.02043	0.01390	0.00806	0.00809	0.00243	0.01065	0.00716	0.00461	0.01238
22	0.01687	0.04176	0.63215	0.02510	0.06824	0.01932	0.03042	0.02627	0.01761	0.02635	0.01495	0.01770	0.01066	0.00787	0.00791	0.00262	0.01215	0.00620	0.00354	0.01232
23	0.01183	0.00854	0.01121	0.01068	0.01263	0.00792	0.00810	0.01575	0.02331	0.03292	0.62350	0.06353	0.07696	0.01726	0.00988	0.00267	0.00409	0.04231	0.00908	0.00783
24	0.02058	0.01675	0.01903	0.01389	0.02111	0.01450	0.01123	0.16280	0.02232	0.03297	0.01598	0.01786	0.01273	0.00704	0.00666	0.00153	0.00685	0.00552	0.00571	0.58493
25	0.01012	0.00723	0.00964	0.01157	0.01205	0.00675	0.00771	0.01157	0.01591	0.02121	0.04579	0.70262	0.05495	0.02603	0.01060	0.00337	0.00482	0.02362	0.00771	0.00675
26	0.02112	0.55058	0.03928	0.05501	0.02351	0.03073	0.01543	0.02381	0.01614	0.01972	0.01163	0.01469	0.01073	0.00848	0.00934	0.00216	0.12866	0.00511	0.00358	0.01030
27	0.03158	0.02327	0.02493	0.01911	0.02576	0.02576	0.01579	0.62852	0.03906	0.05236	0.01995	0.01995	0.01413	0.00997	0.00831	0.00249	0.00914	0.00748	0.00831	0.01413
28	0.01783	0.01686	0.02740	0.07075	0.47768	0.01671	0.02090	0.02213	0.01881	0.02577	0.03159	0.03450	0.16244	0.01063	0.00860	0.00256	0.00860	0.00977	0.00493	0.01154
29	0.01187	0.00890	0.01335	0.01335	0.01483	0.01038	0.01038	0.01483	0.01335	0.01928	0.02225	0.03264	0.02077	0.06231	0.67512	0.01335	0.02225	0.00890	0.00445	0.00742
30	0.01208	0.00805	0.00906	0.00906	0.00906	0.00805	0.00503	0.01208	0.01208	0.01611	0.02618	0.05436	0.03020	0.70804	0.04228	0.00805	0.00805	0.01208	0.00503	0.00503
31	0.03123	0.03364	0.02405	0.02057	0.02571	0.43801	0.01596	0.25031	0.02920	0.03201	0.01543	0.01679	0.01195	0.00908	0.00779	0.00227	0.01285	0.00613	0.00575	0.01127
32	0.01723	0.01477	0.01723	0.01230	0.01969	0.01107	0.00984	0.02092	0.01723	0.02707	0.01477	0.01723	0.01230	0.00615	0.00615	0.00123	0.00615	0.00492	0.00492	0.75883
33	0.01818	0.01818	0.02545	0.02181	0.02181	0.02545	0.01818	0.01999	0.01272	0.01999	0.01091	0.01818	0.01091	0.01454	0.02726	0.00364	0.69284	0.00727	0.00364	0.00909
34	0.03727	0.01414	0.01928	0.01478	0.02121	0.01221	0.01221	0.04049	0.02378	0.66198	0.03277	0.02828	0.02056	0.01028	0.00835	0.00257	0.00707	0.00835	0.01028	0.01414
35	0.02221	0.71304	0.04353	0.01421	0.02132	0.03287	0.01421	0.02488	0.01688	0.01955	0.01155	0.01333	0.01066	0.00711	0.00533	0.00178	0.00888	0.00444	0.00355	0.01066
36	0.01443	0.00722	0.01082	0.01082	0.01082	0.00722	0.00722	0.01082	0.01082	0.01443	0.01443	0.02525	0.01443	0.02886	0.03247	0.75830	0.00722	0.00722	0.00361	0.00361
37	0.01505	0.00778	0.00791	0.00791	0.00960	0.00778	0.00571	0.01843	0.01674	0.02908	0.02698	0.03395	0.02243	0.09846	0.01044	0.00271	0.00440	0.00829	0.65893	0.00740
38	0.01666	0.04297	0.66500	0.02368	0.03596	0.01929	0.03069	0.02631	0.01754	0.02631	0.01491	0.01754	0.01052	0.00789	0.00789	0.00263	0.01228	0.00614	0.00351	0.01228
39	0.01549	0.00774	0.00774	0.00774	0.00968	0.00774	0.00581	0.01936	0.01742	0.03097	0.02710	0.03097	0.02129	0.00968	0.00581	0.00194	0.00387	0.00774	0.75416	0.00774
40	0.03582	0.01383	0.01870	0.01444	0.02068	0.01193	0.01190	0.03897	0.02352	0.62809	0.03550	0.03101	0.05407	0.01085	0.00843	0.00258	0.00692	0.00884	0.01015	0.01376
41	0.01781	0.01763	0.02474	0.02131	0.02140	0.02456	0.01772	0.01969	0.01276	0.01995	0.01157	0.01902	0.01148	0.01734	0.06521	0.00420	0.65356	0.00737	0.00368	0.00899
42	0.01666	0.04297	0.66500	0.02368	0.03596	0.01929	0.03069	0.02631	0.01754	0.02631	0.01491	0.01754	0.01052	0.00789	0.00789	0.00263	0.01228	0.00614	0.00351	0.01228
43	0.01111	0.00797	0.00988	0.01029	0.01139	0.00745	0.00699	0.01313	0.01791	0.02428	0.25219	0.27055	0.11644	0.18170	0.01765	0.00415	0.00521	0.01738	0.00758	0.00675
44	0.02369	0.48541	0.10414	0.01689	0.02388	0.18132	0.01637	0.02696	0.01850	0.02044	0.01220	0.01416	0.01066	0.00753	0.00610	0.00195	0.01066	0.00483	0.00372	0.01059
45	0.01022	0.00833	0.00905	0.00909	0.01153	0.00715	0.00673	0.01263	0.01957	0.02447	0.19210	0.13006	0.48879	0.02067	0.00988	0.00282	0.00420	0.01757	0.00799	0.00715
46	0.01666	0.04297	0.66500	0.02368	0.03596	0.01929	0.03069	0.02631	0.01754	0.02631	0.01491	0.01754	0.01052	0.00789	0.00789	0.00263	0.01228	0.00614	0.00351	0.01228
47	0.01012	0.00723	0.00964	0.01157	0.01205	0.00675	0.00771	0.01157	0.01591	0.02121	0.04579	0.70262	0.05495	0.02603	0.01060	0.00337	0.00482	0.02362	0.00771	0.00675
48	0.02565	0.02876	0.02437	0.02659	0.16350	0.33621	0.01727	0.03474	0.20580	0.02611	0.01968	0.02096	0.01559	0.00911	0.00794	0.00241	0.01136	0.00700	0.00548	0.01145
49	0.02370	0.02892	0.16706	0.02313	0.05499	0.14730	0.05558	0.18136	0.02366	0.03075	0.01680	0.02226	0.01378	0.01045	0.01163	0.00274	0.13080	0.03847	0.00520	0.01142
50	0.01769	0.03664	0.48973	0.03036	0.17316	0.01949	0.06442	0.02615	0.01796	0.02651	0.01518	0.01849	0.01123	0.00773	0.00808	0.00260	0.01185	0.00663	0.00368	0.01241
51	0.01666	0.04297	0.66500	0.02368	0.03596	0.01929	0.03069	0.02631	0.01754	0.02631	0.01491	0.01754	0.01052	0.00789	0.00789	0.00263	0.01228	0.00614	0.00351	0.01228
52	0.01754	0.00980	0.01277	0.01128	0.01436	0.00878	0.00872	0.02113	0.02316	0.17912	0.45566	0.05579	0.11713	0.01579	0.00946	0.00262	0.00468	0.01369	0.00928	0.00923
53	0.01711	0.10240	0.57437	0.05823	0.03576	0.02048	0.02879	0.02591	0.01743	0.02542	0.01460	0.01740	0.01057	0.00784	0.00768	0.00256	0.01190	0.00605	0.00352	0.01197
54	0.01208	0.00805	0.00906	0.00906	0.00906	0.00805	0.00503	0.01208	0.01208	0.01611	0.02618	0.05436	0.03020	0.70804	0.04228	0.00805	0.00805	0.01208	0.00503	0.00503
55	0.01549	0.00774	0.00774	0.00774	0.00968	0.00774	0.00581	0.01936	0.01742	0.03097	0.02710	0.03097	0.02129	0.00968	0.00581	0.00194	0.00387	0.00774	0.75416	0.00774
56	0.00982	0.00842	0.00842	0.00842	0.01122	0.00701	0.00631	0.01192	0.01894	0.02244	0.08416	0.07995	0.65285	0.02104	0.00982	0.00281	0.00421	0.01753	0.00771	0.00701
57	0.01199	0.00802	0.00909	0.00918	0.00920	0.00799	0.00516	0.01206	0.01226	0.01634	0.02708	0.08413	0.03134	0.67672	0.04083	0.00784	0.00791	0.01261	0.00516	0.00511
58	0.02968	0.03734	0.02374	0.02144	0.02528	0.60650	0.01627	0.03179	0.02241	0.02030	0.01264	0.01532	0.01072	0.00919	0.00957	0.00230	0.08618	0.00555	0.00421	0.00957
59	0.01208	0.00805	0.00906	0.00906	0.00906	0.00805	0.00503	0.01208	0.01208	0.01611	0.02618	0.05436	0.03020	0.70804	0.04228	0.00805	0.00805	0.01208	0.00503	0.00503
60	0.01208	0.00805	0.00906	0.00906	0.00906	0.00805	0.00503	0.01208	0.01208	0.01611	0.02618	0.05436	0.03020	0.70804	0.04228	0.00805	0.00805	0.01208	0.00503	0.00503
61	0.01012	0.00723	0.00964	0.01157	0.01205	0.00675	0.00771	0.01157	0.01591	0.02121	0.04579	0.70262	0.05495	0.02603	0.01060	0.00337	0.00482	0.02362	0.00771	0.00675
62	0.02056	0.01974	0.03372	0.05099	0.65622	0.01974	0.02550	0.02550	0.01892	0.02714	0.01563	0.02056	0.01316	0.00740	0.00822	0.00247	0.00987	0.00740	0.00411	0.01316
63	0.01339	0.00956	0.01339	0.01530	0.01721	0.00956	0.01339	0.01721	0.01912	0.02486	0.04399	0.09371	0.04781	0.02295	0.01147	0.00382	0.00765	0.60031	0.00765	0.00765
64	0.01187	0.00890	0.01335	0.01335	0.01483	0.01038	0.01038	0.01483	0.01335	0.01928	0.02225	0.03264	0.02077	0.06231	0.67512	0.01335	0.02225	0.00890	0.00445	0.00742
65	0.01569	0.01477	0.02492	0.68808	0.05722	0.01846	0.02307	0.02123	0.01661	0.02123	0.01477	0.02215	0.01107	0.00831	0.00831	0.00277	0.01107	0.00738	0.00369	0.00923
66	0.02698	0.01991	0.02223	0.01777	0.02321	0.02217	0.01453	0.48522	0.03306	0.04463	0.02048	0.02291	0.01568	0.02219	0.16402	0.00503	0.01220	0.00781	0.00741	0.01256
67	0.01666	0.04297	0.66500	0.02368	0.03596	0.01929	0.03069	0.02631	0.01754	0.02631	0.01491	0.01754	0.01052	0.00789	0.00789	0.00263	0.01228	0.00614	0.00351	0.01228
68	0.02194	0.02401	0.17078	0.01756	0.02516	0.01850	0.01686	0.24239	0.05864	0.03644	0.04481	0.05031	0.01775	0.00951	0.00780	0.00225	0.00854	0.00758	0.00630	0.21288
69	0.01569	0.01477	0.02492	0.68808	0.05722	0.01846	0.02307	0.02123	0.01661	0.02123	0.01477	0.02215	0.01107	0.00831	0.00831	0.00277	0.01107	0.00738	0.00369	0.00923
70	0.02427	0.55578	0.03886	0.01589	0.02234	0.18274	0.01464	0.02681	0.01844	0.01973	0.01185	0.01371	0.01067	0.00745	0.00583	0.00186	0.01031	0.00465	0.00372	0.01042
71	0.02037	0.01955	0.03338	0.07577	0.63293	0.01969	0.02540	0.02533	0.01883	0.02691	0.01559	0.02062	0.01308	0.00744	0.00823	0.00248	0.00992	0.00740	0.00410	0.01301
72	0.02221	0.71304	0.04353	0.01421	0.02132	0.03287	0.01421	0.02488	0.01688	0.01955	0.01155	0.01333	0.01066	0.00711	0.00533	0.00178	0.00888	0.00444	0.00355	0.01066
73	0.01012	0.00723	0.00964	0.01157	0.01205	0.00675	0.00771	0.01157	0.01591	0.02121	0.04579	0.70262	0.05495	0.02603	0.01060	0.00337	0.00482	0.02362	0.00771	0.00675
74	0.01003	0.00760	0.00926	0.01059	0.01179	0.00683	0.00728	0.01168	0.01685	0.02159	0.05774	0.50870	0.24115	0.02447	0.01036	0.00320	0.00463	0.02172	0.00771	0.00683
75	0.01012	0.00723	0.00964	0.01157	0.01205	0.00675	0.00771	0.01157	0.01591	0.02121	0.04579	0.70262	0.05495	0.02603	0.01060	0.00337	0.00482	0.02362	0.00771	0.00675
76	0.03094	0.02295	0.02457	0.01898	0.02552	0.02546	0.01564	0.59429	0.07433	0.05132	0.02076	0.02059	0.01479	0.01005	0.00832	0.00251	0.00899	0.00759	0.00832	0.01407
77	0.01230	0.01050	0.01083	0.01039	0.01357	0.01006	0.00789	0.01921	0.15636	0.02568	0.10020	0.06830	0.48703	0.01869	0.00952	0.00280	0.00472	0.01562	0.00795	0.00841
78	0.00989	0.00814	0.00870	0.00915	0.01141	0.00695	0.00664	0.01184	0.01823	0.02215	0.07520	0.22535	0.51323	0.02220	0.01000	0.00294	0.00435	0.01895	0.00771	0.00695
79	0.01012	0.00723	0.00964	0.01157	0.01205	0.00675	0.00771	0.01157	0.01591	0.02121	0.04579	0.70262	0.05495	0.02603	0.01060	0.00337	0.00482	0.02362	0.00771	0.00675
80	0.01666	0.04297	0.66500	0.02368	0.03596	0.01929	0.03069	0.02631	0.01754	0.02631	0.01491	0.01754	0.01052	0.00789	0.00789	0.00263	0.01228	0.00614	0.00351	0.01228
81	0.01549	0.00774	0.00774	0.00774	0.00968	0.00774	0.00581	0.01936	0.01742	0.03097	0.02710	0.03097	0.02129	0.00968	0.00581	0.00194	0.00387	0.00774	0.75416	0.00774
82	0.01012	0.00723	0.00964	0.01157	0.01205	0.00675	0.00771	0.01157	0.01591	0.02121	0.04579	0.70262	0.05495	0.02603	0.01060	0.00337	0.00482	0.02362	0.00771	0.00675
83	0.01415	0.16416	0.02001	0.01354	0.01627	0.01534	0.01123	0.01705	0.01413	0.01934	0.01989	0.02838	0.01854	0.05013	0.52744	0.01080	0.01930	0.00792	0.00425	0.00813
84	0.02986	0.02564	0.02371	0.05020	0.02635	0.16755	0.01565	0.43648	0.03344	0.04270	0.01852	0.01954	0.01361	0.00957	0.00800	0.00240	0.01024	0.00702	0.04696	0.01257
85	0.01841	0.01755	0.02984	0.33193	0.39208	0.01917	0.02443	0.02361	0.01790	0.02453	0.01525	0.02126	0.01224	0.00780	0.00826	0.00260	0.01040	0.00739	0.00393	0.01143
86	0.02056	0.01974	0.03372	0.05099	0.65622	0.01974	0.02550	0.02550	0.01892	0.02714	0.01563	0.02056	0.01316	0.00740	0.00822	0.00247	0.00987	0.00740	0.00411	0.01316
87	0.02603	0.42185	0.03489	0.01732	0.02321	0.31039	0.01501	0.02846	0.01976	0.01989	0.01211	0.01404	0.01068	0.00774	0.00626	0.00193	0.01152	0.00483	0.00387	0.01022
88	0.01239	0.00841	0.01007	0.01052	0.01096	0.00841	0.00698	0.01328	0.01373	0.01815	0.03033	0.06355	0.03431	0.54807	0.03509	0.00707	0.00796	0.14944	0.00564	0.00564
89	0.02056	0.01974	0.03372	0.05099	0.65622	0.01974	0.02550	0.02550	0.01892	0.02714	0.01563	0.02056	0.01316	0.00740	0.00822	0.00247	0.00987	0.00740	0.00411	0.01316
90	0.02005	0.01920	0.03252	0.04897	0.62561	0.01913	0.02459	0.02485	0.01892	0.02692	0.01888	0.02338	0.04352	0.00805	0.00830	0.00248	0.00960	0.00788	0.00428	0.01287
91	0.02233	0.03112	0.37502	0.02762	0.16928	0.01774	0.02523	0.02944	0.01930	0.17493	0.01924	0.02071	0.01345	0.00834	0.00807	0.00258	0.01053	0.00693	0.00522	0.01291
92	0.01271	0.00913	0.01170	0.01145	0.01257	0.00985	0.00805	0.04025	0.01421	0.01950	0.02718	0.04418	0.05832	0.34239	0.33169	0.00998	0.01446	0.01070	0.00505	0.00664
93	0.01771	0.01816	0.01980	0.01789	0.02008	0.16030	0.04593	0.02049	0.01581	0.02004	0.01772	0.02544	0.01623	0.03840	0.36897	0.00846	0.14803	0.00786	0.00424	0.00843
94	0.10532	0.01425	0.01637	0.01327	0.01851	0.01379	0.01078	0.13317	0.02395	0.30748	0.04001	0.03749	0.16592	0.01244	0.00822	0.00258	0.00652	0.00991	0.04845	0.01159
95	0.01824	0.01958	0.04116	0.03067	0.03764	0.01848	0.49096	0.02454	0.01950	0.02622	0.02280	0.03813	0.02037	0.01052	0.01017	0.00303	0.01260	0.14001	0.00496	0.01042
96	0.02005	0.01922	0.03280	0.11790	0.59331	0.01960	0.02524	0.02505	0.01867	0.02652	0.01554	0.02073	0.01294	0.00750	0.00823	0.00250	0.01000	0.00740	0.00407	0.01275
97	0.10569	0.02613	0.22911	0.01842	0.02666	0.01881	0.01882	0.19198	0.02485	0.22699	0.02132	0.02101	0.01437	0.00916	0.00786	0.00257	0.00924	0.00700	0.00702	0.01299
98	0.02368	0.09814	0.03189	0.03880	0.41216	0.20537	0.02165	0.02759	0.02000	0.02443	0.01441	0.01823	0.01221	0.00770	0.00771	0.00230	0.01120	0.00651	0.00410	0.01190
99	0.01116	0.00788	0.01037	0.01198	0.01270	0.00758	0.00852	0.01290	0.01599	0.02118	0.04218	0.46231	0.04932	0.13693	0.01598	0.00424	0.00597	0.14889	0.00726	0.00667
100	0.02240	0.02323	0.03193	0.04579	0.54537	0.13488	0.02384	0.02685	0.01973	0.02594	0.01514	0.01958	0.01273	0.00761	0.00810	0.00241	0.01077	0.00704	0.00414	0.01254
101	0.01208	0.00805	0.00906	0.00906	0.00906	0.00805	0.00503	0.01208	0.01208	0.01611	0.02618	0.05436	0.03020	0.70804	0.04228	0.00805	0.00805	0.01208	0.00503	0.00503
102	0.01012	0.00723	0.00964	0.01157	0.01205	0.00675	0.00771	0.01157	0.01591	0.02121	0.04579	0.70262	0.05495	0.02603	0.01060	0.00337	0.00482	0.02362	0.00771	0.00675
103	0.02056	0.01974	0.03372	0.05099	0.65622	0.01974	0.02550	0.02550	0.01892	0.02714	0.01563	0.02056	0.01316	0.00740	0.00822	0.00247	0.00987	0.00740	0.00411	0.01316
104	0.01666	0.04297	0.66500	0.02368	0.03596	0.01929	0.03069	0.02631	0.01754	0.02631	0.01491	0.01754	0.01052	0.00789	0.00789	0.00263	0.01228	0.00614	0.00351	0.01228
105	0.00991	0.00842	0.00854	0.00851	0.01127	0.00705	0.00638	0.01209	0.01914	0.02293	0.10953	0.07915	0.62717	0.02086	0.00982	0.00280	0.00419	0.01742	0.00778	0.00705
106	0.02056	0.01974	0.03372	0.05099	0.65622	0.01974	0.02550	0.02550	0.01892	0.02714	0.01563	0.02056	0.01316	0.00740	0.00822	0.00247	0.00987	0.00740	0.00411	0.01316
107	0.03058	0.02928	0.02353	0.01952	0.02496	0.29338	0.01542	0.35309	0.03160	0.03808	0.01735	0.01842	0.01305	0.00937	0.00785	0.00232	0.01131	0.00661	0.04230	0.01196
108	0.00982	0.00842	0.00842	0.00842	0.01122	0.00701	0.00631	0.01192	0.01894	0.02244	0.08416	0.07995	0.65285	0.02104	0.00982	0.00281	0.00421	0.01753	0.00771	0.00701
109	0.01666	0.04297	0.66500	0.02368	0.03596	0.01929	0.03069	0.02631	0.01754	0.02631	0.01491	0.01754	0.01052	0.00789	0.00789	0.00263	0.01228	0.00614	0.00351	0.01228
110	0.01687	0.01454	0.01516	0.01393	0.01797	0.01589	0.01076	0.03287	0.42340	0.03044	0.05143	0.04813	0.24500	0.01469	0.00893	0.00281	0.00575	0.01224	0.00819	0.01100
111	0.03105	0.02460	0.02453	0.01924	0.02557	0.08803	0.01570	0.54569	0.06384	0.04850	0.01987	0.01995	0.01429	0.00989	0.00824	0.00247	0.00959	0.00736	0.00793	0.01365
112	0.03117	0.03553	0.02389	0.02083	0.02570	0.51316	0.01599	0.18137	0.02740	0.02830	0.01461	0.01622	0.01155	0.00891	0.00769	0.00223	0.01353	0.00588	0.00528	0.01075
113	0.01208	0.00805	0.00906	0.00906	0.00906	0.00805	0.00503	0.01208	0.01208	0.01611	0.02618	0.05436	0.03020	0.70804	0.04228	0.00805	0.00805	0.01208	0.00503	0.00503
114	0.02056	0.01974	0.03372	0.05099	0.65622	0.01974	0.02550	0.02550	0.01892	0.02714	0.01563	0.02056	0.01316	0.00740	0.00822	0.00247	0.00987	0.00740	0.00411	0.01316
115	0.01693	0.04110	0.60898	0.02471	0.03663	0.01945	0.08484	0.02634	0.01773	0.02634	0.01508	0.01798	0.01071	0.00781	0.00807	0.00265	0.01243	0.00647	0.00357	0.01218
116	0.02917	0.02207	0.02358	0.01863	0.02485	0.02464	0.01521	0.49967	0.17183	0.04847	0.02300	0.02238	0.01660	0.01026	0.00834	0.00256	0.00858	0.00790	0.00834	0.01391
117	0.01005	0.00749	0.00937	0.01087	0.01187	0.00681	0.00740	0.01165	0.01657	0.02148	0.05425	0.56533	0.18678	0.02493	0.01043	0.00325	0.00468	0.02228	0.00771	0.00681
118	0.03103	0.03959	0.02354	0.02140	0.02568	0.67469	0.01605	0.03317	0.02354	0.02033	0.01284	0.01498	0.01070	0.00856	0.00749	0.00214	0.01498	0.00535	0.00428	0.00963
119	0.01666	0.04297	0.66500	0.02368	0.03596	0.01929	0.03069	0.02631	0.01754	0.02631	0.01491	0.01754	0.01052	0.00789	0.00789	0.00263	0.01228	0.00614	0.00351	0.01228
120	0.01012	0.00723	0.00964	0.01157	0.01205	0.00675	0.00771	0.01157	0.01591	0.02121	0.04579	0.70262	0.05495	0.02603	0.01060	0.00337	0.00482	0.02362	0.00771	0.00675
121	0.01002	0.00842	0.00870	0.00863	0.01135	0.00710	0.00647	0.01232	0.01942	0.02358	0.14378	0.07807	0.59252	0.02061	0.00982	0.00279	0.00418	0.01727	0.00786	0.00710
122	0.03048	0.03843	0.02329	0.02116	0.02546	0.63984	0.01590	0.03376	0.05646	0.02110	0.01396	0.01583	0.01148	0.00871	0.00754	0.00218	0.01453	0.00557	0.00450	0.00982
123	0.01543	0.01329	0.01378	0.01281	0.01659	0.01407	0.00985	0.02859	0.34079	0.02881	0.05812	0.05463	0.32830	0.01599	0.00911	0.00281	0.00543	0.01332	0.00810	0.01019
124	0.00982	0.00842	0.00842	0.00842	0.01122	0.00701	0.00631	0.01192	0.01894	0.02244	0.08416	0.07995	0.65285	0.02104	0.00982	0.00281	0.00421	0.01753	0.00771	0.00701
125	0.01666	0.04297	0.66500	0.02368	0.03596	0.01929	0.03069	0.02631	0.01754	0.02631	0.01491	0.01754	0.01052	0.00789	0.00789	0.00263	0.01228	0.00614	0.00351	0.01228
126	0.03113	0.03677	0.02378	0.02101	0.02570	0.56241	0.01601	0.13619	0.02623	0.02587	0.01407	0.01584	0.01129	0.00881	0.00763	0.00220	0.01397	0.00572	0.00498	0.01041
127	0.02146	0.01767	0.01881	0.01680	0.02158	0.02026	0.01310	0.04397	0.61169	0.06474	0.03376	0.03086	0.02513	0.01122	0.00845	0.00281	0.00660	0.00934	0.00854	0.01320
128	0.03022	0.10167	0.02538	0.02074	0.02528	0.61553	0.01588	0.03241	0.02293	0.02026	0.01272	0.01483	0.01070	0.00843	0.00729	0.00211	0.01442	0.00527	0.00421	0.00973
129	0.01208	0.00805	0.00906	0.00906	0.00906	0.00805	0.00503	0.01208	0.01208	0.01611	0.02618	0.05436	0.03020	0.70804	0.04228	0.00805	0.00805	0.01208	0.00503	0.00503
130	0.01187	0.00978	0.01060	0.01016	0.01301	0.00918	0.00769	0.01750	0.10910	0.02702	0.22411	0.06831	0.41422	0.01859	0.00962	0.00276	0.00447	0.01572	0.00819	0.00810
131	0.01917	0.02418	0.11154	0.03261	0.04064	0.02124	0.50749	0.02597	0.01876	0.02597	0.01606	0.02151	0.01223	0.00779	0.01121	0.00286	0.07640	0.00919	0.00408	0.01112
132	0.01374	0.01156	0.01085	0.01045	0.01258	0.06885	0.00745	0.01688	0.04817	0.02420	0.15721	0.05738	0.25004	0.17794	0.01670	0.00385	0.00611	0.01329	0.08547	0.00731
133	0.02962	0.03670	0.02211	0.02016	0.02423	0.61404	0.01512	0.03192	0.02299	0.02130	0.01414	0.01644	0.01166	0.00866	0.00734	0.00212	0.01397	0.00557	0.07247	0.00946
134	0.08918	0.17072	0.02642	0.12558	0.09312	0.02254	0.01592	0.05357	0.23377	0.05675	0.02142	0.02250	0.01648	0.00907	0.00741	0.00250	0.00824	0.00721	0.00594	0.01168

[dist]
# distance from previous block
# <min> <max>
0	31

[block]
# block no. 3 follows, 22 sequences, length 104
# corresponding to MSA columns:
# 243-346
name=unknown_D
#
# <colnr> <probs for GDERKNQSTAVLIFYWHMCP>
#	G	D	E	R	K	N	Q	S	T	A	V	L	I	F	Y	W	H	M	C	P
0	0.02655	0.03000	0.02113	0.01948	0.02342	0.42883	0.01519	0.09989	0.02398	0.02501	0.02048	0.03242	0.01914	0.01438	0.04242	0.00309	0.01317	0.12632	0.00545	0.00965
1	0.01901	0.24976	0.34456	0.02300	0.03286	0.02392	0.14612	0.02592	0.01775	0.02424	0.01424	0.01720	0.01099	0.00747	0.00747	0.00240	0.01156	0.00635	0.00366	0.01155
2	0.02290	0.02195	0.03169	0.04429	0.51963	0.07864	0.02342	0.10330	0.02190	0.02976	0.01593	0.01999	0.01306	0.00783	0.00817	0.00244	0.01023	0.00723	0.00466	0.01297
3	0.01202	0.00830	0.01032	0.01032	0.01076	0.00874	0.00660	0.01289	0.01245	0.01704	0.02502	0.04798	0.02743	0.51843	0.22811	0.00961	0.01222	0.01115	0.00486	0.00573
4	0.01386	0.01182	0.01716	0.01602	0.01703	0.01513	0.01284	0.01646	0.01315	0.01951	0.01867	0.02808	0.01766	0.04725	0.47086	0.01029	0.23368	0.00839	0.00419	0.00794
5	0.01208	0.00805	0.00906	0.00906	0.00906	0.00805	0.00503	0.01208	0.01208	0.01611	0.02618	0.05436	0.03020	0.70804	0.04228	0.00805	0.00805	0.01208	0.00503	0.00503
6	0.02056	0.01974	0.03372	0.05099	0.65622	0.01974	0.02550	0.02550	0.01892	0.02714	0.01563	0.02056	0.01316	0.00740	0.00822	0.00247	0.00987	0.00740	0.00411	0.01316
7	0.01012	0.00723	0.00964	0.01157	0.01205	0.00675	0.00771	0.01157	0.01591	0.02121	0.04579	0.70262	0.05495	0.02603	0.01060	0.00337	0.00482	0.02362	0.00771	0.00675
8	0.01187	0.00890	0.01335	0.01335	0.01483	0.01038	0.01038	0.01483	0.01335	0.01928	0.02225	0.03264	0.02077	0.06231	0.67512	0.01335	0.02225	0.00890	0.00445	0.00742
9	0.01054	0.00844	0.00941	0.00917	0.01166	0.00732	0.00688	0.01331	0.02063	0.02647	0.29440	0.07332	0.44010	0.01954	0.00981	0.00273	0.00410	0.01660	0.00824	0.00732
10	0.01347	0.01144	0.01201	0.01147	0.01479	0.01145	0.00883	0.02246	0.21506	0.02692	0.09313	0.06427	0.40362	0.01785	0.00946	0.00284	0.00508	0.03884	0.00801	0.00901
11	0.00982	0.00842	0.00842	0.00842	0.01122	0.00701	0.00631	0.01192	0.01894	0.02244	0.08416	0.07995	0.65285	0.02104	0.00982	0.00281	0.00421	0.01753	0.00771	0.00701
12	0.02105	0.02189	0.03714	0.04453	0.44469	0.06711	0.18775	0.02635	0.01944	0.02651	0.01575	0.02066	0.01283	0.00738	0.00860	0.00253	0.01136	0.00791	0.00415	0.01238
13	0.00982	0.00842	0.00842	0.00842	0.01122	0.00701	0.00631	0.01192	0.01894	0.02244	0.08416	0.07995	0.65285	0.02104	0.00982	0.00281	0.00421	0.01753	0.00771	0.00701
14	0.02029	0.01946	0.03323	0.08637	0.62296	0.01967	0.02536	0.02526	0.01879	0.02681	0.01558	0.02065	0.01304	0.00745	0.00823	0.00248	0.00994	0.00740	0.00409	0.01294
15	0.01187	0.00890	0.01335	0.01335	0.01483	0.01038	0.01038	0.01483	0.01335	0.01928	0.02225	0.03264	0.02077	0.06231	0.67512	0.01335	0.02225	0.00890	0.00445	0.00742
16	0.02014	0.01831	0.02645	0.02253	0.08356	0.01795	0.14613	0.09111	0.18951	0.03147	0.02401	0.02540	0.04405	0.00888	0.00814	0.00231	0.00853	0.00823	0.00612	0.21718
17	0.01180	0.00879	0.01298	0.01306	0.01443	0.01012	0.01001	0.01456	0.01340	0.01921	0.02344	0.06188	0.02267	0.09270	0.61590	0.01267	0.02082	0.00968	0.00462	0.00727
18	0.76672	0.01607	0.01221	0.01092	0.01607	0.01864	0.00900	0.02442	0.01414	0.03727	0.01157	0.01350	0.00900	0.00771	0.00514	0.00257	0.00643	0.00450	0.00514	0.00900
19	0.01034	0.00844	0.00915	0.00897	0.01154	0.00724	0.00673	0.01294	0.02018	0.02539	0.23817	0.07509	0.49700	0.01994	0.00981	0.00275	0.00413	0.01685	0.00810	0.00724
20	0.01187	0.00890	0.01335	0.01335	0.01483	0.01038	0.01038	0.01483	0.01335	0.01928	0.02225	0.03264	0.02077	0.06231	0.67512	0.01335	0.02225	0.00890	0.00445	0.00742
21	0.00984	0.00833	0.00850	0.00864	0.01128	0.00699	0.00641	0.01190	0.01872	0.02235	0.08140	0.12466	0.60992	0.02140	0.00987	0.00285	0.00425	0.01797	0.00771	0.00699
22	0.01207	0.00811	0.00937	0.00937	0.00948	0.00822	0.00542	0.01228	0.01217	0.01634	0.02589	0.05280	0.02952	0.66167	0.08773	0.00843	0.00907	0.01185	0.00499	0.00520
23	0.03103	0.03959	0.02354	0.02140	0.02568	0.67469	0.01605	0.03317	0.02354	0.02033	0.01284	0.01498	0.01070	0.00856	0.00749	0.00214	0.01498	0.00535	0.00428	0.00963
24	0.01549	0.00774	0.00774	0.00774	0.00968	0.00774	0.00581	0.01936	0.01742	0.03097	0.02710	0.03097	0.02129	0.00968	0.00581	0.00194	0.00387	0.00774	0.75416	0.00774
25	0.02221	0.71304	0.04353	0.01421	0.02132	0.03287	0.01421	0.02488	0.01688	0.01955	0.01155	0.01333	0.01066	0.00711	0.00533	0.00178	0.00888	0.00444	0.00355	0.01066
26	0.01836	0.24780	0.47503	0.02079	0.03148	0.02344	0.02566	0.02587	0.01734	0.02424	0.01388	0.01625	0.01057	0.00765	0.00711	0.00237	0.01124	0.00562	0.00352	0.01178
27	0.01867	0.01240	0.01476	0.01312	0.01673	0.01261	0.01018	0.02864	0.22084	0.13564	0.32659	0.04747	0.07916	0.01426	0.00913	0.00268	0.00529	0.01226	0.00904	0.01052
28	0.01187	0.00890	0.01335	0.01335	0.01483	0.01038	0.01038	0.01483	0.01335	0.01928	0.02225	0.03264	0.02077	0.06231	0.67512	0.01335	0.02225	0.00890	0.00445	0.00742
29	0.02221	0.71304	0.04353	0.01421	0.02132	0.03287	0.01421	0.02488	0.01688	0.01955	0.01155	0.01333	0.01066	0.00711	0.00533	0.00178	0.00888	0.00444	0.00355	0.01066
