[name]
unknown

[dist]
# distance from previous block
# <min> <max>
3	10

[block]
# block no. 0 follows, 22 sequences, length 67
# corresponding to MSA columns:
# 11-77
name=unknown_A
#
# <colnr> <probs for GDERKNQSTAVLIFYWHMCP>
#	G	D	E	R	K	N	Q	S	T	A	V	L	I	F	Y	W	H	M	C	P
0	0.01554	0.00915	0.01141	0.01123	0.01275	0.00875	0.00764	0.01789	0.04250	0.11747	0.09958	0.26614	0.04184	0.27463	0.02182	0.00488	0.00633	0.01556	0.00729	0.00760
1	0.01078	0.00825	0.01066	0.01142	0.01269	0.00813	0.00821	0.01288	0.01682	0.02239	0.11240	0.37460	0.17580	0.02945	0.11725	0.00478	0.03063	0.01853	0.00720	0.00710
2	0.01087	0.00764	0.00954	0.01064	0.01108	0.00737	0.00683	0.01190	0.01458	0.01939	0.03944	0.42262	0.06843	0.26673	0.04935	0.00541	0.00666	0.01872	0.00664	0.00618
3	0.01135	0.00749	0.00935	0.01058	0.01136	0.00712	0.00712	0.01323	0.01627	0.02315	0.08006	0.47842	0.04813	0.09278	0.01298	0.00356	0.00493	0.01913	0.13617	0.00681
4	0.01240	0.00892	0.01285	0.08097	0.05715	0.00889	0.01008	0.01327	0.01524	0.02001	0.03746	0.34244	0.11064	0.02319	0.01570	0.19578	0.00630	0.01604	0.00603	0.00663
5	0.01856	0.02101	0.09579	0.23454	0.30962	0.01954	0.13108	0.02450	0.01822	0.02521	0.01551	0.02106	0.01218	0.00765	0.00849	0.00263	0.01119	0.00770	0.00394	0.01156
6	0.01917	0.02544	0.13994	0.03334	0.04232	0.02076	0.53817	0.02657	0.01930	0.02657	0.01653	0.02169	0.01230	0.00713	0.00952	0.00278	0.01375	0.00926	0.00410	0.01136
7	0.01675	0.00941	0.01203	0.01191	0.01380	0.00887	0.00835	0.01944	0.04681	0.15449	0.07033	0.36201	0.04248	0.16360	0.01659	0.00412	0.00600	0.01692	0.00780	0.00829
8	0.01932	0.01363	0.01565	0.01307	0.01700	0.01345	0.01007	0.19674	0.02223	0.03074	0.02759	0.06516	0.09774	0.01628	0.01418	0.19511	0.00682	0.00906	0.06215	0.15400
9	0.01788	0.01012	0.01312	0.01157	0.01470	0.00925	0.00895	0.02221	0.04467	0.17849	0.45715	0.05410	0.09339	0.01545	0.00942	0.00262	0.00476	0.01342	0.00931	0.00944
10	0.01810	0.01487	0.02034	0.13073	0.02564	0.01821	0.01528	0.14073	0.01881	0.02619	0.01745	0.02452	0.01514	0.02963	0.24169	0.04683	0.17380	0.00789	0.00486	0.00927
11	0.09299	0.01890	0.02132	0.01639	0.02291	0.01939	0.01351	0.33014	0.02999	0.24845	0.02298	0.02189	0.01564	0.00954	0.00786	0.00241	0.00796	0.00728	0.00838	0.08206
12	0.01777	0.09130	0.36475	0.02944	0.19139	0.01967	0.05742	0.02481	0.01781	0.02554	0.01739	0.07339	0.01490	0.00911	0.00807	0.00258	0.01086	0.00791	0.00404	0.01186
13	0.02223	0.09161	0.39277	0.02154	0.03123	0.08220	0.02422	0.18045	0.02353	0.03186	0.01573	0.01758	0.01147	0.00842	0.00776	0.00248	0.01145	0.00627	0.00481	0.01238
14	0.01685	0.01623	0.02291	0.02004	0.02035	0.02229	0.01654	0.01891	0.01285	0.01984	0.01328	0.02121	0.01297	0.02455	0.16310	0.00567	0.55224	0.00761	0.00381	0.00874
15	0.01316	0.01109	0.01561	0.05146	0.14685	0.01056	0.01175	0.01681	0.02081	0.02808	0.31337	0.05710	0.23987	0.01584	0.00941	0.00265	0.00559	0.01386	0.00740	0.00875
16	0.01549	0.00774	0.00774	0.00774	0.00968	0.00774	0.00581	0.01936	0.01742	0.03097	0.02710	0.03097	0.02129	0.00968	0.00581	0.00194	0.00387	0.00774	0.75416	0.00774
17	0.02221	0.71304	0.04353	0.01421	0.02132	0.03287	0.01421	0.02488	0.01688	0.01955	0.01155	0.01333	0.01066	0.00711	0.00533	0.00178	0.00888	0.00444	0.00355	0.01066
18	0.01208	0.00805	0.00906	0.00906	0.00906	0.00805	0.00503	0.01208	0.01208	0.01611	0.02618	0.05436	0.03020	0.70804	0.04228	0.00805	0.00805	0.01208	0.00503	0.00503
19	0.01962	0.01720	0.02007	0.15763	0.02907	0.02020	0.01523	0.03934	0.51026	0.03192	0.02982	0.02914	0.02236	0.01065	0.00842	0.00281	0.00752	0.00897	0.00745	0.01233
20	0.02406	0.01856	0.03069	0.04340	0.52308	0.01816	0.02271	0.02864	0.01994	0.16024	0.01922	0.02218	0.01471	0.00801	0.00825	0.00249	0.00928	0.00760	0.00541	0.01336
21	0.01748	0.03810	0.53264	0.02940	0.16600	0.01939	0.02960	0.02614	0.01783	0.02648	0.01506	0.01817	0.01108	0.00779	0.00796	0.00260	0.01177	0.00640	0.00363	0.01246
22	0.02310	0.02602	0.08767	0.06302	0.35856	0.15750	0.02245	0.07659	0.05473	0.02784	0.01627	0.01969	0.01305	0.00814	0.00806	0.00245	0.01097	0.00697	0.00465	0.01226
23	0.01517	0.01419	0.01511	0.01474	0.01670	0.12487	0.01136	0.01800	0.01511	0.01947	0.02063	0.02959	0.01903	0.05304	0.56006	0.01142	0.02100	0.00829	0.00442	0.00780
24	0.01038	0.00742	0.00994	0.01187	0.01247	0.00697	0.00817	0.01202	0.01616	0.02150	0.04564	0.65357	0.05437	0.02578	0.01067	0.00341	0.00505	0.07007	0.00771	0.00682
25	0.01149	0.00924	0.01354	0.06741	0.01769	0.00952	0.03611	0.01377	0.01595	0.02126	0.04120	0.44918	0.09839	0.02751	0.09588	0.00453	0.03469	0.01864	0.00666	0.00734
26	0.35459	0.16437	0.02400	0.01738	0.07840	0.02354	0.01334	0.17873	0.02151	0.03647	0.01407	0.01575	0.01104	0.00813	0.00627	0.00237	0.00795	0.00551	0.00552	0.01104
27	0.09680	0.05869	0.06098	0.02939	0.23390	0.15852	0.01905	0.06075	0.08880	0.02783	0.01622	0.01908	0.01317	0.00891	0.00938	0.00253	0.07297	0.00668	0.00485	0.01151
28	0.02536	0.03094	0.12484	0.06412	0.16440	0.25837	0.04824	0.13215	0.02376	0.02855	0.01526	0.01814	0.01190	0.00837	0.00800	0.00241	0.01222	0.00659	0.00479	0.01161
29	0.02181	0.17793	0.26260	0.02682	0.15837	0.16739	0.02292	0.02736	0.01901	0.02374	0.01389	0.01671	0.01113	0.00777	0.00733	0.00231	0.01167	0.00587	0.00381	0.01153
30	0.01872	0.02526	0.18915	0.03324	0.30562	0.07739	0.02281	0.02422	0.01902	0.02562	0.02456	0.03344	0.07114	0.01073	0.00861	0.00268	0.01019	0.08149	0.00472	0.01140
31	0.01830	0.02536	0.25454	0.02373	0.13413	0.01700	0.02050	0.12357	0.02283	0.03238	0.17967	0.05885	0.03078	0.01124	0.00862	0.00261	0.00889	0.00959	0.00603	0.01137
32	0.01254	0.00951	0.01287	0.01257	0.01446	0.01047	0.00967	0.04576	0.01557	0.02136	0.03301	0.04130	0.12987	0.08720	0.49215	0.01069	0.01770	0.01049	0.00524	0.00756
33	0.01549	0.00774	0.00774	0.00774	0.00968	0.00774	0.00581	0.01936	0.01742	0.03097	0.02710	0.03097	0.02129	0.00968	0.00581	0.00194	0.00387	0.00774	0.75416	0.00774
34	0.01592	0.02819	0.34891	0.01837	0.02632	0.01633	0.02054	0.02668	0.14942	0.02874	0.12838	0.03472	0.09924	0.01158	0.00854	0.00269	0.00881	0.00956	0.00593	0.01114
35	0.01064	0.00845	0.00955	0.00928	0.01172	0.00736	0.00696	0.01351	0.02087	0.02703	0.32397	0.07239	0.41018	0.01933	0.00981	0.00272	0.00409	0.01647	0.00832	0.00736
36	0.02543	0.10685	0.12750	0.02017	0.02558	0.40946	0.01768	0.02894	0.02096	0.02185	0.04760	0.01853	0.01466	0.01092	0.03155	0.00267	0.04924	0.00613	0.00431	0.00996
37	0.03727	0.01414	0.01928	0.01478	0.02121	0.01221	0.01221	0.04049	0.02378	0.66198	0.03277	0.02828	0.02056	0.01028	0.00835	0.00257	0.00707	0.00835	0.01028	0.01414
38	0.02221	0.02286	0.03212	0.04633	0.55696	0.12285	0.02401	0.02670	0.01964	0.02607	0.01519	0.01968	0.01277	0.00758	0.00811	0.00242	0.01067	0.00708	0.00414	0.01260
39	0.01723	0.01477	0.01723	0.01230	0.01969	0.01107	0.00984	0.02092	0.01723	0.02707	0.01477	0.01723	0.01230	0.00615	0.00615	0.00123	0.00615	0.00492	0.00492	0.75883
40	0.01404	0.00961	0.01075	0.01023	0.01095	0.00985	0.00628	0.07666	0.01508	0.02014	0.02641	0.08009	0.02964	0.60402	0.03729	0.00726	0.00802	0.01212	0.00550	0.00606
41	0.02221	0.71304	0.04353	0.01421	0.02132	0.03287	0.01421	0.02488	0.01688	0.01955	0.01155	0.01333	0.01066	0.00711	0.00533	0.00178	0.00888	0.00444	0.00355	0.01066
42	0.02315	0.19584	0.02877	0.02296	0.15438	0.02306	0.01590	0.24180	0.02547	0.03344	0.02487	0.07888	0.07496	0.01101	0.00786	0.00240	0.00843	0.00891	0.00611	0.01179
43	0.01040	0.00833	0.00930	0.00929	0.01164	0.00723	0.00688	0.01297	0.01998	0.02546	0.24416	0.13195	0.43249	0.02033	0.00988	0.00280	0.00418	0.01737	0.00813	0.00723
44	0.02066	0.01785	0.01878	0.01691	0.02160	0.02066	0.01315	0.04414	0.64121	0.03475	0.03381	0.03099	0.02536	0.01127	0.00845	0.00282	0.00657	0.00939	0.00845	0.01315
45	0.01204	0.00823	0.00996	0.00996	0.01027	0.00854	0.00616	0.01266	0.01235	0.01677	0.02535	0.04981	0.02822	0.57265	0.17497	0.00916	0.01103	0.01141	0.00491	0.00553
46	0.01118	0.00946	0.01114	0.01273	0.06392	0.00837	0.00874	0.01378	0.01914	0.02354	0.09675	0.07605	0.50780	0.02000	0.00988	0.00289	0.00505	0.08448	0.00747	0.00762
47	0.01549	0.00774	0.00774	0.00774	0.00968	0.00774	0.00581	0.01936	0.01742	0.03097	0.02710	0.03097	0.02129	0.00968	0.00581	0.00194	0.00387	0.00774	0.75416	0.00774
48	0.01723	0.01477	0.01723	0.01230	0.01969	0.01107	0.00984	0.02092	0.01723	0.02707	0.01477	0.01723	0.01230	0.00615	0.00615	0.00123	0.00615	0.00492	0.00492	0.75883
49	0.02566	0.03102	0.06179	0.03457	0.30427	0.35139	0.02099	0.02943	0.02119	0.02365	0.01418	0.01758	0.01178	0.00801	0.00784	0.00231	0.01258	0.00630	0.00417	0.01133
50	0.02034	0.01959	0.03296	0.04831	0.59799	0.02026	0.02482	0.02499	0.01835	0.02648	0.01519	0.02034	0.01295	0.00806	0.00997	0.00257	0.07256	0.00739	0.00407	0.01279
51	0.01366	0.00979	0.01062	0.01016	0.01309	0.00896	0.00756	0.01785	0.08262	0.08181	0.06672	0.11470	0.43537	0.07476	0.01222	0.00325	0.00507	0.01587	0.00781	0.00812
52	0.68870	0.08911	0.01549	0.01127	0.01662	0.02013	0.00954	0.02447	0.01443	0.03541	0.01157	0.01348	0.00917	0.00765	0.00516	0.00249	0.00668	0.00449	0.00497	0.00917
53	0.03327	0.01592	0.01993	0.01544	0.02181	0.01496	0.01265	0.12877	0.08225	0.46045	0.02947	0.02637	0.01936	0.00999	0.00818	0.00247	0.00727	0.00804	0.00938	0.07403
54	0.01679	0.02137	0.13949	0.02931	0.13885	0.01705	0.23838	0.02225	0.01790	0.02499	0.02343	0.19462	0.02308	0.01239	0.01015	0.00290	0.03943	0.01219	0.00494	0.01050
55	0.01549	0.00774	0.00774	0.00774	0.00968	0.00774	0.00581	0.01936	0.01742	0.03097	0.02710	0.03097	0.02129	0.00968	0.00581	0.00194	0.00387	0.00774	0.75416	0.00774
56	0.01208	0.00805	0.00906	0.00906	0.00906	0.00805	0.00503	0.01208	0.01208	0.01611	0.02618	0.05436	0.03020	0.70804	0.04228	0.00805	0.00805	0.01208	0.00503	0.00503
57	0.01993	0.05413	0.03413	0.02561	0.02929	0.02436	0.21988	0.07145	0.01734	0.02478	0.01363	0.01949	0.01172	0.01130	0.01885	0.00317	0.37847	0.00799	0.00420	0.01027
58	0.02953	0.03343	0.02305	0.02032	0.02507	0.46218	0.01556	0.13746	0.12130	0.02807	0.01729	0.01830	0.01355	0.00922	0.00778	0.00231	0.01268	0.00634	0.00562	0.01095
59	0.01167	0.00849	0.01098	0.01035	0.01235	0.00780	0.00777	0.01550	0.02330	0.03280	0.62491	0.06290	0.10564	0.01718	0.00980	0.00262	0.00393	0.01514	0.00908	0.00780
60	0.03113	0.03678	0.02378	0.02101	0.02570	0.56285	0.01601	0.13578	0.02622	0.02585	0.01407	0.01584	0.01129	0.00880	0.00763	0.00220	0.01397	0.00572	0.00497	0.01041
61	0.01662	0.01408	0.01508	0.01425	0.01783	0.01547	0.01081	0.03193	0.40596	0.02990	0.04619	0.15677	0.15901	0.01582	0.00910	0.00291	0.00579	0.01351	0.00817	0.01079
62	0.02320	0.01807	0.04081	0.01633	0.02111	0.01870	0.01342	0.37076	0.03036	0.04119	0.12389	0.12080	0.03039	0.01801	0.07005	0.00363	0.00903	0.01096	0.00785	0.01145
63	0.02424	0.33441	0.06893	0.02430	0.15127	0.22298	0.01793	0.02758	0.01933	0.02168	0.01294	0.01551	0.01117	0.00765	0.00670	0.00207	0.01110	0.00540	0.00388	0.01094
64	0.02637	0.39836	0.03438	0.01732	0.02336	0.26442	0.01504	0.08998	0.02157	0.02321	0.01288	0.01461	0.01103	0.00793	0.00642	0.00198	0.01112	0.00508	0.00431	0.01064
65	0.01268	0.01070	0.01128	0.01087	0.01402	0.01041	0.00835	0.02004	0.16632	0.02627	0.11301	0.06763	0.43563	0.01851	0.00957	0.00284	0.00489	0.04044	0.00799	0.00855
66	0.02314	0.10024	0.16157	0.11564	0.11562	0.17413	0.02096	0.10738	0.05459	0.02752	0.01582	0.01857	0.01226	0.00841	0.00772	0.00242	0.01136	0.00647	0.00469	0.01149

[dist]
# distance from previous block
# <min> <max>
2	5

[block]
# block no. 1 follows, 22 sequences, length 55
# corresponding to MSA columns:
# 83-137
name=unknown_B
#
# <colnr> <probs for GDERKNQSTAVLIFYWHMCP>
#	G	D	E	R	K	N	Q	S	T	A	V	L	I	F	Y	W	H	M	C	P
0	0.02850	0.02188	0.02595	0.09209	0.13368	0.05035	0.01791	0.40153	0.03174	0.08503	0.01927	0.02063	0.01395	0.00934	0.00826	0.00251	0.00956	0.00743	0.00711	0.01328
1	0.02894	0.02130	0.02305	0.01819	0.02408	0.02342	0.01480	0.55260	0.03621	0.04852	0.02313	0.10395	0.01915	0.01195	0.00859	0.00260	0.00861	0.00947	0.00824	0.01322
2	0.04540	0.02087	0.10759	0.03395	0.30495	0.01790	0.10238	0.02639	0.07257	0.05407	0.08497	0.02788	0.04510	0.00936	0.00853	0.00260	0.00939	0.00884	0.00536	0.01191
3	0.01402	0.00912	0.01106	0.01130	0.01389	0.00814	0.00883	0.01649	0.01896	0.10140	0.06152	0.20261	0.32533	0.02113	0.01015	0.00311	0.00542	0.14154	0.00802	0.00797
4	0.02660	0.02015	0.02342	0.01833	0.02359	0.02242	0.01512	0.35504	0.02861	0.08022	0.01790	0.01964	0.01352	0.01039	0.01221	0.00255	0.16166	0.00707	0.00684	0.13473
5	0.01026	0.00856	0.00903	0.00926	0.01196	0.00733	0.00718	0.01257	0.01896	0.02274	0.07921	0.08164	0.57840	0.02127	0.01002	0.00293	0.00463	0.08925	0.00771	0.00709
6	0.02520	0.29564	0.03667	0.02152	0.02777	0.28821	0.14503	0.02858	0.02014	0.02136	0.01319	0.01592	0.01109	0.00767	0.00715	0.00214	0.01242	0.00595	0.00398	0.01036
7	0.04594	0.17093	0.19766	0.02001	0.02711	0.02057	0.11580	0.02522	0.07994	0.02462	0.01794	0.02202	0.01463	0.02011	0.15706	0.00489	0.01327	0.00725	0.00440	0.01064
8	0.01023	0.00773	0.00946	0.01050	0.01185	0.00696	0.00732	0.01218	0.01773	0.02306	0.13163	0.44092	0.23343	0.02345	0.01027	0.00311	0.00453	0.02077	0.00789	0.00696
9	0.01012	0.00723	0.00964	0.01157	0.01205	0.00675	0.00771	0.01157	0.01591	0.02121	0.04579	0.70262	0.05495	0.02603	0.01060	0.00337	0.00482	0.02362	0.00771	0.00675
10	0.01187	0.00890	0.01335	0.01335	0.01483	0.01038	0.01038	0.01483	0.01335	0.01928	0.02225	0.03264	0.02077	0.06231	0.67512	0.01335	0.02225	0.00890	0.00445	0.00742
11	0.76672	0.01607	0.01221	0.01092	0.01607	0.01864	0.00900	0.02442	0.01414	0.03727	0.01157	0.01350	0.00900	0.00771	0.00514	0.00257	0.00643	0.00450	0.00514	0.00900
12	0.03158	0.02327	0.02493	0.01911	0.02576	0.02576	0.01579	0.62852	0.03906	0.05236	0.01995	0.01995	0.01413	0.00997	0.00831	0.00249	0.00914	0.00748	0.00831	0.01413
13	0.01583	0.01330	0.01434	0.01323	0.01683	0.01423	0.01017	0.02935	0.34111	0.03111	0.17886	0.05088	0.20682	0.01513	0.00911	0.00277	0.00537	0.01280	0.00840	0.01036
14	0.01350	0.00867	0.01100	0.01086	0.01298	0.00780	0.00797	0.01627	0.02042	0.09146	0.30316	0.25470	0.17016	0.01976	0.00990	0.00287	0.00456	0.01739	0.00857	0.00800
15	0.01187	0.00890	0.01335	0.01335	0.01483	0.01038	0.01038	0.01483	0.01335	0.01928	0.02225	0.03264	0.02077	0.06231	0.67512	0.01335	0.02225	0.00890	0.00445	0.00742
16	0.52351	0.01962	0.08325	0.02119	0.16147	0.01895	0.01489	0.02485	0.01555	0.03389	0.01282	0.01549	0.01008	0.00766	0.00611	0.00255	0.00779	0.00532	0.00474	0.01026
17	0.02539	0.47008	0.03632	0.01681	0.02289	0.26442	0.01488	0.02787	0.01928	0.01983	0.01202	0.01392	0.01068	0.00763	0.00611	0.00191	0.01108	0.00477	0.00382	0.01029
18	0.02306	0.02072	0.02002	0.01763	0.02253	0.08764	0.01377	0.11494	0.50445	0.03546	0.02998	0.02801	0.02249	0.01084	0.00834	0.00271	0.00774	0.00875	0.00801	0.01291
19	0.01032	0.00738	0.00982	0.01143	0.01209	0.00688	0.00773	0.01207	0.01684	0.02270	0.12037	0.62380	0.05783	0.02491	0.01050	0.00328	0.00471	0.02256	0.00789	0.00688
20	0.01036	0.00769	0.00943	0.01051	0.01163	0.00702	0.00716	0.01206	0.01697	0.02213	0.10681	0.44295	0.19659	0.08238	0.01306	0.00357	0.00487	0.02043	0.00761	0.00676
21	0.01046	0.00838	0.00935	0.00923	0.01165	0.00727	0.00688	0.01312	0.02026	0.02589	0.26546	0.10589	0.43695	0.01998	0.00985	0.00277	0.00415	0.01703	0.00818	0.00727
22	0.02836	0.02136	0.02321	0.01759	0.02440	0.02247	0.01446	0.49243	0.03417	0.04669	0.01879	0.01934	0.01372	0.00912	0.00783	0.00221	0.00847	0.00691	0.00755	0.18093
23	0.01723	0.01477	0.01723	0.01230	0.01969	0.01107	0.00984	0.02092	0.01723	0.02707	0.01477	0.01723	0.01230	0.00615	0.00615	0.00123	0.00615	0.00492	0.00492	0.75883
24	0.02014	0.01503	0.01777	0.01692	0.05150	0.01649	0.01243	0.05651	0.33832	0.09567	0.10644	0.03475	0.02993	0.04662	0.09920	0.00436	0.00872	0.00985	0.00782	0.01154
25	0.01176	0.00849	0.01110	0.01045	0.01241	0.00784	0.00784	0.01568	0.02352	0.03331	0.65184	0.06206	0.07839	0.01698	0.00980	0.00261	0.00392	0.01502	0.00914	0.00784
26	0.01842	0.01694	0.02519	0.06142	0.34398	0.01628	0.01832	0.02451	0.07653	0.02710	0.02402	0.02678	0.07889	0.00887	0.00789	0.00223	0.00810	0.00799	0.00507	0.20148
27	0.01948	0.02276	0.11397	0.14157	0.17673	0.02030	0.24011	0.05603	0.07282	0.02775	0.01759	0.02197	0.01338	0.00792	0.00879	0.00269	0.01153	0.00828	0.00458	0.01175
28	0.05783	0.03182	0.02508	0.02107	0.02639	0.38616	0.05688	0.21183	0.05060	0.03156	0.01598	0.01752	0.01234	0.00895	0.00784	0.00233	0.01252	0.00641	0.00567	0.01120
29	0.01803	0.01595	0.02112	0.02028	0.08441	0.01707	0.07503	0.03258	0.34781	0.03225	0.17114	0.03841	0.06505	0.01220	0.00893	0.00273	0.00695	0.01089	0.00771	0.01147
30	0.02176	0.01827	0.01943	0.01679	0.02197	0.02049	0.01320	0.11641	0.51132	0.03633	0.03042	0.02841	0.02282	0.01067	0.00824	0.00264	0.00686	0.00877	0.00813	0.07706
31	0.01208	0.00805	0.00906	0.00906	0.00906	0.00805	0.00503	0.01208	0.01208	0.01611	0.02618	0.05436	0.03020	0.70804	0.04228	0.00805	0.00805	0.01208	0.00503	0.00503
32	0.01251	0.00984	0.01458	0.01421	0.01554	0.01191	0.01117	0.01536	0.01329	0.01936	0.02110	0.03117	0.01977	0.05746	0.60940	0.01237	0.09028	0.00874	0.00437	0.00759
33	0.01549	0.00774	0.00774	0.00774	0.00968	0.00774	0.00581	0.01936	0.01742	0.03097	0.02710	0.03097	0.02129	0.00968	0.00581	0.00194	0.00387	0.00774	0.75416	0.00774
34	0.01208	0.00805	0.00906	0.00906	0.00906	0.00805	0.00503	0.01208	0.01208	0.01611	0.02618	0.05436	0.03020	0.70804	0.04228	0.00805	0.00805	0.01208	0.00503	0.00503
35	0.01549	0.00774	0.00774	0.00774	0.00968	0.00774	0.00581	0.01936	0.01742	0.03097	0.02710	0.03097	0.02129	0.00968	0.00581	0.00194	0.00387	0.00774	0.75416	0.00774
36	0.02835	0.10347	0.02689	0.08000	0.02878	0.46339	0.04215	0.08662	0.02354	0.02359	0.01371	0.01622	0.01113	0.00846	0.00752	0.00222	0.01343	0.00582	0.00453	0.01019
37	0.01008	0.00738	0.00949	0.01118	0.01195	0.00678	0.00754	0.01161	0.01628	0.02136	0.05051	0.62600	0.12852	0.02541	0.01051	0.00330	0.00474	0.02287	0.00771	0.00678
38	0.01893	0.17784	0.30538	0.02585	0.03560	0.02281	0.24707	0.02612	0.01816	0.02498	0.01490	0.01844	0.01132	0.00740	0.00805	0.00251	0.01219	0.00713	0.00377	0.01154
39	0.01929	0.01556	0.01742	0.01628	0.02029	0.01729	0.01322	0.10639	0.34980	0.03335	0.03760	0.05088	0.06105	0.01510	0.00941	0.00308	0.00710	0.18741	0.00816	0.01132
40	0.01922	0.24658	0.13548	0.02453	0.18654	0.02112	0.01842	0.02391	0.01919	0.04991	0.15009	0.02682	0.02606	0.00953	0.00757	0.00230	0.00857	0.00789	0.00513	0.01111
41	0.01847	0.16097	0.08676	0.01498	0.02011	0.10749	0.01337	0.02624	0.15190	0.02600	0.11611	0.03852	0.16164	0.01258	0.00810	0.00247	0.00791	0.01001	0.00632	0.01006
42	0.01764	0.01610	0.08088	0.01390	0.01882	0.01323	0.01214	0.14983	0.02360	0.05410	0.14578	0.10823	0.16578	0.01483	0.00890	0.00256	0.00657	0.03206	0.00739	0.10763
43	0.02074	0.09197	0.16723	0.03494	0.25189	0.08763	0.17500	0.02666	0.01909	0.02544	0.01511	0.01916	0.01200	0.00749	0.00821	0.00249	0.01183	0.00726	0.00398	0.01190
44	0.02028	0.02434	0.13559	0.04475	0.50434	0.04413	0.05403	0.02596	0.01890	0.02673	0.01546	0.01995	0.01262	0.00751	0.00822	0.00250	0.01064	0.00723	0.00403	0.01279
45	0.01684	0.01342	0.01542	0.01515	0.04815	0.04137	0.01049	0.09910	0.09532	0.02637	0.08774	0.03926	0.02848	0.24353	0.17626	0.00684	0.01133	0.01017	0.00608	0.00867
46	0.01141	0.00877	0.01260	0.01642	0.09132	0.00835	0.00990	0.01328	0.01628	0.02194	0.04208	0.61869	0.04980	0.02373	0.01031	0.00326	0.00544	0.02162	0.00727	0.00754
47	0.02145	0.02180	0.03133	0.04099	0.44616	0.09958	0.06533	0.02676	0.04287	0.02655	0.01597	0.02006	0.01319	0.00754	0.00805	0.00234	0.01029	0.00715	0.00439	0.08823
48	0.01579	0.01528	0.04385	0.02177	0.16768	0.03267	0.03491	0.01987	0.01991	0.02778	0.20019	0.04067	0.13566	0.01202	0.00847	0.00229	0.00688	0.01056	0.00624	0.17750
49	0.02038	0.02386	0.09059	0.16234	0.11613	0.15681	0.07565	0.04999	0.02060	0.02614	0.09329	0.02435	0.01988	0.00902	0.00821	0.00242	0.01074	0.00778	0.00487	0.07694
50	0.01740	0.01609	0.02605	0.28445	0.28473	0.01698	0.02086	0.02231	0.01830	0.02551	0.07973	0.02496	0.01888	0.00856	0.00816	0.00244	0.00927	0.00786	0.00456	0.10288
51	0.01434	0.01070	0.01537	0.01965	0.15599	0.01055	0.01096	0.01615	0.01527	0.04476	0.02977	0.23986	0.03300	0.28781	0.05439	0.00544	0.00814	0.01421	0.00580	0.00783
52	0.01974	0.02594	0.25303	0.01855	0.02561	0.01818	0.01888	0.19956	0.08298	0.03346	0.02735	0.16753	0.04666	0.01317	0.00872	0.00277	0.00893	0.01098	0.00643	0.01152
53	0.18681	0.02413	0.17063	0.03589	0.37359	0.01939	0.02297	0.02544	0.01754	0.02922	0.01456	0.01830	0.01164	0.00758	0.00746	0.00253	0.00964	0.00647	0.00421	0.01203
54	0.01748	0.17171	0.22110	0.02500	0.16695	0.01967	0.04316	0.02296	0.01853	0.02521	0.08275	0.02982	0.10165	0.01015	0.00792	0.00244	0.00925	0.00852	0.00475	0.01099

[dist]
# distance from previous block
# <min> <max>
4	24

[block]
# block no. 2 follows, 22 sequences, length 41
# corresponding to MSA columns:
# 163-203
name=unknown_C
#
# <colnr> <probs for GDERKNQSTAVLIFYWHMCP>
#	G	D	E	R	K	N	Q	S	T	A	V	L	I	F	Y	W	H	M	C	P
0	0.20411	0.16394	0.20274	0.01532	0.02173	0.01867	0.01587	0.02189	0.01651	0.02695	0.05228	0.16258	0.02300	0.01198	0.00735	0.00260	0.00812	0.00952	0.00510	0.00973
1	0.02059	0.02795	0.20566	0.02818	0.19186	0.13339	0.02188	0.07010	0.02106	0.02746	0.04612	0.03233	0.02040	0.01087	0.00860	0.00269	0.01079	0.10378	0.00507	0.01124
2	0.13504	0.02317	0.23635	0.01674	0.02364	0.01513	0.06072	0.05212	0.01936	0.02933	0.11220	0.03861	0.18010	0.01234	0.00834	0.00267	0.00823	0.01018	0.00583	0.00989
3	0.17330	0.01402	0.04613	0.01283	0.01655	0.01372	0.01045	0.02441	0.17472	0.03184	0.21198	0.12359	0.08577	0.01456	0.00848	0.00277	0.00567	0.01220	0.00756	0.00944
4	0.01413	0.01585	0.07954	0.01463	0.04205	0.08861	0.01154	0.01749	0.01992	0.02565	0.22234	0.21420	0.16674	0.01772	0.00947	0.00278	0.00662	0.01529	0.00715	0.00829
5	0.20358	0.01916	0.14952	0.01639	0.06254	0.01473	0.01433	0.05574	0.01973	0.03210	0.21576	0.03624	0.07477	0.04048	0.00938	0.00283	0.00718	0.00963	0.00631	0.00961
6	0.01954	0.02936	0.30971	0.02284	0.08088	0.01836	0.05686	0.12745	0.02144	0.03084	0.01870	0.02093	0.03774	0.00833	0.00782	0.00232	0.01007	0.00689	0.00488	0.16504
7	0.02149	0.09902	0.20057	0.06025	0.11507	0.02109	0.11686	0.12462	0.02168	0.05507	0.01646	0.01929	0.01238	0.00791	0.00793	0.00241	0.01057	0.00697	0.00489	0.07545
8	0.01780	0.02133	0.17890	0.06105	0.19179	0.01537	0.05090	0.02347	0.01981	0.07472	0.15054	0.03689	0.05545	0.01143	0.00886	0.00269	0.00891	0.05328	0.00584	0.01097
9	0.01996	0.02276	0.08920	0.07707	0.32850	0.05070	0.18817	0.02568	0.01896	0.02625	0.01565	0.02041	0.01249	0.00736	0.00846	0.00249	0.01126	0.00768	0.00412	0.06284
10	0.01288	0.01313	0.09405	0.01267	0.01581	0.00986	0.01089	0.01682	0.04077	0.04728	0.12300	0.20969	0.17114	0.07595	0.10305	0.00472	0.00829	0.01502	0.00684	0.00813
11	0.02270	0.53934	0.06779	0.01549	0.02217	0.13183	0.01487	0.02558	0.01806	0.02014	0.01565	0.01722	0.04375	0.00809	0.00602	0.00193	0.00976	0.00534	0.00388	0.01039
12	0.02025	0.03839	0.45652	0.02281	0.03275	0.12660	0.04841	0.02952	0.07292	0.04993	0.01695	0.01887	0.01229	0.00835	0.00796	0.00257	0.01210	0.00651	0.00434	0.01195
13	0.02017	0.07836	0.02199	0.01674	0.02073	0.13588	0.01356	0.06327	0.01807	0.02384	0.01528	0.02013	0.01350	0.02051	0.15207	0.00458	0.15313	0.00646	0.00456	0.19717
14	0.01339	0.05943	0.01285	0.01157	0.01358	0.00930	0.00855	0.01532	0.01741	0.07574	0.04989	0.44013	0.16971	0.02216	0.00991	0.00310	0.00532	0.04727	0.00762	0.00775
15	0.02280	0.02316	0.05671	0.01982	0.02513	0.15633	0.11028	0.19460	0.02632	0.03322	0.13215	0.05667	0.06349	0.01194	0.00888	0.00259	0.00991	0.02869	0.00664	0.01066
16	0.01747	0.01861	0.07554	0.41475	0.26624	0.01897	0.02449	0.02310	0.01749	0.02368	0.01508	0.02125	0.01177	0.00796	0.00825	0.00265	0.01074	0.00730	0.00383	0.01084
17	0.03727	0.01414	0.01928	0.01478	0.02121	0.01221	0.01221	0.04049	0.02378	0.66198	0.03277	0.02828	0.02056	0.01028	0.00835	0.00257	0.00707	0.00835	0.01028	0.01414
18	0.01012	0.00723	0.00964	0.01157	0.01205	0.00675	0.00771	0.01157	0.01591	0.02121	0.04579	0.70262	0.05495	0.02603	0.01060	0.00337	0.00482	0.02362	0.00771	0.00675
19	0.01861	0.12768	0.02294	0.01679	0.01982	0.15609	0.04383	0.02118	0.01620	0.01972	0.01747	0.02574	0.01643	0.09051	0.27295	0.00716	0.08649	0.00760	0.00423	0.00855
20	0.01780	0.01692	0.02872	0.41260	0.31623	0.01901	0.02412	0.02307	0.01761	0.02378	0.01514	0.02146	0.01198	0.00791	0.00827	0.00264	0.01055	0.00739	0.00387	0.01093
21	0.01396	0.01025	0.01550	0.06326	0.01857	0.00988	0.06427	0.01734	0.01996	0.06393	0.32911	0.17002	0.05433	0.09599	0.01348	0.00340	0.00618	0.01484	0.00763	0.00809
22	0.02287	0.02453	0.02914	0.11825	0.37981	0.20053	0.02201	0.02798	0.04916	0.02490	0.01561	0.01970	0.01280	0.00801	0.00804	0.00243	0.01127	0.00693	0.00431	0.01171
23	0.01976	0.01890	0.03184	0.04783	0.60833	0.01879	0.02407	0.02449	0.01892	0.02679	0.02071	0.02497	0.06066	0.00841	0.00834	0.00249	0.00945	0.00815	0.00438	0.01270
24	0.07548	0.00940	0.01180	0.01221	0.01434	0.00979	0.00970	0.01529	0.01646	0.02336	0.06518	0.10431	0.17215	0.03577	0.25558	0.00693	0.01182	0.13664	0.00633	0.00748
25	0.01744	0.01596	0.02644	0.15721	0.38403	0.01653	0.02098	0.02204	0.01877	0.02610	0.08633	0.08132	0.02530	0.01112	0.00882	0.00271	0.00893	0.05388	0.00509	0.01100
26	0.07094	0.23745	0.02896	0.01846	0.02383	0.39071	0.01507	0.08058	0.02233	0.02379	0.01298	0.01482	0.01088	0.00820	0.00678	0.00209	0.01218	0.00521	0.00445	0.01028
27	0.01166	0.01014	0.01031	0.01099	0.01275	0.05545	0.00779	0.01362	0.01826	0.02264	0.10930	0.36122	0.28153	0.02209	0.01001	0.00300	0.00525	0.01924	0.00758	0.00715
28	0.01425	0.01132	0.01389	0.01531	0.06912	0.01094	0.01097	0.08792	0.02110	0.02690	0.05711	0.12841	0.31600	0.01950	0.00999	0.00305	0.00619	0.16206	0.00746	0.00852
29	0.01744	0.06163	0.40444	0.02548	0.10353	0.04807	0.06903	0.02477	0.01781	0.02509	0.01909	0.02244	0.04495	0.01305	0.06451	0.00348	0.01254	0.00727	0.00396	0.01143
30	0.01897	0.01810	0.05704	0.17350	0.15643	0.01828	0.09628	0.11369	0.01980	0.02695	0.01825	0.02795	0.01615	0.15620	0.01642	0.00382	0.03845	0.00864	0.00482	0.01026
31	0.20389	0.02729	0.31767	0.01997	0.07113	0.01711	0.02019	0.02315	0.01581	0.02740	0.01597	0.02155	0.01320	0.06734	0.10103	0.00447	0.01169	0.00664	0.00420	0.01032
32	0.02281	0.11000	0.05645	0.03345	0.31804	0.20615	0.02012	0.02678	0.02032	0.02478	0.06948	0.02157	0.01770	0.00855	0.00779	0.00231	0.01078	0.00707	0.00450	0.01135
33	0.02202	0.14281	0.12964	0.05696	0.15161	0.19750	0.01932	0.02796	0.07216	0.02392	0.02067	0.02274	0.06009	0.00913	0.00763	0.00236	0.01083	0.00708	0.00458	0.01101
34	0.01890	0.02695	0.22339	0.07590	0.29197	0.01984	0.17035	0.02576	0.01854	0.02643	0.01565	0.02020	0.01213	0.00750	0.00851	0.00261	0.01164	0.00760	0.00393	0.01220
35	0.04404	0.11904	0.14866	0.01945	0.02646	0.15240	0.07862	0.05472	0.02085	0.09903	0.05439	0.02386	0.01767	0.00919	0.00777	0.00235	0.01046	0.03130	0.00540	0.07435
36	0.14249	0.21370	0.23225	0.02245	0.08160	0.02341	0.09148	0.05619	0.01826	0.02771	0.01400	0.01669	0.01096	0.00761	0.00703	0.00239	0.01024	0.00602	0.00416	0.01135
37	0.10279	0.17328	0.17666	0.01932	0.02636	0.18294	0.06198	0.02749	0.01872	0.06081	0.01505	0.01769	0.01192	0.01199	0.05667	0.00313	0.01218	0.00601	0.00439	0.01060
38	0.10352	0.24831	0.20325	0.01894	0.05366	0.02438	0.01859	0.07953	0.12252	0.02899	0.01706	0.01831	0.01329	0.00834	0.00691	0.00236	0.00922	0.00612	0.00496	0.01174
39	0.02097	0.10028	0.06523	0.02188	0.11834	0.06808	0.01601	0.06343	0.27965	0.03070	0.07651	0.02681	0.02314	0.00998	0.00796	0.00248	0.00820	0.00820	0.00651	0.04564
40	0.01781	0.04539	0.09647	0.02350	0.18240	0.06309	0.01614	0.02308	0.05448	0.04874	0.08776	0.03849	0.17926	0.01197	0.00839	0.00245	0.00795	0.01010	0.00590	0.07664

[dist]
# distance from previous block
# <min> <max>
4	85

[block]
# block no. 3 follows, 22 sequences, length 140
# corresponding to MSA columns:
# 290-429
name=unknown_D
#
# <colnr> <probs for GDERKNQSTAVLIFYWHMCP>
#	G	D	E	R	K	N	Q	S	T	A	V	L	I	F	Y	W	H	M	C	P
0	0.02060	0.02431	0.18941	0.01764	0.02463	0.06925	0.04063	0.12276	0.02323	0.07634	0.14025	0.03070	0.06332	0.01068	0.00827	0.00239	0.00881	0.00878	0.00636	0.11164
1	0.04739	0.02892	0.33727	0.02296	0.08057	0.01745	0.06517	0.02725	0.08950	0.06009	0.11709	0.02695	0.02356	0.00970	0.00833	0.00264	0.00977	0.00830	0.00544	0.01164
2	0.05002	0.38204	0.07652	0.01405	0.02134	0.02328	0.01357	0.02418	0.01733	0.05525	0.01629	0.01780	0.03390	0.00756	0.00604	0.00179	0.00801	0.00535	0.00448	0.22120
3	0.02341	0.16694	0.20605	0.04964	0.07248	0.10768	0.10421	0.02886	0.01948	0.12018	0.01697	0.01903	0.01258	0.00805	0.00770	0.00240	0.01120	0.00667	0.00479	0.01168
4	0.01983	0.02003	0.07378	0.02208	0.11766	0.07828	0.04629	0.12798	0.08708	0.03247	0.17955	0.07897	0.05529	0.01246	0.00885	0.00262	0.00829	0.01077	0.00686	0.01086
5	0.01887	0.05385	0.02430	0.02566	0.19163	0.07064	0.05863	0.02779	0.17397	0.02908	0.16223	0.03517	0.06999	0.01134	0.00862	0.00257	0.00807	0.01003	0.00649	0.01106
6	0.07027	0.02268	0.19045	0.02205	0.11029	0.04833	0.05439	0.02346	0.04098	0.04886	0.11666	0.03907	0.10630	0.01217	0.00868	0.00271	0.00882	0.05760	0.00585	0.01039
7	0.01831	0.02657	0.25062	0.03119	0.27052	0.01729	0.02318	0.02457	0.01799	0.02683	0.01515	0.01862	0.01201	0.00724	0.00756	0.00220	0.00973	0.00630	0.00411	0.21001
8	0.01899	0.04453	0.02890	0.03510	0.36022	0.01765	0.07469	0.06573	0.02154	0.03021	0.18410	0.03137	0.03032	0.01007	0.00868	0.00251	0.00858	0.00953	0.00573	0.01154
9	0.01577	0.01309	0.01803	0.06899	0.18649	0.01272	0.01356	0.05901	0.02068	0.05164	0.10097	0.05263	0.32372	0.01503	0.00913	0.00267	0.00661	0.01289	0.00673	0.00962
10	0.01346	0.01205	0.01591	0.02032	0.18250	0.01133	0.01190	0.01782	0.06090	0.02494	0.08498	0.06026	0.41898	0.01662	0.00930	0.00271	0.00585	0.01421	0.00687	0.00908
11	0.02275	0.01873	0.02155	0.02047	0.08657	0.02099	0.01482	0.22282	0.27453	0.03721	0.03163	0.03102	0.08964	0.01177	0.00980	0.00273	0.05355	0.00935	0.00756	0.01250
12	0.02056	0.01974	0.03372	0.05099	0.65622	0.01974	0.02550	0.02550	0.01892	0.02714	0.01563	0.02056	0.01316	0.00740	0.00822	0.00247	0.00987	0.00740	0.00411	0.01316
13	0.01208	0.00942	0.01409	0.07670	0.01858	0.01091	0.01129	0.01523	0.01405	0.01969	0.02593	0.03500	0.06466	0.05428	0.56501	0.01160	0.01992	0.00937	0.00461	0.00756
14	0.76672	0.01607	0.01221	0.01092	0.01607	0.01864	0.00900	0.02442	0.01414	0.03727	0.01157	0.01350	0.00900	0.00771	0.00514	0.00257	0.00643	0.00450	0.00514	0.00900
15	0.01053	0.00844	0.00941	0.00917	0.01166	0.00732	0.00688	0.01331	0.02063	0.02645	0.29369	0.07334	0.44081	0.01954	0.00981	0.00273	0.00410	0.01661	0.00824	0.00732
16	0.01339	0.00956	0.01339	0.01530	0.01721	0.00956	0.01339	0.01721	0.01912	0.02486	0.04399	0.09371	0.04781	0.02295	0.01147	0.00382	0.00765	0.60031	0.00765	0.00765
17	0.02068	0.01947	0.03248	0.10671	0.57050	0.01993	0.02479	0.05555	0.01973	0.02788	0.01577	0.02067	0.01302	0.00761	0.00824	0.00250	0.00994	0.00740	0.00429	0.01285
18	0.01176	0.00849	0.01110	0.01045	0.01241	0.00784	0.00784	0.01568	0.02352	0.03331	0.65184	0.06206	0.07839	0.01698	0.00980	0.00261	0.00392	0.01502	0.00914	0.00784
19	0.01440	0.01114	0.01278	0.01195	0.01426	0.01165	0.00866	0.02307	0.20301	0.02912	0.29550	0.05158	0.07024	0.18616	0.01743	0.00402	0.00573	0.01272	0.00788	0.00869
20	0.01167	0.00849	0.01098	0.01036	0.01236	0.00780	0.00777	0.01550	0.02330	0.03281	0.62532	0.06289	0.10522	0.01717	0.00980	0.00262	0.00393	0.01514	0.00908	0.00780
21	0.02498	0.02161	0.03140	0.05761	0.03124	0.02407	0.17798	0.31910	0.02761	0.03762	0.01708	0.02036	0.01294	0.01000	0.01243	0.00281	0.14493	0.00805	0.00607	0.01212
22	0.02407	0.02117	0.02561	0.02905	0.23334	0.06083	0.01810	0.18811	0.24251	0.03591	0.02295	0.02372	0.01754	0.00949	0.00828	0.00258	0.00883	0.00800	0.00673	0.01319
23	0.02915	0.03053	0.02326	0.07435	0.02763	0.37995	0.01608	0.16400	0.08945	0.06040	0.01767	0.01894	0.01346	0.00921	0.00788	0.00236	0.01214	0.00654	0.00584	0.01116
24	0.02650	0.09658	0.02449	0.01872	0.02348	0.30460	0.01493	0.16535	0.02424	0.02795	0.01531	0.01813	0.01264	0.01445	0.07683	0.00336	0.05747	0.00621	0.00515	0.06361
25	0.02564	0.02609	0.02188	0.02193	0.09433	0.29542	0.01528	0.05177	0.16971	0.07776	0.02391	0.02484	0.04563	0.01344	0.05284	0.00317	0.01157	0.00766	0.00604	0.01110
26	0.01393	0.01076	0.01406	0.01587	0.10175	0.01006	0.01022	0.01833	0.05329	0.05768	0.30451	0.05943	0.26532	0.01648	0.00945	0.00267	0.00512	0.01425	0.00797	0.00885
27	0.01362	0.01172	0.01205	0.01139	0.01486	0.01180	0.00871	0.02322	0.23704	0.02676	0.06651	0.06279	0.43292	0.01762	0.00934	0.00281	0.00504	0.01468	0.00797	0.00916
28	0.02130	0.01998	0.03313	0.04885	0.61388	0.02014	0.02484	0.06600	0.02027	0.02883	0.01592	0.02052	0.01322	0.00757	0.00823	0.00247	0.00982	0.00741	0.00439	0.01322
29	0.73194	0.04863	0.01367	0.01108	0.01631	0.01930	0.00924	0.02444	0.01427	0.03644	0.01157	0.01349	0.00907	0.00768	0.00515	0.00253	0.00654	0.00450	0.00507	0.00907
30	0.01549	0.00774	0.00774	0.00774	0.00968	0.00774	0.00581	0.01936	0.01742	0.03097	0.02710	0.03097	0.02129	0.00968	0.00581	0.00194	0.00387	0.00774	0.75416	0.00774
31	0.02221	0.71304	0.04353	0.01421	0.02132	0.03287	0.01421	0.02488	0.01688	0.01955	0.01155	0.01333	0.01066	0.00711	0.00533	0.00178	0.00888	0.00444	0.00355	0.01066
32	0.01208	0.00805	0.00906	0.00906	0.00906	0.00805	0.00503	0.01208	0.01208	0.01611	0.02618	0.05436	0.03020	0.70804	0.04228	0.00805	0.00805	0.01208	0.00503	0.00503
33	0.72015	0.05967	0.01417	0.01113	0.01639	0.01953	0.00932	0.02445	0.01431	0.03616	0.01157	0.01348	0.00910	0.00767	0.00515	0.00252	0.00658	0.00449	0.00504	0.00910
34	0.02875	0.03167	0.02320	0.02127	0.05402	0.41679	0.01571	0.16382	0.06373	0.02946	0.05871	0.02046	0.01700	0.00955	0.00792	0.00231	0.01221	0.00681	0.00574	0.01088
35	0.02769	0.10116	0.02668	0.02472	0.12686	0.39027	0.01700	0.03191	0.06555	0.06546	0.01592	0.01785	0.01280	0.00873	0.00818	0.00228	0.03510	0.00614	0.00486	0.01084
36	0.02194	0.01757	0.01784	0.01507	0.01893	0.07835	0.01173	0.27247	0.02827	0.03737	0.22126	0.04005	0.03752	0.10887	0.01350	0.00331	0.00784	0.03015	0.00772	0.01024
37	0.01911	0.01571	0.01960	0.02097	0.12825	0.01696	0.01384	0.11160	0.23731	0.03374	0.17489	0.03624	0.03428	0.04693	0.05019	0.00354	0.00787	0.01022	0.00745	0.01130
38	0.02677	0.12804	0.06273	0.02496	0.09196	0.38315	0.08561	0.05758	0.02212	0.02340	0.01382	0.01651	0.01131	0.00810	0.00758	0.00224	0.01310	0.00607	0.00430	0.01065
39	0.01269	0.01010	0.01492	0.01445	0.01574	0.01234	0.01139	0.01550	0.01327	0.01938	0.02078	0.03076	0.01949	0.05611	0.59108	0.01209	0.10924	0.00869	0.00434	0.00763
40	0.01208	0.00805	0.00906	0.00906	0.00906	0.00805	0.00503	0.01208	0.01208	0.01611	0.02618	0.05436	0.03020	0.70804	0.04228	0.00805	0.00805	0.01208	0.00503	0.00503
41	0.02719	0.02109	0.02246	0.01823	0.02409	0.02371	0.01473	0.39334	0.28140	0.04527	0.02553	0.02439	0.01865	0.01050	0.00837	0.00262	0.00811	0.00825	0.00837	0.01373
42	0.02330	0.02627	0.02855	0.03087	0.21483	0.26337	0.08313	0.02689	0.02021	0.02404	0.06581	0.02172	0.01717	0.00958	0.01093	0.00256	0.10811	0.00749	0.00453	0.01063
43	0.01737	0.01522	0.01913	0.01366	0.02111	0.01167	0.04674	0.02126	0.01737	0.02704	0.01489	0.01754	0.01232	0.00620	0.00637	0.00132	0.00662	0.00521	0.00488	0.71407
44	0.01235	0.00900	0.01159	0.01183	0.01312	0.00940	0.00853	0.04198	0.01561	0.02105	0.03508	0.18812	0.09111	0.20376	0.25111	0.00794	0.01201	0.04352	0.00594	0.00698
45	0.02416	0.01727	0.05238	0.01446	0.02176	0.01385	0.01235	0.11176	0.02194	0.18683	0.01994	0.02035	0.01450	0.00780	0.00709	0.00181	0.00712	0.00619	0.00665	0.43181
46	0.01771	0.01657	0.01490	0.01376	0.01659	0.15140	0.01035	0.08701	0.02388	0.03024	0.32151	0.13704	0.09431	0.01595	0.00925	0.00262	0.00700	0.01349	0.00772	0.00871
47	0.02286	0.03286	0.36956	0.02283	0.03266	0.02052	0.08807	0.18690	0.02404	0.09324	0.01813	0.01970	0.01264	0.00857	0.00825	0.00261	0.01114	0.00709	0.00549	0.01283
48	0.09061	0.06069	0.06791	0.24126	0.27118	0.01991	0.02175	0.05253	0.01868	0.05654	0.01568	0.02010	0.01218	0.00798	0.00777	0.00255	0.00985	0.00691	0.00449	0.01141
49	0.02145	0.10070	0.02379	0.01990	0.05315	0.24851	0.01515	0.02396	0.01746	0.02022	0.01511	0.02073	0.01371	0.02479	0.20043	0.00560	0.15529	0.00675	0.00411	0.00919
50	0.33671	0.01723	0.01578	0.01346	0.01815	0.06125	0.01080	0.15370	0.02293	0.06908	0.17268	0.02771	0.02793	0.01067	0.00729	0.00254	0.00700	0.00799	0.00701	0.01011
51	0.39046	0.02810	0.01801	0.01628	0.02098	0.35418	0.01260	0.02890	0.01895	0.02861	0.01222	0.01426	0.00987	0.00815	0.00634	0.00235	0.01080	0.00493	0.00470	0.00932
52	0.07793	0.02538	0.02211	0.01855	0.02399	0.18425	0.01470	0.28636	0.19276	0.03878	0.02129	0.02121	0.01591	0.00982	0.00793	0.00250	0.00972	0.00726	0.00714	0.01241
53	0.01972	0.01888	0.03220	0.16112	0.55267	0.01952	0.02508	0.02476	0.01852	0.02612	0.01548	0.02084	0.01280	0.00756	0.00824	0.00252	0.01008	0.00740	0.00404	0.01248
54	0.01133	0.00816	0.01072	0.01075	0.01232	0.00755	0.00780	0.01459	0.02150	0.03011	0.49160	0.23142	0.07219	0.01937	0.01001	0.00281	0.00416	0.01730	0.00877	0.00755
55	0.01549	0.00774	0.00774	0.00774	0.00968	0.00774	0.00581	0.01936	0.01742	0.03097	0.02710	0.03097	0.02129	0.00968	0.00581	0.00194	0.00387	0.00774	0.75416	0.00774
56	0.01847	0.01857	0.03444	0.28720	0.26813	0.01959	0.18337	0.02418	0.01823	0.02477	0.01561	0.02165	0.01223	0.00764	0.00867	0.00267	0.01142	0.00803	0.00398	0.01116
57	0.00999	0.00835	0.00871	0.00877	0.01137	0.00706	0.00652	0.01221	0.01913	0.02325	0.12804	0.11577	0.57032	0.02101	0.00986	0.00282	0.00422	0.01769	0.00783	0.00706
58	0.02119	0.03700	0.34322	0.02588	0.03508	0.19300	0.17390	0.02820	0.01964	0.02480	0.01483	0.01807	0.01108	0.00785	0.00826	0.00254	0.01342	0.00684	0.00388	0.01131
59	0.07409	0.01424	0.01892	0.01459	0.02095	0.01253	0.01205	0.03967	0.02329	0.63045	0.03170	0.02753	0.01998	0.01015	0.00819	0.00257	0.00704	0.00816	0.01002	0.01388
60	0.02130	0.02115	0.03300	0.04889	0.61152	0.06617	0.02483	0.02604	0.01924	0.02666	0.01543	0.02017	0.01298	0.00748	0.00817	0.00244	0.01023	0.00726	0.00412	0.01291
61	0.01723	0.01477	0.01723	0.01230	0.01969	0.01107	0.00984	0.02092	0.01723	0.02707	0.01477	0.01723	0.01230	0.00615	0.00615	0.00123	0.00615	0.00492	0.00492	0.75883
62	0.76672	0.01607	0.01221	0.01092	0.01607	0.01864	0.00900	0.02442	0.01414	0.03727	0.01157	0.01350	0.00900	0.00771	0.00514	0.00257	0.00643	0.00450	0.00514	0.00900
63	0.01725	0.11433	0.59882	0.02267	0.03440	0.02074	0.02894	0.02616	0.01747	0.02559	0.01455	0.01709	0.01054	0.00781	0.00762	0.00254	0.01192	0.00596	0.00351	0.01211
64	0.01211	0.00891	0.01009	0.01038	0.01143	0.00885	0.00673	0.01520	0.07837	0.02030	0.04121	0.21628	0.13688	0.35691	0.02573	0.00551	0.00648	0.01554	0.00648	0.00661
65	0.01156	0.00848	0.01083	0.01024	0.01229	0.00775	0.00768	0.01529	0.02305	0.03220	0.59388	0.06388	0.13704	0.01740	0.00980	0.00263	0.00395	0.01528	0.00900	0.00775
66	0.73468	0.01598	0.01252	0.01109	0.01629	0.01835	0.00914	0.02513	0.01456	0.06472	0.01250	0.01414	0.00951	0.00782	0.00528	0.00257	0.00645	0.00467	0.00537	0.00922
67	0.01208	0.00805	0.00906	0.00906	0.00906	0.00805	0.00503	0.01208	0.01208	0.01611	0.02618	0.05436	0.03020	0.70804	0.04228	0.00805	0.00805	0.01208	0.00503	0.00503
68	0.02040	0.01957	0.03342	0.07259	0.63591	0.01970	0.02541	0.02535	0.01884	0.02694	0.01560	0.02061	0.01309	0.00743	0.00823	0.00248	0.00991	0.00740	0.00410	0.01303
69	0.01549	0.00774	0.00774	0.00774	0.00968	0.00774	0.00581	0.01936	0.01742	0.03097	0.02710	0.03097	0.02129	0.00968	0.00581	0.00194	0.00387	0.00774	0.75416	0.00774
70	0.01610	0.01016	0.01137	0.01032	0.01393	0.00895	0.00800	0.01985	0.05905	0.15226	0.09682	0.06568	0.46005	0.01808	0.00944	0.00275	0.00492	0.01506	0.00834	0.00887
71	0.01403	0.01207	0.02064	0.01890	0.05914	0.01247	0.13412	0.01712	0.01461	0.02038	0.02182	0.03580	0.02124	0.22543	0.32494	0.00908	0.01591	0.00986	0.00454	0.00788
72	0.02005	0.45237	0.28530	0.01790	0.02701	0.02759	0.02063	0.02543	0.01714	0.02218	0.01286	0.01497	0.01061	0.00741	0.00633	0.00211	0.01020	0.00510	0.00354	0.01129
73	0.06857	0.05579	0.11377	0.01950	0.02573	0.22412	0.04453	0.07544	0.18855	0.02902	0.01945	0.02033	0.01495	0.00897	0.00766	0.00240	0.01058	0.00679	0.00564	0.05821
74	0.02280	0.02595	0.07088	0.08927	0.11078	0.19851	0.03950	0.06021	0.13122	0.02609	0.01746	0.02049	0.01394	0.00985	0.01131	0.00269	0.12585	0.00717	0.00499	0.01106
75	0.66280	0.05764	0.01466	0.01144	0.01680	0.01897	0.00957	0.02575	0.01509	0.08703	0.01329	0.01469	0.01004	0.00788	0.00541	0.00252	0.00663	0.00481	0.00546	0.00951
