[name]
unknown

[dist]
# distance from previous block
# <min> <max>
0	104

[block]
# block no. 0 follows, 22 sequences, length 124
# corresponding to MSA columns:
# 132-255
name=unknown_A
#
# <colnr> <probs for GDERKNQSTAVLIFYWHMCP>
#	G	D	E	R	K	N	Q	S	T	A	V	L	I	F	Y	W	H	M	C	P
0	0.02376	0.02189	0.02146	0.02231	0.11938	0.17130	0.01553	0.19725	0.02570	0.03232	0.02691	0.03724	0.06340	0.01235	0.00860	0.00263	0.00962	0.11583	0.06174	0.01079
1	0.16043	0.02677	0.02418	0.12481	0.18348	0.29758	0.01812	0.02793	0.01967	0.02523	0.01358	0.01714	0.01105	0.00808	0.00736	0.00239	0.01159	0.00600	0.00431	0.01032
2	0.02556	0.01903	0.02328	0.05513	0.12215	0.02055	0.01604	0.29132	0.13441	0.09193	0.09106	0.02729	0.02325	0.01050	0.00849	0.00258	0.00817	0.00868	0.00771	0.01289
3	0.02700	0.02993	0.02417	0.20045	0.03419	0.37964	0.01789	0.13857	0.02451	0.02642	0.01466	0.01782	0.01143	0.00875	0.00786	0.00237	0.01286	0.00629	0.00486	0.01034
4	0.02058	0.01414	0.01662	0.07739	0.02204	0.01516	0.01227	0.03277	0.29073	0.14066	0.03966	0.04090	0.12107	0.01288	0.00859	0.00275	0.00656	0.04459	0.06940	0.01124
5	0.01239	0.00966	0.01434	0.01405	0.01541	0.01162	0.01102	0.01526	0.01330	0.01934	0.02132	0.03145	0.01996	0.05838	0.62192	0.01255	0.07732	0.00877	0.00438	0.00755
6	0.08892	0.01790	0.02974	0.26000	0.35529	0.01929	0.06214	0.02403	0.01774	0.02607	0.01503	0.02055	0.01203	0.00771	0.00806	0.00260	0.01022	0.00728	0.00407	0.01132
7	0.02510	0.01924	0.06151	0.03709	0.40265	0.01764	0.02120	0.03100	0.06064	0.20761	0.02163	0.02327	0.01591	0.00850	0.00826	0.00253	0.00899	0.00774	0.00611	0.01339
8	0.03158	0.02327	0.02493	0.01911	0.02576	0.02576	0.01579	0.62852	0.03906	0.05236	0.01995	0.01995	0.01413	0.00997	0.00831	0.00249	0.00914	0.00748	0.00831	0.01413
9	0.01070	0.00847	0.00940	0.00936	0.01165	0.00746	0.00697	0.01313	0.01937	0.02453	0.20893	0.07419	0.42405	0.08470	0.01296	0.00331	0.00471	0.05124	0.00779	0.00706
10	0.01208	0.00805	0.00906	0.00906	0.00906	0.00805	0.00503	0.01208	0.01208	0.01611	0.02618	0.05436	0.03020	0.70804	0.04228	0.00805	0.00805	0.01208	0.00503	0.00503
11	0.01398	0.01201	0.01741	0.01619	0.01718	0.01544	0.01300	0.01657	0.01314	0.01952	0.01844	0.02778	0.01746	0.04627	0.45770	0.01009	0.24731	0.00835	0.00418	0.00798
12	0.01860	0.27719	0.44777	0.02037	0.03084	0.02404	0.02493	0.02581	0.01731	0.02394	0.01373	0.01607	0.01057	0.00762	0.00700	0.00233	0.01109	0.00555	0.00352	0.01171
13	0.01690	0.04128	0.61442	0.02461	0.03657	0.01943	0.07958	0.02633	0.01771	0.02633	0.01506	0.01794	0.01069	0.00782	0.00805	0.00264	0.01242	0.00644	0.00356	0.01219
14	0.01065	0.00834	0.00964	0.00955	0.01179	0.00733	0.00707	0.01345	0.02057	0.02686	0.31703	0.12823	0.36021	0.01980	0.00988	0.00278	0.00414	0.01703	0.00831	0.00733
15	0.02311	0.02220	0.01913	0.01681	0.02142	0.17190	0.01306	0.14287	0.27296	0.03237	0.03556	0.03416	0.13436	0.01218	0.00845	0.00260	0.00858	0.00958	0.00732	0.01139
16	0.02062	0.50992	0.19744	0.01697	0.02499	0.02910	0.01853	0.02498	0.01683	0.02125	0.01235	0.01463	0.01064	0.00769	0.00711	0.00209	0.04533	0.00501	0.00355	0.01098
17	0.02025	0.01927	0.03217	0.04736	0.59646	0.01893	0.02403	0.02507	0.01876	0.02713	0.01555	0.02025	0.01308	0.00728	0.00803	0.00235	0.00952	0.00717	0.00419	0.08317
18	0.02200	0.02964	0.14953	0.12962	0.18423	0.24585	0.02161	0.02679	0.01990	0.02341	0.01884	0.02214	0.05303	0.00892	0.00802	0.00245	0.01193	0.00710	0.00422	0.01077
19	0.03103	0.03959	0.02354	0.02140	0.02568	0.67469	0.01605	0.03317	0.02354	0.02033	0.01284	0.01498	0.01070	0.00856	0.00749	0.00214	0.01498	0.00535	0.00428	0.00963
20	0.02404	0.01114	0.01461	0.01246	0.01655	0.01007	0.00999	0.02739	0.02166	0.32546	0.16958	0.04411	0.09107	0.01682	0.05415	0.00333	0.00686	0.04110	0.08897	0.01067
21	0.02095	0.03953	0.44992	0.02274	0.03234	0.15653	0.02585	0.07690	0.02034	0.02692	0.01471	0.01723	0.01087	0.00850	0.00872	0.00256	0.04344	0.00614	0.00407	0.01173
22	0.02978	0.13512	0.02638	0.02038	0.02506	0.58366	0.01579	0.03200	0.02260	0.02022	0.01266	0.01475	0.01070	0.00835	0.00718	0.00209	0.01412	0.00522	0.00418	0.00978
23	0.03103	0.03959	0.02354	0.02140	0.02568	0.67469	0.01605	0.03317	0.02354	0.02033	0.01284	0.01498	0.01070	0.00856	0.00749	0.00214	0.01498	0.00535	0.00428	0.00963
24	0.01439	0.02081	0.20438	0.01851	0.06339	0.01364	0.04384	0.02139	0.08257	0.02544	0.04510	0.09755	0.23541	0.01522	0.00921	0.00286	0.00794	0.06235	0.00617	0.00980
25	0.02779	0.03390	0.02695	0.05740	0.14102	0.48899	0.05449	0.03087	0.02217	0.02197	0.01366	0.01674	0.01127	0.00825	0.00780	0.00227	0.01383	0.00607	0.00422	0.01034
26	0.01003	0.00821	0.00885	0.00914	0.01146	0.00703	0.00668	0.01217	0.01878	0.02312	0.12404	0.18764	0.50086	0.02158	0.00995	0.00289	0.00429	0.01839	0.00783	0.00703
27	0.01012	0.00723	0.00964	0.01157	0.01205	0.00675	0.00771	0.01157	0.01591	0.02121	0.04579	0.70262	0.05495	0.02603	0.01060	0.00337	0.00482	0.02362	0.00771	0.00675
28	0.08330	0.02344	0.02824	0.13670	0.26306	0.17742	0.05581	0.02613	0.01873	0.02471	0.01411	0.01877	0.01166	0.00849	0.00969	0.00257	0.07536	0.00680	0.00413	0.01086
29	0.01022	0.00854	0.00897	0.00918	0.01189	0.00730	0.00710	0.01251	0.01896	0.02271	0.07968	0.08148	0.58547	0.02125	0.01000	0.00292	0.00459	0.08243	0.00771	0.00708
30	0.00984	0.00832	0.00852	0.00867	0.01129	0.00699	0.00643	0.01189	0.01869	0.02234	0.08101	0.13108	0.60376	0.02145	0.00988	0.00285	0.00426	0.01803	0.00771	0.00699
31	0.01938	0.01959	0.03605	0.14603	0.35412	0.02023	0.19035	0.02480	0.01837	0.02563	0.01553	0.02118	0.01254	0.00786	0.00981	0.00268	0.05199	0.00805	0.00404	0.01175
32	0.02527	0.17666	0.02898	0.12617	0.08866	0.25485	0.01745	0.10524	0.05471	0.02577	0.01512	0.01773	0.01218	0.00842	0.00737	0.00227	0.01139	0.00615	0.00475	0.01088
33	0.03158	0.02327	0.02493	0.01911	0.02576	0.02576	0.01579	0.62852	0.03906	0.05236	0.01995	0.01995	0.01413	0.00997	0.00831	0.00249	0.00914	0.00748	0.00831	0.01413
34	0.02609	0.02264	0.02711	0.02883	0.20841	0.10850	0.05344	0.18408	0.13862	0.08611	0.02114	0.02230	0.01588	0.00913	0.00829	0.00252	0.00978	0.00773	0.00650	0.01290
35	0.00982	0.00842	0.00842	0.00842	0.01122	0.00701	0.00631	0.01192	0.01894	0.02244	0.08416	0.07995	0.65285	0.02104	0.00982	0.00281	0.00421	0.01753	0.00771	0.00701
36	0.02009	0.08887	0.31561	0.02374	0.09376	0.09197	0.02277	0.03137	0.17638	0.02733	0.01927	0.02064	0.01459	0.00871	0.00781	0.00254	0.01060	0.00687	0.00491	0.01217
37	0.02276	0.02636	0.06314	0.03859	0.32527	0.18295	0.16675	0.02771	0.02017	0.02528	0.01518	0.01948	0.01230	0.00762	0.00840	0.00247	0.01224	0.00741	0.00415	0.01178
38	0.01156	0.00784	0.00921	0.00972	0.00985	0.00771	0.00574	0.01195	0.01309	0.01746	0.03136	0.22587	0.03675	0.52761	0.03390	0.00682	0.00720	0.01513	0.00574	0.00549
39	0.03092	0.02682	0.02431	0.01954	0.02554	0.17711	0.01572	0.46082	0.06493	0.04401	0.01896	0.01933	0.01388	0.00971	0.00813	0.00243	0.01038	0.00708	0.00738	0.01303
40	0.01122	0.00845	0.01026	0.00982	0.01194	0.00761	0.00729	0.01447	0.02176	0.02955	0.46610	0.06682	0.23917	0.04570	0.01110	0.00288	0.00417	0.01562	0.00858	0.00749
41	0.01579	0.01703	0.06326	0.02080	0.02496	0.05760	0.18213	0.02017	0.01596	0.02182	0.01925	0.02719	0.01686	0.03840	0.38252	0.00868	0.04566	0.00869	0.00428	0.00896
42	0.02221	0.71304	0.04353	0.01421	0.02132	0.03287	0.01421	0.02488	0.01688	0.01955	0.01155	0.01333	0.01066	0.00711	0.00533	0.00178	0.00888	0.00444	0.00355	0.01066
43	0.01693	0.00913	0.00928	0.00876	0.01112	0.00936	0.00670	0.07388	0.01936	0.03289	0.02646	0.02998	0.02065	0.00970	0.00603	0.00199	0.00434	0.00772	0.68741	0.00831
44	0.02064	0.04787	0.01881	0.01576	0.02042	0.01940	0.01241	0.04002	0.51764	0.06384	0.03576	0.03325	0.06506	0.01161	0.00829	0.00272	0.00644	0.00958	0.03802	0.01247
45	0.01012	0.00723	0.00964	0.01157	0.01205	0.00675	0.00771	0.01157	0.01591	0.02121	0.04579	0.70262	0.05495	0.02603	0.01060	0.00337	0.00482	0.02362	0.00771	0.00675
46	0.01188	0.00809	0.00900	0.00900	0.00925	0.00796	0.00515	0.01207	0.01269	0.01667	0.03136	0.05665	0.08593	0.64656	0.03938	0.00758	0.00771	0.01257	0.00527	0.00521
47	0.01033	0.00738	0.00988	0.01181	0.01238	0.00693	0.00808	0.01193	0.01611	0.02144	0.04567	0.66307	0.05448	0.02583	0.01066	0.00340	0.00500	0.06108	0.00771	0.00681
48	0.03103	0.03959	0.02354	0.02140	0.02568	0.67469	0.01605	0.03317	0.02354	0.02033	0.01284	0.01498	0.01070	0.00856	0.00749	0.00214	0.01498	0.00535	0.00428	0.00963
49	0.01254	0.00986	0.01550	0.01435	0.01613	0.01083	0.05996	0.01530	0.01363	0.01931	0.02252	0.03576	0.02182	0.17558	0.50503	0.01152	0.01898	0.00956	0.00454	0.00729
50	0.01041	0.00758	0.00933	0.01059	0.01138	0.00702	0.00700	0.01172	0.01575	0.02052	0.04885	0.48342	0.15196	0.14475	0.01602	0.00410	0.00528	0.02056	0.00724	0.00649
51	0.00982	0.00842	0.00842	0.00842	0.01122	0.00701	0.00631	0.01192	0.01894	0.02244	0.08416	0.07995	0.65285	0.02104	0.00982	0.00281	0.00421	0.01753	0.00771	0.00701
52	0.01839	0.01752	0.02980	0.33479	0.38938	0.01917	0.02442	0.02359	0.01789	0.02451	0.01524	0.02127	0.01223	0.00780	0.00826	0.00260	0.01041	0.00739	0.00392	0.01141
53	0.03103	0.03959	0.02354	0.02140	0.02568	0.67469	0.01605	0.03317	0.02354	0.02033	0.01284	0.01498	0.01070	0.00856	0.00749	0.00214	0.01498	0.00535	0.00428	0.00963
54	0.02056	0.01974	0.03372	0.05099	0.65622	0.01974	0.02550	0.02550	0.01892	0.02714	0.01563	0.02056	0.01316	0.00740	0.00822	0.00247	0.00987	0.00740	0.00411	0.01316
55	0.01991	0.01907	0.03254	0.13615	0.57616	0.01957	0.02517	0.02492	0.01861	0.02635	0.01551	0.02077	0.01288	0.00752	0.00824	0.00251	0.01003	0.00740	0.00406	0.01263
56	0.03116	0.03593	0.02385	0.02089	0.02570	0.52912	0.01599	0.16673	0.02702	0.02752	0.01443	0.01609	0.01147	0.00888	0.00767	0.00222	0.01367	0.00583	0.00518	0.01064
57	0.02128	0.01997	0.03315	0.04892	0.61527	0.02013	0.02487	0.06466	0.02022	0.02878	0.01591	0.02052	0.01322	0.00757	0.00823	0.00247	0.00982	0.00741	0.00438	0.01322
58	0.01954	0.06873	0.37353	0.02285	0.03104	0.06022	0.06376	0.02607	0.01728	0.06126	0.01488	0.01825	0.01135	0.00946	0.01223	0.00279	0.16474	0.00663	0.00402	0.01136
59	0.01407	0.01088	0.01297	0.06743	0.01693	0.01178	0.00923	0.02083	0.17288	0.02252	0.03203	0.20617	0.03353	0.30523	0.02308	0.00513	0.00713	0.01387	0.00645	0.00786
60	0.02303	0.21990	0.03309	0.02522	0.13949	0.08729	0.04947	0.11391	0.02031	0.02633	0.01378	0.01741	0.01179	0.00949	0.01196	0.00254	0.17288	0.00647	0.00448	0.01119
61	0.09404	0.06593	0.02561	0.02679	0.20775	0.20895	0.01689	0.07626	0.02103	0.02772	0.01439	0.01719	0.01183	0.00773	0.00718	0.00212	0.01023	0.00591	0.00472	0.14772
62	0.01704	0.04055	0.59567	0.02576	0.06838	0.01942	0.06599	0.02628	0.01773	0.02637	0.01506	0.01799	0.01078	0.00781	0.00802	0.00263	0.01226	0.00642	0.00358	0.01226
63	0.05674	0.00911	0.01105	0.01161	0.01338	0.00894	0.00854	0.01618	0.05921	0.02710	0.22890	0.32817	0.10094	0.02062	0.00991	0.00305	0.00494	0.06586	0.00803	0.00772
64	0.02056	0.01974	0.03372	0.05099	0.65622	0.01974	0.02550	0.02550	0.01892	0.02714	0.01563	0.02056	0.01316	0.00740	0.00822	0.00247	0.00987	0.00740	0.00411	0.01316
65	0.02801	0.21171	0.02880	0.01958	0.02433	0.47162	0.01570	0.03027	0.02120	0.02011	0.01240	0.01474	0.01070	0.00854	0.00809	0.00213	0.05293	0.00523	0.00406	0.00986
66	0.01501	0.01055	0.01419	0.12978	0.02122	0.01064	0.01086	0.04530	0.02093	0.07991	0.28124	0.12701	0.13085	0.05216	0.01114	0.00303	0.00603	0.01398	0.00767	0.00850
67	0.08750	0.02959	0.01861	0.01708	0.02084	0.45175	0.01288	0.02895	0.02122	0.02442	0.01635	0.01891	0.01325	0.00877	0.00687	0.00212	0.01146	0.00589	0.19444	0.00910
68	0.01909	0.01823	0.03106	0.24374	0.47499	0.01935	0.02476	0.02420	0.01822	0.02535	0.01537	0.02104	0.01253	0.00768	0.00825	0.00256	0.01023	0.00740	0.00398	0.01197
69	0.01059	0.00831	0.00957	0.00954	0.01176	0.00730	0.00705	0.01331	0.02033	0.02642	0.29491	0.14246	0.36872	0.02006	0.00990	0.00280	0.00417	0.01726	0.00826	0.00730
70	0.02028	0.01945	0.03321	0.08813	0.62130	0.01966	0.02535	0.02525	0.01878	0.02680	0.01558	0.02065	0.01304	0.00745	0.00823	0.00248	0.00994	0.00740	0.00409	0.01293
71	0.01036	0.00741	0.00985	0.01140	0.01210	0.00691	0.00773	0.01217	0.01702	0.02297	0.13423	0.60914	0.05837	0.02471	0.01049	0.00326	0.00469	0.02236	0.00792	0.00691
72	0.02494	0.01951	0.02085	0.01756	0.02298	0.02204	0.01399	0.23896	0.41684	0.06448	0.02915	0.02721	0.02143	0.01080	0.00840	0.00270	0.00745	0.00871	0.00848	0.01351
73	0.03158	0.02327	0.02493	0.01911	0.02576	0.02576	0.01579	0.62852	0.03906	0.05236	0.01995	0.01995	0.01413	0.00997	0.00831	0.00249	0.00914	0.00748	0.00831	0.01413
74	0.02860	0.02019	0.02224	0.01780	0.02368	0.02221	0.01448	0.39546	0.17167	0.11435	0.02464	0.02410	0.01776	0.01335	0.04722	0.00321	0.00910	0.00809	0.00834	0.01352
75	0.01012	0.00723	0.00964	0.01157	0.01205	0.00675	0.00771	0.01157	0.01591	0.02121	0.04579	0.70262	0.05495	0.02603	0.01060	0.00337	0.00482	0.02362	0.00771	0.00675
76	0.01187	0.00890	0.01335	0.01335	0.01483	0.01038	0.01038	0.01483	0.01335	0.01928	0.02225	0.03264	0.02077	0.06231	0.67512	0.01335	0.02225	0.00890	0.00445	0.00742
77	0.02010	0.01927	0.03289	0.11080	0.59998	0.01962	0.02527	0.02509	0.01870	0.02659	0.01555	0.02071	0.01296	0.00749	0.00823	0.00250	0.00998	0.00740	0.00407	0.01279
78	0.01687	0.10093	0.57126	0.02206	0.03327	0.01984	0.02789	0.02556	0.01783	0.02611	0.05174	0.01976	0.01449	0.00835	0.00777	0.00255	0.01149	0.00650	0.00384	0.01187
79	0.03465	0.01835	0.02188	0.01678	0.02331	0.01846	0.01386	0.31155	0.03082	0.38096	0.02686	0.02444	0.01760	0.01014	0.00833	0.00253	0.00802	0.00795	0.00937	0.01413
80	0.01536	0.01602	0.01267	0.01231	0.01534	0.16773	0.00942	0.01774	0.02030	0.02273	0.09238	0.06476	0.41003	0.01802	0.00942	0.00273	0.00712	0.07123	0.00696	0.00775
81	0.02645	0.14177	0.06749	0.01937	0.07499	0.02177	0.01563	0.19974	0.12238	0.15006	0.02272	0.02257	0.01656	0.00937	0.00764	0.00241	0.00827	0.00733	0.05068	0.01280
82	0.02056	0.01974	0.03372	0.05099	0.65622	0.01974	0.02550	0.02550	0.01892	0.02714	0.01563	0.02056	0.01316	0.00740	0.00822	0.00247	0.00987	0.00740	0.00411	0.01316
83	0.01009	0.00843	0.00879	0.00870	0.01139	0.00713	0.00653	0.01245	0.01958	0.02397	0.16392	0.07744	0.57214	0.02047	0.00982	0.00278	0.00417	0.01718	0.00792	0.00713
84	0.01029	0.00784	0.00951	0.01063	0.01208	0.00706	0.00756	0.01223	0.01754	0.02248	0.09032	0.41678	0.26441	0.02364	0.01034	0.00316	0.00472	0.05467	0.00778	0.00695
85	0.02092	0.02004	0.03010	0.13508	0.44869	0.05400	0.02303	0.05413	0.08003	0.02781	0.01731	0.02148	0.01396	0.00808	0.00822	0.00253	0.00995	0.00749	0.00467	0.01246
86	0.03125	0.03305	0.02410	0.02049	0.02571	0.41476	0.01595	0.27165	0.02976	0.03316	0.01569	0.01697	0.01207	0.00913	0.00782	0.00228	0.01264	0.00620	0.00589	0.01143
87	0.01047	0.00844	0.00932	0.00910	0.01162	0.00729	0.00682	0.01318	0.02047	0.02609	0.27468	0.07394	0.46006	0.01968	0.00981	0.00274	0.00411	0.01669	0.00819	0.00729
88	0.01007	0.00745	0.00942	0.01099	0.01190	0.00680	0.00746	0.01163	0.01646	0.02143	0.05279	0.58902	0.16403	0.02512	0.01046	0.00327	0.00471	0.02251	0.00771	0.00680
89	0.02355	0.02322	0.04967	0.01803	0.02310	0.13552	0.01453	0.12470	0.39354	0.03368	0.02698	0.02686	0.02067	0.03682	0.00952	0.00284	0.00874	0.00836	0.00735	0.01233
90	0.01259	0.00931	0.01273	0.01286	0.01386	0.01040	0.00971	0.01471	0.01397	0.01934	0.02678	0.04977	0.02809	0.25615	0.31555	0.00936	0.05516	0.11771	0.00517	0.00681
91	0.01822	0.10486	0.51685	0.02523	0.09232	0.05059	0.02796	0.02641	0.01788	0.02547	0.01456	0.01730	0.01079	0.00780	0.00766	0.00251	0.01185	0.00606	0.00360	0.01208
92	0.01784	0.02357	0.19812	0.01764	0.02594	0.01568	0.05300	0.02698	0.13130	0.02823	0.01840	0.02013	0.01421	0.00762	0.00727	0.00200	0.00839	0.00636	0.00513	0.37217
93	0.01925	0.01904	0.03434	0.19745	0.40845	0.01966	0.13021	0.02469	0.01850	0.02566	0.01563	0.02126	0.01257	0.00754	0.00852	0.00260	0.01088	0.00782	0.00403	0.01190
94	0.01653	0.01609	0.01782	0.01786	0.05105	0.12936	0.01321	0.01930	0.01534	0.01997	0.01873	0.02697	0.01728	0.04361	0.43634	0.00951	0.11041	0.00798	0.00429	0.00833
95	0.01077	0.00827	0.00906	0.00905	0.01083	0.00742	0.00624	0.01252	0.01756	0.02225	0.15242	0.09724	0.36268	0.21545	0.01906	0.00429	0.00528	0.01587	0.00717	0.00657
96	0.01342	0.00871	0.01033	0.01045	0.01157	0.00896	0.00714	0.04584	0.01573	0.02300	0.02974	0.18433	0.03127	0.26690	0.11874	0.00612	0.00854	0.01287	0.17950	0.00685
97	0.01318	0.00910	0.01077	0.01043	0.01109	0.00951	0.00664	0.04852	0.01389	0.01880	0.02510	0.04839	0.02754	0.54954	0.15576	0.00870	0.01071	0.01123	0.00512	0.00600
98	0.01208	0.00805	0.00906	0.00906	0.00906	0.00805	0.00503	0.01208	0.01208	0.01611	0.02618	0.05436	0.03020	0.70804	0.04228	0.00805	0.00805	0.01208	0.00503	0.00503
99	0.01208	0.00805	0.00906	0.00906	0.00906	0.00805	0.00503	0.01208	0.01208	0.01611	0.02618	0.05436	0.03020	0.70804	0.04228	0.00805	0.00805	0.01208	0.00503	0.00503
100	0.02599	0.03129	0.03127	0.02511	0.03079	0.38797	0.22019	0.05581	0.02263	0.02396	0.01864	0.02148	0.04892	0.00883	0.00844	0.00242	0.01377	0.00765	0.00463	0.01020
101	0.02016	0.01933	0.03300	0.10330	0.60704	0.01963	0.02530	0.02514	0.01873	0.02665	0.01556	0.02069	0.01299	0.00748	0.00823	0.00249	0.00997	0.00740	0.00408	0.01284
102	0.01204	0.00820	0.00981	0.00981	0.01007	0.00846	0.00597	0.01256	0.01230	0.01666	0.02549	0.05055	0.02855	0.59484	0.15323	0.00898	0.01054	0.01152	0.00493	0.00545
103	0.02907	0.01789	0.02066	0.01623	0.02187	0.01859	0.01325	0.35049	0.03191	0.20844	0.15092	0.03063	0.02879	0.01147	0.00862	0.00254	0.00754	0.00923	0.00900	0.01286
104	0.01845	0.25875	0.46487	0.02063	0.03124	0.02367	0.02539	0.02585	0.01733	0.02413	0.01383	0.01618	0.01057	0.00764	0.00707	0.00236	0.01118	0.00559	0.00352	0.01176
105	0.01012	0.00723	0.00964	0.01157	0.01205	0.00675	0.00771	0.01157	0.01591	0.02121	0.04579	0.70262	0.05495	0.02603	0.01060	0.00337	0.00482	0.02362	0.00771	0.00675
106	0.01569	0.01477	0.02492	0.68808	0.05722	0.01846	0.02307	0.02123	0.01661	0.02123	0.01477	0.02215	0.01107	0.00831	0.00831	0.00277	0.01107	0.00738	0.00369	0.00923
107	0.02221	0.71304	0.04353	0.01421	0.02132	0.03287	0.01421	0.02488	0.01688	0.01955	0.01155	0.01333	0.01066	0.00711	0.00533	0.00178	0.00888	0.00444	0.00355	0.01066
108	0.01109	0.00899	0.01188	0.12898	0.01954	0.00895	0.00980	0.01341	0.01686	0.02138	0.05234	0.34138	0.24788	0.05464	0.01149	0.00330	0.00587	0.01815	0.00688	0.00719
109	0.03103	0.03959	0.02354	0.02140	0.02568	0.67469	0.01605	0.03317	0.02354	0.02033	0.01284	0.01498	0.01070	0.00856	0.00749	0.00214	0.01498	0.00535	0.00428	0.00963
110	0.03249	0.02032	0.02293	0.01774	0.02420	0.02158	0.01460	0.42353	0.07383	0.22438	0.02449	0.02303	0.01669	0.01014	0.00833	0.00254	0.00839	0.00785	0.00888	0.01407
111	0.01071	0.00818	0.00997	0.01103	0.01272	0.00743	0.00825	0.01299	0.01807	0.02305	0.09501	0.32124	0.27676	0.02308	0.01043	0.00320	0.00507	0.12796	0.00778	0.00708
112	0.01692	0.04146	0.62400	0.02545	0.07624	0.01932	0.03036	0.02626	0.01763	0.02636	0.01495	0.01774	0.01069	0.00786	0.00791	0.00262	0.01212	0.00622	0.00355	0.01233
113	0.01308	0.01143	0.01714	0.14940	0.02449	0.01230	0.06217	0.01658	0.01673	0.02213	0.04219	0.04581	0.24439	0.02653	0.17478	0.00540	0.04668	0.01161	0.04911	0.00805
114	0.01119	0.00812	0.01079	0.01254	0.01371	0.00772	0.00949	0.01349	0.01726	0.02254	0.04862	0.44254	0.10606	0.02455	0.01083	0.00347	0.00571	0.21661	0.00769	0.00707
115	0.01152	0.00782	0.00923	0.00977	0.00991	0.00768	0.00579	0.01194	0.01317	0.01756	0.03175	0.23851	0.03723	0.51431	0.03328	0.00672	0.00714	0.01536	0.00579	0.00552
116	0.06657	0.01148	0.05579	0.01230	0.01508	0.00940	0.03052	0.01507	0.01797	0.02504	0.13806	0.26778	0.20392	0.04456	0.01086	0.00318	0.00575	0.05176	0.00723	0.00766
117	0.02052	0.02208	0.02510	0.02174	0.02252	0.14390	0.01779	0.02240	0.01470	0.02005	0.01126	0.01759	0.01087	0.01345	0.02366	0.00336	0.56917	0.00692	0.00375	0.00919
118	0.01158	0.00892	0.01090	0.01192	0.01419	0.00825	0.00983	0.01449	0.01889	0.02357	0.06277	0.11491	0.32988	0.02220	0.01066	0.00333	0.00592	0.30278	0.00768	0.00731
119	0.01364	0.01189	0.01635	0.01513	0.01628	0.01474	0.01204	0.01593	0.01406	0.01993	0.02948	0.03707	0.12870	0.06855	0.31214	0.00800	0.24349	0.01001	0.00478	0.00780
120	0.02462	0.02713	0.02197	0.01967	0.02337	0.29889	0.01526	0.03526	0.26906	0.02605	0.02090	0.02196	0.01661	0.01069	0.01134	0.00267	0.13045	0.00731	0.00584	0.01094
121	0.02681	0.03046	0.02430	0.06323	0.11062	0.40012	0.01717	0.09405	0.02292	0.02456	0.01485	0.01895	0.01253	0.03722	0.03397	0.00295	0.04388	0.00644	0.00467	0.01029
122	0.01866	0.01960	0.03336	0.02624	0.02906	0.02396	0.22218	0.02221	0.01503	0.02221	0.01289	0.01960	0.01148	0.01201	0.02140	0.00336	0.46502	0.00812	0.00383	0.00980
123	0.01010	0.00731	0.00956	0.01136	0.01200	0.00676	0.00762	0.01159	0.01610	0.02129	0.04828	0.66218	0.09378	0.02570	0.01055	0.00334	0.00478	0.02322	0.00771	0.00676

[dist]
# distance from previous block
# <min> <max>
0	1

[block]
# block no. 1 follows, 22 sequences, length 62
# corresponding to MSA columns:
# 257-318
name=unknown_B
#
# <colnr> <probs for GDERKNQSTAVLIFYWHMCP>
#	G	D	E	R	K	N	Q	S	T	A	V	L	I	F	Y	W	H	M	C	P
0	0.01871	0.01885	0.02643	0.25548	0.03617	0.07615	0.07405	0.04862	0.01694	0.02254	0.01508	0.05359	0.01342	0.01154	0.01573	0.00307	0.27180	0.00819	0.00417	0.00948
1	0.01916	0.01497	0.02007	0.02152	0.13024	0.01632	0.01442	0.20100	0.02229	0.03078	0.02253	0.08728	0.02053	0.03366	0.29762	0.00728	0.01456	0.00954	0.00585	0.01038
2	0.01155	0.00783	0.00922	0.00975	0.00988	0.00770	0.00577	0.01194	0.01313	0.01750	0.03153	0.23148	0.03696	0.52171	0.03363	0.00678	0.00717	0.01523	0.00577	0.00550
3	0.02776	0.02137	0.02278	0.01834	0.02431	0.02398	0.01487	0.42404	0.24976	0.04620	0.02480	0.02381	0.01806	0.01043	0.00836	0.00261	0.00824	0.00815	0.00836	0.01379
4	0.01041	0.00747	0.00944	0.01088	0.01150	0.00698	0.00716	0.01168	0.01557	0.02051	0.04614	0.54342	0.10508	0.13384	0.01556	0.00407	0.00528	0.02124	0.00729	0.00650
5	0.01187	0.00890	0.01335	0.01335	0.01483	0.01038	0.01038	0.01483	0.01335	0.01928	0.02225	0.03264	0.02077	0.06231	0.67512	0.01335	0.02225	0.00890	0.00445	0.00742
6	0.01926	0.01960	0.02035	0.01833	0.02018	0.16330	0.01459	0.05123	0.01667	0.02141	0.01615	0.02312	0.01481	0.03135	0.27103	0.00698	0.25101	0.00748	0.00432	0.00882
7	0.01046	0.00737	0.00954	0.01113	0.01153	0.00698	0.00724	0.01166	0.01524	0.02031	0.04235	0.58904	0.05061	0.14552	0.01615	0.00419	0.00539	0.02160	0.00724	0.00645
8	0.01770	0.01473	0.01623	0.01476	0.01854	0.01639	0.01138	0.03466	0.43550	0.03427	0.23963	0.04134	0.04302	0.01317	0.00890	0.00275	0.00569	0.01127	0.00868	0.01138
9	0.01828	0.23882	0.48335	0.02091	0.03168	0.02326	0.02588	0.02589	0.01735	0.02433	0.01393	0.01631	0.01056	0.00766	0.00714	0.00238	0.01129	0.00564	0.00352	0.01180
10	0.01001	0.00828	0.00878	0.00896	0.01142	0.00705	0.00660	0.01217	0.01892	0.02315	0.12421	0.15526	0.53387	0.02133	0.00991	0.00286	0.00426	0.01808	0.00783	0.00705
11	0.01251	0.00944	0.01020	0.00995	0.01172	0.00911	0.00686	0.04112	0.04753	0.02167	0.05090	0.06416	0.28482	0.32673	0.02426	0.00519	0.00644	0.04404	0.00658	0.00678
12	0.01187	0.00890	0.01335	0.01335	0.01483	0.01038	0.01038	0.01483	0.01335	0.01928	0.02225	0.03264	0.02077	0.06231	0.67512	0.01335	0.02225	0.00890	0.00445	0.00742
13	0.02955	0.03637	0.02281	0.02065	0.02483	0.59042	0.01559	0.06097	0.02350	0.02182	0.01393	0.01662	0.01166	0.01287	0.06019	0.00304	0.01527	0.00574	0.00449	0.00968
14	0.01067	0.00799	0.00902	0.00954	0.01123	0.00716	0.00668	0.01260	0.01756	0.02279	0.10763	0.25733	0.32247	0.09616	0.01332	0.00347	0.00476	0.01793	0.05486	0.00683
15	0.03195	0.01452	0.01870	0.01467	0.02035	0.01348	0.01198	0.12448	0.02603	0.46024	0.13931	0.03294	0.02973	0.01141	0.00860	0.00257	0.00683	0.00939	0.00979	0.01303
16	0.01035	0.00853	0.00916	0.00926	0.01189	0.00733	0.00712	0.01281	0.01945	0.02384	0.14224	0.07925	0.53569	0.02077	0.00997	0.00288	0.00449	0.06995	0.00786	0.00716
17	0.01012	0.00723	0.00964	0.01157	0.01205	0.00675	0.00771	0.01157	0.01591	0.02121	0.04579	0.70262	0.05495	0.02603	0.01060	0.00337	0.00482	0.02362	0.00771	0.00675
18	0.03103	0.03959	0.02354	0.02140	0.02568	0.67469	0.01605	0.03317	0.02354	0.02033	0.01284	0.01498	0.01070	0.00856	0.00749	0.00214	0.01498	0.00535	0.00428	0.00963
19	0.01428	0.00791	0.00848	0.00848	0.00983	0.00800	0.00588	0.01699	0.01563	0.02597	0.02653	0.03778	0.02381	0.21310	0.05869	0.00441	0.00624	0.00906	0.49200	0.00695
20	0.02357	0.03146	0.20688	0.02245	0.06753	0.18970	0.02004	0.10883	0.18756	0.03035	0.02008	0.02095	0.01513	0.00919	0.00801	0.00253	0.01091	0.00705	0.00567	0.01212
21	0.01317	0.01033	0.01466	0.24688	0.02618	0.01158	0.01159	0.01523	0.01401	0.01836	0.02396	0.10171	0.02575	0.40153	0.02753	0.00578	0.00882	0.01148	0.00481	0.00666
22	0.08629	0.02785	0.25510	0.03242	0.21766	0.01931	0.15351	0.02569	0.01806	0.02765	0.01522	0.01909	0.01170	0.00745	0.00806	0.00254	0.01110	0.00708	0.00405	0.05016
23	0.02179	0.02302	0.02952	0.18598	0.38391	0.16410	0.02287	0.02624	0.01943	0.02432	0.01482	0.01968	0.01215	0.00786	0.00808	0.00246	0.01127	0.00694	0.00406	0.01151
24	0.03153	0.03262	0.02382	0.02027	0.02549	0.41488	0.01577	0.24185	0.02898	0.06325	0.01631	0.01738	0.01239	0.00914	0.00782	0.00228	0.01255	0.00624	0.00599	0.01143
25	0.05595	0.03271	0.38780	0.02924	0.14412	0.01926	0.12571	0.02685	0.01827	0.05953	0.01609	0.01922	0.01177	0.00777	0.00815	0.00262	0.01158	0.00700	0.00415	0.01219
26	0.05826	0.18546	0.32804	0.02190	0.05785	0.02154	0.07707	0.02668	0.01792	0.07325	0.01552	0.01775	0.01162	0.00770	0.00731	0.00237	0.01057	0.00617	0.00427	0.04873
27	0.02437	0.01783	0.01937	0.02044	0.13023	0.12141	0.01349	0.05044	0.02215	0.21654	0.07078	0.04013	0.19202	0.01274	0.00866	0.00254	0.00801	0.01048	0.00738	0.01098
28	0.01012	0.00723	0.00964	0.01157	0.01205	0.00675	0.00771	0.01157	0.01591	0.02121	0.04579	0.70262	0.05495	0.02603	0.01060	0.00337	0.00482	0.02362	0.00771	0.00675
29	0.02472	0.03006	0.07566	0.06177	0.17678	0.33825	0.01923	0.05468	0.02127	0.02378	0.01503	0.01887	0.01246	0.01370	0.07505	0.00343	0.01383	0.00646	0.00434	0.01063
30	0.01945	0.02696	0.22068	0.02369	0.11280	0.06866	0.02027	0.03240	0.25540	0.02871	0.02603	0.02664	0.05498	0.01020	0.00897	0.00269	0.03537	0.00822	0.00579	0.01209
31	0.01158	0.00819	0.00923	0.00914	0.00999	0.00781	0.00571	0.01258	0.01516	0.01993	0.13038	0.06067	0.16316	0.46706	0.03092	0.00619	0.00667	0.01362	0.00618	0.00585
32	0.01067	0.00771	0.01022	0.01202	0.01290	0.00726	0.00862	0.01258	0.01666	0.02193	0.04790	0.55646	0.09160	0.02517	0.01071	0.00342	0.00528	0.12427	0.00770	0.00692
33	0.08181	0.40009	0.14577	0.01711	0.02438	0.16334	0.01707	0.02682	0.01817	0.02229	0.01241	0.01442	0.01051	0.00760	0.00622	0.00206	0.01056	0.00493	0.00382	0.01060
34	0.01187	0.00890	0.01335	0.01335	0.01483	0.01038	0.01038	0.01483	0.01335	0.01928	0.02225	0.03264	0.02077	0.06231	0.67512	0.01335	0.02225	0.00890	0.00445	0.00742
35	0.01047	0.00788	0.00945	0.01019	0.01158	0.00713	0.00706	0.01240	0.01774	0.02312	0.15552	0.34709	0.24048	0.08467	0.01309	0.00350	0.00478	0.01929	0.00771	0.00685
36	0.01163	0.00910	0.01069	0.01119	0.01308	0.00875	0.00803	0.01642	0.09691	0.02516	0.14985	0.34514	0.22031	0.02137	0.00999	0.00303	0.00473	0.01879	0.00803	0.00780
37	0.01989	0.01504	0.01726	0.06524	0.02106	0.01630	0.01197	0.24973	0.08099	0.03367	0.03252	0.20186	0.07076	0.10866	0.01357	0.00353	0.00748	0.01301	0.00734	0.01010
38	0.02897	0.03488	0.02239	0.02017	0.02456	0.53687	0.01526	0.06883	0.08633	0.02380	0.01893	0.02012	0.04436	0.00954	0.00775	0.00226	0.01325	0.00649	0.00511	0.01012
39	0.01835	0.01251	0.01477	0.01318	0.01676	0.01283	0.01021	0.02881	0.23584	0.12270	0.32212	0.04748	0.08127	0.01427	0.00913	0.00269	0.00530	0.01227	0.00900	0.01052
40	0.00995	0.00846	0.00860	0.00868	0.01145	0.00711	0.00658	0.01212	0.01894	0.02253	0.08263	0.08047	0.62987	0.02111	0.00988	0.00284	0.00434	0.03967	0.00771	0.00704
41	0.02073	0.02189	0.03027	0.23456	0.27900	0.13450	0.07705	0.02539	0.01879	0.02377	0.01475	0.02011	0.01194	0.00819	0.00920	0.00259	0.04505	0.00725	0.00400	0.01098
42	0.02078	0.03155	0.38187	0.02348	0.08696	0.01861	0.02395	0.03196	0.14804	0.11858	0.02144	0.02213	0.01527	0.00889	0.00810	0.00265	0.01013	0.00724	0.00555	0.01280
43	0.03103	0.03959	0.02354	0.02140	0.02568	0.67469	0.01605	0.03317	0.02354	0.02033	0.01284	0.01498	0.01070	0.00856	0.00749	0.00214	0.01498	0.00535	0.00428	0.00963
44	0.23401	0.02040	0.06896	0.03634	0.37808	0.01951	0.07540	0.02534	0.01752	0.02994	0.01452	0.01851	0.01175	0.00749	0.00746	0.00254	0.00941	0.00671	0.00438	0.01173
45	0.02573	0.03091	0.02266	0.02046	0.02344	0.44559	0.01580	0.02790	0.01984	0.02012	0.01361	0.01795	0.01203	0.01676	0.09719	0.00390	0.16649	0.00623	0.00416	0.00923
46	0.01005	0.00810	0.00896	0.00943	0.01154	0.00701	0.00681	0.01212	0.01848	0.02296	0.11854	0.24730	0.44549	0.02207	0.01003	0.00294	0.00435	0.01898	0.00783	0.00701
47	0.01886	0.01800	0.03064	0.27391	0.44662	0.01929	0.02465	0.02400	0.01811	0.02507	0.01533	0.02112	0.01243	0.00772	0.00825	0.00257	0.01029	0.00740	0.00396	0.01178
48	0.02223	0.02472	0.02512	0.04989	0.08162	0.23181	0.01817	0.02465	0.01713	0.02097	0.01331	0.02028	0.01240	0.01205	0.01791	0.00302	0.36281	0.02829	0.00403	0.00958
49	0.01118	0.00784	0.01007	0.01092	0.01139	0.00789	0.00715	0.01234	0.01399	0.01891	0.03412	0.33600	0.03944	0.29460	0.13921	0.00692	0.00912	0.01660	0.00611	0.00621
50	0.01712	0.06396	0.58811	0.02438	0.03613	0.01991	0.08396	0.02629	0.01770	0.02611	0.01497	0.01784	0.01072	0.00779	0.00798	0.00262	0.01232	0.00641	0.00357	0.01213
51	0.01989	0.01905	0.03250	0.13935	0.57314	0.01956	0.02516	0.02490	0.01860	0.02632	0.01551	0.02078	0.01287	0.00753	0.00824	0.00251	0.01004	0.00740	0.00405	0.01261
52	0.02018	0.01935	0.03303	0.10124	0.60897	0.01964	0.02530	0.02516	0.01873	0.02667	0.01556	0.02069	0.01299	0.00747	0.00823	0.00249	0.00996	0.00740	0.00408	0.01285
53	0.01024	0.00801	0.00928	0.00985	0.01170	0.00705	0.00705	0.01240	0.01861	0.02376	0.16225	0.29494	0.35103	0.02213	0.01009	0.00297	0.00438	0.01926	0.00794	0.00705
54	0.01614	0.01413	0.01798	0.02117	0.16082	0.01456	0.01315	0.02627	0.22703	0.02916	0.13263	0.04764	0.21717	0.01412	0.00900	0.00271	0.00624	0.01217	0.00735	0.01057
55	0.03103	0.03959	0.02354	0.02140	0.02568	0.67469	0.01605	0.03317	0.02354	0.02033	0.01284	0.01498	0.01070	0.00856	0.00749	0.00214	0.01498	0.00535	0.00428	0.00963
56	0.01876	0.01827	0.02844	0.06421	0.31850	0.02157	0.02122	0.02221	0.01609	0.02350	0.01690	0.02252	0.04369	0.01126	0.01669	0.00301	0.31037	0.00784	0.00406	0.01089
57	0.02078	0.01175	0.01409	0.01239	0.01628	0.01096	0.00962	0.07807	0.05248	0.21887	0.09680	0.15767	0.23253	0.01684	0.00930	0.00279	0.00571	0.01428	0.00868	0.01012
58	0.12775	0.02509	0.02264	0.02358	0.12675	0.22799	0.01603	0.06162	0.17953	0.02903	0.01869	0.02027	0.01480	0.00946	0.00906	0.00256	0.06149	0.00685	0.00559	0.01120
59	0.01341	0.01076	0.01227	0.01174	0.01446	0.01084	0.00882	0.02168	0.18170	0.02967	0.28491	0.12717	0.20551	0.01748	0.00954	0.00280	0.00478	0.01511	0.00845	0.00889
60	0.02263	0.02364	0.04012	0.03199	0.09519	0.08100	0.38319	0.12579	0.02275	0.02999	0.01655	0.02094	0.01265	0.00805	0.01009	0.00270	0.04760	0.00866	0.00485	0.01162
61	0.31593	0.01244	0.01190	0.01097	0.01445	0.01309	0.00830	0.04674	0.01684	0.08632	0.03330	0.12052	0.13237	0.12791	0.01319	0.00361	0.00628	0.01092	0.00650	0.00840

[dist]
# distance from previous block
# <min> <max>
1	8

[block]
# block no. 2 follows, 22 sequences, length 17
# corresponding to MSA columns:
# 327-343
name=unknown_C
#
# <colnr> <probs for GDERKNQSTAVLIFYWHMCP>
#	G	D	E	R	K	N	Q	S	T	A	V	L	I	F	Y	W	H	M	C	P
0	0.08720	0.25377	0.07897	0.02225	0.13422	0.02519	0.01710	0.19743	0.02349	0.03242	0.01804	0.01968	0.03947	0.00869	0.00706	0.00228	0.00898	0.00652	0.00532	0.01192
1	0.25583	0.01808	0.02602	0.06782	0.34290	0.01874	0.05030	0.02465	0.01719	0.03000	0.01430	0.01826	0.01164	0.00743	0.00718	0.00244	0.00878	0.00642	0.00448	0.06754
2	0.01991	0.01908	0.03255	0.13577	0.57651	0.01957	0.02517	0.02493	0.01861	0.02635	0.01551	0.02077	0.01288	0.00752	0.00824	0.00251	0.01003	0.00740	0.00406	0.01264
3	0.02327	0.01458	0.01784	0.01305	0.02015	0.01142	0.01056	0.02681	0.01920	0.21836	0.02019	0.02056	0.01479	0.00740	0.00682	0.00163	0.00643	0.00596	0.00654	0.53446
4	0.01066	0.00845	0.00958	0.00930	0.01174	0.00737	0.00697	0.01354	0.02091	0.02714	0.32940	0.07222	0.40468	0.01929	0.00981	0.00272	0.00408	0.01645	0.00833	0.00737
5	0.01303	0.01061	0.01558	0.01491	0.01612	0.01316	0.01182	0.01578	0.01324	0.01942	0.02016	0.02997	0.01895	0.05351	0.55581	0.01156	0.14575	0.00860	0.00430	0.00772
6	0.00982	0.00842	0.00842	0.00842	0.01122	0.00701	0.00631	0.01192	0.01894	0.02244	0.08416	0.07995	0.65285	0.02104	0.00982	0.00281	0.00421	0.01753	0.00771	0.00701
7	0.01859	0.01941	0.06359	0.25497	0.35571	0.01966	0.06750	0.02396	0.01785	0.02479	0.01517	0.02095	0.01220	0.00803	0.00924	0.00265	0.04279	0.00750	0.00393	0.01150
8	0.03158	0.02327	0.02493	0.01911	0.02576	0.02576	0.01579	0.62852	0.03906	0.05236	0.01995	0.01995	0.01413	0.00997	0.00831	0.00249	0.00914	0.00748	0.00831	0.01413
9	0.01300	0.00924	0.01025	0.01002	0.01097	0.00927	0.00630	0.04463	0.04229	0.01998	0.03529	0.10364	0.11292	0.50051	0.03243	0.00650	0.00730	0.01331	0.00590	0.00624
10	0.02702	0.06810	0.09360	0.05543	0.05786	0.07011	0.01702	0.09666	0.09407	0.22917	0.02251	0.02274	0.01603	0.00995	0.01001	0.00263	0.08042	0.00743	0.00685	0.01240
11	0.15723	0.02438	0.02714	0.03590	0.37301	0.19442	0.02001	0.02735	0.01929	0.02714	0.01415	0.01780	0.01176	0.00777	0.00748	0.00240	0.01062	0.00633	0.00434	0.01147
12	0.02128	0.02209	0.02658	0.35089	0.18285	0.16937	0.02156	0.06237	0.02010	0.02427	0.01484	0.02002	0.01165	0.00826	0.00810	0.00254	0.01158	0.00693	0.00421	0.01051
13	0.24284	0.01724	0.02063	0.08584	0.16628	0.01893	0.01535	0.07104	0.15503	0.03283	0.02207	0.02372	0.04684	0.00925	0.00737	0.00257	0.00775	0.00739	0.00585	0.04120
14	0.09599	0.02279	0.16950	0.23764	0.17833	0.01924	0.02260	0.02661	0.09732	0.02712	0.01710	0.02098	0.01304	0.00833	0.00788	0.00266	0.01001	0.00706	0.00451	0.01128
15	0.01820	0.02134	0.14407	0.09657	0.18687	0.01875	0.05354	0.02310	0.01687	0.05597	0.01954	0.02444	0.04556	0.01558	0.08179	0.00394	0.15067	0.00799	0.00440	0.01080
16	0.15723	0.01846	0.02331	0.02497	0.16504	0.05024	0.05916	0.02889	0.18205	0.02929	0.02304	0.02529	0.04966	0.01228	0.03727	0.00318	0.08589	0.00806	0.00562	0.01106

[dist]
# distance from previous block
# <min> <max>
14	109

[block]
# block no. 3 follows, 22 sequences, length 141
# corresponding to MSA columns:
# 453-593
name=unknown_D
#
# <colnr> <probs for GDERKNQSTAVLIFYWHMCP>
#	G	D	E	R	K	N	Q	S	T	A	V	L	I	F	Y	W	H	M	C	P
0	0.07301	0.02051	0.02314	0.02399	0.14861	0.11781	0.04435	0.09813	0.11903	0.09800	0.05991	0.06841	0.02184	0.01052	0.00822	0.00253	0.00892	0.00885	0.00658	0.03765
1	0.04698	0.01780	0.07343	0.01388	0.01784	0.10182	0.01183	0.04377	0.04496	0.02852	0.19330	0.04025	0.12210	0.01500	0.03571	0.00290	0.03819	0.01035	0.08781	0.05356
2	0.02328	0.02613	0.05171	0.17275	0.06166	0.26326	0.01796	0.08736	0.06245	0.02532	0.01823	0.07613	0.01591	0.01055	0.00931	0.00259	0.05207	0.00806	0.00503	0.01023
3	0.02558	0.07399	0.02353	0.02170	0.08827	0.36896	0.01533	0.06771	0.08915	0.02481	0.02487	0.02580	0.09497	0.01032	0.00788	0.00233	0.01141	0.00763	0.00536	0.01039
4	0.21750	0.02119	0.07140	0.05707	0.05280	0.13606	0.01454	0.05061	0.01935	0.02913	0.06110	0.03317	0.04698	0.01129	0.00777	0.00261	0.00895	0.09468	0.00557	0.05823
5	0.02224	0.21257	0.23740	0.02055	0.05507	0.16702	0.02011	0.07622	0.02062	0.02516	0.01853	0.02027	0.05278	0.00884	0.00731	0.00229	0.01109	0.00643	0.00439	0.01112
6	0.10568	0.25201	0.07084	0.02152	0.10627	0.12569	0.01687	0.13375	0.02171	0.02889	0.01397	0.01617	0.01143	0.00827	0.00753	0.00226	0.03533	0.00573	0.00476	0.01131
7	0.02048	0.02468	0.07048	0.05601	0.10104	0.19237	0.17632	0.02477	0.01953	0.02345	0.02471	0.08089	0.08483	0.01109	0.00992	0.00267	0.05213	0.00980	0.00478	0.01005
8	0.05698	0.02214	0.11336	0.01871	0.07895	0.13499	0.01505	0.08228	0.02116	0.02846	0.07042	0.03503	0.11721	0.01424	0.04109	0.00302	0.00946	0.03031	0.09731	0.00983
9	0.02231	0.06625	0.03242	0.07275	0.15575	0.08341	0.18371	0.05936	0.11534	0.06759	0.02196	0.02441	0.03859	0.00885	0.00851	0.00258	0.01058	0.00841	0.00548	0.01174
10	0.02531	0.02053	0.02073	0.01658	0.02266	0.09184	0.01339	0.24348	0.08801	0.07728	0.02139	0.02507	0.01695	0.00967	0.00780	0.00220	0.00842	0.04579	0.00694	0.23597
11	0.02025	0.02144	0.03874	0.03830	0.27271	0.04930	0.29773	0.02575	0.01898	0.02619	0.01572	0.02081	0.01262	0.00760	0.00986	0.00259	0.05024	0.00824	0.00418	0.05875
12	0.01208	0.00805	0.00906	0.00906	0.00906	0.00805	0.00503	0.01208	0.01208	0.01611	0.02618	0.05436	0.03020	0.70804	0.04228	0.00805	0.00805	0.01208	0.00503	0.00503
13	0.02843	0.24888	0.03055	0.01813	0.02432	0.19377	0.01535	0.28269	0.02798	0.03364	0.01544	0.01655	0.01214	0.00869	0.00714	0.00217	0.01055	0.00596	0.00575	0.01187
14	0.01076	0.00833	0.00981	0.00970	0.01187	0.00737	0.00718	0.01365	0.02077	0.02742	0.34666	0.13713	0.32015	0.01966	0.00989	0.00277	0.00414	0.01700	0.00839	0.00737
15	0.02899	0.13841	0.02784	0.02287	0.10117	0.31548	0.01654	0.14435	0.02489	0.08066	0.01599	0.01745	0.01247	0.00860	0.00747	0.00223	0.01163	0.00611	0.00541	0.01145
16	0.02823	0.02122	0.02274	0.01806	0.02401	0.02348	0.01470	0.49293	0.12529	0.04729	0.02549	0.05420	0.04108	0.01129	0.00849	0.00259	0.00839	0.00885	0.00828	0.01339
17	0.01012	0.00723	0.00964	0.01157	0.01205	0.00675	0.00771	0.01157	0.01591	0.02121	0.04579	0.70262	0.05495	0.02603	0.01060	0.00337	0.00482	0.02362	0.00771	0.00675
18	0.03158	0.02327	0.02493	0.01911	0.02576	0.02576	0.01579	0.62852	0.03906	0.05236	0.01995	0.01995	0.01413	0.00997	0.00831	0.00249	0.00914	0.00748	0.00831	0.01413
19	0.03103	0.03959	0.02354	0.02140	0.02568	0.67469	0.01605	0.03317	0.02354	0.02033	0.01284	0.01498	0.01070	0.00856	0.00749	0.00214	0.01498	0.00535	0.00428	0.00963
20	0.01161	0.00849	0.01090	0.01030	0.01232	0.00778	0.00772	0.01539	0.02316	0.03248	0.60830	0.06343	0.12245	0.01729	0.00980	0.00263	0.00394	0.01522	0.00904	0.00778
21	0.01339	0.00956	0.01339	0.01530	0.01721	0.00956	0.01339	0.01721	0.01912	0.02486	0.04399	0.09371	0.04781	0.02295	0.01147	0.00382	0.00765	0.60031	0.00765	0.00765
22	0.01034	0.00765	0.00972	0.01128	0.01232	0.00703	0.00792	0.01211	0.01675	0.02175	0.05291	0.53381	0.16764	0.02482	0.01053	0.00330	0.00494	0.07060	0.00771	0.00687
23	0.01224	0.00945	0.01407	0.01385	0.01525	0.01128	0.01085	0.01514	0.01331	0.01933	0.02158	0.03178	0.02018	0.05946	0.63658	0.01277	0.06215	0.00880	0.00440	0.00752
24	0.02056	0.01974	0.03372	0.05099	0.65622	0.01974	0.02550	0.02550	0.01892	0.02714	0.01563	0.02056	0.01316	0.00740	0.00822	0.00247	0.00987	0.00740	0.00411	0.01316
25	0.01012	0.00723	0.00964	0.01157	0.01205	0.00675	0.00771	0.01157	0.01591	0.02121	0.04579	0.70262	0.05495	0.02603	0.01060	0.00337	0.00482	0.02362	0.00771	0.00675
26	0.00982	0.00842	0.00842	0.00842	0.01122	0.00701	0.00631	0.01192	0.01894	0.02244	0.08416	0.07995	0.65285	0.02104	0.00982	0.00281	0.00421	0.01753	0.00771	0.00701
27	0.01187	0.00890	0.01335	0.01335	0.01483	0.01038	0.01038	0.01483	0.01335	0.01928	0.02225	0.03264	0.02077	0.06231	0.67512	0.01335	0.02225	0.00890	0.00445	0.00742
28	0.29590	0.02022	0.02008	0.01595	0.02205	0.02252	0.01317	0.38198	0.02934	0.07760	0.01758	0.01805	0.01261	0.00918	0.00717	0.00252	0.00806	0.00645	0.00727	0.01229
29	0.01023	0.00728	0.00961	0.01143	0.01188	0.00682	0.00756	0.01160	0.01569	0.02092	0.04468	0.66608	0.05355	0.06447	0.01239	0.00364	0.00500	0.02297	0.00756	0.00665
30	0.03619	0.01438	0.01925	0.01492	0.02123	0.01276	0.01227	0.04072	0.06393	0.62119	0.03284	0.02845	0.02088	0.01035	0.00836	0.00259	0.00704	0.00842	0.01016	0.01407
31	0.02056	0.01974	0.03372	0.05099	0.65622	0.01974	0.02550	0.02550	0.01892	0.02714	0.01563	0.02056	0.01316	0.00740	0.00822	0.00247	0.00987	0.00740	0.00411	0.01316
32	0.01063	0.00856	0.00959	0.00999	0.01243	0.00752	0.00778	0.01316	0.01918	0.02371	0.12222	0.11600	0.46339	0.02132	0.01016	0.00300	0.00483	0.12150	0.00782	0.00718
33	0.02912	0.03596	0.02540	0.02681	0.14102	0.55488	0.01778	0.03177	0.02270	0.02158	0.01335	0.01600	0.01115	0.00835	0.00762	0.00220	0.01405	0.00573	0.00425	0.01028
34	0.01643	0.01568	0.02434	0.23508	0.03349	0.01981	0.05811	0.02010	0.01562	0.02165	0.02025	0.03354	0.03994	0.01357	0.01699	0.00330	0.29987	0.09877	0.00445	0.00897
35	0.02667	0.03160	0.02690	0.07425	0.23016	0.42176	0.01954	0.02993	0.02161	0.02258	0.01386	0.01724	0.01151	0.00817	0.00778	0.00229	0.01309	0.00614	0.00419	0.01074
