[name]
unknown

[dist]
# distance from previous block
# <min> <max>
0	40

[block]
# block no. 0 follows, 21 sequences, length 32
# corresponding to MSA columns:
# 46-77
name=unknown_A
#
# <colnr> <probs for GDERKNQSTAVLIFYWHMCP>
#	G	D	E	R	K	N	Q	S	T	A	V	L	I	F	Y	W	H	M	C	P
0	0.01214	0.00902	0.01299	0.01360	0.01515	0.00987	0.01070	0.01513	0.01540	0.02124	0.03304	0.12512	0.06167	0.04963	0.43190	0.01007	0.01692	0.12312	0.00575	0.00754
1	0.76103	0.01646	0.01251	0.01119	0.01646	0.01909	0.00922	0.02502	0.01448	0.03818	0.01185	0.01382	0.00922	0.00790	0.00527	0.00263	0.00658	0.00461	0.00527	0.00922
2	0.03281	0.02310	0.02508	0.01923	0.02602	0.02529	0.01588	0.57364	0.03877	0.10121	0.02147	0.02111	0.01500	0.01024	0.00852	0.00256	0.00920	0.00773	0.00867	0.01447
3	0.01111	0.00909	0.00987	0.00978	0.01241	0.00812	0.00729	0.01482	0.05493	0.02581	0.19031	0.12406	0.45108	0.02057	0.01004	0.00288	0.00444	0.01747	0.00824	0.00769
4	0.01052	0.00857	0.00886	0.00882	0.01120	0.00739	0.00633	0.01242	0.01852	0.02250	0.10345	0.07690	0.52085	0.12835	0.01529	0.00371	0.00492	0.01696	0.00754	0.00691
5	0.25515	0.01508	0.01758	0.01396	0.02014	0.01448	0.01152	0.03653	0.02139	0.46897	0.02705	0.02442	0.01751	0.00974	0.00757	0.00263	0.00704	0.00737	0.00895	0.01290
6	0.02836	0.01999	0.02128	0.01676	0.02240	0.02192	0.01370	0.47435	0.03465	0.04833	0.02221	0.02317	0.01625	0.01014	0.00789	0.00242	0.00806	0.00773	0.18751	0.01289
7	0.02110	0.01800	0.01895	0.01692	0.02172	0.02061	0.01320	0.07410	0.56393	0.03581	0.03696	0.03414	0.06237	0.01207	0.00874	0.00287	0.00673	0.01002	0.00861	0.01315
8	0.01099	0.00889	0.00983	0.01001	0.01239	0.00797	0.00734	0.01441	0.05038	0.02515	0.16465	0.19421	0.41072	0.02137	0.01014	0.00295	0.00451	0.01833	0.00817	0.00758
9	0.02993	0.02263	0.02418	0.01909	0.02547	0.02526	0.01559	0.49505	0.16837	0.04973	0.02351	0.02288	0.01697	0.01050	0.00854	0.00263	0.00879	0.00809	0.00854	0.01426
10	0.01728	0.01636	0.02771	0.52843	0.20121	0.01922	0.02423	0.02280	0.01759	0.02321	0.01534	0.02230	0.01186	0.00828	0.00849	0.00276	0.01105	0.00757	0.00389	0.01043
11	0.01177	0.00976	0.01043	0.01007	0.01299	0.00899	0.00761	0.01686	0.09192	0.02677	0.19580	0.07224	0.45516	0.01952	0.00989	0.00283	0.00453	0.01645	0.00829	0.00809
12	0.01106	0.00810	0.01039	0.01100	0.01241	0.00743	0.00780	0.01371	0.02001	0.02723	0.30944	0.35526	0.13046	0.02210	0.01042	0.00306	0.00447	0.01971	0.00854	0.00743
13	0.01037	0.00741	0.00987	0.01185	0.01234	0.00691	0.00790	0.01185	0.01629	0.02172	0.04690	0.69537	0.05629	0.02666	0.01086	0.00346	0.00494	0.02419	0.00790	0.00691
14	0.01216	0.00912	0.01368	0.01368	0.01520	0.01064	0.01064	0.01520	0.01368	0.01976	0.02279	0.03343	0.02127	0.06382	0.66720	0.01368	0.02279	0.00912	0.00456	0.00760
15	0.01765	0.01513	0.01765	0.01260	0.02017	0.01134	0.01008	0.02143	0.01765	0.02773	0.01513	0.01765	0.01260	0.00630	0.00630	0.00126	0.00630	0.00504	0.00504	0.75295
16	0.01079	0.00765	0.00968	0.01113	0.01164	0.00722	0.00723	0.01198	0.01560	0.02066	0.04454	0.52574	0.08055	0.17248	0.01785	0.00447	0.00562	0.02132	0.00731	0.00655
17	0.02275	0.70604	0.04459	0.01456	0.02184	0.03367	0.01456	0.02548	0.01729	0.02002	0.01183	0.01365	0.01092	0.00728	0.00546	0.00182	0.00910	0.00455	0.00364	0.01092
18	0.02117	0.01828	0.01924	0.01732	0.02213	0.02117	0.01347	0.04522	0.63246	0.03560	0.03464	0.03175	0.02598	0.01155	0.00866	0.00289	0.00673	0.00962	0.00866	0.01347
19	0.01080	0.00868	0.00969	0.00978	0.01229	0.00756	0.00745	0.01347	0.02031	0.02558	0.20368	0.10630	0.44699	0.02102	0.01022	0.00294	0.00455	0.06307	0.00822	0.00741
20	0.02106	0.02022	0.03454	0.05223	0.64784	0.02022	0.02612	0.02612	0.01938	0.02780	0.01601	0.02106	0.01348	0.00758	0.00842	0.00253	0.01011	0.00758	0.00421	0.01348
21	0.01282	0.01054	0.01152	0.01094	0.01394	0.01018	0.00830	0.01982	0.14094	0.02876	0.24121	0.06664	0.35602	0.01836	0.00978	0.00282	0.00470	0.01556	0.00849	0.00867
22	0.03179	0.04056	0.02412	0.02192	0.02631	0.66676	0.01644	0.03398	0.02412	0.02083	0.01315	0.01535	0.01096	0.00877	0.00767	0.00219	0.01535	0.00548	0.00438	0.00987
23	0.02106	0.02022	0.03454	0.05223	0.64784	0.02022	0.02612	0.02612	0.01938	0.02780	0.01601	0.02106	0.01348	0.00758	0.00842	0.00253	0.01011	0.00758	0.00421	0.01348
24	0.02009	0.02296	0.05022	0.03587	0.04448	0.02152	0.61693	0.02726	0.02009	0.02726	0.01722	0.02296	0.01291	0.00717	0.01004	0.00287	0.01435	0.01004	0.00430	0.01148
25	0.01145	0.00868	0.01055	0.01008	0.01235	0.00778	0.00756	0.01490	0.02268	0.03078	0.47612	0.06907	0.24961	0.01864	0.01004	0.00274	0.00410	0.01616	0.00893	0.00778
26	0.02089	0.16010	0.02680	0.01803	0.02139	0.02398	0.01532	0.15001	0.01992	0.02739	0.01613	0.02157	0.01428	0.02414	0.17376	0.00548	0.23823	0.00730	0.00495	0.01035
27	0.01641	0.01436	0.01864	0.02264	0.16939	0.01471	0.01423	0.02580	0.19550	0.02812	0.04875	0.05471	0.23226	0.01557	0.00949	0.00294	0.00689	0.09175	0.00722	0.01060
28	0.08395	0.02790	0.05865	0.02167	0.02765	0.24178	0.13010	0.15033	0.02496	0.03083	0.02481	0.02640	0.09308	0.01030	0.00844	0.00254	0.01166	0.00838	0.00571	0.01087
29	0.02563	0.06539	0.02628	0.02534	0.15923	0.20468	0.01684	0.14447	0.02427	0.03045	0.01561	0.01805	0.01260	0.00811	0.00754	0.00209	0.01048	0.00621	0.00528	0.19145
30	0.01947	0.01861	0.01753	0.09273	0.02320	0.15517	0.01301	0.09359	0.05227	0.02650	0.03377	0.06942	0.13824	0.02326	0.13769	0.00478	0.01189	0.01039	0.04916	0.00933
31	0.02230	0.03018	0.18273	0.02792	0.10414	0.16005	0.14534	0.06360	0.07003	0.02791	0.01951	0.02625	0.01604	0.00961	0.00880	0.00271	0.01223	0.05396	0.00501	0.01167

[dist]
# distance from previous block
# <min> <max>
3	42

[block]
# block no. 1 follows, 21 sequences, length 45
# corresponding to MSA columns:
# 120-164
name=unknown_B
#
# <colnr> <probs for GDERKNQSTAVLIFYWHMCP>
#	G	D	E	R	K	N	Q	S	T	A	V	L	I	F	Y	W	H	M	C	P
0	0.19550	0.02747	0.02016	0.05682	0.02474	0.30864	0.01424	0.03292	0.14996	0.02836	0.01762	0.01902	0.01385	0.00901	0.00731	0.00243	0.01080	0.00626	0.00549	0.04941
1	0.05312	0.01938	0.08864	0.23717	0.26638	0.01873	0.02231	0.02293	0.01712	0.02464	0.01637	0.02460	0.01414	0.08494	0.01327	0.00335	0.05017	0.00783	0.00414	0.01077
2	0.02487	0.06363	0.03061	0.08992	0.06437	0.25087	0.14415	0.06319	0.13129	0.02695	0.01850	0.02108	0.01440	0.00884	0.00840	0.00254	0.01229	0.00756	0.00524	0.01129
3	0.08460	0.01912	0.02025	0.04926	0.09125	0.08538	0.01418	0.12875	0.13555	0.03237	0.02265	0.06407	0.01933	0.04907	0.04106	0.00332	0.00922	0.00857	0.03782	0.08418
4	0.01395	0.01161	0.01178	0.01069	0.01325	0.04648	0.00730	0.01547	0.01604	0.02094	0.03873	0.08450	0.17331	0.31749	0.02383	0.00489	0.00714	0.01236	0.00588	0.16434
5	0.01238	0.00825	0.00928	0.00928	0.00928	0.00825	0.00516	0.01238	0.01238	0.01650	0.02681	0.05569	0.03094	0.70092	0.04331	0.00825	0.00825	0.01238	0.00516	0.00516
6	0.01082	0.00760	0.00974	0.01127	0.01166	0.00721	0.00728	0.01197	0.01541	0.02055	0.04240	0.55184	0.05060	0.17795	0.01814	0.00453	0.00568	0.02154	0.00728	0.00652
7	0.01453	0.01085	0.01312	0.01162	0.01413	0.01041	0.00817	0.04344	0.01525	0.02173	0.02272	0.03950	0.02341	0.34813	0.18128	0.00758	0.01129	0.00960	0.00514	0.18810
8	0.03356	0.02566	0.02386	0.01911	0.02529	0.17570	0.01539	0.34664	0.03261	0.18431	0.02173	0.02119	0.01516	0.00994	0.00832	0.00249	0.01030	0.00735	0.00800	0.01338
9	0.01238	0.00825	0.00928	0.00928	0.00928	0.00825	0.00516	0.01238	0.01238	0.01650	0.02681	0.05569	0.03094	0.70092	0.04331	0.00825	0.00825	0.01238	0.00516	0.00516
10	0.01006	0.00862	0.00862	0.00862	0.01149	0.00718	0.00647	0.01221	0.01940	0.02299	0.08621	0.08190	0.64438	0.02155	0.01006	0.00287	0.00431	0.01796	0.00790	0.00718
11	0.02391	0.02168	0.02999	0.07520	0.33535	0.05555	0.02188	0.17923	0.02396	0.03279	0.01630	0.02037	0.01317	0.00937	0.01106	0.00270	0.10201	0.00748	0.00524	0.01275
12	0.02049	0.01968	0.03199	0.09435	0.31087	0.02060	0.12358	0.03148	0.19744	0.02944	0.02155	0.02464	0.01683	0.00875	0.00878	0.00272	0.00996	0.00860	0.00548	0.01278
13	0.01229	0.00859	0.01099	0.01099	0.01158	0.00918	0.00728	0.01347	0.01288	0.01776	0.02525	0.04705	0.02719	0.45367	0.28544	0.01036	0.01389	0.01111	0.00492	0.00610
14	0.76103	0.01646	0.01251	0.01119	0.01646	0.01909	0.00922	0.02502	0.01448	0.03818	0.01185	0.01382	0.00922	0.00790	0.00527	0.00263	0.00658	0.00461	0.00527	0.00922
15	0.01193	0.00868	0.01145	0.01156	0.01263	0.00927	0.00818	0.01375	0.01392	0.01904	0.03168	0.08004	0.08777	0.27953	0.35153	0.01020	0.01499	0.01190	0.00527	0.00667
16	0.01991	0.01904	0.03246	0.19722	0.51186	0.01992	0.02554	0.02511	0.01883	0.02640	0.01580	0.02144	0.01299	0.00780	0.00844	0.00260	0.01039	0.00758	0.00411	0.01255
17	0.57201	0.11326	0.01828	0.01295	0.01839	0.09969	0.01082	0.02617	0.01603	0.03360	0.01201	0.01399	0.00966	0.00792	0.00559	0.00247	0.00799	0.00471	0.00494	0.00953
18	0.01058	0.00756	0.01011	0.01209	0.01267	0.00709	0.00826	0.01221	0.01650	0.02196	0.04679	0.65795	0.05583	0.02646	0.01092	0.00348	0.00512	0.05955	0.00790	0.00697
19	0.01216	0.00912	0.01368	0.01368	0.01520	0.01064	0.01064	0.01520	0.01368	0.01976	0.02279	0.03343	0.02127	0.06382	0.66720	0.01368	0.02279	0.00912	0.00456	0.00760
20	0.02561	0.02358	0.02742	0.06556	0.24399	0.11451	0.01962	0.20157	0.12842	0.03525	0.01995	0.02194	0.01538	0.00922	0.00839	0.00256	0.01014	0.00764	0.00620	0.01304
21	0.76103	0.01646	0.01251	0.01119	0.01646	0.01909	0.00922	0.02502	0.01448	0.03818	0.01185	0.01382	0.00922	0.00790	0.00527	0.00263	0.00658	0.00461	0.00527	0.00922
22	0.01238	0.00825	0.00928	0.00928	0.00928	0.00825	0.00516	0.01238	0.01238	0.01650	0.02681	0.05569	0.03094	0.70092	0.04331	0.00825	0.00825	0.01238	0.00516	0.00516
23	0.01340	0.01062	0.01217	0.01204	0.01441	0.01071	0.00880	0.02093	0.16537	0.02801	0.19626	0.21691	0.17798	0.05853	0.01183	0.00328	0.00520	0.01658	0.00828	0.00870
24	0.01238	0.00825	0.00928	0.00928	0.00928	0.00825	0.00516	0.01238	0.01238	0.01650	0.02681	0.05569	0.03094	0.70092	0.04331	0.00825	0.00825	0.01238	0.00516	0.00516
25	0.03266	0.02334	0.02523	0.01935	0.02614	0.02566	0.01598	0.58889	0.03918	0.08538	0.02113	0.02088	0.01482	0.01023	0.00852	0.00256	0.00925	0.00771	0.00862	0.01447
26	0.03267	0.02069	0.02310	0.01783	0.02429	0.02203	0.01469	0.44864	0.03502	0.19075	0.02392	0.02311	0.01645	0.01027	0.00836	0.00254	0.00854	0.00789	0.05515	0.01407
27	0.01129	0.00815	0.01088	0.01274	0.01379	0.00774	0.00946	0.01350	0.01741	0.02286	0.04870	0.49001	0.08889	0.02547	0.01107	0.00355	0.00572	0.18370	0.00788	0.00719
28	0.02117	0.01828	0.01924	0.01732	0.02213	0.02117	0.01347	0.04522	0.63246	0.03560	0.03464	0.03175	0.02598	0.01155	0.00866	0.00289	0.00673	0.00962	0.00866	0.01347
29	0.02117	0.01828	0.01924	0.01732	0.02213	0.02117	0.01347	0.04522	0.63246	0.03560	0.03464	0.03175	0.02598	0.01155	0.00866	0.00289	0.00673	0.00962	0.00866	0.01347
30	0.01006	0.00862	0.00862	0.00862	0.01149	0.00718	0.00647	0.01221	0.01940	0.02299	0.08621	0.08190	0.64438	0.02155	0.01006	0.00287	0.00431	0.01796	0.00790	0.00718
31	0.01765	0.01513	0.01765	0.01260	0.02017	0.01134	0.01008	0.02143	0.01765	0.02773	0.01513	0.01765	0.01260	0.00630	0.00630	0.00126	0.00630	0.00504	0.00504	0.75295
32	0.03818	0.01448	0.01975	0.01514	0.02172	0.01251	0.01251	0.04147	0.02436	0.65373	0.03357	0.02897	0.02107	0.01053	0.00856	0.00263	0.00724	0.00856	0.01053	0.01448
33	0.02117	0.01828	0.01924	0.01732	0.02213	0.02117	0.01347	0.04522	0.63246	0.03560	0.03464	0.03175	0.02598	0.01155	0.00866	0.00289	0.00673	0.00962	0.00866	0.01347
34	0.02842	0.02005	0.02135	0.01681	0.02247	0.02199	0.01374	0.47665	0.03473	0.04842	0.02218	0.02312	0.01622	0.01014	0.00790	0.00242	0.00808	0.00773	0.18467	0.01291
35	0.01079	0.00758	0.00975	0.01131	0.01169	0.00720	0.00732	0.01196	0.01546	0.02062	0.04265	0.55992	0.05092	0.16943	0.01773	0.00447	0.00564	0.02169	0.00732	0.00654
36	0.01216	0.00912	0.01368	0.01368	0.01520	0.01064	0.01064	0.01520	0.01368	0.01976	0.02279	0.03343	0.02127	0.06382	0.66720	0.01368	0.02279	0.00912	0.00456	0.00760
37	0.01238	0.00825	0.00928	0.00928	0.00928	0.00825	0.00516	0.01238	0.01238	0.01650	0.02681	0.05569	0.03094	0.70092	0.04331	0.00825	0.00825	0.01238	0.00516	0.00516
38	0.01586	0.00793	0.00793	0.00793	0.00991	0.00793	0.00595	0.01983	0.01785	0.03173	0.02776	0.03173	0.02181	0.00991	0.00595	0.00198	0.00397	0.00793	0.74817	0.00793
39	0.01681	0.00885	0.00895	0.00860	0.01086	0.00899	0.00654	0.05433	0.01912	0.03299	0.02734	0.03108	0.02139	0.00993	0.00610	0.00202	0.00428	0.00792	0.70560	0.00831
40	0.01233	0.00843	0.01021	0.01021	0.01053	0.00876	0.00632	0.01297	0.01265	0.01719	0.02596	0.05098	0.02889	0.56602	0.17542	0.00940	0.01133	0.01169	0.00503	0.00567
41	0.01737	0.04195	0.59712	0.02540	0.03758	0.01994	0.08907	0.02698	0.01818	0.02698	0.01546	0.01846	0.01099	0.00800	0.00828	0.00271	0.01275	0.00666	0.00366	0.01247
42	0.01216	0.00912	0.01368	0.01368	0.01520	0.01064	0.01064	0.01520	0.01368	0.01976	0.02279	0.03343	0.02127	0.06382	0.66720	0.01368	0.02279	0.00912	0.00456	0.00760
43	0.01047	0.00745	0.00984	0.01171	0.01218	0.00698	0.00776	0.01188	0.01609	0.02145	0.04585	0.66168	0.05495	0.06217	0.01257	0.00371	0.00511	0.02357	0.00776	0.00682
44	0.02106	0.02022	0.03454	0.05223	0.64784	0.02022	0.02612	0.02612	0.01938	0.02780	0.01601	0.02106	0.01348	0.00758	0.00842	0.00253	0.01011	0.00758	0.00421	0.01348

[dist]
# distance from previous block
# <min> <max>
0	2

[block]
# block no. 2 follows, 21 sequences, length 12
# corresponding to MSA columns:
# 167-178
name=unknown_C
#
# <colnr> <probs for GDERKNQSTAVLIFYWHMCP>
#	G	D	E	R	K	N	Q	S	T	A	V	L	I	F	Y	W	H	M	C	P
0	0.02285	0.01985	0.02980	0.13537	0.36727	0.02108	0.02254	0.17804	0.02436	0.03344	0.01852	0.02502	0.01526	0.00922	0.00863	0.00265	0.00998	0.03780	0.00545	0.01284
1	0.01266	0.01016	0.01160	0.01212	0.01444	0.01003	0.00903	0.01895	0.13585	0.02521	0.05845	0.28920	0.26042	0.02162	0.01024	0.00318	0.00534	0.07510	0.00804	0.00836
2	0.02475	0.08507	0.03177	0.02883	0.14168	0.29526	0.12891	0.02836	0.02075	0.02326	0.01631	0.06054	0.01464	0.00964	0.00954	0.00252	0.05508	0.00793	0.00446	0.01069
3	0.01331	0.00816	0.01067	0.01067	0.01116	0.00849	0.00708	0.01319	0.01270	0.01789	0.02244	0.04011	0.02332	0.30854	0.17402	0.22973	0.01085	0.00984	0.06235	0.00547
4	0.02906	0.12106	0.02824	0.02551	0.11820	0.49112	0.01765	0.03175	0.02255	0.02176	0.01341	0.01598	0.01133	0.00841	0.00751	0.00220	0.01378	0.00568	0.00427	0.01054
5	0.02327	0.02890	0.11180	0.03874	0.33389	0.19084	0.09605	0.02843	0.02054	0.02579	0.01531	0.01940	0.01241	0.00791	0.00838	0.00250	0.01232	0.00716	0.00419	0.01217
6	0.02133	0.01994	0.02740	0.08219	0.34622	0.07043	0.02039	0.08516	0.07477	0.03098	0.11183	0.02795	0.02431	0.00981	0.00864	0.00258	0.00934	0.00877	0.00577	0.01219
7	0.01320	0.00963	0.01188	0.01223	0.01377	0.00972	0.00886	0.06504	0.01790	0.02367	0.04211	0.27249	0.11963	0.16289	0.11468	0.00581	0.00883	0.07332	0.00691	0.00744
8	0.05634	0.02436	0.07858	0.17129	0.08818	0.12766	0.14770	0.03038	0.13698	0.02711	0.01892	0.02234	0.01445	0.00871	0.00853	0.00270	0.01154	0.00791	0.00502	0.01129
9	0.01990	0.24016	0.42600	0.02120	0.03157	0.07419	0.02527	0.02706	0.01824	0.02442	0.01409	0.01648	0.01084	0.00790	0.00727	0.00240	0.01176	0.00571	0.00367	0.01187
10	0.07355	0.03119	0.34010	0.03177	0.23798	0.01915	0.02621	0.02797	0.01882	0.08994	0.01708	0.01979	0.01259	0.00815	0.00804	0.00263	0.01080	0.00682	0.00460	0.01283
11	0.10861	0.02402	0.11027	0.05707	0.32759	0.07484	0.02208	0.07488	0.02027	0.02971	0.01596	0.02014	0.01294	0.01176	0.05156	0.00328	0.01128	0.00699	0.00463	0.01211

[dist]
# distance from previous block
# <min> <max>
2	6

[block]
# block no. 3 follows, 21 sequences, length 36
# corresponding to MSA columns:
# 185-196,202-225
name=unknown_D
#
# <colnr> <probs for GDERKNQSTAVLIFYWHMCP>
#	G	D	E	R	K	N	Q	S	T	A	V	L	I	F	Y	W	H	M	C	P
0	0.02096	0.08003	0.32980	0.02653	0.03615	0.13808	0.19486	0.02821	0.01964	0.02549	0.01522	0.01864	0.01143	0.00790	0.00840	0.00260	0.01336	0.00710	0.00394	0.01167
1	0.02719	0.02797	0.02903	0.03037	0.19383	0.25696	0.07756	0.11152	0.07883	0.05759	0.01813	0.02039	0.01409	0.00882	0.00835	0.00248	0.01191	0.00729	0.00555	0.01214
2	0.02785	0.02243	0.02189	0.01811	0.02349	0.10061	0.01432	0.29747	0.20507	0.08022	0.02498	0.02642	0.01909	0.06544	0.01123	0.00306	0.00911	0.00839	0.00791	0.01288
3	0.02470	0.24844	0.03112	0.16860	0.06173	0.21061	0.01752	0.02908	0.04843	0.06257	0.01562	0.01836	0.01251	0.00841	0.00728	0.00229	0.01123	0.00614	0.00459	0.01076
4	0.02001	0.13976	0.02192	0.01446	0.01843	0.01940	0.01181	0.18911	0.02310	0.03026	0.06057	0.03863	0.13177	0.12834	0.05914	0.00424	0.06270	0.01014	0.00638	0.00985
5	0.01581	0.01147	0.01389	0.01365	0.01591	0.01167	0.01016	0.14971	0.02311	0.03117	0.13786	0.40194	0.05031	0.02125	0.01026	0.00316	0.00597	0.05559	0.00827	0.00886
6	0.03001	0.03345	0.02558	0.02441	0.08715	0.42038	0.01747	0.16177	0.02645	0.02874	0.01492	0.01724	0.01200	0.00937	0.00924	0.00240	0.05668	0.00630	0.00524	0.01120
7	0.01365	0.00933	0.01068	0.01030	0.01086	0.00961	0.00630	0.05178	0.01426	0.01916	0.02608	0.05164	0.02911	0.60562	0.09075	0.00831	0.00948	0.01181	0.00533	0.00595
8	0.01280	0.00923	0.01173	0.07618	0.01672	0.00885	0.00888	0.01526	0.01860	0.05435	0.16765	0.20269	0.22186	0.11915	0.01486	0.00373	0.00580	0.01656	0.00751	0.00757
9	0.03070	0.13069	0.02769	0.01988	0.02569	0.30898	0.01606	0.27543	0.02971	0.03431	0.01598	0.01721	0.01241	0.00915	0.00770	0.00229	0.01196	0.00625	0.00599	0.01193
10	0.01216	0.00912	0.01368	0.01368	0.01520	0.01064	0.01064	0.01520	0.01368	0.01976	0.02279	0.03343	0.02127	0.06382	0.66720	0.01368	0.02279	0.00912	0.00456	0.00760
11	0.01301	0.00820	0.00894	0.00894	0.00957	0.00811	0.00542	0.01404	0.01406	0.02035	0.03085	0.05198	0.06841	0.50157	0.03276	0.00649	0.00703	0.01173	0.17262	0.00591
12	0.02624	0.01977	0.02118	0.01720	0.02233	0.02193	0.01357	0.38187	0.16595	0.04288	0.02474	0.02936	0.02002	0.13639	0.01489	0.00367	0.00858	0.00895	0.00793	0.01255
13	0.01026	0.00781	0.00946	0.01077	0.01206	0.00700	0.00742	0.01197	0.01733	0.02215	0.06000	0.49092	0.25227	0.02496	0.01059	0.00326	0.00473	0.02212	0.00790	0.00700
14	0.14361	0.01477	0.01869	0.01456	0.02096	0.01347	0.01203	0.03907	0.02292	0.56395	0.03041	0.02676	0.01934	0.01015	0.00808	0.00263	0.00715	0.00798	0.00976	0.01371
15	0.01136	0.00813	0.00928	0.00976	0.01053	0.00768	0.00612	0.01221	0.01491	0.01924	0.04509	0.21775	0.17524	0.38337	0.02790	0.00587	0.00655	0.01652	0.00644	0.00604
16	0.01114	0.00757	0.00962	0.01115	0.01171	0.00718	0.00735	0.01264	0.01590	0.02192	0.04247	0.54918	0.04975	0.11609	0.01480	0.00397	0.00530	0.02113	0.07436	0.00677
17	0.03581	0.01828	0.02210	0.01694	0.02362	0.01814	0.01400	0.27605	0.03071	0.41018	0.02824	0.02550	0.01839	0.01040	0.00854	0.00260	0.00810	0.00819	0.00971	0.01448
18	0.01707	0.04402	0.65683	0.02426	0.03683	0.01976	0.03144	0.02695	0.01797	0.02695	0.01527	0.01797	0.01078	0.00809	0.00809	0.00270	0.01258	0.00629	0.00359	0.01258
19	0.03594	0.01402	0.01886	0.01462	0.02091	0.01208	0.01203	0.03914	0.02396	0.60351	0.03776	0.03318	0.07070	0.01141	0.00868	0.00265	0.00701	0.00931	0.01032	0.01390
20	0.01073	0.00884	0.00955	0.00991	0.01262	0.00766	0.00779	0.01320	0.01943	0.02344	0.07869	0.08447	0.53565	0.02191	0.01037	0.00306	0.00495	0.12253	0.00789	0.00730
21	0.03235	0.02384	0.02554	0.01958	0.02639	0.02639	0.01618	0.61946	0.04001	0.05363	0.02043	0.02043	0.01447	0.01022	0.00851	0.00255	0.00936	0.00766	0.00851	0.01447
22	0.01586	0.00793	0.00793	0.00793	0.00991	0.00793	0.00595	0.01983	0.01785	0.03173	0.02776	0.03173	0.02181	0.00991	0.00595	0.00198	0.00397	0.00793	0.74817	0.00793
23	0.01332	0.01083	0.01207	0.01138	0.01436	0.01066	0.00864	0.02112	0.15923	0.03010	0.28841	0.06357	0.28867	0.01771	0.00974	0.00280	0.00474	0.01510	0.00864	0.00892
24	0.01044	0.00827	0.00928	0.00977	0.01177	0.00723	0.00698	0.01249	0.01869	0.02346	0.12731	0.25424	0.39601	0.05026	0.01164	0.00324	0.00462	0.01926	0.00793	0.00711
25	0.01238	0.00825	0.00928	0.00928	0.00928	0.00825	0.00516	0.01238	0.01238	0.01650	0.02681	0.05569	0.03094	0.70092	0.04331	0.00825	0.00825	0.01238	0.00516	0.00516
26	0.01204	0.00870	0.01138	0.01071	0.01271	0.00803	0.00803	0.01606	0.02409	0.03413	0.64335	0.06357	0.08030	0.01740	0.01004	0.00268	0.00401	0.01539	0.00937	0.00803
27	0.01765	0.01513	0.01765	0.01260	0.02017	0.01134	0.01008	0.02143	0.01765	0.02773	0.01513	0.01765	0.01260	0.00630	0.00630	0.00126	0.00630	0.00504	0.00504	0.75295
28	0.01006	0.00862	0.00862	0.00862	0.01149	0.00718	0.00647	0.01221	0.01940	0.02299	0.08621	0.08190	0.64438	0.02155	0.01006	0.00287	0.00431	0.01796	0.00790	0.00718
29	0.02275	0.70604	0.04459	0.01456	0.02184	0.03367	0.01456	0.02548	0.01729	0.02002	0.01183	0.01365	0.01092	0.00728	0.00546	0.00182	0.00910	0.00455	0.00364	0.01092
30	0.01397	0.01085	0.01297	0.01206	0.01475	0.01093	0.00915	0.02238	0.16076	0.03374	0.47034	0.05759	0.10447	0.01635	0.00973	0.00274	0.00465	0.01426	0.00911	0.00920
31	0.01058	0.00864	0.00934	0.00917	0.01181	0.00740	0.00687	0.01322	0.02062	0.02589	0.23156	0.07712	0.49722	0.02047	0.01005	0.00282	0.00423	0.01729	0.00828	0.00740
32	0.02106	0.02022	0.03454	0.05223	0.64784	0.02022	0.02612	0.02612	0.01938	0.02780	0.01601	0.02106	0.01348	0.00758	0.00842	0.00253	0.01011	0.00758	0.00421	0.01348
33	0.01707	0.04402	0.65683	0.02426	0.03683	0.01976	0.03144	0.02695	0.01797	0.02695	0.01527	0.01797	0.01078	0.00809	0.00809	0.00270	0.01258	0.00629	0.00359	0.01258
34	0.01607	0.01513	0.02552	0.68047	0.05861	0.01891	0.02363	0.02174	0.01702	0.02174	0.01513	0.02269	0.01134	0.00851	0.00851	0.00284	0.01134	0.00756	0.00378	0.00945
35	0.01059	0.00756	0.01013	0.01210	0.01269	0.00710	0.00828	0.01223	0.01651	0.02197	0.04678	0.65568	0.05580	0.02645	0.01092	0.00349	0.00513	0.06170	0.00790	0.00697

[dist]
# distance from previous block
# <min> <max>
0	6

[block]
# block no. 4 follows, 21 sequences, length 115
# corresponding to MSA columns:
# 232-278,293-360
name=unknown_E
#
# <colnr> <probs for GDERKNQSTAVLIFYWHMCP>
#	G	D	E	R	K	N	Q	S	T	A	V	L	I	F	Y	W	H	M	C	P
0	0.18403	0.02186	0.06773	0.03401	0.19179	0.02057	0.30305	0.02646	0.01856	0.02980	0.01563	0.02021	0.01213	0.00748	0.00848	0.00272	0.01146	0.00803	0.00446	0.01154
1	0.01037	0.00741	0.00987	0.01185	0.01234	0.00691	0.00790	0.01185	0.01629	0.02172	0.04690	0.69537	0.05629	0.02666	0.01086	0.00346	0.00494	0.02419	0.00790	0.00691
2	0.02042	0.01957	0.03339	0.13269	0.57237	0.02005	0.02580	0.02556	0.01908	0.02703	0.01589	0.02127	0.01321	0.00770	0.00844	0.00257	0.01027	0.00758	0.00416	0.01296
3	0.01707	0.04402	0.65683	0.02426	0.03683	0.01976	0.03144	0.02695	0.01797	0.02695	0.01527	0.01797	0.01078	0.00809	0.00809	0.00270	0.01258	0.00629	0.00359	0.01258
4	0.01439	0.01241	0.01796	0.01668	0.01767	0.01598	0.01340	0.01702	0.01345	0.02001	0.01877	0.02831	0.01778	0.04689	0.44600	0.01023	0.25205	0.00854	0.00427	0.00819
5	0.02172	0.02148	0.02564	0.11471	0.26558	0.13331	0.01928	0.02954	0.12798	0.02753	0.01972	0.02297	0.01570	0.00877	0.00802	0.00246	0.00986	0.00749	0.07350	0.04473
6	0.02350	0.02317	0.02600	0.03106	0.25291	0.13507	0.01876	0.06178	0.27344	0.03093	0.02337	0.02442	0.01822	0.00954	0.00839	0.00262	0.00961	0.00805	0.00626	0.01288
7	0.02882	0.02208	0.02355	0.01887	0.02505	0.02474	0.01532	0.43817	0.22705	0.04794	0.02492	0.02401	0.01810	0.01064	0.00856	0.00266	0.00853	0.00828	0.00856	0.01416
8	0.01714	0.01275	0.01661	0.01513	0.01796	0.01453	0.01200	0.16441	0.02018	0.02812	0.02221	0.03022	0.01960	0.05059	0.50455	0.01093	0.01948	0.00876	0.00554	0.00930
9	0.01698	0.01621	0.02362	0.02255	0.07971	0.02033	0.04445	0.02065	0.04339	0.02232	0.02307	0.02904	0.08155	0.02308	0.13579	0.00521	0.36889	0.00910	0.00462	0.00946
10	0.01051	0.00746	0.00983	0.01167	0.01213	0.00700	0.00771	0.01189	0.01602	0.02136	0.04552	0.65138	0.05454	0.07303	0.01309	0.00379	0.00517	0.02338	0.00771	0.00679
11	0.01202	0.00885	0.01010	0.00977	0.01241	0.00769	0.00733	0.01480	0.02098	0.05585	0.26184	0.10635	0.40149	0.01997	0.01002	0.00283	0.00438	0.01703	0.00850	0.00778
12	0.02072	0.01987	0.03392	0.09544	0.60732	0.02013	0.02595	0.02582	0.01922	0.02739	0.01595	0.02117	0.01333	0.00765	0.00843	0.00255	0.01019	0.00758	0.00418	0.01320
13	0.02224	0.33350	0.24770	0.01949	0.02774	0.14078	0.02080	0.02727	0.01854	0.02253	0.01320	0.01563	0.01089	0.00815	0.00773	0.00227	0.04111	0.00543	0.00376	0.01122
14	0.01127	0.00802	0.01068	0.01171	0.01234	0.00814	0.00794	0.01280	0.01474	0.02003	0.03632	0.38458	0.04180	0.19113	0.18041	0.00708	0.01011	0.01775	0.00644	0.00668
15	0.01046	0.00864	0.00918	0.00905	0.01174	0.00736	0.00678	0.01300	0.02035	0.02526	0.19957	0.07817	0.52961	0.02071	0.01005	0.00283	0.00425	0.01744	0.00820	0.00736
16	0.01841	0.01840	0.02210	0.17561	0.05764	0.11873	0.01723	0.02176	0.01635	0.02146	0.01629	0.02351	0.01431	0.02434	0.18092	0.00568	0.19470	0.00762	0.03582	0.00913
17	0.02054	0.02033	0.03316	0.17209	0.47090	0.05038	0.05767	0.02570	0.01918	0.02627	0.01577	0.02121	0.01292	0.00780	0.00849	0.00259	0.01083	0.00762	0.00414	0.01242
18	0.01846	0.11351	0.43796	0.02603	0.03703	0.02177	0.17412	0.02686	0.01841	0.02625	0.01536	0.01871	0.01132	0.00777	0.00827	0.00264	0.01262	0.00702	0.00377	0.01212
19	0.76103	0.01646	0.01251	0.01119	0.01646	0.01909	0.00922	0.02502	0.01448	0.03818	0.01185	0.01382	0.00922	0.00790	0.00527	0.00263	0.00658	0.00461	0.00527	0.00922
20	0.01095	0.00795	0.00940	0.01030	0.01116	0.00741	0.00669	0.01210	0.01570	0.02030	0.04904	0.35111	0.17806	0.24541	0.02127	0.00489	0.00588	0.01896	0.00701	0.00640
21	0.02054	0.01510	0.01663	0.01360	0.01738	0.01537	0.01001	0.23410	0.02332	0.03192	0.02246	0.03628	0.02177	0.32945	0.02425	0.00497	0.00832	0.00939	0.00635	0.13880
22	0.01607	0.01513	0.02552	0.68047	0.05861	0.01891	0.02363	0.02174	0.01702	0.02174	0.01513	0.02269	0.01134	0.00851	0.00851	0.00284	0.01134	0.00756	0.00378	0.00945
23	0.01051	0.00746	0.00983	0.01167	0.01213	0.00700	0.00771	0.01189	0.01602	0.02136	0.04552	0.65138	0.05454	0.07303	0.01309	0.00379	0.00517	0.02338	0.00771	0.00679
24	0.01216	0.00912	0.01368	0.01368	0.01520	0.01064	0.01064	0.01520	0.01368	0.01976	0.02279	0.03343	0.02127	0.06382	0.66720	0.01368	0.02279	0.00912	0.00456	0.00760
25	0.01607	0.01513	0.02552	0.68047	0.05861	0.01891	0.02363	0.02174	0.01702	0.02174	0.01513	0.02269	0.01134	0.00851	0.00851	0.00284	0.01134	0.00756	0.00378	0.00945
26	0.76103	0.01646	0.01251	0.01119	0.01646	0.01909	0.00922	0.02502	0.01448	0.03818	0.01185	0.01382	0.00922	0.00790	0.00527	0.00263	0.00658	0.00461	0.00527	0.00922
27	0.01216	0.00912	0.01368	0.01368	0.01520	0.01064	0.01064	0.01520	0.01368	0.01976	0.02279	0.03343	0.02127	0.06382	0.66720	0.01368	0.02279	0.00912	0.00456	0.00760
28	0.01728	0.01345	0.01471	0.01314	0.01681	0.01411	0.01020	0.10886	0.19544	0.03458	0.21450	0.05057	0.18116	0.01518	0.00916	0.00272	0.00560	0.01276	0.05952	0.01026
29	0.03235	0.02384	0.02554	0.01958	0.02639	0.02639	0.01618	0.61946	0.04001	0.05363	0.02043	0.02043	0.01447	0.01022	0.00851	0.00255	0.00936	0.00766	0.00851	0.01447
30	0.02117	0.01828	0.01924	0.01732	0.02213	0.02117	0.01347	0.04522	0.63246	0.03560	0.03464	0.03175	0.02598	0.01155	0.00866	0.00289	0.00673	0.00962	0.00866	0.01347
31	0.01586	0.00793	0.00793	0.00793	0.00991	0.00793	0.00595	0.01983	0.01785	0.03173	0.02776	0.03173	0.02181	0.00991	0.00595	0.00198	0.00397	0.00793	0.74817	0.00793
32	0.01037	0.00741	0.00987	0.01185	0.01234	0.00691	0.00790	0.01185	0.01629	0.02172	0.04690	0.69537	0.05629	0.02666	0.01086	0.00346	0.00494	0.02419	0.00790	0.00691
33	0.02455	0.01865	0.02018	0.01740	0.02268	0.02097	0.01375	0.12531	0.48449	0.10412	0.03253	0.02987	0.02384	0.01125	0.00863	0.00281	0.00716	0.00923	0.00884	0.01372
34	0.01216	0.00912	0.01368	0.01368	0.01520	0.01064	0.01064	0.01520	0.01368	0.01976	0.02279	0.03343	0.02127	0.06382	0.66720	0.01368	0.02279	0.00912	0.00456	0.00760
35	0.76103	0.01646	0.01251	0.01119	0.01646	0.01909	0.00922	0.02502	0.01448	0.03818	0.01185	0.01382	0.00922	0.00790	0.00527	0.00263	0.00658	0.00461	0.00527	0.00922
36	0.01224	0.00883	0.01194	0.01358	0.01510	0.00853	0.01088	0.01525	0.01884	0.02479	0.09815	0.29577	0.08595	0.02396	0.01122	0.00360	0.00634	0.31954	0.00799	0.00750
37	0.01238	0.00825	0.00928	0.00928	0.00928	0.00825	0.00516	0.01238	0.01238	0.01650	0.02681	0.05569	0.03094	0.70092	0.04331	0.00825	0.00825	0.01238	0.00516	0.00516
38	0.41225	0.01247	0.01037	0.00967	0.01340	0.01387	0.00769	0.02259	0.01606	0.03516	0.01930	0.02220	0.01511	0.00884	0.00559	0.00233	0.00536	0.00616	0.35299	0.00862
39	0.76103	0.01646	0.01251	0.01119	0.01646	0.01909	0.00922	0.02502	0.01448	0.03818	0.01185	0.01382	0.00922	0.00790	0.00527	0.00263	0.00658	0.00461	0.00527	0.00922
40	0.03117	0.02291	0.02458	0.01897	0.02538	0.02532	0.01552	0.58346	0.03837	0.05143	0.02081	0.02252	0.01545	0.05118	0.01058	0.00289	0.00930	0.00794	0.00831	0.01392
41	0.01238	0.00825	0.00928	0.00928	0.00928	0.00825	0.00516	0.01238	0.01238	0.01650	0.02681	0.05569	0.03094	0.70092	0.04331	0.00825	0.00825	0.01238	0.00516	0.00516
42	0.01238	0.00825	0.00928	0.00928	0.00928	0.00825	0.00516	0.01238	0.01238	0.01650	0.02681	0.05569	0.03094	0.70092	0.04331	0.00825	0.00825	0.01238	0.00516	0.00516
43	0.01238	0.00825	0.00928	0.00928	0.00928	0.00825	0.00516	0.01238	0.01238	0.01650	0.02681	0.05569	0.03094	0.70092	0.04331	0.00825	0.00825	0.01238	0.00516	0.00516
44	0.01140	0.00784	0.00957	0.01052	0.01076	0.00760	0.00648	0.01212	0.01427	0.01903	0.03653	0.36512	0.04320	0.37477	0.02762	0.00593	0.00665	0.01809	0.00648	0.00601
45	0.02009	0.02296	0.05022	0.03587	0.04448	0.02152	0.61693	0.02726	0.02009	0.02726	0.01722	0.02296	0.01291	0.00717	0.01004	0.00287	0.01435	0.01004	0.00430	0.01148
46	0.03187	0.03807	0.02433	0.02157	0.02632	0.57138	0.01640	0.12118	0.02648	0.02571	0.01424	0.01610	0.01148	0.00898	0.00780	0.00225	0.01446	0.00581	0.00500	0.01055
47	0.01372	0.01100	0.01251	0.01239	0.01521	0.01102	0.00971	0.02127	0.15538	0.02774	0.15263	0.06941	0.25960	0.05544	0.01188	0.00335	0.00575	0.13512	0.00814	0.00874
48	0.76103	0.01646	0.01251	0.01119	0.01646	0.01909	0.00922	0.02502	0.01448	0.03818	0.01185	0.01382	0.00922	0.00790	0.00527	0.00263	0.00658	0.00461	0.00527	0.00922
49	0.02185	0.02365	0.02609	0.02583	0.10813	0.20802	0.08386	0.02621	0.04828	0.02396	0.02175	0.06205	0.02099	0.01316	0.01290	0.00301	0.14311	0.11187	0.00519	0.01010
50	0.02238	0.32764	0.09537	0.03034	0.26023	0.08269	0.02065	0.02660	0.01874	0.02367	0.01384	0.01700	0.01188	0.00760	0.00702	0.00220	0.01035	0.00594	0.00392	0.01195
51	0.01029	0.00771	0.00957	0.01105	0.01213	0.00698	0.00755	0.01194	0.01706	0.02204	0.05661	0.54388	0.20151	0.02540	0.01066	0.00331	0.00478	0.02265	0.00790	0.00698
52	0.01371	0.00980	0.01371	0.01567	0.01763	0.00980	0.01371	0.01763	0.01959	0.02547	0.04506	0.09599	0.04898	0.02351	0.01175	0.00392	0.00784	0.59056	0.00784	0.00784
53	0.02372	0.02521	0.03228	0.12019	0.29659	0.18030	0.10119	0.06846	0.02176	0.02701	0.01566	0.02007	0.01258	0.00812	0.00847	0.00253	0.01207	0.00739	0.00451	0.01188
54	0.02019	0.02139	0.06787	0.17287	0.29356	0.04899	0.07875	0.02908	0.12735	0.02750	0.01906	0.02303	0.01492	0.00852	0.00858	0.00268	0.01055	0.00800	0.00489	0.01223
55	0.01057	0.00754	0.01004	0.01181	0.01233	0.00718	0.00789	0.01205	0.01595	0.02134	0.04458	0.62686	0.05312	0.06467	0.04658	0.00424	0.00604	0.02278	0.00758	0.00685
56	0.02099	0.20087	0.29947	0.02766	0.16710	0.05553	0.02445	0.06189	0.01972	0.02671	0.01479	0.01760	0.01164	0.00794	0.00752	0.00241	0.01112	0.00619	0.00407	0.01235
57	0.01069	0.00877	0.00950	0.00968	0.01236	0.00758	0.00750	0.01323	0.01985	0.02432	0.13247	0.08194	0.51964	0.02141	0.01026	0.00298	0.00471	0.08775	0.00803	0.00734
58	0.01707	0.04402	0.65683	0.02426	0.03683	0.01976	0.03144	0.02695	0.01797	0.02695	0.01527	0.01797	0.01078	0.00809	0.00809	0.00270	0.01258	0.00629	0.00359	0.01258
59	0.02331	0.02036	0.07655	0.01631	0.02350	0.01750	0.01420	0.22873	0.05261	0.06432	0.02038	0.05703	0.01645	0.00934	0.00767	0.00208	0.00789	0.00746	0.00667	0.32765
60	0.03235	0.02384	0.02554	0.01958	0.02639	0.02639	0.01618	0.61946	0.04001	0.05363	0.02043	0.02043	0.01447	0.01022	0.00851	0.00255	0.00936	0.00766	0.00851	0.01447
61	0.02418	0.11836	0.02564	0.01972	0.02295	0.31905	0.01580	0.02650	0.01880	0.02046	0.01404	0.01884	0.01267	0.01894	0.11845	0.00437	0.18116	0.00643	0.00415	0.00950
62	0.01328	0.00936	0.01161	0.01161	0.01256	0.00981	0.00784	0.05471	0.01542	0.02095	0.02958	0.18151	0.03272	0.35513	0.18820	0.00820	0.01123	0.01372	0.00581	0.00677
63	0.03179	0.04056	0.02412	0.02192	0.02631	0.66676	0.01644	0.03398	0.02412	0.02083	0.01315	0.01535	0.01096	0.00877	0.00767	0.00219	0.01535	0.00548	0.00438	0.00987
64	0.02747	0.02934	0.02547	0.02711	0.16264	0.31341	0.01777	0.14054	0.08178	0.02991	0.02070	0.02234	0.04472	0.00966	0.00820	0.00243	0.01175	0.00734	0.00568	0.01172
65	0.01135	0.00782	0.00958	0.01059	0.01084	0.00757	0.00655	0.01211	0.01437	0.01916	0.03705	0.38163	0.04385	0.35736	0.02678	0.00581	0.00656	0.01840	0.00655	0.00605
66	0.02345	0.02132	0.03425	0.04324	0.44495	0.02173	0.08803	0.15744	0.02402	0.03346	0.01712	0.02113	0.01364	0.00812	0.00862	0.00257	0.01040	0.00787	0.00517	0.01348
67	0.01037	0.00741	0.00987	0.01185	0.01234	0.00691	0.00790	0.01185	0.01629	0.02172	0.04690	0.69537	0.05629	0.02666	0.01086	0.00346	0.00494	0.02419	0.00790	0.00691
68	0.03179	0.04056	0.02412	0.02192	0.02631	0.66676	0.01644	0.03398	0.02412	0.02083	0.01315	0.01535	0.01096	0.00877	0.00767	0.00219	0.01535	0.00548	0.00438	0.00987
69	0.01069	0.00760	0.01004	0.01188	0.01242	0.00716	0.00803	0.01220	0.01621	0.02157	0.04542	0.61842	0.05414	0.07286	0.01314	0.00381	0.00532	0.05453	0.00771	0.00684
70	0.02102	0.01076	0.01331	0.01164	0.01561	0.00929	0.00908	0.02379	0.02163	0.26386	0.13516	0.11084	0.28524	0.01726	0.00955	0.00281	0.00544	0.01458	0.00909	0.01004
71	0.01951	0.01145	0.01183	0.01051	0.01356	0.01201	0.00821	0.15242	0.02275	0.03657	0.02614	0.02923	0.02019	0.00998	0.00652	0.00211	0.00516	0.00787	0.58461	0.00938
72	0.03235	0.02384	0.02554	0.01958	0.02639	0.02639	0.01618	0.61946	0.04001	0.05363	0.02043	0.02043	0.01447	0.01022	0.00851	0.00255	0.00936	0.00766	0.00851	0.01447
73	0.01264	0.00863	0.01054	0.01119	0.01177	0.00861	0.00768	0.01381	0.01459	0.01927	0.03296	0.10113	0.03731	0.47662	0.03281	0.00679	0.00796	0.17365	0.00605	0.00600
74	0.01024	0.00792	0.00935	0.01049	0.01199	0.00703	0.00729	0.01200	0.01760	0.02226	0.06348	0.43659	0.30436	0.02451	0.01052	0.00321	0.00467	0.02156	0.00790	0.00703
75	0.03235	0.02384	0.02554	0.01958	0.02639	0.02639	0.01618	0.61946	0.04001	0.05363	0.02043	0.02043	0.01447	0.01022	0.00851	0.00255	0.00936	0.00766	0.00851	0.01447
76	0.76103	0.01646	0.01251	0.01119	0.01646	0.01909	0.00922	0.02502	0.01448	0.03818	0.01185	0.01382	0.00922	0.00790	0.00527	0.00263	0.00658	0.00461	0.00527	0.00922
77	0.01069	0.00829	0.00904	0.00943	0.01112	0.00739	0.00643	0.01218	0.01704	0.02113	0.06366	0.19847	0.37494	0.19034	0.01843	0.00432	0.00541	0.01783	0.00722	0.00663
78	0.01006	0.00862	0.00862	0.00862	0.01149	0.00718	0.00647	0.01221	0.01940	0.02299	0.08621	0.08190	0.64438	0.02155	0.01006	0.00287	0.00431	0.01796	0.00790	0.00718
79	0.02393	0.01965	0.02080	0.01788	0.02318	0.02246	0.01414	0.18702	0.48617	0.04005	0.03113	0.02896	0.02314	0.01122	0.00862	0.00280	0.00738	0.00914	0.00862	0.01372
80	0.03235	0.02384	0.02554	0.01958	0.02639	0.02639	0.01618	0.61946	0.04001	0.05363	0.02043	0.02043	0.01447	0.01022	0.00851	0.00255	0.00936	0.00766	0.00851	0.01447
81	0.01765	0.01513	0.01765	0.01260	0.02017	0.01134	0.01008	0.02143	0.01765	0.02773	0.01513	0.01765	0.01260	0.00630	0.00630	0.00126	0.00630	0.00504	0.00504	0.75295
82	0.01049	0.00746	0.00984	0.01170	0.01216	0.00699	0.00774	0.01188	0.01606	0.02141	0.04571	0.65743	0.05478	0.06665	0.01279	0.00374	0.00513	0.02349	0.00774	0.00681
83	0.01909	0.27934	0.43921	0.02081	0.03150	0.02471	0.02544	0.02643	0.01773	0.02449	0.01405	0.01643	0.01083	0.00780	0.00715	0.00238	0.01134	0.00567	0.00361	0.01199
84	0.01102	0.00866	0.00995	0.00963	0.01208	0.00759	0.00722	0.01407	0.02166	0.02837	0.35516	0.07305	0.37208	0.01955	0.01005	0.00278	0.00417	0.01672	0.00861	0.00759
85	0.01165	0.00868	0.01082	0.01029	0.01247	0.00786	0.00772	0.01529	0.02315	0.03189	0.53153	0.06725	0.19351	0.01823	0.01004	0.00272	0.00407	0.01591	0.00907	0.00786
86	0.01607	0.01513	0.02552	0.68047	0.05861	0.01891	0.02363	0.02174	0.01702	0.02174	0.01513	0.02269	0.01134	0.00851	0.00851	0.00284	0.01134	0.00756	0.00378	0.00945
87	0.01006	0.00862	0.00862	0.00862	0.01149	0.00718	0.00647	0.01221	0.01940	0.02299	0.08621	0.08190	0.64438	0.02155	0.01006	0.00287	0.00431	0.01796	0.00790	0.00718
88	0.01607	0.01513	0.02552	0.68047	0.05861	0.01891	0.02363	0.02174	0.01702	0.02174	0.01513	0.02269	0.01134	0.00851	0.00851	0.00284	0.01134	0.00756	0.00378	0.00945
89	0.01186	0.00834	0.01080	0.01124	0.01182	0.00871	0.00749	0.01315	0.01365	0.01868	0.02999	0.19012	0.03350	0.35089	0.23291	0.00890	0.01210	0.01396	0.00557	0.00631
90	0.02009	0.02296	0.05022	0.03587	0.04448	0.02152	0.61693	0.02726	0.02009	0.02726	0.01722	0.02296	0.01291	0.00717	0.01004	0.00287	0.01435	0.01004	0.00430	0.01148
91	0.01033	0.00754	0.00974	0.01150	0.01225	0.00694	0.00774	0.01189	0.01663	0.02186	0.05117	0.62880	0.12010	0.02611	0.01077	0.00339	0.00487	0.02352	0.00790	0.00694
92	0.02009	0.02296	0.05022	0.03587	0.04448	0.02152	0.61693	0.02726	0.02009	0.02726	0.01722	0.02296	0.01291	0.00717	0.01004	0.00287	0.01435	0.01004	0.00430	0.01148
93	0.01707	0.04402	0.65683	0.02426	0.03683	0.01976	0.03144	0.02695	0.01797	0.02695	0.01527	0.01797	0.01078	0.00809	0.00809	0.00270	0.01258	0.00629	0.00359	0.01258
94	0.02026	0.01940	0.03309	0.15327	0.55307	0.02001	0.02572	0.02541	0.01900	0.02683	0.01587	0.02132	0.01314	0.00773	0.00844	0.00258	0.01031	0.00758	0.00414	0.01283
95	0.02756	0.35204	0.03370	0.01848	0.02422	0.37044	0.01556	0.03000	0.02092	0.02045	0.01253	0.01455	0.01094	0.00807	0.00664	0.00202	0.01242	0.00505	0.00404	0.01036
96	0.01979	0.01892	0.03224	0.21279	0.49725	0.01988	0.02548	0.02500	0.01877	0.02625	0.01578	0.02148	0.01293	0.00782	0.00845	0.00261	0.01043	0.00758	0.00410	0.01245
97	0.02117	0.01828	0.01924	0.01732	0.02213	0.02117	0.01347	0.04522	0.63246	0.03560	0.03464	0.03175	0.02598	0.01155	0.00866	0.00289	0.00673	0.00962	0.00866	0.01347
98	0.01840	0.01394	0.01577	0.01298	0.01707	0.01321	0.00956	0.15185	0.02076	0.02914	0.02369	0.10457	0.02391	0.24224	0.01970	0.00413	0.00750	0.01017	0.00617	0.25524
99	0.01238	0.00825	0.00928	0.00928	0.00928	0.00825	0.00516	0.01238	0.01238	0.01650	0.02681	0.05569	0.03094	0.70092	0.04331	0.00825	0.00825	0.01238	0.00516	0.00516
100	0.01221	0.00889	0.01252	0.01252	0.01364	0.01001	0.00920	0.01446	0.01334	0.01890	0.02385	0.03928	0.02381	0.23113	0.50337	0.01225	0.01898	0.00997	0.00472	0.00696
101	0.01216	0.00912	0.01368	0.01368	0.01520	0.01064	0.01064	0.01520	0.01368	0.01976	0.02279	0.03343	0.02127	0.06382	0.66720	0.01368	0.02279	0.00912	0.00456	0.00760
102	0.02494	0.02487	0.02826	0.03490	0.31625	0.17664	0.02037	0.12819	0.05642	0.03033	0.01753	0.02100	0.01424	0.01239	0.05357	0.00324	0.01194	0.00730	0.00524	0.01237
103	0.03188	0.03774	0.02436	0.02153	0.02632	0.55893	0.01640	0.13256	0.02679	0.02635	0.01438	0.01620	0.01155	0.00901	0.00781	0.00225	0.01434	0.00585	0.00508	0.01064
104	0.02833	0.02075	0.02250	0.01774	0.02326	0.02287	0.01425	0.49776	0.03453	0.04635	0.02150	0.02636	0.01728	0.11586	0.04780	0.00398	0.00989	0.00844	0.00781	0.01273
105	0.01228	0.00859	0.01049	0.01069	0.01168	0.00831	0.00738	0.01412	0.01711	0.02311	0.19874	0.09120	0.07965	0.35415	0.02665	0.00564	0.00671	0.10007	0.00694	0.00650
106	0.02275	0.70604	0.04459	0.01456	0.02184	0.03367	0.01456	0.02548	0.01729	0.02002	0.01183	0.01365	0.01092	0.00728	0.00546	0.00182	0.00910	0.00455	0.00364	0.01092
107	0.76103	0.01646	0.01251	0.01119	0.01646	0.01909	0.00922	0.02502	0.01448	0.03818	0.01185	0.01382	0.00922	0.00790	0.00527	0.00263	0.00658	0.00461	0.00527	0.00922
108	0.01023	0.00839	0.00901	0.00936	0.01172	0.00718	0.00683	0.01235	0.01906	0.02336	0.10931	0.19864	0.50048	0.02230	0.01021	0.00297	0.00441	0.01902	0.00798	0.00718
109	0.02340	0.02203	0.03239	0.04639	0.53734	0.08985	0.02413	0.02803	0.02023	0.07009	0.01691	0.02099	0.01373	0.00791	0.00835	0.00250	0.01048	0.00742	0.00467	0.01316
110	0.02301	0.02150	0.03219	0.04501	0.51022	0.04973	0.02380	0.10442	0.05104	0.03121	0.01733	0.02123	0.01408	0.00816	0.00841	0.00253	0.01009	0.00760	0.00499	0.01345
111	0.01037	0.00741	0.00987	0.01185	0.01234	0.00691	0.00790	0.01185	0.01629	0.02172	0.04690	0.69537	0.05629	0.02666	0.01086	0.00346	0.00494	0.02419	0.00790	0.00691
