[name]
unknown

[dist]
# distance from previous block
# <min> <max>
0	1

[block]
# block no. 0 follows, 22 sequences, length 19
# corresponding to MSA columns:
# 1-19
name=unknown_A
#
# <colnr> <probs for GDERKNQSTAVLIFYWHMCP>
#	G	D	E	R	K	N	Q	S	T	A	V	L	I	F	Y	W	H	M	C	P
0	0.01437	0.01158	0.01899	0.01840	0.02133	0.01136	0.10977	0.01869	0.01920	0.02514	0.03971	0.08249	0.04227	0.02044	0.01121	0.00366	0.00865	0.50741	0.00711	0.00821
1	0.08229	0.02095	0.02496	0.24082	0.19555	0.14016	0.01962	0.02814	0.07036	0.07342	0.01730	0.02091	0.01327	0.00847	0.00789	0.00255	0.01044	0.00702	0.00492	0.01098
2	0.01585	0.01169	0.01687	0.02105	0.16392	0.01108	0.01323	0.01925	0.01965	0.08260	0.12525	0.13526	0.16851	0.01737	0.00977	0.00297	0.00657	0.14252	0.00728	0.00930
3	0.10903	0.02001	0.02297	0.07883	0.17616	0.10814	0.01669	0.11827	0.04318	0.02860	0.01551	0.01995	0.01280	0.01213	0.01305	0.12147	0.06124	0.00683	0.00492	0.01022
4	0.01034	0.00817	0.00883	0.00911	0.01103	0.00719	0.00637	0.01205	0.01746	0.02161	0.09200	0.17271	0.42643	0.14096	0.01558	0.00380	0.00496	0.01744	0.00731	0.00666
5	0.01094	0.00821	0.01013	0.01019	0.01204	0.00741	0.00744	0.01389	0.02078	0.02808	0.38426	0.20195	0.21447	0.01989	0.00997	0.00282	0.00418	0.01746	0.00849	0.00741
6	0.05617	0.01020	0.01235	0.01141	0.01452	0.00923	0.00849	0.02126	0.01863	0.21910	0.04818	0.22350	0.19903	0.09362	0.01290	0.00345	0.00578	0.01508	0.00808	0.00902
7	0.01325	0.00952	0.01064	0.01053	0.01131	0.00992	0.00656	0.01708	0.11141	0.01951	0.02919	0.11050	0.03172	0.53550	0.03404	0.00680	0.00752	0.01272	0.00582	0.00647
8	0.02466	0.01933	0.02117	0.01630	0.02291	0.01963	0.01322	0.31651	0.12513	0.04042	0.02023	0.02068	0.01522	0.00879	0.00755	0.00208	0.00765	0.00685	0.00710	0.28457
9	0.01106	0.00763	0.00936	0.01036	0.01061	0.00737	0.00643	0.01181	0.01407	0.01876	0.03637	0.39144	0.04307	0.35342	0.02581	0.00562	0.00637	0.01808	0.00643	0.00592
10	0.01085	0.00796	0.00995	0.01045	0.01181	0.00731	0.00732	0.01321	0.01894	0.02555	0.27845	0.31127	0.15584	0.07675	0.01273	0.00337	0.00464	0.01850	0.00804	0.00706
11	0.01430	0.00894	0.01162	0.01201	0.01412	0.00821	0.00919	0.01698	0.01934	0.10154	0.15920	0.28663	0.14694	0.02110	0.01024	0.00314	0.00540	0.13476	0.00827	0.00806
12	0.01198	0.00800	0.00878	0.00896	0.00987	0.00768	0.00566	0.01315	0.01465	0.02019	0.03975	0.11583	0.15578	0.39745	0.02711	0.00561	0.00633	0.01356	0.12367	0.00602
13	0.01586	0.00885	0.01184	0.01200	0.01395	0.00804	0.00864	0.01812	0.01889	0.15177	0.15553	0.44884	0.05241	0.02120	0.01000	0.00307	0.00510	0.01897	0.00849	0.00843
14	0.01045	0.00797	0.00961	0.01019	0.01186	0.00713	0.00727	0.01279	0.01897	0.02486	0.22073	0.31893	0.26538	0.02191	0.01012	0.00298	0.00437	0.01924	0.00810	0.00713
15	0.05511	0.02134	0.03102	0.28407	0.16896	0.12172	0.15009	0.02525	0.01868	0.02418	0.01492	0.02036	0.01167	0.00786	0.00833	0.00261	0.01185	0.00745	0.00405	0.01050
16	0.32526	0.02158	0.01717	0.01479	0.01958	0.15756	0.01173	0.17167	0.02238	0.03580	0.01560	0.01765	0.01210	0.00946	0.00753	0.03158	0.00866	0.00585	0.08400	0.01004
17	0.14051	0.02258	0.02482	0.02755	0.20000	0.14261	0.01779	0.10422	0.02016	0.02899	0.01430	0.01829	0.01199	0.01153	0.03632	0.00307	0.15299	0.00660	0.00477	0.01092
18	0.01469	0.01107	0.01228	0.01152	0.01412	0.01090	0.00847	0.13560	0.02165	0.02804	0.09411	0.20824	0.26094	0.11309	0.01411	0.00358	0.00584	0.01602	0.00757	0.00816

[dist]
# distance from previous block
# <min> <max>
0	1

[block]
# block no. 1 follows, 22 sequences, length 38
# corresponding to MSA columns:
# 21-58
name=unknown_B
#
# <colnr> <probs for GDERKNQSTAVLIFYWHMCP>
#	G	D	E	R	K	N	Q	S	T	A	V	L	I	F	Y	W	H	M	C	P
0	0.02285	0.11873	0.02629	0.06959	0.16295	0.20585	0.01677	0.07418	0.07110	0.02572	0.02526	0.02689	0.09935	0.01010	0.00787	0.00238	0.01018	0.00795	0.00522	0.01080
1	0.06128	0.01603	0.01903	0.01493	0.02067	0.01582	0.01220	0.21407	0.02730	0.31957	0.08796	0.02818	0.02354	0.01053	0.00809	0.00245	0.00711	0.00840	0.05933	0.04351
2	0.14347	0.16682	0.01971	0.01269	0.01585	0.06201	0.01031	0.02077	0.01578	0.02473	0.01976	0.08123	0.01907	0.10642	0.01350	0.00317	0.08363	0.00819	0.16449	0.00841
3	0.02281	0.25051	0.05819	0.02715	0.20927	0.18794	0.01833	0.02632	0.01887	0.02223	0.01415	0.01774	0.01229	0.01244	0.06571	0.00312	0.01202	0.00600	0.00398	0.01092
4	0.02185	0.02598	0.18736	0.02989	0.22826	0.07218	0.04053	0.05710	0.09005	0.08644	0.06197	0.02404	0.01876	0.00907	0.00828	0.00255	0.00997	0.00782	0.00556	0.01236
5	0.02671	0.11489	0.02929	0.03035	0.24415	0.32221	0.01885	0.02996	0.02112	0.06590	0.01499	0.01761	0.01222	0.00809	0.00753	0.00224	0.01191	0.00615	0.00454	0.01129
6	0.02660	0.06312	0.17191	0.01955	0.02691	0.11262	0.01851	0.24508	0.11209	0.09145	0.02041	0.02062	0.01475	0.00936	0.00797	0.00249	0.01013	0.00706	0.00660	0.01277
7	0.01335	0.01042	0.01481	0.01886	0.14838	0.01018	0.01054	0.01543	0.01645	0.02268	0.13629	0.20970	0.04100	0.27030	0.02156	0.00476	0.00693	0.01446	0.00621	0.00767
8	0.02378	0.02726	0.18027	0.01859	0.02521	0.13241	0.01757	0.18276	0.06669	0.08259	0.02708	0.08494	0.07108	0.01166	0.00841	0.00260	0.00980	0.00924	0.00648	0.01157
9	0.02153	0.01997	0.03140	0.09180	0.31664	0.04939	0.12243	0.03008	0.13538	0.06717	0.02008	0.02318	0.01551	0.00836	0.00851	0.00261	0.01011	0.00814	0.00529	0.01240
10	0.17646	0.01453	0.01901	0.02071	0.13675	0.01465	0.05056	0.07289	0.01871	0.02940	0.02926	0.21889	0.07534	0.01399	0.00831	0.00270	0.00712	0.01218	0.00609	0.07246
11	0.01203	0.00818	0.00911	0.00897	0.01042	0.00770	0.00608	0.01406	0.01714	0.02391	0.17417	0.05835	0.19380	0.26985	0.02102	0.00454	0.00550	0.01332	0.13528	0.00659
12	0.05408	0.40176	0.14404	0.01749	0.02470	0.18957	0.01729	0.02717	0.01854	0.02163	0.01245	0.01447	0.01058	0.00763	0.00630	0.00205	0.01088	0.00496	0.00379	0.01061
13	0.02115	0.02121	0.09435	0.01703	0.02150	0.16521	0.01500	0.02497	0.01913	0.11641	0.02508	0.03851	0.02261	0.02507	0.17450	0.00537	0.01338	0.13362	0.00586	0.04004
14	0.20860	0.15410	0.04862	0.01654	0.04888	0.21949	0.01322	0.02643	0.01844	0.02678	0.01494	0.01741	0.01219	0.00819	0.00626	0.00218	0.00945	0.00550	0.13315	0.00961
15	0.01040	0.00779	0.00965	0.01055	0.01192	0.00705	0.00739	0.01253	0.01828	0.02410	0.18456	0.41117	0.20864	0.02286	0.01024	0.00307	0.00448	0.02027	0.00802	0.00705
16	0.01056	0.00782	0.00986	0.01067	0.01201	0.00712	0.00750	0.01286	0.01872	0.02505	0.23374	0.39977	0.16897	0.02243	0.01022	0.00304	0.00444	0.01996	0.00814	0.00712
17	0.03019	0.03544	0.02464	0.02367	0.08113	0.52147	0.01684	0.12025	0.02542	0.02565	0.01413	0.01620	0.01142	0.00867	0.00768	0.00222	0.01367	0.00584	0.00486	0.01060
18	0.03103	0.03959	0.02354	0.02140	0.02568	0.67469	0.01605	0.03317	0.02354	0.02033	0.01284	0.01498	0.01070	0.00856	0.00749	0.00214	0.01498	0.00535	0.00428	0.00963
19	0.01187	0.00890	0.01335	0.01335	0.01483	0.01038	0.01038	0.01483	0.01335	0.01928	0.02225	0.03264	0.02077	0.06231	0.67512	0.01335	0.02225	0.00890	0.00445	0.00742
20	0.01830	0.13200	0.54231	0.02228	0.03337	0.06189	0.02759	0.02655	0.01783	0.02504	0.01433	0.01682	0.01055	0.00783	0.00753	0.00249	0.01199	0.00586	0.00356	0.01190
21	0.02133	0.02957	0.18915	0.08993	0.26338	0.15929	0.07737	0.02707	0.01943	0.02494	0.01489	0.01892	0.01176	0.00781	0.00813	0.00249	0.01202	0.00686	0.00397	0.01169
22	0.01012	0.00723	0.00964	0.01157	0.01205	0.00675	0.00771	0.01157	0.01591	0.02121	0.04579	0.70262	0.05495	0.02603	0.01060	0.00337	0.00482	0.02362	0.00771	0.00675
23	0.01134	0.00777	0.00938	0.01006	0.01034	0.00756	0.00617	0.01207	0.01406	0.01885	0.06413	0.29555	0.04176	0.42081	0.02892	0.00605	0.00665	0.01651	0.00623	0.00581
24	0.02056	0.01974	0.03372	0.05099	0.65622	0.01974	0.02550	0.02550	0.01892	0.02714	0.01563	0.02056	0.01316	0.00740	0.00822	0.00247	0.00987	0.00740	0.00411	0.01316
25	0.01097	0.00833	0.00996	0.00979	0.01181	0.00747	0.00717	0.01386	0.02071	0.02769	0.37405	0.12407	0.26934	0.05382	0.01151	0.00302	0.00430	0.01649	0.00833	0.00732
26	0.01691	0.00985	0.01148	0.01027	0.01386	0.00842	0.00798	0.01953	0.02076	0.18296	0.14798	0.06468	0.41809	0.01782	0.00945	0.00272	0.00488	0.01491	0.00855	0.00890
27	0.01924	0.01839	0.03134	0.22323	0.49428	0.01939	0.02484	0.02434	0.01829	0.02554	0.01539	0.02099	0.01260	0.00765	0.00825	0.00255	0.01019	0.00740	0.00400	0.01210
28	0.01549	0.00774	0.00774	0.00774	0.00968	0.00774	0.00581	0.01936	0.01742	0.03097	0.02710	0.03097	0.02129	0.00968	0.00581	0.00194	0.00387	0.00774	0.75416	0.00774
29	0.01847	0.03033	0.28620	0.03065	0.04054	0.02035	0.39681	0.02649	0.01881	0.02649	0.01608	0.02053	0.01180	0.00735	0.00907	0.00274	0.01334	0.00839	0.00393	0.01162
30	0.01187	0.00890	0.01335	0.01335	0.01483	0.01038	0.01038	0.01483	0.01335	0.01928	0.02225	0.03264	0.02077	0.06231	0.67512	0.01335	0.02225	0.00890	0.00445	0.00742
31	0.01549	0.00774	0.00774	0.00774	0.00968	0.00774	0.00581	0.01936	0.01742	0.03097	0.02710	0.03097	0.02129	0.00968	0.00581	0.00194	0.00387	0.00774	0.75416	0.00774
32	0.01683	0.01567	0.01704	0.01789	0.06014	0.10449	0.01245	0.06862	0.01859	0.02390	0.03135	0.39276	0.03541	0.01914	0.01254	0.00311	0.11913	0.01598	0.00638	0.00858
33	0.02049	0.02562	0.21657	0.02170	0.05349	0.01967	0.07029	0.03630	0.33433	0.07354	0.02588	0.02562	0.01900	0.00967	0.00838	0.00273	0.00908	0.00830	0.00655	0.01279
34	0.02650	0.02564	0.03031	0.02401	0.02940	0.23273	0.19768	0.03159	0.05948	0.14270	0.01880	0.02108	0.01405	0.00934	0.01091	0.00265	0.09875	0.00774	0.00555	0.01109
35	0.01974	0.07541	0.02511	0.02822	0.25256	0.01921	0.01691	0.08101	0.19152	0.02977	0.02808	0.12108	0.05190	0.01191	0.00846	0.00265	0.00785	0.01045	0.00630	0.01185
36	0.01978	0.02341	0.10941	0.03499	0.34464	0.11603	0.02153	0.02448	0.01825	0.02434	0.01653	0.02191	0.01407	0.01935	0.15028	0.00476	0.01359	0.00725	0.00413	0.01129
37	0.17928	0.01479	0.05850	0.01512	0.06774	0.01266	0.01129	0.01974	0.01748	0.02913	0.15360	0.08702	0.03077	0.07239	0.01054	0.00279	0.00650	0.00946	0.00595	0.19525

[dist]
# distance from previous block
# <min> <max>
0	5

[block]
# block no. 2 follows, 22 sequences, length 21
# corresponding to MSA columns:
# 64-84
name=unknown_C
#
# <colnr> <probs for GDERKNQSTAVLIFYWHMCP>
#	G	D	E	R	K	N	Q	S	T	A	V	L	I	F	Y	W	H	M	C	P
0	0.02139	0.01362	0.04733	0.01530	0.01999	0.01153	0.07272	0.02492	0.01954	0.23969	0.09054	0.08888	0.09274	0.05377	0.10563	0.00442	0.00941	0.01121	0.00743	0.04992
1	0.02130	0.02667	0.16438	0.02784	0.06481	0.05403	0.26576	0.11807	0.04944	0.03020	0.01700	0.02050	0.01281	0.00826	0.00964	0.00264	0.04613	0.00799	0.00488	0.04766
2	0.02173	0.24625	0.20119	0.09193	0.10065	0.12564	0.02112	0.05684	0.01941	0.02414	0.01385	0.01676	0.01113	0.00784	0.00713	0.00228	0.01108	0.00582	0.00397	0.01124
3	0.01770	0.03615	0.50911	0.02105	0.03211	0.01737	0.02578	0.02589	0.01776	0.05512	0.01569	0.01796	0.01132	0.00766	0.00757	0.00235	0.01084	0.00600	0.00409	0.15846
4	0.02259	0.02562	0.06179	0.04073	0.39465	0.16670	0.11447	0.02742	0.02000	0.02550	0.01515	0.01946	0.01241	0.00762	0.00828	0.00245	0.01175	0.00725	0.00414	0.01203
5	0.01549	0.00774	0.00774	0.00774	0.00968	0.00774	0.00581	0.01936	0.01742	0.03097	0.02710	0.03097	0.02129	0.00968	0.00581	0.00194	0.00387	0.00774	0.75416	0.00774
6	0.02745	0.15564	0.02772	0.02441	0.19364	0.01875	0.01607	0.06118	0.02183	0.28119	0.07089	0.02536	0.02069	0.00936	0.00782	0.00238	0.00806	0.00778	0.00707	0.01269
7	0.09878	0.05927	0.08479	0.02284	0.09277	0.10842	0.10632	0.02945	0.06432	0.14064	0.02423	0.02532	0.06335	0.00965	0.00868	0.00257	0.03342	0.00800	0.00585	0.01131
8	0.01065	0.00914	0.00921	0.00907	0.01202	0.00806	0.00684	0.01440	0.06687	0.02339	0.08028	0.07618	0.60452	0.02029	0.00971	0.00281	0.00439	0.01691	0.00777	0.00749
9	0.01575	0.01331	0.02086	0.09604	0.22626	0.01362	0.01792	0.02002	0.01879	0.02509	0.03389	0.06211	0.06355	0.01634	0.01002	0.00323	0.00854	0.31900	0.00611	0.00955
10	0.02103	0.13586	0.29564	0.02897	0.19315	0.13690	0.02432	0.02709	0.01886	0.02447	0.01423	0.01725	0.01126	0.00777	0.00753	0.00238	0.01162	0.00608	0.00381	0.01180
11	0.01696	0.07952	0.63110	0.02316	0.03516	0.02003	0.02979	0.02623	0.01750	0.02594	0.01473	0.01731	0.01053	0.00785	0.00775	0.00258	0.01209	0.00605	0.00351	0.01219
12	0.01549	0.00774	0.00774	0.00774	0.00968	0.00774	0.00581	0.01936	0.01742	0.03097	0.02710	0.03097	0.02129	0.00968	0.00581	0.00194	0.00387	0.00774	0.75416	0.00774
13	0.01823	0.02025	0.09748	0.14841	0.42433	0.01816	0.02367	0.02348	0.01839	0.02559	0.02250	0.02664	0.07873	0.00901	0.00837	0.00257	0.00974	0.00831	0.00435	0.01178
14	0.13083	0.02962	0.20025	0.02350	0.06232	0.15830	0.07873	0.02607	0.01752	0.02536	0.01333	0.01718	0.01076	0.00935	0.01186	0.00275	0.16136	0.00640	0.00404	0.01048
15	0.01157	0.00858	0.01099	0.01253	0.01360	0.00849	0.00889	0.01555	0.08097	0.02301	0.04435	0.56689	0.05111	0.02416	0.01048	0.00337	0.00531	0.08486	0.00778	0.00751
16	0.01032	0.00731	0.00958	0.01132	0.01175	0.00688	0.00744	0.01162	0.01552	0.02069	0.04381	0.63739	0.05246	0.09466	0.01379	0.00384	0.00515	0.02246	0.00744	0.00658
17	0.02266	0.02191	0.03024	0.04131	0.46427	0.08817	0.02229	0.08349	0.08892	0.02957	0.01771	0.02106	0.01432	0.00818	0.00818	0.00247	0.00997	0.00741	0.00499	0.01288
18	0.06137	0.26363	0.06574	0.02223	0.09204	0.29774	0.03901	0.02852	0.01988	0.02216	0.01289	0.01535	0.01093	0.00781	0.00683	0.00212	0.01178	0.00542	0.00401	0.01052
19	0.26205	0.02004	0.02484	0.10101	0.32407	0.08516	0.01897	0.02548	0.01760	0.02911	0.01395	0.01788	0.01135	0.00771	0.00716	0.00250	0.00940	0.00626	0.00442	0.01105
20	0.01856	0.15276	0.45350	0.02487	0.08499	0.04396	0.05852	0.02625	0.01786	0.02505	0.01443	0.01725	0.01088	0.00770	0.00758	0.00247	0.01169	0.00612	0.00363	0.01193

[dist]
# distance from previous block
# <min> <max>
0	3

[block]
# block no. 3 follows, 22 sequences, length 18
# corresponding to MSA columns:
# 88-105
name=unknown_D
#
# <colnr> <probs for GDERKNQSTAVLIFYWHMCP>
#	G	D	E	R	K	N	Q	S	T	A	V	L	I	F	Y	W	H	M	C	P
0	0.01839	0.01224	0.01491	0.01404	0.01700	0.01243	0.01088	0.14206	0.05710	0.09343	0.13101	0.28010	0.04432	0.01863	0.00980	0.00303	0.00626	0.09641	0.00834	0.00960
1	0.01055	0.00756	0.01003	0.01127	0.01214	0.00704	0.00775	0.01265	0.01792	0.02440	0.20587	0.53342	0.06114	0.02364	0.01039	0.00317	0.00458	0.02135	0.00809	0.00704
2	0.01969	0.01845	0.02910	0.16028	0.41897	0.01969	0.02256	0.02848	0.14404	0.02760	0.01914	0.02296	0.01524	0.00835	0.00829	0.00259	0.00942	0.00780	0.00491	0.01244
3	0.02658	0.19997	0.02548	0.01614	0.02116	0.19623	0.01340	0.02931	0.01983	0.19342	0.01980	0.02171	0.01539	0.01949	0.14186	0.00442	0.01274	0.00664	0.00575	0.01067
4	0.01000	0.00769	0.00916	0.01034	0.01173	0.00685	0.00716	0.01171	0.01709	0.02169	0.06079	0.45915	0.28873	0.02408	0.01030	0.00315	0.00458	0.02124	0.00771	0.00685
5	0.01513	0.01204	0.01519	0.01678	0.05297	0.01264	0.01284	0.02396	0.18700	0.02710	0.04322	0.13124	0.09149	0.01907	0.01025	0.00335	0.00692	0.30184	0.00768	0.00930
6	0.10652	0.23768	0.02694	0.01614	0.02104	0.16639	0.01364	0.10592	0.02118	0.02747	0.07639	0.02089	0.01824	0.01277	0.04982	0.00296	0.05418	0.00655	0.00514	0.01014
7	0.21987	0.33314	0.09933	0.01569	0.02232	0.14466	0.01497	0.02642	0.01744	0.02511	0.01216	0.01413	0.01021	0.00762	0.00595	0.00215	0.00972	0.00481	0.00410	0.01021
8	0.01518	0.05068	0.01393	0.01165	0.01417	0.04855	0.00844	0.08056	0.01878	0.02393	0.06069	0.17084	0.17142	0.21489	0.01852	0.00420	0.00691	0.01388	0.00649	0.04629
9	0.16190	0.01793	0.02741	0.03947	0.46466	0.01842	0.02103	0.02439	0.01803	0.02882	0.01794	0.02719	0.01614	0.00915	0.00799	0.00263	0.00897	0.07145	0.00469	0.01177
10	0.02039	0.01590	0.01830	0.01521	0.01970	0.01671	0.01222	0.21039	0.10936	0.03721	0.20497	0.03722	0.03567	0.01258	0.00969	0.00252	0.04600	0.04253	0.00775	0.12569
11	0.16464	0.12765	0.14112	0.01902	0.05975	0.13247	0.01688	0.06299	0.02036	0.15606	0.01736	0.01820	0.01266	0.00843	0.00707	0.00238	0.00979	0.00604	0.00562	0.01150
12	0.02341	0.07380	0.14607	0.03394	0.29512	0.23694	0.02262	0.02814	0.02007	0.02426	0.01432	0.01771	0.01171	0.00786	0.00774	0.00235	0.01194	0.00631	0.00402	0.01168
13	0.02623	0.06300	0.02244	0.01760	0.02248	0.20654	0.01388	0.26256	0.04891	0.03320	0.01850	0.02287	0.01541	0.08214	0.06732	0.00376	0.01154	0.00722	0.00609	0.04832
14	0.01757	0.07949	0.15107	0.01834	0.02486	0.01720	0.08857	0.05004	0.13234	0.02806	0.05934	0.13325	0.02490	0.01158	0.00830	0.00251	0.00840	0.01021	0.00591	0.12806
15	0.09188	0.11909	0.08686	0.01823	0.06349	0.01861	0.01518	0.02331	0.04387	0.07784	0.01838	0.02326	0.01549	0.02669	0.22743	0.00612	0.10227	0.00720	0.00484	0.00998
16	0.01847	0.01954	0.01504	0.01414	0.01715	0.23463	0.01055	0.04748	0.02208	0.02539	0.18166	0.12468	0.20511	0.01598	0.00905	0.00259	0.00809	0.01310	0.00690	0.00838
17	0.01847	0.04920	0.01860	0.01585	0.01805	0.15242	0.01228	0.05352	0.01776	0.02237	0.08015	0.03109	0.02327	0.12817	0.20502	0.00648	0.12526	0.00868	0.00500	0.00836

[dist]
# distance from previous block
# <min> <max>
0	2

[block]
# block no. 4 follows, 22 sequences, length 35
# corresponding to MSA columns:
# 108-142
name=unknown_E
#
# <colnr> <probs for GDERKNQSTAVLIFYWHMCP>
#	G	D	E	R	K	N	Q	S	T	A	V	L	I	F	Y	W	H	M	C	P
0	0.42305	0.01933	0.08379	0.12181	0.15851	0.01891	0.01673	0.02436	0.01585	0.03165	0.01323	0.01667	0.01033	0.00775	0.00654	0.00258	0.00843	0.00570	0.00455	0.01023
1	0.02072	0.01895	0.02257	0.02392	0.17836	0.06929	0.01529	0.10269	0.06520	0.02972	0.02214	0.02417	0.06378	0.00902	0.00836	0.00211	0.03595	0.00731	0.00553	0.27493
2	0.02652	0.09148	0.02629	0.02247	0.05826	0.42293	0.01693	0.02877	0.02003	0.02055	0.01240	0.01593	0.01088	0.00986	0.01225	0.00250	0.18228	0.00586	0.00405	0.00978
3	0.02718	0.01834	0.02042	0.01697	0.02254	0.01999	0.01359	0.18822	0.35009	0.18316	0.03014	0.02763	0.02147	0.01072	0.00840	0.00268	0.00732	0.00868	0.00884	0.01362
4	0.02413	0.17256	0.22317	0.02159	0.05096	0.29935	0.02039	0.02956	0.04322	0.02278	0.01410	0.01623	0.01127	0.00813	0.00725	0.00225	0.01245	0.00564	0.00405	0.01090
5	0.02001	0.03499	0.37493	0.02313	0.06422	0.11761	0.02387	0.03171	0.17317	0.02755	0.01933	0.02066	0.01437	0.00880	0.00799	0.00260	0.01114	0.00690	0.00488	0.01215
6	0.01081	0.00772	0.01043	0.01235	0.01313	0.00734	0.00890	0.01275	0.01658	0.02197	0.04541	0.57487	0.05345	0.02538	0.01079	0.00347	0.00541	0.14461	0.00770	0.00694
7	0.01935	0.01851	0.03154	0.20898	0.50768	0.01942	0.02489	0.02444	0.01834	0.02567	0.01541	0.02095	0.01264	0.00763	0.00824	0.00254	0.01017	0.00740	0.00401	0.01218
8	0.02185	0.05231	0.07668	0.07822	0.44622	0.13128	0.02367	0.02659	0.01939	0.02529	0.01489	0.01920	0.01234	0.00767	0.00796	0.00241	0.01094	0.00684	0.00405	0.01218
9	0.00992	0.00803	0.00881	0.00943	0.01149	0.00693	0.00676	0.01181	0.01796	0.02205	0.07183	0.28006	0.46070	0.02264	0.01007	0.00299	0.00440	0.01949	0.00771	0.00693
10	0.01068	0.00850	0.00961	0.00946	0.01192	0.00743	0.00718	0.01351	0.02059	0.02645	0.28576	0.07417	0.41921	0.01967	0.00989	0.00278	0.00426	0.04338	0.00822	0.00734
11	0.02844	0.03467	0.02607	0.02874	0.18205	0.51227	0.01839	0.03127	0.02239	0.02202	0.01353	0.01636	0.01131	0.00827	0.00767	0.00222	0.01371	0.00586	0.00424	0.01051
12	0.01180	0.00822	0.00966	0.00945	0.01030	0.00790	0.00603	0.01322	0.01627	0.02209	0.23027	0.05883	0.09445	0.43371	0.02937	0.00591	0.00643	0.01345	0.00656	0.00608
13	0.01021	0.00741	0.00965	0.01124	0.01201	0.00685	0.00761	0.01189	0.01668	0.02216	0.09180	0.60829	0.10355	0.02499	0.01048	0.00328	0.00471	0.02253	0.00781	0.00685
14	0.01728	0.03866	0.53577	0.02606	0.03752	0.01965	0.15560	0.02637	0.01797	0.02637	0.01531	0.01856	0.01096	0.00771	0.00829	0.00267	0.01264	0.00691	0.00365	0.01205
15	0.02015	0.01305	0.01531	0.01381	0.01731	0.01321	0.01063	0.14917	0.08289	0.12926	0.06811	0.22569	0.10948	0.04893	0.01093	0.00315	0.00642	0.04414	0.00825	0.01011
16	0.01874	0.01986	0.03481	0.02706	0.03040	0.02368	0.25977	0.02262	0.01546	0.02262	0.01325	0.01986	0.01158	0.01154	0.02032	0.00330	0.42304	0.00828	0.00386	0.00993
17	0.02156	0.01904	0.02805	0.03726	0.39734	0.01990	0.02086	0.11523	0.13282	0.03195	0.02192	0.02859	0.01844	0.00979	0.00856	0.00265	0.00899	0.05845	0.00580	0.01283
18	0.01979	0.01969	0.03579	0.12323	0.46051	0.01985	0.14745	0.02522	0.01878	0.02633	0.01576	0.02113	0.01280	0.00743	0.00856	0.00257	0.01085	0.00789	0.00408	0.01230
19	0.01880	0.13248	0.25196	0.01911	0.02583	0.14953	0.04155	0.02369	0.01830	0.02280	0.02201	0.19288	0.02209	0.01254	0.00820	0.00260	0.01046	0.01036	0.00478	0.01004
20	0.00991	0.00842	0.00855	0.00851	0.01128	0.00705	0.00639	0.01211	0.01916	0.02297	0.11183	0.07908	0.62485	0.02084	0.00982	0.00280	0.00419	0.01741	0.00778	0.00705
21	0.07037	0.25840	0.20977	0.02476	0.13567	0.08936	0.05345	0.02627	0.01804	0.02435	0.01359	0.01640	0.01105	0.00755	0.00698	0.00228	0.01071	0.00580	0.00385	0.01135
22	0.05514	0.01817	0.02233	0.02143	0.10348	0.04469	0.04280	0.20127	0.08810	0.11741	0.10447	0.03460	0.02709	0.01172	0.00873	0.00268	0.00825	0.06811	0.00760	0.01193
23	0.01032	0.00757	0.00968	0.01098	0.01199	0.00694	0.00754	0.01221	0.01741	0.02312	0.13836	0.52564	0.13961	0.02405	0.01038	0.00319	0.00461	0.02155	0.00792	0.00694
24	0.01983	0.01900	0.03240	0.14621	0.56670	0.01955	0.02513	0.02486	0.01857	0.02626	0.01550	0.02080	0.01285	0.00754	0.00824	0.00251	0.01005	0.00740	0.00405	0.01257
25	0.09005	0.10162	0.02751	0.02943	0.25008	0.18328	0.01805	0.03081	0.13889	0.02697	0.01761	0.01974	0.01424	0.00843	0.00749	0.00239	0.01008	0.00669	0.00502	0.01163
26	0.01593	0.01576	0.01364	0.01349	0.01641	0.14855	0.01061	0.01982	0.05463	0.02435	0.11329	0.06520	0.27853	0.01795	0.00966	0.00290	0.00741	0.15658	0.00716	0.00814
27	0.01030	0.00843	0.00908	0.00892	0.01152	0.00722	0.00669	0.01285	0.02007	0.02514	0.22493	0.07551	0.51039	0.02003	0.00981	0.00276	0.00414	0.01691	0.00807	0.00722
28	0.01957	0.39949	0.16933	0.14667	0.03135	0.02683	0.01960	0.02420	0.01674	0.02131	0.01284	0.01618	0.01073	0.00791	0.00765	0.00225	0.04763	0.00552	0.00358	0.01064
29	0.17938	0.09387	0.02295	0.01707	0.02189	0.08944	0.01405	0.17854	0.14540	0.03452	0.01808	0.01935	0.01412	0.00996	0.00995	0.00262	0.10466	0.00668	0.00612	0.01134
30	0.01001	0.00842	0.00868	0.00862	0.01134	0.00710	0.00646	0.01230	0.01939	0.02353	0.14083	0.07816	0.59550	0.02063	0.00982	0.00279	0.00418	0.01728	0.00786	0.00710
31	0.01991	0.02010	0.03732	0.09652	0.43715	0.01999	0.19391	0.02547	0.01893	0.02653	0.01589	0.02120	0.01284	0.00736	0.00867	0.00258	0.01113	0.00807	0.00410	0.01230
32	0.02281	0.13848	0.22030	0.02832	0.18444	0.21897	0.02248	0.02796	0.01959	0.02368	0.01395	0.01687	0.01125	0.00785	0.00746	0.00231	0.01198	0.00596	0.00390	0.01145
33	0.02637	0.03031	0.02629	0.02813	0.16947	0.37251	0.01858	0.06239	0.02142	0.02362	0.01353	0.01711	0.01149	0.00944	0.01123	0.00250	0.13437	0.00628	0.00435	0.01059
34	0.20727	0.01827	0.02694	0.03744	0.43408	0.01871	0.02008	0.02673	0.01822	0.09303	0.01633	0.01958	0.01287	0.00777	0.00747	0.00250	0.00874	0.00678	0.00498	0.01222

[dist]
# distance from previous block
# <min> <max>
0	1

[block]
# block no. 5 follows, 22 sequences, length 45
# corresponding to MSA columns:
# 144-188
name=unknown_F
#
# <colnr> <probs for GDERKNQSTAVLIFYWHMCP>
#	G	D	E	R	K	N	Q	S	T	A	V	L	I	F	Y	W	H	M	C	P
0	0.02776	0.04917	0.07769	0.01744	0.02354	0.01970	0.01529	0.19788	0.14943	0.22337	0.02538	0.02466	0.01797	0.01275	0.04085	0.00314	0.04512	0.00793	0.00788	0.01304
1	0.01396	0.01145	0.01800	0.01902	0.10536	0.01070	0.08039	0.01737	0.01960	0.04730	0.21407	0.23481	0.13958	0.01747	0.00976	0.00286	0.00629	0.01596	0.00730	0.00873
2	0.01149	0.00907	0.01051	0.01174	0.01285	0.03559	0.00826	0.01338	0.01728	0.02242	0.10131	0.47058	0.11368	0.05845	0.01200	0.00347	0.00551	0.06786	0.00755	0.00698
3	0.01550	0.01458	0.02329	0.10118	0.16767	0.04180	0.10081	0.01916	0.01725	0.02307	0.02763	0.27959	0.02929	0.02005	0.07631	0.00397	0.01014	0.01392	0.00548	0.00929
4	0.02251	0.01731	0.01800	0.01771	0.08232	0.10672	0.01240	0.11963	0.02399	0.14377	0.10328	0.06990	0.19982	0.01401	0.00886	0.00259	0.00760	0.01154	0.00757	0.01049
5	0.03115	0.03623	0.02383	0.02093	0.02570	0.54081	0.01600	0.15600	0.02674	0.02694	0.01431	0.01601	0.01141	0.00885	0.00766	0.00221	0.01378	0.00579	0.00511	0.01056
6	0.44248	0.01844	0.01955	0.07670	0.17517	0.06533	0.01477	0.02571	0.01656	0.05814	0.01378	0.01663	0.01077	0.00785	0.00644	0.00253	0.00827	0.00566	0.00493	0.01028
7	0.28733	0.12305	0.02063	0.01378	0.01957	0.02027	0.01161	0.11462	0.09401	0.11951	0.02177	0.02172	0.04338	0.00925	0.00672	0.00241	0.00718	0.00664	0.00655	0.05001
8	0.02538	0.11173	0.02356	0.01844	0.02254	0.39338	0.01444	0.06788	0.02132	0.02214	0.01544	0.01939	0.01336	0.02148	0.16879	0.00483	0.01562	0.00624	0.00451	0.00952
9	0.02968	0.03518	0.02272	0.02020	0.02472	0.53786	0.01536	0.11598	0.02543	0.02501	0.01865	0.02006	0.05448	0.00960	0.00776	0.00223	0.01343	0.00647	0.00508	0.01009
10	0.02371	0.01619	0.02038	0.01496	0.02209	0.01385	0.04317	0.10891	0.02178	0.16941	0.01952	0.02029	0.01438	0.00762	0.00712	0.00178	0.00717	0.00628	0.00652	0.45487
11	0.01584	0.06475	0.13619	0.01539	0.02011	0.01487	0.01431	0.06542	0.12221	0.02800	0.08969	0.20197	0.08906	0.01631	0.00917	0.00290	0.00721	0.06985	0.00694	0.00982
12	0.01069	0.00781	0.01008	0.01106	0.01228	0.00720	0.00783	0.01300	0.01852	0.02492	0.22113	0.42764	0.12702	0.02279	0.01033	0.00312	0.00462	0.04472	0.00811	0.00712
13	0.02093	0.06006	0.01950	0.01559	0.01838	0.01561	0.01279	0.02368	0.01831	0.19338	0.11428	0.10213	0.03091	0.01914	0.07156	0.00391	0.19054	0.05247	0.00695	0.00988
14	0.02432	0.02312	0.02784	0.03430	0.32606	0.12108	0.02000	0.14719	0.13268	0.03234	0.01923	0.02142	0.01511	0.00876	0.00817	0.00248	0.00993	0.00745	0.00572	0.01281
15	0.01078	0.00741	0.00943	0.01089	0.01136	0.00705	0.00710	0.01208	0.01526	0.02076	0.04109	0.54457	0.04849	0.15401	0.01633	0.00418	0.00538	0.02060	0.04675	0.00648
16	0.02622	0.02832	0.02047	0.01794	0.02232	0.36462	0.01379	0.16478	0.02644	0.02927	0.08874	0.03004	0.10912	0.01150	0.00824	0.00236	0.01101	0.00853	0.00618	0.01011
17	0.02584	0.01984	0.02608	0.03143	0.29183	0.06542	0.01861	0.08227	0.15032	0.16744	0.02324	0.02393	0.01718	0.00911	0.00825	0.00254	0.00889	0.00788	0.00669	0.01320
18	0.04832	0.02430	0.03085	0.05778	0.36307	0.15974	0.07073	0.09398	0.02197	0.02860	0.01545	0.01927	0.01250	0.00794	0.00811	0.00244	0.01114	0.00707	0.00464	0.01210
19	0.01199	0.00892	0.01156	0.01299	0.01491	0.00849	0.01073	0.01501	0.01858	0.02369	0.05440	0.18321	0.20166	0.02294	0.01092	0.00350	0.00635	0.36511	0.00768	0.00735
20	0.02203	0.02373	0.03110	0.08406	0.32386	0.17743	0.10547	0.02653	0.01998	0.02481	0.01737	0.02554	0.01516	0.00896	0.00854	0.00257	0.01159	0.05555	0.00442	0.01131
21	0.02682	0.02597	0.02144	0.01887	0.02342	0.26527	0.01503	0.25693	0.02826	0.03351	0.02318	0.06513	0.02133	0.01273	0.00873	0.00266	0.01084	0.12242	0.00664	0.01083
22	0.01004	0.00753	0.00933	0.01077	0.01184	0.00681	0.00736	0.01166	0.01667	0.02152	0.05548	0.54541	0.20590	0.02477	0.01041	0.00323	0.00467	0.02208	0.00771	0.00681
23	0.01982	0.01898	0.03238	0.14827	0.56476	0.01954	0.02513	0.02484	0.01856	0.02624	0.01549	0.02080	0.01284	0.00754	0.00824	0.00251	0.01005	0.00740	0.00405	0.01256
24	0.02487	0.06695	0.15177	0.02985	0.20544	0.33194	0.02147	0.02928	0.02075	0.02337	0.01397	0.01697	0.01136	0.00803	0.00767	0.00231	0.01272	0.00604	0.00405	0.01119
25	0.24128	0.03070	0.02049	0.01810	0.02295	0.40088	0.01400	0.10993	0.02292	0.02943	0.01342	0.01522	0.01067	0.00851	0.00693	0.00231	0.01176	0.00539	0.00506	0.01005
26	0.01184	0.00838	0.01059	0.01010	0.01157	0.00789	0.00713	0.01477	0.02063	0.02897	0.49387	0.06011	0.06622	0.19146	0.01800	0.00399	0.00496	0.01428	0.00811	0.00713
27	0.01916	0.23424	0.30061	0.02423	0.03384	0.02380	0.20114	0.02598	0.01795	0.02441	0.01448	0.01773	0.01118	0.00740	0.00770	0.00243	0.01179	0.00672	0.00373	0.01149
28	0.01223	0.00916	0.01260	0.01251	0.01336	0.01044	0.00910	0.01409	0.01315	0.01855	0.02466	0.09613	0.02586	0.24978	0.38134	0.01020	0.06422	0.01101	0.00485	0.00676
29	0.01025	0.00803	0.00934	0.01029	0.01208	0.00713	0.00749	0.01224	0.01772	0.02215	0.06513	0.33343	0.35822	0.02323	0.01028	0.00312	0.00475	0.07045	0.00771	0.00696
30	0.02239	0.02609	0.09647	0.03163	0.09133	0.09565	0.36684	0.11083	0.02251	0.02949	0.01652	0.02063	0.01246	0.00771	0.00903	0.00264	0.01293	0.00844	0.00471	0.01170
31	0.02109	0.16001	0.03408	0.13739	0.35061	0.08373	0.04904	0.02549	0.01862	0.02405	0.01447	0.01891	0.01208	0.00757	0.00766	0.00236	0.01052	0.00672	0.00396	0.01164
32	0.03118	0.03525	0.02391	0.02079	0.02570	0.50184	0.01598	0.19175	0.02768	0.02886	0.01473	0.01630	0.01161	0.00894	0.00771	0.00223	0.01343	0.00592	0.00535	0.01083
33	0.01722	0.01908	0.06602	0.02579	0.03073	0.01895	0.31211	0.02197	0.01636	0.02305	0.01722	0.02593	0.01510	0.08415	0.12103	0.00513	0.15722	0.00916	0.00417	0.00963
34	0.02489	0.33336	0.10608	0.01838	0.02475	0.24102	0.01702	0.06821	0.02042	0.02281	0.01289	0.01505	0.01090	0.00825	0.00765	0.00214	0.04612	0.00528	0.00411	0.01066
35	0.01487	0.01064	0.01252	0.01246	0.01462	0.01087	0.00893	0.02204	0.17370	0.06577	0.09746	0.30519	0.08739	0.10738	0.01384	0.00367	0.00569	0.01638	0.00785	0.00872
36	0.01037	0.00833	0.00857	0.00857	0.01070	0.00726	0.00600	0.01196	0.01728	0.02091	0.07013	0.07376	0.50223	0.18723	0.01767	0.00407	0.00514	0.01621	0.00707	0.00653
37	0.02354	0.02624	0.02830	0.02927	0.17937	0.26073	0.11055	0.03037	0.11370	0.02501	0.01808	0.02140	0.01466	0.01310	0.06596	0.00339	0.01296	0.00744	0.00487	0.01106
38	0.02025	0.03416	0.34154	0.03309	0.25597	0.11952	0.02660	0.02707	0.01895	0.02569	0.01485	0.01823	0.01149	0.00782	0.00795	0.00250	0.01183	0.00647	0.00384	0.01219
39	0.01639	0.02049	0.12584	0.02329	0.02762	0.01875	0.18677	0.02076	0.01614	0.02309	0.02160	0.18483	0.02197	0.01421	0.01542	0.00319	0.23352	0.01176	0.00476	0.00960
40	0.01033	0.00791	0.00955	0.01075	0.01225	0.00713	0.00775	0.01227	0.01738	0.02204	0.06018	0.40493	0.28135	0.02382	0.01039	0.00320	0.00487	0.07923	0.00771	0.00694
41	0.03002	0.16041	0.02734	0.01890	0.02452	0.32683	0.01532	0.19057	0.02643	0.08099	0.01611	0.01707	0.01241	0.00880	0.00737	0.00220	0.01163	0.00599	0.00570	0.01139
42	0.01913	0.01772	0.04920	0.02530	0.10812	0.01676	0.20077	0.02810	0.15721	0.08002	0.03256	0.11062	0.09212	0.01209	0.00921	0.00280	0.00903	0.01164	0.00642	0.01118
43	0.05352	0.09497	0.07909	0.02221	0.08893	0.19367	0.06901	0.05158	0.01993	0.02570	0.01418	0.01704	0.01158	0.00770	0.00777	0.00208	0.03091	0.00592	0.00447	0.19974
44	0.08815	0.18224	0.07275	0.01777	0.02404	0.20220	0.01555	0.15186	0.05547	0.09048	0.01701	0.01776	0.01292	0.00871	0.00714	0.00228	0.01036	0.00606	0.00573	0.01152

[dist]
# distance from previous block
# <min> <max>
4	14

[block]
# block no. 6 follows, 22 sequences, length 10
# corresponding to MSA columns:
# 203-212
name=unknown_G
#
# <colnr> <probs for GDERKNQSTAVLIFYWHMCP>
#	G	D	E	R	K	N	Q	S	T	A	V	L	I	F	Y	W	H	M	C	P
0	0.04769	0.15627	0.13849	0.02816	0.16823	0.10729	0.13162	0.02569	0.01887	0.02460	0.01948	0.02241	0.05866	0.00852	0.00782	0.00241	0.01097	0.00745	0.00425	0.01112
1	0.01291	0.01073	0.01209	0.01238	0.01427	0.03295	0.00956	0.01616	0.04896	0.02243	0.05166	0.14221	0.24787	0.11577	0.01582	0.00389	0.05163	0.16433	0.00698	0.00741
2	0.01171	0.00840	0.01049	0.01049	0.01139	0.00874	0.00709	0.01303	0.01343	0.01807	0.03242	0.05005	0.10887	0.38921	0.26180	0.00924	0.01257	0.01167	0.00518	0.00614
3	0.02512	0.02593	0.02947	0.02830	0.14439	0.20080	0.09877	0.15291	0.02325	0.02906	0.01498	0.01868	0.01217	0.00963	0.01206	0.00266	0.14840	0.00715	0.00495	0.01133
4	0.01233	0.01003	0.01484	0.05596	0.13316	0.00980	0.01174	0.01469	0.01670	0.02238	0.04106	0.49815	0.08444	0.02129	0.00999	0.00314	0.00605	0.01933	0.00683	0.00808
5	0.01966	0.02046	0.02499	0.03394	0.36333	0.14054	0.01855	0.02330	0.01980	0.02459	0.03351	0.03546	0.18457	0.01129	0.00851	0.00250	0.00932	0.00973	0.00511	0.01084
6	0.16108	0.07163	0.10439	0.01744	0.05735	0.05559	0.01474	0.12515	0.04508	0.06601	0.14293	0.05605	0.02731	0.01097	0.00779	0.00253	0.00799	0.00869	0.00651	0.01077
7	0.02309	0.12332	0.10216	0.02125	0.02767	0.19761	0.11798	0.06170	0.15516	0.02678	0.02171	0.02296	0.04372	0.00925	0.00798	0.00245	0.01106	0.00759	0.00534	0.01121
8	0.21512	0.01470	0.01515	0.01321	0.01764	0.01556	0.01039	0.10702	0.12502	0.06258	0.11385	0.10711	0.06114	0.01265	0.00786	0.00260	0.00618	0.01024	0.00732	0.07466
9	0.07537	0.10910	0.06707	0.01895	0.02413	0.33089	0.01587	0.10079	0.02292	0.05664	0.04608	0.01863	0.01482	0.00936	0.00867	0.00234	0.05647	0.00625	0.00517	0.01051

[dist]
# distance from previous block
# <min> <max>
14	104

[block]
# block no. 7 follows, 22 sequences, length 21
# corresponding to MSA columns:
# 317-337
name=unknown_H
#
# <colnr> <probs for GDERKNQSTAVLIFYWHMCP>
#	G	D	E	R	K	N	Q	S	T	A	V	L	I	F	Y	W	H	M	C	P
0	0.01503	0.01615	0.08696	0.01567	0.01884	0.04410	0.01353	0.02148	0.10828	0.02255	0.02574	0.03242	0.05884	0.06417	0.34773	0.00835	0.07709	0.00902	0.00509	0.00894
1	0.01696	0.08008	0.56595	0.02389	0.06535	0.01960	0.02840	0.02569	0.01785	0.02627	0.04412	0.01949	0.01379	0.00824	0.00784	0.00257	0.01157	0.00651	0.00380	0.01202
2	0.01243	0.09025	0.11124	0.01367	0.01664	0.01150	0.01186	0.01523	0.01626	0.02179	0.03741	0.52445	0.04344	0.02124	0.00962	0.00309	0.00638	0.01890	0.00663	0.00800
3	0.57756	0.01686	0.01559	0.01322	0.01855	0.01904	0.04218	0.08364	0.05437	0.03735	0.01727	0.01865	0.03988	0.00871	0.00610	0.00260	0.00700	0.00595	0.00571	0.00977
4	0.21131	0.09856	0.02259	0.01646	0.02207	0.16211	0.01348	0.25318	0.02609	0.03662	0.01896	0.01985	0.04665	0.00941	0.00711	0.00238	0.00942	0.00651	0.00612	0.01114
5	0.01200	0.01331	0.10786	0.01222	0.01522	0.00927	0.01064	0.01548	0.01886	0.02604	0.27796	0.18621	0.11818	0.12228	0.01459	0.00361	0.00601	0.01527	0.00724	0.00777
6	0.46424	0.04472	0.01633	0.01274	0.01851	0.06230	0.01042	0.07485	0.01763	0.03450	0.01305	0.01494	0.01032	0.00760	0.00579	0.00221	0.00726	0.00490	0.00524	0.17243
7	0.01101	0.00848	0.00982	0.00969	0.01184	0.00759	0.00721	0.01370	0.02001	0.02610	0.29160	0.07149	0.33466	0.08758	0.01313	0.00332	0.00470	0.05293	0.00799	0.00717
8	0.02323	0.37960	0.15417	0.02004	0.06479	0.18666	0.01845	0.02721	0.01876	0.02148	0.01275	0.01497	0.01080	0.00763	0.00652	0.00207	0.01107	0.00517	0.00376	0.01087
9	0.08366	0.42467	0.20993	0.01686	0.02519	0.02748	0.01840	0.06587	0.01832	0.02509	0.01304	0.01494	0.01072	0.00757	0.00622	0.00213	0.00963	0.00512	0.00399	0.01120
10	0.01091	0.00805	0.00947	0.00998	0.01124	0.00743	0.00682	0.01256	0.01685	0.02190	0.13098	0.24102	0.22202	0.20864	0.01892	0.00440	0.00551	0.03959	0.00717	0.00654
11	0.01071	0.00819	0.00982	0.00996	0.01191	0.00731	0.00726	0.01344	0.02022	0.02679	0.31663	0.20763	0.27927	0.02040	0.00998	0.00285	0.00422	0.01779	0.00832	0.00731
12	0.02371	0.02571	0.03066	0.04209	0.46644	0.21686	0.02265	0.02781	0.02031	0.02509	0.01479	0.01888	0.01242	0.00775	0.00800	0.00237	0.01141	0.00678	0.00416	0.01210
13	0.11810	0.08456	0.02315	0.01783	0.02308	0.25100	0.01425	0.21016	0.08202	0.03395	0.05151	0.02016	0.01653	0.00946	0.00748	0.00235	0.01032	0.00670	0.00618	0.01121
14	0.10965	0.02844	0.02307	0.01907	0.02470	0.26086	0.01516	0.34782	0.03077	0.03911	0.01647	0.01745	0.01234	0.00922	0.00768	0.00237	0.01097	0.00639	0.00651	0.01195
15	0.01235	0.00887	0.01193	0.01314	0.01478	0.00860	0.01067	0.01557	0.01919	0.02554	0.17196	0.17654	0.07808	0.05663	0.01248	0.00368	0.00633	0.33842	0.00784	0.00740
16	0.02117	0.02091	0.03798	0.04310	0.40322	0.02066	0.22089	0.07635	0.02083	0.02908	0.01637	0.02111	0.01306	0.00749	0.00875	0.00258	0.01116	0.00819	0.00449	0.01260
17	0.07919	0.51519	0.03687	0.01553	0.02188	0.17125	0.01423	0.02664	0.01812	0.02103	0.01183	0.01370	0.01055	0.00747	0.00579	0.00191	0.01003	0.00464	0.00383	0.01031
18	0.01069	0.00827	0.00990	0.01095	0.01280	0.00748	0.00831	0.01295	0.01798	0.02256	0.06276	0.28858	0.32395	0.02310	0.01044	0.00321	0.00516	0.14615	0.00770	0.00706
19	0.01113	0.00814	0.00886	0.00898	0.01004	0.00759	0.00567	0.01199	0.01484	0.01876	0.04876	0.10429	0.26107	0.41241	0.02835	0.00583	0.00644	0.01481	0.00619	0.00587
20	0.13293	0.12968	0.09519	0.05910	0.31130	0.02162	0.02050	0.02693	0.07708	0.02788	0.01600	0.01911	0.01295	0.00786	0.00730	0.00244	0.00918	0.00656	0.00452	0.01189

[dist]
# distance from previous block
# <min> <max>
0	2

[block]
# block no. 8 follows, 22 sequences, length 20
# corresponding to MSA columns:
# 340-359
name=unknown_I
#
# <colnr> <probs for GDERKNQSTAVLIFYWHMCP>
#	G	D	E	R	K	N	Q	S	T	A	V	L	I	F	Y	W	H	M	C	P
0	0.76672	0.01607	0.01221	0.01092	0.01607	0.01864	0.00900	0.02442	0.01414	0.03727	0.01157	0.01350	0.00900	0.00771	0.00514	0.00257	0.00643	0.00450	0.00514	0.00900
1	0.01853	0.18062	0.36807	0.02077	0.02974	0.06740	0.04851	0.02521	0.01814	0.02424	0.01825	0.02749	0.01595	0.00987	0.00790	0.00259	0.01116	0.09032	0.00419	0.01104
2	0.24227	0.02704	0.10856	0.02191	0.11294	0.21073	0.01668	0.02881	0.07825	0.02856	0.01786	0.01969	0.03631	0.00879	0.00714	0.00247	0.01015	0.00635	0.00493	0.01055
3	0.01086	0.00775	0.00921	0.01006	0.01072	0.00731	0.00641	0.01183	0.01486	0.01937	0.04411	0.34310	0.14118	0.29814	0.02315	0.00516	0.00602	0.01802	0.00664	0.00610
4	0.01255	0.00897	0.01236	0.01391	0.01557	0.00879	0.01154	0.01594	0.01915	0.02538	0.13072	0.20279	0.05349	0.02268	0.01107	0.00357	0.00659	0.40955	0.00787	0.00751
5	0.02340	0.57653	0.06651	0.01577	0.02264	0.13549	0.01520	0.02627	0.01798	0.01996	0.01190	0.01377	0.01066	0.00737	0.00579	0.00187	0.01001	0.00466	0.00367	0.01056
6	0.01493	0.01126	0.01329	0.01223	0.01506	0.01152	0.00928	0.02406	0.19536	0.05161	0.40987	0.05297	0.08849	0.04031	0.01055	0.00287	0.00492	0.01327	0.00877	0.00937
7	0.01176	0.00849	0.01110	0.01045	0.01241	0.00784	0.00784	0.01568	0.02352	0.03331	0.65184	0.06206	0.07839	0.01698	0.00980	0.00261	0.00392	0.01502	0.00914	0.00784
8	0.02213	0.02024	0.03247	0.04646	0.56661	0.02059	0.02412	0.11121	0.02178	0.03072	0.01624	0.02047	0.01330	0.00777	0.00824	0.00247	0.00977	0.00741	0.00471	0.01330
9	0.02683	0.02597	0.02400	0.02352	0.11099	0.21117	0.01645	0.20866	0.20185	0.03467	0.02121	0.02171	0.01618	0.00958	0.00810	0.00248	0.01021	0.00739	0.00661	0.01242
10	0.02211	0.01678	0.01843	0.01599	0.02066	0.01860	0.01258	0.11937	0.40797	0.08913	0.13119	0.03425	0.03195	0.01193	0.00864	0.00272	0.00654	0.00995	0.00870	0.01251
11	0.01030	0.00757	0.00967	0.01097	0.01198	0.00693	0.00753	0.01218	0.01738	0.02304	0.13432	0.52631	0.14314	0.02408	0.01038	0.00319	0.00461	0.02157	0.00791	0.00693
12	0.01551	0.00990	0.01176	0.01112	0.01411	0.00895	0.00857	0.04690	0.02094	0.11958	0.15656	0.15602	0.31014	0.01911	0.00975	0.00288	0.00514	0.05617	0.00835	0.00854
13	0.01955	0.02323	0.08823	0.03173	0.03990	0.02084	0.50013	0.02899	0.10467	0.02771	0.01900	0.02324	0.01421	0.00765	0.00948	0.00279	0.01287	0.00949	0.00474	0.01155
14	0.02160	0.24278	0.25983	0.02045	0.05650	0.02479	0.02079	0.13248	0.09148	0.02973	0.01691	0.01831	0.01299	0.00837	0.00725	0.00236	0.00993	0.00627	0.00494	0.01224
15	0.51207	0.11268	0.01888	0.01287	0.01859	0.02143	0.01096	0.12237	0.01898	0.06672	0.01391	0.01521	0.01060	0.00811	0.00583	0.00245	0.00723	0.00515	0.00568	0.01029
16	0.37130	0.22517	0.05430	0.01343	0.01953	0.02288	0.01223	0.02730	0.10438	0.03068	0.01502	0.01628	0.01203	0.00798	0.00584	0.00232	0.00745	0.00527	0.00505	0.04154
17	0.34481	0.01573	0.03761	0.01283	0.01679	0.04758	0.01034	0.02402	0.10549	0.03198	0.10937	0.15748	0.02995	0.01311	0.00754	0.00275	0.00643	0.01048	0.00656	0.00914
18	0.12664	0.01321	0.04188	0.01144	0.01535	0.01208	0.00945	0.10259	0.02150	0.03052	0.13701	0.08553	0.32942	0.01655	0.00885	0.00272	0.00560	0.01358	0.00742	0.00866
19	0.41712	0.01898	0.01647	0.01411	0.01944	0.08060	0.01137	0.09126	0.10487	0.12565	0.01860	0.01879	0.01356	0.00887	0.00659	0.00256	0.00762	0.00610	0.00656	0.01087

[dist]
# distance from previous block
# <min> <max>
0	1

[block]
# block no. 9 follows, 22 sequences, length 7
# corresponding to MSA columns:
# 361-367
name=unknown_J
#
# <colnr> <probs for GDERKNQSTAVLIFYWHMCP>
#	G	D	E	R	K	N	Q	S	T	A	V	L	I	F	Y	W	H	M	C	P
0	0.25355	0.02937	0.02122	0.02105	0.08637	0.36674	0.01484	0.06878	0.02124	0.02827	0.01320	0.01542	0.01066	0.00828	0.00690	0.00233	0.01148	0.00544	0.00479	0.01009
1	0.02085	0.35888	0.30317	0.01871	0.02795	0.02641	0.02132	0.08860	0.01948	0.02582	0.01384	0.01579	0.01097	0.00774	0.00672	0.00221	0.01034	0.00547	0.00403	0.01170
2	0.01012	0.00723	0.00964	0.01157	0.01205	0.00675	0.00771	0.01157	0.01591	0.02121	0.04579	0.70262	0.05495	0.02603	0.01060	0.00337	0.00482	0.02362	0.00771	0.00675
