[name]
unknown

[dist]
# distance from previous block
# <min> <max>
0	0

[block]
# block no. 0 follows, 20 sequences, length 22
# corresponding to MSA columns:
# 0-21
name=unknown_A
#
# <colnr> <probs for GDERKNQSTAVLIFYWHMCP>
#	G	D	E	R	K	N	Q	S	T	A	V	L	I	F	Y	W	H	M	C	P
0	0.01406	0.01004	0.01406	0.01606	0.01807	0.01004	0.01406	0.01807	0.02008	0.02610	0.04618	0.09839	0.05020	0.02410	0.01205	0.00402	0.00803	0.58032	0.00803	0.00803
1	0.01878	0.02354	0.12306	0.25746	0.07659	0.02082	0.29950	0.02587	0.01916	0.02595	0.01657	0.02265	0.01240	0.00798	0.00940	0.00289	0.01319	0.00877	0.00412	0.01129
2	0.07295	0.02002	0.03362	0.11787	0.50025	0.02056	0.05551	0.02626	0.01928	0.02854	0.01607	0.02135	0.01324	0.00788	0.00850	0.00265	0.01047	0.00769	0.00435	0.01295
3	0.01255	0.00845	0.00977	0.00989	0.01000	0.00850	0.00573	0.01280	0.01299	0.01739	0.02848	0.09267	0.03273	0.62343	0.07302	0.00845	0.00900	0.01322	0.00542	0.00551
4	0.09761	0.01487	0.01932	0.30215	0.03597	0.01719	0.01627	0.02584	0.15366	0.02762	0.03616	0.03811	0.15632	0.01238	0.00875	0.00290	0.00839	0.01031	0.00612	0.01006
5	0.02284	0.01797	0.01913	0.01648	0.02157	0.01980	0.01302	0.16760	0.35096	0.06329	0.04228	0.03964	0.14032	0.01345	0.00911	0.00287	0.00706	0.01100	0.00877	0.01285
6	0.01408	0.00907	0.01165	0.01117	0.01296	0.00845	0.00797	0.01701	0.02134	0.07305	0.39736	0.14428	0.06503	0.14796	0.01682	0.00394	0.00531	0.01589	0.00866	0.00798
7	0.01134	0.00881	0.00992	0.00968	0.01192	0.00781	0.00701	0.01392	0.02061	0.02668	0.27165	0.07377	0.36091	0.11030	0.01486	0.00361	0.00485	0.01672	0.00825	0.00739
8	0.01132	0.00788	0.00992	0.01126	0.01159	0.00755	0.00715	0.01233	0.01535	0.02046	0.04114	0.47517	0.04894	0.25186	0.02235	0.00520	0.00621	0.02071	0.00715	0.00648
9	0.01220	0.00836	0.00955	0.00986	0.01015	0.00817	0.00581	0.01259	0.01383	0.01822	0.03516	0.15351	0.08112	0.54312	0.03685	0.00731	0.00764	0.01493	0.00592	0.00571
10	0.01207	0.00830	0.00960	0.01003	0.01035	0.00808	0.00598	0.01256	0.01406	0.01854	0.03622	0.19451	0.08008	0.50273	0.03483	0.00701	0.00744	0.01569	0.00609	0.00582
11	0.01161	0.00960	0.01026	0.00997	0.01287	0.00863	0.00751	0.01592	0.06640	0.02699	0.20172	0.07603	0.47072	0.02040	0.01020	0.00290	0.00454	0.01720	0.00848	0.00804
12	0.01096	0.00881	0.00945	0.00932	0.01177	0.00765	0.00679	0.01329	0.02001	0.02502	0.18624	0.07740	0.46337	0.09489	0.01404	0.00351	0.00480	0.01728	0.00808	0.00730
13	0.01246	0.00935	0.01402	0.01402	0.01558	0.01090	0.01090	0.01558	0.01402	0.02025	0.02336	0.03427	0.02181	0.06542	0.65888	0.01402	0.02336	0.00935	0.00467	0.00779
14	0.01106	0.00840	0.01061	0.01187	0.01279	0.00811	0.00818	0.01265	0.01695	0.02218	0.05303	0.50850	0.16484	0.06048	0.01351	0.00370	0.03607	0.02215	0.00775	0.00716
15	0.03316	0.02443	0.02618	0.02007	0.02705	0.02705	0.01658	0.60995	0.04101	0.05497	0.02094	0.02094	0.01483	0.01047	0.00873	0.00262	0.00960	0.00785	0.00873	0.01483
16	0.01303	0.00843	0.00966	0.00975	0.01014	0.00851	0.00588	0.01381	0.01367	0.01935	0.02829	0.08156	0.03108	0.53552	0.07803	0.00778	0.00872	0.01245	0.09845	0.00589
17	0.01401	0.01139	0.01604	0.01517	0.01608	0.01402	0.01168	0.01625	0.01361	0.01978	0.02145	0.03519	0.02135	0.17429	0.39821	0.01064	0.16894	0.00960	0.00460	0.00771
18	0.01085	0.00769	0.01005	0.01186	0.01231	0.00724	0.00779	0.01221	0.01626	0.02168	0.04581	0.61828	0.05483	0.10071	0.01480	0.00408	0.00543	0.02346	0.00779	0.00689
19	0.06510	0.01346	0.01516	0.01329	0.01775	0.01338	0.01044	0.03025	0.18253	0.18337	0.12369	0.05030	0.21529	0.01520	0.00925	0.00285	0.00593	0.01260	0.00900	0.01117
20	0.01615	0.01481	0.02513	0.14790	0.03071	0.01707	0.12862	0.02035	0.01634	0.02332	0.02074	0.07413	0.01892	0.02726	0.19799	0.00623	0.13505	0.00992	0.06013	0.00921
21	0.02955	0.02254	0.02417	0.01907	0.02563	0.02481	0.01553	0.44278	0.17161	0.04901	0.02388	0.02338	0.01738	0.01051	0.00861	0.00261	0.00878	0.00813	0.00852	0.06350

[dist]
# distance from previous block
# <min> <max>
0	2

[block]
# block no. 1 follows, 20 sequences, length 15
# corresponding to MSA columns:
# 24-38
name=unknown_B
#
# <colnr> <probs for GDERKNQSTAVLIFYWHMCP>
#	G	D	E	R	K	N	Q	S	T	A	V	L	I	F	Y	W	H	M	C	P
0	0.02928	0.03458	0.02606	0.02767	0.14606	0.45619	0.01823	0.07072	0.02460	0.02513	0.01857	0.02088	0.04542	0.00955	0.00820	0.00238	0.01366	0.00688	0.00494	0.01101
1	0.02234	0.49406	0.10991	0.02358	0.14487	0.03025	0.01915	0.02641	0.01822	0.02287	0.01335	0.01597	0.01169	0.00761	0.00649	0.00211	0.00992	0.00547	0.00384	0.01189
2	0.02835	0.03408	0.02672	0.03011	0.19181	0.44910	0.01896	0.03139	0.02313	0.02341	0.01849	0.02116	0.04711	0.00940	0.00821	0.00238	0.01364	0.00692	0.00465	0.01096
3	0.01358	0.09740	0.05993	0.01218	0.01489	0.01242	0.00988	0.01585	0.01637	0.02144	0.07011	0.14958	0.13642	0.23152	0.09581	0.00587	0.00917	0.01388	0.00605	0.00765
4	0.02332	0.69869	0.04571	0.01493	0.02239	0.03451	0.01493	0.02612	0.01772	0.02052	0.01213	0.01399	0.01119	0.00746	0.00560	0.00187	0.00933	0.00466	0.00373	0.01119
5	0.02381	0.55608	0.10411	0.01681	0.02447	0.10581	0.01690	0.02729	0.01861	0.02134	0.01264	0.01464	0.01118	0.00772	0.00613	0.00200	0.01043	0.00496	0.00382	0.01124
6	0.01051	0.00884	0.00912	0.00905	0.01191	0.00745	0.00679	0.01292	0.02037	0.02472	0.14351	0.08205	0.57963	0.02166	0.01031	0.00293	0.00439	0.01814	0.00825	0.00745
7	0.01109	0.00869	0.01004	0.01007	0.01235	0.00764	0.00741	0.01389	0.02118	0.02751	0.28010	0.16096	0.35540	0.02128	0.01042	0.00296	0.00440	0.01834	0.00864	0.00764
8	0.01031	0.00884	0.00884	0.00884	0.01178	0.00736	0.00663	0.01252	0.01988	0.02356	0.08837	0.08395	0.63549	0.02209	0.01031	0.00295	0.00442	0.01841	0.00810	0.00736
9	0.01219	0.00912	0.01145	0.01146	0.01372	0.00838	0.00899	0.01583	0.02263	0.03050	0.38806	0.07618	0.20886	0.02008	0.01064	0.00304	0.00496	0.12700	0.00893	0.00798
10	0.02207	0.47387	0.22163	0.01822	0.02713	0.06153	0.02010	0.02700	0.01828	0.02265	0.01323	0.01538	0.01115	0.00778	0.00650	0.00215	0.01070	0.00524	0.00376	0.01164
11	0.02224	0.14963	0.31506	0.02746	0.13928	0.06886	0.02526	0.10053	0.02182	0.02954	0.01569	0.01835	0.01205	0.00838	0.00791	0.00252	0.01163	0.00649	0.00449	0.01281
12	0.02919	0.02208	0.02405	0.01819	0.02537	0.02299	0.01493	0.45503	0.03497	0.04798	0.01951	0.02019	0.01433	0.00941	0.00813	0.00227	0.00877	0.00715	0.00779	0.20768
13	0.02376	0.30782	0.24514	0.01994	0.02878	0.11458	0.02126	0.09589	0.02164	0.02706	0.01454	0.01654	0.01158	0.00830	0.00719	0.00231	0.01145	0.00577	0.00440	0.01205
14	0.07311	0.27630	0.29157	0.02303	0.06344	0.02558	0.08212	0.02692	0.01821	0.02596	0.01437	0.01719	0.01135	0.00785	0.00733	0.00244	0.01121	0.00614	0.00393	0.01196

[dist]
# distance from previous block
# <min> <max>
0	6

[block]
# block no. 2 follows, 20 sequences, length 11
# corresponding to MSA columns:
# 45-55
name=unknown_C
#
# <colnr> <probs for GDERKNQSTAVLIFYWHMCP>
#	G	D	E	R	K	N	Q	S	T	A	V	L	I	F	Y	W	H	M	C	P
0	0.02089	0.39878	0.12120	0.01603	0.02242	0.08253	0.01567	0.02418	0.01765	0.02120	0.01753	0.06921	0.01746	0.10792	0.01216	0.00310	0.00997	0.00760	0.00433	0.01019
1	0.01858	0.01569	0.02140	0.12535	0.02830	0.01496	0.05798	0.10548	0.02119	0.02988	0.02347	0.16414	0.02266	0.01198	0.00846	0.00236	0.00809	0.01060	0.00604	0.30338
2	0.01911	0.01671	0.01532	0.01506	0.01810	0.14911	0.01193	0.02219	0.02189	0.08089	0.12908	0.11006	0.15190	0.01863	0.01022	0.00311	0.00820	0.18181	0.00776	0.00893
3	0.07960	0.02308	0.10045	0.04706	0.52386	0.02058	0.02598	0.02677	0.01930	0.02925	0.01599	0.02065	0.01317	0.00785	0.00834	0.00262	0.01035	0.00738	0.00433	0.01337
4	0.15787	0.02799	0.02128	0.01852	0.02363	0.29347	0.01445	0.11782	0.06835	0.09956	0.01892	0.02021	0.01441	0.01317	0.05057	0.00326	0.01220	0.00669	0.00630	0.01133
5	0.02564	0.02599	0.18710	0.02701	0.15976	0.01992	0.02148	0.16433	0.05900	0.14240	0.06211	0.02550	0.01990	0.00994	0.00871	0.00269	0.00973	0.00826	0.00689	0.01362
6	0.30757	0.11432	0.12038	0.01906	0.06547	0.06824	0.01658	0.11162	0.02103	0.06141	0.01530	0.01707	0.01165	0.00854	0.00689	0.00255	0.00937	0.00588	0.00549	0.01157
7	0.34795	0.15717	0.02223	0.06014	0.02230	0.02054	0.01211	0.02631	0.01714	0.08621	0.01501	0.01691	0.01170	0.00794	0.00618	0.00228	0.00764	0.00537	0.00538	0.14950
8	0.07439	0.16638	0.07196	0.02150	0.11760	0.06441	0.01633	0.02854	0.02049	0.16755	0.02928	0.03358	0.08507	0.01141	0.00817	0.00261	0.00895	0.05367	0.00642	0.01170
9	0.06560	0.13316	0.19837	0.06683	0.05669	0.28826	0.02129	0.02990	0.02074	0.02430	0.01407	0.01689	0.01121	0.00846	0.00761	0.00242	0.01303	0.00589	0.00416	0.01112
10	0.02020	0.14909	0.12500	0.02139	0.08270	0.01985	0.05851	0.05143	0.09882	0.07039	0.03025	0.14195	0.06805	0.01306	0.00872	0.00275	0.00883	0.01123	0.00628	0.01151

[dist]
# distance from previous block
# <min> <max>
0	71

[block]
# block no. 3 follows, 20 sequences, length 219
# corresponding to MSA columns:
# 163-381
name=unknown_D
#
# <colnr> <probs for GDERKNQSTAVLIFYWHMCP>
#	G	D	E	R	K	N	Q	S	T	A	V	L	I	F	Y	W	H	M	C	P
0	0.17490	0.18829	0.08423	0.01534	0.02065	0.05845	0.01406	0.05472	0.01929	0.02869	0.05415	0.14274	0.02670	0.01362	0.00799	0.00275	0.00840	0.06919	0.00590	0.00993
1	0.01790	0.01512	0.05137	0.01522	0.01845	0.01486	0.01247	0.02159	0.04686	0.08376	0.02917	0.03767	0.09025	0.16246	0.08840	0.00519	0.15862	0.00992	0.00583	0.11489
2	0.16941	0.06362	0.10262	0.08956	0.10103	0.19110	0.07702	0.02814	0.01937	0.02714	0.01425	0.01800	0.01140	0.00864	0.00876	0.00263	0.04549	0.00651	0.00441	0.01089
3	0.02222	0.20290	0.07355	0.02287	0.02971	0.05833	0.18846	0.11551	0.02262	0.02903	0.02148	0.09750	0.01991	0.01126	0.00875	0.00269	0.01095	0.04543	0.00549	0.01132
4	0.01781	0.01766	0.01624	0.01561	0.01777	0.14907	0.01162	0.02180	0.08123	0.02291	0.03780	0.20129	0.12916	0.05122	0.04874	0.04171	0.08961	0.01384	0.00638	0.00856
5	0.01288	0.00962	0.01186	0.01237	0.01448	0.00912	0.00952	0.04702	0.02122	0.02788	0.18002	0.24520	0.19976	0.02243	0.01082	0.00328	0.00559	0.14045	0.00844	0.00802
6	0.01404	0.01183	0.01837	0.01669	0.01836	0.01368	0.06357	0.01682	0.01461	0.02086	0.02401	0.10063	0.02426	0.12059	0.36675	0.00974	0.12106	0.01113	0.00494	0.00805
7	0.03063	0.02351	0.02734	0.02545	0.12747	0.02572	0.01810	0.48330	0.06928	0.04961	0.02099	0.02168	0.01531	0.01010	0.00872	0.00263	0.00958	0.00795	0.00801	0.01461
8	0.01515	0.00758	0.01136	0.01136	0.01136	0.00758	0.00758	0.01136	0.01136	0.01515	0.01515	0.02652	0.01515	0.03030	0.03409	0.74621	0.00758	0.00758	0.00379	0.00379
9	0.02443	0.01399	0.01804	0.01615	0.02027	0.01452	0.01321	0.03253	0.15302	0.24223	0.06477	0.04655	0.03125	0.02075	0.08569	0.00441	0.04759	0.13025	0.00862	0.01172
10	0.62745	0.01663	0.01513	0.12568	0.02433	0.01954	0.01200	0.02506	0.01529	0.03623	0.01273	0.01574	0.00982	0.00820	0.00597	0.00273	0.00759	0.00525	0.00514	0.00949
11	0.14695	0.26630	0.33005	0.01911	0.02883	0.02507	0.02231	0.02676	0.01756	0.02716	0.01383	0.01615	0.01082	0.00797	0.00686	0.00244	0.01060	0.00553	0.00400	0.01171
12	0.03152	0.11737	0.02714	0.02160	0.02644	0.58646	0.01663	0.03383	0.02391	0.02125	0.01333	0.01553	0.01123	0.00881	0.00760	0.00220	0.01499	0.00551	0.00441	0.01024
13	0.01820	0.04090	0.54236	0.02982	0.14164	0.02034	0.03129	0.02748	0.01867	0.02778	0.01578	0.01896	0.01153	0.00820	0.00835	0.00273	0.01245	0.00667	0.00379	0.01305
14	0.02595	0.02899	0.03117	0.04123	0.39649	0.27343	0.02284	0.02996	0.02179	0.02566	0.01525	0.01927	0.01279	0.00825	0.00833	0.00245	0.01249	0.00692	0.00439	0.01235
15	0.01564	0.00891	0.01195	0.01267	0.01433	0.00813	0.00892	0.01761	0.01853	0.13052	0.07526	0.54268	0.05270	0.02399	0.01068	0.00336	0.00542	0.02157	0.00864	0.00848
16	0.01257	0.00841	0.00955	0.00966	0.00969	0.00838	0.00544	0.01266	0.01290	0.01721	0.02861	0.09159	0.03313	0.65700	0.04258	0.00819	0.00827	0.01335	0.00544	0.00538
17	0.01246	0.00935	0.01402	0.01402	0.01558	0.01090	0.01090	0.01558	0.01402	0.02025	0.02336	0.03427	0.02181	0.06542	0.65888	0.01402	0.02336	0.00935	0.00467	0.00779
18	0.01509	0.00976	0.01187	0.01175	0.01374	0.00946	0.00831	0.01824	0.05521	0.09030	0.04653	0.22014	0.16363	0.18784	0.09275	0.00567	0.00821	0.01607	0.00738	0.00807
19	0.02159	0.02073	0.03541	0.05354	0.63903	0.02073	0.02677	0.02677	0.01986	0.02850	0.01641	0.02159	0.01382	0.00777	0.00864	0.00259	0.01036	0.00777	0.00432	0.01382
20	0.01044	0.00884	0.00901	0.00897	0.01186	0.00742	0.00673	0.01277	0.02019	0.02428	0.12276	0.08276	0.60065	0.02182	0.01031	0.00293	0.00440	0.01824	0.00819	0.00742
21	0.42844	0.01422	0.01290	0.01163	0.01607	0.01547	0.00929	0.02421	0.05304	0.06802	0.15887	0.03513	0.09865	0.01218	0.00740	0.00275	0.00595	0.00920	0.00711	0.00948
22	0.01120	0.00851	0.01014	0.01047	0.01229	0.00763	0.00747	0.01372	0.02018	0.02656	0.25250	0.23886	0.26441	0.06067	0.01248	0.00336	0.00472	0.01894	0.00843	0.00745
23	0.01268	0.00846	0.00951	0.00951	0.00951	0.00846	0.00529	0.01268	0.01268	0.01691	0.02748	0.05708	0.03171	0.69345	0.04440	0.00846	0.00846	0.01268	0.00529	0.00529
24	0.01138	0.00849	0.00983	0.01012	0.01162	0.00776	0.00690	0.01324	0.01827	0.02376	0.16896	0.20042	0.25086	0.19672	0.01933	0.00446	0.00554	0.01776	0.00766	0.00693
25	0.01490	0.00927	0.01006	0.00960	0.01182	0.00901	0.00708	0.04707	0.02044	0.03096	0.16616	0.05014	0.13829	0.08882	0.01203	0.00307	0.00490	0.01195	0.34639	0.00805
26	0.01052	0.00840	0.00943	0.01012	0.01215	0.00731	0.00723	0.01258	0.01900	0.02368	0.10158	0.29729	0.40257	0.02374	0.01060	0.00315	0.00463	0.02054	0.00817	0.00731
27	0.01063	0.00759	0.01012	0.01215	0.01265	0.00709	0.00810	0.01215	0.01670	0.02227	0.04808	0.68775	0.05769	0.02733	0.01113	0.00354	0.00506	0.02480	0.00810	0.00709
28	0.01051	0.00884	0.00911	0.00904	0.01190	0.00745	0.00678	0.01290	0.02035	0.02467	0.14116	0.08213	0.58201	0.02168	0.01031	0.00293	0.00439	0.01815	0.00825	0.00745
29	0.01091	0.00886	0.00967	0.00947	0.01215	0.00762	0.00710	0.01368	0.02130	0.02694	0.24974	0.07839	0.47201	0.02083	0.01030	0.00289	0.00433	0.01763	0.00854	0.00762
30	0.05770	0.01329	0.01505	0.01365	0.01726	0.01400	0.01053	0.02925	0.24257	0.07189	0.31941	0.04924	0.08101	0.01489	0.00942	0.00283	0.00549	0.01272	0.00911	0.01069
31	0.01041	0.00884	0.00898	0.00895	0.01185	0.00741	0.00671	0.01272	0.02013	0.02415	0.11622	0.08299	0.60727	0.02187	0.01031	0.00294	0.00440	0.01828	0.00818	0.00741
32	0.01781	0.00978	0.01304	0.01244	0.01499	0.00885	0.00923	0.02079	0.02180	0.16908	0.28132	0.28708	0.05940	0.01974	0.01026	0.00303	0.00522	0.01751	0.00932	0.00931
33	0.03258	0.04157	0.02472	0.02247	0.02697	0.65843	0.01685	0.03483	0.02472	0.02135	0.01348	0.01573	0.01124	0.00899	0.00787	0.00225	0.01573	0.00562	0.00449	0.01011
34	0.63136	0.01652	0.01410	0.01217	0.01780	0.01840	0.01003	0.02856	0.01659	0.14383	0.01599	0.01685	0.01155	0.00856	0.00598	0.00270	0.00686	0.00542	0.00633	0.01038
35	0.01139	0.00882	0.01037	0.01012	0.01248	0.00780	0.00754	0.01455	0.02223	0.02944	0.37067	0.10458	0.31834	0.02014	0.01034	0.00287	0.00429	0.01736	0.00888	0.00780
36	0.01111	0.00893	0.00995	0.00985	0.01249	0.00776	0.00750	0.01397	0.02130	0.02703	0.24547	0.07925	0.44210	0.02096	0.01040	0.00294	0.00453	0.04828	0.00853	0.00765
37	0.63033	0.01818	0.01513	0.01296	0.01863	0.02086	0.01068	0.12660	0.01937	0.04187	0.01367	0.01534	0.01038	0.00851	0.00597	0.00269	0.00724	0.00526	0.00597	0.01038
38	0.01732	0.01637	0.02769	0.57034	0.15562	0.01960	0.02464	0.02303	0.01784	0.02331	0.01565	0.02298	0.01199	0.00856	0.00871	0.00285	0.01142	0.00776	0.00395	0.01037
39	0.02228	0.02204	0.03473	0.05158	0.60048	0.06089	0.02615	0.02728	0.02017	0.02805	0.01622	0.02122	0.01365	0.00785	0.00859	0.00257	0.01070	0.00764	0.00433	0.01358
40	0.02267	0.01906	0.02404	0.02741	0.19119	0.02092	0.01729	0.04078	0.42392	0.06926	0.03022	0.02938	0.02284	0.01066	0.00880	0.00284	0.00788	0.00923	0.00774	0.01387
41	0.03258	0.04157	0.02472	0.02247	0.02697	0.65843	0.01685	0.03483	0.02472	0.02135	0.01348	0.01573	0.01124	0.00899	0.00787	0.00225	0.01573	0.00562	0.00449	0.01011
42	0.01902	0.01811	0.03077	0.36373	0.34888	0.02005	0.02549	0.02452	0.01865	0.02538	0.01595	0.02242	0.01272	0.00825	0.00868	0.00275	0.01100	0.00776	0.00410	0.01175
43	0.01494	0.01122	0.01437	0.01554	0.01792	0.01159	0.01309	0.02180	0.11240	0.02701	0.04571	0.08500	0.07732	0.06235	0.01341	0.00406	0.00769	0.42787	0.00800	0.00872
44	0.01054	0.00885	0.00916	0.00908	0.01193	0.00746	0.00681	0.01297	0.02043	0.02487	0.15092	0.08179	0.57212	0.02160	0.01031	0.00292	0.00438	0.01811	0.00827	0.00746
45	0.03914	0.01484	0.02024	0.01552	0.02227	0.01282	0.01282	0.04251	0.02497	0.64507	0.03441	0.02969	0.02159	0.01080	0.00877	0.00270	0.00742	0.00877	0.01080	0.01484
46	0.01061	0.00766	0.01005	0.01197	0.01260	0.00710	0.00802	0.01217	0.01687	0.02234	0.05027	0.65489	0.08914	0.02704	0.01109	0.00351	0.00503	0.02445	0.00810	0.00710
47	0.01246	0.00935	0.01402	0.01402	0.01558	0.01090	0.01090	0.01558	0.01402	0.02025	0.02336	0.03427	0.02181	0.06542	0.65888	0.01402	0.02336	0.00935	0.00467	0.00779
48	0.01515	0.00758	0.01136	0.01136	0.01136	0.00758	0.00758	0.01136	0.01136	0.01515	0.01515	0.02652	0.01515	0.03030	0.03409	0.74621	0.00758	0.00758	0.00379	0.00379
49	0.01063	0.00759	0.01012	0.01215	0.01265	0.00709	0.00810	0.01215	0.01670	0.02227	0.04808	0.68775	0.05769	0.02733	0.01113	0.00354	0.00506	0.02480	0.00810	0.00709
50	0.01647	0.01550	0.02616	0.67248	0.06008	0.01938	0.02422	0.02229	0.01744	0.02229	0.01550	0.02326	0.01163	0.00872	0.00872	0.00291	0.01163	0.00775	0.00388	0.00969
51	0.02996	0.02251	0.02402	0.01907	0.02539	0.02509	0.01554	0.46283	0.16650	0.05002	0.02442	0.02395	0.01771	0.01075	0.00865	0.00267	0.00878	0.00830	0.03952	0.01433
52	0.01626	0.00813	0.00813	0.00813	0.01016	0.00813	0.00610	0.02033	0.01829	0.03252	0.02846	0.03252	0.02236	0.01016	0.00610	0.00203	0.00407	0.00813	0.74187	0.00813
53	0.02159	0.02073	0.03541	0.05354	0.63903	0.02073	0.02677	0.02677	0.01986	0.02850	0.01641	0.02159	0.01382	0.00777	0.00864	0.00259	0.01036	0.00777	0.00432	0.01382
54	0.02209	0.56046	0.17315	0.01703	0.02564	0.03150	0.01859	0.02644	0.01787	0.02202	0.01287	0.01493	0.01116	0.00764	0.00617	0.00206	0.01008	0.00504	0.00372	0.01155
55	0.01031	0.00884	0.00884	0.00884	0.01178	0.00736	0.00663	0.01252	0.01988	0.02356	0.08837	0.08395	0.63549	0.02209	0.01031	0.00295	0.00442	0.01841	0.00810	0.00736
56	0.01268	0.00846	0.00951	0.00951	0.00951	0.00846	0.00529	0.01268	0.01268	0.01691	0.02748	0.05708	0.03171	0.69345	0.04440	0.00846	0.00846	0.01268	0.00529	0.00529
57	0.01051	0.00806	0.00964	0.01091	0.01233	0.00719	0.00755	0.01229	0.01789	0.02275	0.06315	0.46178	0.27393	0.02537	0.01083	0.00332	0.00482	0.02241	0.00810	0.00719
58	0.01893	0.03509	0.37093	0.03039	0.04139	0.02109	0.29948	0.02777	0.01943	0.02777	0.01658	0.02079	0.01207	0.00785	0.00922	0.00285	0.01373	0.00823	0.00402	0.01237
59	0.02866	0.03566	0.03348	0.02715	0.03307	0.45001	0.21025	0.03257	0.02337	0.02351	0.01485	0.01828	0.01189	0.00845	0.00866	0.00247	0.01539	0.00715	0.00447	0.01065
60	0.01268	0.00846	0.00951	0.00951	0.00951	0.00846	0.00529	0.01268	0.01268	0.01691	0.02748	0.05708	0.03171	0.69345	0.04440	0.00846	0.00846	0.01268	0.00529	0.00529
61	0.03885	0.01531	0.02053	0.01574	0.02250	0.01351	0.01300	0.06986	0.02574	0.61664	0.03376	0.02927	0.02127	0.01078	0.00877	0.00270	0.00753	0.00873	0.01070	0.01484
62	0.02159	0.02073	0.03541	0.05354	0.63903	0.02073	0.02677	0.02677	0.01986	0.02850	0.01641	0.02159	0.01382	0.00777	0.00864	0.00259	0.01036	0.00777	0.00432	0.01382
63	0.01091	0.00820	0.01010	0.01101	0.01250	0.00740	0.00773	0.01316	0.01924	0.02530	0.18288	0.39443	0.21758	0.02392	0.01073	0.00321	0.00469	0.02118	0.00842	0.00740
64	0.75506	0.01687	0.01282	0.01147	0.01687	0.01957	0.00945	0.02564	0.01484	0.03914	0.01215	0.01417	0.00945	0.00810	0.00540	0.00270	0.00675	0.00472	0.00540	0.00945
65	0.03098	0.15511	0.02835	0.02117	0.02618	0.55063	0.01652	0.03333	0.02351	0.02121	0.01325	0.01543	0.01123	0.00873	0.00747	0.00218	0.01462	0.00545	0.00436	0.01030
66	0.02153	0.49761	0.23109	0.01798	0.02712	0.03013	0.02025	0.02658	0.01794	0.02271	0.01321	0.01535	0.01115	0.00772	0.00642	0.00214	0.01042	0.00521	0.00372	0.01172
67	0.02218	0.02184	0.03484	0.05188	0.60638	0.05474	0.02624	0.02720	0.02012	0.02812	0.01625	0.02128	0.01368	0.00784	0.00859	0.00257	0.01065	0.00766	0.00433	0.01362
68	0.03354	0.02383	0.02580	0.01978	0.02675	0.02615	0.01634	0.57421	0.04000	0.09214	0.02179	0.02149	0.01526	0.01049	0.00873	0.00262	0.00946	0.00791	0.00886	0.01483
69	0.01268	0.00846	0.00951	0.00951	0.00951	0.00846	0.00529	0.01268	0.01268	0.01691	0.02748	0.05708	0.03171	0.69345	0.04440	0.00846	0.00846	0.01268	0.00529	0.00529
70	0.01063	0.00759	0.01012	0.01215	0.01265	0.00709	0.00810	0.01215	0.01670	0.02227	0.04808	0.68775	0.05769	0.02733	0.01113	0.00354	0.00506	0.02480	0.00810	0.00709
71	0.01114	0.00781	0.00997	0.01149	0.01187	0.00743	0.00740	0.01228	0.01570	0.02094	0.04296	0.53099	0.05123	0.19290	0.01940	0.00476	0.00590	0.02179	0.00740	0.00664
72	0.01750	0.04512	0.64825	0.02486	0.03775	0.02026	0.03223	0.02762	0.01842	0.02762	0.01565	0.01842	0.01105	0.00829	0.00829	0.00276	0.01289	0.00645	0.00368	0.01289
73	0.02070	0.01982	0.03381	0.16048	0.53900	0.02049	0.02633	0.02600	0.01944	0.02742	0.01625	0.02188	0.01344	0.00794	0.00865	0.00265	0.01058	0.00777	0.00424	0.01310
74	0.03316	0.02443	0.02618	0.02007	0.02705	0.02705	0.01658	0.60995	0.04101	0.05497	0.02094	0.02094	0.01483	0.01047	0.00873	0.00262	0.00960	0.00785	0.00873	0.01483
75	0.01246	0.00935	0.01402	0.01402	0.01558	0.01090	0.01090	0.01558	0.01402	0.02025	0.02336	0.03427	0.02181	0.06542	0.65888	0.01402	0.02336	0.00935	0.00467	0.00779
76	0.02259	0.58127	0.04243	0.01630	0.02248	0.03317	0.01564	0.02523	0.01697	0.02060	0.01201	0.01487	0.01124	0.00881	0.00958	0.00220	0.12477	0.00518	0.00375	0.01091
77	0.02665	0.03094	0.03044	0.06822	0.20915	0.33637	0.08161	0.03170	0.05505	0.02500	0.01608	0.01958	0.01306	0.00860	0.00845	0.00249	0.01335	0.00708	0.00464	0.01154
78	0.01253	0.00909	0.01270	0.01270	0.01381	0.01019	0.00926	0.01473	0.01363	0.01928	0.02457	0.04093	0.02470	0.24875	0.47950	0.01240	0.01901	0.01032	0.00485	0.00706
79	0.01972	0.29481	0.41806	0.02107	0.03188	0.02570	0.02562	0.02705	0.01815	0.02491	0.01431	0.01673	0.01110	0.00797	0.00726	0.00242	0.01153	0.00577	0.00370	0.01224
80	0.01268	0.00846	0.00951	0.00951	0.00951	0.00846	0.00529	0.01268	0.01268	0.01691	0.02748	0.05708	0.03171	0.69345	0.04440	0.00846	0.00846	0.01268	0.00529	0.00529
81	0.01598	0.01511	0.02134	0.01856	0.02159	0.08026	0.11424	0.01955	0.01619	0.02149	0.02159	0.03185	0.01982	0.08726	0.44193	0.01054	0.02018	0.00932	0.00465	0.00857
82	0.01626	0.00813	0.00813	0.00813	0.01016	0.00813	0.00610	0.02033	0.01829	0.03252	0.02846	0.03252	0.02236	0.01016	0.00610	0.00203	0.00407	0.00813	0.74187	0.00813
83	0.02170	0.01874	0.01972	0.01775	0.02268	0.02170	0.01381	0.04635	0.62327	0.03649	0.03550	0.03254	0.02663	0.01183	0.00888	0.00296	0.00690	0.00986	0.00888	0.01381
84	0.75506	0.01687	0.01282	0.01147	0.01687	0.01957	0.00945	0.02564	0.01484	0.03914	0.01215	0.01417	0.00945	0.00810	0.00540	0.00270	0.00675	0.00472	0.00540	0.00945
85	0.01647	0.01550	0.02616	0.67248	0.06008	0.01938	0.02422	0.02229	0.01744	0.02229	0.01550	0.02326	0.01163	0.00872	0.00872	0.00291	0.01163	0.00775	0.00388	0.00969
86	0.02159	0.02073	0.03541	0.05354	0.63903	0.02073	0.02677	0.02677	0.01986	0.02850	0.01641	0.02159	0.01382	0.00777	0.00864	0.00259	0.01036	0.00777	0.00432	0.01382
87	0.03185	0.04034	0.02483	0.02250	0.02674	0.62386	0.01698	0.03407	0.02410	0.02133	0.01337	0.01591	0.01125	0.00933	0.00900	0.00233	0.05194	0.00573	0.00446	0.01008
88	0.01626	0.00813	0.00813	0.00813	0.01016	0.00813	0.00610	0.02033	0.01829	0.03252	0.02846	0.03252	0.02236	0.01016	0.00610	0.00203	0.00407	0.00813	0.74187	0.00813
89	0.03258	0.04157	0.02472	0.02247	0.02697	0.65843	0.01685	0.03483	0.02472	0.02135	0.01348	0.01573	0.01124	0.00899	0.00787	0.00225	0.01573	0.00562	0.00449	0.01011
90	0.01237	0.00920	0.01354	0.01365	0.01505	0.01055	0.01041	0.01522	0.01408	0.02016	0.02496	0.07121	0.02436	0.10111	0.58668	0.01311	0.02147	0.01039	0.00490	0.00760
91	0.01246	0.00935	0.01402	0.01402	0.01558	0.01090	0.01090	0.01558	0.01402	0.02025	0.02336	0.03427	0.02181	0.06542	0.65888	0.01402	0.02336	0.00935	0.00467	0.00779
92	0.01243	0.00845	0.01005	0.01029	0.01051	0.00855	0.00619	0.01292	0.01328	0.01787	0.02941	0.12695	0.03365	0.55160	0.10471	0.00847	0.00962	0.01372	0.00554	0.00575
93	0.01605	0.00974	0.01285	0.01160	0.01431	0.00886	0.00886	0.02006	0.02473	0.11924	0.55156	0.06026	0.07392	0.01686	0.01008	0.00274	0.00457	0.01481	0.00977	0.00914
94	0.03204	0.04042	0.02447	0.02223	0.02675	0.62635	0.01670	0.03541	0.05488	0.02211	0.01459	0.01658	0.01201	0.00913	0.00792	0.00228	0.01529	0.00583	0.00472	0.01030
95	0.01063	0.00759	0.01012	0.01215	0.01265	0.00709	0.00810	0.01215	0.01670	0.02227	0.04808	0.68775	0.05769	0.02733	0.01113	0.00354	0.00506	0.02480	0.00810	0.00709
96	0.02671	0.03015	0.02277	0.08825	0.02802	0.38546	0.01633	0.09259	0.02349	0.02491	0.01660	0.02101	0.01391	0.02106	0.14574	0.00485	0.01624	0.00687	0.00493	0.01010
97	0.01063	0.00759	0.01012	0.01215	0.01265	0.00709	0.00810	0.01215	0.01670	0.02227	0.04808	0.68775	0.05769	0.02733	0.01113	0.00354	0.00506	0.02480	0.00810	0.00709
98	0.02006	0.01448	0.01797	0.02047	0.14715	0.01480	0.01286	0.14941	0.02387	0.03504	0.03461	0.03656	0.12484	0.01179	0.00794	0.00244	0.00667	0.00977	0.29860	0.01067
99	0.02051	0.01962	0.03345	0.18445	0.51658	0.02044	0.02623	0.02582	0.01935	0.02718	0.01622	0.02194	0.01335	0.00797	0.00865	0.00266	0.01063	0.00777	0.00422	0.01294
100	0.01647	0.01550	0.02616	0.67248	0.06008	0.01938	0.02422	0.02229	0.01744	0.02229	0.01550	0.02326	0.01163	0.00872	0.00872	0.00291	0.01163	0.00775	0.00388	0.00969
101	0.02059	0.02353	0.05147	0.03676	0.04559	0.02206	0.60735	0.02794	0.02059	0.02794	0.01765	0.02353	0.01324	0.00735	0.01029	0.00294	0.01471	0.01029	0.00441	0.01176
102	0.01626	0.00813	0.00813	0.00813	0.01016	0.00813	0.00610	0.02033	0.01829	0.03252	0.02846	0.03252	0.02236	0.01016	0.00610	0.00203	0.00407	0.00813	0.74187	0.00813
103	0.01062	0.00807	0.00978	0.01099	0.01239	0.00724	0.00762	0.01250	0.01818	0.02339	0.09329	0.45534	0.24896	0.02509	0.01082	0.00330	0.00480	0.02221	0.00818	0.00724
104	0.01515	0.00758	0.01136	0.01136	0.01136	0.00758	0.00758	0.01136	0.01136	0.01515	0.01515	0.02652	0.01515	0.03030	0.03409	0.74621	0.00758	0.00758	0.00379	0.00379
105	0.01647	0.01550	0.02616	0.67248	0.06008	0.01938	0.02422	0.02229	0.01744	0.02229	0.01550	0.02326	0.01163	0.00872	0.00872	0.00291	0.01163	0.00775	0.00388	0.00969
106	0.01246	0.00935	0.01402	0.01402	0.01558	0.01090	0.01090	0.01558	0.01402	0.02025	0.02336	0.03427	0.02181	0.06542	0.65888	0.01402	0.02336	0.00935	0.00467	0.00779
107	0.01251	0.00913	0.01295	0.01295	0.01414	0.01032	0.00957	0.01489	0.01370	0.01946	0.02434	0.03968	0.02416	0.21438	0.51313	0.01270	0.01983	0.01014	0.00482	0.00719
108	0.01092	0.00863	0.00987	0.01032	0.01251	0.00758	0.00761	0.01338	0.01998	0.02533	0.16938	0.21887	0.38073	0.02266	0.01058	0.00310	0.00470	0.04802	0.00835	0.00748
109	0.01179	0.00808	0.00978	0.01066	0.01089	0.00786	0.00651	0.01245	0.01444	0.01925	0.03649	0.33274	0.04307	0.40229	0.02986	0.00631	0.00697	0.01798	0.00651	0.00607
110	0.03109	0.03730	0.02509	0.02228	0.02651	0.52350	0.01708	0.09023	0.02503	0.02464	0.01399	0.01663	0.01162	0.00985	0.01033	0.00246	0.09093	0.00607	0.00484	0.01051
111	0.01439	0.01219	0.01773	0.01661	0.01771	0.01552	0.01329	0.01716	0.01383	0.02047	0.01989	0.02984	0.01878	0.05078	0.47490	0.01104	0.21431	0.00885	0.00442	0.00830
112	0.01257	0.00848	0.00948	0.00948	0.00963	0.00840	0.00535	0.01268	0.01305	0.01725	0.03055	0.05844	0.06213	0.65963	0.04268	0.00818	0.00825	0.01297	0.00543	0.00539
113	0.01130	0.00881	0.01030	0.01039	0.01271	0.00781	0.00782	0.01422	0.02126	0.02762	0.27455	0.14122	0.34277	0.02126	0.01050	0.00300	0.00461	0.05354	0.00863	0.00768
114	0.02641	0.02987	0.03072	0.03991	0.37045	0.30055	0.02242	0.03031	0.02199	0.02536	0.01512	0.01902	0.01268	0.00831	0.00830	0.00244	0.01272	0.00683	0.00440	0.01219
115	0.01933	0.06766	0.32123	0.03027	0.04086	0.02188	0.31695	0.02771	0.01946	0.02742	0.01646	0.02073	0.01214	0.00778	0.00915	0.00281	0.01361	0.00827	0.00405	0.01225
116	0.02750	0.03308	0.02580	0.11247	0.06192	0.42997	0.01875	0.03033	0.02152	0.02178	0.01356	0.01763	0.01146	0.00998	0.01161	0.00263	0.12924	0.00637	0.00428	0.01014
117	0.02332	0.69869	0.04571	0.01493	0.02239	0.03451	0.01493	0.02612	0.01772	0.02052	0.01213	0.01399	0.01119	0.00746	0.00560	0.00187	0.00933	0.00466	0.00373	0.01119
118	0.02459	0.02199	0.02123	0.01860	0.02380	0.08896	0.01455	0.13155	0.47155	0.03774	0.03097	0.02901	0.02321	0.01133	0.00875	0.00283	0.00824	0.00911	0.00840	0.01358
119	0.01406	0.01004	0.01406	0.01606	0.01807	0.01004	0.01406	0.01807	0.02008	0.02610	0.04618	0.09839	0.05020	0.02410	0.01205	0.00402	0.00803	0.58032	0.00803	0.00803
120	0.02319	0.02233	0.02034	0.01829	0.02157	0.19037	0.01414	0.16417	0.02392	0.02944	0.02410	0.16268	0.02378	0.02363	0.12341	0.00481	0.08237	0.01107	0.00624	0.01015
121	0.01081	0.00886	0.00952	0.00936	0.01209	0.00757	0.00702	0.01348	0.02105	0.02635	0.22145	0.07937	0.50067	0.02105	0.01030	0.00290	0.00434	0.01777	0.00847	0.00757
122	0.02935	0.01372	0.01783	0.01446	0.01963	0.01265	0.01163	0.06539	0.06011	0.38530	0.22326	0.04058	0.04069	0.01306	0.00925	0.00272	0.00647	0.01100	0.01020	0.01270
123	0.01066	0.00885	0.00932	0.00921	0.01200	0.00751	0.00690	0.01320	0.02071	0.02554	0.18271	0.08070	0.53991	0.02136	0.01031	0.00291	0.00437	0.01795	0.00836	0.00751
124	0.02869	0.03403	0.02650	0.02306	0.02677	0.43144	0.04360	0.06727	0.02270	0.02367	0.01363	0.01725	0.01161	0.01059	0.01325	0.00270	0.18185	0.00647	0.00459	0.01034
125	0.01266	0.00855	0.00998	0.00998	0.01015	0.00871	0.00587	0.01299	0.01282	0.01726	0.02705	0.05470	0.03068	0.62791	0.10852	0.00904	0.01001	0.01234	0.00522	0.00555
126	0.01958	0.19363	0.47976	0.02248	0.03371	0.05566	0.02752	0.02765	0.01858	0.02569	0.01474	0.01727	0.01109	0.00814	0.00765	0.00253	0.01222	0.00600	0.00374	0.01237
127	0.02051	0.01962	0.03345	0.18445	0.51658	0.02044	0.02623	0.02582	0.01935	0.02718	0.01622	0.02194	0.01335	0.00797	0.00865	0.00266	0.01063	0.00777	0.00422	0.01294
128	0.01063	0.00759	0.01012	0.01215	0.01265	0.00709	0.00810	0.01215	0.01670	0.02227	0.04808	0.68775	0.05769	0.02733	0.01113	0.00354	0.00506	0.02480	0.00810	0.00709
129	0.02332	0.69869	0.04571	0.01493	0.02239	0.03451	0.01493	0.02612	0.01772	0.02052	0.01213	0.01399	0.01119	0.00746	0.00560	0.00187	0.00933	0.00466	0.00373	0.01119
130	0.02159	0.02073	0.03541	0.05354	0.63903	0.02073	0.02677	0.02677	0.01986	0.02850	0.01641	0.02159	0.01382	0.00777	0.00864	0.00259	0.01036	0.00777	0.00432	0.01382
131	0.24286	0.03305	0.02096	0.01899	0.02377	0.43537	0.01452	0.03281	0.05621	0.02741	0.01436	0.01624	0.01160	0.00889	0.00720	0.00242	0.01260	0.00560	0.00501	0.01013
132	0.01169	0.00889	0.01076	0.01029	0.01263	0.00795	0.00772	0.01520	0.02315	0.03132	0.45959	0.07117	0.25942	0.01920	0.01029	0.00281	0.00421	0.01662	0.00912	0.00795
133	0.01063	0.00759	0.01012	0.01215	0.01265	0.00709	0.00810	0.01215	0.01670	0.02227	0.04808	0.68775	0.05769	0.02733	0.01113	0.00354	0.00506	0.02480	0.00810	0.00709
134	0.01626	0.00813	0.00813	0.00813	0.01016	0.00813	0.00610	0.02033	0.01829	0.03252	0.02846	0.03252	0.02236	0.01016	0.00610	0.00203	0.00407	0.00813	0.74187	0.00813
135	0.01163	0.00889	0.01067	0.01022	0.01259	0.00793	0.00767	0.01507	0.02300	0.03096	0.44230	0.07177	0.27694	0.01933	0.01030	0.00281	0.00422	0.01670	0.00907	0.00793
136	0.01251	0.00917	0.01312	0.01312	0.01437	0.01042	0.00978	0.01500	0.01375	0.01958	0.02419	0.03882	0.02378	0.19062	0.53638	0.01291	0.02039	0.01001	0.00480	0.00729
137	0.02159	0.02073	0.03541	0.05354	0.63903	0.02073	0.02677	0.02677	0.01986	0.02850	0.01641	0.02159	0.01382	0.00777	0.00864	0.00259	0.01036	0.00777	0.00432	0.01382
138	0.02159	0.02073	0.03541	0.05354	0.63903	0.02073	0.02677	0.02677	0.01986	0.02850	0.01641	0.02159	0.01382	0.00777	0.00864	0.00259	0.01036	0.00777	0.00432	0.01382
139	0.02311	0.02171	0.02475	0.02103	0.02320	0.09736	0.01720	0.14682	0.02080	0.02877	0.01519	0.02059	0.01325	0.01595	0.05451	0.00384	0.39117	0.00757	0.04263	0.01056
140	0.02052	0.02332	0.05028	0.03610	0.04449	0.02228	0.57900	0.02761	0.02024	0.02761	0.01735	0.02332	0.01315	0.00773	0.01118	0.00298	0.04665	0.01017	0.00438	0.01166
141	0.02159	0.02073	0.03541	0.05354	0.63903	0.02073	0.02677	0.02677	0.01986	0.02850	0.01641	0.02159	0.01382	0.00777	0.00864	0.00259	0.01036	0.00777	0.00432	0.01382
142	0.02249	0.02242	0.03453	0.05101	0.58913	0.07271	0.02596	0.02743	0.02026	0.02791	0.01617	0.02111	0.01361	0.00787	0.00857	0.00256	0.01080	0.00760	0.00433	0.01351
143	0.02155	0.02440	0.03311	0.02616	0.03166	0.19551	0.26927	0.02624	0.01982	0.02387	0.01816	0.02450	0.01518	0.02476	0.19895	0.00598	0.01752	0.00872	0.00451	0.01015
144	0.01091	0.00886	0.00966	0.00946	0.01215	0.00762	0.00710	0.01367	0.02129	0.02690	0.24818	0.07845	0.47360	0.02084	0.01030	0.00289	0.00433	0.01764	0.00854	0.00762
145	0.02052	0.38447	0.33540	0.01970	0.02978	0.02766	0.02324	0.02684	0.01806	0.02394	0.01382	0.01612	0.01112	0.00786	0.00689	0.00230	0.01104	0.00552	0.00371	0.01201
146	0.01677	0.01287	0.01575	0.12406	0.05576	0.05116	0.01255	0.02175	0.04474	0.02674	0.02367	0.02985	0.01948	0.02495	0.18588	0.00555	0.01179	0.00831	0.29941	0.00898
147	0.02065	0.01747	0.02696	0.46491	0.15059	0.04768	0.02301	0.02592	0.01903	0.09462	0.01773	0.02338	0.01312	0.00881	0.00867	0.00280	0.01112	0.00778	0.00477	0.01099
148	0.01268	0.00846	0.00951	0.00951	0.00951	0.00846	0.00529	0.01268	0.01268	0.01691	0.02748	0.05708	0.03171	0.69345	0.04440	0.00846	0.00846	0.01268	0.00529	0.00529
149	0.01809	0.01550	0.01809	0.01292	0.02067	0.01163	0.01034	0.02196	0.01809	0.02842	0.01550	0.01809	0.01292	0.00646	0.00646	0.00129	0.00646	0.00517	0.00517	0.74677
150	0.03135	0.03637	0.02404	0.02120	0.02607	0.49995	0.01619	0.14219	0.02751	0.02784	0.01940	0.02082	0.04945	0.01006	0.00817	0.00236	0.01389	0.00681	0.00551	0.01084
151	0.01068	0.00788	0.01001	0.01153	0.01253	0.00720	0.00787	0.01248	0.01772	0.02328	0.09158	0.55004	0.15350	0.02588	0.01095	0.00339	0.00490	0.02319	0.00819	0.00720
152	0.02707	0.03269	0.02159	0.01996	0.02358	0.48058	0.01498	0.02942	0.02172	0.02090	0.01637	0.02180	0.01456	0.05143	0.16019	0.00524	0.01719	0.00678	0.00457	0.00937
153	0.02159	0.02073	0.03541	0.05354	0.63903	0.02073	0.02677	0.02677	0.01986	0.02850	0.01641	0.02159	0.01382	0.00777	0.00864	0.00259	0.01036	0.00777	0.00432	0.01382
154	0.01246	0.00935	0.01402	0.01402	0.01558	0.01090	0.01090	0.01558	0.01402	0.02025	0.02336	0.03427	0.02181	0.06542	0.65888	0.01402	0.02336	0.00935	0.00467	0.00779
155	0.02170	0.01874	0.01972	0.01775	0.02268	0.02170	0.01381	0.04635	0.62327	0.03649	0.03550	0.03254	0.02663	0.01183	0.00888	0.00296	0.00690	0.00986	0.00888	0.01381
156	0.02159	0.02073	0.03541	0.05354	0.63903	0.02073	0.02677	0.02677	0.01986	0.02850	0.01641	0.02159	0.01382	0.00777	0.00864	0.00259	0.01036	0.00777	0.00432	0.01382
157	0.01112	0.00800	0.01010	0.01157	0.01234	0.00750	0.00780	0.01260	0.01657	0.02173	0.04892	0.48636	0.11532	0.13645	0.01658	0.00431	0.00571	0.05251	0.00763	0.00687
158	0.01181	0.00892	0.01118	0.01254	0.01440	0.00828	0.00985	0.01449	0.01901	0.02413	0.06050	0.26975	0.24328	0.02441	0.01121	0.00353	0.00597	0.23115	0.00807	0.00753
159	0.02639	0.14226	0.03103	0.02701	0.15560	0.16316	0.05000	0.09177	0.13573	0.06342	0.02010	0.02152	0.01569	0.00916	0.00809	0.00249	0.01071	0.00735	0.00591	0.01260
160	0.02159	0.02073	0.03541	0.05354	0.63903	0.02073	0.02677	0.02677	0.01986	0.02850	0.01641	0.02159	0.01382	0.00777	0.00864	0.00259	0.01036	0.00777	0.00432	0.01382
161	0.02359	0.02137	0.03381	0.04776	0.53329	0.02182	0.02501	0.12753	0.02352	0.03307	0.01719	0.02148	0.01399	0.00824	0.00865	0.00260	0.01023	0.00779	0.00508	0.01399
162	0.01838	0.14482	0.55634	0.02335	0.03541	0.02243	0.02959	0.02739	0.01831	0.02654	0.01512	0.01774	0.01107	0.00816	0.00788	0.00263	0.01235	0.00617	0.00369	0.01263
163	0.01061	0.00765	0.01006	0.01198	0.01261	0.00710	0.00802	0.01216	0.01686	0.02233	0.05011	0.65734	0.08680	0.02706	0.01109	0.00351	0.00503	0.02448	0.00810	0.00710
164	0.02159	0.02073	0.03541	0.05354	0.63903	0.02073	0.02677	0.02677	0.01986	0.02850	0.01641	0.02159	0.01382	0.00777	0.00864	0.00259	0.01036	0.00777	0.00432	0.01382
165	0.09986	0.02668	0.20062	0.03250	0.20159	0.01962	0.14282	0.02936	0.01982	0.11697	0.01857	0.02150	0.01359	0.00829	0.00856	0.00274	0.01114	0.00775	0.00520	0.01283
166	0.01757	0.01333	0.01462	0.01345	0.01717	0.01363	0.01080	0.14031	0.09524	0.03329	0.08349	0.06203	0.25633	0.01759	0.00974	0.00297	0.00633	0.10949	0.07275	0.00987
167	0.01246	0.00935	0.01402	0.01402	0.01558	0.01090	0.01090	0.01558	0.01402	0.02025	0.02336	0.03427	0.02181	0.06542	0.65888	0.01402	0.02336	0.00935	0.00467	0.00779
168	0.02059	0.39207	0.32839	0.01959	0.02960	0.02783	0.02304	0.02683	0.01805	0.02385	0.01378	0.01607	0.01113	0.00785	0.00686	0.00229	0.01100	0.00550	0.00371	0.01199
169	0.01043	0.00884	0.00901	0.00897	0.01186	0.00742	0.00672	0.01276	0.02017	0.02425	0.12120	0.08282	0.60223	0.02184	0.01031	0.00293	0.00440	0.01825	0.00819	0.00742
170	0.02159	0.02073	0.03541	0.05354	0.63903	0.02073	0.02677	0.02677	0.01986	0.02850	0.01641	0.02159	0.01382	0.00777	0.00864	0.00259	0.01036	0.00777	0.00432	0.01382
171	0.55665	0.01631	0.01488	0.01259	0.01837	0.01770	0.01038	0.03032	0.01765	0.20706	0.01832	0.01847	0.01281	0.00885	0.00633	0.00270	0.00693	0.00585	0.00689	0.01094
172	0.02332	0.69869	0.04571	0.01493	0.02239	0.03451	0.01493	0.02612	0.01772	0.02052	0.01213	0.01399	0.01119	0.00746	0.00560	0.00187	0.00933	0.00466	0.00373	0.01119
173	0.03316	0.02443	0.02618	0.02007	0.02705	0.02705	0.01658	0.60995	0.04101	0.05497	0.02094	0.02094	0.01483	0.01047	0.00873	0.00262	0.00960	0.00785	0.00873	0.01483
174	0.03296	0.03037	0.02567	0.02090	0.02702	0.24578	0.01667	0.41071	0.03537	0.04332	0.01836	0.01914	0.01359	0.00996	0.00843	0.00249	0.01172	0.00708	0.00726	0.01320
175	0.01750	0.04512	0.64825	0.02486	0.03775	0.02026	0.03223	0.02762	0.01842	0.02762	0.01565	0.01842	0.01105	0.00829	0.00829	0.00276	0.01289	0.00645	0.00368	0.01289
176	0.01104	0.00892	0.00985	0.00977	0.01243	0.00773	0.00743	0.01385	0.02117	0.02673	0.23146	0.07968	0.45889	0.02106	0.01039	0.00295	0.00452	0.04602	0.00850	0.00763
177	0.01599	0.01251	0.01512	0.01495	0.01792	0.01325	0.01207	0.02677	0.21827	0.03240	0.23536	0.06604	0.05303	0.01805	0.01044	0.00325	0.00638	0.20943	0.00882	0.00998
178	0.02460	0.54939	0.07505	0.01677	0.02402	0.14153	0.01621	0.02771	0.01897	0.02105	0.01255	0.01453	0.01119	0.00777	0.00614	0.00198	0.01063	0.00493	0.00386	0.01110
179	0.01076	0.00776	0.01022	0.01213	0.01284	0.00723	0.00827	0.01242	0.01702	0.02250	0.05019	0.62960	0.08882	0.02690	0.01113	0.00353	0.00515	0.04829	0.00809	0.00714
180	0.01213	0.00891	0.01137	0.01075	0.01290	0.00814	0.00806	0.01605	0.02419	0.03379	0.57745	0.06712	0.14003	0.01828	0.01029	0.00276	0.00415	0.01605	0.00945	0.00814
181	0.01061	0.00765	0.01006	0.01198	0.01261	0.00710	0.00802	0.01216	0.01686	0.02233	0.05013	0.65702	0.08710	0.02706	0.01109	0.00351	0.00503	0.02447	0.00810	0.00710
182	0.03310	0.02624	0.02602	0.02032	0.02704	0.09373	0.01661	0.54921	0.03929	0.05142	0.02015	0.02039	0.01445	0.01031	0.00864	0.00258	0.01025	0.00762	0.00828	0.01434
183	0.75506	0.01687	0.01282	0.01147	0.01687	0.01957	0.00945	0.02564	0.01484	0.03914	0.01215	0.01417	0.00945	0.00810	0.00540	0.00270	0.00675	0.00472	0.00540	0.00945
184	0.02128	0.02041	0.03485	0.09075	0.60422	0.02064	0.02662	0.02650	0.01972	0.02812	0.01635	0.02169	0.01369	0.00783	0.00864	0.00261	0.01044	0.00777	0.00429	0.01357
185	0.01033	0.00877	0.00891	0.00902	0.01183	0.00735	0.00671	0.01250	0.01971	0.02349	0.08617	0.11687	0.60399	0.02238	0.01035	0.00298	0.00445	0.01876	0.00810	0.00735
186	0.01093	0.00777	0.01030	0.01220	0.01276	0.00732	0.00825	0.01249	0.01665	0.02216	0.04679	0.62010	0.05580	0.06541	0.01309	0.00385	0.00541	0.05373	0.00793	0.00703
187	0.03258	0.04157	0.02472	0.02247	0.02697	0.65843	0.01685	0.03483	0.02472	0.02135	0.01348	0.01573	0.01124	0.00899	0.00787	0.00225	0.01573	0.00562	0.00449	0.01011
188	0.01268	0.00846	0.00951	0.00951	0.00951	0.00846	0.00529	0.01268	0.01268	0.01691	0.02748	0.05708	0.03171	0.69345	0.04440	0.00846	0.00846	0.01268	0.00529	0.00529
189	0.01116	0.00790	0.00988	0.01125	0.01176	0.00747	0.00726	0.01231	0.01582	0.02092	0.04502	0.48368	0.08552	0.20422	0.01993	0.00481	0.00593	0.02119	0.00735	0.00662
