[name]
unknown

[dist]
# distance from previous block
# <min> <max>
0	0

[block]
# block no. 0 follows, 21 sequences, length 86
# corresponding to MSA columns:
# 0-85
name=unknown_A
#
# <colnr> <probs for GDERKNQSTAVLIFYWHMCP>
#	G	D	E	R	K	N	Q	S	T	A	V	L	I	F	Y	W	H	M	C	P
0	0.01371	0.00980	0.01371	0.01567	0.01763	0.00980	0.01371	0.01763	0.01959	0.02547	0.04506	0.09599	0.04898	0.02351	0.01175	0.00392	0.00784	0.59056	0.00784	0.00784
1	0.02117	0.01828	0.01924	0.01732	0.02213	0.02117	0.01347	0.04522	0.63246	0.03560	0.03464	0.03175	0.02598	0.01155	0.00866	0.00289	0.00673	0.00962	0.00866	0.01347
2	0.02110	0.48892	0.21316	0.01738	0.02601	0.02921	0.01919	0.02685	0.04745	0.02270	0.01390	0.01573	0.01162	0.00771	0.00634	0.00211	0.00995	0.00528	0.00387	0.01150
3	0.01217	0.00908	0.01346	0.01346	0.01491	0.01052	0.01037	0.01506	0.01361	0.01960	0.02299	0.03452	0.02175	0.09487	0.63680	0.01341	0.02209	0.00928	0.00459	0.00748
4	0.01478	0.00739	0.01109	0.01109	0.01109	0.00739	0.00739	0.01109	0.01109	0.01478	0.01478	0.02587	0.01478	0.02956	0.03326	0.75240	0.00739	0.00739	0.00370	0.00370
5	0.01174	0.00869	0.01095	0.01039	0.01253	0.00790	0.00779	0.01547	0.02337	0.03241	0.55759	0.06639	0.16713	0.01804	0.01004	0.00271	0.00406	0.01579	0.00914	0.00790
6	0.03235	0.02384	0.02554	0.01958	0.02639	0.02639	0.01618	0.61946	0.04001	0.05363	0.02043	0.02043	0.01447	0.01022	0.00851	0.00255	0.00936	0.00766	0.00851	0.01447
7	0.02771	0.02153	0.02293	0.01864	0.02462	0.02422	0.01505	0.38108	0.28595	0.04615	0.02633	0.02513	0.01925	0.01077	0.00857	0.00269	0.00827	0.00848	0.00857	0.01406
8	0.02106	0.02022	0.03454	0.05223	0.64784	0.02022	0.02612	0.02612	0.01938	0.02780	0.01601	0.02106	0.01348	0.00758	0.00842	0.00253	0.01011	0.00758	0.00421	0.01348
9	0.02106	0.02022	0.03454	0.05223	0.64784	0.02022	0.02612	0.02612	0.01938	0.02780	0.01601	0.02106	0.01348	0.00758	0.00842	0.00253	0.01011	0.00758	0.00421	0.01348
10	0.01862	0.01862	0.02607	0.02234	0.02234	0.02607	0.01862	0.02048	0.01303	0.02048	0.01117	0.01862	0.01117	0.01489	0.02793	0.00372	0.68535	0.00745	0.00372	0.00931
11	0.01216	0.00912	0.01368	0.01368	0.01520	0.01064	0.01064	0.01520	0.01368	0.01976	0.02279	0.03343	0.02127	0.06382	0.66720	0.01368	0.02279	0.00912	0.00456	0.00760
12	0.01586	0.00793	0.00793	0.00793	0.00991	0.00793	0.00595	0.01983	0.01785	0.03173	0.02776	0.03173	0.02181	0.00991	0.00595	0.00198	0.00397	0.00793	0.74817	0.00793
13	0.01807	0.04262	0.62674	0.02383	0.03612	0.01942	0.03055	0.02764	0.01827	0.05655	0.01614	0.01849	0.01127	0.00820	0.00811	0.00269	0.01232	0.00640	0.00392	0.01267
14	0.02117	0.01828	0.01924	0.01732	0.02213	0.02117	0.01347	0.04522	0.63246	0.03560	0.03464	0.03175	0.02598	0.01155	0.00866	0.00289	0.00673	0.00962	0.00866	0.01347
15	0.01586	0.00793	0.00793	0.00793	0.00991	0.00793	0.00595	0.01983	0.01785	0.03173	0.02776	0.03173	0.02181	0.00991	0.00595	0.00198	0.00397	0.00793	0.74817	0.00793
16	0.03179	0.04056	0.02412	0.02192	0.02631	0.66676	0.01644	0.03398	0.02412	0.02083	0.01315	0.01535	0.01096	0.00877	0.00767	0.00219	0.01535	0.00548	0.00438	0.00987
17	0.01497	0.00811	0.00874	0.00858	0.01057	0.00795	0.00643	0.01895	0.01930	0.03229	0.17156	0.03917	0.03547	0.01166	0.00690	0.00214	0.00398	0.00967	0.57558	0.00795
18	0.01478	0.00739	0.01109	0.01109	0.01109	0.00739	0.00739	0.01109	0.01109	0.01478	0.01478	0.02587	0.01478	0.02956	0.03326	0.75240	0.00739	0.00739	0.00370	0.00370
19	0.01021	0.00802	0.00925	0.01023	0.01192	0.00705	0.00718	0.01203	0.01785	0.02236	0.06661	0.38778	0.35115	0.02410	0.01046	0.00316	0.00462	0.02107	0.00790	0.00705
20	0.03235	0.02384	0.02554	0.01958	0.02639	0.02639	0.01618	0.61946	0.04001	0.05363	0.02043	0.02043	0.01447	0.01022	0.00851	0.00255	0.00936	0.00766	0.00851	0.01447
21	0.76103	0.01646	0.01251	0.01119	0.01646	0.01909	0.00922	0.02502	0.01448	0.03818	0.01185	0.01382	0.00922	0.00790	0.00527	0.00263	0.00658	0.00461	0.00527	0.00922
22	0.01862	0.01862	0.02607	0.02234	0.02234	0.02607	0.01862	0.02048	0.01303	0.02048	0.01117	0.01862	0.01117	0.01489	0.02793	0.00372	0.68535	0.00745	0.00372	0.00931
23	0.02080	0.01995	0.03407	0.08521	0.61691	0.02015	0.02599	0.02589	0.01925	0.02748	0.01596	0.02115	0.01337	0.00763	0.00843	0.00254	0.01017	0.00758	0.00419	0.01327
24	0.01204	0.00870	0.01138	0.01071	0.01271	0.00803	0.00803	0.01606	0.02409	0.03413	0.64335	0.06357	0.08030	0.01740	0.01004	0.00268	0.00401	0.01539	0.00937	0.00803
25	0.03179	0.04056	0.02412	0.02192	0.02631	0.66676	0.01644	0.03398	0.02412	0.02083	0.01315	0.01535	0.01096	0.00877	0.00767	0.00219	0.01535	0.00548	0.00438	0.00987
26	0.01006	0.00862	0.00862	0.00862	0.01149	0.00718	0.00647	0.01221	0.01940	0.02299	0.08621	0.08190	0.64438	0.02155	0.01006	0.00287	0.00431	0.01796	0.00790	0.00718
27	0.02106	0.02022	0.03454	0.05223	0.64784	0.02022	0.02612	0.02612	0.01938	0.02780	0.01601	0.02106	0.01348	0.00758	0.00842	0.00253	0.01011	0.00758	0.00421	0.01348
28	0.03179	0.04056	0.02412	0.02192	0.02631	0.66676	0.01644	0.03398	0.02412	0.02083	0.01315	0.01535	0.01096	0.00877	0.00767	0.00219	0.01535	0.00548	0.00438	0.00987
29	0.01862	0.01862	0.02607	0.02234	0.02234	0.02607	0.01862	0.02048	0.01303	0.02048	0.01117	0.01862	0.01117	0.01489	0.02793	0.00372	0.68535	0.00745	0.00372	0.00931
30	0.01707	0.04402	0.65683	0.02426	0.03683	0.01976	0.03144	0.02695	0.01797	0.02695	0.01527	0.01797	0.01078	0.00809	0.00809	0.00270	0.01258	0.00629	0.00359	0.01258
31	0.02072	0.01987	0.03392	0.09527	0.60748	0.02013	0.02595	0.02582	0.01922	0.02739	0.01595	0.02117	0.01333	0.00765	0.00843	0.00255	0.01019	0.00758	0.00418	0.01320
32	0.03235	0.02384	0.02554	0.01958	0.02639	0.02639	0.01618	0.61946	0.04001	0.05363	0.02043	0.02043	0.01447	0.01022	0.00851	0.00255	0.00936	0.00766	0.00851	0.01447
33	0.03492	0.01537	0.01972	0.01542	0.02152	0.01431	0.01253	0.10070	0.06696	0.51168	0.03188	0.02980	0.02128	0.05037	0.01056	0.00297	0.00749	0.00876	0.00988	0.01387
34	0.01607	0.01513	0.02552	0.68047	0.05861	0.01891	0.02363	0.02174	0.01702	0.02174	0.01513	0.02269	0.01134	0.00851	0.00851	0.00284	0.01134	0.00756	0.00378	0.00945
35	0.01862	0.01862	0.02607	0.02234	0.02234	0.02607	0.01862	0.02048	0.01303	0.02048	0.01117	0.01862	0.01117	0.01489	0.02793	0.00372	0.68535	0.00745	0.00372	0.00931
36	0.01044	0.00857	0.00920	0.00919	0.01177	0.00732	0.00683	0.01290	0.02008	0.02496	0.18601	0.11391	0.50714	0.02109	0.01010	0.00287	0.00429	0.01785	0.00817	0.00732
37	0.01707	0.04402	0.65683	0.02426	0.03683	0.01976	0.03144	0.02695	0.01797	0.02695	0.01527	0.01797	0.01078	0.00809	0.00809	0.00270	0.01258	0.00629	0.00359	0.01258
38	0.03179	0.04056	0.02412	0.02192	0.02631	0.66676	0.01644	0.03398	0.02412	0.02083	0.01315	0.01535	0.01096	0.00877	0.00767	0.00219	0.01535	0.00548	0.00438	0.00987
39	0.01175	0.00799	0.00947	0.01009	0.01024	0.00783	0.00602	0.01221	0.01361	0.01814	0.03312	0.25647	0.03889	0.48929	0.03313	0.00675	0.00721	0.01608	0.00602	0.00571
40	0.02050	0.02017	0.03185	0.19721	0.47553	0.05606	0.02500	0.02554	0.01909	0.02600	0.01564	0.02112	0.01284	0.00786	0.00840	0.00258	0.01069	0.00746	0.00412	0.01234
41	0.01895	0.01871	0.02869	0.40828	0.26938	0.06376	0.02404	0.02416	0.01836	0.02387	0.01531	0.02160	0.01209	0.00819	0.00842	0.00268	0.01117	0.00743	0.00398	0.01094
42	0.01089	0.00781	0.01034	0.01149	0.01246	0.00726	0.00794	0.01316	0.01871	0.02557	0.23203	0.49927	0.06374	0.02379	0.01061	0.00321	0.00465	0.02146	0.00836	0.00726
43	0.01014	0.00831	0.00894	0.00944	0.01171	0.00712	0.00683	0.01212	0.01861	0.02267	0.07626	0.23725	0.49546	0.02285	0.01026	0.00302	0.00447	0.01954	0.00790	0.00712
44	0.03142	0.03252	0.02442	0.02071	0.02611	0.37036	0.01617	0.27260	0.06459	0.03499	0.01731	0.01833	0.01323	0.00951	0.00807	0.00238	0.01243	0.00660	0.00630	0.01194
45	0.01734	0.04239	0.61421	0.02617	0.07868	0.01979	0.03108	0.02689	0.01806	0.02701	0.01532	0.01818	0.01097	0.00805	0.00811	0.00268	0.01241	0.00638	0.00364	0.01264
46	0.03235	0.02384	0.02554	0.01958	0.02639	0.02639	0.01618	0.61946	0.04001	0.05363	0.02043	0.02043	0.01447	0.01022	0.00851	0.00255	0.00936	0.00766	0.00851	0.01447
47	0.01234	0.00841	0.01009	0.01009	0.01037	0.00869	0.00617	0.01290	0.01262	0.01710	0.02607	0.05158	0.02915	0.58323	0.15857	0.00925	0.01094	0.01177	0.00505	0.00561
48	0.02106	0.02022	0.03454	0.05223	0.64784	0.02022	0.02612	0.02612	0.01938	0.02780	0.01601	0.02106	0.01348	0.00758	0.00842	0.00253	0.01011	0.00758	0.00421	0.01348
49	0.01607	0.01513	0.02552	0.68047	0.05861	0.01891	0.02363	0.02174	0.01702	0.02174	0.01513	0.02269	0.01134	0.00851	0.00851	0.00284	0.01134	0.00756	0.00378	0.00945
50	0.02072	0.01987	0.03392	0.09527	0.60748	0.02013	0.02595	0.02582	0.01922	0.02739	0.01595	0.02117	0.01333	0.00765	0.00843	0.00255	0.01019	0.00758	0.00418	0.01320
51	0.01727	0.04284	0.62612	0.02564	0.06699	0.01979	0.03118	0.02691	0.01804	0.02699	0.01531	0.01812	0.01091	0.00806	0.00810	0.00269	0.01246	0.00635	0.00362	0.01262
52	0.01986	0.02592	0.15694	0.03929	0.24838	0.02075	0.30772	0.02681	0.01945	0.02739	0.01645	0.02139	0.01271	0.00748	0.00913	0.00272	0.01258	0.00851	0.00414	0.01236
53	0.01707	0.04402	0.65683	0.02426	0.03683	0.01976	0.03144	0.02695	0.01797	0.02695	0.01527	0.01797	0.01078	0.00809	0.00809	0.00270	0.01258	0.00629	0.00359	0.01258
54	0.02117	0.01828	0.01924	0.01732	0.02213	0.02117	0.01347	0.04522	0.63246	0.03560	0.03464	0.03175	0.02598	0.01155	0.00866	0.00289	0.00673	0.00962	0.00866	0.01347
55	0.02083	0.02086	0.03820	0.04841	0.50689	0.02052	0.16413	0.02638	0.01954	0.02768	0.01629	0.02150	0.01335	0.00749	0.00880	0.00261	0.01110	0.00816	0.00423	0.01301
56	0.01774	0.12182	0.58488	0.02312	0.03507	0.02140	0.02946	0.02678	0.01789	0.02614	0.01487	0.01746	0.01080	0.00799	0.00778	0.00259	0.01217	0.00608	0.00360	0.01238
57	0.02097	0.02048	0.03603	0.05068	0.59052	0.02034	0.08225	0.02623	0.01944	0.02775	0.01612	0.02124	0.01343	0.00754	0.00858	0.00256	0.01051	0.00782	0.00422	0.01329
58	0.01804	0.03825	0.50599	0.03104	0.18493	0.01987	0.03015	0.02675	0.01831	0.02716	0.01545	0.01872	0.01143	0.00796	0.00817	0.00265	0.01198	0.00660	0.00374	0.01280
59	0.01220	0.00820	0.00942	0.00956	0.00968	0.00813	0.00551	0.01249	0.01321	0.01770	0.05546	0.10864	0.03518	0.61554	0.03919	0.00761	0.00779	0.01348	0.00557	0.00543
60	0.01023	0.00796	0.00931	0.01039	0.01196	0.00704	0.00725	0.01201	0.01770	0.02230	0.06469	0.41776	0.32241	0.02435	0.01050	0.00319	0.00465	0.02137	0.00790	0.00704
61	0.01707	0.04402	0.65683	0.02426	0.03683	0.01976	0.03144	0.02695	0.01797	0.02695	0.01527	0.01797	0.01078	0.00809	0.00809	0.00270	0.01258	0.00629	0.00359	0.01258
62	0.01955	0.02097	0.07132	0.18667	0.37071	0.02014	0.13502	0.02541	0.01890	0.02631	0.01599	0.02159	0.01275	0.00774	0.00872	0.00267	0.01131	0.00796	0.00410	0.01217
63	0.01707	0.04402	0.65683	0.02426	0.03683	0.01976	0.03144	0.02695	0.01797	0.02695	0.01527	0.01797	0.01078	0.00809	0.00809	0.00270	0.01258	0.00629	0.00359	0.01258
64	0.01037	0.00741	0.00987	0.01185	0.01234	0.00691	0.00790	0.01185	0.01629	0.02172	0.04690	0.69537	0.05629	0.02666	0.01086	0.00346	0.00494	0.02419	0.00790	0.00691
65	0.01888	0.01800	0.03061	0.32629	0.39080	0.01965	0.02503	0.02421	0.01835	0.02516	0.01562	0.02177	0.01255	0.00799	0.00846	0.00266	0.01065	0.00757	0.00402	0.01172
66	0.02011	0.01925	0.03282	0.17214	0.53538	0.01997	0.02564	0.02528	0.01893	0.02665	0.01584	0.02137	0.01307	0.00776	0.00844	0.00259	0.01035	0.00758	0.00413	0.01271
67	0.01037	0.00741	0.00987	0.01185	0.01234	0.00691	0.00790	0.01185	0.01629	0.02172	0.04690	0.69537	0.05629	0.02666	0.01086	0.00346	0.00494	0.02419	0.00790	0.00691
68	0.01925	0.29815	0.42181	0.02053	0.03108	0.02510	0.02496	0.02639	0.01771	0.02429	0.01395	0.01631	0.01083	0.00778	0.00708	0.00236	0.01124	0.00562	0.00361	0.01194
69	0.02968	0.19602	0.02890	0.02020	0.02527	0.51887	0.01600	0.03200	0.02252	0.02064	0.01285	0.01495	0.01095	0.00842	0.00716	0.00211	0.01389	0.00526	0.00421	0.01011
70	0.01121	0.00867	0.01022	0.00983	0.01220	0.00768	0.00738	0.01445	0.02213	0.02947	0.41028	0.07124	0.31628	0.01914	0.01005	0.00276	0.00414	0.01647	0.00875	0.00768
71	0.01707	0.04402	0.65683	0.02426	0.03683	0.01976	0.03144	0.02695	0.01797	0.02695	0.01527	0.01797	0.01078	0.00809	0.00809	0.00270	0.01258	0.00629	0.00359	0.01258
72	0.02080	0.01995	0.03407	0.08521	0.61691	0.02015	0.02599	0.02589	0.01925	0.02748	0.01596	0.02115	0.01337	0.00763	0.00843	0.00254	0.01017	0.00758	0.00419	0.01327
73	0.02130	0.02306	0.06735	0.04609	0.47058	0.05772	0.13496	0.02682	0.01971	0.02726	0.01603	0.02093	0.01310	0.00760	0.00866	0.00258	0.01132	0.00785	0.00421	0.01286
74	0.01185	0.00843	0.01123	0.01161	0.01241	0.00888	0.00802	0.01355	0.01433	0.01980	0.06188	0.18348	0.03516	0.27382	0.27737	0.00905	0.01298	0.01378	0.00573	0.00663
75	0.01152	0.00890	0.01285	0.13530	0.02091	0.00919	0.01081	0.01391	0.01686	0.02242	0.07438	0.53578	0.04933	0.02279	0.01038	0.00330	0.00607	0.02063	0.00722	0.00744
76	0.02722	0.02000	0.02188	0.01777	0.02311	0.02184	0.01424	0.47752	0.03447	0.04618	0.02662	0.17810	0.02424	0.01406	0.00906	0.00276	0.00833	0.01152	0.00837	0.01271
77	0.05953	0.41061	0.03429	0.01617	0.02234	0.14985	0.01438	0.08250	0.05110	0.02572	0.05041	0.01837	0.01592	0.00866	0.00657	0.00210	0.00978	0.00589	0.00489	0.01093
78	0.01030	0.00769	0.00958	0.01110	0.01215	0.00698	0.00756	0.01193	0.01702	0.02202	0.05609	0.55206	0.19367	0.02547	0.01067	0.00332	0.00479	0.02274	0.00790	0.00698
79	0.02823	0.03426	0.02807	0.02894	0.15123	0.46346	0.05960	0.03132	0.02237	0.02264	0.01391	0.01716	0.01161	0.00871	0.00894	0.00238	0.04587	0.00631	0.00431	0.01067
80	0.09157	0.02363	0.03058	0.04283	0.47455	0.13955	0.02276	0.02747	0.01980	0.02748	0.01510	0.01934	0.01262	0.00783	0.00799	0.00248	0.01075	0.00692	0.00434	0.01242
81	0.02928	0.03581	0.02655	0.02900	0.17150	0.51572	0.01870	0.03214	0.02301	0.02246	0.01382	0.01668	0.01155	0.00849	0.00785	0.00227	0.01412	0.00597	0.00434	0.01071
82	0.19588	0.30810	0.25371	0.01719	0.02587	0.02529	0.01927	0.02589	0.01686	0.02678	0.01305	0.01522	0.01047	0.00771	0.00634	0.00232	0.00973	0.00518	0.00401	0.01110
83	0.18923	0.02270	0.16718	0.02013	0.08984	0.01797	0.01720	0.03040	0.16100	0.08836	0.02840	0.02846	0.08355	0.01047	0.00787	0.00272	0.00821	0.00829	0.00632	0.01171
84	0.02897	0.02848	0.02273	0.01929	0.02428	0.29146	0.01506	0.28362	0.03052	0.03626	0.07660	0.06121	0.02151	0.01122	0.00844	0.00247	0.01112	0.00842	0.00683	0.01151
85	0.02291	0.18017	0.02582	0.01590	0.02218	0.06600	0.01327	0.13803	0.14461	0.03155	0.02048	0.04955	0.01702	0.00936	0.00728	0.00211	0.00817	0.00719	0.00616	0.21225

[dist]
# distance from previous block
# <min> <max>
0	1

[block]
# block no. 1 follows, 21 sequences, length 14
# corresponding to MSA columns:
# 87-100
name=unknown_B
#
# <colnr> <probs for GDERKNQSTAVLIFYWHMCP>
#	G	D	E	R	K	N	Q	S	T	A	V	L	I	F	Y	W	H	M	C	P
0	0.02219	0.02459	0.03619	0.03459	0.19130	0.14178	0.22601	0.02676	0.01914	0.02476	0.01486	0.02013	0.01232	0.00922	0.01301	0.00284	0.15688	0.00801	0.00417	0.01123
1	0.02129	0.01756	0.02357	0.15948	0.03138	0.01809	0.06559	0.21437	0.02478	0.03399	0.02131	0.11161	0.01887	0.01086	0.00842	0.00245	0.00886	0.00944	0.00622	0.19185
2	0.02349	0.16999	0.02614	0.01666	0.02213	0.06461	0.01402	0.21326	0.04736	0.03230	0.01800	0.02111	0.01483	0.01951	0.13455	0.00440	0.04081	0.00685	0.00579	0.10418
3	0.21439	0.18429	0.02665	0.01643	0.02280	0.06884	0.01405	0.28979	0.02713	0.03960	0.01574	0.01682	0.01207	0.00884	0.00691	0.00238	0.00900	0.00601	0.00627	0.01200
4	0.02979	0.20027	0.03003	0.01885	0.02522	0.17559	0.01583	0.33447	0.03061	0.03758	0.01658	0.01755	0.01277	0.00914	0.00755	0.00229	0.01067	0.00637	0.00633	0.01251
5	0.01269	0.01138	0.01128	0.01101	0.01345	0.06339	0.00821	0.01510	0.01880	0.02314	0.13353	0.06294	0.35921	0.07465	0.13804	0.00523	0.00901	0.01451	0.00696	0.00746
6	0.09757	0.06574	0.02247	0.04795	0.07509	0.10531	0.01474	0.13350	0.07773	0.05859	0.11333	0.05669	0.02585	0.01157	0.00955	0.00265	0.05505	0.00894	0.00662	0.01105
7	0.01477	0.00959	0.01254	0.01268	0.01450	0.00963	0.00919	0.01886	0.06956	0.08729	0.11312	0.32235	0.04473	0.07596	0.13831	0.00551	0.00885	0.01658	0.00758	0.00838
8	0.02794	0.03244	0.02536	0.02640	0.14460	0.42223	0.01746	0.06379	0.02327	0.02490	0.01436	0.01702	0.01185	0.00830	0.00769	0.00216	0.01284	0.00595	0.00467	0.10678
9	0.01862	0.01563	0.02099	0.02279	0.13536	0.01760	0.01515	0.02791	0.19348	0.05763	0.16566	0.07887	0.03497	0.01375	0.01276	0.00296	0.13666	0.01107	0.00708	0.01104
10	0.02272	0.01707	0.01857	0.01487	0.02034	0.01748	0.01193	0.26158	0.09757	0.03957	0.06842	0.03026	0.06930	0.01086	0.00795	0.00228	0.00696	0.00868	0.10675	0.16684
11	0.02683	0.03256	0.02206	0.02023	0.02373	0.48787	0.01537	0.02918	0.02121	0.02058	0.01504	0.01934	0.01313	0.02068	0.14684	0.00469	0.06057	0.00637	0.00438	0.00936
12	0.02768	0.14949	0.02505	0.01624	0.02192	0.02121	0.01355	0.26946	0.02792	0.16956	0.02650	0.14608	0.02295	0.01277	0.00837	0.00260	0.00804	0.01032	0.00790	0.01239
13	0.02616	0.02533	0.02542	0.02436	0.10229	0.18865	0.01754	0.21616	0.02537	0.03205	0.01623	0.01991	0.01331	0.01502	0.06772	0.00364	0.15662	0.00717	0.00556	0.01148

[dist]
# distance from previous block
# <min> <max>
3	46

[block]
# block no. 2 follows, 21 sequences, length 33
# corresponding to MSA columns:
# 147-179
name=unknown_C
#
# <colnr> <probs for GDERKNQSTAVLIFYWHMCP>
#	G	D	E	R	K	N	Q	S	T	A	V	L	I	F	Y	W	H	M	C	P
0	0.07106	0.02414	0.02075	0.09793	0.02633	0.24680	0.01527	0.03037	0.15212	0.02551	0.01953	0.02281	0.01584	0.01666	0.09118	0.00399	0.06973	0.00728	0.03253	0.01016
1	0.02518	0.02878	0.03295	0.03747	0.30139	0.27819	0.11887	0.02944	0.02138	0.02493	0.01507	0.01909	0.01238	0.00799	0.00839	0.00245	0.01289	0.00715	0.00430	0.01171
2	0.02083	0.01953	0.03076	0.07726	0.48155	0.02036	0.02325	0.03003	0.15223	0.02918	0.02000	0.02347	0.01608	0.00849	0.00848	0.00262	0.00944	0.00802	0.00515	0.01327
3	0.01416	0.00780	0.01170	0.01170	0.01206	0.00816	0.00816	0.01206	0.01170	0.01596	0.01668	0.02766	0.01632	0.03768	0.18352	0.57730	0.01104	0.00780	0.00390	0.00462
4	0.01130	0.00919	0.01008	0.00986	0.01252	0.00827	0.00738	0.01528	0.05839	0.02674	0.23259	0.09893	0.42908	0.02002	0.01000	0.00284	0.00441	0.01700	0.00835	0.00779
5	0.01140	0.00847	0.01095	0.01187	0.01335	0.00754	0.00818	0.01334	0.01698	0.02330	0.08214	0.56828	0.05235	0.02348	0.01023	0.00313	0.00505	0.02120	0.00764	0.10111
6	0.01371	0.00980	0.01371	0.01567	0.01763	0.00980	0.01371	0.01763	0.01959	0.02547	0.04506	0.09599	0.04898	0.02351	0.01175	0.00392	0.00784	0.59056	0.00784	0.00784
7	0.01058	0.00864	0.00934	0.00917	0.01181	0.00741	0.00687	0.01322	0.02062	0.02590	0.23195	0.07710	0.49683	0.02047	0.01005	0.00282	0.00423	0.01729	0.00829	0.00741
8	0.01862	0.01862	0.02607	0.02234	0.02234	0.02607	0.01862	0.02048	0.01303	0.02048	0.01117	0.01862	0.01117	0.01489	0.02793	0.00372	0.68535	0.00745	0.00372	0.00931
9	0.01707	0.04402	0.65683	0.02426	0.03683	0.01976	0.03144	0.02695	0.01797	0.02695	0.01527	0.01797	0.01078	0.00809	0.00809	0.00270	0.01258	0.00629	0.00359	0.01258
10	0.02271	0.53100	0.03865	0.01571	0.02163	0.08791	0.01470	0.02537	0.01746	0.02080	0.01277	0.01537	0.01156	0.00841	0.00819	0.00207	0.08465	0.00515	0.04541	0.01048
11	0.02373	0.02207	0.02053	0.01820	0.02313	0.11701	0.01415	0.09484	0.48969	0.03503	0.03019	0.02832	0.02273	0.01102	0.00850	0.00275	0.00824	0.00883	0.00801	0.01303
12	0.72421	0.01639	0.01315	0.04427	0.01854	0.01908	0.00993	0.02485	0.01461	0.03737	0.01201	0.01426	0.00932	0.00793	0.00543	0.00264	0.00682	0.00475	0.00519	0.00923
13	0.02811	0.01975	0.02101	0.01659	0.02216	0.02165	0.01355	0.46537	0.03432	0.04800	0.02232	0.02333	0.01636	0.01014	0.00785	0.00241	0.00798	0.00773	0.19859	0.01279
14	0.01037	0.00741	0.00987	0.01185	0.01234	0.00691	0.00790	0.01185	0.01629	0.02172	0.04690	0.69537	0.05629	0.02666	0.01086	0.00346	0.00494	0.02419	0.00790	0.00691
15	0.01163	0.00853	0.01091	0.01064	0.01254	0.00780	0.00786	0.01514	0.02262	0.03142	0.51118	0.14599	0.13403	0.01900	0.01014	0.00280	0.00416	0.01677	0.00903	0.00780
16	0.01238	0.00825	0.00928	0.00928	0.00928	0.00825	0.00516	0.01238	0.01238	0.01650	0.02681	0.05569	0.03094	0.70092	0.04331	0.00825	0.00825	0.01238	0.00516	0.00516
17	0.01236	0.00831	0.00957	0.00957	0.00967	0.00841	0.00552	0.01256	0.01246	0.01671	0.02655	0.05423	0.03030	0.65900	0.08437	0.00861	0.00921	0.01216	0.00512	0.00532
18	0.03114	0.08846	0.02559	0.02139	0.02599	0.62119	0.01631	0.03337	0.02362	0.02077	0.01306	0.01522	0.01096	0.00866	0.00751	0.00217	0.01490	0.00541	0.00433	0.00994
19	0.01548	0.01393	0.02058	0.29929	0.11193	0.01546	0.01760	0.02194	0.08229	0.02462	0.03805	0.04554	0.17548	0.01347	0.00922	0.00292	0.00860	0.06819	0.00578	0.00964
20	0.01035	0.00749	0.00978	0.01162	0.01228	0.00693	0.00780	0.01188	0.01652	0.02182	0.04973	0.65121	0.09861	0.02629	0.01080	0.00341	0.00489	0.02374	0.00790	0.00693
21	0.02241	0.02232	0.02993	0.04091	0.43514	0.10051	0.02218	0.03123	0.15294	0.02863	0.01969	0.02267	0.01588	0.00859	0.00838	0.00256	0.01003	0.00776	0.00520	0.01303
22	0.03071	0.03852	0.02516	0.02496	0.08860	0.60196	0.01741	0.03319	0.02364	0.02153	0.01344	0.01592	0.01121	0.00865	0.00775	0.00223	0.01482	0.00569	0.00437	0.01023
23	0.06681	0.06810	0.48082	0.02500	0.03616	0.02065	0.13177	0.02681	0.01808	0.02743	0.01523	0.01838	0.01106	0.00788	0.00813	0.00268	0.01234	0.00676	0.00383	0.01209
24	0.01058	0.00826	0.00961	0.01007	0.01202	0.00728	0.00725	0.01294	0.01946	0.02501	0.19491	0.26749	0.34031	0.02223	0.01030	0.00301	0.00444	0.01933	0.00822	0.00728
25	0.01868	0.01556	0.04166	0.01499	0.01879	0.01563	0.01194	0.15383	0.18035	0.03524	0.18575	0.16124	0.04242	0.05075	0.01114	0.00313	0.00660	0.01336	0.00828	0.01064
26	0.01351	0.01111	0.01628	0.01549	0.01670	0.01387	0.01231	0.01630	0.01354	0.01991	0.02036	0.03032	0.01916	0.05356	0.53309	0.01159	0.16179	0.00877	0.00438	0.00796
27	0.01865	0.22802	0.48666	0.02156	0.03267	0.02363	0.02675	0.02654	0.01778	0.02502	0.01432	0.01677	0.01082	0.00786	0.00736	0.00245	0.01161	0.00581	0.00361	0.01212
28	0.02106	0.02022	0.03454	0.05223	0.64784	0.02022	0.02612	0.02612	0.01938	0.02780	0.01601	0.02106	0.01348	0.00758	0.00842	0.00253	0.01011	0.00758	0.00421	0.01348
29	0.01765	0.01513	0.01765	0.01260	0.02017	0.01134	0.01008	0.02143	0.01765	0.02773	0.01513	0.01765	0.01260	0.00630	0.00630	0.00126	0.00630	0.00504	0.00504	0.75295
30	0.02352	0.02236	0.09122	0.03432	0.27779	0.04432	0.11362	0.06687	0.02168	0.11729	0.04456	0.02344	0.01686	0.00853	0.00857	0.00253	0.01027	0.00806	0.00561	0.05857
31	0.02471	0.56170	0.04015	0.01616	0.02281	0.17099	0.01497	0.02733	0.01877	0.02020	0.01212	0.01402	0.01093	0.00760	0.00594	0.00190	0.01046	0.00475	0.00380	0.01069
32	0.01226	0.00820	0.00931	0.00942	0.00945	0.00818	0.00531	0.01235	0.01259	0.01679	0.02792	0.09104	0.03234	0.66367	0.04152	0.00799	0.00807	0.01303	0.00531	0.00525

[dist]
# distance from previous block
# <min> <max>
0	1

[block]
# block no. 3 follows, 21 sequences, length 60
# corresponding to MSA columns:
# 181-240
name=unknown_D
#
# <colnr> <probs for GDERKNQSTAVLIFYWHMCP>
#	G	D	E	R	K	N	Q	S	T	A	V	L	I	F	Y	W	H	M	C	P
0	0.01280	0.00978	0.01343	0.01318	0.01399	0.01134	0.00966	0.01467	0.01342	0.01902	0.02463	0.09131	0.02585	0.24659	0.35655	0.01013	0.09063	0.01111	0.00491	0.00700
1	0.05476	0.07427	0.59516	0.02314	0.03509	0.02039	0.02952	0.02678	0.01776	0.02718	0.01494	0.01755	0.01071	0.00804	0.00782	0.00265	0.01211	0.00612	0.00368	0.01233
2	0.02410	0.11139	0.05870	0.02266	0.10583	0.19438	0.01684	0.10784	0.02210	0.02742	0.01550	0.01876	0.01290	0.01317	0.06431	0.00317	0.04411	0.00632	0.00488	0.12562
3	0.01062	0.00784	0.00948	0.01065	0.01164	0.00720	0.00710	0.01202	0.01640	0.02117	0.05307	0.44239	0.19382	0.13628	0.01600	0.00410	0.00533	0.02075	0.00745	0.00669
4	0.01834	0.01654	0.02385	0.01745	0.02467	0.01378	0.12890	0.05235	0.01916	0.02852	0.01812	0.06823	0.01594	0.00816	0.00748	0.00180	0.00793	0.00755	0.00528	0.51594
5	0.02270	0.08390	0.41344	0.02108	0.03129	0.06612	0.02447	0.02995	0.01960	0.14860	0.01844	0.01960	0.01290	0.00848	0.00788	0.00252	0.01120	0.00649	0.00508	0.04625
6	0.01715	0.01476	0.01848	0.04504	0.02055	0.04600	0.01364	0.07749	0.07908	0.02482	0.02099	0.02819	0.01847	0.04016	0.36996	0.00883	0.13338	0.00851	0.00516	0.00932
7	0.01805	0.03720	0.46044	0.02802	0.03931	0.02033	0.22099	0.02705	0.01865	0.02705	0.01590	0.01958	0.01147	0.00779	0.00872	0.00275	0.01315	0.00750	0.00382	0.01222
8	0.02381	0.01988	0.02376	0.02439	0.14545	0.02163	0.01640	0.18950	0.31327	0.03820	0.02587	0.02568	0.01956	0.01004	0.00840	0.00261	0.00805	0.00838	0.00749	0.06764
9	0.01235	0.00828	0.00943	0.00939	0.00953	0.00823	0.00537	0.01264	0.01323	0.01779	0.07176	0.05626	0.03454	0.65110	0.04089	0.00784	0.00794	0.01260	0.00546	0.00537
10	0.02487	0.01880	0.02061	0.01682	0.02199	0.02058	0.01352	0.34982	0.15171	0.04502	0.18565	0.03389	0.03389	0.01235	0.00894	0.00265	0.00746	0.01006	0.00876	0.01260
11	0.02120	0.03824	0.53226	0.02247	0.03388	0.01834	0.02774	0.02979	0.01922	0.14951	0.01885	0.02012	0.01279	0.00856	0.00818	0.00268	0.01153	0.00673	0.00495	0.01295
12	0.01950	0.02707	0.16883	0.03360	0.04298	0.02118	0.50244	0.02720	0.01967	0.02720	0.01684	0.02198	0.01250	0.00735	0.00966	0.00284	0.01400	0.00931	0.00417	0.01169
13	0.02804	0.03371	0.02218	0.02022	0.02417	0.50995	0.01531	0.05830	0.02287	0.02219	0.01536	0.01907	0.01311	0.01943	0.13463	0.00442	0.01649	0.00628	0.00462	0.00965
14	0.76103	0.01646	0.01251	0.01119	0.01646	0.01909	0.00922	0.02502	0.01448	0.03818	0.01185	0.01382	0.00922	0.00790	0.00527	0.00263	0.00658	0.00461	0.00527	0.00922
15	0.01478	0.00739	0.01109	0.01109	0.01109	0.00739	0.00739	0.01109	0.01109	0.01478	0.01478	0.02587	0.01478	0.02956	0.03326	0.75240	0.00739	0.00739	0.00370	0.00370
16	0.01273	0.00940	0.01250	0.01223	0.01291	0.01063	0.00862	0.01424	0.01301	0.01827	0.02385	0.04290	0.02512	0.36217	0.32495	0.01038	0.06420	0.01054	0.00478	0.00657
17	0.02106	0.02022	0.03454	0.05223	0.64784	0.02022	0.02612	0.02612	0.01938	0.02780	0.01601	0.02106	0.01348	0.00758	0.00842	0.00253	0.01011	0.00758	0.00421	0.01348
18	0.01216	0.00912	0.01368	0.01368	0.01520	0.01064	0.01064	0.01520	0.01368	0.01976	0.02279	0.03343	0.02127	0.06382	0.66720	0.01368	0.02279	0.00912	0.00456	0.00760
19	0.01189	0.00805	0.00943	0.00991	0.01003	0.00793	0.00582	0.01225	0.01333	0.01777	0.03170	0.21113	0.03710	0.53708	0.03543	0.00709	0.00745	0.01525	0.00582	0.00558
20	0.02275	0.70604	0.04459	0.01456	0.02184	0.03367	0.01456	0.02548	0.01729	0.02002	0.01183	0.01365	0.01092	0.00728	0.00546	0.00182	0.00910	0.00455	0.00364	0.01092
21	0.01594	0.01517	0.01569	0.01526	0.01733	0.13690	0.01175	0.01881	0.01569	0.01996	0.02094	0.02995	0.01929	0.05323	0.54028	0.01147	0.02136	0.00842	0.00453	0.00803
22	0.03179	0.04056	0.02412	0.02192	0.02631	0.66676	0.01644	0.03398	0.02412	0.02083	0.01315	0.01535	0.01096	0.00877	0.00767	0.00219	0.01535	0.00548	0.00438	0.00987
23	0.03093	0.02273	0.02438	0.01885	0.02517	0.02510	0.01539	0.57616	0.03804	0.05098	0.02089	0.02295	0.01565	0.05948	0.01100	0.00296	0.00929	0.00800	0.00827	0.01381
24	0.02580	0.02948	0.02187	0.01952	0.02344	0.40964	0.04486	0.05649	0.02201	0.02359	0.01704	0.02114	0.01432	0.01964	0.13663	0.00447	0.01534	0.00677	0.07843	0.00953
25	0.03186	0.03836	0.02430	0.02162	0.02632	0.58252	0.01641	0.11100	0.02621	0.02514	0.01411	0.01602	0.01142	0.00896	0.00778	0.00224	0.01456	0.00577	0.00493	0.01047
26	0.01616	0.01463	0.01250	0.01207	0.01304	0.13719	0.00776	0.01681	0.01477	0.01758	0.02385	0.04618	0.02633	0.51914	0.08182	0.00746	0.01070	0.01079	0.00496	0.00626
27	0.01216	0.00912	0.01368	0.01368	0.01520	0.01064	0.01064	0.01520	0.01368	0.01976	0.02279	0.03343	0.02127	0.06382	0.66720	0.01368	0.02279	0.00912	0.00456	0.00760
28	0.01216	0.00912	0.01368	0.01368	0.01520	0.01064	0.01064	0.01520	0.01368	0.01976	0.02279	0.03343	0.02127	0.06382	0.66720	0.01368	0.02279	0.00912	0.00456	0.00760
29	0.01248	0.00856	0.01086	0.01086	0.01153	0.00913	0.00725	0.01383	0.01315	0.01852	0.02536	0.04609	0.02684	0.42577	0.27507	0.00995	0.01347	0.01092	0.04415	0.00622
30	0.03179	0.04056	0.02412	0.02192	0.02631	0.66676	0.01644	0.03398	0.02412	0.02083	0.01315	0.01535	0.01096	0.00877	0.00767	0.00219	0.01535	0.00548	0.00438	0.00987
31	0.01006	0.00862	0.00862	0.00862	0.01149	0.00718	0.00647	0.01221	0.01940	0.02299	0.08621	0.08190	0.64438	0.02155	0.01006	0.00287	0.00431	0.01796	0.00790	0.00718
32	0.01503	0.01368	0.01561	0.01515	0.01698	0.09749	0.01176	0.01790	0.01502	0.01993	0.02100	0.03038	0.01946	0.05437	0.55157	0.01172	0.05190	0.00856	0.00450	0.00797
33	0.02991	0.03020	0.02670	0.02696	0.14787	0.29606	0.01823	0.25579	0.02925	0.03471	0.01649	0.01840	0.01279	0.00909	0.00814	0.00240	0.01204	0.00672	0.00593	0.01233
34	0.10227	0.02293	0.02907	0.02193	0.02894	0.02471	0.13295	0.44467	0.03358	0.04694	0.01895	0.02027	0.01365	0.00939	0.00849	0.00262	0.01006	0.00782	0.00737	0.01337
35	0.01795	0.02033	0.11053	0.10301	0.38487	0.01743	0.02301	0.02300	0.01835	0.02590	0.02186	0.15267	0.02128	0.01147	0.00887	0.00276	0.00954	0.01066	0.00481	0.01168
36	0.02956	0.02184	0.02351	0.01829	0.02452	0.02393	0.01501	0.54000	0.03764	0.05040	0.06881	0.02720	0.05695	0.01141	0.00871	0.00258	0.00868	0.00883	0.00854	0.01358
37	0.01049	0.00864	0.00922	0.00908	0.01176	0.00737	0.00681	0.01305	0.02042	0.02542	0.20763	0.07790	0.52145	0.02065	0.01005	0.00283	0.00425	0.01740	0.00822	0.00737
38	0.01478	0.00739	0.01109	0.01109	0.01109	0.00739	0.00739	0.01109	0.01109	0.01478	0.01478	0.02587	0.01478	0.02956	0.03326	0.75240	0.00739	0.00739	0.00370	0.00370
39	0.01785	0.03557	0.42941	0.02750	0.03832	0.01984	0.22325	0.02659	0.01893	0.02736	0.04282	0.02156	0.01446	0.00818	0.00881	0.00275	0.01279	0.00791	0.00407	0.01202
40	0.01216	0.00912	0.01368	0.01368	0.01520	0.01064	0.01064	0.01520	0.01368	0.01976	0.02279	0.03343	0.02127	0.06382	0.66720	0.01368	0.02279	0.00912	0.00456	0.00760
41	0.03124	0.02329	0.02491	0.01936	0.02597	0.02587	0.01591	0.56247	0.09881	0.05184	0.02184	0.02155	0.01561	0.01035	0.00853	0.00259	0.00910	0.00786	0.00853	0.01437
42	0.01924	0.01914	0.14135	0.04973	0.02313	0.01456	0.01527	0.13596	0.02364	0.09393	0.14237	0.17473	0.08072	0.01531	0.00931	0.00284	0.00763	0.01308	0.00749	0.01058
43	0.02775	0.02455	0.02650	0.05797	0.14835	0.15962	0.01854	0.20235	0.02586	0.09462	0.01767	0.02015	0.01354	0.01005	0.01126	0.00267	0.11300	0.00723	0.00604	0.01228
44	0.02262	0.02207	0.02290	0.23970	0.03553	0.14517	0.01770	0.09222	0.25123	0.02992	0.02258	0.02445	0.01706	0.00987	0.00840	0.00270	0.01019	0.00794	0.00619	0.01154
45	0.01006	0.00862	0.00862	0.00862	0.01149	0.00718	0.00647	0.01221	0.01940	0.02299	0.08621	0.08190	0.64438	0.02155	0.01006	0.00287	0.00431	0.01796	0.00790	0.00718
46	0.02823	0.15973	0.02902	0.02249	0.08749	0.24397	0.01683	0.21587	0.02712	0.03198	0.01711	0.02131	0.01425	0.00957	0.00780	0.00236	0.01134	0.03602	0.00571	0.01179
47	0.02658	0.02627	0.06028	0.01919	0.02453	0.19347	0.01590	0.26953	0.07257	0.03544	0.01967	0.02225	0.01546	0.02012	0.13503	0.00463	0.01355	0.00742	0.00637	0.01173
48	0.01063	0.00752	0.00980	0.01151	0.01194	0.00709	0.00754	0.01192	0.01578	0.02104	0.04427	0.61138	0.05296	0.11520	0.01512	0.00409	0.00537	0.02264	0.00754	0.00668
49	0.01763	0.01024	0.01245	0.01184	0.01532	0.00902	0.00954	0.02042	0.02051	0.17545	0.06305	0.09742	0.34177	0.01953	0.01009	0.00306	0.00580	0.13927	0.00852	0.00907
50	0.02744	0.32782	0.03341	0.01998	0.04989	0.36614	0.01603	0.02998	0.02097	0.02077	0.01270	0.01485	0.01105	0.00808	0.00675	0.00205	0.01243	0.00516	0.00406	0.01047
51	0.01218	0.00840	0.01038	0.01052	0.01092	0.00873	0.00667	0.01302	0.01297	0.01766	0.02728	0.09597	0.03043	0.49977	0.19088	0.00921	0.01151	0.01244	0.00521	0.00587
52	0.01043	0.00840	0.00930	0.00957	0.01185	0.00727	0.00699	0.01276	0.01955	0.02452	0.16735	0.19704	0.44139	0.02187	0.01021	0.00295	0.00438	0.01875	0.00814	0.00727
53	0.02452	0.07564	0.03213	0.04002	0.41042	0.18807	0.02228	0.05834	0.02150	0.02676	0.01519	0.01902	0.01270	0.00800	0.00802	0.00239	0.01135	0.00682	0.00443	0.01241
54	0.01780	0.01749	0.02710	0.31557	0.24023	0.05051	0.04994	0.02266	0.01863	0.02410	0.02572	0.03039	0.10387	0.01005	0.00874	0.00271	0.01027	0.00909	0.00457	0.01055
55	0.01538	0.00809	0.00869	0.00869	0.01061	0.00829	0.00656	0.01922	0.01730	0.03016	0.02711	0.03195	0.02174	0.01699	0.09277	0.00352	0.00644	0.00809	0.65053	0.00789
56	0.02063	0.12324	0.45922	0.02263	0.03297	0.14795	0.02647	0.02815	0.01909	0.02492	0.01444	0.01693	0.01083	0.00812	0.00769	0.00249	0.01270	0.00592	0.00375	0.01185
57	0.01977	0.09611	0.23389	0.02646	0.03517	0.02173	0.26395	0.06163	0.01982	0.02800	0.01671	0.02073	0.01269	0.00824	0.00950	0.00267	0.04616	0.00790	0.05730	0.01158
58	0.08772	0.02198	0.01879	0.01662	0.02120	0.20686	0.01288	0.03358	0.13902	0.18421	0.02852	0.06706	0.04998	0.01529	0.05524	0.00340	0.01031	0.00896	0.00722	0.01120
59	0.11077	0.09418	0.09400	0.01520	0.02150	0.04302	0.01392	0.03223	0.05036	0.28778	0.08600	0.02748	0.02317	0.01022	0.00775	0.00251	0.00778	0.00797	0.05216	0.01200

[dist]
# distance from previous block
# <min> <max>
6	15

[block]
# block no. 4 follows, 21 sequences, length 7
# corresponding to MSA columns:
# 256-262
name=unknown_E
#
# <colnr> <probs for GDERKNQSTAVLIFYWHMCP>
#	G	D	E	R	K	N	Q	S	T	A	V	L	I	F	Y	W	H	M	C	P
0	0.02394	0.02290	0.01938	0.01712	0.02132	0.21389	0.01352	0.19561	0.02767	0.03353	0.14110	0.04238	0.09025	0.01389	0.00910	0.00267	0.00953	0.08459	0.00727	0.01034
1	0.02245	0.02086	0.01863	0.01669	0.02084	0.16180	0.01321	0.16164	0.11749	0.03322	0.11591	0.04507	0.10525	0.01434	0.00920	0.00277	0.00876	0.09369	0.00755	0.01059
2	0.05772	0.13923	0.03044	0.02849	0.20761	0.07743	0.01878	0.13289	0.05939	0.03025	0.01600	0.01913	0.01320	0.00957	0.01099	0.00261	0.12221	0.00687	0.00514	0.01203
3	0.02727	0.01581	0.01850	0.01531	0.02051	0.01592	0.01223	0.17910	0.11726	0.25573	0.03927	0.10577	0.11155	0.01387	0.00902	0.00277	0.00704	0.01148	0.00910	0.01250
4	0.30323	0.17011	0.15718	0.01646	0.02386	0.06183	0.01642	0.10964	0.01997	0.03313	0.01385	0.01568	0.01075	0.00819	0.00650	0.00244	0.00929	0.00543	0.00498	0.01106
5	0.01893	0.02005	0.06281	0.01748	0.06412	0.13529	0.01338	0.02286	0.01913	0.02626	0.08417	0.02605	0.02161	0.01705	0.10532	0.00369	0.01070	0.00737	0.07565	0.24809
6	0.01367	0.00860	0.01085	0.01115	0.01266	0.00793	0.00771	0.01559	0.01810	0.08378	0.15480	0.33449	0.11539	0.14563	0.01631	0.00405	0.00553	0.01827	0.00792	0.00755

[dist]
# distance from previous block
# <min> <max>
0	2

[block]
# block no. 5 follows, 21 sequences, length 11
# corresponding to MSA columns:
# 265-275
name=unknown_F
#
# <colnr> <probs for GDERKNQSTAVLIFYWHMCP>
#	G	D	E	R	K	N	Q	S	T	A	V	L	I	F	Y	W	H	M	C	P
0	0.13555	0.01561	0.02154	0.01682	0.02248	0.01501	0.12812	0.02523	0.09860	0.03170	0.11929	0.02850	0.02552	0.00950	0.00774	0.00229	0.00740	0.00846	0.07144	0.20919
1	0.02272	0.02066	0.02156	0.01835	0.02083	0.11388	0.01436	0.18307	0.02179	0.02856	0.01778	0.02767	0.01685	0.17977	0.02349	0.00429	0.24069	0.00842	0.00547	0.00978
2	0.02280	0.01862	0.02776	0.02570	0.10718	0.02189	0.07831	0.09765	0.01942	0.10847	0.01739	0.02212	0.01414	0.01588	0.06930	0.00398	0.30472	0.00803	0.00539	0.01125
3	0.01212	0.01124	0.04722	0.01148	0.01461	0.00911	0.00928	0.01516	0.01825	0.02457	0.15363	0.11391	0.24601	0.06815	0.12521	0.00491	0.00842	0.01420	0.00687	0.08564
4	0.02313	0.02581	0.02143	0.01940	0.02230	0.28238	0.01503	0.02915	0.13094	0.02365	0.02457	0.08134	0.06235	0.01326	0.01349	0.00287	0.18420	0.00920	0.00554	0.00994
5	0.01692	0.01593	0.01467	0.01481	0.01704	0.12460	0.01061	0.02414	0.17305	0.02475	0.03674	0.37079	0.03924	0.06134	0.01176	0.00339	0.00739	0.01655	0.00732	0.00897
6	0.19311	0.03098	0.13123	0.01925	0.02594	0.22710	0.01734	0.19760	0.02542	0.03513	0.01530	0.01691	0.01154	0.00887	0.00744	0.00248	0.01120	0.00605	0.00562	0.01150
7	0.21470	0.02615	0.02167	0.17042	0.03096	0.27298	0.01636	0.06370	0.02029	0.02747	0.01359	0.01715	0.01083	0.00895	0.00855	0.00257	0.05313	0.00599	0.00468	0.00985
8	0.20918	0.02028	0.01731	0.01441	0.01990	0.12828	0.01142	0.12973	0.02226	0.03299	0.02719	0.02788	0.12095	0.01047	0.00732	0.00228	0.00814	0.00771	0.00610	0.17619
9	0.09598	0.02299	0.02160	0.02148	0.10869	0.18102	0.01492	0.12155	0.02299	0.03119	0.01842	0.02491	0.01580	0.00952	0.00764	0.00227	0.00965	0.05550	0.04128	0.17260
10	0.01508	0.10236	0.01830	0.01421	0.01679	0.06888	0.01140	0.01795	0.01535	0.02006	0.02410	0.03204	0.05390	0.04946	0.48869	0.01056	0.01935	0.00871	0.00461	0.00820

[dist]
# distance from previous block
# <min> <max>
2	10

[block]
# block no. 6 follows, 21 sequences, length 6
# corresponding to MSA columns:
# 286-291
name=unknown_G
#
# <colnr> <probs for GDERKNQSTAVLIFYWHMCP>
#	G	D	E	R	K	N	Q	S	T	A	V	L	I	F	Y	W	H	M	C	P
0	0.02117	0.08284	0.02765	0.02164	0.02590	0.19927	0.13598	0.02498	0.02048	0.02423	0.06852	0.04197	0.02656	0.01343	0.01109	0.00293	0.07388	0.16240	0.00552	0.00956
1	0.03066	0.03235	0.02325	0.02000	0.02498	0.40104	0.01549	0.22601	0.02884	0.03255	0.01676	0.01838	0.01302	0.00934	0.00781	0.00229	0.01243	0.00640	0.06717	0.01123
2	0.01987	0.02078	0.02196	0.02404	0.13313	0.18805	0.01610	0.02288	0.01737	0.02159	0.01737	0.02431	0.01571	0.03217	0.28314	0.00721	0.11284	0.00764	0.00433	0.00950
3	0.01869	0.01832	0.01842	0.13554	0.02555	0.16572	0.01398	0.05718	0.01815	0.02202	0.01952	0.02927	0.01787	0.11732	0.27681	0.00769	0.01636	0.00831	0.00469	0.00857
4	0.09892	0.02031	0.19214	0.01501	0.02073	0.01362	0.01520	0.02199	0.07193	0.03020	0.20979	0.04762	0.14919	0.01432	0.00893	0.00280	0.00720	0.04351	0.00688	0.00973
5	0.01705	0.01348	0.01670	0.01500	0.01805	0.01509	0.01171	0.09568	0.12921	0.02808	0.06208	0.03289	0.02437	0.08095	0.29930	0.00783	0.05282	0.00924	0.00611	0.06433

[dist]
# distance from previous block
# <min> <max>
0	7

[block]
# block no. 7 follows, 21 sequences, length 7
# corresponding to MSA columns:
# 299-305
name=unknown_H
#
# <colnr> <probs for GDERKNQSTAVLIFYWHMCP>
#	G	D	E	R	K	N	Q	S	T	A	V	L	I	F	Y	W	H	M	C	P
0	0.08099	0.03450	0.02223	0.02001	0.02417	0.50930	0.01523	0.05907	0.02316	0.02440	0.01443	0.01690	0.01185	0.00917	0.00841	0.00230	0.04660	0.00581	0.06163	0.00986
1	0.01758	0.02133	0.17411	0.07024	0.02736	0.01516	0.05842	0.06989	0.04263	0.05444	0.03421	0.07959	0.12457	0.01329	0.00902	0.00276	0.00883	0.07406	0.00613	0.09638
2	0.07362	0.01688	0.07075	0.05357	0.02413	0.01514	0.07518	0.07117	0.02023	0.19543	0.02928	0.11309	0.05489	0.09484	0.01401	0.00351	0.04569	0.01095	0.00698	0.01068
3	0.38929	0.13306	0.19070	0.01606	0.02353	0.07299	0.01656	0.02632	0.01662	0.03097	0.01287	0.01503	0.01004	0.00792	0.00624	0.00249	0.00927	0.00512	0.00450	0.01043
4	0.10597	0.02885	0.13146	0.02365	0.10851	0.20405	0.01855	0.03386	0.16213	0.07162	0.02013	0.02112	0.01524	0.00916	0.00787	0.00256	0.01066	0.00697	0.00573	0.01189
5	0.02415	0.06442	0.07383	0.02379	0.13937	0.16657	0.01702	0.03021	0.08904	0.12090	0.03005	0.03333	0.09386	0.01142	0.00849	0.00260	0.00980	0.04338	0.00629	0.01147
6	0.01768	0.01626	0.01935	0.02342	0.17019	0.08033	0.01441	0.05270	0.06864	0.02693	0.05808	0.21711	0.10006	0.01628	0.00942	0.00287	0.00778	0.05435	0.00668	0.03746

[dist]
# distance from previous block
# <min> <max>
4	15

[block]
# block no. 8 follows, 21 sequences, length 10
# corresponding to MSA columns:
# 322-331
name=unknown_I
#
# <colnr> <probs for GDERKNQSTAVLIFYWHMCP>
#	G	D	E	R	K	N	Q	S	T	A	V	L	I	F	Y	W	H	M	C	P
0	0.02561	0.06725	0.07797	0.02806	0.19103	0.18720	0.01925	0.15584	0.02461	0.03107	0.01582	0.01836	0.01258	0.00832	0.00779	0.00226	0.01096	0.00647	0.00521	0.10435
1	0.02320	0.02766	0.12425	0.01847	0.02442	0.19324	0.01638	0.13094	0.15284	0.03093	0.03283	0.03245	0.13233	0.01186	0.00853	0.00261	0.01001	0.00917	0.00651	0.01136
2	0.02336	0.02140	0.06607	0.03966	0.41976	0.01999	0.02259	0.12458	0.02283	0.06716	0.01760	0.02092	0.01384	0.00810	0.00824	0.00244	0.00963	0.00735	0.00532	0.07917
3	0.01635	0.06146	0.15239	0.01796	0.06804	0.09453	0.01558	0.02083	0.02044	0.02594	0.15400	0.04883	0.21372	0.01456	0.00903	0.00268	0.00826	0.03957	0.00630	0.00954
4	0.15198	0.02385	0.13585	0.02912	0.14562	0.02089	0.17573	0.02825	0.09403	0.02972	0.01736	0.02087	0.01348	0.00873	0.00990	0.00281	0.06756	0.00772	0.00483	0.01169
5	0.01310	0.00991	0.01285	0.01340	0.01596	0.00896	0.01065	0.01607	0.01811	0.02448	0.04255	0.28253	0.07990	0.02126	0.01034	0.00321	0.00637	0.25714	0.00734	0.14587
6	0.01522	0.01621	0.01230	0.01178	0.01502	0.16396	0.00884	0.01739	0.02052	0.02248	0.06884	0.06608	0.49382	0.01851	0.00949	0.00271	0.00693	0.01499	0.00707	0.00782
