[name]
unknown

[dist]
# distance from previous block
# <min> <max>
0	0

[block]
# block no. 0 follows, 22 sequences, length 39
# corresponding to MSA columns:
# 0-38
name=unknown_A
#
# <colnr> <probs for GDERKNQSTAVLIFYWHMCP>
#	G	D	E	R	K	N	Q	S	T	A	V	L	I	F	Y	W	H	M	C	P
0	0.01339	0.00956	0.01339	0.01530	0.01721	0.00956	0.01339	0.01721	0.01912	0.02486	0.04399	0.09371	0.04781	0.02295	0.01147	0.00382	0.00765	0.60031	0.00765	0.00765
1	0.01666	0.04297	0.66500	0.02368	0.03596	0.01929	0.03069	0.02631	0.01754	0.02631	0.01491	0.01754	0.01052	0.00789	0.00789	0.00263	0.01228	0.00614	0.00351	0.01228
2	0.01666	0.04297	0.66500	0.02368	0.03596	0.01929	0.03069	0.02631	0.01754	0.02631	0.01491	0.01754	0.01052	0.00789	0.00789	0.00263	0.01228	0.00614	0.00351	0.01228
3	0.01983	0.01899	0.03240	0.14678	0.56615	0.01955	0.02513	0.02485	0.01857	0.02625	0.01550	0.02080	0.01285	0.00754	0.00824	0.00251	0.01005	0.00740	0.00405	0.01257
4	0.01012	0.00723	0.00964	0.01157	0.01205	0.00675	0.00771	0.01157	0.01591	0.02121	0.04579	0.70262	0.05495	0.02603	0.01060	0.00337	0.00482	0.02362	0.00771	0.00675
5	0.03052	0.07851	0.02470	0.02099	0.02543	0.63760	0.01595	0.03269	0.02316	0.02029	0.01277	0.01489	0.01070	0.00848	0.00737	0.00212	0.01463	0.00530	0.00424	0.00969
6	0.01044	0.00758	0.00992	0.01167	0.01251	0.00707	0.00818	0.01219	0.01652	0.02170	0.04909	0.58243	0.10853	0.02525	0.01062	0.00337	0.00506	0.08331	0.00771	0.00687
7	0.01388	0.01186	0.01721	0.01605	0.01706	0.01519	0.01287	0.01648	0.01315	0.01951	0.01863	0.02802	0.01762	0.04707	0.46848	0.01025	0.23615	0.00838	0.00419	0.00795
8	0.01057	0.00830	0.00863	0.00863	0.01051	0.00736	0.00589	0.01197	0.01666	0.02034	0.06495	0.07147	0.44661	0.24860	0.02057	0.00454	0.00548	0.01573	0.00683	0.00636
9	0.01187	0.00890	0.01335	0.01335	0.01483	0.01038	0.01038	0.01483	0.01335	0.01928	0.02225	0.03264	0.02077	0.06231	0.67512	0.01335	0.02225	0.00890	0.00445	0.00742
10	0.01723	0.01477	0.01723	0.01230	0.01969	0.01107	0.00984	0.02092	0.01723	0.02707	0.01477	0.01723	0.01230	0.00615	0.00615	0.00123	0.00615	0.00492	0.00492	0.75883
11	0.01012	0.00723	0.00964	0.01157	0.01205	0.00675	0.00771	0.01157	0.01591	0.02121	0.04579	0.70262	0.05495	0.02603	0.01060	0.00337	0.00482	0.02362	0.00771	0.00675
12	0.02013	0.02199	0.03793	0.06466	0.15658	0.08436	0.32338	0.02541	0.01864	0.02473	0.01579	0.02146	0.01275	0.01128	0.04948	0.00337	0.08456	0.00848	0.00412	0.01090
13	0.01613	0.01522	0.02572	0.63019	0.11165	0.01857	0.02329	0.02161	0.01682	0.02176	0.01484	0.02200	0.01126	0.00822	0.00830	0.00274	0.01096	0.00738	0.00373	0.00959
14	0.01009	0.00734	0.00953	0.01128	0.01197	0.00677	0.00758	0.01160	0.01618	0.02132	0.04927	0.64604	0.10927	0.02557	0.01053	0.00332	0.00476	0.02306	0.00771	0.00677
15	0.02026	0.01943	0.03317	0.09078	0.61882	0.01966	0.02534	0.02523	0.01877	0.02677	0.01557	0.02066	0.01303	0.00746	0.00823	0.00249	0.00994	0.00740	0.00409	0.01291
16	0.01078	0.00845	0.00974	0.00942	0.01181	0.00742	0.00707	0.01378	0.02120	0.02781	0.36468	0.07111	0.36898	0.01904	0.00981	0.00271	0.00407	0.01629	0.00842	0.00742
17	0.01188	0.00886	0.01312	0.01312	0.01452	0.01026	0.01010	0.01469	0.01328	0.01911	0.02246	0.03381	0.02128	0.09705	0.64107	0.01307	0.02149	0.00907	0.00448	0.00729
18	0.16412	0.03062	0.11663	0.01909	0.02546	0.25255	0.01684	0.21856	0.02583	0.03444	0.01516	0.01665	0.01144	0.00875	0.00738	0.00240	0.01117	0.00598	0.00560	0.01133
19	0.01703	0.07119	0.50960	0.02393	0.03478	0.01948	0.10945	0.02562	0.01816	0.02645	0.05478	0.02077	0.01505	0.00830	0.00814	0.00261	0.01182	0.00711	0.00396	0.01177
20	0.01723	0.01477	0.01723	0.01230	0.01969	0.01107	0.00984	0.02092	0.01723	0.02707	0.01477	0.01723	0.01230	0.00615	0.00615	0.00123	0.00615	0.00492	0.00492	0.75883
21	0.03103	0.03959	0.02354	0.02140	0.02568	0.67469	0.01605	0.03317	0.02354	0.02033	0.01284	0.01498	0.01070	0.00856	0.00749	0.00214	0.01498	0.00535	0.00428	0.00963
22	0.02243	0.02098	0.03486	0.03737	0.30922	0.02133	0.18692	0.14377	0.07953	0.03255	0.01843	0.02190	0.01430	0.00814	0.00869	0.00260	0.01056	0.00826	0.00534	0.01281
23	0.00993	0.00842	0.00857	0.00853	0.01129	0.00706	0.00640	0.01214	0.01920	0.02307	0.11690	0.07892	0.61972	0.02081	0.00982	0.00279	0.00419	0.01739	0.00780	0.00706
24	0.08690	0.29164	0.37279	0.01897	0.02866	0.02432	0.02255	0.02560	0.01698	0.02477	0.01335	0.01559	0.01044	0.00758	0.00668	0.00231	0.01047	0.00535	0.00367	0.01137
25	0.01176	0.00849	0.01110	0.01045	0.01241	0.00784	0.00784	0.01568	0.02352	0.03331	0.65184	0.06206	0.07839	0.01698	0.00980	0.00261	0.00392	0.01502	0.00914	0.00784
26	0.02405	0.01741	0.02204	0.02352	0.15544	0.01854	0.01548	0.07459	0.32368	0.15389	0.05949	0.02912	0.02379	0.01047	0.00844	0.00267	0.00739	0.00893	0.00791	0.01314
27	0.01012	0.00723	0.00964	0.01157	0.01205	0.00675	0.00771	0.01157	0.01591	0.02121	0.04579	0.70262	0.05495	0.02603	0.01060	0.00337	0.00482	0.02362	0.00771	0.00675
28	0.02476	0.09697	0.02982	0.03270	0.29744	0.16809	0.01965	0.12066	0.07757	0.02934	0.01684	0.01939	0.01357	0.00836	0.00779	0.00236	0.01050	0.00682	0.00511	0.01226
29	0.01868	0.01620	0.01870	0.08048	0.02425	0.01627	0.01268	0.03179	0.30831	0.03008	0.02365	0.02413	0.01828	0.00875	0.00744	0.00212	0.00683	0.00725	0.00645	0.33766
30	0.01067	0.00752	0.00968	0.01097	0.01151	0.00711	0.00721	0.01210	0.01596	0.02149	0.10532	0.51071	0.05262	0.15659	0.01663	0.00420	0.00535	0.02049	0.00734	0.00653
31	0.02315	0.23031	0.03410	0.06318	0.30059	0.12914	0.01993	0.06119	0.02011	0.02496	0.01417	0.01754	0.01198	0.00769	0.00725	0.00222	0.01041	0.00619	0.00420	0.01172
32	0.05234	0.01531	0.04785	0.05622	0.14433	0.01474	0.07741	0.02240	0.05668	0.07091	0.08396	0.16187	0.02980	0.08121	0.01310	0.00335	0.04060	0.01198	0.00607	0.00987
33	0.02212	0.02575	0.08360	0.09779	0.21602	0.19299	0.02008	0.03042	0.14391	0.02583	0.01866	0.02159	0.01483	0.01103	0.03733	0.00297	0.01145	0.00720	0.00494	0.01148
34	0.02383	0.06448	0.19335	0.03095	0.23429	0.22221	0.02262	0.02891	0.02017	0.06108	0.01538	0.01816	0.01203	0.00804	0.00778	0.00238	0.01186	0.00636	0.00434	0.01178
35	0.13141	0.08258	0.02003	0.18487	0.02712	0.05495	0.01428	0.01981	0.01567	0.02307	0.02063	0.15200	0.02062	0.02039	0.11203	0.00443	0.07283	0.00989	0.00482	0.00859
36	0.16859	0.06742	0.14660	0.02216	0.13003	0.12265	0.01711	0.02371	0.01749	0.02594	0.01943	0.13105	0.01894	0.04354	0.00923	0.00283	0.00949	0.00895	0.00483	0.01000
37	0.02165	0.02181	0.03266	0.04790	0.59035	0.08816	0.02451	0.02630	0.01940	0.02643	0.01534	0.01998	0.01290	0.00752	0.00815	0.00243	0.01040	0.00719	0.00413	0.01279
38	0.02008	0.19436	0.32559	0.02531	0.09713	0.08673	0.08846	0.02659	0.01834	0.02427	0.01420	0.01714	0.01107	0.00763	0.00749	0.00238	0.01168	0.00619	0.00373	0.01162

[dist]
# distance from previous block
# <min> <max>
0	4

[block]
# block no. 1 follows, 22 sequences, length 54
# corresponding to MSA columns:
# 43-96
name=unknown_B
#
# <colnr> <probs for GDERKNQSTAVLIFYWHMCP>
#	G	D	E	R	K	N	Q	S	T	A	V	L	I	F	Y	W	H	M	C	P
0	0.02272	0.03145	0.29038	0.02032	0.02865	0.08015	0.02116	0.21803	0.09709	0.03472	0.02270	0.02341	0.05241	0.00980	0.00817	0.00258	0.01038	0.00756	0.00592	0.01240
1	0.18957	0.02601	0.07654	0.01826	0.05971	0.25789	0.01430	0.02671	0.05882	0.02641	0.02800	0.02877	0.13532	0.01082	0.00755	0.00247	0.00989	0.00796	0.00532	0.00966
2	0.01008	0.00780	0.00920	0.01018	0.01172	0.00692	0.00713	0.01194	0.01760	0.02239	0.09499	0.40486	0.30864	0.02343	0.01023	0.00309	0.00451	0.02058	0.00779	0.00692
3	0.01798	0.02095	0.19776	0.01625	0.02111	0.04355	0.01573	0.02200	0.01605	0.10797	0.02149	0.03159	0.01918	0.19733	0.16746	0.00643	0.05420	0.00859	0.00507	0.00930
4	0.02570	0.41328	0.05916	0.01680	0.02364	0.10457	0.01549	0.19813	0.02400	0.02925	0.01422	0.01556	0.01165	0.00812	0.00653	0.00206	0.00979	0.00548	0.00499	0.01159
5	0.01117	0.00791	0.01039	0.01123	0.01182	0.00807	0.00755	0.01255	0.01407	0.01913	0.03373	0.33140	0.03861	0.24806	0.18799	0.00735	0.01022	0.01631	0.00605	0.00638
6	0.02283	0.02572	0.03443	0.09569	0.24539	0.20687	0.19568	0.02762	0.02023	0.02451	0.01509	0.01965	0.01211	0.00770	0.00848	0.00250	0.01263	0.00751	0.00415	0.01123
7	0.01865	0.01209	0.01251	0.01137	0.01454	0.01308	0.00881	0.09606	0.17715	0.03440	0.02796	0.02970	0.02149	0.01011	0.00676	0.00222	0.00516	0.00813	0.47994	0.00984
8	0.01917	0.01832	0.03121	0.23277	0.48531	0.01937	0.02480	0.02428	0.01826	0.02545	0.01538	0.02101	0.01256	0.00766	0.00825	0.00255	0.01021	0.00740	0.00399	0.01204
9	0.02486	0.01615	0.02155	0.14682	0.05718	0.01627	0.01517	0.09821	0.04961	0.21571	0.02132	0.02258	0.01525	0.00905	0.00900	0.00235	0.05138	0.00717	0.00670	0.19370
10	0.01127	0.00847	0.01043	0.00994	0.01211	0.00763	0.00745	0.01473	0.02236	0.03057	0.50875	0.06657	0.22318	0.01801	0.00980	0.00266	0.00399	0.01566	0.00878	0.00763
11	0.02113	0.14156	0.29209	0.09836	0.03265	0.18689	0.02276	0.02683	0.01854	0.02276	0.01359	0.01681	0.01068	0.00841	0.00867	0.00245	0.05537	0.00589	0.00374	0.01080
12	0.02557	0.03054	0.02068	0.01910	0.02270	0.46752	0.01445	0.02922	0.05849	0.02094	0.01649	0.02040	0.01413	0.02227	0.17583	0.00501	0.01630	0.00649	0.00458	0.00929
13	0.01723	0.01477	0.01723	0.01230	0.01969	0.01107	0.00984	0.02092	0.01723	0.02707	0.01477	0.01723	0.01230	0.00615	0.00615	0.00123	0.00615	0.00492	0.00492	0.75883
14	0.01659	0.01584	0.02240	0.01968	0.02005	0.02165	0.01621	0.01869	0.01288	0.01981	0.01377	0.02182	0.01339	0.02658	0.19056	0.00608	0.52382	0.00768	0.00384	0.00867
15	0.01339	0.00956	0.01339	0.01530	0.01721	0.00956	0.01339	0.01721	0.01912	0.02486	0.04399	0.09371	0.04781	0.02295	0.01147	0.00382	0.00765	0.60031	0.00765	0.00765
16	0.01040	0.00844	0.00922	0.00902	0.01158	0.00726	0.00677	0.01304	0.02030	0.02569	0.25378	0.07460	0.48120	0.01983	0.00981	0.00275	0.00412	0.01678	0.00814	0.00726
17	0.01187	0.00890	0.01335	0.01335	0.01483	0.01038	0.01038	0.01483	0.01335	0.01928	0.02225	0.03264	0.02077	0.06231	0.67512	0.01335	0.02225	0.00890	0.00445	0.00742
18	0.02221	0.71304	0.04353	0.01421	0.02132	0.03287	0.01421	0.02488	0.01688	0.01955	0.01155	0.01333	0.01066	0.00711	0.00533	0.00178	0.00888	0.00444	0.00355	0.01066
19	0.03032	0.02184	0.02378	0.01813	0.02485	0.02341	0.01494	0.52964	0.03583	0.08313	0.02008	0.02011	0.01428	0.00957	0.00808	0.00236	0.00870	0.00725	0.00805	0.09567
20	0.01006	0.00747	0.00939	0.01092	0.01188	0.00680	0.00743	0.01164	0.01652	0.02146	0.05363	0.57531	0.17720	0.02501	0.01044	0.00326	0.00469	0.02237	0.00771	0.00680
21	0.03103	0.03959	0.02354	0.02140	0.02568	0.67469	0.01605	0.03317	0.02354	0.02033	0.01284	0.01498	0.01070	0.00856	0.00749	0.00214	0.01498	0.00535	0.00428	0.00963
22	0.02872	0.02051	0.02238	0.01713	0.02358	0.02167	0.01407	0.46646	0.03357	0.08076	0.02033	0.02069	0.01466	0.00940	0.00783	0.00227	0.00825	0.00716	0.05513	0.12543
23	0.03103	0.03959	0.02354	0.02140	0.02568	0.67469	0.01605	0.03317	0.02354	0.02033	0.01284	0.01498	0.01070	0.00856	0.00749	0.00214	0.01498	0.00535	0.00428	0.00963
24	0.00982	0.00842	0.00842	0.00842	0.01122	0.00701	0.00631	0.01192	0.01894	0.02244	0.08416	0.07995	0.65285	0.02104	0.00982	0.00281	0.00421	0.01753	0.00771	0.00701
25	0.01012	0.00723	0.00964	0.01157	0.01205	0.00675	0.00771	0.01157	0.01591	0.02121	0.04579	0.70262	0.05495	0.02603	0.01060	0.00337	0.00482	0.02362	0.00771	0.00675
26	0.02195	0.02487	0.02057	0.01882	0.02127	0.31657	0.01463	0.02430	0.01787	0.01991	0.01555	0.02151	0.01408	0.02763	0.23284	0.00617	0.16155	0.00693	0.00420	0.00878
27	0.01666	0.04297	0.66500	0.02368	0.03596	0.01929	0.03069	0.02631	0.01754	0.02631	0.01491	0.01754	0.01052	0.00789	0.00789	0.00263	0.01228	0.00614	0.00351	0.01228
28	0.01004	0.00842	0.00873	0.00865	0.01136	0.00711	0.00649	0.01236	0.01947	0.02370	0.14981	0.07788	0.58641	0.02057	0.00982	0.00278	0.00417	0.01724	0.00788	0.00711
29	0.02056	0.01974	0.03372	0.05099	0.65622	0.01974	0.02550	0.02550	0.01892	0.02714	0.01563	0.02056	0.01316	0.00740	0.00822	0.00247	0.00987	0.00740	0.00411	0.01316
30	0.02873	0.03291	0.02161	0.01932	0.02362	0.48997	0.01468	0.09819	0.05820	0.02590	0.01642	0.01825	0.01310	0.00899	0.00744	0.00219	0.01259	0.00608	0.09168	0.01010
31	0.01203	0.00827	0.01014	0.01014	0.01052	0.00864	0.00638	0.01278	0.01240	0.01691	0.02519	0.04889	0.02782	0.54528	0.20179	0.00939	0.01163	0.01128	0.00489	0.00563
32	0.01512	0.01369	0.01959	0.01772	0.01844	0.01816	0.01441	0.01750	0.01303	0.01965	0.01639	0.02517	0.01568	0.03765	0.34071	0.00834	0.36839	0.00806	0.00403	0.00828
33	0.22008	0.01486	0.01747	0.01394	0.01994	0.01436	0.01146	0.03667	0.06043	0.46481	0.02749	0.02472	0.01795	0.00970	0.00755	0.00259	0.00688	0.00745	0.00887	0.01278
34	0.02599	0.02497	0.02225	0.02032	0.05531	0.19430	0.01516	0.17937	0.30402	0.03476	0.02408	0.02362	0.01821	0.01005	0.00815	0.00254	0.00957	0.00777	0.00710	0.01245
35	0.02221	0.71304	0.04353	0.01421	0.02132	0.03287	0.01421	0.02488	0.01688	0.01955	0.01155	0.01333	0.01066	0.00711	0.00533	0.00178	0.00888	0.00444	0.00355	0.01066
36	0.01986	0.09956	0.03579	0.14242	0.39866	0.02125	0.11390	0.02493	0.01843	0.02527	0.01520	0.02025	0.01247	0.00745	0.00814	0.00248	0.01056	0.00742	0.00400	0.01197
37	0.01256	0.00988	0.01157	0.01163	0.01383	0.00980	0.00851	0.01910	0.13940	0.02753	0.22432	0.26176	0.17927	0.01957	0.00980	0.00293	0.00478	0.01716	0.00826	0.00835
38	0.01187	0.00890	0.01335	0.01335	0.01483	0.01038	0.01038	0.01483	0.01335	0.01928	0.02225	0.03264	0.02077	0.06231	0.67512	0.01335	0.02225	0.00890	0.00445	0.00742
39	0.01762	0.29761	0.02969	0.01584	0.02001	0.02250	0.06659	0.02009	0.01615	0.02042	0.02759	0.03269	0.13709	0.09232	0.01518	0.00316	0.14292	0.00888	0.00460	0.00904
40	0.01270	0.01021	0.01156	0.01103	0.01374	0.00997	0.00832	0.01963	0.14073	0.02911	0.30012	0.09506	0.27091	0.01778	0.00959	0.00276	0.00458	0.01527	0.00843	0.00851
41	0.10347	0.01144	0.01475	0.14166	0.02266	0.01169	0.01136	0.02102	0.02045	0.12659	0.27437	0.04622	0.13464	0.01381	0.00875	0.00266	0.00612	0.01168	0.00759	0.00909
42	0.19107	0.01628	0.02390	0.33450	0.19674	0.01848	0.01984	0.02410	0.01702	0.06167	0.01524	0.02009	0.01164	0.00805	0.00756	0.00264	0.00948	0.00678	0.00449	0.01044
43	0.02120	0.02059	0.14487	0.19839	0.03312	0.01726	0.01867	0.13517	0.05250	0.12030	0.02430	0.13295	0.02073	0.01184	0.00862	0.00276	0.00914	0.01004	0.00633	0.01120
44	0.09759	0.02147	0.01813	0.01586	0.02019	0.18751	0.01233	0.12519	0.12326	0.06290	0.15882	0.03270	0.06619	0.01175	0.00821	0.00251	0.00848	0.00918	0.00721	0.01053
45	0.01925	0.16853	0.14939	0.02845	0.24052	0.02030	0.02013	0.02516	0.05563	0.04923	0.02016	0.09879	0.01832	0.01227	0.03622	0.00295	0.00975	0.00863	0.00481	0.01152
46	0.05602	0.11531	0.05547	0.02247	0.08226	0.08444	0.08746	0.05389	0.01952	0.02680	0.02134	0.05284	0.05558	0.01111	0.01094	0.00272	0.10342	0.00831	0.00529	0.12482
47	0.02425	0.10281	0.03089	0.07324	0.24403	0.10605	0.05628	0.13061	0.02361	0.03066	0.04778	0.05206	0.01882	0.01031	0.00873	0.00273	0.01057	0.00847	0.00572	0.01239
48	0.02928	0.03232	0.02662	0.02852	0.17156	0.39575	0.01852	0.10152	0.05900	0.02786	0.01709	0.01999	0.01402	0.00966	0.00847	0.00259	0.01297	0.00682	0.00549	0.01195
49	0.13816	0.04902	0.05199	0.11642	0.10047	0.01721	0.05295	0.04826	0.01922	0.02950	0.05359	0.07998	0.02293	0.01187	0.00860	0.00284	0.00880	0.06335	0.00587	0.11897
50	0.13764	0.07620	0.40395	0.02081	0.03027	0.04476	0.02363	0.02715	0.01817	0.05544	0.01628	0.01922	0.01238	0.00917	0.00859	0.00281	0.03575	0.00634	0.00472	0.04673
51	0.02594	0.05727	0.10799	0.02746	0.17260	0.13791	0.04729	0.05331	0.08636	0.12693	0.02442	0.02614	0.04662	0.01031	0.00876	0.00277	0.01061	0.00816	0.00633	0.01279
52	0.14491	0.06455	0.05202	0.02016	0.07866	0.09638	0.01530	0.14941	0.08904	0.12287	0.02542	0.02615	0.05643	0.01085	0.00827	0.00278	0.00917	0.00794	0.00716	0.01253
53	0.06633	0.18046	0.08826	0.09658	0.23656	0.04970	0.01959	0.02456	0.01807	0.02504	0.01695	0.02416	0.01523	0.08966	0.01191	0.00328	0.01023	0.00736	0.00462	0.01146

[dist]
# distance from previous block
# <min> <max>
80	404

[block]
# block no. 2 follows, 22 sequences, length 99
# corresponding to MSA columns:
# 504-602
name=unknown_C
#
# <colnr> <probs for GDERKNQSTAVLIFYWHMCP>
#	G	D	E	R	K	N	Q	S	T	A	V	L	I	F	Y	W	H	M	C	P
0	0.05751	0.07822	0.05287	0.02652	0.23709	0.01829	0.01677	0.12755	0.02224	0.06911	0.03352	0.03427	0.16891	0.01135	0.00822	0.00251	0.00805	0.00948	0.00607	0.01143
1	0.01806	0.20219	0.12216	0.02632	0.20452	0.02097	0.01900	0.02232	0.01660	0.02279	0.01719	0.06138	0.01589	0.01901	0.13084	0.00443	0.05382	0.00769	0.00413	0.01069
2	0.01828	0.01741	0.02960	0.34893	0.37609	0.01914	0.02436	0.02350	0.01784	0.02437	0.01522	0.02130	0.01218	0.00782	0.00826	0.00261	0.01043	0.00739	0.00392	0.01132
3	0.01889	0.02971	0.30480	0.03926	0.38987	0.01955	0.02773	0.02584	0.01832	0.02678	0.01532	0.01926	0.01203	0.00761	0.00808	0.00254	0.01090	0.00686	0.00385	0.01278
4	0.01629	0.01504	0.02410	0.21895	0.29413	0.01579	0.01970	0.02070	0.01829	0.02428	0.03230	0.04005	0.14971	0.01192	0.00887	0.00275	0.00882	0.06300	0.00507	0.01026
5	0.03128	0.01279	0.01749	0.01409	0.01933	0.01160	0.01148	0.03449	0.02148	0.50559	0.03050	0.02924	0.02065	0.01977	0.13028	0.00451	0.00965	0.00842	0.05485	0.01252
6	0.02147	0.09479	0.12918	0.01916	0.02453	0.19842	0.03724	0.06302	0.05800	0.02504	0.02529	0.03330	0.07498	0.01205	0.00998	0.00268	0.06988	0.08556	0.00528	0.01016
7	0.01869	0.02229	0.12177	0.19431	0.31105	0.01962	0.14160	0.02482	0.01832	0.02553	0.01555	0.02087	0.01220	0.00761	0.00850	0.00263	0.01128	0.00769	0.00395	0.01173
8	0.03103	0.05411	0.02502	0.01987	0.02557	0.29017	0.01584	0.36500	0.03196	0.03817	0.01676	0.01769	0.01261	0.00930	0.00787	0.00232	0.01151	0.00651	0.00650	0.01218
9	0.01287	0.00803	0.00823	0.00823	0.01009	0.00755	0.00583	0.01537	0.01688	0.02511	0.04647	0.05238	0.23948	0.15164	0.01439	0.00344	0.00481	0.01196	0.35026	0.00696
10	0.01007	0.00828	0.00901	0.00926	0.01161	0.00722	0.00683	0.01222	0.01837	0.02257	0.10065	0.16659	0.50197	0.02406	0.05001	0.00351	0.00537	0.01778	0.00758	0.00704
11	0.02510	0.34750	0.07101	0.01768	0.02389	0.24452	0.01579	0.05792	0.08152	0.02325	0.01476	0.01618	0.01227	0.00818	0.00665	0.00209	0.01091	0.00548	0.00450	0.01082
12	0.01207	0.00810	0.00929	0.00929	0.00936	0.00818	0.00531	0.01222	0.01215	0.01627	0.02597	0.05323	0.02971	0.67426	0.07539	0.00833	0.00880	0.01191	0.00500	0.00516
13	0.01022	0.00731	0.00973	0.01150	0.01207	0.00681	0.00772	0.01182	0.01637	0.02195	0.08296	0.66333	0.05638	0.02547	0.01055	0.00333	0.00476	0.02309	0.00780	0.00681
14	0.01684	0.01653	0.02199	0.16862	0.02848	0.08276	0.05249	0.01994	0.01518	0.02015	0.01659	0.02609	0.01533	0.09190	0.17984	0.00605	0.20051	0.00813	0.00408	0.00849
15	0.03106	0.03883	0.02361	0.02129	0.02569	0.64434	0.01604	0.06102	0.02427	0.02183	0.01317	0.01521	0.01086	0.00863	0.00753	0.00216	0.01471	0.00545	0.00447	0.00984
16	0.02845	0.02147	0.02302	0.01833	0.02432	0.02389	0.01490	0.48496	0.15706	0.04746	0.02386	0.05314	0.01820	0.01096	0.00844	0.00260	0.00844	0.00859	0.00831	0.01360
17	0.04635	0.01360	0.02048	0.18450	0.18076	0.01467	0.01674	0.01941	0.01811	0.02498	0.09316	0.04361	0.13754	0.01551	0.04039	0.00332	0.03896	0.07297	0.00556	0.00938
18	0.02147	0.02944	0.18051	0.02609	0.15082	0.19679	0.02037	0.02920	0.11120	0.02593	0.04941	0.02426	0.04483	0.00980	0.00906	0.00255	0.04439	0.00762	0.00502	0.01127
19	0.01187	0.00890	0.01335	0.01335	0.01483	0.01038	0.01038	0.01483	0.01335	0.01928	0.02225	0.03264	0.02077	0.06231	0.67512	0.01335	0.02225	0.00890	0.00445	0.00742
20	0.01666	0.04297	0.66500	0.02368	0.03596	0.01929	0.03069	0.02631	0.01754	0.02631	0.01491	0.01754	0.01052	0.00789	0.00789	0.00263	0.01228	0.00614	0.00351	0.01228
21	0.01923	0.01838	0.03131	0.22550	0.49215	0.01939	0.02483	0.02433	0.01828	0.02552	0.01539	0.02100	0.01259	0.00765	0.00825	0.00255	0.01020	0.00740	0.00400	0.01208
22	0.26724	0.03098	0.38984	0.01826	0.02726	0.01808	0.02145	0.02475	0.01692	0.03059	0.06903	0.02005	0.01590	0.00862	0.00714	0.00261	0.00959	0.00636	0.00454	0.01079
23	0.01091	0.00912	0.00960	0.00959	0.01228	0.00822	0.00714	0.01491	0.07289	0.02406	0.11084	0.13578	0.50445	0.02043	0.00978	0.00285	0.00446	0.01727	0.00787	0.00757
24	0.01872	0.01967	0.02465	0.55627	0.05098	0.14820	0.02168	0.02359	0.01798	0.02105	0.01439	0.02073	0.01100	0.00836	0.00814	0.00264	0.01185	0.00698	0.00381	0.00931
25	0.01833	0.28002	0.09248	0.16565	0.02969	0.05278	0.01737	0.02230	0.01624	0.02059	0.01473	0.01989	0.01275	0.01888	0.14009	0.00450	0.05383	0.00636	0.00380	0.00972
26	0.02489	0.50827	0.03745	0.01640	0.02265	0.22803	0.01477	0.02740	0.01891	0.01978	0.01194	0.01383	0.01067	0.00755	0.00599	0.00189	0.01074	0.00472	0.00377	0.01035
27	0.02078	0.02321	0.02419	0.04302	0.02441	0.21956	0.06858	0.02339	0.01741	0.02089	0.02030	0.02500	0.07490	0.01655	0.07242	0.00382	0.28006	0.00806	0.00435	0.00910
28	0.01309	0.01152	0.01147	0.01091	0.01395	0.03992	0.00827	0.01933	0.13020	0.02667	0.18424	0.06479	0.39903	0.01794	0.00947	0.00274	0.00506	0.01504	0.00797	0.00838
29	0.01481	0.01352	0.02178	0.48384	0.08223	0.01585	0.01933	0.01972	0.01795	0.02337	0.10977	0.03372	0.08916	0.01081	0.00867	0.00273	0.00928	0.00952	0.00490	0.00904
30	0.01559	0.01455	0.01276	0.01199	0.01456	0.13952	0.00899	0.01883	0.02211	0.02859	0.36369	0.05286	0.16103	0.01532	0.00895	0.00249	0.00615	0.01284	0.08113	0.00804
31	0.02569	0.02747	0.02366	0.20899	0.03418	0.30853	0.01768	0.13288	0.08994	0.02760	0.01683	0.01956	0.01295	0.00902	0.00796	0.00245	0.01198	0.00672	0.00525	0.01066
32	0.02993	0.01578	0.01906	0.01572	0.02138	0.01595	0.01263	0.04210	0.29678	0.38465	0.03323	0.02948	0.02268	0.01072	0.00840	0.00268	0.00685	0.00881	0.00947	0.01370
33	0.02791	0.02001	0.02220	0.01676	0.02360	0.02032	0.01375	0.40108	0.03139	0.09788	0.01955	0.01988	0.01416	0.00889	0.00769	0.00213	0.00809	0.00681	0.00750	0.23039
34	0.02144	0.02193	0.01934	0.14950	0.02734	0.24050	0.01458	0.10204	0.02176	0.02544	0.02412	0.21217	0.02422	0.01368	0.00856	0.00265	0.01006	0.01130	0.04012	0.00924
35	0.02221	0.71304	0.04353	0.01421	0.02132	0.03287	0.01421	0.02488	0.01688	0.01955	0.01155	0.01333	0.01066	0.00711	0.00533	0.00178	0.00888	0.00444	0.00355	0.01066
36	0.01155	0.00848	0.01082	0.01023	0.01228	0.00775	0.00768	0.01528	0.02303	0.03215	0.59106	0.06397	0.13989	0.01742	0.00980	0.00263	0.00395	0.01529	0.00899	0.00775
37	0.01053	0.00844	0.00941	0.00917	0.01166	0.00732	0.00688	0.01331	0.02063	0.02646	0.29386	0.07334	0.44064	0.01954	0.00981	0.00273	0.00410	0.01661	0.00824	0.00732
38	0.03103	0.03959	0.02354	0.02140	0.02568	0.67469	0.01605	0.03317	0.02354	0.02033	0.01284	0.01498	0.01070	0.00856	0.00749	0.00214	0.01498	0.00535	0.00428	0.00963
39	0.02066	0.01785	0.01878	0.01691	0.02160	0.02066	0.01315	0.04414	0.64121	0.03475	0.03381	0.03099	0.02536	0.01127	0.00845	0.00282	0.00657	0.00939	0.00845	0.01315
40	0.01028	0.00735	0.00978	0.01146	0.01208	0.00685	0.00772	0.01197	0.01665	0.02240	0.10533	0.63969	0.05725	0.02514	0.01052	0.00330	0.00473	0.02277	0.00785	0.00685
41	0.27850	0.01533	0.01728	0.01376	0.01978	0.01515	0.01136	0.07059	0.02151	0.41837	0.02498	0.02288	0.01635	0.00941	0.00729	0.00257	0.00698	0.00702	0.00846	0.01243
42	0.02001	0.01728	0.01816	0.01639	0.02098	0.01984	0.01274	0.04220	0.60372	0.03401	0.03685	0.03394	0.06316	0.01186	0.00854	0.00282	0.00643	0.00988	0.00841	0.01278
43	0.01208	0.00805	0.00906	0.00906	0.00906	0.00805	0.00503	0.01208	0.01208	0.01611	0.02618	0.05436	0.03020	0.70804	0.04228	0.00805	0.00805	0.01208	0.00503	0.00503
44	0.01187	0.00890	0.01335	0.01335	0.01483	0.01038	0.01038	0.01483	0.01335	0.01928	0.02225	0.03264	0.02077	0.06231	0.67512	0.01335	0.02225	0.00890	0.00445	0.00742
45	0.00982	0.00842	0.00842	0.00842	0.01122	0.00701	0.00631	0.01192	0.01894	0.02244	0.08416	0.07995	0.65285	0.02104	0.00982	0.00281	0.00421	0.01753	0.00771	0.00701
46	0.02175	0.48991	0.16569	0.01767	0.02562	0.08529	0.04548	0.02596	0.01771	0.02128	0.01257	0.01472	0.01073	0.00738	0.00623	0.00202	0.01032	0.00510	0.00364	0.01092
47	0.02048	0.01997	0.03505	0.04961	0.60308	0.01985	0.07758	0.02559	0.01898	0.02709	0.01573	0.02072	0.01311	0.00737	0.00836	0.00250	0.01023	0.00761	0.00412	0.01299
48	0.02537	0.05771	0.02884	0.08980	0.27171	0.19044	0.02016	0.16121	0.02429	0.03012	0.01560	0.01878	0.01244	0.00834	0.00793	0.00238	0.01108	0.00675	0.00503	0.01201
49	0.01822	0.01031	0.01343	0.01309	0.01632	0.00944	0.01091	0.02149	0.02060	0.18075	0.10368	0.07164	0.19019	0.01887	0.01017	0.00317	0.00635	0.26385	0.00844	0.00910
50	0.02063	0.02144	0.02150	0.01879	0.02175	0.20618	0.06553	0.02561	0.07891	0.02341	0.01861	0.02344	0.01575	0.02074	0.14461	0.00477	0.14809	0.00753	0.10338	0.00931
51	0.01028	0.00796	0.00943	0.01051	0.01215	0.00712	0.00760	0.01223	0.01754	0.02208	0.06261	0.37238	0.31895	0.02354	0.01033	0.00316	0.00480	0.07267	0.00771	0.00695
52	0.02856	0.22925	0.02925	0.01927	0.02445	0.46455	0.01552	0.05717	0.02235	0.02153	0.01279	0.01473	0.01084	0.00821	0.00692	0.00205	0.01300	0.00519	0.00425	0.01012
53	0.02404	0.02305	0.02762	0.02931	0.20475	0.12020	0.07431	0.13902	0.20742	0.03278	0.02146	0.02287	0.01652	0.00914	0.00834	0.00256	0.00992	0.00792	0.00617	0.01261
54	0.02147	0.02166	0.02971	0.19627	0.39119	0.11669	0.02307	0.05389	0.02000	0.02591	0.01521	0.02008	0.01235	0.00791	0.00814	0.00249	0.01088	0.00710	0.00423	0.01175
55	0.01187	0.00890	0.01335	0.01335	0.01483	0.01038	0.01038	0.01483	0.01335	0.01928	0.02225	0.03264	0.02077	0.06231	0.67512	0.01335	0.02225	0.00890	0.00445	0.00742
56	0.03150	0.02003	0.02252	0.01763	0.02393	0.02139	0.01444	0.38536	0.12347	0.21281	0.02541	0.02380	0.01750	0.01025	0.00834	0.00256	0.00821	0.00799	0.00886	0.01399
57	0.01187	0.00890	0.01335	0.01335	0.01483	0.01038	0.01038	0.01483	0.01335	0.01928	0.02225	0.03264	0.02077	0.06231	0.67512	0.01335	0.02225	0.00890	0.00445	0.00742
58	0.02221	0.71304	0.04353	0.01421	0.02132	0.03287	0.01421	0.02488	0.01688	0.01955	0.01155	0.01333	0.01066	0.00711	0.00533	0.00178	0.00888	0.00444	0.00355	0.01066
59	0.01003	0.00757	0.00929	0.01066	0.01181	0.00682	0.00731	0.01167	0.01678	0.02156	0.05686	0.52287	0.22755	0.02459	0.01038	0.00321	0.00464	0.02186	0.00771	0.00682
60	0.02587	0.02863	0.02436	0.13826	0.03047	0.33695	0.01767	0.11481	0.02244	0.02507	0.01383	0.01759	0.01130	0.00990	0.01166	0.00260	0.14746	0.00640	0.00463	0.01010
61	0.01205	0.00799	0.00915	0.00928	0.00951	0.00792	0.00544	0.01255	0.01322	0.01809	0.05866	0.10987	0.03430	0.58228	0.03623	0.00709	0.00737	0.01302	0.04051	0.00545
62	0.09108	0.03148	0.02290	0.18346	0.03256	0.45738	0.01716	0.02949	0.02103	0.02202	0.01320	0.01660	0.01064	0.00842	0.00749	0.00233	0.01328	0.00577	0.00421	0.00948
63	0.01359	0.01124	0.01840	0.01610	0.01920	0.01067	0.13167	0.01754	0.01932	0.02670	0.17558	0.14289	0.10794	0.01914	0.04011	0.00343	0.00764	0.13011	0.08051	0.00821
64	0.02056	0.01974	0.03372	0.05099	0.65622	0.01974	0.02550	0.02550	0.01892	0.02714	0.01563	0.02056	0.01316	0.00740	0.00822	0.00247	0.00987	0.00740	0.00411	0.01316
65	0.01952	0.01443	0.01513	0.01339	0.01720	0.01579	0.01038	0.13539	0.25868	0.03450	0.03446	0.03551	0.08979	0.04809	0.00960	0.00278	0.00609	0.00960	0.21897	0.01071
66	0.01723	0.01477	0.01723	0.01230	0.01969	0.01107	0.00984	0.02092	0.01723	0.02707	0.01477	0.01723	0.01230	0.00615	0.00615	0.00123	0.00615	0.00492	0.00492	0.75883
67	0.01176	0.00849	0.01110	0.01045	0.01241	0.00784	0.00784	0.01568	0.02352	0.03331	0.65184	0.06206	0.07839	0.01698	0.00980	0.00261	0.00392	0.01502	0.00914	0.00784
68	0.01044	0.00748	0.00993	0.01135	0.01212	0.00696	0.00774	0.01238	0.01741	0.02360	0.16561	0.57598	0.05958	0.02424	0.01044	0.00322	0.00464	0.02192	0.00799	0.00696
69	0.01160	0.00842	0.01054	0.01004	0.01182	0.00778	0.00729	0.01478	0.02145	0.02978	0.50507	0.06290	0.13283	0.11284	0.01429	0.00338	0.00452	0.01488	0.00843	0.00736
70	0.01241	0.00856	0.01076	0.01165	0.01242	0.00852	0.00845	0.01399	0.01510	0.01988	0.03466	0.12557	0.03906	0.38792	0.02780	0.00604	0.00762	0.23716	0.00626	0.00618
71	0.01723	0.01477	0.01723	0.01230	0.01969	0.01107	0.00984	0.02092	0.01723	0.02707	0.01477	0.01723	0.01230	0.00615	0.00615	0.00123	0.00615	0.00492	0.00492	0.75883
72	0.19920	0.01868	0.01866	0.01601	0.02126	0.02137	0.01278	0.17492	0.35373	0.03943	0.02535	0.02431	0.01890	0.01013	0.00764	0.00268	0.00713	0.00779	0.00764	0.01240
73	0.76672	0.01607	0.01221	0.01092	0.01607	0.01864	0.00900	0.02442	0.01414	0.03727	0.01157	0.01350	0.00900	0.00771	0.00514	0.00257	0.00643	0.00450	0.00514	0.00900
74	0.01206	0.00813	0.00943	0.00943	0.00956	0.00826	0.00550	0.01232	0.01219	0.01638	0.02584	0.05248	0.02938	0.65204	0.09717	0.00851	0.00929	0.01181	0.00498	0.00524
75	0.01194	0.00861	0.01188	0.01188	0.01286	0.00959	0.00855	0.01389	0.01292	0.01820	0.02360	0.04008	0.02400	0.28359	0.45826	0.01154	0.01739	0.00999	0.00465	0.00660
76	0.03103	0.03959	0.02354	0.02140	0.02568	0.67469	0.01605	0.03317	0.02354	0.02033	0.01284	0.01498	0.01070	0.00856	0.00749	0.00214	0.01498	0.00535	0.00428	0.00963
77	0.03103	0.03959	0.02354	0.02140	0.02568	0.67469	0.01605	0.03317	0.02354	0.02033	0.01284	0.01498	0.01070	0.00856	0.00749	0.00214	0.01498	0.00535	0.00428	0.00963
78	0.02018	0.04215	0.50820	0.02312	0.03344	0.17950	0.02711	0.02799	0.01901	0.02485	0.01440	0.01691	0.01057	0.00806	0.00779	0.00251	0.01294	0.00595	0.00370	0.01163
79	0.01019	0.00831	0.00901	0.00908	0.01151	0.00713	0.00672	0.01255	0.01944	0.02423	0.18011	0.13798	0.49319	0.02082	0.00989	0.00283	0.00422	0.01769	0.00797	0.00713
80	0.02033	0.02039	0.03746	0.04709	0.50643	0.02005	0.17230	0.02577	0.01909	0.02701	0.01591	0.02101	0.01302	0.00730	0.00861	0.00255	0.01088	0.00799	0.00413	0.01268
81	0.01016	0.00783	0.00904	0.00994	0.01141	0.00698	0.00685	0.01177	0.01691	0.02130	0.06106	0.36767	0.31820	0.08533	0.01311	0.00354	0.00484	0.01987	0.00747	0.00671
82	0.01246	0.00904	0.01217	0.01341	0.01528	0.00875	0.01116	0.01594	0.01969	0.02599	0.16781	0.14118	0.10697	0.02188	0.01092	0.00346	0.00636	0.38204	0.00796	0.00755
83	0.08171	0.04064	0.60839	0.02257	0.03423	0.01924	0.02881	0.02615	0.01724	0.02726	0.01462	0.01719	0.01039	0.00788	0.00765	0.00263	0.01177	0.00600	0.00365	0.01199
84	0.01557	0.01045	0.01331	0.01265	0.01537	0.01027	0.01003	0.02198	0.10404	0.08885	0.39410	0.06116	0.06011	0.01680	0.00982	0.00288	0.00529	0.12939	0.00886	0.00907
85	0.05558	0.09771	0.10394	0.02839	0.03664	0.02265	0.38986	0.10941	0.02155	0.02987	0.01625	0.02021	0.01224	0.00754	0.00872	0.00262	0.01227	0.00831	0.00468	0.01155
86	0.00983	0.00836	0.00847	0.00856	0.01126	0.00700	0.00638	0.01191	0.01880	0.02239	0.08239	0.10857	0.62537	0.02127	0.00985	0.00283	0.00424	0.01781	0.00771	0.00700
87	0.15344	0.39031	0.03654	0.02278	0.14791	0.02669	0.07071	0.02507	0.01704	0.02482	0.01283	0.01561	0.01104	0.00726	0.00627	0.00215	0.00911	0.00552	0.00400	0.01091
88	0.02168	0.33141	0.21499	0.02300	0.11375	0.11917	0.02069	0.02656	0.01830	0.02262	0.01325	0.01575	0.01097	0.00758	0.00676	0.00217	0.01085	0.00546	0.00372	0.01132
89	0.01410	0.00792	0.00853	0.00853	0.00978	0.00801	0.00582	0.01660	0.01535	0.02519	0.02649	0.03907	0.02431	0.25163	0.05860	0.00472	0.00641	0.00930	0.45286	0.00680
90	0.01267	0.00893	0.01001	0.00946	0.01238	0.00766	0.00719	0.01531	0.02046	0.08054	0.21717	0.07113	0.45890	0.01912	0.00969	0.00274	0.00439	0.01613	0.00828	0.00783
91	0.01187	0.00890	0.01335	0.01335	0.01483	0.01038	0.01038	0.01483	0.01335	0.01928	0.02225	0.03264	0.02077	0.06231	0.67512	0.01335	0.02225	0.00890	0.00445	0.00742
92	0.02221	0.71304	0.04353	0.01421	0.02132	0.03287	0.01421	0.02488	0.01688	0.01955	0.01155	0.01333	0.01066	0.00711	0.00533	0.00178	0.00888	0.00444	0.00355	0.01066
93	0.01950	0.36757	0.33275	0.01964	0.02921	0.02598	0.05193	0.02563	0.01732	0.02304	0.01337	0.01573	0.01069	0.00747	0.00674	0.00222	0.01071	0.00549	0.00356	0.01144
94	0.05870	0.16188	0.15293	0.01859	0.02501	0.20934	0.01769	0.07616	0.02126	0.05693	0.01897	0.02747	0.01667	0.01037	0.00773	0.00248	0.01095	0.09109	0.00513	0.01063
95	0.04596	0.01161	0.01527	0.01408	0.01676	0.01304	0.01114	0.11006	0.01824	0.05719	0.04817	0.03095	0.02168	0.04773	0.48656	0.01029	0.01812	0.00874	0.00555	0.00885
96	0.18199	0.10755	0.01533	0.01080	0.01442	0.01363	0.00874	0.01914	0.01859	0.05725	0.19002	0.10019	0.15904	0.01439	0.00791	0.00255	0.00544	0.01172	0.05283	0.00851
97	0.01638	0.01411	0.02288	0.08507	0.13669	0.01531	0.08021	0.07423	0.01764	0.02464	0.01960	0.02729	0.01705	0.03695	0.36394	0.00834	0.01696	0.00846	0.00464	0.00962
98	0.25451	0.02581	0.05926	0.02061	0.08985	0.20866	0.01534	0.08975	0.10662	0.03180	0.01647	0.01797	0.01279	0.00865	0.00708	0.00247	0.00990	0.00612	0.00546	0.01090

[dist]
# distance from previous block
# <min> <max>
4	59

[block]
# block no. 3 follows, 22 sequences, length 25
# corresponding to MSA columns:
# 667-691
name=unknown_D
#
# <colnr> <probs for GDERKNQSTAVLIFYWHMCP>
#	G	D	E	R	K	N	Q	S	T	A	V	L	I	F	Y	W	H	M	C	P
0	0.02392	0.17521	0.07887	0.08843	0.02783	0.26647	0.01646	0.05509	0.02050	0.02345	0.01361	0.01623	0.01117	0.00780	0.00695	0.00202	0.01119	0.00546	0.00430	0.14506
1	0.16055	0.01730	0.01569	0.01403	0.01778	0.11498	0.01105	0.10237	0.02030	0.05242	0.03425	0.03597	0.17712	0.02237	0.13644	0.00466	0.03800	0.00946	0.00610	0.00917
2	0.02311	0.40408	0.14877	0.01777	0.02496	0.13586	0.01774	0.06609	0.01937	0.02306	0.01288	0.01502	0.01088	0.00803	0.00737	0.00212	0.04274	0.00523	0.00398	0.01093
3	0.01673	0.01645	0.01472	0.01426	0.01605	0.17927	0.01039	0.01868	0.01576	0.01886	0.02193	0.06505	0.02213	0.20610	0.31729	0.00871	0.01607	0.00947	0.00470	0.00736
4	0.01036	0.00789	0.00960	0.01076	0.01222	0.00712	0.00772	0.01233	0.01751	0.02240	0.08141	0.41176	0.26121	0.02371	0.01038	0.00319	0.00482	0.07091	0.00776	0.00696
5	0.01723	0.01477	0.01723	0.01230	0.01969	0.01107	0.00984	0.02092	0.01723	0.02707	0.01477	0.01723	0.01230	0.00615	0.00615	0.00123	0.00615	0.00492	0.00492	0.75883
6	0.01993	0.01325	0.01577	0.01345	0.01724	0.01333	0.01071	0.18885	0.02734	0.10358	0.34182	0.04961	0.08966	0.01490	0.00932	0.00265	0.00592	0.04361	0.00886	0.01019
7	0.03103	0.03959	0.02354	0.02140	0.02568	0.67469	0.01605	0.03317	0.02354	0.02033	0.01284	0.01498	0.01070	0.00856	0.00749	0.00214	0.01498	0.00535	0.00428	0.00963
8	0.01511	0.00919	0.01075	0.01037	0.01317	0.00797	0.00768	0.01717	0.01881	0.14097	0.06294	0.21442	0.36662	0.05216	0.01124	0.00314	0.00506	0.01699	0.00807	0.00819
9	0.02051	0.01989	0.03456	0.05011	0.62248	0.01981	0.05857	0.02556	0.01895	0.02711	0.01569	0.02066	0.01313	0.00738	0.00831	0.00249	0.01010	0.00753	0.00412	0.01305
10	0.01176	0.00792	0.00916	0.00947	0.00955	0.00784	0.00547	0.01200	0.01271	0.01694	0.02939	0.16056	0.03426	0.59632	0.03709	0.00729	0.00752	0.01397	0.00547	0.00531
11	0.02610	0.06291	0.06784	0.02360	0.09169	0.35821	0.04374	0.07908	0.02236	0.02523	0.01507	0.01792	0.01222	0.00880	0.00861	0.00231	0.04984	0.00626	0.06771	0.01048
12	0.01208	0.00805	0.00906	0.00906	0.00906	0.00805	0.00503	0.01208	0.01208	0.01611	0.02618	0.05436	0.03020	0.70804	0.04228	0.00805	0.00805	0.01208	0.00503	0.00503
13	0.10234	0.18305	0.05559	0.01815	0.04404	0.25334	0.01469	0.06722	0.04033	0.02565	0.04236	0.08221	0.01815	0.01023	0.00727	0.00232	0.01034	0.00754	0.00508	0.01011
14	0.02600	0.03327	0.09443	0.03160	0.23890	0.38542	0.02077	0.02987	0.02135	0.02325	0.01400	0.01713	0.01151	0.00810	0.00778	0.00230	0.01298	0.00612	0.00414	0.01110
15	0.01766	0.03704	0.50380	0.03065	0.19434	0.01941	0.02937	0.02610	0.01789	0.02652	0.01509	0.01831	0.01120	0.00777	0.00798	0.00259	0.01166	0.00646	0.00366	0.01250
16	0.01137	0.00868	0.00938	0.00907	0.01187	0.00739	0.00685	0.01385	0.01998	0.05226	0.18579	0.07443	0.52023	0.01983	0.00975	0.00276	0.00428	0.01667	0.00809	0.00747
17	0.02262	0.02459	0.02799	0.09483	0.07306	0.20301	0.13174	0.03217	0.19373	0.02607	0.01969	0.02225	0.01538	0.00941	0.00993	0.00266	0.06665	0.00783	0.00531	0.01106
18	0.00982	0.00842	0.00842	0.00842	0.01122	0.00701	0.00631	0.01192	0.01894	0.02244	0.08416	0.07995	0.65285	0.02104	0.00982	0.00281	0.00421	0.01753	0.00771	0.00701
19	0.01180	0.00951	0.01068	0.01040	0.01308	0.00888	0.00798	0.01683	0.08582	0.02728	0.25284	0.07015	0.36761	0.01888	0.00978	0.00281	0.00460	0.05488	0.00823	0.00796
20	0.01815	0.01531	0.01772	0.01274	0.02008	0.01202	0.01023	0.05994	0.01863	0.02869	0.01510	0.01740	0.01242	0.00640	0.00629	0.00131	0.00634	0.00509	0.00514	0.71101
21	0.02425	0.01940	0.02283	0.01882	0.02441	0.02154	0.06347	0.19175	0.40411	0.07205	0.02884	0.02733	0.02120	0.01054	0.00852	0.00272	0.00786	0.00888	0.00817	0.01329
22	0.02836	0.03452	0.02614	0.02896	0.18669	0.50745	0.01846	0.03121	0.02236	0.02207	0.01355	0.01641	0.01133	0.00826	0.00768	0.00222	0.01368	0.00587	0.00424	0.01053
23	0.01039	0.00742	0.00994	0.01187	0.01247	0.00698	0.00817	0.01203	0.01617	0.02150	0.04564	0.65325	0.05437	0.02578	0.01067	0.00341	0.00505	0.07037	0.00771	0.00682
24	0.02453	0.01818	0.01976	0.01624	0.02118	0.01994	0.01300	0.36274	0.13582	0.04319	0.10311	0.07361	0.02733	0.01211	0.00847	0.00258	0.00734	0.00984	0.06887	0.01217

[dist]
# distance from previous block
# <min> <max>
0	2

[block]
# block no. 4 follows, 22 sequences, length 40
# corresponding to MSA columns:
# 694-733
name=unknown_E
#
# <colnr> <probs for GDERKNQSTAVLIFYWHMCP>
#	G	D	E	R	K	N	Q	S	T	A	V	L	I	F	Y	W	H	M	C	P
0	0.02962	0.03734	0.02279	0.02081	0.02489	0.62589	0.01564	0.03183	0.02279	0.02025	0.01353	0.01628	0.01144	0.01251	0.05654	0.00296	0.01552	0.00561	0.00429	0.00947
1	0.01742	0.20095	0.02382	0.01508	0.01795	0.05248	0.01278	0.02014	0.01520	0.02107	0.01710	0.02325	0.01550	0.02774	0.23629	0.00612	0.16016	0.00703	0.10112	0.00880
2	0.02072	0.51236	0.16257	0.01682	0.02422	0.02948	0.01782	0.02466	0.01659	0.02091	0.01214	0.01464	0.01066	0.00801	0.00805	0.00213	0.07880	0.00506	0.00355	0.01082
3	0.01954	0.01253	0.01730	0.01999	0.15029	0.01197	0.01223	0.02339	0.05490	0.17095	0.03952	0.10982	0.15261	0.12435	0.03982	0.00396	0.00756	0.01222	0.00705	0.01000
4	0.06145	0.02164	0.01811	0.01676	0.01978	0.23709	0.01279	0.10064	0.02063	0.02530	0.02221	0.15358	0.02203	0.02501	0.16581	0.00516	0.04735	0.01006	0.00552	0.00907
5	0.02122	0.05994	0.24696	0.02079	0.02826	0.09465	0.06470	0.16122	0.02241	0.02988	0.01723	0.02090	0.01351	0.01892	0.13773	0.00460	0.01379	0.00708	0.00492	0.01130
6	0.01510	0.01356	0.02189	0.31202	0.17898	0.01496	0.01867	0.01930	0.01730	0.02289	0.02788	0.17393	0.06439	0.01362	0.00908	0.00290	0.00881	0.05021	0.00515	0.00936
7	0.23777	0.01952	0.02189	0.02615	0.21863	0.06783	0.01602	0.03179	0.21949	0.03204	0.02014	0.02148	0.01572	0.00883	0.00735	0.00259	0.00818	0.00705	0.00583	0.01169
8	0.01544	0.01546	0.02982	0.16442	0.03509	0.01557	0.27403	0.02026	0.01760	0.02343	0.02724	0.18691	0.05731	0.01659	0.05856	0.00370	0.01130	0.01291	0.00513	0.00923
9	0.01009	0.00735	0.00952	0.01125	0.01197	0.00677	0.00757	0.01160	0.01621	0.02133	0.04967	0.63957	0.11549	0.02552	0.01052	0.00332	0.00476	0.02300	0.00771	0.00677
10	0.01723	0.01477	0.01723	0.01230	0.01969	0.01107	0.00984	0.02092	0.01723	0.02707	0.01477	0.01723	0.01230	0.00615	0.00615	0.00123	0.00615	0.00492	0.00492	0.75883
11	0.02846	0.01962	0.02143	0.01718	0.02297	0.02143	0.01395	0.36425	0.18321	0.12541	0.02553	0.02454	0.01824	0.01031	0.00817	0.00254	0.00786	0.00808	0.06340	0.01342
12	0.01201	0.00833	0.01047	0.01047	0.01096	0.00882	0.00679	0.01299	0.01250	0.01715	0.02489	0.04723	0.02710	0.49590	0.25019	0.00979	0.01272	0.01104	0.00484	0.00582
13	0.01487	0.01023	0.01240	0.01203	0.01431	0.01144	0.00928	0.02215	0.13692	0.02648	0.02624	0.03172	0.02185	0.03354	0.30586	0.00722	0.01262	0.00858	0.27362	0.00865
14	0.02612	0.11338	0.02793	0.15304	0.09056	0.13530	0.01797	0.27314	0.02725	0.03418	0.01623	0.01873	0.01240	0.00879	0.00778	0.00239	0.01055	0.00670	0.00571	0.01186
15	0.01134	0.00833	0.01084	0.01130	0.01245	0.00856	0.00809	0.01320	0.01465	0.01962	0.03817	0.17826	0.12656	0.20457	0.25980	0.00808	0.01199	0.04167	0.00587	0.00666
16	0.02887	0.05635	0.04977	0.01864	0.02456	0.09770	0.01567	0.36571	0.06704	0.09821	0.02107	0.04658	0.01609	0.01054	0.00911	0.00254	0.04356	0.00784	0.00737	0.01278
17	0.02242	0.11913	0.15809	0.03099	0.22505	0.18432	0.05750	0.02726	0.01924	0.02389	0.01408	0.01762	0.01155	0.00810	0.00870	0.00241	0.04785	0.00639	0.00394	0.01146
18	0.01766	0.01678	0.02848	0.43050	0.29939	0.01898	0.02405	0.02295	0.01754	0.02362	0.01511	0.02151	0.01192	0.00794	0.00827	0.00265	0.01059	0.00739	0.00386	0.01082
19	0.01026	0.00831	0.00911	0.00918	0.01156	0.00716	0.00678	0.01267	0.01957	0.02458	0.19846	0.14263	0.46928	0.02073	0.00990	0.00283	0.00421	0.01766	0.00801	0.00716
