[name]
unknown

[dist]
# distance from previous block
# <min> <max>
29	98

[block]
# block no. 0 follows, 21 sequences, length 39
# corresponding to MSA columns:
# 98-136
name=unknown_A
#
# <colnr> <probs for GDERKNQSTAVLIFYWHMCP>
#	G	D	E	R	K	N	Q	S	T	A	V	L	I	F	Y	W	H	M	C	P
0	0.02327	0.13695	0.06027	0.05141	0.12304	0.13450	0.01717	0.07573	0.02122	0.05369	0.05033	0.02068	0.01622	0.00893	0.00873	0.00225	0.05100	0.00670	0.00512	0.13278
1	0.01806	0.09037	0.11946	0.01851	0.07598	0.05040	0.01538	0.02588	0.12396	0.02722	0.05832	0.03376	0.13434	0.01111	0.00801	0.00234	0.00796	0.00905	0.00590	0.16400
2	0.02201	0.02682	0.11411	0.03549	0.30664	0.15277	0.05847	0.02793	0.04946	0.02631	0.01765	0.05065	0.01507	0.00886	0.00833	0.00249	0.01117	0.00784	0.00460	0.05335
3	0.23556	0.13078	0.17968	0.02587	0.18852	0.02148	0.02004	0.02668	0.01755	0.06093	0.01486	0.01747	0.01158	0.00790	0.00698	0.00249	0.00939	0.00599	0.00460	0.01168
4	0.02246	0.03404	0.31175	0.02864	0.15970	0.10350	0.02502	0.12470	0.05445	0.03112	0.01699	0.01939	0.01275	0.00859	0.00820	0.00258	0.01160	0.00685	0.00488	0.01277
5	0.02579	0.02579	0.02665	0.03168	0.26168	0.22880	0.01902	0.08842	0.06092	0.06153	0.06990	0.02376	0.01949	0.00944	0.00835	0.00246	0.01087	0.00774	0.00572	0.01200
6	0.14028	0.02445	0.03136	0.03422	0.26051	0.15867	0.14326	0.02876	0.04852	0.02821	0.01586	0.01959	0.01274	0.00799	0.00811	0.00256	0.01139	0.00727	0.00464	0.01162
7	0.02378	0.02401	0.09702	0.03526	0.27390	0.02222	0.11447	0.19941	0.06264	0.03559	0.01853	0.02151	0.01416	0.00857	0.00868	0.00263	0.01060	0.00798	0.00568	0.01336
8	0.01739	0.01252	0.01408	0.01276	0.01648	0.01265	0.00986	0.02744	0.22585	0.10011	0.20031	0.05475	0.22962	0.01596	0.00942	0.00280	0.00537	0.01350	0.00881	0.01030
9	0.02152	0.02128	0.03476	0.05010	0.59221	0.05022	0.05195	0.02653	0.01963	0.02746	0.01593	0.02088	0.01334	0.00762	0.00846	0.00253	0.01054	0.00759	0.00422	0.01322
10	0.02284	0.01911	0.02018	0.01766	0.02277	0.02195	0.01387	0.13098	0.54399	0.03829	0.03252	0.03006	0.02426	0.01135	0.00864	0.00284	0.00713	0.00933	0.00864	0.01362
11	0.01009	0.00849	0.00876	0.00898	0.01159	0.00715	0.00663	0.01217	0.01905	0.02285	0.08182	0.15039	0.57872	0.02212	0.01015	0.00294	0.00438	0.01866	0.00790	0.00715
12	0.03163	0.02348	0.02513	0.01943	0.02611	0.02605	0.01600	0.58229	0.07836	0.05247	0.02135	0.02116	0.01522	0.01030	0.00852	0.00258	0.00919	0.00779	0.00852	0.01441
13	0.01835	0.04222	0.61805	0.02370	0.03591	0.01932	0.03029	0.02783	0.01836	0.06510	0.01639	0.01864	0.01141	0.00823	0.00811	0.00269	0.01225	0.00643	0.00402	0.01269
14	0.01849	0.20773	0.41529	0.02219	0.03248	0.02292	0.07515	0.02595	0.01774	0.02482	0.01498	0.01815	0.01158	0.01091	0.04427	0.00310	0.01242	0.00632	0.00372	0.01179
15	0.01231	0.00852	0.01064	0.01064	0.01111	0.00899	0.00685	0.01325	0.01278	0.01751	0.02557	0.04882	0.02796	0.50434	0.23582	0.00992	0.01274	0.01137	0.00497	0.00591
16	0.02641	0.03090	0.06954	0.03453	0.28635	0.30167	0.02143	0.07909	0.02307	0.02687	0.01509	0.01833	0.01229	0.00835	0.00808	0.00239	0.01248	0.00659	0.00461	0.01193
17	0.02228	0.65082	0.09567	0.01537	0.02309	0.03251	0.01597	0.02560	0.01735	0.02060	0.01212	0.01401	0.01091	0.00735	0.00568	0.00189	0.00939	0.00470	0.00364	0.01106
18	0.02275	0.70604	0.04459	0.01456	0.02184	0.03367	0.01456	0.02548	0.01729	0.02002	0.01183	0.01365	0.01092	0.00728	0.00546	0.00182	0.00910	0.00455	0.00364	0.01092
19	0.01024	0.00863	0.00887	0.00881	0.01160	0.00726	0.00661	0.01256	0.01982	0.02398	0.13598	0.08026	0.59400	0.02118	0.01006	0.00286	0.00428	0.01773	0.00803	0.00726
20	0.02637	0.34912	0.08670	0.01871	0.02512	0.31920	0.01683	0.02945	0.02044	0.02097	0.01272	0.01478	0.01093	0.00802	0.00668	0.00206	0.01222	0.00512	0.00397	0.01058
21	0.02275	0.70604	0.04459	0.01456	0.02184	0.03367	0.01456	0.02548	0.01729	0.02002	0.01183	0.01365	0.01092	0.00728	0.00546	0.00182	0.00910	0.00455	0.00364	0.01092
22	0.01204	0.00870	0.01138	0.01071	0.01271	0.00803	0.00803	0.01606	0.02409	0.03413	0.64335	0.06357	0.08030	0.01740	0.01004	0.00268	0.00401	0.01539	0.00937	0.00803
23	0.01810	0.03684	0.45003	0.02821	0.03944	0.02036	0.23104	0.02706	0.01869	0.02706	0.01593	0.01967	0.01151	0.00777	0.00875	0.00275	0.01318	0.00757	0.00384	0.01220
24	0.02845	0.05960	0.02775	0.03043	0.24281	0.20753	0.01877	0.06545	0.05078	0.15694	0.01971	0.02112	0.01482	0.00885	0.00810	0.00243	0.01079	0.00712	0.00599	0.01256
25	0.01478	0.00739	0.01109	0.01109	0.01109	0.00739	0.00739	0.01109	0.01109	0.01478	0.01478	0.02587	0.01478	0.02956	0.03326	0.75240	0.00739	0.00739	0.00370	0.00370
26	0.01116	0.00866	0.01015	0.00978	0.01217	0.00766	0.00734	0.01435	0.02201	0.02919	0.39645	0.07169	0.33027	0.01924	0.01005	0.00276	0.00415	0.01653	0.00872	0.00766
27	0.03188	0.03771	0.02436	0.02153	0.02632	0.55783	0.01640	0.13357	0.02682	0.02641	0.01439	0.01621	0.01156	0.00902	0.00782	0.00225	0.01433	0.00585	0.00509	0.01065
28	0.02098	0.02045	0.03585	0.05087	0.59750	0.02033	0.07540	0.02621	0.01944	0.02776	0.01611	0.02122	0.01343	0.00755	0.00856	0.00256	0.01046	0.00779	0.00422	0.01331
29	0.02117	0.01828	0.01924	0.01732	0.02213	0.02117	0.01347	0.04522	0.63246	0.03560	0.03464	0.03175	0.02598	0.01155	0.00866	0.00289	0.00673	0.00962	0.00866	0.01347
30	0.01607	0.01513	0.02552	0.68047	0.05861	0.01891	0.02363	0.02174	0.01702	0.02174	0.01513	0.02269	0.01134	0.00851	0.00851	0.00284	0.01134	0.00756	0.00378	0.00945
31	0.02792	0.03366	0.02630	0.02751	0.13895	0.45586	0.01852	0.03059	0.02164	0.02205	0.01339	0.01686	0.01145	0.00944	0.01075	0.00248	0.11178	0.00615	0.00426	0.01044
32	0.02489	0.01722	0.01930	0.01647	0.02158	0.01874	0.01304	0.11581	0.37224	0.15662	0.09908	0.03322	0.02947	0.01182	0.00877	0.00277	0.00688	0.00979	0.00908	0.01320
33	0.01289	0.00953	0.01256	0.01408	0.01624	0.00920	0.01207	0.01640	0.01955	0.02491	0.05438	0.09280	0.18383	0.02307	0.01137	0.00368	0.00704	0.46087	0.00785	0.00769
34	0.02993	0.17781	0.02834	0.02041	0.02539	0.53619	0.01605	0.03223	0.02271	0.02066	0.01288	0.01500	0.01095	0.00846	0.00722	0.00212	0.01406	0.00529	0.00423	0.01008
35	0.02044	0.02036	0.03704	0.10142	0.47344	0.02038	0.14839	0.02599	0.01933	0.02718	0.01618	0.02159	0.01318	0.00758	0.00877	0.00262	0.01109	0.00809	0.00420	0.01273
36	0.01922	0.01834	0.03121	0.28432	0.43016	0.01973	0.02520	0.02450	0.01851	0.02556	0.01568	0.02166	0.01269	0.00792	0.00846	0.00264	0.01057	0.00758	0.00405	0.01199
37	0.01037	0.00741	0.00987	0.01185	0.01234	0.00691	0.00790	0.01185	0.01629	0.02172	0.04690	0.69537	0.05629	0.02666	0.01086	0.00346	0.00494	0.02419	0.00790	0.00691
38	0.02603	0.02771	0.31462	0.01883	0.02789	0.01543	0.02080	0.03229	0.02098	0.31010	0.02947	0.02827	0.06829	0.01032	0.00846	0.00268	0.00947	0.00829	0.00709	0.01299

[dist]
# distance from previous block
# <min> <max>
0	1

[block]
# block no. 1 follows, 21 sequences, length 14
# corresponding to MSA columns:
# 138-151
name=unknown_B
#
# <colnr> <probs for GDERKNQSTAVLIFYWHMCP>
#	G	D	E	R	K	N	Q	S	T	A	V	L	I	F	Y	W	H	M	C	P
0	0.01986	0.17135	0.10750	0.02549	0.03308	0.02322	0.27647	0.02531	0.01811	0.02492	0.01486	0.01923	0.01201	0.00810	0.01049	0.00252	0.09159	0.00752	0.00411	0.10427
1	0.06827	0.19189	0.47514	0.02119	0.03208	0.02286	0.02613	0.02649	0.01758	0.02614	0.01426	0.01671	0.01071	0.00789	0.00730	0.00249	0.01139	0.00578	0.00372	0.01198
2	0.29016	0.02765	0.16393	0.01968	0.05869	0.10230	0.01770	0.16630	0.02274	0.03653	0.01503	0.01690	0.01125	0.00858	0.00714	0.00257	0.00988	0.00598	0.00548	0.01152
3	0.01008	0.00854	0.00871	0.00885	0.01155	0.00716	0.00657	0.01219	0.01918	0.02290	0.08343	0.12530	0.60278	0.02191	0.01011	0.00291	0.00435	0.01840	0.00790	0.00716
4	0.02064	0.02255	0.09158	0.04861	0.55221	0.02027	0.06642	0.02627	0.01930	0.02769	0.01602	0.02091	0.01320	0.00760	0.00850	0.00257	0.01062	0.00763	0.00416	0.01326
5	0.01216	0.00912	0.01368	0.01368	0.01520	0.01064	0.01064	0.01520	0.01368	0.01976	0.02279	0.03343	0.02127	0.06382	0.66720	0.01368	0.02279	0.00912	0.00456	0.00760
6	0.03235	0.02384	0.02554	0.01958	0.02639	0.02639	0.01618	0.61946	0.04001	0.05363	0.02043	0.02043	0.01447	0.01022	0.00851	0.00255	0.00936	0.00766	0.00851	0.01447
7	0.02275	0.70604	0.04459	0.01456	0.02184	0.03367	0.01456	0.02548	0.01729	0.02002	0.01183	0.01365	0.01092	0.00728	0.00546	0.00182	0.00910	0.00455	0.00364	0.01092
8	0.02201	0.61993	0.12423	0.01582	0.02379	0.03186	0.01676	0.02567	0.01738	0.02092	0.01228	0.01421	0.01090	0.00739	0.00580	0.00193	0.00955	0.00478	0.00363	0.01114
9	0.01865	0.22764	0.48702	0.02157	0.03267	0.02362	0.02676	0.02654	0.01778	0.02503	0.01432	0.01677	0.01082	0.00786	0.00736	0.00245	0.01161	0.00581	0.00361	0.01212
10	0.02213	0.24553	0.32667	0.02077	0.02987	0.17033	0.02289	0.02809	0.01915	0.02345	0.01374	0.01606	0.01086	0.00799	0.00719	0.00231	0.01214	0.00557	0.00379	0.01146
11	0.01787	0.09324	0.55335	0.02602	0.09063	0.02088	0.02965	0.02676	0.01804	0.02649	0.01507	0.01791	0.01103	0.00798	0.00791	0.00261	0.01209	0.00627	0.00365	0.01253
12	0.01877	0.09284	0.33389	0.02765	0.16796	0.04890	0.02462	0.02685	0.06004	0.02647	0.02272	0.02483	0.06942	0.00938	0.00812	0.00259	0.01070	0.00766	0.00450	0.01208
13	0.10116	0.11528	0.17729	0.02989	0.17750	0.02124	0.15635	0.02569	0.01872	0.02803	0.05720	0.02186	0.01641	0.00826	0.00808	0.00257	0.01070	0.00764	0.00448	0.01165

[dist]
# distance from previous block
# <min> <max>
4	53

[block]
# block no. 2 follows, 21 sequences, length 20
# corresponding to MSA columns:
# 205-224
name=unknown_C
#
# <colnr> <probs for GDERKNQSTAVLIFYWHMCP>
#	G	D	E	R	K	N	Q	S	T	A	V	L	I	F	Y	W	H	M	C	P
0	0.02215	0.02435	0.02675	0.03053	0.23341	0.22957	0.07347	0.02607	0.02179	0.02615	0.12509	0.03107	0.07164	0.01063	0.00872	0.00250	0.01077	0.00921	0.00542	0.01072
1	0.02791	0.10040	0.07189	0.02687	0.14518	0.36080	0.01911	0.10042	0.02400	0.02638	0.01458	0.01705	0.01184	0.00852	0.00773	0.00230	0.01283	0.00610	0.00471	0.01139
2	0.02701	0.02494	0.02573	0.16592	0.12256	0.19341	0.01888	0.17918	0.05405	0.07906	0.01837	0.02082	0.01376	0.00917	0.00829	0.00254	0.01121	0.00721	0.00594	0.01198
3	0.02602	0.03107	0.13359	0.03149	0.22645	0.21514	0.02198	0.15559	0.02498	0.03110	0.01598	0.01870	0.01249	0.00859	0.00816	0.00246	0.01193	0.00675	0.00508	0.01246
4	0.02198	0.05480	0.02469	0.02798	0.22060	0.21010	0.01702	0.02725	0.06847	0.02761	0.18022	0.03093	0.03101	0.01079	0.00850	0.00246	0.00977	0.00901	0.00592	0.01086
5	0.01822	0.05489	0.01446	0.01184	0.01381	0.05021	0.00814	0.02043	0.04956	0.11018	0.02800	0.09408	0.02874	0.42811	0.02947	0.00602	0.00824	0.01168	0.00619	0.00773
6	0.02451	0.01695	0.01930	0.01573	0.02050	0.01787	0.01260	0.33203	0.03194	0.09060	0.23713	0.07604	0.04009	0.01369	0.00918	0.00266	0.00710	0.01137	0.00892	0.01181
7	0.17547	0.02404	0.02168	0.01790	0.02369	0.12348	0.01438	0.31460	0.13113	0.04246	0.01996	0.02021	0.01480	0.00975	0.00776	0.00257	0.00930	0.00704	0.00725	0.01254
8	0.02451	0.02662	0.02551	0.02606	0.12784	0.26217	0.01807	0.06006	0.02006	0.02446	0.01436	0.01880	0.01238	0.01079	0.01456	0.00277	0.23922	0.00678	0.05456	0.01041
9	0.01834	0.00980	0.01308	0.01223	0.01495	0.00884	0.00916	0.02135	0.02167	0.19199	0.29374	0.25617	0.05716	0.01856	0.00991	0.00291	0.00515	0.01642	0.00920	0.00936
10	0.02110	0.01957	0.02938	0.04046	0.43691	0.02054	0.02185	0.03256	0.22605	0.03043	0.02229	0.02467	0.01769	0.00892	0.00850	0.00265	0.00897	0.00827	0.00571	0.01348
11	0.01204	0.00870	0.01138	0.01071	0.01271	0.00803	0.00803	0.01606	0.02409	0.03413	0.64335	0.06357	0.08030	0.01740	0.01004	0.00268	0.00401	0.01539	0.00937	0.00803
12	0.01803	0.03730	0.46323	0.02796	0.03927	0.02032	0.21830	0.02705	0.01864	0.02705	0.01589	0.01956	0.01146	0.00779	0.00871	0.00275	0.01314	0.00749	0.00382	0.01223
13	0.01862	0.01862	0.02607	0.02234	0.02234	0.02607	0.01862	0.02048	0.01303	0.02048	0.01117	0.01862	0.01117	0.01489	0.02793	0.00372	0.68535	0.00745	0.00372	0.00931
14	0.02106	0.02022	0.03454	0.05223	0.64784	0.02022	0.02612	0.02612	0.01938	0.02780	0.01601	0.02106	0.01348	0.00758	0.00842	0.00253	0.01011	0.00758	0.00421	0.01348
15	0.03080	0.03848	0.02366	0.02149	0.02592	0.60662	0.01617	0.03503	0.08078	0.02220	0.01516	0.01687	0.01236	0.00903	0.00777	0.00226	0.01454	0.00587	0.00478	0.01020
16	0.01745	0.08811	0.61606	0.02361	0.03583	0.02069	0.03032	0.02685	0.01792	0.02649	0.01504	0.01768	0.01079	0.00803	0.00791	0.00264	0.01235	0.00617	0.00360	0.01247
17	0.02074	0.47148	0.26152	0.01800	0.02715	0.02874	0.02054	0.02600	0.01753	0.02248	0.01305	0.01518	0.01087	0.00757	0.00639	0.00213	0.01033	0.00517	0.00362	0.01151
18	0.01014	0.00830	0.00895	0.00946	0.01172	0.00711	0.00684	0.01212	0.01859	0.02266	0.07594	0.24212	0.49079	0.02289	0.01027	0.00303	0.00447	0.01959	0.00790	0.00711
19	0.02054	0.02173	0.08563	0.02216	0.02855	0.02112	0.15153	0.03946	0.43682	0.03291	0.02890	0.02848	0.02161	0.01024	0.00892	0.00286	0.00900	0.00941	0.00720	0.01294

[dist]
# distance from previous block
# <min> <max>
0	1

[block]
# block no. 3 follows, 21 sequences, length 14
# corresponding to MSA columns:
# 226-239
name=unknown_D
#
# <colnr> <probs for GDERKNQSTAVLIFYWHMCP>
#	G	D	E	R	K	N	Q	S	T	A	V	L	I	F	Y	W	H	M	C	P
0	0.15164	0.29838	0.15677	0.01764	0.02495	0.17649	0.01745	0.02768	0.01854	0.02474	0.01283	0.01494	0.01061	0.00790	0.00647	0.00222	0.01082	0.00513	0.00409	0.01071
1	0.07056	0.46390	0.14604	0.01694	0.02465	0.10921	0.01738	0.02677	0.01808	0.02250	0.01259	0.01462	0.01079	0.00765	0.00618	0.00207	0.01032	0.00497	0.00383	0.01097
2	0.01325	0.00960	0.01307	0.01463	0.01667	0.00942	0.01259	0.01703	0.01996	0.02600	0.10045	0.09196	0.10327	0.02281	0.01146	0.00372	0.00720	0.49113	0.00797	0.00780
3	0.01045	0.00864	0.00916	0.00903	0.01173	0.00735	0.00677	0.01297	0.02032	0.02517	0.19549	0.07830	0.53374	0.02074	0.01005	0.00284	0.00425	0.01746	0.00819	0.00735
4	0.01037	0.00741	0.00987	0.01185	0.01234	0.00691	0.00790	0.01185	0.01629	0.02172	0.04690	0.69537	0.05629	0.02666	0.01086	0.00346	0.00494	0.02419	0.00790	0.00691
5	0.02117	0.01828	0.01924	0.01732	0.02213	0.02117	0.01347	0.04522	0.63246	0.03560	0.03464	0.03175	0.02598	0.01155	0.00866	0.00289	0.00673	0.00962	0.00866	0.01347
6	0.01037	0.00741	0.00987	0.01185	0.01234	0.00691	0.00790	0.01185	0.01629	0.02172	0.04690	0.69537	0.05629	0.02666	0.01086	0.00346	0.00494	0.02419	0.00790	0.00691
7	0.02106	0.02022	0.03454	0.05223	0.64784	0.02022	0.02612	0.02612	0.01938	0.02780	0.01601	0.02106	0.01348	0.00758	0.00842	0.00253	0.01011	0.00758	0.00421	0.01348
8	0.02275	0.70604	0.04459	0.01456	0.02184	0.03367	0.01456	0.02548	0.01729	0.02002	0.01183	0.01365	0.01092	0.00728	0.00546	0.00182	0.00910	0.00455	0.00364	0.01092
9	0.02050	0.02170	0.04273	0.04043	0.25509	0.02104	0.37074	0.02801	0.05896	0.02798	0.01790	0.02285	0.01395	0.00760	0.00939	0.00275	0.01237	0.00915	0.00455	0.01231
10	0.02725	0.03099	0.02496	0.02180	0.02493	0.37000	0.01717	0.09578	0.02205	0.02443	0.01329	0.01707	0.01143	0.01108	0.01485	0.00277	0.24891	0.00642	0.00462	0.01019
11	0.01144	0.00868	0.01053	0.01007	0.01234	0.00777	0.00755	0.01488	0.02265	0.03072	0.47296	0.06917	0.25281	0.01867	0.01004	0.00274	0.00411	0.01618	0.00892	0.00777
12	0.01037	0.00741	0.00987	0.01185	0.01234	0.00691	0.00790	0.01185	0.01629	0.02172	0.04690	0.69537	0.05629	0.02666	0.01086	0.00346	0.00494	0.02419	0.00790	0.00691
13	0.02816	0.10770	0.02766	0.02514	0.13262	0.32484	0.01729	0.14313	0.02523	0.02882	0.01567	0.01799	0.01265	0.00873	0.00762	0.00227	0.01197	0.00629	0.04482	0.01139

[dist]
# distance from previous block
# <min> <max>
1	13

[block]
# block no. 4 follows, 21 sequences, length 42
# corresponding to MSA columns:
# 253-294
name=unknown_E
#
# <colnr> <probs for GDERKNQSTAVLIFYWHMCP>
#	G	D	E	R	K	N	Q	S	T	A	V	L	I	F	Y	W	H	M	C	P
0	0.05593	0.03857	0.50771	0.02580	0.03725	0.02007	0.14223	0.02691	0.01819	0.02759	0.01547	0.01871	0.01111	0.00790	0.00831	0.00273	0.01261	0.00692	0.00382	0.01219
1	0.01982	0.19446	0.29333	0.03167	0.24602	0.02326	0.02554	0.02631	0.01830	0.02559	0.01470	0.01801	0.01175	0.00772	0.00757	0.00243	0.01088	0.00632	0.00382	0.01249
2	0.02275	0.70604	0.04459	0.01456	0.02184	0.03367	0.01456	0.02548	0.01729	0.02002	0.01183	0.01365	0.01092	0.00728	0.00546	0.00182	0.00910	0.00455	0.00364	0.01092
3	0.01545	0.00806	0.00857	0.00857	0.01050	0.00823	0.00647	0.01931	0.01738	0.03040	0.02721	0.03192	0.02175	0.01591	0.07952	0.00328	0.00606	0.00806	0.66543	0.00789
4	0.01037	0.00741	0.00987	0.01185	0.01234	0.00691	0.00790	0.01185	0.01629	0.02172	0.04690	0.69537	0.05629	0.02666	0.01086	0.00346	0.00494	0.02419	0.00790	0.00691
5	0.01035	0.00863	0.00903	0.00893	0.01168	0.00731	0.00670	0.01279	0.02010	0.02465	0.16948	0.07916	0.56008	0.02093	0.01005	0.00284	0.00427	0.01758	0.00812	0.00731
6	0.03179	0.04056	0.02412	0.02192	0.02631	0.66676	0.01644	0.03398	0.02412	0.02083	0.01315	0.01535	0.01096	0.00877	0.00767	0.00219	0.01535	0.00548	0.00438	0.00987
7	0.01707	0.04402	0.65683	0.02426	0.03683	0.01976	0.03144	0.02695	0.01797	0.02695	0.01527	0.01797	0.01078	0.00809	0.00809	0.00270	0.01258	0.00629	0.00359	0.01258
8	0.01822	0.17861	0.53236	0.02228	0.03378	0.02259	0.02801	0.02665	0.01783	0.02554	0.01457	0.01709	0.01081	0.00792	0.00755	0.00252	0.01187	0.00594	0.00360	0.01224
9	0.01037	0.00741	0.00987	0.01185	0.01234	0.00691	0.00790	0.01185	0.01629	0.02172	0.04690	0.69537	0.05629	0.02666	0.01086	0.00346	0.00494	0.02419	0.00790	0.00691
10	0.02170	0.02144	0.03392	0.05042	0.61066	0.05889	0.02554	0.02659	0.01966	0.02739	0.01584	0.02072	0.01333	0.00765	0.00838	0.00251	0.01042	0.00746	0.00422	0.01326
11	0.02106	0.02022	0.03454	0.05223	0.64784	0.02022	0.02612	0.02612	0.01938	0.02780	0.01601	0.02106	0.01348	0.00758	0.00842	0.00253	0.01011	0.00758	0.00421	0.01348
12	0.02135	0.02281	0.04084	0.04288	0.33645	0.06430	0.28943	0.02716	0.02001	0.02709	0.01636	0.02152	0.01306	0.00748	0.00910	0.00266	0.01236	0.00854	0.00427	0.01234
13	0.03107	0.03919	0.02482	0.02397	0.06818	0.62320	0.01709	0.03345	0.02380	0.02130	0.01335	0.01573	0.01113	0.00869	0.00772	0.00221	0.01499	0.00562	0.00437	0.01011
14	0.01410	0.00952	0.01236	0.01262	0.01508	0.00889	0.01034	0.01767	0.02137	0.07019	0.25116	0.07797	0.17288	0.02022	0.01064	0.00322	0.00584	0.24918	0.00854	0.00822
15	0.02099	0.02042	0.03568	0.05104	0.60388	0.02031	0.06916	0.02620	0.01943	0.02776	0.01610	0.02120	0.01344	0.00755	0.00854	0.00255	0.01042	0.00776	0.00422	0.01333
16	0.03051	0.02596	0.02537	0.02032	0.02586	0.13297	0.01653	0.44585	0.03394	0.04396	0.01804	0.01935	0.01347	0.01057	0.01084	0.00264	0.09628	0.00727	0.00722	0.01305
17	0.01033	0.00756	0.00972	0.01145	0.01224	0.00695	0.00772	0.01189	0.01668	0.02188	0.05179	0.61910	0.12940	0.02603	0.01076	0.00338	0.00486	0.02342	0.00790	0.00695
18	0.01066	0.00795	0.00993	0.01090	0.01224	0.00721	0.00762	0.01284	0.01866	0.02469	0.18477	0.42501	0.18934	0.02354	0.01051	0.00316	0.00460	0.02093	0.00822	0.00721
19	0.03008	0.01951	0.02254	0.06242	0.02634	0.02105	0.01508	0.29249	0.17647	0.20189	0.02687	0.02550	0.01872	0.01050	0.00856	0.00267	0.00832	0.00836	0.00875	0.01390
20	0.02073	0.01988	0.03394	0.09450	0.60819	0.02013	0.02595	0.02582	0.01922	0.02739	0.01595	0.02117	0.01334	0.00764	0.00843	0.00255	0.01019	0.00758	0.00418	0.01321
21	0.02836	0.03406	0.02745	0.03161	0.22485	0.46022	0.01953	0.03147	0.02260	0.02306	0.01407	0.01717	0.01177	0.00839	0.00791	0.00230	0.01367	0.00615	0.00433	0.01102
22	0.02275	0.70604	0.04459	0.01456	0.02184	0.03367	0.01456	0.02548	0.01729	0.02002	0.01183	0.01365	0.01092	0.00728	0.00546	0.00182	0.00910	0.00455	0.00364	0.01092
23	0.02203	0.62190	0.12241	0.01579	0.02375	0.03191	0.01671	0.02567	0.01738	0.02090	0.01227	0.01420	0.01090	0.00738	0.00579	0.00193	0.00954	0.00477	0.00363	0.01113
24	0.03071	0.02971	0.02418	0.02021	0.02582	0.27771	0.01594	0.31610	0.10906	0.03843	0.01937	0.01987	0.01455	0.00982	0.00820	0.00245	0.01138	0.00705	0.00691	0.01253
25	0.01222	0.00887	0.01242	0.01242	0.01350	0.00995	0.00907	0.01439	0.01330	0.01882	0.02395	0.03981	0.02404	0.24632	0.48848	0.01212	0.01863	0.01005	0.00473	0.00690
26	0.01478	0.00739	0.01109	0.01109	0.01109	0.00739	0.00739	0.01109	0.01109	0.01478	0.01478	0.02587	0.01478	0.02956	0.03326	0.75240	0.00739	0.00739	0.00370	0.00370
27	0.02680	0.03127	0.02420	0.11164	0.07936	0.40507	0.01761	0.03386	0.13909	0.02433	0.01775	0.01992	0.01408	0.00917	0.00803	0.00244	0.01275	0.00672	0.00511	0.01079
28	0.02079	0.02098	0.03891	0.04767	0.47972	0.02058	0.19074	0.02644	0.01957	0.02765	0.01634	0.02159	0.01332	0.00747	0.00888	0.00262	0.01129	0.00827	0.00424	0.01292
29	0.03179	0.04056	0.02412	0.02192	0.02631	0.66676	0.01644	0.03398	0.02412	0.02083	0.01315	0.01535	0.01096	0.00877	0.00767	0.00219	0.01535	0.00548	0.00438	0.00987
30	0.01217	0.00905	0.01336	0.01336	0.01477	0.01046	0.01024	0.01499	0.01358	0.01952	0.02309	0.03505	0.02198	0.11024	0.62174	0.01328	0.02173	0.00936	0.00460	0.00742
31	0.01216	0.00912	0.01368	0.01368	0.01520	0.01064	0.01064	0.01520	0.01368	0.01976	0.02279	0.03343	0.02127	0.06382	0.66720	0.01368	0.02279	0.00912	0.00456	0.00760
32	0.02649	0.43045	0.03611	0.01761	0.02369	0.29585	0.01534	0.02900	0.02012	0.02036	0.01238	0.01435	0.01094	0.00790	0.00638	0.00197	0.01169	0.00494	0.00395	0.01048
33	0.01765	0.01513	0.01765	0.01260	0.02017	0.01134	0.01008	0.02143	0.01765	0.02773	0.01513	0.01765	0.01260	0.00630	0.00630	0.00126	0.00630	0.00504	0.00504	0.75295
34	0.01037	0.00741	0.00987	0.01185	0.01234	0.00691	0.00790	0.01185	0.01629	0.02172	0.04690	0.69537	0.05629	0.02666	0.01086	0.00346	0.00494	0.02419	0.00790	0.00691
35	0.03235	0.02384	0.02554	0.01958	0.02639	0.02639	0.01618	0.61946	0.04001	0.05363	0.02043	0.02043	0.01447	0.01022	0.00851	0.00255	0.00936	0.00766	0.00851	0.01447
36	0.01216	0.00912	0.01368	0.01368	0.01520	0.01064	0.01064	0.01520	0.01368	0.01976	0.02279	0.03343	0.02127	0.06382	0.66720	0.01368	0.02279	0.00912	0.00456	0.00760
37	0.01216	0.00912	0.01368	0.01368	0.01520	0.01064	0.01064	0.01520	0.01368	0.01976	0.02279	0.03343	0.02127	0.06382	0.66720	0.01368	0.02279	0.00912	0.00456	0.00760
38	0.02130	0.44417	0.25242	0.01827	0.02720	0.06312	0.02042	0.02644	0.01789	0.02243	0.01308	0.01522	0.01088	0.00764	0.00648	0.00214	0.01062	0.00519	0.00366	0.01143
39	0.02442	0.58351	0.04082	0.01592	0.02266	0.15024	0.01491	0.02705	0.01855	0.02017	0.01207	0.01396	0.01093	0.00755	0.00587	0.00189	0.01025	0.00472	0.00378	0.01073
40	0.02427	0.18952	0.02638	0.01798	0.02299	0.22863	0.01470	0.03448	0.23733	0.02627	0.02325	0.02785	0.01962	0.01069	0.00785	0.00250	0.01014	0.05829	0.00602	0.01122
41	0.09097	0.02927	0.01978	0.01839	0.02210	0.40481	0.01374	0.07054	0.02255	0.02496	0.02166	0.17863	0.02193	0.01309	0.00829	0.00256	0.01164	0.01005	0.00561	0.00944

[dist]
# distance from previous block
# <min> <max>
1	7

[block]
# block no. 5 follows, 21 sequences, length 32
# corresponding to MSA columns:
# 302-333
name=unknown_F
#
# <colnr> <probs for GDERKNQSTAVLIFYWHMCP>
#	G	D	E	R	K	N	Q	S	T	A	V	L	I	F	Y	W	H	M	C	P
0	0.02668	0.03124	0.03005	0.02652	0.07291	0.36848	0.15587	0.05758	0.05717	0.02536	0.01773	0.02349	0.01487	0.00942	0.00861	0.00253	0.01355	0.04217	0.00498	0.01077
1	0.01906	0.01557	0.08126	0.01740	0.07751	0.01244	0.01338	0.02512	0.07998	0.14557	0.20280	0.09936	0.10888	0.01439	0.00916	0.00269	0.00655	0.01243	0.00794	0.04853
2	0.06127	0.30102	0.26531	0.01768	0.02625	0.02395	0.01976	0.02649	0.04472	0.05074	0.04685	0.02197	0.04317	0.00902	0.00710	0.00236	0.00963	0.00667	0.00466	0.01140
3	0.06864	0.50937	0.03848	0.01768	0.05565	0.14501	0.01519	0.02700	0.01845	0.02167	0.01229	0.01436	0.01096	0.00760	0.00600	0.00197	0.01012	0.00488	0.00390	0.01077
4	0.24255	0.03231	0.05889	0.01874	0.02409	0.38372	0.01522	0.08238	0.02235	0.02911	0.01354	0.01551	0.01075	0.00860	0.00707	0.00238	0.01211	0.00547	0.00496	0.01024
5	0.02976	0.02255	0.02408	0.01906	0.02540	0.02518	0.01555	0.48645	0.17725	0.04946	0.02372	0.02305	0.01714	0.01052	0.00855	0.00263	0.00876	0.00812	0.00855	0.01424
6	0.03293	0.05692	0.02545	0.01851	0.02530	0.02422	0.01542	0.48313	0.03598	0.16200	0.02240	0.02165	0.01550	0.01012	0.00837	0.00253	0.00896	0.00767	0.00864	0.01429
7	0.01124	0.00880	0.01011	0.01026	0.01260	0.00786	0.00789	0.01397	0.02009	0.02558	0.20668	0.07818	0.38055	0.06320	0.01239	0.00333	0.00504	0.10680	0.00806	0.00736
8	0.02435	0.02845	0.02923	0.11226	0.06052	0.30302	0.11044	0.02782	0.01975	0.02217	0.01370	0.01851	0.01147	0.00987	0.01293	0.00276	0.17151	0.00701	0.00413	0.01009
9	0.01371	0.00980	0.01371	0.01567	0.01763	0.00980	0.01371	0.01763	0.01959	0.02547	0.04506	0.09599	0.04898	0.02351	0.01175	0.00392	0.00784	0.59056	0.00784	0.00784
10	0.01023	0.00793	0.00933	0.01046	0.01198	0.00703	0.00728	0.01201	0.01763	0.02227	0.06387	0.43062	0.31008	0.02446	0.01051	0.00320	0.00467	0.02150	0.00790	0.00703
11	0.02109	0.01717	0.01950	0.01424	0.02163	0.01487	0.01151	0.16164	0.02289	0.03380	0.01637	0.01830	0.01304	0.00722	0.00682	0.00156	0.00702	0.00566	0.00586	0.57981
12	0.02106	0.02022	0.03454	0.05223	0.64784	0.02022	0.02612	0.02612	0.01938	0.02780	0.01601	0.02106	0.01348	0.00758	0.00842	0.00253	0.01011	0.00758	0.00421	0.01348
13	0.01216	0.00912	0.01368	0.01368	0.01520	0.01064	0.01064	0.01520	0.01368	0.01976	0.02279	0.03343	0.02127	0.06382	0.66720	0.01368	0.02279	0.00912	0.00456	0.00760
14	0.02121	0.42888	0.17296	0.02411	0.14935	0.02804	0.02045	0.02592	0.01785	0.02304	0.01339	0.01604	0.01140	0.00751	0.00661	0.00215	0.01004	0.00552	0.00374	0.01178
15	0.02055	0.44915	0.28217	0.01832	0.02766	0.02828	0.02111	0.02605	0.01755	0.02271	0.01317	0.01533	0.01087	0.00759	0.00648	0.00216	0.01045	0.00522	0.00362	0.01156
16	0.01894	0.05944	0.32741	0.06827	0.14706	0.02070	0.02505	0.03069	0.16221	0.02852	0.01980	0.02188	0.01488	0.00880	0.00820	0.00268	0.01053	0.00732	0.00491	0.01269
17	0.02067	0.08781	0.12128	0.04484	0.50490	0.02142	0.02577	0.02617	0.01899	0.02696	0.01551	0.01994	0.01287	0.00762	0.00810	0.00248	0.01036	0.00712	0.00407	0.01312
18	0.01763	0.02036	0.09740	0.02148	0.02312	0.02341	0.01910	0.02057	0.01368	0.02114	0.01310	0.02040	0.01239	0.02023	0.10561	0.00485	0.52472	0.00752	0.00381	0.00947
19	0.03079	0.02479	0.06452	0.01975	0.02681	0.02569	0.01698	0.55136	0.07082	0.05099	0.02088	0.02089	0.01487	0.01016	0.00849	0.00258	0.00942	0.00768	0.00821	0.01430
20	0.01214	0.00829	0.00921	0.00921	0.00951	0.00814	0.00529	0.01236	0.01309	0.01716	0.03285	0.05835	0.09325	0.63191	0.03994	0.00770	0.00785	0.01294	0.00544	0.00536
21	0.02338	0.65985	0.04317	0.01507	0.02215	0.07762	0.01469	0.02607	0.01777	0.02008	0.01192	0.01377	0.01092	0.00738	0.00561	0.00185	0.00953	0.00462	0.00369	0.01085
22	0.01163	0.00868	0.01080	0.01027	0.01246	0.00785	0.00770	0.01525	0.02311	0.03179	0.52660	0.06741	0.19850	0.01827	0.01004	0.00272	0.00408	0.01593	0.00906	0.00785
23	0.02600	0.02770	0.02890	0.02348	0.02929	0.24273	0.15462	0.11164	0.20577	0.03095	0.02141	0.02264	0.01632	0.00941	0.00862	0.00260	0.01178	0.00805	0.00617	0.01191
24	0.01078	0.00865	0.00962	0.00937	0.01194	0.00749	0.00703	0.01360	0.02109	0.02701	0.28756	0.07527	0.44052	0.02005	0.01005	0.00280	0.00420	0.01703	0.00843	0.00749
25	0.02337	0.02460	0.02945	0.03557	0.30842	0.17059	0.05382	0.03146	0.14189	0.02726	0.01882	0.02182	0.01521	0.00906	0.00956	0.00261	0.05147	0.00763	0.00511	0.01228
26	0.01216	0.00912	0.01368	0.01368	0.01520	0.01064	0.01064	0.01520	0.01368	0.01976	0.02279	0.03343	0.02127	0.06382	0.66720	0.01368	0.02279	0.00912	0.00456	0.00760
27	0.02372	0.42042	0.16143	0.01819	0.02585	0.17756	0.01835	0.02774	0.01901	0.02158	0.01282	0.01490	0.01090	0.00779	0.00649	0.00208	0.01124	0.00511	0.00380	0.01101
28	0.02093	0.12309	0.32269	0.02868	0.15527	0.02274	0.06668	0.10830	0.02134	0.02990	0.01581	0.01869	0.01199	0.00811	0.00800	0.00254	0.01130	0.00676	0.00445	0.01272
29	0.02485	0.24817	0.09298	0.01948	0.02586	0.24535	0.04233	0.03252	0.14197	0.02438	0.01738	0.01865	0.01400	0.00871	0.00730	0.00229	0.01133	0.00628	0.00491	0.01125
30	0.22733	0.11530	0.17634	0.02449	0.10079	0.02150	0.13785	0.02681	0.01777	0.05648	0.01513	0.01807	0.01154	0.00779	0.00740	0.00258	0.01028	0.00658	0.00458	0.01139
31	0.12509	0.16634	0.11739	0.02664	0.17745	0.02309	0.06055	0.02982	0.13986	0.02903	0.01823	0.02032	0.01441	0.00839	0.00747	0.00251	0.00937	0.00693	0.00505	0.01208

[dist]
# distance from previous block
# <min> <max>
23	60

[block]
# block no. 6 follows, 21 sequences, length 8
# corresponding to MSA columns:
# 394-401
name=unknown_G
#
# <colnr> <probs for GDERKNQSTAVLIFYWHMCP>
#	G	D	E	R	K	N	Q	S	T	A	V	L	I	F	Y	W	H	M	C	P
0	0.01964	0.12928	0.05891	0.05619	0.06327	0.11948	0.01561	0.02697	0.12711	0.02589	0.06267	0.04278	0.08375	0.01331	0.00873	0.00275	0.00910	0.11812	0.00616	0.01030
1	0.01924	0.15186	0.10359	0.15933	0.15491	0.02205	0.09526	0.02699	0.09436	0.02565	0.02113	0.02441	0.04712	0.00895	0.00816	0.00258	0.01025	0.00796	0.00470	0.01150
2	0.02144	0.26611	0.11005	0.02680	0.15249	0.09168	0.10543	0.02616	0.01946	0.02467	0.06522	0.02121	0.01734	0.00840	0.00763	0.00232	0.01071	0.00713	0.00439	0.01136
3	0.02186	0.02626	0.20091	0.02906	0.13716	0.01969	0.15992	0.07796	0.08691	0.08923	0.05030	0.02454	0.01796	0.00901	0.00883	0.00271	0.01077	0.00849	0.00573	0.01268
4	0.02244	0.02133	0.02417	0.02428	0.13362	0.12199	0.06412	0.14155	0.11689	0.03268	0.08821	0.03463	0.11330	0.01180	0.00888	0.00263	0.00922	0.01001	0.00676	0.01150
5	0.02695	0.02324	0.02274	0.01933	0.02373	0.14727	0.01542	0.14590	0.20945	0.10979	0.02319	0.02359	0.01747	0.01127	0.01211	0.00282	0.13847	0.00790	0.00709	0.01229
6	0.02032	0.03032	0.23247	0.02228	0.08732	0.16969	0.01996	0.02592	0.02039	0.02677	0.10589	0.02420	0.02151	0.00921	0.00797	0.00229	0.01057	0.00731	0.00495	0.15066
7	0.02447	0.25027	0.02874	0.01689	0.02247	0.10493	0.01422	0.17088	0.14086	0.03133	0.02236	0.09590	0.01977	0.01117	0.00769	0.00243	0.00902	0.00860	0.00634	0.01167

[dist]
# distance from previous block
# <min> <max>
0	1

[block]
# block no. 7 follows, 21 sequences, length 17
# corresponding to MSA columns:
# 403-419
name=unknown_H
#
# <colnr> <probs for GDERKNQSTAVLIFYWHMCP>
#	G	D	E	R	K	N	Q	S	T	A	V	L	I	F	Y	W	H	M	C	P
0	0.16534	0.06073	0.02499	0.02413	0.11860	0.25454	0.01688	0.05709	0.01982	0.02671	0.01325	0.01675	0.01123	0.00964	0.01128	0.00263	0.14527	0.00609	0.00456	0.01047
1	0.01829	0.01062	0.01302	0.01201	0.01551	0.00961	0.00950	0.02228	0.05056	0.18048	0.16280	0.09478	0.26151	0.01812	0.00986	0.00293	0.00555	0.08422	0.00884	0.00949
2	0.01149	0.00832	0.00961	0.00974	0.01089	0.00778	0.00640	0.01300	0.01690	0.02224	0.16611	0.14599	0.19194	0.31453	0.02451	0.00523	0.00603	0.01584	0.00701	0.00644
3	0.02063	0.02142	0.04143	0.04504	0.38256	0.02079	0.28587	0.02662	0.01969	0.02756	0.01654	0.02189	0.01323	0.00740	0.00914	0.00268	0.01197	0.00866	0.00425	0.01260
4	0.01166	0.00834	0.01127	0.01274	0.01395	0.00796	0.00961	0.01433	0.01874	0.02517	0.16011	0.40122	0.05875	0.02398	0.01096	0.00344	0.00560	0.18662	0.00816	0.00739
5	0.02106	0.02022	0.03454	0.05223	0.64784	0.02022	0.02612	0.02612	0.01938	0.02780	0.01601	0.02106	0.01348	0.00758	0.00842	0.00253	0.01011	0.00758	0.00421	0.01348
6	0.02106	0.02022	0.03454	0.05223	0.64784	0.02022	0.02612	0.02612	0.01938	0.02780	0.01601	0.02106	0.01348	0.00758	0.00842	0.00253	0.01011	0.00758	0.00421	0.01348
7	0.01646	0.01553	0.02623	0.63122	0.10480	0.01901	0.02383	0.02209	0.01720	0.02222	0.01519	0.02256	0.01151	0.00844	0.00850	0.00281	0.01125	0.00756	0.00382	0.00977
8	0.02106	0.02022	0.03454	0.05223	0.64784	0.02022	0.02612	0.02612	0.01938	0.02780	0.01601	0.02106	0.01348	0.00758	0.00842	0.00253	0.01011	0.00758	0.00421	0.01348
9	0.01020	0.00863	0.00881	0.00877	0.01158	0.00724	0.00657	0.01248	0.01972	0.02377	0.12502	0.08062	0.60509	0.02126	0.01006	0.00286	0.00429	0.01778	0.00800	0.00724
10	0.02248	0.02337	0.03463	0.04632	0.49977	0.11170	0.08375	0.02734	0.02012	0.02676	0.01573	0.02044	0.01307	0.00771	0.00848	0.00251	0.01127	0.00753	0.00425	0.01277
11	0.03179	0.04056	0.02412	0.02192	0.02631	0.66676	0.01644	0.03398	0.02412	0.02083	0.01315	0.01535	0.01096	0.00877	0.00767	0.00219	0.01535	0.00548	0.00438	0.00987
12	0.01006	0.00862	0.00862	0.00862	0.01149	0.00718	0.00647	0.01221	0.01940	0.02299	0.08621	0.08190	0.64438	0.02155	0.01006	0.00287	0.00431	0.01796	0.00790	0.00718
13	0.02987	0.03407	0.02457	0.10632	0.03049	0.46020	0.01732	0.14494	0.02626	0.02725	0.01481	0.01727	0.01169	0.00901	0.00794	0.00234	0.01368	0.00617	0.00510	0.01070
14	0.01916	0.01827	0.03110	0.29224	0.42273	0.01972	0.02517	0.02445	0.01848	0.02549	0.01567	0.02168	0.01266	0.00794	0.00846	0.00265	0.01058	0.00757	0.00405	0.01194
15	0.01607	0.01513	0.02552	0.68047	0.05861	0.01891	0.02363	0.02174	0.01702	0.02174	0.01513	0.02269	0.01134	0.00851	0.00851	0.00284	0.01134	0.00756	0.00378	0.00945
16	0.02106	0.02022	0.03454	0.05223	0.64784	0.02022	0.02612	0.02612	0.01938	0.02780	0.01601	0.02106	0.01348	0.00758	0.00842	0.00253	0.01011	0.00758	0.00421	0.01348

[dist]
# distance from previous block
# <min> <max>
0	2

[block]
# block no. 8 follows, 21 sequences, length 13
# corresponding to MSA columns:
# 422-434
name=unknown_I
#
# <colnr> <probs for GDERKNQSTAVLIFYWHMCP>
#	G	D	E	R	K	N	Q	S	T	A	V	L	I	F	Y	W	H	M	C	P
0	0.01902	0.20074	0.41838	0.02597	0.12189	0.02320	0.02659	0.02647	0.01801	0.02540	0.01455	0.01737	0.01121	0.00782	0.00750	0.00246	0.01138	0.00606	0.00369	0.01231
1	0.02275	0.70604	0.04459	0.01456	0.02184	0.03367	0.01456	0.02548	0.01729	0.02002	0.01183	0.01365	0.01092	0.00728	0.00546	0.00182	0.00910	0.00455	0.00364	0.01092
2	0.02900	0.01328	0.01740	0.01401	0.01908	0.01209	0.01130	0.07807	0.02549	0.39997	0.23622	0.03986	0.04034	0.01280	0.00905	0.00264	0.00633	0.01077	0.00999	0.01233
3	0.01478	0.00739	0.01109	0.01109	0.01109	0.00739	0.00739	0.01109	0.01109	0.01478	0.01478	0.02587	0.01478	0.02956	0.03326	0.75240	0.00739	0.00739	0.00370	0.00370
4	0.09814	0.30821	0.03093	0.01560	0.02241	0.02540	0.01395	0.17303	0.02424	0.18383	0.01920	0.01903	0.01409	0.00884	0.00693	0.00227	0.00848	0.00628	0.00665	0.01249
5	0.01238	0.00825	0.00928	0.00928	0.00928	0.00825	0.00516	0.01238	0.01238	0.01650	0.02681	0.05569	0.03094	0.70092	0.04331	0.00825	0.00825	0.01238	0.00516	0.00516
6	0.01037	0.00741	0.00987	0.01185	0.01234	0.00691	0.00790	0.01185	0.01629	0.02172	0.04690	0.69537	0.05629	0.02666	0.01086	0.00346	0.00494	0.02419	0.00790	0.00691
7	0.01216	0.00912	0.01368	0.01368	0.01520	0.01064	0.01064	0.01520	0.01368	0.01976	0.02279	0.03343	0.02127	0.06382	0.66720	0.01368	0.02279	0.00912	0.00456	0.00760
8	0.02555	0.39725	0.07126	0.01958	0.05840	0.21098	0.01678	0.06789	0.02090	0.02332	0.01320	0.01523	0.01130	0.00796	0.00660	0.00206	0.01114	0.00529	0.00421	0.01109
9	0.02067	0.43033	0.25581	0.02048	0.06955	0.02795	0.02119	0.02603	0.01767	0.02295	0.01331	0.01565	0.01105	0.00758	0.00657	0.00217	0.01037	0.00536	0.00366	0.01167
10	0.02100	0.02313	0.06669	0.02109	0.11371	0.14774	0.01523	0.02508	0.01925	0.02627	0.01486	0.01769	0.01227	0.00712	0.00702	0.00174	0.00916	0.00559	0.00468	0.44068
11	0.08759	0.02734	0.26462	0.01802	0.02558	0.05384	0.01888	0.02826	0.14366	0.03027	0.10902	0.02965	0.05466	0.01063	0.00815	0.00260	0.00895	0.00851	0.00594	0.06383
12	0.15068	0.03245	0.26625	0.06656	0.02979	0.17540	0.02076	0.02824	0.05404	0.02804	0.05791	0.02082	0.01617	0.00908	0.00769	0.00258	0.01120	0.00670	0.00477	0.01085

[dist]
# distance from previous block
# <min> <max>
14	49

[block]
# block no. 9 follows, 21 sequences, length 29
# corresponding to MSA columns:
# 485-513
name=unknown_J
#
# <colnr> <probs for GDERKNQSTAVLIFYWHMCP>
#	G	D	E	R	K	N	Q	S	T	A	V	L	I	F	Y	W	H	M	C	P
0	0.02287	0.07688	0.02959	0.10593	0.12712	0.15881	0.10562	0.02924	0.08602	0.06091	0.07075	0.02480	0.01970	0.00955	0.00916	0.00259	0.03573	0.00818	0.00541	0.01117
1	0.02337	0.03162	0.19366	0.02480	0.11949	0.23322	0.02035	0.06223	0.02231	0.05169	0.06692	0.02649	0.06687	0.01020	0.00834	0.00251	0.01146	0.00796	0.00527	0.01124
2	0.11190	0.08098	0.18790	0.04731	0.03180	0.07031	0.15429	0.03045	0.08307	0.09401	0.01880	0.02082	0.01378	0.00848	0.00807	0.00264	0.01097	0.00737	0.00529	0.01176
3	0.03115	0.03321	0.02417	0.07285	0.02852	0.43767	0.01665	0.15032	0.02674	0.07614	0.01633	0.01799	0.01247	0.00917	0.00797	0.00235	0.01321	0.00632	0.00563	0.01111
4	0.08180	0.07395	0.09757	0.01612	0.02239	0.01850	0.01464	0.14330	0.10516	0.17027	0.11327	0.03115	0.05291	0.01129	0.00828	0.00261	0.00774	0.00900	0.00783	0.01221
5	0.02860	0.23576	0.03039	0.01957	0.02482	0.40138	0.01596	0.07705	0.02288	0.02316	0.01325	0.01538	0.01124	0.00870	0.00794	0.00218	0.04132	0.00546	0.00446	0.01052
6	0.01059	0.00864	0.00937	0.00918	0.01182	0.00741	0.00689	0.01325	0.02067	0.02600	0.23677	0.07695	0.49195	0.02043	0.01005	0.00282	0.00423	0.01727	0.00830	0.00741
7	0.01037	0.00803	0.00945	0.01036	0.01200	0.00712	0.00729	0.01234	0.01825	0.02325	0.11096	0.37969	0.31305	0.02372	0.01045	0.00314	0.00459	0.02080	0.00802	0.00712
8	0.02216	0.19156	0.20614	0.02716	0.10673	0.14215	0.13597	0.02786	0.01951	0.02437	0.01454	0.01780	0.01158	0.00779	0.00781	0.00241	0.01231	0.00661	0.00396	0.01159
9	0.02275	0.70604	0.04459	0.01456	0.02184	0.03367	0.01456	0.02548	0.01729	0.02002	0.01183	0.01365	0.01092	0.00728	0.00546	0.00182	0.00910	0.00455	0.00364	0.01092
10	0.01204	0.00870	0.01138	0.01071	0.01271	0.00803	0.00803	0.01606	0.02409	0.03413	0.64335	0.06357	0.08030	0.01740	0.01004	0.00268	0.00401	0.01539	0.00937	0.00803
11	0.01088	0.00837	0.01008	0.01123	0.01300	0.00758	0.00841	0.01311	0.01822	0.02297	0.06297	0.32455	0.30058	0.02392	0.01070	0.00330	0.00523	0.12981	0.00789	0.00720
12	0.02166	0.02788	0.15045	0.11729	0.34577	0.13863	0.02506	0.02719	0.01969	0.02563	0.01524	0.01962	0.01224	0.00801	0.00823	0.00254	0.01169	0.00695	0.00407	0.01216
13	0.01973	0.01882	0.03141	0.04696	0.57089	0.01864	0.02374	0.02444	0.01938	0.02722	0.02450	0.02842	0.08977	0.00927	0.00862	0.00257	0.00941	0.00884	0.00466	0.01272
14	0.01006	0.00862	0.00862	0.00862	0.01149	0.00718	0.00647	0.01221	0.01940	0.02299	0.08621	0.08190	0.64438	0.02155	0.01006	0.00287	0.00431	0.01796	0.00790	0.00718
15	0.01932	0.01844	0.03140	0.27129	0.44238	0.01976	0.02525	0.02459	0.01855	0.02569	0.01570	0.02163	0.01274	0.00791	0.00845	0.00264	0.01054	0.00758	0.00406	0.01208
16	0.01860	0.22292	0.49138	0.02164	0.03278	0.02352	0.02688	0.02655	0.01778	0.02508	0.01434	0.01680	0.01082	0.00787	0.00738	0.00246	0.01164	0.00582	0.00361	0.01213
17	0.01707	0.04402	0.65683	0.02426	0.03683	0.01976	0.03144	0.02695	0.01797	0.02695	0.01527	0.01797	0.01078	0.00809	0.00809	0.00270	0.01258	0.00629	0.00359	0.01258
18	0.02232	0.02632	0.04523	0.03320	0.04100	0.14482	0.50219	0.02854	0.02086	0.02603	0.01644	0.02150	0.01254	0.00748	0.00959	0.00274	0.01454	0.00917	0.00432	0.01117
19	0.01871	0.01326	0.01682	0.05170	0.02171	0.01411	0.01423	0.06124	0.16287	0.08232	0.03865	0.06716	0.03728	0.01807	0.01041	0.00343	0.00781	0.34197	0.00808	0.01017
20	0.02884	0.18536	0.02921	0.01977	0.02501	0.33118	0.01613	0.16096	0.02523	0.02790	0.01431	0.01635	0.01175	0.00924	0.00896	0.00231	0.06543	0.00591	0.00508	0.01108
21	0.01327	0.00965	0.01310	0.01482	0.01689	0.00948	0.01284	0.01698	0.01957	0.02517	0.05003	0.09429	0.12097	0.02327	0.01155	0.00379	0.00741	0.52132	0.00784	0.00776
22	0.05784	0.41393	0.24616	0.01804	0.02683	0.06364	0.02004	0.02642	0.01776	0.02328	0.01305	0.01519	0.01079	0.00766	0.00645	0.00217	0.01048	0.00519	0.00375	0.01133
23	0.01171	0.00822	0.00923	0.00947	0.01006	0.00789	0.00573	0.01228	0.01414	0.01832	0.04014	0.13785	0.14659	0.49471	0.03329	0.00668	0.00713	0.01483	0.00599	0.00574
24	0.03004	0.04006	0.10070	0.02208	0.02759	0.55351	0.01824	0.06515	0.02424	0.02336	0.01381	0.01594	0.01113	0.00877	0.00777	0.00227	0.01468	0.00570	0.00451	0.01045
25	0.05382	0.01497	0.01870	0.01965	0.09423	0.04987	0.01368	0.11989	0.01940	0.02739	0.02053	0.02783	0.01805	0.04235	0.40934	0.00931	0.01782	0.00828	0.00521	0.00967
26	0.01229	0.00859	0.01100	0.01100	0.01160	0.00918	0.00730	0.01348	0.01288	0.01777	0.02524	0.04698	0.02716	0.45172	0.28735	0.01037	0.01394	0.01110	0.00492	0.00611
27	0.01856	0.36983	0.02836	0.01284	0.01693	0.05382	0.01085	0.02034	0.01623	0.01960	0.04640	0.06954	0.02325	0.23991	0.01869	0.00411	0.00866	0.00882	0.00468	0.00859
28	0.02512	0.53144	0.03922	0.01649	0.02301	0.19977	0.01505	0.02771	0.01908	0.02023	0.01218	0.01410	0.01093	0.00767	0.00604	0.00192	0.01074	0.00479	0.00384	0.01064

[dist]
# distance from previous block
# <min> <max>
0	1

[block]
# block no. 10 follows, 21 sequences, length 20
# corresponding to MSA columns:
# 515-534
name=unknown_K
#
# <colnr> <probs for GDERKNQSTAVLIFYWHMCP>
#	G	D	E	R	K	N	Q	S	T	A	V	L	I	F	Y	W	H	M	C	P
