[name]
unknown

[dist]
# distance from previous block
# <min> <max>
0	10

[block]
# block no. 0 follows, 22 sequences, length 39
# corresponding to MSA columns:
# 10-48
name=unknown_A
#
# <colnr> <probs for GDERKNQSTAVLIFYWHMCP>
#	G	D	E	R	K	N	Q	S	T	A	V	L	I	F	Y	W	H	M	C	P
0	0.01402	0.01158	0.01273	0.01210	0.01527	0.01182	0.00935	0.02362	0.22282	0.02905	0.19212	0.06090	0.27959	0.01707	0.00948	0.00283	0.00514	0.05300	0.00827	0.00924
1	0.01215	0.00881	0.01291	0.01291	0.01443	0.01018	0.01003	0.01519	0.01367	0.02020	0.02263	0.03251	0.02081	0.05818	0.62272	0.01246	0.02081	0.00881	0.06315	0.00744
2	0.02265	0.01704	0.01865	0.01630	0.02111	0.01900	0.01280	0.08051	0.47987	0.10973	0.08115	0.03237	0.02820	0.01151	0.00854	0.00275	0.00660	0.00958	0.00871	0.01292
3	0.02934	0.02207	0.02370	0.01840	0.02487	0.02419	0.01508	0.51932	0.10857	0.04860	0.02124	0.02107	0.01533	0.00987	0.00818	0.00245	0.00864	0.00754	0.00810	0.06345
4	0.01005	0.00842	0.00873	0.00866	0.01136	0.00711	0.00649	0.01236	0.01948	0.02372	0.15105	0.07784	0.58516	0.02056	0.00982	0.00278	0.00417	0.01724	0.00788	0.00711
5	0.02100	0.27238	0.16402	0.02850	0.19018	0.07094	0.09262	0.02611	0.01833	0.02373	0.01398	0.01721	0.01151	0.00743	0.00726	0.00227	0.01085	0.00624	0.00382	0.01162
6	0.01549	0.00774	0.00774	0.00774	0.00968	0.00774	0.00581	0.01936	0.01742	0.03097	0.02710	0.03097	0.02129	0.00968	0.00581	0.00194	0.00387	0.00774	0.75416	0.00774
7	0.02003	0.16974	0.26627	0.02785	0.19002	0.05753	0.02316	0.02828	0.09158	0.02582	0.01653	0.01891	0.01299	0.00804	0.00750	0.00241	0.01044	0.00646	0.00430	0.01214
8	0.02996	0.10461	0.02617	0.01823	0.02461	0.06864	0.01518	0.43284	0.08154	0.08544	0.02042	0.02025	0.01480	0.00966	0.00792	0.00242	0.00916	0.00719	0.00762	0.01334
9	0.01357	0.01037	0.01237	0.01290	0.01473	0.01066	0.00921	0.05878	0.13480	0.02630	0.06564	0.48324	0.07148	0.02167	0.00999	0.00316	0.00538	0.01933	0.00794	0.00849
10	0.01098	0.00846	0.01002	0.00963	0.01193	0.00751	0.00723	0.01417	0.02168	0.02895	0.42387	0.06924	0.30908	0.01861	0.00981	0.00269	0.00404	0.01603	0.00857	0.00751
11	0.01208	0.00805	0.00906	0.00906	0.00906	0.00805	0.00503	0.01208	0.01208	0.01611	0.02618	0.05436	0.03020	0.70804	0.04228	0.00805	0.00805	0.01208	0.00503	0.00503
12	0.02221	0.71304	0.04353	0.01421	0.02132	0.03287	0.01421	0.02488	0.01688	0.01955	0.01155	0.01333	0.01066	0.00711	0.00533	0.00178	0.00888	0.00444	0.00355	0.01066
13	0.01113	0.00837	0.01030	0.01002	0.01208	0.00754	0.00744	0.01439	0.02174	0.02958	0.45878	0.11680	0.22390	0.01873	0.00987	0.00272	0.00406	0.01634	0.00867	0.00754
14	0.01809	0.21587	0.50465	0.02124	0.03218	0.02280	0.02644	0.02594	0.01737	0.02456	0.01404	0.01645	0.01056	0.00769	0.00723	0.00241	0.01140	0.00570	0.00352	0.01186
15	0.01208	0.00805	0.00906	0.00906	0.00906	0.00805	0.00503	0.01208	0.01208	0.01611	0.02618	0.05436	0.03020	0.70804	0.04228	0.00805	0.00805	0.01208	0.00503	0.00503
16	0.01818	0.01818	0.02545	0.02181	0.02181	0.02545	0.01818	0.01999	0.01272	0.01999	0.01091	0.01818	0.01091	0.01454	0.02726	0.00364	0.69284	0.00727	0.00364	0.00909
17	0.01723	0.01477	0.01723	0.01230	0.01969	0.01107	0.00984	0.02092	0.01723	0.02707	0.01477	0.01723	0.01230	0.00615	0.00615	0.00123	0.00615	0.00492	0.00492	0.75883
18	0.02056	0.01974	0.03372	0.05099	0.65622	0.01974	0.02550	0.02550	0.01892	0.02714	0.01563	0.02056	0.01316	0.00740	0.00822	0.00247	0.00987	0.00740	0.00411	0.01316
19	0.01054	0.00755	0.01002	0.01128	0.01214	0.00703	0.00774	0.01262	0.01786	0.02431	0.20124	0.53832	0.06096	0.02371	0.01040	0.00318	0.00459	0.02141	0.00808	0.00703
20	0.02221	0.71304	0.04353	0.01421	0.02132	0.03287	0.01421	0.02488	0.01688	0.01955	0.01155	0.01333	0.01066	0.00711	0.00533	0.00178	0.00888	0.00444	0.00355	0.01066
21	0.01177	0.00853	0.01124	0.01222	0.01378	0.00811	0.00953	0.01472	0.01920	0.02568	0.21159	0.23712	0.10716	0.04905	0.01188	0.00347	0.00565	0.22403	0.00797	0.00732
22	0.00996	0.00828	0.00870	0.00889	0.01138	0.00703	0.00655	0.01208	0.01883	0.02288	0.11025	0.15044	0.55338	0.02139	0.00991	0.00286	0.00426	0.01810	0.00779	0.00703
23	0.05812	0.00822	0.00800	0.00792	0.01004	0.00836	0.00599	0.01964	0.01724	0.03133	0.02622	0.02998	0.02060	0.00957	0.00577	0.00197	0.00402	0.00756	0.71165	0.00781
24	0.03411	0.01484	0.01918	0.01519	0.02128	0.01382	0.01239	0.04118	0.14134	0.54255	0.03297	0.02879	0.02148	0.01047	0.00837	0.00262	0.00697	0.00855	0.00993	0.01395
25	0.76672	0.01607	0.01221	0.01092	0.01607	0.01864	0.00900	0.02442	0.01414	0.03727	0.01157	0.01350	0.00900	0.00771	0.00514	0.00257	0.00643	0.00450	0.00514	0.00900
26	0.01296	0.01061	0.01160	0.01226	0.01388	0.04639	0.00868	0.04247	0.05171	0.02465	0.10852	0.45874	0.12189	0.02203	0.01004	0.00309	0.00552	0.01951	0.00773	0.00772
27	0.01257	0.00854	0.00979	0.00984	0.01018	0.00857	0.00587	0.03687	0.01374	0.01834	0.02887	0.15026	0.03327	0.57754	0.03616	0.00713	0.00761	0.01363	0.00557	0.00566
28	0.02396	0.57957	0.03957	0.01564	0.02219	0.16008	0.01458	0.02652	0.01820	0.01970	0.01181	0.01365	0.01067	0.00740	0.00576	0.00185	0.01009	0.00462	0.00370	0.01046
29	0.76672	0.01607	0.01221	0.01092	0.01607	0.01864	0.00900	0.02442	0.01414	0.03727	0.01157	0.01350	0.00900	0.00771	0.00514	0.00257	0.00643	0.00450	0.00514	0.00900
30	0.02982	0.03562	0.02303	0.02059	0.02497	0.55385	0.01564	0.10210	0.02469	0.02404	0.01431	0.01675	0.01178	0.01232	0.05218	0.00293	0.01478	0.00584	0.00477	0.01001
31	0.01006	0.00747	0.00939	0.01093	0.01188	0.00680	0.00743	0.01164	0.01652	0.02146	0.05359	0.57598	0.17655	0.02501	0.01044	0.00326	0.00470	0.02238	0.00771	0.00680
32	0.00998	0.00778	0.00907	0.01009	0.01166	0.00687	0.00706	0.01173	0.01732	0.02178	0.06374	0.41123	0.33474	0.02369	0.01024	0.00311	0.00453	0.02077	0.00771	0.00687
33	0.01012	0.00723	0.00964	0.01157	0.01205	0.00675	0.00771	0.01157	0.01591	0.02121	0.04579	0.70262	0.05495	0.02603	0.01060	0.00337	0.00482	0.02362	0.00771	0.00675
34	0.01187	0.00890	0.01335	0.01335	0.01483	0.01038	0.01038	0.01483	0.01335	0.01928	0.02225	0.03264	0.02077	0.06231	0.67512	0.01335	0.02225	0.00890	0.00445	0.00742
35	0.02080	0.02380	0.10743	0.04580	0.54102	0.06343	0.02548	0.02610	0.01906	0.02659	0.01536	0.01983	0.01268	0.00754	0.00814	0.00246	0.01049	0.00712	0.00405	0.01282
36	0.01155	0.00916	0.01356	0.18509	0.02363	0.00975	0.01165	0.01404	0.01609	0.02121	0.03783	0.52808	0.04369	0.02148	0.01001	0.00322	0.00642	0.01945	0.00668	0.00738
37	0.02182	0.02236	0.03178	0.08053	0.53293	0.11469	0.02400	0.02638	0.01946	0.02584	0.01518	0.01984	0.01269	0.00762	0.00812	0.00244	0.01067	0.00710	0.00411	0.01244
38	0.01736	0.09389	0.57444	0.02475	0.07598	0.02039	0.02906	0.02614	0.01758	0.02583	0.01469	0.01741	0.01071	0.00780	0.00771	0.00255	0.01185	0.00609	0.00355	0.01221

[dist]
# distance from previous block
# <min> <max>
0	15

[block]
# block no. 1 follows, 22 sequences, length 270
# corresponding to MSA columns:
# 64-333
name=unknown_B
#
# <colnr> <probs for GDERKNQSTAVLIFYWHMCP>
#	G	D	E	R	K	N	Q	S	T	A	V	L	I	F	Y	W	H	M	C	P
0	0.01781	0.20713	0.48042	0.02085	0.03134	0.02223	0.02566	0.02541	0.01718	0.02430	0.01442	0.01721	0.01104	0.01027	0.03883	0.00293	0.01191	0.00585	0.00356	0.01165
1	0.02167	0.02184	0.03264	0.04786	0.58951	0.08903	0.02450	0.02631	0.01941	0.02642	0.01533	0.01997	0.01290	0.00752	0.00815	0.00243	0.01041	0.00718	0.00413	0.01279
2	0.02056	0.01974	0.03372	0.05099	0.65622	0.01974	0.02550	0.02550	0.01892	0.02714	0.01563	0.02056	0.01316	0.00740	0.00822	0.00247	0.00987	0.00740	0.00411	0.01316
3	0.01991	0.05667	0.15153	0.04418	0.51105	0.02027	0.02593	0.02562	0.01856	0.02663	0.01530	0.01966	0.01255	0.00748	0.00803	0.00247	0.01027	0.00703	0.00397	0.01288
4	0.01208	0.00805	0.00906	0.00906	0.00906	0.00805	0.00503	0.01208	0.01208	0.01611	0.02618	0.05436	0.03020	0.70804	0.04228	0.00805	0.00805	0.01208	0.00503	0.00503
5	0.01911	0.02745	0.22521	0.03788	0.27965	0.02001	0.21633	0.02609	0.01873	0.02673	0.01579	0.02025	0.01221	0.00742	0.00862	0.00262	0.01189	0.00779	0.00396	0.01228
6	0.02056	0.01974	0.03372	0.05099	0.65622	0.01974	0.02550	0.02550	0.01892	0.02714	0.01563	0.02056	0.01316	0.00740	0.00822	0.00247	0.00987	0.00740	0.00411	0.01316
7	0.01986	0.01900	0.03206	0.04820	0.61394	0.01890	0.02424	0.02461	0.01892	0.02683	0.02012	0.02445	0.05510	0.00830	0.00833	0.00249	0.00950	0.00807	0.00435	0.01276
8	0.01530	0.00977	0.01423	0.01338	0.01338	0.01146	0.00977	0.01296	0.01127	0.01573	0.01361	0.02360	0.01361	0.02552	0.03126	0.58251	0.16692	0.00723	0.00361	0.00488
9	0.02365	0.10477	0.02394	0.02112	0.08876	0.33597	0.01503	0.02711	0.04929	0.02200	0.02715	0.02847	0.13154	0.01112	0.00910	0.00239	0.05580	0.00805	0.00497	0.00976
10	0.01013	0.00843	0.00884	0.00874	0.01141	0.00714	0.00656	0.01252	0.01967	0.02418	0.17469	0.07710	0.56124	0.02039	0.00982	0.00277	0.00416	0.01713	0.00794	0.00714
11	0.01738	0.16212	0.02545	0.01693	0.02028	0.01959	0.06922	0.05234	0.01632	0.02302	0.01764	0.02399	0.01568	0.02860	0.24900	0.00641	0.14447	0.00754	0.07487	0.00916
12	0.03103	0.03959	0.02354	0.02140	0.02568	0.67469	0.01605	0.03317	0.02354	0.02033	0.01284	0.01498	0.01070	0.00856	0.00749	0.00214	0.01498	0.00535	0.00428	0.00963
13	0.01952	0.02048	0.02464	0.02137	0.02198	0.10757	0.01754	0.02144	0.01413	0.02000	0.01168	0.01844	0.01133	0.01598	0.05468	0.00389	0.57538	0.00710	0.00376	0.00908
14	0.01901	0.19275	0.34903	0.02888	0.20076	0.02258	0.02545	0.02575	0.01776	0.02496	0.01432	0.01738	0.01127	0.00758	0.00739	0.00239	0.01083	0.00609	0.00368	0.01214
15	0.02190	0.02227	0.03242	0.04722	0.57579	0.10328	0.02429	0.02647	0.01951	0.02627	0.01527	0.01985	0.01285	0.00755	0.00813	0.00243	0.01052	0.00714	0.00413	0.01271
16	0.02871	0.01772	0.02026	0.01664	0.02235	0.01883	0.01339	0.16699	0.30028	0.25492	0.03051	0.02771	0.02132	0.01065	0.00839	0.00266	0.00729	0.00863	0.00905	0.01370
17	0.01132	0.00840	0.01055	0.01017	0.01218	0.00763	0.00757	0.01478	0.02226	0.03070	0.51713	0.10469	0.17538	0.01824	0.00985	0.00269	0.00402	0.01598	0.00881	0.00763
18	0.02113	0.01823	0.02697	0.35825	0.18822	0.02074	0.02166	0.18692	0.02324	0.03105	0.01637	0.02118	0.01239	0.00855	0.00829	0.00262	0.01027	0.00741	0.00504	0.01147
19	0.01367	0.00797	0.00940	0.00965	0.01113	0.00826	0.00705	0.01669	0.01583	0.02574	0.02828	0.11902	0.02622	0.08326	0.16542	0.00530	0.00863	0.01041	0.42077	0.00731
20	0.01160	0.00843	0.01092	0.01042	0.01234	0.00775	0.00777	0.01533	0.02297	0.03230	0.60004	0.09241	0.10138	0.01757	0.00984	0.00266	0.00397	0.01553	0.00902	0.00775
21	0.02716	0.01932	0.02055	0.01633	0.02176	0.02125	0.01330	0.45053	0.07121	0.04629	0.02247	0.02320	0.01649	0.00998	0.00774	0.00238	0.00776	0.00766	0.18206	0.01258
22	0.01208	0.00805	0.00906	0.00906	0.00906	0.00805	0.00503	0.01208	0.01208	0.01611	0.02618	0.05436	0.03020	0.70804	0.04228	0.00805	0.00805	0.01208	0.00503	0.00503
23	0.03158	0.02327	0.02493	0.01911	0.02576	0.02576	0.01579	0.62852	0.03906	0.05236	0.01995	0.01995	0.01413	0.00997	0.00831	0.00249	0.00914	0.00748	0.00831	0.01413
24	0.02502	0.02450	0.02871	0.03443	0.31322	0.15757	0.02053	0.16529	0.02386	0.03078	0.01554	0.01901	0.01263	0.00899	0.01011	0.00253	0.08302	0.00698	0.00506	0.01222
25	0.02700	0.03194	0.02746	0.03280	0.26862	0.42235	0.01969	0.03021	0.02176	0.02295	0.01391	0.01713	0.01165	0.00811	0.00777	0.00227	0.01301	0.00614	0.00422	0.01099
26	0.76672	0.01607	0.01221	0.01092	0.01607	0.01864	0.00900	0.02442	0.01414	0.03727	0.01157	0.01350	0.00900	0.00771	0.00514	0.00257	0.00643	0.00450	0.00514	0.00900
27	0.02174	0.02196	0.03258	0.04767	0.58552	0.09317	0.02444	0.02636	0.01943	0.02638	0.01531	0.01994	0.01288	0.00753	0.00814	0.00243	0.01044	0.00717	0.00413	0.01276
28	0.02356	0.02935	0.14717	0.03223	0.24757	0.18268	0.05072	0.09263	0.06277	0.02844	0.01651	0.01932	0.01294	0.00829	0.00808	0.00246	0.01149	0.00691	0.00477	0.01213
29	0.00982	0.00842	0.00842	0.00842	0.01122	0.00701	0.00631	0.01192	0.01894	0.02244	0.08416	0.07995	0.65285	0.02104	0.00982	0.00281	0.00421	0.01753	0.00771	0.00701
30	0.01012	0.00723	0.00964	0.01157	0.01205	0.00675	0.00771	0.01157	0.01591	0.02121	0.04579	0.70262	0.05495	0.02603	0.01060	0.00337	0.00482	0.02362	0.00771	0.00675
31	0.03525	0.01547	0.01991	0.01535	0.02163	0.01435	0.01264	0.14023	0.02639	0.53170	0.05599	0.02824	0.02184	0.01050	0.00841	0.00256	0.00729	0.00848	0.00990	0.01388
32	0.03727	0.01414	0.01928	0.01478	0.02121	0.01221	0.01221	0.04049	0.02378	0.66198	0.03277	0.02828	0.02056	0.01028	0.00835	0.00257	0.00707	0.00835	0.01028	0.01414
33	0.02744	0.02004	0.02156	0.01698	0.02222	0.02200	0.01351	0.49760	0.03333	0.04466	0.02127	0.02725	0.01754	0.15823	0.01553	0.00367	0.00891	0.00846	0.00761	0.01220
34	0.03158	0.02327	0.02493	0.01911	0.02576	0.02576	0.01579	0.62852	0.03906	0.05236	0.01995	0.01995	0.01413	0.00997	0.00831	0.00249	0.00914	0.00748	0.00831	0.01413
35	0.02221	0.71304	0.04353	0.01421	0.02132	0.03287	0.01421	0.02488	0.01688	0.01955	0.01155	0.01333	0.01066	0.00711	0.00533	0.00178	0.00888	0.00444	0.00355	0.01066
36	0.03004	0.03403	0.02491	0.02405	0.09241	0.46758	0.01700	0.15880	0.02635	0.02785	0.01464	0.01663	0.01169	0.00874	0.00774	0.00225	0.01320	0.00602	0.00512	0.01096
37	0.02430	0.02279	0.03053	0.04025	0.43867	0.09458	0.02218	0.16682	0.02413	0.03225	0.01632	0.01979	0.01311	0.00813	0.00816	0.00244	0.01027	0.00719	0.00511	0.01299
38	0.01549	0.00774	0.00774	0.00774	0.00968	0.00774	0.00581	0.01936	0.01742	0.03097	0.02710	0.03097	0.02129	0.00968	0.00581	0.00194	0.00387	0.00774	0.75416	0.00774
39	0.03195	0.02267	0.02456	0.01883	0.02546	0.02487	0.01556	0.58997	0.03806	0.09232	0.02079	0.02049	0.01455	0.00999	0.00831	0.00250	0.00901	0.00754	0.00844	0.01413
40	0.01055	0.00798	0.00975	0.01028	0.01192	0.00717	0.00734	0.01298	0.01922	0.02542	0.24993	0.31530	0.23861	0.02168	0.01012	0.00296	0.00435	0.01909	0.00817	0.00717
41	0.01875	0.01573	0.01675	0.01536	0.01908	0.01793	0.01155	0.03731	0.50778	0.03103	0.03309	0.06579	0.02753	0.12786	0.01418	0.00371	0.00674	0.01049	0.00785	0.01150
42	0.02262	0.68192	0.04261	0.01455	0.02152	0.06253	0.01430	0.02526	0.01719	0.01958	0.01161	0.01340	0.01066	0.00717	0.00543	0.00179	0.00917	0.00448	0.00359	0.01061
43	0.00999	0.00847	0.00865	0.00874	0.01150	0.00713	0.00665	0.01217	0.01894	0.02256	0.08226	0.08060	0.62422	0.02113	0.00990	0.00285	0.00437	0.04511	0.00771	0.00704
44	0.02218	0.01860	0.01964	0.01721	0.02218	0.02137	0.01352	0.12559	0.55729	0.03721	0.03188	0.02945	0.02379	0.01109	0.00843	0.00277	0.00693	0.00913	0.00843	0.01329
45	0.76672	0.01607	0.01221	0.01092	0.01607	0.01864	0.00900	0.02442	0.01414	0.03727	0.01157	0.01350	0.00900	0.00771	0.00514	0.00257	0.00643	0.00450	0.00514	0.00900
46	0.01886	0.16436	0.03054	0.03374	0.37142	0.01976	0.01899	0.02308	0.01956	0.02697	0.16296	0.02869	0.02782	0.00957	0.00798	0.00235	0.00827	0.00855	0.00517	0.01139
47	0.01160	0.00783	0.00920	0.00981	0.01139	0.00723	0.00699	0.01419	0.01825	0.02589	0.15727	0.30011	0.17825	0.01955	0.00918	0.00278	0.00431	0.01710	0.18184	0.00723
48	0.01093	0.00891	0.00978	0.01023	0.01246	0.00820	0.00740	0.01481	0.07601	0.02319	0.06701	0.27744	0.40029	0.02175	0.00995	0.00299	0.00463	0.01875	0.00778	0.00750
49	0.01443	0.00722	0.01082	0.01082	0.01082	0.00722	0.00722	0.01082	0.01082	0.01443	0.01443	0.02525	0.01443	0.02886	0.03247	0.75830	0.00722	0.00722	0.00361	0.00361
50	0.02047	0.01938	0.02188	0.02498	0.17997	0.08072	0.01579	0.03502	0.36108	0.03018	0.03260	0.03205	0.08731	0.01108	0.00845	0.00266	0.00794	0.00937	0.00689	0.01217
51	0.03103	0.03959	0.02354	0.02140	0.02568	0.67469	0.01605	0.03317	0.02354	0.02033	0.01284	0.01498	0.01070	0.00856	0.00749	0.00214	0.01498	0.00535	0.00428	0.00963
52	0.01756	0.01566	0.02084	0.02576	0.22470	0.01626	0.01529	0.02841	0.24643	0.02853	0.03764	0.09558	0.14001	0.01295	0.00874	0.00269	0.00703	0.01136	0.00672	0.03783
53	0.01549	0.00774	0.00774	0.00774	0.00968	0.00774	0.00581	0.01936	0.01742	0.03097	0.02710	0.03097	0.02129	0.00968	0.00581	0.00194	0.00387	0.00774	0.75416	0.00774
54	0.01818	0.01818	0.02545	0.02181	0.02181	0.02545	0.01818	0.01999	0.01272	0.01999	0.01091	0.01818	0.01091	0.01454	0.02726	0.00364	0.69284	0.00727	0.00364	0.00909
55	0.02502	0.07081	0.03010	0.03642	0.35493	0.29277	0.02087	0.02865	0.02071	0.02384	0.01422	0.01779	0.01198	0.00787	0.00774	0.00229	0.01193	0.00637	0.00415	0.01154
56	0.02295	0.02532	0.02249	0.01990	0.02208	0.27730	0.01565	0.05677	0.01839	0.02155	0.01419	0.02065	0.01314	0.05940	0.08200	0.00420	0.28358	0.00698	0.00430	0.00916
57	0.02475	0.01923	0.02095	0.01669	0.02267	0.02029	0.01342	0.33168	0.16413	0.04111	0.02356	0.06653	0.01886	0.01050	0.00803	0.00235	0.00766	0.00841	0.00758	0.17159
58	0.01037	0.00849	0.00918	0.00915	0.01175	0.00730	0.00696	0.01290	0.01981	0.02463	0.18990	0.07725	0.51333	0.02037	0.00990	0.00282	0.00433	0.04641	0.00798	0.00720
59	0.02715	0.02089	0.02011	0.01629	0.02139	0.09364	0.01311	0.39656	0.03145	0.04297	0.02109	0.02238	0.01569	0.00973	0.00754	0.00230	0.00837	0.00731	0.21014	0.01189
60	0.03158	0.02327	0.02493	0.01911	0.02576	0.02576	0.01579	0.62852	0.03906	0.05236	0.01995	0.01995	0.01413	0.00997	0.00831	0.00249	0.00914	0.00748	0.00831	0.01413
61	0.01077	0.00883	0.00954	0.00929	0.01196	0.00780	0.00699	0.01423	0.04618	0.02573	0.22702	0.07333	0.47985	0.01959	0.00976	0.00276	0.00423	0.01655	0.00811	0.00748
62	0.01012	0.00723	0.00964	0.01157	0.01205	0.00675	0.00771	0.01157	0.01591	0.02121	0.04579	0.70262	0.05495	0.02603	0.01060	0.00337	0.00482	0.02362	0.00771	0.00675
63	0.01196	0.00852	0.01143	0.01143	0.01224	0.00934	0.00798	0.01360	0.01278	0.01786	0.02401	0.04239	0.02500	0.35217	0.39105	0.01097	0.01588	0.01033	0.00471	0.00635
64	0.02321	0.01911	0.02022	0.01742	0.02257	0.02185	0.01376	0.18027	0.50095	0.03885	0.03058	0.02842	0.02274	0.01097	0.00842	0.00274	0.00717	0.00895	0.00842	0.01338
65	0.26549	0.02098	0.02088	0.01651	0.02268	0.02350	0.01363	0.43631	0.03113	0.04756	0.01728	0.01789	0.01250	0.00925	0.00730	0.00252	0.00828	0.00653	0.00730	0.01250
66	0.02017	0.01639	0.01582	0.01514	0.01805	0.13425	0.01151	0.08087	0.04530	0.10070	0.05730	0.28261	0.03612	0.01985	0.04098	0.00343	0.00855	0.07630	0.00736	0.00928
67	0.02804	0.03460	0.02399	0.02150	0.02478	0.52346	0.01655	0.03010	0.02102	0.02025	0.01239	0.01573	0.01075	0.00995	0.01210	0.00249	0.17288	0.00580	0.00413	0.00950
68	0.02066	0.01785	0.01878	0.01691	0.02160	0.02066	0.01315	0.04414	0.64121	0.03475	0.03381	0.03099	0.02536	0.01127	0.00845	0.00282	0.00657	0.00939	0.00845	0.01315
69	0.01208	0.00805	0.00906	0.00906	0.00906	0.00805	0.00503	0.01208	0.01208	0.01611	0.02618	0.05436	0.03020	0.70804	0.04228	0.00805	0.00805	0.01208	0.00503	0.00503
70	0.01009	0.00734	0.00953	0.01128	0.01197	0.00677	0.00758	0.01160	0.01618	0.02132	0.04932	0.64531	0.10998	0.02557	0.01053	0.00332	0.00476	0.02306	0.00771	0.00677
71	0.02110	0.01806	0.01903	0.01700	0.02177	0.02087	0.01326	0.06770	0.61694	0.03546	0.03325	0.03055	0.02491	0.01122	0.00845	0.00280	0.00668	0.00932	0.00845	0.01319
72	0.03625	0.01437	0.01925	0.01491	0.02123	0.01273	0.01227	0.04071	0.06191	0.62324	0.03284	0.02844	0.02086	0.01034	0.00836	0.00259	0.00704	0.00842	0.01017	0.01408
73	0.02221	0.71304	0.04353	0.01421	0.02132	0.03287	0.01421	0.02488	0.01688	0.01955	0.01155	0.01333	0.01066	0.00711	0.00533	0.00178	0.00888	0.00444	0.00355	0.01066
74	0.01666	0.04297	0.66500	0.02368	0.03596	0.01929	0.03069	0.02631	0.01754	0.02631	0.01491	0.01754	0.01052	0.00789	0.00789	0.00263	0.01228	0.00614	0.00351	0.01228
75	0.02046	0.01815	0.01843	0.09076	0.02392	0.08670	0.01323	0.15525	0.19262	0.03277	0.09379	0.03893	0.15425	0.01292	0.00871	0.00265	0.00778	0.01053	0.00736	0.01079
76	0.76672	0.01607	0.01221	0.01092	0.01607	0.01864	0.00900	0.02442	0.01414	0.03727	0.01157	0.01350	0.00900	0.00771	0.00514	0.00257	0.00643	0.00450	0.00514	0.00900
77	0.01059	0.00841	0.00964	0.00969	0.01177	0.00780	0.00709	0.01271	0.01729	0.02180	0.10157	0.09659	0.39976	0.10570	0.13699	0.00537	0.00800	0.01544	0.00690	0.00691
78	0.01007	0.00842	0.00879	0.00891	0.01155	0.00714	0.00672	0.01230	0.01904	0.02300	0.10776	0.10373	0.57832	0.02112	0.00991	0.00286	0.00436	0.04114	0.00778	0.00707
79	0.02056	0.01974	0.03372	0.05099	0.65622	0.01974	0.02550	0.02550	0.01892	0.02714	0.01563	0.02056	0.01316	0.00740	0.00822	0.00247	0.00987	0.00740	0.00411	0.01316
80	0.01818	0.01818	0.02545	0.02181	0.02181	0.02545	0.01818	0.01999	0.01272	0.01999	0.01091	0.01818	0.01091	0.01454	0.02726	0.00364	0.69284	0.00727	0.00364	0.00909
81	0.01443	0.00722	0.01082	0.01082	0.01082	0.00722	0.00722	0.01082	0.01082	0.01443	0.01443	0.02525	0.01443	0.02886	0.03247	0.75830	0.00722	0.00722	0.00361	0.00361
82	0.02221	0.71304	0.04353	0.01421	0.02132	0.03287	0.01421	0.02488	0.01688	0.01955	0.01155	0.01333	0.01066	0.00711	0.00533	0.00178	0.00888	0.00444	0.00355	0.01066
83	0.01332	0.01262	0.08188	0.01174	0.01544	0.00904	0.01035	0.01661	0.01936	0.07566	0.12834	0.13790	0.35124	0.01900	0.00971	0.00289	0.00564	0.06337	0.00762	0.00828
84	0.01569	0.01477	0.02492	0.68808	0.05722	0.01846	0.02307	0.02123	0.01661	0.02123	0.01477	0.02215	0.01107	0.00831	0.00831	0.00277	0.01107	0.00738	0.00369	0.00923
85	0.02214	0.61645	0.10066	0.01546	0.02291	0.06392	0.01585	0.02543	0.01728	0.02022	0.01193	0.01380	0.01065	0.00725	0.00568	0.00188	0.00951	0.00465	0.00359	0.01076
86	0.02136	0.03381	0.28448	0.03018	0.17741	0.17228	0.07839	0.02857	0.04814	0.02552	0.01563	0.01870	0.01204	0.00801	0.00807	0.00250	0.01224	0.00672	0.00412	0.01181
87	0.02904	0.02201	0.02350	0.01860	0.02479	0.02457	0.01517	0.49240	0.17932	0.04826	0.02318	0.02252	0.01674	0.01027	0.00834	0.00257	0.00854	0.00793	0.00834	0.01390
88	0.02248	0.02365	0.03101	0.08406	0.48531	0.15876	0.02334	0.02686	0.01976	0.02533	0.01498	0.01947	0.01251	0.00770	0.00807	0.00242	0.01103	0.00697	0.00412	0.01217
89	0.02174	0.02196	0.03258	0.04767	0.58552	0.09317	0.02444	0.02636	0.01943	0.02638	0.01531	0.01994	0.01288	0.00753	0.00814	0.00243	0.01044	0.00717	0.00413	0.01276
90	0.01723	0.01477	0.01723	0.01230	0.01969	0.01107	0.00984	0.02092	0.01723	0.02707	0.01477	0.01723	0.01230	0.00615	0.00615	0.00123	0.00615	0.00492	0.00492	0.75883
91	0.00982	0.00842	0.00842	0.00842	0.01122	0.00701	0.00631	0.01192	0.01894	0.02244	0.08416	0.07995	0.65285	0.02104	0.00982	0.00281	0.00421	0.01753	0.00771	0.00701
92	0.01818	0.01818	0.02545	0.02181	0.02181	0.02545	0.01818	0.01999	0.01272	0.01999	0.01091	0.01818	0.01091	0.01454	0.02726	0.00364	0.69284	0.00727	0.00364	0.00909
93	0.02032	0.02103	0.06622	0.04888	0.59667	0.01977	0.05351	0.02559	0.01888	0.02707	0.01564	0.02049	0.01300	0.00741	0.00828	0.00249	0.01018	0.00745	0.00409	0.01302
94	0.01184	0.00990	0.01056	0.01056	0.01351	0.00929	0.00825	0.01719	0.10660	0.02451	0.07151	0.07496	0.48081	0.01993	0.00986	0.00295	0.00502	0.09697	0.00781	0.00797
95	0.02056	0.01974	0.03372	0.05099	0.65622	0.01974	0.02550	0.02550	0.01892	0.02714	0.01563	0.02056	0.01316	0.00740	0.00822	0.00247	0.00987	0.00740	0.00411	0.01316
96	0.01682	0.03092	0.38440	0.02224	0.03095	0.01792	0.10860	0.02417	0.01774	0.02668	0.05767	0.02243	0.01638	0.00908	0.00985	0.00262	0.07534	0.00744	0.07315	0.04563
97	0.01207	0.00811	0.00934	0.00934	0.00944	0.00821	0.00538	0.01226	0.01216	0.01632	0.02592	0.05294	0.02958	0.66571	0.08377	0.00840	0.00898	0.01187	0.00500	0.00519
98	0.02427	0.55617	0.03888	0.01589	0.02234	0.18238	0.01464	0.02681	0.01843	0.01973	0.01185	0.01371	0.01067	0.00745	0.00583	0.00186	0.01030	0.00465	0.00372	0.01042
99	0.02221	0.71304	0.04353	0.01421	0.02132	0.03287	0.01421	0.02488	0.01688	0.01955	0.01155	0.01333	0.01066	0.00711	0.00533	0.00178	0.00888	0.00444	0.00355	0.01066
100	0.02346	0.02459	0.01972	0.01787	0.02230	0.24131	0.01368	0.03832	0.39119	0.02906	0.03001	0.02878	0.06153	0.01099	0.00822	0.00259	0.00927	0.00856	0.00699	0.01156
101	0.00982	0.00842	0.00842	0.00842	0.01122	0.00701	0.00631	0.01192	0.01894	0.02244	0.08416	0.07995	0.65285	0.02104	0.00982	0.00281	0.00421	0.01753	0.00771	0.00701
102	0.03057	0.02277	0.02437	0.01891	0.02538	0.02529	0.01555	0.57473	0.09449	0.05074	0.02122	0.02096	0.01516	0.01009	0.00832	0.00252	0.00891	0.00766	0.00832	0.01404
103	0.02884	0.02112	0.02301	0.01804	0.02395	0.02340	0.01481	0.53876	0.03546	0.04799	0.02048	0.02174	0.01512	0.01550	0.07876	0.00362	0.01031	0.00764	0.03831	0.01316
104	0.01339	0.00956	0.01339	0.01530	0.01721	0.00956	0.01339	0.01721	0.01912	0.02486	0.04399	0.09371	0.04781	0.02295	0.01147	0.00382	0.00765	0.60031	0.00765	0.00765
105	0.01218	0.00840	0.01077	0.01131	0.01274	0.00792	0.00797	0.01532	0.04295	0.05027	0.24234	0.39075	0.08316	0.04971	0.01144	0.00324	0.00479	0.01897	0.00820	0.00758
106	0.01088	0.00777	0.01051	0.01244	0.01325	0.00740	0.00903	0.01288	0.01665	0.02206	0.04537	0.56078	0.05328	0.02531	0.01081	0.00348	0.00548	0.15795	0.00770	0.00696
107	0.02460	0.53040	0.03811	0.01616	0.02250	0.20693	0.01471	0.02713	0.01869	0.01976	0.01190	0.01378	0.01067	0.00750	0.00592	0.00188	0.01054	0.00469	0.00375	0.01038
108	0.02097	0.04420	0.02515	0.10891	0.13905	0.01817	0.04571	0.04774	0.01937	0.12380	0.10921	0.02702	0.02285	0.01082	0.01228	0.00270	0.15067	0.00846	0.00583	0.05709
109	0.02161	0.52659	0.17421	0.01670	0.02472	0.07206	0.01783	0.02572	0.01746	0.02103	0.01235	0.01433	0.01063	0.00737	0.00602	0.00198	0.01000	0.00486	0.00359	0.01094
110	0.01725	0.11387	0.59925	0.02268	0.03441	0.02073	0.02895	0.02616	0.01747	0.02559	0.01455	0.01709	0.01054	0.00781	0.00762	0.00254	0.01192	0.00596	0.00351	0.01211
111	0.02395	0.02433	0.03063	0.04133	0.45561	0.15947	0.02246	0.09093	0.02203	0.02836	0.01549	0.01931	0.01274	0.00792	0.00808	0.00240	0.01088	0.00697	0.00459	0.01251
112	0.03158	0.02327	0.02493	0.01911	0.02576	0.02576	0.01579	0.62852	0.03906	0.05236	0.01995	0.01995	0.01413	0.00997	0.00831	0.00249	0.00914	0.00748	0.00831	0.01413
113	0.01098	0.00851	0.01003	0.00978	0.01211	0.00756	0.00743	0.01410	0.02129	0.02813	0.37319	0.07143	0.32979	0.01905	0.00989	0.00275	0.00422	0.04384	0.00844	0.00747
114	0.01384	0.00955	0.01107	0.01019	0.01314	0.00855	0.00780	0.04099	0.02194	0.08336	0.29604	0.06612	0.35036	0.01809	0.00962	0.00270	0.00455	0.01536	0.00851	0.00824
115	0.01107	0.00846	0.01015	0.00973	0.01199	0.00755	0.00730	0.01435	0.02190	0.02947	0.45136	0.06837	0.28126	0.01842	0.00981	0.00268	0.00402	0.01591	0.00864	0.00755
116	0.02743	0.01810	0.02037	0.01677	0.02217	0.01943	0.01343	0.27281	0.20395	0.17354	0.02933	0.09707	0.02300	0.01210	0.00860	0.00269	0.00752	0.00991	0.00871	0.01307
117	0.02793	0.01975	0.02104	0.01654	0.02212	0.02168	0.01353	0.49044	0.03415	0.04751	0.02157	0.02244	0.01575	0.00991	0.00774	0.00237	0.00795	0.00754	0.17738	0.01268
118	0.76672	0.01607	0.01221	0.01092	0.01607	0.01864	0.00900	0.02442	0.01414	0.03727	0.01157	0.01350	0.00900	0.00771	0.00514	0.00257	0.00643	0.00450	0.00514	0.00900
119	0.76672	0.01607	0.01221	0.01092	0.01607	0.01864	0.00900	0.02442	0.01414	0.03727	0.01157	0.01350	0.00900	0.00771	0.00514	0.00257	0.00643	0.00450	0.00514	0.00900
120	0.01537	0.01390	0.02363	0.01961	0.02263	0.01550	0.15485	0.04291	0.01569	0.02227	0.01948	0.02878	0.01767	0.07305	0.36940	0.00881	0.11431	0.00898	0.00446	0.00869
121	0.01008	0.00740	0.00946	0.01110	0.01193	0.00679	0.00751	0.01162	0.01635	0.02139	0.05143	0.61099	0.14293	0.02529	0.01049	0.00329	0.00473	0.02272	0.00771	0.00679
122	0.32707	0.01684	0.04667	0.01394	0.02014	0.01599	0.01202	0.07197	0.02064	0.34332	0.02264	0.02133	0.01506	0.00913	0.00705	0.00257	0.00719	0.00666	0.00779	0.01200
123	0.01108	0.00844	0.01131	0.01255	0.01296	0.00882	0.00871	0.01250	0.01538	0.02084	0.04112	0.59857	0.04905	0.05688	0.01388	0.00362	0.07891	0.02132	0.00715	0.00692
124	0.01207	0.00811	0.00933	0.00933	0.00942	0.00820	0.00536	0.01225	0.01216	0.01630	0.02593	0.05302	0.02962	0.66816	0.08137	0.00838	0.00893	0.01188	0.00500	0.00518
125	0.02221	0.71304	0.04353	0.01421	0.02132	0.03287	0.01421	0.02488	0.01688	0.01955	0.01155	0.01333	0.01066	0.00711	0.00533	0.00178	0.00888	0.00444	0.00355	0.01066
126	0.00982	0.00842	0.00842	0.00842	0.01122	0.00701	0.00631	0.01192	0.01894	0.02244	0.08416	0.07995	0.65285	0.02104	0.00982	0.00281	0.00421	0.01753	0.00771	0.00701
127	0.01012	0.00723	0.00964	0.01157	0.01205	0.00675	0.00771	0.01157	0.01591	0.02121	0.04579	0.70262	0.05495	0.02603	0.01060	0.00337	0.00482	0.02362	0.00771	0.00675
128	0.02269	0.02620	0.01951	0.01817	0.02112	0.37624	0.01386	0.02515	0.01892	0.01989	0.01656	0.02227	0.01478	0.03056	0.27832	0.00674	0.04912	0.00687	0.00432	0.00871
129	0.02018	0.01935	0.03304	0.10038	0.60979	0.01964	0.02531	0.02516	0.01874	0.02668	0.01556	0.02068	0.01300	0.00747	0.00823	0.00249	0.00996	0.00740	0.00408	0.01285
130	0.02056	0.01974	0.03372	0.05099	0.65622	0.01974	0.02550	0.02550	0.01892	0.02714	0.01563	0.02056	0.01316	0.00740	0.00822	0.00247	0.00987	0.00740	0.00411	0.01316
131	0.02121	0.02389	0.07135	0.17901	0.37132	0.14099	0.02357	0.02607	0.01919	0.02457	0.01488	0.01966	0.01209	0.00784	0.00808	0.00248	0.01123	0.00693	0.00401	0.01161
132	0.00982	0.00842	0.00842	0.00842	0.01122	0.00701	0.00631	0.01192	0.01894	0.02244	0.08416	0.07995	0.65285	0.02104	0.00982	0.00281	0.00421	0.01753	0.00771	0.00701
133	0.01950	0.01624	0.01860	0.01615	0.01973	0.01873	0.01287	0.14159	0.24410	0.03316	0.10376	0.03667	0.10704	0.01583	0.04269	0.00335	0.12121	0.01034	0.00742	0.01100
134	0.02897	0.02221	0.02489	0.01943	0.02580	0.02458	0.04350	0.49069	0.15151	0.04785	0.02241	0.02214	0.01617	0.01008	0.00841	0.00257	0.00888	0.00795	0.00815	0.01381
135	0.02183	0.02433	0.02481	0.09218	0.02674	0.22235	0.01805	0.02414	0.01643	0.02023	0.01190	0.01762	0.01086	0.01206	0.01924	0.00309	0.41435	0.00670	0.00384	0.00927
136	0.02754	0.02208	0.02125	0.01750	0.02288	0.10687	0.01399	0.32367	0.17357	0.07000	0.02358	0.02341	0.01734	0.01007	0.00797	0.00247	0.00866	0.00771	0.08682	0.01264
137	0.01026	0.00843	0.00903	0.00888	0.01149	0.00720	0.00666	0.01279	0.01999	0.02494	0.21481	0.07583	0.52064	0.02011	0.00981	0.00276	0.00414	0.01696	0.00804	0.00720
138	0.03158	0.02327	0.02493	0.01911	0.02576	0.02576	0.01579	0.62852	0.03906	0.05236	0.01995	0.01995	0.01413	0.00997	0.00831	0.00249	0.00914	0.00748	0.00831	0.01413
139	0.02070	0.03086	0.22852	0.02234	0.02918	0.17223	0.09644	0.02907	0.11432	0.02533	0.02168	0.02377	0.05525	0.01002	0.01030	0.00268	0.08373	0.00778	0.00482	0.01098
140	0.01666	0.04297	0.66500	0.02368	0.03596	0.01929	0.03069	0.02631	0.01754	0.02631	0.01491	0.01754	0.01052	0.00789	0.00789	0.00263	0.01228	0.00614	0.00351	0.01228
141	0.01246	0.00978	0.01450	0.01415	0.01549	0.01181	0.01112	0.01532	0.01329	0.01935	0.02118	0.03127	0.01984	0.05779	0.61382	0.01243	0.08571	0.00875	0.00437	0.00758
142	0.02367	0.10129	0.03154	0.03712	0.38568	0.13928	0.02110	0.08467	0.04750	0.02777	0.01584	0.01913	0.01304	0.00798	0.00779	0.00235	0.01047	0.00679	0.00466	0.01234
143	0.02221	0.71304	0.04353	0.01421	0.02132	0.03287	0.01421	0.02488	0.01688	0.01955	0.01155	0.01333	0.01066	0.00711	0.00533	0.00178	0.00888	0.00444	0.00355	0.01066
144	0.01703	0.08690	0.62426	0.02306	0.03500	0.02018	0.02961	0.02621	0.01750	0.02587	0.01469	0.01726	0.01053	0.00784	0.00772	0.00257	0.01206	0.00603	0.00351	0.01217
145	0.01195	0.00800	0.00910	0.00923	0.00926	0.00797	0.00521	0.01205	0.01233	0.01644	0.02746	0.09686	0.03182	0.66333	0.04021	0.00775	0.00784	0.01284	0.00521	0.00515
146	0.01012	0.00723	0.00964	0.01157	0.01205	0.00675	0.00771	0.01157	0.01591	0.02121	0.04579	0.70262	0.05495	0.02603	0.01060	0.00337	0.00482	0.02362	0.00771	0.00675
147	0.01648	0.00870	0.00880	0.00845	0.01067	0.00886	0.00642	0.05698	0.01876	0.03229	0.02666	0.03029	0.02085	0.00970	0.00596	0.00197	0.00420	0.00773	0.70809	0.00814
148	0.02728	0.01827	0.01990	0.01590	0.02115	0.01971	0.01289	0.41546	0.03185	0.09315	0.02406	0.06510	0.01867	0.01093	0.00792	0.00244	0.00759	0.00860	0.16683	0.01232
149	0.02642	0.06349	0.02926	0.02679	0.11140	0.40591	0.09512	0.02954	0.02097	0.02197	0.01345	0.01693	0.01129	0.00877	0.00988	0.00241	0.08561	0.00635	0.00415	0.01029
150	0.01087	0.00754	0.00942	0.01061	0.01091	0.00724	0.00669	0.01176	0.01445	0.01927	0.03834	0.45632	0.04554	0.28515	0.02264	0.00515	0.00605	0.01923	0.00669	0.00610
151	0.01206	0.00942	0.01125	0.01212	0.01424	0.00911	0.00942	0.01673	0.08401	0.02409	0.05704	0.24754	0.25290	0.02190	0.01036	0.00325	0.00560	0.18342	0.00777	0.00777
152	0.08203	0.01631	0.02200	0.01697	0.02295	0.01587	0.07709	0.15934	0.02587	0.33437	0.11247	0.02952	0.02554	0.01062	0.00847	0.00258	0.00776	0.00897	0.00870	0.01259
153	0.02026	0.01993	0.02547	0.02241	0.04738	0.07995	0.04536	0.08554	0.01707	0.02396	0.01358	0.01977	0.01235	0.01753	0.08458	0.00424	0.43916	0.00741	0.00431	0.00976
154	0.03103	0.03959	0.02354	0.02140	0.02568	0.67469	0.01605	0.03317	0.02354	0.02033	0.01284	0.01498	0.01070	0.00856	0.00749	0.00214	0.01498	0.00535	0.00428	0.00963
155	0.06162	0.02091	0.02297	0.01782	0.02425	0.02259	0.01467	0.45645	0.07235	0.16639	0.02290	0.02195	0.01584	0.01002	0.00820	0.00253	0.00848	0.00764	0.00857	0.01386
156	0.02056	0.01974	0.03372	0.05099	0.65622	0.01974	0.02550	0.02550	0.01892	0.02714	0.01563	0.02056	0.01316	0.00740	0.00822	0.00247	0.00987	0.00740	0.00411	0.01316
157	0.01018	0.00843	0.00891	0.00879	0.01144	0.00717	0.00659	0.01262	0.01978	0.02446	0.18942	0.07663	0.54633	0.02029	0.00981	0.00277	0.00415	0.01707	0.00798	0.00717
158	0.01333	0.00884	0.01161	0.01072	0.01295	0.00811	0.00811	0.01721	0.02353	0.07214	0.61360	0.05997	0.07481	0.01657	0.00971	0.00261	0.00411	0.01461	0.00922	0.00823
159	0.02011	0.01339	0.01397	0.01229	0.01587	0.01458	0.00964	0.15450	0.16732	0.03639	0.02714	0.02864	0.02072	0.01011	0.00696	0.00226	0.00562	0.00807	0.42206	0.01036
160	0.02169	0.01762	0.01882	0.01677	0.02158	0.02014	0.01309	0.04392	0.60308	0.07349	0.03375	0.03083	0.02506	0.01121	0.00845	0.00280	0.00661	0.00933	0.00857	0.01321
161	0.02066	0.01785	0.01878	0.01691	0.02160	0.02066	0.01315	0.04414	0.64121	0.03475	0.03381	0.03099	0.02536	0.01127	0.00845	0.00282	0.00657	0.00939	0.00845	0.01315
162	0.01201	0.00874	0.01171	0.01340	0.01500	0.00844	0.01089	0.01494	0.01815	0.02350	0.04917	0.27156	0.12005	0.02363	0.01103	0.00357	0.00642	0.36280	0.00768	0.00731
163	0.15301	0.06667	0.02258	0.01933	0.02388	0.53602	0.01479	0.03133	0.02167	0.02311	0.01257	0.01466	0.01042	0.00835	0.00700	0.00220	0.01328	0.00517	0.00439	0.00957
164	0.76672	0.01607	0.01221	0.01092	0.01607	0.01864	0.00900	0.02442	0.01414	0.03727	0.01157	0.01350	0.00900	0.00771	0.00514	0.00257	0.00643	0.00450	0.00514	0.00900
165	0.02549	0.07579	0.02221	0.01885	0.02259	0.46057	0.01446	0.02788	0.02047	0.02001	0.01519	0.01945	0.01331	0.02238	0.18026	0.00502	0.01646	0.00621	0.00428	0.00913
166	0.00982	0.00842	0.00842	0.00842	0.01122	0.00701	0.00631	0.01192	0.01894	0.02244	0.08416	0.07995	0.65285	0.02104	0.00982	0.00281	0.00421	0.01753	0.00771	0.00701
167	0.02021	0.01544	0.01681	0.01483	0.01911	0.01658	0.01179	0.16832	0.23651	0.05985	0.04294	0.04737	0.17067	0.04650	0.01061	0.00308	0.00683	0.07344	0.00808	0.01104
168	0.01138	0.00943	0.01008	0.00975	0.01257	0.00863	0.00736	0.01613	0.08575	0.02605	0.19939	0.07097	0.46446	0.01914	0.00967	0.00277	0.00440	0.01614	0.00810	0.00784
169	0.01208	0.00805	0.00906	0.00906	0.00906	0.00805	0.00503	0.01208	0.01208	0.01611	0.02618	0.05436	0.03020	0.70804	0.04228	0.00805	0.00805	0.01208	0.00503	0.00503
170	0.03158	0.02327	0.02493	0.01911	0.02576	0.02576	0.01579	0.62852	0.03906	0.05236	0.01995	0.01995	0.01413	0.00997	0.00831	0.00249	0.00914	0.00748	0.00831	0.01413
171	0.01953	0.01868	0.03185	0.18629	0.52901	0.01947	0.02498	0.02459	0.01843	0.02588	0.01544	0.02090	0.01272	0.00759	0.00824	0.00253	0.01013	0.00740	0.00402	0.01232
172	0.02286	0.02726	0.07298	0.02642	0.06950	0.22744	0.21288	0.05342	0.07488	0.02561	0.01753	0.02135	0.01393	0.01392	0.07906	0.00366	0.01397	0.00777	0.00474	0.01078
173	0.01733	0.01515	0.01815	0.01337	0.01993	0.01269	0.01078	0.02081	0.01672	0.02628	0.01433	0.01733	0.01215	0.00709	0.00852	0.00150	0.08315	0.00519	0.00478	0.67476
174	0.01443	0.00722	0.01082	0.01082	0.01082	0.00722	0.00722	0.01082	0.01082	0.01443	0.01443	0.02525	0.01443	0.02886	0.03247	0.75830	0.00722	0.00722	0.00361	0.00361
175	0.51991	0.01541	0.01460	0.01223	0.01781	0.01646	0.01008	0.02986	0.01740	0.24864	0.01874	0.01850	0.01291	0.00858	0.00623	0.00257	0.00664	0.00580	0.00688	0.01074
176	0.02406	0.02679	0.01925	0.01855	0.04510	0.38500	0.01355	0.02678	0.02014	0.02269	0.01720	0.02120	0.01446	0.01652	0.10112	0.00374	0.04477	0.00652	0.16352	0.00903
177	0.01203	0.00901	0.01149	0.01232	0.01449	0.00847	0.01020	0.01539	0.02000	0.02597	0.18447	0.08309	0.22582	0.02114	0.01065	0.00328	0.00588	0.31080	0.00799	0.00751
178	0.01703	0.08690	0.62426	0.02306	0.03500	0.02018	0.02961	0.02621	0.01750	0.02587	0.01469	0.01726	0.01053	0.00784	0.00772	0.00257	0.01206	0.00603	0.00351	0.01217
179	0.49910	0.01695	0.01578	0.01309	0.01874	0.01864	0.01079	0.13248	0.02032	0.15968	0.01709	0.01745	0.01211	0.00860	0.00631	0.00256	0.00702	0.00576	0.00668	0.01087
180	0.02167	0.02184	0.03264	0.04786	0.58951	0.08903	0.02450	0.02631	0.01941	0.02642	0.01533	0.01997	0.01290	0.00752	0.00815	0.00243	0.01041	0.00718	0.00413	0.01279
181	0.01027	0.00842	0.00914	0.00958	0.01202	0.00728	0.00730	0.01251	0.01862	0.02259	0.07512	0.15139	0.51452	0.02182	0.01010	0.00299	0.00468	0.08688	0.00771	0.00706
182	0.02056	0.01974	0.03372	0.05099	0.65622	0.01974	0.02550	0.02550	0.01892	0.02714	0.01563	0.02056	0.01316	0.00740	0.00822	0.00247	0.00987	0.00740	0.00411	0.01316
183	0.11304	0.01466	0.01849	0.01455	0.02070	0.01361	0.01195	0.03910	0.07501	0.54280	0.03062	0.02694	0.01975	0.01009	0.00802	0.00259	0.00696	0.00803	0.00958	0.01351
184	0.03146	0.02674	0.02464	0.01960	0.02575	0.16358	0.01585	0.50208	0.03576	0.04555	0.01844	0.01889	0.01340	0.00967	0.00814	0.00242	0.01038	0.00703	0.00745	0.01317
185	0.02056	0.01974	0.03372	0.05099	0.65622	0.01974	0.02550	0.02550	0.01892	0.02714	0.01563	0.02056	0.01316	0.00740	0.00822	0.00247	0.00987	0.00740	0.00411	0.01316
186	0.02372	0.52609	0.08003	0.01636	0.02321	0.16829	0.01569	0.02673	0.01834	0.02016	0.01204	0.01395	0.01066	0.00747	0.00596	0.00191	0.01040	0.00475	0.00370	0.01055
187	0.01889	0.01088	0.01445	0.01448	0.01767	0.01040	0.01231	0.02328	0.04882	0.17345	0.04541	0.07404	0.10827	0.01925	0.01042	0.00337	0.00708	0.36988	0.00831	0.00934
188	0.00982	0.00842	0.00842	0.00842	0.01122	0.00701	0.00631	0.01192	0.01894	0.02244	0.08416	0.07995	0.65285	0.02104	0.00982	0.00281	0.00421	0.01753	0.00771	0.00701
189	0.03131	0.03136	0.02424	0.02025	0.02572	0.34754	0.01592	0.33331	0.03136	0.03648	0.01642	0.01748	0.01243	0.00927	0.00790	0.00232	0.01204	0.00642	0.00631	0.01190
190	0.02066	0.01785	0.01878	0.01691	0.02160	0.02066	0.01315	0.04414	0.64121	0.03475	0.03381	0.03099	0.02536	0.01127	0.00845	0.00282	0.00657	0.00939	0.00845	0.01315
191	0.01208	0.00805	0.00906	0.00906	0.00906	0.00805	0.00503	0.01208	0.01208	0.01611	0.02618	0.05436	0.03020	0.70804	0.04228	0.00805	0.00805	0.01208	0.00503	0.00503
192	0.01176	0.00849	0.01110	0.01045	0.01241	0.00784	0.00784	0.01568	0.02352	0.03331	0.65184	0.06206	0.07839	0.01698	0.00980	0.00261	0.00392	0.01502	0.00914	0.00784
193	0.02056	0.01974	0.03372	0.05099	0.65622	0.01974	0.02550	0.02550	0.01892	0.02714	0.01563	0.02056	0.01316	0.00740	0.00822	0.00247	0.00987	0.00740	0.00411	0.01316
194	0.01096	0.00831	0.00999	0.01077	0.01211	0.00798	0.00746	0.01354	0.04474	0.02128	0.05074	0.34921	0.20966	0.12243	0.07689	0.00478	0.00682	0.01832	0.00707	0.00694
195	0.02484	0.51196	0.03756	0.01636	0.02262	0.22451	0.01476	0.02735	0.01887	0.01978	0.01194	0.01382	0.01067	0.00754	0.00598	0.00189	0.01070	0.00471	0.00377	0.01035
196	0.01913	0.34136	0.38825	0.01946	0.02944	0.02534	0.02336	0.02567	0.01725	0.02330	0.01341	0.01566	0.01058	0.00754	0.00675	0.00225	0.01077	0.00538	0.00353	0.01156
197	0.01594	0.01542	0.01552	0.01506	0.01714	0.15147	0.01159	0.01873	0.01552	0.01951	0.02025	0.02889	0.01863	0.05089	0.53333	0.01097	0.02071	0.00815	0.00441	0.00789
198	0.02191	0.01621	0.01898	0.01654	0.02031	0.01865	0.01311	0.03542	0.34936	0.13662	0.03231	0.03243	0.06321	0.04456	0.01360	0.00317	0.13470	0.00948	0.00766	0.01178
199	0.00982	0.00842	0.00842	0.00842	0.01122	0.00701	0.00631	0.01192	0.01894	0.02244	0.08416	0.07995	0.65285	0.02104	0.00982	0.00281	0.00421	0.01753	0.00771	0.00701
200	0.01114	0.00763	0.00913	0.01014	0.01098	0.00720	0.00669	0.01261	0.01558	0.02128	0.04414	0.39484	0.12364	0.18241	0.01734	0.00423	0.00539	0.01835	0.09078	0.00649
201	0.01203	0.00824	0.01000	0.01000	0.01032	0.00856	0.00620	0.01268	0.01236	0.01680	0.02532	0.04963	0.02815	0.56732	0.18020	0.00921	0.01115	0.01139	0.00491	0.00555
