[name]
unknown

[dist]
# distance from previous block
# <min> <max>
11	74

[block]
# block no. 0 follows, 21 sequences, length 44
# corresponding to MSA columns:
# 119-162
name=unknown_A
#
# <colnr> <probs for GDERKNQSTAVLIFYWHMCP>
#	G	D	E	R	K	N	Q	S	T	A	V	L	I	F	Y	W	H	M	C	P
0	0.01469	0.01265	0.01305	0.01225	0.01593	0.01302	0.00939	0.02599	0.27528	0.02825	0.06468	0.06097	0.38627	0.01738	0.00947	0.00288	0.00532	0.01448	0.00822	0.00981
1	0.01680	0.04211	0.62195	0.02352	0.03553	0.01913	0.03018	0.02636	0.01830	0.02734	0.04922	0.02043	0.01454	0.00859	0.00819	0.00269	0.01211	0.00678	0.00391	0.01233
2	0.12703	0.60865	0.04006	0.01409	0.02108	0.03161	0.01381	0.02542	0.01689	0.02259	0.01183	0.01368	0.01068	0.00737	0.00543	0.00194	0.00875	0.00456	0.00387	0.01068
3	0.11141	0.01506	0.01895	0.01494	0.02122	0.01404	0.01226	0.04013	0.08275	0.52956	0.03143	0.02767	0.02032	0.01036	0.00823	0.00266	0.00712	0.00825	0.00980	0.01384
4	0.02344	0.02305	0.02029	0.01831	0.02302	0.15951	0.01411	0.04281	0.50210	0.03243	0.03003	0.02824	0.02276	0.01095	0.00845	0.00274	0.00858	0.00873	0.00774	0.01270
5	0.01662	0.04089	0.59971	0.02306	0.03470	0.01873	0.02937	0.02599	0.01851	0.02759	0.07086	0.02200	0.01693	0.00891	0.00826	0.00269	0.01182	0.00709	0.00410	0.01217
6	0.01870	0.23390	0.48123	0.02147	0.03253	0.02375	0.02660	0.02653	0.01777	0.02496	0.01429	0.01673	0.01082	0.00785	0.00733	0.00244	0.01158	0.00579	0.00361	0.01210
7	0.01914	0.01597	0.01774	0.01687	0.02090	0.01807	0.01354	0.03770	0.46549	0.03284	0.03748	0.04925	0.03224	0.01480	0.00950	0.00317	0.00704	0.16789	0.00844	0.01194
8	0.03818	0.01448	0.01975	0.01514	0.02172	0.01251	0.01251	0.04147	0.02436	0.65373	0.03357	0.02897	0.02107	0.01053	0.00856	0.00263	0.00724	0.00856	0.01053	0.01448
9	0.01091	0.00828	0.01214	0.01320	0.01415	0.00773	0.04213	0.01272	0.01651	0.02204	0.04524	0.65757	0.05385	0.02557	0.01082	0.00342	0.00547	0.02340	0.00770	0.00717
10	0.01216	0.00912	0.01368	0.01368	0.01520	0.01064	0.01064	0.01520	0.01368	0.01976	0.02279	0.03343	0.02127	0.06382	0.66720	0.01368	0.02279	0.00912	0.00456	0.00760
11	0.01216	0.00912	0.01368	0.01368	0.01520	0.01064	0.01064	0.01520	0.01368	0.01976	0.02279	0.03343	0.02127	0.06382	0.66720	0.01368	0.02279	0.00912	0.00456	0.00760
12	0.01037	0.00741	0.00987	0.01185	0.01234	0.00691	0.00790	0.01185	0.01629	0.02172	0.04690	0.69537	0.05629	0.02666	0.01086	0.00346	0.00494	0.02419	0.00790	0.00691
13	0.01707	0.04402	0.65683	0.02426	0.03683	0.01976	0.03144	0.02695	0.01797	0.02695	0.01527	0.01797	0.01078	0.00809	0.00809	0.00270	0.01258	0.00629	0.00359	0.01258
14	0.01371	0.00980	0.01371	0.01567	0.01763	0.00980	0.01371	0.01763	0.01959	0.02547	0.04506	0.09599	0.04898	0.02351	0.01175	0.00392	0.00784	0.59056	0.00784	0.00784
15	0.01586	0.00793	0.00793	0.00793	0.00991	0.00793	0.00595	0.01983	0.01785	0.03173	0.02776	0.03173	0.02181	0.00991	0.00595	0.00198	0.00397	0.00793	0.74817	0.00793
16	0.03179	0.04056	0.02412	0.02192	0.02631	0.66676	0.01644	0.03398	0.02412	0.02083	0.01315	0.01535	0.01096	0.00877	0.00767	0.00219	0.01535	0.00548	0.00438	0.00987
17	0.76103	0.01646	0.01251	0.01119	0.01646	0.01909	0.00922	0.02502	0.01448	0.03818	0.01185	0.01382	0.00922	0.00790	0.00527	0.00263	0.00658	0.00461	0.00527	0.00922
18	0.02936	0.17370	0.02884	0.02215	0.06046	0.50255	0.01661	0.03182	0.02247	0.02106	0.01305	0.01533	0.01110	0.00840	0.00727	0.00214	0.01379	0.00541	0.00422	0.01028
19	0.01908	0.01199	0.01298	0.01138	0.01455	0.01247	0.00890	0.16584	0.02461	0.03760	0.15788	0.03578	0.03255	0.01159	0.00745	0.00227	0.00530	0.00946	0.40875	0.00955
20	0.02457	0.20157	0.20150	0.02360	0.08901	0.24008	0.02098	0.05952	0.02114	0.02467	0.01406	0.01646	0.01133	0.00818	0.00736	0.00229	0.01224	0.00579	0.00419	0.01145
21	0.02528	0.45893	0.07683	0.01682	0.02415	0.06802	0.01612	0.17150	0.02330	0.02873	0.01423	0.01568	0.01178	0.00814	0.00650	0.00208	0.00975	0.00547	0.00487	0.01183
22	0.03693	0.01649	0.02099	0.01609	0.02272	0.01548	0.01329	0.16533	0.02771	0.52514	0.03076	0.02714	0.01965	0.01046	0.00855	0.00262	0.00770	0.00837	0.01010	0.01448
23	0.01052	0.00779	0.00983	0.01111	0.01223	0.00710	0.00765	0.01243	0.01782	0.02348	0.12737	0.50474	0.16762	0.02458	0.01061	0.00325	0.00471	0.02196	0.00808	0.00710
24	0.02169	0.02443	0.07282	0.04303	0.38408	0.08808	0.18637	0.02730	0.01999	0.02688	0.01600	0.02081	0.01291	0.00762	0.00877	0.00260	0.01195	0.00796	0.00422	0.01251
25	0.01037	0.00741	0.00987	0.01185	0.01234	0.00691	0.00790	0.01185	0.01629	0.02172	0.04690	0.69537	0.05629	0.02666	0.01086	0.00346	0.00494	0.02419	0.00790	0.00691
26	0.01216	0.00912	0.01368	0.01368	0.01520	0.01064	0.01064	0.01520	0.01368	0.01976	0.02279	0.03343	0.02127	0.06382	0.66720	0.01368	0.02279	0.00912	0.00456	0.00760
27	0.01238	0.00905	0.01333	0.01333	0.01488	0.01047	0.01035	0.01548	0.01393	0.02048	0.02310	0.03333	0.02131	0.06056	0.62716	0.01297	0.02165	0.00905	0.04958	0.00762
28	0.01888	0.25460	0.46209	0.02117	0.03206	0.02419	0.02607	0.02648	0.01775	0.02475	0.01418	0.01659	0.01083	0.00783	0.00725	0.00242	0.01147	0.00574	0.00361	0.01205
29	0.01006	0.00862	0.00862	0.00862	0.01149	0.00718	0.00647	0.01221	0.01940	0.02299	0.08621	0.08190	0.64438	0.02155	0.01006	0.00287	0.00431	0.01796	0.00790	0.00718
30	0.03102	0.03928	0.02423	0.02195	0.02608	0.62932	0.01657	0.03319	0.02347	0.02081	0.01304	0.01554	0.01097	0.00913	0.00886	0.00228	0.05450	0.00560	0.00435	0.00983
31	0.71569	0.01692	0.01332	0.01171	0.01708	0.01955	0.00965	0.06200	0.01607	0.03914	0.01238	0.01424	0.00954	0.00804	0.00547	0.00263	0.00676	0.00480	0.00547	0.00954
32	0.26153	0.33770	0.13760	0.04532	0.02431	0.02589	0.01611	0.02541	0.01648	0.02718	0.01257	0.01485	0.01036	0.00767	0.00598	0.00228	0.00898	0.00500	0.00417	0.01058
33	0.02177	0.02193	0.01958	0.05634	0.02368	0.18916	0.01314	0.05449	0.12065	0.02885	0.10672	0.02623	0.02389	0.00969	0.00781	0.00213	0.00891	0.00763	0.00614	0.25127
34	0.06730	0.01759	0.01836	0.01602	0.02094	0.07893	0.01298	0.11204	0.09284	0.14110	0.02915	0.07619	0.02577	0.01336	0.00878	0.00273	0.00810	0.13312	0.00761	0.11707
35	0.01764	0.01177	0.01372	0.01277	0.01611	0.01132	0.00962	0.08295	0.07922	0.11124	0.05043	0.27702	0.20161	0.01908	0.00968	0.00294	0.00577	0.01646	0.00826	0.04240
36	0.01944	0.02173	0.09564	0.09419	0.03567	0.02027	0.24831	0.02485	0.01777	0.05113	0.01580	0.02093	0.01244	0.00918	0.01318	0.00280	0.16578	0.00804	0.00441	0.11844
37	0.23060	0.03008	0.02129	0.01845	0.02364	0.34050	0.01441	0.16850	0.02521	0.03323	0.01450	0.01612	0.01131	0.00887	0.00721	0.00240	0.01156	0.00575	0.00559	0.01077
38	0.19299	0.06422	0.26867	0.09604	0.13773	0.02042	0.05389	0.02574	0.01736	0.02883	0.01450	0.01805	0.01105	0.00791	0.00749	0.00263	0.01053	0.00635	0.00415	0.01146
39	0.02124	0.02641	0.11245	0.09671	0.03524	0.14282	0.20726	0.05810	0.02070	0.02624	0.01993	0.02367	0.05135	0.00912	0.00968	0.00260	0.04710	0.00821	0.00466	0.07650
40	0.02454	0.06264	0.02243	0.05342	0.05183	0.12194	0.01465	0.11180	0.06874	0.11614	0.02110	0.02387	0.01648	0.01910	0.12386	0.00441	0.04688	0.00749	0.03576	0.05291
41	0.05353	0.14677	0.14652	0.06579	0.06723	0.11500	0.16585	0.02626	0.01911	0.02501	0.03861	0.02091	0.01466	0.01130	0.04521	0.00313	0.01258	0.00736	0.00428	0.01088
42	0.05368	0.14939	0.05738	0.01532	0.01998	0.17998	0.01312	0.02436	0.02132	0.05891	0.17894	0.03931	0.09772	0.01282	0.00829	0.00248	0.00883	0.04224	0.00636	0.00958
43	0.14940	0.02265	0.08287	0.01872	0.05124	0.12618	0.04976	0.02871	0.05415	0.11671	0.02370	0.02675	0.05339	0.00983	0.00776	0.00244	0.00924	0.03232	0.00602	0.12814

[dist]
# distance from previous block
# <min> <max>
16	54

[block]
# block no. 1 follows, 21 sequences, length 34
# corresponding to MSA columns:
# 221-254
name=unknown_B
#
# <colnr> <probs for GDERKNQSTAVLIFYWHMCP>
#	G	D	E	R	K	N	Q	S	T	A	V	L	I	F	Y	W	H	M	C	P
0	0.02110	0.51404	0.22216	0.01737	0.02619	0.02964	0.01946	0.02591	0.01749	0.02203	0.01283	0.01490	0.01088	0.00751	0.00622	0.00207	0.01011	0.00505	0.00363	0.01140
1	0.02043	0.01628	0.01802	0.01592	0.01940	0.06694	0.01263	0.21249	0.02324	0.03145	0.02154	0.02772	0.01830	0.03924	0.36650	0.00854	0.01684	0.00830	0.04619	0.01002
2	0.01159	0.00868	0.01074	0.01023	0.01243	0.00784	0.00767	0.01518	0.02301	0.03157	0.51556	0.06777	0.20968	0.01835	0.01004	0.00272	0.00408	0.01598	0.00903	0.00784
3	0.01607	0.01513	0.02552	0.68047	0.05861	0.01891	0.02363	0.02174	0.01702	0.02174	0.01513	0.02269	0.01134	0.00851	0.00851	0.00284	0.01134	0.00756	0.00378	0.00945
4	0.02529	0.03261	0.39536	0.02086	0.03099	0.01787	0.02394	0.07816	0.02182	0.23767	0.02177	0.02182	0.01449	0.00907	0.00828	0.00266	0.01055	0.00715	0.00629	0.01336
5	0.01915	0.01508	0.01780	0.01279	0.02028	0.01143	0.01026	0.02289	0.01814	0.07341	0.01647	0.01847	0.01322	0.00661	0.00647	0.00136	0.00637	0.00530	0.00544	0.69906
6	0.02275	0.70604	0.04459	0.01456	0.02184	0.03367	0.01456	0.02548	0.01729	0.02002	0.01183	0.01365	0.01092	0.00728	0.00546	0.00182	0.00910	0.00455	0.00364	0.01092
7	0.02106	0.02022	0.03454	0.05223	0.64784	0.02022	0.02612	0.02612	0.01938	0.02780	0.01601	0.02106	0.01348	0.00758	0.00842	0.00253	0.01011	0.00758	0.00421	0.01348
8	0.01862	0.01862	0.02607	0.02234	0.02234	0.02607	0.01862	0.02048	0.01303	0.02048	0.01117	0.01862	0.01117	0.01489	0.02793	0.00372	0.68535	0.00745	0.00372	0.00931
9	0.01238	0.00825	0.00928	0.00928	0.00928	0.00825	0.00516	0.01238	0.01238	0.01650	0.02681	0.05569	0.03094	0.70092	0.04331	0.00825	0.00825	0.01238	0.00516	0.00516
10	0.03161	0.02682	0.02529	0.02016	0.02619	0.14970	0.01634	0.47907	0.03571	0.04579	0.01860	0.01937	0.01364	0.01015	0.00925	0.00254	0.04171	0.00723	0.00750	0.01335
11	0.02009	0.02296	0.05022	0.03587	0.04448	0.02152	0.61693	0.02726	0.02009	0.02726	0.01722	0.02296	0.01291	0.00717	0.01004	0.00287	0.01435	0.01004	0.00430	0.01148
12	0.03480	0.01483	0.02049	0.01793	0.07032	0.01330	0.01340	0.03924	0.05234	0.54643	0.06125	0.03012	0.02352	0.01068	0.00862	0.00264	0.00729	0.00886	0.00990	0.01405
13	0.01037	0.00741	0.00987	0.01185	0.01234	0.00691	0.00790	0.01185	0.01629	0.02172	0.04690	0.69537	0.05629	0.02666	0.01086	0.00346	0.00494	0.02419	0.00790	0.00691
14	0.01006	0.00862	0.00862	0.00862	0.01149	0.00718	0.00647	0.01221	0.01940	0.02299	0.08621	0.08190	0.64438	0.02155	0.01006	0.00287	0.00431	0.01796	0.00790	0.00718
15	0.02528	0.02972	0.02508	0.02213	0.02435	0.35023	0.01752	0.02731	0.01864	0.02066	0.01217	0.01696	0.01107	0.01180	0.01768	0.00295	0.34636	0.00645	0.00406	0.00959
16	0.02275	0.70604	0.04459	0.01456	0.02184	0.03367	0.01456	0.02548	0.01729	0.02002	0.01183	0.01365	0.01092	0.00728	0.00546	0.00182	0.00910	0.00455	0.00364	0.01092
17	0.01371	0.00980	0.01371	0.01567	0.01763	0.00980	0.01371	0.01763	0.01959	0.02547	0.04506	0.09599	0.04898	0.02351	0.01175	0.00392	0.00784	0.59056	0.00784	0.00784
18	0.02275	0.70604	0.04459	0.01456	0.02184	0.03367	0.01456	0.02548	0.01729	0.02002	0.01183	0.01365	0.01092	0.00728	0.00546	0.00182	0.00910	0.00455	0.00364	0.01092
19	0.02283	0.26590	0.07873	0.01876	0.05641	0.15910	0.01586	0.02624	0.01859	0.06734	0.01671	0.02040	0.01417	0.02087	0.15817	0.00478	0.01375	0.00639	0.00454	0.01046
20	0.02793	0.02008	0.02180	0.01734	0.02310	0.02166	0.01408	0.46419	0.03465	0.07470	0.03148	0.08823	0.09604	0.01308	0.00891	0.00268	0.00825	0.01044	0.00848	0.01291
21	0.03179	0.04056	0.02412	0.02192	0.02631	0.66676	0.01644	0.03398	0.02412	0.02083	0.01315	0.01535	0.01096	0.00877	0.00767	0.00219	0.01535	0.00548	0.00438	0.00987
22	0.01238	0.00825	0.00928	0.00928	0.00928	0.00825	0.00516	0.01238	0.01238	0.01650	0.02681	0.05569	0.03094	0.70092	0.04331	0.00825	0.00825	0.01238	0.00516	0.00516
23	0.01121	0.00819	0.01105	0.01176	0.01301	0.00803	0.00845	0.01378	0.01811	0.02491	0.21402	0.34715	0.08228	0.03164	0.14940	0.00537	0.00842	0.01821	0.00761	0.00739
24	0.01793	0.01846	0.05220	0.01978	0.02204	0.02161	0.01680	0.02057	0.01443	0.02243	0.01396	0.05112	0.01365	0.01326	0.02143	0.00312	0.47207	0.00767	0.00421	0.17324
25	0.01187	0.00866	0.01062	0.01073	0.01190	0.00877	0.00746	0.01342	0.01469	0.01934	0.03983	0.05732	0.16539	0.33278	0.21173	0.00837	0.01149	0.04343	0.00574	0.00644
26	0.02940	0.03619	0.02305	0.07244	0.02764	0.56798	0.01624	0.03199	0.02310	0.02169	0.01437	0.01712	0.01178	0.00883	0.00761	0.00223	0.01420	0.00582	0.05861	0.00969
27	0.02416	0.22381	0.17281	0.01852	0.02575	0.15938	0.01813	0.03112	0.09469	0.08818	0.05143	0.02139	0.01744	0.00916	0.00747	0.00236	0.01047	0.00674	0.00539	0.01159
28	0.01894	0.01748	0.02641	0.06783	0.37615	0.01807	0.01997	0.02751	0.14879	0.02826	0.03027	0.06317	0.09796	0.01114	0.00880	0.00271	0.00848	0.01012	0.00577	0.01217
29	0.03182	0.03965	0.02419	0.02180	0.02631	0.63184	0.01643	0.06590	0.02498	0.02262	0.01355	0.01562	0.01115	0.00885	0.00772	0.00221	0.01502	0.00560	0.00461	0.01012
30	0.02106	0.02022	0.03454	0.05223	0.64784	0.02022	0.02612	0.02612	0.01938	0.02780	0.01601	0.02106	0.01348	0.00758	0.00842	0.00253	0.01011	0.00758	0.00421	0.01348
31	0.02629	0.03013	0.02946	0.03747	0.34513	0.33511	0.02141	0.02995	0.02169	0.02441	0.01462	0.01828	0.01225	0.00816	0.00806	0.00236	0.01266	0.00656	0.00430	0.01172
32	0.02025	0.06662	0.31893	0.01894	0.02764	0.01887	0.02100	0.14984	0.02324	0.06470	0.03217	0.03238	0.14629	0.01147	0.00848	0.00265	0.00967	0.00908	0.00592	0.01185
33	0.02297	0.02415	0.03168	0.09167	0.47339	0.15687	0.02389	0.02746	0.02021	0.02589	0.01534	0.01997	0.01279	0.00790	0.00827	0.00248	0.01131	0.00714	0.00422	0.01242

[dist]
# distance from previous block
# <min> <max>
0	2

[block]
# block no. 2 follows, 21 sequences, length 84
# corresponding to MSA columns:
# 257-340
name=unknown_C
#
# <colnr> <probs for GDERKNQSTAVLIFYWHMCP>
#	G	D	E	R	K	N	Q	S	T	A	V	L	I	F	Y	W	H	M	C	P
0	0.02106	0.02022	0.03454	0.05223	0.64784	0.02022	0.02612	0.02612	0.01938	0.02780	0.01601	0.02106	0.01348	0.00758	0.00842	0.00253	0.01011	0.00758	0.00421	0.01348
1	0.02448	0.02129	0.02513	0.02755	0.19646	0.06357	0.01762	0.20144	0.21810	0.03754	0.05983	0.02636	0.02145	0.01023	0.00857	0.00263	0.00882	0.00857	0.00715	0.01320
2	0.02059	0.02801	0.20637	0.04270	0.44196	0.05813	0.02702	0.02681	0.01927	0.02716	0.01564	0.01987	0.01258	0.00779	0.00829	0.00255	0.01110	0.00710	0.00405	0.01302
3	0.01107	0.00895	0.01003	0.01058	0.01320	0.00791	0.00847	0.01371	0.01945	0.02368	0.07481	0.08581	0.47939	0.02209	0.01053	0.00316	0.00529	0.17663	0.00788	0.00736
4	0.01822	0.07739	0.45739	0.02681	0.03801	0.02106	0.18808	0.02695	0.01850	0.02663	0.01559	0.01906	0.01136	0.00779	0.00846	0.00269	0.01285	0.00720	0.00379	0.01218
5	0.01037	0.00741	0.00987	0.01185	0.01234	0.00691	0.00790	0.01185	0.01629	0.02172	0.04690	0.69537	0.05629	0.02666	0.01086	0.00346	0.00494	0.02419	0.00790	0.00691
6	0.71307	0.06126	0.01459	0.01141	0.01681	0.02004	0.00956	0.02505	0.01467	0.03700	0.01185	0.01381	0.00933	0.00786	0.00528	0.00258	0.00675	0.00460	0.00516	0.00933
7	0.10037	0.60149	0.07061	0.01467	0.02199	0.03147	0.01481	0.02550	0.01703	0.02227	0.01200	0.01388	0.01073	0.00738	0.00557	0.00195	0.00900	0.00464	0.00381	0.01082
8	0.02226	0.01804	0.01928	0.01718	0.02210	0.02061	0.01341	0.04498	0.59336	0.07535	0.03457	0.03157	0.02566	0.01148	0.00865	0.00287	0.00677	0.00955	0.00878	0.01354
9	0.01174	0.00835	0.00910	0.00910	0.00988	0.00796	0.00551	0.01233	0.01429	0.01827	0.04299	0.06283	0.19802	0.51589	0.03426	0.00679	0.00718	0.01390	0.00590	0.00571
10	0.48042	0.02119	0.08951	0.01847	0.02533	0.02008	0.14636	0.05689	0.01743	0.03539	0.01385	0.01663	0.01047	0.00788	0.00679	0.00269	0.00908	0.00615	0.00505	0.01035
11	0.02106	0.02022	0.03454	0.05223	0.64784	0.02022	0.02612	0.02612	0.01938	0.02780	0.01601	0.02106	0.01348	0.00758	0.00842	0.00253	0.01011	0.00758	0.00421	0.01348
12	0.01037	0.00741	0.00987	0.01185	0.01234	0.00691	0.00790	0.01185	0.01629	0.02172	0.04690	0.69537	0.05629	0.02666	0.01086	0.00346	0.00494	0.02419	0.00790	0.00691
13	0.01238	0.00825	0.00928	0.00928	0.00928	0.00825	0.00516	0.01238	0.01238	0.01650	0.02681	0.05569	0.03094	0.70092	0.04331	0.00825	0.00825	0.01238	0.00516	0.00516
14	0.03235	0.02384	0.02554	0.01958	0.02639	0.02639	0.01618	0.61946	0.04001	0.05363	0.02043	0.02043	0.01447	0.01022	0.00851	0.00255	0.00936	0.00766	0.00851	0.01447
15	0.02270	0.01427	0.01755	0.01324	0.01991	0.01128	0.01056	0.02614	0.01939	0.20068	0.02302	0.08017	0.01878	0.00926	0.00733	0.00183	0.00644	0.00769	0.00681	0.48294
16	0.01765	0.01513	0.01765	0.01260	0.02017	0.01134	0.01008	0.02143	0.01765	0.02773	0.01513	0.01765	0.01260	0.00630	0.00630	0.00126	0.00630	0.00504	0.00504	0.75295
17	0.01761	0.03261	0.39770	0.02286	0.07040	0.01876	0.02427	0.02967	0.15929	0.02926	0.06355	0.02733	0.04934	0.01009	0.00846	0.00274	0.01013	0.00828	0.00537	0.01229
18	0.02444	0.01766	0.01910	0.01550	0.01961	0.01920	0.01181	0.37896	0.02906	0.03892	0.02296	0.03440	0.02100	0.28385	0.02230	0.00481	0.00892	0.00953	0.00718	0.01078
19	0.01037	0.00741	0.00987	0.01185	0.01234	0.00691	0.00790	0.01185	0.01629	0.02172	0.04690	0.69537	0.05629	0.02666	0.01086	0.00346	0.00494	0.02419	0.00790	0.00691
20	0.01146	0.01067	0.00962	0.00948	0.01245	0.04960	0.00711	0.01361	0.01970	0.02285	0.08151	0.07762	0.60365	0.02073	0.00990	0.00283	0.00502	0.01716	0.00768	0.00736
21	0.01693	0.00897	0.00908	0.00869	0.01099	0.00913	0.00661	0.05879	0.01929	0.03315	0.02729	0.03099	0.02134	0.00993	0.00612	0.00202	0.00432	0.00791	0.70011	0.00836
22	0.02925	0.02310	0.02381	0.01828	0.02509	0.06444	0.01492	0.45739	0.03434	0.04613	0.01886	0.01953	0.01386	0.00931	0.00800	0.00226	0.00911	0.00698	0.00753	0.16782
23	0.01037	0.00741	0.00987	0.01185	0.01234	0.00691	0.00790	0.01185	0.01629	0.02172	0.04690	0.69537	0.05629	0.02666	0.01086	0.00346	0.00494	0.02419	0.00790	0.00691
24	0.03149	0.02332	0.02508	0.01917	0.02602	0.02551	0.01582	0.58428	0.03870	0.05211	0.02012	0.02027	0.01436	0.00999	0.00838	0.00248	0.00918	0.00751	0.00831	0.05791
25	0.01114	0.00773	0.00965	0.01086	0.01116	0.00743	0.00684	0.01205	0.01478	0.01971	0.03916	0.44874	0.04651	0.28662	0.02337	0.00530	0.00621	0.01964	0.00684	0.00624
26	0.01707	0.04402	0.65683	0.02426	0.03683	0.01976	0.03144	0.02695	0.01797	0.02695	0.01527	0.01797	0.01078	0.00809	0.00809	0.00270	0.01258	0.00629	0.00359	0.01258
27	0.01817	0.15530	0.52494	0.02315	0.03464	0.02220	0.05568	0.02672	0.01795	0.02579	0.01478	0.01747	0.01090	0.00791	0.00773	0.00255	0.01207	0.00617	0.00363	0.01225
28	0.01335	0.00903	0.01190	0.01120	0.01342	0.00834	0.00857	0.01733	0.02384	0.06229	0.57994	0.06387	0.07571	0.01744	0.01007	0.00275	0.00439	0.04891	0.00933	0.00832
29	0.01607	0.01513	0.02552	0.68047	0.05861	0.01891	0.02363	0.02174	0.01702	0.02174	0.01513	0.02269	0.01134	0.00851	0.00851	0.00284	0.01134	0.00756	0.00378	0.00945
30	0.02055	0.01967	0.03332	0.05019	0.61794	0.01961	0.02519	0.02546	0.01938	0.02758	0.01931	0.02392	0.04312	0.00824	0.00850	0.00254	0.00984	0.00807	0.00439	0.01318
31	0.01992	0.01877	0.03169	0.07665	0.55134	0.01890	0.02427	0.02488	0.01959	0.02783	0.05803	0.02726	0.01932	0.00898	0.00868	0.00261	0.00967	0.03424	0.00469	0.01269
32	0.03397	0.02124	0.02393	0.01835	0.02510	0.02254	0.01516	0.45929	0.03567	0.21993	0.02407	0.02280	0.01630	0.01030	0.00853	0.00258	0.00878	0.00791	0.00907	0.01448
33	0.02005	0.01919	0.03272	0.17904	0.52890	0.01995	0.02562	0.02523	0.01890	0.02658	0.01583	0.02139	0.01305	0.00777	0.00844	0.00259	0.01036	0.00758	0.00413	0.01267
34	0.02212	0.05975	0.09426	0.02523	0.13534	0.01696	0.12355	0.02678	0.02011	0.17032	0.03435	0.03501	0.14586	0.01145	0.00972	0.00271	0.03844	0.01008	0.00634	0.01162
35	0.01707	0.04402	0.65683	0.02426	0.03683	0.01976	0.03144	0.02695	0.01797	0.02695	0.01527	0.01797	0.01078	0.00809	0.00809	0.00270	0.01258	0.00629	0.00359	0.01258
36	0.03121	0.08335	0.02543	0.02145	0.02602	0.62605	0.01632	0.03344	0.02368	0.02078	0.01307	0.01524	0.01096	0.00867	0.00753	0.00217	0.01495	0.00542	0.00434	0.00993
37	0.02106	0.02022	0.03454	0.05223	0.64784	0.02022	0.02612	0.02612	0.01938	0.02780	0.01601	0.02106	0.01348	0.00758	0.00842	0.00253	0.01011	0.00758	0.00421	0.01348
38	0.01223	0.00883	0.01224	0.01224	0.01326	0.00986	0.00885	0.01427	0.01325	0.01869	0.02411	0.04070	0.02443	0.27198	0.46336	0.01190	0.01804	0.01018	0.00475	0.00680
39	0.01006	0.00862	0.00862	0.00862	0.01149	0.00718	0.00647	0.01221	0.01940	0.02299	0.08621	0.08190	0.64438	0.02155	0.01006	0.00287	0.00431	0.01796	0.00790	0.00718
40	0.01030	0.00766	0.00961	0.01118	0.01217	0.00697	0.00760	0.01193	0.01694	0.02199	0.05508	0.56773	0.17865	0.02560	0.01069	0.00333	0.00481	0.02290	0.00790	0.00697
41	0.01575	0.00952	0.01256	0.01134	0.01399	0.00867	0.00867	0.01967	0.02413	0.12207	0.55680	0.05866	0.07189	0.01642	0.00983	0.00267	0.00447	0.01442	0.00953	0.00895
42	0.03194	0.03593	0.02451	0.02127	0.02633	0.48930	0.01637	0.19623	0.02852	0.02992	0.01517	0.01676	0.01193	0.00917	0.00791	0.00229	0.01369	0.00609	0.00553	0.01114
43	0.01006	0.00862	0.00862	0.00862	0.01149	0.00718	0.00647	0.01221	0.01940	0.02299	0.08621	0.08190	0.64438	0.02155	0.01006	0.00287	0.00431	0.01796	0.00790	0.00718
44	0.02009	0.02296	0.05022	0.03587	0.04448	0.02152	0.61693	0.02726	0.02009	0.02726	0.01722	0.02296	0.01291	0.00717	0.01004	0.00287	0.01435	0.01004	0.00430	0.01148
45	0.02851	0.28224	0.03155	0.01925	0.02469	0.43684	0.01576	0.03090	0.02164	0.02053	0.01267	0.01473	0.01095	0.00823	0.00687	0.00206	0.01308	0.00514	0.00411	0.01025
46	0.03035	0.02360	0.02436	0.01928	0.02563	0.05398	0.01571	0.49193	0.14399	0.04899	0.02262	0.02221	0.01635	0.01039	0.00850	0.00260	0.00917	0.00791	0.00836	0.01409
47	0.01707	0.04402	0.65683	0.02426	0.03683	0.01976	0.03144	0.02695	0.01797	0.02695	0.01527	0.01797	0.01078	0.00809	0.00809	0.00270	0.01258	0.00629	0.00359	0.01258
48	0.01238	0.00825	0.00928	0.00928	0.00928	0.00825	0.00516	0.01238	0.01238	0.01650	0.02681	0.05569	0.03094	0.70092	0.04331	0.00825	0.00825	0.01238	0.00516	0.00516
49	0.02014	0.40176	0.32599	0.01902	0.02873	0.02728	0.02232	0.02616	0.01760	0.02321	0.01341	0.01563	0.01086	0.00765	0.00667	0.00222	0.01070	0.00535	0.00362	0.01168
50	0.03235	0.02384	0.02554	0.01958	0.02639	0.02639	0.01618	0.61946	0.04001	0.05363	0.02043	0.02043	0.01447	0.01022	0.00851	0.00255	0.00936	0.00766	0.00851	0.01447
51	0.01094	0.00781	0.01053	0.01250	0.01324	0.00740	0.00889	0.01283	0.01685	0.02236	0.04659	0.59359	0.05504	0.02613	0.01101	0.00353	0.00543	0.12037	0.00789	0.00707
52	0.01872	0.01783	0.03032	0.34643	0.37190	0.01961	0.02495	0.02407	0.01827	0.02496	0.01559	0.02182	0.01248	0.00802	0.00846	0.00267	0.01069	0.00757	0.00401	0.01159
53	0.01037	0.00741	0.00987	0.01185	0.01234	0.00691	0.00790	0.01185	0.01629	0.02172	0.04690	0.69537	0.05629	0.02666	0.01086	0.00346	0.00494	0.02419	0.00790	0.00691
54	0.03179	0.04056	0.02412	0.02192	0.02631	0.66676	0.01644	0.03398	0.02412	0.02083	0.01315	0.01535	0.01096	0.00877	0.00767	0.00219	0.01535	0.00548	0.00438	0.00987
55	0.01607	0.01513	0.02552	0.68047	0.05861	0.01891	0.02363	0.02174	0.01702	0.02174	0.01513	0.02269	0.01134	0.00851	0.00851	0.00284	0.01134	0.00756	0.00378	0.00945
56	0.02275	0.70604	0.04459	0.01456	0.02184	0.03367	0.01456	0.02548	0.01729	0.02002	0.01183	0.01365	0.01092	0.00728	0.00546	0.00182	0.00910	0.00455	0.00364	0.01092
57	0.01006	0.00862	0.00862	0.00862	0.01149	0.00718	0.00647	0.01221	0.01940	0.02299	0.08621	0.08190	0.64438	0.02155	0.01006	0.00287	0.00431	0.01796	0.00790	0.00718
58	0.01478	0.00739	0.01109	0.01109	0.01109	0.00739	0.00739	0.01109	0.01109	0.01478	0.01478	0.02587	0.01478	0.02956	0.03326	0.75240	0.00739	0.00739	0.00370	0.00370
59	0.03179	0.04056	0.02412	0.02192	0.02631	0.66676	0.01644	0.03398	0.02412	0.02083	0.01315	0.01535	0.01096	0.00877	0.00767	0.00219	0.01535	0.00548	0.00438	0.00987
60	0.03179	0.04056	0.02412	0.02192	0.02631	0.66676	0.01644	0.03398	0.02412	0.02083	0.01315	0.01535	0.01096	0.00877	0.00767	0.00219	0.01535	0.00548	0.00438	0.00987
61	0.01963	0.34228	0.38100	0.01989	0.03008	0.02603	0.02384	0.02629	0.01766	0.02383	0.01372	0.01602	0.01084	0.00772	0.00690	0.00230	0.01101	0.00551	0.00361	0.01183
62	0.01399	0.01083	0.01318	0.01338	0.01586	0.01102	0.01056	0.02164	0.14796	0.02932	0.21828	0.14608	0.11686	0.01946	0.01033	0.00318	0.00579	0.17494	0.00846	0.00888
63	0.01085	0.00865	0.00973	0.00946	0.01198	0.00752	0.00709	0.01376	0.02128	0.02745	0.30957	0.07455	0.41823	0.01989	0.01005	0.00279	0.00419	0.01693	0.00849	0.00752
64	0.02009	0.02296	0.05022	0.03587	0.04448	0.02152	0.61693	0.02726	0.02009	0.02726	0.01722	0.02296	0.01291	0.00717	0.01004	0.00287	0.01435	0.01004	0.00430	0.01148
65	0.01949	0.22158	0.31747	0.02482	0.03482	0.02411	0.19055	0.02663	0.01837	0.02512	0.01486	0.01817	0.01142	0.00761	0.00791	0.00250	0.01211	0.00686	0.00381	0.01181
66	0.01006	0.00862	0.00862	0.00862	0.01149	0.00718	0.00647	0.01221	0.01940	0.02299	0.08621	0.08190	0.64438	0.02155	0.01006	0.00287	0.00431	0.01796	0.00790	0.00718
67	0.01008	0.00855	0.00869	0.00881	0.01154	0.00717	0.00655	0.01219	0.01921	0.02291	0.08389	0.11808	0.60970	0.02185	0.01011	0.00291	0.00435	0.01833	0.00790	0.00717
68	0.02106	0.02022	0.03454	0.05223	0.64784	0.02022	0.02612	0.02612	0.01938	0.02780	0.01601	0.02106	0.01348	0.00758	0.00842	0.00253	0.01011	0.00758	0.00421	0.01348
69	0.02498	0.43710	0.03593	0.01667	0.02307	0.14294	0.01489	0.08198	0.10234	0.02520	0.01586	0.01696	0.01324	0.00837	0.00655	0.00209	0.00991	0.00566	0.00487	0.01139
70	0.02225	0.01595	0.01732	0.01437	0.01774	0.01722	0.01060	0.31243	0.02603	0.03485	0.02366	0.03826	0.02280	0.35954	0.02611	0.00543	0.00880	0.01005	0.00682	0.00976
71	0.01238	0.00825	0.00928	0.00928	0.00928	0.00825	0.00516	0.01238	0.01238	0.01650	0.02681	0.05569	0.03094	0.70092	0.04331	0.00825	0.00825	0.01238	0.00516	0.00516
72	0.01006	0.00862	0.00862	0.00862	0.01149	0.00718	0.00647	0.01221	0.01940	0.02299	0.08621	0.08190	0.64438	0.02155	0.01006	0.00287	0.00431	0.01796	0.00790	0.00718
73	0.01193	0.00806	0.00941	0.00985	0.00996	0.00795	0.00576	0.01226	0.01324	0.01766	0.03126	0.19720	0.03655	0.55177	0.03614	0.00719	0.00752	0.01499	0.00576	0.00554
74	0.01478	0.00739	0.01109	0.01109	0.01109	0.00739	0.00739	0.01109	0.01109	0.01478	0.01478	0.02587	0.01478	0.02956	0.03326	0.75240	0.00739	0.00739	0.00370	0.00370
75	0.01239	0.01064	0.01827	0.01685	0.01903	0.00995	0.13462	0.01506	0.01708	0.02288	0.04073	0.55547	0.04726	0.02261	0.01069	0.00333	0.00690	0.02125	0.00715	0.00786
76	0.01607	0.01513	0.02552	0.68047	0.05861	0.01891	0.02363	0.02174	0.01702	0.02174	0.01513	0.02269	0.01134	0.00851	0.00851	0.00284	0.01134	0.00756	0.00378	0.00945
77	0.01679	0.19342	0.02532	0.01642	0.01900	0.02111	0.01397	0.01941	0.01443	0.02003	0.01657	0.02399	0.01565	0.03492	0.30965	0.00771	0.21113	0.00744	0.00408	0.00896
78	0.01707	0.04402	0.65683	0.02426	0.03683	0.01976	0.03144	0.02695	0.01797	0.02695	0.01527	0.01797	0.01078	0.00809	0.00809	0.00270	0.01258	0.00629	0.00359	0.01258
79	0.01814	0.01823	0.02178	0.01946	0.02050	0.10034	0.01574	0.02043	0.01462	0.02029	0.01521	0.02305	0.01445	0.03012	0.23429	0.00679	0.38593	0.00775	0.00408	0.00882
80	0.02212	0.63228	0.11281	0.01564	0.02351	0.03212	0.01644	0.02565	0.01737	0.02079	0.01221	0.01413	0.01091	0.00737	0.00575	0.00192	0.00949	0.00474	0.00364	0.01111
81	0.01967	0.02355	0.08042	0.07714	0.04499	0.02126	0.54768	0.02689	0.01978	0.02689	0.01698	0.02268	0.01270	0.00731	0.00984	0.00286	0.01406	0.00968	0.00423	0.01140
82	0.02215	0.63619	0.10919	0.01558	0.02342	0.03221	0.01634	0.02564	0.01736	0.02075	0.01219	0.01411	0.01091	0.00737	0.00574	0.00191	0.00947	0.00473	0.00364	0.01110
83	0.03818	0.01448	0.01975	0.01514	0.02172	0.01251	0.01251	0.04147	0.02436	0.65373	0.03357	0.02897	0.02107	0.01053	0.00856	0.00263	0.00724	0.00856	0.01053	0.01448

[dist]
# distance from previous block
# <min> <max>
0	8

[block]
# block no. 3 follows, 21 sequences, length 51
# corresponding to MSA columns:
# 349-399
name=unknown_D
#
# <colnr> <probs for GDERKNQSTAVLIFYWHMCP>
#	G	D	E	R	K	N	Q	S	T	A	V	L	I	F	Y	W	H	M	C	P
0	0.01154	0.00868	0.01067	0.01017	0.01240	0.00781	0.00763	0.01508	0.02289	0.03129	0.50129	0.06824	0.22412	0.01846	0.01004	0.00273	0.00409	0.01605	0.00899	0.00781
1	0.02228	0.02187	0.02151	0.01915	0.02284	0.12408	0.01507	0.03801	0.40040	0.02995	0.02609	0.02628	0.02036	0.01184	0.01274	0.00296	0.15719	0.00849	0.00690	0.01199
2	0.02358	0.02427	0.03150	0.07606	0.45966	0.15139	0.02351	0.05864	0.02130	0.02744	0.01562	0.01995	0.01291	0.00801	0.00828	0.00248	0.01119	0.00716	0.00445	0.01260
3	0.01037	0.00741	0.00987	0.01185	0.01234	0.00691	0.00790	0.01185	0.01629	0.02172	0.04690	0.69537	0.05629	0.02666	0.01086	0.00346	0.00494	0.02419	0.00790	0.00691
4	0.01765	0.01513	0.01765	0.01260	0.02017	0.01134	0.01008	0.02143	0.01765	0.02773	0.01513	0.01765	0.01260	0.00630	0.00630	0.00126	0.00630	0.00504	0.00504	0.75295
5	0.01519	0.01189	0.01621	0.01501	0.01616	0.01493	0.01202	0.01808	0.01453	0.02304	0.02031	0.02821	0.01815	0.03427	0.29205	0.00748	0.23206	0.00828	0.19389	0.00824
6	0.01013	0.00835	0.00890	0.00933	0.01168	0.00712	0.00678	0.01213	0.01872	0.02271	0.07757	0.21669	0.51517	0.02267	0.01023	0.00300	0.00445	0.01933	0.00790	0.00712
7	0.01586	0.00793	0.00793	0.00793	0.00991	0.00793	0.00595	0.01983	0.01785	0.03173	0.02776	0.03173	0.02181	0.00991	0.00595	0.00198	0.00397	0.00793	0.74817	0.00793
8	0.01940	0.01033	0.01373	0.01196	0.01525	0.00929	0.00929	0.02322	0.02416	0.20859	0.47165	0.05383	0.06362	0.01546	0.00962	0.00266	0.00492	0.01347	0.00970	0.00985
9	0.01037	0.00741	0.00987	0.01185	0.01234	0.00691	0.00790	0.01185	0.01629	0.02172	0.04690	0.69537	0.05629	0.02666	0.01086	0.00346	0.00494	0.02419	0.00790	0.00691
10	0.01586	0.00793	0.00793	0.00793	0.00991	0.00793	0.00595	0.01983	0.01785	0.03173	0.02776	0.03173	0.02181	0.00991	0.00595	0.00198	0.00397	0.00793	0.74817	0.00793
11	0.02106	0.02022	0.03454	0.05223	0.64784	0.02022	0.02612	0.02612	0.01938	0.02780	0.01601	0.02106	0.01348	0.00758	0.00842	0.00253	0.01011	0.00758	0.00421	0.01348
12	0.01607	0.01513	0.02552	0.68047	0.05861	0.01891	0.02363	0.02174	0.01702	0.02174	0.01513	0.02269	0.01134	0.00851	0.00851	0.00284	0.01134	0.00756	0.00378	0.00945
13	0.02117	0.01828	0.01924	0.01732	0.02213	0.02117	0.01347	0.04522	0.63246	0.03560	0.03464	0.03175	0.02598	0.01155	0.00866	0.00289	0.00673	0.00962	0.00866	0.01347
14	0.76103	0.01646	0.01251	0.01119	0.01646	0.01909	0.00922	0.02502	0.01448	0.03818	0.01185	0.01382	0.00922	0.00790	0.00527	0.00263	0.00658	0.00461	0.00527	0.00922
15	0.01607	0.01513	0.02552	0.68047	0.05861	0.01891	0.02363	0.02174	0.01702	0.02174	0.01513	0.02269	0.01134	0.00851	0.00851	0.00284	0.01134	0.00756	0.00378	0.00945
16	0.01960	0.01932	0.03510	0.04392	0.44103	0.01895	0.15380	0.02470	0.01917	0.02697	0.01988	0.10025	0.01836	0.00972	0.00907	0.00271	0.01044	0.01006	0.00466	0.01227
17	0.01028	0.00774	0.00953	0.01097	0.01211	0.00699	0.00751	0.01195	0.01714	0.02207	0.05767	0.52734	0.21736	0.02526	0.01064	0.00330	0.00477	0.02249	0.00790	0.00699
18	0.02106	0.02022	0.03454	0.05223	0.64784	0.02022	0.02612	0.02612	0.01938	0.02780	0.01601	0.02106	0.01348	0.00758	0.00842	0.00253	0.01011	0.00758	0.00421	0.01348
19	0.01182	0.00869	0.01106	0.01047	0.01258	0.00793	0.00785	0.01562	0.02356	0.03287	0.58041	0.06564	0.14402	0.01787	0.01004	0.00270	0.00405	0.01568	0.00920	0.00793
20	0.01478	0.00739	0.01109	0.01109	0.01109	0.00739	0.00739	0.01109	0.01109	0.01478	0.01478	0.02587	0.01478	0.02956	0.03326	0.75240	0.00739	0.00739	0.00370	0.00370
21	0.03187	0.03812	0.02432	0.02158	0.02632	0.57323	0.01640	0.11949	0.02644	0.02562	0.01422	0.01609	0.01147	0.00898	0.00780	0.00225	0.01447	0.00580	0.00499	0.01054
22	0.01611	0.01276	0.01357	0.01263	0.01638	0.01308	0.00968	0.02707	0.26522	0.06357	0.06064	0.08899	0.33244	0.01717	0.00945	0.00289	0.00548	0.01439	0.00835	0.01010
23	0.01997	0.01910	0.03256	0.19027	0.51838	0.01993	0.02557	0.02516	0.01886	0.02647	0.01581	0.02142	0.01301	0.00779	0.00844	0.00260	0.01038	0.00758	0.00412	0.01260
24	0.02754	0.03232	0.02310	0.02080	0.02478	0.42730	0.01594	0.03527	0.17793	0.02455	0.01840	0.01991	0.01481	0.01019	0.01029	0.00255	0.09142	0.00677	0.00540	0.01072
25	0.01238	0.00825	0.00928	0.00928	0.00928	0.00825	0.00516	0.01238	0.01238	0.01650	0.02681	0.05569	0.03094	0.70092	0.04331	0.00825	0.00825	0.01238	0.00516	0.00516
26	0.02079	0.16531	0.13756	0.02910	0.03781	0.05759	0.37672	0.02721	0.01942	0.02541	0.01562	0.01993	0.01209	0.00741	0.00870	0.00260	0.01308	0.00814	0.00407	0.01144
27	0.02275	0.70604	0.04459	0.01456	0.02184	0.03367	0.01456	0.02548	0.01729	0.02002	0.01183	0.01365	0.01092	0.00728	0.00546	0.00182	0.00910	0.00455	0.00364	0.01092
28	0.01765	0.01513	0.01765	0.01260	0.02017	0.01134	0.01008	0.02143	0.01765	0.02773	0.01513	0.01765	0.01260	0.00630	0.00630	0.00126	0.00630	0.00504	0.00504	0.75295
29	0.01018	0.00863	0.00878	0.00875	0.01157	0.00723	0.00656	0.01244	0.01968	0.02365	0.11934	0.08081	0.61084	0.02131	0.01006	0.00286	0.00429	0.01781	0.00799	0.00723
30	0.01586	0.00793	0.00793	0.00793	0.00991	0.00793	0.00595	0.01983	0.01785	0.03173	0.02776	0.03173	0.02181	0.00991	0.00595	0.00198	0.00397	0.00793	0.74817	0.00793
31	0.03818	0.01448	0.01975	0.01514	0.02172	0.01251	0.01251	0.04147	0.02436	0.65373	0.03357	0.02897	0.02107	0.01053	0.00856	0.00263	0.00724	0.00856	0.01053	0.01448
32	0.02009	0.02296	0.05022	0.03587	0.04448	0.02152	0.61693	0.02726	0.02009	0.02726	0.01722	0.02296	0.01291	0.00717	0.01004	0.00287	0.01435	0.01004	0.00430	0.01148
33	0.03235	0.02384	0.02554	0.01958	0.02639	0.02639	0.01618	0.61946	0.04001	0.05363	0.02043	0.02043	0.01447	0.01022	0.00851	0.00255	0.00936	0.00766	0.00851	0.01447
34	0.02009	0.02296	0.05022	0.03587	0.04448	0.02152	0.61693	0.02726	0.02009	0.02726	0.01722	0.02296	0.01291	0.00717	0.01004	0.00287	0.01435	0.01004	0.00430	0.01148
35	0.01037	0.00741	0.00987	0.01185	0.01234	0.00691	0.00790	0.01185	0.01629	0.02172	0.04690	0.69537	0.05629	0.02666	0.01086	0.00346	0.00494	0.02419	0.00790	0.00691
36	0.01216	0.00912	0.01368	0.01368	0.01520	0.01064	0.01064	0.01520	0.01368	0.01976	0.02279	0.03343	0.02127	0.06382	0.66720	0.01368	0.02279	0.00912	0.00456	0.00760
37	0.01707	0.04402	0.65683	0.02426	0.03683	0.01976	0.03144	0.02695	0.01797	0.02695	0.01527	0.01797	0.01078	0.00809	0.00809	0.00270	0.01258	0.00629	0.00359	0.01258
38	0.01186	0.00804	0.00943	0.00994	0.01006	0.00791	0.00586	0.01224	0.01337	0.01783	0.03194	0.21879	0.03740	0.52900	0.03504	0.00703	0.00741	0.01539	0.00586	0.00560
39	0.01006	0.00862	0.00862	0.00862	0.01149	0.00718	0.00647	0.01221	0.01940	0.02299	0.08621	0.08190	0.64438	0.02155	0.01006	0.00287	0.00431	0.01796	0.00790	0.00718
40	0.01707	0.04402	0.65683	0.02426	0.03683	0.01976	0.03144	0.02695	0.01797	0.02695	0.01527	0.01797	0.01078	0.00809	0.00809	0.00270	0.01258	0.00629	0.00359	0.01258
41	0.01912	0.01624	0.01736	0.01858	0.05075	0.10798	0.01462	0.02559	0.10502	0.06176	0.03688	0.06789	0.03693	0.01819	0.01039	0.00338	0.00886	0.36348	0.00742	0.00956
42	0.01520	0.00985	0.01303	0.01351	0.01608	0.00929	0.01131	0.01880	0.02093	0.08850	0.17084	0.08066	0.14646	0.02070	0.01083	0.00338	0.00645	0.32733	0.00842	0.00842
43	0.01653	0.07285	0.44537	0.02036	0.02990	0.01809	0.02437	0.02553	0.05400	0.02860	0.15269	0.02841	0.02676	0.01026	0.00839	0.00265	0.01019	0.00836	0.00514	0.01154
44	0.02103	0.01669	0.01780	0.01514	0.01997	0.01776	0.01196	0.22330	0.20244	0.03693	0.04374	0.08043	0.19165	0.01447	0.00901	0.00273	0.00682	0.01188	0.00818	0.04808
45	0.02060	0.01963	0.03282	0.10966	0.55676	0.02015	0.02517	0.02678	0.05381	0.02767	0.01698	0.02182	0.01398	0.00789	0.00845	0.00258	0.01004	0.00770	0.00442	0.01310
46	0.02836	0.02887	0.02291	0.01882	0.02477	0.30030	0.01474	0.21304	0.02741	0.03280	0.01592	0.01752	0.01247	0.00859	0.00759	0.00207	0.01118	0.00605	0.00584	0.20076
47	0.02588	0.03975	0.25652	0.02241	0.02997	0.35966	0.02179	0.06554	0.05344	0.02570	0.01543	0.01743	0.01185	0.00874	0.00792	0.00243	0.01355	0.00611	0.00455	0.01131
48	0.15885	0.02312	0.01992	0.04415	0.02321	0.18373	0.01354	0.18624	0.02609	0.06694	0.11772	0.02531	0.02337	0.01036	0.00787	0.00246	0.00937	0.00773	0.00677	0.04326
49	0.06125	0.24541	0.06666	0.13419	0.03046	0.25420	0.01770	0.02769	0.01937	0.02194	0.01305	0.01631	0.01093	0.00844	0.00793	0.00231	0.04229	0.00564	0.00401	0.01023
50	0.06571	0.02254	0.01838	0.01661	0.02033	0.26422	0.01275	0.02645	0.01961	0.10139	0.04516	0.02493	0.01835	0.02640	0.20397	0.03901	0.01476	0.00737	0.00547	0.04659

[dist]
# distance from previous block
# <min> <max>
53	125

[block]
# block no. 4 follows, 21 sequences, length 32
# corresponding to MSA columns:
# 533-564
name=unknown_E
#
# <colnr> <probs for GDERKNQSTAVLIFYWHMCP>
#	G	D	E	R	K	N	Q	S	T	A	V	L	I	F	Y	W	H	M	C	P
0	0.10198	0.14811	0.02765	0.06028	0.17382	0.02324	0.01695	0.06628	0.23569	0.03136	0.02155	0.02270	0.01689	0.00916	0.00762	0.00255	0.00837	0.00741	0.00601	0.01237
1	0.10133	0.05533	0.02059	0.02098	0.13686	0.05273	0.01382	0.02935	0.16346	0.10248	0.03845	0.03759	0.16797	0.01230	0.00834	0.00266	0.00744	0.01006	0.00698	0.01128
2	0.06437	0.07442	0.20339	0.02529	0.09965	0.17326	0.04373	0.09330	0.02132	0.02808	0.01466	0.01774	0.01158	0.00907	0.00998	0.00260	0.08501	0.00646	0.00453	0.01157
3	0.16474	0.01881	0.04607	0.05424	0.05709	0.08840	0.01433	0.02795	0.16372	0.02957	0.03237	0.04244	0.09025	0.01335	0.00858	0.00292	0.00831	0.12010	0.00653	0.01021
4	0.13489	0.09472	0.02481	0.12232	0.05574	0.09301	0.04898	0.03228	0.22198	0.02939	0.02068	0.02228	0.01602	0.00911	0.00763	0.00256	0.00920	0.00727	0.00578	0.04134
5	0.02122	0.32642	0.20741	0.02325	0.08223	0.06225	0.08544	0.02749	0.04595	0.02409	0.01480	0.01737	0.01200	0.00779	0.00719	0.00230	0.01094	0.00615	0.00402	0.01170
6	0.06438	0.02541	0.02663	0.02157	0.02675	0.24597	0.15798	0.09073	0.02407	0.02951	0.13751	0.03043	0.06015	0.01083	0.00878	0.00255	0.01123	0.00933	0.00600	0.01022
7	0.01898	0.01319	0.05006	0.01372	0.01754	0.01131	0.01107	0.02515	0.10857	0.16508	0.14237	0.24603	0.07543	0.01717	0.00950	0.00289	0.00600	0.01500	0.00847	0.04246
8	0.01741	0.02261	0.17952	0.03308	0.31026	0.01649	0.02205	0.02334	0.02043	0.02947	0.20199	0.03292	0.03265	0.01062	0.00882	0.00261	0.00890	0.00958	0.00559	0.01164
9	0.01995	0.07440	0.49744	0.02385	0.03511	0.01989	0.08393	0.02847	0.01882	0.09453	0.01725	0.01940	0.01210	0.00822	0.00818	0.00266	0.01198	0.00680	0.00442	0.01259
10	0.01216	0.00912	0.01368	0.01368	0.01520	0.01064	0.01064	0.01520	0.01368	0.01976	0.02279	0.03343	0.02127	0.06382	0.66720	0.01368	0.02279	0.00912	0.00456	0.00760
11	0.07730	0.03609	0.02365	0.02084	0.02571	0.51263	0.01595	0.13747	0.02634	0.02774	0.01437	0.01616	0.01148	0.00897	0.00767	0.00228	0.01374	0.00581	0.00517	0.01064
12	0.02101	0.01966	0.02955	0.03566	0.32001	0.02075	0.07939	0.03441	0.28194	0.03109	0.02410	0.02583	0.01877	0.00924	0.00869	0.00272	0.00909	0.00870	0.00613	0.01328
13	0.01006	0.00862	0.00862	0.00862	0.01149	0.00718	0.00647	0.01221	0.01940	0.02299	0.08621	0.08190	0.64438	0.02155	0.01006	0.00287	0.00431	0.01796	0.00790	0.00718
14	0.03179	0.04056	0.02412	0.02192	0.02631	0.66676	0.01644	0.03398	0.02412	0.02083	0.01315	0.01535	0.01096	0.00877	0.00767	0.00219	0.01535	0.00548	0.00438	0.00987
15	0.03179	0.04056	0.02412	0.02192	0.02631	0.66676	0.01644	0.03398	0.02412	0.02083	0.01315	0.01535	0.01096	0.00877	0.00767	0.00219	0.01535	0.00548	0.00438	0.00987
16	0.01707	0.04402	0.65683	0.02426	0.03683	0.01976	0.03144	0.02695	0.01797	0.02695	0.01527	0.01797	0.01078	0.00809	0.00809	0.00270	0.01258	0.00629	0.00359	0.01258
17	0.01037	0.00741	0.00987	0.01185	0.01234	0.00691	0.00790	0.01185	0.01629	0.02172	0.04690	0.69537	0.05629	0.02666	0.01086	0.00346	0.00494	0.02419	0.00790	0.00691
18	0.02707	0.01989	0.02178	0.01773	0.02302	0.02172	0.01419	0.47364	0.03432	0.04598	0.02678	0.18241	0.02451	0.01416	0.00908	0.00277	0.00830	0.01163	0.00837	0.01266
19	0.01752	0.04084	0.56523	0.02601	0.03799	0.02003	0.11985	0.02700	0.01829	0.02700	0.01557	0.01872	0.01110	0.00795	0.00838	0.00272	0.01284	0.00686	0.00370	0.01241
20	0.01037	0.00741	0.00987	0.01185	0.01234	0.00691	0.00790	0.01185	0.01629	0.02172	0.04690	0.69537	0.05629	0.02666	0.01086	0.00346	0.00494	0.02419	0.00790	0.00691
21	0.01862	0.01862	0.02607	0.02234	0.02234	0.02607	0.01862	0.02048	0.01303	0.02048	0.01117	0.01862	0.01117	0.01489	0.02793	0.00372	0.68535	0.00745	0.00372	0.00931
22	0.02052	0.01967	0.03357	0.12031	0.58399	0.02008	0.02585	0.02564	0.01912	0.02715	0.01591	0.02124	0.01325	0.00768	0.00843	0.00256	0.01024	0.00758	0.00417	0.01304
23	0.01110	0.00788	0.01012	0.01162	0.01229	0.00750	0.00793	0.01259	0.01604	0.02118	0.04468	0.47814	0.07829	0.15615	0.01718	0.00440	0.00586	0.08299	0.00736	0.00669
