[name]
unknown

[dist]
# distance from previous block
# <min> <max>
0	11

[block]
# block no. 0 follows, 22 sequences, length 26
# corresponding to MSA columns:
# 11-36
name=unknown_A
#
# <colnr> <probs for GDERKNQSTAVLIFYWHMCP>
#	G	D	E	R	K	N	Q	S	T	A	V	L	I	F	Y	W	H	M	C	P
0	0.30071	0.01204	0.01294	0.01363	0.01677	0.01302	0.01171	0.01996	0.01722	0.02960	0.03162	0.06311	0.03301	0.01714	0.00906	0.00335	0.00718	0.37306	0.00669	0.00816
1	0.18413	0.03634	0.38122	0.02038	0.02934	0.16298	0.02273	0.02740	0.01811	0.02740	0.01372	0.01609	0.01023	0.00800	0.00720	0.00251	0.01159	0.00561	0.00404	0.01098
2	0.01596	0.01196	0.01417	0.01275	0.01670	0.01123	0.01016	0.02301	0.13237	0.06675	0.17561	0.05373	0.14199	0.01505	0.00902	0.00261	0.00573	0.11229	0.00774	0.16117
3	0.08305	0.03135	0.02643	0.05816	0.06137	0.41588	0.08744	0.02941	0.02069	0.02272	0.01326	0.01671	0.01096	0.00884	0.00963	0.00245	0.08132	0.00621	0.00423	0.00988
4	0.06484	0.17754	0.23052	0.01667	0.02351	0.08417	0.01750	0.02341	0.01955	0.02699	0.20223	0.02928	0.03056	0.01047	0.00768	0.00239	0.00896	0.00821	0.00537	0.01014
5	0.01928	0.01081	0.01355	0.01191	0.01549	0.00985	0.00943	0.05305	0.02310	0.19949	0.29119	0.05677	0.18378	0.01610	0.00945	0.00271	0.00533	0.05007	0.00900	0.00965
6	0.02024	0.01523	0.01691	0.01519	0.01918	0.01645	0.01183	0.16895	0.23879	0.06453	0.03883	0.18376	0.09486	0.01573	0.00917	0.00290	0.00662	0.04149	0.00823	0.01112
7	0.02827	0.05481	0.02256	0.01699	0.02276	0.02125	0.01390	0.35938	0.11192	0.14244	0.05559	0.06717	0.02211	0.01139	0.00840	0.00257	0.00794	0.00909	0.00840	0.01306
8	0.01022	0.00761	0.00956	0.01107	0.01213	0.00695	0.00770	0.01193	0.01674	0.02167	0.05412	0.53476	0.18579	0.02477	0.01048	0.00327	0.00483	0.05184	0.00771	0.00685
9	0.01193	0.00867	0.01217	0.01217	0.01325	0.00974	0.00891	0.01408	0.01300	0.01841	0.02333	0.03860	0.02336	0.23964	0.50133	0.01190	0.01835	0.00977	0.00461	0.00676
10	0.02221	0.71304	0.04353	0.01421	0.02132	0.03287	0.01421	0.02488	0.01688	0.01955	0.01155	0.01333	0.01066	0.00711	0.00533	0.00178	0.00888	0.00444	0.00355	0.01066
11	0.01974	0.09588	0.24206	0.02008	0.02729	0.02042	0.05794	0.15552	0.02142	0.02972	0.01838	0.02456	0.01521	0.01896	0.12715	0.00454	0.04739	0.03755	0.00500	0.01119
12	0.01032	0.00731	0.00958	0.01131	0.01174	0.00688	0.00744	0.01162	0.01551	0.02068	0.04376	0.63570	0.05239	0.09643	0.01387	0.00386	0.00515	0.02243	0.00744	0.00657
13	0.01187	0.00890	0.01335	0.01335	0.01483	0.01038	0.01038	0.01483	0.01335	0.01928	0.02225	0.03264	0.02077	0.06231	0.67512	0.01335	0.02225	0.00890	0.00445	0.00742
14	0.01474	0.01110	0.01263	0.01228	0.01481	0.01100	0.00907	0.14706	0.02189	0.02841	0.05156	0.36702	0.22439	0.02102	0.00987	0.00301	0.00559	0.01826	0.00784	0.00845
15	0.01026	0.00755	0.00965	0.01127	0.01221	0.00695	0.00781	0.01194	0.01658	0.02162	0.05193	0.56675	0.15187	0.02504	0.01052	0.00331	0.00488	0.05530	0.00771	0.00684
16	0.01208	0.00805	0.00906	0.00906	0.00906	0.00805	0.00503	0.01208	0.01208	0.01611	0.02618	0.05436	0.03020	0.70804	0.04228	0.00805	0.00805	0.01208	0.00503	0.00503
17	0.02221	0.71304	0.04353	0.01421	0.02132	0.03287	0.01421	0.02488	0.01688	0.01955	0.01155	0.01333	0.01066	0.00711	0.00533	0.00178	0.00888	0.00444	0.00355	0.01066
18	0.02116	0.40700	0.18458	0.02280	0.12831	0.06396	0.01997	0.02578	0.01774	0.02239	0.01306	0.01557	0.01104	0.00742	0.00652	0.00211	0.01018	0.00537	0.00368	0.01138
19	0.01187	0.00890	0.01335	0.01335	0.01483	0.01038	0.01038	0.01483	0.01335	0.01928	0.02225	0.03264	0.02077	0.06231	0.67512	0.01335	0.02225	0.00890	0.00445	0.00742
20	0.01007	0.00843	0.00876	0.00868	0.01137	0.00712	0.00651	0.01240	0.01952	0.02383	0.15662	0.07767	0.57952	0.02052	0.00982	0.00278	0.00417	0.01721	0.00790	0.00712
21	0.01246	0.00867	0.01062	0.01019	0.01252	0.00773	0.00762	0.01556	0.02144	0.06425	0.39037	0.12624	0.24414	0.01867	0.00980	0.00274	0.00427	0.01621	0.00865	0.00784
22	0.02510	0.02886	0.02930	0.07448	0.29146	0.32554	0.05469	0.02889	0.02098	0.02358	0.01434	0.01815	0.01186	0.00797	0.00798	0.00235	0.01256	0.00658	0.00417	0.01117
23	0.02886	0.03513	0.02394	0.02136	0.02502	0.53198	0.01640	0.05976	0.02244	0.02183	0.01285	0.01577	0.01090	0.00965	0.01092	0.00241	0.13088	0.00578	0.00437	0.00976
24	0.02798	0.02522	0.02186	0.01815	0.02344	0.19683	0.01440	0.33355	0.09451	0.03880	0.02392	0.02418	0.05481	0.01040	0.00805	0.00242	0.00982	0.00775	0.05193	0.01199
25	0.02056	0.01974	0.03372	0.05099	0.65622	0.01974	0.02550	0.02550	0.01892	0.02714	0.01563	0.02056	0.01316	0.00740	0.00822	0.00247	0.00987	0.00740	0.00411	0.01316

[dist]
# distance from previous block
# <min> <max>
0	1

[block]
# block no. 1 follows, 22 sequences, length 25
# corresponding to MSA columns:
# 38-62
name=unknown_B
#
# <colnr> <probs for GDERKNQSTAVLIFYWHMCP>
#	G	D	E	R	K	N	Q	S	T	A	V	L	I	F	Y	W	H	M	C	P
0	0.19972	0.15142	0.03152	0.02234	0.05599	0.12373	0.16397	0.02586	0.01747	0.02603	0.01315	0.01681	0.01090	0.00843	0.00970	0.00255	0.09960	0.00641	0.00424	0.01015
1	0.01255	0.01016	0.01157	0.01015	0.01371	0.00842	0.00755	0.01515	0.01826	0.02480	0.14724	0.09690	0.26826	0.08877	0.01222	0.00291	0.00517	0.01327	0.00685	0.22609
2	0.02614	0.02535	0.02469	0.02214	0.06257	0.19855	0.01685	0.23573	0.02521	0.03177	0.01540	0.01877	0.01258	0.01318	0.04495	0.00323	0.19933	0.00691	0.00551	0.01116
3	0.02304	0.02817	0.17573	0.02128	0.05811	0.12217	0.01883	0.13006	0.26986	0.03292	0.02294	0.02303	0.01715	0.00964	0.00814	0.00260	0.00981	0.00759	0.00639	0.01255
4	0.01187	0.00890	0.01335	0.01335	0.01483	0.01038	0.01038	0.01483	0.01335	0.01928	0.02225	0.03264	0.02077	0.06231	0.67512	0.01335	0.02225	0.00890	0.00445	0.00742
5	0.01858	0.02827	0.27486	0.08417	0.20621	0.07468	0.02356	0.02495	0.01818	0.02584	0.01665	0.02076	0.01302	0.01039	0.03630	0.00293	0.01119	0.00683	0.09135	0.01130
6	0.03158	0.02327	0.02493	0.01911	0.02576	0.02576	0.01579	0.62852	0.03906	0.05236	0.01995	0.01995	0.01413	0.00997	0.00831	0.00249	0.00914	0.00748	0.00831	0.01413
7	0.01036	0.00813	0.00937	0.00972	0.01172	0.00714	0.00704	0.01273	0.01925	0.02472	0.20996	0.23645	0.36114	0.02136	0.01002	0.00291	0.00430	0.01850	0.00806	0.00714
8	0.01208	0.00805	0.00906	0.00906	0.00906	0.00805	0.00503	0.01208	0.01208	0.01611	0.02618	0.05436	0.03020	0.70804	0.04228	0.00805	0.00805	0.01208	0.00503	0.00503
9	0.01688	0.01560	0.02259	0.18787	0.17917	0.04423	0.01771	0.02071	0.01770	0.02461	0.11981	0.05967	0.02572	0.04141	0.01325	0.00301	0.12846	0.00947	0.04254	0.00957
10	0.02056	0.01974	0.03372	0.05099	0.65622	0.01974	0.02550	0.02550	0.01892	0.02714	0.01563	0.02056	0.01316	0.00740	0.00822	0.00247	0.00987	0.00740	0.00411	0.01316
11	0.02056	0.01974	0.03372	0.05099	0.65622	0.01974	0.02550	0.02550	0.01892	0.02714	0.01563	0.02056	0.01316	0.00740	0.00822	0.00247	0.00987	0.00740	0.00411	0.01316
12	0.01699	0.08200	0.62881	0.02313	0.03510	0.02008	0.02973	0.02623	0.01750	0.02591	0.01471	0.01729	0.01053	0.00785	0.00774	0.00258	0.01208	0.00604	0.00351	0.01218
13	0.01159	0.00793	0.00912	0.00945	0.00972	0.00776	0.00558	0.01198	0.01319	0.01741	0.03338	0.16851	0.07532	0.54467	0.03466	0.00690	0.00724	0.01444	0.00567	0.00546
14	0.01154	0.00865	0.01036	0.01055	0.01246	0.00811	0.00767	0.01552	0.05765	0.02727	0.27866	0.24449	0.20328	0.01984	0.00977	0.00286	0.00440	0.01739	0.04188	0.00765
15	0.01752	0.07098	0.51204	0.02549	0.03675	0.02029	0.14895	0.02630	0.01792	0.02605	0.01513	0.01831	0.01095	0.00768	0.00815	0.00262	0.01246	0.00679	0.00365	0.01199
16	0.01161	0.00786	0.00920	0.00966	0.00978	0.00774	0.00567	0.01196	0.01300	0.01733	0.03086	0.20934	0.03612	0.54500	0.03471	0.00694	0.00728	0.01484	0.00567	0.00544
17	0.01836	0.00977	0.01256	0.01163	0.01464	0.00865	0.00878	0.02103	0.02057	0.21109	0.19186	0.23511	0.16600	0.01835	0.00961	0.00285	0.00515	0.01597	0.00880	0.00921
18	0.02012	0.02062	0.06567	0.07993	0.56506	0.01969	0.02509	0.02617	0.04685	0.02714	0.01637	0.02095	0.01347	0.00765	0.00822	0.00251	0.00991	0.00742	0.00426	0.01292
19	0.01802	0.01902	0.01539	0.01506	0.01721	0.23840	0.01102	0.02003	0.01758	0.01990	0.02762	0.17608	0.05759	0.09847	0.20400	0.00626	0.01364	0.01161	0.00532	0.00778
20	0.01698	0.18057	0.02562	0.01711	0.01931	0.02207	0.01457	0.01939	0.01393	0.01964	0.01494	0.02196	0.01422	0.02910	0.24354	0.00651	0.30061	0.00715	0.00389	0.00889
21	0.27423	0.02350	0.17200	0.01633	0.02340	0.01911	0.01608	0.17761	0.02287	0.09308	0.07056	0.02150	0.01755	0.00934	0.00727	0.00257	0.00835	0.00687	0.00634	0.01143
22	0.07655	0.07258	0.02266	0.01886	0.02358	0.40145	0.01458	0.03511	0.17137	0.05731	0.01874	0.01931	0.01462	0.00916	0.00748	0.00233	0.01162	0.00637	0.00560	0.01073
23	0.19507	0.01431	0.01355	0.01231	0.01596	0.04505	0.00966	0.05227	0.10768	0.03032	0.11766	0.04566	0.24476	0.01450	0.00923	0.00272	0.04186	0.01134	0.00703	0.00905
24	0.02028	0.01469	0.02210	0.06824	0.25161	0.01474	0.01651	0.02611	0.08798	0.13811	0.05970	0.18830	0.02894	0.01332	0.00893	0.00277	0.00758	0.01205	0.00676	0.01129

[dist]
# distance from previous block
# <min> <max>
0	2

[block]
# block no. 2 follows, 22 sequences, length 103
# corresponding to MSA columns:
# 65-167
name=unknown_C
#
# <colnr> <probs for GDERKNQSTAVLIFYWHMCP>
#	G	D	E	R	K	N	Q	S	T	A	V	L	I	F	Y	W	H	M	C	P
0	0.01418	0.01159	0.01299	0.01193	0.01522	0.01162	0.00912	0.02344	0.20662	0.03048	0.28023	0.05528	0.21463	0.01581	0.00921	0.00265	0.00491	0.01349	0.00833	0.04828
1	0.02361	0.01889	0.02258	0.06069	0.08498	0.01866	0.01470	0.28239	0.02673	0.03758	0.01707	0.01902	0.01309	0.00805	0.00741	0.00199	0.00809	0.00641	0.00622	0.32184
2	0.02220	0.02237	0.02083	0.05964	0.05628	0.18333	0.01400	0.05778	0.15033	0.02780	0.01855	0.02013	0.01468	0.00821	0.00731	0.00201	0.00912	0.00636	0.00554	0.29353
3	0.01982	0.02501	0.16302	0.03946	0.42396	0.05915	0.02422	0.02527	0.01850	0.02602	0.01576	0.02100	0.01321	0.04053	0.00961	0.00268	0.01041	0.00710	0.00408	0.05117
4	0.01891	0.02669	0.22799	0.06502	0.35583	0.02011	0.05466	0.02514	0.01788	0.02599	0.01501	0.01957	0.01204	0.00820	0.00988	0.00265	0.07117	0.00711	0.00387	0.01228
5	0.01595	0.12845	0.04557	0.01285	0.01648	0.07208	0.01077	0.04489	0.02194	0.02865	0.34505	0.08753	0.10870	0.01488	0.00877	0.00250	0.00637	0.01250	0.00730	0.00877
6	0.01022	0.00843	0.00898	0.00884	0.01147	0.00719	0.00663	0.01271	0.01989	0.02471	0.20281	0.07621	0.53278	0.02019	0.00981	0.00277	0.00415	0.01701	0.00801	0.00719
7	0.02428	0.02267	0.02963	0.03821	0.40077	0.09495	0.02143	0.16638	0.06256	0.03265	0.01743	0.02044	0.01386	0.00836	0.00818	0.00246	0.01007	0.00731	0.00537	0.01298
8	0.03107	0.03858	0.02363	0.02126	0.02569	0.63456	0.01604	0.06999	0.02450	0.02231	0.01328	0.01529	0.01091	0.00865	0.00754	0.00216	0.01462	0.00548	0.00453	0.00991
9	0.02056	0.01974	0.03372	0.05099	0.65622	0.01974	0.02550	0.02550	0.01892	0.02714	0.01563	0.02056	0.01316	0.00740	0.00822	0.00247	0.00987	0.00740	0.00411	0.01316
10	0.02221	0.71304	0.04353	0.01421	0.02132	0.03287	0.01421	0.02488	0.01688	0.01955	0.01155	0.01333	0.01066	0.00711	0.00533	0.00178	0.00888	0.00444	0.00355	0.01066
11	0.01666	0.04297	0.66500	0.02368	0.03596	0.01929	0.03069	0.02631	0.01754	0.02631	0.01491	0.01754	0.01052	0.00789	0.00789	0.00263	0.01228	0.00614	0.00351	0.01228
12	0.00983	0.00836	0.00847	0.00856	0.01126	0.00700	0.00638	0.01191	0.01880	0.02238	0.08239	0.10869	0.62526	0.02127	0.00985	0.00283	0.00424	0.01781	0.00771	0.00700
13	0.00982	0.00842	0.00842	0.00842	0.01122	0.00701	0.00631	0.01192	0.01894	0.02244	0.08416	0.07995	0.65285	0.02104	0.00982	0.00281	0.00421	0.01753	0.00771	0.00701
14	0.02221	0.71304	0.04353	0.01421	0.02132	0.03287	0.01421	0.02488	0.01688	0.01955	0.01155	0.01333	0.01066	0.00711	0.00533	0.00178	0.00888	0.00444	0.00355	0.01066
15	0.01698	0.03779	0.53132	0.02329	0.03300	0.02058	0.02808	0.02499	0.01653	0.02499	0.01407	0.01767	0.01060	0.00928	0.01194	0.00284	0.15453	0.00638	0.00353	0.01161
16	0.01012	0.00723	0.00964	0.01157	0.01205	0.00675	0.00771	0.01157	0.01591	0.02121	0.04579	0.70262	0.05495	0.02603	0.01060	0.00337	0.00482	0.02362	0.00771	0.00675
17	0.00988	0.00817	0.00867	0.00908	0.01139	0.00696	0.00661	0.01185	0.01830	0.02218	0.07611	0.21053	0.52746	0.02209	0.00998	0.00292	0.00434	0.01881	0.00771	0.00696
18	0.01188	0.00886	0.01314	0.01314	0.01454	0.01027	0.01011	0.01470	0.01329	0.01912	0.02245	0.03373	0.02124	0.09483	0.64324	0.01308	0.02154	0.00906	0.00448	0.00730
19	0.03704	0.01452	0.01951	0.01496	0.02140	0.01277	0.01236	0.06498	0.02441	0.63658	0.03224	0.02793	0.02030	0.01027	0.00835	0.00257	0.00716	0.00832	0.01020	0.01414
20	0.01208	0.00805	0.00906	0.00906	0.00906	0.00805	0.00503	0.01208	0.01208	0.01611	0.02618	0.05436	0.03020	0.70804	0.04228	0.00805	0.00805	0.01208	0.00503	0.00503
21	0.02056	0.01974	0.03372	0.05099	0.65622	0.01974	0.02550	0.02550	0.01892	0.02714	0.01563	0.02056	0.01316	0.00740	0.00822	0.00247	0.00987	0.00740	0.00411	0.01316
22	0.01512	0.01358	0.01443	0.01454	0.01644	0.07062	0.01083	0.02148	0.14782	0.02417	0.03961	0.35535	0.08163	0.01976	0.01146	0.00316	0.07146	0.05271	0.00717	0.00864
23	0.01169	0.00833	0.01003	0.01068	0.01170	0.00800	0.00750	0.01321	0.01573	0.02045	0.06887	0.15923	0.14321	0.32379	0.02454	0.00540	0.00669	0.13811	0.00658	0.00627
24	0.55580	0.01551	0.01425	0.01204	0.01755	0.01678	0.00993	0.02907	0.01693	0.21791	0.01770	0.01777	0.01234	0.00845	0.00607	0.00257	0.00661	0.00561	0.00663	0.01048
25	0.02287	0.02048	0.03188	0.04431	0.52401	0.02100	0.02346	0.15196	0.02314	0.03243	0.01653	0.02043	0.01336	0.00794	0.00824	0.00247	0.00972	0.00742	0.00499	0.01336
26	0.01187	0.00890	0.01335	0.01335	0.01483	0.01038	0.01038	0.01483	0.01335	0.01928	0.02225	0.03264	0.02077	0.06231	0.67512	0.01335	0.02225	0.00890	0.00445	0.00742
27	0.01229	0.01049	0.01082	0.01038	0.01356	0.01005	0.00789	0.01918	0.15598	0.02566	0.09984	0.06834	0.48780	0.01870	0.00952	0.00280	0.00471	0.01562	0.00794	0.00840
28	0.03086	0.03046	0.02403	0.02006	0.02555	0.32061	0.01579	0.33257	0.05801	0.03703	0.01731	0.01817	0.01305	0.00939	0.00794	0.00235	0.01169	0.00659	0.00648	0.01204
29	0.12297	0.01775	0.02236	0.08722	0.15770	0.01944	0.01689	0.19325	0.08890	0.03536	0.02312	0.03362	0.02008	0.01140	0.00844	0.00279	0.00858	0.11215	0.00646	0.01152
30	0.08683	0.01470	0.01503	0.01258	0.01669	0.01592	0.01009	0.26446	0.02583	0.04010	0.02289	0.02503	0.01735	0.00963	0.00676	0.00221	0.00621	0.00736	0.38992	0.01042
31	0.02221	0.71304	0.04353	0.01421	0.02132	0.03287	0.01421	0.02488	0.01688	0.01955	0.01155	0.01333	0.01066	0.00711	0.00533	0.00178	0.00888	0.00444	0.00355	0.01066
32	0.01125	0.00839	0.01013	0.01098	0.01255	0.00781	0.00820	0.01335	0.01733	0.02213	0.08044	0.20864	0.24279	0.14376	0.01613	0.00410	0.00586	0.16207	0.00729	0.00680
33	0.01208	0.00805	0.00906	0.00906	0.00906	0.00805	0.00503	0.01208	0.01208	0.01611	0.02618	0.05436	0.03020	0.70804	0.04228	0.00805	0.00805	0.01208	0.00503	0.00503
34	0.03158	0.02327	0.02493	0.01911	0.02576	0.02576	0.01579	0.62852	0.03906	0.05236	0.01995	0.01995	0.01413	0.00997	0.00831	0.00249	0.00914	0.00748	0.00831	0.01413
35	0.02179	0.02396	0.07133	0.04515	0.52937	0.11163	0.02449	0.02662	0.01948	0.02613	0.01519	0.01959	0.01265	0.00759	0.00810	0.00243	0.01074	0.00704	0.00410	0.01261
36	0.03103	0.03959	0.02354	0.02140	0.02568	0.67469	0.01605	0.03317	0.02354	0.02033	0.01284	0.01498	0.01070	0.00856	0.00749	0.00214	0.01498	0.00535	0.00428	0.00963
37	0.01666	0.04297	0.66500	0.02368	0.03596	0.01929	0.03069	0.02631	0.01754	0.02631	0.01491	0.01754	0.01052	0.00789	0.00789	0.00263	0.01228	0.00614	0.00351	0.01228
38	0.01715	0.10229	0.60998	0.02284	0.03466	0.02050	0.02923	0.02618	0.01748	0.02571	0.01461	0.01717	0.01054	0.00782	0.00767	0.00256	0.01198	0.00599	0.00351	0.01213
39	0.01286	0.00873	0.01084	0.01035	0.01268	0.00782	0.00774	0.01602	0.02159	0.07286	0.40261	0.12986	0.21799	0.01848	0.00979	0.00274	0.00430	0.01608	0.00871	0.00795
40	0.02083	0.54627	0.19821	0.01657	0.02496	0.02949	0.01832	0.02523	0.01704	0.02123	0.01239	0.01437	0.01063	0.00730	0.00597	0.00199	0.00973	0.00486	0.00354	0.01106
41	0.02221	0.71304	0.04353	0.01421	0.02132	0.03287	0.01421	0.02488	0.01688	0.01955	0.01155	0.01333	0.01066	0.00711	0.00533	0.00178	0.00888	0.00444	0.00355	0.01066
42	0.00992	0.00842	0.00856	0.00852	0.01128	0.00706	0.00639	0.01212	0.01917	0.02301	0.11369	0.07902	0.62296	0.02083	0.00982	0.00280	0.00419	0.01740	0.00779	0.00706
43	0.02887	0.03493	0.02395	0.02133	0.02503	0.52376	0.01640	0.06774	0.02266	0.02225	0.01295	0.01583	0.01095	0.00967	0.01092	0.00242	0.13030	0.00581	0.00442	0.00982
44	0.02066	0.01785	0.01878	0.01691	0.02160	0.02066	0.01315	0.04414	0.64121	0.03475	0.03381	0.03099	0.02536	0.01127	0.00845	0.00282	0.00657	0.00939	0.00845	0.01315
45	0.05374	0.02101	0.03044	0.04346	0.51824	0.07739	0.02271	0.05144	0.01998	0.02786	0.01830	0.02226	0.04001	0.00821	0.00810	0.00246	0.00990	0.00753	0.00451	0.01245
46	0.01384	0.01033	0.01441	0.01380	0.01554	0.01215	0.01085	0.05355	0.01526	0.02241	0.02175	0.03070	0.01972	0.05111	0.52989	0.01100	0.06627	0.00860	0.07085	0.00798
47	0.01006	0.00748	0.00938	0.01091	0.01188	0.00680	0.00742	0.01164	0.01654	0.02147	0.05383	0.57204	0.18033	0.02498	0.01044	0.00325	0.00469	0.02234	0.00771	0.00680
48	0.02022	0.01939	0.03311	0.09512	0.61473	0.01965	0.02533	0.02520	0.01876	0.02673	0.01557	0.02067	0.01301	0.00746	0.00823	0.00249	0.00995	0.00740	0.00408	0.01289
49	0.01146	0.00791	0.00978	0.01036	0.01070	0.00796	0.00652	0.01228	0.01340	0.01805	0.03158	0.24691	0.03645	0.42023	0.11342	0.00732	0.00889	0.01515	0.00577	0.00585
50	0.01012	0.00723	0.00964	0.01157	0.01205	0.00675	0.00771	0.01157	0.01591	0.02121	0.04579	0.70262	0.05495	0.02603	0.01060	0.00337	0.00482	0.02362	0.00771	0.00675
51	0.01026	0.00729	0.00960	0.01139	0.01184	0.00684	0.00753	0.01160	0.01564	0.02085	0.04443	0.65772	0.05323	0.07327	0.01280	0.00370	0.00504	0.02282	0.00753	0.00663
52	0.00982	0.00842	0.00842	0.00842	0.01122	0.00701	0.00631	0.01192	0.01894	0.02244	0.08416	0.07995	0.65285	0.02104	0.00982	0.00281	0.00421	0.01753	0.00771	0.00701
53	0.01723	0.01477	0.01723	0.01230	0.01969	0.01107	0.00984	0.02092	0.01723	0.02707	0.01477	0.01723	0.01230	0.00615	0.00615	0.00123	0.00615	0.00492	0.00492	0.75883
54	0.01354	0.01106	0.01533	0.01440	0.01512	0.01364	0.01099	0.01544	0.01286	0.01864	0.02037	0.03458	0.02070	0.21801	0.34458	0.00948	0.19033	0.00931	0.00439	0.00723
55	0.00982	0.00842	0.00842	0.00842	0.01122	0.00701	0.00631	0.01192	0.01894	0.02244	0.08416	0.07995	0.65285	0.02104	0.00982	0.00281	0.00421	0.01753	0.00771	0.00701
56	0.01012	0.00723	0.00964	0.01157	0.01205	0.00675	0.00771	0.01157	0.01591	0.02121	0.04579	0.70262	0.05495	0.02603	0.01060	0.00337	0.00482	0.02362	0.00771	0.00675
57	0.76672	0.01607	0.01221	0.01092	0.01607	0.01864	0.00900	0.02442	0.01414	0.03727	0.01157	0.01350	0.00900	0.00771	0.00514	0.00257	0.00643	0.00450	0.00514	0.00900
58	0.02063	0.01519	0.01599	0.01380	0.01739	0.06937	0.01064	0.14608	0.05346	0.10349	0.25060	0.04341	0.07920	0.08144	0.03908	0.00352	0.00755	0.01128	0.00799	0.00989
59	0.01012	0.00723	0.00964	0.01157	0.01205	0.00675	0.00771	0.01157	0.01591	0.02121	0.04579	0.70262	0.05495	0.02603	0.01060	0.00337	0.00482	0.02362	0.00771	0.00675
60	0.01912	0.01175	0.01216	0.01085	0.01397	0.01251	0.00847	0.14033	0.08246	0.03550	0.02636	0.02883	0.02030	0.00989	0.00655	0.00213	0.00516	0.00785	0.53629	0.00951
61	0.01187	0.00890	0.01335	0.01335	0.01483	0.01038	0.01038	0.01483	0.01335	0.01928	0.02225	0.03264	0.02077	0.06231	0.67512	0.01335	0.02225	0.00890	0.00445	0.00742
62	0.01666	0.04297	0.66500	0.02368	0.03596	0.01929	0.03069	0.02631	0.01754	0.02631	0.01491	0.01754	0.01052	0.00789	0.00789	0.00263	0.01228	0.00614	0.00351	0.01228
63	0.02066	0.01785	0.01878	0.01691	0.02160	0.02066	0.01315	0.04414	0.64121	0.03475	0.03381	0.03099	0.02536	0.01127	0.00845	0.00282	0.00657	0.00939	0.00845	0.01315
64	0.01017	0.00818	0.00908	0.00938	0.01157	0.00708	0.00683	0.01241	0.01899	0.02382	0.16136	0.20784	0.44120	0.02148	0.00998	0.00290	0.00429	0.01843	0.00793	0.00708
65	0.03111	0.03735	0.02373	0.02109	0.02569	0.58546	0.01602	0.11504	0.02568	0.02474	0.01382	0.01566	0.01117	0.00875	0.00760	0.00219	0.01418	0.00564	0.00483	0.01025
66	0.01084	0.00874	0.00984	0.01038	0.01293	0.00774	0.00833	0.01343	0.01899	0.02313	0.07268	0.08388	0.48001	0.02158	0.01029	0.00310	0.00519	0.18401	0.00770	0.00719
67	0.02415	0.30981	0.14685	0.01986	0.02698	0.25536	0.06016	0.02817	0.01953	0.02151	0.01296	0.01528	0.01079	0.00775	0.00685	0.00213	0.01198	0.00543	0.00385	0.01062
68	0.00985	0.00831	0.00852	0.00869	0.01129	0.00699	0.00644	0.01189	0.01867	0.02233	0.08077	0.13494	0.60005	0.02148	0.00989	0.00286	0.00426	0.01807	0.00771	0.00699
69	0.01569	0.01477	0.02492	0.68808	0.05722	0.01846	0.02307	0.02123	0.01661	0.02123	0.01477	0.02215	0.01107	0.00831	0.00831	0.00277	0.01107	0.00738	0.00369	0.00923
70	0.01755	0.01280	0.01561	0.01400	0.01661	0.01418	0.01066	0.19155	0.02060	0.02822	0.02335	0.05947	0.02224	0.18851	0.31695	0.00866	0.01465	0.00976	0.00582	0.00881
71	0.02077	0.53877	0.20516	0.01668	0.02513	0.02934	0.01850	0.02525	0.01705	0.02130	0.01242	0.01442	0.01063	0.00731	0.00600	0.00200	0.00977	0.00488	0.00354	0.01108
72	0.01569	0.01477	0.02492	0.68808	0.05722	0.01846	0.02307	0.02123	0.01661	0.02123	0.01477	0.02215	0.01107	0.00831	0.00831	0.00277	0.01107	0.00738	0.00369	0.00923
73	0.01012	0.00723	0.00964	0.01157	0.01205	0.00675	0.00771	0.01157	0.01591	0.02121	0.04579	0.70262	0.05495	0.02603	0.01060	0.00337	0.00482	0.02362	0.00771	0.00675
74	0.02056	0.01974	0.03372	0.05099	0.65622	0.01974	0.02550	0.02550	0.01892	0.02714	0.01563	0.02056	0.01316	0.00740	0.00822	0.00247	0.00987	0.00740	0.00411	0.01316
75	0.02097	0.56338	0.18234	0.01633	0.02459	0.02984	0.01790	0.02520	0.01703	0.02106	0.01230	0.01427	0.01063	0.00728	0.00590	0.00197	0.00964	0.00482	0.00354	0.01102
76	0.03522	0.01744	0.02132	0.01635	0.02285	0.01711	0.01350	0.25300	0.02930	0.44166	0.02814	0.02527	0.01824	0.01017	0.00834	0.00254	0.00782	0.00804	0.00957	0.01413
77	0.01831	0.01736	0.02841	0.04206	0.52096	0.01707	0.02147	0.02265	0.01892	0.02616	0.03000	0.03302	0.14731	0.01026	0.00856	0.00254	0.00868	0.00953	0.00487	0.01187
78	0.01012	0.00723	0.00964	0.01157	0.01205	0.00675	0.00771	0.01157	0.01591	0.02121	0.04579	0.70262	0.05495	0.02603	0.01060	0.00337	0.00482	0.02362	0.00771	0.00675
79	0.01188	0.00884	0.01305	0.01305	0.01443	0.01022	0.01001	0.01464	0.01326	0.01906	0.02252	0.03414	0.02142	0.10704	0.63128	0.01298	0.02127	0.00912	0.00449	0.00725
80	0.01204	0.00823	0.00996	0.00996	0.01027	0.00854	0.00616	0.01266	0.01235	0.01677	0.02535	0.04981	0.02822	0.57263	0.17499	0.00916	0.01103	0.01141	0.00491	0.00553
81	0.15113	0.03052	0.02133	0.01889	0.02318	0.42262	0.01462	0.03141	0.02100	0.10348	0.01495	0.01671	0.01168	0.00920	0.00909	0.00241	0.07687	0.00577	0.00511	0.01004
82	0.01666	0.04297	0.66500	0.02368	0.03596	0.01929	0.03069	0.02631	0.01754	0.02631	0.01491	0.01754	0.01052	0.00789	0.00789	0.00263	0.01228	0.00614	0.00351	0.01228
83	0.01205	0.00817	0.00967	0.00967	0.00988	0.00838	0.00579	0.01247	0.01226	0.01656	0.02562	0.05128	0.02886	0.61637	0.13212	0.00881	0.01007	0.01163	0.00495	0.00537
84	0.01004	0.00807	0.00897	0.00950	0.01155	0.00699	0.00683	0.01208	0.01835	0.02283	0.11205	0.26428	0.43486	0.02224	0.01005	0.00296	0.00437	0.01917	0.00781	0.00699
85	0.02440	0.02441	0.02323	0.21869	0.03424	0.21358	0.01748	0.15010	0.15366	0.02997	0.01921	0.02145	0.01456	0.00933	0.00810	0.00254	0.01090	0.00722	0.00578	0.01114
86	0.01036	0.00799	0.00946	0.01004	0.01179	0.00710	0.00717	0.01262	0.01881	0.02437	0.19464	0.30878	0.30304	0.02201	0.01011	0.00298	0.00437	0.01926	0.00803	0.00710
87	0.01086	0.00850	0.00986	0.00965	0.01203	0.00750	0.00732	0.01387	0.02103	0.02750	0.34065	0.07242	0.36459	0.01928	0.00988	0.00276	0.00423	0.04230	0.00836	0.00742
88	0.03107	0.03846	0.02364	0.02124	0.02569	0.62974	0.01603	0.07441	0.02462	0.02255	0.01333	0.01533	0.01094	0.00866	0.00755	0.00216	0.01458	0.00550	0.00456	0.00994
89	0.01255	0.00994	0.01165	0.01204	0.01462	0.00964	0.00967	0.01807	0.09864	0.02577	0.11683	0.10319	0.29792	0.02024	0.01021	0.00314	0.00562	0.20428	0.00792	0.00807
90	0.01190	0.00876	0.01264	0.01264	0.01387	0.01000	0.00949	0.01438	0.01314	0.01876	0.02291	0.03626	0.02234	0.16995	0.56962	0.01247	0.01989	0.00943	0.00455	0.00702
91	0.02405	0.02680	0.02884	0.08244	0.34380	0.26708	0.02138	0.02781	0.02018	0.02379	0.01427	0.01844	0.01197	0.00827	0.00894	0.00243	0.04742	0.00662	0.00412	0.01134
92	0.00982	0.00842	0.00842	0.00842	0.01122	0.00701	0.00631	0.01192	0.01894	0.02244	0.08416	0.07995	0.65285	0.02104	0.00982	0.00281	0.00421	0.01753	0.00771	0.00701
93	0.01847	0.01106	0.01302	0.01151	0.01529	0.01023	0.00898	0.02396	0.10044	0.18615	0.18355	0.05705	0.29472	0.01626	0.00927	0.00271	0.00516	0.01368	0.00875	0.00975
94	0.01806	0.07620	0.08560	0.02399	0.08754	0.01800	0.18094	0.02294	0.01783	0.02564	0.04305	0.05293	0.01684	0.00886	0.00965	0.00231	0.06987	0.00806	0.00461	0.22708
95	0.01142	0.00877	0.01065	0.01102	0.01332	0.00800	0.00882	0.01455	0.02031	0.02629	0.23657	0.07879	0.31000	0.02042	0.01030	0.00305	0.00513	0.18705	0.00811	0.00744
96	0.02360	0.40955	0.15042	0.01787	0.02515	0.20426	0.01769	0.02738	0.01880	0.02098	0.01251	0.01454	0.01065	0.00764	0.00638	0.00203	0.01115	0.00499	0.00374	0.01067
97	0.02071	0.53155	0.21186	0.01678	0.02529	0.02919	0.01868	0.02526	0.01706	0.02138	0.01246	0.01447	0.01062	0.00732	0.00602	0.00201	0.00980	0.00490	0.00354	0.01110
98	0.01187	0.00890	0.01335	0.01335	0.01483	0.01038	0.01038	0.01483	0.01335	0.01928	0.02225	0.03264	0.02077	0.06231	0.67512	0.01335	0.02225	0.00890	0.00445	0.00742
99	0.01012	0.00723	0.00964	0.01157	0.01205	0.00675	0.00771	0.01157	0.01591	0.02121	0.04579	0.70262	0.05495	0.02603	0.01060	0.00337	0.00482	0.02362	0.00771	0.00675
100	0.01121	0.00808	0.01109	0.01186	0.01267	0.00851	0.00834	0.01303	0.01414	0.01947	0.03234	0.30336	0.03610	0.16613	0.29466	0.00841	0.01271	0.01534	0.00586	0.00671
101	0.02127	0.59949	0.14884	0.01582	0.02380	0.03057	0.01701	0.02512	0.01699	0.02069	0.01212	0.01404	0.01064	0.00724	0.00576	0.00192	0.00946	0.00473	0.00355	0.01093
102	0.01899	0.21112	0.34360	0.02644	0.12245	0.02307	0.09251	0.02585	0.01780	0.02471	0.01435	0.01743	0.01117	0.00752	0.00749	0.00240	0.01124	0.00629	0.00368	0.01186

[dist]
# distance from previous block
# <min> <max>
2	20

[block]
# block no. 3 follows, 22 sequences, length 29
# corresponding to MSA columns:
# 188-216
name=unknown_D
#
# <colnr> <probs for GDERKNQSTAVLIFYWHMCP>
#	G	D	E	R	K	N	Q	S	T	A	V	L	I	F	Y	W	H	M	C	P
0	0.02235	0.06448	0.02229	0.01758	0.02178	0.05784	0.01424	0.16691	0.25671	0.03365	0.05863	0.02830	0.05293	0.01192	0.01162	0.00277	0.12851	0.00875	0.00702	0.01172
1	0.02581	0.03390	0.08837	0.02278	0.02795	0.43378	0.09951	0.02939	0.02102	0.02165	0.01430	0.01792	0.01182	0.01324	0.06670	0.00332	0.04804	0.00643	0.00418	0.00988
2	0.02630	0.01359	0.04880	0.01405	0.01908	0.01083	0.01159	0.02936	0.02052	0.38084	0.03411	0.22785	0.02956	0.01448	0.00880	0.00269	0.00658	0.01248	0.00868	0.07981
3	0.01452	0.01053	0.01294	0.01327	0.01602	0.01040	0.01095	0.02057	0.10482	0.05842	0.11260	0.07522	0.19956	0.01964	0.01032	0.00325	0.00623	0.28411	0.00806	0.00859
4	0.02998	0.03791	0.02298	0.02096	0.02509	0.63830	0.01574	0.03217	0.02298	0.02027	0.01336	0.01595	0.01125	0.01151	0.04407	0.00275	0.01538	0.00554	0.00429	0.00951
5	0.01569	0.01477	0.02492	0.68808	0.05722	0.01846	0.02307	0.02123	0.01661	0.02123	0.01477	0.02215	0.01107	0.00831	0.00831	0.00277	0.01107	0.00738	0.00369	0.00923
6	0.01569	0.01477	0.02492	0.68808	0.05722	0.01846	0.02307	0.02123	0.01661	0.02123	0.01477	0.02215	0.01107	0.00831	0.00831	0.00277	0.01107	0.00738	0.00369	0.00923
7	0.03103	0.03959	0.02354	0.02140	0.02568	0.67469	0.01605	0.03317	0.02354	0.02033	0.01284	0.01498	0.01070	0.00856	0.00749	0.00214	0.01498	0.00535	0.00428	0.00963
8	0.01008	0.00843	0.00878	0.00869	0.01138	0.00713	0.00652	0.01244	0.01956	0.02393	0.16202	0.07750	0.57406	0.02048	0.00982	0.00278	0.00417	0.01719	0.00791	0.00713
9	0.02056	0.01974	0.03372	0.05099	0.65622	0.01974	0.02550	0.02550	0.01892	0.02714	0.01563	0.02056	0.01316	0.00740	0.00822	0.00247	0.00987	0.00740	0.00411	0.01316
10	0.01044	0.00844	0.00928	0.00907	0.01160	0.00728	0.00680	0.01313	0.02040	0.02593	0.26623	0.07421	0.46860	0.01974	0.00981	0.00274	0.00412	0.01673	0.00817	0.00728
11	0.02024	0.01942	0.03315	0.09234	0.61734	0.01966	0.02534	0.02522	0.01877	0.02676	0.01557	0.02066	0.01302	0.00746	0.00823	0.00249	0.00995	0.00740	0.00408	0.01290
12	0.01569	0.01477	0.02492	0.68808	0.05722	0.01846	0.02307	0.02123	0.01661	0.02123	0.01477	0.02215	0.01107	0.00831	0.00831	0.00277	0.01107	0.00738	0.00369	0.00923
13	0.03040	0.01367	0.01777	0.01432	0.01971	0.01265	0.01157	0.03663	0.11192	0.46154	0.14208	0.03462	0.03144	0.01160	0.00862	0.00261	0.00644	0.00968	0.00982	0.01289
14	0.02056	0.01974	0.03372	0.05099	0.65622	0.01974	0.02550	0.02550	0.01892	0.02714	0.01563	0.02056	0.01316	0.00740	0.00822	0.00247	0.00987	0.00740	0.00411	0.01316
15	0.02221	0.71304	0.04353	0.01421	0.02132	0.03287	0.01421	0.02488	0.01688	0.01955	0.01155	0.01333	0.01066	0.00711	0.00533	0.00178	0.00888	0.00444	0.00355	0.01066
16	0.01666	0.04297	0.66500	0.02368	0.03596	0.01929	0.03069	0.02631	0.01754	0.02631	0.01491	0.01754	0.01052	0.00789	0.00789	0.00263	0.01228	0.00614	0.00351	0.01228
17	0.01998	0.01936	0.03172	0.04394	0.50286	0.02112	0.02373	0.02417	0.01742	0.02541	0.01448	0.01998	0.01261	0.00913	0.01283	0.00275	0.17497	0.00737	0.00400	0.01217
18	0.01971	0.01873	0.03181	0.11331	0.56376	0.01910	0.02464	0.02465	0.01869	0.02643	0.01697	0.02440	0.01469	0.00828	0.00840	0.00257	0.00988	0.03726	0.00425	0.01249
19	0.01186	0.00845	0.01131	0.01142	0.01221	0.00919	0.00795	0.01348	0.01295	0.01803	0.02522	0.07856	0.02668	0.33686	0.36779	0.01054	0.01522	0.01107	0.00488	0.00636
20	0.01864	0.02916	0.25135	0.03129	0.04097	0.02045	0.43050	0.02651	0.01893	0.02651	0.01618	0.02081	0.01192	0.00730	0.00918	0.00275	0.01344	0.00860	0.00397	0.01156
21	0.01695	0.19369	0.24680	0.02045	0.02793	0.01987	0.12610	0.02245	0.01735	0.02348	0.02189	0.18299	0.02166	0.01193	0.00826	0.00263	0.00995	0.01060	0.00466	0.01036
22	0.01167	0.00869	0.01060	0.01152	0.01323	0.00819	0.00896	0.01399	0.01743	0.02207	0.05392	0.13630	0.24351	0.15331	0.01673	0.00426	0.00634	0.24523	0.00718	0.00686
23	0.01189	0.00882	0.01292	0.01292	0.01426	0.01015	0.00985	0.01456	0.01322	0.01897	0.02264	0.03480	0.02171	0.12647	0.61224	0.01282	0.02084	0.00922	0.00451	0.00718
24	0.02492	0.20062	0.11883	0.02004	0.02548	0.32805	0.01798	0.02819	0.01944	0.02093	0.01252	0.01542	0.01070	0.00902	0.01002	0.00235	0.11590	0.00553	0.00390	0.01017
25	0.01970	0.32910	0.36961	0.01953	0.02923	0.05561	0.02297	0.02602	0.01754	0.02314	0.01338	0.01562	0.01059	0.00759	0.00678	0.00224	0.01095	0.00538	0.00356	0.01146
26	0.01039	0.00837	0.00935	0.00996	0.01223	0.00733	0.00758	0.01262	0.01843	0.02257	0.07160	0.19172	0.46016	0.02219	0.01020	0.00305	0.00481	0.10266	0.00770	0.00706
27	0.01520	0.00948	0.01141	0.01080	0.01313	0.00880	0.00780	0.01846	0.05031	0.11478	0.19063	0.15065	0.18796	0.15413	0.01605	0.00384	0.00551	0.01504	0.00792	0.00810
28	0.02001	0.02006	0.03685	0.08848	0.46920	0.01996	0.17052	0.02549	0.01893	0.02663	0.01586	0.02111	0.01289	0.00736	0.00861	0.00257	0.01095	0.00798	0.00411	0.01243

[dist]
# distance from previous block
# <min> <max>
11	27

[block]
# block no. 4 follows, 22 sequences, length 42
# corresponding to MSA columns:
# 244-285
name=unknown_E
#
# <colnr> <probs for GDERKNQSTAVLIFYWHMCP>
#	G	D	E	R	K	N	Q	S	T	A	V	L	I	F	Y	W	H	M	C	P
0	0.02268	0.46660	0.03567	0.01603	0.02140	0.13424	0.01455	0.02522	0.01742	0.02042	0.01260	0.01532	0.01134	0.00851	0.00871	0.00210	0.10320	0.00517	0.04871	0.01010
1	0.01459	0.12050	0.01802	0.01335	0.01629	0.01469	0.01111	0.01943	0.07844	0.02454	0.12066	0.08551	0.16962	0.02094	0.06638	0.00379	0.06118	0.12568	0.00672	0.00859
2	0.02123	0.34843	0.20673	0.01769	0.02574	0.02641	0.01865	0.08054	0.12937	0.02689	0.01712	0.01817	0.01352	0.00830	0.00684	0.00225	0.00942	0.00604	0.00482	0.01184
3	0.01985	0.44101	0.21521	0.01614	0.02410	0.02609	0.01790	0.02464	0.01713	0.02279	0.01432	0.01658	0.01186	0.00763	0.00611	0.00204	0.00926	0.00531	0.09125	0.01078
4	0.01731	0.12127	0.59238	0.02257	0.03425	0.02088	0.02877	0.02614	0.01746	0.02552	0.01452	0.01705	0.01054	0.00780	0.00759	0.00253	0.01188	0.00594	0.00351	0.01209
5	0.01981	0.18477	0.32814	0.02408	0.03363	0.07899	0.16641	0.02666	0.01840	0.02438	0.01444	0.01755	0.01106	0.00757	0.00775	0.00244	0.01217	0.00656	0.00375	0.01144
6	0.01392	0.01317	0.01310	0.01311	0.01506	0.10539	0.00979	0.01614	0.01688	0.02075	0.04231	0.19992	0.19338	0.03335	0.22278	0.00624	0.03710	0.01407	0.00602	0.00754
7	0.01569	0.01477	0.02492	0.68808	0.05722	0.01846	0.02307	0.02123	0.01661	0.02123	0.01477	0.02215	0.01107	0.00831	0.00831	0.00277	0.01107	0.00738	0.00369	0.00923
8	0.01750	0.03795	0.52867	0.02958	0.16991	0.01939	0.02957	0.02613	0.01784	0.02649	0.01506	0.01819	0.01109	0.00779	0.00796	0.00260	0.01176	0.00641	0.00364	0.01247
9	0.01240	0.00893	0.01217	0.01377	0.01543	0.00871	0.01139	0.01566	0.01884	0.02474	0.10023	0.21623	0.08060	0.02297	0.01107	0.00358	0.00657	0.40148	0.00780	0.00745
10	0.01330	0.00960	0.01350	0.01317	0.01499	0.01101	0.01028	0.04975	0.01516	0.02219	0.02256	0.03177	0.02044	0.05463	0.57749	0.01171	0.01986	0.00872	0.07203	0.00782
11	0.01002	0.00762	0.00923	0.01052	0.01177	0.00684	0.00725	0.01169	0.01691	0.02162	0.05856	0.49539	0.25394	0.02437	0.01034	0.00318	0.00462	0.02159	0.00771	0.00684
12	0.03158	0.02327	0.02493	0.01911	0.02576	0.02576	0.01579	0.62852	0.03906	0.05236	0.01995	0.01995	0.01413	0.00997	0.00831	0.00249	0.00914	0.00748	0.00831	0.01413
13	0.01006	0.00747	0.00939	0.01093	0.01188	0.00680	0.00743	0.01164	0.01652	0.02146	0.05351	0.57722	0.17536	0.02502	0.01045	0.00326	0.00470	0.02239	0.00771	0.00680
14	0.00982	0.00842	0.00842	0.00842	0.01122	0.00701	0.00631	0.01192	0.01894	0.02244	0.08416	0.07995	0.65285	0.02104	0.00982	0.00281	0.00421	0.01753	0.00771	0.00701
15	0.02039	0.02021	0.03640	0.04819	0.54871	0.01996	0.13085	0.02569	0.01904	0.02705	0.01583	0.02089	0.01306	0.00733	0.00850	0.00253	0.01059	0.00782	0.00413	0.01282
16	0.01522	0.01068	0.01369	0.01277	0.01409	0.01291	0.01013	0.01834	0.01517	0.02514	0.02174	0.02817	0.01853	0.02466	0.18618	0.00535	0.18290	0.00793	0.36842	0.00800
17	0.02056	0.01974	0.03372	0.05099	0.65622	0.01974	0.02550	0.02550	0.01892	0.02714	0.01563	0.02056	0.01316	0.00740	0.00822	0.00247	0.00987	0.00740	0.00411	0.01316
18	0.01401	0.00768	0.00828	0.00867	0.01008	0.00758	0.00610	0.01694	0.01649	0.02727	0.03076	0.16897	0.02911	0.09458	0.01104	0.00294	0.00455	0.01145	0.51629	0.00723
19	0.01052	0.00828	0.00962	0.01050	0.01249	0.00738	0.00794	0.01274	0.01811	0.02251	0.06633	0.25854	0.37869	0.02278	0.01033	0.00314	0.00498	0.12036	0.00770	0.00705
20	0.01961	0.02241	0.04902	0.03501	0.04342	0.02101	0.62605	0.02661	0.01961	0.02661	0.01681	0.02241	0.01261	0.00700	0.00980	0.00280	0.01401	0.00980	0.00420	0.01120
21	0.02066	0.01785	0.01878	0.01691	0.02160	0.02066	0.01315	0.04414	0.64121	0.03475	0.03381	0.03099	0.02536	0.01127	0.00845	0.00282	0.00657	0.00939	0.00845	0.01315
22	0.01012	0.00723	0.00964	0.01157	0.01205	0.00675	0.00771	0.01157	0.01591	0.02121	0.04579	0.70262	0.05495	0.02603	0.01060	0.00337	0.00482	0.02362	0.00771	0.00675
23	0.03103	0.03959	0.02354	0.02140	0.02568	0.67469	0.01605	0.03317	0.02354	0.02033	0.01284	0.01498	0.01070	0.00856	0.00749	0.00214	0.01498	0.00535	0.00428	0.00963
24	0.01607	0.01313	0.01498	0.01484	0.01817	0.01416	0.01205	0.02853	0.30169	0.02894	0.04632	0.06284	0.14233	0.01731	0.00982	0.00319	0.00657	0.23101	0.00803	0.01004
25	0.01053	0.00848	0.00948	0.00988	0.01227	0.00743	0.00760	0.01299	0.01909	0.02362	0.12364	0.13572	0.46176	0.02141	0.01013	0.00299	0.00474	0.10324	0.00783	0.00715
26	0.02221	0.71304	0.04353	0.01421	0.02132	0.03287	0.01421	0.02488	0.01688	0.01955	0.01155	0.01333	0.01066	0.00711	0.00533	0.00178	0.00888	0.00444	0.00355	0.01066
27	0.01012	0.00723	0.00964	0.01157	0.01205	0.00675	0.00771	0.01157	0.01591	0.02121	0.04579	0.70262	0.05495	0.02603	0.01060	0.00337	0.00482	0.02362	0.00771	0.00675
28	0.01055	0.00859	0.00948	0.00995	0.01247	0.00751	0.00780	0.01297	0.01883	0.02287	0.07424	0.11240	0.50250	0.02166	0.01019	0.00304	0.00493	0.13519	0.00770	0.00713
29	0.02134	0.56298	0.03963	0.01585	0.02143	0.03127	0.01507	0.02382	0.01598	0.01964	0.01141	0.01437	0.01071	0.00871	0.01007	0.00218	0.15659	0.00505	0.00357	0.01032
30	0.02001	0.01728	0.01816	0.01640	0.02098	0.01984	0.01274	0.04221	0.60389	0.03401	0.03683	0.03393	0.06300	0.01186	0.00853	0.00282	0.00643	0.00988	0.00841	0.01278
31	0.01666	0.04297	0.66500	0.02368	0.03596	0.01929	0.03069	0.02631	0.01754	0.02631	0.01491	0.01754	0.01052	0.00789	0.00789	0.00263	0.01228	0.00614	0.00351	0.01228
32	0.01062	0.00771	0.01014	0.01190	0.01281	0.00723	0.00851	0.01251	0.01669	0.02191	0.04883	0.55002	0.10568	0.02510	0.01068	0.00340	0.00522	0.11644	0.00770	0.00692
33	0.01641	0.02208	0.17288	0.05190	0.03092	0.01554	0.20656	0.02223	0.01808	0.02585	0.04870	0.12860	0.02157	0.01051	0.00864	0.00250	0.00990	0.01021	0.00495	0.17197
34	0.01124	0.00816	0.01027	0.01032	0.01182	0.00754	0.00732	0.01398	0.02006	0.02755	0.38848	0.20136	0.12777	0.10012	0.01377	0.00343	0.00463	0.01680	0.00821	0.00719
35	0.01012	0.00723	0.00964	0.01157	0.01205	0.00675	0.00771	0.01157	0.01591	0.02121	0.04579	0.70262	0.05495	0.02603	0.01060	0.00337	0.00482	0.02362	0.00771	0.00675
36	0.01750	0.03795	0.52867	0.02958	0.16991	0.01939	0.02957	0.02613	0.01784	0.02649	0.01506	0.01819	0.01109	0.00779	0.00796	0.00260	0.01176	0.00641	0.00364	0.01247
37	0.01297	0.00943	0.01281	0.01449	0.01651	0.00926	0.01256	0.01659	0.01910	0.02458	0.04868	0.09210	0.11851	0.02273	0.01128	0.00371	0.00725	0.53221	0.00766	0.00758
38	0.01569	0.01477	0.02492	0.68808	0.05722	0.01846	0.02307	0.02123	0.01661	0.02123	0.01477	0.02215	0.01107	0.00831	0.00831	0.00277	0.01107	0.00738	0.00369	0.00923
39	0.02909	0.07507	0.02418	0.02002	0.02469	0.47876	0.01547	0.11429	0.05952	0.02545	0.01536	0.01730	0.01247	0.01136	0.03911	0.00274	0.01368	0.00598	0.00503	0.01040
40	0.02142	0.17045	0.03044	0.21069	0.19014	0.09917	0.01968	0.06059	0.07298	0.02514	0.01599	0.01965	0.01286	0.00820	0.00756	0.00239	0.01026	0.00669	0.00450	0.01118
41	0.01819	0.03170	0.35192	0.03141	0.16977	0.02034	0.13489	0.02553	0.01771	0.02589	0.01499	0.01913	0.01151	0.00832	0.01032	0.00273	0.08277	0.00719	0.00378	0.01194

[dist]
# distance from previous block
# <min> <max>
10	52

[block]
# block no. 5 follows, 22 sequences, length 64
# corresponding to MSA columns:
# 338-401
name=unknown_F
#
# <colnr> <probs for GDERKNQSTAVLIFYWHMCP>
#	G	D	E	R	K	N	Q	S	T	A	V	L	I	F	Y	W	H	M	C	P
0	0.10237	0.11456	0.12887	0.02130	0.05248	0.27805	0.04160	0.06116	0.04471	0.02574	0.01425	0.01661	0.01143	0.00857	0.00826	0.00238	0.04659	0.00591	0.00449	0.01067
1	0.01857	0.12738	0.02519	0.02301	0.14920	0.08169	0.01561	0.02246	0.04953	0.02347	0.06805	0.05748	0.12110	0.01282	0.01251	0.00271	0.16451	0.00956	0.00520	0.00992
2	0.01962	0.01849	0.02588	0.02985	0.28018	0.04938	0.05085	0.04846	0.01937	0.02753	0.01905	0.02222	0.04690	0.00779	0.00755	0.00200	0.00857	0.00700	0.00481	0.30448
3	0.02728	0.06328	0.02515	0.02543	0.15231	0.33688	0.01686	0.03197	0.07331	0.10051	0.01803	0.01996	0.01418	0.01167	0.04484	0.00292	0.01237	0.00662	0.00529	0.01112
4	0.25391	0.18240	0.15217	0.01702	0.02378	0.19877	0.01638	0.02726	0.01796	0.02659	0.01257	0.01466	0.01013	0.00784	0.00636	0.00229	0.01044	0.00504	0.00423	0.01019
5	0.19139	0.01640	0.01974	0.01639	0.02108	0.04295	0.08384	0.11734	0.05538	0.08498	0.05654	0.06215	0.05415	0.01951	0.11753	0.00441	0.01042	0.00914	0.00646	0.01020
6	0.01383	0.01182	0.01308	0.01344	0.04679	0.03948	0.00938	0.02004	0.12032	0.02809	0.26583	0.09335	0.23022	0.04428	0.01074	0.00293	0.00543	0.01441	0.00790	0.00863
7	0.01899	0.01813	0.03088	0.25652	0.46298	0.01933	0.02471	0.02412	0.01817	0.02523	0.01535	0.02107	0.01249	0.00769	0.00825	0.00256	0.01026	0.00740	0.00398	0.01189
8	0.02056	0.01974	0.03372	0.05099	0.65622	0.01974	0.02550	0.02550	0.01892	0.02714	0.01563	0.02056	0.01316	0.00740	0.00822	0.00247	0.00987	0.00740	0.00411	0.01316
9	0.01723	0.01477	0.01723	0.01230	0.01969	0.01107	0.00984	0.02092	0.01723	0.02707	0.01477	0.01723	0.01230	0.00615	0.00615	0.00123	0.00615	0.00492	0.00492	0.75883
10	0.01388	0.00748	0.01088	0.01075	0.01115	0.00734	0.00734	0.01182	0.01342	0.01829	0.14484	0.03278	0.02752	0.02643	0.02783	0.60368	0.00654	0.00881	0.00474	0.00447
