[name]
unknown

[dist]
# distance from previous block
# <min> <max>
0	31

[block]
# block no. 0 follows, 21 sequences, length 12
# corresponding to MSA columns:
# 31-42
name=unknown_A
#
# <colnr> <probs for GDERKNQSTAVLIFYWHMCP>
#	G	D	E	R	K	N	Q	S	T	A	V	L	I	F	Y	W	H	M	C	P
0	0.01574	0.01071	0.01384	0.01408	0.01661	0.01070	0.01140	0.02201	0.10174	0.07677	0.20326	0.14270	0.05303	0.01966	0.01054	0.00330	0.00629	0.25001	0.00857	0.00903
1	0.02600	0.01966	0.02089	0.01671	0.02239	0.02126	0.01357	0.42583	0.08027	0.04470	0.03773	0.03645	0.17063	0.01311	0.00891	0.00266	0.00792	0.01035	0.00837	0.01260
2	0.01729	0.01340	0.01423	0.01253	0.01640	0.01336	0.00977	0.20833	0.02570	0.03274	0.06044	0.13268	0.37319	0.01848	0.00965	0.00284	0.00602	0.01535	0.00810	0.00951
3	0.02253	0.01615	0.01752	0.01485	0.01954	0.01706	0.01177	0.23297	0.14711	0.08546	0.04301	0.08875	0.17803	0.01452	0.00896	0.00274	0.00680	0.01191	0.04877	0.01155
4	0.01600	0.01146	0.01243	0.01126	0.01391	0.01162	0.00829	0.13282	0.02091	0.02818	0.04455	0.05227	0.22388	0.20307	0.07033	0.00499	0.00778	0.01240	0.10564	0.00821
5	0.01110	0.00792	0.01000	0.01090	0.01177	0.00743	0.00730	0.01287	0.01738	0.02342	0.17229	0.39654	0.09358	0.15685	0.01701	0.00420	0.00535	0.01960	0.00767	0.00682
6	0.10841	0.01056	0.01236	0.01195	0.01417	0.01091	0.00885	0.06261	0.02010	0.03011	0.25111	0.20031	0.04963	0.07879	0.08788	0.00457	0.00748	0.01455	0.00753	0.00813
7	0.01170	0.00832	0.01048	0.01072	0.01172	0.00815	0.00727	0.01358	0.01688	0.02305	0.19639	0.19255	0.08481	0.25604	0.10492	0.00613	0.00804	0.01560	0.00694	0.00672
8	0.01305	0.00803	0.01011	0.01027	0.01061	0.00814	0.00653	0.01283	0.01290	0.01793	0.02512	0.09635	0.02735	0.36557	0.09633	0.19378	0.00887	0.01145	0.05941	0.00538
9	0.35378	0.01474	0.01508	0.06435	0.02036	0.01627	0.01108	0.02767	0.10718	0.10654	0.15220	0.02943	0.02829	0.01080	0.00740	0.00269	0.00650	0.00831	0.00712	0.01020
10	0.02120	0.02096	0.03314	0.09694	0.48385	0.05546	0.06182	0.02765	0.06379	0.02747	0.01720	0.02177	0.01404	0.00798	0.00851	0.00258	0.01052	0.00777	0.00451	0.01284
11	0.07854	0.02724	0.10768	0.07931	0.24895	0.14811	0.02171	0.13269	0.02326	0.03123	0.01577	0.01902	0.01235	0.00844	0.00802	0.00252	0.01115	0.00680	0.00498	0.01223

[dist]
# distance from previous block
# <min> <max>
1	6

[block]
# block no. 1 follows, 21 sequences, length 21
# corresponding to MSA columns:
# 49-69
name=unknown_B
#
# <colnr> <probs for GDERKNQSTAVLIFYWHMCP>
#	G	D	E	R	K	N	Q	S	T	A	V	L	I	F	Y	W	H	M	C	P
0	0.02293	0.02274	0.02794	0.09959	0.35080	0.15150	0.02097	0.06551	0.02130	0.02793	0.01696	0.02121	0.01376	0.00835	0.00801	0.00243	0.01056	0.00719	0.08853	0.01179
1	0.02927	0.02125	0.02270	0.02288	0.12859	0.14913	0.01551	0.09039	0.06163	0.24884	0.09754	0.02828	0.02439	0.01051	0.00853	0.00254	0.00918	0.00855	0.00775	0.01254
2	0.02213	0.06712	0.22172	0.03559	0.30278	0.15317	0.02515	0.02795	0.01981	0.02571	0.01498	0.01857	0.01201	0.00796	0.00801	0.00247	0.01188	0.00660	0.00403	0.01233
3	0.02115	0.26063	0.11952	0.09300	0.16246	0.08815	0.01969	0.02574	0.01854	0.02405	0.01522	0.01870	0.01256	0.00799	0.00705	0.00225	0.01016	0.00618	0.07580	0.01116
4	0.01037	0.00741	0.00987	0.01185	0.01234	0.00691	0.00790	0.01185	0.01629	0.02172	0.04690	0.69537	0.05629	0.02666	0.01086	0.00346	0.00494	0.02419	0.00790	0.00691
5	0.01225	0.00820	0.00932	0.00944	0.00947	0.00817	0.00533	0.01234	0.01262	0.01682	0.02805	0.09518	0.03250	0.65929	0.04131	0.00795	0.00805	0.01311	0.00533	0.00526
6	0.01925	0.02639	0.20611	0.05654	0.02761	0.08974	0.02027	0.08106	0.01962	0.02638	0.02175	0.11370	0.02102	0.01383	0.01313	0.00308	0.15680	0.06817	0.00519	0.01038
7	0.01032	0.00760	0.00967	0.01133	0.01221	0.00696	0.00767	0.01191	0.01679	0.02193	0.05320	0.59705	0.15054	0.02584	0.01073	0.00336	0.00484	0.02319	0.00790	0.00696
8	0.01216	0.00912	0.01368	0.01368	0.01520	0.01064	0.01064	0.01520	0.01368	0.01976	0.02279	0.03343	0.02127	0.06382	0.66720	0.01368	0.02279	0.00912	0.00456	0.00760
9	0.02692	0.01975	0.02210	0.01844	0.02384	0.02156	0.01546	0.44421	0.03407	0.04543	0.02760	0.04244	0.02452	0.01409	0.00946	0.00295	0.00892	0.17740	0.00832	0.01254
10	0.02128	0.02490	0.10378	0.10559	0.41238	0.09359	0.06317	0.02675	0.01957	0.02629	0.01559	0.02034	0.01265	0.00784	0.00841	0.00256	0.01137	0.00735	0.00413	0.01245
11	0.02493	0.01880	0.03020	0.04158	0.46554	0.01854	0.02222	0.03083	0.06071	0.16953	0.02119	0.02355	0.01601	0.00851	0.00847	0.00257	0.00924	0.00794	0.00593	0.01371
12	0.02330	0.02641	0.02537	0.02219	0.02375	0.25362	0.01785	0.02528	0.01697	0.02060	0.01188	0.01746	0.01110	0.01272	0.02073	0.00318	0.44739	0.00675	0.00396	0.00951
13	0.01770	0.03660	0.50420	0.02353	0.06976	0.01786	0.02701	0.02597	0.01860	0.06306	0.02491	0.02648	0.08774	0.00982	0.00837	0.00270	0.01112	0.00790	0.00455	0.01209
14	0.01829	0.01888	0.01751	0.01663	0.01889	0.20269	0.01284	0.02100	0.01668	0.02011	0.01924	0.02722	0.01763	0.04466	0.43425	0.00970	0.06301	0.00795	0.00445	0.00837
15	0.01707	0.04402	0.65683	0.02426	0.03683	0.01976	0.03144	0.02695	0.01797	0.02695	0.01527	0.01797	0.01078	0.00809	0.00809	0.00270	0.01258	0.00629	0.00359	0.01258
16	0.01762	0.10800	0.59766	0.02332	0.03538	0.02111	0.02981	0.02681	0.01790	0.02628	0.01494	0.01755	0.01079	0.00801	0.00783	0.00261	0.01224	0.00612	0.00360	0.01242
17	0.01029	0.00773	0.00954	0.01099	0.01212	0.00698	0.00752	0.01195	0.01712	0.02206	0.05739	0.53171	0.21317	0.02530	0.01065	0.00330	0.00477	0.02253	0.00790	0.00698
18	0.02282	0.39939	0.07134	0.02720	0.21290	0.09005	0.01912	0.02657	0.01862	0.02282	0.01340	0.01629	0.01169	0.00756	0.00671	0.00212	0.01019	0.00565	0.00388	0.01168
19	0.15888	0.14389	0.12551	0.01573	0.02174	0.13061	0.01479	0.02559	0.06044	0.02722	0.06991	0.03062	0.12109	0.01113	0.00753	0.00249	0.00897	0.00831	0.00550	0.01005
20	0.17461	0.02050	0.08541	0.11210	0.33014	0.01904	0.02151	0.02693	0.01844	0.08964	0.01667	0.02024	0.01283	0.00809	0.00776	0.00261	0.00948	0.00694	0.00493	0.01213

[dist]
# distance from previous block
# <min> <max>
2	24

[block]
# block no. 2 follows, 21 sequences, length 179
# corresponding to MSA columns:
# 94-272
name=unknown_C
#
# <colnr> <probs for GDERKNQSTAVLIFYWHMCP>
#	G	D	E	R	K	N	Q	S	T	A	V	L	I	F	Y	W	H	M	C	P
0	0.07672	0.02336	0.15996	0.02224	0.05785	0.04849	0.09306	0.08708	0.04731	0.06428	0.02610	0.04218	0.02364	0.01290	0.00926	0.00302	0.01012	0.17517	0.00619	0.01107
1	0.02161	0.03233	0.23120	0.06359	0.08251	0.15964	0.16641	0.02997	0.07968	0.02633	0.01722	0.02043	0.01305	0.00834	0.00857	0.00264	0.01278	0.00751	0.00449	0.01171
2	0.02163	0.02162	0.03211	0.04669	0.54694	0.08549	0.02406	0.02633	0.02014	0.02746	0.05272	0.02299	0.01716	0.00828	0.00844	0.00250	0.01028	0.00783	0.00453	0.01279
3	0.02328	0.01471	0.02143	0.02444	0.20146	0.01351	0.01494	0.02719	0.02045	0.20803	0.08440	0.05761	0.02480	0.01319	0.04397	0.00297	0.00816	0.00903	0.05073	0.13569
4	0.01238	0.00825	0.00928	0.00928	0.00928	0.00825	0.00516	0.01238	0.01238	0.01650	0.02681	0.05569	0.03094	0.70092	0.04331	0.00825	0.00825	0.01238	0.00516	0.00516
5	0.01037	0.00741	0.00987	0.01185	0.01234	0.00691	0.00790	0.01185	0.01629	0.02172	0.04690	0.69537	0.05629	0.02666	0.01086	0.00346	0.00494	0.02419	0.00790	0.00691
6	0.02840	0.23324	0.06339	0.01992	0.02557	0.44952	0.01669	0.03115	0.02182	0.02092	0.01288	0.01499	0.01094	0.00830	0.00705	0.00211	0.01339	0.00525	0.00413	0.01031
7	0.44522	0.02586	0.22578	0.01947	0.08460	0.01942	0.01814	0.02576	0.01610	0.03349	0.01338	0.01589	0.01014	0.00793	0.00650	0.00264	0.00889	0.00545	0.00462	0.01073
8	0.02219	0.02220	0.03229	0.04642	0.53539	0.08788	0.02415	0.02839	0.06638	0.02766	0.01712	0.02128	0.01416	0.00801	0.00836	0.00252	0.01040	0.00752	0.00457	0.01310
9	0.02790	0.02735	0.02362	0.02218	0.08490	0.24999	0.01596	0.25620	0.05682	0.03504	0.02588	0.02651	0.08849	0.01085	0.00840	0.00248	0.01084	0.00819	0.00657	0.01183
10	0.02033	0.02181	0.04370	0.04057	0.24381	0.02133	0.38810	0.02651	0.01947	0.02707	0.01649	0.02209	0.01301	0.00773	0.01048	0.00280	0.04934	0.00908	0.00424	0.01203
11	0.02394	0.01776	0.02054	0.01935	0.06921	0.01917	0.01440	0.18950	0.25091	0.09682	0.03541	0.03887	0.08397	0.01295	0.00903	0.00285	0.00761	0.06674	0.00831	0.01267
12	0.01070	0.00755	0.00978	0.01142	0.01183	0.00713	0.00744	0.01194	0.01564	0.02085	0.04356	0.58893	0.05207	0.13885	0.01626	0.00425	0.00549	0.02223	0.00744	0.00662
13	0.02066	0.01965	0.03341	0.05025	0.61365	0.01965	0.02544	0.02566	0.01939	0.02768	0.01758	0.02513	0.01541	0.00845	0.00861	0.00260	0.00999	0.03921	0.00441	0.01317
14	0.01037	0.00741	0.00987	0.01185	0.01234	0.00691	0.00790	0.01185	0.01629	0.02172	0.04690	0.69537	0.05629	0.02666	0.01086	0.00346	0.00494	0.02419	0.00790	0.00691
15	0.02345	0.02215	0.02293	0.02150	0.07558	0.17079	0.04758	0.16815	0.02363	0.03024	0.01888	0.02355	0.01563	0.02355	0.17940	0.00537	0.04753	0.00766	0.06180	0.01061
16	0.02092	0.16951	0.08354	0.06818	0.44212	0.02303	0.02393	0.02586	0.01872	0.02581	0.01502	0.01930	0.01264	0.00759	0.00776	0.00240	0.01013	0.00683	0.00402	0.01269
17	0.01015	0.00862	0.00874	0.00871	0.01155	0.00722	0.00654	0.01238	0.01961	0.02349	0.11108	0.08108	0.61920	0.02137	0.01006	0.00286	0.00430	0.01785	0.00797	0.00722
18	0.01058	0.00864	0.00935	0.00917	0.01182	0.00741	0.00688	0.01323	0.02063	0.02592	0.23306	0.07707	0.49570	0.02046	0.01005	0.00282	0.00423	0.01728	0.00829	0.00741
19	0.02109	0.01970	0.03042	0.04282	0.47914	0.02048	0.02271	0.03127	0.18467	0.02990	0.02103	0.02394	0.01685	0.00865	0.00849	0.00262	0.00920	0.00813	0.00541	0.01348
20	0.01037	0.00741	0.00987	0.01185	0.01234	0.00691	0.00790	0.01185	0.01629	0.02172	0.04690	0.69537	0.05629	0.02666	0.01086	0.00346	0.00494	0.02419	0.00790	0.00691
21	0.02166	0.01853	0.01952	0.01742	0.02232	0.02140	0.01359	0.07053	0.60635	0.03639	0.03401	0.03125	0.02547	0.01149	0.00865	0.00287	0.00685	0.00954	0.00865	0.01351
22	0.02423	0.17518	0.06232	0.02375	0.13227	0.24638	0.01717	0.02778	0.02014	0.02364	0.01389	0.01659	0.01173	0.00769	0.00706	0.00200	0.01105	0.00559	0.00429	0.16726
23	0.02117	0.01828	0.01924	0.01732	0.02213	0.02117	0.01347	0.04522	0.63246	0.03560	0.03464	0.03175	0.02598	0.01155	0.00866	0.00289	0.00673	0.00962	0.00866	0.01347
24	0.01204	0.00870	0.01138	0.01071	0.01271	0.00803	0.00803	0.01606	0.02409	0.03413	0.64335	0.06357	0.08030	0.01740	0.01004	0.00268	0.00401	0.01539	0.00937	0.00803
25	0.02009	0.01923	0.03279	0.17420	0.53345	0.01997	0.02564	0.02527	0.01892	0.02663	0.01584	0.02138	0.01307	0.00776	0.00844	0.00259	0.01035	0.00758	0.00413	0.01270
26	0.01006	0.00862	0.00862	0.00862	0.01149	0.00718	0.00647	0.01221	0.01940	0.02299	0.08621	0.08190	0.64438	0.02155	0.01006	0.00287	0.00431	0.01796	0.00790	0.00718
27	0.01233	0.00844	0.01023	0.01023	0.01056	0.00876	0.00634	0.01298	0.01266	0.01720	0.02595	0.05090	0.02886	0.56372	0.17767	0.00942	0.01138	0.01167	0.00503	0.00568
28	0.01006	0.00862	0.00862	0.00862	0.01149	0.00718	0.00647	0.01221	0.01940	0.02299	0.08621	0.08190	0.64438	0.02155	0.01006	0.00287	0.00431	0.01796	0.00790	0.00718
29	0.01238	0.00825	0.00928	0.00928	0.00928	0.00825	0.00516	0.01238	0.01238	0.01650	0.02681	0.05569	0.03094	0.70092	0.04331	0.00825	0.00825	0.01238	0.00516	0.00516
30	0.03184	0.02358	0.02525	0.01948	0.02620	0.02615	0.01605	0.59339	0.06691	0.05281	0.02108	0.02095	0.01499	0.01028	0.00852	0.00257	0.00925	0.00775	0.00852	0.01443
31	0.01216	0.00912	0.01368	0.01368	0.01520	0.01064	0.01064	0.01520	0.01368	0.01976	0.02279	0.03343	0.02127	0.06382	0.66720	0.01368	0.02279	0.00912	0.00456	0.00760
32	0.01765	0.01513	0.01765	0.01260	0.02017	0.01134	0.01008	0.02143	0.01765	0.02773	0.01513	0.01765	0.01260	0.00630	0.00630	0.00126	0.00630	0.00504	0.00504	0.75295
33	0.05928	0.04688	0.02106	0.01699	0.02096	0.10748	0.01356	0.24392	0.02489	0.03342	0.01783	0.02204	0.01464	0.01981	0.09875	0.10703	0.06888	0.00725	0.04502	0.01030
34	0.01730	0.04262	0.62012	0.02591	0.07287	0.01979	0.03113	0.02690	0.01805	0.02700	0.01532	0.01815	0.01094	0.00806	0.00811	0.00269	0.01243	0.00636	0.00363	0.01263
35	0.01216	0.00912	0.01368	0.01368	0.01520	0.01064	0.01064	0.01520	0.01368	0.01976	0.02279	0.03343	0.02127	0.06382	0.66720	0.01368	0.02279	0.00912	0.00456	0.00760
36	0.02106	0.26390	0.22438	0.01830	0.02647	0.02490	0.01931	0.09115	0.13801	0.02881	0.02191	0.02260	0.04601	0.00937	0.00743	0.00242	0.00950	0.00706	0.00531	0.01210
37	0.02155	0.11236	0.02502	0.01919	0.02179	0.21298	0.01559	0.02390	0.01701	0.02036	0.01454	0.02044	0.01342	0.02346	0.16748	0.00533	0.24529	0.00688	0.00410	0.00929
38	0.01161	0.00793	0.00951	0.01027	0.01046	0.00774	0.00621	0.01217	0.01388	0.01850	0.03452	0.30112	0.04066	0.44222	0.03086	0.00641	0.00698	0.01691	0.00621	0.00583
39	0.76103	0.01646	0.01251	0.01119	0.01646	0.01909	0.00922	0.02502	0.01448	0.03818	0.01185	0.01382	0.00922	0.00790	0.00527	0.00263	0.00658	0.00461	0.00527	0.00922
40	0.01037	0.00741	0.00987	0.01185	0.01234	0.00691	0.00790	0.01185	0.01629	0.02172	0.04690	0.69537	0.05629	0.02666	0.01086	0.00346	0.00494	0.02419	0.00790	0.00691
41	0.71749	0.05713	0.01440	0.01139	0.01678	0.01995	0.00953	0.02504	0.01465	0.03711	0.01185	0.01381	0.00932	0.00786	0.00528	0.00259	0.00673	0.00460	0.00517	0.00932
42	0.01006	0.00862	0.00862	0.00862	0.01149	0.00718	0.00647	0.01221	0.01940	0.02299	0.08621	0.08190	0.64438	0.02155	0.01006	0.00287	0.00431	0.01796	0.00790	0.00718
43	0.01586	0.00793	0.00793	0.00793	0.00991	0.00793	0.00595	0.01983	0.01785	0.03173	0.02776	0.03173	0.02181	0.00991	0.00595	0.00198	0.00397	0.00793	0.74817	0.00793
44	0.02106	0.02022	0.03454	0.05223	0.64784	0.02022	0.02612	0.02612	0.01938	0.02780	0.01601	0.02106	0.01348	0.00758	0.00842	0.00253	0.01011	0.00758	0.00421	0.01348
45	0.01862	0.01862	0.02607	0.02234	0.02234	0.02607	0.01862	0.02048	0.01303	0.02048	0.01117	0.01862	0.01117	0.01489	0.02793	0.00372	0.68535	0.00745	0.00372	0.00931
46	0.01006	0.00862	0.00862	0.00862	0.01149	0.00718	0.00647	0.01221	0.01940	0.02299	0.08621	0.08190	0.64438	0.02155	0.01006	0.00287	0.00431	0.01796	0.00790	0.00718
47	0.02106	0.02022	0.03454	0.05223	0.64784	0.02022	0.02612	0.02612	0.01938	0.02780	0.01601	0.02106	0.01348	0.00758	0.00842	0.00253	0.01011	0.00758	0.00421	0.01348
48	0.01238	0.00825	0.00928	0.00928	0.00928	0.00825	0.00516	0.01238	0.01238	0.01650	0.02681	0.05569	0.03094	0.70092	0.04331	0.00825	0.00825	0.01238	0.00516	0.00516
49	0.02977	0.03550	0.02402	0.02272	0.05919	0.52172	0.01650	0.08716	0.02456	0.02421	0.01472	0.01751	0.01221	0.01302	0.05783	0.00312	0.01507	0.00608	0.00478	0.01032
50	0.56462	0.01551	0.01388	0.01206	0.01732	0.01699	0.00983	0.02770	0.01667	0.16676	0.01849	0.05721	0.01449	0.00956	0.00629	0.00268	0.00662	0.00659	0.00653	0.01019
51	0.01596	0.01222	0.01451	0.01284	0.01671	0.01097	0.00961	0.09125	0.02020	0.02889	0.06411	0.31300	0.03573	0.01632	0.00873	0.00248	0.00587	0.01430	0.03969	0.26662
52	0.03179	0.04056	0.02412	0.02192	0.02631	0.66676	0.01644	0.03398	0.02412	0.02083	0.01315	0.01535	0.01096	0.00877	0.00767	0.00219	0.01535	0.00548	0.00438	0.00987
53	0.01533	0.01475	0.02457	0.06561	0.19622	0.01410	0.12578	0.01936	0.01911	0.02493	0.04651	0.10332	0.26570	0.01471	0.00958	0.00282	0.00823	0.01355	0.00598	0.00983
54	0.01909	0.06848	0.30109	0.03180	0.11143	0.02129	0.27015	0.02690	0.01897	0.02680	0.01597	0.02015	0.01198	0.00761	0.00879	0.00270	0.01282	0.00789	0.00396	0.01214
55	0.76103	0.01646	0.01251	0.01119	0.01646	0.01909	0.00922	0.02502	0.01448	0.03818	0.01185	0.01382	0.00922	0.00790	0.00527	0.00263	0.00658	0.00461	0.00527	0.00922
56	0.02106	0.02022	0.03454	0.05223	0.64784	0.02022	0.02612	0.02612	0.01938	0.02780	0.01601	0.02106	0.01348	0.00758	0.00842	0.00253	0.01011	0.00758	0.00421	0.01348
57	0.01032	0.00863	0.00899	0.00890	0.01166	0.00730	0.00667	0.01272	0.02002	0.02446	0.15998	0.07947	0.56969	0.02100	0.01006	0.00285	0.00427	0.01762	0.00810	0.00730
58	0.02072	0.02206	0.08176	0.04792	0.54902	0.02028	0.05104	0.02705	0.04563	0.02805	0.01680	0.02137	0.01379	0.00777	0.00848	0.00257	0.01033	0.00768	0.00436	0.01333
59	0.70490	0.01674	0.01418	0.01430	0.06436	0.01918	0.01050	0.02510	0.01485	0.03739	0.01216	0.01437	0.00954	0.00788	0.00551	0.00263	0.00685	0.00483	0.00519	0.00954
60	0.02063	0.01998	0.03471	0.09901	0.57040	0.02019	0.05798	0.02585	0.01924	0.02731	0.01601	0.02129	0.01329	0.00763	0.00852	0.00257	0.01043	0.00771	0.00418	0.01307
61	0.01478	0.00739	0.01109	0.01109	0.01109	0.00739	0.00739	0.01109	0.01109	0.01478	0.01478	0.02587	0.01478	0.02956	0.03326	0.75240	0.00739	0.00739	0.00370	0.00370
62	0.03179	0.04056	0.02412	0.02192	0.02631	0.66676	0.01644	0.03398	0.02412	0.02083	0.01315	0.01535	0.01096	0.00877	0.00767	0.00219	0.01535	0.00548	0.00438	0.00987
63	0.02866	0.27129	0.03122	0.01937	0.02476	0.44726	0.01579	0.03103	0.02175	0.02055	0.01270	0.01476	0.01095	0.00825	0.00691	0.00206	0.01318	0.00516	0.00413	0.01023
64	0.02548	0.02898	0.02656	0.18230	0.15029	0.33456	0.02004	0.05451	0.02172	0.02376	0.01437	0.01852	0.01169	0.00884	0.00902	0.00250	0.04532	0.00655	0.00436	0.01062
65	0.02036	0.47073	0.22206	0.01724	0.02568	0.02802	0.01912	0.02511	0.01743	0.02215	0.01491	0.05513	0.01356	0.00866	0.00655	0.00217	0.00987	0.00622	0.00388	0.01117
66	0.02275	0.70604	0.04459	0.01456	0.02184	0.03367	0.01456	0.02548	0.01729	0.02002	0.01183	0.01365	0.01092	0.00728	0.00546	0.00182	0.00910	0.00455	0.00364	0.01092
67	0.01846	0.01756	0.02983	0.38025	0.34019	0.01953	0.02482	0.02383	0.01814	0.02464	0.01555	0.02191	0.01236	0.00807	0.00847	0.00269	0.01075	0.00757	0.00399	0.01138
68	0.01707	0.04402	0.65683	0.02426	0.03683	0.01976	0.03144	0.02695	0.01797	0.02695	0.01527	0.01797	0.01078	0.00809	0.00809	0.00270	0.01258	0.00629	0.00359	0.01258
69	0.02132	0.02103	0.03324	0.09811	0.56647	0.05826	0.02536	0.02625	0.01948	0.02693	0.01577	0.02085	0.01317	0.00772	0.00839	0.00253	0.01051	0.00746	0.00419	0.01296
70	0.02534	0.51549	0.03873	0.01667	0.02312	0.21495	0.01510	0.02792	0.01925	0.02025	0.01221	0.01414	0.01093	0.00771	0.00609	0.00193	0.01089	0.00482	0.00385	0.01062
71	0.01967	0.01041	0.01364	0.01325	0.01587	0.00967	0.00971	0.05621	0.02001	0.20545	0.04151	0.46381	0.04369	0.02105	0.01006	0.00317	0.00586	0.01872	0.00869	0.00954
72	0.02106	0.02003	0.03124	0.04150	0.43657	0.05013	0.06725	0.07491	0.02100	0.02882	0.02038	0.10905	0.01900	0.01033	0.00884	0.00266	0.00994	0.00985	0.00507	0.01238
73	0.01830	0.03573	0.42289	0.02995	0.08554	0.02034	0.21126	0.02698	0.01873	0.02711	0.01593	0.01974	0.01164	0.00777	0.00871	0.00274	0.01293	0.00754	0.00386	0.01231
74	0.01006	0.00862	0.00862	0.00862	0.01149	0.00718	0.00647	0.01221	0.01940	0.02299	0.08621	0.08190	0.64438	0.02155	0.01006	0.00287	0.00431	0.01796	0.00790	0.00718
75	0.01654	0.01168	0.01348	0.01223	0.01393	0.01249	0.00845	0.14065	0.01842	0.02489	0.02476	0.04433	0.02576	0.44275	0.14646	0.00801	0.01106	0.01081	0.00576	0.00755
76	0.01607	0.01513	0.02552	0.68047	0.05861	0.01891	0.02363	0.02174	0.01702	0.02174	0.01513	0.02269	0.01134	0.00851	0.00851	0.00284	0.01134	0.00756	0.00378	0.00945
77	0.03235	0.02384	0.02554	0.01958	0.02639	0.02639	0.01618	0.61946	0.04001	0.05363	0.02043	0.02043	0.01447	0.01022	0.00851	0.00255	0.00936	0.00766	0.00851	0.01447
78	0.01216	0.00912	0.01368	0.01368	0.01520	0.01064	0.01064	0.01520	0.01368	0.01976	0.02279	0.03343	0.02127	0.06382	0.66720	0.01368	0.02279	0.00912	0.00456	0.00760
79	0.02117	0.01828	0.01924	0.01732	0.02213	0.02117	0.01347	0.04522	0.63246	0.03560	0.03464	0.03175	0.02598	0.01155	0.00866	0.00289	0.00673	0.00962	0.00866	0.01347
80	0.01765	0.01513	0.01765	0.01260	0.02017	0.01134	0.01008	0.02143	0.01765	0.02773	0.01513	0.01765	0.01260	0.00630	0.00630	0.00126	0.00630	0.00504	0.00504	0.75295
81	0.01093	0.00866	0.00983	0.00953	0.01203	0.00755	0.00715	0.01390	0.02145	0.02787	0.33020	0.07387	0.39735	0.01973	0.01005	0.00279	0.00418	0.01683	0.00854	0.00755
82	0.01216	0.00912	0.01368	0.01368	0.01520	0.01064	0.01064	0.01520	0.01368	0.01976	0.02279	0.03343	0.02127	0.06382	0.66720	0.01368	0.02279	0.00912	0.00456	0.00760
83	0.01075	0.00865	0.00958	0.00934	0.01192	0.00748	0.00701	0.01355	0.02102	0.02685	0.27938	0.07554	0.44881	0.02011	0.01005	0.00281	0.00421	0.01707	0.00841	0.00748
84	0.02470	0.56273	0.04018	0.01615	0.02280	0.17001	0.01497	0.02731	0.01876	0.02020	0.01212	0.01402	0.01093	0.00760	0.00594	0.00190	0.01045	0.00475	0.00380	0.01069
85	0.02104	0.02275	0.08084	0.07777	0.54481	0.05070	0.02595	0.02635	0.01939	0.02713	0.01578	0.02063	0.01306	0.00772	0.00837	0.00254	0.01060	0.00738	0.00415	0.01305
86	0.02156	0.02136	0.03467	0.05003	0.59142	0.05280	0.05026	0.02656	0.01965	0.02743	0.01591	0.02085	0.01333	0.00763	0.00845	0.00252	0.01055	0.00758	0.00422	0.01321
87	0.02466	0.02724	0.03170	0.04123	0.41044	0.23956	0.04887	0.02884	0.02102	0.02541	0.01509	0.01921	0.01260	0.00797	0.00824	0.00243	0.01207	0.00698	0.00427	0.01217
88	0.02106	0.02022	0.03454	0.05223	0.64784	0.02022	0.02612	0.02612	0.01938	0.02780	0.01601	0.02106	0.01348	0.00758	0.00842	0.00253	0.01011	0.00758	0.00421	0.01348
89	0.01800	0.02620	0.21180	0.02519	0.03069	0.02214	0.15052	0.02329	0.01616	0.02388	0.01576	0.05928	0.01409	0.01197	0.01736	0.00323	0.30714	0.00866	0.00406	0.01058
90	0.01181	0.00869	0.01104	0.01045	0.01257	0.00793	0.00784	0.01560	0.02352	0.03278	0.57621	0.06578	0.14827	0.01790	0.01004	0.00270	0.00405	0.01570	0.00919	0.00793
91	0.01862	0.01862	0.02607	0.02234	0.02234	0.02607	0.01862	0.02048	0.01303	0.02048	0.01117	0.01862	0.01117	0.01489	0.02793	0.00372	0.68535	0.00745	0.00372	0.00931
92	0.01238	0.00825	0.00928	0.00928	0.00928	0.00825	0.00516	0.01238	0.01238	0.01650	0.02681	0.05569	0.03094	0.70092	0.04331	0.00825	0.00825	0.01238	0.00516	0.00516
93	0.01094	0.00866	0.00984	0.00955	0.01204	0.00756	0.00716	0.01392	0.02148	0.02793	0.33362	0.07376	0.39389	0.01971	0.01005	0.00279	0.00418	0.01682	0.00855	0.00756
94	0.01006	0.00862	0.00862	0.00862	0.01149	0.00718	0.00647	0.01221	0.01940	0.02299	0.08621	0.08190	0.64438	0.02155	0.01006	0.00287	0.00431	0.01796	0.00790	0.00718
95	0.01607	0.01513	0.02552	0.68047	0.05861	0.01891	0.02363	0.02174	0.01702	0.02174	0.01513	0.02269	0.01134	0.00851	0.00851	0.00284	0.01134	0.00756	0.00378	0.00945
96	0.01048	0.00864	0.00920	0.00906	0.01175	0.00736	0.00679	0.01302	0.02038	0.02533	0.20347	0.07804	0.52566	0.02068	0.01005	0.00283	0.00425	0.01742	0.00821	0.00736
97	0.01216	0.00912	0.01368	0.01368	0.01520	0.01064	0.01064	0.01520	0.01368	0.01976	0.02279	0.03343	0.02127	0.06382	0.66720	0.01368	0.02279	0.00912	0.00456	0.00760
98	0.02232	0.01992	0.02372	0.02533	0.15638	0.09269	0.01688	0.18196	0.02308	0.03075	0.01849	0.02382	0.01564	0.02644	0.21301	0.00604	0.07914	0.00783	0.00544	0.01113
99	0.01765	0.02177	0.15706	0.01638	0.02508	0.01371	0.04761	0.02293	0.01785	0.02754	0.01527	0.01800	0.01223	0.00673	0.00689	0.00166	0.00809	0.00558	0.00469	0.55328
100	0.02440	0.58437	0.04085	0.01591	0.02266	0.14942	0.01491	0.02704	0.01854	0.02017	0.01207	0.01396	0.01093	0.00755	0.00587	0.00189	0.01024	0.00472	0.00378	0.01073
101	0.02063	0.23665	0.20863	0.11732	0.09410	0.10069	0.02193	0.02602	0.01859	0.02337	0.01560	0.02144	0.01321	0.00875	0.00753	0.00244	0.01118	0.03677	0.00401	0.01114
102	0.02106	0.02810	0.16260	0.02877	0.12584	0.11998	0.10300	0.02756	0.06468	0.02510	0.01568	0.01995	0.01277	0.01010	0.01377	0.00291	0.19502	0.00744	0.00433	0.01134
103	0.01227	0.00868	0.01147	0.01147	0.01222	0.00944	0.00788	0.01378	0.01302	0.01812	0.02482	0.04463	0.02614	0.38434	0.35333	0.01095	0.01548	0.01076	0.00486	0.00637
104	0.01073	0.00865	0.00955	0.00932	0.01191	0.00747	0.00699	0.01351	0.02098	0.02674	0.27401	0.07572	0.45424	0.02015	0.01005	0.00281	0.00421	0.01709	0.00840	0.00747
105	0.02275	0.70604	0.04459	0.01456	0.02184	0.03367	0.01456	0.02548	0.01729	0.02002	0.01183	0.01365	0.01092	0.00728	0.00546	0.00182	0.00910	0.00455	0.00364	0.01092
106	0.76103	0.01646	0.01251	0.01119	0.01646	0.01909	0.00922	0.02502	0.01448	0.03818	0.01185	0.01382	0.00922	0.00790	0.00527	0.00263	0.00658	0.00461	0.00527	0.00922
107	0.76103	0.01646	0.01251	0.01119	0.01646	0.01909	0.00922	0.02502	0.01448	0.03818	0.01185	0.01382	0.00922	0.00790	0.00527	0.00263	0.00658	0.00461	0.00527	0.00922
108	0.02106	0.02022	0.03454	0.05223	0.64784	0.02022	0.02612	0.02612	0.01938	0.02780	0.01601	0.02106	0.01348	0.00758	0.00842	0.00253	0.01011	0.00758	0.00421	0.01348
109	0.01371	0.00980	0.01371	0.01567	0.01763	0.00980	0.01371	0.01763	0.01959	0.02547	0.04506	0.09599	0.04898	0.02351	0.01175	0.00392	0.00784	0.59056	0.00784	0.00784
110	0.03235	0.02384	0.02554	0.01958	0.02639	0.02639	0.01618	0.61946	0.04001	0.05363	0.02043	0.02043	0.01447	0.01022	0.00851	0.00255	0.00936	0.00766	0.00851	0.01447
111	0.01585	0.01208	0.01364	0.01247	0.01585	0.01189	0.00995	0.14467	0.02500	0.03263	0.20123	0.06619	0.28907	0.01838	0.00996	0.00290	0.00582	0.09499	0.00838	0.00905
112	0.01921	0.02086	0.04060	0.03040	0.03588	0.02244	0.39384	0.02447	0.01749	0.02470	0.01555	0.02209	0.01277	0.01251	0.04886	0.00369	0.23075	0.00916	0.00413	0.01058
113	0.01037	0.00741	0.00987	0.01185	0.01234	0.00691	0.00790	0.01185	0.01629	0.02172	0.04690	0.69537	0.05629	0.02666	0.01086	0.00346	0.00494	0.02419	0.00790	0.00691
114	0.02475	0.21528	0.23069	0.02074	0.02849	0.29581	0.02072	0.02953	0.02038	0.02256	0.01348	0.01574	0.01089	0.00816	0.00723	0.00226	0.01284	0.00550	0.00394	0.01100
115	0.02206	0.02234	0.03435	0.04842	0.55553	0.08323	0.05632	0.02694	0.01988	0.02709	0.01579	0.02061	0.01320	0.00768	0.00844	0.00251	0.01084	0.00751	0.00423	0.01302
116	0.01153	0.00823	0.01121	0.01317	0.01418	0.00791	0.00992	0.01385	0.01744	0.02302	0.04626	0.48756	0.05375	0.02557	0.01117	0.00362	0.00594	0.22056	0.00788	0.00723
117	0.02100	0.02230	0.02739	0.27411	0.17936	0.15691	0.02174	0.02508	0.01830	0.02269	0.01416	0.02000	0.01172	0.00956	0.01199	0.00280	0.13936	0.00711	0.00400	0.01043
118	0.02585	0.03051	0.02092	0.01897	0.02313	0.43251	0.01437	0.03015	0.07376	0.02255	0.01992	0.02268	0.04269	0.01775	0.10775	0.00395	0.01455	0.00692	0.00499	0.06608
119	0.10312	0.03511	0.02451	0.02537	0.11806	0.50552	0.01716	0.03191	0.02245	0.02360	0.01345	0.01605	0.01116	0.00851	0.00754	0.00229	0.01369	0.00571	0.00445	0.01034
120	0.02443	0.36663	0.12633	0.01936	0.02717	0.08417	0.07687	0.10312	0.02149	0.05605	0.01509	0.01692	0.01203	0.00804	0.00702	0.00221	0.01061	0.00601	0.00471	0.01174
121	0.01987	0.02532	0.16330	0.02552	0.14009	0.10499	0.02026	0.02946	0.15280	0.02780	0.02652	0.04001	0.02382	0.01256	0.00910	0.00293	0.01008	0.14820	0.00594	0.01143
122	0.01078	0.00853	0.00970	0.00966	0.01200	0.00745	0.00715	0.01351	0.02072	0.02673	0.27555	0.13527	0.39155	0.02061	0.01013	0.00286	0.00427	0.01768	0.00841	0.00745
123	0.02376	0.22554	0.12902	0.02924	0.21272	0.19382	0.02107	0.02813	0.01981	0.02361	0.01395	0.01697	0.01168	0.00788	0.00733	0.00226	0.01157	0.00597	0.00400	0.01166
124	0.01021	0.00863	0.00883	0.00878	0.01159	0.00725	0.00658	0.01250	0.01975	0.02383	0.12848	0.08051	0.60159	0.02124	0.01006	0.00286	0.00429	0.01777	0.00801	0.00725
125	0.02821	0.01918	0.01853	0.01596	0.02063	0.15040	0.01242	0.06102	0.08094	0.27878	0.07885	0.11783	0.05308	0.01331	0.00885	0.00268	0.00834	0.01091	0.00843	0.01164
126	0.76103	0.01646	0.01251	0.01119	0.01646	0.01909	0.00922	0.02502	0.01448	0.03818	0.01185	0.01382	0.00922	0.00790	0.00527	0.00263	0.00658	0.00461	0.00527	0.00922
127	0.01765	0.01513	0.01765	0.01260	0.02017	0.01134	0.01008	0.02143	0.01765	0.02773	0.01513	0.01765	0.01260	0.00630	0.00630	0.00126	0.00630	0.00504	0.00504	0.75295
128	0.01233	0.00843	0.01019	0.01019	0.01050	0.00874	0.00629	0.01296	0.01264	0.01717	0.02598	0.05109	0.02894	0.56928	0.17223	0.00937	0.01126	0.01170	0.00503	0.00566
129	0.76103	0.01646	0.01251	0.01119	0.01646	0.01909	0.00922	0.02502	0.01448	0.03818	0.01185	0.01382	0.00922	0.00790	0.00527	0.00263	0.00658	0.00461	0.00527	0.00922
130	0.01098	0.00788	0.01042	0.01143	0.01248	0.00732	0.00795	0.01338	0.01913	0.02623	0.26377	0.46565	0.06502	0.02329	0.01056	0.00317	0.00460	0.02099	0.00843	0.00732
131	0.01030	0.00767	0.00960	0.01115	0.01216	0.00697	0.00759	0.01193	0.01696	0.02200	0.05537	0.56326	0.18293	0.02556	0.01069	0.00333	0.00480	0.02285	0.00790	0.00697
132	0.01947	0.32378	0.39811	0.02016	0.03050	0.02564	0.02431	0.02633	0.01768	0.02402	0.01382	0.01614	0.01084	0.00775	0.00698	0.00233	0.01111	0.00555	0.00361	0.01188
133	0.01216	0.00912	0.01368	0.01368	0.01520	0.01064	0.01064	0.01520	0.01368	0.01976	0.02279	0.03343	0.02127	0.06382	0.66720	0.01368	0.02279	0.00912	0.00456	0.00760
134	0.02081	0.01996	0.03409	0.08384	0.61819	0.02015	0.02599	0.02590	0.01926	0.02750	0.01596	0.02114	0.01337	0.00763	0.00843	0.00254	0.01017	0.00758	0.00419	0.01328
135	0.76103	0.01646	0.01251	0.01119	0.01646	0.01909	0.00922	0.02502	0.01448	0.03818	0.01185	0.01382	0.00922	0.00790	0.00527	0.00263	0.00658	0.00461	0.00527	0.00922
136	0.03118	0.03534	0.02453	0.05251	0.02786	0.48215	0.01672	0.17417	0.02760	0.02876	0.01500	0.01692	0.01182	0.00910	0.00791	0.00231	0.01372	0.00610	0.00535	0.01095
137	0.03122	0.03960	0.02420	0.02194	0.02614	0.63882	0.01654	0.03339	0.02363	0.02081	0.01307	0.01549	0.01097	0.00904	0.00856	0.00226	0.04456	0.00557	0.00436	0.00984
138	0.01817	0.03730	0.47849	0.03156	0.18515	0.01995	0.05682	0.02676	0.01841	0.02717	0.01554	0.01894	0.01153	0.00792	0.00826	0.00266	0.01206	0.00677	0.00378	0.01275
139	0.01154	0.00790	0.00953	0.01035	0.01056	0.00769	0.00630	0.01216	0.01401	0.01868	0.03519	0.32250	0.04151	0.41969	0.02978	0.00625	0.00687	0.01730	0.00630	0.00589
140	0.02439	0.01823	0.02010	0.01681	0.02159	0.01987	0.01331	0.36311	0.10540	0.04283	0.08837	0.16806	0.03108	0.01454	0.00917	0.00280	0.00759	0.01213	0.00849	0.01213
141	0.01442	0.01245	0.01802	0.01671	0.01770	0.01604	0.01343	0.01705	0.01345	0.02001	0.01872	0.02824	0.01774	0.04669	0.44330	0.01019	0.25485	0.00853	0.00427	0.00820
142	0.01044	0.00750	0.00979	0.01159	0.01217	0.00698	0.00772	0.01189	0.01628	0.02156	0.04794	0.63897	0.08344	0.05483	0.01219	0.00363	0.00505	0.02340	0.00778	0.00685
143	0.03183	0.02358	0.02525	0.01948	0.02619	0.02615	0.01605	0.59287	0.06744	0.05280	0.02109	0.02096	0.01501	0.01028	0.00852	0.00257	0.00924	0.00775	0.00852	0.01443
144	0.02106	0.02022	0.03454	0.05223	0.64784	0.02022	0.02612	0.02612	0.01938	0.02780	0.01601	0.02106	0.01348	0.00758	0.00842	0.00253	0.01011	0.00758	0.00421	0.01348
145	0.06183	0.01886	0.02073	0.01669	0.02218	0.02039	0.01352	0.34396	0.10832	0.10181	0.14936	0.03107	0.02962	0.01176	0.00869	0.00263	0.00762	0.00941	0.00874	0.01279
146	0.01133	0.00863	0.01060	0.01035	0.01250	0.00790	0.00773	0.01454	0.02137	0.02882	0.38687	0.10428	0.25079	0.02277	0.05995	0.00362	0.00559	0.01624	0.00846	0.00767
147	0.02078	0.02101	0.03905	0.04753	0.47423	0.02059	0.19611	0.02645	0.01958	0.02765	0.01636	0.02161	0.01332	0.00746	0.00889	0.00263	0.01133	0.00829	0.00424	0.01290
148	0.01365	0.01362	0.01132	0.01091	0.01393	0.11038	0.00818	0.01600	0.02060	0.02377	0.13051	0.06966	0.48894	0.01914	0.00968	0.00275	0.00601	0.01575	0.00750	0.00769
149	0.02068	0.01983	0.03386	0.09990	0.60314	0.02012	0.02593	0.02579	0.01920	0.02734	0.01594	0.02119	0.01332	0.00765	0.00843	0.00255	0.01020	0.00758	0.00418	0.01317
150	0.01988	0.01901	0.03240	0.20139	0.50795	0.01991	0.02553	0.02508	0.01882	0.02636	0.01580	0.02145	0.01297	0.00780	0.00844	0.00260	0.01040	0.00758	0.00411	0.01252
151	0.01862	0.01862	0.02607	0.02234	0.02234	0.02607	0.01862	0.02048	0.01303	0.02048	0.01117	0.01862	0.01117	0.01489	0.02793	0.00372	0.68535	0.00745	0.00372	0.00931
152	0.01008	0.00853	0.00872	0.00887	0.01156	0.00716	0.00657	0.01219	0.01916	0.02289	0.08323	0.12844	0.59977	0.02194	0.01012	0.00292	0.00436	0.01843	0.00790	0.00716
153	0.01195	0.00870	0.01124	0.01060	0.01265	0.00799	0.00795	0.01587	0.02386	0.03358	0.61585	0.06447	0.10814	0.01760	0.01004	0.00269	0.00403	0.01552	0.00930	0.00799
154	0.01371	0.00980	0.01371	0.01567	0.01763	0.00980	0.01371	0.01763	0.01959	0.02547	0.04506	0.09599	0.04898	0.02351	0.01175	0.00392	0.00784	0.59056	0.00784	0.00784
155	0.01006	0.00862	0.00862	0.00862	0.01149	0.00718	0.00647	0.01221	0.01940	0.02299	0.08621	0.08190	0.64438	0.02155	0.01006	0.00287	0.00431	0.01796	0.00790	0.00718
156	0.03818	0.01448	0.01975	0.01514	0.02172	0.01251	0.01251	0.04147	0.02436	0.65373	0.03357	0.02897	0.02107	0.01053	0.00856	0.00263	0.00724	0.00856	0.01053	0.01448
157	0.76103	0.01646	0.01251	0.01119	0.01646	0.01909	0.00922	0.02502	0.01448	0.03818	0.01185	0.01382	0.00922	0.00790	0.00527	0.00263	0.00658	0.00461	0.00527	0.00922
158	0.76103	0.01646	0.01251	0.01119	0.01646	0.01909	0.00922	0.02502	0.01448	0.03818	0.01185	0.01382	0.00922	0.00790	0.00527	0.00263	0.00658	0.00461	0.00527	0.00922
159	0.02117	0.01828	0.01924	0.01732	0.02213	0.02117	0.01347	0.04522	0.63246	0.03560	0.03464	0.03175	0.02598	0.01155	0.00866	0.00289	0.00673	0.00962	0.00866	0.01347
160	0.76103	0.01646	0.01251	0.01119	0.01646	0.01909	0.00922	0.02502	0.01448	0.03818	0.01185	0.01382	0.00922	0.00790	0.00527	0.00263	0.00658	0.00461	0.00527	0.00922
161	0.01371	0.00980	0.01371	0.01567	0.01763	0.00980	0.01371	0.01763	0.01959	0.02547	0.04506	0.09599	0.04898	0.02351	0.01175	0.00392	0.00784	0.59056	0.00784	0.00784
162	0.02370	0.01772	0.01932	0.01699	0.02207	0.01988	0.01333	0.04466	0.54211	0.12744	0.03448	0.03134	0.02525	0.01140	0.00864	0.00285	0.00681	0.00946	0.00894	0.01362
163	0.01765	0.01513	0.01765	0.01260	0.02017	0.01134	0.01008	0.02143	0.01765	0.02773	0.01513	0.01765	0.01260	0.00630	0.00630	0.00126	0.00630	0.00504	0.00504	0.75295
164	0.01238	0.00825	0.00928	0.00928	0.00928	0.00825	0.00516	0.01238	0.01238	0.01650	0.02681	0.05569	0.03094	0.70092	0.04331	0.00825	0.00825	0.01238	0.00516	0.00516
165	0.01238	0.00825	0.00928	0.00928	0.00928	0.00825	0.00516	0.01238	0.01238	0.01650	0.02681	0.05569	0.03094	0.70092	0.04331	0.00825	0.00825	0.01238	0.00516	0.00516
166	0.01607	0.01513	0.02552	0.68047	0.05861	0.01891	0.02363	0.02174	0.01702	0.02174	0.01513	0.02269	0.01134	0.00851	0.00851	0.00284	0.01134	0.00756	0.00378	0.00945
167	0.01037	0.00741	0.00987	0.01185	0.01234	0.00691	0.00790	0.01185	0.01629	0.02172	0.04690	0.69537	0.05629	0.02666	0.01086	0.00346	0.00494	0.02419	0.00790	0.00691
168	0.01006	0.00862	0.00862	0.00862	0.01149	0.00718	0.00647	0.01221	0.01940	0.02299	0.08621	0.08190	0.64438	0.02155	0.01006	0.00287	0.00431	0.01796	0.00790	0.00718
169	0.02807	0.03351	0.02773	0.03243	0.24180	0.44259	0.01980	0.03126	0.02247	0.02325	0.01414	0.01733	0.01183	0.00836	0.00793	0.00231	0.01353	0.00621	0.00433	0.01112
170	0.01862	0.01862	0.02607	0.02234	0.02234	0.02607	0.01862	0.02048	0.01303	0.02048	0.01117	0.01862	0.01117	0.01489	0.02793	0.00372	0.68535	0.00745	0.00372	0.00931
171	0.01133	0.00809	0.01098	0.01295	0.01386	0.00774	0.00957	0.01351	0.01724	0.02280	0.04637	0.52291	0.05418	0.02575	0.01112	0.00359	0.00577	0.18715	0.00788	0.00718
172	0.01037	0.00741	0.00987	0.01185	0.01234	0.00691	0.00790	0.01185	0.01629	0.02172	0.04690	0.69537	0.05629	0.02666	0.01086	0.00346	0.00494	0.02419	0.00790	0.00691
173	0.01037	0.00741	0.00987	0.01185	0.01234	0.00691	0.00790	0.01185	0.01629	0.02172	0.04690	0.69537	0.05629	0.02666	0.01086	0.00346	0.00494	0.02419	0.00790	0.00691
174	0.01812	0.01480	0.01579	0.01453	0.01767	0.01669	0.01059	0.03383	0.41747	0.02898	0.03192	0.04005	0.02770	0.25056	0.02067	0.00475	0.00726	0.01058	0.00744	0.01059
175	0.02096	0.26213	0.14582	0.03433	0.32496	0.02481	0.02303	0.02604	0.01841	0.02496	0.01443	0.01796	0.01213	0.00756	0.00734	0.00231	0.01019	0.00631	0.00391	0.01244
176	0.05996	0.05482	0.15606	0.02477	0.15785	0.08014	0.01899	0.02619	0.05651	0.05765	0.14216	0.03413	0.02919	0.01131	0.00856	0.00266	0.00920	0.05273	0.00597	0.01114
177	0.01940	0.01784	0.02654	0.22058	0.26199	0.01942	0.02078	0.02965	0.18386	0.02816	0.02071	0.02415	0.01617	0.00882	0.00835	0.00262	0.00927	0.00793	0.00535	0.06842
178	0.02082	0.06898	0.43445	0.02523	0.06217	0.15979	0.05812	0.02838	0.01944	0.02540	0.01481	0.01762	0.01106	0.00813	0.00800	0.00255	0.01301	0.00630	0.00383	0.01191

[dist]
# distance from previous block
# <min> <max>
0	3

[block]
# block no. 3 follows, 21 sequences, length 112
# corresponding to MSA columns:
# 276-387
name=unknown_D
#
# <colnr> <probs for GDERKNQSTAVLIFYWHMCP>
#	G	D	E	R	K	N	Q	S	T	A	V	L	I	F	Y	W	H	M	C	P
0	0.22513	0.22303	0.02836	0.01661	0.02298	0.05791	0.04333	0.18776	0.06361	0.03544	0.01599	0.01727	0.01251	0.00859	0.00678	0.00238	0.00891	0.00606	0.00580	0.01156
1	0.02014	0.12493	0.43656	0.02210	0.03202	0.13510	0.02565	0.02742	0.01875	0.02464	0.01484	0.01773	0.01135	0.01086	0.04024	0.00304	0.01313	0.00607	0.00379	0.01164
2	0.01810	0.01687	0.02534	0.01895	0.02525	0.01543	0.14818	0.04689	0.01868	0.02733	0.02128	0.05676	0.05308	0.00955	0.01007	0.00216	0.08271	0.00829	0.00519	0.38988
3	0.01354	0.01104	0.01294	0.01099	0.01524	0.00899	0.00840	0.01676	0.01970	0.02767	0.20384	0.10544	0.19956	0.01501	0.00867	0.00225	0.00505	0.01284	0.00719	0.29486
4	0.01223	0.00883	0.01220	0.01220	0.01321	0.00984	0.00880	0.01425	0.01324	0.01866	0.02415	0.04091	0.02452	0.27794	0.45752	0.01185	0.01791	0.01021	0.00476	0.00678
5	0.01082	0.00871	0.00967	0.00961	0.01220	0.00757	0.00733	0.01358	0.02068	0.02615	0.23432	0.07780	0.45580	0.02055	0.01016	0.00288	0.00444	0.05199	0.00829	0.00745
6	0.02117	0.01828	0.01924	0.01732	0.02213	0.02117	0.01347	0.04522	0.63246	0.03560	0.03464	0.03175	0.02598	0.01155	0.00866	0.00289	0.00673	0.00962	0.00866	0.01347
7	0.01183	0.00802	0.00944	0.00998	0.01011	0.00789	0.00590	0.01223	0.01343	0.01791	0.03224	0.22861	0.03779	0.51866	0.03454	0.00695	0.00735	0.01557	0.00590	0.00563
8	0.01006	0.00862	0.00862	0.00862	0.01149	0.00718	0.00647	0.01221	0.01940	0.02299	0.08621	0.08190	0.64438	0.02155	0.01006	0.00287	0.00431	0.01796	0.00790	0.00718
9	0.01216	0.00912	0.01368	0.01368	0.01520	0.01064	0.01064	0.01520	0.01368	0.01976	0.02279	0.03343	0.02127	0.06382	0.66720	0.01368	0.02279	0.00912	0.00456	0.00760
10	0.03818	0.01448	0.01975	0.01514	0.02172	0.01251	0.01251	0.04147	0.02436	0.65373	0.03357	0.02897	0.02107	0.01053	0.00856	0.00263	0.00724	0.00856	0.01053	0.01448
11	0.03179	0.04056	0.02412	0.02192	0.02631	0.66676	0.01644	0.03398	0.02412	0.02083	0.01315	0.01535	0.01096	0.00877	0.00767	0.00219	0.01535	0.00548	0.00438	0.00987
12	0.01607	0.01513	0.02552	0.68047	0.05861	0.01891	0.02363	0.02174	0.01702	0.02174	0.01513	0.02269	0.01134	0.00851	0.00851	0.00284	0.01134	0.00756	0.00378	0.00945
13	0.03179	0.04056	0.02412	0.02192	0.02631	0.66676	0.01644	0.03398	0.02412	0.02083	0.01315	0.01535	0.01096	0.00877	0.00767	0.00219	0.01535	0.00548	0.00438	0.00987
14	0.01707	0.04402	0.65683	0.02426	0.03683	0.01976	0.03144	0.02695	0.01797	0.02695	0.01527	0.01797	0.01078	0.00809	0.00809	0.00270	0.01258	0.00629	0.00359	0.01258
15	0.02104	0.03709	0.34561	0.02718	0.03687	0.15598	0.20060	0.02852	0.01988	0.02576	0.01540	0.01889	0.01145	0.00796	0.00857	0.00264	0.01368	0.00722	0.00397	0.01168
16	0.01707	0.04402	0.65683	0.02426	0.03683	0.01976	0.03144	0.02695	0.01797	0.02695	0.01527	0.01797	0.01078	0.00809	0.00809	0.00270	0.01258	0.00629	0.00359	0.01258
17	0.01006	0.00862	0.00862	0.00862	0.01149	0.00718	0.00647	0.01221	0.01940	0.02299	0.08621	0.08190	0.64438	0.02155	0.01006	0.00287	0.00431	0.01796	0.00790	0.00718
18	0.01037	0.00741	0.00987	0.01185	0.01234	0.00691	0.00790	0.01185	0.01629	0.02172	0.04690	0.69537	0.05629	0.02666	0.01086	0.00346	0.00494	0.02419	0.00790	0.00691
19	0.01037	0.00741	0.00987	0.01185	0.01234	0.00691	0.00790	0.01185	0.01629	0.02172	0.04690	0.69537	0.05629	0.02666	0.01086	0.00346	0.00494	0.02419	0.00790	0.00691
20	0.02106	0.02022	0.03454	0.05223	0.64784	0.02022	0.02612	0.02612	0.01938	0.02780	0.01601	0.02106	0.01348	0.00758	0.00842	0.00253	0.01011	0.00758	0.00421	0.01348
21	0.05200	0.02233	0.13522	0.01758	0.02509	0.01730	0.04493	0.18358	0.02360	0.03440	0.01974	0.08665	0.01704	0.00984	0.00782	0.00222	0.00852	0.00812	0.00598	0.27800
22	0.01111	0.00866	0.01007	0.00972	0.01214	0.00763	0.00729	0.01424	0.02187	0.02886	0.38002	0.07223	0.34691	0.01936	0.01005	0.00277	0.00415	0.01661	0.00868	0.00763
23	0.01238	0.00825	0.00928	0.00928	0.00928	0.00825	0.00516	0.01238	0.01238	0.01650	0.02681	0.05569	0.03094	0.70092	0.04331	0.00825	0.00825	0.01238	0.00516	0.00516
24	0.02275	0.70604	0.04459	0.01456	0.02184	0.03367	0.01456	0.02548	0.01729	0.02002	0.01183	0.01365	0.01092	0.00728	0.00546	0.00182	0.00910	0.00455	0.00364	0.01092
25	0.01867	0.18041	0.46413	0.02511	0.09681	0.02273	0.02735	0.02656	0.01797	0.02559	0.01463	0.01738	0.01109	0.00786	0.00757	0.00249	0.01159	0.00606	0.00367	0.01232
