[name]
unknown

[dist]
# distance from previous block
# <min> <max>
0	35

[block]
# block no. 0 follows, 21 sequences, length 167
# corresponding to MSA columns:
# 35-201
name=unknown_A
#
# <colnr> <probs for GDERKNQSTAVLIFYWHMCP>
#	G	D	E	R	K	N	Q	S	T	A	V	L	I	F	Y	W	H	M	C	P
0	0.01263	0.00945	0.01220	0.01358	0.01581	0.00902	0.01156	0.01602	0.01953	0.02473	0.05727	0.09181	0.22570	0.02293	0.01125	0.00361	0.00679	0.42060	0.00786	0.00764
1	0.02204	0.21002	0.03821	0.03858	0.38245	0.06093	0.07917	0.02650	0.01914	0.02522	0.01481	0.01888	0.01258	0.00753	0.00772	0.00235	0.01054	0.00687	0.00407	0.01238
2	0.02106	0.02022	0.03454	0.05223	0.64784	0.02022	0.02612	0.02612	0.01938	0.02780	0.01601	0.02106	0.01348	0.00758	0.00842	0.00253	0.01011	0.00758	0.00421	0.01348
3	0.01862	0.01862	0.02607	0.02234	0.02234	0.02607	0.01862	0.02048	0.01303	0.02048	0.01117	0.01862	0.01117	0.01489	0.02793	0.00372	0.68535	0.00745	0.00372	0.00931
4	0.01314	0.00939	0.01306	0.01502	0.01673	0.00930	0.01272	0.01665	0.01903	0.02483	0.04537	0.19793	0.05022	0.02404	0.01160	0.00384	0.00734	0.49423	0.00785	0.00768
5	0.30110	0.06462	0.02146	0.01930	0.05789	0.35724	0.01422	0.02977	0.01992	0.02762	0.01277	0.01502	0.01046	0.00830	0.00671	0.00236	0.01148	0.00523	0.00466	0.00989
6	0.05848	0.07900	0.08586	0.10030	0.36715	0.04888	0.02290	0.02784	0.07778	0.02748	0.01697	0.02075	0.01370	0.00814	0.00799	0.00254	0.01008	0.00717	0.00456	0.01243
7	0.01174	0.00902	0.01105	0.01214	0.01435	0.00833	0.00989	0.01462	0.01916	0.02397	0.06350	0.15285	0.31373	0.02297	0.01091	0.00341	0.00597	0.27707	0.00787	0.00745
8	0.02240	0.02491	0.03510	0.03194	0.14164	0.15577	0.22399	0.02777	0.04846	0.02489	0.01563	0.02049	0.01284	0.00953	0.01324	0.00286	0.16498	0.00806	0.00438	0.01110
9	0.02222	0.11539	0.19984	0.02810	0.06740	0.02132	0.27479	0.02887	0.01974	0.11325	0.01823	0.02121	0.01327	0.00791	0.00866	0.00264	0.01201	0.00804	0.00490	0.01221
10	0.02567	0.02401	0.02790	0.02228	0.02765	0.17850	0.15284	0.12990	0.05751	0.09482	0.08053	0.05548	0.02255	0.01096	0.01003	0.00268	0.04948	0.00934	0.00653	0.01135
11	0.01762	0.01594	0.02606	0.09911	0.38226	0.01609	0.01993	0.02239	0.02070	0.02930	0.22217	0.03519	0.03524	0.01090	0.00896	0.00261	0.00823	0.01015	0.00587	0.01130
12	0.02223	0.01298	0.01639	0.01280	0.01838	0.01070	0.01020	0.02593	0.02165	0.22103	0.21121	0.03503	0.03571	0.01096	0.00812	0.00211	0.00590	0.00925	0.00803	0.30139
13	0.01026	0.00863	0.00890	0.00883	0.01162	0.00727	0.00663	0.01261	0.01988	0.02413	0.14329	0.08002	0.58659	0.02113	0.01006	0.00285	0.00428	0.01770	0.00805	0.00727
14	0.02106	0.02022	0.03454	0.05223	0.64784	0.02022	0.02612	0.02612	0.01938	0.02780	0.01601	0.02106	0.01348	0.00758	0.00842	0.00253	0.01011	0.00758	0.00421	0.01348
15	0.01765	0.01513	0.01765	0.01260	0.02017	0.01134	0.01008	0.02143	0.01765	0.02773	0.01513	0.01765	0.01260	0.00630	0.00630	0.00126	0.00630	0.00504	0.00504	0.75295
16	0.02106	0.02022	0.03454	0.05223	0.64784	0.02022	0.02612	0.02612	0.01938	0.02780	0.01601	0.02106	0.01348	0.00758	0.00842	0.00253	0.01011	0.00758	0.00421	0.01348
17	0.01229	0.00859	0.01099	0.01099	0.01158	0.00918	0.00729	0.01347	0.01288	0.01777	0.02525	0.04703	0.02718	0.45317	0.28593	0.01036	0.01391	0.01111	0.00492	0.00611
18	0.01474	0.00805	0.00857	0.00858	0.01053	0.00786	0.00638	0.01850	0.01876	0.03115	0.12204	0.07311	0.06165	0.01243	0.00700	0.00220	0.00404	0.01034	0.56621	0.00786
19	0.01188	0.00804	0.00943	0.00991	0.01004	0.00792	0.00583	0.01225	0.01334	0.01779	0.03176	0.21311	0.03718	0.53499	0.03533	0.00707	0.00744	0.01528	0.00583	0.00559
20	0.01586	0.00793	0.00793	0.00793	0.00991	0.00793	0.00595	0.01983	0.01785	0.03173	0.02776	0.03173	0.02181	0.00991	0.00595	0.00198	0.00397	0.00793	0.74817	0.00793
21	0.01077	0.00865	0.00961	0.00937	0.01193	0.00749	0.00702	0.01359	0.02107	0.02697	0.28536	0.07535	0.44275	0.02007	0.01005	0.00280	0.00420	0.01704	0.00843	0.00749
22	0.05200	0.01303	0.02028	0.01771	0.05158	0.01268	0.12792	0.04857	0.02230	0.03318	0.32422	0.04360	0.04722	0.01283	0.00896	0.00258	0.00671	0.01179	0.13353	0.00933
23	0.02292	0.01789	0.01929	0.01709	0.02209	0.02028	0.01337	0.04483	0.56987	0.09922	0.03453	0.03146	0.02547	0.01144	0.00865	0.00286	0.00679	0.00951	0.00885	0.01357
24	0.02463	0.46394	0.09794	0.01747	0.02448	0.20213	0.01669	0.02790	0.01919	0.02090	0.01252	0.01452	0.01092	0.00776	0.00631	0.00200	0.01111	0.00497	0.00384	0.01080
25	0.01180	0.00850	0.01119	0.01113	0.01285	0.00790	0.00825	0.01534	0.02244	0.03143	0.50613	0.18318	0.07446	0.01939	0.01027	0.00288	0.00435	0.04166	0.00903	0.00781
26	0.01707	0.04402	0.65683	0.02426	0.03683	0.01976	0.03144	0.02695	0.01797	0.02695	0.01527	0.01797	0.01078	0.00809	0.00809	0.00270	0.01258	0.00629	0.00359	0.01258
27	0.02049	0.01982	0.03440	0.11753	0.55484	0.02015	0.05618	0.02572	0.01917	0.02714	0.01598	0.02133	0.01323	0.00766	0.00852	0.00258	0.01046	0.00771	0.00417	0.01295
28	0.01194	0.00869	0.01123	0.01060	0.01265	0.00799	0.00795	0.01586	0.02385	0.03356	0.61486	0.06451	0.10914	0.01761	0.01004	0.00269	0.00403	0.01552	0.00929	0.00799
29	0.03104	0.02109	0.02318	0.01812	0.02450	0.02277	0.01486	0.44430	0.09354	0.14278	0.02717	0.02596	0.04864	0.01097	0.00861	0.00261	0.00853	0.00851	0.00881	0.01401
30	0.01006	0.00862	0.00862	0.00862	0.01149	0.00718	0.00647	0.01221	0.01940	0.02299	0.08621	0.08190	0.64438	0.02155	0.01006	0.00287	0.00431	0.01796	0.00790	0.00718
31	0.01983	0.01897	0.03232	0.20684	0.50283	0.01990	0.02551	0.02504	0.01880	0.02631	0.01579	0.02146	0.01295	0.00781	0.00845	0.00260	0.01041	0.00758	0.00411	0.01249
32	0.02117	0.01828	0.01924	0.01732	0.02213	0.02117	0.01347	0.04522	0.63246	0.03560	0.03464	0.03175	0.02598	0.01155	0.00866	0.00289	0.00673	0.00962	0.00866	0.01347
33	0.02673	0.02386	0.03060	0.03490	0.29852	0.08661	0.05161	0.27214	0.02841	0.03776	0.01762	0.02034	0.01361	0.00877	0.00847	0.00252	0.01054	0.00754	0.00601	0.01343
34	0.02670	0.01736	0.01864	0.01526	0.02062	0.04713	0.01227	0.21005	0.08982	0.20555	0.04305	0.04043	0.18895	0.01346	0.00892	0.00268	0.00742	0.01081	0.00872	0.01217
35	0.02985	0.03200	0.02654	0.02720	0.14767	0.36464	0.01826	0.19326	0.02756	0.03120	0.01571	0.01786	0.01242	0.00894	0.00805	0.00236	0.01268	0.00649	0.00549	0.01184
36	0.01659	0.04063	0.59480	0.02295	0.03451	0.01864	0.02919	0.02590	0.01856	0.02764	0.07563	0.02235	0.01746	0.00898	0.00827	0.00269	0.01175	0.00716	0.00415	0.01214
37	0.01394	0.01168	0.01683	0.01581	0.01682	0.01474	0.01252	0.01649	0.01343	0.01977	0.01983	0.03063	0.01905	0.08673	0.45601	0.01063	0.20395	0.00884	0.00436	0.00793
38	0.02106	0.02022	0.03454	0.05223	0.64784	0.02022	0.02612	0.02612	0.01938	0.02780	0.01601	0.02106	0.01348	0.00758	0.00842	0.00253	0.01011	0.00758	0.00421	0.01348
39	0.01707	0.04402	0.65683	0.02426	0.03683	0.01976	0.03144	0.02695	0.01797	0.02695	0.01527	0.01797	0.01078	0.00809	0.00809	0.00270	0.01258	0.00629	0.00359	0.01258
40	0.02373	0.02437	0.03205	0.04466	0.49489	0.14676	0.02372	0.05783	0.02135	0.02775	0.01568	0.01991	0.01304	0.00795	0.00828	0.00246	0.01109	0.00718	0.00446	0.01282
41	0.01101	0.00858	0.01005	0.01032	0.01253	0.00763	0.00778	0.01376	0.02032	0.02622	0.23603	0.16368	0.34611	0.02126	0.01032	0.00300	0.00464	0.07099	0.00831	0.00745
42	0.01586	0.00793	0.00793	0.00793	0.00991	0.00793	0.00595	0.01983	0.01785	0.03173	0.02776	0.03173	0.02181	0.00991	0.00595	0.00198	0.00397	0.00793	0.74817	0.00793
43	0.02445	0.54128	0.04006	0.01786	0.05336	0.15783	0.01550	0.02719	0.01874	0.02056	0.01230	0.01435	0.01105	0.00759	0.00604	0.00193	0.01038	0.00488	0.00382	0.01084
44	0.01216	0.00912	0.01368	0.01368	0.01520	0.01064	0.01064	0.01520	0.01368	0.01976	0.02279	0.03343	0.02127	0.06382	0.66720	0.01368	0.02279	0.00912	0.00456	0.00760
45	0.01230	0.00853	0.01071	0.01071	0.01121	0.00903	0.00694	0.01330	0.01280	0.01756	0.02550	0.04843	0.02779	0.49323	0.24670	0.01002	0.01299	0.01131	0.00496	0.00595
46	0.01138	0.00867	0.01046	0.01001	0.01231	0.00775	0.00751	0.01478	0.02253	0.03043	0.45837	0.06965	0.26758	0.01878	0.01004	0.00274	0.00411	0.01624	0.00888	0.00775
47	0.01326	0.01059	0.01315	0.01304	0.01434	0.04519	0.00960	0.01551	0.01392	0.01901	0.02327	0.03794	0.02310	0.21766	0.47834	0.01173	0.01882	0.00972	0.00470	0.00712
48	0.01091	0.00865	0.00980	0.00951	0.01202	0.00755	0.00713	0.01386	0.02140	0.02775	0.32457	0.07406	0.40305	0.01977	0.01005	0.00279	0.00418	0.01686	0.00853	0.00755
49	0.01216	0.00912	0.01368	0.01368	0.01520	0.01064	0.01064	0.01520	0.01368	0.01976	0.02279	0.03343	0.02127	0.06382	0.66720	0.01368	0.02279	0.00912	0.00456	0.00760
50	0.01565	0.01426	0.02038	0.01836	0.01906	0.01898	0.01495	0.01805	0.01333	0.02015	0.01651	0.02542	0.01581	0.03736	0.32145	0.00829	0.38114	0.00821	0.00411	0.00852
51	0.02488	0.02012	0.02133	0.01807	0.02354	0.02290	0.01437	0.23571	0.43593	0.04158	0.02992	0.02800	0.02216	0.01110	0.00861	0.00278	0.00761	0.00897	0.00861	0.01380
52	0.03029	0.02744	0.02671	0.02572	0.13206	0.18678	0.01793	0.37095	0.03250	0.04097	0.01784	0.01926	0.01342	0.00940	0.00829	0.00246	0.01100	0.00710	0.00674	0.01314
53	0.02106	0.02022	0.03454	0.05223	0.64784	0.02022	0.02612	0.02612	0.01938	0.02780	0.01601	0.02106	0.01348	0.00758	0.00842	0.00253	0.01011	0.00758	0.00421	0.01348
54	0.01217	0.00930	0.01156	0.01270	0.01504	0.00869	0.01065	0.01534	0.01951	0.02442	0.06243	0.09004	0.30035	0.02268	0.01104	0.00348	0.00635	0.34882	0.00786	0.00756
55	0.02007	0.01921	0.03275	0.17697	0.53085	0.01996	0.02562	0.02525	0.01891	0.02660	0.01583	0.02139	0.01306	0.00777	0.00844	0.00259	0.01036	0.00758	0.00413	0.01268
56	0.03329	0.01977	0.09008	0.02043	0.08430	0.01638	0.01646	0.13675	0.02586	0.42469	0.02770	0.02558	0.01812	0.00993	0.00849	0.00262	0.00845	0.00807	0.00884	0.01418
57	0.01946	0.01620	0.01862	0.01347	0.02094	0.01320	0.01084	0.09522	0.02041	0.03093	0.01578	0.01799	0.01284	0.00679	0.00658	0.00142	0.00668	0.00537	0.00547	0.66182
58	0.01491	0.01295	0.01452	0.04695	0.04329	0.03930	0.01066	0.02294	0.15912	0.02978	0.26058	0.05598	0.22367	0.01609	0.00949	0.00276	0.00580	0.01372	0.00808	0.00938
59	0.01047	0.00745	0.00984	0.01172	0.01219	0.00698	0.00776	0.01188	0.01609	0.02145	0.04587	0.66236	0.05498	0.06145	0.01254	0.00370	0.00511	0.02358	0.00776	0.00682
60	0.02001	0.02372	0.17629	0.01666	0.02533	0.01598	0.01638	0.12450	0.02153	0.03194	0.01606	0.01820	0.01247	0.00741	0.00712	0.00183	0.00837	0.00579	0.00528	0.44515
61	0.02304	0.23002	0.09418	0.02932	0.23393	0.08834	0.02014	0.07654	0.04934	0.02720	0.01560	0.01829	0.01283	0.00801	0.00736	0.00227	0.01019	0.00634	0.00460	0.04247
62	0.06273	0.32891	0.03266	0.01796	0.02389	0.29718	0.01525	0.08625	0.02220	0.02447	0.01321	0.01502	0.01120	0.00822	0.00667	0.00209	0.01162	0.00524	0.00450	0.01074
63	0.01238	0.00825	0.00928	0.00928	0.00928	0.00825	0.00516	0.01238	0.01238	0.01650	0.02681	0.05569	0.03094	0.70092	0.04331	0.00825	0.00825	0.01238	0.00516	0.00516
64	0.01469	0.01126	0.01259	0.01113	0.01535	0.00962	0.00883	0.04645	0.02030	0.05808	0.05994	0.06316	0.37663	0.01720	0.00924	0.00259	0.00553	0.07411	0.00742	0.17586
65	0.02781	0.03575	0.13203	0.02320	0.06101	0.37631	0.01920	0.11216	0.08115	0.02802	0.01663	0.01830	0.01293	0.00904	0.00799	0.00241	0.01299	0.00641	0.00519	0.01147
66	0.03179	0.04056	0.02412	0.02192	0.02631	0.66676	0.01644	0.03398	0.02412	0.02083	0.01315	0.01535	0.01096	0.00877	0.00767	0.00219	0.01535	0.00548	0.00438	0.00987
67	0.01205	0.00886	0.01034	0.01058	0.01303	0.00784	0.00811	0.01466	0.01987	0.05111	0.15371	0.16515	0.37510	0.02147	0.01033	0.00306	0.00495	0.09393	0.00822	0.00766
68	0.02199	0.30522	0.29963	0.02000	0.02899	0.14292	0.02204	0.02765	0.01882	0.02310	0.01353	0.01578	0.01087	0.00789	0.00697	0.00226	0.01171	0.00545	0.00376	0.01143
69	0.02438	0.03338	0.23685	0.02969	0.18277	0.16588	0.02375	0.14596	0.02407	0.03109	0.01600	0.01863	0.01222	0.00854	0.00816	0.00251	0.01195	0.00670	0.00490	0.01257
70	0.01056	0.00843	0.00945	0.00964	0.01191	0.00733	0.00706	0.01302	0.01993	0.02528	0.20494	0.18211	0.41738	0.02149	0.01019	0.00293	0.00435	0.01844	0.00823	0.00733
71	0.03076	0.03860	0.02512	0.02484	0.08604	0.60463	0.01737	0.03323	0.02366	0.02150	0.01343	0.01590	0.01120	0.00866	0.00775	0.00222	0.01484	0.00568	0.00437	0.01021
72	0.01263	0.00892	0.01183	0.01231	0.01330	0.00942	0.00908	0.01460	0.01458	0.01979	0.02997	0.05823	0.03217	0.32287	0.24251	0.00898	0.01297	0.15358	0.00562	0.00663
73	0.02172	0.50937	0.19802	0.01733	0.02582	0.05850	0.01890	0.02623	0.01777	0.02180	0.01276	0.01482	0.01089	0.00755	0.00622	0.00206	0.01026	0.00503	0.00366	0.01129
74	0.02804	0.19016	0.02829	0.01979	0.02448	0.45698	0.01577	0.03039	0.02148	0.02057	0.01332	0.01613	0.01155	0.01183	0.04566	0.00283	0.04302	0.00556	0.00420	0.00995
75	0.01025	0.00863	0.00889	0.00882	0.01161	0.00727	0.00662	0.01258	0.01985	0.02406	0.13975	0.08014	0.59018	0.02115	0.01006	0.00285	0.00428	0.01771	0.00804	0.00727
76	0.01574	0.01154	0.01382	0.01231	0.01470	0.01176	0.00880	0.09606	0.01718	0.02394	0.02324	0.03965	0.02356	0.33979	0.20077	0.00796	0.01203	0.00984	0.00543	0.11187
77	0.01006	0.00862	0.00862	0.00862	0.01149	0.00718	0.00647	0.01221	0.01940	0.02299	0.08621	0.08190	0.64438	0.02155	0.01006	0.00287	0.00431	0.01796	0.00790	0.00718
78	0.03235	0.02384	0.02554	0.01958	0.02639	0.02639	0.01618	0.61946	0.04001	0.05363	0.02043	0.02043	0.01447	0.01022	0.00851	0.00255	0.00936	0.00766	0.00851	0.01447
79	0.01843	0.01590	0.01663	0.01518	0.01951	0.01773	0.01175	0.03710	0.48159	0.03250	0.04733	0.04409	0.17816	0.01401	0.00900	0.00288	0.00614	0.01167	0.00847	0.01192
80	0.02555	0.01436	0.01594	0.01311	0.01755	0.01481	0.01054	0.21847	0.02630	0.15973	0.02651	0.02753	0.01929	0.01013	0.00729	0.00229	0.00635	0.00797	0.36496	0.01133
81	0.02106	0.02022	0.03454	0.05223	0.64784	0.02022	0.02612	0.02612	0.01938	0.02780	0.01601	0.02106	0.01348	0.00758	0.00842	0.00253	0.01011	0.00758	0.00421	0.01348
82	0.01313	0.01101	0.01170	0.01112	0.01432	0.01077	0.00846	0.02099	0.17107	0.02799	0.16828	0.06644	0.39626	0.01838	0.00971	0.00284	0.00486	0.01547	0.00834	0.00887
83	0.02008	0.02608	0.18768	0.04535	0.49747	0.02011	0.02743	0.02632	0.01903	0.02759	0.01583	0.02030	0.01282	0.00771	0.00834	0.00257	0.01072	0.00726	0.00406	0.01326
84	0.72319	0.01786	0.04528	0.01186	0.01749	0.01913	0.01035	0.02511	0.01466	0.03761	0.01202	0.01404	0.00930	0.00791	0.00541	0.00264	0.00689	0.00469	0.00518	0.00939
85	0.01707	0.04402	0.65683	0.02426	0.03683	0.01976	0.03144	0.02695	0.01797	0.02695	0.01527	0.01797	0.01078	0.00809	0.00809	0.00270	0.01258	0.00629	0.00359	0.01258
86	0.03077	0.02231	0.02385	0.01846	0.02481	0.02462	0.01519	0.56184	0.03788	0.05153	0.02114	0.02152	0.01518	0.01019	0.00827	0.00250	0.00885	0.00769	0.07959	0.01384
87	0.03230	0.02546	0.02540	0.01981	0.02638	0.08873	0.01620	0.56246	0.03846	0.05044	0.01972	0.01994	0.01413	0.01008	0.00843	0.00252	0.00995	0.00745	0.00811	0.01402
88	0.01941	0.01853	0.03155	0.26064	0.45238	0.01978	0.02529	0.02467	0.01859	0.02579	0.01571	0.02160	0.01277	0.00789	0.00845	0.00263	0.01052	0.00758	0.00407	0.01214
89	0.02275	0.70604	0.04459	0.01456	0.02184	0.03367	0.01456	0.02548	0.01729	0.02002	0.01183	0.01365	0.01092	0.00728	0.00546	0.00182	0.00910	0.00455	0.00364	0.01092
90	0.01371	0.00980	0.01371	0.01567	0.01763	0.00980	0.01371	0.01763	0.01959	0.02547	0.04506	0.09599	0.04898	0.02351	0.01175	0.00392	0.00784	0.59056	0.00784	0.00784
91	0.01216	0.00912	0.01368	0.01368	0.01520	0.01064	0.01064	0.01520	0.01368	0.01976	0.02279	0.03343	0.02127	0.06382	0.66720	0.01368	0.02279	0.00912	0.00456	0.00760
92	0.03818	0.01448	0.01975	0.01514	0.02172	0.01251	0.01251	0.04147	0.02436	0.65373	0.03357	0.02897	0.02107	0.01053	0.00856	0.00263	0.00724	0.00856	0.01053	0.01448
93	0.01707	0.04402	0.65683	0.02426	0.03683	0.01976	0.03144	0.02695	0.01797	0.02695	0.01527	0.01797	0.01078	0.00809	0.00809	0.00270	0.01258	0.00629	0.00359	0.01258
94	0.03818	0.01448	0.01975	0.01514	0.02172	0.01251	0.01251	0.04147	0.02436	0.65373	0.03357	0.02897	0.02107	0.01053	0.00856	0.00263	0.00724	0.00856	0.01053	0.01448
95	0.01204	0.00870	0.01138	0.01071	0.01271	0.00803	0.00803	0.01606	0.02409	0.03413	0.64335	0.06357	0.08030	0.01740	0.01004	0.00268	0.00401	0.01539	0.00937	0.00803
96	0.01035	0.00863	0.00902	0.00892	0.01167	0.00731	0.00669	0.01277	0.02008	0.02461	0.16723	0.07923	0.56235	0.02095	0.01005	0.00285	0.00427	0.01759	0.00812	0.00731
97	0.01862	0.01862	0.02607	0.02234	0.02234	0.02607	0.01862	0.02048	0.01303	0.02048	0.01117	0.01862	0.01117	0.01489	0.02793	0.00372	0.68535	0.00745	0.00372	0.00931
98	0.02532	0.02027	0.02160	0.01795	0.02368	0.02269	0.01434	0.26625	0.37173	0.04218	0.02814	0.02665	0.02084	0.01076	0.00848	0.00267	0.00773	0.00863	0.00842	0.05166
99	0.01738	0.13889	0.08399	0.01479	0.01919	0.12596	0.01285	0.02150	0.05390	0.02292	0.04109	0.20038	0.18263	0.01623	0.00877	0.00270	0.00815	0.01339	0.00617	0.00913
100	0.01042	0.00864	0.00912	0.00900	0.01172	0.00734	0.00675	0.01291	0.02025	0.02502	0.18777	0.07856	0.54155	0.02080	0.01005	0.00284	0.00426	0.01749	0.00817	0.00734
101	0.01375	0.01165	0.01861	0.01683	0.01876	0.01374	0.06495	0.01699	0.01415	0.02051	0.02069	0.03045	0.01914	0.05205	0.52058	0.01134	0.11425	0.00897	0.00442	0.00818
102	0.02106	0.02022	0.03454	0.05223	0.64784	0.02022	0.02612	0.02612	0.01938	0.02780	0.01601	0.02106	0.01348	0.00758	0.00842	0.00253	0.01011	0.00758	0.00421	0.01348
103	0.02792	0.03412	0.02469	0.02205	0.02514	0.47868	0.01708	0.03002	0.02086	0.02073	0.01257	0.01631	0.01102	0.01057	0.01362	0.00264	0.21203	0.00606	0.00419	0.00970
104	0.01311	0.00917	0.01206	0.01337	0.01460	0.00914	0.01059	0.01561	0.01704	0.02231	0.03910	0.11196	0.04335	0.24838	0.02218	0.00533	0.00783	0.37104	0.00695	0.00690
105	0.02342	0.03372	0.17962	0.02197	0.02707	0.29609	0.02026	0.02741	0.01927	0.02234	0.01666	0.02013	0.04168	0.01094	0.01356	0.00278	0.20181	0.00684	0.00418	0.01025
106	0.03131	0.07620	0.02521	0.02153	0.02607	0.63285	0.01634	0.03353	0.02375	0.02078	0.01308	0.01526	0.01096	0.00869	0.00755	0.00217	0.01501	0.00543	0.00434	0.00992
107	0.01612	0.01583	0.01424	0.01359	0.01609	0.14023	0.01016	0.02004	0.05610	0.02666	0.24416	0.14999	0.17658	0.01752	0.01046	0.00280	0.03886	0.01460	0.00753	0.00842
108	0.02157	0.02396	0.02069	0.02025	0.05340	0.28368	0.01486	0.02411	0.01832	0.02083	0.01804	0.05860	0.01700	0.02900	0.23168	0.00635	0.11597	0.00810	0.00452	0.00905
109	0.01228	0.00821	0.00931	0.00940	0.00943	0.00819	0.00529	0.01235	0.01256	0.01675	0.02777	0.08625	0.03215	0.66871	0.04176	0.00802	0.00809	0.01294	0.00529	0.00524
110	0.02106	0.02022	0.03454	0.05223	0.64784	0.02022	0.02612	0.02612	0.01938	0.02780	0.01601	0.02106	0.01348	0.00758	0.00842	0.00253	0.01011	0.00758	0.00421	0.01348
111	0.03128	0.03959	0.02461	0.02337	0.05600	0.63587	0.01691	0.03361	0.02389	0.02116	0.01329	0.01562	0.01108	0.00871	0.00771	0.00221	0.01510	0.00558	0.00438	0.01004
112	0.02047	0.01960	0.03315	0.04990	0.61376	0.01952	0.02506	0.02537	0.01938	0.02754	0.01977	0.02432	0.04727	0.00833	0.00851	0.00255	0.00980	0.00814	0.00441	0.01314
113	0.01054	0.00864	0.00929	0.00913	0.01179	0.00739	0.00685	0.01315	0.02054	0.02571	0.22219	0.07743	0.50670	0.02054	0.01005	0.00283	0.00424	0.01733	0.00826	0.00739
114	0.01036	0.00856	0.00909	0.00911	0.01172	0.00729	0.00677	0.01275	0.01990	0.02453	0.16490	0.11424	0.52889	0.02124	0.01010	0.00288	0.00430	0.01794	0.00812	0.00729
115	0.01869	0.01893	0.02539	0.02115	0.02555	0.10492	0.17782	0.02733	0.16288	0.02689	0.06037	0.19212	0.03030	0.01697	0.04709	0.00353	0.01034	0.01302	0.00649	0.01020
116	0.01773	0.01672	0.02776	0.47034	0.22306	0.01939	0.02383	0.02414	0.04819	0.02414	0.01634	0.02268	0.01267	0.00840	0.00849	0.00275	0.01077	0.00767	0.00414	0.01079
117	0.01006	0.00862	0.00862	0.00862	0.01149	0.00718	0.00647	0.01221	0.01940	0.02299	0.08621	0.08190	0.64438	0.02155	0.01006	0.00287	0.00431	0.01796	0.00790	0.00718
118	0.01037	0.00741	0.00987	0.01185	0.01234	0.00691	0.00790	0.01185	0.01629	0.02172	0.04690	0.69537	0.05629	0.02666	0.01086	0.00346	0.00494	0.02419	0.00790	0.00691
119	0.01893	0.02987	0.28258	0.05904	0.03712	0.02061	0.21950	0.03091	0.15694	0.02874	0.02026	0.02294	0.01493	0.00859	0.00888	0.00280	0.01178	0.00834	0.00498	0.01226
120	0.01134	0.00937	0.01008	0.01036	0.01286	0.00864	0.00758	0.01571	0.08524	0.02405	0.07093	0.22742	0.43247	0.02172	0.01010	0.00302	0.00473	0.01859	0.00798	0.00780
121	0.01081	0.00799	0.01018	0.01155	0.01276	0.00736	0.00824	0.01289	0.01791	0.02347	0.10853	0.46389	0.16530	0.02456	0.01073	0.00333	0.00504	0.08027	0.00803	0.00716
122	0.02659	0.03133	0.02141	0.01961	0.02336	0.45907	0.01488	0.05919	0.02216	0.02223	0.01610	0.02042	0.01389	0.02350	0.18327	0.00527	0.01702	0.00656	0.00464	0.00950
123	0.02534	0.10715	0.20005	0.02299	0.06037	0.35974	0.02060	0.02989	0.02099	0.02274	0.01420	0.01704	0.01153	0.01097	0.03876	0.00285	0.01403	0.00589	0.00409	0.01080
124	0.02496	0.01793	0.02076	0.01717	0.02201	0.01991	0.01391	0.34743	0.06386	0.07055	0.02272	0.02603	0.01783	0.02899	0.23810	0.00645	0.01379	0.00833	0.00724	0.01202
125	0.01707	0.04402	0.65683	0.02426	0.03683	0.01976	0.03144	0.02695	0.01797	0.02695	0.01527	0.01797	0.01078	0.00809	0.00809	0.00270	0.01258	0.00629	0.00359	0.01258
126	0.02320	0.02574	0.03586	0.06961	0.30165	0.17962	0.18590	0.02816	0.02063	0.02565	0.01560	0.02025	0.01260	0.00781	0.00869	0.00255	0.01262	0.00774	0.00426	0.01185
127	0.02100	0.01512	0.02048	0.02391	0.17361	0.01529	0.01539	0.02990	0.17482	0.13507	0.03964	0.04780	0.12103	0.01407	0.00935	0.00294	0.00748	0.11381	0.00762	0.01168
128	0.01053	0.00767	0.00963	0.01113	0.01191	0.00709	0.00741	0.01196	0.01633	0.02137	0.05046	0.54224	0.13766	0.09501	0.01407	0.00386	0.00519	0.02209	0.00762	0.00677
129	0.02154	0.02224	0.02518	0.45344	0.04750	0.17907	0.02113	0.08351	0.02102	0.02465	0.01516	0.02066	0.01156	0.00874	0.00830	0.00265	0.01213	0.00706	0.00440	0.01005
130	0.17460	0.02698	0.02210	0.04956	0.02561	0.23264	0.01493	0.25245	0.02756	0.03706	0.01584	0.01743	0.01205	0.00901	0.00749	0.00240	0.01070	0.00621	0.00613	0.04926
131	0.02319	0.67347	0.04359	0.01492	0.02206	0.06466	0.01465	0.02590	0.01763	0.02006	0.01190	0.01373	0.01092	0.00735	0.00557	0.00184	0.00941	0.00460	0.00368	0.01087
132	0.01035	0.00857	0.00906	0.00906	0.01170	0.00729	0.00675	0.01273	0.01990	0.02448	0.16188	0.10834	0.53810	0.02122	0.01009	0.00287	0.00430	0.01790	0.00811	0.00729
133	0.01697	0.01446	0.01752	0.12993	0.02445	0.04946	0.01338	0.11355	0.02111	0.02763	0.09127	0.07065	0.13357	0.02671	0.17205	0.00549	0.04524	0.01120	0.00621	0.00916
134	0.01026	0.00863	0.00890	0.00883	0.01162	0.00727	0.00663	0.01261	0.01988	0.02413	0.14329	0.08002	0.58659	0.02113	0.01006	0.00285	0.00428	0.01770	0.00805	0.00727
135	0.03179	0.04056	0.02412	0.02192	0.02631	0.66676	0.01644	0.03398	0.02412	0.02083	0.01315	0.01535	0.01096	0.00877	0.00767	0.00219	0.01535	0.00548	0.00438	0.00987
136	0.22419	0.05202	0.01747	0.01422	0.01918	0.01903	0.01141	0.06172	0.28288	0.06377	0.03405	0.03259	0.11084	0.01168	0.00776	0.00273	0.00661	0.00906	0.00744	0.01134
137	0.02781	0.03336	0.02521	0.02749	0.15231	0.46973	0.01815	0.03076	0.02270	0.02271	0.01690	0.02450	0.01524	0.00999	0.00823	0.00243	0.01353	0.06385	0.00469	0.01040
138	0.02976	0.02607	0.02315	0.01893	0.02444	0.18185	0.01502	0.38444	0.06394	0.04154	0.02006	0.02228	0.01547	0.04932	0.01018	0.00278	0.01040	0.00751	0.04041	0.01246
139	0.01232	0.00846	0.01036	0.01036	0.01074	0.00884	0.00651	0.01307	0.01270	0.01730	0.02582	0.05021	0.02856	0.54414	0.19685	0.00959	0.01183	0.01157	0.00501	0.00576
140	0.01990	0.01933	0.03308	0.16100	0.45341	0.02057	0.05872	0.02491	0.01844	0.02605	0.01550	0.02125	0.01286	0.00836	0.01024	0.00271	0.06959	0.00771	0.00410	0.01228
141	0.01188	0.00874	0.01115	0.01115	0.01269	0.00911	0.00814	0.01407	0.01501	0.02044	0.03956	0.05025	0.17681	0.19312	0.33184	0.00920	0.01402	0.01196	0.04389	0.00697
142	0.01560	0.01567	0.01366	0.01399	0.05114	0.12580	0.00982	0.04588	0.02122	0.02434	0.06611	0.06369	0.46597	0.01795	0.00947	0.00272	0.00684	0.01466	0.00710	0.00837
143	0.02080	0.47889	0.25467	0.01789	0.02699	0.02890	0.02035	0.02599	0.01752	0.02240	0.01301	0.01513	0.01087	0.00756	0.00636	0.00212	0.01029	0.00515	0.00362	0.01149
144	0.01037	0.00741	0.00987	0.01185	0.01234	0.00691	0.00790	0.01185	0.01629	0.02172	0.04690	0.69537	0.05629	0.02666	0.01086	0.00346	0.00494	0.02419	0.00790	0.00691
145	0.33845	0.02182	0.02420	0.01980	0.02463	0.13033	0.13546	0.02582	0.01701	0.02945	0.01363	0.01766	0.01118	0.01182	0.04422	0.00334	0.11031	0.00651	0.00466	0.00972
146	0.01216	0.00912	0.01368	0.01368	0.01520	0.01064	0.01064	0.01520	0.01368	0.01976	0.02279	0.03343	0.02127	0.06382	0.66720	0.01368	0.02279	0.00912	0.00456	0.00760
147	0.01194	0.00970	0.01071	0.01027	0.01306	0.00899	0.00776	0.01711	0.08767	0.02814	0.26944	0.07023	0.38592	0.01906	0.00990	0.00281	0.00447	0.01618	0.00848	0.00815
148	0.01765	0.01513	0.01765	0.01260	0.02017	0.01134	0.01008	0.02143	0.01765	0.02773	0.01513	0.01765	0.01260	0.00630	0.00630	0.00126	0.00630	0.00504	0.00504	0.75295
149	0.02101	0.02037	0.03538	0.05136	0.61552	0.02029	0.05776	0.02618	0.01942	0.02777	0.01607	0.02116	0.01345	0.00756	0.00851	0.00255	0.01034	0.00771	0.00422	0.01337
150	0.02231	0.01885	0.01989	0.01755	0.02257	0.02170	0.01375	0.10405	0.57177	0.03745	0.03318	0.03059	0.02480	0.01141	0.00864	0.00285	0.00700	0.00942	0.00864	0.01357
151	0.05486	0.01731	0.02546	0.09830	0.32348	0.01853	0.01943	0.02872	0.15557	0.02942	0.02141	0.02497	0.01709	0.01168	0.04177	0.00316	0.00934	0.00801	0.07948	0.01202
152	0.01862	0.01862	0.02607	0.02234	0.02234	0.02607	0.01862	0.02048	0.01303	0.02048	0.01117	0.01862	0.01117	0.01489	0.02793	0.00372	0.68535	0.00745	0.00372	0.00931
153	0.01662	0.01216	0.01481	0.01355	0.01577	0.01345	0.01004	0.13326	0.05037	0.02608	0.02428	0.03820	0.02340	0.26204	0.29815	0.00916	0.01453	0.00994	0.00574	0.00843
154	0.01037	0.00741	0.00987	0.01185	0.01234	0.00691	0.00790	0.01185	0.01629	0.02172	0.04690	0.69537	0.05629	0.02666	0.01086	0.00346	0.00494	0.02419	0.00790	0.00691
155	0.03179	0.04056	0.02412	0.02192	0.02631	0.66676	0.01644	0.03398	0.02412	0.02083	0.01315	0.01535	0.01096	0.00877	0.00767	0.00219	0.01535	0.00548	0.00438	0.00987
156	0.02227	0.01791	0.02011	0.01494	0.02215	0.01636	0.01209	0.20383	0.05313	0.03595	0.01765	0.01915	0.01380	0.00773	0.00708	0.00173	0.00725	0.00605	0.00626	0.49456
157	0.02100	0.02225	0.02843	0.02804	0.13039	0.11673	0.04924	0.02371	0.01605	0.02211	0.01258	0.01878	0.01162	0.01239	0.02082	0.00326	0.44116	0.00732	0.00393	0.01021
158	0.01523	0.00813	0.00891	0.00891	0.01081	0.00839	0.00675	0.01904	0.01714	0.02969	0.02692	0.03202	0.02172	0.01908	0.11841	0.00397	0.00717	0.00813	0.62169	0.00788
159	0.01404	0.00990	0.01207	0.01120	0.01376	0.00942	0.00842	0.01947	0.08132	0.06496	0.43998	0.06104	0.15408	0.04900	0.01138	0.00298	0.00469	0.01471	0.00895	0.00864
160	0.02498	0.54227	0.03955	0.01637	0.02294	0.18947	0.01502	0.02757	0.01897	0.02022	0.01216	0.01407	0.01093	0.00765	0.00601	0.00191	0.01064	0.00478	0.00382	0.01066
161	0.16277	0.11964	0.08594	0.01807	0.02354	0.22701	0.01579	0.09024	0.02082	0.02793	0.01462	0.01770	0.01208	0.01457	0.07714	0.00359	0.04739	0.00599	0.00480	0.01038
162	0.02764	0.06551	0.05963	0.02013	0.02525	0.42254	0.01619	0.06427	0.12958	0.02550	0.02094	0.02182	0.04514	0.00985	0.00793	0.00238	0.01255	0.00693	0.00543	0.01080
163	0.01594	0.01202	0.01346	0.01270	0.01560	0.01201	0.00958	0.16194	0.02314	0.02992	0.05264	0.25932	0.24451	0.05552	0.01173	0.00330	0.00612	0.04383	0.00791	0.00882
164	0.05989	0.02004	0.11290	0.02669	0.17652	0.01793	0.04941	0.05315	0.01839	0.02680	0.02755	0.14076	0.08438	0.01377	0.01234	0.00298	0.12937	0.01123	0.00534	0.01055
165	0.02179	0.02803	0.15413	0.05980	0.18385	0.13039	0.08786	0.03194	0.16084	0.02791	0.01975	0.02222	0.01523	0.00879	0.00847	0.00264	0.01124	0.00771	0.00513	0.01228
166	0.05977	0.03465	0.44285	0.02739	0.14646	0.01868	0.02694	0.02564	0.01862	0.02844	0.07557	0.02269	0.01787	0.00888	0.00817	0.00266	0.01096	0.00731	0.00436	0.01212

[dist]
# distance from previous block
# <min> <max>
0	2

[block]
# block no. 1 follows, 21 sequences, length 24
# corresponding to MSA columns:
# 204-227
name=unknown_B
#
# <colnr> <probs for GDERKNQSTAVLIFYWHMCP>
#	G	D	E	R	K	N	Q	S	T	A	V	L	I	F	Y	W	H	M	C	P
0	0.02585	0.15771	0.02907	0.02029	0.02568	0.32726	0.06458	0.03070	0.07651	0.02327	0.01529	0.01759	0.01267	0.00871	0.00861	0.00223	0.05237	0.00613	0.00466	0.09083
1	0.02273	0.14502	0.07908	0.01860	0.02450	0.02331	0.05094	0.15290	0.16404	0.05646	0.02716	0.02761	0.07455	0.01121	0.01029	0.00269	0.08180	0.00855	0.00652	0.01203
2	0.02107	0.02370	0.14334	0.02387	0.05534	0.01981	0.15609	0.03533	0.27851	0.07157	0.02511	0.02576	0.01858	0.00937	0.00872	0.00272	0.00970	0.00869	0.00646	0.05625
3	0.02603	0.02330	0.02128	0.01774	0.02321	0.14896	0.01413	0.27134	0.11948	0.03754	0.02861	0.03069	0.08303	0.01155	0.00847	0.00251	0.00928	0.03456	0.00730	0.08100
4	0.01137	0.00862	0.01054	0.01064	0.01274	0.00779	0.00805	0.01449	0.02126	0.02832	0.34035	0.14762	0.25307	0.02038	0.01030	0.00295	0.00457	0.07073	0.00859	0.00761
5	0.02275	0.70604	0.04459	0.01456	0.02184	0.03367	0.01456	0.02548	0.01729	0.02002	0.01183	0.01365	0.01092	0.00728	0.00546	0.00182	0.00910	0.00455	0.00364	0.01092
6	0.01725	0.04276	0.62058	0.02495	0.03729	0.01987	0.06643	0.02697	0.01809	0.02697	0.01539	0.01827	0.01091	0.00803	0.00820	0.00271	0.01268	0.00651	0.00364	0.01251
7	0.02819	0.02640	0.07974	0.01949	0.02584	0.13404	0.01661	0.26988	0.19704	0.07970	0.02347	0.02300	0.01713	0.01016	0.00837	0.00260	0.00982	0.00776	0.00753	0.01323
8	0.02275	0.70604	0.04459	0.01456	0.02184	0.03367	0.01456	0.02548	0.01729	0.02002	0.01183	0.01365	0.01092	0.00728	0.00546	0.00182	0.00910	0.00455	0.00364	0.01092
9	0.01008	0.00855	0.00870	0.00882	0.01155	0.00717	0.00655	0.01219	0.01921	0.02291	0.08378	0.11976	0.60809	0.02187	0.01011	0.00291	0.00435	0.01835	0.00790	0.00717
10	0.02106	0.02022	0.03454	0.05223	0.64784	0.02022	0.02612	0.02612	0.01938	0.02780	0.01601	0.02106	0.01348	0.00758	0.00842	0.00253	0.01011	0.00758	0.00421	0.01348
11	0.01238	0.00825	0.00928	0.00928	0.00928	0.00825	0.00516	0.01238	0.01238	0.01650	0.02681	0.05569	0.03094	0.70092	0.04331	0.00825	0.00825	0.01238	0.00516	0.00516
12	0.01185	0.00858	0.01191	0.01230	0.01327	0.00935	0.00883	0.01388	0.01390	0.01940	0.02852	0.17037	0.03047	0.20326	0.39272	0.01039	0.01589	0.01287	0.00536	0.00690
13	0.03021	0.03668	0.02575	0.02635	0.11954	0.53824	0.01788	0.06164	0.02419	0.02349	0.01394	0.01645	0.01151	0.00866	0.00783	0.00226	0.01427	0.00590	0.00456	0.01063
14	0.01103	0.00863	0.01017	0.01111	0.01321	0.00777	0.00859	0.01347	0.01873	0.02331	0.06698	0.22678	0.36170	0.02321	0.01066	0.00327	0.00533	0.16090	0.00789	0.00728
15	0.01052	0.00753	0.01001	0.01174	0.01238	0.00702	0.00791	0.01224	0.01702	0.02288	0.10236	0.63663	0.05852	0.02580	0.01079	0.00338	0.00485	0.02337	0.00804	0.00702
16	0.03193	0.03643	0.02447	0.02134	0.02633	0.50851	0.01638	0.17866	0.02804	0.02893	0.01495	0.01660	0.01183	0.00913	0.00788	0.00228	0.01387	0.00602	0.00540	0.01100
17	0.01806	0.03712	0.45810	0.02806	0.03934	0.02034	0.22325	0.02705	0.01866	0.02705	0.01591	0.01960	0.01148	0.00779	0.00873	0.00275	0.01316	0.00752	0.00383	0.01222
18	0.02106	0.02022	0.03454	0.05223	0.64784	0.02022	0.02612	0.02612	0.01938	0.02780	0.01601	0.02106	0.01348	0.00758	0.00842	0.00253	0.01011	0.00758	0.00421	0.01348
19	0.02242	0.02646	0.04502	0.03309	0.04086	0.15000	0.49736	0.02860	0.02089	0.02598	0.01641	0.02144	0.01252	0.00749	0.00957	0.00273	0.01455	0.00913	0.00432	0.01116
20	0.02237	0.02437	0.02132	0.02410	0.14524	0.27611	0.01531	0.05924	0.02173	0.02456	0.02928	0.19102	0.08176	0.01423	0.00888	0.00266	0.01035	0.01181	0.00579	0.00988
21	0.02193	0.02247	0.03563	0.04727	0.51081	0.08050	0.10281	0.02700	0.01991	0.02708	0.01590	0.02078	0.01317	0.00764	0.00857	0.00254	0.01115	0.00771	0.00424	0.01288
22	0.03016	0.07514	0.02513	0.01970	0.02518	0.32324	0.01563	0.27320	0.02994	0.03441	0.02035	0.02123	0.04953	0.01002	0.00801	0.00236	0.01183	0.00705	0.00624	0.01167
23	0.02810	0.06406	0.02708	0.08133	0.14458	0.46513	0.01875	0.03114	0.02235	0.02217	0.01379	0.01694	0.01146	0.00846	0.00778	0.00229	0.01377	0.00600	0.00427	0.01055

[dist]
# distance from previous block
# <min> <max>
3	8

[block]
# block no. 2 follows, 21 sequences, length 13
# corresponding to MSA columns:
# 236-248
name=unknown_C
#
# <colnr> <probs for GDERKNQSTAVLIFYWHMCP>
#	G	D	E	R	K	N	Q	S	T	A	V	L	I	F	Y	W	H	M	C	P
0	0.01915	0.09574	0.33523	0.03272	0.20004	0.02146	0.12338	0.02664	0.01862	0.02658	0.01546	0.01920	0.01186	0.00773	0.00825	0.00260	0.01188	0.00708	0.00388	0.01249
1	0.06035	0.08038	0.47873	0.02259	0.03307	0.13047	0.02670	0.02795	0.01878	0.02612	0.01453	0.01705	0.01073	0.00814	0.00771	0.00256	0.01252	0.00596	0.00382	0.01184
2	0.02088	0.02073	0.03745	0.04919	0.53575	0.02046	0.13587	0.02633	0.01951	0.02770	0.01623	0.02141	0.01337	0.00751	0.00873	0.00259	0.01090	0.00804	0.00423	0.01311
3	0.02451	0.25631	0.03512	0.03143	0.27049	0.19830	0.01963	0.02801	0.01995	0.02331	0.01384	0.01704	0.01194	0.00780	0.00723	0.00220	0.01118	0.00600	0.00407	0.01165
4	0.01807	0.03741	0.47288	0.02937	0.09897	0.02016	0.14889	0.02693	0.01853	0.02710	0.01574	0.01928	0.01148	0.00785	0.00851	0.00271	0.01269	0.00717	0.00380	0.01245
5	0.01006	0.00862	0.00862	0.00862	0.01149	0.00718	0.00647	0.01221	0.01940	0.02299	0.08621	0.08190	0.64438	0.02155	0.01006	0.00287	0.00431	0.01796	0.00790	0.00718
6	0.01849	0.01721	0.02882	0.09630	0.47082	0.01743	0.02224	0.02288	0.01856	0.02607	0.02216	0.15707	0.02193	0.01150	0.00892	0.00274	0.00917	0.01093	0.00492	0.01182
7	0.01009	0.00848	0.00877	0.00901	0.01160	0.00715	0.00664	0.01217	0.01903	0.02284	0.08151	0.15525	0.57407	0.02216	0.01015	0.00294	0.00439	0.01871	0.00790	0.00715
8	0.01528	0.01342	0.01830	0.01684	0.01718	0.01724	0.01316	0.01703	0.01400	0.02081	0.02311	0.17946	0.02532	0.10719	0.07679	0.00495	0.35514	0.01204	0.04470	0.00803
9	0.02281	0.43152	0.11189	0.02009	0.02794	0.08235	0.11904	0.05165	0.01937	0.02351	0.01360	0.01614	0.01140	0.00760	0.00685	0.00216	0.01091	0.00589	0.00401	0.01126
10	0.02623	0.02649	0.19987	0.01956	0.02744	0.02084	0.01914	0.20931	0.18124	0.14400	0.02483	0.02406	0.01748	0.01001	0.00844	0.00269	0.00924	0.00793	0.00752	0.01369
11	0.03164	0.02736	0.02489	0.02000	0.02615	0.17212	0.01609	0.45598	0.06734	0.04521	0.01951	0.01986	0.01427	0.00996	0.00833	0.00249	0.01059	0.00727	0.00758	0.01337
12	0.02679	0.02565	0.02694	0.03015	0.22870	0.17910	0.01885	0.22186	0.05840	0.03468	0.02137	0.02318	0.04675	0.00966	0.00837	0.00249	0.01067	0.00774	0.00608	0.01259

[dist]
# distance from previous block
# <min> <max>
0	2

[block]
# block no. 3 follows, 21 sequences, length 22
# corresponding to MSA columns:
# 251-272
name=unknown_D
#
# <colnr> <probs for GDERKNQSTAVLIFYWHMCP>
#	G	D	E	R	K	N	Q	S	T	A	V	L	I	F	Y	W	H	M	C	P
0	0.02531	0.37105	0.10016	0.01897	0.02593	0.22675	0.04230	0.05724	0.02069	0.02292	0.01324	0.01534	0.01118	0.00796	0.00675	0.00210	0.01162	0.00540	0.00413	0.01096
1	0.01013	0.00835	0.00890	0.00933	0.01168	0.00712	0.00678	0.01213	0.01871	0.02271	0.07755	0.21700	0.51487	0.02268	0.01023	0.00300	0.00445	0.01933	0.00790	0.00712
2	0.01063	0.00759	0.01017	0.01214	0.01275	0.00713	0.00835	0.01229	0.01655	0.02201	0.04676	0.64931	0.05572	0.02642	0.01093	0.00349	0.00516	0.06771	0.00789	0.00698
3	0.02955	0.03631	0.02630	0.02826	0.15622	0.53162	0.01846	0.03234	0.02313	0.02229	0.01375	0.01654	0.01149	0.00852	0.00783	0.00226	0.01425	0.00592	0.00435	0.01062
4	0.02184	0.55465	0.04051	0.01627	0.02195	0.03200	0.01545	0.02438	0.01635	0.02012	0.01169	0.01475	0.01098	0.00896	0.01041	0.00224	0.15803	0.00519	0.00366	0.01057
5	0.01036	0.00872	0.00905	0.00921	0.01201	0.00740	0.00707	0.01267	0.01941	0.02320	0.08276	0.08308	0.59447	0.02172	0.01020	0.00296	0.00461	0.06596	0.00790	0.00724
6	0.01996	0.02769	0.17717	0.03201	0.09544	0.05867	0.30695	0.02644	0.01871	0.02585	0.01552	0.02058	0.01212	0.00868	0.01204	0.00289	0.11542	0.00833	0.00406	0.01149
7	0.02813	0.02116	0.02307	0.01772	0.02436	0.02223	0.01447	0.46267	0.03410	0.04655	0.02071	0.05517	0.01627	0.01026	0.00817	0.00233	0.00849	0.00798	0.00776	0.16843
8	0.01173	0.00869	0.01094	0.01037	0.01252	0.00789	0.00778	0.01544	0.02334	0.03235	0.55434	0.06650	0.17042	0.01806	0.01004	0.00271	0.00406	0.01580	0.00913	0.00789
9	0.01995	0.01908	0.03252	0.19279	0.51601	0.01993	0.02556	0.02514	0.01885	0.02645	0.01581	0.02143	0.01300	0.00779	0.00844	0.00260	0.01039	0.00758	0.00412	0.01258
10	0.02117	0.01828	0.01924	0.01732	0.02213	0.02117	0.01347	0.04522	0.63246	0.03560	0.03464	0.03175	0.02598	0.01155	0.00866	0.00289	0.00673	0.00962	0.00866	0.01347
11	0.01833	0.01547	0.01671	0.01521	0.01927	0.01725	0.01175	0.03636	0.45391	0.03423	0.16619	0.04260	0.08917	0.01361	0.00906	0.00284	0.00596	0.01153	0.00874	0.01181
12	0.02106	0.02022	0.03454	0.05223	0.64784	0.02022	0.02612	0.02612	0.01938	0.02780	0.01601	0.02106	0.01348	0.00758	0.00842	0.00253	0.01011	0.00758	0.00421	0.01348
13	0.02166	0.02294	0.02966	0.24007	0.23335	0.15512	0.07186	0.02794	0.06679	0.02499	0.01667	0.02136	0.01319	0.00839	0.00845	0.00261	0.01169	0.00750	0.00446	0.01129
14	0.21988	0.02588	0.14486	0.01970	0.06135	0.08176	0.01720	0.13377	0.11973	0.03551	0.01820	0.01942	0.01371	0.00891	0.00740	0.00256	0.00929	0.00655	0.00589	0.04842
15	0.02174	0.02332	0.03360	0.03945	0.35345	0.13357	0.14609	0.02647	0.02036	0.02601	0.02220	0.02603	0.07084	0.00899	0.00878	0.00257	0.01139	0.00868	0.00460	0.01184
16	0.08247	0.19794	0.06156	0.01567	0.02045	0.16506	0.01371	0.02347	0.01919	0.02388	0.07634	0.03286	0.14853	0.01217	0.00947	0.00248	0.07119	0.00877	0.00528	0.00949
17	0.02458	0.18518	0.18239	0.02126	0.02855	0.27371	0.05469	0.03105	0.07674	0.02386	0.01558	0.01756	0.01240	0.00844	0.00751	0.00234	0.01245	0.00612	0.00442	0.01118
18	0.01976	0.12546	0.19888	0.07707	0.15939	0.04846	0.02194	0.02887	0.12819	0.02661	0.02107	0.02337	0.04029	0.00936	0.00873	0.00260	0.03561	0.00749	0.00487	0.01199
19	0.13324	0.01984	0.01706	0.01481	0.01902	0.15824	0.01158	0.12700	0.02467	0.08713	0.18005	0.03152	0.03131	0.01140	0.00794	0.00246	0.00807	0.00883	0.09559	0.01024
20	0.09074	0.16982	0.14845	0.02069	0.02779	0.07702	0.08631	0.11055	0.07900	0.03005	0.01649	0.01874	0.01291	0.00905	0.00924	0.00257	0.06712	0.00674	0.00508	0.01165
21	0.07951	0.01908	0.07578	0.08360	0.29903	0.01726	0.08310	0.02281	0.01876	0.02702	0.03113	0.03394	0.15164	0.01075	0.00867	0.00269	0.00927	0.00978	0.00504	0.01115

[dist]
# distance from previous block
# <min> <max>
1	2

[block]
# block no. 4 follows, 21 sequences, length 15
# corresponding to MSA columns:
# 275-289
name=unknown_E
#
# <colnr> <probs for GDERKNQSTAVLIFYWHMCP>
#	G	D	E	R	K	N	Q	S	T	A	V	L	I	F	Y	W	H	M	C	P
0	0.02121	0.02068	0.02315	0.12739	0.13808	0.14870	0.01733	0.10039	0.02079	0.02610	0.01903	0.06143	0.01724	0.05383	0.12522	0.00484	0.05076	0.00859	0.00502	0.01022
1	0.01006	0.00862	0.00862	0.00862	0.01149	0.00718	0.00647	0.01221	0.01940	0.02299	0.08621	0.08190	0.64438	0.02155	0.01006	0.00287	0.00431	0.01796	0.00790	0.00718
2	0.01765	0.01513	0.01765	0.01260	0.02017	0.01134	0.01008	0.02143	0.01765	0.02773	0.01513	0.01765	0.01260	0.00630	0.00630	0.00126	0.00630	0.00504	0.00504	0.75295
3	0.01865	0.01776	0.03019	0.35556	0.36334	0.01959	0.02492	0.02401	0.01824	0.02488	0.01558	0.02185	0.01245	0.00803	0.00847	0.00268	0.01071	0.00757	0.00400	0.01154
4	0.01966	0.02639	0.15629	0.03563	0.11046	0.02106	0.44692	0.02708	0.01963	0.02727	0.01674	0.02186	0.01260	0.00738	0.00951	0.00280	0.01356	0.00910	0.00417	0.01190
5	0.01139	0.00867	0.01047	0.01002	0.01231	0.00775	0.00752	0.01480	0.02255	0.03048	0.46107	0.06957	0.26485	0.01876	0.01004	0.00274	0.00411	0.01623	0.00889	0.00775
6	0.02059	0.02039	0.03675	0.08680	0.50718	0.02037	0.12932	0.02606	0.01936	0.02735	0.01617	0.02149	0.01325	0.00757	0.00871	0.00261	0.01092	0.00801	0.00420	0.01289
7	0.03235	0.02384	0.02554	0.01958	0.02639	0.02639	0.01618	0.61946	0.04001	0.05363	0.02043	0.02043	0.01447	0.01022	0.00851	0.00255	0.00936	0.00766	0.00851	0.01447
8	0.01216	0.00912	0.01368	0.01368	0.01520	0.01064	0.01064	0.01520	0.01368	0.01976	0.02279	0.03343	0.02127	0.06382	0.66720	0.01368	0.02279	0.00912	0.00456	0.00760
9	0.02059	0.02224	0.03011	0.02469	0.02679	0.10846	0.12468	0.02344	0.01573	0.02173	0.01250	0.01896	0.01145	0.01273	0.02212	0.00337	0.47908	0.00765	0.00391	0.00977
10	0.01359	0.01123	0.01643	0.01560	0.01679	0.01407	0.01241	0.01637	0.01353	0.01992	0.02021	0.03014	0.01903	0.05294	0.52496	0.01146	0.17022	0.00875	0.00437	0.00798
