[name]
unknown

[dist]
# distance from previous block
# <min> <max>
0	17

[block]
# block no. 0 follows, 20 sequences, length 76
# corresponding to MSA columns:
# 17-92
name=unknown_A
#
# <colnr> <probs for GDERKNQSTAVLIFYWHMCP>
#	G	D	E	R	K	N	Q	S	T	A	V	L	I	F	Y	W	H	M	C	P
0	0.01989	0.01832	0.03060	0.04511	0.49926	0.01832	0.02391	0.02481	0.01991	0.02796	0.02311	0.03888	0.02201	0.01145	0.00940	0.00291	0.00984	0.13665	0.00515	0.01251
1	0.01268	0.00846	0.00951	0.00951	0.00951	0.00846	0.00529	0.01268	0.01268	0.01691	0.02748	0.05708	0.03171	0.69345	0.04440	0.00846	0.00846	0.01268	0.00529	0.00529
2	0.01031	0.00884	0.00884	0.00884	0.01178	0.00736	0.00663	0.01252	0.01988	0.02356	0.08837	0.08395	0.63549	0.02209	0.01031	0.00295	0.00442	0.01841	0.00810	0.00736
3	0.17155	0.49271	0.06718	0.01499	0.02227	0.03040	0.01474	0.05766	0.01843	0.02649	0.01278	0.01462	0.01103	0.00779	0.00586	0.00212	0.00899	0.00493	0.00434	0.01112
4	0.01793	0.01465	0.01618	0.01462	0.01847	0.01588	0.01130	0.06370	0.32275	0.03564	0.24579	0.04846	0.10855	0.01489	0.00950	0.00286	0.00584	0.01267	0.00904	0.01128
5	0.01822	0.12669	0.57305	0.02362	0.03584	0.02204	0.03007	0.02744	0.01833	0.02674	0.01521	0.01786	0.01107	0.00818	0.00795	0.00265	0.01245	0.00622	0.00369	0.01268
6	0.03914	0.01484	0.02024	0.01552	0.02227	0.01282	0.01282	0.04251	0.02497	0.64507	0.03441	0.02969	0.02159	0.01080	0.00877	0.00270	0.00742	0.00877	0.01080	0.01484
7	0.02055	0.01976	0.03309	0.14499	0.48681	0.02114	0.02559	0.02549	0.01882	0.02677	0.01576	0.02158	0.01324	0.00869	0.01072	0.00277	0.07955	0.00775	0.00420	0.01274
8	0.02959	0.02680	0.02478	0.10145	0.03026	0.18676	0.01702	0.35416	0.03266	0.04043	0.02231	0.02359	0.04992	0.01055	0.00860	0.00258	0.01112	0.00789	0.00700	0.01254
9	0.01063	0.00759	0.01012	0.01215	0.01265	0.00709	0.00810	0.01215	0.01670	0.02227	0.04808	0.68775	0.05769	0.02733	0.01113	0.00354	0.00506	0.02480	0.00810	0.00709
10	0.01247	0.00930	0.01377	0.01377	0.01524	0.01077	0.01060	0.01542	0.01395	0.02007	0.02359	0.03552	0.02235	0.09988	0.62517	0.01371	0.02255	0.00953	0.00471	0.00765
11	0.03258	0.04157	0.02472	0.02247	0.02697	0.65843	0.01685	0.03483	0.02472	0.02135	0.01348	0.01573	0.01124	0.00899	0.00787	0.00225	0.01573	0.00562	0.00449	0.01011
12	0.01235	0.00892	0.01166	0.01097	0.01303	0.00823	0.00823	0.01646	0.02469	0.03498	0.63443	0.06516	0.08230	0.01783	0.01029	0.00274	0.00412	0.01578	0.00960	0.00823
13	0.01031	0.00884	0.00884	0.00884	0.01178	0.00736	0.00663	0.01252	0.01988	0.02356	0.08837	0.08395	0.63549	0.02209	0.01031	0.00295	0.00442	0.01841	0.00810	0.00736
14	0.01750	0.04512	0.64825	0.02486	0.03775	0.02026	0.03223	0.02762	0.01842	0.02762	0.01565	0.01842	0.01105	0.00829	0.00829	0.00276	0.01289	0.00645	0.00368	0.01289
15	0.04941	0.01513	0.01466	0.01364	0.01758	0.04976	0.01061	0.05329	0.22542	0.03008	0.05758	0.05761	0.30673	0.01686	0.00950	0.00294	0.00642	0.04455	0.00807	0.01017
16	0.01268	0.00846	0.00951	0.00951	0.00951	0.00846	0.00529	0.01268	0.01268	0.01691	0.02748	0.05708	0.03171	0.69345	0.04440	0.00846	0.00846	0.01268	0.00529	0.00529
17	0.01750	0.04512	0.64825	0.02486	0.03775	0.02026	0.03223	0.02762	0.01842	0.02762	0.01565	0.01842	0.01105	0.00829	0.00829	0.00276	0.01289	0.00645	0.00368	0.01289
18	0.01926	0.01835	0.03119	0.33559	0.37520	0.02011	0.02561	0.02473	0.01876	0.02567	0.01600	0.02235	0.01282	0.00820	0.00867	0.00273	0.01094	0.00776	0.00412	0.01194
19	0.02159	0.02073	0.03541	0.05354	0.63903	0.02073	0.02677	0.02677	0.01986	0.02850	0.01641	0.02159	0.01382	0.00777	0.00864	0.00259	0.01036	0.00777	0.00432	0.01382
20	0.01068	0.00893	0.00935	0.00946	0.01229	0.00760	0.00724	0.01311	0.02014	0.02432	0.11297	0.08402	0.56589	0.02202	0.01043	0.00301	0.00466	0.05824	0.00817	0.00746
21	0.01435	0.01260	0.01788	0.02343	0.20964	0.01178	0.01336	0.01796	0.02103	0.02787	0.19716	0.05978	0.30651	0.01656	0.00978	0.00279	0.00622	0.01442	0.00727	0.00960
22	0.02811	0.03306	0.02221	0.02019	0.02413	0.46766	0.01524	0.07127	0.02341	0.02334	0.01643	0.02131	0.01432	0.05038	0.12649	0.00467	0.01633	0.00677	0.00486	0.00981
23	0.01063	0.00759	0.01012	0.01215	0.01265	0.00709	0.00810	0.01215	0.01670	0.02227	0.04808	0.68775	0.05769	0.02733	0.01113	0.00354	0.00506	0.02480	0.00810	0.00709
24	0.03348	0.02392	0.02586	0.01982	0.02679	0.02628	0.01638	0.57932	0.04015	0.08683	0.02167	0.02141	0.01520	0.01049	0.00873	0.00262	0.00948	0.00790	0.00884	0.01483
25	0.01185	0.00834	0.01085	0.01162	0.01220	0.00853	0.00773	0.01319	0.01454	0.01977	0.03432	0.29184	0.03919	0.28569	0.18230	0.00795	0.01082	0.01648	0.00621	0.00658
26	0.01062	0.00885	0.00927	0.00916	0.01197	0.00750	0.00687	0.01312	0.02062	0.02531	0.17184	0.08107	0.55093	0.02144	0.01031	0.00291	0.00437	0.01801	0.00833	0.00750
27	0.03258	0.04157	0.02472	0.02247	0.02697	0.65843	0.01685	0.03483	0.02472	0.02135	0.01348	0.01573	0.01124	0.00899	0.00787	0.00225	0.01573	0.00562	0.00449	0.01011
28	0.01750	0.04512	0.64825	0.02486	0.03775	0.02026	0.03223	0.02762	0.01842	0.02762	0.01565	0.01842	0.01105	0.00829	0.00829	0.00276	0.01289	0.00645	0.00368	0.01289
29	0.01750	0.04512	0.64825	0.02486	0.03775	0.02026	0.03223	0.02762	0.01842	0.02762	0.01565	0.01842	0.01105	0.00829	0.00829	0.00276	0.01289	0.00645	0.00368	0.01289
30	0.01189	0.00890	0.01102	0.01049	0.01275	0.00804	0.00787	0.01557	0.02361	0.03241	0.51152	0.06939	0.20682	0.01879	0.01029	0.00279	0.00418	0.01637	0.00926	0.00804
31	0.01063	0.00759	0.01012	0.01215	0.01265	0.00709	0.00810	0.01215	0.01670	0.02227	0.04808	0.68775	0.05769	0.02733	0.01113	0.00354	0.00506	0.02480	0.00810	0.00709
32	0.01750	0.04512	0.64825	0.02486	0.03775	0.02026	0.03223	0.02762	0.01842	0.02762	0.01565	0.01842	0.01105	0.00829	0.00829	0.00276	0.01289	0.00645	0.00368	0.01289
33	0.02159	0.02073	0.03541	0.05354	0.63903	0.02073	0.02677	0.02677	0.01986	0.02850	0.01641	0.02159	0.01382	0.00777	0.00864	0.00259	0.01036	0.00777	0.00432	0.01382
34	0.01065	0.00791	0.00994	0.01141	0.01249	0.00720	0.00780	0.01244	0.01776	0.02319	0.08653	0.53203	0.17729	0.02577	0.01092	0.00338	0.00488	0.02302	0.00818	0.00720
35	0.03258	0.04157	0.02472	0.02247	0.02697	0.65843	0.01685	0.03483	0.02472	0.02135	0.01348	0.01573	0.01124	0.00899	0.00787	0.00225	0.01573	0.00562	0.00449	0.01011
36	0.06118	0.08995	0.56812	0.02337	0.03544	0.02123	0.02966	0.02740	0.01816	0.02779	0.01520	0.01785	0.01097	0.00822	0.00793	0.00269	0.01228	0.00622	0.00379	0.01257
37	0.02060	0.01839	0.03030	0.03087	0.19327	0.01974	0.12876	0.05867	0.02103	0.06290	0.14175	0.03060	0.02751	0.01174	0.01379	0.00297	0.15987	0.00989	0.00590	0.01146
38	0.06386	0.39113	0.29046	0.01879	0.02835	0.02780	0.02169	0.02671	0.01784	0.02452	0.01357	0.01581	0.01103	0.00784	0.00669	0.00228	0.01064	0.00540	0.00381	0.01179
39	0.01080	0.00805	0.01011	0.01168	0.01284	0.00736	0.00819	0.01265	0.01766	0.02283	0.05701	0.50992	0.18722	0.02592	0.01101	0.00344	0.00513	0.06287	0.00809	0.00722
40	0.13909	0.05740	0.02470	0.02191	0.10037	0.09409	0.01580	0.29065	0.02892	0.04111	0.01788	0.01954	0.01361	0.00922	0.00769	0.00244	0.00946	0.00683	0.04698	0.05232
41	0.05822	0.02358	0.08889	0.01810	0.02396	0.08402	0.01556	0.11568	0.32564	0.03532	0.03347	0.03216	0.08391	0.01185	0.00867	0.00281	0.00854	0.00942	0.00760	0.01260
42	0.01429	0.01137	0.01330	0.01369	0.01632	0.01165	0.01063	0.02262	0.17411	0.02780	0.08565	0.21183	0.17938	0.02090	0.01054	0.00333	0.00603	0.14905	0.00836	0.00915
43	0.02117	0.01733	0.01974	0.01438	0.02198	0.01479	0.01161	0.14238	0.02278	0.03386	0.01662	0.01867	0.01331	0.00728	0.00692	0.00156	0.00710	0.00572	0.00590	0.59688
44	0.01793	0.07369	0.58880	0.02505	0.03747	0.02100	0.06231	0.02757	0.01850	0.02732	0.01560	0.01849	0.01117	0.00820	0.00827	0.00273	0.01283	0.00657	0.00372	0.01275
45	0.01782	0.08122	0.61497	0.02431	0.03690	0.02105	0.03127	0.02754	0.01838	0.02723	0.01546	0.01817	0.01106	0.00824	0.00814	0.00271	0.01269	0.00635	0.00369	0.01280
46	0.01268	0.00846	0.00951	0.00951	0.00951	0.00846	0.00529	0.01268	0.01268	0.01691	0.02748	0.05708	0.03171	0.69345	0.04440	0.00846	0.00846	0.01268	0.00529	0.00529
47	0.01121	0.00784	0.00995	0.01140	0.01176	0.00748	0.00730	0.01230	0.01556	0.02074	0.04222	0.50827	0.05030	0.21690	0.02060	0.00494	0.00603	0.02135	0.00730	0.00657
48	0.05536	0.01351	0.01731	0.11389	0.02442	0.01459	0.04282	0.02502	0.19012	0.02776	0.04347	0.21972	0.14302	0.01708	0.00962	0.00309	0.00705	0.01497	0.00735	0.00981
49	0.01246	0.00935	0.01402	0.01402	0.01558	0.01090	0.01090	0.01558	0.01402	0.02025	0.02336	0.03427	0.02181	0.06542	0.65888	0.01402	0.02336	0.00935	0.00467	0.00779
50	0.01268	0.00846	0.00951	0.00951	0.00951	0.00846	0.00529	0.01268	0.01268	0.01691	0.02748	0.05708	0.03171	0.69345	0.04440	0.00846	0.00846	0.01268	0.00529	0.00529
51	0.02159	0.02073	0.03541	0.05354	0.63903	0.02073	0.02677	0.02677	0.01986	0.02850	0.01641	0.02159	0.01382	0.00777	0.00864	0.00259	0.01036	0.00777	0.00432	0.01382
52	0.02570	0.53028	0.04033	0.01686	0.02356	0.19442	0.01542	0.02835	0.01952	0.02073	0.01247	0.01444	0.01120	0.00785	0.00618	0.00196	0.01097	0.00491	0.00393	0.01092
53	0.01031	0.00884	0.00884	0.00884	0.01178	0.00736	0.00663	0.01252	0.01988	0.02356	0.08837	0.08395	0.63549	0.02209	0.01031	0.00295	0.00442	0.01841	0.00810	0.00736
54	0.01031	0.00884	0.00884	0.00884	0.01178	0.00736	0.00663	0.01252	0.01988	0.02356	0.08837	0.08395	0.63549	0.02209	0.01031	0.00295	0.00442	0.01841	0.00810	0.00736
55	0.02133	0.02144	0.03952	0.04924	0.48694	0.02107	0.17557	0.02707	0.02005	0.02835	0.01673	0.02209	0.01367	0.00766	0.00906	0.00268	0.01148	0.00842	0.00434	0.01329
56	0.01063	0.00759	0.01012	0.01215	0.01265	0.00709	0.00810	0.01215	0.01670	0.02227	0.04808	0.68775	0.05769	0.02733	0.01113	0.00354	0.00506	0.02480	0.00810	0.00709
57	0.03258	0.04157	0.02472	0.02247	0.02697	0.65843	0.01685	0.03483	0.02472	0.02135	0.01348	0.01573	0.01124	0.00899	0.00787	0.00225	0.01573	0.00562	0.00449	0.01011
58	0.02159	0.02073	0.03541	0.05354	0.63903	0.02073	0.02677	0.02677	0.01986	0.02850	0.01641	0.02159	0.01382	0.00777	0.00864	0.00259	0.01036	0.00777	0.00432	0.01382
59	0.01063	0.00759	0.01012	0.01215	0.01265	0.00709	0.00810	0.01215	0.01670	0.02227	0.04808	0.68775	0.05769	0.02733	0.01113	0.00354	0.00506	0.02480	0.00810	0.00709
60	0.01246	0.00935	0.01402	0.01402	0.01558	0.01090	0.01090	0.01558	0.01402	0.02025	0.02336	0.03427	0.02181	0.06542	0.65888	0.01402	0.02336	0.00935	0.00467	0.00779
61	0.01750	0.04512	0.64825	0.02486	0.03775	0.02026	0.03223	0.02762	0.01842	0.02762	0.01565	0.01842	0.01105	0.00829	0.00829	0.00276	0.01289	0.00645	0.00368	0.01289
62	0.01908	0.01908	0.02672	0.02290	0.02290	0.02672	0.01908	0.02099	0.01336	0.02099	0.01145	0.01908	0.01145	0.01527	0.02863	0.00382	0.67748	0.00763	0.00382	0.00954
63	0.02406	0.01961	0.02073	0.01776	0.02312	0.02216	0.01406	0.19983	0.41931	0.04068	0.03524	0.03299	0.06667	0.01219	0.00894	0.00286	0.00747	0.00991	0.00878	0.01363
64	0.02073	0.35411	0.21673	0.06808	0.03322	0.02735	0.11702	0.02657	0.01837	0.02388	0.01427	0.01746	0.01152	0.00777	0.00735	0.00237	0.01138	0.00631	0.00384	0.01166
65	0.01119	0.00855	0.01028	0.01053	0.01250	0.00763	0.00764	0.01398	0.02096	0.02773	0.29309	0.23130	0.26955	0.02176	0.01051	0.00302	0.00446	0.01901	0.00869	0.00763
66	0.01727	0.01699	0.09348	0.01468	0.01907	0.01400	0.01272	0.16743	0.02386	0.03142	0.04765	0.22730	0.20621	0.05280	0.01161	0.00328	0.00719	0.01571	0.00757	0.00979
67	0.02092	0.02005	0.03421	0.13387	0.56389	0.02055	0.02644	0.02619	0.01955	0.02769	0.01629	0.02181	0.01353	0.00790	0.00865	0.00263	0.01053	0.00777	0.00426	0.01328
68	0.06193	0.05205	0.01767	0.01482	0.01880	0.22900	0.01149	0.08874	0.02299	0.02949	0.03156	0.03288	0.12413	0.01167	0.00765	0.00236	0.00900	0.00873	0.21545	0.00959
69	0.01981	0.10386	0.34898	0.02315	0.06255	0.12009	0.02414	0.02651	0.01866	0.02471	0.01630	0.02040	0.01307	0.01799	0.11847	0.00449	0.01462	0.00670	0.00402	0.01147
70	0.05722	0.10002	0.43519	0.02247	0.06066	0.01985	0.02555	0.02552	0.01886	0.02803	0.07349	0.02564	0.05186	0.00977	0.00818	0.00267	0.01086	0.00773	0.00457	0.01187
71	0.08964	0.24034	0.17644	0.02135	0.09081	0.08063	0.01906	0.02704	0.04955	0.02663	0.05295	0.02352	0.04947	0.00946	0.00742	0.00243	0.00994	0.00712	0.00482	0.01138
72	0.05811	0.17571	0.19268	0.04502	0.02552	0.02004	0.01810	0.02538	0.08879	0.02693	0.05796	0.12854	0.02710	0.01327	0.00847	0.00281	0.00893	0.06013	0.00576	0.01075
73	0.05996	0.28437	0.22829	0.02481	0.12438	0.02512	0.05022	0.02605	0.01821	0.02544	0.01598	0.05110	0.01392	0.00880	0.00741	0.00244	0.01050	0.00700	0.00415	0.01186
74	0.06053	0.02566	0.12165	0.02644	0.17186	0.14745	0.01886	0.02808	0.08899	0.02924	0.13020	0.03183	0.06043	0.01113	0.00866	0.00264	0.00984	0.00919	0.00596	0.01134
75	0.09776	0.12543	0.32000	0.02343	0.06352	0.05699	0.05795	0.06085	0.06275	0.02972	0.01655	0.01884	0.01250	0.00848	0.00780	0.00261	0.01128	0.00659	0.00463	0.01231

[dist]
# distance from previous block
# <min> <max>
1	31

[block]
# block no. 1 follows, 20 sequences, length 209
# corresponding to MSA columns:
# 124-332
name=unknown_B
#
# <colnr> <probs for GDERKNQSTAVLIFYWHMCP>
#	G	D	E	R	K	N	Q	S	T	A	V	L	I	F	Y	W	H	M	C	P
0	0.05758	0.30836	0.13729	0.13548	0.03452	0.02672	0.09524	0.06409	0.01954	0.02610	0.01458	0.01803	0.01166	0.00803	0.00738	0.00242	0.01089	0.00643	0.00425	0.01143
1	0.13816	0.28965	0.05964	0.01610	0.02181	0.16445	0.01440	0.02634	0.01837	0.02449	0.01487	0.01822	0.01287	0.01593	0.09487	0.00378	0.01217	0.00576	0.03794	0.01016
2	0.02061	0.28366	0.38732	0.02108	0.03143	0.06722	0.02490	0.02755	0.01858	0.02462	0.01422	0.01662	0.01111	0.00803	0.00728	0.00240	0.01178	0.00574	0.00375	0.01209
3	0.02063	0.12596	0.33719	0.02236	0.03161	0.08731	0.07872	0.05945	0.02036	0.02769	0.01775	0.04788	0.01433	0.00923	0.00806	0.00258	0.01171	0.00747	0.05793	0.01178
4	0.01250	0.01055	0.01087	0.01125	0.01303	0.05015	0.00791	0.01459	0.01925	0.02433	0.16218	0.26727	0.24326	0.09558	0.01414	0.00366	0.00575	0.01853	0.00783	0.00738
5	0.18690	0.06054	0.01685	0.01293	0.01741	0.01710	0.01048	0.15682	0.02235	0.03680	0.02226	0.06667	0.01874	0.01359	0.04324	0.00303	0.00757	0.00806	0.22895	0.04971
6	0.01812	0.01741	0.01514	0.01386	0.01680	0.15891	0.01040	0.05881	0.02450	0.03072	0.34882	0.05288	0.12984	0.05210	0.01146	0.00295	0.00742	0.01309	0.00795	0.00883
7	0.01847	0.01878	0.01879	0.01755	0.01926	0.16290	0.01356	0.02081	0.01642	0.02059	0.02033	0.07185	0.02009	0.07966	0.28338	0.00794	0.16706	0.00936	0.00471	0.00851
8	0.02015	0.02024	0.02749	0.15127	0.34073	0.09993	0.02121	0.02437	0.01959	0.02512	0.02528	0.03098	0.08926	0.05468	0.01109	0.00303	0.01043	0.00910	0.00478	0.01127
9	0.01743	0.04318	0.60755	0.06723	0.03921	0.02020	0.03170	0.02728	0.01835	0.02728	0.01564	0.01873	0.01109	0.00832	0.00832	0.00277	0.01281	0.00653	0.00370	0.01268
10	0.02247	0.06872	0.02750	0.02228	0.02380	0.17252	0.01830	0.02451	0.01626	0.02104	0.01196	0.01798	0.01138	0.01331	0.02234	0.00333	0.48156	0.00698	0.00397	0.00978
11	0.01968	0.02462	0.11851	0.12297	0.10119	0.02155	0.37757	0.02672	0.01951	0.02688	0.01673	0.02249	0.01273	0.00804	0.01047	0.00292	0.04238	0.00912	0.00421	0.01172
12	0.02033	0.36281	0.35536	0.02003	0.03028	0.02719	0.02382	0.02689	0.01808	0.02417	0.01394	0.01627	0.01112	0.00789	0.00698	0.00233	0.01116	0.00558	0.00371	0.01207
13	0.01063	0.00759	0.01012	0.01215	0.01265	0.00709	0.00810	0.01215	0.01670	0.02227	0.04808	0.68775	0.05769	0.02733	0.01113	0.00354	0.00506	0.02480	0.00810	0.00709
14	0.01246	0.00901	0.01051	0.01030	0.01283	0.00789	0.00766	0.01529	0.02137	0.05794	0.26576	0.14883	0.34705	0.02073	0.01033	0.00294	0.00454	0.01782	0.00874	0.00799
15	0.02124	0.38963	0.21270	0.02063	0.07112	0.05558	0.02034	0.02635	0.01884	0.02410	0.05421	0.01922	0.01600	0.00847	0.00699	0.00225	0.01036	0.00616	0.00418	0.01162
16	0.02125	0.02038	0.03479	0.09500	0.60025	0.02064	0.02660	0.02647	0.01970	0.02808	0.01635	0.02170	0.01367	0.00784	0.00864	0.00261	0.01045	0.00777	0.00429	0.01354
17	0.01031	0.00884	0.00884	0.00884	0.01178	0.00736	0.00663	0.01252	0.01988	0.02356	0.08837	0.08395	0.63549	0.02209	0.01031	0.00295	0.00442	0.01841	0.00810	0.00736
18	0.02159	0.02073	0.03541	0.05354	0.63903	0.02073	0.02677	0.02677	0.01986	0.02850	0.01641	0.02159	0.01382	0.00777	0.00864	0.00259	0.01036	0.00777	0.00432	0.01382
19	0.02210	0.02195	0.03411	0.08578	0.56232	0.06697	0.02591	0.02711	0.02008	0.02763	0.01614	0.02126	0.01351	0.00791	0.00858	0.00258	0.01082	0.00761	0.00431	0.01332
20	0.01246	0.00935	0.01402	0.01402	0.01558	0.01090	0.01090	0.01558	0.01402	0.02025	0.02336	0.03427	0.02181	0.06542	0.65888	0.01402	0.02336	0.00935	0.00467	0.00779
21	0.02015	0.01188	0.01228	0.01088	0.01405	0.01248	0.00851	0.15594	0.02352	0.03768	0.02673	0.02986	0.02063	0.01023	0.00670	0.00217	0.00534	0.00807	0.57324	0.00967
22	0.01975	0.01345	0.01477	0.01273	0.01584	0.01369	0.00928	0.18086	0.02311	0.07465	0.04016	0.05122	0.16507	0.29967	0.02406	0.00515	0.00777	0.01237	0.00729	0.00911
23	0.02050	0.01463	0.01757	0.10340	0.02373	0.01631	0.01300	0.09911	0.16054	0.07339	0.06264	0.03377	0.05779	0.01439	0.04039	0.00322	0.03763	0.00950	0.18757	0.01091
24	0.01063	0.00759	0.01012	0.01215	0.01265	0.00709	0.00810	0.01215	0.01670	0.02227	0.04808	0.68775	0.05769	0.02733	0.01113	0.00354	0.00506	0.02480	0.00810	0.00709
25	0.01607	0.00819	0.00842	0.00842	0.01043	0.00827	0.00634	0.02009	0.01808	0.03191	0.02820	0.03261	0.02233	0.01291	0.03861	0.00263	0.00503	0.00819	0.70515	0.00811
26	0.02388	0.02506	0.03318	0.04708	0.51168	0.15342	0.02471	0.02845	0.02087	0.02701	0.01580	0.02037	0.01328	0.00803	0.00848	0.00252	0.01148	0.00732	0.00435	0.01305
27	0.01107	0.00950	0.00957	0.00943	0.01251	0.00832	0.00711	0.01478	0.06030	0.02443	0.08482	0.08050	0.59471	0.02140	0.01021	0.00295	0.00458	0.01784	0.00815	0.00780
28	0.01244	0.00835	0.00959	0.00983	0.00989	0.00829	0.00562	0.01262	0.01316	0.01755	0.02994	0.13217	0.03481	0.61413	0.04044	0.00787	0.00805	0.01413	0.00562	0.00550
29	0.02414	0.02475	0.03301	0.04629	0.49835	0.13914	0.02448	0.05428	0.02171	0.02835	0.01607	0.02047	0.01338	0.00812	0.00850	0.00253	0.01132	0.00738	0.00455	0.01318
30	0.05474	0.06939	0.40099	0.02863	0.08150	0.02140	0.16650	0.02747	0.01883	0.02797	0.01584	0.01943	0.01170	0.00798	0.00851	0.00274	0.01266	0.00728	0.00399	0.01244
31	0.03258	0.04157	0.02472	0.02247	0.02697	0.65843	0.01685	0.03483	0.02472	0.02135	0.01348	0.01573	0.01124	0.00899	0.00787	0.00225	0.01573	0.00562	0.00449	0.01011
32	0.02488	0.14341	0.22582	0.02144	0.02888	0.23936	0.02121	0.03125	0.06088	0.05128	0.01619	0.01828	0.01267	0.00925	0.00925	0.00253	0.06092	0.00630	0.00463	0.01158
33	0.03129	0.08024	0.02723	0.02369	0.07113	0.42894	0.01738	0.16244	0.02755	0.02934	0.01527	0.01721	0.01223	0.00913	0.00796	0.00233	0.01354	0.00621	0.00538	0.01151
34	0.01063	0.00759	0.01012	0.01215	0.01265	0.00709	0.00810	0.01215	0.01670	0.02227	0.04808	0.68775	0.05769	0.02733	0.01113	0.00354	0.00506	0.02480	0.00810	0.00709
35	0.01668	0.01210	0.01434	0.01301	0.01567	0.01280	0.00982	0.12172	0.05178	0.03104	0.16987	0.04642	0.08107	0.14506	0.16471	0.00629	0.01042	0.01175	0.05647	0.00898
36	0.02158	0.02773	0.17532	0.06101	0.18612	0.06752	0.09409	0.05635	0.16187	0.03040	0.02078	0.02327	0.01585	0.00904	0.00876	0.00275	0.01109	0.00810	0.00542	0.01293
37	0.01770	0.01242	0.01356	0.01220	0.01621	0.01201	0.00948	0.05142	0.14616	0.11211	0.09366	0.06219	0.37143	0.01771	0.00973	0.00289	0.00556	0.01473	0.00873	0.01009
38	0.01063	0.00759	0.01012	0.01215	0.01265	0.00709	0.00810	0.01215	0.01670	0.02227	0.04808	0.68775	0.05769	0.02733	0.01113	0.00354	0.00506	0.02480	0.00810	0.00709
39	0.02930	0.03552	0.02729	0.02964	0.16752	0.47655	0.01926	0.03221	0.02297	0.02297	0.01404	0.01726	0.01184	0.00906	0.00920	0.00241	0.05137	0.00623	0.00442	0.01093
40	0.02432	0.01950	0.02450	0.02516	0.16452	0.01964	0.01646	0.26855	0.02795	0.03884	0.02192	0.10087	0.01933	0.01096	0.00847	0.00242	0.00850	0.00926	0.00682	0.18201
41	0.01410	0.01016	0.01294	0.01399	0.01561	0.01014	0.01048	0.08469	0.02037	0.02704	0.04441	0.47289	0.05087	0.02458	0.01106	0.00354	0.00628	0.15047	0.00816	0.00823
42	0.03019	0.03291	0.02750	0.02907	0.16768	0.36933	0.01907	0.16280	0.02728	0.03058	0.01584	0.01825	0.01264	0.00904	0.00824	0.00241	0.01311	0.00662	0.00541	0.01203
43	0.02303	0.66644	0.07544	0.01542	0.02315	0.03381	0.01578	0.02619	0.01776	0.02087	0.01230	0.01421	0.01119	0.00750	0.00573	0.00191	0.00950	0.00475	0.00373	0.01128
44	0.02397	0.01993	0.03335	0.04838	0.55534	0.01965	0.02488	0.02891	0.02055	0.11216	0.01885	0.02269	0.01487	0.00818	0.00865	0.00261	0.00996	0.00791	0.00520	0.01396
45	0.01911	0.11743	0.43817	0.03015	0.17165	0.02206	0.02894	0.02725	0.01866	0.02698	0.01540	0.01861	0.01169	0.00807	0.00805	0.00262	0.01190	0.00653	0.00383	0.01290
46	0.03258	0.04157	0.02472	0.02247	0.02697	0.65843	0.01685	0.03483	0.02472	0.02135	0.01348	0.01573	0.01124	0.00899	0.00787	0.00225	0.01573	0.00562	0.00449	0.01011
47	0.01908	0.01908	0.02672	0.02290	0.02290	0.02672	0.01908	0.02099	0.01336	0.02099	0.01145	0.01908	0.01145	0.01527	0.02863	0.00382	0.67748	0.00763	0.00382	0.00954
48	0.02332	0.69869	0.04571	0.01493	0.02239	0.03451	0.01493	0.02612	0.01772	0.02052	0.01213	0.01399	0.01119	0.00746	0.00560	0.00187	0.00933	0.00466	0.00373	0.01119
49	0.01268	0.00846	0.00951	0.00951	0.00951	0.00846	0.00529	0.01268	0.01268	0.01691	0.02748	0.05708	0.03171	0.69345	0.04440	0.00846	0.00846	0.01268	0.00529	0.00529
50	0.01723	0.01220	0.01401	0.01274	0.01460	0.01298	0.00885	0.15034	0.01965	0.02648	0.02675	0.08685	0.02815	0.40519	0.11981	0.00757	0.01058	0.01190	0.00617	0.00795
51	0.02159	0.02073	0.03541	0.05354	0.63903	0.02073	0.02677	0.02677	0.01986	0.02850	0.01641	0.02159	0.01382	0.00777	0.00864	0.00259	0.01036	0.00777	0.00432	0.01382
52	0.01258	0.00841	0.00954	0.00964	0.00967	0.00839	0.00542	0.01266	0.01288	0.01717	0.02849	0.08780	0.03298	0.66101	0.04278	0.00822	0.00829	0.01327	0.00542	0.00537
53	0.01101	0.00802	0.01087	0.04418	0.01481	0.00775	0.00874	0.01267	0.01654	0.02200	0.04546	0.62398	0.05415	0.05960	0.01267	0.00376	0.00555	0.02336	0.00775	0.00712
54	0.14904	0.01667	0.02110	0.01849	0.02007	0.02172	0.01512	0.04872	0.01504	0.02553	0.01495	0.02281	0.01408	0.05331	0.14100	0.00566	0.37519	0.00767	0.00456	0.00926
55	0.01042	0.00884	0.00899	0.00896	0.01185	0.00741	0.00672	0.01274	0.02015	0.02420	0.11880	0.08290	0.60467	0.02185	0.01031	0.00293	0.00440	0.01826	0.00818	0.00741
56	0.01091	0.00886	0.00966	0.00946	0.01215	0.00762	0.00710	0.01367	0.02129	0.02691	0.24820	0.07845	0.47357	0.02084	0.01030	0.00289	0.00433	0.01764	0.00854	0.00762
57	0.02291	0.02306	0.03299	0.04724	0.52139	0.09672	0.02465	0.02915	0.06427	0.02823	0.01745	0.02169	0.01444	0.00821	0.00856	0.00258	0.01075	0.00767	0.00467	0.01338
58	0.02399	0.65097	0.04418	0.01547	0.02272	0.07983	0.01507	0.02675	0.01823	0.02058	0.01223	0.01412	0.01120	0.00757	0.00576	0.00189	0.00979	0.00473	0.00379	0.01112
59	0.01055	0.00788	0.00983	0.01139	0.01245	0.00715	0.00776	0.01223	0.01743	0.02257	0.05734	0.54896	0.19051	0.02612	0.01094	0.00341	0.00491	0.02333	0.00810	0.00715
60	0.02159	0.02073	0.03541	0.05354	0.63903	0.02073	0.02677	0.02677	0.01986	0.02850	0.01641	0.02159	0.01382	0.00777	0.00864	0.00259	0.01036	0.00777	0.00432	0.01382
61	0.19375	0.27916	0.09526	0.01740	0.02409	0.21381	0.01605	0.02874	0.01920	0.02579	0.01290	0.01501	0.01079	0.00815	0.00650	0.00226	0.01100	0.00515	0.00433	0.01065
62	0.01265	0.01074	0.01119	0.01096	0.01421	0.01018	0.00844	0.01910	0.13071	0.02611	0.07583	0.07547	0.48447	0.02034	0.01016	0.00302	0.00512	0.05448	0.00824	0.00859
63	0.01268	0.00846	0.00951	0.00951	0.00951	0.00846	0.00529	0.01268	0.01268	0.01691	0.02748	0.05708	0.03171	0.69345	0.04440	0.00846	0.00846	0.01268	0.00529	0.00529
64	0.01316	0.01136	0.01955	0.01749	0.01985	0.01069	0.14551	0.01584	0.01712	0.02293	0.03863	0.45998	0.04438	0.10205	0.01490	0.00399	0.00768	0.02002	0.00692	0.00795
65	0.01442	0.01148	0.01331	0.01312	0.01569	0.01186	0.00969	0.02375	0.20281	0.03030	0.21410	0.24243	0.12402	0.01935	0.01011	0.00307	0.00528	0.01698	0.00876	0.00947
66	0.02131	0.02045	0.03491	0.08674	0.60798	0.02065	0.02663	0.02653	0.01973	0.02816	0.01636	0.02168	0.01370	0.00782	0.00864	0.00261	0.01043	0.00777	0.00429	0.01360
67	0.01268	0.00846	0.00951	0.00951	0.00951	0.00846	0.00529	0.01268	0.01268	0.01691	0.02748	0.05708	0.03171	0.69345	0.04440	0.00846	0.00846	0.01268	0.00529	0.00529
68	0.02059	0.02353	0.05147	0.03676	0.04559	0.02206	0.60735	0.02794	0.02059	0.02794	0.01765	0.02353	0.01324	0.00735	0.01029	0.00294	0.01471	0.01029	0.00441	0.01176
69	0.02170	0.01874	0.01972	0.01775	0.02268	0.02170	0.01381	0.04635	0.62327	0.03649	0.03550	0.03254	0.02663	0.01183	0.00888	0.00296	0.00690	0.00986	0.00888	0.01381
70	0.02433	0.02005	0.02121	0.01828	0.02369	0.02293	0.01444	0.17590	0.48943	0.04074	0.03216	0.02988	0.02392	0.01152	0.00884	0.00288	0.00752	0.00940	0.00884	0.01404
71	0.03914	0.01484	0.02024	0.01552	0.02227	0.01282	0.01282	0.04251	0.02497	0.64507	0.03441	0.02969	0.02159	0.01080	0.00877	0.00270	0.00742	0.00877	0.01080	0.01484
72	0.01725	0.07466	0.32025	0.02787	0.16925	0.01829	0.02427	0.02377	0.01831	0.02612	0.02304	0.17271	0.02242	0.01249	0.00884	0.00284	0.01027	0.01085	0.00485	0.01166
73	0.01778	0.07650	0.61932	0.02438	0.03702	0.02094	0.03140	0.02755	0.01838	0.02728	0.01548	0.01820	0.01106	0.00825	0.00816	0.00272	0.01272	0.00636	0.00369	0.01281
74	0.02209	0.02265	0.03703	0.04681	0.45950	0.06757	0.12807	0.02728	0.02002	0.02751	0.01617	0.02138	0.01341	0.00816	0.00986	0.00269	0.04444	0.00805	0.00432	0.01297
75	0.01348	0.01112	0.01622	0.16367	0.06570	0.01203	0.01331	0.01664	0.01669	0.02196	0.03744	0.12381	0.13643	0.11498	0.16357	0.00629	0.01158	0.04122	0.00574	0.00815
76	0.02157	0.17607	0.03659	0.04257	0.46260	0.02330	0.02334	0.02614	0.01938	0.02653	0.01708	0.02412	0.01524	0.00861	0.00813	0.00250	0.00999	0.03896	0.00439	0.01289
77	0.18718	0.01632	0.02310	0.48418	0.04830	0.01985	0.02040	0.05581	0.01816	0.02798	0.01504	0.02104	0.01131	0.00868	0.00796	0.00284	0.01039	0.00706	0.00450	0.00992
78	0.01397	0.01009	0.01116	0.01086	0.01379	0.00910	0.00810	0.05783	0.02103	0.06718	0.07059	0.21461	0.41640	0.02170	0.01028	0.00304	0.00514	0.01847	0.00833	0.00834
79	0.01994	0.07664	0.30400	0.06828	0.18667	0.05285	0.08017	0.02704	0.01891	0.02645	0.01545	0.01955	0.01201	0.00845	0.00947	0.00272	0.04791	0.00710	0.00397	0.01241
80	0.02680	0.02811	0.02203	0.06636	0.02613	0.31311	0.01526	0.16551	0.02780	0.03195	0.13162	0.02979	0.05541	0.01156	0.00869	0.00251	0.01133	0.00877	0.00655	0.01072
81	0.01166	0.00833	0.01131	0.01333	0.01429	0.00798	0.00990	0.01394	0.01772	0.02343	0.04750	0.50948	0.05543	0.02635	0.01141	0.00369	0.00596	0.19284	0.00808	0.00737
82	0.02139	0.09177	0.46116	0.02359	0.03416	0.16798	0.02744	0.02917	0.01981	0.02567	0.01490	0.01748	0.01110	0.00839	0.00799	0.00258	0.01329	0.00613	0.00387	0.01213
83	0.01870	0.03792	0.46729	0.03333	0.21530	0.02040	0.03062	0.02737	0.01884	0.02788	0.01588	0.01935	0.01187	0.00814	0.00839	0.00271	0.01214	0.00684	0.00387	0.01316
84	0.01063	0.00759	0.01012	0.01215	0.01265	0.00709	0.00810	0.01215	0.01670	0.02227	0.04808	0.68775	0.05769	0.02733	0.01113	0.00354	0.00506	0.02480	0.00810	0.00709
85	0.02150	0.02098	0.03686	0.05202	0.58516	0.02085	0.07947	0.02688	0.01993	0.02845	0.01652	0.02177	0.01376	0.00773	0.00879	0.00262	0.01076	0.00800	0.00433	0.01363
86	0.02027	0.19068	0.36831	0.02778	0.14502	0.05229	0.02655	0.02744	0.01881	0.02587	0.01489	0.01787	0.01160	0.00803	0.00771	0.00250	0.01173	0.00624	0.00385	0.01255
87	0.01750	0.04512	0.64825	0.02486	0.03775	0.02026	0.03223	0.02762	0.01842	0.02762	0.01565	0.01842	0.01105	0.00829	0.00829	0.00276	0.01289	0.00645	0.00368	0.01289
88	0.01750	0.04512	0.64825	0.02486	0.03775	0.02026	0.03223	0.02762	0.01842	0.02762	0.01565	0.01842	0.01105	0.00829	0.00829	0.00276	0.01289	0.00645	0.00368	0.01289
89	0.02164	0.17762	0.04328	0.03891	0.29394	0.02435	0.22290	0.02702	0.01962	0.02647	0.01585	0.02051	0.01301	0.00756	0.00850	0.00254	0.01161	0.00792	0.00422	0.01251
90	0.02827	0.03338	0.02892	0.03468	0.26738	0.40794	0.02075	0.03167	0.02281	0.02416	0.01463	0.01803	0.01225	0.00851	0.00817	0.00238	0.01362	0.00646	0.00443	0.01157
91	0.01357	0.01129	0.01226	0.01219	0.01541	0.01110	0.00963	0.02119	0.15612	0.02695	0.06861	0.07503	0.38944	0.02015	0.01031	0.00315	0.00565	0.12076	0.00826	0.00894
92	0.01964	0.02168	0.04565	0.18298	0.04892	0.02144	0.47323	0.02664	0.01986	0.02664	0.01715	0.02347	0.01287	0.00767	0.00993	0.00293	0.01400	0.00971	0.00429	0.01129
93	0.02406	0.24670	0.20170	0.01992	0.02748	0.23976	0.01985	0.02878	0.02079	0.02380	0.05875	0.01951	0.01633	0.00896	0.00744	0.00230	0.01209	0.00628	0.00440	0.01108
94	0.01770	0.04371	0.60921	0.02564	0.03827	0.02038	0.06986	0.02765	0.01856	0.02765	0.01578	0.01875	0.01119	0.00823	0.00842	0.00277	0.01301	0.00670	0.00373	0.01282
95	0.01750	0.04512	0.64825	0.02486	0.03775	0.02026	0.03223	0.02762	0.01842	0.02762	0.01565	0.01842	0.01105	0.00829	0.00829	0.00276	0.01289	0.00645	0.00368	0.01289
96	0.02159	0.02073	0.03541	0.05354	0.63903	0.02073	0.02677	0.02677	0.01986	0.02850	0.01641	0.02159	0.01382	0.00777	0.00864	0.00259	0.01036	0.00777	0.00432	0.01382
97	0.02010	0.02096	0.06179	0.19234	0.39761	0.02058	0.10711	0.02594	0.01934	0.02695	0.01634	0.02211	0.01311	0.00795	0.00887	0.00272	0.01137	0.00806	0.00420	0.01254
98	0.01063	0.00759	0.01012	0.01215	0.01265	0.00709	0.00810	0.01215	0.01670	0.02227	0.04808	0.68775	0.05769	0.02733	0.01113	0.00354	0.00506	0.02480	0.00810	0.00709
99	0.03258	0.04157	0.02472	0.02247	0.02697	0.65843	0.01685	0.03483	0.02472	0.02135	0.01348	0.01573	0.01124	0.00899	0.00787	0.00225	0.01573	0.00562	0.00449	0.01011
100	0.02215	0.40661	0.12452	0.01866	0.02497	0.07251	0.01844	0.02574	0.01729	0.02168	0.01256	0.01590	0.01124	0.00948	0.01142	0.00247	0.16394	0.00566	0.00380	0.01098
101	0.01715	0.04335	0.61711	0.02408	0.03649	0.01963	0.03098	0.02689	0.01849	0.02743	0.01919	0.02161	0.04146	0.00896	0.00839	0.00277	0.01248	0.00703	0.00390	0.01262
102	0.01063	0.00759	0.01012	0.01215	0.01265	0.00709	0.00810	0.01215	0.01670	0.02227	0.04808	0.68775	0.05769	0.02733	0.01113	0.00354	0.00506	0.02480	0.00810	0.00709
103	0.01750	0.04512	0.64825	0.02486	0.03775	0.02026	0.03223	0.02762	0.01842	0.02762	0.01565	0.01842	0.01105	0.00829	0.00829	0.00276	0.01289	0.00645	0.00368	0.01289
104	0.02076	0.01967	0.01927	0.05386	0.05680	0.13502	0.01398	0.09163	0.16061	0.02926	0.03318	0.17851	0.06841	0.01884	0.05647	0.00370	0.00989	0.01253	0.00699	0.01063
105	0.01091	0.00886	0.00966	0.00946	0.01215	0.00762	0.00710	0.01367	0.02129	0.02691	0.24820	0.07845	0.47357	0.02084	0.01030	0.00289	0.00433	0.01764	0.00854	0.00762
106	0.01647	0.01550	0.02616	0.67248	0.06008	0.01938	0.02422	0.02229	0.01744	0.02229	0.01550	0.02326	0.01163	0.00872	0.00872	0.00291	0.01163	0.00775	0.00388	0.00969
107	0.02414	0.02473	0.03302	0.04628	0.49826	0.13813	0.02448	0.05528	0.02173	0.02841	0.01608	0.02048	0.01339	0.00812	0.00850	0.00253	0.01131	0.00738	0.00455	0.01318
108	0.02012	0.06740	0.25200	0.03911	0.31434	0.02151	0.10680	0.02719	0.01934	0.02767	0.01607	0.02032	0.01263	0.00788	0.00857	0.00266	0.01178	0.00748	0.00408	0.01307
109	0.03316	0.02443	0.02618	0.02007	0.02705	0.02705	0.01658	0.60995	0.04101	0.05497	0.02094	0.02094	0.01483	0.01047	0.00873	0.00262	0.00960	0.00785	0.00873	0.01483
110	0.01748	0.01715	0.02783	0.02302	0.02516	0.02131	0.12951	0.02078	0.01493	0.02211	0.01604	0.02427	0.01475	0.02808	0.20520	0.00656	0.36353	0.00863	0.00418	0.00947
111	0.02538	0.15457	0.09941	0.02795	0.16728	0.28527	0.02010	0.02934	0.02093	0.02347	0.01480	0.01827	0.01249	0.01205	0.05027	0.00308	0.01352	0.00628	0.00424	0.01132
112	0.01884	0.19544	0.50966	0.02258	0.03422	0.02354	0.02825	0.02728	0.01826	0.02599	0.01484	0.01740	0.01108	0.00810	0.00767	0.00256	0.01207	0.00604	0.00369	0.01250
113	0.01086	0.00812	0.01010	0.01116	0.01252	0.00736	0.00778	0.01302	0.01890	0.02488	0.16384	0.43313	0.19780	0.02438	0.01079	0.00326	0.00474	0.02166	0.00837	0.00736
114	0.02385	0.02711	0.07304	0.04452	0.45900	0.16728	0.02485	0.02868	0.02088	0.02680	0.01569	0.02003	0.01304	0.00809	0.00844	0.00252	0.01176	0.00719	0.00432	0.01290
115	0.02196	0.20631	0.35443	0.02311	0.05892	0.11270	0.02479	0.05520	0.02023	0.02628	0.01475	0.01719	0.01141	0.00826	0.00759	0.00245	0.01213	0.00601	0.00407	0.01221
116	0.01063	0.00759	0.01012	0.01215	0.01265	0.00709	0.00810	0.01215	0.01670	0.02227	0.04808	0.68775	0.05769	0.02733	0.01113	0.00354	0.00506	0.02480	0.00810	0.00709
117	0.01827	0.03970	0.49841	0.02785	0.03972	0.02071	0.17663	0.02770	0.01896	0.02770	0.01615	0.01970	0.01160	0.00805	0.00879	0.00281	0.01335	0.00741	0.00387	0.01261
118	0.02206	0.10245	0.06659	0.07222	0.03409	0.02279	0.22816	0.15889	0.02378	0.03182	0.02093	0.10282	0.01850	0.01106	0.01014	0.00284	0.04321	0.01034	0.00567	0.01163
119	0.01168	0.00867	0.00867	0.00867	0.01141	0.00754	0.00651	0.01431	0.01952	0.02562	0.07459	0.07213	0.49456	0.01935	0.00934	0.00274	0.00434	0.01605	0.17677	0.00754
120	0.01063	0.00759	0.01012	0.01215	0.01265	0.00709	0.00810	0.01215	0.01670	0.02227	0.04808	0.68775	0.05769	0.02733	0.01113	0.00354	0.00506	0.02480	0.00810	0.00709
121	0.01473	0.01322	0.02016	0.06601	0.16273	0.01275	0.05743	0.01851	0.01963	0.02531	0.05232	0.09619	0.27236	0.01749	0.01017	0.00308	0.00768	0.11413	0.00667	0.00942
122	0.02687	0.03010	0.02571	0.02823	0.16640	0.32546	0.01824	0.03635	0.19881	0.02742	0.02060	0.02200	0.01633	0.00954	0.00834	0.00253	0.01191	0.00736	0.00574	0.01205
123	0.02159	0.02073	0.03541	0.05354	0.63903	0.02073	0.02677	0.02677	0.01986	0.02850	0.01641	0.02159	0.01382	0.00777	0.00864	0.00259	0.01036	0.00777	0.00432	0.01382
124	0.01770	0.04392	0.61801	0.02628	0.06742	0.02028	0.03196	0.02758	0.01849	0.02767	0.01569	0.01857	0.01119	0.00826	0.00830	0.00275	0.01277	0.00651	0.00371	0.01294
125	0.02577	0.15424	0.03181	0.03111	0.22999	0.27548	0.01965	0.02912	0.02087	0.02352	0.01455	0.01830	0.01255	0.01098	0.03648	0.00286	0.04063	0.00640	0.00427	0.01143
126	0.01750	0.04512	0.64825	0.02486	0.03775	0.02026	0.03223	0.02762	0.01842	0.02762	0.01565	0.01842	0.01105	0.00829	0.00829	0.00276	0.01289	0.00645	0.00368	0.01289
127	0.01055	0.00788	0.00983	0.01138	0.01245	0.00715	0.00776	0.01223	0.01743	0.02257	0.05734	0.54888	0.19059	0.02612	0.01094	0.00341	0.00491	0.02333	0.00810	0.00715
128	0.02334	0.19697	0.17754	0.02996	0.19328	0.09885	0.05131	0.08008	0.02150	0.02784	0.01530	0.01834	0.01229	0.00818	0.00780	0.00243	0.01146	0.00658	0.00445	0.01252
129	0.02325	0.07303	0.10909	0.03114	0.20848	0.19713	0.02173	0.02740	0.01938	0.02410	0.01470	0.01930	0.01258	0.01260	0.04668	0.00331	0.13365	0.00687	0.00417	0.01141
130	0.01072	0.00763	0.01009	0.01203	0.01251	0.00715	0.00797	0.01217	0.01652	0.02202	0.04714	0.65900	0.05651	0.05770	0.01265	0.00377	0.00522	0.02425	0.00797	0.00700
131	0.02125	0.02038	0.03480	0.09403	0.60116	0.02064	0.02660	0.02648	0.01970	0.02809	0.01635	0.02170	0.01367	0.00783	0.00864	0.00261	0.01045	0.00777	0.00429	0.01355
132	0.02063	0.02377	0.11880	0.04679	0.48710	0.02029	0.06912	0.02659	0.01973	0.02823	0.01770	0.02467	0.01500	0.00853	0.00886	0.00270	0.01092	0.03289	0.00440	0.01329
133	0.02686	0.01972	0.02113	0.01697	0.02262	0.02128	0.01389	0.42998	0.03451	0.04624	0.03494	0.03698	0.12963	0.01322	0.00898	0.00270	0.00818	0.03767	0.06183	0.01266
134	0.03316	0.02443	0.02618	0.02007	0.02705	0.02705	0.01658	0.60995	0.04101	0.05497	0.02094	0.02094	0.01483	0.01047	0.00873	0.00262	0.00960	0.00785	0.00873	0.01483
135	0.01894	0.06931	0.41440	0.03026	0.10486	0.02142	0.16299	0.02753	0.01904	0.02745	0.01602	0.01972	0.01186	0.00798	0.00866	0.00274	0.01286	0.00739	0.00392	0.01265
136	0.01868	0.17759	0.52613	0.02285	0.03464	0.02315	0.02872	0.02732	0.01828	0.02618	0.01494	0.01752	0.01108	0.00812	0.00774	0.00258	0.01217	0.00608	0.00369	0.01255
137	0.03018	0.03291	0.02751	0.02908	0.16776	0.36924	0.01907	0.16280	0.02728	0.03058	0.01584	0.01825	0.01264	0.00904	0.00824	0.00241	0.01311	0.00662	0.00541	0.01203
138	0.01040	0.00849	0.00919	0.00976	0.01202	0.00729	0.00704	0.01241	0.01900	0.02320	0.07717	0.25173	0.47494	0.02355	0.01054	0.00311	0.00460	0.02018	0.00810	0.00729
139	0.02136	0.02137	0.03910	0.04968	0.50262	0.02103	0.16022	0.02704	0.02003	0.02837	0.01669	0.02203	0.01368	0.00768	0.00902	0.00267	0.01136	0.00835	0.00434	0.01335
140	0.01896	0.05320	0.14591	0.03816	0.35773	0.01891	0.05282	0.02451	0.01931	0.02738	0.04730	0.11368	0.02213	0.01094	0.00893	0.00274	0.01001	0.01019	0.00492	0.01226
141	0.01063	0.00759	0.01012	0.01215	0.01265	0.00709	0.00810	0.01215	0.01670	0.02227	0.04808	0.68775	0.05769	0.02733	0.01113	0.00354	0.00506	0.02480	0.00810	0.00709
142	0.01060	0.00768	0.01003	0.01191	0.01259	0.00711	0.00799	0.01217	0.01693	0.02236	0.05100	0.64390	0.09966	0.02695	0.01107	0.00350	0.00501	0.02433	0.00810	0.00711
143	0.02977	0.18773	0.02965	0.02066	0.02571	0.44852	0.01653	0.06294	0.02338	0.02295	0.01346	0.01580	0.01143	0.00907	0.00856	0.00227	0.05083	0.00563	0.00451	0.01058
144	0.01927	0.01890	0.06838	0.06196	0.10052	0.01783	0.12541	0.07861	0.10660	0.03065	0.03001	0.05010	0.02799	0.01429	0.01015	0.00324	0.01002	0.20822	0.00660	0.01122
145	0.01182	0.00870	0.01133	0.01300	0.01448	0.00821	0.01002	0.01438	0.01849	0.02390	0.05443	0.36690	0.15595	0.02523	0.01132	0.00361	0.00603	0.22664	0.00807	0.00748
146	0.01809	0.01550	0.01809	0.01292	0.02067	0.01163	0.01034	0.02196	0.01809	0.02842	0.01550	0.01809	0.01292	0.00646	0.00646	0.00129	0.00646	0.00517	0.00517	0.74677
147	0.01261	0.00975	0.01165	0.01175	0.01389	0.00942	0.00857	0.01816	0.09693	0.02910	0.27492	0.24964	0.17923	0.02075	0.01036	0.00305	0.00481	0.01824	0.00876	0.00842
148	0.03258	0.04157	0.02472	0.02247	0.02697	0.65843	0.01685	0.03483	0.02472	0.02135	0.01348	0.01573	0.01124	0.00899	0.00787	0.00225	0.01573	0.00562	0.00449	0.01011
149	0.02869	0.26714	0.03296	0.02159	0.06638	0.31233	0.01681	0.10929	0.02416	0.02610	0.01422	0.01622	0.01188	0.00858	0.00724	0.00219	0.01230	0.00573	0.00479	0.01138
150	0.01571	0.01149	0.01305	0.01261	0.01560	0.01134	0.00941	0.05280	0.12941	0.06869	0.09957	0.24314	0.24310	0.02011	0.01011	0.00307	0.00551	0.01735	0.00856	0.00940
151	0.02593	0.02039	0.02223	0.01734	0.02410	0.02109	0.01403	0.30146	0.16538	0.04262	0.02255	0.02268	0.01691	0.00954	0.00806	0.00229	0.00802	0.00748	0.00766	0.24025
152	0.01957	0.27788	0.43367	0.02132	0.03228	0.02534	0.02607	0.02709	0.01817	0.02510	0.01440	0.01684	0.01110	0.00799	0.00733	0.00244	0.01162	0.00581	0.00370	0.01229
153	0.02482	0.27530	0.21733	0.02051	0.02855	0.24798	0.02074	0.02961	0.02037	0.02292	0.01365	0.01591	0.01117	0.00824	0.00719	0.00227	0.01262	0.00553	0.00398	0.01132
154	0.01063	0.00759	0.01012	0.01215	0.01265	0.00709	0.00810	0.01215	0.01670	0.02227	0.04808	0.68775	0.05769	0.02733	0.01113	0.00354	0.00506	0.02480	0.00810	0.00709
155	0.01772	0.04355	0.60491	0.02573	0.03832	0.02039	0.07400	0.02765	0.01857	0.02765	0.01580	0.01879	0.01121	0.00822	0.00843	0.00278	0.01302	0.00673	0.00374	0.01281
156	0.02758	0.03215	0.02394	0.02147	0.02523	0.39495	0.01657	0.03492	0.16028	0.02476	0.01817	0.02022	0.01482	0.01081	0.01194	0.00270	0.13629	0.00697	0.00538	0.01086
157	0.01044	0.00876	0.00908	0.00918	0.01191	0.00739	0.00682	0.01271	0.01994	0.02411	0.11610	0.12335	0.56596	0.02220	0.01036	0.00297	0.00444	0.01869	0.00818	0.00739
158	0.03258	0.04157	0.02472	0.02247	0.02697	0.65843	0.01685	0.03483	0.02472	0.02135	0.01348	0.01573	0.01124	0.00899	0.00787	0.00225	0.01573	0.00562	0.00449	0.01011
159	0.02329	0.01545	0.01783	0.01567	0.02033	0.01600	0.01274	0.14352	0.16396	0.14413	0.07207	0.05187	0.13317	0.01561	0.00971	0.00302	0.00717	0.11372	0.00894	0.01180
160	0.01055	0.00788	0.00983	0.01138	0.01245	0.00715	0.00776	0.01223	0.01743	0.02257	0.05734	0.54888	0.19059	0.02612	0.01094	0.00341	0.00491	0.02333	0.00810	0.00715
161	0.01219	0.00837	0.01018	0.01064	0.01094	0.00844	0.00658	0.01291	0.01375	0.01852	0.03165	0.19674	0.03641	0.46884	0.10954	0.00800	0.00945	0.01502	0.00585	0.00599
162	0.01827	0.13238	0.56781	0.02354	0.03570	0.02216	0.02992	0.02742	0.01832	0.02668	0.01518	0.01783	0.01107	0.00818	0.00793	0.00264	0.01242	0.00621	0.00369	0.01266
163	0.02159	0.02073	0.03541	0.05354	0.63903	0.02073	0.02677	0.02677	0.01986	0.02850	0.01641	0.02159	0.01382	0.00777	0.00864	0.00259	0.01036	0.00777	0.00432	0.01382
164	0.02170	0.01874	0.01972	0.01775	0.02268	0.02170	0.01381	0.04635	0.62327	0.03649	0.03550	0.03254	0.02663	0.01183	0.00888	0.00296	0.00690	0.00986	0.00888	0.01381
