[name]
unknown

[dist]
# distance from previous block
# <min> <max>
0	11

[block]
# block no. 0 follows, 22 sequences, length 14
# corresponding to MSA columns:
# 14-27
name=unknown_A
#
# <colnr> <probs for GDERKNQSTAVLIFYWHMCP>
#	G	D	E	R	K	N	Q	S	T	A	V	L	I	F	Y	W	H	M	C	P
0	0.01664	0.01343	0.01757	0.02000	0.11900	0.01391	0.01358	0.07451	0.13536	0.03043	0.14583	0.10280	0.08350	0.01626	0.00966	0.00299	0.00682	0.16013	0.00756	0.01001
1	0.02133	0.02087	0.01866	0.01879	0.06657	0.22573	0.01339	0.02689	0.09827	0.05435	0.02113	0.02551	0.01759	0.02758	0.23836	0.00613	0.01474	0.00759	0.06690	0.00964
2	0.01720	0.01372	0.01903	0.02310	0.17647	0.01410	0.01399	0.14001	0.02116	0.02886	0.03136	0.34685	0.03383	0.02065	0.05597	0.00367	0.00818	0.01526	0.00670	0.00989
3	0.01575	0.01094	0.01466	0.11966	0.02042	0.01146	0.01059	0.08308	0.01633	0.02196	0.02160	0.12361	0.02216	0.14131	0.02262	0.25843	0.00778	0.01026	0.00507	0.06231
4	0.24279	0.02012	0.02191	0.29417	0.10932	0.13454	0.01792	0.02479	0.01737	0.02654	0.01357	0.01812	0.01063	0.00807	0.00721	0.00256	0.01024	0.00617	0.00428	0.00969
5	0.07750	0.01401	0.02124	0.38279	0.08308	0.01670	0.01826	0.02180	0.06194	0.02326	0.01728	0.02400	0.01400	0.01905	0.12709	0.04496	0.01204	0.00755	0.00432	0.00915
6	0.02115	0.01618	0.01563	0.01424	0.01725	0.10561	0.01047	0.02853	0.18499	0.12531	0.02863	0.04111	0.02584	0.26460	0.02080	0.00465	0.00844	0.05022	0.00686	0.00949
7	0.01181	0.00826	0.01079	0.01089	0.01204	0.00848	0.00773	0.01282	0.01396	0.01857	0.03597	0.07972	0.15551	0.18752	0.26219	0.12829	0.01211	0.01187	0.00529	0.00617
8	0.01195	0.04278	0.01298	0.01184	0.01327	0.01042	0.00875	0.01384	0.01491	0.01986	0.03864	0.20436	0.14405	0.14385	0.22659	0.00711	0.04769	0.01421	0.00583	0.00705
9	0.02607	0.03030	0.02518	0.21723	0.03571	0.40345	0.04501	0.07530	0.02253	0.02334	0.01413	0.01779	0.01116	0.00853	0.00789	0.00238	0.01334	0.00631	0.00442	0.00993
10	0.04506	0.01824	0.01822	0.01596	0.04372	0.10544	0.01183	0.12932	0.02207	0.03027	0.05667	0.14413	0.02376	0.01148	0.00778	0.00214	0.00769	0.00947	0.00616	0.29058
11	0.01780	0.01027	0.01238	0.01138	0.01447	0.00923	0.00840	0.02084	0.04844	0.17821	0.04882	0.20031	0.21239	0.11458	0.01394	0.00353	0.00580	0.01489	0.00786	0.04646
12	0.06387	0.00819	0.00975	0.01018	0.01115	0.00804	0.00683	0.01278	0.01413	0.02009	0.03546	0.22054	0.11797	0.16396	0.02226	0.20686	0.00611	0.01391	0.04212	0.00579
13	0.01357	0.01204	0.01853	0.12347	0.02374	0.01400	0.05513	0.01619	0.01544	0.02123	0.02994	0.36417	0.03362	0.02075	0.04101	0.00370	0.16393	0.01576	0.00577	0.00801

[dist]
# distance from previous block
# <min> <max>
10	13

[block]
# block no. 1 follows, 22 sequences, length 9
# corresponding to MSA columns:
# 41-49
name=unknown_B
#
# <colnr> <probs for GDERKNQSTAVLIFYWHMCP>
#	G	D	E	R	K	N	Q	S	T	A	V	L	I	F	Y	W	H	M	C	P
0	0.01998	0.02243	0.08427	0.13744	0.35113	0.09492	0.04879	0.02506	0.01904	0.02514	0.01789	0.02701	0.01564	0.00920	0.00850	0.00263	0.01082	0.06427	0.00436	0.01146
1	0.02018	0.01279	0.05913	0.01206	0.01636	0.00989	0.01018	0.02330	0.02059	0.24147	0.15105	0.05250	0.23629	0.08195	0.01231	0.00319	0.00607	0.01266	0.00827	0.00976
2	0.02295	0.01826	0.02413	0.06621	0.02591	0.02007	0.06972	0.22698	0.02370	0.06815	0.01816	0.02376	0.01496	0.08488	0.01558	0.00320	0.14557	0.00783	0.00597	0.11400
3	0.01562	0.01091	0.01234	0.01128	0.01263	0.01150	0.00748	0.12481	0.01712	0.02301	0.02468	0.04612	0.02642	0.52235	0.09324	0.00752	0.00953	0.01095	0.00558	0.00691
4	0.02372	0.02091	0.01978	0.01809	0.04851	0.13805	0.01330	0.22501	0.11801	0.03273	0.02363	0.03363	0.02111	0.16655	0.01599	0.00381	0.00951	0.05039	0.00663	0.01063
5	0.02692	0.01963	0.02114	0.01671	0.02177	0.02153	0.01322	0.48123	0.03261	0.04370	0.02143	0.02817	0.01797	0.17677	0.01643	0.00382	0.00888	0.00858	0.00753	0.01195
6	0.01398	0.01249	0.01691	0.01558	0.01649	0.01559	0.01234	0.01597	0.01431	0.02019	0.03151	0.10827	0.13615	0.06693	0.17403	0.00597	0.29881	0.01155	0.00509	0.00784
7	0.01696	0.01144	0.01278	0.01168	0.01383	0.01196	0.00821	0.08560	0.11322	0.05683	0.08437	0.06931	0.03157	0.32339	0.02345	0.00501	0.00691	0.01121	0.09395	0.00831
8	0.01671	0.01701	0.03178	0.02454	0.02920	0.01751	0.29779	0.02121	0.01727	0.02429	0.05166	0.12646	0.02258	0.01647	0.07027	0.00384	0.13905	0.01128	0.00493	0.05614

[dist]
# distance from previous block
# <min> <max>
3	4

[block]
# block no. 2 follows, 22 sequences, length 83
# corresponding to MSA columns:
# 54-136
name=unknown_C
#
# <colnr> <probs for GDERKNQSTAVLIFYWHMCP>
#	G	D	E	R	K	N	Q	S	T	A	V	L	I	F	Y	W	H	M	C	P
0	0.02110	0.21942	0.36813	0.02071	0.02996	0.15834	0.02331	0.02735	0.01861	0.02329	0.01359	0.01590	0.01060	0.00782	0.00713	0.00230	0.01194	0.00553	0.00368	0.01130
1	0.02113	0.04835	0.01807	0.06142	0.02093	0.01504	0.01204	0.14845	0.08052	0.13647	0.05894	0.27756	0.03374	0.01615	0.00910	0.00285	0.00685	0.01396	0.00791	0.01052
2	0.00982	0.00842	0.00842	0.00842	0.01122	0.00701	0.00631	0.01192	0.01894	0.02244	0.08416	0.07995	0.65285	0.02104	0.00982	0.00281	0.00421	0.01753	0.00771	0.00701
3	0.02056	0.01974	0.03372	0.05099	0.65622	0.01974	0.02550	0.02550	0.01892	0.02714	0.01563	0.02056	0.01316	0.00740	0.00822	0.00247	0.00987	0.00740	0.00411	0.01316
4	0.01657	0.02952	0.35477	0.02666	0.15603	0.01796	0.02429	0.02328	0.01749	0.02555	0.05500	0.02552	0.05433	0.01352	0.05655	0.00345	0.07610	0.00788	0.00428	0.01125
5	0.02484	0.02783	0.02034	0.01899	0.02298	0.36247	0.01472	0.03367	0.20783	0.02544	0.02457	0.03354	0.02158	0.01189	0.00848	0.00264	0.01118	0.11056	0.00612	0.01034
6	0.01666	0.04297	0.66500	0.02368	0.03596	0.01929	0.03069	0.02631	0.01754	0.02631	0.01491	0.01754	0.01052	0.00789	0.00789	0.00263	0.01228	0.00614	0.00351	0.01228
7	0.01713	0.09979	0.61231	0.02288	0.03471	0.02044	0.02930	0.02619	0.01748	0.02574	0.01462	0.01718	0.01054	0.00783	0.00768	0.00256	0.01199	0.00599	0.00351	0.01214
8	0.03000	0.01677	0.01973	0.01549	0.02128	0.01679	0.01267	0.27340	0.02938	0.29709	0.07673	0.03327	0.09550	0.01187	0.00861	0.00257	0.00736	0.00953	0.00911	0.01287
9	0.01410	0.01247	0.01454	0.01429	0.01610	0.08761	0.01104	0.01697	0.01454	0.01941	0.02116	0.03058	0.01960	0.05606	0.59751	0.01205	0.02141	0.00849	0.00443	0.00767
10	0.03103	0.03959	0.02354	0.02140	0.02568	0.67469	0.01605	0.03317	0.02354	0.02033	0.01284	0.01498	0.01070	0.00856	0.00749	0.00214	0.01498	0.00535	0.00428	0.00963
11	0.01086	0.00761	0.00975	0.01118	0.01163	0.00728	0.00741	0.01209	0.01514	0.02014	0.04056	0.49167	0.04802	0.20308	0.01890	0.00462	0.00586	0.06083	0.00701	0.00637
12	0.01666	0.04297	0.66500	0.02368	0.03596	0.01929	0.03069	0.02631	0.01754	0.02631	0.01491	0.01754	0.01052	0.00789	0.00789	0.00263	0.01228	0.00614	0.00351	0.01228
13	0.02026	0.47802	0.26151	0.01753	0.02645	0.02811	0.01999	0.02538	0.01711	0.02192	0.01273	0.01480	0.01061	0.00738	0.00623	0.00208	0.01007	0.00504	0.00354	0.01123
14	0.02886	0.01551	0.01860	0.01544	0.02096	0.01568	0.01237	0.04087	0.29319	0.36097	0.03541	0.03165	0.04946	0.01117	0.00846	0.00269	0.00673	0.00920	0.00937	0.01340
15	0.01136	0.00812	0.00940	0.00959	0.01043	0.00784	0.00612	0.01237	0.01463	0.01913	0.07340	0.13215	0.16360	0.40683	0.07438	0.00652	0.00766	0.01445	0.00607	0.00595
16	0.00997	0.00817	0.00880	0.00917	0.01145	0.00700	0.00668	0.01203	0.01852	0.02271	0.10352	0.20884	0.50058	0.02188	0.00998	0.00291	0.00432	0.01868	0.00778	0.00700
17	0.01569	0.01477	0.02492	0.68808	0.05722	0.01846	0.02307	0.02123	0.01661	0.02123	0.01477	0.02215	0.01107	0.00831	0.00831	0.00277	0.01107	0.00738	0.00369	0.00923
18	0.01891	0.01649	0.02492	0.55251	0.05084	0.01994	0.02160	0.14430	0.02116	0.02753	0.01582	0.02170	0.01169	0.00864	0.00831	0.00271	0.01068	0.00740	0.00463	0.01022
19	0.01006	0.00843	0.00875	0.00867	0.01137	0.00711	0.00650	0.01238	0.01950	0.02378	0.15395	0.07775	0.58223	0.02054	0.00982	0.00278	0.00417	0.01722	0.00789	0.00711
20	0.02827	0.02429	0.02470	0.15507	0.03212	0.13324	0.01731	0.40549	0.03190	0.04067	0.01770	0.01956	0.01293	0.00940	0.00817	0.00249	0.01051	0.00710	0.00670	0.01238
21	0.02056	0.01974	0.03372	0.05099	0.65622	0.01974	0.02550	0.02550	0.01892	0.02714	0.01563	0.02056	0.01316	0.00740	0.00822	0.00247	0.00987	0.00740	0.00411	0.01316
22	0.01339	0.00956	0.01339	0.01530	0.01721	0.00956	0.01339	0.01721	0.01912	0.02486	0.04399	0.09371	0.04781	0.02295	0.01147	0.00382	0.00765	0.60031	0.00765	0.00765
23	0.03103	0.03959	0.02354	0.02140	0.02568	0.67469	0.01605	0.03317	0.02354	0.02033	0.01284	0.01498	0.01070	0.00856	0.00749	0.00214	0.01498	0.00535	0.00428	0.00963
24	0.03103	0.03959	0.02354	0.02140	0.02568	0.67469	0.01605	0.03317	0.02354	0.02033	0.01284	0.01498	0.01070	0.00856	0.00749	0.00214	0.01498	0.00535	0.00428	0.00963
25	0.02294	0.01898	0.02007	0.01737	0.02247	0.02173	0.01370	0.16591	0.51574	0.03842	0.03092	0.02869	0.02302	0.01100	0.00842	0.00275	0.00711	0.00899	0.00842	0.01335
26	0.03612	0.01599	0.02042	0.01566	0.02213	0.01496	0.01294	0.15965	0.02687	0.53843	0.03017	0.02659	0.01926	0.01022	0.00835	0.00255	0.00749	0.00818	0.00988	0.01414
27	0.01012	0.00723	0.00964	0.01157	0.01205	0.00675	0.00771	0.01157	0.01591	0.02121	0.04579	0.70262	0.05495	0.02603	0.01060	0.00337	0.00482	0.02362	0.00771	0.00675
28	0.02567	0.01209	0.01590	0.01316	0.01763	0.01101	0.01049	0.03059	0.06673	0.36091	0.28625	0.04229	0.04457	0.01309	0.00895	0.00261	0.00575	0.01116	0.00969	0.01149
29	0.01387	0.01160	0.01621	0.01509	0.01580	0.01457	0.01169	0.01586	0.01289	0.01885	0.01955	0.03265	0.01966	0.18096	0.34362	0.00925	0.22707	0.00905	0.00432	0.00744
30	0.02494	0.01736	0.01926	0.01658	0.02177	0.01913	0.01310	0.07858	0.47042	0.17243	0.03275	0.02974	0.02364	0.01098	0.00842	0.00274	0.00684	0.00905	0.00884	0.01342
31	0.01875	0.01089	0.01123	0.01005	0.01294	0.01139	0.00783	0.14281	0.02181	0.03531	0.02565	0.02874	0.01984	0.00974	0.00631	0.00205	0.00494	0.00769	0.60301	0.00904
32	0.01666	0.04297	0.66500	0.02368	0.03596	0.01929	0.03069	0.02631	0.01754	0.02631	0.01491	0.01754	0.01052	0.00789	0.00789	0.00263	0.01228	0.00614	0.00351	0.01228
33	0.02450	0.53800	0.03834	0.01608	0.02246	0.19969	0.01469	0.02703	0.01861	0.01975	0.01189	0.01376	0.01067	0.00749	0.00589	0.00187	0.01047	0.00468	0.00374	0.01039
34	0.01040	0.00892	0.00897	0.00887	0.01177	0.00774	0.00668	0.01364	0.05207	0.02310	0.08148	0.07734	0.61944	0.02052	0.00975	0.00281	0.00433	0.01710	0.00775	0.00734
35	0.03103	0.03959	0.02354	0.02140	0.02568	0.67469	0.01605	0.03317	0.02354	0.02033	0.01284	0.01498	0.01070	0.00856	0.00749	0.00214	0.01498	0.00535	0.00428	0.00963
36	0.01955	0.01870	0.03189	0.18344	0.53169	0.01947	0.02499	0.02461	0.01844	0.02591	0.01545	0.02089	0.01273	0.00759	0.00824	0.00253	0.01012	0.00740	0.00402	0.01234
37	0.02239	0.02453	0.02775	0.23893	0.26956	0.22821	0.02173	0.02662	0.01968	0.02314	0.01447	0.01927	0.01173	0.00805	0.00802	0.00246	0.01187	0.00674	0.00404	0.01082
38	0.17032	0.01751	0.02674	0.23258	0.34812	0.01913	0.02143	0.02401	0.01726	0.02743	0.01455	0.01960	0.01169	0.00773	0.00762	0.00258	0.00953	0.00681	0.00420	0.01115
39	0.01157	0.00898	0.01085	0.01179	0.01416	0.00826	0.00978	0.01452	0.01903	0.02363	0.06446	0.08670	0.35615	0.02198	0.01063	0.00331	0.00590	0.30331	0.00768	0.00733
40	0.03030	0.03821	0.02425	0.02347	0.06965	0.62902	0.01671	0.03264	0.02322	0.02081	0.01304	0.01537	0.01087	0.00848	0.00754	0.00216	0.01462	0.00549	0.00427	0.00988
41	0.03106	0.03872	0.02362	0.02128	0.02569	0.64017	0.01604	0.06485	0.02437	0.02204	0.01322	0.01525	0.01088	0.00864	0.00753	0.00216	0.01467	0.00546	0.00449	0.00987
42	0.01756	0.01819	0.06815	0.08745	0.15350	0.01755	0.01774	0.02149	0.01630	0.02433	0.01570	0.05699	0.01426	0.01000	0.01256	0.00246	0.18390	0.00739	0.00437	0.25009
43	0.01260	0.00998	0.01476	0.01433	0.01565	0.01214	0.01129	0.01543	0.01328	0.01937	0.02093	0.03095	0.01962	0.05675	0.59981	0.01222	0.10021	0.00871	0.00436	0.00761
44	0.01070	0.00827	0.00991	0.01098	0.01281	0.00748	0.00833	0.01297	0.01797	0.02256	0.06257	0.29012	0.32111	0.02312	0.01044	0.00322	0.00517	0.14750	0.00770	0.00706
45	0.01443	0.00722	0.01082	0.01082	0.01082	0.00722	0.00722	0.01082	0.01082	0.01443	0.01443	0.02525	0.01443	0.02886	0.03247	0.75830	0.00722	0.00722	0.00361	0.00361
46	0.01715	0.04005	0.58565	0.02711	0.11392	0.01935	0.03004	0.02621	0.01771	0.02641	0.01500	0.01792	0.01085	0.00783	0.00793	0.00261	0.01197	0.00630	0.00358	0.01239
47	0.01012	0.00723	0.00964	0.01157	0.01205	0.00675	0.00771	0.01157	0.01591	0.02121	0.04579	0.70262	0.05495	0.02603	0.01060	0.00337	0.00482	0.02362	0.00771	0.00675
48	0.01078	0.00845	0.00975	0.00942	0.01181	0.00742	0.00707	0.01378	0.02120	0.02782	0.36485	0.07110	0.36881	0.01903	0.00981	0.00271	0.00407	0.01629	0.00842	0.00742
49	0.01359	0.01143	0.01665	0.01566	0.01674	0.01449	0.01251	0.01624	0.01318	0.01948	0.01916	0.02869	0.01808	0.04928	0.49840	0.01070	0.20517	0.00846	0.00423	0.00787
50	0.02653	0.25898	0.03013	0.02027	0.06160	0.39036	0.01561	0.02910	0.02106	0.02113	0.04434	0.01711	0.01420	0.00843	0.00694	0.00206	0.01211	0.00566	0.00427	0.01009
51	0.01569	0.01477	0.02492	0.68808	0.05722	0.01846	0.02307	0.02123	0.01661	0.02123	0.01477	0.02215	0.01107	0.00831	0.00831	0.00277	0.01107	0.00738	0.00369	0.00923
52	0.01815	0.01091	0.01284	0.01139	0.01511	0.01004	0.00887	0.02340	0.09344	0.18120	0.18899	0.05786	0.30209	0.01642	0.00930	0.00271	0.00511	0.01382	0.00873	0.00963
53	0.02255	0.02453	0.02854	0.19508	0.32222	0.21693	0.02207	0.02679	0.01976	0.02367	0.01458	0.01926	0.01192	0.00797	0.00802	0.00244	0.01170	0.00678	0.00406	0.01115
54	0.05136	0.03306	0.43683	0.02042	0.03013	0.01789	0.02393	0.02976	0.09641	0.11191	0.05339	0.02283	0.01725	0.00911	0.00801	0.00264	0.01019	0.00724	0.00539	0.01226
55	0.00982	0.00842	0.00842	0.00842	0.01122	0.00701	0.00631	0.01192	0.01894	0.02244	0.08416	0.07995	0.65285	0.02104	0.00982	0.00281	0.00421	0.01753	0.00771	0.00701
56	0.01847	0.01643	0.02568	0.28168	0.22333	0.01868	0.02067	0.09200	0.01921	0.02623	0.01667	0.02295	0.01362	0.01729	0.11760	0.00441	0.04230	0.00764	0.00447	0.01067
57	0.02740	0.03260	0.02496	0.02420	0.08471	0.45130	0.01738	0.05456	0.02151	0.02224	0.01300	0.01638	0.01112	0.00975	0.01168	0.00249	0.15435	0.00603	0.00430	0.01004
58	0.03158	0.02327	0.02493	0.01911	0.02576	0.02576	0.01579	0.62852	0.03906	0.05236	0.01995	0.01995	0.01413	0.00997	0.00831	0.00249	0.00914	0.00748	0.00831	0.01413
59	0.01208	0.00805	0.00906	0.00906	0.00906	0.00805	0.00503	0.01208	0.01208	0.01611	0.02618	0.05436	0.03020	0.70804	0.04228	0.00805	0.00805	0.01208	0.00503	0.00503
60	0.03036	0.02319	0.02403	0.01871	0.02495	0.05694	0.01532	0.56198	0.03735	0.04962	0.05769	0.02224	0.01783	0.01033	0.00836	0.00248	0.00912	0.00783	0.00816	0.01353
61	0.05345	0.00961	0.01157	0.01110	0.01394	0.00868	0.00830	0.01880	0.01930	0.15642	0.12759	0.26045	0.23057	0.01923	0.00953	0.00290	0.00507	0.01660	0.00829	0.00860
62	0.02669	0.20598	0.02785	0.01836	0.02373	0.29941	0.01495	0.10252	0.15129	0.02683	0.01767	0.01844	0.01412	0.00891	0.00723	0.00223	0.01100	0.00620	0.00542	0.01115
63	0.01666	0.04297	0.66500	0.02368	0.03596	0.01929	0.03069	0.02631	0.01754	0.02631	0.01491	0.01754	0.01052	0.00789	0.00789	0.00263	0.01228	0.00614	0.00351	0.01228
64	0.01008	0.00778	0.00922	0.01022	0.01173	0.00691	0.00715	0.01193	0.01755	0.02236	0.09376	0.41364	0.30093	0.02350	0.01024	0.00310	0.00452	0.02067	0.00779	0.00691
65	0.01136	0.00848	0.01055	0.01003	0.01217	0.00767	0.00752	0.01490	0.02257	0.03107	0.53451	0.06575	0.19711	0.01782	0.00980	0.00265	0.00398	0.01554	0.00885	0.00767
66	0.01176	0.00849	0.01110	0.01045	0.01241	0.00784	0.00784	0.01568	0.02352	0.03331	0.65184	0.06206	0.07839	0.01698	0.00980	0.00261	0.00392	0.01502	0.00914	0.00784
67	0.01171	0.00850	0.01138	0.01312	0.01453	0.00817	0.01039	0.01440	0.01779	0.02314	0.04853	0.34165	0.10813	0.02403	0.01096	0.00354	0.00616	0.30896	0.00768	0.00722
68	0.01158	0.00784	0.00921	0.00970	0.00983	0.00772	0.00572	0.01195	0.01306	0.01742	0.03121	0.22068	0.03655	0.53306	0.03416	0.00685	0.00722	0.01504	0.00572	0.00547
69	0.01879	0.01921	0.02535	0.02179	0.02200	0.05673	0.01807	0.02063	0.01324	0.02001	0.01100	0.01802	0.01090	0.01425	0.02631	0.00356	0.66017	0.00718	0.00367	0.00911
70	0.03727	0.01414	0.01928	0.01478	0.02121	0.01221	0.01221	0.04049	0.02378	0.66198	0.03277	0.02828	0.02056	0.01028	0.00835	0.00257	0.00707	0.00835	0.01028	0.01414
71	0.01187	0.00890	0.01335	0.01335	0.01483	0.01038	0.01038	0.01483	0.01335	0.01928	0.02225	0.03264	0.02077	0.06231	0.67512	0.01335	0.02225	0.00890	0.00445	0.00742
72	0.01549	0.00774	0.00774	0.00774	0.00968	0.00774	0.00581	0.01936	0.01742	0.03097	0.02710	0.03097	0.02129	0.00968	0.00581	0.00194	0.00387	0.00774	0.75416	0.00774
73	0.02832	0.03497	0.02441	0.06053	0.06510	0.53688	0.01722	0.03079	0.02185	0.02076	0.01293	0.01602	0.01089	0.00904	0.00946	0.00234	0.07877	0.00577	0.00418	0.00977
74	0.03158	0.02327	0.02493	0.01911	0.02576	0.02576	0.01579	0.62852	0.03906	0.05236	0.01995	0.01995	0.01413	0.00997	0.00831	0.00249	0.00914	0.00748	0.00831	0.01413
75	0.01128	0.00916	0.01129	0.01328	0.05713	0.00851	0.00866	0.01442	0.05068	0.02286	0.05908	0.35914	0.30026	0.02186	0.01000	0.00304	0.00501	0.01919	0.00750	0.00765
76	0.03158	0.02327	0.02493	0.01911	0.02576	0.02576	0.01579	0.62852	0.03906	0.05236	0.01995	0.01995	0.01413	0.00997	0.00831	0.00249	0.00914	0.00748	0.00831	0.01413
77	0.01203	0.00827	0.01016	0.01016	0.01054	0.00865	0.00640	0.01279	0.01241	0.01692	0.02517	0.04880	0.02779	0.54280	0.20423	0.00941	0.01169	0.01127	0.00488	0.00564
78	0.02261	0.68221	0.04262	0.01454	0.02152	0.06226	0.01430	0.02526	0.01718	0.01958	0.01161	0.01340	0.01066	0.00717	0.00543	0.00179	0.00916	0.00448	0.00359	0.01061
79	0.06589	0.01208	0.01421	0.01152	0.01649	0.01011	0.04249	0.01695	0.01801	0.02542	0.04964	0.04888	0.33506	0.01381	0.00813	0.00221	0.00563	0.01152	0.00630	0.28563
80	0.02838	0.03455	0.02613	0.02891	0.18571	0.50847	0.01845	0.03122	0.02237	0.02206	0.01355	0.01640	0.01132	0.00827	0.00768	0.00222	0.01368	0.00587	0.00424	0.01053
81	0.01471	0.00979	0.01078	0.01024	0.01152	0.00998	0.00673	0.08749	0.01682	0.02357	0.02985	0.10129	0.05739	0.42409	0.02823	0.00578	0.00707	0.01204	0.12583	0.00680
82	0.01613	0.01303	0.01443	0.01376	0.01730	0.01365	0.01108	0.08171	0.21368	0.02969	0.05253	0.06249	0.24812	0.01744	0.00966	0.00303	0.00626	0.15828	0.00798	0.00975

[dist]
# distance from previous block
# <min> <max>
0	1

[block]
# block no. 3 follows, 22 sequences, length 20
# corresponding to MSA columns:
# 138-157
name=unknown_D
#
# <colnr> <probs for GDERKNQSTAVLIFYWHMCP>
#	G	D	E	R	K	N	Q	S	T	A	V	L	I	F	Y	W	H	M	C	P
0	0.02353	0.06116	0.02912	0.02243	0.02670	0.15590	0.12919	0.15309	0.02227	0.02825	0.01696	0.06960	0.01514	0.01141	0.01353	0.00281	0.19470	0.00846	0.00517	0.01057
1	0.01027	0.00759	0.00958	0.01094	0.01188	0.00706	0.00745	0.01184	0.01612	0.02106	0.05058	0.51547	0.16285	0.06403	0.04819	0.00406	0.00583	0.02106	0.00739	0.00674
2	0.01023	0.00843	0.00899	0.00885	0.01147	0.00719	0.00664	0.01272	0.01991	0.02475	0.20460	0.07615	0.53097	0.02018	0.00981	0.00276	0.00415	0.01700	0.00802	0.00719
3	0.03028	0.03817	0.02427	0.02352	0.07078	0.62785	0.01673	0.03262	0.02321	0.02082	0.01304	0.01538	0.01088	0.00848	0.00754	0.00216	0.01462	0.00550	0.00427	0.00988
4	0.01090	0.00756	0.00941	0.01057	0.01086	0.00727	0.00664	0.01177	0.01438	0.01917	0.03797	0.44416	0.04508	0.29795	0.02323	0.00524	0.00611	0.01902	0.00664	0.00606
5	0.01166	0.00788	0.00918	0.00959	0.00970	0.00778	0.00560	0.01197	0.01290	0.01719	0.03035	0.19238	0.03547	0.56285	0.03554	0.00706	0.00737	0.01454	0.00560	0.00540
6	0.01443	0.00722	0.01082	0.01082	0.01082	0.00722	0.00722	0.01082	0.01082	0.01443	0.01443	0.02525	0.01443	0.02886	0.03247	0.75830	0.00722	0.00722	0.00361	0.00361
7	0.02456	0.41814	0.06754	0.01698	0.02344	0.18980	0.01553	0.06493	0.06658	0.02321	0.01421	0.01567	0.01197	0.00799	0.00641	0.00203	0.01041	0.00531	0.00439	0.01088
8	0.01005	0.00753	0.00933	0.01077	0.01184	0.00681	0.00736	0.01166	0.01667	0.02152	0.05546	0.54564	0.20568	0.02477	0.01041	0.00323	0.00467	0.02208	0.00771	0.00681
9	0.01010	0.00730	0.00957	0.01138	0.01200	0.00676	0.00763	0.01159	0.01609	0.02128	0.04811	0.66499	0.09108	0.02573	0.01056	0.00334	0.00478	0.02325	0.00771	0.00676
10	0.10065	0.03943	0.47504	0.02187	0.03189	0.14100	0.02562	0.02738	0.01829	0.02639	0.01416	0.01663	0.01039	0.00800	0.00752	0.00253	0.01215	0.00581	0.00383	0.01143
11	0.02727	0.26742	0.06498	0.01910	0.02476	0.42230	0.01622	0.03000	0.02097	0.02039	0.01252	0.01456	0.01068	0.00803	0.00678	0.00204	0.01277	0.00509	0.00399	0.01012
12	0.02056	0.01974	0.03372	0.05099	0.65622	0.01974	0.02550	0.02550	0.01892	0.02714	0.01563	0.02056	0.01316	0.00740	0.00822	0.00247	0.00987	0.00740	0.00411	0.01316
13	0.01062	0.00811	0.00988	0.01109	0.01270	0.00737	0.00824	0.01275	0.01763	0.02235	0.05975	0.35742	0.27645	0.02360	0.01047	0.00325	0.00512	0.12850	0.00770	0.00701
14	0.05380	0.09739	0.17401	0.05813	0.06262	0.34387	0.01954	0.02893	0.02033	0.02310	0.01390	0.01661	0.01111	0.00820	0.00732	0.00228	0.01259	0.00572	0.03012	0.01042
15	0.10663	0.35605	0.06255	0.01642	0.02248	0.20333	0.01480	0.05141	0.01914	0.02338	0.01296	0.01526	0.01114	0.01056	0.04056	0.00263	0.01113	0.00513	0.00417	0.01025
16	0.01071	0.00767	0.01023	0.01161	0.01251	0.00719	0.00816	0.01286	0.01777	0.02406	0.17468	0.52072	0.05940	0.02387	0.01050	0.00325	0.00484	0.06490	0.00801	0.00705
17	0.02303	0.41762	0.17130	0.01786	0.02543	0.17558	0.01814	0.02706	0.01853	0.02116	0.01256	0.01460	0.01064	0.00760	0.00637	0.00204	0.01099	0.00501	0.00371	0.01077
18	0.01452	0.15947	0.02064	0.01414	0.01671	0.01625	0.01176	0.01734	0.01406	0.01939	0.01916	0.02749	0.01791	0.04714	0.48619	0.01019	0.06737	0.00783	0.00420	0.00823
19	0.01409	0.01030	0.01239	0.01273	0.01454	0.01030	0.00911	0.12623	0.02043	0.02709	0.04385	0.52922	0.09206	0.02267	0.01012	0.00317	0.00558	0.02016	0.00782	0.00814

[dist]
# distance from previous block
# <min> <max>
0	1

[block]
# block no. 4 follows, 22 sequences, length 28
# corresponding to MSA columns:
# 159-186
name=unknown_E
#
# <colnr> <probs for GDERKNQSTAVLIFYWHMCP>
#	G	D	E	R	K	N	Q	S	T	A	V	L	I	F	Y	W	H	M	C	P
0	0.03158	0.02327	0.02493	0.01911	0.02576	0.02576	0.01579	0.62852	0.03906	0.05236	0.01995	0.01995	0.01413	0.00997	0.00831	0.00249	0.00914	0.00748	0.00831	0.01413
1	0.01218	0.00999	0.01371	0.01416	0.01460	0.01151	0.01042	0.01382	0.01496	0.02078	0.03577	0.49182	0.04199	0.02572	0.05982	0.00412	0.17211	0.01867	0.00651	0.00736
2	0.00992	0.00800	0.00884	0.00952	0.01151	0.00692	0.00680	0.01180	0.01787	0.02201	0.07070	0.29835	0.44313	0.02279	0.01009	0.00300	0.00442	0.01967	0.00771	0.00692
3	0.15907	0.01446	0.01810	0.01414	0.02035	0.01328	0.01167	0.03780	0.02217	0.55767	0.02923	0.02581	0.01863	0.00985	0.00782	0.00257	0.00696	0.00771	0.00942	0.01328
4	0.01012	0.00723	0.00964	0.01157	0.01205	0.00675	0.00771	0.01157	0.01591	0.02121	0.04579	0.70262	0.05495	0.02603	0.01060	0.00337	0.00482	0.02362	0.00771	0.00675
5	0.01187	0.00890	0.01335	0.01335	0.01483	0.01038	0.01038	0.01483	0.01335	0.01928	0.02225	0.03264	0.02077	0.06231	0.67512	0.01335	0.02225	0.00890	0.00445	0.00742
6	0.01629	0.01172	0.01398	0.01252	0.01480	0.01241	0.00923	0.15073	0.02126	0.02921	0.18376	0.04427	0.03702	0.24561	0.15445	0.00650	0.01011	0.01117	0.00669	0.00826
7	0.01549	0.00774	0.00774	0.00774	0.00968	0.00774	0.00581	0.01936	0.01742	0.03097	0.02710	0.03097	0.02129	0.00968	0.00581	0.00194	0.00387	0.00774	0.75416	0.00774
8	0.03688	0.01477	0.01967	0.01508	0.02152	0.01315	0.01246	0.08139	0.02484	0.61957	0.03188	0.02770	0.02012	0.01026	0.00835	0.00257	0.00721	0.00829	0.01014	0.01414
9	0.01666	0.04297	0.66500	0.02368	0.03596	0.01929	0.03069	0.02631	0.01754	0.02631	0.01491	0.01754	0.01052	0.00789	0.00789	0.00263	0.01228	0.00614	0.00351	0.01228
10	0.02056	0.01974	0.03372	0.05099	0.65622	0.01974	0.02550	0.02550	0.01892	0.02714	0.01563	0.02056	0.01316	0.00740	0.00822	0.00247	0.00987	0.00740	0.00411	0.01316
11	0.02066	0.01785	0.01878	0.01691	0.02160	0.02066	0.01315	0.04414	0.64121	0.03475	0.03381	0.03099	0.02536	0.01127	0.00845	0.00282	0.00657	0.00939	0.00845	0.01315
12	0.14645	0.02127	0.08856	0.04168	0.49045	0.01951	0.02319	0.02539	0.01798	0.02878	0.01487	0.01909	0.01221	0.00750	0.00767	0.00250	0.00951	0.00679	0.00423	0.01237
13	0.03043	0.08539	0.02490	0.02091	0.02539	0.63104	0.01593	0.03261	0.02309	0.02028	0.01275	0.01487	0.01070	0.00846	0.00734	0.00212	0.01457	0.00529	0.00423	0.00970
14	0.01926	0.02272	0.21674	0.01686	0.02312	0.01559	0.01684	0.16020	0.02337	0.07613	0.11969	0.13860	0.05908	0.04139	0.01020	0.00294	0.00824	0.01144	0.00683	0.01077
15	0.02039	0.02189	0.06762	0.03558	0.28259	0.04653	0.15650	0.02949	0.14589	0.02772	0.01910	0.02254	0.01512	0.00872	0.01002	0.00270	0.06225	0.00819	0.00496	0.01222
16	0.02056	0.01974	0.03372	0.05099	0.65622	0.01974	0.02550	0.02550	0.01892	0.02714	0.01563	0.02056	0.01316	0.00740	0.00822	0.00247	0.00987	0.00740	0.00411	0.01316
17	0.01345	0.01078	0.01526	0.09493	0.05338	0.01126	0.01382	0.01703	0.01836	0.02373	0.04505	0.10097	0.15132	0.01983	0.01131	0.00342	0.03855	0.34269	0.00684	0.00803
18	0.01916	0.06798	0.42908	0.02943	0.17971	0.08073	0.02736	0.02669	0.01839	0.02564	0.01473	0.01782	0.01116	0.00780	0.00782	0.00251	0.01181	0.00628	0.00372	0.01216
19	0.01768	0.03294	0.38558	0.02603	0.03487	0.02096	0.17187	0.02509	0.01705	0.02509	0.01455	0.01884	0.01110	0.00904	0.01231	0.00288	0.15179	0.00725	0.00370	0.01137
20	0.01000	0.00842	0.00866	0.00860	0.01133	0.00709	0.00645	0.01227	0.01936	0.02345	0.13674	0.07829	0.59964	0.02066	0.00982	0.00279	0.00418	0.01730	0.00785	0.00709
21	0.13408	0.02071	0.02138	0.01732	0.02320	0.02331	0.01407	0.37758	0.20467	0.04524	0.02264	0.02212	0.01655	0.01001	0.00790	0.00260	0.00803	0.00759	0.00790	0.01312
22	0.03009	0.03035	0.02193	0.01917	0.02395	0.41030	0.01474	0.08986	0.09118	0.12643	0.04757	0.02136	0.01718	0.00963	0.00791	0.00233	0.01180	0.00689	0.00626	0.01105
23	0.01230	0.00904	0.01076	0.01138	0.01280	0.00872	0.00787	0.06884	0.01813	0.02368	0.04799	0.44460	0.15775	0.10841	0.01419	0.00377	0.00551	0.01957	0.00743	0.00727
24	0.01006	0.00747	0.00939	0.01092	0.01188	0.00680	0.00743	0.01164	0.01652	0.02146	0.05363	0.57536	0.17714	0.02501	0.01044	0.00326	0.00469	0.02237	0.00771	0.00680
25	0.01229	0.01070	0.01863	0.01692	0.01921	0.01000	0.14888	0.01500	0.01675	0.02244	0.03917	0.54732	0.04528	0.02168	0.01042	0.00324	0.00692	0.02046	0.00691	0.00777
26	0.02459	0.02766	0.06380	0.03210	0.20982	0.23841	0.14376	0.03045	0.06408	0.06001	0.01710	0.02007	0.01334	0.00816	0.00831	0.00246	0.01216	0.00733	0.00480	0.01159
27	0.01875	0.01342	0.01804	0.15243	0.02564	0.03734	0.01400	0.02376	0.06730	0.12479	0.02381	0.07318	0.02021	0.02734	0.21527	0.00605	0.07600	0.00921	0.04391	0.00953

[dist]
# distance from previous block
# <min> <max>
6	9

[block]
# block no. 5 follows, 22 sequences, length 19
# corresponding to MSA columns:
# 196-214
name=unknown_F
#
# <colnr> <probs for GDERKNQSTAVLIFYWHMCP>
#	G	D	E	R	K	N	Q	S	T	A	V	L	I	F	Y	W	H	M	C	P
0	0.01754	0.02666	0.22676	0.02368	0.05853	0.08583	0.17816	0.02346	0.01921	0.02535	0.08037	0.03296	0.10595	0.04629	0.01056	0.00292	0.01086	0.00971	0.00494	0.01028
1	0.01213	0.00886	0.01095	0.01185	0.01347	0.00851	0.00931	0.01447	0.01714	0.02185	0.04920	0.07944	0.19519	0.21066	0.01952	0.00473	0.00689	0.29211	0.00695	0.00677
2	0.02102	0.02116	0.03128	0.04294	0.48228	0.07747	0.02330	0.02512	0.01815	0.02521	0.01450	0.01963	0.01252	0.00885	0.01174	0.00266	0.13885	0.00720	0.00404	0.01209
3	0.01053	0.00780	0.00990	0.01116	0.01238	0.00717	0.00795	0.01259	0.01762	0.02313	0.12155	0.45900	0.17069	0.02379	0.01044	0.00322	0.00485	0.07137	0.00787	0.00700
4	0.02538	0.02369	0.02247	0.02319	0.12120	0.19922	0.01576	0.03782	0.30502	0.10063	0.02511	0.02467	0.01890	0.00981	0.00814	0.00255	0.00945	0.00786	0.00684	0.01230
5	0.01666	0.04297	0.66500	0.02368	0.03596	0.01929	0.03069	0.02631	0.01754	0.02631	0.01491	0.01754	0.01052	0.00789	0.00789	0.00263	0.01228	0.00614	0.00351	0.01228
6	0.01707	0.01731	0.05959	0.16902	0.29885	0.01676	0.02016	0.02341	0.07220	0.02556	0.03091	0.03547	0.13529	0.01108	0.00866	0.00268	0.00882	0.03102	0.00517	0.01094
7	0.56041	0.01571	0.01570	0.19694	0.02737	0.01859	0.01286	0.02354	0.01482	0.03286	0.01245	0.01587	0.00957	0.00787	0.00601	0.00262	0.00770	0.00529	0.00474	0.00906
8	0.01022	0.00730	0.00972	0.01150	0.01207	0.00681	0.00772	0.01181	0.01635	0.02191	0.08099	0.66542	0.05631	0.02550	0.01056	0.00333	0.00477	0.02312	0.00779	0.00681
9	0.02548	0.02418	0.09199	0.01943	0.02500	0.13961	0.05841	0.18786	0.02508	0.10399	0.02189	0.02852	0.01770	0.01097	0.00960	0.00264	0.05531	0.06991	0.07112	0.01133
10	0.00995	0.00842	0.00860	0.00856	0.01130	0.00707	0.00642	0.01218	0.01925	0.02319	0.12341	0.07871	0.61313	0.02076	0.00982	0.00279	0.00419	0.01736	0.00781	0.00707
11	0.01044	0.00832	0.00859	0.00859	0.01063	0.00730	0.00596	0.01197	0.01705	0.02070	0.06823	0.07292	0.48181	0.20976	0.01874	0.00425	0.00526	0.01604	0.00698	0.00647
12	0.01012	0.00723	0.00964	0.01157	0.01205	0.00675	0.00771	0.01157	0.01591	0.02121	0.04579	0.70262	0.05495	0.02603	0.01060	0.00337	0.00482	0.02362	0.00771	0.00675
13	0.02056	0.01974	0.03372	0.05099	0.65622	0.01974	0.02550	0.02550	0.01892	0.02714	0.01563	0.02056	0.01316	0.00740	0.00822	0.00247	0.00987	0.00740	0.00411	0.01316
14	0.01244	0.00933	0.01025	0.01011	0.01307	0.00829	0.00791	0.01587	0.04802	0.06099	0.09636	0.07569	0.48933	0.02004	0.00988	0.00291	0.00490	0.08886	0.00795	0.00782
15	0.01166	0.00759	0.00924	0.01022	0.01094	0.00730	0.00675	0.01336	0.01574	0.02254	0.07311	0.39166	0.04439	0.18004	0.01699	0.00415	0.00534	0.01752	0.14486	0.00660
16	0.01445	0.00821	0.00872	0.04154	0.01232	0.00814	0.00675	0.01808	0.01766	0.02892	0.03701	0.03957	0.13728	0.01171	0.00667	0.00214	0.00429	0.00953	0.57934	0.00768
17	0.02257	0.05559	0.02579	0.02614	0.17625	0.07830	0.01744	0.18892	0.02274	0.03049	0.01689	0.02145	0.01418	0.01969	0.13726	0.00465	0.11778	0.00736	0.00524	0.01127
18	0.02452	0.06234	0.02392	0.01992	0.02321	0.29407	0.01579	0.06440	0.11065	0.02411	0.01623	0.01936	0.01364	0.01354	0.04947	0.00326	0.19971	0.00674	0.00492	0.01019

[dist]
# distance from previous block
# <min> <max>
1	20

[block]
# block no. 6 follows, 22 sequences, length 56
# corresponding to MSA columns:
# 235-290
name=unknown_G
#
# <colnr> <probs for GDERKNQSTAVLIFYWHMCP>
#	G	D	E	R	K	N	Q	S	T	A	V	L	I	F	Y	W	H	M	C	P
0	0.01371	0.00953	0.01095	0.01020	0.01312	0.00853	0.00776	0.04313	0.02151	0.08089	0.24909	0.09536	0.36822	0.01862	0.00966	0.00274	0.00461	0.01581	0.00840	0.00817
1	0.07223	0.48418	0.04179	0.01891	0.02606	0.05652	0.14972	0.02558	0.01758	0.02234	0.01277	0.01542	0.01098	0.00719	0.00640	0.00207	0.01011	0.00567	0.00384	0.01063
2	0.02332	0.06943	0.14731	0.03433	0.30256	0.23194	0.02277	0.02809	0.02004	0.02436	0.01437	0.01780	0.01174	0.00785	0.00776	0.00235	0.01191	0.00634	0.00402	0.01172
3	0.01862	0.02479	0.20234	0.03921	0.40975	0.01837	0.02542	0.02470	0.01857	0.02664	0.01891	0.02871	0.01669	0.00944	0.00853	0.00268	0.01025	0.07974	0.00438	0.01224
4	0.01836	0.01819	0.02086	0.01849	0.02005	0.10005	0.01492	0.04606	0.04400	0.02209	0.02114	0.02673	0.06781	0.02427	0.16076	0.00538	0.34882	0.00835	0.00464	0.00901
5	0.01051	0.00834	0.00944	0.00938	0.01170	0.00727	0.00695	0.01318	0.02025	0.02606	0.27509	0.12624	0.40604	0.02007	0.00988	0.00279	0.00416	0.01719	0.00820	0.00727
6	0.01951	0.01425	0.01925	0.02212	0.14993	0.01456	0.01476	0.05463	0.13729	0.10657	0.03748	0.05014	0.10511	0.01735	0.04683	0.00355	0.00830	0.16030	0.00725	0.01083
7	0.02504	0.05465	0.02877	0.02207	0.02687	0.18037	0.14607	0.07419	0.02108	0.11711	0.02148	0.02385	0.05616	0.01060	0.01232	0.00271	0.15233	0.00808	0.00551	0.01073
8	0.01106	0.00837	0.00961	0.00935	0.01122	0.00756	0.00664	0.01343	0.01926	0.02535	0.29444	0.06744	0.29385	0.16687	0.01678	0.00386	0.00492	0.01538	0.00770	0.00691
9	0.24270	0.01963	0.01953	0.01561	0.02135	0.02190	0.01282	0.39273	0.02968	0.04585	0.01824	0.01918	0.01336	0.00929	0.00714	0.00246	0.00783	0.00664	0.08205	0.01200
10	0.02580	0.03756	0.18463	0.02404	0.08081	0.42946	0.02020	0.03013	0.02165	0.02291	0.03840	0.01792	0.01349	0.00862	0.00774	0.00231	0.01344	0.00610	0.00426	0.01052
11	0.01396	0.16011	0.01850	0.01245	0.01458	0.01468	0.00970	0.01568	0.01511	0.01968	0.03272	0.22993	0.09267	0.15255	0.09822	0.00510	0.06769	0.01352	0.00557	0.00758
12	0.01031	0.00855	0.00910	0.00928	0.01194	0.00734	0.00717	0.01269	0.01918	0.02324	0.10760	0.08060	0.55744	0.02105	0.01000	0.00291	0.00458	0.08211	0.00778	0.00712
13	0.02218	0.02259	0.04385	0.03160	0.03963	0.02203	0.49510	0.15577	0.02378	0.03214	0.01748	0.02188	0.01293	0.00764	0.00948	0.00274	0.01296	0.00931	0.00508	0.01183
14	0.02342	0.02551	0.02981	0.09539	0.40922	0.22383	0.02235	0.02753	0.02016	0.02452	0.01469	0.01895	0.01222	0.00784	0.00800	0.00239	0.01156	0.00676	0.00413	0.01173
15	0.01269	0.00882	0.01120	0.01069	0.01299	0.00803	0.00823	0.01626	0.02238	0.05870	0.47729	0.06622	0.17155	0.01787	0.00988	0.00274	0.00442	0.06326	0.00883	0.00796
16	0.02227	0.56583	0.03793	0.01463	0.02100	0.11274	0.01376	0.02481	0.01791	0.01990	0.01801	0.01931	0.06631	0.00850	0.00600	0.00191	0.00926	0.00569	0.00401	0.01021
17	0.01084	0.00829	0.01000	0.01035	0.01230	0.00745	0.00772	0.01357	0.01988	0.02609	0.26596	0.20504	0.28157	0.02086	0.01011	0.00294	0.00453	0.06700	0.00820	0.00729
18	0.01993	0.01910	0.03259	0.13291	0.57920	0.01957	0.02518	0.02495	0.01862	0.02638	0.01552	0.02077	0.01289	0.00752	0.00823	0.00251	0.01002	0.00740	0.00406	0.01265
19	0.02090	0.18216	0.39759	0.02121	0.03070	0.16277	0.02411	0.02748	0.01869	0.02361	0.01376	0.01611	0.01059	0.00787	0.00727	0.00235	0.01215	0.00562	0.00368	0.01137
20	0.01391	0.00915	0.01076	0.00996	0.01289	0.00796	0.00761	0.01683	0.02125	0.10493	0.29107	0.06689	0.35957	0.01820	0.00963	0.00270	0.00445	0.01547	0.00857	0.00820
21	0.07197	0.02270	0.02863	0.19007	0.31374	0.15996	0.04543	0.02612	0.01908	0.02496	0.01460	0.01933	0.01184	0.00787	0.00794	0.00249	0.01118	0.00686	0.00412	0.01113
22	0.02664	0.03039	0.02153	0.01950	0.02395	0.39778	0.01482	0.03782	0.28506	0.02644	0.02172	0.02176	0.01691	0.00971	0.00790	0.00243	0.01142	0.00706	0.00605	0.01112
23	0.01233	0.00891	0.01070	0.01058	0.01280	0.00819	0.00780	0.01613	0.05197	0.05348	0.29228	0.20197	0.24276	0.01959	0.00985	0.00284	0.00447	0.01707	0.00841	0.00788
24	0.01217	0.00872	0.01167	0.01329	0.01468	0.00851	0.01063	0.01488	0.01755	0.02288	0.04499	0.25415	0.08206	0.09059	0.01415	0.00406	0.00673	0.35376	0.00741	0.00711
25	0.01012	0.00723	0.00964	0.01157	0.01205	0.00675	0.00771	0.01157	0.01591	0.02121	0.04579	0.70262	0.05495	0.02603	0.01060	0.00337	0.00482	0.02362	0.00771	0.00675
26	0.01684	0.00905	0.00919	0.00870	0.01103	0.00926	0.00665	0.07063	0.01924	0.03277	0.02650	0.03004	0.02069	0.00970	0.00602	0.00198	0.00432	0.00772	0.69138	0.00828
27	0.01045	0.00746	0.01001	0.01194	0.01257	0.00703	0.00828	0.01213	0.01623	0.02157	0.04561	0.64167	0.05423	0.02572	0.01069	0.00342	0.00510	0.08134	0.00771	0.00684
28	0.01806	0.01685	0.02429	0.02022	0.02157	0.02134	0.07605	0.06601	0.01531	0.02233	0.01543	0.02641	0.01542	0.16051	0.02724	0.00440	0.42681	0.00856	0.00435	0.00883
29	0.01208	0.00805	0.00906	0.00906	0.00906	0.00805	0.00503	0.01208	0.01208	0.01611	0.02618	0.05436	0.03020	0.70804	0.04228	0.00805	0.00805	0.01208	0.00503	0.00503
30	0.01192	0.00798	0.00911	0.00927	0.00931	0.00794	0.00526	0.01204	0.01240	0.01654	0.02783	0.10893	0.03228	0.65064	0.03962	0.00766	0.00778	0.01305	0.00526	0.00518
31	0.01075	0.00800	0.00920	0.00965	0.01094	0.00732	0.00647	0.01224	0.01658	0.02134	0.11274	0.23921	0.25454	0.22079	0.01942	0.00446	0.00546	0.01735	0.00708	0.00645
32	0.01832	0.01737	0.02844	0.04210	0.52154	0.01708	0.02149	0.02266	0.01892	0.02616	0.02994	0.03296	0.14673	0.01025	0.00856	0.00254	0.00869	0.00952	0.00486	0.01188
33	0.01236	0.00926	0.01283	0.01258	0.01351	0.01067	0.00924	0.01432	0.01291	0.01834	0.02271	0.03843	0.02304	0.26041	0.43411	0.01104	0.06307	0.00978	0.00458	0.00679
34	0.05404	0.07278	0.03232	0.03237	0.23663	0.20518	0.12307	0.09461	0.02224	0.02782	0.01509	0.01848	0.01215	0.00794	0.00798	0.00239	0.01173	0.00693	0.00464	0.01161
35	0.02205	0.01749	0.05054	0.01493	0.02004	0.01689	0.01255	0.30868	0.02885	0.06902	0.08359	0.07940	0.21171	0.01456	0.00897	0.00265	0.00713	0.01187	0.00801	0.01107
36	0.01203	0.00828	0.01018	0.01018	0.01057	0.00866	0.00643	0.01280	0.01241	0.01694	0.02515	0.04869	0.02774	0.53931	0.20765	0.00944	0.01176	0.01125	0.00488	0.00566
37	0.17858	0.49817	0.03493	0.01427	0.02067	0.09599	0.01331	0.02563	0.01699	0.02333	0.01169	0.01353	0.01032	0.00738	0.00551	0.00198	0.00900	0.00455	0.00396	0.01021
38	0.01753	0.09728	0.54741	0.02569	0.09858	0.02049	0.02876	0.02610	0.01763	0.02582	0.01470	0.01749	0.01081	0.00778	0.00771	0.00254	0.01174	0.00613	0.00357	0.01223
39	0.02030	0.01659	0.01888	0.01376	0.02099	0.01422	0.01112	0.15094	0.02190	0.03248	0.01587	0.01781	0.01269	0.00697	0.00661	0.00150	0.00679	0.00547	0.00565	0.59947
40	0.01208	0.00805	0.00906	0.00906	0.00906	0.00805	0.00503	0.01208	0.01208	0.01611	0.02618	0.05436	0.03020	0.70804	0.04228	0.00805	0.00805	0.01208	0.00503	0.00503
41	0.01071	0.00818	0.00983	0.00998	0.01191	0.00731	0.00727	0.01344	0.02021	0.02679	0.31716	0.21052	0.27577	0.02042	0.00998	0.00285	0.00422	0.01782	0.00832	0.00731
42	0.05053	0.01666	0.01467	0.01299	0.01703	0.14825	0.01006	0.02432	0.02131	0.18386	0.10136	0.04935	0.28700	0.01488	0.00878	0.00258	0.00724	0.01197	0.00766	0.00949
43	0.01002	0.00763	0.00922	0.01049	0.01177	0.00684	0.00724	0.01169	0.01694	0.02163	0.05885	0.49071	0.25843	0.02433	0.01034	0.00318	0.00461	0.02155	0.00771	0.00684
44	0.01012	0.00723	0.00964	0.01157	0.01205	0.00675	0.00771	0.01157	0.01591	0.02121	0.04579	0.70262	0.05495	0.02603	0.01060	0.00337	0.00482	0.02362	0.00771	0.00675
45	0.02056	0.01974	0.03372	0.05099	0.65622	0.01974	0.02550	0.02550	0.01892	0.02714	0.01563	0.02056	0.01316	0.00740	0.00822	0.00247	0.00987	0.00740	0.00411	0.01316
46	0.02036	0.02031	0.03700	0.04756	0.52472	0.02001	0.15437	0.02573	0.01906	0.02703	0.01588	0.02096	0.01304	0.00732	0.00856	0.00254	0.01076	0.00792	0.00413	0.01274
47	0.01011	0.00843	0.00882	0.00872	0.01140	0.00714	0.00654	0.01249	0.01963	0.02409	0.17024	0.07724	0.56574	0.02042	0.00982	0.00278	0.00416	0.01715	0.00793	0.00714
48	0.01961	0.02241	0.04902	0.03501	0.04342	0.02101	0.62605	0.02661	0.01961	0.02661	0.01681	0.02241	0.01261	0.00700	0.00980	0.00280	0.01401	0.00980	0.00420	0.01120
49	0.02607	0.02805	0.14173	0.02031	0.02707	0.13470	0.04144	0.32317	0.02880	0.03734	0.01793	0.02017	0.01356	0.01511	0.08306	0.00369	0.01238	0.00712	0.00614	0.01215
50	0.01012	0.00723	0.00964	0.01157	0.01205	0.00675	0.00771	0.01157	0.01591	0.02121	0.04579	0.70262	0.05495	0.02603	0.01060	0.00337	0.00482	0.02362	0.00771	0.00675
51	0.01009	0.00735	0.00951	0.01124	0.01196	0.00677	0.00757	0.01160	0.01622	0.02133	0.04974	0.63851	0.11651	0.02551	0.01052	0.00332	0.00476	0.02299	0.00771	0.00677
52	0.00982	0.00842	0.00842	0.00842	0.01122	0.00701	0.00631	0.01192	0.01894	0.02244	0.08416	0.07995	0.65285	0.02104	0.00982	0.00281	0.00421	0.01753	0.00771	0.00701
53	0.01208	0.00805	0.00906	0.00906	0.00906	0.00805	0.00503	0.01208	0.01208	0.01611	0.02618	0.05436	0.03020	0.70804	0.04228	0.00805	0.00805	0.01208	0.00503	0.00503
54	0.02056	0.01974	0.03372	0.05099	0.65622	0.01974	0.02550	0.02550	0.01892	0.02714	0.01563	0.02056	0.01316	0.00740	0.00822	0.00247	0.00987	0.00740	0.00411	0.01316
55	0.02191	0.02260	0.03338	0.04592	0.52968	0.10832	0.06473	0.02661	0.01959	0.02618	0.01533	0.01993	0.01279	0.00753	0.00823	0.00245	0.01084	0.00729	0.00414	0.01255

[dist]
# distance from previous block
# <min> <max>
0	1

[block]
# block no. 7 follows, 22 sequences, length 16
# corresponding to MSA columns:
# 292-307
name=unknown_H
#
# <colnr> <probs for GDERKNQSTAVLIFYWHMCP>
#	G	D	E	R	K	N	Q	S	T	A	V	L	I	F	Y	W	H	M	C	P
0	0.01013	0.00849	0.00885	0.00893	0.01164	0.00721	0.00681	0.01244	0.01920	0.02318	0.11311	0.07976	0.58597	0.02093	0.00991	0.00285	0.00439	0.05131	0.00779	0.00710
1	0.03039	0.03824	0.02325	0.02112	0.02543	0.63406	0.01587	0.03385	0.06192	0.02123	0.01414	0.01598	0.01161	0.00873	0.00755	0.00218	0.01446	0.00560	0.00454	0.00985
2	0.05181	0.01294	0.01540	0.01208	0.01760	0.01080	0.00954	0.01934	0.01758	0.02750	0.12285	0.02679	0.02447	0.01606	0.10214	0.00326	0.00809	0.00717	0.00558	0.48903
3	0.01750	0.01625	0.01555	0.01471	0.01674	0.15525	0.01139	0.02037	0.01642	0.02223	0.02013	0.02693	0.01768	0.03375	0.31122	0.00732	0.08650	0.00770	0.17422	0.00814
