[name]
unknown

[dist]
# distance from previous block
# <min> <max>
0	6

[block]
# block no. 0 follows, 22 sequences, length 24
# corresponding to MSA columns:
# 6-29
name=unknown_A
#
# <colnr> <probs for GDERKNQSTAVLIFYWHMCP>
#	G	D	E	R	K	N	Q	S	T	A	V	L	I	F	Y	W	H	M	C	P
0	0.01339	0.00956	0.01339	0.01530	0.01721	0.00956	0.01339	0.01721	0.01912	0.02486	0.04399	0.09371	0.04781	0.02295	0.01147	0.00382	0.00765	0.60031	0.00765	0.00765
1	0.01985	0.01902	0.03244	0.14347	0.56927	0.01955	0.02514	0.02488	0.01858	0.02628	0.01550	0.02079	0.01286	0.00753	0.00824	0.00251	0.01004	0.00740	0.00405	0.01259
2	0.16088	0.02144	0.15769	0.32043	0.10624	0.01851	0.02173	0.02426	0.01691	0.05605	0.01512	0.01965	0.01123	0.00810	0.00761	0.00266	0.01012	0.00662	0.00428	0.01047
3	0.07013	0.02744	0.02493	0.02633	0.14697	0.30989	0.01779	0.02695	0.01882	0.02258	0.01318	0.01752	0.01153	0.01199	0.03929	0.00307	0.19106	0.00634	0.00414	0.01005
4	0.01199	0.00868	0.01089	0.01227	0.05006	0.00840	0.00728	0.01322	0.01518	0.02038	0.10896	0.18814	0.08713	0.39015	0.02734	0.00570	0.00672	0.01493	0.00622	0.00637
5	0.01063	0.00769	0.00924	0.01025	0.01103	0.00718	0.00667	0.01178	0.01537	0.01996	0.04733	0.39704	0.16053	0.22303	0.01965	0.00462	0.00564	0.01912	0.00693	0.00630
6	0.29428	0.01483	0.01688	0.01930	0.13656	0.01570	0.01219	0.04931	0.05444	0.03055	0.02188	0.15102	0.02155	0.06186	0.00986	0.00301	0.00700	0.00970	0.00576	0.06432
7	0.01318	0.01006	0.04422	0.01092	0.01251	0.00841	0.00792	0.01486	0.01570	0.05942	0.08128	0.24313	0.08618	0.30578	0.02322	0.00509	0.00655	0.01543	0.02925	0.00690
8	0.01766	0.01623	0.02669	0.14443	0.39450	0.01672	0.02145	0.02227	0.01858	0.02541	0.02582	0.03858	0.06752	0.01140	0.00895	0.00279	0.00923	0.11574	0.00496	0.01106
9	0.02174	0.02465	0.01736	0.01624	0.01895	0.35523	0.01187	0.02356	0.01878	0.01937	0.02273	0.03165	0.06376	0.17218	0.14116	0.00559	0.01405	0.00838	0.00473	0.00802
10	0.01507	0.14297	0.02020	0.01411	0.01637	0.01657	0.01162	0.01769	0.01415	0.02013	0.01912	0.02800	0.01798	0.08038	0.36062	0.00850	0.11951	0.00792	0.06093	0.00816
11	0.02040	0.01113	0.01392	0.01213	0.01578	0.01019	0.00944	0.06627	0.02305	0.22240	0.24730	0.11955	0.16206	0.01616	0.00934	0.00271	0.00540	0.01383	0.00901	0.00994
12	0.02153	0.02265	0.03109	0.16468	0.38902	0.14133	0.05955	0.02618	0.01938	0.02473	0.01502	0.01993	0.01228	0.00776	0.00820	0.00248	0.01130	0.00716	0.00407	0.01164
13	0.01852	0.04593	0.01501	0.01322	0.01536	0.17682	0.00983	0.02001	0.01649	0.02127	0.01943	0.02720	0.01744	0.07596	0.14321	0.14912	0.01138	0.00745	0.18907	0.00728
14	0.01618	0.06669	0.01793	0.07436	0.06517	0.08738	0.01221	0.01978	0.01893	0.02568	0.20483	0.03584	0.03447	0.02377	0.16708	0.00498	0.01096	0.00958	0.09555	0.00865
15	0.02116	0.01974	0.02910	0.10778	0.39311	0.04418	0.02189	0.09370	0.05896	0.02891	0.01888	0.02282	0.03396	0.00902	0.00967	0.00261	0.05960	0.00777	0.00490	0.01223
16	0.01815	0.01654	0.06572	0.14474	0.02725	0.01694	0.01573	0.17444	0.02132	0.02907	0.02325	0.14978	0.02211	0.02439	0.15747	0.00520	0.06162	0.01066	0.00578	0.00984
17	0.25519	0.02112	0.05507	0.01528	0.01929	0.18433	0.01263	0.02327	0.01647	0.02565	0.01602	0.02114	0.01385	0.02797	0.25172	0.00642	0.01479	0.00643	0.00457	0.00878
18	0.02558	0.02516	0.02443	0.14456	0.03070	0.20737	0.01758	0.21348	0.04542	0.03084	0.01573	0.01898	0.01236	0.01017	0.01166	0.00267	0.14001	0.00688	0.00544	0.01096
19	0.01518	0.01241	0.01568	0.01547	0.01715	0.01425	0.01210	0.04315	0.13291	0.02519	0.03473	0.26630	0.03698	0.04890	0.01483	0.00358	0.13746	0.13798	0.00697	0.00877
20	0.01813	0.01663	0.02344	0.02110	0.06694	0.08457	0.12939	0.01974	0.01541	0.02074	0.01639	0.02566	0.01521	0.09356	0.02194	0.19765	0.13868	0.00812	0.05881	0.00788
21	0.23742	0.01514	0.02057	0.12440	0.21038	0.01643	0.01686	0.02213	0.01709	0.02849	0.02184	0.06330	0.02104	0.01185	0.00815	0.00288	0.00833	0.13856	0.00529	0.00986
22	0.12970	0.01544	0.01798	0.10199	0.10711	0.04609	0.01403	0.10113	0.02079	0.02972	0.03573	0.04369	0.16673	0.01337	0.00847	0.00275	0.00777	0.09061	0.03731	0.00960
23	0.02435	0.02570	0.02411	0.15381	0.11549	0.26011	0.01788	0.09792	0.11561	0.02773	0.04411	0.02204	0.01650	0.00927	0.00808	0.00247	0.01116	0.00727	0.00542	0.01099

[dist]
# distance from previous block
# <min> <max>
10	28

[block]
# block no. 1 follows, 22 sequences, length 18
# corresponding to MSA columns:
# 58-75
name=unknown_B
#
# <colnr> <probs for GDERKNQSTAVLIFYWHMCP>
#	G	D	E	R	K	N	Q	S	T	A	V	L	I	F	Y	W	H	M	C	P
0	0.02437	0.02784	0.02724	0.16790	0.24399	0.32022	0.02066	0.02815	0.02057	0.02280	0.01417	0.01832	0.01160	0.00812	0.00790	0.00238	0.01246	0.00646	0.00410	0.01073
1	0.01825	0.02016	0.10423	0.03914	0.45021	0.01725	0.02201	0.02285	0.01772	0.02512	0.02071	0.02842	0.04873	0.11447	0.01343	0.00335	0.00959	0.00849	0.00437	0.01150
2	0.01421	0.01168	0.01725	0.07189	0.02040	0.01255	0.07724	0.01768	0.01751	0.02505	0.08771	0.10359	0.14733	0.01690	0.03712	0.00323	0.10353	0.04156	0.16538	0.00820
3	0.01348	0.00997	0.01286	0.01423	0.07015	0.01000	0.00872	0.04617	0.01688	0.02304	0.13661	0.12264	0.06378	0.33269	0.07801	0.00601	0.00819	0.01318	0.00619	0.00719
4	0.01854	0.02076	0.15609	0.05255	0.06772	0.01678	0.01664	0.14746	0.07428	0.03034	0.07816	0.03152	0.02336	0.13057	0.09448	0.00479	0.01067	0.00896	0.00585	0.01047
5	0.02479	0.08578	0.05264	0.01940	0.02518	0.15830	0.08836	0.03336	0.16895	0.13413	0.02427	0.02836	0.01915	0.01020	0.00823	0.00254	0.00987	0.05528	0.00649	0.04472
6	0.17727	0.08774	0.16355	0.02302	0.07998	0.15904	0.09201	0.07579	0.02014	0.02895	0.01419	0.01684	0.01102	0.00795	0.00731	0.00244	0.01110	0.00614	0.00453	0.01100
7	0.02423	0.02880	0.02100	0.01893	0.02218	0.40558	0.01456	0.02643	0.02008	0.02068	0.02195	0.02488	0.08918	0.01535	0.06497	0.00335	0.13042	0.00742	0.00462	0.03537
8	0.01529	0.01172	0.01217	0.01163	0.01382	0.06277	0.00840	0.01788	0.03962	0.07481	0.04267	0.07849	0.20609	0.20817	0.15361	0.00629	0.01012	0.01253	0.00631	0.00761
9	0.01624	0.01559	0.02044	0.02727	0.27749	0.06622	0.01521	0.01979	0.02001	0.02588	0.13805	0.04755	0.24947	0.01380	0.00897	0.00258	0.00736	0.01200	0.00618	0.00988
10	0.02594	0.17373	0.02594	0.01854	0.02293	0.42861	0.01471	0.02833	0.02043	0.01999	0.01418	0.01765	0.01241	0.01742	0.12086	0.00398	0.01496	0.00577	0.00416	0.00947
11	0.36362	0.01766	0.09089	0.01264	0.01835	0.01550	0.01157	0.05379	0.01719	0.03179	0.02804	0.02912	0.14155	0.01271	0.03518	0.00292	0.00746	0.00775	0.00559	0.09668
12	0.01451	0.01506	0.01188	0.01137	0.01441	0.14929	0.00852	0.01679	0.02033	0.02298	0.12051	0.06449	0.46393	0.01801	0.00932	0.00265	0.00648	0.01471	0.00711	0.00765
13	0.01916	0.02036	0.01946	0.02301	0.16211	0.20282	0.01421	0.02327	0.06290	0.02350	0.03683	0.17132	0.15806	0.01470	0.00885	0.00265	0.00888	0.01241	0.00596	0.00953
14	0.02471	0.02787	0.02873	0.03601	0.33584	0.29321	0.02089	0.02820	0.02028	0.02365	0.01404	0.01802	0.01193	0.00853	0.00965	0.00244	0.07401	0.00653	0.00414	0.01132
15	0.01494	0.01320	0.01305	0.01262	0.01514	0.09020	0.00960	0.04136	0.04563	0.02350	0.04179	0.09026	0.20753	0.03211	0.23682	0.00628	0.01199	0.01189	0.07401	0.00806
16	0.08698	0.21513	0.07769	0.01718	0.04871	0.09963	0.01468	0.03024	0.11867	0.11654	0.04627	0.02452	0.05143	0.00964	0.00724	0.00235	0.00866	0.00726	0.00597	0.01122
17	0.02224	0.02427	0.12769	0.03362	0.29733	0.04555	0.05439	0.17512	0.02394	0.03265	0.02172	0.02430	0.06112	0.00917	0.00837	0.00253	0.01005	0.00804	0.00535	0.01256

[dist]
# distance from previous block
# <min> <max>
17	41

[block]
# block no. 2 follows, 22 sequences, length 152
# corresponding to MSA columns:
# 120-271
name=unknown_C
#
# <colnr> <probs for GDERKNQSTAVLIFYWHMCP>
#	G	D	E	R	K	N	Q	S	T	A	V	L	I	F	Y	W	H	M	C	P
0	0.05426	0.13355	0.27705	0.02920	0.20367	0.04729	0.05132	0.02558	0.01808	0.02573	0.01600	0.02174	0.01330	0.00842	0.00773	0.00251	0.01076	0.03804	0.00404	0.01172
1	0.01435	0.01705	0.14669	0.17335	0.02777	0.01262	0.01586	0.01899	0.01845	0.05364	0.14661	0.11788	0.13730	0.05034	0.01077	0.00305	0.00782	0.01236	0.00615	0.00895
2	0.02004	0.02417	0.12823	0.12567	0.27266	0.07136	0.08200	0.02856	0.11275	0.02676	0.01804	0.02163	0.01406	0.00824	0.00832	0.00259	0.01072	0.00758	0.00464	0.01201
3	0.02058	0.02272	0.13098	0.02987	0.25092	0.01811	0.04443	0.11537	0.02127	0.03077	0.01596	0.01908	0.01261	0.00749	0.00765	0.00215	0.00924	0.00659	0.00489	0.22932
4	0.02111	0.02046	0.02475	0.02825	0.22350	0.12533	0.03972	0.07720	0.02055	0.02758	0.05482	0.02631	0.05541	0.01056	0.01115	0.00258	0.12001	0.00820	0.09184	0.01065
5	0.02331	0.23328	0.23364	0.02169	0.06706	0.18228	0.02073	0.08079	0.02079	0.02526	0.01393	0.01610	0.01109	0.00798	0.00711	0.00224	0.01152	0.00565	0.00417	0.01139
6	0.01892	0.02888	0.27035	0.03760	0.30051	0.01984	0.15121	0.02603	0.01855	0.02672	0.01560	0.01982	0.01207	0.00750	0.00843	0.00260	0.01161	0.00743	0.00391	0.01243
7	0.00982	0.00842	0.00842	0.00842	0.01122	0.00701	0.00631	0.01192	0.01894	0.02244	0.08416	0.07995	0.65285	0.02104	0.00982	0.00281	0.00421	0.01753	0.00771	0.00701
8	0.02056	0.01974	0.03372	0.05099	0.65622	0.01974	0.02550	0.02550	0.01892	0.02714	0.01563	0.02056	0.01316	0.00740	0.00822	0.00247	0.00987	0.00740	0.00411	0.01316
9	0.01081	0.00758	0.00938	0.01053	0.01094	0.00723	0.00669	0.01177	0.01467	0.01944	0.04047	0.44325	0.07253	0.26972	0.02190	0.00502	0.00595	0.01922	0.00675	0.00615
10	0.05377	0.01155	0.01691	0.22524	0.09275	0.01252	0.01401	0.01672	0.01614	0.02203	0.03290	0.20667	0.11244	0.05815	0.01282	0.06116	0.00767	0.01308	0.00548	0.00800
11	0.02316	0.01775	0.02318	0.09687	0.19117	0.01913	0.01677	0.26039	0.02622	0.03731	0.01994	0.02295	0.01524	0.00905	0.00770	0.00238	0.00829	0.00751	0.18315	0.01183
12	0.09577	0.01038	0.01287	0.01222	0.01520	0.00984	0.00945	0.02135	0.01994	0.17790	0.19208	0.22297	0.07362	0.01761	0.00936	0.00293	0.00555	0.07344	0.00840	0.00910
13	0.02056	0.01974	0.03372	0.05099	0.65622	0.01974	0.02550	0.02550	0.01892	0.02714	0.01563	0.02056	0.01316	0.00740	0.00822	0.00247	0.00987	0.00740	0.00411	0.01316
14	0.03132	0.03091	0.02428	0.02019	0.02572	0.32962	0.01591	0.34975	0.03179	0.03736	0.01662	0.01762	0.01252	0.00931	0.00793	0.00233	0.01188	0.00648	0.00642	0.01202
15	0.01156	0.00793	0.00933	0.00970	0.01040	0.00761	0.00616	0.01277	0.01526	0.02075	0.11284	0.20964	0.09493	0.36649	0.02611	0.00551	0.00623	0.01541	0.04527	0.00609
16	0.02259	0.02182	0.02807	0.06261	0.38354	0.11817	0.02051	0.10832	0.02160	0.02822	0.01686	0.02320	0.01461	0.08066	0.01166	0.00301	0.01040	0.00759	0.00480	0.01176
17	0.01012	0.00723	0.00964	0.01157	0.01205	0.00675	0.00771	0.01157	0.01591	0.02121	0.04579	0.70262	0.05495	0.02603	0.01060	0.00337	0.00482	0.02362	0.00771	0.00675
18	0.12752	0.01078	0.01215	0.01209	0.01463	0.01079	0.00889	0.07306	0.01882	0.08333	0.04153	0.40570	0.10968	0.01984	0.00929	0.00304	0.00559	0.01722	0.00761	0.00845
19	0.09117	0.01570	0.01701	0.01430	0.01934	0.01641	0.01145	0.15044	0.18358	0.16791	0.04099	0.03847	0.17233	0.01284	0.00843	0.00268	0.00661	0.01032	0.00833	0.01169
20	0.05978	0.00922	0.01043	0.01099	0.01304	0.00914	0.00841	0.01703	0.04988	0.02610	0.07133	0.18644	0.15550	0.05588	0.01089	0.00321	0.00540	0.13080	0.15894	0.00761
21	0.01549	0.00774	0.00774	0.00774	0.00968	0.00774	0.00581	0.01936	0.01742	0.03097	0.02710	0.03097	0.02129	0.00968	0.00581	0.00194	0.00387	0.00774	0.75416	0.00774
22	0.01092	0.00811	0.00950	0.00973	0.01117	0.00742	0.00668	0.01284	0.01782	0.02341	0.20602	0.19649	0.23469	0.18712	0.01782	0.00414	0.00519	0.01682	0.00743	0.00669
23	0.01021	0.00838	0.00900	0.00896	0.01149	0.00716	0.00668	0.01264	0.01970	0.02452	0.19392	0.10521	0.51234	0.02047	0.00985	0.00279	0.00418	0.01732	0.00800	0.00716
24	0.02047	0.01674	0.01798	0.01628	0.02081	0.01898	0.01276	0.04087	0.54760	0.06212	0.03692	0.03676	0.05890	0.01236	0.00868	0.00286	0.00653	0.04134	0.00846	0.01258
25	0.02661	0.02080	0.02213	0.01811	0.02387	0.02344	0.01459	0.36245	0.31323	0.04434	0.02626	0.02498	0.01924	0.01056	0.00838	0.00264	0.00797	0.00835	0.00838	0.01368
26	0.01012	0.00723	0.00964	0.01157	0.01205	0.00675	0.00771	0.01157	0.01591	0.02121	0.04579	0.70262	0.05495	0.02603	0.01060	0.00337	0.00482	0.02362	0.00771	0.00675
27	0.01208	0.00805	0.00906	0.00906	0.00906	0.00805	0.00503	0.01208	0.01208	0.01611	0.02618	0.05436	0.03020	0.70804	0.04228	0.00805	0.00805	0.01208	0.00503	0.00503
28	0.01224	0.00804	0.00900	0.00900	0.00909	0.00804	0.00507	0.01242	0.01233	0.01679	0.02622	0.05328	0.02979	0.67576	0.04060	0.00777	0.00786	0.01188	0.03966	0.00516
29	0.01187	0.00890	0.01335	0.01335	0.01483	0.01038	0.01038	0.01483	0.01335	0.01928	0.02225	0.03264	0.02077	0.06231	0.67512	0.01335	0.02225	0.00890	0.00445	0.00742
30	0.01389	0.00789	0.00836	0.00836	0.00939	0.00789	0.00545	0.01595	0.01492	0.02401	0.02667	0.04193	0.02546	0.33669	0.02289	0.00480	0.00583	0.00977	0.40338	0.00647
31	0.02066	0.01785	0.01878	0.01691	0.02160	0.02066	0.01315	0.04414	0.64121	0.03475	0.03381	0.03099	0.02536	0.01127	0.00845	0.00282	0.00657	0.00939	0.00845	0.01315
32	0.01086	0.00770	0.00977	0.01113	0.01175	0.00732	0.00750	0.01221	0.01545	0.02039	0.04307	0.46158	0.08092	0.18682	0.01813	0.00449	0.00580	0.07159	0.00707	0.00644
33	0.02033	0.02038	0.03742	0.04713	0.50807	0.02005	0.17068	0.02577	0.01908	0.02701	0.01591	0.02101	0.01303	0.00731	0.00861	0.00255	0.01087	0.00798	0.00413	0.01269
34	0.02056	0.01974	0.03372	0.05099	0.65622	0.01974	0.02550	0.02550	0.01892	0.02714	0.01563	0.02056	0.01316	0.00740	0.00822	0.00247	0.00987	0.00740	0.00411	0.01316
35	0.01176	0.00849	0.01110	0.01045	0.01241	0.00784	0.00784	0.01568	0.02352	0.03331	0.65184	0.06206	0.07839	0.01698	0.00980	0.00261	0.00392	0.01502	0.00914	0.00784
36	0.01723	0.01477	0.01723	0.01230	0.01969	0.01107	0.00984	0.02092	0.01723	0.02707	0.01477	0.01723	0.01230	0.00615	0.00615	0.00123	0.00615	0.00492	0.00492	0.75883
37	0.01700	0.08327	0.62763	0.02311	0.03508	0.02011	0.02970	0.02622	0.01750	0.02590	0.01471	0.01729	0.01053	0.00785	0.00774	0.00258	0.01207	0.00604	0.00351	0.01218
38	0.76672	0.01607	0.01221	0.01092	0.01607	0.01864	0.00900	0.02442	0.01414	0.03727	0.01157	0.01350	0.00900	0.00771	0.00514	0.00257	0.00643	0.00450	0.00514	0.00900
39	0.01187	0.00890	0.01335	0.01335	0.01483	0.01038	0.01038	0.01483	0.01335	0.01928	0.02225	0.03264	0.02077	0.06231	0.67512	0.01335	0.02225	0.00890	0.00445	0.00742
40	0.01023	0.00843	0.00899	0.00885	0.01147	0.00719	0.00664	0.01272	0.01991	0.02476	0.20505	0.07614	0.53051	0.02018	0.00981	0.00276	0.00415	0.01700	0.00802	0.00719
41	0.01549	0.00774	0.00774	0.00774	0.00968	0.00774	0.00581	0.01936	0.01742	0.03097	0.02710	0.03097	0.02129	0.00968	0.00581	0.00194	0.00387	0.00774	0.75416	0.00774
42	0.01012	0.00723	0.00964	0.01157	0.01205	0.00675	0.00771	0.01157	0.01591	0.02121	0.04579	0.70262	0.05495	0.02603	0.01060	0.00337	0.00482	0.02362	0.00771	0.00675
43	0.01118	0.00813	0.01053	0.01064	0.01224	0.00748	0.00771	0.01429	0.02109	0.02924	0.44624	0.24301	0.10768	0.01978	0.01003	0.00284	0.00419	0.01759	0.00865	0.00748
44	0.01837	0.03102	0.30689	0.03027	0.04029	0.02029	0.37682	0.02648	0.01874	0.02648	0.01601	0.02037	0.01173	0.00738	0.00900	0.00273	0.01328	0.00827	0.00391	0.01165
45	0.03103	0.03959	0.02354	0.02140	0.02568	0.67469	0.01605	0.03317	0.02354	0.02033	0.01284	0.01498	0.01070	0.00856	0.00749	0.00214	0.01498	0.00535	0.00428	0.00963
46	0.01886	0.01794	0.02971	0.04424	0.55390	0.01772	0.02245	0.02334	0.01892	0.02640	0.02650	0.02998	0.11464	0.00957	0.00848	0.00252	0.00897	0.00901	0.00468	0.01218
47	0.02317	0.02915	0.11189	0.02474	0.12407	0.28188	0.01856	0.05065	0.05905	0.02415	0.01655	0.02034	0.01371	0.01730	0.11456	0.00416	0.04419	0.00676	0.00456	0.01056
48	0.02221	0.71304	0.04353	0.01421	0.02132	0.03287	0.01421	0.02488	0.01688	0.01955	0.01155	0.01333	0.01066	0.00711	0.00533	0.00178	0.00888	0.00444	0.00355	0.01066
49	0.21974	0.06957	0.02337	0.02650	0.24505	0.04254	0.01589	0.02550	0.01770	0.10630	0.01927	0.07988	0.01679	0.01244	0.04302	0.00310	0.00894	0.00796	0.00545	0.01098
50	0.02160	0.01881	0.02317	0.02587	0.18518	0.02088	0.01656	0.09106	0.42789	0.03435	0.02791	0.02733	0.02123	0.01016	0.00838	0.00270	0.00765	0.00871	0.00732	0.01324
51	0.01176	0.00849	0.01110	0.01045	0.01241	0.00784	0.00784	0.01568	0.02352	0.03331	0.65184	0.06206	0.07839	0.01698	0.00980	0.00261	0.00392	0.01502	0.00914	0.00784
52	0.01053	0.00797	0.01051	0.01281	0.04040	0.00736	0.00828	0.01224	0.01652	0.02167	0.05054	0.57366	0.14797	0.02441	0.01037	0.00324	0.00495	0.02193	0.00755	0.00707
53	0.01723	0.01477	0.01723	0.01230	0.01969	0.01107	0.00984	0.02092	0.01723	0.02707	0.01477	0.01723	0.01230	0.00615	0.00615	0.00123	0.00615	0.00492	0.00492	0.75883
54	0.01187	0.00890	0.01335	0.01335	0.01483	0.01038	0.01038	0.01483	0.01335	0.01928	0.02225	0.03264	0.02077	0.06231	0.67512	0.01335	0.02225	0.00890	0.00445	0.00742
55	0.00982	0.00842	0.00842	0.00842	0.01122	0.00701	0.00631	0.01192	0.01894	0.02244	0.08416	0.07995	0.65285	0.02104	0.00982	0.00281	0.00421	0.01753	0.00771	0.00701
56	0.01187	0.00890	0.01335	0.01335	0.01483	0.01038	0.01038	0.01483	0.01335	0.01928	0.02225	0.03264	0.02077	0.06231	0.67512	0.01335	0.02225	0.00890	0.00445	0.00742
57	0.02221	0.71304	0.04353	0.01421	0.02132	0.03287	0.01421	0.02488	0.01688	0.01955	0.01155	0.01333	0.01066	0.00711	0.00533	0.00178	0.00888	0.00444	0.00355	0.01066
58	0.02221	0.71304	0.04353	0.01421	0.02132	0.03287	0.01421	0.02488	0.01688	0.01955	0.01155	0.01333	0.01066	0.00711	0.00533	0.00178	0.00888	0.00444	0.00355	0.01066
59	0.01132	0.00866	0.01239	0.01608	0.08576	0.00823	0.00975	0.01316	0.01625	0.02189	0.04234	0.62458	0.05016	0.02390	0.01033	0.00327	0.00540	0.02176	0.00730	0.00748
60	0.01339	0.00956	0.01339	0.01530	0.01721	0.00956	0.01339	0.01721	0.01912	0.02486	0.04399	0.09371	0.04781	0.02295	0.01147	0.00382	0.00765	0.60031	0.00765	0.00765
61	0.02066	0.01785	0.01878	0.01691	0.02160	0.02066	0.01315	0.04414	0.64121	0.03475	0.03381	0.03099	0.02536	0.01127	0.00845	0.00282	0.00657	0.00939	0.00845	0.01315
62	0.01208	0.00805	0.00906	0.00906	0.00906	0.00805	0.00503	0.01208	0.01208	0.01611	0.02618	0.05436	0.03020	0.70804	0.04228	0.00805	0.00805	0.01208	0.00503	0.00503
63	0.01208	0.00805	0.00906	0.00906	0.00906	0.00805	0.00503	0.01208	0.01208	0.01611	0.02618	0.05436	0.03020	0.70804	0.04228	0.00805	0.00805	0.01208	0.00503	0.00503
64	0.01206	0.00815	0.00955	0.00955	0.00972	0.00832	0.00564	0.01239	0.01223	0.01647	0.02573	0.05190	0.02913	0.63471	0.11415	0.00866	0.00967	0.01172	0.00497	0.00530
65	0.03103	0.03959	0.02354	0.02140	0.02568	0.67469	0.01605	0.03317	0.02354	0.02033	0.01284	0.01498	0.01070	0.00856	0.00749	0.00214	0.01498	0.00535	0.00428	0.00963
66	0.01797	0.01521	0.01763	0.01266	0.02000	0.01184	0.01015	0.05244	0.01836	0.02838	0.01503	0.01737	0.01240	0.00635	0.00626	0.00130	0.00631	0.00505	0.00510	0.72020
67	0.01018	0.00739	0.00949	0.01112	0.01183	0.00684	0.00744	0.01163	0.01604	0.02110	0.04886	0.60805	0.11584	0.05703	0.01199	0.00353	0.00491	0.02245	0.00759	0.00670
68	0.02056	0.01974	0.03372	0.05099	0.65622	0.01974	0.02550	0.02550	0.01892	0.02714	0.01563	0.02056	0.01316	0.00740	0.00822	0.00247	0.00987	0.00740	0.00411	0.01316
69	0.01187	0.00890	0.01335	0.01335	0.01483	0.01038	0.01038	0.01483	0.01335	0.01928	0.02225	0.03264	0.02077	0.06231	0.67512	0.01335	0.02225	0.00890	0.00445	0.00742
70	0.02239	0.05498	0.03162	0.08330	0.46618	0.14869	0.02298	0.02671	0.01959	0.02509	0.01484	0.01924	0.01243	0.00767	0.00795	0.00239	0.01090	0.00686	0.00409	0.01211
71	0.01155	0.00848	0.01082	0.01023	0.01228	0.00775	0.00767	0.01527	0.02302	0.03214	0.59072	0.06398	0.14023	0.01742	0.00980	0.00263	0.00395	0.01529	0.00899	0.00775
72	0.01139	0.01018	0.01182	0.03696	0.01472	0.01039	0.00891	0.01356	0.01774	0.02196	0.06830	0.09152	0.50267	0.01970	0.01258	0.00296	0.11458	0.01573	0.00691	0.00742
73	0.01263	0.01065	0.01330	0.01274	0.01365	0.01206	0.00941	0.01401	0.01502	0.02001	0.04300	0.18530	0.21077	0.18644	0.02242	0.00441	0.18639	0.01476	0.00599	0.00703
74	0.01236	0.00923	0.01195	0.01331	0.01548	0.00883	0.01135	0.01569	0.01907	0.02416	0.05557	0.08974	0.22233	0.02240	0.01100	0.00353	0.00666	0.43221	0.00767	0.00747
75	0.01569	0.01477	0.02492	0.68808	0.05722	0.01846	0.02307	0.02123	0.01661	0.02123	0.01477	0.02215	0.01107	0.00831	0.00831	0.00277	0.01107	0.00738	0.00369	0.00923
76	0.01109	0.00895	0.00993	0.00959	0.01220	0.00805	0.00722	0.01499	0.05433	0.02694	0.28150	0.07099	0.41632	0.01908	0.00974	0.00274	0.00423	0.01621	0.00826	0.00764
77	0.01080	0.00891	0.00941	0.00921	0.01186	0.00792	0.00685	0.01423	0.05257	0.02447	0.16584	0.07339	0.50202	0.05209	0.01126	0.00302	0.00447	0.01646	0.00785	0.00737
78	0.01723	0.01477	0.01723	0.01230	0.01969	0.01107	0.00984	0.02092	0.01723	0.02707	0.01477	0.01723	0.01230	0.00615	0.00615	0.00123	0.00615	0.00492	0.00492	0.75883
79	0.00982	0.00842	0.00842	0.00842	0.01122	0.00701	0.00631	0.01192	0.01894	0.02244	0.08416	0.07995	0.65285	0.02104	0.00982	0.00281	0.00421	0.01753	0.00771	0.00701
80	0.01926	0.02139	0.04332	0.03182	0.03819	0.02208	0.47909	0.02501	0.01794	0.02501	0.01538	0.02139	0.01219	0.00883	0.01402	0.00300	0.17812	0.00919	0.00406	0.01069
81	0.01957	0.01873	0.03193	0.18025	0.53469	0.01948	0.02500	0.02463	0.01845	0.02594	0.01545	0.02088	0.01274	0.00759	0.00824	0.00253	0.01011	0.00740	0.00403	0.01236
82	0.02056	0.01974	0.03372	0.05099	0.65622	0.01974	0.02550	0.02550	0.01892	0.02714	0.01563	0.02056	0.01316	0.00740	0.00822	0.00247	0.00987	0.00740	0.00411	0.01316
83	0.01193	0.00866	0.01211	0.01211	0.01316	0.00971	0.00883	0.01404	0.01298	0.01836	0.02339	0.03894	0.02350	0.24956	0.49160	0.01181	0.01813	0.00982	0.00462	0.00673
84	0.01768	0.01493	0.01611	0.01479	0.01867	0.01663	0.01137	0.03491	0.45241	0.03266	0.13692	0.07122	0.09871	0.01383	0.00890	0.00281	0.00584	0.01175	0.00845	0.01140
85	0.02578	0.03106	0.02406	0.21476	0.03459	0.44384	0.01822	0.02889	0.02086	0.02057	0.01328	0.01726	0.01082	0.00886	0.00896	0.00242	0.05618	0.00606	0.00407	0.00948
86	0.01096	0.00846	0.01000	0.00962	0.01192	0.00750	0.00721	0.01414	0.02164	0.02886	0.41931	0.06938	0.31369	0.01864	0.00981	0.00269	0.00404	0.01605	0.00856	0.00750
87	0.01187	0.00890	0.01335	0.01335	0.01483	0.01038	0.01038	0.01483	0.01335	0.01928	0.02225	0.03264	0.02077	0.06231	0.67512	0.01335	0.02225	0.00890	0.00445	0.00742
88	0.01666	0.04297	0.66500	0.02368	0.03596	0.01929	0.03069	0.02631	0.01754	0.02631	0.01491	0.01754	0.01052	0.00789	0.00789	0.00263	0.01228	0.00614	0.00351	0.01228
89	0.02066	0.01785	0.01878	0.01691	0.02160	0.02066	0.01315	0.04414	0.64121	0.03475	0.03381	0.03099	0.02536	0.01127	0.00845	0.00282	0.00657	0.00939	0.00845	0.01315
90	0.01102	0.00824	0.01158	0.07146	0.01639	0.00831	0.00937	0.01333	0.01675	0.02268	0.12424	0.48449	0.05075	0.02697	0.07924	0.00425	0.00706	0.01947	0.00722	0.00719
91	0.02221	0.71304	0.04353	0.01421	0.02132	0.03287	0.01421	0.02488	0.01688	0.01955	0.01155	0.01333	0.01066	0.00711	0.00533	0.00178	0.00888	0.00444	0.00355	0.01066
92	0.02056	0.01974	0.03372	0.05099	0.65622	0.01974	0.02550	0.02550	0.01892	0.02714	0.01563	0.02056	0.01316	0.00740	0.00822	0.00247	0.00987	0.00740	0.00411	0.01316
93	0.02037	0.02028	0.03682	0.04775	0.53189	0.02000	0.14734	0.02572	0.01906	0.02703	0.01587	0.02094	0.01305	0.00732	0.00854	0.00254	0.01071	0.00789	0.00413	0.01276
94	0.02051	0.01988	0.03454	0.05014	0.62348	0.01981	0.05758	0.02556	0.01895	0.02711	0.01569	0.02066	0.01313	0.00738	0.00831	0.00249	0.01009	0.00753	0.00412	0.01305
95	0.01085	0.00846	0.00985	0.00950	0.01185	0.00745	0.00712	0.01392	0.02137	0.02822	0.38602	0.07043	0.34738	0.01888	0.00981	0.00270	0.00405	0.01620	0.00848	0.00745
96	0.01855	0.01821	0.03254	0.29405	0.33703	0.01943	0.11128	0.02401	0.01813	0.02479	0.01547	0.02144	0.01228	0.00769	0.00848	0.00263	0.01093	0.00774	0.00396	0.01136
97	0.01176	0.00849	0.01110	0.01045	0.01241	0.00784	0.00784	0.01568	0.02352	0.03331	0.65184	0.06206	0.07839	0.01698	0.00980	0.00261	0.00392	0.01502	0.00914	0.00784
98	0.01944	0.01845	0.03097	0.04623	0.58248	0.01833	0.02338	0.02415	0.01917	0.02719	0.05429	0.02638	0.05517	0.00874	0.00841	0.00250	0.00921	0.00842	0.00460	0.01250
99	0.01012	0.00723	0.00964	0.01157	0.01205	0.00675	0.00771	0.01157	0.01591	0.02121	0.04579	0.70262	0.05495	0.02603	0.01060	0.00337	0.00482	0.02362	0.00771	0.00675
100	0.01794	0.03444	0.41854	0.02801	0.06952	0.01989	0.20212	0.02732	0.05207	0.02690	0.01652	0.01984	0.01207	0.00779	0.00849	0.00268	0.01234	0.00744	0.00401	0.01206
101	0.01129	0.00847	0.01045	0.00996	0.01212	0.00764	0.00747	0.01477	0.02241	0.03069	0.51460	0.06638	0.21727	0.01796	0.00980	0.00266	0.00399	0.01563	0.00880	0.00764
102	0.02056	0.01974	0.03372	0.05099	0.65622	0.01974	0.02550	0.02550	0.01892	0.02714	0.01563	0.02056	0.01316	0.00740	0.00822	0.00247	0.00987	0.00740	0.00411	0.01316
103	0.01260	0.00900	0.01248	0.01440	0.01596	0.00888	0.01201	0.01585	0.01835	0.02398	0.04442	0.24092	0.04954	0.02369	0.01126	0.00372	0.00697	0.46089	0.00766	0.00743
104	0.02056	0.01974	0.03372	0.05099	0.65622	0.01974	0.02550	0.02550	0.01892	0.02714	0.01563	0.02056	0.01316	0.00740	0.00822	0.00247	0.00987	0.00740	0.00411	0.01316
105	0.01723	0.01477	0.01723	0.01230	0.01969	0.01107	0.00984	0.02092	0.01723	0.02707	0.01477	0.01723	0.01230	0.00615	0.00615	0.00123	0.00615	0.00492	0.00492	0.75883
106	0.02056	0.01974	0.03372	0.05099	0.65622	0.01974	0.02550	0.02550	0.01892	0.02714	0.01563	0.02056	0.01316	0.00740	0.00822	0.00247	0.00987	0.00740	0.00411	0.01316
107	0.00982	0.00842	0.00842	0.00842	0.01122	0.00701	0.00631	0.01192	0.01894	0.02244	0.08416	0.07995	0.65285	0.02104	0.00982	0.00281	0.00421	0.01753	0.00771	0.00701
108	0.01921	0.01594	0.01829	0.01324	0.02053	0.01310	0.01066	0.10477	0.02024	0.03056	0.01548	0.01760	0.01256	0.00668	0.00645	0.00140	0.00656	0.00527	0.00539	0.65606
109	0.01208	0.00805	0.00906	0.00906	0.00906	0.00805	0.00503	0.01208	0.01208	0.01611	0.02618	0.05436	0.03020	0.70804	0.04228	0.00805	0.00805	0.01208	0.00503	0.00503
110	0.01004	0.00842	0.00872	0.00865	0.01136	0.00711	0.00649	0.01235	0.01946	0.02368	0.14906	0.07790	0.58718	0.02058	0.00982	0.00278	0.00417	0.01725	0.00788	0.00711
111	0.01136	0.00996	0.01257	0.17286	0.02242	0.00983	0.01046	0.01441	0.01866	0.02283	0.10283	0.06486	0.46182	0.01771	0.00945	0.00278	0.00585	0.01492	0.00683	0.00760
112	0.01863	0.28006	0.44511	0.02033	0.03078	0.02410	0.02486	0.02580	0.01731	0.02392	0.01372	0.01605	0.01057	0.00761	0.00699	0.00233	0.01108	0.00554	0.00352	0.01171
113	0.00982	0.00842	0.00842	0.00842	0.01122	0.00701	0.00631	0.01192	0.01894	0.02244	0.08416	0.07995	0.65285	0.02104	0.00982	0.00281	0.00421	0.01753	0.00771	0.00701
114	0.01193	0.00866	0.01211	0.01211	0.01316	0.00971	0.00883	0.01404	0.01298	0.01836	0.02339	0.03894	0.02350	0.24956	0.49160	0.01181	0.01813	0.00982	0.00462	0.00673
115	0.03155	0.02425	0.02485	0.01925	0.02576	0.06479	0.01581	0.59272	0.03813	0.05043	0.01952	0.01965	0.01392	0.00989	0.00826	0.00247	0.00949	0.00735	0.00807	0.01386
116	0.02985	0.02241	0.02396	0.01876	0.02510	0.02495	0.01537	0.53580	0.13460	0.04956	0.02215	0.02170	0.01591	0.01018	0.00833	0.00254	0.00873	0.00778	0.00833	0.01397
117	0.01208	0.00805	0.00906	0.00906	0.00906	0.00805	0.00503	0.01208	0.01208	0.01611	0.02618	0.05436	0.03020	0.70804	0.04228	0.00805	0.00805	0.01208	0.00503	0.00503
118	0.76672	0.01607	0.01221	0.01092	0.01607	0.01864	0.00900	0.02442	0.01414	0.03727	0.01157	0.01350	0.00900	0.00771	0.00514	0.00257	0.00643	0.00450	0.00514	0.00900
119	0.01626	0.10080	0.01531	0.01064	0.01440	0.01139	0.00862	0.01902	0.02045	0.12713	0.19147	0.05907	0.34152	0.01661	0.00900	0.00259	0.00521	0.01381	0.00790	0.00881
120	0.03103	0.03959	0.02354	0.02140	0.02568	0.67469	0.01605	0.03317	0.02354	0.02033	0.01284	0.01498	0.01070	0.00856	0.00749	0.00214	0.01498	0.00535	0.00428	0.00963
121	0.01187	0.00890	0.01335	0.01335	0.01483	0.01038	0.01038	0.01483	0.01335	0.01928	0.02225	0.03264	0.02077	0.06231	0.67512	0.01335	0.02225	0.00890	0.00445	0.00742
122	0.03158	0.02327	0.02493	0.01911	0.02576	0.02576	0.01579	0.62852	0.03906	0.05236	0.01995	0.01995	0.01413	0.00997	0.00831	0.00249	0.00914	0.00748	0.00831	0.01413
123	0.02356	0.01928	0.02042	0.01749	0.02271	0.02202	0.01385	0.19921	0.48143	0.03942	0.03013	0.02806	0.02238	0.01093	0.00842	0.00273	0.00726	0.00888	0.00842	0.01341
124	0.02838	0.03006	0.02344	0.02302	0.09607	0.39160	0.01615	0.10397	0.02388	0.06595	0.01632	0.01851	0.01288	0.00911	0.00862	0.00231	0.04746	0.00633	0.06527	0.01069
125	0.01192	0.00870	0.01231	0.01231	0.01344	0.00982	0.00909	0.01417	0.01304	0.01852	0.02320	0.03789	0.02305	0.21842	0.52213	0.01207	0.01882	0.00967	0.00459	0.00684
126	0.00994	0.00842	0.00858	0.00854	0.01130	0.00706	0.00641	0.01216	0.01922	0.02312	0.11961	0.07883	0.61697	0.02079	0.00982	0.00279	0.00419	0.01738	0.00780	0.00706
127	0.01760	0.03735	0.51238	0.03028	0.18591	0.01940	0.02944	0.02611	0.01787	0.02651	0.01508	0.01827	0.01116	0.00777	0.00797	0.00259	0.01170	0.00644	0.00365	0.01249
128	0.01938	0.01853	0.03159	0.20543	0.51102	0.01943	0.02491	0.02446	0.01836	0.02571	0.01542	0.02095	0.01265	0.00762	0.00824	0.00254	0.01016	0.00740	0.00401	0.01221
129	0.01666	0.04297	0.66500	0.02368	0.03596	0.01929	0.03069	0.02631	0.01754	0.02631	0.01491	0.01754	0.01052	0.00789	0.00789	0.00263	0.01228	0.00614	0.00351	0.01228
130	0.01260	0.00900	0.01248	0.01440	0.01596	0.00888	0.01201	0.01585	0.01835	0.02398	0.04442	0.24092	0.04954	0.02369	0.01126	0.00372	0.00697	0.46089	0.00766	0.00743
131	0.02858	0.22812	0.02926	0.01924	0.02446	0.45352	0.01552	0.06802	0.02264	0.02211	0.01292	0.01483	0.01090	0.00824	0.00693	0.00206	0.01290	0.00523	0.00433	0.01020
132	0.01045	0.00769	0.00922	0.01029	0.01123	0.00708	0.00682	0.01176	0.01584	0.02045	0.05099	0.41760	0.19436	0.16632	0.01699	0.00421	0.00534	0.01975	0.00716	0.00646
133	0.02221	0.71304	0.04353	0.01421	0.02132	0.03287	0.01421	0.02488	0.01688	0.01955	0.01155	0.01333	0.01066	0.00711	0.00533	0.00178	0.00888	0.00444	0.00355	0.01066
134	0.00988	0.00818	0.00866	0.00906	0.01139	0.00696	0.00660	0.01185	0.01832	0.02219	0.07637	0.20628	0.53154	0.02205	0.00998	0.00292	0.00433	0.01877	0.00771	0.00696
135	0.01824	0.01824	0.06725	0.03893	0.43218	0.01676	0.02231	0.02314	0.01889	0.02643	0.02381	0.04158	0.02304	0.01194	0.00915	0.00287	0.00938	0.17926	0.00510	0.01151
136	0.03107	0.03861	0.02363	0.02126	0.02569	0.63567	0.01604	0.06897	0.02448	0.02226	0.01327	0.01528	0.01091	0.00865	0.00754	0.00216	0.01463	0.00548	0.00452	0.00990
137	0.01176	0.00849	0.01110	0.01045	0.01241	0.00784	0.00784	0.01568	0.02352	0.03331	0.65184	0.06206	0.07839	0.01698	0.00980	0.00261	0.00392	0.01502	0.00914	0.00784
138	0.01077	0.00845	0.00974	0.00942	0.01181	0.00742	0.00706	0.01377	0.02119	0.02780	0.36397	0.07113	0.36970	0.01904	0.00981	0.00271	0.00407	0.01630	0.00842	0.00742
139	0.02056	0.01974	0.03372	0.05099	0.65622	0.01974	0.02550	0.02550	0.01892	0.02714	0.01563	0.02056	0.01316	0.00740	0.00822	0.00247	0.00987	0.00740	0.00411	0.01316
140	0.02513	0.09328	0.02448	0.02249	0.09523	0.40570	0.01581	0.02781	0.02033	0.02083	0.01495	0.01905	0.01302	0.01920	0.14283	0.00442	0.01531	0.00622	0.00423	0.00968
141	0.01278	0.01024	0.01510	0.01457	0.01584	0.01256	0.01151	0.01558	0.01326	0.01939	0.02061	0.03055	0.01934	0.05541	0.58158	0.01195	0.11908	0.00867	0.00433	0.00766
142	0.02459	0.07986	0.02905	0.03137	0.24932	0.26263	0.01960	0.05133	0.02027	0.02391	0.01371	0.01755	0.01174	0.00905	0.01079	0.00248	0.12107	0.00640	0.00422	0.01106
143	0.01060	0.00754	0.00998	0.01142	0.01195	0.00735	0.00764	0.01201	0.01508	0.02027	0.04034	0.53497	0.04756	0.12591	0.09109	0.00517	0.00727	0.02031	0.00696	0.00658
144	0.02528	0.50250	0.03710	0.01609	0.02244	0.19683	0.01458	0.02784	0.01896	0.05407	0.01302	0.01455	0.01120	0.00765	0.00605	0.00191	0.01036	0.00488	0.00410	0.01058
145	0.02018	0.01706	0.01820	0.01640	0.02082	0.01950	0.01271	0.07119	0.54382	0.03478	0.06238	0.07224	0.02901	0.01235	0.00864	0.00282	0.00648	0.01041	0.00843	0.01257
146	0.01055	0.00741	0.00951	0.01102	0.01140	0.00703	0.00713	0.01168	0.01507	0.02009	0.04151	0.56119	0.04955	0.17483	0.01752	0.00439	0.00553	0.02110	0.00713	0.00637
147	0.01122	0.00848	0.01011	0.01054	0.01210	0.00796	0.00739	0.01442	0.05141	0.02451	0.19555	0.29049	0.20063	0.09993	0.01373	0.00356	0.00492	0.01803	0.00778	0.00722
148	0.02091	0.06883	0.35227	0.02313	0.03200	0.20192	0.09358	0.02744	0.01949	0.02417	0.01799	0.02043	0.04415	0.00862	0.00798	0.00248	0.01265	0.00686	0.00402	0.01107
149	0.08723	0.02823	0.20620	0.01836	0.02483	0.15084	0.01773	0.12041	0.06065	0.02975	0.02459	0.11618	0.05667	0.01184	0.00816	0.00263	0.00994	0.00934	0.00571	0.01072
150	0.02815	0.11203	0.02582	0.02222	0.07998	0.46697	0.01602	0.06249	0.02282	0.02322	0.01421	0.01655	0.01176	0.00844	0.00725	0.00213	0.01283	0.00569	0.05123	0.01018
151	0.01907	0.02460	0.16896	0.03994	0.36615	0.01939	0.14762	0.02531	0.01846	0.02643	0.01607	0.02095	0.01290	0.01041	0.04468	0.00316	0.01189	0.00770	0.00402	0.01226

[dist]
# distance from previous block
# <min> <max>
7	9

[block]
# block no. 3 follows, 22 sequences, length 35
# corresponding to MSA columns:
# 281-315
name=unknown_D
#
# <colnr> <probs for GDERKNQSTAVLIFYWHMCP>
#	G	D	E	R	K	N	Q	S	T	A	V	L	I	F	Y	W	H	M	C	P
0	0.02376	0.01861	0.01996	0.01718	0.02235	0.02107	0.01358	0.15249	0.48949	0.07849	0.03117	0.02877	0.02296	0.01097	0.00842	0.00274	0.00708	0.00897	0.00854	0.01339
1	0.02013	0.01065	0.01395	0.01186	0.01558	0.00938	0.00929	0.02374	0.02305	0.23305	0.39481	0.04945	0.07960	0.01439	0.00913	0.00253	0.00506	0.01242	0.00921	0.05271
2	0.02179	0.66223	0.09066	0.01493	0.02243	0.03184	0.01546	0.02498	0.01693	0.02006	0.01180	0.01365	0.01065	0.00717	0.00552	0.00184	0.00914	0.00457	0.00355	0.01078
3	0.02193	0.67966	0.07449	0.01469	0.02205	0.03219	0.01504	0.02495	0.01691	0.01988	0.01172	0.01354	0.01065	0.00715	0.00546	0.00182	0.00905	0.00453	0.00355	0.01074
4	0.02130	0.01069	0.01364	0.01164	0.01557	0.00935	0.00917	0.02449	0.02247	0.27766	0.26644	0.05326	0.19946	0.01537	0.00924	0.00264	0.00523	0.01303	0.00923	0.01011
5	0.01087	0.00846	0.00987	0.00952	0.01187	0.00746	0.00714	0.01396	0.02142	0.02834	0.39207	0.07024	0.34126	0.01884	0.00981	0.00270	0.00405	0.01617	0.00849	0.00746
6	0.02221	0.71304	0.04353	0.01421	0.02132	0.03287	0.01421	0.02488	0.01688	0.01955	0.01155	0.01333	0.01066	0.00711	0.00533	0.00178	0.00888	0.00444	0.00355	0.01066
7	0.02094	0.02849	0.14548	0.03101	0.03939	0.12434	0.43224	0.02760	0.01989	0.02557	0.01587	0.02044	0.01196	0.00739	0.00913	0.00267	0.01388	0.00850	0.00410	0.01113
8	0.00982	0.00842	0.00842	0.00842	0.01122	0.00701	0.00631	0.01192	0.01894	0.02244	0.08416	0.07995	0.65285	0.02104	0.00982	0.00281	0.00421	0.01753	0.00771	0.00701
9	0.01293	0.00926	0.01275	0.01394	0.01587	0.00908	0.01183	0.01678	0.02035	0.02723	0.21426	0.08484	0.05638	0.02128	0.01100	0.00349	0.00660	0.43635	0.00807	0.00770
10	0.02150	0.62681	0.12351	0.01543	0.02321	0.03112	0.01634	0.02506	0.01696	0.02042	0.01198	0.01387	0.01064	0.00721	0.00566	0.00189	0.00932	0.00466	0.00355	0.01087
11	0.01569	0.01477	0.02492	0.68808	0.05722	0.01846	0.02307	0.02123	0.01661	0.02123	0.01477	0.02215	0.01107	0.00831	0.00831	0.00277	0.01107	0.00738	0.00369	0.00923
12	0.01208	0.00805	0.00906	0.00906	0.00906	0.00805	0.00503	0.01208	0.01208	0.01611	0.02618	0.05436	0.03020	0.70804	0.04228	0.00805	0.00805	0.01208	0.00503	0.00503
13	0.01189	0.00882	0.01294	0.01294	0.01428	0.01016	0.00987	0.01457	0.01323	0.01898	0.02263	0.03472	0.02167	0.12428	0.61438	0.01284	0.02089	0.00921	0.00451	0.00719
14	0.02221	0.71304	0.04353	0.01421	0.02132	0.03287	0.01421	0.02488	0.01688	0.01955	0.01155	0.01333	0.01066	0.00711	0.00533	0.00178	0.00888	0.00444	0.00355	0.01066
15	0.01979	0.01333	0.01389	0.01233	0.01587	0.01456	0.00964	0.13441	0.19601	0.03583	0.02771	0.02902	0.02116	0.01018	0.00699	0.00228	0.00556	0.00816	0.41290	0.01039
16	0.03158	0.02327	0.02493	0.01911	0.02576	0.02576	0.01579	0.62852	0.03906	0.05236	0.01995	0.01995	0.01413	0.00997	0.00831	0.00249	0.00914	0.00748	0.00831	0.01413
17	0.01055	0.00844	0.00943	0.00919	0.01167	0.00733	0.00689	0.01334	0.02067	0.02656	0.29902	0.07318	0.43542	0.01950	0.00981	0.00273	0.00410	0.01658	0.00826	0.00733
18	0.01208	0.00805	0.00906	0.00906	0.00906	0.00805	0.00503	0.01208	0.01208	0.01611	0.02618	0.05436	0.03020	0.70804	0.04228	0.00805	0.00805	0.01208	0.00503	0.00503
19	0.01677	0.01611	0.02275	0.01992	0.02025	0.02209	0.01644	0.01884	0.01286	0.01983	0.01344	0.02140	0.01310	0.02519	0.17175	0.00580	0.54329	0.00763	0.00382	0.00872
20	0.02056	0.01974	0.03372	0.05099	0.65622	0.01974	0.02550	0.02550	0.01892	0.02714	0.01563	0.02056	0.01316	0.00740	0.00822	0.00247	0.00987	0.00740	0.00411	0.01316
21	0.00994	0.00842	0.00859	0.00854	0.01130	0.00707	0.00641	0.01216	0.01923	0.02313	0.12010	0.07882	0.61647	0.02078	0.00982	0.00279	0.00419	0.01737	0.00781	0.00707
22	0.01112	0.00894	0.00997	0.00963	0.01221	0.00804	0.00724	0.01502	0.05325	0.02718	0.29503	0.07066	0.40393	0.01900	0.00974	0.00273	0.00422	0.01616	0.00829	0.00764
23	0.01004	0.00756	0.00930	0.01068	0.01182	0.00682	0.00732	0.01167	0.01675	0.02155	0.05654	0.52819	0.22244	0.02463	0.01038	0.00321	0.00465	0.02191	0.00771	0.00682
24	0.01068	0.00772	0.01022	0.01202	0.01291	0.00726	0.00863	0.01259	0.01667	0.02194	0.04798	0.55386	0.09276	0.02515	0.01071	0.00342	0.00528	0.12556	0.00770	0.00693
25	0.02221	0.71304	0.04353	0.01421	0.02132	0.03287	0.01421	0.02488	0.01688	0.01955	0.01155	0.01333	0.01066	0.00711	0.00533	0.00178	0.00888	0.00444	0.00355	0.01066
26	0.01504	0.00922	0.01216	0.01101	0.01354	0.00840	0.00840	0.01887	0.02355	0.11422	0.57217	0.05771	0.07094	0.01612	0.00961	0.00261	0.00432	0.01417	0.00929	0.00865
27	0.02223	0.01712	0.01877	0.01632	0.02065	0.01887	0.01272	0.27678	0.21693	0.03824	0.03143	0.21457	0.02900	0.01487	0.00900	0.00284	0.00714	0.01259	0.00819	0.01176
28	0.00990	0.00808	0.00876	0.00930	0.01145	0.00694	0.00670	0.01182	0.01809	0.02210	0.07341	0.25438	0.48536	0.02244	0.01004	0.00296	0.00438	0.01924	0.00771	0.00694
29	0.01471	0.01109	0.01326	0.01342	0.01552	0.01150	0.00985	0.09241	0.11866	0.02839	0.09404	0.42663	0.04700	0.02079	0.00996	0.00313	0.00568	0.04714	0.00803	0.00880
30	0.01208	0.00805	0.00906	0.00906	0.00906	0.00805	0.00503	0.01208	0.01208	0.01611	0.02618	0.05436	0.03020	0.70804	0.04228	0.00805	0.00805	0.01208	0.00503	0.00503
31	0.01887	0.11006	0.49808	0.02299	0.03393	0.02145	0.06645	0.08398	0.01967	0.02812	0.01516	0.01765	0.01102	0.00795	0.00779	0.00254	0.01173	0.00633	0.00402	0.01222
32	0.01782	0.01808	0.05998	0.24182	0.22841	0.01693	0.04554	0.02294	0.01766	0.02516	0.01512	0.02005	0.01209	0.00735	0.00772	0.00224	0.00951	0.00673	0.00418	0.22066
33	0.01370	0.00896	0.01148	0.01058	0.01302	0.00811	0.00803	0.01734	0.02300	0.08550	0.53216	0.06129	0.14130	0.01689	0.00968	0.00263	0.00422	0.01475	0.00907	0.00828
34	0.02214	0.19135	0.31262	0.02234	0.06227	0.20596	0.02262	0.02787	0.01914	0.02316	0.01361	0.01603	0.01074	0.00788	0.00722	0.00229	0.01215	0.00560	0.00377	0.01122

[dist]
# distance from previous block
# <min> <max>
0	4

# created by:
# /home/cegg/simao/soft/augustus-3.2.1/scripts/msa2prfl.pl ./align_prep/9670.fa
