[name]
unknown

[dist]
# distance from previous block
# <min> <max>
2	15

[block]
# block no. 0 follows, 18 sequences, length 112
# corresponding to MSA columns:
# 15-126
name=unknown_A
#
# <colnr> <probs for GDERKNQSTAVLIFYWHMCP>
#	G	D	E	R	K	N	Q	S	T	A	V	L	I	F	Y	W	H	M	C	P
0	0.07119	0.13505	0.17363	0.02090	0.02793	0.26495	0.01995	0.03006	0.02228	0.02663	0.06450	0.02698	0.02041	0.01081	0.00836	0.00264	0.01268	0.04474	0.00514	0.01118
1	0.02015	0.13365	0.41344	0.02559	0.07457	0.06226	0.02793	0.02818	0.01941	0.02697	0.01655	0.02021	0.01285	0.01382	0.06307	0.00375	0.01399	0.00682	0.00408	0.01273
2	0.15250	0.02441	0.16589	0.02929	0.18244	0.01851	0.06597	0.02656	0.02008	0.06172	0.07795	0.08857	0.02480	0.01151	0.00895	0.00294	0.00986	0.01008	0.00587	0.01210
3	0.08042	0.02798	0.25120	0.07853	0.17417	0.01837	0.02397	0.02480	0.01968	0.02898	0.03287	0.03511	0.14289	0.01175	0.00904	0.00291	0.01033	0.00980	0.00522	0.01197
4	0.02560	0.03610	0.23824	0.02972	0.14036	0.17264	0.02508	0.12317	0.02533	0.03232	0.01887	0.02467	0.01528	0.01016	0.00899	0.00279	0.01293	0.03931	0.00536	0.01308
5	0.08251	0.07427	0.21406	0.03154	0.20904	0.02199	0.02444	0.08514	0.02281	0.12006	0.01960	0.02172	0.01440	0.00909	0.00852	0.00276	0.01081	0.00744	0.00584	0.01395
6	0.06340	0.02380	0.07537	0.07318	0.22461	0.05792	0.02135	0.07119	0.18588	0.07481	0.02397	0.02557	0.01817	0.00998	0.00892	0.00287	0.01005	0.00846	0.00665	0.01385
7	0.12898	0.14665	0.07254	0.01729	0.02307	0.17151	0.01507	0.03015	0.06235	0.06837	0.14676	0.02961	0.02950	0.01131	0.00818	0.00260	0.00987	0.00849	0.00656	0.01114
8	0.16496	0.02818	0.20872	0.03105	0.20978	0.02118	0.02362	0.03200	0.10439	0.06164	0.01997	0.02225	0.01510	0.00919	0.00835	0.00287	0.01028	0.00749	0.00559	0.01339
9	0.23162	0.03207	0.22394	0.06209	0.03165	0.12302	0.04814	0.02880	0.01940	0.03124	0.01510	0.01818	0.01152	0.00858	0.00771	0.00267	0.01153	0.00627	0.00475	0.08174
10	0.06924	0.03090	0.02718	0.05687	0.11528	0.26428	0.01892	0.20077	0.06676	0.03626	0.01852	0.02053	0.01432	0.00987	0.00864	0.00264	0.01249	0.00729	0.00636	0.01289
11	0.02519	0.03686	0.30251	0.02310	0.03232	0.11402	0.02429	0.20017	0.02749	0.03642	0.02080	0.07624	0.01713	0.01127	0.00906	0.00285	0.01224	0.00878	0.00603	0.01323
12	0.02035	0.03471	0.32000	0.02671	0.07327	0.05983	0.10707	0.02811	0.02016	0.02896	0.01665	0.02011	0.01264	0.00813	0.00856	0.00251	0.01222	0.00708	0.00447	0.18845
13	0.01748	0.09316	0.01989	0.01434	0.01846	0.05430	0.04403	0.02043	0.02139	0.06678	0.11018	0.06126	0.34487	0.01797	0.01125	0.00294	0.04965	0.01463	0.00755	0.00945
14	0.03069	0.28142	0.03433	0.02058	0.02659	0.38773	0.01697	0.05790	0.02404	0.02373	0.01401	0.01612	0.01198	0.00893	0.00743	0.00223	0.01376	0.00564	0.00463	0.01129
15	0.02074	0.28786	0.25149	0.01862	0.02746	0.02432	0.02078	0.02670	0.02047	0.05558	0.10689	0.02874	0.05345	0.01070	0.00805	0.00254	0.01003	0.00823	0.00539	0.01196
16	0.02869	0.05825	0.13212	0.02259	0.03060	0.06736	0.06463	0.25552	0.13618	0.07631	0.02348	0.02386	0.01704	0.01040	0.00906	0.00282	0.01091	0.00835	0.00753	0.01430
17	0.01204	0.00883	0.01129	0.01177	0.01341	0.00808	0.00841	0.01506	0.02210	0.03017	0.33277	0.30744	0.13818	0.02322	0.01118	0.00324	0.00476	0.02066	0.00930	0.00808
18	0.01314	0.00976	0.01438	0.01438	0.01589	0.01127	0.01101	0.01615	0.01465	0.02104	0.02494	0.03798	0.02378	0.11715	0.59377	0.01429	0.02335	0.01012	0.00497	0.00799
19	0.02531	0.25507	0.25314	0.02196	0.03094	0.21651	0.02297	0.03089	0.02118	0.02459	0.01456	0.01699	0.01174	0.00867	0.00766	0.00243	0.01326	0.00590	0.00416	0.01208
20	0.01842	0.04749	0.62974	0.02617	0.03974	0.02132	0.03392	0.02908	0.01939	0.02908	0.01648	0.01939	0.01163	0.00872	0.00872	0.00291	0.01357	0.00678	0.00388	0.01357
21	0.01119	0.00799	0.01065	0.01278	0.01332	0.00746	0.00852	0.01278	0.01758	0.02344	0.05061	0.67132	0.06073	0.02877	0.01172	0.00373	0.00533	0.02610	0.00852	0.00746
22	0.01335	0.00890	0.01001	0.01001	0.01001	0.00890	0.00556	0.01335	0.01335	0.01780	0.02893	0.06009	0.03338	0.67731	0.04673	0.00890	0.00890	0.01335	0.00556	0.00556
23	0.02768	0.02032	0.02215	0.01833	0.02370	0.02221	0.01459	0.38560	0.08058	0.04737	0.02994	0.16408	0.02685	0.01495	0.00957	0.00295	0.00847	0.01231	0.05504	0.01332
24	0.01249	0.00861	0.01059	0.01143	0.01175	0.00851	0.00713	0.01334	0.01511	0.02026	0.03714	0.29832	0.04340	0.38094	0.07385	0.00727	0.00858	0.01811	0.00668	0.00649
25	0.02954	0.01315	0.01695	0.01384	0.01926	0.01135	0.01114	0.03285	0.02478	0.39171	0.12023	0.05133	0.19308	0.01550	0.00987	0.00292	0.00653	0.01289	0.01044	0.01264
26	0.02991	0.01874	0.01953	0.01608	0.02141	0.06033	0.01288	0.19831	0.07909	0.18487	0.02870	0.02869	0.02058	0.01102	0.00830	0.00259	0.00796	0.00861	0.22936	0.01302
27	0.03195	0.02578	0.09970	0.02076	0.02839	0.02411	0.01874	0.40073	0.03615	0.12515	0.02549	0.02997	0.01927	0.01203	0.00944	0.00291	0.01009	0.05584	0.00875	0.01474
28	0.02455	0.68284	0.04811	0.01571	0.02357	0.03633	0.01571	0.02749	0.01866	0.02160	0.01277	0.01473	0.01178	0.00786	0.00589	0.00196	0.00982	0.00491	0.00393	0.01178
29	0.03076	0.03705	0.02946	0.03366	0.20934	0.45124	0.02093	0.03407	0.02446	0.02477	0.01513	0.01844	0.01266	0.00907	0.00853	0.00248	0.01483	0.00661	0.00467	0.01184
30	0.02178	0.39617	0.31054	0.02043	0.03086	0.02956	0.02393	0.02821	0.01899	0.02498	0.01444	0.01683	0.01171	0.00825	0.00717	0.00239	0.01151	0.00576	0.00390	0.01259
31	0.01184	0.00928	0.01072	0.01048	0.01304	0.00815	0.00781	0.01505	0.02309	0.03022	0.32927	0.10462	0.35071	0.02145	0.01088	0.00303	0.00453	0.01841	0.00925	0.00815
32	0.01256	0.00905	0.01188	0.01185	0.01362	0.00837	0.00863	0.01622	0.02394	0.03356	0.47780	0.21526	0.08033	0.02120	0.01105	0.00309	0.00457	0.01892	0.00972	0.00837
33	0.02273	0.02182	0.03727	0.05636	0.62003	0.02182	0.02818	0.02818	0.02091	0.03000	0.01727	0.02273	0.01454	0.00818	0.00909	0.00273	0.01091	0.00818	0.00455	0.01454
34	0.02143	0.02049	0.03493	0.20044	0.48608	0.02148	0.02753	0.02704	0.02029	0.02842	0.01704	0.02315	0.01399	0.00842	0.00911	0.00281	0.01123	0.00818	0.00443	0.01350
35	0.01842	0.04749	0.62974	0.02617	0.03974	0.02132	0.03392	0.02908	0.01939	0.02908	0.01648	0.01939	0.01163	0.00872	0.00872	0.00291	0.01357	0.00678	0.00388	0.01357
36	0.03564	0.02290	0.02561	0.01981	0.02696	0.02450	0.01631	0.42309	0.07525	0.19381	0.02646	0.02505	0.01813	0.01120	0.00921	0.00280	0.00937	0.00864	0.00972	0.01555
37	0.01202	0.00841	0.01071	0.01200	0.01243	0.00819	0.00774	0.01320	0.01601	0.02145	0.04182	0.42988	0.04932	0.24403	0.06381	0.00614	0.00774	0.02087	0.00732	0.00688
38	0.02119	0.02025	0.03450	0.22694	0.46145	0.02141	0.02742	0.02684	0.02018	0.02814	0.01700	0.02322	0.01389	0.00847	0.00912	0.00282	0.01129	0.00818	0.00441	0.01331
39	0.01085	0.00930	0.00930	0.00930	0.01240	0.00775	0.00698	0.01318	0.02093	0.02480	0.09302	0.08837	0.61631	0.02325	0.01085	0.00310	0.00465	0.01938	0.00853	0.00775
40	0.01098	0.00879	0.00983	0.01067	0.01276	0.00764	0.00758	0.01302	0.01961	0.02427	0.07637	0.31715	0.39826	0.02542	0.01119	0.00335	0.00492	0.02202	0.00853	0.00764
41	0.01119	0.00799	0.01065	0.01278	0.01332	0.00746	0.00852	0.01278	0.01758	0.02344	0.05061	0.67132	0.06073	0.02877	0.01172	0.00373	0.00533	0.02610	0.00852	0.00746
42	0.37811	0.02186	0.02073	0.01673	0.02327	0.02465	0.01381	0.31650	0.02980	0.04978	0.01755	0.01859	0.01286	0.00981	0.00749	0.00280	0.00865	0.00667	0.00749	0.01286
43	0.01119	0.00799	0.01065	0.01278	0.01332	0.00746	0.00852	0.01278	0.01758	0.02344	0.05061	0.67132	0.06073	0.02877	0.01172	0.00373	0.00533	0.02610	0.00852	0.00746
44	0.01106	0.00851	0.01012	0.01142	0.01296	0.00757	0.00792	0.01294	0.01889	0.02397	0.06725	0.44253	0.27877	0.02660	0.01138	0.00348	0.00506	0.02346	0.00852	0.00757
45	0.02178	0.39643	0.31031	0.02043	0.03086	0.02957	0.02392	0.02821	0.01899	0.02497	0.01444	0.01683	0.01171	0.00825	0.00717	0.00239	0.01151	0.00576	0.00390	0.01259
46	0.02196	0.08214	0.44604	0.02461	0.03569	0.13507	0.02865	0.03165	0.05867	0.02805	0.01721	0.01957	0.01275	0.00905	0.00852	0.00277	0.01348	0.00675	0.00439	0.01300
47	0.02260	0.03192	0.21254	0.03237	0.20953	0.11201	0.02454	0.03099	0.07795	0.02941	0.01840	0.02138	0.01443	0.00875	0.00855	0.00257	0.01161	0.00723	0.00497	0.11824
48	0.02735	0.19220	0.22597	0.02123	0.03069	0.02745	0.02216	0.24927	0.02884	0.06398	0.01860	0.01980	0.01370	0.00953	0.00824	0.00262	0.01105	0.00701	0.00629	0.01403
49	0.01273	0.00908	0.01168	0.01317	0.01428	0.00874	0.00968	0.01485	0.01802	0.02357	0.04868	0.31935	0.09650	0.16741	0.01951	0.00495	0.00700	0.18557	0.00786	0.00738
50	0.01179	0.00934	0.01060	0.01028	0.01298	0.00815	0.00771	0.01499	0.02314	0.03006	0.32124	0.07972	0.38480	0.02129	0.01084	0.00301	0.00451	0.01817	0.00922	0.00815
51	0.03411	0.21736	0.07147	0.01746	0.02503	0.07508	0.01592	0.03787	0.02353	0.35435	0.02603	0.02428	0.01779	0.00998	0.00813	0.00255	0.00956	0.00750	0.00808	0.01392
52	0.01462	0.01205	0.01764	0.01678	0.01806	0.01507	0.01334	0.01763	0.01461	0.02148	0.02188	0.03262	0.02060	0.05746	0.50896	0.01244	0.16199	0.00945	0.00472	0.00860
53	0.01085	0.00930	0.00930	0.00930	0.01240	0.00775	0.00698	0.01318	0.02093	0.02480	0.09302	0.08837	0.61631	0.02325	0.01085	0.00310	0.00465	0.01938	0.00853	0.00775
54	0.01567	0.01482	0.02446	0.06765	0.10880	0.01474	0.12156	0.01952	0.01963	0.02580	0.04761	0.20029	0.20312	0.01813	0.01193	0.00326	0.05019	0.01634	0.00664	0.00982
55	0.02297	0.02423	0.03821	0.08525	0.34829	0.09458	0.16177	0.02853	0.02153	0.02831	0.02044	0.02545	0.03994	0.00894	0.00950	0.00281	0.01250	0.00904	0.00473	0.01298
56	0.03430	0.04376	0.02602	0.02365	0.02839	0.64045	0.01774	0.03666	0.02602	0.02247	0.01419	0.01656	0.01183	0.00946	0.00828	0.00237	0.01656	0.00591	0.00473	0.01064
57	0.02867	0.03877	0.21193	0.02640	0.07883	0.25307	0.02345	0.16818	0.02776	0.03370	0.01705	0.01925	0.01290	0.00951	0.00870	0.00265	0.01363	0.00693	0.00554	0.01306
58	0.02248	0.02250	0.04119	0.05226	0.48728	0.02214	0.15779	0.02847	0.02108	0.02986	0.01757	0.02320	0.01440	0.00808	0.00950	0.00281	0.01197	0.00880	0.00457	0.01404
59	0.02238	0.02146	0.03664	0.09500	0.58410	0.02172	0.02801	0.02787	0.02074	0.02958	0.01721	0.02284	0.01440	0.00825	0.00910	0.00275	0.01099	0.00818	0.00452	0.01426
60	0.01885	0.01129	0.01246	0.01152	0.01424	0.01198	0.00887	0.10281	0.02170	0.03473	0.02783	0.03387	0.02270	0.04905	0.11878	0.00471	0.00885	0.00894	0.46742	0.00940
61	0.01235	0.00857	0.01076	0.01206	0.01252	0.00829	0.00791	0.01355	0.01623	0.02158	0.04195	0.38286	0.04934	0.28236	0.02551	0.00580	0.00700	0.06720	0.00736	0.00680
62	0.02189	0.02096	0.03575	0.14959	0.53336	0.02160	0.02776	0.02744	0.02051	0.02898	0.01712	0.02300	0.01419	0.00834	0.00910	0.00278	0.01112	0.00818	0.00447	0.01387
63	0.01392	0.01157	0.01244	0.01183	0.01518	0.01122	0.00899	0.02180	0.14792	0.03044	0.19818	0.07224	0.37034	0.01992	0.01052	0.00306	0.00514	0.01681	0.00906	0.00942
64	0.01144	0.00855	0.01013	0.01124	0.01248	0.00779	0.00755	0.01300	0.01792	0.02293	0.06025	0.38792	0.22960	0.13469	0.01726	0.00439	0.00571	0.02189	0.00803	0.00724
65	0.01145	0.00982	0.00988	0.00977	0.01298	0.00851	0.00736	0.01496	0.05014	0.02549	0.09023	0.08565	0.58681	0.02271	0.01078	0.00310	0.00478	0.01893	0.00857	0.00809
66	0.03395	0.02524	0.02702	0.02093	0.02811	0.02803	0.01722	0.54651	0.08763	0.05632	0.02326	0.02301	0.01660	0.01114	0.00920	0.00278	0.00988	0.00843	0.00920	0.01553
67	0.20475	0.02300	0.02282	0.01816	0.02489	0.06562	0.01487	0.30610	0.03198	0.16757	0.02219	0.02185	0.01546	0.01039	0.00830	0.00277	0.00936	0.00752	0.00849	0.01392
68	0.01119	0.00799	0.01065	0.01278	0.01332	0.00746	0.00852	0.01278	0.01758	0.02344	0.05061	0.67132	0.06073	0.02877	0.01172	0.00373	0.00533	0.02610	0.00852	0.00746
69	0.03440	0.04077	0.02627	0.02323	0.02840	0.53888	0.01769	0.12841	0.02887	0.02835	0.01550	0.01747	0.01246	0.00972	0.00843	0.00243	0.01549	0.00630	0.00547	0.01147
70	0.03206	0.02387	0.02591	0.02038	0.02706	0.02655	0.01670	0.49688	0.08517	0.05316	0.02348	0.02423	0.01724	0.01615	0.06391	0.00382	0.01113	0.00857	0.00883	0.01489
71	0.02341	0.06895	0.03584	0.25965	0.09678	0.17143	0.15979	0.02876	0.02125	0.02512	0.01621	0.02186	0.01272	0.00872	0.00914	0.00280	0.01379	0.00806	0.00440	0.01132
72	0.01934	0.01390	0.01454	0.01345	0.01618	0.05583	0.01028	0.10284	0.02131	0.03149	0.02599	0.03405	0.02225	0.08619	0.20451	0.00669	0.01258	0.00914	0.29009	0.00936
73	0.02103	0.03189	0.26979	0.04451	0.39229	0.02162	0.03043	0.02853	0.02031	0.02964	0.01696	0.02141	0.01340	0.00839	0.00895	0.00280	0.01195	0.00763	0.00428	0.01416
74	0.01295	0.00928	0.01254	0.01384	0.01539	0.00887	0.01072	0.01624	0.02124	0.02871	0.21390	0.30156	0.06555	0.02470	0.01179	0.00366	0.00611	0.20583	0.00896	0.00815
75	0.01218	0.00876	0.01154	0.01211	0.01354	0.00812	0.00860	0.01528	0.02220	0.03079	0.36068	0.34030	0.07496	0.02328	0.01123	0.00327	0.00478	0.02089	0.00939	0.00812
76	0.03680	0.01721	0.02162	0.01717	0.02388	0.01654	0.01399	0.08307	0.15215	0.46026	0.03550	0.03127	0.02338	0.01158	0.00925	0.00289	0.00785	0.00942	0.01078	0.01539
77	0.01119	0.00799	0.01065	0.01278	0.01332	0.00746	0.00852	0.01278	0.01758	0.02344	0.05061	0.67132	0.06073	0.02877	0.01172	0.00373	0.00533	0.02610	0.00852	0.00746
78	0.01969	0.03858	0.40385	0.03109	0.04298	0.02207	0.25086	0.02921	0.02028	0.02921	0.01730	0.02150	0.01253	0.00834	0.00955	0.00298	0.01432	0.00837	0.00418	0.01310
79	0.01712	0.00856	0.00856	0.00856	0.01070	0.00856	0.00642	0.02139	0.01926	0.03423	0.02995	0.03423	0.02353	0.01070	0.00642	0.00214	0.00428	0.00856	0.72828	0.00856
80	0.01119	0.00799	0.01065	0.01278	0.01332	0.00746	0.00852	0.01278	0.01758	0.02344	0.05061	0.67132	0.06073	0.02877	0.01172	0.00373	0.00533	0.02610	0.00852	0.00746
81	0.01174	0.00842	0.01115	0.01241	0.01344	0.00783	0.00857	0.01417	0.02015	0.02753	0.22329	0.48697	0.06865	0.02571	0.01145	0.00347	0.00502	0.02320	0.00901	0.00783
82	0.03430	0.04376	0.02602	0.02365	0.02839	0.64045	0.01774	0.03666	0.02602	0.02247	0.01419	0.01656	0.01183	0.00946	0.00828	0.00237	0.01656	0.00591	0.00473	0.01064
83	0.01119	0.00799	0.01065	0.01278	0.01332	0.00746	0.00852	0.01278	0.01758	0.02344	0.05061	0.67132	0.06073	0.02877	0.01172	0.00373	0.00533	0.02610	0.00852	0.00746
84	0.03490	0.02572	0.02756	0.02113	0.02847	0.02847	0.01745	0.58942	0.04317	0.05787	0.02204	0.02204	0.01561	0.01102	0.00919	0.00276	0.01010	0.00827	0.00919	0.01561
85	0.04120	0.01563	0.02131	0.01634	0.02344	0.01350	0.01350	0.04475	0.02628	0.62639	0.03622	0.03125	0.02273	0.01136	0.00923	0.00284	0.00781	0.00923	0.01136	0.01563
86	0.02076	0.02238	0.04231	0.07547	0.03984	0.02491	0.32984	0.02618	0.01851	0.02618	0.01591	0.02295	0.01309	0.01105	0.01816	0.00345	0.26373	0.00957	0.00436	0.01133
87	0.01311	0.01031	0.01149	0.01172	0.01436	0.00949	0.00875	0.05917	0.02175	0.02721	0.07247	0.25011	0.37436	0.02399	0.01108	0.00332	0.00552	0.05487	0.00857	0.00834
88	0.01904	0.01632	0.01904	0.01360	0.02176	0.01224	0.01088	0.02312	0.01904	0.02992	0.01632	0.01904	0.01360	0.00680	0.00680	0.00136	0.00680	0.00544	0.00544	0.73344
89	0.02207	0.02033	0.03131	0.04377	0.42290	0.02109	0.02370	0.03240	0.16269	0.03183	0.02488	0.03253	0.02114	0.01071	0.00946	0.00295	0.00981	0.05636	0.00605	0.01401
90	0.01842	0.04749	0.62974	0.02617	0.03974	0.02132	0.03392	0.02908	0.01939	0.02908	0.01648	0.01939	0.01163	0.00872	0.00872	0.00291	0.01357	0.00678	0.00388	0.01357
91	0.01145	0.00819	0.01089	0.01261	0.01338	0.00763	0.00854	0.01345	0.01880	0.02539	0.13273	0.58365	0.06450	0.02731	0.01159	0.00361	0.00518	0.02472	0.00875	0.00763
92	0.01431	0.01208	0.01276	0.01248	0.01580	0.01201	0.00935	0.02326	0.18636	0.02848	0.07100	0.15775	0.36794	0.02098	0.01055	0.00320	0.00549	0.01779	0.00876	0.00964
93	0.01913	0.03999	0.45196	0.07024	0.04326	0.02172	0.16636	0.02879	0.01987	0.02879	0.01697	0.02101	0.01222	0.00852	0.00926	0.00296	0.01394	0.00785	0.00407	0.01306
94	0.01777	0.01676	0.02831	0.60771	0.10743	0.02051	0.02571	0.02383	0.01856	0.02398	0.01640	0.02434	0.01242	0.00910	0.00917	0.00303	0.01213	0.00816	0.00412	0.01054
95	0.03430	0.04376	0.02602	0.02365	0.02839	0.64045	0.01774	0.03666	0.02602	0.02247	0.01419	0.01656	0.01183	0.00946	0.00828	0.00237	0.01656	0.00591	0.00473	0.01064
96	0.01161	0.00872	0.01077	0.01155	0.01320	0.00787	0.00817	0.01417	0.02081	0.02758	0.22128	0.35294	0.20878	0.02454	0.01125	0.00333	0.00487	0.02171	0.00897	0.00787
97	0.01137	0.00932	0.01002	0.00985	0.01272	0.00797	0.00739	0.01419	0.02216	0.02773	0.22009	0.08355	0.48741	0.02216	0.01085	0.00305	0.00457	0.01870	0.00891	0.00797
98	0.01842	0.04749	0.62974	0.02617	0.03974	0.02132	0.03392	0.02908	0.01939	0.02908	0.01648	0.01939	0.01163	0.00872	0.00872	0.00291	0.01357	0.00678	0.00388	0.01357
99	0.01104	0.00931	0.00956	0.00950	0.01252	0.00783	0.00712	0.01354	0.02137	0.02585	0.13824	0.08665	0.57043	0.02287	0.01085	0.00308	0.00462	0.01914	0.00866	0.00783
100	0.01171	0.00853	0.01103	0.01211	0.01336	0.00785	0.00843	0.01421	0.02044	0.02765	0.22696	0.43648	0.11677	0.02523	0.01137	0.00342	0.00496	0.02262	0.00901	0.00785
101	0.01335	0.00890	0.01001	0.01001	0.01001	0.00890	0.00556	0.01335	0.01335	0.01780	0.02893	0.06009	0.03338	0.67731	0.04673	0.00890	0.00890	0.01335	0.00556	0.00556
102	0.02455	0.68284	0.04811	0.01571	0.02357	0.03633	0.01571	0.02749	0.01866	0.02160	0.01277	0.01473	0.01178	0.00786	0.00589	0.00196	0.00982	0.00491	0.00393	0.01178
103	0.01274	0.00961	0.01213	0.01355	0.01565	0.00899	0.01092	0.01580	0.02032	0.02575	0.06356	0.21823	0.23887	0.02539	0.01188	0.00375	0.00655	0.26979	0.00849	0.00801
104	0.01291	0.01001	0.01202	0.01291	0.01511	0.00953	0.00985	0.01743	0.06653	0.02687	0.10194	0.26429	0.24153	0.02423	0.01139	0.00352	0.00587	0.13696	0.00868	0.00841
105	0.02096	0.02001	0.03407	0.25310	0.43712	0.02135	0.02730	0.02663	0.02007	0.02785	0.01696	0.02330	0.01379	0.00851	0.00912	0.00284	0.01135	0.00817	0.00439	0.01312
106	0.02112	0.32743	0.37347	0.02156	0.03261	0.02794	0.02590	0.02838	0.01906	0.02578	0.01484	0.01733	0.01170	0.00834	0.00748	0.00249	0.01192	0.00596	0.00390	0.01278
107	0.01842	0.04749	0.62974	0.02617	0.03974	0.02132	0.03392	0.02908	0.01939	0.02908	0.01648	0.01939	0.01163	0.00872	0.00872	0.00291	0.01357	0.00678	0.00388	0.01357
108	0.01862	0.04604	0.59293	0.02697	0.04027	0.02145	0.06927	0.02910	0.01953	0.02910	0.01661	0.01973	0.01178	0.00866	0.00886	0.00292	0.01369	0.00704	0.00393	0.01349
109	0.02132	0.02993	0.21994	0.04560	0.39301	0.02179	0.07831	0.02856	0.02051	0.02967	0.01714	0.02188	0.01360	0.00831	0.00913	0.00281	0.01212	0.00798	0.00435	0.01406
110	0.01966	0.12580	0.02135	0.01512	0.01943	0.04901	0.01224	0.02803	0.15984	0.06588	0.04216	0.06980	0.15426	0.02664	0.14444	0.00539	0.01124	0.01172	0.00718	0.01079
111	0.01900	0.04379	0.54086	0.02960	0.09054	0.02149	0.06950	0.02902	0.01967	0.02918	0.01668	0.02003	0.01203	0.00861	0.00889	0.00290	0.01346	0.00717	0.00398	0.01358

[dist]
# distance from previous block
# <min> <max>
0	3

[block]
# block no. 1 follows, 18 sequences, length 31
# corresponding to MSA columns:
# 130-160
name=unknown_B
#
# <colnr> <probs for GDERKNQSTAVLIFYWHMCP>
#	G	D	E	R	K	N	Q	S	T	A	V	L	I	F	Y	W	H	M	C	P
0	0.02137	0.19878	0.23037	0.08072	0.17674	0.02536	0.02533	0.02989	0.07536	0.02783	0.01771	0.02084	0.01399	0.00876	0.00818	0.00265	0.01125	0.00710	0.00459	0.01317
1	0.11751	0.03700	0.02487	0.02178	0.02716	0.44183	0.01677	0.14921	0.02833	0.03195	0.01564	0.01749	0.01239	0.00967	0.00816	0.00250	0.01412	0.00629	0.00576	0.01158
2	0.01635	0.01260	0.01688	0.01578	0.01693	0.01562	0.01250	0.01935	0.01611	0.02553	0.02459	0.09115	0.02322	0.03103	0.19860	0.00656	0.22226	0.01044	0.21567	0.00883
3	0.01486	0.01267	0.01319	0.01247	0.01619	0.01268	0.00952	0.02494	0.20942	0.02995	0.10782	0.06964	0.39302	0.01948	0.01036	0.00309	0.00548	0.01630	0.00889	0.01000
4	0.02198	0.41681	0.29165	0.02009	0.03034	0.03005	0.02334	0.02816	0.01896	0.02473	0.01432	0.01668	0.01172	0.00822	0.00708	0.00236	0.01139	0.00569	0.00391	0.01253
5	0.01242	0.00902	0.01198	0.01390	0.01524	0.00858	0.01058	0.01502	0.01915	0.02499	0.05396	0.41574	0.11111	0.02704	0.01198	0.00384	0.00636	0.21273	0.00850	0.00784
6	0.01312	0.00984	0.01476	0.01476	0.01640	0.01148	0.01148	0.01640	0.01476	0.02131	0.02459	0.03607	0.02295	0.06886	0.64092	0.01476	0.02459	0.00984	0.00492	0.00820
7	0.01085	0.00930	0.00930	0.00930	0.01240	0.00775	0.00698	0.01318	0.02093	0.02480	0.09302	0.08837	0.61631	0.02325	0.01085	0.00310	0.00465	0.01938	0.00853	0.00775
8	0.01454	0.01039	0.01451	0.01662	0.01862	0.01035	0.01436	0.01859	0.02089	0.02719	0.04876	0.14342	0.05340	0.02560	0.01261	0.00419	0.00824	0.52088	0.00846	0.00838
9	0.01096	0.00888	0.00974	0.01043	0.01270	0.00766	0.00748	0.01305	0.01985	0.02436	0.07932	0.27668	0.43683	0.02503	0.01113	0.00330	0.00487	0.02155	0.00853	0.00766
10	0.01160	0.00912	0.01048	0.01058	0.01297	0.00800	0.00777	0.01446	0.02203	0.02847	0.25498	0.17434	0.35717	0.02268	0.01098	0.00313	0.00465	0.01955	0.00904	0.00800
11	0.03754	0.02149	0.02494	0.01912	0.02637	0.02220	0.01580	0.36136	0.03610	0.29592	0.02798	0.02590	0.01859	0.01117	0.00921	0.00279	0.00914	0.00867	0.01010	0.01562
12	0.03430	0.04376	0.02602	0.02365	0.02839	0.64045	0.01774	0.03666	0.02602	0.02247	0.01419	0.01656	0.01183	0.00946	0.00828	0.00237	0.01656	0.00591	0.00473	0.01064
13	0.01114	0.00819	0.01045	0.01225	0.01318	0.00750	0.00829	0.01284	0.01809	0.02365	0.05708	0.58234	0.14553	0.02792	0.01159	0.00363	0.00522	0.02508	0.00852	0.00750
14	0.02865	0.02261	0.02403	0.01986	0.02609	0.02555	0.01594	0.30909	0.33368	0.04778	0.02999	0.02838	0.02205	0.01177	0.00927	0.00294	0.00863	0.00936	0.00927	0.01505
15	0.01734	0.01632	0.02754	0.65524	0.06324	0.02040	0.02550	0.02346	0.01836	0.02346	0.01632	0.02448	0.01224	0.00918	0.00918	0.00306	0.01224	0.00816	0.00408	0.01020
16	0.01766	0.02486	0.26865	0.01593	0.02286	0.01390	0.01794	0.02461	0.01931	0.03207	0.02431	0.02802	0.01855	0.00987	0.00738	0.00246	0.00817	0.00782	0.42496	0.01066
17	0.02273	0.02182	0.03727	0.05636	0.62003	0.02182	0.02818	0.02818	0.02091	0.03000	0.01727	0.02273	0.01454	0.00818	0.00909	0.00273	0.01091	0.00818	0.00455	0.01454
18	0.02208	0.04030	0.48484	0.02405	0.03590	0.02035	0.02916	0.03320	0.07625	0.11502	0.02129	0.02250	0.01478	0.00946	0.00886	0.00292	0.01215	0.00748	0.00547	0.01395
19	0.74217	0.01776	0.01350	0.01207	0.01776	0.02060	0.00994	0.02699	0.01563	0.04120	0.01278	0.01492	0.00994	0.00852	0.00568	0.00284	0.00710	0.00497	0.00568	0.00994
20	0.01148	0.00922	0.01024	0.01021	0.01284	0.00798	0.00757	0.01430	0.02207	0.02805	0.23534	0.12975	0.42378	0.02245	0.01092	0.00309	0.00462	0.01915	0.00897	0.00798
21	0.01312	0.00984	0.01476	0.01476	0.01640	0.01148	0.01148	0.01640	0.01476	0.02131	0.02459	0.03607	0.02295	0.06886	0.64092	0.01476	0.02459	0.00984	0.00492	0.00820
22	0.02273	0.02182	0.03727	0.05636	0.62003	0.02182	0.02818	0.02818	0.02091	0.03000	0.01727	0.02273	0.01454	0.00818	0.00909	0.00273	0.01091	0.00818	0.00455	0.01454
23	0.01136	0.00932	0.01000	0.00983	0.01271	0.00797	0.00738	0.01416	0.02213	0.02765	0.21658	0.08369	0.49097	0.02219	0.01085	0.00305	0.00458	0.01872	0.00890	0.00797
24	0.01119	0.00799	0.01065	0.01278	0.01332	0.00746	0.00852	0.01278	0.01758	0.02344	0.05061	0.67132	0.06073	0.02877	0.01172	0.00373	0.00533	0.02610	0.00852	0.00746
25	0.02512	0.64519	0.04681	0.01618	0.02385	0.07191	0.01583	0.02803	0.01909	0.02165	0.01285	0.01484	0.01179	0.00795	0.00603	0.00199	0.01022	0.00497	0.00398	0.01172
26	0.01099	0.00875	0.00987	0.01076	0.01278	0.00763	0.00762	0.01301	0.01953	0.02423	0.07529	0.33198	0.38413	0.02556	0.01121	0.00336	0.00493	0.02219	0.00853	0.00763
27	0.02513	0.02564	0.02337	0.06059	0.05975	0.19442	0.01585	0.06214	0.15376	0.03076	0.02080	0.02246	0.01641	0.00927	0.00819	0.00229	0.01040	0.00715	0.00618	0.24545
28	0.09153	0.22389	0.32511	0.02152	0.03154	0.10870	0.02430	0.02945	0.01971	0.02723	0.01477	0.01726	0.01154	0.00856	0.00757	0.00256	0.01229	0.00596	0.00418	0.01232
29	0.12469	0.22301	0.23450	0.01897	0.02743	0.08319	0.02037	0.02752	0.02012	0.02900	0.09203	0.02348	0.02115	0.00981	0.00769	0.00257	0.01064	0.00716	0.00504	0.01162
30	0.09936	0.02878	0.02986	0.03079	0.17222	0.20141	0.06505	0.16454	0.05902	0.03594	0.01828	0.02082	0.01425	0.00945	0.00870	0.00269	0.01214	0.00757	0.00608	0.01305

[dist]
# distance from previous block
# <min> <max>
1	26

[block]
# block no. 2 follows, 18 sequences, length 25
# corresponding to MSA columns:
# 187-211
name=unknown_C
#
# <colnr> <probs for GDERKNQSTAVLIFYWHMCP>
#	G	D	E	R	K	N	Q	S	T	A	V	L	I	F	Y	W	H	M	C	P
0	0.01476	0.01747	0.09982	0.05274	0.02568	0.01333	0.12284	0.01955	0.02090	0.02767	0.14316	0.11023	0.22633	0.04940	0.01231	0.00338	0.00850	0.01535	0.00705	0.00954
1	0.02164	0.02569	0.10712	0.03117	0.20921	0.12710	0.02111	0.02908	0.08830	0.02725	0.02092	0.02608	0.01748	0.02502	0.17595	0.00591	0.01544	0.00829	0.00515	0.01205
2	0.02141	0.03375	0.31347	0.06459	0.06930	0.02412	0.02706	0.10717	0.02142	0.03107	0.01614	0.02045	0.01252	0.01099	0.01450	0.00318	0.18385	0.00749	0.00473	0.01278
3	0.02515	0.18307	0.21912	0.07182	0.07433	0.22561	0.02361	0.03071	0.02141	0.02492	0.01496	0.01804	0.01198	0.00877	0.00801	0.00252	0.01343	0.00628	0.00423	0.01204
4	0.02491	0.03634	0.21770	0.02570	0.06232	0.21336	0.05605	0.03661	0.17604	0.02957	0.02146	0.02293	0.01631	0.00985	0.00889	0.00280	0.01280	0.00778	0.00567	0.01290
5	0.01254	0.00856	0.01025	0.01105	0.01125	0.00836	0.00667	0.01314	0.01494	0.01992	0.03706	0.28930	0.04364	0.43411	0.03360	0.00696	0.00756	0.01813	0.00667	0.00627
6	0.03064	0.01761	0.02290	0.02217	0.09961	0.01749	0.01571	0.17979	0.02815	0.25958	0.03207	0.09197	0.02647	0.04789	0.01167	0.00332	0.00872	0.06157	0.00909	0.01359
7	0.01546	0.00993	0.01306	0.01197	0.01457	0.00909	0.00909	0.01973	0.02602	0.08845	0.56449	0.06532	0.08104	0.01812	0.01069	0.00288	0.00464	0.01596	0.01022	0.00927
8	0.03490	0.02572	0.02756	0.02113	0.02847	0.02847	0.01745	0.58942	0.04317	0.05787	0.02204	0.02204	0.01561	0.01102	0.00919	0.00276	0.01010	0.00827	0.00919	0.01561
9	0.01369	0.01039	0.01470	0.01440	0.01555	0.01214	0.01081	0.01614	0.01439	0.02059	0.02462	0.04021	0.02446	0.19986	0.46383	0.01266	0.06832	0.01048	0.00499	0.00775
10	0.01317	0.00963	0.01371	0.01371	0.01498	0.01091	0.01017	0.01572	0.01445	0.02054	0.02556	0.04140	0.02527	0.20378	0.50917	0.01346	0.02111	0.01062	0.00506	0.00761
11	0.01119	0.00799	0.01065	0.01278	0.01332	0.00746	0.00852	0.01278	0.01758	0.02344	0.05061	0.67132	0.06073	0.02877	0.01172	0.00373	0.00533	0.02610	0.00852	0.00746
12	0.03430	0.04376	0.02602	0.02365	0.02839	0.64045	0.01774	0.03666	0.02602	0.02247	0.01419	0.01656	0.01183	0.00946	0.00828	0.00237	0.01656	0.00591	0.00473	0.01064
13	0.02273	0.02182	0.03727	0.05636	0.62003	0.02182	0.02818	0.02818	0.02091	0.03000	0.01727	0.02273	0.01454	0.00818	0.00909	0.00273	0.01091	0.00818	0.00455	0.01454
14	0.01119	0.00799	0.01065	0.01278	0.01332	0.00746	0.00852	0.01278	0.01758	0.02344	0.05061	0.67132	0.06073	0.02877	0.01172	0.00373	0.00533	0.02610	0.00852	0.00746
15	0.01138	0.00807	0.01060	0.01254	0.01303	0.00758	0.00826	0.01283	0.01721	0.02295	0.04871	0.61780	0.05833	0.08555	0.01479	0.00418	0.00564	0.02499	0.00826	0.00729
16	0.01576	0.01359	0.01929	0.01778	0.01864	0.01746	0.01411	0.01823	0.01435	0.02125	0.02033	0.03250	0.01992	0.11051	0.35187	0.01014	0.26148	0.00952	0.00465	0.00862
17	0.01266	0.00861	0.01022	0.01090	0.01107	0.00844	0.00651	0.01317	0.01471	0.01961	0.03589	0.25626	0.04216	0.46916	0.03550	0.00724	0.00775	0.01744	0.00651	0.00617
18	0.01327	0.00923	0.01168	0.01168	0.01226	0.00981	0.00764	0.01442	0.01385	0.01904	0.02740	0.05164	0.02971	0.46319	0.25583	0.01096	0.01442	0.01212	0.00534	0.00649
19	0.02027	0.01430	0.01564	0.01358	0.01594	0.01518	0.00938	0.19824	0.02292	0.03066	0.02672	0.04788	0.02768	0.46346	0.03468	0.00693	0.00929	0.01172	0.00673	0.00879
20	0.01736	0.01864	0.07166	0.03153	0.17710	0.01620	0.16806	0.02218	0.01962	0.02706	0.03139	0.29201	0.03333	0.01664	0.01062	0.00325	0.00999	0.01622	0.00617	0.01097
21	0.01904	0.01632	0.01904	0.01360	0.02176	0.01224	0.01088	0.02312	0.01904	0.02992	0.01632	0.01904	0.01360	0.00680	0.00680	0.00136	0.00680	0.00544	0.00544	0.73344
22	0.01120	0.00932	0.00979	0.00967	0.01262	0.00790	0.00725	0.01386	0.02176	0.02677	0.17831	0.08513	0.52979	0.02252	0.01085	0.00307	0.00460	0.01893	0.00878	0.00790
23	0.01944	0.01810	0.03034	0.03529	0.27178	0.01793	0.11177	0.02698	0.08150	0.03294	0.21142	0.03894	0.03894	0.01194	0.00996	0.00288	0.00918	0.01154	0.00683	0.01230
24	0.02178	0.01824	0.02356	0.02106	0.08746	0.01673	0.04671	0.03193	0.17321	0.06437	0.02315	0.02441	0.01800	0.00873	0.00807	0.00215	0.00791	0.00754	0.00664	0.38834

[dist]
# distance from previous block
# <min> <max>
0	1

[block]
# block no. 3 follows, 18 sequences, length 95
# corresponding to MSA columns:
# 213-307
name=unknown_D
#
# <colnr> <probs for GDERKNQSTAVLIFYWHMCP>
#	G	D	E	R	K	N	Q	S	T	A	V	L	I	F	Y	W	H	M	C	P
0	0.03270	0.02462	0.02631	0.02068	0.02763	0.02744	0.01692	0.49048	0.14571	0.05431	0.02485	0.02428	0.01789	0.01128	0.00921	0.00282	0.00958	0.00865	0.00921	0.01542
1	0.01093	0.00900	0.00962	0.01011	0.01262	0.00768	0.00734	0.01309	0.02015	0.02449	0.08312	0.22433	0.48673	0.02454	0.01105	0.00325	0.00481	0.02095	0.00853	0.00768
2	0.03435	0.04224	0.02615	0.02344	0.02839	0.58896	0.01772	0.08317	0.02746	0.02545	0.01485	0.01702	0.01215	0.00959	0.00836	0.00240	0.01602	0.00611	0.00511	0.01106
3	0.02227	0.02135	0.03645	0.10675	0.57319	0.02170	0.02795	0.02778	0.02069	0.02945	0.01719	0.02287	0.01435	0.00827	0.00910	0.00276	0.01102	0.00818	0.00451	0.01418
4	0.02994	0.03699	0.03311	0.02738	0.03281	0.43449	0.15734	0.03359	0.02389	0.02414	0.01508	0.01889	0.01236	0.00963	0.01086	0.00269	0.07387	0.00731	0.00465	0.01102
5	0.01256	0.00937	0.01193	0.01316	0.01508	0.00874	0.01029	0.01557	0.02068	0.02684	0.13150	0.25686	0.20017	0.02498	0.01172	0.00364	0.00610	0.20410	0.00870	0.00802
6	0.02840	0.08105	0.02593	0.01994	0.02594	0.12144	0.01601	0.20823	0.29567	0.04039	0.02708	0.02619	0.02040	0.01117	0.00884	0.00279	0.00978	0.00859	0.00812	0.01403
7	0.02455	0.68284	0.04811	0.01571	0.02357	0.03633	0.01571	0.02749	0.01866	0.02160	0.01277	0.01473	0.01178	0.00786	0.00589	0.00196	0.00982	0.00491	0.00393	0.01178
8	0.02273	0.02182	0.03727	0.05636	0.62003	0.02182	0.02818	0.02818	0.02091	0.03000	0.01727	0.02273	0.01454	0.00818	0.00909	0.00273	0.01091	0.00818	0.00455	0.01454
9	0.01314	0.00974	0.01428	0.01428	0.01575	0.01122	0.01088	0.01609	0.01462	0.02096	0.02503	0.03849	0.02401	0.13017	0.58105	0.01417	0.02301	0.01019	0.00498	0.00793
10	0.01303	0.00983	0.01130	0.01181	0.01363	0.00938	0.00861	0.01610	0.04650	0.02372	0.05792	0.12910	0.24651	0.22638	0.02235	0.00518	0.00692	0.12658	0.00763	0.00752
11	0.01496	0.01204	0.01624	0.01523	0.01581	0.01463	0.01130	0.01662	0.01403	0.02013	0.02316	0.04153	0.02433	0.29545	0.25373	0.00976	0.17770	0.01077	0.00495	0.00762
12	0.01204	0.00935	0.01094	0.01055	0.01313	0.00826	0.00791	0.01547	0.02373	0.03145	0.38162	0.07743	0.32356	0.02078	0.01084	0.00298	0.00447	0.01785	0.00940	0.00826
13	0.03453	0.02278	0.02538	0.01960	0.02655	0.02441	0.01613	0.45191	0.03895	0.15893	0.06535	0.02690	0.02178	0.01162	0.00931	0.00278	0.00929	0.00901	0.00964	0.01514
14	0.02009	0.02009	0.02812	0.02411	0.02411	0.02812	0.02009	0.02210	0.01406	0.02210	0.01205	0.02009	0.01205	0.01607	0.03013	0.00402	0.66051	0.00804	0.00402	0.01004
15	0.01156	0.00933	0.01028	0.01004	0.01284	0.00805	0.00753	0.01455	0.02260	0.02877	0.26533	0.08184	0.44152	0.02177	0.01084	0.00303	0.00455	0.01846	0.00905	0.00805
16	0.01119	0.00799	0.01065	0.01278	0.01332	0.00746	0.00852	0.01278	0.01758	0.02344	0.05061	0.67132	0.06073	0.02877	0.01172	0.00373	0.00533	0.02610	0.00852	0.00746
17	0.01085	0.00930	0.00930	0.00930	0.01240	0.00775	0.00698	0.01318	0.02093	0.02480	0.09302	0.08837	0.61631	0.02325	0.01085	0.00310	0.00465	0.01938	0.00853	0.00775
18	0.03430	0.04376	0.02602	0.02365	0.02839	0.64045	0.01774	0.03666	0.02602	0.02247	0.01419	0.01656	0.01183	0.00946	0.00828	0.00237	0.01656	0.00591	0.00473	0.01064
19	0.01170	0.00933	0.01047	0.01019	0.01292	0.00811	0.00764	0.01481	0.02292	0.02954	0.29882	0.08057	0.40755	0.02149	0.01084	0.00302	0.00453	0.01829	0.00915	0.00811
20	0.03327	0.02490	0.02663	0.02079	0.02785	0.02771	0.01706	0.51599	0.11927	0.05522	0.02413	0.02370	0.01730	0.01122	0.00921	0.00280	0.00972	0.00855	0.00921	0.01547
21	0.03547	0.02482	0.02700	0.02070	0.02802	0.02714	0.01710	0.54072	0.04166	0.10870	0.02331	0.02287	0.01625	0.01105	0.00919	0.00276	0.00990	0.00835	0.00938	0.01562
22	0.01213	0.00940	0.01116	0.01144	0.01388	0.00843	0.00880	0.01530	0.02223	0.02881	0.24448	0.13662	0.31843	0.02267	0.01120	0.00326	0.00518	0.09946	0.00901	0.00811
23	0.02273	0.02182	0.03727	0.05636	0.62003	0.02182	0.02818	0.02818	0.02091	0.03000	0.01727	0.02273	0.01454	0.00818	0.00909	0.00273	0.01091	0.00818	0.00455	0.01454
24	0.01842	0.04749	0.62974	0.02617	0.03974	0.02132	0.03392	0.02908	0.01939	0.02908	0.01648	0.01939	0.01163	0.00872	0.00872	0.00291	0.01357	0.00678	0.00388	0.01357
25	0.09113	0.01824	0.01881	0.01536	0.02051	0.01992	0.01243	0.31526	0.03128	0.04706	0.02433	0.02621	0.01823	0.01067	0.00778	0.00252	0.00754	0.00809	0.29229	0.01233
26	0.02163	0.01211	0.01513	0.01387	0.01772	0.01115	0.01099	0.06095	0.02399	0.19393	0.12245	0.15502	0.18825	0.01977	0.01068	0.00323	0.00648	0.09252	0.00953	0.01060
27	0.01748	0.01692	0.05446	0.01587	0.02109	0.01477	0.01338	0.02143	0.01941	0.02934	0.13772	0.07201	0.03091	0.01252	0.01249	0.00242	0.13128	0.00961	0.00622	0.36068
28	0.01333	0.00899	0.01044	0.01044	0.01059	0.00913	0.00609	0.01362	0.01348	0.01812	0.02854	0.05794	0.03245	0.62291	0.09986	0.00943	0.01030	0.01304	0.00551	0.00580
29	0.01335	0.00890	0.01001	0.01001	0.01001	0.00890	0.00556	0.01335	0.01335	0.01780	0.02893	0.06009	0.03338	0.67731	0.04673	0.00890	0.00890	0.01335	0.00556	0.00556
30	0.02273	0.02182	0.03727	0.05636	0.62003	0.02182	0.02818	0.02818	0.02091	0.03000	0.01727	0.02273	0.01454	0.00818	0.00909	0.00273	0.01091	0.00818	0.00455	0.01454
31	0.03454	0.03665	0.02663	0.02266	0.02842	0.39925	0.01763	0.25452	0.03278	0.03642	0.01729	0.01872	0.01332	0.01008	0.00864	0.00252	0.01401	0.00684	0.00649	0.01260
32	0.01230	0.00936	0.01131	0.01083	0.01329	0.00837	0.00812	0.01599	0.02436	0.03294	0.44672	0.07497	0.25753	0.02022	0.01084	0.00296	0.00443	0.01750	0.00960	0.00837
33	0.03014	0.01429	0.01799	0.01442	0.01960	0.01288	0.01116	0.06895	0.02320	0.35062	0.03501	0.04017	0.05803	0.18011	0.01861	0.00426	0.00797	0.01047	0.00909	0.07302
34	0.01231	0.00846	0.01032	0.01135	0.01161	0.00820	0.00699	0.01308	0.01540	0.02053	0.03941	0.35564	0.04660	0.36372	0.02980	0.00640	0.00717	0.01952	0.00699	0.00648
35	0.01119	0.00799	0.01065	0.01278	0.01332	0.00746	0.00852	0.01278	0.01758	0.02344	0.05061	0.67132	0.06073	0.02877	0.01172	0.00373	0.00533	0.02610	0.00852	0.00746
36	0.03430	0.04376	0.02602	0.02365	0.02839	0.64045	0.01774	0.03666	0.02602	0.02247	0.01419	0.01656	0.01183	0.00946	0.00828	0.00237	0.01656	0.00591	0.00473	0.01064
37	0.02027	0.01833	0.03030	0.04413	0.43372	0.01833	0.02403	0.02534	0.02098	0.02922	0.02699	0.04779	0.02642	0.01351	0.01020	0.00319	0.01015	0.17870	0.00576	0.01266
38	0.01107	0.00846	0.01017	0.01155	0.01299	0.00756	0.00797	0.01292	0.01877	0.02392	0.06568	0.46415	0.25817	0.02681	0.01141	0.00351	0.00509	0.02371	0.00852	0.00756
39	0.07347	0.02270	0.02390	0.01872	0.02520	0.02505	0.01537	0.47195	0.03800	0.05337	0.02268	0.02345	0.01647	0.01083	0.00857	0.00267	0.00906	0.00812	0.11620	0.01423
40	0.02426	0.28668	0.16936	0.02902	0.17177	0.12188	0.02301	0.02941	0.02048	0.02540	0.01488	0.01796	0.01242	0.00837	0.00765	0.00242	0.01193	0.00626	0.00419	0.01267
41	0.02167	0.02477	0.05418	0.03870	0.04799	0.02322	0.58669	0.02941	0.02167	0.02941	0.01858	0.02477	0.01393	0.00774	0.01084	0.00310	0.01548	0.01084	0.00464	0.01238
42	0.01227	0.00970	0.01127	0.01186	0.01457	0.00871	0.00955	0.01536	0.02145	0.02671	0.12594	0.09131	0.39428	0.02351	0.01142	0.00343	0.00580	0.18617	0.00865	0.00805
43	0.01119	0.00799	0.01065	0.01278	0.01332	0.00746	0.00852	0.01278	0.01758	0.02344	0.05061	0.67132	0.06073	0.02877	0.01172	0.00373	0.00533	0.02610	0.00852	0.00746
44	0.02073	0.02303	0.02681	0.02202	0.02670	0.18153	0.15553	0.02465	0.02192	0.02587	0.08639	0.04293	0.17108	0.01899	0.06767	0.00398	0.05227	0.01189	0.00609	0.00993
45	0.01512	0.01511	0.06135	0.01899	0.06006	0.01214	0.07841	0.01946	0.02127	0.02969	0.20244	0.20365	0.10003	0.01751	0.01029	0.00294	0.00727	0.01593	0.00756	0.10076
46	0.01972	0.18304	0.50565	0.02394	0.03629	0.02453	0.03004	0.02874	0.01923	0.02748	0.01569	0.01839	0.01166	0.00854	0.00812	0.00271	0.01277	0.00638	0.00389	0.01319
47	0.01734	0.01632	0.02754	0.65524	0.06324	0.02040	0.02550	0.02346	0.01836	0.02346	0.01632	0.02448	0.01224	0.00918	0.00918	0.00306	0.01224	0.00816	0.00408	0.01020
48	0.01546	0.00871	0.00920	0.00920	0.01040	0.00871	0.00604	0.01786	0.01666	0.02701	0.02950	0.04560	0.02786	0.30368	0.02414	0.00511	0.00631	0.01067	0.41064	0.00724
49	0.02407	0.01682	0.02639	0.40694	0.09777	0.01895	0.02207	0.03070	0.05623	0.17505	0.02264	0.02661	0.01601	0.00984	0.00920	0.00298	0.01072	0.00856	0.00625	0.01218
50	0.03660	0.01665	0.02117	0.01692	0.02355	0.01584	0.01376	0.04576	0.17086	0.47910	0.03651	0.03200	0.02406	0.01164	0.00926	0.00291	0.00768	0.00952	0.01086	0.01535
51	0.01214	0.00923	0.01040	0.01018	0.01221	0.00832	0.00715	0.01451	0.02060	0.02678	0.23883	0.07515	0.30609	0.18570	0.01983	0.00449	0.00562	0.01701	0.00827	0.00749
52	0.01119	0.00799	0.01065	0.01278	0.01332	0.00746	0.00852	0.01278	0.01758	0.02344	0.05061	0.67132	0.06073	0.02877	0.01172	0.00373	0.00533	0.02610	0.00852	0.00746
53	0.01986	0.01894	0.02993	0.02138	0.02989	0.01564	0.18938	0.02507	0.01986	0.02976	0.01702	0.02082	0.01370	0.00709	0.00805	0.00190	0.00949	0.00711	0.00519	0.50992
54	0.01517	0.00874	0.00931	0.00931	0.01034	0.00874	0.00598	0.01724	0.01621	0.02575	0.02942	0.04759	0.02862	0.35498	0.02724	0.00563	0.00667	0.01103	0.35502	0.00701
55	0.01152	0.00933	0.01022	0.01000	0.01281	0.00803	0.00750	0.01446	0.02250	0.02853	0.25489	0.08223	0.45211	0.02186	0.01084	0.00303	0.00455	0.01852	0.00902	0.00803
56	0.01186	0.00953	0.01077	0.01145	0.01412	0.00844	0.00904	0.01461	0.02075	0.02538	0.07898	0.13222	0.43699	0.02416	0.01137	0.00343	0.00565	0.15482	0.00851	0.00791
57	0.03430	0.04376	0.02602	0.02365	0.02839	0.64045	0.01774	0.03666	0.02602	0.02247	0.01419	0.01656	0.01183	0.00946	0.00828	0.00237	0.01656	0.00591	0.00473	0.01064
58	0.01119	0.00799	0.01065	0.01278	0.01332	0.00746	0.00852	0.01278	0.01758	0.02344	0.05061	0.67132	0.06073	0.02877	0.01172	0.00373	0.00533	0.02610	0.00852	0.00746
59	0.02266	0.01390	0.01448	0.01247	0.01623	0.01476	0.00986	0.19833	0.02670	0.04159	0.02749	0.03044	0.02107	0.01080	0.00728	0.00233	0.00609	0.00847	0.50429	0.01076
60	0.01285	0.00997	0.01519	0.01564	0.01731	0.00944	0.05832	0.01564	0.01915	0.02560	0.08634	0.47161	0.05713	0.02569	0.01176	0.00371	0.00669	0.12155	0.00829	0.00814
61	0.03036	0.03130	0.02711	0.02300	0.02717	0.27310	0.01833	0.20379	0.02787	0.03334	0.01601	0.01928	0.01307	0.01186	0.01490	0.00297	0.20137	0.00726	0.00590	0.01201
62	0.01950	0.04106	0.48133	0.03373	0.18510	0.02145	0.03249	0.02885	0.01977	0.02931	0.01668	0.02022	0.01236	0.00859	0.00882	0.00286	0.01290	0.00713	0.00404	0.01381
63	0.02052	0.08814	0.11382	0.01818	0.02442	0.01908	0.05049	0.07935	0.14462	0.05945	0.19609	0.04167	0.07870	0.01350	0.00950	0.00286	0.00823	0.01146	0.00792	0.01200
64	0.01180	0.00935	0.01071	0.01160	0.01360	0.00860	0.00822	0.01533	0.05756	0.02504	0.06886	0.36669	0.30904	0.02521	0.01117	0.00341	0.00515	0.02204	0.00858	0.00805
65	0.01950	0.01923	0.02700	0.02332	0.02346	0.02672	0.01936	0.02162	0.01412	0.02203	0.01311	0.02143	0.01297	0.02051	0.08152	0.00492	0.60700	0.00819	0.00409	0.00989
66	0.02057	0.09490	0.21876	0.01839	0.02728	0.05848	0.01909	0.02656	0.02070	0.05337	0.08887	0.02502	0.02184	0.00933	0.00801	0.00223	0.00967	0.00735	0.00554	0.26403
67	0.01320	0.00952	0.01317	0.01317	0.01426	0.01062	0.00950	0.01538	0.01429	0.02014	0.02605	0.04411	0.02644	0.27247	0.44209	0.01280	0.01934	0.01101	0.00513	0.00732
68	0.01148	0.00912	0.01031	0.01045	0.01290	0.00795	0.00767	0.01423	0.02177	0.02782	0.22660	0.17345	0.38798	0.02291	0.01098	0.00314	0.00467	0.01968	0.00895	0.00795
69	0.01321	0.00884	0.01006	0.01019	0.01023	0.00881	0.00576	0.01332	0.01363	0.01817	0.03034	0.09982	0.03516	0.63515	0.04446	0.00857	0.00867	0.01418	0.00576	0.00569
70	0.02077	0.06435	0.03595	0.02722	0.03005	0.02743	0.16174	0.02428	0.01627	0.02390	0.01373	0.02091	0.01251	0.01345	0.02372	0.00365	0.45663	0.00853	0.00417	0.01074
