[name]
unknown

[dist]
# distance from previous block
# <min> <max>
5	20

[block]
# block no. 0 follows, 22 sequences, length 35
# corresponding to MSA columns:
# 20-54
name=unknown_A
#
# <colnr> <probs for GDERKNQSTAVLIFYWHMCP>
#	G	D	E	R	K	N	Q	S	T	A	V	L	I	F	Y	W	H	M	C	P
0	0.18079	0.24879	0.05149	0.01589	0.02108	0.15189	0.01400	0.02616	0.01800	0.05887	0.05579	0.01842	0.01539	0.00918	0.00863	0.00235	0.08262	0.00592	0.00477	0.01000
1	0.01660	0.01784	0.15385	0.01474	0.01883	0.01282	0.01333	0.10434	0.01892	0.05979	0.02929	0.24100	0.03081	0.20835	0.01837	0.00434	0.00807	0.01352	0.00628	0.00892
2	0.03158	0.02327	0.02493	0.01911	0.02576	0.02576	0.01579	0.62852	0.03906	0.05236	0.01995	0.01995	0.01413	0.00997	0.00831	0.00249	0.00914	0.00748	0.00831	0.01413
3	0.02092	0.02232	0.07210	0.04760	0.58161	0.05743	0.02527	0.02599	0.01910	0.02670	0.01542	0.02005	0.01285	0.00750	0.00816	0.00246	0.01031	0.00721	0.00408	0.01290
4	0.01864	0.28191	0.44339	0.02030	0.03074	0.02413	0.02482	0.02580	0.01730	0.02390	0.01371	0.01604	0.01057	0.00761	0.00698	0.00233	0.01107	0.00553	0.00352	0.01170
5	0.01761	0.15756	0.55873	0.02206	0.03345	0.02162	0.02788	0.02606	0.01743	0.02515	0.01433	0.01682	0.01055	0.00776	0.00745	0.00248	0.01170	0.00585	0.00352	0.01200
6	0.01966	0.02227	0.04820	0.03587	0.07637	0.02094	0.59376	0.02655	0.01957	0.02664	0.01674	0.02231	0.01263	0.00702	0.00972	0.00278	0.01378	0.00967	0.00420	0.01131
7	0.02066	0.01785	0.01878	0.01691	0.02160	0.02066	0.01315	0.04414	0.64121	0.03475	0.03381	0.03099	0.02536	0.01127	0.00845	0.00282	0.00657	0.00939	0.00845	0.01315
8	0.01624	0.01533	0.02592	0.61583	0.12515	0.01860	0.02335	0.02171	0.01687	0.02190	0.01486	0.02197	0.01131	0.00820	0.00830	0.00273	0.01094	0.00738	0.00374	0.00967
9	0.00998	0.00842	0.00864	0.00859	0.01132	0.00708	0.00644	0.01224	0.01932	0.02336	0.13233	0.07843	0.60410	0.02070	0.00982	0.00279	0.00418	0.01732	0.00784	0.00708
10	0.01187	0.00890	0.01335	0.01335	0.01483	0.01038	0.01038	0.01483	0.01335	0.01928	0.02225	0.03264	0.02077	0.06231	0.67512	0.01335	0.02225	0.00890	0.00445	0.00742
11	0.02056	0.01974	0.03372	0.05099	0.65622	0.01974	0.02550	0.02550	0.01892	0.02714	0.01563	0.02056	0.01316	0.00740	0.00822	0.00247	0.00987	0.00740	0.00411	0.01316
12	0.00982	0.00842	0.00842	0.00842	0.01122	0.00701	0.00631	0.01192	0.01894	0.02244	0.08416	0.07995	0.65285	0.02104	0.00982	0.00281	0.00421	0.01753	0.00771	0.00701
13	0.01012	0.00723	0.00964	0.01157	0.01205	0.00675	0.00771	0.01157	0.01591	0.02121	0.04579	0.70262	0.05495	0.02603	0.01060	0.00337	0.00482	0.02362	0.00771	0.00675
14	0.01012	0.00723	0.00964	0.01157	0.01205	0.00675	0.00771	0.01157	0.01591	0.02121	0.04579	0.70262	0.05495	0.02603	0.01060	0.00337	0.00482	0.02362	0.00771	0.00675
15	0.01012	0.00723	0.00964	0.01157	0.01205	0.00675	0.00771	0.01157	0.01591	0.02121	0.04579	0.70262	0.05495	0.02603	0.01060	0.00337	0.00482	0.02362	0.00771	0.00675
16	0.02066	0.01785	0.01878	0.01691	0.02160	0.02066	0.01315	0.04414	0.64121	0.03475	0.03381	0.03099	0.02536	0.01127	0.00845	0.00282	0.00657	0.00939	0.00845	0.01315
17	0.01187	0.00890	0.01335	0.01335	0.01483	0.01038	0.01038	0.01483	0.01335	0.01928	0.02225	0.03264	0.02077	0.06231	0.67512	0.01335	0.02225	0.00890	0.00445	0.00742
18	0.02599	0.01314	0.01568	0.01327	0.01775	0.01299	0.01052	0.06394	0.14364	0.29245	0.03154	0.07076	0.02350	0.01126	0.00780	0.00249	0.00605	0.00929	0.21622	0.01171
19	0.02073	0.02246	0.02595	0.40090	0.14441	0.20088	0.02151	0.02523	0.01890	0.02192	0.01437	0.01990	0.01130	0.00823	0.00807	0.00255	0.01197	0.00682	0.00392	0.00997
20	0.01729	0.01640	0.02782	0.47825	0.25450	0.01888	0.02387	0.02263	0.01737	0.02317	0.01505	0.02163	0.01176	0.00801	0.00828	0.00267	0.01068	0.00739	0.00383	0.01052
21	0.01004	0.00756	0.00930	0.01069	0.01182	0.00682	0.00732	0.01167	0.01675	0.02155	0.05644	0.52972	0.22097	0.02464	0.01039	0.00322	0.00465	0.02193	0.00771	0.00682
22	0.03196	0.02266	0.02455	0.01882	0.02546	0.02486	0.01555	0.58922	0.03804	0.09310	0.02080	0.02050	0.01456	0.00999	0.00831	0.00250	0.00900	0.00754	0.00844	0.01413
23	0.02059	0.01921	0.02957	0.04153	0.48000	0.02000	0.02207	0.03067	0.19171	0.02925	0.02068	0.02346	0.01655	0.00848	0.00829	0.00256	0.00895	0.00795	0.00532	0.01316
24	0.01258	0.00867	0.01225	0.01225	0.01382	0.00987	0.00948	0.01572	0.01415	0.02158	0.02320	0.03231	0.02087	0.05196	0.54360	0.01111	0.01864	0.00867	0.15177	0.00748
25	0.01961	0.02241	0.04902	0.03501	0.04342	0.02101	0.62605	0.02661	0.01961	0.02661	0.01681	0.02241	0.01261	0.00700	0.00980	0.00280	0.01401	0.00980	0.00420	0.01120
26	0.02466	0.52604	0.03798	0.01621	0.02253	0.21109	0.01472	0.02718	0.01873	0.01976	0.01191	0.01379	0.01067	0.00751	0.00593	0.00188	0.01058	0.00469	0.00376	0.01037
27	0.01602	0.02458	0.23085	0.02487	0.03225	0.01646	0.26562	0.02228	0.01792	0.02500	0.02437	0.21227	0.02387	0.01263	0.00943	0.00291	0.01088	0.01254	0.00497	0.01029
28	0.00982	0.00842	0.00842	0.00842	0.01122	0.00701	0.00631	0.01192	0.01894	0.02244	0.08416	0.07995	0.65285	0.02104	0.00982	0.00281	0.00421	0.01753	0.00771	0.00701
29	0.02056	0.01974	0.03372	0.05099	0.65622	0.01974	0.02550	0.02550	0.01892	0.02714	0.01563	0.02056	0.01316	0.00740	0.00822	0.00247	0.00987	0.00740	0.00411	0.01316
30	0.03103	0.03959	0.02354	0.02140	0.02568	0.67469	0.01605	0.03317	0.02354	0.02033	0.01284	0.01498	0.01070	0.00856	0.00749	0.00214	0.01498	0.00535	0.00428	0.00963
31	0.00982	0.00842	0.00842	0.00842	0.01122	0.00701	0.00631	0.01192	0.01894	0.02244	0.08416	0.07995	0.65285	0.02104	0.00982	0.00281	0.00421	0.01753	0.00771	0.00701
32	0.01642	0.01200	0.01558	0.01430	0.01695	0.01362	0.01131	0.15033	0.01925	0.02724	0.02202	0.02974	0.01934	0.04776	0.48982	0.01030	0.01831	0.00852	0.04826	0.00891
33	0.01154	0.00783	0.00922	0.00976	0.00989	0.00769	0.00578	0.01194	0.01314	0.01752	0.03162	0.23437	0.03707	0.51866	0.03349	0.00675	0.00716	0.01528	0.00578	0.00551
34	0.02363	0.03271	0.14952	0.02150	0.02603	0.33237	0.01918	0.02721	0.01885	0.02135	0.01327	0.01736	0.01130	0.01314	0.05136	0.00329	0.19786	0.00623	0.00396	0.00988

[dist]
# distance from previous block
# <min> <max>
0	1

[block]
# block no. 1 follows, 22 sequences, length 66
# corresponding to MSA columns:
# 56-121
name=unknown_B
#
# <colnr> <probs for GDERKNQSTAVLIFYWHMCP>
#	G	D	E	R	K	N	Q	S	T	A	V	L	I	F	Y	W	H	M	C	P
0	0.02424	0.02611	0.01826	0.01637	0.02035	0.34618	0.01248	0.10952	0.02388	0.02660	0.03222	0.03280	0.16220	0.01180	0.00794	0.00232	0.01028	0.00878	0.09825	0.00941
1	0.00982	0.00842	0.00842	0.00842	0.01122	0.00701	0.00631	0.01192	0.01894	0.02244	0.08416	0.07995	0.65285	0.02104	0.00982	0.00281	0.00421	0.01753	0.00771	0.00701
2	0.01523	0.01189	0.01274	0.01127	0.01482	0.01153	0.00879	0.15634	0.02443	0.03133	0.16895	0.06282	0.40298	0.01775	0.00946	0.00270	0.00531	0.01475	0.00810	0.00882
3	0.03030	0.02570	0.02359	0.01896	0.02482	0.15885	0.01527	0.45542	0.05591	0.04408	0.01931	0.01984	0.01416	0.00971	0.00802	0.00240	0.01000	0.00712	0.04367	0.01285
4	0.06932	0.02414	0.01900	0.01702	0.02112	0.28626	0.01295	0.09374	0.02296	0.14583	0.02498	0.17826	0.02315	0.01306	0.00833	0.00257	0.01000	0.01036	0.00670	0.01026
5	0.01387	0.01425	0.01147	0.01107	0.01409	0.13168	0.00832	0.01602	0.01953	0.02190	0.06797	0.06563	0.50361	0.02064	0.04043	0.00317	0.00706	0.01486	0.00692	0.00752
6	0.01965	0.02515	0.18090	0.04462	0.51161	0.01963	0.02671	0.02569	0.01860	0.02695	0.01546	0.01986	0.01254	0.00752	0.00815	0.00251	0.01043	0.00711	0.00397	0.01295
7	0.19705	0.37051	0.03044	0.01479	0.02063	0.13320	0.01315	0.05137	0.01808	0.02520	0.01273	0.01502	0.01100	0.01075	0.04394	0.00271	0.01008	0.00499	0.00430	0.01007
8	0.21638	0.10437	0.17938	0.02049	0.11254	0.01984	0.01750	0.08353	0.01885	0.03170	0.01588	0.01846	0.01232	0.00813	0.00668	0.00238	0.00856	0.00604	0.10604	0.01092
9	0.01964	0.02821	0.30278	0.01927	0.02725	0.01875	0.02048	0.09289	0.20809	0.05764	0.09640	0.02747	0.02370	0.01028	0.00835	0.00267	0.00906	0.00838	0.00642	0.01228
10	0.20664	0.02950	0.02120	0.01864	0.02294	0.36355	0.01456	0.10311	0.02198	0.02832	0.01319	0.01560	0.01074	0.00920	0.00925	0.00246	0.08859	0.00562	0.00491	0.00997
11	0.02092	0.55682	0.18842	0.01642	0.02473	0.02971	0.01806	0.02521	0.01703	0.02112	0.01233	0.01431	0.01063	0.00729	0.00593	0.00198	0.00968	0.00484	0.00354	0.01104
12	0.01467	0.01283	0.01677	0.01590	0.01689	0.04095	0.01258	0.01707	0.01445	0.02078	0.02325	0.13959	0.02394	0.03398	0.26203	0.00705	0.23589	0.03586	0.04757	0.00797
13	0.01261	0.00930	0.01273	0.01396	0.01556	0.00970	0.01118	0.01679	0.05430	0.02317	0.03861	0.23323	0.04181	0.03251	0.17072	0.00594	0.01036	0.27288	0.00694	0.00769
14	0.01024	0.00728	0.00960	0.01142	0.01187	0.00683	0.00755	0.01160	0.01568	0.02090	0.04461	0.66365	0.05346	0.06703	0.01251	0.00366	0.00501	0.02292	0.00755	0.00664
15	0.03109	0.03802	0.02368	0.02118	0.02569	0.61231	0.01603	0.09040	0.02503	0.02341	0.01352	0.01546	0.01103	0.00870	0.00757	0.00217	0.01442	0.00556	0.00467	0.01006
16	0.01796	0.19919	0.52011	0.02147	0.03254	0.02246	0.02685	0.02597	0.01739	0.02473	0.01413	0.01656	0.01056	0.00771	0.00730	0.00243	0.01149	0.00574	0.00352	0.01190
17	0.02096	0.02288	0.02440	0.02130	0.02240	0.18091	0.01729	0.02291	0.01536	0.02004	0.01192	0.01811	0.01133	0.01542	0.05394	0.00375	0.49723	0.00689	0.00383	0.00914
18	0.01142	0.00823	0.01080	0.01068	0.01234	0.00761	0.00781	0.01483	0.02194	0.03081	0.52656	0.19447	0.07354	0.01885	0.00996	0.00277	0.00411	0.01680	0.00885	0.00761
19	0.02205	0.01608	0.02107	0.02365	0.16794	0.01682	0.01503	0.09147	0.21358	0.12597	0.03049	0.16587	0.02678	0.01314	0.00882	0.00278	0.00731	0.01152	0.00755	0.01208
20	0.03158	0.02327	0.02493	0.01911	0.02576	0.02576	0.01579	0.62852	0.03906	0.05236	0.01995	0.01995	0.01413	0.00997	0.00831	0.00249	0.00914	0.00748	0.00831	0.01413
21	0.01961	0.02241	0.04902	0.03501	0.04342	0.02101	0.62605	0.02661	0.01961	0.02661	0.01681	0.02241	0.01261	0.00700	0.00980	0.00280	0.01401	0.00980	0.00420	0.01120
22	0.01818	0.01818	0.02545	0.02181	0.02181	0.02545	0.01818	0.01999	0.01272	0.01999	0.01091	0.01818	0.01091	0.01454	0.02726	0.00364	0.69284	0.00727	0.00364	0.00909
23	0.01774	0.01659	0.01640	0.01538	0.01767	0.14936	0.01195	0.05412	0.01727	0.02257	0.01986	0.02710	0.01768	0.03974	0.38852	0.00862	0.06487	0.00786	0.07830	0.00840
24	0.01207	0.00810	0.00930	0.00930	0.00939	0.00819	0.00534	0.01224	0.01215	0.01629	0.02595	0.05314	0.02967	0.67154	0.07806	0.00835	0.00886	0.01190	0.00500	0.00517
25	0.00982	0.00842	0.00842	0.00842	0.01122	0.00701	0.00631	0.01192	0.01894	0.02244	0.08416	0.07995	0.65285	0.02104	0.00982	0.00281	0.00421	0.01753	0.00771	0.00701
26	0.02221	0.71304	0.04353	0.01421	0.02132	0.03287	0.01421	0.02488	0.01688	0.01955	0.01155	0.01333	0.01066	0.00711	0.00533	0.00178	0.00888	0.00444	0.00355	0.01066
27	0.02066	0.01785	0.01878	0.01691	0.02160	0.02066	0.01315	0.04414	0.64121	0.03475	0.03381	0.03099	0.02536	0.01127	0.00845	0.00282	0.00657	0.00939	0.00845	0.01315
28	0.01012	0.00723	0.00964	0.01157	0.01205	0.00675	0.00771	0.01157	0.01591	0.02121	0.04579	0.70262	0.05495	0.02603	0.01060	0.00337	0.00482	0.02362	0.00771	0.00675
29	0.01038	0.00844	0.00919	0.00900	0.01157	0.00725	0.00675	0.01301	0.02026	0.02559	0.24842	0.07477	0.48662	0.01987	0.00981	0.00275	0.00412	0.01681	0.00813	0.00725
30	0.02056	0.01974	0.03372	0.05099	0.65622	0.01974	0.02550	0.02550	0.01892	0.02714	0.01563	0.02056	0.01316	0.00740	0.00822	0.00247	0.00987	0.00740	0.00411	0.01316
31	0.02932	0.02215	0.02366	0.01866	0.02490	0.02471	0.01524	0.50772	0.16353	0.04872	0.02281	0.02223	0.01645	0.01024	0.00834	0.00256	0.00861	0.00787	0.00834	0.01393
32	0.03049	0.03856	0.02407	0.02295	0.05862	0.64048	0.01654	0.03277	0.02330	0.02069	0.01299	0.01527	0.01083	0.00850	0.00753	0.00216	0.01471	0.00546	0.00427	0.00982
33	0.01697	0.08064	0.63006	0.02315	0.03513	0.02006	0.02977	0.02623	0.01750	0.02593	0.01472	0.01730	0.01053	0.00785	0.00775	0.00258	0.01209	0.00604	0.00351	0.01219
34	0.02771	0.06700	0.02701	0.02683	0.15557	0.37201	0.01800	0.11728	0.02385	0.02635	0.01427	0.01696	0.01172	0.00881	0.00884	0.00233	0.05350	0.00615	0.00476	0.01104
35	0.02035	0.02268	0.03379	0.02644	0.03076	0.13098	0.26840	0.02447	0.01744	0.02272	0.01469	0.02069	0.01246	0.01471	0.07490	0.00391	0.23851	0.00814	0.00405	0.00990
36	0.05131	0.13855	0.51693	0.02134	0.03229	0.02094	0.02651	0.02664	0.01757	0.05385	0.01506	0.01722	0.01092	0.00788	0.00742	0.00250	0.01129	0.00592	0.00389	0.01198
37	0.01208	0.00805	0.00906	0.00906	0.00906	0.00805	0.00503	0.01208	0.01208	0.01611	0.02618	0.05436	0.03020	0.70804	0.04228	0.00805	0.00805	0.01208	0.00503	0.00503
38	0.01003	0.00758	0.00928	0.01063	0.01180	0.00683	0.00730	0.01167	0.01680	0.02157	0.05716	0.51801	0.23222	0.02455	0.01037	0.00321	0.00464	0.02181	0.00771	0.00683
39	0.02300	0.02437	0.03135	0.04409	0.50922	0.17244	0.02329	0.02729	0.01999	0.02555	0.01498	0.01926	0.01259	0.00767	0.00805	0.00239	0.01106	0.00692	0.00415	0.01234
40	0.03030	0.02606	0.02399	0.01935	0.02530	0.15936	0.01556	0.44306	0.10015	0.04386	0.01996	0.02010	0.01462	0.00982	0.00816	0.00245	0.01007	0.00724	0.00749	0.01309
41	0.01013	0.00804	0.00910	0.00966	0.01162	0.00702	0.00693	0.01222	0.01845	0.02322	0.13348	0.27964	0.39676	0.02221	0.01007	0.00297	0.00437	0.01923	0.00787	0.00702
42	0.02558	0.03127	0.03420	0.02706	0.03281	0.36747	0.26880	0.02971	0.02130	0.02291	0.01437	0.01824	0.01150	0.00825	0.00956	0.00250	0.05269	0.00730	0.00421	0.01025
43	0.01437	0.01381	0.01330	0.01513	0.05076	0.12549	0.01001	0.01622	0.01782	0.02155	0.04321	0.46228	0.12191	0.02125	0.00982	0.00303	0.00682	0.01869	0.00690	0.00765
44	0.01032	0.00789	0.00900	0.00975	0.01118	0.00708	0.00664	0.01181	0.01661	0.02090	0.05950	0.31819	0.31570	0.13803	0.01556	0.00391	0.00509	0.01899	0.00726	0.00658
45	0.01523	0.03375	0.47714	0.02076	0.03061	0.01653	0.05863	0.02297	0.01798	0.02542	0.03116	0.03236	0.16039	0.01091	0.00845	0.00268	0.01049	0.00900	0.00453	0.01099
46	0.08951	0.02896	0.19858	0.02727	0.10551	0.09215	0.16254	0.14028	0.02258	0.03172	0.01586	0.01884	0.01188	0.00808	0.00817	0.00257	0.01158	0.00716	0.00488	0.01190
47	0.02272	0.02928	0.17978	0.03376	0.25562	0.13182	0.09155	0.10345	0.02201	0.02892	0.01567	0.01904	0.01219	0.00799	0.00821	0.00249	0.01167	0.00704	0.00454	0.01226
48	0.16754	0.02060	0.16496	0.01479	0.01975	0.05142	0.01389	0.05547	0.01766	0.05252	0.06024	0.12745	0.02546	0.15603	0.01498	0.00381	0.00841	0.01024	0.00569	0.00908
49	0.08936	0.22831	0.02533	0.01541	0.02019	0.20410	0.01277	0.05059	0.05847	0.02681	0.16287	0.02649	0.02734	0.01024	0.00727	0.00224	0.00908	0.00759	0.00569	0.00986
50	0.02057	0.01952	0.03197	0.04700	0.58191	0.01985	0.02405	0.02768	0.09179	0.02803	0.01776	0.02178	0.01459	0.00785	0.00825	0.00251	0.00948	0.00764	0.00462	0.01316
51	0.24221	0.01865	0.02733	0.03909	0.46606	0.01941	0.02059	0.02518	0.01750	0.03015	0.01442	0.01846	0.01192	0.00749	0.00731	0.00250	0.00885	0.00654	0.00442	0.01192
52	0.05993	0.03604	0.48096	0.02933	0.17944	0.01936	0.02826	0.02601	0.01767	0.02712	0.01489	0.01802	0.01105	0.00777	0.00781	0.00259	0.01139	0.00634	0.00374	0.01230
53	0.02794	0.03444	0.02400	0.02150	0.02475	0.51850	0.01656	0.03000	0.02094	0.02025	0.01238	0.01575	0.01075	0.01000	0.01225	0.00250	0.17806	0.00581	0.00413	0.00950
54	0.02019	0.32736	0.12877	0.02711	0.22369	0.02477	0.01978	0.02544	0.04117	0.02433	0.05265	0.01982	0.01605	0.00806	0.00701	0.00221	0.00931	0.00645	0.00424	0.01161
55	0.01624	0.01497	0.07542	0.02134	0.16545	0.01229	0.01425	0.02112	0.04534	0.08078	0.21766	0.08159	0.17095	0.01448	0.00913	0.00267	0.00653	0.01265	0.00715	0.00998
56	0.09287	0.02619	0.02373	0.02595	0.17073	0.26166	0.01679	0.05941	0.14999	0.06439	0.01916	0.02043	0.01486	0.00893	0.00773	0.00244	0.01058	0.00685	0.00570	0.01158
57	0.19954	0.32832	0.16850	0.01737	0.05867	0.02460	0.01687	0.02468	0.01679	0.02634	0.04233	0.01696	0.01353	0.00790	0.00621	0.00223	0.00885	0.00548	0.00422	0.01062
58	0.17556	0.32291	0.19794	0.01719	0.02528	0.02476	0.05173	0.02598	0.01696	0.05529	0.01371	0.01566	0.01085	0.00758	0.00635	0.00226	0.00946	0.00538	0.00422	0.01093
59	0.02482	0.02225	0.01979	0.01729	0.02150	0.24806	0.04694	0.06078	0.02188	0.14618	0.02928	0.18571	0.06009	0.01365	0.00865	0.00257	0.00966	0.01132	0.00669	0.04289
60	0.22501	0.02249	0.01955	0.01837	0.05715	0.18314	0.01392	0.14330	0.02317	0.09308	0.02022	0.02798	0.01710	0.01069	0.00769	0.00261	0.00952	0.08802	0.00631	0.01068
61	0.19894	0.14361	0.15968	0.02163	0.08144	0.02306	0.05285	0.02408	0.01572	0.02639	0.01276	0.01653	0.01062	0.00917	0.01144	0.00270	0.16883	0.00603	0.00403	0.01048
62	0.02407	0.09707	0.15525	0.02212	0.07821	0.31216	0.01858	0.06156	0.02191	0.02471	0.05448	0.02268	0.05352	0.00950	0.00775	0.00232	0.01183	0.00700	0.00475	0.01055
63	0.02100	0.02264	0.12894	0.01731	0.04921	0.14273	0.01478	0.02604	0.05548	0.12122	0.09484	0.03765	0.14070	0.05120	0.01035	0.00281	0.00880	0.00985	0.00647	0.03798
64	0.15160	0.02209	0.01802	0.01524	0.02036	0.22704	0.01190	0.02849	0.02080	0.14727	0.09974	0.02378	0.02137	0.00938	0.00730	0.00218	0.00894	0.00695	0.00631	0.15124
65	0.02796	0.02861	0.02346	0.02194	0.07681	0.31260	0.01591	0.22828	0.05422	0.03215	0.01971	0.02137	0.03880	0.01261	0.04601	0.00298	0.01224	0.00709	0.00593	0.01134

[dist]
# distance from previous block
# <min> <max>
3	26

[block]
# block no. 2 follows, 22 sequences, length 109
# corresponding to MSA columns:
# 148-256
name=unknown_C
#
# <colnr> <probs for GDERKNQSTAVLIFYWHMCP>
#	G	D	E	R	K	N	Q	S	T	A	V	L	I	F	Y	W	H	M	C	P
0	0.06818	0.02002	0.05509	0.04132	0.02250	0.11378	0.01358	0.06163	0.15518	0.20679	0.08786	0.02967	0.02455	0.05078	0.01013	0.00289	0.00839	0.00859	0.00756	0.01152
1	0.02330	0.07285	0.24565	0.02305	0.03012	0.29073	0.07535	0.02842	0.01965	0.02285	0.01363	0.01676	0.01083	0.00875	0.00980	0.00250	0.08504	0.00617	0.00390	0.01067
2	0.04801	0.05955	0.08698	0.01639	0.02138	0.07327	0.01438	0.09815	0.20574	0.03262	0.15470	0.03794	0.03298	0.01251	0.00857	0.00269	0.00787	0.06811	0.00722	0.01093
3	0.14869	0.02766	0.01975	0.01745	0.02196	0.33870	0.01346	0.11850	0.05913	0.03009	0.08157	0.02378	0.04523	0.01014	0.00761	0.00238	0.01068	0.00723	0.00589	0.01011
4	0.02644	0.02873	0.02649	0.04951	0.02864	0.33526	0.11549	0.06188	0.08782	0.06157	0.01746	0.01941	0.01346	0.00851	0.00796	0.00230	0.01216	0.00683	0.00529	0.08478
5	0.32351	0.20206	0.07491	0.01515	0.02126	0.15649	0.01369	0.02739	0.01759	0.06379	0.01329	0.01492	0.01055	0.00789	0.00607	0.00228	0.00931	0.00501	0.00472	0.01011
6	0.19941	0.05818	0.05507	0.01615	0.02093	0.25768	0.01336	0.02762	0.08137	0.02663	0.02613	0.02959	0.10086	0.01103	0.00749	0.00251	0.00979	0.04117	0.00548	0.00956
7	0.01641	0.01598	0.01421	0.01350	0.01639	0.14643	0.01014	0.02120	0.08100	0.02667	0.22671	0.14823	0.13483	0.01634	0.00920	0.00266	0.00691	0.03813	0.00737	0.04768
8	0.10442	0.03632	0.02249	0.02023	0.02473	0.57248	0.01533	0.06605	0.02348	0.02384	0.01312	0.01511	0.01073	0.00856	0.00730	0.00220	0.01380	0.00539	0.00459	0.00982
9	0.03021	0.03693	0.02322	0.02091	0.02535	0.58623	0.01580	0.06580	0.07525	0.02323	0.01495	0.01657	0.01209	0.00886	0.00761	0.00221	0.01398	0.00580	0.00484	0.01016
10	0.08650	0.07156	0.27577	0.01935	0.02693	0.18548	0.01995	0.02850	0.06701	0.05207	0.02059	0.04863	0.04378	0.00971	0.00767	0.00250	0.01093	0.00729	0.00488	0.01090
11	0.02524	0.01617	0.02111	0.01720	0.02245	0.01653	0.06695	0.12736	0.18771	0.21401	0.12323	0.03601	0.03036	0.01194	0.00890	0.00272	0.00744	0.04376	0.00863	0.01230
12	0.03030	0.03664	0.02332	0.02067	0.02535	0.57557	0.01567	0.08890	0.02465	0.02375	0.01362	0.01558	0.01112	0.00856	0.00749	0.00212	0.01393	0.00553	0.00470	0.05253
13	0.21110	0.13599	0.17738	0.02234	0.03039	0.05239	0.20730	0.02601	0.01749	0.02786	0.01401	0.01723	0.01081	0.00748	0.00736	0.00251	0.01091	0.00655	0.00419	0.01072
14	0.02662	0.02909	0.02099	0.01891	0.02330	0.37878	0.01440	0.03633	0.23826	0.05587	0.05728	0.02383	0.02009	0.01006	0.00800	0.00242	0.01106	0.00744	0.00629	0.01096
15	0.03059	0.07637	0.02483	0.02076	0.02544	0.57151	0.01592	0.09374	0.02475	0.02357	0.01350	0.01540	0.01105	0.00862	0.00745	0.00216	0.01403	0.00552	0.00465	0.01015
16	0.01675	0.01790	0.03512	0.05691	0.03404	0.01656	0.39285	0.02218	0.01911	0.02533	0.03369	0.03664	0.17540	0.01057	0.00946	0.00268	0.01077	0.01128	0.00513	0.06761
17	0.01792	0.01525	0.01931	0.21355	0.03038	0.01757	0.01509	0.06501	0.29044	0.03147	0.15935	0.03438	0.03182	0.01154	0.00869	0.00274	0.00748	0.00989	0.00719	0.01092
18	0.03023	0.03580	0.02382	0.05952	0.02751	0.54309	0.01642	0.11850	0.02538	0.02501	0.01398	0.01611	0.01122	0.00875	0.00766	0.00223	0.01391	0.00578	0.00483	0.01026
19	0.02007	0.02124	0.04482	0.07033	0.04210	0.02000	0.53519	0.02666	0.01951	0.05503	0.01732	0.02242	0.01286	0.00719	0.00948	0.00272	0.01316	0.00937	0.00448	0.04604
20	0.01569	0.01477	0.02492	0.68808	0.05722	0.01846	0.02307	0.02123	0.01661	0.02123	0.01477	0.02215	0.01107	0.00831	0.00831	0.00277	0.01107	0.00738	0.00369	0.00923
21	0.01882	0.01590	0.01666	0.01493	0.01931	0.01762	0.01163	0.08522	0.43212	0.03310	0.04545	0.04252	0.18406	0.01365	0.00879	0.00279	0.00619	0.01130	0.00825	0.01167
22	0.02050	0.01444	0.02280	0.01834	0.02235	0.01472	0.13322	0.02381	0.01899	0.18587	0.06520	0.10524	0.15345	0.01457	0.01293	0.00296	0.14146	0.01216	0.00694	0.01007
23	0.01147	0.00780	0.00924	0.00984	0.00999	0.00765	0.00587	0.01192	0.01327	0.01770	0.03228	0.25631	0.03791	0.49558	0.03241	0.00660	0.00705	0.01567	0.00587	0.00557
24	0.03103	0.03959	0.02354	0.02140	0.02568	0.67469	0.01605	0.03317	0.02354	0.02033	0.01284	0.01498	0.01070	0.00856	0.00749	0.00214	0.01498	0.00535	0.00428	0.00963
25	0.03103	0.03959	0.02354	0.02140	0.02568	0.67469	0.01605	0.03317	0.02354	0.02033	0.01284	0.01498	0.01070	0.00856	0.00749	0.00214	0.01498	0.00535	0.00428	0.00963
26	0.01187	0.00890	0.01335	0.01335	0.01483	0.01038	0.01038	0.01483	0.01335	0.01928	0.02225	0.03264	0.02077	0.06231	0.67512	0.01335	0.02225	0.00890	0.00445	0.00742
27	0.01009	0.00843	0.00879	0.00870	0.01139	0.00713	0.00653	0.01245	0.01958	0.02397	0.16391	0.07744	0.57214	0.02047	0.00982	0.00278	0.00417	0.01718	0.00792	0.00713
28	0.01323	0.00945	0.01321	0.01513	0.01697	0.00943	0.01312	0.01695	0.01897	0.02469	0.04407	0.12212	0.04814	0.02309	0.01143	0.00380	0.00752	0.57340	0.00765	0.00761
29	0.02296	0.33998	0.22204	0.01825	0.02677	0.02706	0.01947	0.17888	0.02272	0.02989	0.01468	0.01625	0.01150	0.00807	0.00684	0.00221	0.00995	0.00572	0.00475	0.01202
30	0.01010	0.00776	0.00925	0.01030	0.01175	0.00691	0.00718	0.01194	0.01750	0.02237	0.09508	0.42773	0.28512	0.02360	0.01026	0.00311	0.00453	0.02080	0.00779	0.00691
31	0.01447	0.08852	0.11325	0.01578	0.01987	0.01323	0.01538	0.01887	0.01863	0.02429	0.04005	0.07258	0.09587	0.01885	0.01014	0.00333	0.00814	0.39355	0.00661	0.00860
32	0.01666	0.04297	0.66500	0.02368	0.03596	0.01929	0.03069	0.02631	0.01754	0.02631	0.01491	0.01754	0.01052	0.00789	0.00789	0.00263	0.01228	0.00614	0.00351	0.01228
33	0.01569	0.01477	0.02492	0.68808	0.05722	0.01846	0.02307	0.02123	0.01661	0.02123	0.01477	0.02215	0.01107	0.00831	0.00831	0.00277	0.01107	0.00738	0.00369	0.00923
34	0.02086	0.01505	0.01687	0.01424	0.01747	0.01640	0.01069	0.29091	0.02446	0.03295	0.02278	0.03558	0.02154	0.29647	0.12130	0.00633	0.01066	0.00953	0.00643	0.00950
35	0.01818	0.01818	0.02545	0.02181	0.02181	0.02545	0.01818	0.01999	0.01272	0.01999	0.01091	0.01818	0.01091	0.01454	0.02726	0.00364	0.69284	0.00727	0.00364	0.00909
36	0.01338	0.00887	0.01088	0.01139	0.01369	0.00798	0.00877	0.01576	0.01857	0.08635	0.05948	0.26065	0.28941	0.02183	0.01024	0.00316	0.00538	0.13848	0.00796	0.00778
37	0.01208	0.00805	0.00906	0.00906	0.00906	0.00805	0.00503	0.01208	0.01208	0.01611	0.02618	0.05436	0.03020	0.70804	0.04228	0.00805	0.00805	0.01208	0.00503	0.00503
38	0.01038	0.00742	0.00992	0.01173	0.01236	0.00696	0.00804	0.01208	0.01644	0.02198	0.07391	0.63827	0.05563	0.02543	0.01062	0.00336	0.00494	0.05591	0.00777	0.00685
39	0.01012	0.00723	0.00964	0.01157	0.01205	0.00675	0.00771	0.01157	0.01591	0.02121	0.04579	0.70262	0.05495	0.02603	0.01060	0.00337	0.00482	0.02362	0.00771	0.00675
40	0.01003	0.00758	0.00928	0.01064	0.01181	0.00683	0.00730	0.01167	0.01680	0.02157	0.05710	0.51903	0.23124	0.02456	0.01037	0.00321	0.00464	0.02182	0.00771	0.00683
41	0.02056	0.01974	0.03372	0.05099	0.65622	0.01974	0.02550	0.02550	0.01892	0.02714	0.01563	0.02056	0.01316	0.00740	0.00822	0.00247	0.00987	0.00740	0.00411	0.01316
42	0.00998	0.00847	0.00865	0.00874	0.01150	0.00713	0.00664	0.01217	0.01894	0.02255	0.08229	0.08059	0.62468	0.02113	0.00990	0.00285	0.00437	0.04467	0.00771	0.00704
43	0.01053	0.00740	0.00952	0.01105	0.01143	0.00702	0.00716	0.01167	0.01512	0.02016	0.04175	0.56906	0.04985	0.16654	0.01713	0.00434	0.00549	0.02124	0.00716	0.00639
44	0.01208	0.00805	0.00906	0.00906	0.00906	0.00805	0.00503	0.01208	0.01208	0.01611	0.02618	0.05436	0.03020	0.70804	0.04228	0.00805	0.00805	0.01208	0.00503	0.00503
45	0.01126	0.00847	0.01042	0.00993	0.01211	0.00763	0.00745	0.01472	0.02235	0.03055	0.50741	0.06661	0.22454	0.01802	0.00980	0.00266	0.00399	0.01566	0.00878	0.00763
46	0.01012	0.00723	0.00964	0.01157	0.01205	0.00675	0.00771	0.01157	0.01591	0.02121	0.04579	0.70262	0.05495	0.02603	0.01060	0.00337	0.00482	0.02362	0.00771	0.00675
47	0.01208	0.00805	0.00906	0.00906	0.00906	0.00805	0.00503	0.01208	0.01208	0.01611	0.02618	0.05436	0.03020	0.70804	0.04228	0.00805	0.00805	0.01208	0.00503	0.00503
48	0.01012	0.00723	0.00964	0.01157	0.01205	0.00675	0.00771	0.01157	0.01591	0.02121	0.04579	0.70262	0.05495	0.02603	0.01060	0.00337	0.00482	0.02362	0.00771	0.00675
49	0.01208	0.00805	0.00906	0.00906	0.00906	0.00805	0.00503	0.01208	0.01208	0.01611	0.02618	0.05436	0.03020	0.70804	0.04228	0.00805	0.00805	0.01208	0.00503	0.00503
50	0.01666	0.04297	0.66500	0.02368	0.03596	0.01929	0.03069	0.02631	0.01754	0.02631	0.01491	0.01754	0.01052	0.00789	0.00789	0.00263	0.01228	0.00614	0.00351	0.01228
51	0.03202	0.01297	0.01759	0.01389	0.01939	0.01131	0.01131	0.03537	0.02372	0.53245	0.16032	0.03524	0.03248	0.01166	0.00865	0.00258	0.00642	0.00973	0.01005	0.01284
52	0.02754	0.02969	0.02473	0.15373	0.06827	0.35387	0.01792	0.17161	0.02559	0.02850	0.01507	0.01789	0.01173	0.00878	0.00789	0.00237	0.01253	0.00637	0.00511	0.01082
53	0.01982	0.01486	0.01710	0.01372	0.01891	0.01395	0.01083	0.18826	0.02445	0.05666	0.12553	0.11488	0.05890	0.01229	0.00814	0.00219	0.00640	0.01031	0.00721	0.27559
54	0.01932	0.01847	0.03148	0.21308	0.50382	0.01941	0.02488	0.02441	0.01833	0.02564	0.01541	0.02096	0.01263	0.00763	0.00825	0.00254	0.01018	0.00740	0.00401	0.01216
55	0.01241	0.00887	0.01223	0.01392	0.01547	0.00869	0.01145	0.01564	0.01870	0.02468	0.09843	0.24582	0.05234	0.02320	0.01110	0.00360	0.00660	0.40160	0.00780	0.00744
56	0.01187	0.00890	0.01335	0.01335	0.01483	0.01038	0.01038	0.01483	0.01335	0.01928	0.02225	0.03264	0.02077	0.06231	0.67512	0.01335	0.02225	0.00890	0.00445	0.00742
57	0.01197	0.00801	0.00909	0.00921	0.00923	0.00798	0.00519	0.01205	0.01230	0.01640	0.02731	0.09175	0.03163	0.66871	0.04046	0.00778	0.00787	0.01275	0.00519	0.00513
58	0.00982	0.00842	0.00842	0.00842	0.01122	0.00701	0.00631	0.01192	0.01894	0.02244	0.08416	0.07995	0.65285	0.02104	0.00982	0.00281	0.00421	0.01753	0.00771	0.00701
59	0.01825	0.00993	0.01318	0.01155	0.01465	0.00895	0.00895	0.02199	0.02358	0.19326	0.49434	0.05346	0.06367	0.01528	0.00943	0.00260	0.00472	0.01333	0.00943	0.00944
60	0.02559	0.01926	0.02047	0.01630	0.02189	0.02078	0.01327	0.44718	0.05915	0.04401	0.03686	0.03567	0.17710	0.01284	0.00870	0.00259	0.00778	0.01012	0.00816	0.01228
61	0.72727	0.01567	0.01215	0.01090	0.01587	0.01807	0.00894	0.02396	0.01463	0.03707	0.04503	0.01603	0.01262	0.00820	0.00538	0.00257	0.00630	0.00505	0.00535	0.00894
62	0.01161	0.00859	0.01110	0.01264	0.01399	0.00833	0.00953	0.01497	0.04983	0.02311	0.04835	0.42768	0.10920	0.02386	0.01067	0.00342	0.00569	0.19232	0.00773	0.00737
63	0.01208	0.00805	0.00906	0.00906	0.00906	0.00805	0.00503	0.01208	0.01208	0.01611	0.02618	0.05436	0.03020	0.70804	0.04228	0.00805	0.00805	0.01208	0.00503	0.00503
64	0.00982	0.00842	0.00842	0.00842	0.01122	0.00701	0.00631	0.01192	0.01894	0.02244	0.08416	0.07995	0.65285	0.02104	0.00982	0.00281	0.00421	0.01753	0.00771	0.00701
65	0.01012	0.00723	0.00964	0.01157	0.01205	0.00675	0.00771	0.01157	0.01591	0.02121	0.04579	0.70262	0.05495	0.02603	0.01060	0.00337	0.00482	0.02362	0.00771	0.00675
66	0.01187	0.00890	0.01335	0.01335	0.01483	0.01038	0.01038	0.01483	0.01335	0.01928	0.02225	0.03264	0.02077	0.06231	0.67512	0.01335	0.02225	0.00890	0.00445	0.00742
67	0.02678	0.03265	0.02079	0.01899	0.02310	0.50626	0.01429	0.03116	0.08790	0.02216	0.02568	0.02635	0.10799	0.01071	0.00794	0.00231	0.01249	0.00759	0.00523	0.00961
68	0.01569	0.01477	0.02492	0.68808	0.05722	0.01846	0.02307	0.02123	0.01661	0.02123	0.01477	0.02215	0.01107	0.00831	0.00831	0.00277	0.01107	0.00738	0.00369	0.00923
69	0.76672	0.01607	0.01221	0.01092	0.01607	0.01864	0.00900	0.02442	0.01414	0.03727	0.01157	0.01350	0.00900	0.00771	0.00514	0.00257	0.00643	0.00450	0.00514	0.00900
70	0.01208	0.00805	0.00906	0.00906	0.00906	0.00805	0.00503	0.01208	0.01208	0.01611	0.02618	0.05436	0.03020	0.70804	0.04228	0.00805	0.00805	0.01208	0.00503	0.00503
71	0.01208	0.00805	0.00906	0.00906	0.00906	0.00805	0.00503	0.01208	0.01208	0.01611	0.02618	0.05436	0.03020	0.70804	0.04228	0.00805	0.00805	0.01208	0.00503	0.00503
72	0.02221	0.71304	0.04353	0.01421	0.02132	0.03287	0.01421	0.02488	0.01688	0.01955	0.01155	0.01333	0.01066	0.00711	0.00533	0.00178	0.00888	0.00444	0.00355	0.01066
73	0.01257	0.00825	0.01068	0.01153	0.01256	0.00787	0.00813	0.01438	0.01670	0.05242	0.10965	0.34721	0.04887	0.19103	0.01830	0.00446	0.00604	0.10506	0.00733	0.00694
74	0.01019	0.00770	0.00942	0.01053	0.01184	0.00693	0.00731	0.01207	0.01754	0.02274	0.11579	0.45699	0.23351	0.02368	0.01029	0.00313	0.00455	0.02099	0.00785	0.00693
75	0.01269	0.01082	0.01121	0.01069	0.01393	0.01053	0.00814	0.02033	0.17752	0.02619	0.10376	0.06647	0.46040	0.01832	0.00947	0.00280	0.00479	0.01532	0.00798	0.00862
76	0.03125	0.03298	0.02410	0.02048	0.02571	0.41185	0.01595	0.27431	0.02983	0.03330	0.01572	0.01699	0.01209	0.00913	0.00782	0.00228	0.01262	0.00621	0.00591	0.01145
77	0.03103	0.03959	0.02354	0.02140	0.02568	0.67469	0.01605	0.03317	0.02354	0.02033	0.01284	0.01498	0.01070	0.00856	0.00749	0.00214	0.01498	0.00535	0.00428	0.00963
78	0.01168	0.00788	0.00918	0.00958	0.00968	0.00778	0.00559	0.01198	0.01287	0.01716	0.03022	0.18793	0.03530	0.56753	0.03576	0.00709	0.00739	0.01446	0.00559	0.00539
79	0.03117	0.03540	0.02390	0.02081	0.02570	0.50815	0.01598	0.18596	0.02752	0.02855	0.01466	0.01626	0.01158	0.00892	0.00770	0.00223	0.01348	0.00590	0.00531	0.01078
80	0.01198	0.00801	0.00909	0.00919	0.00922	0.00798	0.00518	0.01205	0.01228	0.01638	0.02722	0.08891	0.03152	0.67170	0.04060	0.00780	0.00788	0.01270	0.00518	0.00513
81	0.01261	0.00912	0.01229	0.01319	0.01517	0.00881	0.01102	0.01637	0.02067	0.02773	0.26213	0.08169	0.09297	0.02072	0.01079	0.00334	0.00613	0.35941	0.00818	0.00768
82	0.03158	0.02327	0.02493	0.01911	0.02576	0.02576	0.01579	0.62852	0.03906	0.05236	0.01995	0.01995	0.01413	0.00997	0.00831	0.00249	0.00914	0.00748	0.00831	0.01413
83	0.21856	0.02305	0.02156	0.01726	0.02329	0.08817	0.01409	0.41591	0.03118	0.04535	0.01711	0.01781	0.01248	0.00926	0.00742	0.00248	0.00903	0.00651	0.00711	0.01238
84	0.03103	0.03959	0.02354	0.02140	0.02568	0.67469	0.01605	0.03317	0.02354	0.02033	0.01284	0.01498	0.01070	0.00856	0.00749	0.00214	0.01498	0.00535	0.00428	0.00963
85	0.01812	0.21902	0.50172	0.02119	0.03211	0.02286	0.02636	0.02593	0.01737	0.02453	0.01403	0.01643	0.01056	0.00769	0.00722	0.00241	0.01139	0.00569	0.00352	0.01185
86	0.03061	0.02279	0.02439	0.01892	0.02539	0.02531	0.01556	0.57662	0.09254	0.05079	0.02118	0.02093	0.01513	0.01009	0.00832	0.00252	0.00891	0.00765	0.00832	0.01404
87	0.00982	0.00842	0.00842	0.00842	0.01122	0.00701	0.00631	0.01192	0.01894	0.02244	0.08416	0.07995	0.65285	0.02104	0.00982	0.00281	0.00421	0.01753	0.00771	0.00701
88	0.01666	0.04297	0.66500	0.02368	0.03596	0.01929	0.03069	0.02631	0.01754	0.02631	0.01491	0.01754	0.01052	0.00789	0.00789	0.00263	0.01228	0.00614	0.00351	0.01228
89	0.01961	0.02241	0.04902	0.03501	0.04342	0.02101	0.62605	0.02661	0.01961	0.02661	0.01681	0.02241	0.01261	0.00700	0.00980	0.00280	0.01401	0.00980	0.00420	0.01120
90	0.01159	0.00848	0.01087	0.01027	0.01231	0.00777	0.00770	0.01534	0.02311	0.03235	0.60142	0.06364	0.12941	0.01734	0.00980	0.00263	0.00394	0.01525	0.00902	0.00777
91	0.01012	0.00723	0.00964	0.01157	0.01205	0.00675	0.00771	0.01157	0.01591	0.02121	0.04579	0.70262	0.05495	0.02603	0.01060	0.00337	0.00482	0.02362	0.00771	0.00675
92	0.01569	0.01477	0.02492	0.68808	0.05722	0.01846	0.02307	0.02123	0.01661	0.02123	0.01477	0.02215	0.01107	0.00831	0.00831	0.00277	0.01107	0.00738	0.00369	0.00923
93	0.01569	0.01477	0.02492	0.68808	0.05722	0.01846	0.02307	0.02123	0.01661	0.02123	0.01477	0.02215	0.01107	0.00831	0.00831	0.00277	0.01107	0.00738	0.00369	0.00923
94	0.01283	0.00938	0.01261	0.01422	0.01627	0.00916	0.01228	0.01638	0.01909	0.02448	0.05028	0.09155	0.14269	0.02265	0.01121	0.00366	0.00711	0.50892	0.00766	0.00755
95	0.02457	0.02118	0.02479	0.31209	0.03952	0.08727	0.01900	0.30339	0.02769	0.03554	0.01697	0.02041	0.01245	0.00910	0.00823	0.00258	0.01057	0.00722	0.00589	0.01154
96	0.01666	0.04297	0.66500	0.02368	0.03596	0.01929	0.03069	0.02631	0.01754	0.02631	0.01491	0.01754	0.01052	0.00789	0.00789	0.00263	0.01228	0.00614	0.00351	0.01228
97	0.03158	0.02327	0.02493	0.01911	0.02576	0.02576	0.01579	0.62852	0.03906	0.05236	0.01995	0.01995	0.01413	0.00997	0.00831	0.00249	0.00914	0.00748	0.00831	0.01413
98	0.01650	0.01635	0.02990	0.55304	0.05436	0.01898	0.14776	0.02234	0.01723	0.02234	0.01519	0.02220	0.01139	0.00804	0.00862	0.00278	0.01168	0.00788	0.00380	0.00964
99	0.03103	0.03959	0.02354	0.02140	0.02568	0.67469	0.01605	0.03317	0.02354	0.02033	0.01284	0.01498	0.01070	0.00856	0.00749	0.00214	0.01498	0.00535	0.00428	0.00963
100	0.01096	0.00783	0.01060	0.01252	0.01337	0.00747	0.00917	0.01301	0.01673	0.02214	0.04533	0.54659	0.05312	0.02524	0.01083	0.00349	0.00554	0.17139	0.00770	0.00698
101	0.03103	0.03959	0.02354	0.02140	0.02568	0.67469	0.01605	0.03317	0.02354	0.02033	0.01284	0.01498	0.01070	0.00856	0.00749	0.00214	0.01498	0.00535	0.00428	0.00963
102	0.02989	0.03788	0.02608	0.02276	0.02745	0.60951	0.07688	0.03252	0.02315	0.02096	0.01324	0.01572	0.01089	0.00841	0.00772	0.00221	0.01488	0.00579	0.00427	0.00979
103	0.09602	0.01814	0.02276	0.11850	0.02877	0.04734	0.07950	0.20950	0.04807	0.03430	0.02589	0.03847	0.04470	0.01243	0.00887	0.00287	0.00932	0.13734	0.00654	0.01066
104	0.01352	0.02100	0.23539	0.01564	0.02128	0.01267	0.01610	0.02029	0.07980	0.02484	0.04397	0.20214	0.19343	0.01684	0.00930	0.00294	0.00756	0.04753	0.00634	0.00941
105	0.02324	0.05236	0.05625	0.01633	0.02103	0.21007	0.01345	0.14551	0.02504	0.06585	0.12862	0.06378	0.11853	0.01277	0.00848	0.00247	0.00918	0.01007	0.00678	0.01019
106	0.06081	0.03120	0.15117	0.01914	0.02449	0.32119	0.01695	0.07193	0.02144	0.02501	0.02052	0.15748	0.01995	0.01209	0.00816	0.00254	0.01146	0.00939	0.00518	0.00989
107	0.06277	0.03248	0.28097	0.02445	0.03273	0.15393	0.17610	0.02667	0.01874	0.02516	0.01543	0.01936	0.01191	0.01263	0.06740	0.00352	0.01383	0.00706	0.00402	0.01084
108	0.02508	0.03537	0.15705	0.02247	0.02770	0.38548	0.04266	0.02888	0.02000	0.02173	0.01303	0.01643	0.01078	0.00956	0.01160	0.00256	0.14944	0.00606	0.00399	0.01013

[dist]
# distance from previous block
# <min> <max>
46	125

[block]
# block no. 3 follows, 22 sequences, length 9
# corresponding to MSA columns:
# 394-402
name=unknown_D
#
# <colnr> <probs for GDERKNQSTAVLIFYWHMCP>
#	G	D	E	R	K	N	Q	S	T	A	V	L	I	F	Y	W	H	M	C	P
0	0.01982	0.01452	0.01818	0.10745	0.04994	0.01579	0.01397	0.03175	0.27927	0.11602	0.03639	0.08689	0.07653	0.01378	0.00903	0.00292	0.00721	0.08169	0.00768	0.01117
1	0.12847	0.03688	0.11048	0.02030	0.02580	0.49565	0.01712	0.03104	0.02144	0.02345	0.01295	0.01513	0.01045	0.00835	0.00723	0.00227	0.01345	0.00534	0.00429	0.00991
2	0.02175	0.02456	0.07045	0.03070	0.26542	0.18302	0.01913	0.02913	0.11986	0.02742	0.10375	0.02621	0.02311	0.00964	0.00827	0.00247	0.01000	0.00814	0.00548	0.01149
3	0.08728	0.02205	0.15267	0.10892	0.02958	0.01873	0.06065	0.10049	0.17377	0.03127	0.02605	0.07906	0.05177	0.01107	0.00834	0.00275	0.00891	0.00936	0.00608	0.01122
4	0.02363	0.03231	0.15499	0.02745	0.14438	0.29135	0.02118	0.02773	0.01932	0.02274	0.01339	0.01717	0.01116	0.00940	0.01165	0.00260	0.14861	0.00627	0.00396	0.01071
5	0.01439	0.02342	0.25431	0.01728	0.02342	0.04735	0.05480	0.01969	0.01873	0.02527	0.12137	0.17164	0.14439	0.01511	0.00914	0.00279	0.00844	0.01308	0.00596	0.00941
6	0.01189	0.00806	0.01006	0.01065	0.01191	0.00744	0.00729	0.01371	0.01742	0.05072	0.15797	0.36282	0.13609	0.13606	0.01550	0.00390	0.00521	0.01863	0.00764	0.00702
7	0.02324	0.02558	0.15083	0.02372	0.12690	0.10859	0.01864	0.16722	0.02380	0.07062	0.02108	0.10895	0.01841	0.01080	0.00825	0.00250	0.00977	0.00890	0.00592	0.06627
8	0.11130	0.06141	0.11196	0.01888	0.02555	0.15327	0.01687	0.28800	0.07177	0.03785	0.01747	0.01836	0.01300	0.00910	0.00760	0.00244	0.01024	0.00652	0.00627	0.01216

[dist]
# distance from previous block
# <min> <max>
25	90

[block]
# block no. 4 follows, 22 sequences, length 24
# corresponding to MSA columns:
# 499-522
name=unknown_E
#
# <colnr> <probs for GDERKNQSTAVLIFYWHMCP>
#	G	D	E	R	K	N	Q	S	T	A	V	L	I	F	Y	W	H	M	C	P
0	0.02071	0.10644	0.02325	0.01766	0.02101	0.18991	0.01428	0.02470	0.06167	0.02160	0.01599	0.02076	0.01416	0.02154	0.15840	0.00487	0.17135	0.00671	0.00444	0.08056
1	0.07371	0.02027	0.01844	0.15667	0.02657	0.19472	0.01372	0.05024	0.07837	0.02551	0.10562	0.03132	0.02483	0.12961	0.01389	0.00346	0.00980	0.00867	0.00558	0.00899
2	0.05414	0.05363	0.02680	0.02071	0.02608	0.19053	0.14215	0.08598	0.06466	0.10091	0.06467	0.02454	0.01929	0.01433	0.07118	0.00350	0.01203	0.00806	0.00599	0.01083
3	0.02779	0.05558	0.02429	0.08264	0.02759	0.22217	0.01602	0.31002	0.02901	0.03535	0.01713	0.01946	0.01322	0.01381	0.06588	0.00332	0.01224	0.00681	0.00610	0.01156
4	0.02177	0.01785	0.01524	0.01379	0.01767	0.18125	0.01073	0.02434	0.02144	0.16494	0.07886	0.05175	0.27467	0.01535	0.00901	0.00264	0.00787	0.05400	0.00746	0.00936
5	0.02300	0.08112	0.21486	0.02606	0.14293	0.19583	0.02139	0.03102	0.10952	0.05034	0.01767	0.01946	0.01359	0.00851	0.00776	0.00243	0.01129	0.00659	0.00481	0.01181
6	0.02317	0.02469	0.01773	0.01640	0.01962	0.34409	0.01245	0.05208	0.02051	0.02387	0.01850	0.02284	0.01554	0.02130	0.16150	0.00470	0.01393	0.00680	0.17140	0.00890
7	0.18392	0.01324	0.01404	0.01304	0.01670	0.01412	0.01035	0.07452	0.12425	0.06015	0.14653	0.10223	0.09503	0.01497	0.00862	0.00286	0.00605	0.08211	0.00768	0.00959
8	0.02051	0.10906	0.37551	0.02694	0.13854	0.13941	0.02542	0.02726	0.01879	0.02466	0.01430	0.01715	0.01102	0.00785	0.00761	0.00242	0.01200	0.00603	0.00376	0.01178
9	0.02539	0.15637	0.08393	0.02831	0.19663	0.32587	0.01951	0.02901	0.02058	0.02254	0.01354	0.01641	0.01134	0.00793	0.00733	0.00220	0.01226	0.00581	0.00404	0.01100
10	0.01798	0.12026	0.13582	0.02423	0.15643	0.04608	0.06125	0.04599	0.04947	0.02556	0.03297	0.06619	0.16016	0.01176	0.00833	0.00255	0.00893	0.01004	0.00531	0.01069
11	0.02060	0.02215	0.02977	0.09431	0.21556	0.16151	0.14626	0.02523	0.02069	0.02609	0.13031	0.02738	0.02411	0.00939	0.00869	0.00252	0.01090	0.00883	0.00504	0.01064
12	0.02056	0.01974	0.03372	0.05099	0.65622	0.01974	0.02550	0.02550	0.01892	0.02714	0.01563	0.02056	0.01316	0.00740	0.00822	0.00247	0.00987	0.00740	0.00411	0.01316
13	0.02442	0.02152	0.02633	0.19426	0.22129	0.13128	0.01998	0.09539	0.05218	0.10541	0.01840	0.02138	0.01383	0.00865	0.00816	0.00252	0.01046	0.00727	0.00547	0.01181
14	0.02247	0.02023	0.02135	0.22457	0.03198	0.13082	0.01583	0.20897	0.02378	0.02961	0.01844	0.02701	0.01598	0.15597	0.01531	0.00369	0.01051	0.00805	0.00550	0.00993
15	0.01175	0.00792	0.00916	0.00948	0.00956	0.00783	0.00548	0.01199	0.01272	0.01696	0.02946	0.16303	0.03435	0.59372	0.03697	0.00727	0.00751	0.01401	0.00548	0.00532
16	0.01585	0.01145	0.01360	0.01267	0.01474	0.01196	0.00908	0.14237	0.01914	0.02600	0.02872	0.20638	0.03078	0.25010	0.13397	0.00633	0.00982	0.01321	0.00630	0.03753
17	0.01210	0.00926	0.01066	0.01075	0.01254	0.00873	0.00734	0.01540	0.06996	0.02176	0.04489	0.27995	0.16778	0.20685	0.01846	0.00429	0.00583	0.01640	0.00682	0.07022
