[name]
unknown

[dist]
# distance from previous block
# <min> <max>
0	4

[block]
# block no. 0 follows, 22 sequences, length 14
# corresponding to MSA columns:
# 4-17
name=unknown_A
#
# <colnr> <probs for GDERKNQSTAVLIFYWHMCP>
#	G	D	E	R	K	N	Q	S	T	A	V	L	I	F	Y	W	H	M	C	P
0	0.01418	0.02050	0.23290	0.01662	0.02157	0.01249	0.01721	0.01904	0.01688	0.02322	0.02981	0.05836	0.03091	0.18441	0.01775	0.00445	0.00931	0.25618	0.00561	0.00858
1	0.01942	0.42099	0.25848	0.01745	0.02591	0.02628	0.01967	0.02456	0.01682	0.02189	0.01360	0.01638	0.01144	0.01190	0.06104	0.00302	0.01117	0.00540	0.00361	0.01096
2	0.05483	0.22585	0.33790	0.02090	0.03011	0.10973	0.06174	0.02675	0.01813	0.02417	0.01367	0.01616	0.01065	0.00770	0.00713	0.00234	0.01154	0.00573	0.00374	0.01126
3	0.01718	0.02620	0.25905	0.02250	0.03006	0.01787	0.15529	0.02820	0.16935	0.02756	0.02518	0.13842	0.02215	0.01160	0.00892	0.00284	0.01001	0.01072	0.00558	0.01131
4	0.03119	0.03494	0.02394	0.02075	0.02571	0.48955	0.01598	0.20303	0.02797	0.02947	0.01487	0.01640	0.01168	0.00896	0.00772	0.00224	0.01332	0.00596	0.00543	0.01091
5	0.01842	0.01700	0.02822	0.04114	0.49970	0.01685	0.02120	0.02311	0.02003	0.02864	0.17030	0.03065	0.02902	0.00973	0.00861	0.00250	0.00842	0.00925	0.00534	0.01187
6	0.01666	0.04297	0.66500	0.02368	0.03596	0.01929	0.03069	0.02631	0.01754	0.02631	0.01491	0.01754	0.01052	0.00789	0.00789	0.00263	0.01228	0.00614	0.00351	0.01228
7	0.01747	0.09531	0.53921	0.02428	0.03567	0.02061	0.10177	0.02623	0.01774	0.02579	0.01486	0.01779	0.01079	0.00772	0.00792	0.00258	0.01221	0.00645	0.00360	0.01201
8	0.01036	0.00844	0.00917	0.00899	0.01155	0.00724	0.00674	0.01298	0.02022	0.02549	0.24344	0.07493	0.49166	0.01990	0.00981	0.00275	0.00413	0.01683	0.00812	0.00724
9	0.01802	0.01060	0.01279	0.01133	0.01489	0.00967	0.00881	0.02274	0.07257	0.18251	0.25406	0.05750	0.25900	0.01629	0.00934	0.00269	0.00500	0.01381	0.00887	0.00952
10	0.02015	0.42868	0.23037	0.01879	0.02713	0.02762	0.05715	0.02514	0.01701	0.02205	0.01285	0.01543	0.01075	0.00776	0.00763	0.00220	0.04918	0.00545	0.00358	0.01109
11	0.22757	0.02162	0.05489	0.27694	0.03775	0.13047	0.08986	0.02503	0.01750	0.02642	0.01380	0.01833	0.01059	0.00801	0.00745	0.00260	0.01085	0.00646	0.00425	0.00961
12	0.00995	0.00792	0.00893	0.00974	0.01157	0.00690	0.00690	0.01177	0.01766	0.02192	0.06803	0.34171	0.40150	0.02314	0.01015	0.00304	0.00447	0.02009	0.00771	0.00690
13	0.01911	0.02903	0.24694	0.17648	0.14597	0.08827	0.12570	0.02582	0.01854	0.02475	0.01510	0.01961	0.01146	0.00782	0.00832	0.00261	0.01218	0.00715	0.00385	0.01130

[dist]
# distance from previous block
# <min> <max>
0	1

[block]
# block no. 1 follows, 22 sequences, length 15
# corresponding to MSA columns:
# 19-33
name=unknown_B
#
# <colnr> <probs for GDERKNQSTAVLIFYWHMCP>
#	G	D	E	R	K	N	Q	S	T	A	V	L	I	F	Y	W	H	M	C	P
0	0.19052	0.08852	0.30495	0.05135	0.02779	0.01922	0.02014	0.05542	0.01859	0.06178	0.07277	0.02117	0.01705	0.00885	0.00727	0.00254	0.00940	0.00666	0.00499	0.01101
1	0.02039	0.02022	0.03650	0.04808	0.54472	0.01997	0.13477	0.02570	0.01904	0.02704	0.01584	0.02090	0.01306	0.00733	0.00851	0.00253	0.01062	0.00784	0.00413	0.01280
2	0.11866	0.01435	0.01849	0.01435	0.02063	0.01293	0.01185	0.03869	0.02270	0.59228	0.03041	0.02663	0.01927	0.01000	0.00800	0.00257	0.00700	0.00792	0.00971	0.01356
3	0.02056	0.01974	0.03372	0.05099	0.65622	0.01974	0.02550	0.02550	0.01892	0.02714	0.01563	0.02056	0.01316	0.00740	0.00822	0.00247	0.00987	0.00740	0.00411	0.01316
4	0.02066	0.01785	0.01878	0.01691	0.02160	0.02066	0.01315	0.04414	0.64121	0.03475	0.03381	0.03099	0.02536	0.01127	0.00845	0.00282	0.00657	0.00939	0.00845	0.01315
5	0.01569	0.01477	0.02492	0.68808	0.05722	0.01846	0.02307	0.02123	0.01661	0.02123	0.01477	0.02215	0.01107	0.00831	0.00831	0.00277	0.01107	0.00738	0.00369	0.00923
6	0.02056	0.01974	0.03372	0.05099	0.65622	0.01974	0.02550	0.02550	0.01892	0.02714	0.01563	0.02056	0.01316	0.00740	0.00822	0.00247	0.00987	0.00740	0.00411	0.01316
7	0.76672	0.01607	0.01221	0.01092	0.01607	0.01864	0.00900	0.02442	0.01414	0.03727	0.01157	0.01350	0.00900	0.00771	0.00514	0.00257	0.00643	0.00450	0.00514	0.00900
8	0.02635	0.03165	0.02705	0.02438	0.06087	0.41641	0.08487	0.03016	0.05091	0.02204	0.01410	0.01747	0.01180	0.00954	0.01143	0.00254	0.13752	0.00650	0.00435	0.01007
9	0.01033	0.00759	0.00969	0.01095	0.01199	0.00695	0.00753	0.01225	0.01751	0.02325	0.14473	0.51607	0.14277	0.02393	0.01037	0.00318	0.00459	0.02143	0.00793	0.00695
10	0.00982	0.00842	0.00842	0.00842	0.01122	0.00701	0.00631	0.01192	0.01894	0.02244	0.08416	0.07995	0.65285	0.02104	0.00982	0.00281	0.00421	0.01753	0.00771	0.00701
11	0.01012	0.00723	0.00964	0.01157	0.01205	0.00675	0.00771	0.01157	0.01591	0.02121	0.04579	0.70262	0.05495	0.02603	0.01060	0.00337	0.00482	0.02362	0.00771	0.00675
12	0.02056	0.01974	0.03372	0.05099	0.65622	0.01974	0.02550	0.02550	0.01892	0.02714	0.01563	0.02056	0.01316	0.00740	0.00822	0.00247	0.00987	0.00740	0.00411	0.01316
13	0.02002	0.01918	0.03274	0.12207	0.58939	0.01960	0.02523	0.02502	0.01866	0.02648	0.01553	0.02074	0.01293	0.00750	0.00823	0.00250	0.01000	0.00740	0.00407	0.01272
14	0.01569	0.01477	0.02492	0.68808	0.05722	0.01846	0.02307	0.02123	0.01661	0.02123	0.01477	0.02215	0.01107	0.00831	0.00831	0.00277	0.01107	0.00738	0.00369	0.00923

[dist]
# distance from previous block
# <min> <max>
0	1

[block]
# block no. 2 follows, 22 sequences, length 173
# corresponding to MSA columns:
# 35-207
name=unknown_C
#
# <colnr> <probs for GDERKNQSTAVLIFYWHMCP>
#	G	D	E	R	K	N	Q	S	T	A	V	L	I	F	Y	W	H	M	C	P
0	0.01772	0.03668	0.49406	0.03107	0.20392	0.01941	0.02929	0.02609	0.01791	0.02653	0.01510	0.01836	0.01124	0.00776	0.00798	0.00259	0.01163	0.00648	0.00367	0.01252
1	0.76672	0.01607	0.01221	0.01092	0.01607	0.01864	0.00900	0.02442	0.01414	0.03727	0.01157	0.01350	0.00900	0.00771	0.00514	0.00257	0.00643	0.00450	0.00514	0.00900
2	0.01656	0.03459	0.50170	0.02056	0.03045	0.01662	0.02517	0.02475	0.01905	0.05589	0.14693	0.02719	0.02495	0.00987	0.00831	0.00262	0.01032	0.00807	0.00497	0.01145
3	0.01181	0.00912	0.01281	0.01323	0.01405	0.01030	0.00976	0.01384	0.01428	0.01997	0.03113	0.31207	0.03457	0.08085	0.29224	0.00786	0.08412	0.01506	0.00576	0.00717
4	0.01944	0.02649	0.16451	0.02634	0.03190	0.07931	0.21308	0.02454	0.01684	0.02342	0.01377	0.01911	0.01135	0.01026	0.01602	0.00303	0.27861	0.00767	0.00384	0.01046
5	0.01666	0.04297	0.66500	0.02368	0.03596	0.01929	0.03069	0.02631	0.01754	0.02631	0.01491	0.01754	0.01052	0.00789	0.00789	0.00263	0.01228	0.00614	0.00351	0.01228
6	0.17991	0.05275	0.02302	0.04943	0.02509	0.08417	0.01471	0.39553	0.03052	0.04342	0.01697	0.01799	0.01247	0.00918	0.00746	0.00246	0.00921	0.00654	0.00687	0.01228
7	0.03109	0.02303	0.02466	0.01902	0.02558	0.02553	0.01567	0.60240	0.06597	0.05157	0.02056	0.02044	0.01463	0.01003	0.00832	0.00251	0.00903	0.00756	0.00832	0.01408
8	0.02056	0.01974	0.03372	0.05099	0.65622	0.01974	0.02550	0.02550	0.01892	0.02714	0.01563	0.02056	0.01316	0.00740	0.00822	0.00247	0.00987	0.00740	0.00411	0.01316
9	0.02546	0.02921	0.02067	0.01885	0.02251	0.42474	0.01437	0.07847	0.02188	0.02275	0.01620	0.02058	0.01394	0.02443	0.20325	0.00546	0.01662	0.00657	0.00467	0.00936
10	0.01549	0.00774	0.00774	0.00774	0.00968	0.00774	0.00581	0.01936	0.01742	0.03097	0.02710	0.03097	0.02129	0.00968	0.00581	0.00194	0.00387	0.00774	0.75416	0.00774
11	0.01012	0.00723	0.00964	0.01157	0.01205	0.00675	0.00771	0.01157	0.01591	0.02121	0.04579	0.70262	0.05495	0.02603	0.01060	0.00337	0.00482	0.02362	0.00771	0.00675
12	0.01208	0.00805	0.00906	0.00906	0.00906	0.00805	0.00503	0.01208	0.01208	0.01611	0.02618	0.05436	0.03020	0.70804	0.04228	0.00805	0.00805	0.01208	0.00503	0.00503
13	0.00982	0.00842	0.00842	0.00842	0.01122	0.00701	0.00631	0.01192	0.01894	0.02244	0.08416	0.07995	0.65285	0.02104	0.00982	0.00281	0.00421	0.01753	0.00771	0.00701
14	0.05219	0.01391	0.01438	0.01214	0.01598	0.01495	0.00968	0.24819	0.02541	0.03925	0.02378	0.02612	0.01810	0.00971	0.00672	0.00217	0.00595	0.00751	0.44366	0.01019
15	0.17233	0.02189	0.02250	0.01755	0.02391	0.02440	0.01449	0.51286	0.03429	0.04947	0.01834	0.01871	0.01315	0.00954	0.00770	0.00251	0.00862	0.00691	0.00770	0.01315
16	0.03103	0.03959	0.02354	0.02140	0.02568	0.67469	0.01605	0.03317	0.02354	0.02033	0.01284	0.01498	0.01070	0.00856	0.00749	0.00214	0.01498	0.00535	0.00428	0.00963
17	0.02005	0.01922	0.03280	0.11749	0.59370	0.01960	0.02524	0.02505	0.01868	0.02652	0.01554	0.02073	0.01294	0.00750	0.00823	0.00250	0.01000	0.00740	0.00407	0.01275
18	0.01569	0.01477	0.02492	0.68808	0.05722	0.01846	0.02307	0.02123	0.01661	0.02123	0.01477	0.02215	0.01107	0.00831	0.00831	0.00277	0.01107	0.00738	0.00369	0.00923
19	0.02291	0.01896	0.02005	0.01736	0.02246	0.02171	0.01369	0.16454	0.51715	0.03838	0.03096	0.02872	0.02305	0.01100	0.00842	0.00275	0.00710	0.00900	0.00842	0.01335
20	0.01589	0.10555	0.46510	0.02019	0.02950	0.01813	0.02424	0.02312	0.01713	0.02455	0.02092	0.15825	0.01969	0.01155	0.00818	0.00269	0.01039	0.00956	0.00438	0.01097
21	0.01433	0.02476	0.30310	0.01707	0.02396	0.01407	0.01871	0.02201	0.07951	0.02549	0.04039	0.11283	0.18327	0.01491	0.00907	0.00289	0.00844	0.06931	0.00590	0.01000
22	0.01012	0.00723	0.00964	0.01157	0.01205	0.00675	0.00771	0.01157	0.01591	0.02121	0.04579	0.70262	0.05495	0.02603	0.01060	0.00337	0.00482	0.02362	0.00771	0.00675
23	0.02027	0.01944	0.03320	0.08891	0.62057	0.01966	0.02535	0.02524	0.01878	0.02679	0.01558	0.02066	0.01303	0.00746	0.00823	0.00249	0.00994	0.00740	0.00409	0.01293
24	0.03067	0.03730	0.02348	0.02102	0.02553	0.59204	0.01591	0.08568	0.04935	0.02370	0.01429	0.01605	0.01158	0.00879	0.00760	0.00220	0.01414	0.00570	0.00480	0.01016
25	0.01166	0.00788	0.00918	0.00959	0.00970	0.00778	0.00560	0.01197	0.01289	0.01719	0.03034	0.19200	0.03546	0.56324	0.03556	0.00706	0.00737	0.01453	0.00560	0.00540
26	0.01321	0.00944	0.01319	0.01510	0.01694	0.00941	0.01309	0.01691	0.01895	0.02467	0.04408	0.12596	0.04819	0.02311	0.01143	0.00380	0.00750	0.56976	0.00765	0.00760
27	0.01842	0.01968	0.03710	0.02820	0.03284	0.02182	0.34387	0.02312	0.01647	0.02349	0.01501	0.02164	0.01263	0.01443	0.07129	0.00399	0.27313	0.00876	0.00401	0.01009
28	0.02221	0.71304	0.04353	0.01421	0.02132	0.03287	0.01421	0.02488	0.01688	0.01955	0.01155	0.01333	0.01066	0.00711	0.00533	0.00178	0.00888	0.00444	0.00355	0.01066
29	0.01018	0.00815	0.00915	0.00975	0.01182	0.00711	0.00715	0.01228	0.01832	0.02275	0.09853	0.25252	0.42752	0.02233	0.01012	0.00301	0.00455	0.04997	0.00778	0.00701
30	0.01187	0.00890	0.01335	0.01335	0.01483	0.01038	0.01038	0.01483	0.01335	0.01928	0.02225	0.03264	0.02077	0.06231	0.67512	0.01335	0.02225	0.00890	0.00445	0.00742
31	0.02261	0.02321	0.01804	0.01633	0.02028	0.26121	0.01270	0.14684	0.02467	0.02798	0.03840	0.07203	0.19201	0.01451	0.00884	0.00262	0.00964	0.07201	0.00654	0.00951
32	0.00998	0.00780	0.00905	0.01006	0.01165	0.00687	0.00704	0.01174	0.01735	0.02180	0.06412	0.40507	0.34066	0.02364	0.01023	0.00310	0.00453	0.02071	0.00771	0.00687
33	0.01796	0.01897	0.03598	0.06741	0.03414	0.02084	0.32947	0.02281	0.01657	0.02337	0.01560	0.02242	0.01304	0.01635	0.09925	0.00439	0.21864	0.00878	0.00403	0.00997
34	0.02056	0.01974	0.03372	0.05099	0.65622	0.01974	0.02550	0.02550	0.01892	0.02714	0.01563	0.02056	0.01316	0.00740	0.00822	0.00247	0.00987	0.00740	0.00411	0.01316
35	0.01723	0.01477	0.01723	0.01230	0.01969	0.01107	0.00984	0.02092	0.01723	0.02707	0.01477	0.01723	0.01230	0.00615	0.00615	0.00123	0.00615	0.00492	0.00492	0.75883
36	0.01123	0.00789	0.01021	0.01101	0.01152	0.00801	0.00727	0.01245	0.01393	0.01889	0.03343	0.31716	0.03841	0.28960	0.16358	0.00725	0.00973	0.01616	0.00601	0.00625
37	0.02066	0.01785	0.01878	0.01691	0.02160	0.02066	0.01315	0.04414	0.64121	0.03475	0.03381	0.03099	0.02536	0.01127	0.00845	0.00282	0.00657	0.00939	0.00845	0.01315
38	0.01549	0.00774	0.00774	0.00774	0.00968	0.00774	0.00581	0.01936	0.01742	0.03097	0.02710	0.03097	0.02129	0.00968	0.00581	0.00194	0.00387	0.00774	0.75416	0.00774
39	0.01187	0.00890	0.01335	0.01335	0.01483	0.01038	0.01038	0.01483	0.01335	0.01928	0.02225	0.03264	0.02077	0.06231	0.67512	0.01335	0.02225	0.00890	0.00445	0.00742
40	0.01339	0.00956	0.01339	0.01530	0.01721	0.00956	0.01339	0.01721	0.01912	0.02486	0.04399	0.09371	0.04781	0.02295	0.01147	0.00382	0.00765	0.60031	0.00765	0.00765
41	0.01723	0.01477	0.01723	0.01230	0.01969	0.01107	0.00984	0.02092	0.01723	0.02707	0.01477	0.01723	0.01230	0.00615	0.00615	0.00123	0.00615	0.00492	0.00492	0.75883
42	0.02056	0.01974	0.03372	0.05099	0.65622	0.01974	0.02550	0.02550	0.01892	0.02714	0.01563	0.02056	0.01316	0.00740	0.00822	0.00247	0.00987	0.00740	0.00411	0.01316
43	0.01405	0.00855	0.01125	0.01147	0.01328	0.00779	0.00825	0.01651	0.01938	0.10616	0.23144	0.38992	0.08785	0.02101	0.01003	0.00301	0.00480	0.01875	0.00848	0.00803
44	0.01818	0.01818	0.02545	0.02181	0.02181	0.02545	0.01818	0.01999	0.01272	0.01999	0.01091	0.01818	0.01091	0.01454	0.02726	0.00364	0.69284	0.00727	0.00364	0.00909
45	0.01971	0.01768	0.02498	0.01840	0.02534	0.01618	0.13279	0.09761	0.05726	0.03014	0.01673	0.01945	0.01329	0.00754	0.00841	0.00192	0.04521	0.00659	0.00533	0.43544
46	0.02753	0.03423	0.03018	0.02492	0.03007	0.47788	0.17299	0.03090	0.02205	0.02193	0.01378	0.01703	0.01120	0.00842	0.00896	0.00238	0.04473	0.00658	0.00423	0.01001
47	0.01012	0.00723	0.00964	0.01157	0.01205	0.00675	0.00771	0.01157	0.01591	0.02121	0.04579	0.70262	0.05495	0.02603	0.01060	0.00337	0.00482	0.02362	0.00771	0.00675
48	0.02718	0.01557	0.01869	0.01494	0.02003	0.01561	0.01209	0.24020	0.02909	0.24769	0.22430	0.03603	0.03660	0.01230	0.00880	0.00256	0.00680	0.01016	0.00923	0.01214
49	0.02812	0.26204	0.03014	0.01903	0.02424	0.46269	0.01544	0.03043	0.02134	0.02007	0.01241	0.01443	0.01069	0.00808	0.00678	0.00202	0.01297	0.00505	0.00404	0.00997
50	0.01112	0.00860	0.00908	0.00897	0.01176	0.00726	0.00672	0.01331	0.01916	0.05086	0.10417	0.11420	0.56449	0.02069	0.00980	0.00282	0.00436	0.01739	0.00789	0.00735
51	0.01616	0.01784	0.09081	0.01985	0.02515	0.01521	0.17861	0.05266	0.12145	0.02762	0.06197	0.17478	0.13237	0.01460	0.00948	0.00288	0.00845	0.01359	0.00653	0.01003
52	0.02142	0.37766	0.10663	0.01650	0.02329	0.05396	0.01585	0.03175	0.22345	0.02539	0.01935	0.01972	0.01550	0.00863	0.00675	0.00223	0.00877	0.00631	0.00520	0.01163
53	0.02056	0.01974	0.03372	0.05099	0.65622	0.01974	0.02550	0.02550	0.01892	0.02714	0.01563	0.02056	0.01316	0.00740	0.00822	0.00247	0.00987	0.00740	0.00411	0.01316
54	0.01009	0.00815	0.00902	0.00965	0.01177	0.00707	0.00707	0.01210	0.01810	0.02223	0.07139	0.25337	0.45498	0.02252	0.01012	0.00302	0.00456	0.05009	0.00771	0.00697
55	0.02442	0.38694	0.10137	0.01949	0.05790	0.23989	0.01713	0.02776	0.01923	0.02091	0.01254	0.01469	0.01079	0.00768	0.00646	0.00202	0.01128	0.00507	0.00382	0.01063
56	0.02071	0.06813	0.20274	0.03471	0.32024	0.04810	0.02397	0.06406	0.08478	0.02848	0.01723	0.02013	0.01353	0.00812	0.00796	0.00250	0.01029	0.00701	0.00463	0.01268
57	0.01027	0.00766	0.00956	0.01072	0.01191	0.00695	0.00742	0.01219	0.01758	0.02309	0.13467	0.48038	0.18983	0.02373	0.01032	0.00315	0.00457	0.02114	0.00790	0.00695
58	0.01176	0.00849	0.01110	0.01045	0.01241	0.00784	0.00784	0.01568	0.02352	0.03331	0.65184	0.06206	0.07839	0.01698	0.00980	0.00261	0.00392	0.01502	0.00914	0.00784
59	0.02055	0.51243	0.22960	0.01705	0.02570	0.02881	0.01915	0.02530	0.01708	0.02157	0.01256	0.01459	0.01062	0.00734	0.00610	0.00203	0.00990	0.00495	0.00354	0.01114
60	0.00990	0.00810	0.00875	0.00927	0.01144	0.00694	0.00669	0.01183	0.01812	0.02211	0.07380	0.24805	0.49144	0.02239	0.01003	0.00296	0.00437	0.01918	0.00771	0.00694
61	0.01549	0.00774	0.00774	0.00774	0.00968	0.00774	0.00581	0.01936	0.01742	0.03097	0.02710	0.03097	0.02129	0.00968	0.00581	0.00194	0.00387	0.00774	0.75416	0.00774
62	0.01075	0.00845	0.00971	0.00939	0.01179	0.00741	0.00704	0.01372	0.02113	0.02766	0.35667	0.07136	0.37708	0.01909	0.00981	0.00271	0.00407	0.01633	0.00840	0.00741
63	0.01780	0.01762	0.02472	0.02130	0.02139	0.02454	0.01771	0.01968	0.01276	0.01995	0.01158	0.01904	0.01150	0.01740	0.06606	0.00422	0.65268	0.00737	0.00368	0.00899
64	0.03103	0.03959	0.02354	0.02140	0.02568	0.67469	0.01605	0.03317	0.02354	0.02033	0.01284	0.01498	0.01070	0.00856	0.00749	0.00214	0.01498	0.00535	0.00428	0.00963
65	0.02987	0.02746	0.02318	0.01932	0.02483	0.24355	0.01527	0.30310	0.13215	0.06778	0.02044	0.02048	0.01513	0.00972	0.00806	0.00243	0.01059	0.00712	0.00707	0.01245
66	0.01549	0.00774	0.00774	0.00774	0.00968	0.00774	0.00581	0.01936	0.01742	0.03097	0.02710	0.03097	0.02129	0.00968	0.00581	0.00194	0.00387	0.00774	0.75416	0.00774
67	0.03158	0.02327	0.02493	0.01911	0.02576	0.02576	0.01579	0.62852	0.03906	0.05236	0.01995	0.01995	0.01413	0.00997	0.00831	0.00249	0.00914	0.00748	0.00831	0.01413
68	0.01188	0.00797	0.00912	0.00932	0.00937	0.00792	0.00531	0.01203	0.01248	0.01664	0.02822	0.12203	0.03279	0.63685	0.03898	0.00757	0.00772	0.01329	0.00531	0.00521
69	0.01208	0.00805	0.00906	0.00906	0.00906	0.00805	0.00503	0.01208	0.01208	0.01611	0.02618	0.05436	0.03020	0.70804	0.04228	0.00805	0.00805	0.01208	0.00503	0.00503
70	0.01164	0.00787	0.00919	0.00963	0.00974	0.00776	0.00564	0.01196	0.01295	0.01726	0.03061	0.20087	0.03579	0.55391	0.03512	0.00700	0.00732	0.01469	0.00564	0.00542
71	0.02761	0.02038	0.02193	0.01755	0.02317	0.02250	0.01421	0.47732	0.09860	0.04653	0.02407	0.08120	0.01928	0.01149	0.00838	0.00257	0.00818	0.00910	0.05294	0.01300
72	0.01074	0.00845	0.00970	0.00939	0.01179	0.00741	0.00704	0.01371	0.02112	0.02763	0.35484	0.07142	0.37893	0.01911	0.00981	0.00271	0.00407	0.01634	0.00840	0.00741
73	0.01411	0.00968	0.01093	0.01032	0.01108	0.01002	0.00642	0.07656	0.01496	0.02005	0.02533	0.04972	0.02807	0.60386	0.06943	0.00773	0.00886	0.01145	0.00535	0.00610
74	0.03158	0.02327	0.02493	0.01911	0.02576	0.02576	0.01579	0.62852	0.03906	0.05236	0.01995	0.01995	0.01413	0.00997	0.00831	0.00249	0.00914	0.00748	0.00831	0.01413
75	0.02066	0.01785	0.01878	0.01691	0.02160	0.02066	0.01315	0.04414	0.64121	0.03475	0.03381	0.03099	0.02536	0.01127	0.00845	0.00282	0.00657	0.00939	0.00845	0.01315
76	0.02056	0.01974	0.03372	0.05099	0.65622	0.01974	0.02550	0.02550	0.01892	0.02714	0.01563	0.02056	0.01316	0.00740	0.00822	0.00247	0.00987	0.00740	0.00411	0.01316
77	0.02032	0.01950	0.03329	0.08189	0.62717	0.01968	0.02538	0.02529	0.01880	0.02685	0.01558	0.02064	0.01306	0.00745	0.00823	0.00248	0.00993	0.00740	0.00409	0.01297
78	0.02341	0.02514	0.03095	0.04294	0.48459	0.19802	0.02292	0.02759	0.02018	0.02529	0.01487	0.01904	0.01249	0.00772	0.00802	0.00238	0.01126	0.00684	0.00416	0.01220
79	0.01723	0.01477	0.01723	0.01230	0.01969	0.01107	0.00984	0.02092	0.01723	0.02707	0.01477	0.01723	0.01230	0.00615	0.00615	0.00123	0.00615	0.00492	0.00492	0.75883
80	0.03158	0.02327	0.02493	0.01911	0.02576	0.02576	0.01579	0.62852	0.03906	0.05236	0.01995	0.01995	0.01413	0.00997	0.00831	0.00249	0.00914	0.00748	0.00831	0.01413
81	0.01569	0.01477	0.02492	0.68808	0.05722	0.01846	0.02307	0.02123	0.01661	0.02123	0.01477	0.02215	0.01107	0.00831	0.00831	0.00277	0.01107	0.00738	0.00369	0.00923
82	0.01208	0.00805	0.00906	0.00906	0.00906	0.00805	0.00503	0.01208	0.01208	0.01611	0.02618	0.05436	0.03020	0.70804	0.04228	0.00805	0.00805	0.01208	0.00503	0.00503
83	0.00986	0.00824	0.00860	0.00888	0.01134	0.00697	0.00652	0.01187	0.01849	0.02226	0.07853	0.17123	0.56520	0.02177	0.00993	0.00289	0.00430	0.01842	0.00771	0.00697
84	0.01044	0.00808	0.00962	0.01069	0.01240	0.00726	0.00788	0.01251	0.01769	0.02226	0.06252	0.34263	0.31858	0.02339	0.01038	0.00318	0.00494	0.10087	0.00770	0.00699
85	0.76672	0.01607	0.01221	0.01092	0.01607	0.01864	0.00900	0.02442	0.01414	0.03727	0.01157	0.01350	0.00900	0.00771	0.00514	0.00257	0.00643	0.00450	0.00514	0.00900
86	0.01569	0.01477	0.02492	0.68808	0.05722	0.01846	0.02307	0.02123	0.01661	0.02123	0.01477	0.02215	0.01107	0.00831	0.00831	0.00277	0.01107	0.00738	0.00369	0.00923
87	0.01012	0.00723	0.00964	0.01157	0.01205	0.00675	0.00771	0.01157	0.01591	0.02121	0.04579	0.70262	0.05495	0.02603	0.01060	0.00337	0.00482	0.02362	0.00771	0.00675
88	0.01188	0.00886	0.01316	0.01316	0.01458	0.01028	0.01015	0.01471	0.01329	0.01914	0.02243	0.03360	0.02119	0.09090	0.64710	0.01312	0.02162	0.00904	0.00448	0.00731
89	0.03103	0.03959	0.02354	0.02140	0.02568	0.67469	0.01605	0.03317	0.02354	0.02033	0.01284	0.01498	0.01070	0.00856	0.00749	0.00214	0.01498	0.00535	0.00428	0.00963
90	0.03041	0.03840	0.02415	0.02317	0.06344	0.63547	0.01662	0.03271	0.02326	0.02074	0.01301	0.01532	0.01085	0.00849	0.00753	0.00216	0.01468	0.00547	0.00427	0.00984
91	0.02171	0.02238	0.03406	0.04584	0.51876	0.09807	0.08530	0.02653	0.01954	0.02627	0.01541	0.02008	0.01281	0.00750	0.00830	0.00246	0.01090	0.00740	0.00414	0.01254
92	0.00992	0.00802	0.00882	0.00946	0.01149	0.00693	0.00677	0.01181	0.01793	0.02203	0.07148	0.28562	0.45536	0.02269	0.01008	0.00299	0.00441	0.01954	0.00771	0.00693
93	0.01077	0.00750	0.00945	0.01074	0.01106	0.00718	0.00683	0.01174	0.01464	0.01952	0.03931	0.48850	0.04677	0.25130	0.02107	0.00492	0.00589	0.01981	0.00683	0.00618
94	0.02221	0.71304	0.04353	0.01421	0.02132	0.03287	0.01421	0.02488	0.01688	0.01955	0.01155	0.01333	0.01066	0.00711	0.00533	0.00178	0.00888	0.00444	0.00355	0.01066
95	0.01224	0.00924	0.01323	0.01304	0.01418	0.01077	0.00985	0.01462	0.01309	0.01876	0.02235	0.03572	0.02192	0.17405	0.52882	0.01190	0.05526	0.00938	0.00451	0.00708
96	0.01187	0.00890	0.01335	0.01335	0.01483	0.01038	0.01038	0.01483	0.01335	0.01928	0.02225	0.03264	0.02077	0.06231	0.67512	0.01335	0.02225	0.00890	0.00445	0.00742
97	0.01336	0.01047	0.01234	0.01152	0.01419	0.01044	0.00874	0.02117	0.15399	0.03201	0.43680	0.05810	0.15195	0.01637	0.00952	0.00268	0.00453	0.01420	0.00879	0.00884
98	0.01208	0.00805	0.00906	0.00906	0.00906	0.00805	0.00503	0.01208	0.01208	0.01611	0.02618	0.05436	0.03020	0.70804	0.04228	0.00805	0.00805	0.01208	0.00503	0.00503
99	0.02780	0.02257	0.02232	0.01818	0.02386	0.08372	0.01462	0.38593	0.19964	0.04360	0.02338	0.02300	0.01719	0.01018	0.00815	0.00252	0.00874	0.00781	0.04363	0.01314
100	0.01012	0.00723	0.00964	0.01157	0.01205	0.00675	0.00771	0.01157	0.01591	0.02121	0.04579	0.70262	0.05495	0.02603	0.01060	0.00337	0.00482	0.02362	0.00771	0.00675
101	0.01019	0.00740	0.00963	0.01124	0.01200	0.00683	0.00760	0.01184	0.01661	0.02203	0.08524	0.61294	0.10563	0.02507	0.01049	0.00328	0.00472	0.02260	0.00780	0.00683
102	0.03158	0.02327	0.02493	0.01911	0.02576	0.02576	0.01579	0.62852	0.03906	0.05236	0.01995	0.01995	0.01413	0.00997	0.00831	0.00249	0.00914	0.00748	0.00831	0.01413
103	0.01196	0.00855	0.01155	0.01155	0.01241	0.00941	0.00814	0.01368	0.01282	0.01795	0.02390	0.04176	0.02473	0.33342	0.40942	0.01113	0.01629	0.01024	0.00470	0.00642
104	0.00982	0.00842	0.00842	0.00842	0.01122	0.00701	0.00631	0.01192	0.01894	0.02244	0.08416	0.07995	0.65285	0.02104	0.00982	0.00281	0.00421	0.01753	0.00771	0.00701
105	0.01723	0.01477	0.01723	0.01230	0.01969	0.01107	0.00984	0.02092	0.01723	0.02707	0.01477	0.01723	0.01230	0.00615	0.00615	0.00123	0.00615	0.00492	0.00492	0.75883
106	0.01211	0.00882	0.01163	0.01315	0.01478	0.00852	0.01068	0.01497	0.01801	0.02323	0.04918	0.21479	0.13692	0.06433	0.01290	0.00384	0.00659	0.36083	0.00752	0.00721
107	0.02355	0.02296	0.02902	0.03519	0.32557	0.11798	0.02094	0.13137	0.02189	0.02913	0.01503	0.01916	0.01252	0.00946	0.01196	0.00266	0.14778	0.00709	0.00478	0.01199
108	0.01075	0.00831	0.00997	0.01103	0.01288	0.00752	0.00841	0.01304	0.01801	0.02261	0.06257	0.28149	0.32128	0.02307	0.01045	0.00322	0.00521	0.15540	0.00770	0.00708
109	0.01208	0.00805	0.00906	0.00906	0.00906	0.00805	0.00503	0.01208	0.01208	0.01611	0.02618	0.05436	0.03020	0.70804	0.04228	0.00805	0.00805	0.01208	0.00503	0.00503
110	0.02050	0.01670	0.01898	0.01386	0.02107	0.01442	0.01120	0.15934	0.02220	0.03283	0.01595	0.01785	0.01272	0.00702	0.00664	0.00152	0.00683	0.00550	0.00569	0.58917
111	0.01688	0.01451	0.01822	0.11050	0.02357	0.05357	0.04016	0.11713	0.01998	0.02618	0.03000	0.33380	0.03259	0.05062	0.01261	0.00329	0.06614	0.01503	0.00641	0.00880
112	0.03312	0.02080	0.02340	0.01794	0.02453	0.02209	0.01482	0.46929	0.03492	0.21744	0.02342	0.02220	0.01587	0.01006	0.00832	0.00251	0.00858	0.00772	0.00884	0.01413
113	0.02027	0.01944	0.03320	0.08891	0.62057	0.01966	0.02535	0.02524	0.01878	0.02679	0.01558	0.02066	0.01303	0.00746	0.00823	0.00249	0.00994	0.00740	0.00409	0.01293
114	0.01902	0.22422	0.45854	0.02098	0.03138	0.06198	0.02536	0.02633	0.01772	0.02412	0.01388	0.01625	0.01057	0.00772	0.00717	0.00237	0.01152	0.00563	0.00357	0.01168
115	0.01050	0.00844	0.00936	0.00913	0.01164	0.00730	0.00685	0.01325	0.02055	0.02627	0.28415	0.07365	0.45047	0.01961	0.00981	0.00274	0.00411	0.01665	0.00822	0.00730
116	0.01010	0.00730	0.00957	0.01138	0.01200	0.00676	0.00763	0.01159	0.01609	0.02128	0.04809	0.66533	0.09075	0.02573	0.01056	0.00334	0.00478	0.02325	0.00771	0.00676
117	0.01423	0.00944	0.01148	0.01118	0.01255	0.01023	0.00809	0.05205	0.01597	0.02402	0.02647	0.10629	0.02608	0.20430	0.18363	0.00661	0.04013	0.01077	0.21918	0.00730
118	0.10189	0.49463	0.03625	0.01502	0.02171	0.06135	0.01402	0.12412	0.02055	0.02681	0.01299	0.01451	0.01106	0.00771	0.00590	0.00199	0.00897	0.00499	0.00453	0.01101
119	0.02125	0.01814	0.01912	0.01703	0.02183	0.02094	0.01329	0.07573	0.60866	0.03570	0.03306	0.03040	0.02475	0.01120	0.00845	0.00280	0.00671	0.00929	0.00845	0.01320
120	0.02056	0.01974	0.03372	0.05099	0.65622	0.01974	0.02550	0.02550	0.01892	0.02714	0.01563	0.02056	0.01316	0.00740	0.00822	0.00247	0.00987	0.00740	0.00411	0.01316
121	0.01723	0.01477	0.01723	0.01230	0.01969	0.01107	0.00984	0.02092	0.01723	0.02707	0.01477	0.01723	0.01230	0.00615	0.00615	0.00123	0.00615	0.00492	0.00492	0.75883
122	0.00997	0.00822	0.00876	0.00904	0.01142	0.00701	0.00662	0.01206	0.01868	0.02281	0.10789	0.18187	0.52364	0.02165	0.00995	0.00289	0.00429	0.01841	0.00779	0.00701
123	0.01176	0.00849	0.01110	0.01045	0.01241	0.00784	0.00784	0.01568	0.02352	0.03331	0.65184	0.06206	0.07839	0.01698	0.00980	0.00261	0.00392	0.01502	0.00914	0.00784
124	0.01011	0.00729	0.00958	0.01142	0.01201	0.00676	0.00764	0.01158	0.01605	0.02127	0.04762	0.67286	0.08353	0.02579	0.01057	0.00335	0.00479	0.02333	0.00771	0.00676
125	0.00982	0.00842	0.00842	0.00842	0.01122	0.00701	0.00631	0.01192	0.01894	0.02244	0.08416	0.07995	0.65285	0.02104	0.00982	0.00281	0.00421	0.01753	0.00771	0.00701
126	0.01961	0.02241	0.04902	0.03501	0.04342	0.02101	0.62605	0.02661	0.01961	0.02661	0.01681	0.02241	0.01261	0.00700	0.00980	0.00280	0.01401	0.00980	0.00420	0.01120
127	0.76672	0.01607	0.01221	0.01092	0.01607	0.01864	0.00900	0.02442	0.01414	0.03727	0.01157	0.01350	0.00900	0.00771	0.00514	0.00257	0.00643	0.00450	0.00514	0.00900
128	0.02947	0.05271	0.02465	0.01840	0.02465	0.02485	0.01517	0.53709	0.07279	0.04834	0.02165	0.05342	0.01662	0.01070	0.00830	0.00252	0.00877	0.00824	0.00808	0.01356
129	0.01187	0.00890	0.01335	0.01335	0.01483	0.01038	0.01038	0.01483	0.01335	0.01928	0.02225	0.03264	0.02077	0.06231	0.67512	0.01335	0.02225	0.00890	0.00445	0.00742
130	0.01208	0.00805	0.00906	0.00906	0.00906	0.00805	0.00503	0.01208	0.01208	0.01611	0.02618	0.05436	0.03020	0.70804	0.04228	0.00805	0.00805	0.01208	0.00503	0.00503
131	0.02062	0.15228	0.42676	0.02164	0.03137	0.16068	0.02488	0.02753	0.01871	0.02393	0.01392	0.01630	0.01058	0.00791	0.00739	0.00239	0.01229	0.00569	0.00368	0.01145
132	0.01747	0.02390	0.17860	0.02982	0.11619	0.01782	0.28167	0.02399	0.01893	0.02605	0.02512	0.03513	0.06676	0.01049	0.00939	0.00286	0.01145	0.08869	0.00477	0.01090
133	0.02821	0.03181	0.02237	0.01991	0.02456	0.42361	0.01522	0.09994	0.19674	0.02776	0.01943	0.01996	0.01514	0.00946	0.00785	0.00237	0.01202	0.00670	0.00587	0.01109
134	0.01850	0.26455	0.45950	0.02055	0.03112	0.02378	0.02524	0.02583	0.01732	0.02407	0.01380	0.01615	0.01057	0.00763	0.00705	0.00235	0.01116	0.00558	0.00352	0.01174
135	0.01817	0.01783	0.01560	0.01437	0.01775	0.15306	0.01091	0.02718	0.20390	0.02938	0.25133	0.04559	0.13316	0.01412	0.00892	0.00260	0.00709	0.01169	0.00770	0.00965
136	0.02258	0.02219	0.02004	0.04790	0.02404	0.15531	0.01419	0.04086	0.48597	0.03117	0.02864	0.02730	0.02170	0.01058	0.00825	0.00268	0.00851	0.00847	0.00738	0.01225
137	0.01965	0.01881	0.03208	0.16963	0.54468	0.01950	0.02504	0.02470	0.01849	0.02604	0.01547	0.02086	0.01277	0.00757	0.00824	0.00252	0.01009	0.00740	0.00403	0.01243
138	0.01820	0.01904	0.01672	0.01601	0.01842	0.22981	0.01226	0.02089	0.01672	0.01963	0.01914	0.02680	0.01744	0.04455	0.45460	0.00965	0.01985	0.00773	0.00439	0.00815
139	0.01061	0.00773	0.01003	0.01124	0.01232	0.00715	0.00791	0.01275	0.01794	0.02402	0.17421	0.47850	0.11626	0.02352	0.01041	0.00319	0.00473	0.05244	0.00800	0.00705
140	0.01873	0.01787	0.03042	0.29001	0.43149	0.01926	0.02459	0.02389	0.01805	0.02492	0.01530	0.02116	0.01238	0.00774	0.00825	0.00258	0.01032	0.00739	0.00395	0.01168
141	0.03103	0.03959	0.02354	0.02140	0.02568	0.67469	0.01605	0.03317	0.02354	0.02033	0.01284	0.01498	0.01070	0.00856	0.00749	0.00214	0.01498	0.00535	0.00428	0.00963
142	0.01097	0.00850	0.01002	0.00975	0.01208	0.00755	0.00739	0.01409	0.02133	0.02821	0.37876	0.07116	0.32906	0.01900	0.00987	0.00275	0.00419	0.03939	0.00846	0.00747
143	0.01012	0.00723	0.00964	0.01157	0.01205	0.00675	0.00771	0.01157	0.01591	0.02121	0.04579	0.70262	0.05495	0.02603	0.01060	0.00337	0.00482	0.02362	0.00771	0.00675
144	0.01208	0.00805	0.00906	0.00906	0.00906	0.00805	0.00503	0.01208	0.01208	0.01611	0.02618	0.05436	0.03020	0.70804	0.04228	0.00805	0.00805	0.01208	0.00503	0.00503
145	0.02221	0.71304	0.04353	0.01421	0.02132	0.03287	0.01421	0.02488	0.01688	0.01955	0.01155	0.01333	0.01066	0.00711	0.00533	0.00178	0.00888	0.00444	0.00355	0.01066
146	0.01222	0.00821	0.00951	0.00971	0.00991	0.00821	0.00591	0.01262	0.01282	0.01702	0.02803	0.05847	0.03204	0.63653	0.03907	0.00761	0.00801	0.07348	0.00531	0.00531
147	0.01208	0.00805	0.00906	0.00906	0.00906	0.00805	0.00503	0.01208	0.01208	0.01611	0.02618	0.05436	0.03020	0.70804	0.04228	0.00805	0.00805	0.01208	0.00503	0.00503
148	0.02056	0.01974	0.03372	0.05099	0.65622	0.01974	0.02550	0.02550	0.01892	0.02714	0.01563	0.02056	0.01316	0.00740	0.00822	0.00247	0.00987	0.00740	0.00411	0.01316
149	0.01818	0.01818	0.02545	0.02181	0.02181	0.02545	0.01818	0.01999	0.01272	0.01999	0.01091	0.01818	0.01091	0.01454	0.02726	0.00364	0.69284	0.00727	0.00364	0.00909
150	0.01866	0.01780	0.03029	0.29957	0.42250	0.01924	0.02455	0.02383	0.01802	0.02483	0.01529	0.02118	0.01235	0.00775	0.00826	0.00258	0.01034	0.00739	0.00395	0.01163
151	0.03103	0.03959	0.02354	0.02140	0.02568	0.67469	0.01605	0.03317	0.02354	0.02033	0.01284	0.01498	0.01070	0.00856	0.00749	0.00214	0.01498	0.00535	0.00428	0.00963
152	0.01159	0.00849	0.01087	0.01027	0.01231	0.00777	0.00771	0.01535	0.02312	0.03237	0.60241	0.06361	0.12841	0.01734	0.00980	0.00263	0.00394	0.01524	0.00902	0.00777
153	0.01972	0.41190	0.32283	0.01847	0.02790	0.02677	0.02162	0.02552	0.01718	0.02258	0.01306	0.01522	0.01060	0.00746	0.00648	0.00216	0.01041	0.00520	0.00353	0.01139
154	0.02779	0.02053	0.02205	0.01775	0.02359	0.02281	0.01439	0.39651	0.22230	0.07328	0.02508	0.02419	0.01817	0.01037	0.00825	0.00257	0.00803	0.00812	0.04067	0.01355
155	0.01177	0.00811	0.00980	0.00978	0.01048	0.00785	0.00624	0.01322	0.01626	0.02232	0.23488	0.12457	0.04870	0.40859	0.02825	0.00577	0.00635	0.01426	0.00667	0.00614
156	0.02879	0.02131	0.02294	0.01829	0.02438	0.02369	0.01488	0.43662	0.20710	0.07656	0.02445	0.02344	0.01758	0.01035	0.00835	0.00259	0.00832	0.00806	0.00844	0.01385
157	0.02277	0.02004	0.02965	0.07838	0.41167	0.02112	0.02187	0.16346	0.08825	0.03328	0.01845	0.02161	0.01453	0.00844	0.00827	0.00253	0.00943	0.00763	0.00549	0.01314
158	0.06844	0.02847	0.05743	0.02603	0.15535	0.25615	0.01805	0.19242	0.02599	0.06981	0.01656	0.01831	0.01262	0.00873	0.00781	0.00238	0.01128	0.00652	0.00570	0.01194
159	0.07533	0.02284	0.02417	0.01863	0.02519	0.02534	0.01539	0.59257	0.03758	0.05146	0.01945	0.01956	0.01382	0.00984	0.00812	0.00250	0.00898	0.00730	0.00812	0.01382
160	0.01044	0.00819	0.00944	0.00967	0.01174	0.00719	0.00704	0.01292	0.01960	0.02528	0.23809	0.20705	0.36189	0.02094	0.00998	0.00287	0.00426	0.01811	0.00812	0.00719
161	0.01952	0.02216	0.04762	0.03423	0.04213	0.02127	0.58987	0.02622	0.01920	0.02622	0.01646	0.02216	0.01250	0.00745	0.01084	0.00285	0.05441	0.00965	0.00417	0.01108
162	0.01569	0.01477	0.02492	0.68808	0.05722	0.01846	0.02307	0.02123	0.01661	0.02123	0.01477	0.02215	0.01107	0.00831	0.00831	0.00277	0.01107	0.00738	0.00369	0.00923
163	0.01012	0.00723	0.00964	0.01157	0.01205	0.00675	0.00771	0.01157	0.01591	0.02121	0.04579	0.70262	0.05495	0.02603	0.01060	0.00337	0.00482	0.02362	0.00771	0.00675
164	0.01025	0.00843	0.00901	0.00886	0.01148	0.00720	0.00665	0.01275	0.01994	0.02484	0.20927	0.07601	0.52624	0.02015	0.00981	0.00276	0.00414	0.01698	0.00803	0.00720
165	0.01176	0.00849	0.01110	0.01045	0.01241	0.00784	0.00784	0.01568	0.02352	0.03331	0.65184	0.06206	0.07839	0.01698	0.00980	0.00261	0.00392	0.01502	0.00914	0.00784
166	0.00994	0.00835	0.00863	0.00871	0.01133	0.00704	0.00648	0.01210	0.01900	0.02294	0.11193	0.11629	0.58662	0.02112	0.00986	0.00283	0.00423	0.01776	0.00779	0.00704
167	0.02646	0.02073	0.02205	0.01808	0.02381	0.02337	0.01455	0.35465	0.32127	0.04411	0.02644	0.02512	0.01939	0.01058	0.00838	0.00265	0.00794	0.00838	0.00838	0.01367
168	0.03677	0.01494	0.01977	0.01516	0.02161	0.01340	0.01252	0.09193	0.02511	0.60864	0.03165	0.02755	0.02000	0.01026	0.00835	0.00256	0.00725	0.00828	0.01011	0.01414
169	0.01170	0.00837	0.01178	0.01222	0.01337	0.00918	0.00902	0.01411	0.01407	0.02014	0.02830	0.18853	0.02950	0.10853	0.42594	0.00990	0.01588	0.01250	0.04987	0.00707
170	0.02073	0.03285	0.36323	0.02378	0.03361	0.02078	0.12481	0.16304	0.05067	0.03265	0.01720	0.01948	0.01242	0.00830	0.00826	0.00258	0.01136	0.00715	0.00499	0.04211
171	0.12902	0.13820	0.08140	0.06325	0.15502	0.04614	0.01744	0.07981	0.02011	0.13246	0.01764	0.01974	0.01336	0.01086	0.03916	0.00292	0.00976	0.00654	0.00548	0.01167
172	0.19176	0.05218	0.02221	0.08957	0.08056	0.15366	0.04420	0.02945	0.10405	0.08273	0.02200	0.02340	0.05197	0.00937	0.00747	0.00252	0.00939	0.00727	0.00566	0.01059

[dist]
# distance from previous block
# <min> <max>
0	171

[block]
# block no. 3 follows, 22 sequences, length 22
# corresponding to MSA columns:
# 381-402
name=unknown_D
#
# <colnr> <probs for GDERKNQSTAVLIFYWHMCP>
#	G	D	E	R	K	N	Q	S	T	A	V	L	I	F	Y	W	H	M	C	P
0	0.30431	0.01983	0.02180	0.05525	0.18756	0.07761	0.01595	0.08531	0.04854	0.05893	0.01560	0.01813	0.01216	0.00851	0.00783	0.00256	0.03745	0.00626	0.00534	0.01106
1	0.02143	0.02413	0.08828	0.12124	0.29352	0.10935	0.07431	0.05549	0.07966	0.02720	0.01711	0.02086	0.01348	0.00818	0.00827	0.00254	0.01095	0.00740	0.00464	0.01196
2	0.09146	0.02893	0.05093	0.01866	0.02423	0.29722	0.01509	0.16060	0.11175	0.03158	0.01746	0.01848	0.01348	0.00892	0.00750	0.00229	0.01089	0.00630	0.00583	0.07840
3	0.02067	0.02085	0.02544	0.03092	0.28384	0.14010	0.04680	0.05488	0.02002	0.02560	0.02303	0.07452	0.06194	0.05898	0.01066	0.00280	0.00979	0.00912	0.00501	0.07502
4	0.01457	0.01341	0.02408	0.01988	0.02308	0.01451	0.18182	0.01841	0.01497	0.02122	0.01997	0.02967	0.01814	0.07596	0.40220	0.00931	0.07681	0.00917	0.00434	0.00849
5	0.01133	0.00841	0.01055	0.01015	0.01218	0.00763	0.00756	0.01479	0.02229	0.03073	0.51842	0.09996	0.17887	0.01819	0.00985	0.00269	0.00402	0.01593	0.00881	0.00763
6	0.01144	0.00846	0.01096	0.01248	0.01405	0.00799	0.00981	0.01402	0.01790	0.02301	0.05305	0.31557	0.17702	0.02369	0.01081	0.00345	0.00589	0.26554	0.00769	0.00718
7	0.02991	0.02196	0.02357	0.01825	0.02433	0.02424	0.01487	0.57559	0.03674	0.04924	0.02048	0.02290	0.01551	0.06991	0.01123	0.00297	0.00905	0.00787	0.00803	0.01335
8	0.01208	0.00805	0.00906	0.00906	0.00906	0.00805	0.00503	0.01208	0.01208	0.01611	0.02618	0.05436	0.03020	0.70804	0.04228	0.00805	0.00805	0.01208	0.00503	0.00503
9	0.01841	0.01916	0.02467	0.57002	0.05163	0.13467	0.02183	0.02334	0.01784	0.02107	0.01442	0.02088	0.01101	0.00835	0.00816	0.00266	0.01177	0.00702	0.00380	0.00930
10	0.01961	0.02241	0.04902	0.03501	0.04342	0.02101	0.62605	0.02661	0.01961	0.02661	0.01681	0.02241	0.01261	0.00700	0.00980	0.00280	0.01401	0.00980	0.00420	0.01120
11	0.01187	0.00890	0.01335	0.01335	0.01483	0.01038	0.01038	0.01483	0.01335	0.01928	0.02225	0.03264	0.02077	0.06231	0.67512	0.01335	0.02225	0.00890	0.00445	0.00742
12	0.01006	0.00748	0.00938	0.01089	0.01187	0.00680	0.00741	0.01164	0.01656	0.02147	0.05404	0.56876	0.18349	0.02495	0.01043	0.00325	0.00469	0.02231	0.00771	0.00680
13	0.01056	0.00774	0.00931	0.01025	0.01124	0.00715	0.00682	0.01197	0.01617	0.02102	0.08166	0.38794	0.18738	0.17104	0.01719	0.00421	0.00533	0.01930	0.00721	0.00650
14	0.02018	0.01921	0.03105	0.08401	0.41481	0.01998	0.07619	0.02963	0.16277	0.02846	0.01988	0.02325	0.01579	0.00832	0.00842	0.00260	0.00956	0.00808	0.00510	0.01272
15	0.02056	0.01974	0.03372	0.05099	0.65622	0.01974	0.02550	0.02550	0.01892	0.02714	0.01563	0.02056	0.01316	0.00740	0.00822	0.00247	0.00987	0.00740	0.00411	0.01316
16	0.16407	0.03768	0.53671	0.02117	0.03205	0.01916	0.02643	0.02594	0.01687	0.02846	0.01425	0.01674	0.01022	0.00786	0.00735	0.00262	0.01113	0.00582	0.00383	0.01163
17	0.01380	0.01159	0.01458	0.01369	0.01488	0.01338	0.01057	0.01652	0.04237	0.02162	0.07865	0.05440	0.16464	0.20315	0.02353	0.00456	0.19708	0.08755	0.00598	0.00746
18	0.01181	0.00814	0.01005	0.01027	0.01064	0.00841	0.00649	0.01261	0.01279	0.01737	0.02756	0.12322	0.03098	0.49186	0.17474	0.00866	0.01074	0.01271	0.00521	0.00574
19	0.08813	0.08437	0.02674	0.02125	0.05703	0.15698	0.14456	0.06399	0.01968	0.02598	0.01965	0.10945	0.01829	0.01358	0.03666	0.03846	0.01079	0.00916	0.04562	0.00963
20	0.01742	0.01602	0.01887	0.01638	0.01945	0.07084	0.05247	0.09714	0.01987	0.02606	0.03515	0.20973	0.13684	0.01637	0.01259	0.00287	0.13647	0.01322	0.00625	0.07600
21	0.02161	0.02688	0.16001	0.02118	0.08315	0.13388	0.01787	0.08039	0.11590	0.02907	0.01789	0.01954	0.01387	0.00818	0.00749	0.00216	0.00969	0.00639	0.00526	0.21959

[dist]
# distance from previous block
# <min> <max>
0	5

[block]
# block no. 4 follows, 22 sequences, length 17
# corresponding to MSA columns:
# 408-424
name=unknown_E
#
# <colnr> <probs for GDERKNQSTAVLIFYWHMCP>
#	G	D	E	R	K	N	Q	S	T	A	V	L	I	F	Y	W	H	M	C	P
0	0.02053	0.32196	0.18737	0.02077	0.05281	0.02421	0.10779	0.02571	0.01784	0.04974	0.01450	0.01698	0.01160	0.00732	0.00692	0.00213	0.01011	0.00596	0.00408	0.09166
1	0.01699	0.01502	0.01805	0.05264	0.11825	0.05585	0.01287	0.07793	0.01983	0.02654	0.03282	0.22575	0.10324	0.01460	0.00863	0.00250	0.00722	0.01271	0.00618	0.17238
2	0.01705	0.01447	0.01743	0.01337	0.01927	0.01250	0.01066	0.04505	0.01740	0.02661	0.01716	0.06070	0.01554	0.01250	0.05953	0.00253	0.06149	0.00667	0.00510	0.56498
3	0.02213	0.01804	0.05004	0.02740	0.24308	0.01613	0.01706	0.02956	0.11760	0.13034	0.02098	0.02236	0.01592	0.00813	0.00766	0.00219	0.00791	0.00710	0.00600	0.23036
4	0.01012	0.00723	0.00964	0.01157	0.01205	0.00675	0.00771	0.01157	0.01591	0.02121	0.04579	0.70262	0.05495	0.02603	0.01060	0.00337	0.00482	0.02362	0.00771	0.00675
5	0.01990	0.09319	0.40004	0.02466	0.03455	0.12262	0.13785	0.02732	0.01880	0.02488	0.01467	0.01770	0.01095	0.00777	0.00798	0.00252	0.01274	0.00656	0.00376	0.01153
6	0.01666	0.04297	0.66500	0.02368	0.03596	0.01929	0.03069	0.02631	0.01754	0.02631	0.01491	0.01754	0.01052	0.00789	0.00789	0.00263	0.01228	0.00614	0.00351	0.01228
7	0.01058	0.00845	0.00947	0.00922	0.01169	0.00734	0.00691	0.01340	0.02073	0.02671	0.30714	0.07292	0.42720	0.01945	0.00981	0.00273	0.00409	0.01655	0.00828	0.00734
8	0.76672	0.01607	0.01221	0.01092	0.01607	0.01864	0.00900	0.02442	0.01414	0.03727	0.01157	0.01350	0.00900	0.00771	0.00514	0.00257	0.00643	0.00450	0.00514	0.00900
9	0.01723	0.01477	0.01723	0.01230	0.01969	0.01107	0.00984	0.02092	0.01723	0.02707	0.01477	0.01723	0.01230	0.00615	0.00615	0.00123	0.00615	0.00492	0.00492	0.75883
10	0.01724	0.01602	0.02677	0.58528	0.05368	0.01923	0.06878	0.06945	0.01861	0.02409	0.01533	0.02199	0.01143	0.00834	0.00842	0.00275	0.01115	0.00758	0.00409	0.00977
11	0.01208	0.00805	0.00906	0.00906	0.00906	0.00805	0.00503	0.01208	0.01208	0.01611	0.02618	0.05436	0.03020	0.70804	0.04228	0.00805	0.00805	0.01208	0.00503	0.00503
12	0.01934	0.04036	0.50730	0.02275	0.03310	0.12638	0.02686	0.02889	0.06967	0.02603	0.01612	0.01823	0.01177	0.00828	0.00787	0.00257	0.01225	0.00628	0.00404	0.01192
