[name]
unknown

[dist]
# distance from previous block
# <min> <max>
0	132

[block]
# block no. 0 follows, 22 sequences, length 77
# corresponding to MSA columns:
# 137-213
name=unknown_A
#
# <colnr> <probs for GDERKNQSTAVLIFYWHMCP>
#	G	D	E	R	K	N	Q	S	T	A	V	L	I	F	Y	W	H	M	C	P
0	0.01219	0.00871	0.01201	0.01393	0.01532	0.00853	0.01131	0.01514	0.01795	0.02352	0.04465	0.31671	0.05042	0.02408	0.01116	0.00366	0.00661	0.38910	0.00767	0.00732
1	0.02056	0.02264	0.06261	0.18706	0.34396	0.10575	0.08747	0.02570	0.01901	0.02482	0.01516	0.02023	0.01218	0.00774	0.00830	0.00254	0.01137	0.00732	0.00402	0.01156
2	0.01248	0.00906	0.01226	0.01397	0.01574	0.00884	0.01172	0.01574	0.01858	0.02401	0.04853	0.19068	0.11295	0.02324	0.01116	0.00364	0.00683	0.44546	0.00767	0.00744
3	0.01208	0.00805	0.00906	0.00906	0.00906	0.00805	0.00503	0.01208	0.01208	0.01611	0.02618	0.05436	0.03020	0.70804	0.04228	0.00805	0.00805	0.01208	0.00503	0.00503
4	0.02150	0.09442	0.08682	0.01752	0.02342	0.02232	0.01528	0.09808	0.45313	0.03404	0.02819	0.02668	0.02121	0.01036	0.00805	0.00266	0.00764	0.00835	0.00742	0.01290
5	0.02132	0.05152	0.12462	0.03101	0.06294	0.10300	0.39879	0.05465	0.02059	0.02673	0.01597	0.02034	0.01212	0.00747	0.00898	0.00263	0.01334	0.00838	0.00428	0.01134
6	0.02059	0.09685	0.13482	0.03991	0.43572	0.02135	0.02419	0.05211	0.04593	0.02761	0.01604	0.01973	0.01304	0.00772	0.00788	0.00244	0.00998	0.00698	0.00432	0.01279
7	0.01961	0.02241	0.04902	0.03501	0.04342	0.02101	0.62605	0.02661	0.01961	0.02661	0.01681	0.02241	0.01261	0.00700	0.00980	0.00280	0.01401	0.00980	0.00420	0.01120
8	0.01447	0.01332	0.01937	0.02685	0.29055	0.01252	0.01462	0.01780	0.01893	0.02448	0.05448	0.05423	0.37582	0.01513	0.00913	0.00266	0.00666	0.01315	0.00615	0.00967
9	0.01913	0.25997	0.33548	0.02351	0.05879	0.02407	0.11914	0.02585	0.01771	0.02416	0.01413	0.01705	0.01101	0.00747	0.00736	0.00237	0.01133	0.00621	0.00366	0.01161
10	0.02056	0.02459	0.09075	0.02645	0.12846	0.14981	0.14274	0.02896	0.13869	0.02636	0.02853	0.03002	0.10627	0.01029	0.00864	0.00260	0.01055	0.00919	0.00545	0.01108
11	0.01193	0.00865	0.01206	0.01206	0.01310	0.00968	0.00877	0.01401	0.01297	0.01833	0.02343	0.03918	0.02361	0.25671	0.48460	0.01176	0.01798	0.00986	0.00463	0.00670
12	0.05767	0.03022	0.20958	0.03472	0.29752	0.15111	0.04966	0.02726	0.01925	0.02601	0.01472	0.01832	0.01170	0.00777	0.00790	0.00247	0.01158	0.00659	0.00403	0.01192
13	0.01060	0.00819	0.00974	0.01041	0.01229	0.00734	0.00772	0.01298	0.01878	0.02407	0.15935	0.26511	0.31769	0.02209	0.01023	0.00305	0.00471	0.08058	0.00794	0.00713
14	0.05306	0.28688	0.30184	0.01928	0.02735	0.02530	0.02158	0.02468	0.01637	0.02328	0.01287	0.01589	0.01057	0.00866	0.00992	0.00247	0.11977	0.00561	0.00362	0.01102
15	0.02143	0.01924	0.03135	0.04542	0.55454	0.01945	0.02347	0.02829	0.08679	0.06068	0.01849	0.02209	0.01487	0.00797	0.00826	0.00251	0.00937	0.00767	0.00490	0.01321
16	0.01204	0.00878	0.01182	0.01295	0.01445	0.00886	0.01028	0.01475	0.01670	0.02200	0.04233	0.17327	0.10627	0.09906	0.15094	0.00602	0.00988	0.26573	0.00675	0.00713
17	0.02221	0.71304	0.04353	0.01421	0.02132	0.03287	0.01421	0.02488	0.01688	0.01955	0.01155	0.01333	0.01066	0.00711	0.00533	0.00178	0.00888	0.00444	0.00355	0.01066
18	0.76672	0.01607	0.01221	0.01092	0.01607	0.01864	0.00900	0.02442	0.01414	0.03727	0.01157	0.01350	0.00900	0.00771	0.00514	0.00257	0.00643	0.00450	0.00514	0.00900
19	0.01086	0.00846	0.00986	0.00951	0.01186	0.00746	0.00713	0.01395	0.02140	0.02830	0.38999	0.07031	0.34336	0.01885	0.00981	0.00270	0.00405	0.01618	0.00849	0.00746
20	0.01192	0.00868	0.01221	0.01221	0.01330	0.00976	0.00896	0.01410	0.01301	0.01844	0.02330	0.03841	0.02328	0.23404	0.50682	0.01194	0.01848	0.00975	0.00461	0.00678
21	0.03215	0.02235	0.02436	0.01868	0.02531	0.02440	0.01543	0.56955	0.03753	0.11349	0.02123	0.02078	0.01477	0.01000	0.00831	0.00250	0.00893	0.00757	0.00851	0.01413
22	0.02068	0.09512	0.02705	0.02094	0.02238	0.13118	0.01741	0.02264	0.01491	0.02000	0.01129	0.01715	0.01085	0.01279	0.02175	0.00320	0.51094	0.00666	0.00373	0.00934
23	0.76672	0.01607	0.01221	0.01092	0.01607	0.01864	0.00900	0.02442	0.01414	0.03727	0.01157	0.01350	0.00900	0.00771	0.00514	0.00257	0.00643	0.00450	0.00514	0.00900
24	0.03727	0.01414	0.01928	0.01478	0.02121	0.01221	0.01221	0.04049	0.02378	0.66198	0.03277	0.02828	0.02056	0.01028	0.00835	0.00257	0.00707	0.00835	0.01028	0.01414
25	0.01395	0.01042	0.01458	0.01396	0.01599	0.01201	0.01096	0.07973	0.01607	0.02278	0.02201	0.03129	0.02007	0.05677	0.60461	0.01220	0.02087	0.00875	0.00486	0.00813
26	0.01505	0.00933	0.01155	0.01153	0.01395	0.00853	0.00855	0.01831	0.04728	0.12310	0.11723	0.31172	0.20614	0.02053	0.00990	0.00301	0.00511	0.04249	0.00829	0.00841
27	0.02332	0.02707	0.02114	0.01929	0.02198	0.36762	0.01492	0.02562	0.01866	0.01998	0.01503	0.02041	0.01348	0.02436	0.19313	0.00548	0.14870	0.00669	0.00420	0.00892
28	0.01083	0.00836	0.01007	0.01115	0.01302	0.00759	0.00857	0.01319	0.01807	0.02270	0.06220	0.27097	0.31617	0.02304	0.01048	0.00324	0.00528	0.17028	0.00770	0.00710
29	0.02000	0.01917	0.03271	0.12433	0.58726	0.01959	0.02522	0.02500	0.01865	0.02646	0.01553	0.02074	0.01292	0.00751	0.00823	0.00250	0.01001	0.00740	0.00406	0.01271
30	0.76672	0.01607	0.01221	0.01092	0.01607	0.01864	0.00900	0.02442	0.01414	0.03727	0.01157	0.01350	0.00900	0.00771	0.00514	0.00257	0.00643	0.00450	0.00514	0.00900
31	0.01579	0.01511	0.01484	0.01422	0.01641	0.14656	0.01086	0.01884	0.01822	0.02333	0.19211	0.03703	0.03442	0.03886	0.35601	0.00811	0.01575	0.00984	0.00570	0.00799
32	0.02337	0.31028	0.03281	0.02357	0.14939	0.21186	0.01662	0.02637	0.01884	0.02127	0.01381	0.01719	0.01219	0.01312	0.07370	0.00318	0.01217	0.00574	0.00396	0.01054
33	0.01348	0.01044	0.01362	0.01343	0.01530	0.01184	0.01011	0.02010	0.13953	0.02225	0.02735	0.10180	0.02612	0.11671	0.40771	0.00968	0.01585	0.01081	0.00564	0.00825
34	0.01238	0.07901	0.01385	0.01067	0.01311	0.01013	0.00826	0.01569	0.02148	0.02928	0.45172	0.12288	0.14619	0.01743	0.00943	0.00263	0.00454	0.01515	0.00825	0.00790
35	0.01114	0.00835	0.01174	0.01232	0.01364	0.00896	0.00918	0.01356	0.01468	0.02018	0.03551	0.23812	0.09440	0.04730	0.40930	0.00930	0.01522	0.01418	0.00575	0.00718
36	0.01569	0.01477	0.02492	0.68808	0.05722	0.01846	0.02307	0.02123	0.01661	0.02123	0.01477	0.02215	0.01107	0.00831	0.00831	0.00277	0.01107	0.00738	0.00369	0.00923
37	0.02120	0.02096	0.03310	0.04918	0.61754	0.05992	0.02492	0.02597	0.01920	0.02672	0.01546	0.02022	0.01301	0.00747	0.00818	0.00245	0.01018	0.00728	0.00412	0.01294
38	0.01208	0.00805	0.00906	0.00906	0.00906	0.00805	0.00503	0.01208	0.01208	0.01611	0.02618	0.05436	0.03020	0.70804	0.04228	0.00805	0.00805	0.01208	0.00503	0.00503
39	0.03082	0.02549	0.02526	0.02141	0.06443	0.12209	0.01642	0.50281	0.03551	0.04604	0.01862	0.01924	0.01356	0.00960	0.00818	0.00244	0.01006	0.00716	0.00745	0.01340
40	0.01515	0.08270	0.01594	0.01327	0.01560	0.08170	0.01053	0.01759	0.01721	0.02133	0.06368	0.05659	0.10204	0.16319	0.12262	0.00564	0.01040	0.17136	0.00592	0.00754
41	0.01406	0.01196	0.01759	0.18943	0.12673	0.01258	0.01453	0.01734	0.01699	0.02200	0.03745	0.05280	0.16516	0.15385	0.01596	0.00396	0.00819	0.10559	0.00557	0.00827
42	0.02310	0.64550	0.04153	0.01494	0.02176	0.09724	0.01440	0.02571	0.01755	0.01962	0.01168	0.01349	0.01066	0.00725	0.00555	0.00181	0.00950	0.00453	0.00363	0.01056
43	0.01023	0.00770	0.00918	0.01028	0.01146	0.00697	0.00697	0.01174	0.01648	0.02107	0.05617	0.43188	0.24648	0.09653	0.01370	0.00368	0.00496	0.02042	0.00743	0.00665
44	0.01781	0.18103	0.53695	0.02173	0.03294	0.02209	0.02730	0.02601	0.01740	0.02492	0.01422	0.01667	0.01055	0.00773	0.00736	0.00245	0.01158	0.00579	0.00352	0.01194
45	0.01287	0.00966	0.01135	0.01194	0.01315	0.01000	0.00805	0.01843	0.14363	0.02251	0.03759	0.37498	0.04163	0.22211	0.01941	0.00463	0.00613	0.01732	0.00708	0.00757
46	0.01043	0.00849	0.00928	0.00955	0.01185	0.00749	0.00698	0.01329	0.03947	0.02367	0.13068	0.20485	0.45200	0.02134	0.00993	0.00290	0.00438	0.01827	0.00788	0.00724
47	0.01047	0.00748	0.01004	0.01196	0.01260	0.00705	0.00831	0.01216	0.01625	0.02159	0.04560	0.63823	0.05419	0.02570	0.01070	0.00342	0.00512	0.08460	0.00771	0.00684
48	0.01192	0.00817	0.00996	0.01008	0.01040	0.00844	0.00627	0.01260	0.01257	0.01706	0.02659	0.08977	0.02983	0.53655	0.16740	0.00883	0.01071	0.01215	0.00508	0.00562
49	0.03579	0.01652	0.02075	0.01591	0.02239	0.01574	0.01314	0.19361	0.02776	0.50323	0.02943	0.02611	0.01889	0.01020	0.00834	0.00255	0.00761	0.00813	0.00977	0.01414
50	0.01012	0.00723	0.00964	0.01157	0.01205	0.00675	0.00771	0.01157	0.01591	0.02121	0.04579	0.70262	0.05495	0.02603	0.01060	0.00337	0.00482	0.02362	0.00771	0.00675
51	0.14989	0.02115	0.02230	0.01734	0.02373	0.02319	0.01432	0.46961	0.03345	0.11441	0.01996	0.01979	0.01399	0.00964	0.00781	0.00251	0.00849	0.00709	0.00801	0.01331
52	0.02747	0.02145	0.02356	0.01910	0.02393	0.05529	0.01560	0.33607	0.12818	0.08757	0.02093	0.02174	0.01559	0.01108	0.01220	0.00277	0.14972	0.00771	0.00732	0.01272
53	0.01415	0.01227	0.01792	0.04590	0.01904	0.01580	0.01356	0.01685	0.01328	0.01961	0.01811	0.02732	0.01703	0.04389	0.42827	0.00962	0.24688	0.00829	0.00414	0.00806
54	0.03000	0.03763	0.02455	0.02433	0.08800	0.60996	0.01698	0.03241	0.02308	0.02100	0.01312	0.01553	0.01094	0.00845	0.00756	0.00217	0.01448	0.00555	0.00426	0.00998
55	0.01520	0.00924	0.01101	0.01049	0.01338	0.00802	0.00788	0.01760	0.01978	0.14172	0.13782	0.19555	0.34183	0.01956	0.00971	0.00285	0.00483	0.01677	0.00837	0.00838
56	0.01033	0.00732	0.00958	0.01130	0.01173	0.00689	0.00743	0.01162	0.01550	0.02067	0.04371	0.63407	0.05233	0.09815	0.01395	0.00387	0.00516	0.02240	0.00743	0.00657
57	0.02006	0.02869	0.22095	0.14067	0.28600	0.11037	0.02536	0.02612	0.01877	0.02500	0.01489	0.01913	0.01169	0.00786	0.00804	0.00252	0.01150	0.00673	0.00389	0.01177
58	0.02548	0.03070	0.02059	0.01907	0.02254	0.48222	0.01441	0.02786	0.02059	0.02003	0.01557	0.02010	0.01362	0.02413	0.20093	0.00539	0.01709	0.00638	0.00433	0.00899
59	0.03494	0.01412	0.01889	0.01464	0.02072	0.01251	0.01203	0.06697	0.02450	0.58170	0.08211	0.03060	0.02492	0.01081	0.00847	0.00257	0.00692	0.00885	0.01009	0.01363
60	0.01134	0.00869	0.01043	0.01030	0.01241	0.00800	0.00760	0.01521	0.04823	0.02837	0.36721	0.16124	0.24184	0.01927	0.00986	0.00279	0.00426	0.01679	0.00848	0.00767
61	0.01208	0.00805	0.00906	0.00906	0.00906	0.00805	0.00503	0.01208	0.01208	0.01611	0.02618	0.05436	0.03020	0.70804	0.04228	0.00805	0.00805	0.01208	0.00503	0.00503
62	0.01238	0.00930	0.01102	0.01137	0.01325	0.00885	0.00817	0.07401	0.01990	0.02605	0.12308	0.39634	0.21110	0.02206	0.01007	0.00305	0.00499	0.01941	0.00794	0.00768
63	0.02170	0.02003	0.01926	0.01736	0.02201	0.08625	0.01344	0.04304	0.57927	0.03331	0.03171	0.02939	0.02389	0.01100	0.00836	0.00275	0.00742	0.00899	0.00803	0.01280
64	0.01496	0.01252	0.01730	0.01920	0.14699	0.01113	0.01195	0.01894	0.02062	0.02978	0.31766	0.04219	0.07651	0.01226	0.00848	0.00222	0.00577	0.01083	0.00688	0.21382
65	0.02423	0.52762	0.03796	0.01589	0.02235	0.15064	0.01459	0.05642	0.04394	0.02188	0.01308	0.01465	0.01142	0.00768	0.00600	0.00192	0.00993	0.00495	0.00411	0.01074
66	0.02436	0.11541	0.02321	0.01569	0.02094	0.02145	0.01298	0.36311	0.03045	0.04057	0.13903	0.03182	0.05745	0.05423	0.01033	0.00277	0.00783	0.00922	0.00757	0.01158
67	0.02791	0.01214	0.01646	0.01365	0.01841	0.01075	0.01114	0.03138	0.02324	0.42653	0.20283	0.04406	0.03907	0.01338	0.00906	0.00271	0.00627	0.06954	0.00971	0.01177
68	0.01187	0.00890	0.01335	0.01335	0.01483	0.01038	0.01038	0.01483	0.01335	0.01928	0.02225	0.03264	0.02077	0.06231	0.67512	0.01335	0.02225	0.00890	0.00445	0.00742
69	0.01167	0.00849	0.01099	0.01036	0.01236	0.00780	0.00777	0.01551	0.02331	0.03283	0.62684	0.06284	0.10368	0.01716	0.00980	0.00262	0.00393	0.01513	0.00908	0.00780
70	0.01123	0.00822	0.00957	0.00965	0.01084	0.00787	0.00644	0.01265	0.01565	0.02044	0.10987	0.11103	0.21221	0.32266	0.09066	0.00616	0.00770	0.01452	0.00638	0.00626
71	0.02907	0.03397	0.02243	0.01992	0.02429	0.51138	0.01515	0.11645	0.02576	0.02628	0.08143	0.02067	0.01835	0.00965	0.00785	0.00224	0.01298	0.00668	0.00537	0.01008
72	0.02020	0.43505	0.16713	0.04092	0.05409	0.02702	0.01805	0.02626	0.07052	0.02274	0.01703	0.01871	0.03491	0.00818	0.00652	0.00214	0.00934	0.00592	0.00414	0.01114
73	0.02396	0.46345	0.10521	0.01698	0.02404	0.15984	0.01645	0.06373	0.01965	0.02244	0.01269	0.01452	0.01087	0.00766	0.00622	0.00199	0.01049	0.00499	0.00399	0.01084
74	0.04897	0.12351	0.01897	0.01165	0.01766	0.01384	0.00968	0.02019	0.01776	0.05196	0.03285	0.03316	0.17813	0.01040	0.00702	0.00184	0.00613	0.00824	0.00566	0.38238
75	0.05528	0.03568	0.25092	0.02631	0.12969	0.28279	0.02231	0.02961	0.04639	0.02487	0.01485	0.01739	0.01158	0.00822	0.00769	0.00241	0.01249	0.00609	0.00419	0.01125
76	0.01438	0.00969	0.01201	0.01306	0.05188	0.00914	0.00841	0.01699	0.04502	0.08444	0.04656	0.22754	0.19371	0.20749	0.01858	0.00435	0.00616	0.01576	0.00705	0.00776

[dist]
# distance from previous block
# <min> <max>
3	7

[block]
# block no. 1 follows, 22 sequences, length 51
# corresponding to MSA columns:
# 221-271
name=unknown_B
#
# <colnr> <probs for GDERKNQSTAVLIFYWHMCP>
#	G	D	E	R	K	N	Q	S	T	A	V	L	I	F	Y	W	H	M	C	P
0	0.01336	0.15221	0.01761	0.01168	0.01458	0.01333	0.00948	0.01616	0.01782	0.02343	0.18144	0.11315	0.16317	0.02848	0.18186	0.00535	0.00985	0.01265	0.00635	0.00803
1	0.02003	0.01620	0.01920	0.02005	0.11212	0.03585	0.01362	0.11390	0.19744	0.03327	0.08820	0.02994	0.02511	0.01337	0.04137	0.00307	0.04637	0.00882	0.15098	0.01110
2	0.13879	0.16496	0.14160	0.02332	0.14918	0.05422	0.01834	0.02470	0.01705	0.02619	0.01342	0.01651	0.01111	0.00788	0.00812	0.00227	0.05818	0.00566	0.00414	0.11436
3	0.01782	0.11804	0.31836	0.01975	0.02763	0.06843	0.05494	0.05244	0.01883	0.02514	0.02358	0.14860	0.04806	0.01189	0.00826	0.00263	0.01023	0.00993	0.00482	0.01062
4	0.19412	0.02125	0.15034	0.05143	0.05809	0.01851	0.01704	0.10544	0.01846	0.03020	0.01723	0.05427	0.01482	0.01889	0.12190	0.00454	0.08072	0.00752	0.00498	0.01024
5	0.01759	0.12969	0.29909	0.04928	0.04505	0.05488	0.02034	0.02329	0.01814	0.04953	0.05413	0.12792	0.05366	0.01180	0.00814	0.00260	0.00964	0.00971	0.00499	0.01052
6	0.36251	0.17508	0.02499	0.02224	0.18394	0.02172	0.01456	0.02429	0.01596	0.02964	0.01320	0.01633	0.01109	0.01043	0.04203	0.00294	0.00873	0.00548	0.00448	0.01037
7	0.01469	0.01288	0.01235	0.01138	0.01429	0.07387	0.00858	0.07461	0.02241	0.02820	0.24569	0.06099	0.31813	0.05195	0.01107	0.00291	0.00583	0.01432	0.00775	0.00811
8	0.05470	0.01737	0.02433	0.09490	0.32373	0.05295	0.01825	0.02232	0.01835	0.02576	0.02589	0.05844	0.10273	0.01011	0.00807	0.00239	0.00857	0.00892	0.00491	0.11730
9	0.02685	0.02170	0.02168	0.01769	0.02311	0.08500	0.01431	0.40133	0.09618	0.04318	0.08053	0.03035	0.05086	0.01167	0.00859	0.00258	0.00869	0.03534	0.00795	0.01242
10	0.02826	0.15635	0.08999	0.01933	0.02591	0.21622	0.01702	0.28541	0.02837	0.03445	0.01584	0.01705	0.01214	0.00883	0.00748	0.00227	0.01111	0.00617	0.00579	0.01200
11	0.05149	0.01125	0.04084	0.01112	0.01468	0.00926	0.00923	0.01865	0.02069	0.11786	0.23461	0.06207	0.29967	0.01718	0.00938	0.00275	0.00520	0.04723	0.00818	0.00864
12	0.06195	0.02103	0.04796	0.07225	0.44225	0.04944	0.02233	0.09539	0.02097	0.02999	0.01568	0.01969	0.01272	0.00777	0.00793	0.00242	0.00978	0.00700	0.00466	0.04881
13	0.01590	0.01270	0.01643	0.01718	0.07401	0.04928	0.01212	0.04274	0.01645	0.05307	0.02451	0.03163	0.05283	0.04475	0.44995	0.00962	0.01771	0.00875	0.00505	0.04532
14	0.01792	0.04219	0.01447	0.01188	0.01532	0.01097	0.00929	0.02319	0.08544	0.15855	0.30081	0.08904	0.15626	0.01580	0.00921	0.00266	0.00516	0.01353	0.00873	0.00959
15	0.02128	0.02232	0.02869	0.03741	0.38550	0.15913	0.05297	0.02543	0.02025	0.02594	0.08142	0.06217	0.02158	0.00965	0.00845	0.00248	0.01030	0.00878	0.00487	0.01139
16	0.01942	0.01531	0.01619	0.01382	0.01825	0.01609	0.01095	0.22666	0.14951	0.03553	0.08121	0.04907	0.28358	0.01516	0.00904	0.00269	0.00633	0.01240	0.00813	0.01067
17	0.01431	0.01414	0.01216	0.01275	0.01462	0.14310	0.00905	0.01607	0.01825	0.02135	0.04904	0.40051	0.20129	0.02117	0.00976	0.00297	0.00673	0.01831	0.00701	0.00740
18	0.02259	0.50657	0.03694	0.01678	0.04685	0.13540	0.01460	0.02529	0.01771	0.01995	0.01296	0.01576	0.01175	0.01271	0.07074	0.00299	0.01122	0.00514	0.00378	0.01028
19	0.02165	0.02208	0.02732	0.10190	0.33192	0.13740	0.02032	0.02858	0.10531	0.02635	0.01746	0.02083	0.01410	0.00812	0.00793	0.00237	0.01010	0.00706	0.00478	0.08442
20	0.09800	0.22954	0.02904	0.24295	0.03405	0.11435	0.01712	0.09823	0.02013	0.02602	0.01384	0.01736	0.01106	0.00812	0.00698	0.00233	0.01025	0.00594	0.00444	0.01029
21	0.01398	0.01241	0.02044	0.01791	0.02004	0.01432	0.10250	0.01718	0.01442	0.02069	0.02177	0.09655	0.02124	0.04176	0.39149	0.00901	0.14122	0.01023	0.00460	0.00821
22	0.02446	0.03008	0.09071	0.05742	0.19524	0.30026	0.01989	0.03169	0.12090	0.02511	0.01725	0.01961	0.01371	0.00861	0.00792	0.00241	0.01182	0.00671	0.00480	0.01139
23	0.02775	0.01380	0.01752	0.01332	0.01972	0.01132	0.01083	0.03102	0.02107	0.38273	0.03159	0.02951	0.07904	0.00991	0.00774	0.00213	0.00648	0.00807	0.00820	0.26825
24	0.01076	0.00845	0.00972	0.00940	0.01180	0.00741	0.00705	0.01374	0.02116	0.02771	0.35930	0.07128	0.37442	0.01907	0.00981	0.00271	0.00407	0.01632	0.00841	0.00741
25	0.01107	0.00876	0.01255	0.01251	0.01423	0.00803	0.05177	0.01352	0.01817	0.02419	0.17006	0.42494	0.15460	0.02206	0.01026	0.00309	0.00520	0.01993	0.00774	0.00733
26	0.01008	0.00739	0.00947	0.01113	0.01193	0.00678	0.00752	0.01162	0.01632	0.02138	0.05109	0.61662	0.13753	0.02534	0.01049	0.00330	0.00474	0.02278	0.00771	0.00678
27	0.02755	0.03154	0.02285	0.02169	0.06013	0.42132	0.01576	0.06568	0.19771	0.02638	0.01925	0.02005	0.01513	0.00933	0.00784	0.00237	0.01204	0.00671	0.00565	0.01104
28	0.02483	0.02815	0.02572	0.02789	0.17267	0.31600	0.01833	0.03016	0.09556	0.02362	0.01568	0.01886	0.01310	0.00977	0.01159	0.00259	0.14338	0.00669	0.00462	0.01078
29	0.01177	0.00861	0.00982	0.00960	0.01213	0.00748	0.00716	0.01436	0.02014	0.05765	0.23266	0.13283	0.40621	0.01987	0.00981	0.00280	0.00433	0.01697	0.00823	0.00757
30	0.02113	0.02121	0.03193	0.10589	0.54078	0.08312	0.02436	0.02585	0.01916	0.02594	0.01528	0.02016	0.01273	0.00760	0.00816	0.00246	0.01047	0.00720	0.00409	0.01246
31	0.02181	0.66508	0.08802	0.01489	0.02237	0.03190	0.01539	0.02498	0.01693	0.02003	0.01179	0.01363	0.01065	0.00716	0.00551	0.00184	0.00913	0.00456	0.00355	0.01078
32	0.00984	0.00831	0.00852	0.00869	0.01129	0.00699	0.00643	0.01189	0.01867	0.02233	0.08079	0.13464	0.60033	0.02148	0.00989	0.00286	0.00426	0.01807	0.00771	0.00699
33	0.01359	0.00943	0.01091	0.01073	0.01162	0.00954	0.00689	0.07476	0.01627	0.02181	0.06065	0.20183	0.03667	0.44495	0.02989	0.00614	0.00721	0.01444	0.00619	0.00649
34	0.02201	0.02184	0.01861	0.01772	0.02133	0.22028	0.01413	0.08937	0.14646	0.02803	0.02991	0.07974	0.02872	0.01498	0.00927	0.00294	0.00973	0.20813	0.00683	0.00998
35	0.00982	0.00842	0.00842	0.00842	0.01122	0.00701	0.00631	0.01192	0.01894	0.02244	0.08416	0.07995	0.65285	0.02104	0.00982	0.00281	0.00421	0.01753	0.00771	0.00701
36	0.76672	0.01607	0.01221	0.01092	0.01607	0.01864	0.00900	0.02442	0.01414	0.03727	0.01157	0.01350	0.00900	0.00771	0.00514	0.00257	0.00643	0.00450	0.00514	0.00900
37	0.02221	0.71304	0.04353	0.01421	0.02132	0.03287	0.01421	0.02488	0.01688	0.01955	0.01155	0.01333	0.01066	0.00711	0.00533	0.00178	0.00888	0.00444	0.00355	0.01066
38	0.00982	0.00842	0.00842	0.00842	0.01122	0.00701	0.00631	0.01192	0.01894	0.02244	0.08416	0.07995	0.65285	0.02104	0.00982	0.00281	0.00421	0.01753	0.00771	0.00701
39	0.01120	0.00835	0.01041	0.01015	0.01213	0.00756	0.00751	0.01449	0.02181	0.02987	0.47445	0.13078	0.19321	0.01873	0.00988	0.00273	0.00407	0.01641	0.00871	0.00756
40	0.02830	0.02142	0.02411	0.02112	0.08541	0.02327	0.01577	0.50742	0.03506	0.04687	0.02605	0.02610	0.07892	0.01085	0.00846	0.00252	0.00871	0.00849	0.00784	0.01331
41	0.01053	0.00844	0.00940	0.00916	0.01166	0.00731	0.00687	0.01329	0.02061	0.02641	0.29149	0.07341	0.44304	0.01956	0.00981	0.00273	0.00410	0.01662	0.00824	0.00731
42	0.01635	0.03715	0.53685	0.02249	0.03247	0.01905	0.02745	0.02455	0.01664	0.02499	0.01521	0.01907	0.01156	0.01384	0.07455	0.00377	0.08238	0.00652	0.00361	0.01148
43	0.00993	0.00830	0.00865	0.00881	0.01135	0.00702	0.00651	0.01205	0.01884	0.02279	0.10482	0.13955	0.57021	0.02135	0.00989	0.00285	0.00425	0.01801	0.00778	0.00702
44	0.01190	0.00878	0.01273	0.01273	0.01399	0.01005	0.00961	0.01443	0.01317	0.01882	0.02282	0.03580	0.02214	0.15621	0.58310	0.01258	0.02019	0.00936	0.00454	0.00707
45	0.14688	0.12618	0.24083	0.08691	0.02993	0.15477	0.02012	0.02757	0.04928	0.02591	0.01439	0.01690	0.01112	0.00810	0.00706	0.00243	0.01097	0.00576	0.00421	0.01070
46	0.02000	0.02255	0.10046	0.04549	0.48851	0.01991	0.12863	0.02577	0.01889	0.02697	0.01576	0.02057	0.01280	0.00738	0.00846	0.00254	0.01082	0.00768	0.00407	0.01274
47	0.01020	0.00769	0.00944	0.01057	0.01185	0.00693	0.00733	0.01208	0.01753	0.02278	0.11814	0.46250	0.22542	0.02371	0.01030	0.00314	0.00456	0.02103	0.00786	0.00693
48	0.01305	0.01052	0.01516	0.01449	0.01556	0.01293	0.01130	0.01552	0.01311	0.01911	0.02055	0.03208	0.01987	0.11613	0.49466	0.01105	0.14416	0.00891	0.00436	0.00749
49	0.01895	0.01924	0.11609	0.01458	0.02243	0.01314	0.01345	0.02502	0.06528	0.07662	0.01763	0.01918	0.01367	0.00713	0.00676	0.00167	0.00719	0.00571	0.00539	0.53088
50	0.09717	0.11632	0.27993	0.02087	0.02878	0.16676	0.05367	0.02817	0.05352	0.02546	0.01467	0.01711	0.01139	0.00840	0.00832	0.00248	0.04577	0.00603	0.00417	0.01099

[dist]
# distance from previous block
# <min> <max>
0	1

[block]
# block no. 2 follows, 22 sequences, length 29
# corresponding to MSA columns:
# 273-301
name=unknown_C
#
# <colnr> <probs for GDERKNQSTAVLIFYWHMCP>
#	G	D	E	R	K	N	Q	S	T	A	V	L	I	F	Y	W	H	M	C	P
0	0.01973	0.05358	0.04877	0.03408	0.04242	0.02154	0.59844	0.02653	0.01948	0.02629	0.01657	0.02200	0.01252	0.00701	0.00960	0.00275	0.01377	0.00956	0.00417	0.01118
1	0.01868	0.22036	0.41228	0.02482	0.11581	0.02301	0.02555	0.02581	0.01755	0.02460	0.01410	0.01681	0.01092	0.00761	0.00725	0.00238	0.01104	0.00585	0.00360	0.01196
2	0.01685	0.01440	0.01687	0.01375	0.01847	0.01391	0.01091	0.06711	0.07350	0.02743	0.03135	0.08435	0.13290	0.01230	0.01039	0.00225	0.09874	0.00959	0.00605	0.33888
3	0.01455	0.01257	0.01260	0.01235	0.01399	0.08631	0.00876	0.04398	0.01646	0.02069	0.03388	0.13633	0.11229	0.23686	0.19416	0.00714	0.01167	0.01260	0.00568	0.00712
4	0.12585	0.07820	0.02761	0.03034	0.26358	0.19359	0.01851	0.11504	0.02226	0.02980	0.01466	0.01750	0.01190	0.00810	0.00741	0.00235	0.01057	0.00625	0.00486	0.01162
5	0.02278	0.46544	0.17655	0.01682	0.02482	0.07166	0.01779	0.02698	0.01802	0.07176	0.01405	0.01554	0.01141	0.00763	0.00628	0.00205	0.00990	0.00518	0.00412	0.01122
6	0.01230	0.00869	0.01049	0.01126	0.01280	0.00824	0.00783	0.01555	0.06488	0.05207	0.05082	0.43574	0.17576	0.07737	0.01269	0.00355	0.00519	0.01960	0.00768	0.00751
7	0.01335	0.01111	0.01578	0.01463	0.01536	0.01255	0.05098	0.01474	0.01402	0.01944	0.02857	0.26146	0.03282	0.26990	0.02595	0.00510	0.16705	0.01468	0.00555	0.00697
8	0.02343	0.02380	0.02500	0.08111	0.20374	0.18132	0.01827	0.06903	0.22937	0.02904	0.02122	0.02277	0.01653	0.00921	0.00813	0.00253	0.01008	0.00757	0.00582	0.01203
9	0.04606	0.01984	0.17980	0.01512	0.02062	0.01417	0.01479	0.02505	0.16860	0.03056	0.23816	0.04366	0.12311	0.01346	0.00880	0.00269	0.00683	0.01131	0.00718	0.01018
10	0.01042	0.00746	0.00991	0.01136	0.01212	0.00695	0.00773	0.01232	0.01730	0.02343	0.15689	0.58520	0.05924	0.02437	0.01046	0.00323	0.00465	0.02204	0.00797	0.00695
11	0.01490	0.01261	0.01769	0.01900	0.10102	0.01489	0.01236	0.01656	0.01339	0.01921	0.01983	0.03608	0.02094	0.31293	0.13743	0.00693	0.20257	0.00958	0.00442	0.00766
12	0.10053	0.16500	0.02429	0.01683	0.05741	0.01966	0.01329	0.04745	0.04134	0.10454	0.01759	0.02054	0.01431	0.01657	0.10614	0.00387	0.08752	0.00646	0.00531	0.13136
13	0.01666	0.04297	0.66500	0.02368	0.03596	0.01929	0.03069	0.02631	0.01754	0.02631	0.01491	0.01754	0.01052	0.00789	0.00789	0.00263	0.01228	0.00614	0.00351	0.01228
14	0.01012	0.00723	0.00964	0.01157	0.01205	0.00675	0.00771	0.01157	0.01591	0.02121	0.04579	0.70262	0.05495	0.02603	0.01060	0.00337	0.00482	0.02362	0.00771	0.00675
15	0.02078	0.20020	0.28590	0.02456	0.08142	0.02379	0.11082	0.10730	0.02070	0.02828	0.01510	0.01778	0.01156	0.00781	0.00762	0.00241	0.01108	0.00654	0.00432	0.01204
16	0.06988	0.02928	0.02318	0.01923	0.02484	0.37430	0.06242	0.05006	0.02146	0.02488	0.01388	0.01629	0.01132	0.00776	0.00719	0.00198	0.01171	0.00561	0.00465	0.22008
17	0.01724	0.01716	0.02366	0.22102	0.03224	0.07181	0.04240	0.02064	0.01516	0.02052	0.01474	0.02219	0.01299	0.02147	0.14932	0.00517	0.27189	0.00758	0.00389	0.00892
18	0.01201	0.00835	0.01055	0.01055	0.01106	0.00886	0.00689	0.01303	0.01252	0.01721	0.02482	0.04684	0.02694	0.48450	0.26136	0.00989	0.01297	0.01098	0.00483	0.00586
19	0.02205	0.02022	0.03253	0.04668	0.57104	0.02055	0.02418	0.10697	0.02164	0.03055	0.01621	0.02048	0.01329	0.00775	0.00824	0.00247	0.00977	0.00741	0.00468	0.01329
20	0.01037	0.00844	0.00917	0.00899	0.01156	0.00725	0.00674	0.01298	0.02023	0.02551	0.24441	0.07490	0.49069	0.01989	0.00981	0.00275	0.00413	0.01682	0.00812	0.00725
21	0.01187	0.00890	0.01335	0.01335	0.01483	0.01038	0.01038	0.01483	0.01335	0.01928	0.02225	0.03264	0.02077	0.06231	0.67512	0.01335	0.02225	0.00890	0.00445	0.00742
22	0.01192	0.00921	0.01105	0.01100	0.01340	0.00862	0.00861	0.01636	0.05781	0.02824	0.31674	0.07181	0.26403	0.01906	0.01002	0.00290	0.00483	0.11819	0.00836	0.00784
23	0.01742	0.01882	0.10487	0.01421	0.02204	0.01295	0.01292	0.02349	0.06692	0.02758	0.01630	0.01836	0.01310	0.00679	0.00657	0.00155	0.00701	0.00544	0.00501	0.59863
24	0.11436	0.02238	0.15709	0.01624	0.02375	0.01687	0.01560	0.15853	0.02220	0.08365	0.01881	0.05893	0.01510	0.00907	0.00732	0.00221	0.00816	0.00708	0.00599	0.23665
25	0.02790	0.02515	0.02407	0.01977	0.02426	0.16816	0.01598	0.34027	0.02903	0.03737	0.01668	0.01889	0.01294	0.01065	0.01218	0.00264	0.15996	0.00697	0.03533	0.01178
26	0.02580	0.02997	0.02771	0.07832	0.28019	0.36818	0.02031	0.02929	0.02122	0.02312	0.01409	0.01770	0.01171	0.00808	0.00784	0.00231	0.01267	0.00631	0.00417	0.01102
27	0.15229	0.18048	0.12989	0.06449	0.04858	0.24899	0.01760	0.02768	0.01887	0.02434	0.01290	0.01545	0.01048	0.00793	0.00676	0.00227	0.01130	0.00534	0.00410	0.01027
28	0.12114	0.01900	0.03039	0.07629	0.54086	0.01953	0.02315	0.02514	0.01816	0.02822	0.01504	0.01968	0.01250	0.00749	0.00781	0.00250	0.00946	0.00701	0.00423	0.01241

[dist]
# distance from previous block
# <min> <max>
0	1

[block]
# block no. 3 follows, 22 sequences, length 86
# corresponding to MSA columns:
# 303-388
name=unknown_D
#
# <colnr> <probs for GDERKNQSTAVLIFYWHMCP>
#	G	D	E	R	K	N	Q	S	T	A	V	L	I	F	Y	W	H	M	C	P
0	0.01016	0.00797	0.00919	0.00985	0.01167	0.00701	0.00702	0.01222	0.01831	0.02322	0.13493	0.31545	0.35855	0.02247	0.01012	0.00300	0.00441	0.01956	0.00788	0.00701
1	0.01404	0.01019	0.01270	0.01145	0.01395	0.00990	0.00875	0.08629	0.02531	0.03551	0.57903	0.05720	0.07098	0.01618	0.00963	0.00260	0.00452	0.01415	0.00905	0.00856
2	0.01003	0.00757	0.00929	0.01066	0.01181	0.00682	0.00731	0.01167	0.01678	0.02156	0.05682	0.52365	0.22680	0.02459	0.01038	0.00321	0.00464	0.02187	0.00771	0.00682
3	0.02975	0.02229	0.02493	0.09620	0.02939	0.02492	0.01663	0.55854	0.03647	0.04877	0.01935	0.02020	0.01378	0.00978	0.00831	0.00252	0.00936	0.00747	0.00778	0.01356
4	0.01723	0.01477	0.01723	0.01230	0.01969	0.01107	0.00984	0.02092	0.01723	0.02707	0.01477	0.01723	0.01230	0.00615	0.00615	0.00123	0.00615	0.00492	0.00492	0.75883
5	0.00999	0.00775	0.00911	0.01019	0.01169	0.00686	0.00710	0.01172	0.01723	0.02175	0.06254	0.43069	0.31606	0.02385	0.01026	0.00313	0.00455	0.02096	0.00771	0.00686
6	0.03103	0.03959	0.02354	0.02140	0.02568	0.67469	0.01605	0.03317	0.02354	0.02033	0.01284	0.01498	0.01070	0.00856	0.00749	0.00214	0.01498	0.00535	0.00428	0.00963
7	0.02066	0.01785	0.01878	0.01691	0.02160	0.02066	0.01315	0.04414	0.64121	0.03475	0.03381	0.03099	0.02536	0.01127	0.00845	0.00282	0.00657	0.00939	0.00845	0.01315
8	0.03343	0.02030	0.02310	0.01771	0.02428	0.02136	0.01463	0.43762	0.03410	0.25026	0.02411	0.02265	0.01622	0.01007	0.00832	0.00252	0.00847	0.00776	0.00895	0.01413
9	0.02056	0.01974	0.03372	0.05099	0.65622	0.01974	0.02550	0.02550	0.01892	0.02714	0.01563	0.02056	0.01316	0.00740	0.00822	0.00247	0.00987	0.00740	0.00411	0.01316
10	0.01165	0.00943	0.01048	0.01024	0.01283	0.00880	0.00765	0.01669	0.09171	0.02689	0.23882	0.11948	0.36671	0.01915	0.00972	0.00280	0.00445	0.01636	0.00821	0.00794
11	0.01571	0.01518	0.02589	0.02126	0.02397	0.01740	0.17159	0.01925	0.01588	0.02276	0.07075	0.10487	0.02405	0.02466	0.16244	0.00545	0.23433	0.01080	0.00488	0.00890
12	0.31667	0.01651	0.01629	0.01419	0.01936	0.01843	0.01136	0.03577	0.28963	0.14258	0.02489	0.02365	0.01811	0.00970	0.00713	0.00268	0.00660	0.00729	0.00746	0.01169
13	0.01356	0.01016	0.01145	0.01122	0.01394	0.00977	0.00834	0.01960	0.12994	0.06089	0.13118	0.20372	0.30613	0.01933	0.00967	0.00290	0.00489	0.01662	0.00816	0.00854
14	0.02141	0.10598	0.08799	0.02599	0.03255	0.16582	0.28302	0.02639	0.01904	0.02335	0.01534	0.02003	0.01244	0.01290	0.07039	0.00353	0.05165	0.00768	0.00408	0.01042
15	0.01172	0.00882	0.01151	0.01258	0.01376	0.00915	0.00893	0.01604	0.08739	0.02234	0.03921	0.47733	0.04399	0.03234	0.15705	0.00551	0.00887	0.01873	0.00708	0.00763
16	0.01155	0.00885	0.01226	0.01244	0.01425	0.00956	0.00976	0.01441	0.01511	0.02049	0.03790	0.04866	0.16278	0.04960	0.46760	0.01015	0.01693	0.06485	0.00546	0.00735
17	0.03327	0.01792	0.02130	0.01662	0.02293	0.01816	0.01363	0.25686	0.10053	0.36582	0.02818	0.02553	0.01875	0.01028	0.00835	0.00257	0.00777	0.00815	0.00935	0.01402
18	0.01905	0.02032	0.04092	0.16657	0.18140	0.02023	0.37526	0.02531	0.01887	0.02567	0.01615	0.02195	0.01243	0.00735	0.00916	0.00272	0.01252	0.00880	0.00408	0.01125
19	0.01126	0.00771	0.00930	0.01011	0.01031	0.00751	0.00615	0.01187	0.01367	0.01823	0.03435	0.32456	0.04052	0.42378	0.02908	0.00610	0.00671	0.01689	0.00615	0.00575
20	0.01259	0.00997	0.01474	0.01433	0.01564	0.01212	0.01128	0.01543	0.01328	0.01937	0.02094	0.03097	0.01963	0.05680	0.60047	0.01223	0.09952	0.00871	0.00436	0.00761
21	0.02532	0.30827	0.03188	0.11207	0.02835	0.29809	0.01628	0.05055	0.02045	0.02134	0.01286	0.01550	0.01087	0.00799	0.00676	0.00209	0.01174	0.00535	0.00406	0.01016
22	0.01008	0.00843	0.00877	0.00869	0.01138	0.00712	0.00652	0.01242	0.01955	0.02389	0.15983	0.07756	0.57627	0.02050	0.00982	0.00278	0.00417	0.01720	0.00791	0.00712
23	0.02025	0.02030	0.02434	0.02292	0.09504	0.09754	0.01684	0.04533	0.01669	0.02364	0.01287	0.01793	0.01157	0.01099	0.01738	0.00275	0.35745	0.00655	0.00423	0.17538
24	0.01074	0.00788	0.01014	0.01123	0.01249	0.00728	0.00807	0.01304	0.01829	0.02438	0.18463	0.42093	0.14073	0.02307	0.01040	0.00317	0.00480	0.07359	0.00802	0.00711
25	0.02962	0.11541	0.02573	0.02026	0.02502	0.53835	0.01571	0.06547	0.04878	0.02259	0.01394	0.01572	0.01148	0.00858	0.00733	0.00215	0.01361	0.00553	0.00459	0.01014
26	0.02116	0.07215	0.30022	0.02250	0.02965	0.16676	0.04568	0.04904	0.01866	0.02421	0.01364	0.01716	0.01087	0.00951	0.01203	0.00270	0.16293	0.00631	0.00392	0.01093
27	0.01034	0.00844	0.00913	0.00896	0.01154	0.00723	0.00672	0.01292	0.02016	0.02534	0.23560	0.07518	0.49960	0.01996	0.00981	0.00275	0.00413	0.01686	0.00810	0.00723
28	0.01012	0.00723	0.00964	0.01157	0.01205	0.00675	0.00771	0.01157	0.01591	0.02121	0.04579	0.70262	0.05495	0.02603	0.01060	0.00337	0.00482	0.02362	0.00771	0.00675
29	0.03158	0.02327	0.02493	0.01911	0.02576	0.02576	0.01579	0.62852	0.03906	0.05236	0.01995	0.01995	0.01413	0.00997	0.00831	0.00249	0.00914	0.00748	0.00831	0.01413
30	0.00982	0.00842	0.00842	0.00842	0.01122	0.00701	0.00631	0.01192	0.01894	0.02244	0.08416	0.07995	0.65285	0.02104	0.00982	0.00281	0.00421	0.01753	0.00771	0.00701
31	0.68267	0.01584	0.01302	0.01137	0.01666	0.01790	0.00937	0.02627	0.01525	0.10926	0.01401	0.01520	0.01033	0.00801	0.00551	0.00257	0.00650	0.00494	0.00573	0.00959
32	0.03103	0.03959	0.02354	0.02140	0.02568	0.67469	0.01605	0.03317	0.02354	0.02033	0.01284	0.01498	0.01070	0.00856	0.00749	0.00214	0.01498	0.00535	0.00428	0.00963
33	0.10800	0.63273	0.03992	0.01384	0.02072	0.03123	0.01361	0.02482	0.01656	0.02159	0.01155	0.01335	0.01047	0.00718	0.00531	0.00187	0.00860	0.00445	0.00374	0.01047
34	0.02209	0.14966	0.09752	0.01747	0.02257	0.22554	0.01509	0.02965	0.15635	0.02375	0.02136	0.07769	0.01927	0.07416	0.01080	0.00292	0.01027	0.00826	0.00533	0.01024
35	0.03103	0.03959	0.02354	0.02140	0.02568	0.67469	0.01605	0.03317	0.02354	0.02033	0.01284	0.01498	0.01070	0.00856	0.00749	0.00214	0.01498	0.00535	0.00428	0.00963
36	0.02221	0.71304	0.04353	0.01421	0.02132	0.03287	0.01421	0.02488	0.01688	0.01955	0.01155	0.01333	0.01066	0.00711	0.00533	0.00178	0.00888	0.00444	0.00355	0.01066
37	0.01070	0.00814	0.00985	0.01008	0.01193	0.00729	0.00731	0.01340	0.02006	0.02665	0.31079	0.23349	0.25888	0.02064	0.01001	0.00287	0.00425	0.01806	0.00831	0.00729
38	0.01785	0.15544	0.50937	0.02298	0.03407	0.02174	0.07600	0.02609	0.01759	0.02518	0.01449	0.01722	0.01072	0.00769	0.00761	0.00250	0.01184	0.00615	0.00357	0.01192
39	0.01097	0.00783	0.01061	0.01253	0.01338	0.00748	0.00918	0.01303	0.01674	0.02215	0.04532	0.54518	0.05310	0.02523	0.01083	0.00349	0.00555	0.17272	0.00770	0.00698
40	0.01012	0.00723	0.00964	0.01157	0.01205	0.00675	0.00771	0.01157	0.01591	0.02121	0.04579	0.70262	0.05495	0.02603	0.01060	0.00337	0.00482	0.02362	0.00771	0.00675
41	0.03514	0.01755	0.02139	0.01640	0.02291	0.01728	0.01355	0.26053	0.02950	0.43386	0.02797	0.02516	0.01816	0.01017	0.00834	0.00254	0.00784	0.00803	0.00954	0.01413
42	0.02861	0.02057	0.02247	0.01768	0.02359	0.02248	0.01444	0.47210	0.09146	0.08214	0.09473	0.02627	0.02291	0.01092	0.00850	0.00254	0.00819	0.00857	0.00853	0.01331
43	0.02166	0.01834	0.01935	0.01711	0.02198	0.02113	0.01339	0.09755	0.58618	0.03636	0.03255	0.02998	0.02433	0.01115	0.00844	0.00279	0.00681	0.00922	0.00844	0.01324
44	0.76672	0.01607	0.01221	0.01092	0.01607	0.01864	0.00900	0.02442	0.01414	0.03727	0.01157	0.01350	0.00900	0.00771	0.00514	0.00257	0.00643	0.00450	0.00514	0.00900
45	0.01191	0.00875	0.01259	0.01259	0.01381	0.00997	0.00943	0.01434	0.01312	0.01872	0.02295	0.03651	0.02245	0.17735	0.56238	0.01241	0.01972	0.00947	0.00455	0.00699
46	0.03158	0.02327	0.02493	0.01911	0.02576	0.02576	0.01579	0.62852	0.03906	0.05236	0.01995	0.01995	0.01413	0.00997	0.00831	0.00249	0.00914	0.00748	0.00831	0.01413
47	0.01176	0.00849	0.01110	0.01045	0.01241	0.00784	0.00784	0.01568	0.02352	0.03331	0.65184	0.06206	0.07839	0.01698	0.00980	0.00261	0.00392	0.01502	0.00914	0.00784
48	0.03130	0.01401	0.01823	0.01438	0.01990	0.01286	0.01171	0.10307	0.02548	0.46073	0.16029	0.03435	0.03187	0.01164	0.00865	0.00257	0.00665	0.00964	0.00982	0.01282
49	0.01145	0.00825	0.01083	0.01066	0.01234	0.00763	0.00781	0.01490	0.02208	0.03103	0.53752	0.18289	0.07396	0.01869	0.00995	0.00276	0.00409	0.01664	0.00887	0.00763
50	0.02056	0.01974	0.03372	0.05099	0.65622	0.01974	0.02550	0.02550	0.01892	0.02714	0.01563	0.02056	0.01316	0.00740	0.00822	0.00247	0.00987	0.00740	0.00411	0.01316
51	0.15566	0.06837	0.02239	0.01905	0.02363	0.50033	0.01462	0.03177	0.05012	0.02385	0.01353	0.01538	0.01108	0.00847	0.00703	0.00223	0.01283	0.00535	0.00458	0.00974
52	0.03270	0.02148	0.02382	0.01826	0.02487	0.02311	0.01509	0.51324	0.03606	0.17187	0.02246	0.02158	0.01539	0.01003	0.00832	0.00251	0.00874	0.00765	0.00870	0.01413
53	0.01954	0.01583	0.01709	0.01538	0.01969	0.01768	0.01194	0.03809	0.49059	0.06321	0.10905	0.03840	0.08196	0.01267	0.00871	0.00278	0.00610	0.01065	0.00856	0.01209
54	0.02253	0.01642	0.02339	0.02743	0.23583	0.01694	0.01676	0.09725	0.09892	0.13268	0.02263	0.02560	0.01766	0.02073	0.15543	0.00489	0.01151	0.00806	0.00625	0.03909
55	0.18588	0.02042	0.07196	0.13544	0.02861	0.09167	0.03787	0.02560	0.01788	0.08545	0.01557	0.01825	0.01179	0.00771	0.00695	0.00220	0.00898	0.00591	0.00503	0.21683
56	0.03443	0.01386	0.01859	0.01453	0.02051	0.01226	0.01190	0.03865	0.05291	0.58155	0.08285	0.03113	0.02546	0.01087	0.00848	0.00259	0.00679	0.00894	0.01010	0.01358
57	0.01466	0.01112	0.01484	0.01434	0.01656	0.01132	0.04070	0.11927	0.02007	0.02687	0.03847	0.41744	0.06329	0.02614	0.08676	0.00435	0.00817	0.05000	0.00726	0.00838
58	0.02065	0.07687	0.03586	0.10304	0.40506	0.05699	0.13083	0.02567	0.01891	0.02550	0.01527	0.02015	0.01253	0.00746	0.00824	0.00248	0.01092	0.00748	0.00405	0.01205
59	0.01794	0.00989	0.01292	0.01136	0.01450	0.00886	0.00880	0.02154	0.02321	0.18868	0.45210	0.05511	0.11044	0.01565	0.00944	0.00262	0.00473	0.01357	0.00931	0.00934
60	0.03727	0.01414	0.01928	0.01478	0.02121	0.01221	0.01221	0.04049	0.02378	0.66198	0.03277	0.02828	0.02056	0.01028	0.00835	0.00257	0.00707	0.00835	0.01028	0.01414
61	0.01716	0.01626	0.02757	0.49610	0.23771	0.01884	0.02380	0.02251	0.01731	0.02301	0.01502	0.02167	0.01170	0.00803	0.00828	0.00268	0.01071	0.00739	0.00382	0.01041
62	0.01549	0.00774	0.00774	0.00774	0.00968	0.00774	0.00581	0.01936	0.01742	0.03097	0.02710	0.03097	0.02129	0.00968	0.00581	0.00194	0.00387	0.00774	0.75416	0.00774
63	0.01374	0.00910	0.01072	0.00995	0.01284	0.00794	0.00759	0.01669	0.02129	0.10041	0.30130	0.06696	0.35426	0.01821	0.00964	0.00270	0.00442	0.01549	0.00857	0.00816
64	0.02877	0.02056	0.02193	0.01713	0.02295	0.02262	0.01405	0.52217	0.03528	0.04862	0.02119	0.02187	0.01538	0.00992	0.00787	0.00240	0.00822	0.00753	0.13853	0.01301
65	0.02012	0.01737	0.01826	0.01648	0.02108	0.01998	0.01281	0.04253	0.60998	0.03413	0.03634	0.03345	0.05685	0.01176	0.00852	0.00282	0.00646	0.00980	0.00842	0.01284
66	0.01941	0.01876	0.03077	0.12604	0.43955	0.02083	0.02357	0.02373	0.01725	0.02481	0.01447	0.02024	0.01239	0.00909	0.01244	0.00276	0.16079	0.00737	0.00395	0.01176
67	0.02118	0.01810	0.01907	0.01701	0.02180	0.02090	0.01327	0.07164	0.61288	0.03558	0.03316	0.03047	0.02483	0.01121	0.00845	0.00280	0.00670	0.00930	0.00845	0.01320
68	0.03103	0.03959	0.02354	0.02140	0.02568	0.67469	0.01605	0.03317	0.02354	0.02033	0.01284	0.01498	0.01070	0.00856	0.00749	0.00214	0.01498	0.00535	0.00428	0.00963
69	0.02982	0.09212	0.02574	0.02218	0.05698	0.55420	0.01636	0.06492	0.02363	0.02237	0.01327	0.01540	0.01101	0.00846	0.00740	0.00215	0.01391	0.00550	0.00444	0.01014
70	0.01731	0.03843	0.52902	0.02618	0.03760	0.01967	0.16212	0.02638	0.01800	0.02638	0.01533	0.01861	0.01098	0.00770	0.00831	0.00267	0.01266	0.00695	0.00366	0.01204
71	0.02815	0.06281	0.02473	0.02119	0.02475	0.52128	0.01639	0.03025	0.02115	0.02023	0.01241	0.01554	0.01074	0.00967	0.01128	0.00242	0.14762	0.00569	0.00412	0.00957
72	0.03681	0.01488	0.01974	0.01513	0.02158	0.01331	0.01250	0.08801	0.02501	0.61271	0.03174	0.02760	0.02004	0.01026	0.00835	0.00256	0.00724	0.00828	0.01012	0.01414
73	0.01095	0.00846	0.00998	0.00960	0.01191	0.00749	0.00720	0.01411	0.02161	0.02878	0.41523	0.06951	0.31782	0.01867	0.00981	0.00269	0.00404	0.01607	0.00855	0.00749
74	0.03727	0.01414	0.01928	0.01478	0.02121	0.01221	0.01221	0.04049	0.02378	0.66198	0.03277	0.02828	0.02056	0.01028	0.00835	0.00257	0.00707	0.00835	0.01028	0.01414
75	0.02842	0.17020	0.02699	0.01962	0.02433	0.51820	0.01543	0.03070	0.02177	0.02013	0.01302	0.01547	0.01116	0.01076	0.03789	0.00259	0.01412	0.00534	0.00415	0.00973
76	0.00982	0.00842	0.00842	0.00842	0.01122	0.00701	0.00631	0.01192	0.01894	0.02244	0.08416	0.07995	0.65285	0.02104	0.00982	0.00281	0.00421	0.01753	0.00771	0.00701
77	0.00999	0.00842	0.00865	0.00859	0.01133	0.00709	0.00645	0.01225	0.01934	0.02339	0.13380	0.07838	0.60261	0.02068	0.00982	0.00279	0.00418	0.01731	0.00784	0.00709
78	0.01192	0.00868	0.01224	0.01224	0.01334	0.00978	0.00900	0.01412	0.01302	0.01846	0.02327	0.03825	0.02321	0.22927	0.51150	0.01198	0.01858	0.00972	0.00460	0.00680
79	0.01886	0.01800	0.03064	0.27388	0.44666	0.01929	0.02465	0.02400	0.01811	0.02507	0.01533	0.02112	0.01243	0.00772	0.00825	0.00257	0.01029	0.00740	0.00396	0.01178
80	0.02082	0.01219	0.01511	0.01312	0.01694	0.01198	0.01026	0.02903	0.16505	0.20675	0.33984	0.04564	0.05032	0.01383	0.00909	0.00265	0.00539	0.01190	0.00930	0.01079
81	0.00987	0.00820	0.00863	0.00898	0.01137	0.00697	0.00656	0.01186	0.01840	0.02222	0.07732	0.19088	0.54633	0.02193	0.00996	0.00291	0.00432	0.01862	0.00771	0.00697
