[name]
unknown

[dist]
# distance from previous block
# <min> <max>
0	81

[block]
# block no. 0 follows, 22 sequences, length 25
# corresponding to MSA columns:
# 81-105
name=unknown_A
#
# <colnr> <probs for GDERKNQSTAVLIFYWHMCP>
#	G	D	E	R	K	N	Q	S	T	A	V	L	I	F	Y	W	H	M	C	P
0	0.01285	0.00918	0.01277	0.01468	0.01636	0.00910	0.01245	0.01628	0.01859	0.02426	0.04428	0.19427	0.04899	0.02346	0.01133	0.00375	0.00718	0.50506	0.00766	0.00750
1	0.02260	0.02581	0.02801	0.13676	0.11893	0.26247	0.09882	0.02629	0.01946	0.02231	0.01756	0.02180	0.04528	0.00966	0.01095	0.00262	0.10892	0.00747	0.00424	0.01004
2	0.01357	0.12454	0.01541	0.01076	0.01243	0.01233	0.00776	0.01489	0.01400	0.01863	0.02769	0.10977	0.05483	0.35957	0.13098	0.00689	0.00978	0.01153	0.03790	0.00672
3	0.02406	0.02501	0.02581	0.03073	0.25749	0.23668	0.01858	0.10589	0.02219	0.02691	0.01636	0.02062	0.01373	0.01719	0.11813	0.00416	0.01352	0.00698	0.00478	0.01117
4	0.02177	0.35409	0.11764	0.01663	0.02318	0.08389	0.01616	0.10382	0.01990	0.02481	0.01501	0.01814	0.01279	0.01694	0.11814	0.00395	0.01215	0.00590	0.00439	0.01070
5	0.01533	0.01073	0.01228	0.01206	0.01434	0.01082	0.00886	0.13841	0.02127	0.02932	0.04251	0.37062	0.12001	0.01940	0.00924	0.00288	0.00546	0.01691	0.13111	0.00845
6	0.02293	0.17267	0.02655	0.01935	0.04746	0.26915	0.01512	0.02552	0.01973	0.02252	0.11782	0.02328	0.02201	0.01081	0.01146	0.00246	0.14955	0.00723	0.00479	0.00959
7	0.01358	0.01357	0.01127	0.01083	0.01377	0.11739	0.00812	0.01593	0.02030	0.02353	0.14731	0.06686	0.47097	0.01844	0.00943	0.00267	0.00595	0.01519	0.00734	0.00755
8	0.01512	0.01035	0.01377	0.01263	0.01437	0.01191	0.03265	0.01852	0.01563	0.02583	0.02271	0.02896	0.01909	0.02455	0.18972	0.00532	0.12399	0.00805	0.39881	0.00801
9	0.01224	0.01417	0.11864	0.01229	0.01610	0.00959	0.01136	0.01680	0.02175	0.03032	0.45073	0.05773	0.16424	0.01617	0.00949	0.00265	0.00535	0.01398	0.00797	0.00843
10	0.01956	0.02216	0.03680	0.02800	0.03411	0.12607	0.39951	0.02463	0.01950	0.02447	0.02205	0.15956	0.02090	0.01113	0.00958	0.00281	0.01230	0.01188	0.00493	0.01004
11	0.01176	0.00849	0.01110	0.01045	0.01241	0.00784	0.00784	0.01568	0.02352	0.03331	0.65184	0.06206	0.07839	0.01698	0.00980	0.00261	0.00392	0.01502	0.00914	0.00784
12	0.02056	0.01974	0.03372	0.05099	0.65622	0.01974	0.02550	0.02550	0.01892	0.02714	0.01563	0.02056	0.01316	0.00740	0.00822	0.00247	0.00987	0.00740	0.00411	0.01316
13	0.01478	0.00788	0.00836	0.00836	0.01003	0.00800	0.00609	0.01810	0.01644	0.02821	0.02659	0.03395	0.02233	0.09878	0.06515	0.00362	0.00589	0.00836	0.60171	0.00739
14	0.00982	0.00842	0.00842	0.00842	0.01122	0.00701	0.00631	0.01192	0.01894	0.02244	0.08416	0.07995	0.65285	0.02104	0.00982	0.00281	0.00421	0.01753	0.00771	0.00701
15	0.03158	0.02327	0.02493	0.01911	0.02576	0.02576	0.01579	0.62852	0.03906	0.05236	0.01995	0.01995	0.01413	0.00997	0.00831	0.00249	0.00914	0.00748	0.00831	0.01413
16	0.01252	0.00805	0.00908	0.00908	0.00941	0.00812	0.00538	0.01317	0.01284	0.01822	0.02612	0.05028	0.02859	0.58623	0.06650	0.00749	0.00815	0.01136	0.10389	0.00550
17	0.26886	0.01186	0.01071	0.00978	0.01320	0.01294	0.00773	0.07320	0.01817	0.03492	0.02128	0.02417	0.01656	0.00904	0.00580	0.00220	0.00518	0.00663	0.43907	0.00871
18	0.02920	0.01867	0.02054	0.01612	0.02177	0.01996	0.01319	0.41177	0.03225	0.14423	0.02343	0.02350	0.01660	0.00996	0.00781	0.00239	0.00774	0.00767	0.16036	0.01283
19	0.03158	0.02327	0.02493	0.01911	0.02576	0.02576	0.01579	0.62852	0.03906	0.05236	0.01995	0.01995	0.01413	0.00997	0.00831	0.00249	0.00914	0.00748	0.00831	0.01413
20	0.02686	0.03159	0.01998	0.01820	0.02211	0.49357	0.01370	0.05265	0.02288	0.02321	0.02222	0.02386	0.07717	0.01003	0.00754	0.00219	0.01220	0.00698	0.10377	0.00929
21	0.01208	0.00805	0.00906	0.00906	0.00906	0.00805	0.00503	0.01208	0.01208	0.01611	0.02618	0.05436	0.03020	0.70804	0.04228	0.00805	0.00805	0.01208	0.00503	0.00503
22	0.02394	0.01505	0.01701	0.01392	0.01827	0.01567	0.01109	0.26799	0.02806	0.12271	0.15660	0.03383	0.03076	0.04518	0.00976	0.00268	0.00664	0.00946	0.16032	0.01106
23	0.02318	0.01609	0.01858	0.01469	0.02081	0.01523	0.01172	0.10959	0.16671	0.14686	0.02479	0.05898	0.01934	0.00965	0.00761	0.00212	0.00674	0.00791	0.00731	0.31212
24	0.02278	0.02431	0.02572	0.08181	0.21507	0.21855	0.01864	0.05218	0.01998	0.02462	0.01537	0.04390	0.01349	0.00934	0.01012	0.00242	0.09191	0.00708	0.00449	0.09823

[dist]
# distance from previous block
# <min> <max>
14	42

[block]
# block no. 1 follows, 22 sequences, length 28
# corresponding to MSA columns:
# 148-175
name=unknown_B
#
# <colnr> <probs for GDERKNQSTAVLIFYWHMCP>
#	G	D	E	R	K	N	Q	S	T	A	V	L	I	F	Y	W	H	M	C	P
0	0.02485	0.14830	0.11308	0.02468	0.05729	0.31667	0.14877	0.02918	0.02063	0.02259	0.01385	0.01686	0.01119	0.00785	0.00771	0.00230	0.01319	0.00634	0.00404	0.01062
1	0.12340	0.17958	0.16471	0.02546	0.18992	0.04617	0.01948	0.05166	0.01858	0.02717	0.01954	0.02181	0.06230	0.00873	0.00718	0.00238	0.00939	0.00680	0.00448	0.01126
2	0.01861	0.01832	0.02705	0.12913	0.40829	0.06318	0.02091	0.02290	0.01893	0.02496	0.02814	0.03151	0.13244	0.01016	0.00848	0.00255	0.00934	0.00915	0.00474	0.01122
3	0.21266	0.26998	0.07705	0.01480	0.02043	0.09850	0.01368	0.02396	0.01634	0.02469	0.01398	0.01751	0.01212	0.01783	0.13112	0.00426	0.01173	0.00553	0.00421	0.00963
4	0.02086	0.03018	0.24848	0.02678	0.08749	0.10195	0.15117	0.03008	0.11259	0.05015	0.01844	0.02097	0.01384	0.00864	0.00925	0.00266	0.04227	0.00755	0.00480	0.01185
5	0.01876	0.01410	0.01655	0.01418	0.01761	0.01463	0.01091	0.19348	0.02204	0.03004	0.02955	0.15691	0.08894	0.04790	0.01499	0.10679	0.06344	0.01135	0.00645	0.12140
6	0.02018	0.21388	0.17069	0.03514	0.35101	0.02323	0.02352	0.02550	0.01807	0.02489	0.01436	0.01794	0.01192	0.00743	0.00736	0.00231	0.01011	0.00633	0.00383	0.01229
7	0.01015	0.00759	0.00956	0.01095	0.01201	0.00701	0.00754	0.01183	0.01646	0.02138	0.05324	0.52384	0.18939	0.02688	0.04693	0.00379	0.00564	0.02142	0.00753	0.00684
8	0.02662	0.02675	0.02833	0.03368	0.29987	0.22273	0.02009	0.18321	0.02553	0.03154	0.01588	0.01869	0.01265	0.00842	0.00802	0.00237	0.01125	0.00679	0.00525	0.01232
9	0.02069	0.02171	0.02576	0.03091	0.25664	0.16434	0.01892	0.02396	0.01754	0.02258	0.01528	0.02114	0.01360	0.01979	0.14086	0.00475	0.15982	0.00721	0.00411	0.01040
10	0.01012	0.00723	0.00964	0.01157	0.01205	0.00675	0.00771	0.01157	0.01591	0.02121	0.04579	0.70262	0.05495	0.02603	0.01060	0.00337	0.00482	0.02362	0.00771	0.00675
11	0.01019	0.00843	0.00892	0.00880	0.01145	0.00717	0.00660	0.01263	0.01980	0.02450	0.19153	0.07656	0.54419	0.02027	0.00981	0.00277	0.00415	0.01706	0.00799	0.00717
12	0.76672	0.01607	0.01221	0.01092	0.01607	0.01864	0.00900	0.02442	0.01414	0.03727	0.01157	0.01350	0.00900	0.00771	0.00514	0.00257	0.00643	0.00450	0.00514	0.00900
13	0.03106	0.03878	0.02361	0.02129	0.02569	0.64246	0.01604	0.06274	0.02431	0.02192	0.01319	0.01523	0.01087	0.00863	0.00753	0.00216	0.01469	0.00546	0.00448	0.00985
14	0.01111	0.00847	0.01021	0.00977	0.01202	0.00756	0.00733	0.01443	0.02199	0.02970	0.46298	0.06801	0.26950	0.01833	0.00980	0.00268	0.00402	0.01586	0.00867	0.00756
15	0.01196	0.00855	0.01157	0.01157	0.01244	0.00942	0.00816	0.01369	0.01282	0.01797	0.02388	0.04166	0.02469	0.33042	0.41237	0.01115	0.01636	0.01022	0.00469	0.00643
16	0.00982	0.00842	0.00842	0.00842	0.01122	0.00701	0.00631	0.01192	0.01894	0.02244	0.08416	0.07995	0.65285	0.02104	0.00982	0.00281	0.00421	0.01753	0.00771	0.00701
17	0.76672	0.01607	0.01221	0.01092	0.01607	0.01864	0.00900	0.02442	0.01414	0.03727	0.01157	0.01350	0.00900	0.00771	0.00514	0.00257	0.00643	0.00450	0.00514	0.00900
18	0.01949	0.02012	0.06654	0.04610	0.57068	0.01870	0.02426	0.02446	0.01884	0.02672	0.02104	0.02512	0.06391	0.00851	0.00833	0.00250	0.00955	0.00814	0.00437	0.01262
19	0.01132	0.00847	0.01049	0.00999	0.01214	0.00765	0.00749	0.01482	0.02247	0.03083	0.52240	0.06614	0.20937	0.01791	0.00980	0.00266	0.00399	0.01560	0.00882	0.00765
20	0.01047	0.00760	0.00989	0.01109	0.01207	0.00702	0.00764	0.01253	0.01785	0.02405	0.18667	0.51284	0.10228	0.02361	0.01036	0.00316	0.00457	0.02123	0.00804	0.00702
21	0.02008	0.02122	0.02446	0.19842	0.17524	0.18029	0.01912	0.02386	0.01793	0.02189	0.01558	0.02166	0.01326	0.01877	0.13442	0.00459	0.06810	0.00716	0.00407	0.00987
22	0.01493	0.00919	0.01217	0.01128	0.01373	0.00842	0.00865	0.01864	0.02299	0.11025	0.51735	0.08813	0.06863	0.01686	0.00974	0.00270	0.00454	0.04410	0.00915	0.00856
23	0.53603	0.02434	0.21299	0.01485	0.02218	0.01884	0.01567	0.02500	0.01518	0.03390	0.01259	0.01474	0.00947	0.00777	0.00599	0.00259	0.00823	0.00500	0.00464	0.01001
24	0.53534	0.02256	0.06136	0.01598	0.05443	0.14155	0.01275	0.02625	0.01640	0.03277	0.01226	0.01445	0.00965	0.00787	0.00594	0.00249	0.00863	0.00493	0.00481	0.00957
25	0.02631	0.03235	0.07293	0.02003	0.02509	0.39652	0.01621	0.03642	0.23653	0.02579	0.02025	0.02072	0.01575	0.00944	0.00786	0.00241	0.01186	0.00681	0.00566	0.01106
26	0.02209	0.01841	0.07396	0.01516	0.01937	0.06729	0.01265	0.16050	0.02352	0.11853	0.14632	0.03671	0.03070	0.17328	0.01709	0.00384	0.03358	0.00986	0.00707	0.01007
27	0.08322	0.13223	0.02299	0.01636	0.02142	0.14377	0.01325	0.08616	0.23758	0.06288	0.07767	0.02541	0.02240	0.01015	0.00761	0.00245	0.00852	0.00773	0.00677	0.01143

[dist]
# distance from previous block
# <min> <max>
0	5

[block]
# block no. 2 follows, 22 sequences, length 93
# corresponding to MSA columns:
# 181-273
name=unknown_C
#
# <colnr> <probs for GDERKNQSTAVLIFYWHMCP>
#	G	D	E	R	K	N	Q	S	T	A	V	L	I	F	Y	W	H	M	C	P
0	0.02714	0.23910	0.02869	0.01866	0.02356	0.44270	0.01500	0.02940	0.02109	0.02015	0.01443	0.05568	0.01334	0.00917	0.00703	0.00211	0.01255	0.00617	0.00427	0.00977
1	0.01656	0.01314	0.01384	0.01229	0.01612	0.01326	0.00957	0.17138	0.09352	0.03130	0.05960	0.10283	0.37929	0.01750	0.00934	0.00277	0.00576	0.01450	0.00795	0.00948
2	0.01051	0.00826	0.00954	0.00991	0.01200	0.00729	0.00735	0.01296	0.01930	0.02464	0.19455	0.20456	0.37199	0.02131	0.01007	0.00294	0.00448	0.05315	0.00801	0.00717
3	0.01645	0.01503	0.02430	0.06940	0.38890	0.01494	0.01869	0.02021	0.01804	0.02480	0.03099	0.19981	0.09627	0.01371	0.00901	0.00275	0.00801	0.01265	0.00541	0.01064
4	0.76672	0.01607	0.01221	0.01092	0.01607	0.01864	0.00900	0.02442	0.01414	0.03727	0.01157	0.01350	0.00900	0.00771	0.00514	0.00257	0.00643	0.00450	0.00514	0.00900
5	0.02056	0.01974	0.03372	0.05099	0.65622	0.01974	0.02550	0.02550	0.01892	0.02714	0.01563	0.02056	0.01316	0.00740	0.00822	0.00247	0.00987	0.00740	0.00411	0.01316
6	0.02675	0.31370	0.06352	0.01844	0.02442	0.34139	0.01601	0.06511	0.02145	0.02222	0.01284	0.01473	0.01088	0.00802	0.00668	0.00204	0.01201	0.00515	0.00419	0.01045
7	0.01063	0.00845	0.00954	0.00927	0.01172	0.00736	0.00695	0.01350	0.02086	0.02700	0.32238	0.07244	0.41178	0.01934	0.00981	0.00272	0.00409	0.01648	0.00831	0.00736
8	0.00982	0.00842	0.00842	0.00842	0.01122	0.00701	0.00631	0.01192	0.01894	0.02244	0.08416	0.07995	0.65285	0.02104	0.00982	0.00281	0.00421	0.01753	0.00771	0.00701
9	0.76672	0.01607	0.01221	0.01092	0.01607	0.01864	0.00900	0.02442	0.01414	0.03727	0.01157	0.01350	0.00900	0.00771	0.00514	0.00257	0.00643	0.00450	0.00514	0.00900
10	0.00982	0.00842	0.00842	0.00842	0.01122	0.00701	0.00631	0.01192	0.01894	0.02244	0.08416	0.07995	0.65285	0.02104	0.00982	0.00281	0.00421	0.01753	0.00771	0.00701
11	0.01184	0.00809	0.00899	0.00899	0.00929	0.00794	0.00517	0.01206	0.01281	0.01678	0.03231	0.05707	0.09604	0.63541	0.03885	0.00750	0.00765	0.01266	0.00532	0.00524
12	0.02066	0.01785	0.01878	0.01691	0.02160	0.02066	0.01315	0.04414	0.64121	0.03475	0.03381	0.03099	0.02536	0.01127	0.00845	0.00282	0.00657	0.00939	0.00845	0.01315
13	0.01028	0.00762	0.00959	0.01081	0.01194	0.00694	0.00746	0.01218	0.01749	0.02303	0.13269	0.49819	0.17365	0.02388	0.01035	0.00316	0.00458	0.02131	0.00790	0.00694
14	0.02839	0.03457	0.02611	0.02888	0.18508	0.50913	0.01844	0.03123	0.02237	0.02205	0.01355	0.01639	0.01132	0.00827	0.00768	0.00222	0.01369	0.00587	0.00424	0.01052
15	0.02444	0.01737	0.01837	0.01513	0.01993	0.01914	0.01216	0.32503	0.14874	0.04226	0.02486	0.02553	0.01854	0.01013	0.00756	0.00238	0.00700	0.00793	0.24156	0.01194
16	0.01973	0.01889	0.03221	0.15992	0.55381	0.01952	0.02508	0.02477	0.01852	0.02613	0.01548	0.02083	0.01280	0.00756	0.00824	0.00252	0.01008	0.00740	0.00404	0.01249
17	0.01031	0.00843	0.00910	0.00893	0.01152	0.00722	0.00670	0.01287	0.02009	0.02519	0.22766	0.07543	0.50763	0.02001	0.00981	0.00276	0.00413	0.01690	0.00808	0.00722
18	0.02052	0.02238	0.02240	0.05751	0.14106	0.21779	0.01658	0.02334	0.01883	0.02219	0.02734	0.06009	0.11627	0.01302	0.01243	0.00279	0.15021	0.04078	0.00495	0.00952
19	0.02504	0.02824	0.02936	0.03832	0.38628	0.30013	0.02145	0.02878	0.02090	0.02423	0.01443	0.01817	0.01211	0.00790	0.00791	0.00233	0.01206	0.00652	0.00418	0.01165
20	0.02221	0.71304	0.04353	0.01421	0.02132	0.03287	0.01421	0.02488	0.01688	0.01955	0.01155	0.01333	0.01066	0.00711	0.00533	0.00178	0.00888	0.00444	0.00355	0.01066
21	0.01831	0.02190	0.10441	0.02340	0.15912	0.11767	0.01657	0.02572	0.12558	0.02559	0.03740	0.03802	0.19094	0.01478	0.04154	0.00313	0.00947	0.01012	0.00581	0.01052
22	0.00991	0.00842	0.00855	0.00852	0.01128	0.00705	0.00639	0.01211	0.01916	0.02298	0.11224	0.07906	0.62443	0.02084	0.00982	0.00280	0.00419	0.01741	0.00779	0.00705
23	0.01055	0.00832	0.00959	0.01014	0.01226	0.00737	0.00764	0.01294	0.01888	0.02378	0.13913	0.20708	0.38795	0.02181	0.01018	0.00302	0.00472	0.08960	0.00788	0.00713
24	0.01909	0.01239	0.01492	0.01330	0.01686	0.01259	0.01029	0.02890	0.21639	0.14708	0.32104	0.07313	0.05035	0.01436	0.00915	0.00270	0.00536	0.01242	0.00907	0.01059
25	0.01723	0.01477	0.01723	0.01230	0.01969	0.01107	0.00984	0.02092	0.01723	0.02707	0.01477	0.01723	0.01230	0.00615	0.00615	0.00123	0.00615	0.00492	0.00492	0.75883
26	0.01187	0.00890	0.01335	0.01335	0.01483	0.01038	0.01038	0.01483	0.01335	0.01928	0.02225	0.03264	0.02077	0.06231	0.67512	0.01335	0.02225	0.00890	0.00445	0.00742
27	0.01789	0.01797	0.02709	0.02261	0.02361	0.02392	0.08190	0.02033	0.01349	0.02064	0.01232	0.01963	0.01177	0.01708	0.07071	0.00423	0.57419	0.00765	0.00375	0.00919
28	0.02250	0.54314	0.07254	0.01542	0.02250	0.03019	0.01510	0.07586	0.08904	0.02427	0.01492	0.01608	0.01259	0.00785	0.00606	0.00200	0.00883	0.00534	0.00449	0.01131
29	0.01040	0.00844	0.00922	0.00903	0.01158	0.00726	0.00677	0.01305	0.02031	0.02570	0.25450	0.07458	0.48048	0.01982	0.00981	0.00275	0.00412	0.01678	0.00814	0.00726
30	0.01039	0.00844	0.00920	0.00901	0.01157	0.00725	0.00676	0.01302	0.02027	0.02562	0.25018	0.07472	0.48484	0.01985	0.00981	0.00275	0.00412	0.01680	0.00813	0.00725
31	0.01781	0.04136	0.62895	0.02318	0.03513	0.01890	0.02966	0.02710	0.01789	0.06179	0.01591	0.01814	0.01108	0.00803	0.00792	0.00263	0.01199	0.00626	0.00389	0.01238
32	0.01187	0.00890	0.01335	0.01335	0.01483	0.01038	0.01038	0.01483	0.01335	0.01928	0.02225	0.03264	0.02077	0.06231	0.67512	0.01335	0.02225	0.00890	0.00445	0.00742
33	0.01793	0.01540	0.01755	0.01325	0.02008	0.01304	0.01052	0.02568	0.14508	0.02864	0.01867	0.02005	0.01498	0.00720	0.00662	0.00156	0.00624	0.00584	0.00565	0.60604
34	0.02157	0.01734	0.01464	0.01308	0.01638	0.14805	0.01011	0.13972	0.02262	0.03223	0.02250	0.02566	0.01771	0.01266	0.04673	0.00277	0.00827	0.00727	0.41136	0.00935
35	0.02682	0.02908	0.02079	0.01816	0.02274	0.37384	0.01399	0.17932	0.02652	0.02886	0.02925	0.02955	0.14315	0.01147	0.00817	0.00237	0.01130	0.00838	0.00600	0.01023
36	0.02088	0.32600	0.07417	0.02455	0.15262	0.05443	0.01861	0.02420	0.01657	0.02166	0.01248	0.01636	0.01123	0.00916	0.01172	0.00246	0.18245	0.00591	0.00372	0.01083
37	0.01087	0.00799	0.01036	0.01198	0.01318	0.00748	0.00888	0.01300	0.01717	0.02230	0.05140	0.45542	0.14759	0.02449	0.01069	0.00339	0.00542	0.16369	0.00770	0.00701
38	0.02487	0.02790	0.02954	0.03883	0.39698	0.28902	0.02161	0.02865	0.02082	0.02434	0.01448	0.01827	0.01215	0.00788	0.00792	0.00233	0.01197	0.00656	0.00418	0.01171
39	0.02640	0.03019	0.02513	0.02787	0.18394	0.39352	0.01782	0.07091	0.02238	0.02418	0.01504	0.01861	0.01263	0.01405	0.07832	0.00343	0.01405	0.00639	0.00454	0.01060
40	0.02274	0.67270	0.04233	0.01465	0.02158	0.07132	0.01432	0.02537	0.01728	0.01959	0.01163	0.01343	0.01066	0.00719	0.00546	0.00180	0.00925	0.00450	0.00360	0.01060
41	0.01566	0.02002	0.15227	0.01924	0.02227	0.01893	0.01802	0.01949	0.01393	0.02104	0.01568	0.02309	0.01427	0.02984	0.24934	0.00682	0.31941	0.00761	0.00389	0.00916
42	0.02160	0.01467	0.05579	0.01787	0.08524	0.01295	0.01275	0.10223	0.02075	0.18741	0.03102	0.22871	0.02998	0.12289	0.01424	0.00364	0.00744	0.01309	0.00739	0.01033
43	0.01054	0.00755	0.01001	0.01129	0.01214	0.00702	0.00774	0.01261	0.01783	0.02427	0.19899	0.54069	0.06087	0.02374	0.01040	0.00318	0.00459	0.02144	0.00807	0.00702
44	0.01549	0.00774	0.00774	0.00774	0.00968	0.00774	0.00581	0.01936	0.01742	0.03097	0.02710	0.03097	0.02129	0.00968	0.00581	0.00194	0.00387	0.00774	0.75416	0.00774
45	0.06621	0.01399	0.01866	0.01445	0.02064	0.01230	0.01190	0.03883	0.02337	0.61102	0.05681	0.02903	0.02242	0.01045	0.00828	0.00257	0.00692	0.00846	0.01003	0.01367
46	0.02139	0.01338	0.01546	0.01334	0.01768	0.01336	0.01051	0.06637	0.19314	0.19109	0.14533	0.04686	0.18843	0.01430	0.00898	0.00270	0.00584	0.01195	0.00883	0.01107
47	0.01088	0.00755	0.00941	0.01059	0.01089	0.00725	0.00667	0.01177	0.01442	0.01923	0.03817	0.45098	0.04534	0.29078	0.02290	0.00519	0.00608	0.01914	0.00667	0.00608
48	0.01569	0.01477	0.02492	0.68808	0.05722	0.01846	0.02307	0.02123	0.01661	0.02123	0.01477	0.02215	0.01107	0.00831	0.00831	0.00277	0.01107	0.00738	0.00369	0.00923
49	0.02765	0.02073	0.02375	0.01873	0.02450	0.02257	0.04473	0.50285	0.03450	0.04624	0.02381	0.12617	0.02040	0.01232	0.00874	0.00265	0.00871	0.01010	0.00801	0.01284
50	0.01135	0.00775	0.00928	0.01000	0.01018	0.00756	0.00604	0.01189	0.01351	0.01802	0.03352	0.29711	0.03947	0.45266	0.03042	0.00630	0.00684	0.01640	0.00604	0.00568
51	0.01187	0.00890	0.01335	0.01335	0.01483	0.01038	0.01038	0.01483	0.01335	0.01928	0.02225	0.03264	0.02077	0.06231	0.67512	0.01335	0.02225	0.00890	0.00445	0.00742
52	0.01666	0.04297	0.66500	0.02368	0.03596	0.01929	0.03069	0.02631	0.01754	0.02631	0.01491	0.01754	0.01052	0.00789	0.00789	0.00263	0.01228	0.00614	0.00351	0.01228
53	0.03302	0.02096	0.02350	0.01802	0.02461	0.02234	0.01488	0.47987	0.03520	0.20646	0.02319	0.02205	0.01575	0.01005	0.00832	0.00251	0.00862	0.00770	0.00881	0.01413
54	0.01506	0.01359	0.01947	0.01763	0.01836	0.01801	0.01433	0.01745	0.01303	0.01964	0.01651	0.02532	0.01578	0.03813	0.34725	0.00843	0.36162	0.00808	0.00404	0.00826
55	0.01012	0.00809	0.00909	0.00982	0.01182	0.00707	0.00716	0.01210	0.01796	0.02218	0.06946	0.28280	0.42503	0.02276	0.01017	0.00305	0.00460	0.05204	0.00771	0.00696
56	0.01549	0.00774	0.00774	0.00774	0.00968	0.00774	0.00581	0.01936	0.01742	0.03097	0.02710	0.03097	0.02129	0.00968	0.00581	0.00194	0.00387	0.00774	0.75416	0.00774
57	0.01068	0.00764	0.00986	0.01133	0.01206	0.00720	0.00776	0.01227	0.01616	0.02143	0.07044	0.51253	0.08427	0.11089	0.01458	0.00394	0.00538	0.06750	0.00743	0.00666
58	0.03142	0.02815	0.02452	0.01980	0.02574	0.21987	0.01587	0.45044	0.03442	0.04278	0.01782	0.01846	0.01310	0.00955	0.00807	0.00239	0.01089	0.00684	0.00710	0.01278
59	0.02293	0.01653	0.01848	0.01542	0.01997	0.01783	0.01220	0.24444	0.18467	0.08356	0.19285	0.03632	0.03536	0.04858	0.01052	0.00290	0.00690	0.01027	0.00854	0.01173
60	0.00991	0.00804	0.00880	0.00940	0.01148	0.00693	0.00675	0.01181	0.01799	0.02206	0.07216	0.27465	0.46589	0.02260	0.01006	0.00298	0.00440	0.01944	0.00771	0.00693
61	0.02758	0.02887	0.02664	0.02846	0.18750	0.29692	0.01856	0.18078	0.02552	0.03015	0.01522	0.01789	0.01221	0.00904	0.00927	0.00242	0.05958	0.00655	0.00521	0.01164
62	0.01727	0.01519	0.01292	0.01226	0.01467	0.14569	0.00936	0.02020	0.01815	0.02495	0.03359	0.03660	0.14055	0.01878	0.09512	0.00373	0.05080	0.00927	0.31287	0.00803
63	0.02041	0.01829	0.02020	0.14715	0.05869	0.10244	0.01479	0.16120	0.02424	0.03151	0.15055	0.03217	0.06206	0.01381	0.04317	0.00300	0.00941	0.00915	0.00634	0.07144
64	0.02441	0.10093	0.02397	0.02174	0.10496	0.34935	0.01509	0.05883	0.02212	0.02329	0.02806	0.02912	0.14278	0.01089	0.00788	0.00230	0.01115	0.00813	0.00510	0.00991
65	0.02089	0.02087	0.03078	0.09021	0.50854	0.08828	0.02359	0.02550	0.01926	0.02587	0.01701	0.02456	0.01488	0.00854	0.00835	0.00254	0.01036	0.04350	0.00432	0.01217
66	0.01202	0.01503	0.14428	0.01387	0.01709	0.00967	0.01230	0.01513	0.01597	0.02211	0.03606	0.46806	0.04137	0.08170	0.01262	0.00352	0.00671	0.01801	0.00646	0.04802
67	0.02237	0.10347	0.15901	0.02922	0.11545	0.18978	0.21067	0.02791	0.01984	0.02426	0.01471	0.01836	0.01158	0.00764	0.00816	0.00245	0.01284	0.00707	0.00401	0.01121
68	0.01187	0.00890	0.01335	0.01335	0.01483	0.01038	0.01038	0.01483	0.01335	0.01928	0.02225	0.03264	0.02077	0.06231	0.67512	0.01335	0.02225	0.00890	0.00445	0.00742
69	0.01018	0.00833	0.00899	0.00903	0.01150	0.00714	0.00669	0.01255	0.01949	0.02425	0.18058	0.12776	0.50318	0.02074	0.00988	0.00282	0.00421	0.01759	0.00797	0.00714
70	0.03415	0.01423	0.01879	0.01477	0.02078	0.01287	0.01208	0.03954	0.08905	0.56198	0.06605	0.03037	0.02417	0.01075	0.00844	0.00260	0.00685	0.00882	0.01003	0.01370
71	0.01007	0.00850	0.00876	0.00890	0.01164	0.00719	0.00681	0.01229	0.01895	0.02261	0.08135	0.08091	0.61055	0.02117	0.00993	0.00288	0.00445	0.05827	0.00771	0.00706
72	0.01208	0.00805	0.00906	0.00906	0.00906	0.00805	0.00503	0.01208	0.01208	0.01611	0.02618	0.05436	0.03020	0.70804	0.04228	0.00805	0.00805	0.01208	0.00503	0.00503
73	0.03144	0.01637	0.01984	0.01583	0.02171	0.01634	0.01287	0.15366	0.15323	0.38279	0.06278	0.02898	0.02332	0.01077	0.00844	0.00261	0.00720	0.00875	0.00947	0.01361
74	0.02253	0.37282	0.09867	0.01812	0.02374	0.15410	0.01704	0.02562	0.01738	0.02047	0.01201	0.01506	0.01070	0.00899	0.01050	0.00231	0.15055	0.00537	0.00371	0.01030
75	0.02460	0.44974	0.03740	0.01727	0.02391	0.11477	0.05131	0.12017	0.04553	0.02573	0.01419	0.01580	0.01189	0.00790	0.00646	0.00204	0.00994	0.00554	0.00461	0.01119
76	0.00994	0.00842	0.00858	0.00854	0.01129	0.00706	0.00641	0.01215	0.01922	0.02311	0.11893	0.07885	0.61767	0.02079	0.00982	0.00279	0.00419	0.01738	0.00780	0.00706
77	0.01332	0.00959	0.01071	0.01045	0.01182	0.00947	0.00692	0.07713	0.01704	0.02217	0.04099	0.17478	0.16062	0.36846	0.02623	0.00553	0.00679	0.01483	0.00642	0.00671
78	0.01839	0.02458	0.16159	0.02970	0.06935	0.01878	0.37726	0.02502	0.01847	0.02600	0.01672	0.02274	0.01325	0.04910	0.01091	0.00290	0.01227	0.00859	0.00419	0.09019
79	0.01128	0.00847	0.01044	0.00995	0.01212	0.00763	0.00746	0.01475	0.02238	0.03063	0.51167	0.06647	0.22023	0.01798	0.00980	0.00266	0.00399	0.01564	0.00879	0.00763
80	0.01012	0.00723	0.00964	0.01157	0.01205	0.00675	0.00771	0.01157	0.01591	0.02121	0.04579	0.70262	0.05495	0.02603	0.01060	0.00337	0.00482	0.02362	0.00771	0.00675
81	0.01723	0.01477	0.01723	0.01230	0.01969	0.01107	0.00984	0.02092	0.01723	0.02707	0.01477	0.01723	0.01230	0.00615	0.00615	0.00123	0.00615	0.00492	0.00492	0.75883
82	0.01145	0.00779	0.00925	0.00987	0.01003	0.00763	0.00590	0.01191	0.01332	0.01776	0.03254	0.26475	0.03823	0.48670	0.03200	0.00654	0.00700	0.01582	0.00590	0.00559
83	0.01012	0.00723	0.00964	0.01157	0.01205	0.00675	0.00771	0.01157	0.01591	0.02121	0.04579	0.70262	0.05495	0.02603	0.01060	0.00337	0.00482	0.02362	0.00771	0.00675
84	0.02022	0.01939	0.03310	0.09553	0.61435	0.01965	0.02533	0.02520	0.01875	0.02673	0.01557	0.02067	0.01301	0.00747	0.00823	0.00249	0.00995	0.00740	0.00408	0.01288
85	0.01053	0.00760	0.01007	0.01189	0.01268	0.00713	0.00838	0.01233	0.01649	0.02175	0.04755	0.59030	0.08518	0.02536	0.01068	0.00340	0.00516	0.09894	0.00770	0.00688
86	0.01022	0.00731	0.00973	0.01150	0.01207	0.00681	0.00772	0.01181	0.01636	0.02193	0.08209	0.66425	0.05635	0.02548	0.01056	0.00333	0.00477	0.02310	0.00780	0.00681
87	0.01113	0.00846	0.01042	0.01166	0.01317	0.00800	0.00855	0.01429	0.05066	0.02281	0.05432	0.41717	0.19961	0.02352	0.01043	0.00327	0.00521	0.11226	0.00774	0.00730
88	0.01661	0.01497	0.02315	0.14459	0.29402	0.01533	0.01817	0.04465	0.01983	0.02667	0.09895	0.04101	0.16024	0.01225	0.00888	0.00266	0.00810	0.03385	0.00566	0.01040
89	0.01950	0.02202	0.06474	0.30899	0.16499	0.10534	0.14657	0.02499	0.01863	0.02362	0.01511	0.02071	0.01171	0.00788	0.00847	0.00263	0.01202	0.00755	0.00395	0.01061
90	0.02050	0.01990	0.03466	0.05001	0.61869	0.01982	0.06228	0.02556	0.01896	0.02711	0.01570	0.02067	0.01313	0.00738	0.00832	0.00249	0.01012	0.00755	0.00412	0.01304
91	0.01186	0.00840	0.01065	0.01051	0.01145	0.00861	0.00716	0.01360	0.01515	0.02092	0.16110	0.05109	0.06348	0.35479	0.20792	0.00813	0.01091	0.01206	0.00586	0.00637
92	0.01502	0.01074	0.01247	0.01204	0.01355	0.01119	0.00825	0.11517	0.04278	0.02460	0.03138	0.24932	0.03460	0.31814	0.05841	0.00574	0.00790	0.01466	0.00652	0.00752

[dist]
# distance from previous block
# <min> <max>
0	1

[block]
# block no. 3 follows, 22 sequences, length 13
# corresponding to MSA columns:
# 275-287
name=unknown_D
#
# <colnr> <probs for GDERKNQSTAVLIFYWHMCP>
#	G	D	E	R	K	N	Q	S	T	A	V	L	I	F	Y	W	H	M	C	P
0	0.00996	0.00842	0.00861	0.00856	0.01131	0.00707	0.00642	0.01219	0.01927	0.02322	0.12504	0.07866	0.61148	0.02075	0.00982	0.00279	0.00419	0.01735	0.00782	0.00707
1	0.01251	0.01793	0.19919	0.01489	0.01899	0.01079	0.01443	0.01639	0.01638	0.02246	0.03670	0.33628	0.07516	0.10228	0.01366	0.00373	0.00757	0.06625	0.00617	0.00823
2	0.01043	0.00825	0.00939	0.00951	0.01170	0.00721	0.00698	0.01295	0.01978	0.02539	0.24210	0.17381	0.39176	0.02066	0.00994	0.00284	0.00422	0.01778	0.00813	0.00721
3	0.01208	0.00805	0.00906	0.00906	0.00906	0.00805	0.00503	0.01208	0.01208	0.01611	0.02618	0.05436	0.03020	0.70804	0.04228	0.00805	0.00805	0.01208	0.00503	0.00503
4	0.01012	0.00723	0.00964	0.01157	0.01205	0.00675	0.00771	0.01157	0.01591	0.02121	0.04579	0.70262	0.05495	0.02603	0.01060	0.00337	0.00482	0.02362	0.00771	0.00675
5	0.02601	0.01925	0.02091	0.01602	0.02229	0.01988	0.01308	0.40149	0.03093	0.04339	0.01950	0.02058	0.01453	0.00897	0.00746	0.00211	0.00775	0.00686	0.09719	0.20178
6	0.02610	0.02732	0.06464	0.06809	0.23197	0.20309	0.02028	0.19900	0.02572	0.03204	0.01599	0.01875	0.01248	0.00853	0.00803	0.00241	0.01129	0.00678	0.00529	0.01218
7	0.02299	0.12263	0.18423	0.02906	0.20872	0.02021	0.07342	0.02959	0.05309	0.14795	0.01925	0.02102	0.01421	0.00821	0.00791	0.00248	0.00995	0.00718	0.00531	0.01261
8	0.02352	0.10934	0.02449	0.01799	0.02268	0.28122	0.01444	0.02611	0.01884	0.02212	0.01287	0.01604	0.01120	0.00884	0.01063	0.00212	0.14166	0.00549	0.00425	0.22614
9	0.08244	0.04994	0.01568	0.01236	0.01617	0.01516	0.00972	0.19249	0.02284	0.03165	0.04028	0.04407	0.21593	0.11506	0.05183	0.00395	0.00764	0.01095	0.05263	0.00922
10	0.23879	0.02760	0.07282	0.01672	0.02140	0.31438	0.01377	0.02637	0.01916	0.02595	0.02030	0.10031	0.04888	0.01099	0.00734	0.00249	0.01050	0.00799	0.00505	0.00919
11	0.02000	0.02085	0.04013	0.04219	0.34557	0.02063	0.29493	0.02569	0.01888	0.02650	0.01589	0.02126	0.01278	0.00762	0.00999	0.00268	0.04974	0.00847	0.00413	0.01205
12	0.02406	0.08202	0.02436	0.01834	0.02270	0.15538	0.01497	0.11200	0.05591	0.06158	0.01581	0.01846	0.01289	0.01012	0.01280	0.00248	0.20027	0.00642	0.00529	0.14415

[dist]
# distance from previous block
# <min> <max>
0	49

[block]
# block no. 4 follows, 22 sequences, length 151
# corresponding to MSA columns:
# 337-487
name=unknown_E
#
# <colnr> <probs for GDERKNQSTAVLIFYWHMCP>
#	G	D	E	R	K	N	Q	S	T	A	V	L	I	F	Y	W	H	M	C	P
0	0.01731	0.02312	0.16305	0.09847	0.06494	0.07378	0.07944	0.02350	0.05041	0.02507	0.02935	0.03129	0.13695	0.01031	0.00822	0.00241	0.00950	0.00883	0.00502	0.13902
1	0.01308	0.01108	0.01167	0.01133	0.01457	0.01095	0.00880	0.02114	0.18794	0.02600	0.06692	0.06788	0.42879	0.01856	0.00959	0.00290	0.00516	0.06700	0.00791	0.00874
2	0.01940	0.02526	0.15741	0.03859	0.25973	0.02024	0.30269	0.02616	0.01898	0.02674	0.01604	0.02085	0.01242	0.00731	0.00889	0.00265	0.01222	0.00827	0.00404	0.01210
3	0.02626	0.02028	0.02774	0.03575	0.37432	0.08985	0.02007	0.03159	0.06001	0.19927	0.02112	0.02270	0.01567	0.00856	0.00819	0.00248	0.00946	0.00756	0.00608	0.01304
4	0.01960	0.01778	0.02916	0.03709	0.37696	0.01784	0.08338	0.09322	0.02083	0.02889	0.02282	0.14264	0.02209	0.01162	0.00896	0.00273	0.00923	0.03807	0.00540	0.01170
5	0.01055	0.00741	0.00951	0.01102	0.01139	0.00703	0.00713	0.01168	0.01507	0.02009	0.04149	0.56068	0.04953	0.17536	0.01754	0.00440	0.00553	0.02109	0.00713	0.00637
6	0.01780	0.04010	0.59584	0.02312	0.03440	0.01928	0.02904	0.02668	0.01759	0.05851	0.01560	0.01813	0.01106	0.00839	0.00901	0.00268	0.05041	0.00632	0.00386	0.01219
7	0.01762	0.03629	0.46499	0.02736	0.03838	0.01985	0.22401	0.02641	0.01821	0.02641	0.01552	0.01912	0.01120	0.00760	0.00851	0.00269	0.01284	0.00733	0.00373	0.01193
8	0.01207	0.00810	0.00929	0.00929	0.00937	0.00818	0.00532	0.01223	0.01215	0.01628	0.02596	0.05320	0.02970	0.67339	0.07624	0.00834	0.00882	0.01191	0.00500	0.00516
9	0.01899	0.01953	0.02533	0.02178	0.02205	0.06641	0.01804	0.02082	0.01341	0.02001	0.01103	0.01797	0.01089	0.01416	0.02602	0.00354	0.65007	0.00715	0.00368	0.00912
10	0.00982	0.00842	0.00842	0.00842	0.01122	0.00701	0.00631	0.01192	0.01894	0.02244	0.08416	0.07995	0.65285	0.02104	0.00982	0.00281	0.00421	0.01753	0.00771	0.00701
11	0.02595	0.02152	0.02169	0.01813	0.02363	0.06409	0.01445	0.29146	0.34669	0.04131	0.02660	0.02529	0.01967	0.01055	0.00833	0.00264	0.00819	0.00833	0.00813	0.01334
12	0.11280	0.06513	0.02586	0.02472	0.14699	0.20109	0.01688	0.24583	0.02681	0.03515	0.01574	0.01760	0.01222	0.00867	0.00754	0.00236	0.01055	0.00637	0.00576	0.01193
13	0.01897	0.11859	0.47263	0.02509	0.09516	0.07904	0.02695	0.02667	0.01813	0.02507	0.01440	0.01712	0.01082	0.00781	0.00759	0.00247	0.01188	0.00600	0.00364	0.01194
14	0.02155	0.01541	0.01677	0.01403	0.01806	0.01645	0.01101	0.31072	0.02748	0.03767	0.05822	0.07025	0.10464	0.08816	0.04377	0.00361	0.00782	0.01052	0.11348	0.01038
15	0.01133	0.00869	0.01003	0.01060	0.01260	0.00798	0.00818	0.01354	0.01767	0.02194	0.06090	0.07912	0.35106	0.15459	0.01660	0.00413	0.00598	0.19108	0.00718	0.00682
16	0.01903	0.02817	0.24955	0.03811	0.30587	0.01988	0.16617	0.02603	0.01861	0.02674	0.01566	0.01997	0.01214	0.00747	0.00848	0.00260	0.01164	0.00753	0.00393	0.01241
17	0.05245	0.03632	0.48558	0.02888	0.15598	0.01942	0.05407	0.02608	0.01774	0.02699	0.01497	0.01815	0.01105	0.00775	0.00791	0.00260	0.01161	0.00646	0.00373	0.01225
18	0.01561	0.01497	0.02707	0.41333	0.04525	0.01719	0.13756	0.02087	0.01648	0.02185	0.01680	0.02450	0.01349	0.01988	0.15460	0.00509	0.01409	0.00819	0.00396	0.00922
19	0.01127	0.00847	0.01043	0.00994	0.01211	0.00763	0.00746	0.01473	0.02237	0.03059	0.50941	0.06654	0.22252	0.01800	0.00980	0.00266	0.00399	0.01565	0.00879	0.00763
20	0.02954	0.02167	0.02327	0.01806	0.02401	0.02391	0.01466	0.56391	0.03623	0.04856	0.02060	0.02355	0.01581	0.08315	0.01187	0.00308	0.00903	0.00796	0.00797	0.01317
21	0.01125	0.00938	0.00996	0.01010	0.01269	0.00869	0.00745	0.01592	0.09696	0.02376	0.07034	0.19486	0.45730	0.02078	0.00980	0.00292	0.00463	0.01769	0.00781	0.00774
22	0.01267	0.00971	0.01348	0.19396	0.02273	0.01062	0.01046	0.01446	0.01407	0.01851	0.02696	0.17412	0.02991	0.38282	0.02678	0.00569	0.00823	0.01309	0.00520	0.00651
23	0.02653	0.17370	0.02726	0.01756	0.02366	0.06042	0.01474	0.30601	0.19690	0.03869	0.02150	0.02123	0.01624	0.00962	0.00765	0.00241	0.00870	0.00722	0.00709	0.01286
24	0.01358	0.01399	0.05025	0.01586	0.02047	0.01177	0.14640	0.05067	0.01999	0.02518	0.06011	0.09379	0.41107	0.01691	0.00968	0.00281	0.00710	0.01501	0.00676	0.00859
25	0.02137	0.61134	0.13785	0.01565	0.02354	0.03081	0.01672	0.02509	0.01698	0.02057	0.01206	0.01397	0.01064	0.00723	0.00572	0.00191	0.00940	0.00470	0.00355	0.01091
26	0.01453	0.01314	0.04688	0.01437	0.01777	0.01230	0.01238	0.02333	0.18124	0.02689	0.05024	0.06989	0.19667	0.01864	0.01007	0.00324	0.00672	0.26489	0.00766	0.00916
27	0.03053	0.03777	0.02336	0.02107	0.02548	0.61300	0.01589	0.05960	0.05585	0.02246	0.01422	0.01602	0.01160	0.00876	0.00758	0.00219	0.01430	0.00565	0.00467	0.01001
28	0.01059	0.00845	0.00949	0.00923	0.01169	0.00734	0.00692	0.01342	0.02076	0.02677	0.31003	0.07283	0.42427	0.01943	0.00981	0.00273	0.00409	0.01653	0.00828	0.00734
29	0.01994	0.01863	0.02853	0.02125	0.02832	0.01762	0.21115	0.07828	0.15644	0.03070	0.02003	0.02215	0.01541	0.00787	0.00802	0.00219	0.00904	0.00770	0.00574	0.29099
30	0.01783	0.06661	0.44527	0.02678	0.03762	0.02044	0.21540	0.02634	0.01815	0.02610	0.01535	0.01887	0.01118	0.00758	0.00837	0.00265	0.01266	0.00720	0.00373	0.01187
31	0.01818	0.01818	0.02545	0.02181	0.02181	0.02545	0.01818	0.01999	0.01272	0.01999	0.01091	0.01818	0.01091	0.01454	0.02726	0.00364	0.69284	0.00727	0.00364	0.00909
32	0.01264	0.00953	0.01190	0.01168	0.01397	0.00922	0.00915	0.01810	0.07835	0.03065	0.41956	0.06704	0.13512	0.01802	0.00998	0.00287	0.00487	0.12053	0.00864	0.00819
33	0.01774	0.01782	0.02739	0.02273	0.02400	0.02335	0.09860	0.02036	0.01370	0.02081	0.01282	0.02018	0.01212	0.01829	0.08950	0.00449	0.53533	0.00777	0.00379	0.00920
34	0.02546	0.18136	0.02602	0.01812	0.02282	0.36161	0.01446	0.03117	0.11774	0.02305	0.05060	0.02054	0.01712	0.01187	0.04148	0.00277	0.01211	0.00648	0.00504	0.01020
35	0.01037	0.00844	0.00918	0.00899	0.01156	0.00725	0.00675	0.01299	0.02024	0.02553	0.24564	0.07486	0.48944	0.01989	0.00981	0.00275	0.00413	0.01682	0.00812	0.00725
36	0.02066	0.01785	0.01878	0.01691	0.02160	0.02066	0.01315	0.04414	0.64121	0.03475	0.03381	0.03099	0.02536	0.01127	0.00845	0.00282	0.00657	0.00939	0.00845	0.01315
37	0.03033	0.03642	0.02330	0.02081	0.02526	0.57062	0.01579	0.10359	0.02499	0.02412	0.01407	0.01628	0.01151	0.01087	0.03424	0.00263	0.01457	0.00575	0.00477	0.01008
38	0.26360	0.02063	0.02392	0.13204	0.26547	0.11315	0.01841	0.02559	0.01767	0.02854	0.01378	0.01771	0.01113	0.00781	0.00713	0.00250	0.00967	0.00616	0.00441	0.01069
39	0.01130	0.00734	0.00922	0.01073	0.01153	0.00697	0.00729	0.01327	0.01624	0.02334	0.04170	0.55556	0.04758	0.02245	0.00955	0.00306	0.00461	0.02014	0.17115	0.00697
40	0.76672	0.01607	0.01221	0.01092	0.01607	0.01864	0.00900	0.02442	0.01414	0.03727	0.01157	0.01350	0.00900	0.00771	0.00514	0.00257	0.00643	0.00450	0.00514	0.00900
41	0.01085	0.00846	0.00985	0.00950	0.01186	0.00745	0.00713	0.01393	0.02138	0.02824	0.38697	0.07040	0.34642	0.01888	0.00981	0.00270	0.00405	0.01619	0.00848	0.00745
42	0.02056	0.01974	0.03372	0.05099	0.65622	0.01974	0.02550	0.02550	0.01892	0.02714	0.01563	0.02056	0.01316	0.00740	0.00822	0.00247	0.00987	0.00740	0.00411	0.01316
43	0.02105	0.02048	0.01871	0.01692	0.02110	0.13124	0.01309	0.03735	0.43279	0.03014	0.03501	0.03336	0.09543	0.01210	0.00935	0.00274	0.04054	0.00955	0.00742	0.01164
44	0.00982	0.00842	0.00842	0.00842	0.01122	0.00701	0.00631	0.01192	0.01894	0.02244	0.08416	0.07995	0.65285	0.02104	0.00982	0.00281	0.00421	0.01753	0.00771	0.00701
45	0.01086	0.00811	0.00979	0.01002	0.01163	0.00737	0.00708	0.01325	0.01914	0.02549	0.27962	0.22347	0.22396	0.09602	0.01356	0.00345	0.00467	0.01750	0.00795	0.00704
46	0.01122	0.00847	0.01036	0.00989	0.01208	0.00761	0.00741	0.01463	0.02224	0.03029	0.49389	0.06703	0.23822	0.01811	0.00980	0.00267	0.00400	0.01572	0.00875	0.00761
47	0.01194	0.00863	0.01196	0.01196	0.01296	0.00963	0.00865	0.01394	0.01294	0.01825	0.02353	0.03969	0.02383	0.27198	0.46964	0.01163	0.01764	0.00993	0.00464	0.00664
48	0.01723	0.01477	0.01723	0.01230	0.01969	0.01107	0.00984	0.02092	0.01723	0.02707	0.01477	0.01723	0.01230	0.00615	0.00615	0.00123	0.00615	0.00492	0.00492	0.75883
49	0.02761	0.03397	0.02516	0.02213	0.02564	0.49817	0.04491	0.02990	0.02092	0.02055	0.01259	0.01605	0.01084	0.00983	0.01205	0.00251	0.16748	0.00599	0.00413	0.00958
50	0.05770	0.01024	0.01195	0.01083	0.01439	0.00908	0.00836	0.02063	0.02005	0.19773	0.11221	0.13350	0.32617	0.01763	0.00926	0.00278	0.00515	0.01484	0.00840	0.00910
51	0.02865	0.03370	0.02305	0.02193	0.06006	0.50274	0.01581	0.10034	0.02442	0.02453	0.01675	0.07685	0.01516	0.01021	0.00790	0.00231	0.01311	0.00733	0.00505	0.01010
52	0.01879	0.01507	0.01579	0.01365	0.01804	0.01587	0.01077	0.19434	0.18733	0.03410	0.05287	0.05022	0.30854	0.01536	0.00904	0.00272	0.00622	0.01257	0.00808	0.01063
53	0.02461	0.52980	0.03809	0.01617	0.02251	0.20751	0.01471	0.02713	0.01869	0.01976	0.01190	0.01378	0.01067	0.00750	0.00592	0.00188	0.01054	0.00469	0.00375	0.01038
54	0.01288	0.01107	0.01326	0.01516	0.08844	0.01053	0.01011	0.01833	0.10044	0.02529	0.09167	0.06697	0.41977	0.01815	0.00959	0.00284	0.00545	0.06398	0.00745	0.00862
55	0.03120	0.03447	0.02398	0.02068	0.02571	0.47083	0.01597	0.22020	0.02842	0.03039	0.01507	0.01654	0.01178	0.00900	0.00775	0.00225	0.01315	0.00602	0.00555	0.01104
56	0.01208	0.00874	0.01016	0.00964	0.01226	0.00764	0.00729	0.01504	0.02120	0.05998	0.33136	0.06943	0.36765	0.01870	0.00973	0.00271	0.00423	0.01596	0.00848	0.00774
57	0.01012	0.00723	0.00964	0.01157	0.01205	0.00675	0.00771	0.01157	0.01591	0.02121	0.04579	0.70262	0.05495	0.02603	0.01060	0.00337	0.00482	0.02362	0.00771	0.00675
58	0.02056	0.01974	0.03372	0.05099	0.65622	0.01974	0.02550	0.02550	0.01892	0.02714	0.01563	0.02056	0.01316	0.00740	0.00822	0.00247	0.00987	0.00740	0.00411	0.01316
59	0.01921	0.01836	0.03129	0.22702	0.49071	0.01938	0.02483	0.02432	0.01828	0.02551	0.01539	0.02100	0.01258	0.00765	0.00825	0.00255	0.01020	0.00740	0.00400	0.01207
60	0.02269	0.02593	0.01832	0.01687	0.02041	0.36482	0.01280	0.05659	0.02138	0.02229	0.03066	0.03290	0.15345	0.02182	0.13788	0.00448	0.01373	0.00882	0.00528	0.00887
61	0.00997	0.00842	0.00863	0.00858	0.01131	0.00708	0.00643	0.01222	0.01930	0.02330	0.12900	0.07854	0.60747	0.02072	0.00982	0.00279	0.00419	0.01733	0.00783	0.00708
62	0.01208	0.00805	0.00906	0.00906	0.00906	0.00805	0.00503	0.01208	0.01208	0.01611	0.02618	0.05436	0.03020	0.70804	0.04228	0.00805	0.00805	0.01208	0.00503	0.00503
63	0.02066	0.01785	0.01878	0.01691	0.02160	0.02066	0.01315	0.04414	0.64121	0.03475	0.03381	0.03099	0.02536	0.01127	0.00845	0.00282	0.00657	0.00939	0.00845	0.01315
64	0.01029	0.00829	0.00916	0.00924	0.01159	0.00717	0.00682	0.01273	0.01961	0.02474	0.20742	0.14863	0.45376	0.02071	0.00991	0.00283	0.00421	0.01768	0.00804	0.00717
65	0.03158	0.02327	0.02493	0.01911	0.02576	0.02576	0.01579	0.62852	0.03906	0.05236	0.01995	0.01995	0.01413	0.00997	0.00831	0.00249	0.00914	0.00748	0.00831	0.01413
66	0.03641	0.01552	0.02014	0.01544	0.02190	0.01427	0.01275	0.12973	0.02610	0.56945	0.03083	0.02701	0.01959	0.01024	0.00835	0.00256	0.00738	0.00822	0.00998	0.01414
67	0.01030	0.00730	0.00959	0.01135	0.01178	0.00686	0.00747	0.01161	0.01557	0.02075	0.04405	0.64514	0.05275	0.08651	0.01341	0.00379	0.00511	0.02259	0.00747	0.00660
68	0.03103	0.03959	0.02354	0.02140	0.02568	0.67469	0.01605	0.03317	0.02354	0.02033	0.01284	0.01498	0.01070	0.00856	0.00749	0.00214	0.01498	0.00535	0.00428	0.00963
69	0.03580	0.01650	0.02074	0.01590	0.02238	0.01571	0.01313	0.19237	0.02772	0.50451	0.02946	0.02612	0.01890	0.01020	0.00834	0.00255	0.00760	0.00813	0.00977	0.01414
70	0.02949	0.03707	0.02372	0.05685	0.02714	0.60319	0.01654	0.03179	0.02256	0.02036	0.01283	0.01554	0.01073	0.00888	0.00865	0.00226	0.05302	0.00557	0.00421	0.00958
71	0.00993	0.00799	0.00886	0.00955	0.01152	0.00692	0.00682	0.01179	0.01784	0.02200	0.07029	0.30492	0.43683	0.02284	0.01010	0.00301	0.00443	0.01973	0.00771	0.00692
72	0.01018	0.00843	0.00892	0.00880	0.01144	0.00717	0.00660	0.01262	0.01979	0.02447	0.18997	0.07661	0.54577	0.02028	0.00981	0.00277	0.00415	0.01707	0.00798	0.00717
73	0.01286	0.00799	0.00866	0.00866	0.00936	0.00790	0.00532	0.01405	0.01396	0.02054	0.03009	0.04963	0.06707	0.47504	0.03033	0.00606	0.00668	0.01125	0.20864	0.00589
74	0.01869	0.01560	0.01732	0.01647	0.02041	0.01765	0.01321	0.03683	0.47227	0.03207	0.03658	0.04803	0.03146	0.01444	0.00927	0.00309	0.00687	0.16986	0.00823	0.01166
75	0.01955	0.01314	0.01624	0.01476	0.01799	0.03918	0.01163	0.05712	0.10984	0.13912	0.02536	0.03024	0.02066	0.04049	0.39475	0.00883	0.01622	0.00866	0.00629	0.00992
76	0.02070	0.02553	0.11175	0.02847	0.03490	0.08462	0.32452	0.05965	0.01926	0.02591	0.01503	0.02002	0.01188	0.00915	0.01327	0.00289	0.16911	0.00824	0.00423	0.01086
77	0.01148	0.00799	0.00993	0.01044	0.01114	0.00769	0.00690	0.01303	0.01627	0.02213	0.18115	0.25089	0.04983	0.30827	0.02367	0.00517	0.00609	0.04468	0.00693	0.00633
