[name]
unknown

[dist]
# distance from previous block
# <min> <max>
11	108

[block]
# block no. 0 follows, 23 sequences, length 7
# corresponding to MSA columns:
# 171-177
name=unknown_A
#
# <colnr> <probs for GDERKNQSTAVLIFYWHMCP>
#	G	D	E	R	K	N	Q	S	T	A	V	L	I	F	Y	W	H	M	C	P
0	0.12893	0.01101	0.01310	0.05436	0.01665	0.01116	0.00909	0.02162	0.01629	0.18308	0.02996	0.03819	0.08808	0.21387	0.09207	0.00519	0.00854	0.00955	0.04071	0.00853
1	0.01811	0.01261	0.01431	0.01204	0.01519	0.01231	0.00863	0.15001	0.01932	0.06185	0.02367	0.07847	0.02376	0.34513	0.02363	0.00484	0.00749	0.01000	0.00603	0.15260
2	0.02241	0.01384	0.01606	0.01378	0.01774	0.01401	0.01065	0.19630	0.06384	0.17217	0.03712	0.18198	0.10859	0.07858	0.01182	0.00319	0.00670	0.01269	0.00806	0.01049
3	0.01979	0.01729	0.02080	0.01718	0.02018	0.07714	0.08156	0.17055	0.02030	0.02671	0.01958	0.03162	0.01880	0.25906	0.06695	0.00518	0.10409	0.00900	0.00532	0.00888
4	0.01349	0.00853	0.01037	0.01034	0.01254	0.00779	0.00796	0.01557	0.01819	0.07076	0.13619	0.09405	0.26207	0.01955	0.01212	0.09818	0.00514	0.10324	0.08669	0.00721
5	0.01913	0.01074	0.01323	0.01229	0.01533	0.01070	0.00970	0.05133	0.07695	0.15908	0.09839	0.11580	0.03344	0.01762	0.05745	0.00339	0.00676	0.08583	0.19338	0.00946
6	0.01949	0.02083	0.02032	0.01940	0.06733	0.23896	0.07793	0.02266	0.01858	0.02215	0.02569	0.02973	0.09592	0.02270	0.17408	0.00494	0.01339	0.00844	0.08869	0.00876

[dist]
# distance from previous block
# <min> <max>
2	4

[block]
# block no. 1 follows, 23 sequences, length 18
# corresponding to MSA columns:
# 182-199
name=unknown_B
#
# <colnr> <probs for GDERKNQSTAVLIFYWHMCP>
#	G	D	E	R	K	N	Q	S	T	A	V	L	I	F	Y	W	H	M	C	P
0	0.50649	0.07282	0.15253	0.01631	0.06692	0.01943	0.01471	0.02434	0.01503	0.03221	0.01226	0.01449	0.00951	0.00750	0.00581	0.00246	0.00788	0.00493	0.00451	0.00986
1	0.01495	0.14034	0.08103	0.01282	0.01730	0.01527	0.01154	0.02227	0.13829	0.02717	0.22363	0.04644	0.19028	0.01392	0.00837	0.00249	0.00604	0.01155	0.00696	0.00935
2	0.01513	0.00756	0.00756	0.00756	0.00945	0.00756	0.00567	0.01891	0.01702	0.03025	0.02647	0.03025	0.02080	0.00945	0.00567	0.00189	0.00378	0.00756	0.75988	0.00756
3	0.02169	0.71972	0.04252	0.01388	0.02083	0.03211	0.01388	0.02430	0.01649	0.01909	0.01128	0.01302	0.01041	0.00694	0.00521	0.00174	0.00868	0.00434	0.00347	0.01041
4	0.01180	0.00787	0.00885	0.00885	0.00885	0.00787	0.00492	0.01180	0.01180	0.01573	0.02557	0.05310	0.02950	0.71483	0.04130	0.00787	0.00787	0.01180	0.00492	0.00492
5	0.02904	0.02183	0.02333	0.01830	0.02448	0.02432	0.01499	0.53656	0.14169	0.04823	0.02178	0.02131	0.01566	0.00996	0.00814	0.00249	0.00850	0.00762	0.00814	0.01364
6	0.02292	0.01998	0.02552	0.23034	0.16706	0.06087	0.01934	0.23357	0.08090	0.03338	0.01786	0.02093	0.01347	0.00875	0.00806	0.00252	0.00977	0.00730	0.00567	0.01180
7	0.22751	0.14494	0.25068	0.01628	0.02405	0.01944	0.01764	0.02624	0.01673	0.11845	0.01601	0.01771	0.01189	0.01106	0.04722	0.00303	0.00972	0.00574	0.00487	0.01081
8	0.10229	0.01972	0.04917	0.01576	0.02254	0.01892	0.01340	0.31922	0.02727	0.08772	0.01787	0.01856	0.01307	0.00834	0.00716	0.00209	0.00777	0.00627	0.00675	0.23611
9	0.00989	0.00706	0.00942	0.01130	0.01177	0.00659	0.00753	0.01130	0.01554	0.02071	0.04472	0.70954	0.05367	0.02542	0.01036	0.00330	0.00471	0.02307	0.00753	0.00659
10	0.02726	0.23982	0.02939	0.01816	0.02364	0.26904	0.01516	0.19986	0.02480	0.02843	0.01403	0.01566	0.01139	0.00859	0.00780	0.00215	0.04322	0.00563	0.00505	0.01093
11	0.01096	0.00789	0.01038	0.01057	0.01201	0.00731	0.00762	0.01400	0.02053	0.02867	0.45848	0.27311	0.06907	0.01948	0.00983	0.00280	0.00412	0.01742	0.00847	0.00731
12	0.02572	0.01588	0.01833	0.01514	0.01967	0.01651	0.01187	0.28592	0.05507	0.18636	0.02832	0.15161	0.02480	0.09135	0.01224	0.00323	0.00745	0.01097	0.00811	0.01145
13	0.10333	0.01207	0.01420	0.07757	0.01914	0.01213	0.01021	0.07276	0.04074	0.02791	0.09440	0.17066	0.07009	0.01472	0.00974	0.05808	0.00615	0.01125	0.03245	0.14243
14	0.02301	0.02630	0.16596	0.06811	0.02810	0.10832	0.01860	0.22935	0.10500	0.03384	0.02154	0.02819	0.01756	0.01062	0.00830	0.00263	0.01002	0.07677	0.00617	0.01161
15	0.09283	0.08640	0.38215	0.02221	0.06422	0.16947	0.02327	0.02689	0.01816	0.02498	0.01359	0.01605	0.01032	0.00776	0.00720	0.00239	0.01167	0.00562	0.00379	0.01103
16	0.02429	0.06648	0.02480	0.07486	0.16740	0.37991	0.01712	0.02725	0.02067	0.02157	0.02057	0.02297	0.07970	0.00930	0.00766	0.00226	0.01181	0.00702	0.00442	0.00993
17	0.01760	0.05200	0.13895	0.02307	0.15426	0.12727	0.01694	0.02153	0.01797	0.02307	0.02580	0.21516	0.05277	0.01314	0.00831	0.00253	0.00897	0.01129	0.00512	0.06424

[dist]
# distance from previous block
# <min> <max>
4	36

[block]
# block no. 2 follows, 23 sequences, length 28
# corresponding to MSA columns:
# 236-263
name=unknown_C
#
# <colnr> <probs for GDERKNQSTAVLIFYWHMCP>
#	G	D	E	R	K	N	Q	S	T	A	V	L	I	F	Y	W	H	M	C	P
0	0.05614	0.14229	0.14031	0.01618	0.02139	0.13741	0.01495	0.02425	0.05325	0.06222	0.02352	0.19246	0.02309	0.01499	0.03959	0.00302	0.00963	0.01024	0.00540	0.00967
1	0.02413	0.08414	0.05834	0.08501	0.02628	0.02210	0.01629	0.25306	0.05301	0.09513	0.01847	0.02088	0.01406	0.01383	0.06074	0.00340	0.12624	0.00719	0.00614	0.01156
2	0.02270	0.16714	0.02540	0.11050	0.02649	0.22205	0.01501	0.09167	0.05892	0.02420	0.01589	0.01922	0.01316	0.01548	0.10028	0.00365	0.01235	0.00624	0.00468	0.04497
3	0.02019	0.44654	0.16969	0.01716	0.05068	0.02542	0.01705	0.02424	0.01697	0.05493	0.01624	0.07791	0.01491	0.00895	0.00647	0.00212	0.00896	0.00670	0.00420	0.01068
4	0.06446	0.06599	0.18438	0.01975	0.02617	0.36124	0.01828	0.08071	0.02182	0.02494	0.01716	0.01884	0.04458	0.00885	0.00739	0.00228	0.01223	0.00613	0.00452	0.01031
5	0.06548	0.03178	0.04543	0.11521	0.05998	0.45836	0.01685	0.02900	0.02077	0.02178	0.01306	0.01602	0.01062	0.00806	0.00728	0.00218	0.01280	0.00556	0.00415	0.05565
6	0.01228	0.00858	0.01045	0.00981	0.01223	0.00764	0.00742	0.01550	0.02155	0.06497	0.43969	0.06435	0.26045	0.01749	0.00950	0.00261	0.00409	0.01509	0.00855	0.00774
7	0.01841	0.01825	0.03311	0.24986	0.35303	0.01912	0.14167	0.02380	0.01790	0.02459	0.01522	0.02092	0.01211	0.00743	0.00836	0.00257	0.01079	0.00768	0.00390	0.01128
8	0.01739	0.01736	0.02310	0.06128	0.02267	0.05575	0.01689	0.01956	0.01328	0.01952	0.01250	0.01977	0.01198	0.01995	0.11473	0.00473	0.52991	0.00723	0.00370	0.00869
9	0.01513	0.00756	0.00756	0.00756	0.00945	0.00756	0.00567	0.01891	0.01702	0.03025	0.02647	0.03025	0.02080	0.00945	0.00567	0.00189	0.00378	0.00756	0.75988	0.00756
10	0.01148	0.00829	0.01085	0.01021	0.01212	0.00766	0.00766	0.01531	0.02297	0.03254	0.65994	0.06061	0.07656	0.01659	0.00957	0.00255	0.00383	0.01467	0.00893	0.00766
11	0.01881	0.01949	0.03316	0.03372	0.24077	0.04611	0.20528	0.02320	0.01715	0.02387	0.01739	0.02275	0.03806	0.01205	0.04714	0.00332	0.17467	0.00829	0.00409	0.01068
12	0.01180	0.00787	0.00885	0.00885	0.00885	0.00787	0.00492	0.01180	0.01180	0.01573	0.02557	0.05310	0.02950	0.71483	0.04130	0.00787	0.00787	0.01180	0.00492	0.00492
13	0.02287	0.01877	0.01986	0.01706	0.02212	0.02144	0.01349	0.19291	0.49538	0.03828	0.02961	0.02755	0.02200	0.01069	0.00822	0.00267	0.00705	0.00870	0.00822	0.01308
14	0.02008	0.01928	0.03294	0.04981	0.66422	0.01928	0.02490	0.02490	0.01848	0.02651	0.01526	0.02008	0.01285	0.00723	0.00803	0.00241	0.00964	0.00723	0.00402	0.01285
15	0.77215	0.01569	0.01193	0.01067	0.01569	0.01820	0.00879	0.02385	0.01381	0.03641	0.01130	0.01318	0.00879	0.00753	0.00502	0.00251	0.00628	0.00439	0.00502	0.00879
16	0.01125	0.00774	0.00951	0.01038	0.01075	0.00757	0.00673	0.01216	0.01387	0.01843	0.03427	0.29129	0.03996	0.39464	0.02703	0.00579	0.00670	0.08003	0.00612	0.00579
17	0.01713	0.14875	0.57349	0.02167	0.03287	0.02093	0.02744	0.02548	0.01703	0.02466	0.01404	0.01648	0.01030	0.00759	0.00731	0.00244	0.01147	0.00573	0.00343	0.01174
18	0.01082	0.00837	0.01044	0.01019	0.01229	0.00799	0.00774	0.01376	0.01883	0.02519	0.28740	0.05977	0.27640	0.02920	0.17931	0.00527	0.00845	0.01406	0.00726	0.00726
19	0.01053	0.00742	0.00965	0.01119	0.01171	0.00708	0.00757	0.01190	0.01515	0.02014	0.04109	0.53338	0.04864	0.15003	0.01604	0.00416	0.00554	0.07535	0.00705	0.00637
20	0.01896	0.01667	0.01986	0.18769	0.02987	0.01964	0.01529	0.03747	0.48985	0.03061	0.02833	0.02810	0.02125	0.01028	0.00822	0.00274	0.00753	0.00868	0.00708	0.01188
21	0.01180	0.00787	0.00885	0.00885	0.00885	0.00787	0.00492	0.01180	0.01180	0.01573	0.02557	0.05310	0.02950	0.71483	0.04130	0.00787	0.00787	0.01180	0.00492	0.00492
22	0.01016	0.00824	0.00901	0.00882	0.01131	0.00709	0.00661	0.01275	0.01984	0.02512	0.25643	0.07282	0.48469	0.01936	0.00958	0.00268	0.00402	0.01639	0.00796	0.00709
23	0.01513	0.00756	0.00756	0.00756	0.00945	0.00756	0.00567	0.01891	0.01702	0.03025	0.02647	0.03025	0.02080	0.00945	0.00567	0.00189	0.00378	0.00756	0.75988	0.00756
24	0.01683	0.01442	0.01683	0.01202	0.01923	0.01082	0.00961	0.02043	0.01683	0.02644	0.01442	0.01683	0.01202	0.00601	0.00601	0.00120	0.00601	0.00481	0.00481	0.76444
25	0.01824	0.01672	0.02782	0.04079	0.50075	0.01669	0.02167	0.02279	0.01873	0.02633	0.05092	0.03666	0.02278	0.01079	0.00876	0.00269	0.00892	0.13147	0.00496	0.01150
26	0.15333	0.01558	0.02372	0.44854	0.16429	0.01830	0.02049	0.02209	0.01622	0.02467	0.01402	0.01981	0.01084	0.00784	0.00754	0.00261	0.00977	0.00670	0.00394	0.00970
27	0.06280	0.02889	0.02530	0.02718	0.18583	0.32660	0.01762	0.17479	0.02505	0.02980	0.01483	0.01710	0.01178	0.00837	0.00758	0.00227	0.01162	0.00619	0.00512	0.01130

[dist]
# distance from previous block
# <min> <max>
0	2

[block]
# block no. 3 follows, 23 sequences, length 23
# corresponding to MSA columns:
# 266-288
name=unknown_D
#
# <colnr> <probs for GDERKNQSTAVLIFYWHMCP>
#	G	D	E	R	K	N	Q	S	T	A	V	L	I	F	Y	W	H	M	C	P
0	0.01773	0.26978	0.21962	0.01588	0.02303	0.06848	0.01691	0.02299	0.04253	0.02238	0.03028	0.03071	0.16760	0.01071	0.00728	0.00229	0.00891	0.00817	0.00468	0.01005
1	0.02597	0.23857	0.02907	0.01887	0.02328	0.39583	0.01544	0.02817	0.01956	0.01958	0.01190	0.01459	0.01047	0.00876	0.00941	0.00219	0.10958	0.00523	0.00388	0.00963
2	0.01209	0.00943	0.01400	0.01371	0.01504	0.01133	0.01076	0.01490	0.01299	0.01889	0.02084	0.03073	0.01951	0.05708	0.62958	0.01227	0.07663	0.00856	0.00428	0.00738
3	0.01881	0.02992	0.33924	0.02362	0.11213	0.07109	0.02244	0.06832	0.01986	0.05272	0.04973	0.05855	0.04573	0.01048	0.00824	0.00260	0.01020	0.04013	0.00499	0.01120
4	0.66831	0.01543	0.01290	0.01120	0.01640	0.01732	0.00923	0.02607	0.01514	0.12580	0.01422	0.01522	0.01038	0.00789	0.00546	0.00251	0.00637	0.00493	0.00573	0.00950
5	0.01021	0.00824	0.00908	0.00887	0.01134	0.00712	0.00666	0.01285	0.01997	0.02541	0.27216	0.07234	0.46878	0.01925	0.00958	0.00268	0.00402	0.01632	0.00799	0.00712
6	0.01627	0.04197	0.67279	0.02313	0.03512	0.01884	0.02998	0.02570	0.01713	0.02570	0.01456	0.01713	0.01028	0.00771	0.00771	0.00257	0.01199	0.00600	0.00343	0.01199
7	0.01009	0.00830	0.00892	0.00893	0.01149	0.00712	0.00681	0.01252	0.01921	0.02372	0.17049	0.07614	0.53305	0.02004	0.00968	0.00277	0.00426	0.05168	0.00775	0.00701
8	0.01532	0.01442	0.02434	0.69533	0.05589	0.01803	0.02253	0.02073	0.01622	0.02073	0.01442	0.02163	0.01082	0.00811	0.00811	0.00270	0.01082	0.00721	0.00361	0.00901
9	0.01683	0.01442	0.01683	0.01202	0.01923	0.01082	0.00961	0.02043	0.01683	0.02644	0.01442	0.01683	0.01202	0.00601	0.00601	0.00120	0.00601	0.00481	0.00481	0.76444
10	0.01462	0.01295	0.05375	0.01556	0.05440	0.01186	0.01198	0.04453	0.10832	0.02762	0.19405	0.09080	0.04371	0.11726	0.01415	0.00367	0.00675	0.15813	0.00717	0.00870
11	0.02181	0.18835	0.23225	0.02176	0.02949	0.15461	0.10752	0.07025	0.01969	0.02459	0.01383	0.01658	0.01090	0.00803	0.00837	0.00235	0.04850	0.00613	0.00403	0.01094
12	0.01513	0.00756	0.00756	0.00756	0.00945	0.00756	0.00567	0.01891	0.01702	0.03025	0.02647	0.03025	0.02080	0.00945	0.00567	0.00189	0.00378	0.00756	0.75988	0.00756
13	0.01180	0.00787	0.00885	0.00885	0.00885	0.00787	0.00492	0.01180	0.01180	0.01573	0.02557	0.05310	0.02950	0.71483	0.04130	0.00787	0.00787	0.01180	0.00492	0.00492
14	0.01560	0.03722	0.57937	0.02130	0.03187	0.01727	0.02683	0.02423	0.01796	0.02666	0.10564	0.02327	0.01963	0.00896	0.00797	0.00257	0.01084	0.00722	0.00420	0.01138
15	0.01808	0.01806	0.06990	0.02892	0.26764	0.01757	0.01798	0.02881	0.22894	0.02724	0.02265	0.02645	0.01852	0.04140	0.12724	0.00458	0.01079	0.00820	0.00548	0.01154
16	0.01121	0.00828	0.01047	0.00992	0.01196	0.00754	0.00744	0.01479	0.02233	0.03102	0.57707	0.06312	0.16038	0.01716	0.00957	0.00258	0.00387	0.01503	0.00873	0.00754
17	0.01553	0.01470	0.02438	0.63840	0.05297	0.01860	0.02213	0.02063	0.01590	0.02063	0.01410	0.02131	0.01080	0.00863	0.00968	0.00278	0.06902	0.00720	0.00360	0.00900
18	0.01105	0.00883	0.01086	0.05924	0.01552	0.00826	0.00896	0.01399	0.01918	0.02447	0.19174	0.10207	0.35112	0.01938	0.00981	0.00290	0.00516	0.12264	0.00754	0.00728
19	0.02377	0.05322	0.13909	0.02046	0.02676	0.29890	0.06186	0.06143	0.06594	0.02483	0.01514	0.01734	0.01197	0.00830	0.00824	0.00222	0.04094	0.00607	0.00458	0.10894
20	0.49618	0.07150	0.01755	0.01398	0.01859	0.16987	0.01136	0.02551	0.01598	0.03021	0.01153	0.01383	0.00941	0.00816	0.00711	0.00244	0.05836	0.00477	0.00461	0.00905
21	0.24084	0.01444	0.01861	0.23151	0.11963	0.01616	0.01516	0.04066	0.01735	0.02823	0.06989	0.02960	0.10709	0.01023	0.00749	0.00259	0.00779	0.00832	0.00517	0.00924
22	0.02167	0.07808	0.34296	0.02128	0.02932	0.24394	0.02248	0.02888	0.06421	0.02368	0.01485	0.01701	0.01140	0.00839	0.00824	0.00241	0.04030	0.00591	0.00403	0.01096

[dist]
# distance from previous block
# <min> <max>
0	1

[block]
# block no. 4 follows, 23 sequences, length 51
# corresponding to MSA columns:
# 290-340
name=unknown_E
#
# <colnr> <probs for GDERKNQSTAVLIFYWHMCP>
#	G	D	E	R	K	N	Q	S	T	A	V	L	I	F	Y	W	H	M	C	P
0	0.01785	0.03117	0.36239	0.03206	0.21215	0.01960	0.11222	0.02510	0.01748	0.02556	0.01476	0.01867	0.01131	0.00789	0.00932	0.00261	0.05738	0.00692	0.00370	0.01188
1	0.02334	0.02626	0.02839	0.13326	0.29880	0.27858	0.04587	0.02727	0.01994	0.02303	0.01412	0.01825	0.01159	0.00779	0.00783	0.00234	0.01193	0.00654	0.00402	0.01086
2	0.01010	0.00715	0.00935	0.01103	0.01145	0.00673	0.00725	0.01135	0.01513	0.02017	0.04263	0.63773	0.05102	0.10084	0.01374	0.00380	0.00505	0.02183	0.00725	0.00641
3	0.15540	0.05574	0.02391	0.02347	0.15003	0.14640	0.01588	0.20858	0.08610	0.03462	0.01687	0.01835	0.01303	0.00859	0.00729	0.00238	0.00943	0.00644	0.00582	0.01167
4	0.02050	0.32363	0.31919	0.01897	0.02776	0.11751	0.02127	0.02606	0.01769	0.02213	0.01291	0.01507	0.01036	0.00748	0.00661	0.00216	0.01098	0.00520	0.00355	0.01097
5	0.01056	0.00805	0.00945	0.00947	0.01133	0.00721	0.00682	0.01302	0.01919	0.02526	0.29310	0.15775	0.29476	0.08252	0.01256	0.00321	0.00443	0.01654	0.00783	0.00695
6	0.01017	0.00727	0.00975	0.01163	0.01223	0.00684	0.00803	0.01180	0.01582	0.02104	0.04456	0.65364	0.05304	0.02515	0.01043	0.00334	0.00496	0.07612	0.00753	0.00667
7	0.01979	0.02100	0.08140	0.04778	0.61657	0.01925	0.02529	0.02496	0.01837	0.02645	0.01521	0.01986	0.01266	0.00727	0.00801	0.00242	0.00982	0.00714	0.00397	0.01279
8	0.77215	0.01569	0.01193	0.01067	0.01569	0.01820	0.00879	0.02385	0.01381	0.03641	0.01130	0.01318	0.00879	0.00753	0.00502	0.00251	0.00628	0.00439	0.00502	0.00879
9	0.01901	0.01390	0.01609	0.01350	0.01719	0.01446	0.01067	0.25691	0.02887	0.03977	0.41110	0.04463	0.05218	0.01393	0.00901	0.00251	0.00581	0.01181	0.00862	0.01004
10	0.01251	0.01259	0.04885	0.01583	0.01952	0.01068	0.14518	0.01621	0.01851	0.02454	0.16115	0.18093	0.22477	0.01949	0.04823	0.00340	0.00764	0.01519	0.00667	0.00810
11	0.01207	0.00894	0.01073	0.01101	0.01212	0.00926	0.00747	0.01578	0.08893	0.02019	0.03549	0.22291	0.08483	0.29064	0.12709	0.00645	0.00873	0.01442	0.00613	0.00682
12	0.01681	0.03879	0.58299	0.02687	0.12341	0.01891	0.02927	0.02559	0.01732	0.02581	0.01466	0.01755	0.01064	0.00764	0.00775	0.00255	0.01166	0.00617	0.00351	0.01211
13	0.02759	0.03012	0.02602	0.02846	0.20200	0.36744	0.01818	0.15118	0.02477	0.02795	0.01468	0.01711	0.01179	0.00832	0.00767	0.00225	0.01211	0.00620	0.00492	0.01124
14	0.02230	0.01860	0.02578	0.23431	0.19769	0.02059	0.01960	0.26086	0.02543	0.03408	0.01983	0.02309	0.04345	0.00911	0.00816	0.00253	0.00946	0.00772	0.00565	0.01175
15	0.01640	0.21481	0.37557	0.01776	0.02660	0.02000	0.02105	0.02257	0.01723	0.02321	0.02696	0.02800	0.13792	0.01002	0.00742	0.00238	0.00957	0.00774	0.00424	0.01057
16	0.02307	0.02332	0.01947	0.01747	0.02194	0.20950	0.01345	0.06622	0.41105	0.03013	0.02890	0.02760	0.05084	0.01065	0.00804	0.00255	0.00878	0.00834	0.00705	0.01161
17	0.02169	0.71972	0.04252	0.01388	0.02083	0.03211	0.01388	0.02430	0.01649	0.01909	0.01128	0.01302	0.01041	0.00694	0.00521	0.00174	0.00868	0.00434	0.00347	0.01041
18	0.02161	0.01924	0.01843	0.01716	0.04202	0.12438	0.01270	0.20194	0.14965	0.03225	0.03105	0.20322	0.06285	0.01437	0.00868	0.00268	0.00801	0.01199	0.00718	0.01060
19	0.01567	0.01677	0.11938	0.01426	0.01862	0.01324	0.01273	0.13699	0.06891	0.02869	0.04341	0.25674	0.18751	0.01724	0.00915	0.00283	0.00668	0.01475	0.00704	0.00939
20	0.01741	0.01413	0.01475	0.01336	0.01705	0.04269	0.01075	0.18097	0.05985	0.03050	0.05041	0.05712	0.29312	0.01879	0.04061	0.00328	0.00736	0.11116	0.00742	0.00927
21	0.01193	0.01004	0.01057	0.01013	0.01311	0.00958	0.00768	0.01833	0.14288	0.02577	0.15364	0.06626	0.45415	0.01812	0.00933	0.00272	0.00452	0.01522	0.00787	0.00814
22	0.01554	0.01465	0.02473	0.66565	0.08385	0.01809	0.02264	0.02092	0.01633	0.02100	0.01446	0.02156	0.01091	0.00807	0.00811	0.00269	0.01076	0.00721	0.00362	0.00919
23	0.01952	0.15575	0.03322	0.16252	0.42518	0.02156	0.02230	0.02401	0.01767	0.02398	0.01433	0.01898	0.01200	0.00734	0.00749	0.00233	0.00967	0.00666	0.00383	0.01166
24	0.01644	0.00939	0.01243	0.01105	0.01383	0.00851	0.00851	0.02013	0.02302	0.15931	0.53503	0.05405	0.06533	0.01529	0.00929	0.00254	0.00444	0.01338	0.00915	0.00888
25	0.01171	0.00783	0.00888	0.00896	0.00898	0.00781	0.00504	0.01178	0.01197	0.01596	0.02643	0.08285	0.03060	0.68359	0.03990	0.00766	0.00772	0.01231	0.00504	0.00499
26	0.00959	0.00822	0.00822	0.00822	0.01096	0.00685	0.00617	0.01165	0.01850	0.02192	0.08220	0.07809	0.66092	0.02055	0.00959	0.00274	0.00411	0.01713	0.00754	0.00685
27	0.01773	0.01496	0.01731	0.01245	0.01961	0.01174	0.00999	0.06028	0.01820	0.02804	0.01475	0.01700	0.01213	0.00625	0.00615	0.00128	0.00620	0.00497	0.00502	0.71594
28	0.01683	0.01442	0.01683	0.01202	0.01923	0.01082	0.00961	0.02043	0.01683	0.02644	0.01442	0.01683	0.01202	0.00601	0.00601	0.00120	0.00601	0.00481	0.00481	0.76444
29	0.02045	0.01641	0.01770	0.01598	0.02037	0.01862	0.01238	0.04048	0.56107	0.07402	0.03385	0.08155	0.02666	0.01204	0.00841	0.00278	0.00632	0.01016	0.00832	0.01243
30	0.00968	0.00822	0.00834	0.00831	0.01101	0.00689	0.00623	0.01181	0.01870	0.02240	0.10817	0.07730	0.63466	0.02037	0.00959	0.00273	0.00410	0.01701	0.00760	0.00689
31	0.01291	0.00998	0.01477	0.01593	0.06394	0.01133	0.01129	0.01694	0.05446	0.02016	0.02161	0.03053	0.01971	0.05200	0.55661	0.04779	0.01912	0.00853	0.00453	0.00785
32	0.01803	0.02982	0.34129	0.11048	0.03566	0.04381	0.12717	0.02489	0.01744	0.05768	0.01683	0.05242	0.01333	0.00914	0.00973	0.00271	0.06676	0.00775	0.00414	0.01092
33	0.02398	0.53939	0.03735	0.01574	0.02195	0.20425	0.01436	0.02644	0.01821	0.01929	0.01161	0.01344	0.01042	0.00732	0.00577	0.00183	0.01025	0.00457	0.00366	0.01015
34	0.01233	0.00930	0.01156	0.01236	0.01445	0.00904	0.01010	0.01641	0.05456	0.02417	0.10275	0.07859	0.20640	0.08092	0.01309	0.00368	0.00627	0.31917	0.00743	0.00741
35	0.01507	0.01158	0.01309	0.01178	0.01427	0.01195	0.00883	0.13710	0.02111	0.02779	0.13349	0.10297	0.23709	0.15395	0.01667	0.00375	0.05077	0.01358	0.00708	0.00808
36	0.01168	0.00789	0.00882	0.00882	0.00896	0.00781	0.00498	0.01179	0.01215	0.01606	0.02852	0.05440	0.06237	0.67869	0.03965	0.00760	0.00767	0.01208	0.00505	0.00502
37	0.01627	0.04197	0.67279	0.02313	0.03512	0.01884	0.02998	0.02570	0.01713	0.02570	0.01456	0.01713	0.01028	0.00771	0.00771	0.00257	0.01199	0.00600	0.00343	0.01199
38	0.01513	0.00756	0.00756	0.00756	0.00945	0.00756	0.00567	0.01891	0.01702	0.03025	0.02647	0.03025	0.02080	0.00945	0.00567	0.00189	0.00378	0.00756	0.75988	0.00756
39	0.02324	0.01895	0.02007	0.01713	0.02226	0.02161	0.01358	0.21325	0.47445	0.03887	0.02915	0.02718	0.02163	0.01065	0.00822	0.00266	0.00714	0.00864	0.00822	0.01312
40	0.01513	0.00756	0.00756	0.00756	0.00945	0.00756	0.00567	0.01891	0.01702	0.03025	0.02647	0.03025	0.02080	0.00945	0.00567	0.00189	0.00378	0.00756	0.75988	0.00756
41	0.02169	0.71972	0.04252	0.01388	0.02083	0.03211	0.01388	0.02430	0.01649	0.01909	0.01128	0.01302	0.01041	0.00694	0.00521	0.00174	0.00868	0.00434	0.00347	0.01041
42	0.03031	0.03867	0.02299	0.02090	0.02508	0.68226	0.01568	0.03240	0.02299	0.01986	0.01254	0.01463	0.01045	0.00836	0.00732	0.00209	0.01463	0.00523	0.00418	0.00941
43	0.03085	0.02273	0.02435	0.01867	0.02516	0.02516	0.01542	0.63716	0.03815	0.05114	0.01948	0.01948	0.01380	0.00974	0.00812	0.00244	0.00893	0.00731	0.00812	0.01380
44	0.00989	0.00706	0.00942	0.01130	0.01177	0.00659	0.00753	0.01130	0.01554	0.02071	0.04472	0.70954	0.05367	0.02542	0.01036	0.00330	0.00471	0.02307	0.00753	0.00659
45	0.02069	0.01768	0.01863	0.01662	0.02129	0.02042	0.01297	0.07140	0.62045	0.03476	0.03238	0.02976	0.02425	0.01095	0.00825	0.00274	0.00654	0.00908	0.00825	0.01289
46	0.01136	0.00794	0.00872	0.00872	0.00927	0.00766	0.00516	0.01177	0.01313	0.01696	0.03683	0.05807	0.15510	0.57673	0.03499	0.00685	0.00712	0.01286	0.00544	0.00530
47	0.08653	0.01622	0.02663	0.06802	0.39902	0.01654	0.05443	0.02157	0.01627	0.02441	0.01468	0.02063	0.01262	0.01182	0.01298	0.16735	0.00906	0.00707	0.00399	0.01017
48	0.08100	0.23180	0.10494	0.02221	0.10961	0.27795	0.01754	0.02763	0.01913	0.02246	0.01268	0.01507	0.01061	0.00766	0.00667	0.00212	0.01130	0.00526	0.00393	0.01041
49	0.07148	0.03491	0.02320	0.02252	0.07278	0.56333	0.01608	0.03074	0.02163	0.02130	0.01259	0.01511	0.01055	0.00850	0.00814	0.00221	0.04573	0.00542	0.00419	0.00961
50	0.01736	0.01671	0.02272	0.08061	0.14035	0.08820	0.07211	0.02182	0.04149	0.02299	0.02363	0.04118	0.02296	0.05497	0.09024	0.00438	0.06357	0.16036	0.00510	0.00925

[dist]
# distance from previous block
# <min> <max>
0	19

[block]
# block no. 5 follows, 23 sequences, length 27
# corresponding to MSA columns:
# 360-386
name=unknown_F
#
# <colnr> <probs for GDERKNQSTAVLIFYWHMCP>
#	G	D	E	R	K	N	Q	S	T	A	V	L	I	F	Y	W	H	M	C	P
0	0.01077	0.00860	0.00987	0.01051	0.01295	0.00770	0.00851	0.01340	0.01856	0.02272	0.06886	0.08266	0.45216	0.02118	0.01014	0.00308	0.00525	0.21850	0.00751	0.00706
1	0.77215	0.01569	0.01193	0.01067	0.01569	0.01820	0.00879	0.02385	0.01381	0.03641	0.01130	0.01318	0.00879	0.00753	0.00502	0.00251	0.00628	0.00439	0.00502	0.00879
2	0.02635	0.01459	0.01836	0.01690	0.07180	0.01420	0.01236	0.08871	0.13326	0.31772	0.06260	0.03626	0.12659	0.01193	0.00845	0.00258	0.00665	0.00990	0.00861	0.01218
3	0.01558	0.01468	0.02480	0.66043	0.08878	0.01810	0.02266	0.02096	0.01635	0.02104	0.01447	0.02155	0.01093	0.00806	0.00811	0.00269	0.01075	0.00721	0.00363	0.00922
4	0.77215	0.01569	0.01193	0.01067	0.01569	0.01820	0.00879	0.02385	0.01381	0.03641	0.01130	0.01318	0.00879	0.00753	0.00502	0.00251	0.00628	0.00439	0.00502	0.00879
5	0.00959	0.00822	0.00822	0.00822	0.01096	0.00685	0.00617	0.01165	0.01850	0.02192	0.08220	0.07809	0.66092	0.02055	0.00959	0.00274	0.00411	0.01713	0.00754	0.00685
6	0.01308	0.00934	0.01308	0.01494	0.01681	0.00934	0.01308	0.01681	0.01868	0.02428	0.04296	0.09153	0.04670	0.02242	0.01121	0.00374	0.00747	0.60960	0.00747	0.00747
7	0.01685	0.01598	0.02710	0.48826	0.25102	0.01843	0.02329	0.02207	0.01695	0.02259	0.01469	0.02114	0.01147	0.00783	0.00809	0.00261	0.01044	0.00722	0.00374	0.01025
8	0.01102	0.00828	0.01020	0.00972	0.01184	0.00746	0.00729	0.01441	0.02187	0.02994	0.51844	0.06489	0.21968	0.01756	0.00958	0.00260	0.00390	0.01527	0.00859	0.00746
9	0.01788	0.01814	0.02701	0.02251	0.02328	0.02445	0.07559	0.02013	0.01306	0.02013	0.01119	0.01814	0.01081	0.01351	0.02503	0.00347	0.63564	0.00733	0.00360	0.00907
10	0.01001	0.00716	0.00952	0.01122	0.01180	0.00667	0.00754	0.01160	0.01610	0.02161	0.09161	0.66008	0.05541	0.02475	0.01030	0.00324	0.00464	0.02243	0.00764	0.00667
11	0.01872	0.01789	0.03048	0.23413	0.49051	0.01892	0.02423	0.02371	0.01783	0.02486	0.01502	0.02053	0.01227	0.00748	0.00806	0.00249	0.00998	0.00722	0.00390	0.01176
12	0.01955	0.01874	0.03198	0.12165	0.59651	0.01914	0.02464	0.02444	0.01823	0.02587	0.01517	0.02026	0.01263	0.00733	0.00804	0.00244	0.00977	0.00723	0.00397	0.01243
13	0.03031	0.03867	0.02299	0.02090	0.02508	0.68226	0.01568	0.03240	0.02299	0.01986	0.01254	0.01463	0.01045	0.00836	0.00732	0.00209	0.01463	0.00523	0.00418	0.00941
14	0.01193	0.01030	0.01343	0.01687	0.14006	0.00939	0.01004	0.01452	0.01830	0.02327	0.10749	0.11679	0.41112	0.04740	0.01069	0.00292	0.00539	0.01525	0.00684	0.00799
15	0.01015	0.00786	0.00926	0.00972	0.01151	0.00696	0.00698	0.01243	0.01863	0.02414	0.21226	0.28083	0.31784	0.02117	0.00984	0.00288	0.00424	0.01847	0.00788	0.00696
16	0.01192	0.00801	0.01001	0.01001	0.01036	0.00836	0.00636	0.01237	0.01201	0.01637	0.02375	0.04574	0.02607	0.50234	0.19765	0.06676	0.01120	0.01068	0.00467	0.00538
17	0.77215	0.01569	0.01193	0.01067	0.01569	0.01820	0.00879	0.02385	0.01381	0.03641	0.01130	0.01318	0.00879	0.00753	0.00502	0.00251	0.00628	0.00439	0.00502	0.00879
18	0.01513	0.00756	0.00756	0.00756	0.00945	0.00756	0.00567	0.01891	0.01702	0.03025	0.02647	0.03025	0.02080	0.00945	0.00567	0.00189	0.00378	0.00756	0.75988	0.00756
19	0.02169	0.71972	0.04252	0.01388	0.02083	0.03211	0.01388	0.02430	0.01649	0.01909	0.01128	0.01302	0.01041	0.00694	0.00521	0.00174	0.00868	0.00434	0.00347	0.01041
20	0.01180	0.00787	0.00885	0.00885	0.00885	0.00787	0.00492	0.01180	0.01180	0.01573	0.02557	0.05310	0.02950	0.71483	0.04130	0.00787	0.00787	0.01180	0.00492	0.00492
21	0.02366	0.56412	0.03806	0.01549	0.02180	0.18064	0.01429	0.02615	0.01797	0.01927	0.01157	0.01339	0.01042	0.00727	0.00569	0.00182	0.01004	0.00454	0.00363	0.01018
22	0.01693	0.01563	0.02164	0.01891	0.01971	0.02091	0.01555	0.05768	0.01424	0.02136	0.01420	0.02167	0.01345	0.02649	0.20226	0.00604	0.47298	0.00754	0.00406	0.00875
23	0.02265	0.35601	0.03106	0.04905	0.02344	0.15536	0.01436	0.03097	0.19459	0.02347	0.01775	0.01857	0.01445	0.00841	0.00661	0.00214	0.00932	0.00600	0.00495	0.01083
24	0.19390	0.02075	0.17568	0.01483	0.02132	0.01527	0.01469	0.06889	0.04428	0.10414	0.12333	0.02884	0.06411	0.01031	0.00747	0.00245	0.00740	0.00808	0.00631	0.06795
25	0.23773	0.06605	0.02290	0.02377	0.17798	0.13231	0.01560	0.11868	0.02080	0.03131	0.01636	0.02259	0.01409	0.00914	0.00715	0.00246	0.00918	0.05604	0.00521	0.01065
26	0.09414	0.05050	0.21170	0.04917	0.02384	0.04442	0.01660	0.09701	0.01955	0.02812	0.05598	0.19266	0.05705	0.01339	0.00822	0.00269	0.00837	0.01113	0.00570	0.00978

[dist]
# distance from previous block
# <min> <max>
0	59

[block]
# block no. 6 follows, 23 sequences, length 7
# corresponding to MSA columns:
# 447-453
name=unknown_G
#
# <colnr> <probs for GDERKNQSTAVLIFYWHMCP>
#	G	D	E	R	K	N	Q	S	T	A	V	L	I	F	Y	W	H	M	C	P
0	0.02053	0.02152	0.05527	0.20010	0.13917	0.14132	0.01816	0.07418	0.11534	0.02563	0.01861	0.02430	0.01538	0.08278	0.01144	0.00306	0.01026	0.00757	0.00497	0.01041
1	0.19780	0.02845	0.09383	0.02479	0.11514	0.26619	0.11089	0.02770	0.01904	0.02616	0.01343	0.01642	0.01066	0.00771	0.00727	0.00238	0.01158	0.00605	0.00426	0.01025
2	0.01913	0.01856	0.03239	0.16881	0.50714	0.01913	0.06751	0.02420	0.01810	0.02540	0.01519	0.02050	0.01244	0.00737	0.00816	0.00249	0.01014	0.00739	0.00395	0.01200
3	0.02705	0.02330	0.02205	0.01826	0.02373	0.12323	0.01456	0.33819	0.24902	0.04039	0.02315	0.02251	0.01712	0.00997	0.00804	0.00249	0.00892	0.00764	0.00757	0.01280
4	0.07959	0.01499	0.01856	0.01415	0.02055	0.01350	0.01162	0.09741	0.02288	0.43332	0.02579	0.02364	0.01706	0.00903	0.00752	0.00224	0.00689	0.00715	0.00845	0.16566
5	0.01180	0.00787	0.00885	0.00885	0.00885	0.00787	0.00492	0.01180	0.01180	0.01573	0.02557	0.05310	0.02950	0.71483	0.04130	0.00787	0.00787	0.01180	0.00492	0.00492
6	0.02169	0.01458	0.01657	0.01394	0.01835	0.01508	0.01108	0.17814	0.15285	0.13653	0.18759	0.04173	0.13038	0.01333	0.00872	0.00259	0.00614	0.01108	0.00856	0.01108

[dist]
# distance from previous block
# <min> <max>
0	1

[block]
# block no. 7 follows, 23 sequences, length 7
# corresponding to MSA columns:
# 455-461
name=unknown_H
#
# <colnr> <probs for GDERKNQSTAVLIFYWHMCP>
#	G	D	E	R	K	N	Q	S	T	A	V	L	I	F	Y	W	H	M	C	P
0	0.01174	0.00810	0.01006	0.01006	0.01047	0.00852	0.00642	0.01257	0.01216	0.01663	0.02446	0.04700	0.02685	0.52673	0.22578	0.00935	0.01186	0.01091	0.00475	0.00559
1	0.01259	0.01015	0.01495	0.01437	0.01559	0.01251	0.01137	0.01530	0.01294	0.01895	0.01995	0.02960	0.01873	0.05333	0.57688	0.01151	0.13111	0.00844	0.00422	0.00751
2	0.01932	0.27075	0.20777	0.01743	0.02478	0.02374	0.01803	0.02918	0.18348	0.02526	0.01806	0.01917	0.01426	0.00857	0.00791	0.00230	0.04637	0.00625	0.00480	0.05258
3	0.02050	0.02095	0.06280	0.03690	0.41881	0.06063	0.02087	0.06048	0.01951	0.02747	0.01512	0.01887	0.01244	0.00722	0.00756	0.00215	0.00930	0.00654	0.00440	0.16748
4	0.15714	0.02382	0.10160	0.02343	0.06460	0.06414	0.17603	0.19585	0.02367	0.06876	0.01666	0.01887	0.01219	0.00816	0.00784	0.00252	0.01034	0.00713	0.00562	0.01163
5	0.01858	0.02379	0.21415	0.02533	0.15006	0.01722	0.07616	0.02839	0.15163	0.06959	0.08285	0.02898	0.05715	0.00991	0.00836	0.00260	0.00900	0.00879	0.00578	0.01167
6	0.01200	0.01003	0.01321	0.01568	0.11675	0.00916	0.00975	0.01518	0.02020	0.02671	0.29150	0.06208	0.33380	0.01689	0.00933	0.00262	0.00489	0.01460	0.00750	0.00813

[dist]
# distance from previous block
# <min> <max>
2	42

[block]
# block no. 8 follows, 23 sequences, length 40
# corresponding to MSA columns:
# 504-543
name=unknown_I
#
# <colnr> <probs for GDERKNQSTAVLIFYWHMCP>
#	G	D	E	R	K	N	Q	S	T	A	V	L	I	F	Y	W	H	M	C	P
0	0.08518	0.20927	0.13498	0.01868	0.02493	0.35481	0.01705	0.02856	0.01964	0.02196	0.01246	0.01452	0.01028	0.00783	0.00667	0.00211	0.01202	0.00506	0.00394	0.01004
1	0.01999	0.06066	0.23517	0.09874	0.27983	0.11798	0.02442	0.02583	0.01841	0.02436	0.01437	0.01816	0.01137	0.00762	0.00770	0.00241	0.01120	0.00641	0.00379	0.01158
2	0.24677	0.02928	0.07157	0.01757	0.02287	0.32841	0.01459	0.08718	0.06229	0.02907	0.01434	0.01589	0.01120	0.00837	0.00681	0.00233	0.01089	0.00550	0.00501	0.01007
3	0.01028	0.00874	0.00893	0.00892	0.01165	0.00768	0.00666	0.01361	0.05815	0.02261	0.07697	0.11089	0.58634	0.02022	0.00955	0.00277	0.00429	0.01696	0.00758	0.00721
4	0.01387	0.01131	0.01264	0.01178	0.01480	0.01161	0.00899	0.02358	0.23001	0.03019	0.29867	0.05516	0.21404	0.01578	0.00914	0.00267	0.00476	0.01350	0.00834	0.00917
5	0.01524	0.00801	0.00831	0.00816	0.00997	0.00831	0.00620	0.01893	0.01682	0.02979	0.02578	0.02971	0.02036	0.00966	0.00658	0.00196	0.03400	0.00754	0.72705	0.00762
6	0.02982	0.07730	0.02410	0.02051	0.02484	0.64538	0.01558	0.03194	0.02263	0.01982	0.01247	0.01454	0.01045	0.00828	0.00720	0.00207	0.01430	0.00518	0.00414	0.00946
7	0.01347	0.01038	0.01256	0.01165	0.01417	0.01051	0.00884	0.02165	0.16585	0.03286	0.51698	0.05369	0.06475	0.01532	0.00927	0.00260	0.00442	0.01342	0.00878	0.00884
8	0.01869	0.01897	0.06642	0.02994	0.26320	0.01829	0.06740	0.03038	0.25050	0.02915	0.05848	0.02961	0.06266	0.00996	0.00840	0.00260	0.00828	0.00907	0.00602	0.01199
9	0.01027	0.00825	0.00917	0.00894	0.01138	0.00714	0.00670	0.01297	0.02011	0.02575	0.29045	0.07179	0.45029	0.01912	0.00958	0.00267	0.00401	0.01624	0.00804	0.00714
10	0.02369	0.06034	0.02520	0.02714	0.20137	0.24682	0.01722	0.03345	0.22816	0.02632	0.02000	0.02123	0.01584	0.00885	0.00772	0.00238	0.01024	0.00704	0.00544	0.01155
11	0.02318	0.02227	0.02991	0.03808	0.40808	0.10268	0.04638	0.13311	0.06229	0.03040	0.01682	0.02002	0.01345	0.00803	0.00804	0.00241	0.01010	0.00721	0.00502	0.01251
12	0.02271	0.02012	0.05531	0.14860	0.30468	0.02049	0.02111	0.19832	0.04821	0.05515	0.01755	0.02071	0.01337	0.00836	0.00807	0.00249	0.00952	0.00730	0.00545	0.01245
13	0.01712	0.03627	0.49828	0.02690	0.06462	0.01926	0.17128	0.02573	0.01766	0.02580	0.01503	0.01837	0.01087	0.00748	0.00816	0.00260	0.01228	0.00689	0.00361	0.01178
14	0.01148	0.00829	0.01085	0.01021	0.01212	0.00766	0.00766	0.01531	0.02297	0.03254	0.65994	0.06061	0.07656	0.01659	0.00957	0.00255	0.00383	0.01467	0.00893	0.00766
15	0.01133	0.00863	0.01240	0.01240	0.01402	0.00971	0.00962	0.01411	0.01376	0.01924	0.02974	0.03800	0.10512	0.05552	0.59354	0.01168	0.01940	0.00981	0.00477	0.00719
16	0.00989	0.00706	0.00942	0.01130	0.01177	0.00659	0.00753	0.01130	0.01554	0.02071	0.04472	0.70954	0.05367	0.02542	0.01036	0.00330	0.00471	0.02307	0.00753	0.00659
17	0.77215	0.01569	0.01193	0.01067	0.01569	0.01820	0.00879	0.02385	0.01381	0.03641	0.01130	0.01318	0.00879	0.00753	0.00502	0.00251	0.00628	0.00439	0.00502	0.00879
18	0.00980	0.00741	0.00906	0.01037	0.01153	0.00667	0.00712	0.01140	0.01643	0.02108	0.05600	0.51950	0.23642	0.02396	0.01013	0.00313	0.00453	0.02128	0.00753	0.00667
19	0.01174	0.00853	0.00988	0.00938	0.01195	0.00745	0.00709	0.01461	0.02065	0.05889	0.32737	0.06807	0.37834	0.01833	0.00951	0.00265	0.00413	0.01563	0.00826	0.00754
20	0.01513	0.00756	0.00756	0.00756	0.00945	0.00756	0.00567	0.01891	0.01702	0.03025	0.02647	0.03025	0.02080	0.00945	0.00567	0.00189	0.00378	0.00756	0.75988	0.00756
21	0.01683	0.01442	0.01683	0.01202	0.01923	0.01082	0.00961	0.02043	0.01683	0.02644	0.01442	0.01683	0.01202	0.00601	0.00601	0.00120	0.00601	0.00481	0.00481	0.76444
22	0.01853	0.19133	0.29076	0.01972	0.06855	0.02021	0.02013	0.04911	0.01786	0.02544	0.01401	0.01638	0.01106	0.00715	0.00673	0.00201	0.00942	0.00544	0.00402	0.20215
23	0.67241	0.06356	0.05816	0.01171	0.01733	0.01916	0.01054	0.02400	0.01421	0.03456	0.01152	0.01343	0.00899	0.00751	0.00521	0.00246	0.00682	0.00450	0.00481	0.00911
24	0.01159	0.00869	0.01304	0.01304	0.01449	0.01014	0.01014	0.01449	0.01304	0.01884	0.02173	0.03188	0.02029	0.06086	0.68268	0.01304	0.02173	0.00869	0.00435	0.00724
25	0.04639	0.02753	0.30971	0.05381	0.16510	0.01788	0.05086	0.02551	0.08027	0.02621	0.01987	0.02303	0.03986	0.01280	0.06337	0.00343	0.01122	0.00740	0.00438	0.01137
26	0.01114	0.00823	0.01066	0.01205	0.01358	0.00776	0.00942	0.01369	0.01768	0.02287	0.07874	0.31393	0.17384	0.02289	0.01050	0.00332	0.00562	0.24947	0.00757	0.00703
27	0.01162	0.00858	0.01249	0.01249	0.01374	0.00984	0.00945	0.01413	0.01288	0.01843	0.02224	0.03469	0.02151	0.14746	0.59774	0.01236	0.01990	0.00911	0.00442	0.00694
28	0.01683	0.01442	0.01683	0.01202	0.01923	0.01082	0.00961	0.02043	0.01683	0.02644	0.01442	0.01683	0.01202	0.00601	0.00601	0.00120	0.00601	0.00481	0.00481	0.76444
29	0.02451	0.12189	0.17311	0.01899	0.02577	0.17693	0.01797	0.22495	0.02513	0.03134	0.01767	0.07218	0.01496	0.00984	0.00763	0.00236	0.01059	0.00739	0.00546	0.01133
30	0.02721	0.21771	0.02780	0.01869	0.02364	0.45673	0.01498	0.03111	0.07142	0.02078	0.01385	0.01546	0.01159	0.00820	0.00683	0.00205	0.01240	0.00531	0.00432	0.00995
31	0.01513	0.00756	0.00756	0.00756	0.00945	0.00756	0.00567	0.01891	0.01702	0.03025	0.02647	0.03025	0.02080	0.00945	0.00567	0.00189	0.00378	0.00756	0.75988	0.00756
32	0.01180	0.00787	0.00885	0.00885	0.00885	0.00787	0.00492	0.01180	0.01180	0.01573	0.02557	0.05310	0.02950	0.71483	0.04130	0.00787	0.00787	0.01180	0.00492	0.00492
33	0.01785	0.06539	0.49670	0.02768	0.15279	0.04954	0.02771	0.02579	0.01762	0.02531	0.01447	0.01741	0.01078	0.00762	0.00765	0.00248	0.01153	0.00613	0.00357	0.01197
34	0.02604	0.03106	0.02270	0.16059	0.03083	0.47362	0.01674	0.05468	0.02161	0.02131	0.01381	0.01738	0.01129	0.01168	0.05013	0.00292	0.01404	0.00595	0.00424	0.00938
35	0.01128	0.00829	0.01056	0.00999	0.01200	0.00757	0.00750	0.01492	0.02249	0.03139	0.59767	0.06250	0.13954	0.01702	0.00957	0.00257	0.00386	0.01494	0.00878	0.00757
36	0.00994	0.00739	0.00910	0.01041	0.01138	0.00674	0.00704	0.01141	0.01598	0.02066	0.05221	0.51783	0.19416	0.07042	0.01225	0.00347	0.00478	0.02092	0.00736	0.00654
37	0.01365	0.01158	0.01709	0.01541	0.01654	0.01399	0.04633	0.01582	0.01295	0.01871	0.01946	0.03252	0.01946	0.19495	0.32987	0.00884	0.19219	0.00904	0.00426	0.00734
38	0.01878	0.16742	0.36374	0.02672	0.16221	0.05009	0.02470	0.02530	0.01735	0.02409	0.01383	0.01687	0.01086	0.00775	0.00804	0.00239	0.03871	0.00594	0.00359	0.01163
39	0.02654	0.24018	0.03014	0.02209	0.09989	0.36634	0.01622	0.06723	0.02146	0.02239	0.01292	0.01510	0.01094	0.00789	0.00682	0.00204	0.01189	0.00533	0.00420	0.01040

[dist]
# distance from previous block
# <min> <max>
0	1

[block]
# block no. 9 follows, 23 sequences, length 7
# corresponding to MSA columns:
# 545-551
name=unknown_J
#
# <colnr> <probs for GDERKNQSTAVLIFYWHMCP>
#	G	D	E	R	K	N	Q	S	T	A	V	L	I	F	Y	W	H	M	C	P
0	0.02557	0.03081	0.13366	0.02793	0.18506	0.25911	0.02028	0.16638	0.02433	0.02956	0.01512	0.01750	0.01178	0.00829	0.00774	0.00233	0.01167	0.00632	0.00491	0.01168
1	0.01022	0.00824	0.00909	0.00888	0.01134	0.00712	0.00666	0.01286	0.01997	0.02543	0.27300	0.07232	0.46794	0.01924	0.00958	0.00268	0.00402	0.01632	0.00800	0.00712
2	0.01080	0.00827	0.00990	0.00949	0.01170	0.00737	0.00712	0.01399	0.02136	0.02871	0.45154	0.06692	0.28734	0.01802	0.00958	0.00262	0.00393	0.01556	0.00843	0.00737
3	0.01743	0.01731	0.02343	0.20448	0.26468	0.08843	0.01880	0.02148	0.01840	0.02322	0.02984	0.03595	0.14347	0.01119	0.00849	0.00260	0.00925	0.04678	0.00485	0.00994
4	0.01221	0.00997	0.01153	0.01067	0.01425	0.00834	0.00842	0.01501	0.01815	0.02402	0.08716	0.10333	0.31487	0.01715	0.00898	0.00253	0.00521	0.11566	0.00689	0.20566
5	0.02290	0.02201	0.02042	0.02064	0.09348	0.19713	0.01423	0.17930	0.08833	0.03014	0.02513	0.20030	0.02436	0.01332	0.00849	0.00260	0.00919	0.01106	0.00645	0.01051
6	0.01789	0.09320	0.42596	0.03038	0.22349	0.02011	0.02707	0.02534	0.01748	0.02538	0.01449	0.01767	0.01107	0.00750	0.00759	0.00245	0.01100	0.00623	0.00361	0.01212

[dist]
# distance from previous block
# <min> <max>
0	1

[block]
# block no. 10 follows, 23 sequences, length 14
# corresponding to MSA columns:
# 553-566
name=unknown_K
#
# <colnr> <probs for GDERKNQSTAVLIFYWHMCP>
#	G	D	E	R	K	N	Q	S	T	A	V	L	I	F	Y	W	H	M	C	P
0	0.01018	0.00757	0.00934	0.01062	0.01172	0.00694	0.00740	0.01181	0.01623	0.02091	0.05253	0.46156	0.20226	0.07334	0.01244	0.00352	0.00498	0.06270	0.00734	0.00660
1	0.01032	0.00816	0.00929	0.00919	0.01146	0.00713	0.00682	0.01300	0.01997	0.02583	0.29701	0.11702	0.39716	0.01941	0.00964	0.00271	0.00405	0.01663	0.00806	0.00713
2	0.01970	0.01831	0.02907	0.03255	0.30994	0.01710	0.10732	0.07109	0.01955	0.02832	0.01548	0.01921	0.01257	0.00696	0.00759	0.00206	0.00896	0.00677	0.00461	0.26284
3	0.01775	0.01775	0.02485	0.02130	0.02130	0.02485	0.01775	0.01953	0.01243	0.01953	0.01065	0.01775	0.01065	0.01420	0.02663	0.00355	0.69998	0.00710	0.00355	0.00888
4	0.02029	0.51221	0.03670	0.06357	0.02329	0.02848	0.01478	0.02304	0.01588	0.01980	0.01163	0.01462	0.01059	0.00806	0.00873	0.00204	0.11365	0.00500	0.00359	0.06405
5	0.01193	0.00846	0.01006	0.00971	0.01208	0.00746	0.00726	0.01476	0.02044	0.06234	0.32796	0.12474	0.31572	0.01868	0.00957	0.00270	0.00420	0.01610	0.00828	0.00756
6	0.01979	0.01707	0.02395	0.03048	0.30466	0.01797	0.01744	0.11435	0.16155	0.03041	0.02467	0.12715	0.02244	0.03936	0.00977	0.00284	0.00801	0.01024	0.00612	0.01173
7	0.01099	0.00770	0.00987	0.01063	0.01109	0.00779	0.00696	0.01211	0.01353	0.01832	0.03252	0.31219	0.03744	0.31420	0.15079	0.00702	0.00924	0.01573	0.00586	0.00603
8	0.01775	0.01775	0.02485	0.02130	0.02130	0.02485	0.01775	0.01953	0.01243	0.01953	0.01065	0.01775	0.01065	0.01420	0.02663	0.00355	0.69998	0.00710	0.00355	0.00888
9	0.01538	0.01221	0.01818	0.01589	0.01946	0.01193	0.10607	0.02078	0.07632	0.07209	0.11788	0.06082	0.20434	0.01663	0.01041	0.00299	0.03229	0.17023	0.00725	0.00885
10	0.02218	0.52888	0.12674	0.01616	0.02341	0.12314	0.01636	0.02565	0.01751	0.02011	0.01191	0.01382	0.01040	0.00725	0.00585	0.00190	0.00999	0.00469	0.00357	0.01049
11	0.07567	0.02253	0.08434	0.07934	0.29234	0.09436	0.02009	0.11765	0.02174	0.03023	0.06964	0.02214	0.01743	0.00866	0.00785	0.00243	0.00966	0.00733	0.00506	0.01152
12	0.02725	0.03209	0.02521	0.02655	0.15185	0.45533	0.01767	0.06625	0.02212	0.02304	0.01334	0.01627	0.01115	0.00871	0.00914	0.00230	0.07118	0.00591	0.00433	0.01031
