[name]
unknown

[dist]
# distance from previous block
# <min> <max>
0	0

[block]
# block no. 0 follows, 22 sequences, length 113
# corresponding to MSA columns:
# 0-112
name=unknown_A
#
# <colnr> <probs for GDERKNQSTAVLIFYWHMCP>
#	G	D	E	R	K	N	Q	S	T	A	V	L	I	F	Y	W	H	M	C	P
0	0.01339	0.00956	0.01339	0.01530	0.01721	0.00956	0.01339	0.01721	0.01912	0.02486	0.04399	0.09371	0.04781	0.02295	0.01147	0.00382	0.00765	0.60031	0.00765	0.00765
1	0.01666	0.04297	0.66500	0.02368	0.03596	0.01929	0.03069	0.02631	0.01754	0.02631	0.01491	0.01754	0.01052	0.00789	0.00789	0.00263	0.01228	0.00614	0.00351	0.01228
2	0.02210	0.02336	0.01805	0.01693	0.04509	0.26678	0.01243	0.12578	0.02413	0.02692	0.04311	0.04242	0.27201	0.01382	0.00860	0.00248	0.00941	0.01074	0.00635	0.00948
3	0.01187	0.00890	0.01335	0.01335	0.01483	0.01038	0.01038	0.01483	0.01335	0.01928	0.02225	0.03264	0.02077	0.06231	0.67512	0.01335	0.02225	0.00890	0.00445	0.00742
4	0.01187	0.00890	0.01335	0.01335	0.01483	0.01038	0.01038	0.01483	0.01335	0.01928	0.02225	0.03264	0.02077	0.06231	0.67512	0.01335	0.02225	0.00890	0.00445	0.00742
5	0.01012	0.00723	0.00964	0.01157	0.01205	0.00675	0.00771	0.01157	0.01591	0.02121	0.04579	0.70262	0.05495	0.02603	0.01060	0.00337	0.00482	0.02362	0.00771	0.00675
6	0.02026	0.01943	0.03318	0.09017	0.61938	0.01966	0.02535	0.02523	0.01877	0.02678	0.01557	0.02066	0.01303	0.00746	0.00823	0.00249	0.00994	0.00740	0.00409	0.01292
7	0.02056	0.01974	0.03372	0.05099	0.65622	0.01974	0.02550	0.02550	0.01892	0.02714	0.01563	0.02056	0.01316	0.00740	0.00822	0.00247	0.00987	0.00740	0.00411	0.01316
8	0.02056	0.01974	0.03372	0.05099	0.65622	0.01974	0.02550	0.02550	0.01892	0.02714	0.01563	0.02056	0.01316	0.00740	0.00822	0.00247	0.00987	0.00740	0.00411	0.01316
9	0.02108	0.02198	0.05912	0.04795	0.58991	0.06200	0.02510	0.02602	0.01916	0.02667	0.01542	0.02008	0.01289	0.00750	0.00816	0.00245	0.01030	0.00722	0.00410	0.01289
10	0.02056	0.01974	0.03372	0.05099	0.65622	0.01974	0.02550	0.02550	0.01892	0.02714	0.01563	0.02056	0.01316	0.00740	0.00822	0.00247	0.00987	0.00740	0.00411	0.01316
11	0.00998	0.00832	0.00853	0.00866	0.01114	0.00706	0.00632	0.01191	0.01832	0.02197	0.07811	0.11857	0.57596	0.06361	0.01187	0.00316	0.00448	0.01759	0.00755	0.00687
12	0.02190	0.01949	0.03013	0.17098	0.40483	0.02075	0.02298	0.15118	0.02268	0.03126	0.01636	0.02075	0.01295	0.00812	0.00826	0.00253	0.00996	0.00741	0.00491	0.01258
13	0.01187	0.00890	0.01335	0.01335	0.01483	0.01038	0.01038	0.01483	0.01335	0.01928	0.02225	0.03264	0.02077	0.06231	0.67512	0.01335	0.02225	0.00890	0.00445	0.00742
14	0.06581	0.02062	0.07245	0.09756	0.52904	0.01954	0.02462	0.02514	0.01835	0.02724	0.01526	0.02006	0.01257	0.00752	0.00802	0.00251	0.00991	0.00714	0.00410	0.01253
15	0.17405	0.03733	0.52803	0.02100	0.03178	0.01916	0.02614	0.02591	0.01683	0.02861	0.01421	0.01669	0.01020	0.00785	0.00732	0.00262	0.01105	0.00579	0.00385	0.01159
16	0.01012	0.00723	0.00964	0.01157	0.01205	0.00675	0.00771	0.01157	0.01591	0.02121	0.04579	0.70262	0.05495	0.02603	0.01060	0.00337	0.00482	0.02362	0.00771	0.00675
17	0.01206	0.00814	0.00948	0.00948	0.00962	0.00828	0.00555	0.01235	0.01220	0.01642	0.02580	0.05226	0.02929	0.64560	0.10348	0.00857	0.00943	0.01177	0.00498	0.00526
18	0.01093	0.00938	0.00947	0.00928	0.01228	0.00841	0.00701	0.01521	0.08250	0.02370	0.07902	0.07495	0.58876	0.02004	0.00968	0.00281	0.00445	0.01670	0.00779	0.00764
19	0.02168	0.01762	0.01882	0.01678	0.02158	0.02014	0.01309	0.04392	0.60324	0.07333	0.03375	0.03083	0.02506	0.01121	0.00845	0.00280	0.00661	0.00933	0.00857	0.01321
20	0.02066	0.01785	0.01878	0.01691	0.02160	0.02066	0.01315	0.04414	0.64121	0.03475	0.03381	0.03099	0.02536	0.01127	0.00845	0.00282	0.00657	0.00939	0.00845	0.01315
21	0.01208	0.00805	0.00906	0.00906	0.00906	0.00805	0.00503	0.01208	0.01208	0.01611	0.02618	0.05436	0.03020	0.70804	0.04228	0.00805	0.00805	0.01208	0.00503	0.00503
22	0.01012	0.00723	0.00964	0.01157	0.01205	0.00675	0.00771	0.01157	0.01591	0.02121	0.04579	0.70262	0.05495	0.02603	0.01060	0.00337	0.00482	0.02362	0.00771	0.00675
23	0.02000	0.01727	0.01815	0.01638	0.02096	0.01982	0.01273	0.04216	0.60294	0.03399	0.03691	0.03401	0.06395	0.01187	0.00854	0.00282	0.00643	0.00989	0.00841	0.01277
24	0.01818	0.01818	0.02545	0.02181	0.02181	0.02545	0.01818	0.01999	0.01272	0.01999	0.01091	0.01818	0.01091	0.01454	0.02726	0.00364	0.69284	0.00727	0.00364	0.00909
25	0.76672	0.01607	0.01221	0.01092	0.01607	0.01864	0.00900	0.02442	0.01414	0.03727	0.01157	0.01350	0.00900	0.00771	0.00514	0.00257	0.00643	0.00450	0.00514	0.00900
26	0.76672	0.01607	0.01221	0.01092	0.01607	0.01864	0.00900	0.02442	0.01414	0.03727	0.01157	0.01350	0.00900	0.00771	0.00514	0.00257	0.00643	0.00450	0.00514	0.00900
27	0.03277	0.02135	0.02375	0.01820	0.02481	0.02292	0.01504	0.50513	0.03585	0.18027	0.02264	0.02169	0.01548	0.01004	0.00832	0.00251	0.00871	0.00766	0.00872	0.01413
28	0.03103	0.03959	0.02354	0.02140	0.02568	0.67469	0.01605	0.03317	0.02354	0.02033	0.01284	0.01498	0.01070	0.00856	0.00749	0.00214	0.01498	0.00535	0.00428	0.00963
29	0.00995	0.00788	0.00896	0.00983	0.01159	0.00689	0.00694	0.01176	0.01758	0.02189	0.06694	0.35933	0.38458	0.02328	0.01017	0.00306	0.00448	0.02026	0.00771	0.00689
30	0.00982	0.00842	0.00842	0.00842	0.01122	0.00701	0.00631	0.01192	0.01894	0.02244	0.08416	0.07995	0.65285	0.02104	0.00982	0.00281	0.00421	0.01753	0.00771	0.00701
31	0.03158	0.02327	0.02493	0.01911	0.02576	0.02576	0.01579	0.62852	0.03906	0.05236	0.01995	0.01995	0.01413	0.00997	0.00831	0.00249	0.00914	0.00748	0.00831	0.01413
32	0.02056	0.01974	0.03372	0.05099	0.65622	0.01974	0.02550	0.02550	0.01892	0.02714	0.01563	0.02056	0.01316	0.00740	0.00822	0.00247	0.00987	0.00740	0.00411	0.01316
33	0.01063	0.00744	0.00949	0.01092	0.01128	0.00708	0.00702	0.01170	0.01492	0.01989	0.04073	0.53546	0.04856	0.20189	0.01877	0.00458	0.00565	0.02064	0.00702	0.00631
34	0.01148	0.00825	0.00979	0.01019	0.01217	0.00729	0.00734	0.01370	0.01880	0.05257	0.16143	0.30161	0.31180	0.02170	0.01004	0.00297	0.00451	0.01892	0.00806	0.00737
35	0.01128	0.00847	0.01045	0.00995	0.01212	0.00764	0.00746	0.01476	0.02239	0.03065	0.51292	0.06643	0.21896	0.01798	0.00980	0.00266	0.00399	0.01564	0.00879	0.00764
36	0.03054	0.02227	0.02382	0.01838	0.02472	0.02460	0.01515	0.58919	0.03766	0.05098	0.02041	0.02066	0.01459	0.00995	0.00815	0.00246	0.00880	0.00750	0.05646	0.01372
37	0.01723	0.01477	0.01723	0.01230	0.01969	0.01107	0.00984	0.02092	0.01723	0.02707	0.01477	0.01723	0.01230	0.00615	0.00615	0.00123	0.00615	0.00492	0.00492	0.75883
38	0.01065	0.00745	0.00948	0.01089	0.01124	0.00710	0.00698	0.01171	0.01487	0.01982	0.04047	0.52673	0.04823	0.21108	0.01920	0.00464	0.00570	0.02049	0.00698	0.00628
39	0.01666	0.04297	0.66500	0.02368	0.03596	0.01929	0.03069	0.02631	0.01754	0.02631	0.01491	0.01754	0.01052	0.00789	0.00789	0.00263	0.01228	0.00614	0.00351	0.01228
40	0.01569	0.01477	0.02492	0.68808	0.05722	0.01846	0.02307	0.02123	0.01661	0.02123	0.01477	0.02215	0.01107	0.00831	0.00831	0.00277	0.01107	0.00738	0.00369	0.00923
41	0.01198	0.00930	0.00974	0.00948	0.01248	0.00820	0.00715	0.01557	0.06161	0.05591	0.07622	0.10426	0.54851	0.02006	0.00969	0.00282	0.00455	0.01680	0.00790	0.00778
42	0.01168	0.00849	0.01099	0.01037	0.01236	0.00780	0.00778	0.01552	0.02333	0.03287	0.62849	0.06279	0.10202	0.01715	0.00980	0.00262	0.00393	0.01513	0.00909	0.00780
43	0.00988	0.00818	0.00866	0.00903	0.01138	0.00696	0.00659	0.01185	0.01834	0.02220	0.07664	0.20202	0.53564	0.02202	0.00997	0.00292	0.00433	0.01873	0.00771	0.00696
44	0.00982	0.00842	0.00842	0.00842	0.01122	0.00701	0.00631	0.01192	0.01894	0.02244	0.08416	0.07995	0.65285	0.02104	0.00982	0.00281	0.00421	0.01753	0.00771	0.00701
45	0.01745	0.01656	0.02810	0.45799	0.27355	0.01892	0.02395	0.02277	0.01744	0.02336	0.01508	0.02158	0.01183	0.00798	0.00828	0.00266	0.01064	0.00739	0.00384	0.01065
46	0.01961	0.02241	0.04902	0.03501	0.04342	0.02101	0.62605	0.02661	0.01961	0.02661	0.01681	0.02241	0.01261	0.00700	0.00980	0.00280	0.01401	0.00980	0.00420	0.01120
47	0.01454	0.01242	0.01299	0.01215	0.01570	0.01285	0.00931	0.02583	0.28283	0.02840	0.10167	0.05799	0.34776	0.01662	0.00924	0.00280	0.00519	0.01391	0.00813	0.00967
48	0.01934	0.02189	0.04737	0.07969	0.04436	0.02083	0.58480	0.02624	0.01940	0.02624	0.01667	0.02239	0.01250	0.00709	0.00970	0.00280	0.01381	0.00964	0.00417	0.01107
49	0.01723	0.01477	0.01723	0.01230	0.01969	0.01107	0.00984	0.02092	0.01723	0.02707	0.01477	0.01723	0.01230	0.00615	0.00615	0.00123	0.00615	0.00492	0.00492	0.75883
50	0.01140	0.00821	0.00987	0.00980	0.01109	0.00767	0.00667	0.01350	0.01829	0.02477	0.29748	0.12774	0.14923	0.24442	0.02050	0.00450	0.00541	0.01533	0.00743	0.00668
51	0.01174	0.00791	0.00916	0.00950	0.00958	0.00783	0.00550	0.01199	0.01275	0.01700	0.02961	0.16782	0.03453	0.58868	0.03674	0.00723	0.00749	0.01410	0.00550	0.00533
52	0.01208	0.00805	0.00906	0.00906	0.00906	0.00805	0.00503	0.01208	0.01208	0.01611	0.02618	0.05436	0.03020	0.70804	0.04228	0.00805	0.00805	0.01208	0.00503	0.00503
53	0.01800	0.01712	0.02909	0.38592	0.34132	0.01906	0.02422	0.02325	0.01770	0.02403	0.01517	0.02140	0.01206	0.00788	0.00827	0.00263	0.01050	0.00739	0.00389	0.01109
54	0.08136	0.03798	0.02277	0.02069	0.02502	0.62981	0.01557	0.03257	0.02290	0.02149	0.01275	0.01488	0.01058	0.00850	0.00733	0.00217	0.01440	0.00529	0.00434	0.00959
55	0.01094	0.00846	0.00997	0.00959	0.01191	0.00749	0.00719	0.01409	0.02158	0.02871	0.41132	0.06964	0.32178	0.01870	0.00981	0.00269	0.00404	0.01609	0.00854	0.00749
56	0.01012	0.00723	0.00964	0.01157	0.01205	0.00675	0.00771	0.01157	0.01591	0.02121	0.04579	0.70262	0.05495	0.02603	0.01060	0.00337	0.00482	0.02362	0.00771	0.00675
57	0.01101	0.00878	0.01069	0.01122	0.01291	0.00846	0.00841	0.01323	0.01799	0.02317	0.11753	0.28157	0.29631	0.02207	0.01137	0.00313	0.04919	0.07817	0.00758	0.00720
58	0.01994	0.02432	0.08867	0.02979	0.03609	0.07410	0.38127	0.02548	0.01806	0.02445	0.01489	0.02039	0.01187	0.00906	0.01379	0.00294	0.18171	0.00854	0.00401	0.01064
59	0.02477	0.01924	0.02128	0.01588	0.02288	0.01880	0.01297	0.34034	0.02870	0.04036	0.01749	0.01866	0.01326	0.00816	0.00729	0.00189	0.00772	0.00627	0.00670	0.36733
60	0.03054	0.02615	0.02414	0.01915	0.02535	0.16098	0.01546	0.46437	0.03439	0.04400	0.01812	0.01873	0.01329	0.00943	0.00800	0.00234	0.01017	0.00687	0.00725	0.06126
61	0.01203	0.00826	0.01011	0.01011	0.01047	0.00862	0.00634	0.01275	0.01239	0.01689	0.02522	0.04905	0.02789	0.55003	0.19714	0.00935	0.01153	0.01130	0.00489	0.00562
62	0.02265	0.01740	0.01884	0.01665	0.02156	0.01965	0.01304	0.04371	0.56746	0.10967	0.03369	0.03067	0.02479	0.01115	0.00844	0.00279	0.00663	0.00927	0.00867	0.01327
63	0.01187	0.00890	0.01335	0.01335	0.01483	0.01038	0.01038	0.01483	0.01335	0.01928	0.02225	0.03264	0.02077	0.06231	0.67512	0.01335	0.02225	0.00890	0.00445	0.00742
64	0.02510	0.01966	0.02421	0.15261	0.09155	0.02191	0.01736	0.37345	0.05682	0.04041	0.02131	0.07890	0.01739	0.01082	0.00850	0.00263	0.00911	0.00891	0.00695	0.01240
65	0.03103	0.03959	0.02354	0.02140	0.02568	0.67469	0.01605	0.03317	0.02354	0.02033	0.01284	0.01498	0.01070	0.00856	0.00749	0.00214	0.01498	0.00535	0.00428	0.00963
66	0.00982	0.00842	0.00842	0.00842	0.01122	0.00701	0.00631	0.01192	0.01894	0.02244	0.08416	0.07995	0.65285	0.02104	0.00982	0.00281	0.00421	0.01753	0.00771	0.00701
67	0.01039	0.00835	0.00927	0.00924	0.01162	0.00723	0.00685	0.01296	0.02000	0.02543	0.24215	0.12331	0.44344	0.02028	0.00987	0.00279	0.00417	0.01729	0.00812	0.00723
68	0.01996	0.02092	0.02692	0.39270	0.20587	0.14744	0.02232	0.02467	0.01857	0.02258	0.01461	0.02033	0.01154	0.00812	0.00812	0.00257	0.01153	0.00699	0.00392	0.01032
69	0.24005	0.02123	0.02132	0.01679	0.02301	0.02374	0.01386	0.45721	0.03199	0.04808	0.01757	0.01812	0.01267	0.00933	0.00741	0.00252	0.00837	0.00663	0.00741	0.01267
70	0.00982	0.00842	0.00842	0.00842	0.01122	0.00701	0.00631	0.01192	0.01894	0.02244	0.08416	0.07995	0.65285	0.02104	0.00982	0.00281	0.00421	0.01753	0.00771	0.00701
71	0.01344	0.01128	0.01763	0.21512	0.02795	0.01382	0.01470	0.01709	0.01428	0.01991	0.01924	0.02852	0.01720	0.04294	0.43197	0.00953	0.06480	0.00834	0.00417	0.00807
72	0.02568	0.01611	0.02141	0.02273	0.15380	0.01624	0.01505	0.07489	0.17589	0.24314	0.05840	0.03388	0.05434	0.01132	0.00863	0.00268	0.00743	0.03752	0.00810	0.01276
73	0.02992	0.03749	0.02462	0.02453	0.09242	0.60537	0.01705	0.03236	0.02305	0.02105	0.01314	0.01557	0.01096	0.00844	0.00757	0.00217	0.01444	0.00557	0.00426	0.01000
74	0.01961	0.02241	0.04902	0.03501	0.04342	0.02101	0.62605	0.02661	0.01961	0.02661	0.01681	0.02241	0.01261	0.00700	0.00980	0.00280	0.01401	0.00980	0.00420	0.01120
75	0.76672	0.01607	0.01221	0.01092	0.01607	0.01864	0.00900	0.02442	0.01414	0.03727	0.01157	0.01350	0.00900	0.00771	0.00514	0.00257	0.00643	0.00450	0.00514	0.00900
76	0.01084	0.00785	0.01082	0.01191	0.01278	0.00796	0.00840	0.01285	0.01550	0.02124	0.07938	0.43095	0.04529	0.06576	0.21007	0.00650	0.01010	0.01814	0.00672	0.00695
77	0.02178	0.01840	0.01941	0.01713	0.02203	0.02118	0.01342	0.10383	0.57971	0.03655	0.03240	0.02987	0.02421	0.01114	0.00844	0.00278	0.00684	0.00920	0.00844	0.01325
78	0.03081	0.02252	0.02411	0.01857	0.02499	0.02490	0.01531	0.59926	0.03802	0.05133	0.02029	0.02047	0.01447	0.00996	0.00819	0.00247	0.00889	0.00749	0.04414	0.01382
79	0.01152	0.00782	0.00923	0.00978	0.00992	0.00768	0.00580	0.01193	0.01318	0.01757	0.03181	0.24055	0.03731	0.51216	0.03318	0.00671	0.00713	0.01539	0.00580	0.00553
80	0.01443	0.00722	0.01082	0.01082	0.01082	0.00722	0.00722	0.01082	0.01082	0.01443	0.01443	0.02525	0.01443	0.02886	0.03247	0.75830	0.00722	0.00722	0.00361	0.00361
81	0.01443	0.00722	0.01082	0.01082	0.01082	0.00722	0.00722	0.01082	0.01082	0.01443	0.01443	0.02525	0.01443	0.02886	0.03247	0.75830	0.00722	0.00722	0.00361	0.00361
82	0.76672	0.01607	0.01221	0.01092	0.01607	0.01864	0.00900	0.02442	0.01414	0.03727	0.01157	0.01350	0.00900	0.00771	0.00514	0.00257	0.00643	0.00450	0.00514	0.00900
83	0.01187	0.00890	0.01335	0.01335	0.01483	0.01038	0.01038	0.01483	0.01335	0.01928	0.02225	0.03264	0.02077	0.06231	0.67512	0.01335	0.02225	0.00890	0.00445	0.00742
84	0.02683	0.03259	0.02416	0.02154	0.02442	0.46247	0.01675	0.02886	0.02001	0.02022	0.01221	0.01603	0.01077	0.01052	0.01395	0.00263	0.23655	0.00598	0.00407	0.00945
85	0.03727	0.01414	0.01928	0.01478	0.02121	0.01221	0.01221	0.04049	0.02378	0.66198	0.03277	0.02828	0.02056	0.01028	0.00835	0.00257	0.00707	0.00835	0.01028	0.01414
86	0.10662	0.02411	0.02350	0.01850	0.02476	0.08779	0.01512	0.50925	0.03501	0.04772	0.01840	0.01881	0.01327	0.00961	0.00791	0.00247	0.00943	0.00697	0.00760	0.01317
87	0.00999	0.00842	0.00865	0.00860	0.01133	0.00709	0.00645	0.01225	0.01934	0.02340	0.13430	0.07837	0.60211	0.02068	0.00982	0.00279	0.00418	0.01731	0.00784	0.00709
88	0.01299	0.00750	0.00953	0.01005	0.01056	0.00737	0.00661	0.01296	0.01374	0.01984	0.02776	0.21351	0.02991	0.16686	0.02346	0.25084	0.00610	0.01272	0.15214	0.00556
89	0.03107	0.03848	0.02364	0.02125	0.02569	0.63030	0.01603	0.07390	0.02460	0.02252	0.01333	0.01532	0.01094	0.00866	0.00755	0.00216	0.01458	0.00550	0.00456	0.00994
90	0.01208	0.00805	0.00906	0.00906	0.00906	0.00805	0.00503	0.01208	0.01208	0.01611	0.02618	0.05436	0.03020	0.70804	0.04228	0.00805	0.00805	0.01208	0.00503	0.00503
91	0.01012	0.00723	0.00964	0.01157	0.01205	0.00675	0.00771	0.01157	0.01591	0.02121	0.04579	0.70262	0.05495	0.02603	0.01060	0.00337	0.00482	0.02362	0.00771	0.00675
92	0.03158	0.02327	0.02493	0.01911	0.02576	0.02576	0.01579	0.62852	0.03906	0.05236	0.01995	0.01995	0.01413	0.00997	0.00831	0.00249	0.00914	0.00748	0.00831	0.01413
93	0.01208	0.00805	0.00906	0.00906	0.00906	0.00805	0.00503	0.01208	0.01208	0.01611	0.02618	0.05436	0.03020	0.70804	0.04228	0.00805	0.00805	0.01208	0.00503	0.00503
94	0.03111	0.02304	0.02467	0.01902	0.02558	0.02554	0.01568	0.60333	0.06502	0.05160	0.02054	0.02042	0.01461	0.01003	0.00832	0.00251	0.00903	0.00756	0.00832	0.01409
95	0.01195	0.00800	0.00910	0.00922	0.00925	0.00797	0.00521	0.01205	0.01233	0.01644	0.02744	0.09621	0.03180	0.66401	0.04024	0.00775	0.00785	0.01283	0.00521	0.00514
96	0.01106	0.00762	0.00936	0.01037	0.01062	0.00737	0.00643	0.01181	0.01408	0.01877	0.03642	0.39296	0.04313	0.35181	0.02574	0.00561	0.00636	0.01811	0.00643	0.00593
97	0.01569	0.01477	0.02492	0.68808	0.05722	0.01846	0.02307	0.02123	0.01661	0.02123	0.01477	0.02215	0.01107	0.00831	0.00831	0.00277	0.01107	0.00738	0.00369	0.00923
98	0.01055	0.00774	0.01005	0.01148	0.01248	0.00703	0.00778	0.01216	0.01612	0.02162	0.04554	0.63351	0.07821	0.02459	0.01030	0.00322	0.00488	0.02220	0.00754	0.05301
99	0.01024	0.00728	0.00960	0.01141	0.01187	0.00683	0.00755	0.01160	0.01567	0.02089	0.04458	0.66275	0.05342	0.06797	0.01255	0.00366	0.00502	0.02291	0.00755	0.00664
100	0.01208	0.00805	0.00906	0.00906	0.00906	0.00805	0.00503	0.01208	0.01208	0.01611	0.02618	0.05436	0.03020	0.70804	0.04228	0.00805	0.00805	0.01208	0.00503	0.00503
101	0.01777	0.01758	0.02466	0.02126	0.02136	0.02447	0.01767	0.01966	0.01276	0.01995	0.01164	0.01911	0.01154	0.01762	0.06909	0.00426	0.64955	0.00738	0.00369	0.00898
102	0.02221	0.71304	0.04353	0.01421	0.02132	0.03287	0.01421	0.02488	0.01688	0.01955	0.01155	0.01333	0.01066	0.00711	0.00533	0.00178	0.00888	0.00444	0.00355	0.01066
103	0.02027	0.02160	0.03783	0.08320	0.26101	0.06303	0.26772	0.02559	0.01871	0.02535	0.01538	0.02082	0.01240	0.00811	0.01077	0.00272	0.08172	0.00823	0.00408	0.01145
104	0.00982	0.00842	0.00842	0.00842	0.01122	0.00701	0.00631	0.01192	0.01894	0.02244	0.08416	0.07995	0.65285	0.02104	0.00982	0.00281	0.00421	0.01753	0.00771	0.00701
105	0.02056	0.01974	0.03372	0.05099	0.65622	0.01974	0.02550	0.02550	0.01892	0.02714	0.01563	0.02056	0.01316	0.00740	0.00822	0.00247	0.00987	0.00740	0.00411	0.01316
106	0.01251	0.00985	0.01459	0.01422	0.01555	0.01192	0.01118	0.01536	0.01329	0.01936	0.02109	0.03116	0.01976	0.05743	0.60895	0.01236	0.09075	0.00873	0.00437	0.00759
107	0.02844	0.03450	0.02226	0.02001	0.02412	0.53651	0.01519	0.07125	0.02367	0.02271	0.02014	0.02175	0.07304	0.01013	0.00866	0.00230	0.04405	0.00676	0.00486	0.00966
108	0.01010	0.00733	0.00954	0.01131	0.01198	0.00677	0.00760	0.01160	0.01615	0.02131	0.04893	0.65170	0.10384	0.02562	0.01054	0.00333	0.00477	0.02312	0.00771	0.00677
109	0.03228	0.01892	0.02199	0.01677	0.02341	0.01910	0.01382	0.34244	0.03101	0.28201	0.02430	0.02284	0.01639	0.00970	0.00811	0.00239	0.00805	0.00755	0.00872	0.09020
110	0.01175	0.04564	0.11869	0.01192	0.01601	0.01024	0.01107	0.01520	0.01858	0.02386	0.12112	0.16765	0.36068	0.01865	0.00943	0.00280	0.00582	0.01581	0.00698	0.00809
111	0.01702	0.03330	0.42464	0.08361	0.10060	0.01887	0.10248	0.02505	0.01757	0.02552	0.01571	0.01988	0.01180	0.01149	0.05385	0.00338	0.01283	0.00702	0.00374	0.01164
112	0.10102	0.02916	0.01889	0.01730	0.02139	0.42284	0.01309	0.02857	0.06387	0.02349	0.02911	0.02956	0.14627	0.01128	0.00780	0.00237	0.01127	0.00810	0.00537	0.00926

[dist]
# distance from previous block
# <min> <max>
1	11

[block]
# block no. 1 follows, 22 sequences, length 107
# corresponding to MSA columns:
# 124-230
name=unknown_B
#
# <colnr> <probs for GDERKNQSTAVLIFYWHMCP>
#	G	D	E	R	K	N	Q	S	T	A	V	L	I	F	Y	W	H	M	C	P
0	0.01989	0.01891	0.03216	0.04810	0.60701	0.01902	0.02434	0.02468	0.01849	0.02654	0.01613	0.02149	0.01374	0.01161	0.05939	0.00330	0.01082	0.00752	0.00414	0.01272
1	0.02661	0.03370	0.09451	0.02979	0.20254	0.39391	0.02023	0.05661	0.02230	0.02428	0.01415	0.01703	0.01152	0.00823	0.00777	0.00230	0.01301	0.00610	0.00433	0.01109
2	0.02097	0.09984	0.02093	0.01679	0.02006	0.28862	0.01316	0.02356	0.01797	0.01975	0.01716	0.02316	0.01547	0.03387	0.32362	0.00741	0.01775	0.00693	0.00428	0.00870
3	0.01202	0.00830	0.01032	0.01032	0.01075	0.00874	0.00660	0.01289	0.01245	0.01704	0.02503	0.04801	0.02744	0.51918	0.22738	0.00960	0.01221	0.01115	0.00486	0.00573
4	0.01124	0.00800	0.01063	0.01197	0.01297	0.00762	0.00872	0.01349	0.01757	0.02362	0.14592	0.41674	0.05549	0.07618	0.01308	0.00370	0.00551	0.14281	0.00773	0.00699
5	0.01801	0.01533	0.01748	0.01759	0.06134	0.01693	0.01286	0.03429	0.41693	0.03172	0.08651	0.04490	0.09772	0.01380	0.00902	0.00289	0.00646	0.07671	0.00805	0.01148
6	0.02416	0.02535	0.02154	0.02104	0.07167	0.24183	0.01508	0.03900	0.38453	0.02929	0.02532	0.02478	0.01946	0.01006	0.00811	0.00256	0.00967	0.00787	0.00671	0.01196
7	0.01208	0.00805	0.00906	0.00906	0.00906	0.00805	0.00503	0.01208	0.01208	0.01611	0.02618	0.05436	0.03020	0.70804	0.04228	0.00805	0.00805	0.01208	0.00503	0.00503
8	0.01718	0.01203	0.01321	0.01169	0.01343	0.01268	0.00785	0.17320	0.01913	0.02558	0.02455	0.04537	0.02600	0.52559	0.03340	0.00660	0.00834	0.01088	0.00589	0.00741
9	0.01012	0.00723	0.00964	0.01157	0.01205	0.00675	0.00771	0.01157	0.01591	0.02121	0.04579	0.70262	0.05495	0.02603	0.01060	0.00337	0.00482	0.02362	0.00771	0.00675
10	0.01020	0.00726	0.00962	0.01146	0.01192	0.00680	0.00760	0.01159	0.01575	0.02099	0.04497	0.67548	0.05391	0.05458	0.01193	0.00357	0.00496	0.02313	0.00760	0.00668
11	0.01187	0.00890	0.01335	0.01335	0.01483	0.01038	0.01038	0.01483	0.01335	0.01928	0.02225	0.03264	0.02077	0.06231	0.67512	0.01335	0.02225	0.00890	0.00445	0.00742
12	0.02159	0.01517	0.01682	0.01490	0.01889	0.01662	0.01128	0.03679	0.40710	0.13397	0.03203	0.03547	0.02559	0.15794	0.01557	0.00388	0.00697	0.00979	0.00803	0.01160
13	0.03158	0.02327	0.02493	0.01911	0.02576	0.02576	0.01579	0.62852	0.03906	0.05236	0.01995	0.01995	0.01413	0.00997	0.00831	0.00249	0.00914	0.00748	0.00831	0.01413
14	0.03158	0.02327	0.02493	0.01911	0.02576	0.02576	0.01579	0.62852	0.03906	0.05236	0.01995	0.01995	0.01413	0.00997	0.00831	0.00249	0.00914	0.00748	0.00831	0.01413
15	0.01907	0.01121	0.01158	0.01028	0.01327	0.01176	0.00803	0.15519	0.02225	0.03574	0.02550	0.02851	0.01970	0.00974	0.00637	0.00206	0.00505	0.00768	0.58785	0.00917
16	0.01065	0.00750	0.00974	0.01132	0.01180	0.00714	0.00754	0.01197	0.01540	0.02049	0.04218	0.55342	0.05013	0.14783	0.01632	0.00424	0.00555	0.05307	0.00723	0.00649
17	0.03621	0.01584	0.02033	0.01559	0.02206	0.01474	0.01288	0.15010	0.02663	0.54834	0.03038	0.02672	0.01936	0.01022	0.00835	0.00256	0.00746	0.00819	0.00991	0.01414
18	0.03178	0.01564	0.01929	0.01517	0.02104	0.01505	0.01240	0.16838	0.05811	0.41337	0.07133	0.03205	0.06479	0.01139	0.00853	0.00258	0.00712	0.00923	0.00951	0.01323
19	0.02765	0.01601	0.01901	0.01545	0.02058	0.01627	0.01241	0.23321	0.07555	0.25206	0.12457	0.09319	0.03079	0.01274	0.00878	0.00264	0.00704	0.01057	0.00906	0.01241
20	0.01011	0.00843	0.00882	0.00872	0.01140	0.00714	0.00654	0.01249	0.01963	0.02409	0.16995	0.07725	0.56603	0.02043	0.00982	0.00278	0.00416	0.01715	0.00793	0.00714
21	0.03272	0.01852	0.02164	0.01691	0.02321	0.01909	0.01386	0.29263	0.10907	0.32106	0.02742	0.02506	0.01842	0.01028	0.00835	0.00257	0.00789	0.00811	0.00920	0.01401
22	0.01187	0.00890	0.01335	0.01335	0.01483	0.01038	0.01038	0.01483	0.01335	0.01928	0.02225	0.03264	0.02077	0.06231	0.67512	0.01335	0.02225	0.00890	0.00445	0.00742
23	0.01723	0.01477	0.01723	0.01230	0.01969	0.01107	0.00984	0.02092	0.01723	0.02707	0.01477	0.01723	0.01230	0.00615	0.00615	0.00123	0.00615	0.00492	0.00492	0.75883
24	0.01053	0.00740	0.00952	0.01104	0.01142	0.00702	0.00715	0.01168	0.01510	0.02013	0.04165	0.56602	0.04973	0.16975	0.01728	0.00436	0.00550	0.02119	0.00715	0.00639
25	0.02221	0.71304	0.04353	0.01421	0.02132	0.03287	0.01421	0.02488	0.01688	0.01955	0.01155	0.01333	0.01066	0.00711	0.00533	0.00178	0.00888	0.00444	0.00355	0.01066
26	0.01953	0.01665	0.01781	0.01608	0.02043	0.01903	0.01247	0.04051	0.56243	0.03457	0.11264	0.03496	0.03212	0.01200	0.00862	0.00279	0.00624	0.01011	0.00854	0.01247
27	0.01373	0.00916	0.01037	0.00966	0.01275	0.00785	0.00739	0.01636	0.02052	0.10630	0.19723	0.06959	0.45115	0.01881	0.00963	0.00273	0.00451	0.01583	0.00834	0.00810
28	0.01796	0.01788	0.02540	0.07862	0.02483	0.02485	0.01859	0.02010	0.01305	0.02010	0.01123	0.01851	0.01092	0.01401	0.02565	0.00356	0.63471	0.00728	0.00364	0.00910
29	0.02971	0.03682	0.02294	0.02083	0.02516	0.59127	0.01568	0.03457	0.10232	0.02217	0.01552	0.01702	0.01257	0.00891	0.00761	0.00223	0.01391	0.00587	0.00481	0.01008
30	0.01426	0.00813	0.00964	0.00964	0.01142	0.00864	0.00736	0.01783	0.01604	0.02702	0.02546	0.03153	0.02112	0.02748	0.23222	0.00580	0.01009	0.00813	0.50056	0.00763
31	0.01323	0.00951	0.01316	0.01499	0.01694	0.00945	0.01307	0.01697	0.01912	0.02475	0.04579	0.09309	0.07493	0.02286	0.01140	0.00378	0.00750	0.57418	0.00765	0.00762
32	0.03239	0.01751	0.02290	0.01768	0.02409	0.01732	0.06031	0.18550	0.10599	0.38227	0.02850	0.02611	0.01897	0.01008	0.00847	0.00260	0.00805	0.00838	0.00909	0.01378
33	0.01012	0.00723	0.00964	0.01157	0.01205	0.00675	0.00771	0.01157	0.01591	0.02121	0.04579	0.70262	0.05495	0.02603	0.01060	0.00337	0.00482	0.02362	0.00771	0.00675
34	0.03103	0.03959	0.02354	0.02140	0.02568	0.67469	0.01605	0.03317	0.02354	0.02033	0.01284	0.01498	0.01070	0.00856	0.00749	0.00214	0.01498	0.00535	0.00428	0.00963
35	0.01818	0.01818	0.02545	0.02181	0.02181	0.02545	0.01818	0.01999	0.01272	0.01999	0.01091	0.01818	0.01091	0.01454	0.02726	0.00364	0.69284	0.00727	0.00364	0.00909
36	0.01666	0.04297	0.66500	0.02368	0.03596	0.01929	0.03069	0.02631	0.01754	0.02631	0.01491	0.01754	0.01052	0.00789	0.00789	0.00263	0.01228	0.00614	0.00351	0.01228
37	0.01926	0.02070	0.05132	0.01999	0.10105	0.13847	0.01419	0.02955	0.23624	0.02713	0.04110	0.04007	0.20069	0.01291	0.00861	0.00263	0.00817	0.01056	0.00666	0.01069
38	0.01055	0.00822	0.00958	0.00971	0.01179	0.00725	0.00710	0.01316	0.01996	0.02599	0.27453	0.18980	0.34151	0.02056	0.00996	0.00284	0.00422	0.01779	0.00821	0.00725
39	0.02019	0.01936	0.03304	0.09987	0.61026	0.01964	0.02531	0.02517	0.01874	0.02669	0.01556	0.02068	0.01300	0.00747	0.00823	0.00249	0.00996	0.00740	0.00408	0.01286
40	0.02796	0.17968	0.03046	0.02133	0.02665	0.47008	0.08039	0.03073	0.02172	0.02083	0.01299	0.01542	0.01089	0.00809	0.00728	0.00213	0.01359	0.00563	0.00412	0.01001
41	0.02056	0.01974	0.03372	0.05099	0.65622	0.01974	0.02550	0.02550	0.01892	0.02714	0.01563	0.02056	0.01316	0.00740	0.00822	0.00247	0.00987	0.00740	0.00411	0.01316
42	0.02056	0.01974	0.03372	0.05099	0.65622	0.01974	0.02550	0.02550	0.01892	0.02714	0.01563	0.02056	0.01316	0.00740	0.00822	0.00247	0.00987	0.00740	0.00411	0.01316
43	0.01428	0.01086	0.01565	0.02017	0.14874	0.01054	0.01192	0.01779	0.05127	0.05624	0.04005	0.45595	0.07303	0.02023	0.00983	0.00308	0.00606	0.01833	0.00713	0.00884
44	0.01538	0.01246	0.01613	0.01513	0.01752	0.01476	0.01190	0.04824	0.17176	0.02460	0.02418	0.03058	0.02088	0.04366	0.43042	0.00951	0.06923	0.00884	0.00555	0.00926
45	0.02974	0.02566	0.02520	0.04948	0.14365	0.21660	0.01734	0.21658	0.02726	0.13942	0.01898	0.02005	0.01389	0.00906	0.00806	0.00241	0.01075	0.00697	0.00648	0.01242
46	0.01569	0.01477	0.02492	0.68808	0.05722	0.01846	0.02307	0.02123	0.01661	0.02123	0.01477	0.02215	0.01107	0.00831	0.00831	0.00277	0.01107	0.00738	0.00369	0.00923
47	0.34641	0.02018	0.01948	0.01561	0.02161	0.02271	0.01288	0.36981	0.02839	0.04590	0.01636	0.01718	0.01193	0.00900	0.00695	0.00253	0.00798	0.00620	0.00695	0.01193
48	0.01064	0.00845	0.00956	0.00928	0.01173	0.00736	0.00696	0.01352	0.02088	0.02706	0.32538	0.07235	0.40874	0.01932	0.00981	0.00272	0.00409	0.01647	0.00832	0.00736
49	0.01198	0.00788	0.00900	0.00937	0.00978	0.00773	0.00568	0.01276	0.01367	0.01894	0.03241	0.17543	0.05996	0.47524	0.03101	0.00629	0.00683	0.01402	0.08629	0.00573
50	0.01037	0.00733	0.00957	0.01125	0.01167	0.00691	0.00737	0.01163	0.01542	0.02056	0.04329	0.61994	0.05179	0.11301	0.01464	0.00397	0.00523	0.02215	0.00737	0.00653
51	0.01208	0.00805	0.00906	0.00906	0.00906	0.00805	0.00503	0.01208	0.01208	0.01611	0.02618	0.05436	0.03020	0.70804	0.04228	0.00805	0.00805	0.01208	0.00503	0.00503
52	0.01027	0.00854	0.00905	0.00922	0.01190	0.00731	0.00712	0.01263	0.01913	0.02311	0.10149	0.08073	0.56679	0.02109	0.00999	0.00291	0.00456	0.07928	0.00776	0.00711
53	0.01187	0.00890	0.01335	0.01335	0.01483	0.01038	0.01038	0.01483	0.01335	0.01928	0.02225	0.03264	0.02077	0.06231	0.67512	0.01335	0.02225	0.00890	0.00445	0.00742
54	0.02315	0.64158	0.04141	0.01498	0.02178	0.10098	0.01441	0.02576	0.01759	0.01963	0.01169	0.01350	0.01067	0.00726	0.00556	0.00182	0.00953	0.00454	0.00363	0.01055
55	0.01677	0.01779	0.03650	0.02759	0.03332	0.01703	0.41931	0.02193	0.01823	0.02475	0.02503	0.22118	0.02492	0.01289	0.01078	0.00300	0.04023	0.01374	0.00520	0.00981
56	0.01006	0.00783	0.00915	0.01008	0.01169	0.00692	0.00708	0.01192	0.01764	0.02234	0.09166	0.38845	0.32893	0.02333	0.01021	0.00308	0.00450	0.02044	0.00778	0.00692
57	0.01045	0.00756	0.00988	0.01116	0.01208	0.00699	0.00766	0.01245	0.01767	0.02383	0.17560	0.53361	0.09256	0.02385	0.01039	0.00318	0.00460	0.02147	0.00801	0.00699
58	0.01928	0.01842	0.03115	0.15592	0.52801	0.01897	0.02426	0.02419	0.01853	0.02595	0.01844	0.02339	0.04040	0.00814	0.00831	0.00253	0.00983	0.00784	0.00420	0.01224
59	0.17737	0.01852	0.02841	0.09903	0.46822	0.01939	0.02180	0.02489	0.01770	0.02875	0.01469	0.01921	0.01210	0.00755	0.00758	0.00252	0.00925	0.00679	0.00429	0.01193
60	0.02015	0.06512	0.03342	0.11713	0.54969	0.02047	0.02449	0.02499	0.01853	0.02600	0.01526	0.02025	0.01277	0.00748	0.00804	0.00245	0.00993	0.00720	0.00403	0.01257
61	0.01007	0.00832	0.00854	0.00863	0.01103	0.00711	0.00624	0.01192	0.01807	0.02171	0.07621	0.10637	0.55880	0.09417	0.01330	0.00339	0.00464	0.01724	0.00743	0.00679
62	0.01851	0.01765	0.03002	0.31858	0.40463	0.01920	0.02448	0.02370	0.01795	0.02466	0.01526	0.02123	0.01228	0.00778	0.00826	0.00259	0.01038	0.00739	0.00394	0.01151
63	0.02737	0.03282	0.02535	0.02209	0.02565	0.45590	0.04744	0.05596	0.02141	0.02198	0.01289	0.01635	0.01100	0.00999	0.01243	0.00255	0.17861	0.00613	0.00430	0.00978
64	0.01010	0.00730	0.00956	0.01137	0.01200	0.00676	0.00763	0.01159	0.01609	0.02128	0.04814	0.66444	0.09161	0.02572	0.01056	0.00334	0.00478	0.02324	0.00771	0.00676
65	0.01187	0.00890	0.01335	0.01335	0.01483	0.01038	0.01038	0.01483	0.01335	0.01928	0.02225	0.03264	0.02077	0.06231	0.67512	0.01335	0.02225	0.00890	0.00445	0.00742
66	0.02930	0.01294	0.01598	0.01286	0.01779	0.01214	0.01042	0.09574	0.02325	0.38384	0.02949	0.02830	0.02013	0.01005	0.00749	0.00235	0.00621	0.00805	0.26171	0.01197
67	0.76672	0.01607	0.01221	0.01092	0.01607	0.01864	0.00900	0.02442	0.01414	0.03727	0.01157	0.01350	0.00900	0.00771	0.00514	0.00257	0.00643	0.00450	0.00514	0.00900
68	0.01188	0.00884	0.01307	0.01307	0.01445	0.01023	0.01003	0.01465	0.01327	0.01907	0.02251	0.03408	0.02139	0.10507	0.63321	0.01300	0.02131	0.00911	0.00449	0.00726
69	0.03158	0.02327	0.02493	0.01911	0.02576	0.02576	0.01579	0.62852	0.03906	0.05236	0.01995	0.01995	0.01413	0.00997	0.00831	0.00249	0.00914	0.00748	0.00831	0.01413
70	0.01022	0.00727	0.00961	0.01144	0.01190	0.00681	0.00758	0.01159	0.01571	0.02095	0.04479	0.66979	0.05369	0.06056	0.01221	0.00361	0.00498	0.02303	0.00758	0.00666
71	0.01549	0.00774	0.00774	0.00774	0.00968	0.00774	0.00581	0.01936	0.01742	0.03097	0.02710	0.03097	0.02129	0.00968	0.00581	0.00194	0.00387	0.00774	0.75416	0.00774
72	0.01011	0.00728	0.00958	0.01143	0.01201	0.00676	0.00765	0.01158	0.01604	0.02126	0.04751	0.67471	0.08175	0.02580	0.01057	0.00335	0.00479	0.02334	0.00771	0.00676
73	0.01042	0.00741	0.00973	0.01127	0.01185	0.00695	0.00752	0.01199	0.01632	0.02194	0.10032	0.59366	0.05521	0.07752	0.01296	0.00366	0.00498	0.02194	0.00764	0.00672
74	0.03107	0.03834	0.02365	0.02123	0.02569	0.62490	0.01603	0.07885	0.02473	0.02279	0.01339	0.01536	0.01096	0.00867	0.00755	0.00217	0.01453	0.00551	0.00459	0.00998
75	0.01208	0.00805	0.00906	0.00906	0.00906	0.00805	0.00503	0.01208	0.01208	0.01611	0.02618	0.05436	0.03020	0.70804	0.04228	0.00805	0.00805	0.01208	0.00503	0.00503
76	0.00982	0.00842	0.00842	0.00842	0.01122	0.00701	0.00631	0.01192	0.01894	0.02244	0.08416	0.07995	0.65285	0.02104	0.00982	0.00281	0.00421	0.01753	0.00771	0.00701
77	0.01723	0.01477	0.01723	0.01230	0.01969	0.01107	0.00984	0.02092	0.01723	0.02707	0.01477	0.01723	0.01230	0.00615	0.00615	0.00123	0.00615	0.00492	0.00492	0.75883
78	0.01187	0.00890	0.01335	0.01335	0.01483	0.01038	0.01038	0.01483	0.01335	0.01928	0.02225	0.03264	0.02077	0.06231	0.67512	0.01335	0.02225	0.00890	0.00445	0.00742
79	0.01012	0.00723	0.00964	0.01157	0.01205	0.00675	0.00771	0.01157	0.01591	0.02121	0.04579	0.70262	0.05495	0.02603	0.01060	0.00337	0.00482	0.02362	0.00771	0.00675
80	0.01673	0.00963	0.01233	0.01243	0.01470	0.00903	0.00899	0.02034	0.06707	0.15934	0.04501	0.45780	0.09114	0.02112	0.00989	0.00311	0.00539	0.01877	0.00832	0.00885
81	0.00982	0.00842	0.00842	0.00842	0.01122	0.00701	0.00631	0.01192	0.01894	0.02244	0.08416	0.07995	0.65285	0.02104	0.00982	0.00281	0.00421	0.01753	0.00771	0.00701
82	0.02458	0.01979	0.02099	0.01770	0.02309	0.02249	0.01410	0.25377	0.42522	0.04107	0.02884	0.02703	0.02133	0.01081	0.00840	0.00270	0.00750	0.00871	0.00840	0.01350
83	0.01579	0.01275	0.01322	0.01175	0.01561	0.01271	0.00918	0.14597	0.10254	0.03032	0.06420	0.06106	0.43822	0.01746	0.00933	0.00274	0.00555	0.01438	0.00793	0.00930
84	0.02056	0.01974	0.03372	0.05099	0.65622	0.01974	0.02550	0.02550	0.01892	0.02714	0.01563	0.02056	0.01316	0.00740	0.00822	0.00247	0.00987	0.00740	0.00411	0.01316
85	0.01012	0.00723	0.00964	0.01157	0.01205	0.00675	0.00771	0.01157	0.01591	0.02121	0.04579	0.70262	0.05495	0.02603	0.01060	0.00337	0.00482	0.02362	0.00771	0.00675
86	0.03103	0.03959	0.02354	0.02140	0.02568	0.67469	0.01605	0.03317	0.02354	0.02033	0.01284	0.01498	0.01070	0.00856	0.00749	0.00214	0.01498	0.00535	0.00428	0.00963
87	0.01737	0.12844	0.58573	0.02247	0.03409	0.02103	0.02859	0.02613	0.01746	0.02545	0.01448	0.01700	0.01054	0.00779	0.00757	0.00252	0.01184	0.00592	0.00351	0.01207
88	0.01048	0.00788	0.00956	0.01028	0.01173	0.00712	0.00719	0.01256	0.01820	0.02386	0.18371	0.35215	0.23349	0.05776	0.01183	0.00329	0.00462	0.01943	0.00788	0.00697
89	0.01208	0.00805	0.00906	0.00906	0.00906	0.00805	0.00503	0.01208	0.01208	0.01611	0.02618	0.05436	0.03020	0.70804	0.04228	0.00805	0.00805	0.01208	0.00503	0.00503
90	0.02066	0.01785	0.01878	0.01691	0.02160	0.02066	0.01315	0.04414	0.64121	0.03475	0.03381	0.03099	0.02536	0.01127	0.00845	0.00282	0.00657	0.00939	0.00845	0.01315
91	0.02015	0.02220	0.10071	0.04809	0.59040	0.01969	0.02605	0.02558	0.01877	0.02705	0.01555	0.02024	0.01288	0.00745	0.00819	0.00248	0.01012	0.00727	0.00405	0.01307
92	0.01265	0.01005	0.01485	0.01440	0.01570	0.01224	0.01135	0.01547	0.01327	0.01937	0.02085	0.03085	0.01955	0.05641	0.59510	0.01215	0.10508	0.00870	0.00435	0.00762
93	0.01208	0.00805	0.00906	0.00906	0.00906	0.00805	0.00503	0.01208	0.01208	0.01611	0.02618	0.05436	0.03020	0.70804	0.04228	0.00805	0.00805	0.01208	0.00503	0.00503
94	0.01187	0.01005	0.01048	0.01033	0.01324	0.00953	0.00773	0.01789	0.13461	0.02461	0.07070	0.13690	0.47243	0.01975	0.00965	0.00287	0.00471	0.01666	0.00785	0.00813
95	0.01826	0.23558	0.48636	0.02096	0.03175	0.02320	0.02596	0.02590	0.01735	0.02436	0.01394	0.01633	0.01056	0.00767	0.00716	0.00239	0.01130	0.00565	0.00352	0.01181
96	0.01426	0.12802	0.04562	0.01190	0.01480	0.01348	0.03214	0.01714	0.04458	0.02052	0.03529	0.08713	0.14240	0.30200	0.02227	0.00480	0.00745	0.01188	0.03684	0.00749
97	0.02943	0.03561	0.02389	0.02128	0.02519	0.54209	0.01630	0.07717	0.02335	0.02275	0.01314	0.01577	0.01099	0.00943	0.01008	0.00236	0.10099	0.00576	0.00451	0.00991
98	0.01668	0.01199	0.01425	0.01299	0.01530	0.01272	0.00968	0.16247	0.02122	0.02886	0.11942	0.08586	0.03456	0.23982	0.13251	0.00623	0.00988	0.05053	0.00668	0.00833
99	0.01952	0.17995	0.16392	0.02015	0.02574	0.10591	0.06508	0.02379	0.01667	0.02166	0.01437	0.01914	0.01242	0.01763	0.11598	0.00428	0.15326	0.00661	0.00384	0.01008
100	0.01920	0.02181	0.11632	0.12215	0.34930	0.01905	0.08913	0.05496	0.01989	0.02797	0.06458	0.02371	0.01753	0.00840	0.00849	0.00258	0.01030	0.00808	0.00459	0.01197
101	0.02410	0.02645	0.03028	0.04098	0.44293	0.24129	0.02230	0.02809	0.02048	0.02484	0.01468	0.01867	0.01233	0.00779	0.00798	0.00236	0.01160	0.00671	0.00417	0.01197
102	0.10743	0.16676	0.02633	0.01872	0.02382	0.43052	0.01493	0.07631	0.02244	0.02443	0.01300	0.01488	0.01078	0.00830	0.00688	0.00214	0.01244	0.00525	0.00454	0.01011
103	0.13667	0.19164	0.02067	0.01304	0.01649	0.01724	0.01094	0.01873	0.01459	0.02241	0.01957	0.07596	0.01888	0.03644	0.34278	0.00785	0.01490	0.00817	0.00458	0.00846
104	0.02103	0.26947	0.10934	0.01592	0.02220	0.07410	0.01522	0.13408	0.02187	0.02722	0.02768	0.03064	0.12155	0.01318	0.03541	0.00279	0.00956	0.03278	0.00539	0.01055
105	0.10096	0.01528	0.01652	0.01418	0.01786	0.01639	0.01076	0.26833	0.02473	0.06454	0.02638	0.16706	0.02594	0.17445	0.01630	0.00397	0.00762	0.01156	0.00719	0.00997
106	0.02004	0.02191	0.08028	0.03322	0.24978	0.04801	0.13366	0.06406	0.01935	0.02686	0.01933	0.02348	0.05162	0.00956	0.01167	0.00269	0.12531	0.00815	0.00455	0.04647

[dist]
# distance from previous block
# <min> <max>
1	8

[block]
# block no. 2 follows, 22 sequences, length 68
# corresponding to MSA columns:
# 239-306
name=unknown_C
#
# <colnr> <probs for GDERKNQSTAVLIFYWHMCP>
#	G	D	E	R	K	N	Q	S	T	A	V	L	I	F	Y	W	H	M	C	P
0	0.06480	0.16085	0.07387	0.18984	0.03238	0.16600	0.01797	0.08214	0.01987	0.02477	0.01419	0.01810	0.01151	0.01120	0.04100	0.00295	0.04790	0.00618	0.00433	0.01018
1	0.08695	0.02690	0.02099	0.13242	0.02840	0.33692	0.01550	0.05588	0.08019	0.02474	0.01934	0.02210	0.04239	0.01327	0.05652	0.00321	0.01257	0.00693	0.00500	0.00976
2	0.02781	0.09915	0.02524	0.02037	0.02447	0.48188	0.01586	0.03184	0.07609	0.02149	0.01434	0.01660	0.01201	0.00935	0.00963	0.00234	0.09120	0.00584	0.00451	0.00998
3	0.01085	0.00890	0.00969	0.01007	0.01246	0.00808	0.00747	0.01446	0.06382	0.02319	0.07009	0.21364	0.44613	0.02151	0.00997	0.00298	0.00468	0.04682	0.00776	0.00744
4	0.02849	0.02957	0.02609	0.02661	0.15105	0.31285	0.01796	0.21415	0.02686	0.03152	0.01549	0.01778	0.01225	0.00906	0.00886	0.00239	0.04538	0.00651	0.00546	0.01169
5	0.01666	0.04297	0.66500	0.02368	0.03596	0.01929	0.03069	0.02631	0.01754	0.02631	0.01491	0.01754	0.01052	0.00789	0.00789	0.00263	0.01228	0.00614	0.00351	0.01228
6	0.01824	0.23400	0.48783	0.02098	0.03178	0.02316	0.02600	0.02590	0.01735	0.02438	0.01395	0.01634	0.01056	0.00767	0.00716	0.00239	0.01131	0.00566	0.00352	0.01182
7	0.01187	0.00890	0.01335	0.01335	0.01483	0.01038	0.01038	0.01483	0.01335	0.01928	0.02225	0.03264	0.02077	0.06231	0.67512	0.01335	0.02225	0.00890	0.00445	0.00742
8	0.02208	0.02513	0.06338	0.06499	0.34737	0.15034	0.15311	0.02714	0.01983	0.02540	0.01526	0.01977	0.01235	0.00760	0.00841	0.00249	0.01193	0.00745	0.00412	0.01184
9	0.05838	0.02366	0.16932	0.16860	0.36793	0.01933	0.02528	0.02477	0.01791	0.02633	0.01508	0.01984	0.01195	0.00770	0.00800	0.00257	0.01045	0.00697	0.00395	0.01197
10	0.01012	0.00723	0.00964	0.01157	0.01205	0.00675	0.00771	0.01157	0.01591	0.02121	0.04579	0.70262	0.05495	0.02603	0.01060	0.00337	0.00482	0.02362	0.00771	0.00675
11	0.01198	0.00801	0.00909	0.00919	0.00922	0.00798	0.00518	0.01205	0.01228	0.01638	0.02722	0.08880	0.03152	0.67181	0.04060	0.00781	0.00788	0.01269	0.00518	0.00512
12	0.02311	0.02288	0.03003	0.07075	0.45104	0.14221	0.02240	0.02833	0.04884	0.05644	0.01673	0.02044	0.01353	0.00798	0.00811	0.00244	0.01059	0.00715	0.00462	0.01237
13	0.02047	0.01999	0.03517	0.04948	0.59831	0.01986	0.08225	0.02560	0.01898	0.02709	0.01574	0.02074	0.01311	0.00736	0.00837	0.00250	0.01026	0.00763	0.00412	0.01297
14	0.02418	0.01981	0.02031	0.01748	0.02264	0.05137	0.01379	0.16555	0.45897	0.06631	0.02991	0.02783	0.02212	0.01083	0.00837	0.00271	0.00752	0.00876	0.00831	0.01324
15	0.01791	0.01538	0.01754	0.01322	0.02007	0.01298	0.01050	0.02554	0.14146	0.02860	0.01856	0.01997	0.01490	0.00717	0.00661	0.00155	0.00624	0.00581	0.00562	0.61037
16	0.03114	0.03653	0.02380	0.02097	0.02570	0.55297	0.01600	0.14484	0.02645	0.02634	0.01417	0.01591	0.01134	0.00883	0.00764	0.00221	0.01389	0.00575	0.00504	0.01047
17	0.01198	0.00819	0.00967	0.00948	0.01006	0.00799	0.00587	0.01316	0.01551	0.02126	0.21354	0.05667	0.04463	0.50110	0.03256	0.00642	0.00682	0.01296	0.00626	0.00587
18	0.01150	0.00781	0.00923	0.00980	0.00994	0.00767	0.00583	0.01193	0.01321	0.01762	0.03198	0.24610	0.03752	0.50632	0.03291	0.00667	0.00710	0.01549	0.00583	0.00554
19	0.02829	0.02095	0.02280	0.01771	0.02374	0.02280	0.01443	0.51370	0.03445	0.04654	0.02005	0.02244	0.01529	0.05260	0.04825	0.00334	0.00961	0.00764	0.00765	0.06772
