[name]
unknown

[dist]
# distance from previous block
# <min> <max>
0	0

[block]
# block no. 0 follows, 21 sequences, length 83
# corresponding to MSA columns:
# 0-82
name=unknown_A
#
# <colnr> <probs for GDERKNQSTAVLIFYWHMCP>
#	G	D	E	R	K	N	Q	S	T	A	V	L	I	F	Y	W	H	M	C	P
0	0.01371	0.00980	0.01371	0.01567	0.01763	0.00980	0.01371	0.01763	0.01959	0.02547	0.04506	0.09599	0.04898	0.02351	0.01175	0.00392	0.00784	0.59056	0.00784	0.00784
1	0.03687	0.01658	0.02105	0.01614	0.02277	0.01562	0.01333	0.17107	0.02787	0.51918	0.03063	0.02705	0.01959	0.01046	0.00855	0.00262	0.00772	0.00836	0.01008	0.01448
2	0.76103	0.01646	0.01251	0.01119	0.01646	0.01909	0.00922	0.02502	0.01448	0.03818	0.01185	0.01382	0.00922	0.00790	0.00527	0.00263	0.00658	0.00461	0.00527	0.00922
3	0.03235	0.02384	0.02554	0.01958	0.02639	0.02639	0.01618	0.61946	0.04001	0.05363	0.02043	0.02043	0.01447	0.01022	0.00851	0.00255	0.00936	0.00766	0.00851	0.01447
4	0.01164	0.00868	0.01082	0.01028	0.01247	0.00786	0.00771	0.01528	0.02314	0.03187	0.53031	0.06729	0.19474	0.01824	0.01004	0.00272	0.00407	0.01591	0.00907	0.00786
5	0.01478	0.00739	0.01109	0.01109	0.01109	0.00739	0.00739	0.01109	0.01109	0.01478	0.01478	0.02587	0.01478	0.02956	0.03326	0.75240	0.00739	0.00739	0.00370	0.00370
6	0.03179	0.04056	0.02412	0.02192	0.02631	0.66676	0.01644	0.03398	0.02412	0.02083	0.01315	0.01535	0.01096	0.00877	0.00767	0.00219	0.01535	0.00548	0.00438	0.00987
7	0.02073	0.01811	0.02736	0.40482	0.17093	0.02085	0.02247	0.15665	0.02265	0.03012	0.01649	0.02185	0.01248	0.00870	0.00849	0.00271	0.01065	0.00759	0.00493	0.01140
8	0.03179	0.04056	0.02412	0.02192	0.02631	0.66676	0.01644	0.03398	0.02412	0.02083	0.01315	0.01535	0.01096	0.00877	0.00767	0.00219	0.01535	0.00548	0.00438	0.00987
9	0.03228	0.02605	0.02535	0.01989	0.02638	0.11125	0.01621	0.54188	0.03791	0.04929	0.01947	0.01976	0.01401	0.01002	0.00840	0.00251	0.01016	0.00737	0.00797	0.01386
10	0.01478	0.00739	0.01109	0.01109	0.01109	0.00739	0.00739	0.01109	0.01109	0.01478	0.01478	0.02587	0.01478	0.02956	0.03326	0.75240	0.00739	0.00739	0.00370	0.00370
11	0.01862	0.01862	0.02607	0.02234	0.02234	0.02607	0.01862	0.02048	0.01303	0.02048	0.01117	0.01862	0.01117	0.01489	0.02793	0.00372	0.68535	0.00745	0.00372	0.00931
12	0.01478	0.00739	0.01109	0.01109	0.01109	0.00739	0.00739	0.01109	0.01109	0.01478	0.01478	0.02587	0.01478	0.02956	0.03326	0.75240	0.00739	0.00739	0.00370	0.00370
13	0.01707	0.04402	0.65683	0.02426	0.03683	0.01976	0.03144	0.02695	0.01797	0.02695	0.01527	0.01797	0.01078	0.00809	0.00809	0.00270	0.01258	0.00629	0.00359	0.01258
14	0.01707	0.04402	0.65683	0.02426	0.03683	0.01976	0.03144	0.02695	0.01797	0.02695	0.01527	0.01797	0.01078	0.00809	0.00809	0.00270	0.01258	0.00629	0.00359	0.01258
15	0.01994	0.01908	0.03252	0.19310	0.51572	0.01993	0.02556	0.02514	0.01885	0.02644	0.01581	0.02143	0.01300	0.00779	0.00844	0.00260	0.01039	0.00758	0.00412	0.01258
16	0.03179	0.04056	0.02412	0.02192	0.02631	0.66676	0.01644	0.03398	0.02412	0.02083	0.01315	0.01535	0.01096	0.00877	0.00767	0.00219	0.01535	0.00548	0.00438	0.00987
17	0.01216	0.00912	0.01368	0.01368	0.01520	0.01064	0.01064	0.01520	0.01368	0.01976	0.02279	0.03343	0.02127	0.06382	0.66720	0.01368	0.02279	0.00912	0.00456	0.00760
18	0.03063	0.12763	0.02693	0.02079	0.02572	0.54004	0.01618	0.07201	0.02427	0.02291	0.01347	0.01546	0.01119	0.00867	0.00744	0.00217	0.01412	0.00550	0.00456	0.01031
19	0.02106	0.02022	0.03454	0.05223	0.64784	0.02022	0.02612	0.02612	0.01938	0.02780	0.01601	0.02106	0.01348	0.00758	0.00842	0.00253	0.01011	0.00758	0.00421	0.01348
20	0.01478	0.00739	0.01109	0.01109	0.01109	0.00739	0.00739	0.01109	0.01109	0.01478	0.01478	0.02587	0.01478	0.02956	0.03326	0.75240	0.00739	0.00739	0.00370	0.00370
21	0.59867	0.01648	0.01442	0.01230	0.01787	0.01830	0.01014	0.05736	0.01747	0.14645	0.01607	0.01680	0.01155	0.00847	0.00600	0.00263	0.00684	0.00545	0.00635	0.01040
22	0.01707	0.04402	0.65683	0.02426	0.03683	0.01976	0.03144	0.02695	0.01797	0.02695	0.01527	0.01797	0.01078	0.00809	0.00809	0.00270	0.01258	0.00629	0.00359	0.01258
23	0.03182	0.02357	0.02524	0.01947	0.02619	0.02614	0.01605	0.59219	0.06815	0.05278	0.02111	0.02097	0.01502	0.01028	0.00852	0.00257	0.00924	0.00775	0.00852	0.01442
24	0.01216	0.00912	0.01368	0.01368	0.01520	0.01064	0.01064	0.01520	0.01368	0.01976	0.02279	0.03343	0.02127	0.06382	0.66720	0.01368	0.02279	0.00912	0.00456	0.00760
25	0.01006	0.00862	0.00862	0.00862	0.01149	0.00718	0.00647	0.01221	0.01940	0.02299	0.08621	0.08190	0.64438	0.02155	0.01006	0.00287	0.00431	0.01796	0.00790	0.00718
26	0.02106	0.02022	0.03454	0.05223	0.64784	0.02022	0.02612	0.02612	0.01938	0.02780	0.01601	0.02106	0.01348	0.00758	0.00842	0.00253	0.01011	0.00758	0.00421	0.01348
27	0.02414	0.02179	0.01938	0.01693	0.02093	0.18587	0.01328	0.21186	0.02528	0.03234	0.02020	0.02439	0.01651	0.02541	0.19970	0.00562	0.01411	0.00755	0.10430	0.01041
28	0.02347	0.02478	0.03220	0.04544	0.50848	0.16519	0.02395	0.02788	0.02044	0.02624	0.01537	0.01978	0.01292	0.00785	0.00826	0.00245	0.01128	0.00711	0.00425	0.01267
29	0.01037	0.00741	0.00987	0.01185	0.01234	0.00691	0.00790	0.01185	0.01629	0.02172	0.04690	0.69537	0.05629	0.02666	0.01086	0.00346	0.00494	0.02419	0.00790	0.00691
30	0.02378	0.01941	0.01926	0.01597	0.02111	0.06245	0.01276	0.31210	0.11094	0.03935	0.04264	0.04104	0.21504	0.01388	0.00897	0.00267	0.00782	0.01103	0.00806	0.01173
31	0.02617	0.25329	0.03119	0.01961	0.02405	0.33016	0.01627	0.02847	0.01964	0.02049	0.01232	0.01546	0.01099	0.00953	0.01106	0.00238	0.14924	0.00558	0.00401	0.01010
32	0.01037	0.00741	0.00987	0.01185	0.01234	0.00691	0.00790	0.01185	0.01629	0.02172	0.04690	0.69537	0.05629	0.02666	0.01086	0.00346	0.00494	0.02419	0.00790	0.00691
33	0.02148	0.02012	0.03335	0.09174	0.56762	0.02054	0.02529	0.06510	0.02059	0.02911	0.01624	0.02113	0.01340	0.00782	0.00844	0.00255	0.01014	0.00759	0.00447	0.01328
34	0.01034	0.00855	0.00907	0.00911	0.01171	0.00728	0.00677	0.01270	0.01981	0.02438	0.15741	0.12050	0.53030	0.02134	0.01011	0.00289	0.00431	0.01804	0.00810	0.00728
35	0.01735	0.07684	0.62648	0.02377	0.03609	0.02045	0.03061	0.02688	0.01793	0.02661	0.01510	0.01775	0.01079	0.00805	0.00796	0.00265	0.01240	0.00620	0.00360	0.01249
36	0.02267	0.16113	0.07129	0.03627	0.36037	0.02380	0.02193	0.10594	0.06261	0.03012	0.01695	0.02001	0.01377	0.00817	0.00783	0.00242	0.00973	0.00704	0.00493	0.01304
37	0.01847	0.20687	0.50623	0.02187	0.03314	0.02319	0.02729	0.02659	0.01780	0.02525	0.01443	0.01691	0.01081	0.00789	0.00744	0.00248	0.01172	0.00586	0.00360	0.01217
38	0.11175	0.39673	0.03909	0.01941	0.02632	0.11572	0.13429	0.02694	0.01844	0.02375	0.01309	0.01576	0.01112	0.00754	0.00665	0.00218	0.01070	0.00578	0.00407	0.01068
39	0.01048	0.00745	0.00984	0.01171	0.01218	0.00698	0.00775	0.01188	0.01608	0.02144	0.04581	0.66067	0.05491	0.06323	0.01262	0.00372	0.00512	0.02355	0.00775	0.00682
40	0.02791	0.02139	0.02278	0.01830	0.02432	0.02380	0.01485	0.42359	0.20370	0.04679	0.02829	0.02723	0.05506	0.01126	0.00865	0.00267	0.00833	0.00882	0.00852	0.01376
41	0.01057	0.00864	0.00934	0.00916	0.01181	0.00740	0.00687	0.01321	0.02062	0.02589	0.23108	0.07713	0.49771	0.02047	0.01005	0.00282	0.00423	0.01729	0.00828	0.00740
42	0.01268	0.00991	0.01525	0.10204	0.02095	0.01173	0.01236	0.01606	0.01412	0.02002	0.02178	0.03201	0.01996	0.05649	0.57991	0.01224	0.02128	0.00891	0.00446	0.00784
43	0.01225	0.00827	0.00925	0.00925	0.00940	0.00819	0.00523	0.01237	0.01276	0.01685	0.03004	0.05711	0.06421	0.66407	0.04151	0.00796	0.00804	0.01268	0.00531	0.00527
44	0.02275	0.70604	0.04459	0.01456	0.02184	0.03367	0.01456	0.02548	0.01729	0.02002	0.01183	0.01365	0.01092	0.00728	0.00546	0.00182	0.00910	0.00455	0.00364	0.01092
45	0.02341	0.02537	0.02557	0.19827	0.15779	0.23840	0.01964	0.03151	0.14475	0.02545	0.01859	0.02172	0.01461	0.00903	0.00824	0.00257	0.01151	0.00728	0.00506	0.01121
46	0.01106	0.00835	0.01003	0.01021	0.01202	0.00753	0.00731	0.01365	0.02007	0.02664	0.29212	0.21050	0.25007	0.06650	0.01245	0.00329	0.00460	0.01798	0.00829	0.00732
47	0.02362	0.34572	0.07018	0.02353	0.06568	0.15793	0.15149	0.02771	0.01946	0.02260	0.01372	0.01673	0.01152	0.00761	0.00724	0.00221	0.01177	0.00623	0.00397	0.01106
48	0.01088	0.00865	0.00977	0.00949	0.01200	0.00754	0.00712	0.01381	0.02135	0.02762	0.31802	0.07427	0.40968	0.01982	0.01005	0.00279	0.00419	0.01689	0.00851	0.00754
49	0.02518	0.02004	0.02324	0.02246	0.10607	0.02209	0.01585	0.29678	0.23011	0.04138	0.02692	0.08540	0.02192	0.01179	0.00876	0.00274	0.00820	0.00979	0.00794	0.01333
50	0.76103	0.01646	0.01251	0.01119	0.01646	0.01909	0.00922	0.02502	0.01448	0.03818	0.01185	0.01382	0.00922	0.00790	0.00527	0.00263	0.00658	0.00461	0.00527	0.00922
51	0.03182	0.03957	0.02420	0.02178	0.02631	0.62876	0.01643	0.06873	0.02506	0.02277	0.01359	0.01565	0.01117	0.00886	0.00772	0.00221	0.01499	0.00561	0.00463	0.01014
52	0.03726	0.01469	0.01972	0.01526	0.02175	0.01298	0.01256	0.04168	0.05727	0.62027	0.03363	0.02912	0.02133	0.01059	0.00856	0.00265	0.00721	0.00862	0.01043	0.01443
53	0.02611	0.01782	0.01888	0.01517	0.02016	0.01941	0.01231	0.39256	0.03162	0.04534	0.02321	0.02471	0.01725	0.01010	0.00754	0.00234	0.00732	0.00776	0.28839	0.01200
54	0.01204	0.00870	0.01138	0.01071	0.01271	0.00803	0.00803	0.01606	0.02409	0.03413	0.64335	0.06357	0.08030	0.01740	0.01004	0.00268	0.00401	0.01539	0.00937	0.00803
55	0.03235	0.02384	0.02554	0.01958	0.02639	0.02639	0.01618	0.61946	0.04001	0.05363	0.02043	0.02043	0.01447	0.01022	0.00851	0.00255	0.00936	0.00766	0.00851	0.01447
56	0.01019	0.00863	0.00881	0.00876	0.01158	0.00724	0.00657	0.01247	0.01971	0.02373	0.12347	0.08067	0.60666	0.02127	0.01006	0.00286	0.00429	0.01779	0.00800	0.00724
57	0.01607	0.01513	0.02552	0.68047	0.05861	0.01891	0.02363	0.02174	0.01702	0.02174	0.01513	0.02269	0.01134	0.00851	0.00851	0.00284	0.01134	0.00756	0.00378	0.00945
58	0.02106	0.02022	0.03454	0.05223	0.64784	0.02022	0.02612	0.02612	0.01938	0.02780	0.01601	0.02106	0.01348	0.00758	0.00842	0.00253	0.01011	0.00758	0.00421	0.01348
59	0.76103	0.01646	0.01251	0.01119	0.01646	0.01909	0.00922	0.02502	0.01448	0.03818	0.01185	0.01382	0.00922	0.00790	0.00527	0.00263	0.00658	0.00461	0.00527	0.00922
60	0.02106	0.02022	0.03454	0.05223	0.64784	0.02022	0.02612	0.02612	0.01938	0.02780	0.01601	0.02106	0.01348	0.00758	0.00842	0.00253	0.01011	0.00758	0.00421	0.01348
61	0.02009	0.02296	0.05022	0.03587	0.04448	0.02152	0.61693	0.02726	0.02009	0.02726	0.01722	0.02296	0.01291	0.00717	0.01004	0.00287	0.01435	0.01004	0.00430	0.01148
62	0.01006	0.00862	0.00862	0.00862	0.01149	0.00718	0.00647	0.01221	0.01940	0.02299	0.08621	0.08190	0.64438	0.02155	0.01006	0.00287	0.00431	0.01796	0.00790	0.00718
63	0.03019	0.03335	0.02474	0.02138	0.02580	0.41727	0.01666	0.18267	0.02673	0.02921	0.01476	0.01709	0.01189	0.00995	0.01057	0.00249	0.10259	0.00630	0.00536	0.01098
64	0.03235	0.02384	0.02554	0.01958	0.02639	0.02639	0.01618	0.61946	0.04001	0.05363	0.02043	0.02043	0.01447	0.01022	0.00851	0.00255	0.00936	0.00766	0.00851	0.01447
65	0.01238	0.00825	0.00928	0.00928	0.00928	0.00825	0.00516	0.01238	0.01238	0.01650	0.02681	0.05569	0.03094	0.70092	0.04331	0.00825	0.00825	0.01238	0.00516	0.00516
66	0.01707	0.04402	0.65683	0.02426	0.03683	0.01976	0.03144	0.02695	0.01797	0.02695	0.01527	0.01797	0.01078	0.00809	0.00809	0.00270	0.01258	0.00629	0.00359	0.01258
67	0.01223	0.00883	0.01220	0.01220	0.01321	0.00984	0.00880	0.01425	0.01324	0.01866	0.02414	0.04090	0.02452	0.27751	0.45795	0.01186	0.01792	0.01021	0.00476	0.00678
68	0.01245	0.05533	0.01317	0.01064	0.01313	0.00961	0.00822	0.01609	0.02290	0.03145	0.51418	0.06309	0.16367	0.01737	0.00973	0.00265	0.00440	0.01507	0.00876	0.00809
69	0.01007	0.00856	0.00868	0.00878	0.01154	0.00717	0.00654	0.01220	0.01925	0.02293	0.08431	0.11158	0.61593	0.02180	0.01010	0.00290	0.00434	0.01826	0.00790	0.00717
70	0.02106	0.02022	0.03454	0.05223	0.64784	0.02022	0.02612	0.02612	0.01938	0.02780	0.01601	0.02106	0.01348	0.00758	0.00842	0.00253	0.01011	0.00758	0.00421	0.01348
71	0.01211	0.00814	0.00936	0.00962	0.00969	0.00807	0.00552	0.01231	0.01289	0.01719	0.02948	0.14046	0.03430	0.61157	0.03901	0.00762	0.00781	0.01394	0.00552	0.00539
72	0.02274	0.23953	0.14479	0.06252	0.15570	0.11040	0.05645	0.06662	0.02041	0.02569	0.01453	0.01763	0.01180	0.00794	0.00745	0.00233	0.01119	0.00629	0.00422	0.01178
73	0.01478	0.00739	0.01109	0.01109	0.01109	0.00739	0.00739	0.01109	0.01109	0.01478	0.01478	0.02587	0.01478	0.02956	0.03326	0.75240	0.00739	0.00739	0.00370	0.00370
74	0.02038	0.01942	0.01573	0.01514	0.01770	0.22899	0.01100	0.02260	0.02071	0.07784	0.13664	0.25723	0.04051	0.06275	0.01162	0.00315	0.00869	0.01425	0.00702	0.00863
75	0.01542	0.01019	0.01208	0.01140	0.01310	0.01093	0.00819	0.08388	0.01721	0.02534	0.02515	0.03942	0.02405	0.27015	0.21195	0.00767	0.01158	0.00982	0.18486	0.00759
76	0.02334	0.01643	0.01803	0.01532	0.01952	0.01769	0.01203	0.34356	0.02947	0.04093	0.02894	0.20462	0.02712	0.01460	0.00867	0.00269	0.00716	0.01217	0.14648	0.01121
77	0.02012	0.02083	0.05710	0.17474	0.43163	0.05774	0.02459	0.02527	0.01913	0.02600	0.01720	0.02498	0.01471	0.00872	0.00856	0.00265	0.01065	0.03895	0.00431	0.01211
78	0.02251	0.02236	0.02875	0.03816	0.38528	0.10617	0.02119	0.03266	0.19656	0.02912	0.02099	0.02338	0.01675	0.00888	0.00839	0.00259	0.00983	0.00789	0.00552	0.01300
79	0.21372	0.10977	0.02739	0.03027	0.28786	0.02188	0.01791	0.02919	0.12840	0.03088	0.01773	0.02013	0.01429	0.00834	0.00725	0.00253	0.00845	0.00677	0.00521	0.01203
80	0.01902	0.20302	0.39557	0.02399	0.03454	0.02351	0.13410	0.02665	0.01819	0.02530	0.01478	0.01782	0.01120	0.00772	0.00780	0.00251	0.01204	0.00655	0.00373	0.01197
81	0.19296	0.11195	0.08059	0.01874	0.02453	0.35535	0.01593	0.06204	0.02147	0.02695	0.01329	0.01532	0.01074	0.00842	0.00696	0.00231	0.01208	0.00537	0.00465	0.01033
82	0.01827	0.05438	0.02829	0.03875	0.44701	0.01753	0.02034	0.02244	0.01927	0.02612	0.03419	0.03661	0.17878	0.01123	0.00869	0.00258	0.00853	0.01014	0.00515	0.01169

[dist]
# distance from previous block
# <min> <max>
0	1

[block]
# block no. 1 follows, 21 sequences, length 39
# corresponding to MSA columns:
# 84-122
name=unknown_B
#
# <colnr> <probs for GDERKNQSTAVLIFYWHMCP>
#	G	D	E	R	K	N	Q	S	T	A	V	L	I	F	Y	W	H	M	C	P
0	0.01793	0.01730	0.09158	0.01684	0.02055	0.01672	0.01489	0.14113	0.01975	0.02841	0.02028	0.02697	0.01741	0.03652	0.32984	0.00807	0.10294	0.00820	0.05486	0.00982
1	0.01996	0.01345	0.01692	0.01442	0.01661	0.01479	0.01082	0.06054	0.01682	0.12653	0.02269	0.03659	0.02180	0.31328	0.02830	0.00523	0.17338	0.00960	0.00591	0.07237
2	0.67597	0.01681	0.01401	0.04983	0.01944	0.01951	0.01044	0.05959	0.01612	0.03815	0.01254	0.01472	0.00964	0.00807	0.00564	0.00264	0.00702	0.00496	0.00537	0.00954
3	0.76103	0.01646	0.01251	0.01119	0.01646	0.01909	0.00922	0.02502	0.01448	0.03818	0.01185	0.01382	0.00922	0.00790	0.00527	0.00263	0.00658	0.00461	0.00527	0.00922
4	0.02409	0.20099	0.02658	0.01658	0.02220	0.10476	0.01386	0.16820	0.17834	0.03225	0.02931	0.02878	0.09712	0.01106	0.00785	0.00244	0.00873	0.00839	0.00668	0.01178
5	0.02173	0.01094	0.01421	0.01228	0.01617	0.00968	0.00974	0.02516	0.02319	0.26740	0.28996	0.05503	0.15027	0.01577	0.00956	0.00275	0.00547	0.04084	0.00949	0.01033
6	0.01707	0.04402	0.65683	0.02426	0.03683	0.01976	0.03144	0.02695	0.01797	0.02695	0.01527	0.01797	0.01078	0.00809	0.00809	0.00270	0.01258	0.00629	0.00359	0.01258
7	0.01006	0.00862	0.00862	0.00862	0.01149	0.00718	0.00647	0.01221	0.01940	0.02299	0.08621	0.08190	0.64438	0.02155	0.01006	0.00287	0.00431	0.01796	0.00790	0.00718
8	0.01217	0.00929	0.01178	0.01195	0.01419	0.00802	0.00842	0.01436	0.01712	0.02394	0.07855	0.49609	0.04768	0.02131	0.00975	0.00289	0.00519	0.01915	0.00733	0.18081
9	0.02275	0.70604	0.04459	0.01456	0.02184	0.03367	0.01456	0.02548	0.01729	0.02002	0.01183	0.01365	0.01092	0.00728	0.00546	0.00182	0.00910	0.00455	0.00364	0.01092
10	0.01238	0.00825	0.00928	0.00928	0.00928	0.00825	0.00516	0.01238	0.01238	0.01650	0.02681	0.05569	0.03094	0.70092	0.04331	0.00825	0.00825	0.01238	0.00516	0.00516
11	0.03235	0.02384	0.02554	0.01958	0.02639	0.02639	0.01618	0.61946	0.04001	0.05363	0.02043	0.02043	0.01447	0.01022	0.00851	0.00255	0.00936	0.00766	0.00851	0.01447
12	0.02786	0.03323	0.02194	0.01996	0.02434	0.47224	0.01508	0.03515	0.16555	0.02441	0.02304	0.02362	0.05681	0.01027	0.00806	0.00240	0.01260	0.00728	0.00562	0.01053
13	0.01505	0.00801	0.00825	0.00825	0.00977	0.00801	0.00576	0.01809	0.01657	0.02818	0.02754	0.03731	0.02394	0.17092	0.01466	0.00344	0.00496	0.00897	0.57504	0.00729
14	0.03235	0.02384	0.02554	0.01958	0.02639	0.02639	0.01618	0.61946	0.04001	0.05363	0.02043	0.02043	0.01447	0.01022	0.00851	0.00255	0.00936	0.00766	0.00851	0.01447
15	0.01121	0.00806	0.01063	0.01127	0.01253	0.00748	0.00797	0.01397	0.02022	0.02797	0.34752	0.37694	0.06839	0.02199	0.01045	0.00306	0.00447	0.01976	0.00864	0.00748
16	0.01707	0.04402	0.65683	0.02426	0.03683	0.01976	0.03144	0.02695	0.01797	0.02695	0.01527	0.01797	0.01078	0.00809	0.00809	0.00270	0.01258	0.00629	0.00359	0.01258
17	0.02143	0.55179	0.18725	0.01682	0.02533	0.03043	0.01849	0.02582	0.01745	0.02164	0.01263	0.01466	0.01089	0.00747	0.00607	0.00202	0.00991	0.00496	0.00363	0.01131
18	0.03063	0.12627	0.02675	0.02098	0.02573	0.58522	0.01620	0.03289	0.02324	0.02072	0.01298	0.01513	0.01096	0.00858	0.00739	0.00214	0.01454	0.00536	0.00429	0.01000
19	0.02275	0.70604	0.04459	0.01456	0.02184	0.03367	0.01456	0.02548	0.01729	0.02002	0.01183	0.01365	0.01092	0.00728	0.00546	0.00182	0.00910	0.00455	0.00364	0.01092
20	0.01216	0.00912	0.01368	0.01368	0.01520	0.01064	0.01064	0.01520	0.01368	0.01976	0.02279	0.03343	0.02127	0.06382	0.66720	0.01368	0.02279	0.00912	0.00456	0.00760
21	0.02730	0.02971	0.34825	0.01984	0.02951	0.01625	0.02227	0.03398	0.02106	0.33054	0.02414	0.02329	0.01576	0.00927	0.00831	0.00267	0.00999	0.00739	0.00695	0.01350
22	0.01006	0.00862	0.00862	0.00862	0.01149	0.00718	0.00647	0.01221	0.01940	0.02299	0.08621	0.08190	0.64438	0.02155	0.01006	0.00287	0.00431	0.01796	0.00790	0.00718
23	0.03179	0.04056	0.02412	0.02192	0.02631	0.66676	0.01644	0.03398	0.02412	0.02083	0.01315	0.01535	0.01096	0.00877	0.00767	0.00219	0.01535	0.00548	0.00438	0.00987
24	0.01113	0.00866	0.01011	0.00975	0.01215	0.00764	0.00731	0.01429	0.02193	0.02901	0.38726	0.07199	0.33958	0.01931	0.01005	0.00277	0.00415	0.01657	0.00869	0.00764
25	0.01727	0.04261	0.61628	0.02503	0.03734	0.01988	0.07058	0.02697	0.01811	0.02697	0.01540	0.01830	0.01092	0.00802	0.00822	0.00271	0.01270	0.00654	0.00364	0.01250
26	0.01873	0.01270	0.01870	0.14336	0.09757	0.01307	0.01521	0.05030	0.01983	0.12360	0.03367	0.23756	0.03398	0.01713	0.00984	0.00315	0.00787	0.12673	0.00713	0.00988
27	0.02256	0.06429	0.05653	0.01691	0.02196	0.19417	0.01395	0.10564	0.16597	0.02934	0.03750	0.03660	0.17412	0.01269	0.00850	0.00258	0.00927	0.00986	0.00671	0.01084
28	0.20716	0.18901	0.27933	0.01817	0.02701	0.02360	0.02016	0.09454	0.01948	0.03124	0.01421	0.01620	0.01085	0.00810	0.00681	0.00246	0.00989	0.00562	0.00459	0.01157
29	0.02424	0.39859	0.15436	0.01789	0.02588	0.07102	0.01819	0.14780	0.02251	0.02825	0.01432	0.01596	0.01162	0.00813	0.00672	0.00216	0.01022	0.00557	0.00468	0.01189
30	0.02846	0.03032	0.02852	0.03023	0.19498	0.31188	0.04798	0.16795	0.02635	0.03066	0.01582	0.01844	0.01255	0.00871	0.00819	0.00240	0.01249	0.00678	0.00530	0.01199
31	0.02273	0.19485	0.38146	0.02009	0.03019	0.02158	0.02357	0.02957	0.01911	0.15350	0.01820	0.01919	0.01292	0.00840	0.00756	0.00248	0.01066	0.00634	0.00502	0.01257
32	0.02182	0.25844	0.20963	0.02464	0.09553	0.11624	0.07569	0.02706	0.01870	0.02356	0.01387	0.01698	0.01135	0.00813	0.00838	0.00238	0.04613	0.00613	0.00386	0.01147
33	0.02142	0.01614	0.01834	0.01657	0.02056	0.01752	0.01326	0.25202	0.13634	0.03721	0.03418	0.19517	0.03333	0.01700	0.00975	0.00310	0.00755	0.13108	0.00826	0.01117
34	0.01820	0.01703	0.02825	0.35052	0.29853	0.01897	0.02361	0.02427	0.04384	0.02507	0.01820	0.02703	0.01522	0.00920	0.00869	0.00278	0.01042	0.04457	0.00442	0.01119
35	0.01718	0.01930	0.10721	0.20123	0.23798	0.01709	0.04980	0.02194	0.01698	0.02346	0.01826	0.02925	0.01662	0.16942	0.01661	0.00398	0.01052	0.00865	0.00425	0.01028
36	0.02838	0.01244	0.01587	0.01287	0.01816	0.01065	0.01040	0.03128	0.02263	0.43394	0.05192	0.04741	0.23827	0.01437	0.00908	0.00272	0.00622	0.01183	0.00962	0.01194
37	0.01217	0.00907	0.01346	0.01346	0.01490	0.01052	0.01036	0.01505	0.01361	0.01959	0.02300	0.03455	0.02176	0.09580	0.63589	0.01340	0.02206	0.00928	0.00459	0.00748
38	0.02461	0.49979	0.11118	0.01623	0.02385	0.06947	0.01638	0.02821	0.01869	0.10090	0.01506	0.01619	0.01219	0.00788	0.00630	0.00205	0.00966	0.00532	0.00455	0.01150

[dist]
# distance from previous block
# <min> <max>
0	1

[block]
# block no. 2 follows, 21 sequences, length 29
# corresponding to MSA columns:
# 124-152
name=unknown_C
#
# <colnr> <probs for GDERKNQSTAVLIFYWHMCP>
#	G	D	E	R	K	N	Q	S	T	A	V	L	I	F	Y	W	H	M	C	P
0	0.01020	0.00847	0.00892	0.00914	0.01166	0.00719	0.00673	0.01236	0.01924	0.02339	0.10924	0.15907	0.54114	0.02199	0.01016	0.00294	0.00438	0.01862	0.00798	0.00719
1	0.01037	0.00741	0.00987	0.01185	0.01234	0.00691	0.00790	0.01185	0.01629	0.02172	0.04690	0.69537	0.05629	0.02666	0.01086	0.00346	0.00494	0.02419	0.00790	0.00691
2	0.01777	0.01686	0.02859	0.46704	0.25879	0.01935	0.02448	0.02323	0.01782	0.02380	0.01543	0.02214	0.01207	0.00819	0.00848	0.00273	0.01092	0.00757	0.00393	0.01082
3	0.02051	0.01966	0.03355	0.12154	0.58284	0.02008	0.02584	0.02563	0.01912	0.02713	0.01591	0.02124	0.01324	0.00768	0.00843	0.00256	0.01025	0.00758	0.00416	0.01304
4	0.01809	0.16303	0.54677	0.02251	0.03414	0.02226	0.02841	0.02669	0.01785	0.02571	0.01465	0.01719	0.01081	0.00794	0.00761	0.00254	0.01195	0.00598	0.00360	0.01228
5	0.76103	0.01646	0.01251	0.01119	0.01646	0.01909	0.00922	0.02502	0.01448	0.03818	0.01185	0.01382	0.00922	0.00790	0.00527	0.00263	0.00658	0.00461	0.00527	0.00922
6	0.02106	0.02022	0.03454	0.05223	0.64784	0.02022	0.02612	0.02612	0.01938	0.02780	0.01601	0.02106	0.01348	0.00758	0.00842	0.00253	0.01011	0.00758	0.00421	0.01348
7	0.01723	0.04287	0.62366	0.02489	0.03725	0.01986	0.06345	0.02697	0.01808	0.02697	0.01538	0.01824	0.01090	0.00804	0.00819	0.00270	0.01267	0.00649	0.00363	0.01252
8	0.02101	0.02037	0.03541	0.05133	0.61441	0.02029	0.05885	0.02618	0.01942	0.02777	0.01607	0.02117	0.01345	0.00756	0.00851	0.00255	0.01034	0.00772	0.00422	0.01337
9	0.01006	0.00862	0.00862	0.00862	0.01149	0.00718	0.00647	0.01221	0.01940	0.02299	0.08621	0.08190	0.64438	0.02155	0.01006	0.00287	0.00431	0.01796	0.00790	0.00718
10	0.02043	0.01957	0.03339	0.13221	0.57283	0.02005	0.02580	0.02556	0.01908	0.02703	0.01590	0.02127	0.01321	0.00770	0.00844	0.00257	0.01027	0.00758	0.00416	0.01297
11	0.02628	0.19509	0.14510	0.01940	0.02632	0.25620	0.01810	0.10453	0.02317	0.05374	0.01838	0.01970	0.04067	0.00913	0.00748	0.00229	0.01173	0.00639	0.00502	0.01128
12	0.02829	0.01702	0.01925	0.01573	0.02113	0.01793	0.01268	0.20534	0.18308	0.21519	0.02905	0.02769	0.02055	0.01059	0.00812	0.00256	0.00716	0.00846	0.13708	0.01309
13	0.01037	0.00741	0.00987	0.01185	0.01234	0.00691	0.00790	0.01185	0.01629	0.02172	0.04690	0.69537	0.05629	0.02666	0.01086	0.00346	0.00494	0.02419	0.00790	0.00691
14	0.02106	0.02022	0.03454	0.05223	0.64784	0.02022	0.02612	0.02612	0.01938	0.02780	0.01601	0.02106	0.01348	0.00758	0.00842	0.00253	0.01011	0.00758	0.00421	0.01348
15	0.16043	0.30081	0.03015	0.01705	0.02275	0.29758	0.01438	0.02898	0.01966	0.02365	0.01239	0.01440	0.01063	0.00802	0.00636	0.00212	0.01127	0.00495	0.00425	0.01017
16	0.01238	0.00825	0.00928	0.00928	0.00928	0.00825	0.00516	0.01238	0.01238	0.01650	0.02681	0.05569	0.03094	0.70092	0.04331	0.00825	0.00825	0.01238	0.00516	0.00516
17	0.01869	0.01849	0.03162	0.02259	0.03060	0.01571	0.27053	0.02393	0.01869	0.02753	0.01602	0.01993	0.01274	0.00668	0.00791	0.00195	0.00976	0.00719	0.00473	0.43473
18	0.02153	0.11325	0.26249	0.01861	0.02671	0.01799	0.04574	0.05866	0.02046	0.15002	0.02985	0.08264	0.09252	0.01166	0.00842	0.00265	0.00938	0.00960	0.00613	0.01169
19	0.02161	0.57313	0.16752	0.01651	0.02485	0.03088	0.01795	0.02578	0.01743	0.02141	0.01252	0.01452	0.01089	0.00744	0.00599	0.00200	0.00980	0.00490	0.00363	0.01125
20	0.01037	0.00741	0.00987	0.01185	0.01234	0.00691	0.00790	0.01185	0.01629	0.02172	0.04690	0.69537	0.05629	0.02666	0.01086	0.00346	0.00494	0.02419	0.00790	0.00691
21	0.01037	0.00741	0.00987	0.01185	0.01234	0.00691	0.00790	0.01185	0.01629	0.02172	0.04690	0.69537	0.05629	0.02666	0.01086	0.00346	0.00494	0.02419	0.00790	0.00691
22	0.02106	0.02022	0.03454	0.05223	0.64784	0.02022	0.02612	0.02612	0.01938	0.02780	0.01601	0.02106	0.01348	0.00758	0.00842	0.00253	0.01011	0.00758	0.00421	0.01348
23	0.01780	0.01741	0.02449	0.02124	0.02143	0.02410	0.01760	0.01981	0.01311	0.02039	0.01265	0.02050	0.01246	0.02112	0.10931	0.00499	0.60100	0.00766	0.00383	0.00909
24	0.02275	0.70604	0.04459	0.01456	0.02184	0.03367	0.01456	0.02548	0.01729	0.02002	0.01183	0.01365	0.01092	0.00728	0.00546	0.00182	0.00910	0.00455	0.00364	0.01092
25	0.02521	0.02016	0.02535	0.02771	0.20041	0.02186	0.01775	0.19933	0.25966	0.07343	0.02535	0.02542	0.01896	0.01000	0.00855	0.00268	0.00845	0.00844	0.00747	0.01381
26	0.03133	0.07557	0.02530	0.02139	0.02607	0.59627	0.01633	0.06669	0.02465	0.02264	0.01350	0.01554	0.01116	0.00877	0.00760	0.00219	0.01467	0.00555	0.00458	0.01018
27	0.01707	0.04402	0.65683	0.02426	0.03683	0.01976	0.03144	0.02695	0.01797	0.02695	0.01527	0.01797	0.01078	0.00809	0.00809	0.00270	0.01258	0.00629	0.00359	0.01258
28	0.03134	0.02286	0.02446	0.01887	0.02538	0.02526	0.01555	0.58268	0.03865	0.05229	0.02088	0.02112	0.01492	0.01020	0.00836	0.00252	0.00903	0.00768	0.05388	0.01407

[dist]
# distance from previous block
# <min> <max>
0	10

[block]
# block no. 3 follows, 21 sequences, length 15
# corresponding to MSA columns:
# 163-177
name=unknown_D
#
# <colnr> <probs for GDERKNQSTAVLIFYWHMCP>
#	G	D	E	R	K	N	Q	S	T	A	V	L	I	F	Y	W	H	M	C	P
0	0.03186	0.03034	0.02437	0.02028	0.02594	0.30067	0.01600	0.31487	0.05972	0.06632	0.01856	0.01916	0.01380	0.00967	0.00816	0.00242	0.01172	0.00686	0.00684	0.01245
1	0.02027	0.01941	0.03311	0.15192	0.55435	0.02001	0.02572	0.02542	0.01900	0.02684	0.01587	0.02132	0.01314	0.00773	0.00844	0.00258	0.01031	0.00758	0.00414	0.01284
2	0.01797	0.14906	0.55969	0.02272	0.03445	0.02197	0.02876	0.02672	0.01786	0.02585	0.01473	0.01728	0.01080	0.00796	0.00767	0.00256	0.01203	0.00601	0.00360	0.01231
3	0.01320	0.01181	0.01941	0.01712	0.02011	0.01116	0.14600	0.01750	0.05651	0.02405	0.04564	0.40384	0.13786	0.02048	0.01041	0.00319	0.00708	0.01908	0.00713	0.00840
4	0.01971	0.01862	0.03154	0.14915	0.50666	0.01922	0.02478	0.02478	0.01902	0.02666	0.01807	0.02699	0.01583	0.00893	0.00869	0.00268	0.01013	0.05169	0.00442	0.01241
5	0.01008	0.00854	0.00870	0.00882	0.01155	0.00717	0.00656	0.01219	0.01920	0.02291	0.08374	0.12046	0.60742	0.02187	0.01011	0.00291	0.00435	0.01835	0.00790	0.00717
6	0.01864	0.01732	0.02895	0.04309	0.50386	0.01720	0.02199	0.02288	0.01868	0.02643	0.02301	0.17383	0.02318	0.01190	0.00898	0.00274	0.00894	0.01135	0.00505	0.01199
7	0.07235	0.02931	0.32487	0.02080	0.03031	0.01706	0.06705	0.03245	0.02037	0.26913	0.02225	0.02232	0.01481	0.00895	0.00824	0.00268	0.01028	0.00734	0.00643	0.01302
8	0.02188	0.18286	0.30427	0.01985	0.02880	0.04840	0.02173	0.05482	0.13376	0.07526	0.01962	0.02040	0.01457	0.00885	0.00765	0.00251	0.01030	0.00672	0.00530	0.01249
9	0.01707	0.04402	0.65683	0.02426	0.03683	0.01976	0.03144	0.02695	0.01797	0.02695	0.01527	0.01797	0.01078	0.00809	0.00809	0.00270	0.01258	0.00629	0.00359	0.01258
10	0.01791	0.03900	0.52559	0.03016	0.16570	0.01986	0.03032	0.02677	0.01826	0.02713	0.01543	0.01862	0.01135	0.00798	0.00816	0.00266	0.01206	0.00656	0.00372	0.01277
11	0.02033	0.03545	0.46831	0.02311	0.06170	0.01814	0.02624	0.02929	0.04868	0.12259	0.02244	0.02353	0.04373	0.00925	0.00830	0.00270	0.01097	0.00742	0.00513	0.01269
12	0.02106	0.02022	0.03454	0.05223	0.64784	0.02022	0.02612	0.02612	0.01938	0.02780	0.01601	0.02106	0.01348	0.00758	0.00842	0.00253	0.01011	0.00758	0.00421	0.01348
13	0.01037	0.00741	0.00987	0.01185	0.01234	0.00691	0.00790	0.01185	0.01629	0.02172	0.04690	0.69537	0.05629	0.02666	0.01086	0.00346	0.00494	0.02419	0.00790	0.00691
14	0.01994	0.02603	0.17033	0.04159	0.34422	0.02050	0.19836	0.02662	0.01929	0.02747	0.01620	0.02096	0.01275	0.00757	0.00882	0.00266	0.01186	0.00802	0.00411	0.01271

[dist]
# distance from previous block
# <min> <max>
0	5

[block]
# block no. 4 follows, 21 sequences, length 10
# corresponding to MSA columns:
# 183-192
name=unknown_E
#
# <colnr> <probs for GDERKNQSTAVLIFYWHMCP>
#	G	D	E	R	K	N	Q	S	T	A	V	L	I	F	Y	W	H	M	C	P
0	0.06265	0.06409	0.02269	0.01933	0.02354	0.43273	0.01490	0.07496	0.02260	0.02396	0.01540	0.01898	0.01308	0.01910	0.13125	0.00438	0.01556	0.00625	0.00474	0.00982
1	0.02357	0.02840	0.13730	0.06728	0.02690	0.24726	0.01733	0.06362	0.02344	0.07633	0.17175	0.02967	0.02912	0.01099	0.00852	0.00251	0.01074	0.00861	0.00616	0.01052
2	0.02326	0.20364	0.03410	0.02648	0.14064	0.17249	0.08640	0.02678	0.01904	0.02316	0.01370	0.01744	0.01180	0.00857	0.01001	0.00236	0.09839	0.00637	0.00412	0.07126
3	0.08540	0.02848	0.16713	0.02966	0.14545	0.14056	0.16657	0.02680	0.01946	0.02659	0.01776	0.07391	0.01539	0.00939	0.00853	0.00267	0.01193	0.00860	0.00452	0.01121
4	0.02372	0.02474	0.02368	0.02194	0.06997	0.22941	0.06700	0.07975	0.17378	0.03068	0.13781	0.02991	0.02829	0.01096	0.00869	0.00257	0.01015	0.00908	0.00668	0.01118
5	0.01866	0.02643	0.20368	0.09201	0.18330	0.01976	0.23921	0.02563	0.01889	0.02653	0.01777	0.05591	0.01458	0.00864	0.00905	0.00277	0.01213	0.00898	0.00423	0.01183
6	0.01754	0.02209	0.13874	0.07396	0.06564	0.06234	0.06869	0.02264	0.01900	0.02620	0.05567	0.02978	0.10323	0.00981	0.00807	0.00223	0.00908	0.00840	0.00512	0.25176
7	0.01851	0.03277	0.34113	0.02915	0.03897	0.02104	0.28520	0.02655	0.01848	0.02655	0.01578	0.02019	0.01174	0.00825	0.01056	0.00286	0.06848	0.00802	0.00391	0.01183
8	0.26561	0.02789	0.02751	0.02226	0.02809	0.27913	0.17893	0.02922	0.01988	0.02823	0.01385	0.01694	0.01093	0.00805	0.00754	0.00252	0.01222	0.00645	0.00465	0.01010
9	0.08055	0.14423	0.02492	0.02354	0.18821	0.01794	0.01489	0.02479	0.04544	0.10412	0.07634	0.11943	0.07676	0.01256	0.00823	0.00260	0.00749	0.01067	0.00636	0.01096

[dist]
# distance from previous block
# <min> <max>
2	27

[block]
# block no. 5 follows, 21 sequences, length 163
# corresponding to MSA columns:
# 220-382
name=unknown_F
#
# <colnr> <probs for GDERKNQSTAVLIFYWHMCP>
#	G	D	E	R	K	N	Q	S	T	A	V	L	I	F	Y	W	H	M	C	P
0	0.02822	0.02961	0.02343	0.02048	0.02406	0.36587	0.01602	0.06463	0.02242	0.09309	0.05245	0.02076	0.01641	0.01102	0.01279	0.00266	0.17324	0.00700	0.00544	0.01040
1	0.01414	0.01286	0.01334	0.01407	0.05148	0.08103	0.00985	0.01731	0.02171	0.02770	0.29871	0.09296	0.24360	0.01797	0.00983	0.00279	0.00598	0.04856	0.00790	0.00822
2	0.02836	0.03591	0.06385	0.02929	0.17517	0.47446	0.01963	0.03169	0.02262	0.02285	0.01396	0.01686	0.01155	0.00845	0.00788	0.00230	0.01393	0.00603	0.00430	0.01089
3	0.02241	0.03227	0.21490	0.03131	0.22811	0.19486	0.02331	0.02799	0.02006	0.02565	0.01492	0.01821	0.01190	0.00791	0.00789	0.00235	0.01185	0.00635	0.00417	0.09361
4	0.06684	0.05748	0.01955	0.01629	0.02071	0.29353	0.01265	0.10919	0.02396	0.02717	0.03785	0.03758	0.21773	0.01302	0.00833	0.00247	0.01010	0.00976	0.00613	0.00966
5	0.01804	0.01608	0.02437	0.02703	0.20760	0.01568	0.09288	0.02551	0.12265	0.05466	0.04240	0.04270	0.21694	0.01272	0.00911	0.00269	0.00795	0.01149	0.00646	0.04304
6	0.02552	0.07756	0.21283	0.02142	0.02861	0.36603	0.02028	0.03130	0.05442	0.02379	0.01498	0.01704	0.01181	0.00849	0.00764	0.00231	0.01319	0.00587	0.00437	0.05253
7	0.02040	0.36143	0.22417	0.02252	0.09595	0.02615	0.05539	0.02583	0.01791	0.02391	0.01437	0.01714	0.01179	0.00767	0.00686	0.00223	0.01031	0.00588	0.03854	0.01159
8	0.06086	0.04240	0.61890	0.02349	0.03563	0.01972	0.03013	0.02684	0.01776	0.02761	0.01507	0.01772	0.01069	0.00807	0.00792	0.00269	0.01222	0.00619	0.00369	0.01238
9	0.02106	0.02022	0.03454	0.05223	0.64784	0.02022	0.02612	0.02612	0.01938	0.02780	0.01601	0.02106	0.01348	0.00758	0.00842	0.00253	0.01011	0.00758	0.00421	0.01348
10	0.02106	0.02022	0.03454	0.05223	0.64784	0.02022	0.02612	0.02612	0.01938	0.02780	0.01601	0.02106	0.01348	0.00758	0.00842	0.00253	0.01011	0.00758	0.00421	0.01348
11	0.01707	0.04402	0.65683	0.02426	0.03683	0.01976	0.03144	0.02695	0.01797	0.02695	0.01527	0.01797	0.01078	0.00809	0.00809	0.00270	0.01258	0.00629	0.00359	0.01258
12	0.76103	0.01646	0.01251	0.01119	0.01646	0.01909	0.00922	0.02502	0.01448	0.03818	0.01185	0.01382	0.00922	0.00790	0.00527	0.00263	0.00658	0.00461	0.00527	0.00922
13	0.03235	0.02384	0.02554	0.01958	0.02639	0.02639	0.01618	0.61946	0.04001	0.05363	0.02043	0.02043	0.01447	0.01022	0.00851	0.00255	0.00936	0.00766	0.00851	0.01447
14	0.01125	0.00867	0.01027	0.00987	0.01223	0.00769	0.00740	0.01452	0.02221	0.02966	0.42001	0.07092	0.30642	0.01906	0.01005	0.00276	0.00413	0.01642	0.00878	0.00769
15	0.01478	0.00739	0.01109	0.01109	0.01109	0.00739	0.00739	0.01109	0.01109	0.01478	0.01478	0.02587	0.01478	0.02956	0.03326	0.75240	0.00739	0.00739	0.00370	0.00370
16	0.03179	0.04056	0.02412	0.02192	0.02631	0.66676	0.01644	0.03398	0.02412	0.02083	0.01315	0.01535	0.01096	0.00877	0.00767	0.00219	0.01535	0.00548	0.00438	0.00987
17	0.01028	0.00863	0.00892	0.00885	0.01163	0.00728	0.00664	0.01263	0.01991	0.02421	0.14712	0.07990	0.58272	0.02110	0.01006	0.00285	0.00428	0.01768	0.00806	0.00728
18	0.03179	0.04056	0.02412	0.02192	0.02631	0.66676	0.01644	0.03398	0.02412	0.02083	0.01315	0.01535	0.01096	0.00877	0.00767	0.00219	0.01535	0.00548	0.00438	0.00987
19	0.03179	0.04056	0.02412	0.02192	0.02631	0.66676	0.01644	0.03398	0.02412	0.02083	0.01315	0.01535	0.01096	0.00877	0.00767	0.00219	0.01535	0.00548	0.00438	0.00987
20	0.01216	0.00912	0.01368	0.01368	0.01520	0.01064	0.01064	0.01520	0.01368	0.01976	0.02279	0.03343	0.02127	0.06382	0.66720	0.01368	0.02279	0.00912	0.00456	0.00760
21	0.01862	0.01862	0.02607	0.02234	0.02234	0.02607	0.01862	0.02048	0.01303	0.02048	0.01117	0.01862	0.01117	0.01489	0.02793	0.00372	0.68535	0.00745	0.00372	0.00931
22	0.01478	0.00739	0.01109	0.01109	0.01109	0.00739	0.00739	0.01109	0.01109	0.01478	0.01478	0.02587	0.01478	0.02956	0.03326	0.75240	0.00739	0.00739	0.00370	0.00370
23	0.01707	0.04402	0.65683	0.02426	0.03683	0.01976	0.03144	0.02695	0.01797	0.02695	0.01527	0.01797	0.01078	0.00809	0.00809	0.00270	0.01258	0.00629	0.00359	0.01258
24	0.01707	0.04402	0.65683	0.02426	0.03683	0.01976	0.03144	0.02695	0.01797	0.02695	0.01527	0.01797	0.01078	0.00809	0.00809	0.00270	0.01258	0.00629	0.00359	0.01258
25	0.02077	0.01992	0.03402	0.08882	0.61352	0.02014	0.02597	0.02586	0.01924	0.02745	0.01596	0.02116	0.01336	0.00764	0.00843	0.00255	0.01018	0.00758	0.00419	0.01325
26	0.01586	0.00793	0.00793	0.00793	0.00991	0.00793	0.00595	0.01983	0.01785	0.03173	0.02776	0.03173	0.02181	0.00991	0.00595	0.00198	0.00397	0.00793	0.74817	0.00793
27	0.01037	0.00741	0.00987	0.01185	0.01234	0.00691	0.00790	0.01185	0.01629	0.02172	0.04690	0.69537	0.05629	0.02666	0.01086	0.00346	0.00494	0.02419	0.00790	0.00691
28	0.02117	0.01828	0.01924	0.01732	0.02213	0.02117	0.01347	0.04522	0.63246	0.03560	0.03464	0.03175	0.02598	0.01155	0.00866	0.00289	0.00673	0.00962	0.00866	0.01347
29	0.02000	0.01914	0.03263	0.18544	0.52290	0.01994	0.02559	0.02519	0.01888	0.02652	0.01582	0.02141	0.01303	0.00778	0.00844	0.00259	0.01037	0.00758	0.00412	0.01263
30	0.01478	0.00739	0.01109	0.01109	0.01109	0.00739	0.00739	0.01109	0.01109	0.01478	0.01478	0.02587	0.01478	0.02956	0.03326	0.75240	0.00739	0.00739	0.00370	0.00370
31	0.03818	0.01448	0.01975	0.01514	0.02172	0.01251	0.01251	0.04147	0.02436	0.65373	0.03357	0.02897	0.02107	0.01053	0.00856	0.00263	0.00724	0.00856	0.01053	0.01448
32	0.01856	0.01815	0.03132	0.04048	0.42233	0.01763	0.10950	0.02331	0.01949	0.02669	0.03120	0.03435	0.14830	0.01051	0.00901	0.00265	0.00950	0.01017	0.00502	0.01184
33	0.01707	0.04402	0.65683	0.02426	0.03683	0.01976	0.03144	0.02695	0.01797	0.02695	0.01527	0.01797	0.01078	0.00809	0.00809	0.00270	0.01258	0.00629	0.00359	0.01258
34	0.01707	0.04402	0.65683	0.02426	0.03683	0.01976	0.03144	0.02695	0.01797	0.02695	0.01527	0.01797	0.01078	0.00809	0.00809	0.00270	0.01258	0.00629	0.00359	0.01258
35	0.01037	0.00741	0.00987	0.01185	0.01234	0.00691	0.00790	0.01185	0.01629	0.02172	0.04690	0.69537	0.05629	0.02666	0.01086	0.00346	0.00494	0.02419	0.00790	0.00691
36	0.01959	0.02503	0.16887	0.04275	0.43520	0.01961	0.07569	0.02573	0.01913	0.02734	0.01930	0.02346	0.04299	0.00832	0.00856	0.00261	0.01072	0.00800	0.00426	0.01282
37	0.02948	0.03617	0.02637	0.02846	0.16040	0.52727	0.01853	0.03229	0.02309	0.02233	0.01377	0.01658	0.01151	0.00851	0.00784	0.00226	0.01422	0.00593	0.00435	0.01065
38	0.01431	0.01173	0.01317	0.01320	0.01635	0.01195	0.01062	0.02324	0.19438	0.02732	0.05926	0.07178	0.29088	0.01928	0.01016	0.00319	0.00605	0.18586	0.00810	0.00917
39	0.01080	0.00759	0.00975	0.01130	0.01169	0.00720	0.00731	0.01196	0.01546	0.02061	0.04261	0.55859	0.05087	0.17084	0.01780	0.00448	0.00565	0.02167	0.00731	0.00654
40	0.02574	0.31636	0.13180	0.01924	0.02611	0.30345	0.01802	0.02936	0.02033	0.02145	0.01294	0.01506	0.01092	0.00805	0.00682	0.00212	0.01233	0.00522	0.00395	0.01073
41	0.02729	0.02603	0.02635	0.02834	0.19425	0.18858	0.01827	0.24095	0.06408	0.03545	0.02170	0.02324	0.04757	0.00981	0.00836	0.00249	0.01069	0.00774	0.00626	0.01257
42	0.02832	0.02078	0.02242	0.01792	0.02364	0.02287	0.01451	0.48436	0.07048	0.04780	0.02460	0.09603	0.02017	0.01209	0.00863	0.00264	0.00841	0.00961	0.05153	0.01320
43	0.01974	0.01719	0.02026	0.02178	0.12564	0.01882	0.01451	0.06312	0.39526	0.03294	0.03980	0.03813	0.13074	0.01256	0.00886	0.00281	0.00700	0.01064	0.00777	0.01243
44	0.01056	0.00864	0.00931	0.00914	0.01180	0.00740	0.00686	0.01318	0.02057	0.02578	0.22572	0.07731	0.50313	0.02051	0.01005	0.00282	0.00424	0.01732	0.00827	0.00740
45	0.01797	0.03776	0.47644	0.02771	0.03911	0.02029	0.20555	0.02704	0.01860	0.02704	0.01585	0.01945	0.01141	0.00781	0.00867	0.00275	0.01310	0.00740	0.00380	0.01225
46	0.01037	0.00741	0.00987	0.01185	0.01234	0.00691	0.00790	0.01185	0.01629	0.02172	0.04690	0.69537	0.05629	0.02666	0.01086	0.00346	0.00494	0.02419	0.00790	0.00691
47	0.03223	0.02744	0.02523	0.02009	0.02637	0.16455	0.01623	0.49315	0.03658	0.04656	0.01886	0.01933	0.01372	0.00990	0.00833	0.00248	0.01066	0.00719	0.00762	0.01348
48	0.03079	0.11380	0.02637	0.02111	0.02582	0.59708	0.01624	0.03305	0.02337	0.02074	0.01301	0.01516	0.01096	0.00861	0.00743	0.00215	0.01466	0.00538	0.00430	0.00998
49	0.03061	0.03832	0.02526	0.02526	0.09471	0.59560	0.01751	0.03312	0.02359	0.02160	0.01347	0.01598	0.01124	0.00864	0.00776	0.00223	0.01477	0.00571	0.00437	0.01026
50	0.01059	0.00908	0.00913	0.00904	0.01200	0.00785	0.00680	0.01379	0.04868	0.02359	0.08375	0.07950	0.61484	0.02107	0.00999	0.00287	0.00443	0.01756	0.00794	0.00748
51	0.01593	0.01173	0.01411	0.01295	0.01432	0.01301	0.00917	0.10978	0.01726	0.02359	0.02492	0.08017	0.02642	0.38362	0.14117	0.00760	0.06978	0.01133	0.00562	0.00751
52	0.01089	0.00775	0.01034	0.01223	0.01289	0.00734	0.00853	0.01262	0.01654	0.02197	0.04578	0.59000	0.05422	0.05613	0.01241	0.00373	0.00546	0.09646	0.00777	0.00695
53	0.01964	0.02606	0.13970	0.03415	0.04335	0.02126	0.53056	0.02721	0.01977	0.02721	0.01693	0.02222	0.01260	0.00731	0.00975	0.00284	0.01409	0.00949	0.00420	0.01164
54	0.01178	0.00800	0.00946	0.01005	0.01019	0.00785	0.00597	0.01222	0.01354	0.01805	0.03279	0.24592	0.03848	0.50041	0.03366	0.00682	0.00727	0.01589	0.00597	0.00568
55	0.01238	0.00825	0.00928	0.00928	0.00928	0.00825	0.00516	0.01238	0.01238	0.01650	0.02681	0.05569	0.03094	0.70092	0.04331	0.00825	0.00825	0.01238	0.00516	0.00516
56	0.02734	0.02323	0.02103	0.01751	0.02243	0.15979	0.01393	0.32893	0.03009	0.03932	0.02034	0.02260	0.01566	0.01548	0.07706	0.00355	0.01116	0.00739	0.13151	0.01166
57	0.03008	0.01842	0.02053	0.01613	0.02186	0.01945	0.01320	0.36655	0.03189	0.17842	0.02483	0.02469	0.01746	0.01022	0.00797	0.00245	0.00775	0.00791	0.16711	0.01308
58	0.01873	0.21499	0.42672	0.02150	0.03130	0.02411	0.02560	0.02585	0.01725	0.02442	0.01392	0.01691	0.01086	0.00862	0.00958	0.00258	0.08571	0.00596	0.00362	0.01178
59	0.01162	0.00868	0.01078	0.01026	0.01245	0.00785	0.00769	0.01523	0.02308	0.03172	0.52315	0.06752	0.20200	0.01829	0.01004	0.00272	0.00408	0.01594	0.00905	0.00785
