[name]
unknown

[dist]
# distance from previous block
# <min> <max>
5	6

[block]
# block no. 0 follows, 21 sequences, length 51
# corresponding to MSA columns:
# 6-56
name=unknown_A
#
# <colnr> <probs for GDERKNQSTAVLIFYWHMCP>
#	G	D	E	R	K	N	Q	S	T	A	V	L	I	F	Y	W	H	M	C	P
0	0.05230	0.32963	0.36320	0.01948	0.02944	0.02576	0.02315	0.02623	0.01752	0.02444	0.01363	0.01591	0.01077	0.00773	0.00682	0.00231	0.01081	0.00546	0.00369	0.01171
1	0.02600	0.01738	0.02001	0.01562	0.02193	0.01697	0.01262	0.19333	0.11968	0.16440	0.07115	0.02638	0.02204	0.00989	0.00802	0.00225	0.00723	0.00797	0.00800	0.22913
2	0.01039	0.00785	0.00961	0.01084	0.01212	0.00707	0.00749	0.01224	0.01772	0.02293	0.09867	0.47463	0.22853	0.02455	0.01057	0.00323	0.00469	0.02179	0.00800	0.00707
3	0.02106	0.02022	0.03454	0.05223	0.64784	0.02022	0.02612	0.02612	0.01938	0.02780	0.01601	0.02106	0.01348	0.00758	0.00842	0.00253	0.01011	0.00758	0.00421	0.01348
4	0.01273	0.00950	0.01290	0.01262	0.01342	0.01088	0.00910	0.01449	0.01312	0.01854	0.02348	0.04102	0.02429	0.30958	0.37425	0.01079	0.06752	0.01027	0.00473	0.00677
5	0.03235	0.02384	0.02554	0.01958	0.02639	0.02639	0.01618	0.61946	0.04001	0.05363	0.02043	0.02043	0.01447	0.01022	0.00851	0.00255	0.00936	0.00766	0.00851	0.01447
6	0.02275	0.70604	0.04459	0.01456	0.02184	0.03367	0.01456	0.02548	0.01729	0.02002	0.01183	0.01365	0.01092	0.00728	0.00546	0.00182	0.00910	0.00455	0.00364	0.01092
7	0.01238	0.00825	0.00928	0.00928	0.00928	0.00825	0.00516	0.01238	0.01238	0.01650	0.02681	0.05569	0.03094	0.70092	0.04331	0.00825	0.00825	0.01238	0.00516	0.00516
8	0.02298	0.02034	0.02211	0.01907	0.02310	0.05312	0.01525	0.13702	0.36129	0.03453	0.02584	0.02605	0.01993	0.01196	0.01300	0.00299	0.16300	0.00860	0.00731	0.01252
9	0.01301	0.00976	0.01328	0.01371	0.01521	0.00952	0.03641	0.07333	0.01884	0.02517	0.04291	0.59729	0.05013	0.02413	0.01059	0.00334	0.00581	0.02190	0.00780	0.00788
10	0.03151	0.02334	0.02509	0.01918	0.02604	0.02553	0.01583	0.58531	0.03873	0.05215	0.02013	0.02027	0.01437	0.00999	0.00839	0.00248	0.00919	0.00751	0.00831	0.05664
11	0.02106	0.02022	0.03454	0.05223	0.64784	0.02022	0.02612	0.02612	0.01938	0.02780	0.01601	0.02106	0.01348	0.00758	0.00842	0.00253	0.01011	0.00758	0.00421	0.01348
12	0.01419	0.01199	0.01711	0.01595	0.01684	0.01521	0.01259	0.01657	0.01335	0.01966	0.01957	0.03100	0.01907	0.11088	0.40712	0.01005	0.22770	0.00892	0.00436	0.00789
13	0.76103	0.01646	0.01251	0.01119	0.01646	0.01909	0.00922	0.02502	0.01448	0.03818	0.01185	0.01382	0.00922	0.00790	0.00527	0.00263	0.00658	0.00461	0.00527	0.00922
14	0.03179	0.04056	0.02412	0.02192	0.02631	0.66676	0.01644	0.03398	0.02412	0.02083	0.01315	0.01535	0.01096	0.00877	0.00767	0.00219	0.01535	0.00548	0.00438	0.00987
15	0.02076	0.01991	0.03399	0.09062	0.61183	0.02014	0.02597	0.02585	0.01923	0.02743	0.01595	0.02116	0.01335	0.00764	0.00843	0.00255	0.01019	0.00758	0.00419	0.01323
16	0.01607	0.01513	0.02552	0.68047	0.05861	0.01891	0.02363	0.02174	0.01702	0.02174	0.01513	0.02269	0.01134	0.00851	0.00851	0.00284	0.01134	0.00756	0.00378	0.00945
17	0.01041	0.00846	0.00923	0.00941	0.01181	0.00727	0.00691	0.01275	0.01966	0.02451	0.16565	0.16892	0.47202	0.02167	0.01017	0.00293	0.00436	0.01848	0.00813	0.00727
18	0.01607	0.01513	0.02552	0.68047	0.05861	0.01891	0.02363	0.02174	0.01702	0.02174	0.01513	0.02269	0.01134	0.00851	0.00851	0.00284	0.01134	0.00756	0.00378	0.00945
19	0.01006	0.00862	0.00862	0.00862	0.01149	0.00718	0.00647	0.01221	0.01940	0.02299	0.08621	0.08190	0.64438	0.02155	0.01006	0.00287	0.00431	0.01796	0.00790	0.00718
20	0.03179	0.04056	0.02412	0.02192	0.02631	0.66676	0.01644	0.03398	0.02412	0.02083	0.01315	0.01535	0.01096	0.00877	0.00767	0.00219	0.01535	0.00548	0.00438	0.00987
21	0.02106	0.02022	0.03454	0.05223	0.64784	0.02022	0.02612	0.02612	0.01938	0.02780	0.01601	0.02106	0.01348	0.00758	0.00842	0.00253	0.01011	0.00758	0.00421	0.01348
22	0.01951	0.01746	0.06087	0.01471	0.02115	0.01469	0.01232	0.02946	0.20171	0.06743	0.02299	0.02548	0.01840	0.06112	0.01008	0.00246	0.00706	0.00727	0.00637	0.37946
23	0.02524	0.30247	0.16137	0.01951	0.02670	0.28613	0.01877	0.02921	0.02018	0.02176	0.01307	0.01522	0.01091	0.00805	0.00689	0.00215	0.01233	0.00528	0.00393	0.01083
24	0.11763	0.53653	0.11466	0.01530	0.02296	0.03010	0.01592	0.02560	0.01701	0.02321	0.01225	0.01420	0.01068	0.00746	0.00575	0.00203	0.00920	0.00477	0.00385	0.01090
25	0.17853	0.20030	0.02706	0.01758	0.02319	0.29332	0.01446	0.10542	0.02249	0.02839	0.01349	0.01527	0.01105	0.00840	0.00674	0.00224	0.01122	0.00535	0.00491	0.01059
26	0.01488	0.01188	0.01372	0.01270	0.01573	0.01232	0.00968	0.02539	0.22622	0.03350	0.38491	0.05481	0.11863	0.01586	0.00958	0.00277	0.00495	0.01373	0.00899	0.00976
27	0.02106	0.02022	0.03454	0.05223	0.64784	0.02022	0.02612	0.02612	0.01938	0.02780	0.01601	0.02106	0.01348	0.00758	0.00842	0.00253	0.01011	0.00758	0.00421	0.01348
28	0.01219	0.00901	0.01311	0.01311	0.01443	0.01033	0.00993	0.01483	0.01351	0.01934	0.02331	0.03630	0.02252	0.14587	0.58686	0.01298	0.02092	0.00954	0.00464	0.00728
29	0.01105	0.00779	0.00957	0.01070	0.01121	0.00740	0.00683	0.01206	0.01516	0.01999	0.04285	0.42438	0.09216	0.26270	0.02218	0.00509	0.00605	0.01957	0.00694	0.00632
30	0.01110	0.00866	0.01007	0.00972	0.01214	0.00763	0.00729	0.01424	0.02187	0.02885	0.37956	0.07225	0.34737	0.01936	0.01005	0.00277	0.00415	0.01661	0.00867	0.00763
31	0.03235	0.02384	0.02554	0.01958	0.02639	0.02639	0.01618	0.61946	0.04001	0.05363	0.02043	0.02043	0.01447	0.01022	0.00851	0.00255	0.00936	0.00766	0.00851	0.01447
32	0.01607	0.01513	0.02552	0.68047	0.05861	0.01891	0.02363	0.02174	0.01702	0.02174	0.01513	0.02269	0.01134	0.00851	0.00851	0.00284	0.01134	0.00756	0.00378	0.00945
33	0.01238	0.00825	0.00928	0.00928	0.00928	0.00825	0.00516	0.01238	0.01238	0.01650	0.02681	0.05569	0.03094	0.70092	0.04331	0.00825	0.00825	0.01238	0.00516	0.00516
34	0.02451	0.02164	0.02102	0.01824	0.02342	0.08681	0.01432	0.16137	0.45061	0.03780	0.02959	0.02780	0.02213	0.01100	0.00853	0.00275	0.00813	0.00881	0.00820	0.01331
35	0.02482	0.55363	0.03990	0.01625	0.02286	0.17867	0.01499	0.02743	0.01885	0.02021	0.01213	0.01404	0.01093	0.00762	0.00597	0.00191	0.01053	0.00476	0.00381	0.01068
36	0.02877	0.03553	0.02456	0.02202	0.02540	0.52002	0.01694	0.03089	0.02158	0.02075	0.01270	0.01610	0.01101	0.01017	0.01231	0.00254	0.16879	0.00593	0.00423	0.00974
37	0.02076	0.01871	0.02550	0.33371	0.16669	0.06853	0.02068	0.11478	0.02164	0.02879	0.01723	0.02236	0.01328	0.00874	0.00817	0.00260	0.01036	0.00746	0.07910	0.01092
38	0.01707	0.04402	0.65683	0.02426	0.03683	0.01976	0.03144	0.02695	0.01797	0.02695	0.01527	0.01797	0.01078	0.00809	0.00809	0.00270	0.01258	0.00629	0.00359	0.01258
39	0.01014	0.00832	0.00894	0.00943	0.01171	0.00712	0.00683	0.01212	0.01862	0.02267	0.07636	0.23564	0.49700	0.02283	0.01026	0.00302	0.00447	0.01952	0.00790	0.00712
40	0.03068	0.18542	0.02860	0.01878	0.02472	0.27699	0.01544	0.17976	0.02657	0.11037	0.01731	0.01799	0.01313	0.00902	0.00749	0.00225	0.01137	0.00621	0.00604	0.01186
41	0.01958	0.01871	0.03187	0.23863	0.47301	0.01983	0.02538	0.02482	0.01868	0.02600	0.01575	0.02154	0.01285	0.00786	0.00845	0.00262	0.01048	0.00758	0.00408	0.01229
42	0.01037	0.00741	0.00987	0.01185	0.01234	0.00691	0.00790	0.01185	0.01629	0.02172	0.04690	0.69537	0.05629	0.02666	0.01086	0.00346	0.00494	0.02419	0.00790	0.00691
43	0.02551	0.01943	0.02462	0.01959	0.02578	0.02055	0.09142	0.17242	0.29262	0.11756	0.02751	0.02659	0.02000	0.01015	0.00861	0.00265	0.00835	0.00874	0.00803	0.06985
44	0.20867	0.04636	0.01986	0.01445	0.02120	0.01878	0.01190	0.20445	0.02364	0.03792	0.01578	0.01737	0.01225	0.00793	0.00668	0.00202	0.00742	0.00571	0.00610	0.31149
45	0.01765	0.01513	0.01765	0.01260	0.02017	0.01134	0.01008	0.02143	0.01765	0.02773	0.01513	0.01765	0.01260	0.00630	0.00630	0.00126	0.00630	0.00504	0.00504	0.75295
46	0.01117	0.00871	0.01016	0.00993	0.01235	0.00770	0.00754	0.01429	0.02164	0.02840	0.34934	0.07381	0.34933	0.01966	0.01012	0.00283	0.00433	0.04248	0.00860	0.00762
47	0.02192	0.01866	0.01967	0.01747	0.02242	0.02152	0.01365	0.08408	0.59237	0.03682	0.03368	0.03098	0.02520	0.01146	0.00865	0.00286	0.00691	0.00949	0.00865	0.01354
48	0.01238	0.00825	0.00928	0.00928	0.00928	0.00825	0.00516	0.01238	0.01238	0.01650	0.02681	0.05569	0.03094	0.70092	0.04331	0.00825	0.00825	0.01238	0.00516	0.00516
49	0.01006	0.00862	0.00862	0.00862	0.01149	0.00718	0.00647	0.01221	0.01940	0.02299	0.08621	0.08190	0.64438	0.02155	0.01006	0.00287	0.00431	0.01796	0.00790	0.00718
50	0.02782	0.02212	0.06999	0.01756	0.02382	0.02212	0.01525	0.45190	0.03381	0.04713	0.02154	0.02255	0.01569	0.00999	0.00796	0.00245	0.00851	0.00761	0.15920	0.01299

[dist]
# distance from previous block
# <min> <max>
2	16

[block]
# block no. 1 follows, 21 sequences, length 6
# corresponding to MSA columns:
# 73-78
name=unknown_B
#
# <colnr> <probs for GDERKNQSTAVLIFYWHMCP>
#	G	D	E	R	K	N	Q	S	T	A	V	L	I	F	Y	W	H	M	C	P
0	0.02499	0.02884	0.01997	0.01825	0.02246	0.37682	0.01381	0.03282	0.18047	0.02505	0.03234	0.03201	0.13304	0.01187	0.00837	0.00250	0.01106	0.00888	0.00615	0.01030
1	0.02847	0.01899	0.02147	0.01679	0.02330	0.01938	0.01364	0.26204	0.15054	0.17435	0.02506	0.02398	0.01782	0.00978	0.00812	0.00238	0.00778	0.00773	0.00829	0.16009
2	0.02119	0.01778	0.01581	0.01440	0.01717	0.14192	0.01023	0.02791	0.16881	0.09147	0.02678	0.03891	0.02470	0.31917	0.02395	0.00512	0.00917	0.00992	0.00645	0.00915
3	0.02146	0.01632	0.01989	0.01698	0.02066	0.01880	0.01373	0.27744	0.02503	0.03450	0.02076	0.02652	0.01745	0.03636	0.32650	0.00800	0.07433	0.00834	0.00620	0.01072
4	0.01478	0.00739	0.01109	0.01109	0.01109	0.00739	0.00739	0.01109	0.01109	0.01478	0.01478	0.02587	0.01478	0.02956	0.03326	0.75240	0.00739	0.00739	0.00370	0.00370
5	0.01096	0.00787	0.01041	0.01144	0.01247	0.00731	0.00795	0.01335	0.01906	0.02613	0.25885	0.47085	0.06482	0.02337	0.01057	0.00318	0.00461	0.02106	0.00842	0.00731

[dist]
# distance from previous block
# <min> <max>
0	1

[block]
# block no. 2 follows, 21 sequences, length 63
# corresponding to MSA columns:
# 80-142
name=unknown_C
#
# <colnr> <probs for GDERKNQSTAVLIFYWHMCP>
#	G	D	E	R	K	N	Q	S	T	A	V	L	I	F	Y	W	H	M	C	P
0	0.02046	0.01950	0.03315	0.04996	0.61198	0.01947	0.02509	0.02531	0.01920	0.02746	0.01775	0.05910	0.01589	0.00866	0.00856	0.00258	0.00982	0.00852	0.00442	0.01311
1	0.03179	0.04056	0.02412	0.02192	0.02631	0.66676	0.01644	0.03398	0.02412	0.02083	0.01315	0.01535	0.01096	0.00877	0.00767	0.00219	0.01535	0.00548	0.00438	0.00987
2	0.03046	0.01915	0.02177	0.01730	0.02357	0.02010	0.01406	0.26718	0.18656	0.22779	0.02776	0.02576	0.01931	0.01045	0.00845	0.00260	0.00789	0.00830	0.00898	0.05257
3	0.03163	0.02348	0.02513	0.01943	0.02612	0.02605	0.01600	0.58250	0.07815	0.05247	0.02135	0.02116	0.01521	0.01030	0.00852	0.00258	0.00920	0.00779	0.00852	0.01441
4	0.02575	0.02450	0.02079	0.01795	0.02287	0.20200	0.01413	0.22156	0.14871	0.03490	0.03229	0.03399	0.11285	0.01239	0.00869	0.00263	0.00969	0.03548	0.00726	0.01157
5	0.05581	0.24172	0.40058	0.02055	0.03065	0.06556	0.02432	0.02687	0.01799	0.02502	0.01393	0.01630	0.01076	0.00788	0.00713	0.00240	0.01142	0.00563	0.00374	0.01174
6	0.02106	0.02022	0.03454	0.05223	0.64784	0.02022	0.02612	0.02612	0.01938	0.02780	0.01601	0.02106	0.01348	0.00758	0.00842	0.00253	0.01011	0.00758	0.00421	0.01348
7	0.22791	0.01374	0.01519	0.01357	0.01823	0.01402	0.01120	0.02967	0.07684	0.23045	0.03258	0.04141	0.05897	0.01304	0.00822	0.00289	0.00677	0.12276	0.05170	0.01083
8	0.02008	0.01922	0.03277	0.17604	0.53172	0.01996	0.02563	0.02526	0.01891	0.02661	0.01583	0.02138	0.01306	0.00776	0.00844	0.00259	0.01035	0.00758	0.00413	0.01269
9	0.01612	0.01296	0.01353	0.01182	0.01594	0.01257	0.00926	0.14980	0.06335	0.03086	0.06458	0.06167	0.43174	0.01760	0.00943	0.00272	0.00569	0.01446	0.00794	0.04794
10	0.02965	0.03414	0.02367	0.02097	0.02551	0.46113	0.01608	0.10744	0.11536	0.02705	0.01713	0.01856	0.01362	0.00966	0.00891	0.00241	0.04583	0.00646	0.00549	0.01094
11	0.01862	0.01862	0.02607	0.02234	0.02234	0.02607	0.01862	0.02048	0.01303	0.02048	0.01117	0.01862	0.01117	0.01489	0.02793	0.00372	0.68535	0.00745	0.00372	0.00931
12	0.02100	0.02038	0.03547	0.05126	0.61201	0.02030	0.06120	0.02619	0.01942	0.02777	0.01608	0.02117	0.01345	0.00756	0.00852	0.00255	0.01036	0.00773	0.00422	0.01336
13	0.03159	0.02338	0.02513	0.01922	0.02607	0.02561	0.01586	0.58840	0.03885	0.05229	0.02016	0.02029	0.01438	0.01001	0.00840	0.00249	0.00921	0.00753	0.00833	0.05282
14	0.01216	0.00912	0.01368	0.01368	0.01520	0.01064	0.01064	0.01520	0.01368	0.01976	0.02279	0.03343	0.02127	0.06382	0.66720	0.01368	0.02279	0.00912	0.00456	0.00760
15	0.01175	0.00888	0.01097	0.01101	0.01328	0.00811	0.00863	0.01517	0.02178	0.02902	0.35641	0.07545	0.24876	0.01985	0.01037	0.00298	0.00484	0.12637	0.00862	0.00773
16	0.03235	0.02384	0.02554	0.01958	0.02639	0.02639	0.01618	0.61946	0.04001	0.05363	0.02043	0.02043	0.01447	0.01022	0.00851	0.00255	0.00936	0.00766	0.00851	0.01447
17	0.02106	0.02022	0.03454	0.05223	0.64784	0.02022	0.02612	0.02612	0.01938	0.02780	0.01601	0.02106	0.01348	0.00758	0.00842	0.00253	0.01011	0.00758	0.00421	0.01348
18	0.02101	0.02037	0.03539	0.05135	0.61534	0.02029	0.05794	0.02618	0.01942	0.02777	0.01607	0.02116	0.01345	0.00756	0.00851	0.00255	0.01034	0.00771	0.00422	0.01337
19	0.01675	0.00879	0.00888	0.00856	0.01080	0.00893	0.00650	0.05212	0.01904	0.03291	0.02737	0.03112	0.02142	0.00993	0.00609	0.00201	0.00426	0.00792	0.70833	0.00828
20	0.03179	0.04056	0.02412	0.02192	0.02631	0.66676	0.01644	0.03398	0.02412	0.02083	0.01315	0.01535	0.01096	0.00877	0.00767	0.00219	0.01535	0.00548	0.00438	0.00987
21	0.01150	0.00821	0.01117	0.01314	0.01413	0.00789	0.00987	0.01381	0.01741	0.02299	0.04628	0.49242	0.05381	0.02559	0.01116	0.00361	0.00592	0.21596	0.00788	0.00723
22	0.02454	0.57436	0.04054	0.01602	0.02273	0.15895	0.01493	0.02716	0.01864	0.02018	0.01209	0.01399	0.01093	0.00758	0.00590	0.00189	0.01034	0.00473	0.00379	0.01071
23	0.02183	0.01861	0.01962	0.01745	0.02238	0.02148	0.01363	0.07932	0.59728	0.03667	0.03379	0.03108	0.02529	0.01147	0.00865	0.00287	0.00689	0.00951	0.00865	0.01353
24	0.02275	0.70604	0.04459	0.01456	0.02184	0.03367	0.01456	0.02548	0.01729	0.02002	0.01183	0.01365	0.01092	0.00728	0.00546	0.00182	0.00910	0.00455	0.00364	0.01092
25	0.01204	0.00870	0.01138	0.01071	0.01271	0.00803	0.00803	0.01606	0.02409	0.03413	0.64335	0.06357	0.08030	0.01740	0.01004	0.00268	0.00401	0.01539	0.00937	0.00803
26	0.01238	0.00825	0.00928	0.00928	0.00928	0.00825	0.00516	0.01238	0.01238	0.01650	0.02681	0.05569	0.03094	0.70092	0.04331	0.00825	0.00825	0.01238	0.00516	0.00516
27	0.01235	0.00834	0.00973	0.00973	0.00989	0.00850	0.00572	0.01267	0.01251	0.01684	0.02640	0.05340	0.02994	0.63523	0.10765	0.00881	0.00975	0.01204	0.00509	0.00541
28	0.01329	0.00897	0.01177	0.01092	0.01314	0.00824	0.00824	0.01727	0.02410	0.06359	0.61435	0.06192	0.07748	0.01707	0.00997	0.00267	0.00417	0.01507	0.00942	0.00834
29	0.01037	0.00741	0.00987	0.01185	0.01234	0.00691	0.00790	0.01185	0.01629	0.02172	0.04690	0.69537	0.05629	0.02666	0.01086	0.00346	0.00494	0.02419	0.00790	0.00691
30	0.01169	0.00871	0.00967	0.00985	0.01234	0.00779	0.00767	0.01463	0.01992	0.02625	0.15665	0.07417	0.38684	0.01959	0.00973	0.00287	0.00472	0.09842	0.11097	0.00751
31	0.01707	0.04402	0.65683	0.02426	0.03683	0.01976	0.03144	0.02695	0.01797	0.02695	0.01527	0.01797	0.01078	0.00809	0.00809	0.00270	0.01258	0.00629	0.00359	0.01258
32	0.03181	0.03981	0.02418	0.02182	0.02631	0.63806	0.01643	0.06022	0.02483	0.02230	0.01348	0.01557	0.01112	0.00883	0.00771	0.00221	0.01508	0.00558	0.00457	0.01007
33	0.01743	0.08663	0.61742	0.02363	0.03587	0.02066	0.03036	0.02686	0.01792	0.02650	0.01505	0.01769	0.01079	0.00803	0.00792	0.00264	0.01235	0.00618	0.00360	0.01247
34	0.01738	0.08065	0.62296	0.02372	0.03600	0.02053	0.03051	0.02687	0.01793	0.02657	0.01508	0.01773	0.01079	0.00804	0.00794	0.00265	0.01238	0.00619	0.00360	0.01249
35	0.01216	0.00912	0.01368	0.01368	0.01520	0.01064	0.01064	0.01520	0.01368	0.01976	0.02279	0.03343	0.02127	0.06382	0.66720	0.01368	0.02279	0.00912	0.00456	0.00760
36	0.03235	0.02384	0.02554	0.01958	0.02639	0.02639	0.01618	0.61946	0.04001	0.05363	0.02043	0.02043	0.01447	0.01022	0.00851	0.00255	0.00936	0.00766	0.00851	0.01447
37	0.02163	0.57504	0.16574	0.01648	0.02481	0.03092	0.01790	0.02577	0.01743	0.02139	0.01251	0.01451	0.01089	0.00744	0.00598	0.00199	0.00979	0.00489	0.00363	0.01125
38	0.01014	0.00831	0.00894	0.00945	0.01171	0.00711	0.00683	0.01212	0.01860	0.02266	0.07610	0.23972	0.49309	0.02287	0.01026	0.00302	0.00447	0.01956	0.00790	0.00711
39	0.01216	0.00912	0.01368	0.01368	0.01520	0.01064	0.01064	0.01520	0.01368	0.01976	0.02279	0.03343	0.02127	0.06382	0.66720	0.01368	0.02279	0.00912	0.00456	0.00760
40	0.01765	0.01513	0.01765	0.01260	0.02017	0.01134	0.01008	0.02143	0.01765	0.02773	0.01513	0.01765	0.01260	0.00630	0.00630	0.00126	0.00630	0.00504	0.00504	0.75295
41	0.01121	0.00854	0.01031	0.01014	0.01227	0.00763	0.00750	0.01435	0.02173	0.02916	0.39722	0.13531	0.26421	0.01973	0.01013	0.00282	0.00421	0.01715	0.00873	0.00763
42	0.03235	0.02384	0.02554	0.01958	0.02639	0.02639	0.01618	0.61946	0.04001	0.05363	0.02043	0.02043	0.01447	0.01022	0.00851	0.00255	0.00936	0.00766	0.00851	0.01447
43	0.03232	0.02482	0.02546	0.01972	0.02639	0.06413	0.01619	0.58496	0.03908	0.05170	0.02000	0.02013	0.01427	0.01013	0.00846	0.00253	0.00972	0.00753	0.00827	0.01420
44	0.01478	0.00739	0.01109	0.01109	0.01109	0.00739	0.00739	0.01109	0.01109	0.01478	0.01478	0.02587	0.01478	0.02956	0.03326	0.75240	0.00739	0.00739	0.00370	0.00370
45	0.01920	0.02033	0.03560	0.02768	0.03108	0.02427	0.25492	0.02316	0.01582	0.02316	0.01356	0.02033	0.01186	0.01185	0.02086	0.00339	0.42034	0.00847	0.00395	0.01017
46	0.01184	0.00869	0.01109	0.01049	0.01259	0.00794	0.00787	0.01566	0.02361	0.03298	0.58590	0.06546	0.13846	0.01783	0.01004	0.00270	0.00405	0.01566	0.00922	0.00794
47	0.01238	0.00825	0.00928	0.00928	0.00928	0.00825	0.00516	0.01238	0.01238	0.01650	0.02681	0.05569	0.03094	0.70092	0.04331	0.00825	0.00825	0.01238	0.00516	0.00516
48	0.01707	0.04402	0.65683	0.02426	0.03683	0.01976	0.03144	0.02695	0.01797	0.02695	0.01527	0.01797	0.01078	0.00809	0.00809	0.00270	0.01258	0.00629	0.00359	0.01258
49	0.01765	0.01513	0.01765	0.01260	0.02017	0.01134	0.01008	0.02143	0.01765	0.02773	0.01513	0.01765	0.01260	0.00630	0.00630	0.00126	0.00630	0.00504	0.00504	0.75295
50	0.02453	0.57490	0.04056	0.01601	0.02272	0.15843	0.01493	0.02716	0.01864	0.02018	0.01209	0.01399	0.01093	0.00757	0.00590	0.00189	0.01033	0.00473	0.00379	0.01071
51	0.01035	0.00747	0.00980	0.01167	0.01230	0.00693	0.00782	0.01187	0.01647	0.02180	0.04912	0.66076	0.08946	0.02637	0.01082	0.00342	0.00490	0.02384	0.00790	0.00693
52	0.03235	0.02384	0.02554	0.01958	0.02639	0.02639	0.01618	0.61946	0.04001	0.05363	0.02043	0.02043	0.01447	0.01022	0.00851	0.00255	0.00936	0.00766	0.00851	0.01447
53	0.03402	0.01957	0.08696	0.01707	0.02423	0.01642	0.01524	0.15405	0.05632	0.44042	0.02914	0.02628	0.01894	0.01027	0.00851	0.00264	0.00819	0.00820	0.00932	0.01423
54	0.02106	0.02022	0.03454	0.05223	0.64784	0.02022	0.02612	0.02612	0.01938	0.02780	0.01601	0.02106	0.01348	0.00758	0.00842	0.00253	0.01011	0.00758	0.00421	0.01348
55	0.02336	0.02014	0.02043	0.01787	0.02297	0.05130	0.01402	0.13278	0.51397	0.03769	0.03148	0.02927	0.02353	0.01122	0.00859	0.00280	0.00753	0.00913	0.00844	0.01346
56	0.08908	0.00931	0.01108	0.01224	0.01360	0.00932	0.00853	0.04929	0.01751	0.02532	0.04172	0.58501	0.04895	0.02375	0.01015	0.00332	0.00537	0.02119	0.00766	0.00760
57	0.03204	0.03317	0.02474	0.02089	0.02634	0.38390	0.01632	0.29259	0.03114	0.03532	0.01637	0.01759	0.01251	0.00941	0.00804	0.00235	0.01270	0.00644	0.00621	0.01190
58	0.02291	0.01874	0.03112	0.04463	0.52341	0.01843	0.02316	0.02766	0.02035	0.11514	0.05542	0.02467	0.01847	0.00857	0.00854	0.00255	0.00935	0.00818	0.00539	0.01330
59	0.01232	0.00847	0.01041	0.01041	0.01080	0.00886	0.00657	0.01310	0.01271	0.01734	0.02578	0.04996	0.02845	0.53703	0.20381	0.00965	0.01199	0.01154	0.00500	0.00578
60	0.03179	0.04056	0.02412	0.02192	0.02631	0.66676	0.01644	0.03398	0.02412	0.02083	0.01315	0.01535	0.01096	0.00877	0.00767	0.00219	0.01535	0.00548	0.00438	0.00987
61	0.01976	0.01242	0.01500	0.01317	0.01700	0.01205	0.01020	0.05934	0.12237	0.15548	0.24704	0.11284	0.10210	0.01548	0.00934	0.00273	0.00563	0.01330	0.00895	0.04579
62	0.02211	0.63132	0.11369	0.01566	0.02353	0.03210	0.01647	0.02565	0.01737	0.02080	0.01222	0.01414	0.01091	0.00737	0.00576	0.00192	0.00949	0.00475	0.00364	0.01111

[dist]
# distance from previous block
# <min> <max>
0	1

[block]
# block no. 3 follows, 21 sequences, length 43
# corresponding to MSA columns:
# 144-186
name=unknown_D
#
# <colnr> <probs for GDERKNQSTAVLIFYWHMCP>
#	G	D	E	R	K	N	Q	S	T	A	V	L	I	F	Y	W	H	M	C	P
0	0.02497	0.02964	0.02031	0.01858	0.02233	0.41357	0.01410	0.02919	0.07802	0.02252	0.02937	0.03058	0.13301	0.01459	0.04290	0.00305	0.04980	0.00852	0.00542	0.00954
1	0.02246	0.01726	0.01932	0.01499	0.02152	0.01642	0.01203	0.16102	0.13979	0.07406	0.02536	0.02544	0.05332	0.00934	0.00761	0.00204	0.00701	0.00748	0.00702	0.35649
2	0.02065	0.02955	0.18374	0.03178	0.04083	0.08956	0.42170	0.02790	0.02004	0.02651	0.01635	0.02103	0.01223	0.00755	0.00935	0.00276	0.01406	0.00872	0.00415	0.01155
3	0.01800	0.04380	0.61678	0.02411	0.03617	0.06072	0.03049	0.02740	0.01836	0.02656	0.01514	0.01780	0.01079	0.00813	0.00806	0.00266	0.01275	0.00624	0.00364	0.01241
4	0.02106	0.02022	0.03454	0.05223	0.64784	0.02022	0.02612	0.02612	0.01938	0.02780	0.01601	0.02106	0.01348	0.00758	0.00842	0.00253	0.01011	0.00758	0.00421	0.01348
5	0.01094	0.00832	0.01225	0.01326	0.01424	0.00777	0.04378	0.01276	0.01652	0.02205	0.04516	0.65575	0.05373	0.02551	0.01081	0.00342	0.00549	0.02336	0.00769	0.00718
6	0.01881	0.01792	0.03048	0.33552	0.38214	0.01963	0.02500	0.02414	0.01831	0.02507	0.01561	0.02180	0.01252	0.00800	0.00846	0.00267	0.01067	0.00757	0.00402	0.01166
7	0.02745	0.01509	0.01733	0.01435	0.01949	0.04204	0.01147	0.07001	0.10724	0.32699	0.09274	0.04161	0.15003	0.01334	0.00895	0.00269	0.00681	0.01095	0.00926	0.01215
8	0.01775	0.03929	0.52054	0.02686	0.03855	0.02016	0.16298	0.02702	0.01844	0.02702	0.01571	0.01909	0.01126	0.00788	0.00853	0.00273	0.01297	0.00713	0.00375	0.01233
9	0.01960	0.02000	0.03164	0.03364	0.22988	0.08598	0.18817	0.02447	0.01993	0.02600	0.02451	0.08016	0.02371	0.01237	0.00970	0.00296	0.01103	0.14008	0.00530	0.01085
10	0.02976	0.19007	0.02872	0.02027	0.02531	0.52452	0.01602	0.03207	0.02258	0.02065	0.01286	0.01497	0.01095	0.00844	0.00718	0.00211	0.01394	0.00527	0.00422	0.01010
11	0.03179	0.04056	0.02412	0.02192	0.02631	0.66676	0.01644	0.03398	0.02412	0.02083	0.01315	0.01535	0.01096	0.00877	0.00767	0.00219	0.01535	0.00548	0.00438	0.00987
12	0.01973	0.01887	0.03214	0.21932	0.49112	0.01987	0.02546	0.02495	0.01875	0.02619	0.01577	0.02149	0.01291	0.00783	0.00845	0.00261	0.01044	0.00758	0.00410	0.01241
13	0.01607	0.01513	0.02552	0.68047	0.05861	0.01891	0.02363	0.02174	0.01702	0.02174	0.01513	0.02269	0.01134	0.00851	0.00851	0.00284	0.01134	0.00756	0.00378	0.00945
14	0.01030	0.00768	0.00959	0.01112	0.01215	0.00697	0.00758	0.01193	0.01699	0.02201	0.05574	0.55754	0.18841	0.02551	0.01068	0.00333	0.00480	0.02279	0.00790	0.00697
15	0.02275	0.70604	0.04459	0.01456	0.02184	0.03367	0.01456	0.02548	0.01729	0.02002	0.01183	0.01365	0.01092	0.00728	0.00546	0.00182	0.00910	0.00455	0.00364	0.01092
16	0.02241	0.50854	0.16877	0.01723	0.02534	0.08902	0.01821	0.02657	0.01806	0.02152	0.01266	0.01470	0.01090	0.00758	0.00620	0.00203	0.01039	0.00499	0.00370	0.01116
17	0.01006	0.00862	0.00862	0.00862	0.01149	0.00718	0.00647	0.01221	0.01940	0.02299	0.08621	0.08190	0.64438	0.02155	0.01006	0.00287	0.00431	0.01796	0.00790	0.00718
18	0.01008	0.00854	0.00870	0.00882	0.01155	0.00717	0.00656	0.01219	0.01920	0.02291	0.08374	0.12041	0.60746	0.02187	0.01011	0.00291	0.00435	0.01835	0.00790	0.00717
19	0.01707	0.04402	0.65683	0.02426	0.03683	0.01976	0.03144	0.02695	0.01797	0.02695	0.01527	0.01797	0.01078	0.00809	0.00809	0.00270	0.01258	0.00629	0.00359	0.01258
20	0.01607	0.01513	0.02552	0.68047	0.05861	0.01891	0.02363	0.02174	0.01702	0.02174	0.01513	0.02269	0.01134	0.00851	0.00851	0.00284	0.01134	0.00756	0.00378	0.00945
21	0.01037	0.00741	0.00987	0.01185	0.01234	0.00691	0.00790	0.01185	0.01629	0.02172	0.04690	0.69537	0.05629	0.02666	0.01086	0.00346	0.00494	0.02419	0.00790	0.00691
22	0.02080	0.01995	0.03407	0.08531	0.61682	0.02015	0.02599	0.02589	0.01925	0.02748	0.01596	0.02115	0.01337	0.00763	0.00843	0.00254	0.01017	0.00758	0.00419	0.01327
23	0.03184	0.03890	0.02426	0.02169	0.02632	0.60341	0.01642	0.09190	0.02569	0.02407	0.01387	0.01585	0.01131	0.00891	0.00776	0.00223	0.01475	0.00570	0.00479	0.01032
24	0.02106	0.02022	0.03454	0.05223	0.64784	0.02022	0.02612	0.02612	0.01938	0.02780	0.01601	0.02106	0.01348	0.00758	0.00842	0.00253	0.01011	0.00758	0.00421	0.01348
25	0.01707	0.04402	0.65683	0.02426	0.03683	0.01976	0.03144	0.02695	0.01797	0.02695	0.01527	0.01797	0.01078	0.00809	0.00809	0.00270	0.01258	0.00629	0.00359	0.01258
26	0.01707	0.04402	0.65683	0.02426	0.03683	0.01976	0.03144	0.02695	0.01797	0.02695	0.01527	0.01797	0.01078	0.00809	0.00809	0.00270	0.01258	0.00629	0.00359	0.01258
27	0.02419	0.02302	0.02755	0.02204	0.02739	0.13719	0.14973	0.21735	0.02682	0.03391	0.04999	0.07011	0.06045	0.01229	0.01008	0.00278	0.04112	0.04632	0.00652	0.01115
28	0.01935	0.01735	0.01645	0.01683	0.01978	0.15801	0.01394	0.02380	0.05205	0.05949	0.03846	0.07031	0.06286	0.01879	0.01043	0.00336	0.00929	0.37326	0.00725	0.00892
29	0.02106	0.02022	0.03454	0.05223	0.64784	0.02022	0.02612	0.02612	0.01938	0.02780	0.01601	0.02106	0.01348	0.00758	0.00842	0.00253	0.01011	0.00758	0.00421	0.01348
30	0.01140	0.00882	0.01048	0.01089	0.01280	0.00820	0.00784	0.01519	0.05834	0.02629	0.21700	0.29426	0.24391	0.02165	0.01025	0.00303	0.00461	0.01899	0.00834	0.00771
31	0.03187	0.03804	0.02433	0.02157	0.02632	0.57014	0.01640	0.12232	0.02651	0.02578	0.01425	0.01611	0.01149	0.00899	0.00780	0.00225	0.01444	0.00581	0.00501	0.01056
32	0.01854	0.01450	0.01717	0.01758	0.08403	0.01474	0.01205	0.21089	0.02535	0.03315	0.04796	0.20266	0.23172	0.01761	0.00958	0.00287	0.00672	0.01501	0.00771	0.01015
33	0.02106	0.02022	0.03454	0.05223	0.64784	0.02022	0.02612	0.02612	0.01938	0.02780	0.01601	0.02106	0.01348	0.00758	0.00842	0.00253	0.01011	0.00758	0.00421	0.01348
34	0.09877	0.01761	0.05755	0.01528	0.02065	0.04388	0.01292	0.06546	0.13910	0.23522	0.16652	0.03404	0.03274	0.01176	0.00851	0.00267	0.00716	0.00958	0.00857	0.01199
35	0.01973	0.01887	0.03214	0.21932	0.49112	0.01987	0.02546	0.02495	0.01875	0.02619	0.01577	0.02149	0.01291	0.00783	0.00845	0.00261	0.01044	0.00758	0.00410	0.01241
36	0.01879	0.24483	0.47112	0.02132	0.03229	0.02398	0.02632	0.02651	0.01776	0.02485	0.01423	0.01666	0.01082	0.00784	0.00729	0.00243	0.01152	0.00576	0.00361	0.01207
37	0.01787	0.03750	0.47660	0.02204	0.03203	0.07769	0.02623	0.02666	0.04498	0.02638	0.02289	0.02889	0.05475	0.01044	0.00850	0.00277	0.01166	0.05599	0.00451	0.01163
38	0.22128	0.02508	0.08177	0.02602	0.17692	0.11933	0.01806	0.14068	0.05640	0.03475	0.01627	0.01845	0.01259	0.00861	0.00747	0.00254	0.00987	0.00648	0.00552	0.01190
39	0.02409	0.02597	0.03160	0.04367	0.47215	0.20298	0.02338	0.02834	0.02072	0.02583	0.01520	0.01945	0.01277	0.00792	0.00821	0.00243	0.01159	0.00699	0.00426	0.01246
40	0.02199	0.01991	0.03375	0.05024	0.61409	0.01980	0.02538	0.02694	0.01965	0.06154	0.01695	0.02149	0.01389	0.00774	0.00843	0.00253	0.00996	0.00764	0.00455	0.01353
41	0.02106	0.02022	0.03454	0.05223	0.64784	0.02022	0.02612	0.02612	0.01938	0.02780	0.01601	0.02106	0.01348	0.00758	0.00842	0.00253	0.01011	0.00758	0.00421	0.01348
42	0.02156	0.02077	0.03117	0.04425	0.50126	0.04944	0.02328	0.03009	0.13586	0.02897	0.01941	0.02283	0.01574	0.00839	0.00844	0.00258	0.00971	0.00787	0.00506	0.01332

[dist]
# distance from previous block
# <min> <max>
6	28

[block]
# block no. 4 follows, 21 sequences, length 26
# corresponding to MSA columns:
# 215-240
name=unknown_E
#
# <colnr> <probs for GDERKNQSTAVLIFYWHMCP>
#	G	D	E	R	K	N	Q	S	T	A	V	L	I	F	Y	W	H	M	C	P
0	0.02452	0.11624	0.09297	0.01774	0.02387	0.02247	0.01587	0.33717	0.02904	0.03885	0.02348	0.13889	0.02129	0.01510	0.04058	0.00317	0.00955	0.01007	0.00701	0.01211
1	0.02555	0.26588	0.09920	0.01754	0.02473	0.02666	0.01655	0.29334	0.02822	0.03718	0.07069	0.02150	0.01851	0.00957	0.00752	0.00232	0.00916	0.00708	0.00633	0.01246
2	0.02123	0.26936	0.05823	0.01557	0.02119	0.02321	0.01412	0.17332	0.02241	0.02911	0.02331	0.02634	0.06913	0.02317	0.16902	0.00505	0.01228	0.00771	0.00547	0.01077
3	0.02323	0.28461	0.21206	0.01927	0.02730	0.02721	0.02012	0.17690	0.02291	0.03060	0.01494	0.01704	0.01181	0.00892	0.00893	0.00242	0.06862	0.00609	0.00488	0.01216
4	0.02252	0.64698	0.04508	0.01640	0.02380	0.03262	0.06664	0.02564	0.01753	0.02065	0.01230	0.01446	0.01109	0.00727	0.00586	0.00191	0.00955	0.00503	0.00370	0.01097
5	0.02275	0.70604	0.04459	0.01456	0.02184	0.03367	0.01456	0.02548	0.01729	0.02002	0.01183	0.01365	0.01092	0.00728	0.00546	0.00182	0.00910	0.00455	0.00364	0.01092
6	0.02214	0.63457	0.11069	0.01561	0.02346	0.03217	0.01638	0.02564	0.01736	0.02077	0.01220	0.01412	0.01091	0.00737	0.00574	0.00191	0.00948	0.00474	0.00364	0.01110
7	0.01059	0.00750	0.00981	0.01157	0.01201	0.00706	0.00760	0.01191	0.01587	0.02116	0.04474	0.62631	0.05355	0.09945	0.01437	0.00397	0.00529	0.02292	0.00760	0.00672
8	0.76103	0.01646	0.01251	0.01119	0.01646	0.01909	0.00922	0.02502	0.01448	0.03818	0.01185	0.01382	0.00922	0.00790	0.00527	0.00263	0.00658	0.00461	0.00527	0.00922
9	0.01037	0.00741	0.00987	0.01185	0.01234	0.00691	0.00790	0.01185	0.01629	0.02172	0.04690	0.69537	0.05629	0.02666	0.01086	0.00346	0.00494	0.02419	0.00790	0.00691
10	0.02009	0.01923	0.03278	0.17469	0.53298	0.01996	0.02563	0.02526	0.01892	0.02662	0.01584	0.02138	0.01306	0.00776	0.00844	0.00259	0.01035	0.00758	0.00413	0.01270
11	0.01734	0.01642	0.02782	0.52033	0.20881	0.01924	0.02427	0.02286	0.01762	0.02329	0.01535	0.02227	0.01189	0.00827	0.00849	0.00276	0.01103	0.00757	0.00389	0.01048
12	0.02009	0.02296	0.05022	0.03587	0.04448	0.02152	0.61693	0.02726	0.02009	0.02726	0.01722	0.02296	0.01291	0.00717	0.01004	0.00287	0.01435	0.01004	0.00430	0.01148
13	0.01707	0.04402	0.65683	0.02426	0.03683	0.01976	0.03144	0.02695	0.01797	0.02695	0.01527	0.01797	0.01078	0.00809	0.00809	0.00270	0.01258	0.00629	0.00359	0.01258
14	0.02106	0.02022	0.03454	0.05223	0.64784	0.02022	0.02612	0.02612	0.01938	0.02780	0.01601	0.02106	0.01348	0.00758	0.00842	0.00253	0.01011	0.00758	0.00421	0.01348
15	0.01973	0.01886	0.03214	0.21949	0.49097	0.01987	0.02546	0.02495	0.01875	0.02619	0.01577	0.02150	0.01291	0.00783	0.00845	0.00261	0.01044	0.00758	0.00410	0.01241
16	0.01607	0.01513	0.02552	0.68047	0.05861	0.01891	0.02363	0.02174	0.01702	0.02174	0.01513	0.02269	0.01134	0.00851	0.00851	0.00284	0.01134	0.00756	0.00378	0.00945
17	0.01049	0.00787	0.00942	0.01058	0.01175	0.00714	0.00716	0.01202	0.01683	0.02155	0.05686	0.43709	0.23494	0.09788	0.01412	0.00379	0.00510	0.02099	0.00760	0.00681
18	0.02106	0.02022	0.03454	0.05223	0.64784	0.02022	0.02612	0.02612	0.01938	0.02780	0.01601	0.02106	0.01348	0.00758	0.00842	0.00253	0.01011	0.00758	0.00421	0.01348
19	0.03179	0.04056	0.02412	0.02192	0.02631	0.66676	0.01644	0.03398	0.02412	0.02083	0.01315	0.01535	0.01096	0.00877	0.00767	0.00219	0.01535	0.00548	0.00438	0.00987
20	0.01037	0.00741	0.00987	0.01185	0.01234	0.00691	0.00790	0.01185	0.01629	0.02172	0.04690	0.69537	0.05629	0.02666	0.01086	0.00346	0.00494	0.02419	0.00790	0.00691
21	0.01142	0.00894	0.01189	0.01189	0.01389	0.00942	0.00916	0.01414	0.01570	0.02090	0.04518	0.05054	0.24124	0.04890	0.43522	0.00986	0.01627	0.01224	0.00574	0.00745
22	0.02106	0.02022	0.03454	0.05223	0.64784	0.02022	0.02612	0.02612	0.01938	0.02780	0.01601	0.02106	0.01348	0.00758	0.00842	0.00253	0.01011	0.00758	0.00421	0.01348
23	0.01037	0.00741	0.00987	0.01185	0.01234	0.00691	0.00790	0.01185	0.01629	0.02172	0.04690	0.69537	0.05629	0.02666	0.01086	0.00346	0.00494	0.02419	0.00790	0.00691
24	0.01911	0.01822	0.03101	0.29853	0.41684	0.01971	0.02514	0.02440	0.01845	0.02543	0.01566	0.02170	0.01264	0.00795	0.00846	0.00265	0.01059	0.00757	0.00404	0.01190
25	0.01624	0.01447	0.02368	0.38608	0.14595	0.01654	0.02123	0.02131	0.01814	0.02382	0.02378	0.04324	0.02239	0.01261	0.00942	0.00309	0.01014	0.17318	0.00501	0.00967

[dist]
# distance from previous block
# <min> <max>
0	1

[block]
# block no. 5 follows, 21 sequences, length 52
# corresponding to MSA columns:
# 242-293
name=unknown_F
#
# <colnr> <probs for GDERKNQSTAVLIFYWHMCP>
#	G	D	E	R	K	N	Q	S	T	A	V	L	I	F	Y	W	H	M	C	P
0	0.01764	0.11015	0.59567	0.02329	0.03534	0.02115	0.02976	0.02680	0.01790	0.02626	0.01493	0.01754	0.01079	0.00800	0.00782	0.00261	0.01223	0.00611	0.00360	0.01241
1	0.03182	0.03963	0.02420	0.02179	0.02631	0.63127	0.01643	0.06642	0.02500	0.02265	0.01356	0.01563	0.01116	0.00885	0.00772	0.00221	0.01502	0.00560	0.00461	0.01012
2	0.02132	0.02180	0.03614	0.04509	0.45116	0.05901	0.13361	0.02635	0.01929	0.02672	0.01568	0.02088	0.01305	0.00815	0.01021	0.00266	0.06421	0.00790	0.00420	0.01257
3	0.01952	0.32995	0.39240	0.02007	0.03036	0.02577	0.02415	0.02632	0.01768	0.02396	0.01379	0.01610	0.01084	0.00774	0.00695	0.00232	0.01108	0.00554	0.00361	0.01186
4	0.01761	0.04078	0.57223	0.02806	0.11990	0.01983	0.03072	0.02684	0.01816	0.02707	0.01537	0.01839	0.01115	0.00802	0.00813	0.00267	0.01224	0.00646	0.00368	0.01270
5	0.01006	0.00862	0.00862	0.00862	0.01149	0.00718	0.00647	0.01221	0.01940	0.02299	0.08621	0.08190	0.64438	0.02155	0.01006	0.00287	0.00431	0.01796	0.00790	0.00718
6	0.02239	0.39640	0.25945	0.01807	0.02716	0.02645	0.02034	0.02772	0.01829	0.09067	0.01539	0.01683	0.01196	0.00792	0.00673	0.00222	0.01014	0.00560	0.00437	0.01189
7	0.01216	0.00912	0.01368	0.01368	0.01520	0.01064	0.01064	0.01520	0.01368	0.01976	0.02279	0.03343	0.02127	0.06382	0.66720	0.01368	0.02279	0.00912	0.00456	0.00760
8	0.01328	0.00897	0.01177	0.01092	0.01314	0.00824	0.00824	0.01726	0.02410	0.06349	0.61445	0.06193	0.07749	0.01707	0.00997	0.00267	0.00417	0.01507	0.00942	0.00834
9	0.02697	0.39565	0.03504	0.01800	0.02393	0.32895	0.01544	0.02945	0.02047	0.02040	0.01245	0.01444	0.01094	0.00798	0.00649	0.00199	0.01201	0.00498	0.00399	0.01043
10	0.03235	0.02384	0.02554	0.01958	0.02639	0.02639	0.01618	0.61946	0.04001	0.05363	0.02043	0.02043	0.01447	0.01022	0.00851	0.00255	0.00936	0.00766	0.00851	0.01447
11	0.03818	0.01448	0.01975	0.01514	0.02172	0.01251	0.01251	0.04147	0.02436	0.65373	0.03357	0.02897	0.02107	0.01053	0.00856	0.00263	0.00724	0.00856	0.01053	0.01448
12	0.01037	0.00741	0.00987	0.01185	0.01234	0.00691	0.00790	0.01185	0.01629	0.02172	0.04690	0.69537	0.05629	0.02666	0.01086	0.00346	0.00494	0.02419	0.00790	0.00691
13	0.03382	0.02148	0.02408	0.01846	0.02521	0.02289	0.01525	0.47380	0.03607	0.20487	0.02374	0.02258	0.01613	0.01030	0.00852	0.00257	0.00883	0.00789	0.00902	0.01448
14	0.01009	0.00849	0.00876	0.00897	0.01159	0.00715	0.00662	0.01217	0.01906	0.02285	0.08198	0.14791	0.58110	0.02210	0.01014	0.00294	0.00438	0.01863	0.00790	0.00715
15	0.02175	0.01857	0.01957	0.01744	0.02235	0.02144	0.01361	0.07504	0.60170	0.03654	0.03390	0.03116	0.02538	0.01148	0.00865	0.00287	0.00687	0.00952	0.00865	0.01352
16	0.03058	0.02574	0.16024	0.01942	0.02742	0.02132	0.01851	0.33995	0.03115	0.20534	0.02277	0.02214	0.01541	0.00984	0.00843	0.00261	0.00950	0.00760	0.00798	0.01407
17	0.01030	0.00767	0.00960	0.01115	0.01216	0.00697	0.00759	0.01193	0.01696	0.02200	0.05539	0.56300	0.18318	0.02556	0.01069	0.00333	0.00480	0.02285	0.00790	0.00697
18	0.01607	0.01513	0.02552	0.68047	0.05861	0.01891	0.02363	0.02174	0.01702	0.02174	0.01513	0.02269	0.01134	0.00851	0.00851	0.00284	0.01134	0.00756	0.00378	0.00945
19	0.02106	0.02022	0.03454	0.05223	0.64784	0.02022	0.02612	0.02612	0.01938	0.02780	0.01601	0.02106	0.01348	0.00758	0.00842	0.00253	0.01011	0.00758	0.00421	0.01348
20	0.03217	0.02936	0.02507	0.02035	0.02636	0.23777	0.01626	0.42620	0.03476	0.04280	0.01803	0.01875	0.01331	0.00974	0.00824	0.00243	0.01134	0.00694	0.00715	0.01295
21	0.02157	0.02119	0.03405	0.05079	0.61823	0.05101	0.02566	0.02649	0.01960	0.02747	0.01587	0.02079	0.01336	0.00764	0.00839	0.00251	0.01036	0.00748	0.00422	0.01331
22	0.01643	0.01197	0.01443	0.01262	0.01566	0.01199	0.00979	0.14626	0.02752	0.03834	0.50894	0.05426	0.06609	0.01585	0.00971	0.00265	0.00517	0.01372	0.00918	0.00942
23	0.03121	0.03660	0.02403	0.02128	0.02606	0.52825	0.01621	0.12416	0.06485	0.02677	0.01562	0.01716	0.01244	0.00917	0.00786	0.00229	0.01389	0.00607	0.00528	0.01080
24	0.01478	0.00739	0.01109	0.01109	0.01109	0.00739	0.00739	0.01109	0.01109	0.01478	0.01478	0.02587	0.01478	0.02956	0.03326	0.75240	0.00739	0.00739	0.00370	0.00370
25	0.02275	0.70604	0.04459	0.01456	0.02184	0.03367	0.01456	0.02548	0.01729	0.02002	0.01183	0.01365	0.01092	0.00728	0.00546	0.00182	0.00910	0.00455	0.00364	0.01092
26	0.01216	0.00912	0.01368	0.01368	0.01520	0.01064	0.01064	0.01520	0.01368	0.01976	0.02279	0.03343	0.02127	0.06382	0.66720	0.01368	0.02279	0.00912	0.00456	0.00760
27	0.03179	0.04056	0.02412	0.02192	0.02631	0.66676	0.01644	0.03398	0.02412	0.02083	0.01315	0.01535	0.01096	0.00877	0.00767	0.00219	0.01535	0.00548	0.00438	0.00987
28	0.02774	0.28030	0.03165	0.01928	0.02446	0.39972	0.01589	0.03011	0.02099	0.02052	0.01256	0.01493	0.01096	0.00859	0.00807	0.00215	0.05255	0.00526	0.00408	0.01022
29	0.02247	0.67319	0.07498	0.01504	0.02259	0.03298	0.01540	0.02556	0.01733	0.02037	0.01200	0.01387	0.01091	0.00732	0.00559	0.00186	0.00927	0.00464	0.00364	0.01100
30	0.76103	0.01646	0.01251	0.01119	0.01646	0.01909	0.00922	0.02502	0.01448	0.03818	0.01185	0.01382	0.00922	0.00790	0.00527	0.00263	0.00658	0.00461	0.00527	0.00922
31	0.02001	0.01915	0.03264	0.18473	0.52357	0.01994	0.02559	0.02519	0.01888	0.02652	0.01582	0.02141	0.01303	0.00778	0.00844	0.00259	0.01037	0.00758	0.00412	0.01263
32	0.01999	0.01912	0.03260	0.18779	0.52070	0.01994	0.02558	0.02517	0.01887	0.02649	0.01582	0.02141	0.01302	0.00778	0.00844	0.00259	0.01038	0.00758	0.00412	0.01261
33	0.03235	0.02384	0.02554	0.01958	0.02639	0.02639	0.01618	0.61946	0.04001	0.05363	0.02043	0.02043	0.01447	0.01022	0.00851	0.00255	0.00936	0.00766	0.00851	0.01447
34	0.02275	0.70604	0.04459	0.01456	0.02184	0.03367	0.01456	0.02548	0.01729	0.02002	0.01183	0.01365	0.01092	0.00728	0.00546	0.00182	0.00910	0.00455	0.00364	0.01092
35	0.02275	0.70604	0.04459	0.01456	0.02184	0.03367	0.01456	0.02548	0.01729	0.02002	0.01183	0.01365	0.01092	0.00728	0.00546	0.00182	0.00910	0.00455	0.00364	0.01092
36	0.01707	0.04402	0.65683	0.02426	0.03683	0.01976	0.03144	0.02695	0.01797	0.02695	0.01527	0.01797	0.01078	0.00809	0.00809	0.00270	0.01258	0.00629	0.00359	0.01258
37	0.02275	0.70604	0.04459	0.01456	0.02184	0.03367	0.01456	0.02548	0.01729	0.02002	0.01183	0.01365	0.01092	0.00728	0.00546	0.00182	0.00910	0.00455	0.00364	0.01092
38	0.01024	0.00793	0.00934	0.01046	0.01198	0.00703	0.00728	0.01201	0.01762	0.02227	0.06376	0.43224	0.30853	0.02447	0.01052	0.00321	0.00467	0.02152	0.00790	0.00703
39	0.02755	0.03377	0.02186	0.02014	0.02391	0.52518	0.01519	0.02993	0.02186	0.02060	0.01523	0.01925	0.01319	0.02065	0.14998	0.00467	0.01695	0.00627	0.00442	0.00938
40	0.01302	0.04170	0.12355	0.01416	0.01793	0.01102	0.01318	0.01717	0.01956	0.02653	0.19449	0.21051	0.11758	0.01921	0.01005	0.00309	0.00666	0.12471	0.00735	0.00853
41	0.01956	0.25402	0.32752	0.02362	0.03362	0.02465	0.15230	0.02654	0.01821	0.02477	0.01458	0.01764	0.01129	0.00763	0.00766	0.00245	0.01183	0.00654	0.00376	0.01180
42	0.01966	0.44320	0.17095	0.01610	0.02365	0.02629	0.01724	0.02407	0.01822	0.02310	0.07246	0.02529	0.04666	0.00963	0.00688	0.00222	0.00914	0.03001	0.00449	0.01074
43	0.03235	0.02384	0.02554	0.01958	0.02639	0.02639	0.01618	0.61946	0.04001	0.05363	0.02043	0.02043	0.01447	0.01022	0.00851	0.00255	0.00936	0.00766	0.00851	0.01447
44	0.53279	0.01522	0.01368	0.01178	0.01693	0.01660	0.00958	0.02776	0.01671	0.16975	0.01804	0.01982	0.01337	0.03725	0.00759	0.00283	0.00665	0.00597	0.04756	0.01011
45	0.02004	0.02256	0.04798	0.03576	0.07068	0.02175	0.55224	0.02678	0.01961	0.02686	0.01678	0.02260	0.01283	0.00768	0.01110	0.00291	0.05640	0.00977	0.00426	0.01143
46	0.01768	0.11526	0.59095	0.02321	0.03522	0.02126	0.02963	0.02679	0.01789	0.02620	0.01490	0.01750	0.01080	0.00800	0.00780	0.00260	0.01220	0.00610	0.00360	0.01240
