[name]
unknown

[dist]
# distance from previous block
# <min> <max>
0	0

[block]
# block no. 0 follows, 21 sequences, length 10
# corresponding to MSA columns:
# 0-9
name=unknown_A
#
# <colnr> <probs for GDERKNQSTAVLIFYWHMCP>
#	G	D	E	R	K	N	Q	S	T	A	V	L	I	F	Y	W	H	M	C	P
0	0.01371	0.00980	0.01371	0.01567	0.01763	0.00980	0.01371	0.01763	0.01959	0.02547	0.04506	0.09599	0.04898	0.02351	0.01175	0.00392	0.00784	0.59056	0.00784	0.00784
1	0.01478	0.00739	0.01109	0.01109	0.01109	0.00739	0.00739	0.01109	0.01109	0.01478	0.01478	0.02587	0.01478	0.02956	0.03326	0.75240	0.00739	0.00739	0.00370	0.00370
2	0.02941	0.21604	0.02952	0.01998	0.02513	0.49982	0.01595	0.03174	0.02232	0.02062	0.01281	0.01490	0.01095	0.00838	0.00709	0.00209	0.01370	0.00524	0.00419	0.01014
3	0.01078	0.00758	0.00975	0.01133	0.01172	0.00718	0.00734	0.01196	0.01550	0.02066	0.04283	0.56550	0.05114	0.16355	0.01745	0.00443	0.00561	0.02179	0.00734	0.00656
4	0.01006	0.00862	0.00862	0.00862	0.01149	0.00718	0.00647	0.01221	0.01940	0.02299	0.08621	0.08190	0.64438	0.02155	0.01006	0.00287	0.00431	0.01796	0.00790	0.00718
5	0.03179	0.04056	0.02412	0.02192	0.02631	0.66676	0.01644	0.03398	0.02412	0.02083	0.01315	0.01535	0.01096	0.00877	0.00767	0.00219	0.01535	0.00548	0.00438	0.00987
6	0.01216	0.00912	0.01368	0.01368	0.01520	0.01064	0.01064	0.01520	0.01368	0.01976	0.02279	0.03343	0.02127	0.06382	0.66720	0.01368	0.02279	0.00912	0.00456	0.00760
7	0.03179	0.04056	0.02412	0.02192	0.02631	0.66676	0.01644	0.03398	0.02412	0.02083	0.01315	0.01535	0.01096	0.00877	0.00767	0.00219	0.01535	0.00548	0.00438	0.00987
8	0.01976	0.02015	0.01683	0.01552	0.01885	0.20820	0.01188	0.06687	0.06641	0.02595	0.10168	0.03983	0.14756	0.02608	0.17061	0.00528	0.01268	0.01040	0.00629	0.00918
9	0.09812	0.12607	0.15243	0.01832	0.02592	0.12662	0.01747	0.17408	0.02395	0.03283	0.01536	0.01708	0.01186	0.00833	0.00721	0.00224	0.01021	0.00590	0.00533	0.12067

[dist]
# distance from previous block
# <min> <max>
0	81

[block]
# block no. 1 follows, 21 sequences, length 21
# corresponding to MSA columns:
# 91-111
name=unknown_B
#
# <colnr> <probs for GDERKNQSTAVLIFYWHMCP>
#	G	D	E	R	K	N	Q	S	T	A	V	L	I	F	Y	W	H	M	C	P
0	0.02578	0.06448	0.02900	0.02298	0.02833	0.37955	0.14864	0.03064	0.06525	0.02348	0.02295	0.02489	0.07699	0.00984	0.00840	0.00244	0.01309	0.00801	0.00499	0.01026
1	0.02267	0.14829	0.15435	0.01587	0.02246	0.01734	0.01567	0.02883	0.06313	0.19505	0.19130	0.03341	0.03345	0.01135	0.00829	0.00252	0.00779	0.00927	0.00736	0.01160
2	0.02234	0.01648	0.01975	0.12507	0.02714	0.01832	0.01449	0.11486	0.28303	0.11014	0.03284	0.10186	0.05064	0.01279	0.00890	0.00286	0.00762	0.01080	0.00796	0.01211
3	0.11957	0.03341	0.06556	0.01983	0.02536	0.40961	0.01615	0.09287	0.02418	0.09398	0.01605	0.01731	0.01217	0.00895	0.00759	0.00236	0.01263	0.00598	0.00551	0.01093
4	0.03299	0.03318	0.02361	0.02035	0.02553	0.44357	0.01572	0.13616	0.02690	0.13564	0.01793	0.01857	0.01331	0.00932	0.00797	0.00233	0.01292	0.00639	0.00616	0.01146
5	0.02994	0.03705	0.02591	0.02715	0.13341	0.55535	0.01811	0.03263	0.02330	0.02203	0.01365	0.01633	0.01140	0.00856	0.00780	0.00225	0.01444	0.00584	0.00436	0.01049
6	0.01761	0.01136	0.01400	0.01298	0.01529	0.01211	0.00944	0.02374	0.13774	0.10884	0.02811	0.04068	0.02574	0.28079	0.21587	0.00801	0.01211	0.01034	0.00642	0.00881
7	0.02709	0.02424	0.02076	0.01832	0.02330	0.21038	0.01419	0.04129	0.35318	0.13252	0.02812	0.02645	0.02074	0.01056	0.00835	0.00264	0.00936	0.00822	0.00770	0.01257
8	0.01161	0.00793	0.00951	0.01027	0.01046	0.00774	0.00621	0.01217	0.01388	0.01851	0.03452	0.30119	0.04067	0.44215	0.03086	0.00641	0.00698	0.01691	0.00621	0.00583
9	0.01478	0.00739	0.01109	0.01109	0.01109	0.00739	0.00739	0.01109	0.01109	0.01478	0.01478	0.02587	0.01478	0.02956	0.03326	0.75240	0.00739	0.00739	0.00370	0.00370
10	0.03220	0.02820	0.02517	0.02019	0.02637	0.19340	0.01624	0.46676	0.03587	0.04508	0.01853	0.01911	0.01356	0.00984	0.00829	0.00246	0.01092	0.00709	0.00744	0.01327
11	0.01121	0.00899	0.01023	0.01084	0.01343	0.00801	0.00875	0.01392	0.01946	0.02377	0.07323	0.08634	0.45664	0.02217	0.01059	0.00320	0.00542	0.19851	0.00788	0.00739
12	0.01106	0.00770	0.00967	0.01096	0.01129	0.00737	0.00695	0.01203	0.01494	0.01992	0.03998	0.47481	0.04755	0.25914	0.02205	0.00511	0.00608	0.02012	0.00695	0.00631
13	0.76103	0.01646	0.01251	0.01119	0.01646	0.01909	0.00922	0.02502	0.01448	0.03818	0.01185	0.01382	0.00922	0.00790	0.00527	0.00263	0.00658	0.00461	0.00527	0.00922
14	0.01218	0.00903	0.01323	0.01323	0.01459	0.01039	0.01008	0.01491	0.01354	0.01942	0.02320	0.03570	0.02226	0.12874	0.60363	0.01312	0.02131	0.00945	0.00462	0.00735
15	0.01894	0.04141	0.60045	0.02345	0.03550	0.01912	0.02977	0.02824	0.01853	0.08242	0.01689	0.01894	0.01169	0.00830	0.00813	0.00269	0.01210	0.00649	0.00421	0.01275
16	0.01913	0.25682	0.28377	0.02308	0.07228	0.02358	0.09101	0.02548	0.01863	0.02538	0.06998	0.02136	0.01741	0.00850	0.00764	0.00241	0.01070	0.00704	0.00424	0.01156
17	0.02379	0.06866	0.10969	0.09201	0.27505	0.23672	0.02268	0.02843	0.02045	0.02439	0.01465	0.01848	0.01196	0.00811	0.00797	0.00242	0.01222	0.00654	0.00412	0.01166
18	0.02108	0.02071	0.02637	0.07991	0.06576	0.09786	0.11817	0.06633	0.05062	0.02842	0.01661	0.01980	0.01318	0.00756	0.00770	0.00204	0.00972	0.00673	0.00509	0.33636
19	0.06019	0.02587	0.02127	0.02174	0.10776	0.28518	0.01472	0.05266	0.05762	0.02614	0.02788	0.02899	0.12160	0.01068	0.00799	0.00232	0.01040	0.00816	0.00552	0.10331
20	0.02253	0.02771	0.22869	0.02744	0.07082	0.01976	0.22260	0.10241	0.02260	0.10647	0.04982	0.02371	0.01679	0.00877	0.00897	0.00272	0.01156	0.00852	0.00561	0.01250

[dist]
# distance from previous block
# <min> <max>
0	1

[block]
# block no. 2 follows, 21 sequences, length 7
# corresponding to MSA columns:
# 113-119
name=unknown_C
#
# <colnr> <probs for GDERKNQSTAVLIFYWHMCP>
#	G	D	E	R	K	N	Q	S	T	A	V	L	I	F	Y	W	H	M	C	P
0	0.01745	0.16755	0.22905	0.12129	0.12267	0.02037	0.02157	0.02314	0.01815	0.02416	0.02719	0.02954	0.12338	0.01029	0.00800	0.00254	0.00984	0.00837	0.00448	0.01095
1	0.01829	0.02747	0.26557	0.02415	0.10114	0.01796	0.07306	0.05401	0.10003	0.02907	0.02651	0.02806	0.08715	0.00984	0.00840	0.00255	0.00980	0.00847	0.00529	0.10318
2	0.11089	0.06141	0.13687	0.02270	0.11594	0.19635	0.01784	0.05600	0.02079	0.02706	0.02703	0.02843	0.12333	0.01063	0.00793	0.00251	0.01046	0.00811	0.00512	0.01062
3	0.02369	0.10332	0.11809	0.02174	0.11508	0.13181	0.01700	0.02773	0.02077	0.15028	0.03316	0.03308	0.14618	0.01135	0.00827	0.00250	0.00949	0.00904	0.00613	0.01129
4	0.02332	0.03135	0.21386	0.02759	0.12285	0.13638	0.09549	0.12871	0.02327	0.03064	0.01611	0.01896	0.01226	0.00823	0.00822	0.00245	0.01183	0.00692	0.00488	0.07667
5	0.08650	0.12779	0.02977	0.02095	0.02677	0.24580	0.13501	0.08967	0.02262	0.02715	0.02290	0.02475	0.08504	0.00979	0.00799	0.00243	0.01158	0.00786	0.00517	0.01046
6	0.02232	0.13137	0.14505	0.02773	0.12205	0.18231	0.14550	0.02742	0.02015	0.02432	0.01959	0.02254	0.05490	0.00879	0.00819	0.00246	0.01219	0.00760	0.00433	0.01119

[dist]
# distance from previous block
# <min> <max>
7	36

[block]
# block no. 3 follows, 21 sequences, length 7
# corresponding to MSA columns:
# 163-169
name=unknown_D
#
# <colnr> <probs for GDERKNQSTAVLIFYWHMCP>
#	G	D	E	R	K	N	Q	S	T	A	V	L	I	F	Y	W	H	M	C	P
0	0.09200	0.00941	0.01058	0.01020	0.01257	0.00895	0.00757	0.01557	0.02070	0.02993	0.36121	0.09808	0.21332	0.05939	0.01159	0.00310	0.00468	0.01521	0.00821	0.00770
1	0.02191	0.39261	0.25458	0.01885	0.02761	0.10836	0.02066	0.02706	0.01838	0.02253	0.01319	0.01536	0.01088	0.00775	0.00665	0.00217	0.01109	0.00527	0.00372	0.01136
2	0.02266	0.23912	0.10068	0.03340	0.30330	0.11410	0.02173	0.02710	0.01924	0.02432	0.01423	0.01764	0.01205	0.00771	0.00736	0.00228	0.01078	0.00621	0.00399	0.01209
3	0.02691	0.02741	0.02134	0.01910	0.02386	0.29324	0.01465	0.04020	0.33050	0.07508	0.02548	0.02462	0.01927	0.01030	0.00824	0.00257	0.01041	0.00779	0.00699	0.01202
4	0.01605	0.01227	0.01843	0.01543	0.01965	0.01067	0.10484	0.01919	0.01865	0.08943	0.04350	0.26339	0.16484	0.01708	0.00949	0.00275	0.00678	0.01548	0.00708	0.14498
5	0.23479	0.02765	0.19144	0.02211	0.07353	0.12089	0.08271	0.02583	0.01755	0.02806	0.01416	0.01794	0.01120	0.01023	0.01005	0.08026	0.01075	0.00629	0.00434	0.01021
6	0.02090	0.30016	0.21323	0.01766	0.02624	0.08741	0.01865	0.02587	0.01824	0.02376	0.01367	0.01593	0.01125	0.00745	0.00662	0.00199	0.01012	0.00525	0.00400	0.17161

[dist]
# distance from previous block
# <min> <max>
0	3

[block]
# block no. 4 follows, 21 sequences, length 8
# corresponding to MSA columns:
# 173-180
name=unknown_E
#
# <colnr> <probs for GDERKNQSTAVLIFYWHMCP>
#	G	D	E	R	K	N	Q	S	T	A	V	L	I	F	Y	W	H	M	C	P
0	0.01764	0.11038	0.59546	0.02328	0.03533	0.02116	0.02975	0.02680	0.01790	0.02626	0.01493	0.01753	0.01079	0.00800	0.00782	0.00261	0.01223	0.00611	0.00360	0.01241
1	0.01855	0.01396	0.01631	0.01539	0.01890	0.01469	0.01260	0.17636	0.09204	0.03382	0.07895	0.12138	0.10945	0.01842	0.01018	0.00321	0.00720	0.22034	0.00821	0.01003
2	0.01857	0.17664	0.14179	0.01455	0.02012	0.01660	0.01407	0.02244	0.01762	0.08684	0.02557	0.17062	0.02476	0.06586	0.01049	0.00290	0.00781	0.01061	0.09225	0.05989
3	0.02208	0.38512	0.11657	0.14325	0.03190	0.02693	0.04382	0.05624	0.01903	0.06189	0.01488	0.01759	0.01187	0.00796	0.00691	0.00226	0.01009	0.00598	0.00436	0.01127
4	0.02118	0.45848	0.07042	0.01509	0.02135	0.10168	0.01435	0.02420	0.01860	0.02153	0.05024	0.05457	0.07774	0.01025	0.00678	0.00213	0.00913	0.00747	0.00460	0.01021
5	0.02566	0.02208	0.02064	0.01735	0.02227	0.13339	0.01361	0.32578	0.03006	0.03820	0.02900	0.15214	0.07040	0.01377	0.00883	0.00262	0.00904	0.01108	0.00746	0.04661
6	0.02045	0.02737	0.24690	0.01920	0.02692	0.01999	0.01957	0.13995	0.23306	0.03434	0.03113	0.03060	0.09053	0.01123	0.00859	0.00276	0.00902	0.00904	0.00673	0.01260
7	0.02237	0.18459	0.14969	0.02551	0.15243	0.11329	0.01998	0.09495	0.02113	0.02700	0.01685	0.04735	0.01455	0.01324	0.05862	0.00325	0.01175	0.00717	0.00467	0.01160

[dist]
# distance from previous block
# <min> <max>
8	27

[block]
# block no. 5 follows, 21 sequences, length 38
# corresponding to MSA columns:
# 208-245
name=unknown_F
#
# <colnr> <probs for GDERKNQSTAVLIFYWHMCP>
#	G	D	E	R	K	N	Q	S	T	A	V	L	I	F	Y	W	H	M	C	P
0	0.02464	0.02510	0.03116	0.04269	0.45883	0.18413	0.02298	0.02888	0.02083	0.05708	0.01615	0.02000	0.01322	0.00803	0.00824	0.00245	0.01130	0.00710	0.00457	0.01261
1	0.02132	0.09845	0.10090	0.03934	0.39389	0.07014	0.02383	0.02605	0.01860	0.02548	0.01469	0.01921	0.01245	0.00856	0.01033	0.00259	0.09085	0.00694	0.00404	0.01234
2	0.01604	0.01484	0.02275	0.03246	0.35662	0.01424	0.01721	0.01973	0.01920	0.02553	0.04584	0.08480	0.26785	0.01428	0.00922	0.00272	0.00749	0.01270	0.00590	0.01058
3	0.01769	0.02016	0.08151	0.01881	0.04496	0.11484	0.01485	0.02002	0.01584	0.02072	0.02176	0.13946	0.02343	0.17942	0.02297	0.00438	0.21484	0.01100	0.00487	0.00849
4	0.01549	0.02215	0.21186	0.02732	0.20437	0.01465	0.02028	0.02054	0.01769	0.02506	0.02840	0.29545	0.03014	0.01552	0.00932	0.00296	0.00874	0.01397	0.00553	0.01053
5	0.02237	0.01666	0.01830	0.01595	0.02045	0.01808	0.01246	0.20637	0.23993	0.07501	0.03778	0.16063	0.08896	0.01498	0.00917	0.00288	0.00697	0.01259	0.00851	0.01195
6	0.02589	0.18310	0.03246	0.02659	0.16987	0.06751	0.05277	0.17510	0.08880	0.06902	0.01897	0.02048	0.01467	0.00880	0.00783	0.00241	0.00977	0.00716	0.00598	0.01282
7	0.02193	0.16890	0.34933	0.02355	0.06894	0.17757	0.02428	0.02830	0.01940	0.02420	0.01415	0.01670	0.01102	0.00806	0.00750	0.00240	0.01242	0.00584	0.00383	0.01166
8	0.17023	0.07318	0.09161	0.01970	0.02530	0.43671	0.01657	0.03102	0.02121	0.02479	0.01306	0.01524	0.01060	0.00845	0.00713	0.00231	0.01301	0.00535	0.00443	0.01009
9	0.01311	0.01192	0.01719	0.34909	0.03537	0.01313	0.01517	0.01704	0.01819	0.02236	0.05019	0.05189	0.32358	0.01494	0.00927	0.00285	0.00788	0.01269	0.00581	0.00833
10	0.02693	0.40033	0.03532	0.01778	0.02389	0.28096	0.01540	0.06822	0.02147	0.02257	0.01292	0.01476	0.01117	0.00806	0.00653	0.00201	0.01156	0.00512	0.00425	0.01074
11	0.02042	0.01955	0.03304	0.04970	0.61085	0.01946	0.02498	0.02531	0.01938	0.02752	0.02009	0.02460	0.05015	0.00839	0.00852	0.00255	0.00977	0.00819	0.00443	0.01311
12	0.03235	0.02384	0.02554	0.01958	0.02639	0.02639	0.01618	0.61946	0.04001	0.05363	0.02043	0.02043	0.01447	0.01022	0.00851	0.00255	0.00936	0.00766	0.00851	0.01447
13	0.01765	0.01513	0.01765	0.01260	0.02017	0.01134	0.01008	0.02143	0.01765	0.02773	0.01513	0.01765	0.01260	0.00630	0.00630	0.00126	0.00630	0.00504	0.00504	0.75295
14	0.01238	0.00825	0.00928	0.00928	0.00928	0.00825	0.00516	0.01238	0.01238	0.01650	0.02681	0.05569	0.03094	0.70092	0.04331	0.00825	0.00825	0.01238	0.00516	0.00516
15	0.01097	0.00766	0.00970	0.01108	0.01142	0.00732	0.00707	0.01201	0.01511	0.02015	0.04085	0.50274	0.04865	0.22970	0.02063	0.00490	0.00593	0.02063	0.00707	0.00638
16	0.03235	0.02384	0.02554	0.01958	0.02639	0.02639	0.01618	0.61946	0.04001	0.05363	0.02043	0.02043	0.01447	0.01022	0.00851	0.00255	0.00936	0.00766	0.00851	0.01447
17	0.02275	0.70604	0.04459	0.01456	0.02184	0.03367	0.01456	0.02548	0.01729	0.02002	0.01183	0.01365	0.01092	0.00728	0.00546	0.00182	0.00910	0.00455	0.00364	0.01092
18	0.01018	0.00813	0.00913	0.00992	0.01184	0.00707	0.00704	0.01207	0.01815	0.02248	0.07041	0.32855	0.40794	0.02361	0.01038	0.00311	0.00456	0.02047	0.00790	0.00707
19	0.03235	0.02384	0.02554	0.01958	0.02639	0.02639	0.01618	0.61946	0.04001	0.05363	0.02043	0.02043	0.01447	0.01022	0.00851	0.00255	0.00936	0.00766	0.00851	0.01447
20	0.03347	0.02204	0.02443	0.01873	0.02549	0.02372	0.01547	0.50843	0.03700	0.16891	0.02296	0.02207	0.01574	0.01028	0.00852	0.00257	0.00896	0.00783	0.00890	0.01447
21	0.01216	0.00912	0.01368	0.01368	0.01520	0.01064	0.01064	0.01520	0.01368	0.01976	0.02279	0.03343	0.02127	0.06382	0.66720	0.01368	0.02279	0.00912	0.00456	0.00760
22	0.03818	0.01448	0.01975	0.01514	0.02172	0.01251	0.01251	0.04147	0.02436	0.65373	0.03357	0.02897	0.02107	0.01053	0.00856	0.00263	0.00724	0.00856	0.01053	0.01448
23	0.02342	0.65683	0.04308	0.01511	0.02217	0.08049	0.01470	0.02611	0.01780	0.02008	0.01193	0.01378	0.01092	0.00739	0.00562	0.00185	0.00956	0.00462	0.00370	0.01084
24	0.01216	0.00912	0.01368	0.01368	0.01520	0.01064	0.01064	0.01520	0.01368	0.01976	0.02279	0.03343	0.02127	0.06382	0.66720	0.01368	0.02279	0.00912	0.00456	0.00760
25	0.09977	0.00995	0.01096	0.01055	0.01298	0.01082	0.00819	0.04518	0.01717	0.02978	0.02414	0.02973	0.01990	0.02604	0.20643	0.00563	0.01021	0.00790	0.40642	0.00826
26	0.02245	0.01744	0.01907	0.01643	0.02181	0.01888	0.01289	0.04148	0.48220	0.09922	0.03178	0.02947	0.02358	0.01070	0.00832	0.00263	0.00673	0.00887	0.00835	0.11772
27	0.03235	0.02384	0.02554	0.01958	0.02639	0.02639	0.01618	0.61946	0.04001	0.05363	0.02043	0.02043	0.01447	0.01022	0.00851	0.00255	0.00936	0.00766	0.00851	0.01447
28	0.24234	0.50094	0.03505	0.01356	0.02024	0.02934	0.01297	0.02534	0.01646	0.02542	0.01184	0.01370	0.01041	0.00746	0.00540	0.00206	0.00835	0.00457	0.00412	0.01041
29	0.06332	0.35964	0.32576	0.01885	0.02846	0.02639	0.02205	0.02613	0.01744	0.02429	0.01342	0.01566	0.01076	0.00769	0.00666	0.00227	0.01056	0.00536	0.00371	0.01159
30	0.39587	0.02316	0.20393	0.01498	0.02180	0.01717	0.01560	0.02387	0.01736	0.03406	0.13418	0.02461	0.02334	0.00978	0.00702	0.00266	0.00787	0.00718	0.00556	0.00999
31	0.02280	0.02499	0.02264	0.13258	0.07713	0.25363	0.01688	0.03044	0.15105	0.02487	0.02579	0.02773	0.08077	0.01102	0.00983	0.00266	0.06083	0.00833	0.00550	0.01052
32	0.26960	0.15293	0.08765	0.08899	0.09379	0.05991	0.01678	0.06567	0.01880	0.05483	0.01447	0.01703	0.01129	0.00814	0.00675	0.00246	0.00925	0.00580	0.00489	0.01095
33	0.09804	0.07401	0.10270	0.19091	0.21861	0.08444	0.02179	0.02693	0.05607	0.02652	0.01582	0.01988	0.01252	0.00824	0.00780	0.00257	0.01057	0.00681	0.00439	0.01139
34	0.09967	0.02398	0.02085	0.02253	0.11591	0.27185	0.01513	0.02530	0.01875	0.02333	0.01681	0.02236	0.01476	0.02769	0.23750	0.00629	0.01623	0.00698	0.00451	0.00956
35	0.02539	0.05930	0.15774	0.03048	0.20927	0.19723	0.02220	0.14238	0.02425	0.03038	0.01576	0.01845	0.01233	0.00850	0.00805	0.00245	0.01185	0.00664	0.00494	0.01240
36	0.02004	0.01651	0.06038	0.01904	0.08731	0.01523	0.01384	0.16755	0.05562	0.07795	0.03664	0.23768	0.09473	0.04385	0.01077	0.00312	0.00742	0.01410	0.00749	0.01072
37	0.02656	0.03147	0.02780	0.02854	0.14621	0.38466	0.04853	0.02949	0.02083	0.02242	0.01352	0.01747	0.01158	0.00966	0.01190	0.00259	0.14551	0.00650	0.00422	0.01053

[dist]
# distance from previous block
# <min> <max>
22	116

[block]
# block no. 6 follows, 21 sequences, length 60
# corresponding to MSA columns:
# 369-428
name=unknown_G
#
# <colnr> <probs for GDERKNQSTAVLIFYWHMCP>
#	G	D	E	R	K	N	Q	S	T	A	V	L	I	F	Y	W	H	M	C	P
0	0.14288	0.09068	0.02057	0.01659	0.02098	0.27387	0.01335	0.02601	0.02038	0.02555	0.04798	0.03558	0.04937	0.01209	0.00797	0.00255	0.01032	0.11897	0.00553	0.05878
1	0.17723	0.10030	0.14066	0.01725	0.02404	0.01984	0.05561	0.12981	0.02272	0.06857	0.13727	0.02676	0.02522	0.01020	0.00780	0.00256	0.00853	0.00811	0.00636	0.01117
2	0.20880	0.09649	0.32850	0.01901	0.02798	0.05662	0.02130	0.02859	0.05859	0.05780	0.01608	0.01778	0.01188	0.00834	0.00716	0.00258	0.01025	0.00598	0.00472	0.01156
3	0.02157	0.10131	0.26029	0.06763	0.03402	0.16403	0.10805	0.02896	0.05893	0.02490	0.01581	0.01891	0.01217	0.00856	0.00891	0.00259	0.04096	0.00682	0.00422	0.01137
4	0.02764	0.14556	0.06916	0.02035	0.05832	0.21904	0.04320	0.03117	0.02166	0.17879	0.02403	0.02676	0.05066	0.01017	0.00801	0.00244	0.01077	0.03481	0.00607	0.01140
5	0.14010	0.05110	0.08873	0.01777	0.06232	0.04543	0.01453	0.02787	0.08978	0.12842	0.08579	0.02821	0.02330	0.02051	0.13491	0.00474	0.01097	0.00822	0.00641	0.01088
6	0.09271	0.02776	0.09393	0.02137	0.02756	0.21504	0.11246	0.03340	0.16577	0.06186	0.02338	0.02432	0.04364	0.00968	0.00826	0.00262	0.01110	0.00793	0.00587	0.01134
7	0.06423	0.03324	0.24449	0.02087	0.02919	0.18693	0.04736	0.09638	0.02196	0.02923	0.01519	0.01751	0.01158	0.00815	0.00765	0.00230	0.01157	0.00610	0.00475	0.14130
8	0.13109	0.02100	0.02061	0.01704	0.02282	0.09096	0.01368	0.18926	0.18035	0.18815	0.02521	0.02388	0.01786	0.01015	0.00802	0.00263	0.00846	0.00771	0.00814	0.01299
9	0.02266	0.01690	0.02132	0.01672	0.02272	0.01649	0.06760	0.14277	0.13864	0.11030	0.07189	0.03280	0.09033	0.01105	0.00845	0.00240	0.00746	0.00940	0.00759	0.18254
10	0.02038	0.21613	0.02771	0.01693	0.02176	0.02107	0.06838	0.14632	0.04589	0.02902	0.02642	0.15988	0.02668	0.05978	0.01090	0.00309	0.00855	0.07449	0.00630	0.01032
11	0.02787	0.01643	0.01962	0.01536	0.02158	0.01549	0.01238	0.16964	0.06323	0.25373	0.02699	0.08563	0.02087	0.01091	0.00818	0.00235	0.00725	0.00894	0.00827	0.20527
12	0.01628	0.01105	0.01439	0.01401	0.01666	0.01125	0.01133	0.08374	0.02179	0.06960	0.17452	0.10332	0.07069	0.02773	0.13703	0.00521	0.00964	0.18504	0.00781	0.00890
13	0.03371	0.01708	0.02089	0.01624	0.02274	0.01656	0.01330	0.17287	0.09422	0.40986	0.02954	0.02662	0.01957	0.01031	0.00842	0.00256	0.00761	0.00825	0.00953	0.06012
14	0.03179	0.04056	0.02412	0.02192	0.02631	0.66676	0.01644	0.03398	0.02412	0.02083	0.01315	0.01535	0.01096	0.00877	0.00767	0.00219	0.01535	0.00548	0.00438	0.00987
15	0.01924	0.29752	0.42239	0.02054	0.03109	0.02509	0.02498	0.02639	0.01771	0.02430	0.01395	0.01631	0.01083	0.00778	0.00708	0.00236	0.01125	0.00562	0.00361	0.01194
16	0.01478	0.00739	0.01109	0.01109	0.01109	0.00739	0.00739	0.01109	0.01109	0.01478	0.01478	0.02587	0.01478	0.02956	0.03326	0.75240	0.00739	0.00739	0.00370	0.00370
17	0.01199	0.00809	0.00940	0.00978	0.00987	0.00799	0.00569	0.01227	0.01313	0.01751	0.03069	0.17900	0.03583	0.57094	0.03706	0.00733	0.00761	0.01465	0.00569	0.00549
18	0.01238	0.00825	0.00928	0.00928	0.00928	0.00825	0.00516	0.01238	0.01238	0.01650	0.02681	0.05569	0.03094	0.70092	0.04331	0.00825	0.00825	0.01238	0.00516	0.00516
19	0.27608	0.20050	0.09529	0.01594	0.02298	0.02507	0.01506	0.19817	0.02302	0.03673	0.01472	0.01615	0.01136	0.00843	0.00657	0.00241	0.00870	0.00567	0.00561	0.01156
20	0.02106	0.02022	0.03454	0.05223	0.64784	0.02022	0.02612	0.02612	0.01938	0.02780	0.01601	0.02106	0.01348	0.00758	0.00842	0.00253	0.01011	0.00758	0.00421	0.01348
21	0.01006	0.00862	0.00862	0.00862	0.01149	0.00718	0.00647	0.01221	0.01940	0.02299	0.08621	0.08190	0.64438	0.02155	0.01006	0.00287	0.00431	0.01796	0.00790	0.00718
22	0.02106	0.02022	0.03454	0.05223	0.64784	0.02022	0.02612	0.02612	0.01938	0.02780	0.01601	0.02106	0.01348	0.00758	0.00842	0.00253	0.01011	0.00758	0.00421	0.01348
23	0.09867	0.04100	0.58616	0.02282	0.03460	0.01969	0.02900	0.02674	0.01758	0.02818	0.01490	0.01751	0.01061	0.00806	0.00778	0.00269	0.01192	0.00610	0.00378	0.01221
24	0.01030	0.00870	0.00896	0.00909	0.01190	0.00736	0.00695	0.01257	0.01941	0.02315	0.08347	0.08284	0.60472	0.02168	0.01017	0.00294	0.00455	0.05611	0.00790	0.00723
25	0.01028	0.00776	0.00951	0.01091	0.01210	0.00699	0.00748	0.01196	0.01720	0.02209	0.05833	0.51701	0.22727	0.02518	0.01063	0.00329	0.00476	0.02238	0.00790	0.00699
26	0.01847	0.20747	0.50567	0.02186	0.03313	0.02320	0.02727	0.02659	0.01780	0.02524	0.01442	0.01690	0.01081	0.00789	0.00744	0.00248	0.01172	0.00586	0.00360	0.01217
27	0.01765	0.01513	0.01765	0.01260	0.02017	0.01134	0.01008	0.02143	0.01765	0.02773	0.01513	0.01765	0.01260	0.00630	0.00630	0.00126	0.00630	0.00504	0.00504	0.75295
28	0.02812	0.02668	0.02284	0.01944	0.02482	0.21067	0.01527	0.24058	0.25067	0.03754	0.02348	0.02307	0.01763	0.01028	0.00832	0.00257	0.01015	0.00774	0.00737	0.01277
29	0.01121	0.00899	0.01022	0.01084	0.01343	0.00801	0.00875	0.01392	0.01946	0.02377	0.07326	0.08633	0.45705	0.02217	0.01059	0.00320	0.00542	0.19811	0.00788	0.00739
30	0.03179	0.04056	0.02412	0.02192	0.02631	0.66676	0.01644	0.03398	0.02412	0.02083	0.01315	0.01535	0.01096	0.00877	0.00767	0.00219	0.01535	0.00548	0.00438	0.00987
31	0.02009	0.02296	0.05022	0.03587	0.04448	0.02152	0.61693	0.02726	0.02009	0.02726	0.01722	0.02296	0.01291	0.00717	0.01004	0.00287	0.01435	0.01004	0.00430	0.01148
32	0.01707	0.04402	0.65683	0.02426	0.03683	0.01976	0.03144	0.02695	0.01797	0.02695	0.01527	0.01797	0.01078	0.00809	0.00809	0.00270	0.01258	0.00629	0.00359	0.01258
33	0.02706	0.02068	0.02217	0.01827	0.02408	0.02320	0.01468	0.30993	0.33277	0.07077	0.02804	0.02641	0.02046	0.01089	0.00859	0.00272	0.00797	0.00867	0.00867	0.01398
34	0.01009	0.00848	0.00877	0.00900	0.01159	0.00715	0.00663	0.01217	0.01904	0.02284	0.08165	0.15300	0.57623	0.02214	0.01015	0.00294	0.00438	0.01868	0.00790	0.00715
35	0.08073	0.02821	0.02426	0.01970	0.02571	0.21208	0.01579	0.40964	0.03369	0.04307	0.01774	0.01851	0.01310	0.00964	0.00805	0.00245	0.01092	0.00682	0.00710	0.01278
36	0.01795	0.03790	0.48047	0.02763	0.03905	0.02027	0.20166	0.02704	0.01858	0.02704	0.01584	0.01942	0.01140	0.00782	0.00865	0.00275	0.01309	0.00738	0.00380	0.01226
37	0.01120	0.00800	0.01083	0.01280	0.01365	0.00763	0.00934	0.01328	0.01711	0.02265	0.04645	0.54672	0.05447	0.02588	0.01108	0.00357	0.00566	0.16465	0.00788	0.00714
38	0.01019	0.00811	0.00915	0.00999	0.01185	0.00707	0.00707	0.01206	0.01808	0.02245	0.06958	0.34150	0.39552	0.02371	0.01040	0.00312	0.00458	0.02060	0.00790	0.00707
39	0.02185	0.01862	0.01963	0.01746	0.02239	0.02148	0.01363	0.08017	0.59641	0.03670	0.03377	0.03106	0.02528	0.01146	0.00865	0.00287	0.00690	0.00950	0.00865	0.01353
40	0.02925	0.03633	0.02449	0.02200	0.02554	0.54325	0.01686	0.03138	0.02198	0.02076	0.01277	0.01598	0.01100	0.00995	0.01158	0.00249	0.14450	0.00586	0.00426	0.00976
41	0.02418	0.02613	0.03151	0.04342	0.46714	0.20819	0.02330	0.02840	0.02076	0.02577	0.01518	0.01940	0.01275	0.00793	0.00821	0.00243	0.01163	0.00697	0.00426	0.01243
42	0.01216	0.00912	0.01368	0.01368	0.01520	0.01064	0.01064	0.01520	0.01368	0.01976	0.02279	0.03343	0.02127	0.06382	0.66720	0.01368	0.02279	0.00912	0.00456	0.00760
43	0.03179	0.04056	0.02412	0.02192	0.02631	0.66676	0.01644	0.03398	0.02412	0.02083	0.01315	0.01535	0.01096	0.00877	0.00767	0.00219	0.01535	0.00548	0.00438	0.00987
44	0.03235	0.02384	0.02554	0.01958	0.02639	0.02639	0.01618	0.61946	0.04001	0.05363	0.02043	0.02043	0.01447	0.01022	0.00851	0.00255	0.00936	0.00766	0.00851	0.01447
45	0.01238	0.00825	0.00928	0.00928	0.00928	0.00825	0.00516	0.01238	0.01238	0.01650	0.02681	0.05569	0.03094	0.70092	0.04331	0.00825	0.00825	0.01238	0.00516	0.00516
46	0.03195	0.03570	0.02453	0.02124	0.02633	0.48058	0.01636	0.20420	0.02874	0.03037	0.01527	0.01683	0.01198	0.00919	0.00792	0.00230	0.01361	0.00612	0.00559	0.01121
47	0.01707	0.04402	0.65683	0.02426	0.03683	0.01976	0.03144	0.02695	0.01797	0.02695	0.01527	0.01797	0.01078	0.00809	0.00809	0.00270	0.01258	0.00629	0.00359	0.01258
48	0.03818	0.01448	0.01975	0.01514	0.02172	0.01251	0.01251	0.04147	0.02436	0.65373	0.03357	0.02897	0.02107	0.01053	0.00856	0.00263	0.00724	0.00856	0.01053	0.01448
49	0.03179	0.04056	0.02412	0.02192	0.02631	0.66676	0.01644	0.03398	0.02412	0.02083	0.01315	0.01535	0.01096	0.00877	0.00767	0.00219	0.01535	0.00548	0.00438	0.00987
50	0.02758	0.02012	0.02186	0.01800	0.02382	0.02234	0.01446	0.27842	0.32475	0.11073	0.02874	0.02684	0.02076	0.01089	0.00859	0.00272	0.00786	0.00871	0.00881	0.01399
51	0.76103	0.01646	0.01251	0.01119	0.01646	0.01909	0.00922	0.02502	0.01448	0.03818	0.01185	0.01382	0.00922	0.00790	0.00527	0.00263	0.00658	0.00461	0.00527	0.00922
52	0.01010	0.00847	0.00878	0.00903	0.01160	0.00715	0.00665	0.01217	0.01901	0.02283	0.08128	0.15882	0.57065	0.02219	0.01016	0.00295	0.00439	0.01874	0.00790	0.00715
53	0.01231	0.00850	0.01056	0.01056	0.01100	0.00894	0.00675	0.01320	0.01275	0.01745	0.02565	0.04922	0.02813	0.51570	0.22470	0.00983	0.01248	0.01143	0.00498	0.00587
54	0.15059	0.38397	0.06114	0.01490	0.02090	0.07991	0.01394	0.02450	0.01681	0.02355	0.01391	0.01727	0.01232	0.01682	0.11422	0.00398	0.01160	0.00547	0.00414	0.01007
55	0.01050	0.00746	0.00984	0.01168	0.01215	0.00700	0.00772	0.01188	0.01604	0.02139	0.04561	0.65410	0.05465	0.07016	0.01296	0.00377	0.00515	0.02343	0.00772	0.00680
56	0.01015	0.00825	0.00900	0.00960	0.01175	0.00710	0.00690	0.01210	0.01846	0.02261	0.07432	0.26744	0.46651	0.02310	0.01030	0.00305	0.00450	0.01985	0.00790	0.00710
57	0.01924	0.29752	0.42239	0.02054	0.03109	0.02509	0.02498	0.02639	0.01771	0.02430	0.01395	0.01631	0.01083	0.00778	0.00708	0.00236	0.01125	0.00562	0.00361	0.01194
58	0.02768	0.03277	0.02811	0.03353	0.26431	0.41918	0.02015	0.03097	0.02230	0.02350	0.01425	0.01754	0.01193	0.00831	0.00796	0.00232	0.01334	0.00629	0.00432	0.01125
59	0.01073	0.00778	0.01014	0.01139	0.01238	0.00718	0.00784	0.01284	0.01827	0.02464	0.18579	0.51282	0.09822	0.02423	0.01062	0.00324	0.00469	0.02179	0.00824	0.00718

[dist]
# distance from previous block
# <min> <max>
11	22

[block]
# block no. 7 follows, 21 sequences, length 17
# corresponding to MSA columns:
# 452-468
name=unknown_H
#
# <colnr> <probs for GDERKNQSTAVLIFYWHMCP>
#	G	D	E	R	K	N	Q	S	T	A	V	L	I	F	Y	W	H	M	C	P
0	0.02892	0.03133	0.02732	0.02987	0.19948	0.35035	0.01908	0.15639	0.02618	0.02975	0.01550	0.01802	0.01241	0.00875	0.00806	0.00236	0.01261	0.00653	0.00522	0.01185
1	0.02106	0.02022	0.03454	0.05223	0.64784	0.02022	0.02612	0.02612	0.01938	0.02780	0.01601	0.02106	0.01348	0.00758	0.00842	0.00253	0.01011	0.00758	0.00421	0.01348
2	0.02165	0.02135	0.03902	0.09169	0.28290	0.02139	0.26197	0.09854	0.02199	0.03025	0.01696	0.02188	0.01320	0.00781	0.00909	0.00269	0.01182	0.00858	0.00474	0.01248
3	0.02149	0.02527	0.13619	0.05930	0.12282	0.02121	0.28527	0.12524	0.02272	0.03148	0.01708	0.02119	0.01283	0.00789	0.00899	0.00265	0.01209	0.00834	0.00490	0.05306
4	0.01935	0.01869	0.03170	0.16460	0.39878	0.02028	0.05646	0.02416	0.01794	0.02537	0.01565	0.02177	0.01314	0.01128	0.04219	0.00328	0.09164	0.00777	0.00409	0.01183
5	0.16031	0.02483	0.02302	0.01917	0.02369	0.15825	0.01552	0.25791	0.02613	0.03668	0.01532	0.01778	0.01206	0.01054	0.01206	0.00275	0.15994	0.00661	0.00601	0.01142
6	0.18959	0.02481	0.02238	0.07392	0.02603	0.19203	0.01582	0.16371	0.02283	0.03227	0.01431	0.01746	0.01146	0.01012	0.01148	0.00274	0.14667	0.00636	0.00535	0.01064
7	0.01655	0.01591	0.01511	0.01462	0.01647	0.15558	0.01082	0.01879	0.01573	0.01934	0.02147	0.03391	0.02094	0.17997	0.39533	0.01004	0.01821	0.00897	0.00464	0.00761
8	0.01492	0.01113	0.01283	0.01213	0.01447	0.01134	0.00887	0.12191	0.02021	0.02645	0.04505	0.17383	0.19872	0.16397	0.11962	0.00570	0.00903	0.01477	0.00693	0.00810
9	0.01562	0.01133	0.01508	0.01414	0.01653	0.01289	0.01113	0.11027	0.01814	0.02602	0.02282	0.03126	0.02025	0.05113	0.51133	0.01100	0.01919	0.00880	0.06437	0.00870
10	0.02729	0.32101	0.03288	0.01883	0.02422	0.36599	0.01576	0.02969	0.02066	0.02047	0.01249	0.01480	0.01096	0.00845	0.00778	0.00211	0.04711	0.00519	0.00404	0.01028
11	0.08144	0.01882	0.02490	0.02121	0.02215	0.02551	0.01766	0.06486	0.01514	0.02439	0.01191	0.01835	0.01125	0.01397	0.02461	0.00355	0.57917	0.00723	0.00420	0.00968
12	0.01294	0.01028	0.01519	0.01473	0.01607	0.01252	0.01161	0.01584	0.01360	0.01984	0.02138	0.03163	0.02004	0.05786	0.58929	0.01246	0.10354	0.00891	0.00446	0.00781
13	0.03179	0.04056	0.02412	0.02192	0.02631	0.66676	0.01644	0.03398	0.02412	0.02083	0.01315	0.01535	0.01096	0.00877	0.00767	0.00219	0.01535	0.00548	0.00438	0.00987
14	0.03235	0.02384	0.02554	0.01958	0.02639	0.02639	0.01618	0.61946	0.04001	0.05363	0.02043	0.02043	0.01447	0.01022	0.00851	0.00255	0.00936	0.00766	0.00851	0.01447
15	0.01351	0.00966	0.01343	0.01507	0.01703	0.00958	0.01302	0.01744	0.02014	0.02652	0.11797	0.09204	0.05279	0.02276	0.01155	0.00377	0.00737	0.52046	0.00802	0.00786
16	0.02275	0.70604	0.04459	0.01456	0.02184	0.03367	0.01456	0.02548	0.01729	0.02002	0.01183	0.01365	0.01092	0.00728	0.00546	0.00182	0.00910	0.00455	0.00364	0.01092

[dist]
# distance from previous block
# <min> <max>
0	3

[block]
# block no. 8 follows, 21 sequences, length 70
# corresponding to MSA columns:
# 472-541
name=unknown_I
#
# <colnr> <probs for GDERKNQSTAVLIFYWHMCP>
#	G	D	E	R	K	N	Q	S	T	A	V	L	I	F	Y	W	H	M	C	P
0	0.02201	0.06364	0.19161	0.01774	0.02471	0.01962	0.01764	0.24952	0.02767	0.03865	0.15726	0.02977	0.02841	0.01105	0.00838	0.00254	0.00864	0.00885	0.06046	0.01186
1	0.03235	0.02384	0.02554	0.01958	0.02639	0.02639	0.01618	0.61946	0.04001	0.05363	0.02043	0.02043	0.01447	0.01022	0.00851	0.00255	0.00936	0.00766	0.00851	0.01447
2	0.01529	0.01371	0.01554	0.01640	0.09275	0.05755	0.01059	0.01821	0.01923	0.02563	0.14548	0.07497	0.18710	0.09306	0.01270	0.00303	0.00669	0.01209	0.00650	0.17348
3	0.03179	0.04056	0.02412	0.02192	0.02631	0.66676	0.01644	0.03398	0.02412	0.02083	0.01315	0.01535	0.01096	0.00877	0.00767	0.00219	0.01535	0.00548	0.00438	0.00987
4	0.02009	0.39610	0.33123	0.01910	0.02886	0.02716	0.02246	0.02617	0.01761	0.02327	0.01344	0.01567	0.01086	0.00766	0.00669	0.00223	0.01073	0.00536	0.00362	0.01170
5	0.02184	0.07307	0.02697	0.02169	0.02319	0.16873	0.01784	0.02384	0.01580	0.02052	0.01166	0.01753	0.01111	0.01299	0.02181	0.00325	0.48795	0.00680	0.00386	0.00955
6	0.01216	0.00912	0.01368	0.01368	0.01520	0.01064	0.01064	0.01520	0.01368	0.01976	0.02279	0.03343	0.02127	0.06382	0.66720	0.01368	0.02279	0.00912	0.00456	0.00760
7	0.03179	0.04056	0.02412	0.02192	0.02631	0.66676	0.01644	0.03398	0.02412	0.02083	0.01315	0.01535	0.01096	0.00877	0.00767	0.00219	0.01535	0.00548	0.00438	0.00987
8	0.01236	0.00830	0.00956	0.00956	0.00965	0.00840	0.00550	0.01255	0.01246	0.01670	0.02656	0.05429	0.03033	0.66097	0.08244	0.00859	0.00916	0.01217	0.00512	0.00531
9	0.01057	0.00864	0.00933	0.00916	0.01181	0.00740	0.00687	0.01320	0.02061	0.02586	0.22980	0.07718	0.49901	0.02048	0.01005	0.00282	0.00423	0.01730	0.00828	0.00740
10	0.03179	0.04056	0.02412	0.02192	0.02631	0.66676	0.01644	0.03398	0.02412	0.02083	0.01315	0.01535	0.01096	0.00877	0.00767	0.00219	0.01535	0.00548	0.00438	0.00987
11	0.01216	0.00912	0.01368	0.01368	0.01520	0.01064	0.01064	0.01520	0.01368	0.01976	0.02279	0.03343	0.02127	0.06382	0.66720	0.01368	0.02279	0.00912	0.00456	0.00760
12	0.03235	0.02384	0.02554	0.01958	0.02639	0.02639	0.01618	0.61946	0.04001	0.05363	0.02043	0.02043	0.01447	0.01022	0.00851	0.00255	0.00936	0.00766	0.00851	0.01447
13	0.01006	0.00862	0.00862	0.00862	0.01149	0.00718	0.00647	0.01221	0.01940	0.02299	0.08621	0.08190	0.64438	0.02155	0.01006	0.00287	0.00431	0.01796	0.00790	0.00718
14	0.01352	0.01112	0.01628	0.01550	0.01670	0.01388	0.01232	0.01631	0.01354	0.01991	0.02035	0.03031	0.01915	0.05353	0.53266	0.01158	0.16223	0.00877	0.00438	0.00796
15	0.01586	0.00793	0.00793	0.00793	0.00991	0.00793	0.00595	0.01983	0.01785	0.03173	0.02776	0.03173	0.02181	0.00991	0.00595	0.00198	0.00397	0.00793	0.74817	0.00793
16	0.01006	0.00862	0.00862	0.00862	0.01149	0.00718	0.00647	0.01221	0.01940	0.02299	0.08621	0.08190	0.64438	0.02155	0.01006	0.00287	0.00431	0.01796	0.00790	0.00718
17	0.03179	0.04056	0.02412	0.02192	0.02631	0.66676	0.01644	0.03398	0.02412	0.02083	0.01315	0.01535	0.01096	0.00877	0.00767	0.00219	0.01535	0.00548	0.00438	0.00987
18	0.02106	0.02022	0.03454	0.05223	0.64784	0.02022	0.02612	0.02612	0.01938	0.02780	0.01601	0.02106	0.01348	0.00758	0.00842	0.00253	0.01011	0.00758	0.00421	0.01348
19	0.01707	0.04402	0.65683	0.02426	0.03683	0.01976	0.03144	0.02695	0.01797	0.02695	0.01527	0.01797	0.01078	0.00809	0.00809	0.00270	0.01258	0.00629	0.00359	0.01258
20	0.01037	0.00741	0.00987	0.01185	0.01234	0.00691	0.00790	0.01185	0.01629	0.02172	0.04690	0.69537	0.05629	0.02666	0.01086	0.00346	0.00494	0.02419	0.00790	0.00691
21	0.03427	0.02075	0.02363	0.01812	0.02485	0.02181	0.01497	0.42881	0.03485	0.25158	0.02477	0.02325	0.01665	0.01032	0.00853	0.00258	0.00866	0.00796	0.00918	0.01448
22	0.03423	0.01484	0.02042	0.09713	0.02629	0.01392	0.01395	0.03932	0.06732	0.53141	0.03138	0.02839	0.02022	0.01036	0.00856	0.00268	0.00771	0.00851	0.00957	0.01379
23	0.03118	0.03929	0.02384	0.02166	0.02607	0.62996	0.01627	0.03462	0.05879	0.02167	0.01438	0.01628	0.01182	0.00893	0.00773	0.00223	0.01486	0.00572	0.00463	0.01007
24	0.01204	0.00870	0.01138	0.01071	0.01271	0.00803	0.00803	0.01606	0.02409	0.03413	0.64335	0.06357	0.08030	0.01740	0.01004	0.00268	0.00401	0.01539	0.00937	0.00803
25	0.01707	0.04402	0.65683	0.02426	0.03683	0.01976	0.03144	0.02695	0.01797	0.02695	0.01527	0.01797	0.01078	0.00809	0.00809	0.00270	0.01258	0.00629	0.00359	0.01258
26	0.01181	0.00873	0.01125	0.01285	0.01394	0.00862	0.00917	0.01573	0.07471	0.02351	0.04551	0.55637	0.05250	0.02484	0.01077	0.00346	0.00548	0.09514	0.00796	0.00765
27	0.01707	0.04402	0.65683	0.02426	0.03683	0.01976	0.03144	0.02695	0.01797	0.02695	0.01527	0.01797	0.01078	0.00809	0.00809	0.00270	0.01258	0.00629	0.00359	0.01258
28	0.03818	0.01448	0.01975	0.01514	0.02172	0.01251	0.01251	0.04147	0.02436	0.65373	0.03357	0.02897	0.02107	0.01053	0.00856	0.00263	0.00724	0.00856	0.01053	0.01448
29	0.01737	0.01480	0.01573	0.01472	0.01857	0.01631	0.01123	0.03379	0.42069	0.03110	0.04759	0.12449	0.16688	0.01562	0.00924	0.00295	0.00598	0.01326	0.00840	0.01127
30	0.02207	0.02213	0.03356	0.04938	0.58933	0.08108	0.02521	0.02686	0.01982	0.02715	0.01574	0.02052	0.01324	0.00769	0.00835	0.00250	0.01060	0.00738	0.00423	0.01314
31	0.01371	0.00980	0.01371	0.01567	0.01763	0.00980	0.01371	0.01763	0.01959	0.02547	0.04506	0.09599	0.04898	0.02351	0.01175	0.00392	0.00784	0.59056	0.00784	0.00784
32	0.01219	0.00922	0.01164	0.01290	0.01509	0.00868	0.01074	0.01532	0.01931	0.02434	0.05997	0.12851	0.26346	0.02300	0.01109	0.00351	0.00639	0.34922	0.00786	0.00754
33	0.02106	0.02022	0.03454	0.05223	0.64784	0.02022	0.02612	0.02612	0.01938	0.02780	0.01601	0.02106	0.01348	0.00758	0.00842	0.00253	0.01011	0.00758	0.00421	0.01348
34	0.01006	0.00862	0.00862	0.00862	0.01149	0.00718	0.00647	0.01221	0.01940	0.02299	0.08621	0.08190	0.64438	0.02155	0.01006	0.00287	0.00431	0.01796	0.00790	0.00718
35	0.01216	0.00912	0.01368	0.01368	0.01520	0.01064	0.01064	0.01520	0.01368	0.01976	0.02279	0.03343	0.02127	0.06382	0.66720	0.01368	0.02279	0.00912	0.00456	0.00760
36	0.03208	0.03290	0.02331	0.02046	0.02495	0.46688	0.01576	0.03449	0.02322	0.16119	0.01751	0.01865	0.01322	0.00968	0.00960	0.00242	0.07081	0.00633	0.00569	0.01084
37	0.01748	0.01765	0.02156	0.01897	0.02059	0.09317	0.04104	0.01995	0.01556	0.02094	0.02389	0.03003	0.09171	0.02728	0.18737	0.00597	0.32446	0.00906	0.00455	0.00877
38	0.03318	0.01729	0.02086	0.01656	0.02280	0.01735	0.01349	0.16395	0.16254	0.39032	0.03104	0.02779	0.02077	0.01069	0.00857	0.00267	0.00758	0.00861	0.00969	0.01426
39	0.01168	0.00807	0.00998	0.01064	0.01098	0.00808	0.00670	0.01252	0.01383	0.01862	0.03305	0.26643	0.03828	0.40290	0.10416	0.00728	0.00882	0.01594	0.00600	0.00602
40	0.03093	0.03575	0.02392	0.02112	0.02595	0.50125	0.01613	0.13354	0.08117	0.02767	0.01630	0.01767	0.01290	0.00926	0.00790	0.00232	0.01357	0.00622	0.00546	0.01096
41	0.02445	0.02460	0.03147	0.04257	0.45517	0.14709	0.02309	0.09581	0.02267	0.02941	0.01596	0.01987	0.01310	0.00812	0.00829	0.00247	0.01105	0.00718	0.00474	0.01289
42	0.01231	0.00851	0.01062	0.01062	0.01108	0.00898	0.00683	0.01323	0.01277	0.01749	0.02559	0.04891	0.02800	0.50687	0.23334	0.00990	0.01268	0.01138	0.00497	0.00590
43	0.02077	0.01993	0.03402	0.08859	0.61374	0.02014	0.02597	0.02586	0.01924	0.02745	0.01596	0.02116	0.01336	0.00764	0.00843	0.00255	0.01018	0.00758	0.00419	0.01325
44	0.02332	0.02450	0.03235	0.04586	0.51703	0.15629	0.02408	0.02777	0.02037	0.02633	0.01541	0.01986	0.01295	0.00783	0.00827	0.00246	0.01121	0.00714	0.00425	0.01272
45	0.02027	0.48399	0.10916	0.01607	0.02254	0.02823	0.01613	0.02366	0.01677	0.02099	0.01554	0.07179	0.01512	0.01204	0.03636	0.00272	0.06727	0.00682	0.00403	0.01050
46	0.01006	0.00862	0.00862	0.00862	0.01149	0.00718	0.00647	0.01221	0.01940	0.02299	0.08621	0.08190	0.64438	0.02155	0.01006	0.00287	0.00431	0.01796	0.00790	0.00718
47	0.03179	0.04056	0.02412	0.02192	0.02631	0.66676	0.01644	0.03398	0.02412	0.02083	0.01315	0.01535	0.01096	0.00877	0.00767	0.00219	0.01535	0.00548	0.00438	0.00987
48	0.01231	0.00852	0.01062	0.01062	0.01109	0.00898	0.00683	0.01324	0.01277	0.01750	0.02559	0.04889	0.02799	0.50624	0.23396	0.00991	0.01269	0.01138	0.00497	0.00590
49	0.02206	0.02232	0.03293	0.07773	0.54926	0.09443	0.02489	0.02682	0.01981	0.02672	0.01564	0.02048	0.01309	0.00776	0.00834	0.00250	0.01077	0.00734	0.00421	0.01288
50	0.02275	0.70604	0.04459	0.01456	0.02184	0.03367	0.01456	0.02548	0.01729	0.02002	0.01183	0.01365	0.01092	0.00728	0.00546	0.00182	0.00910	0.00455	0.00364	0.01092
51	0.02137	0.44857	0.12134	0.02124	0.02952	0.02883	0.17188	0.02612	0.01809	0.02274	0.01364	0.01658	0.01142	0.00735	0.00696	0.00220	0.01088	0.00618	0.00381	0.01127
52	0.01096	0.00872	0.00992	0.01052	0.01253	0.00795	0.00754	0.01426	0.05401	0.02403	0.10821	0.31503	0.34037	0.02265	0.01029	0.00309	0.00467	0.01970	0.00805	0.00750
53	0.01221	0.00889	0.01254	0.01254	0.01367	0.01002	0.00922	0.01447	0.01334	0.01892	0.02383	0.03917	0.02377	0.22802	0.50641	0.01228	0.01905	0.00996	0.00471	0.00697
54	0.02387	0.01828	0.03054	0.03243	0.24894	0.01771	0.14418	0.05509	0.05872	0.16360	0.06117	0.02972	0.05610	0.00985	0.00900	0.00267	0.00947	0.00948	0.00655	0.01264
55	0.02275	0.70604	0.04459	0.01456	0.02184	0.03367	0.01456	0.02548	0.01729	0.02002	0.01183	0.01365	0.01092	0.00728	0.00546	0.00182	0.00910	0.00455	0.00364	0.01092
56	0.01037	0.00741	0.00987	0.01185	0.01234	0.00691	0.00790	0.01185	0.01629	0.02172	0.04690	0.69537	0.05629	0.02666	0.01086	0.00346	0.00494	0.02419	0.00790	0.00691
57	0.01127	0.00810	0.01069	0.01123	0.01254	0.00752	0.00797	0.01412	0.02051	0.02843	0.36917	0.35400	0.06926	0.02166	0.01042	0.00303	0.00444	0.01944	0.00869	0.00752
58	0.03182	0.03955	0.02420	0.02178	0.02631	0.62815	0.01643	0.06928	0.02507	0.02281	0.01359	0.01565	0.01117	0.00886	0.00772	0.00221	0.01499	0.00561	0.00463	0.01014
59	0.01748	0.09177	0.61267	0.02356	0.03575	0.02077	0.03022	0.02684	0.01792	0.02645	0.01502	0.01766	0.01079	0.00803	0.00790	0.00263	0.01233	0.00616	0.00360	0.01246
60	0.36064	0.01490	0.01565	0.01285	0.01851	0.01513	0.01056	0.03253	0.01946	0.33290	0.02341	0.02238	0.01581	0.00931	0.00689	0.00259	0.00671	0.00674	0.06138	0.01165
61	0.01923	0.29606	0.42374	0.02056	0.03113	0.02506	0.02502	0.02639	0.01771	0.02431	0.01396	0.01632	0.01083	0.00778	0.00709	0.00236	0.01125	0.00563	0.00361	0.01195
62	0.01707	0.04402	0.65683	0.02426	0.03683	0.01976	0.03144	0.02695	0.01797	0.02695	0.01527	0.01797	0.01078	0.00809	0.00809	0.00270	0.01258	0.00629	0.00359	0.01258
