[name]
unknown

[dist]
# distance from previous block
# <min> <max>
0	7

[block]
# block no. 0 follows, 22 sequences, length 7
# corresponding to MSA columns:
# 7-13
name=unknown_A
#
# <colnr> <probs for GDERKNQSTAVLIFYWHMCP>
#	G	D	E	R	K	N	Q	S	T	A	V	L	I	F	Y	W	H	M	C	P
0	0.01650	0.01173	0.01454	0.04378	0.01850	0.01181	0.01145	0.06678	0.08633	0.07047	0.04116	0.16101	0.10734	0.06247	0.01191	0.00342	0.00686	0.19590	0.00749	0.05055
1	0.02664	0.02924	0.02297	0.01987	0.02387	0.35813	0.01553	0.13215	0.02325	0.02627	0.01451	0.01772	0.01211	0.01319	0.05491	0.00313	0.12944	0.00625	0.00493	0.06590
2	0.01410	0.01191	0.01477	0.01848	0.12235	0.05359	0.01092	0.01594	0.01603	0.02092	0.03252	0.30334	0.03703	0.22378	0.01945	0.00456	0.00752	0.05912	0.00607	0.00759
3	0.01873	0.01836	0.09462	0.01942	0.06921	0.01600	0.06520	0.06669	0.19679	0.07370	0.07844	0.08214	0.13845	0.01319	0.00894	0.00275	0.00758	0.01148	0.00719	0.01115
4	0.02424	0.29868	0.18845	0.01847	0.02651	0.07136	0.01883	0.20486	0.02408	0.03098	0.01495	0.01643	0.01166	0.00825	0.00699	0.00222	0.01021	0.00582	0.00500	0.01201
5	0.01733	0.08477	0.43011	0.14850	0.10847	0.02019	0.02748	0.02517	0.01747	0.02496	0.01471	0.01842	0.01093	0.00786	0.00782	0.00257	0.01153	0.00638	0.00361	0.01169
6	0.05883	0.13933	0.10571	0.07366	0.23841	0.04304	0.10625	0.02621	0.01848	0.06082	0.01559	0.01910	0.01231	0.00757	0.00767	0.00238	0.01032	0.00683	0.00437	0.04312

[dist]
# distance from previous block
# <min> <max>
1	4

[block]
# block no. 1 follows, 22 sequences, length 28
# corresponding to MSA columns:
# 18-45
name=unknown_B
#
# <colnr> <probs for GDERKNQSTAVLIFYWHMCP>
#	G	D	E	R	K	N	Q	S	T	A	V	L	I	F	Y	W	H	M	C	P
0	0.02243	0.02136	0.02921	0.03951	0.44096	0.08632	0.02144	0.11804	0.02249	0.02994	0.02174	0.02486	0.06652	0.00906	0.00830	0.00247	0.00980	0.00805	0.00508	0.01244
1	0.07120	0.02473	0.02544	0.16811	0.23161	0.24730	0.01949	0.02642	0.01974	0.02392	0.01826	0.02199	0.04939	0.00882	0.00788	0.00244	0.01135	0.00709	0.00436	0.01047
2	0.15767	0.01178	0.01386	0.04633	0.06943	0.01209	0.01032	0.01959	0.06040	0.03102	0.29795	0.04873	0.16147	0.01438	0.00862	0.00265	0.00547	0.01211	0.00738	0.00876
3	0.02150	0.02105	0.03383	0.04708	0.55725	0.05242	0.06375	0.05264	0.02008	0.02789	0.01576	0.02038	0.01304	0.00755	0.00829	0.00247	0.01036	0.00746	0.00431	0.01290
4	0.21594	0.15976	0.05450	0.01659	0.02217	0.25679	0.01409	0.08546	0.02084	0.02800	0.01657	0.01809	0.04228	0.00879	0.00669	0.00227	0.01040	0.00580	0.00488	0.01010
5	0.02059	0.01925	0.02990	0.04227	0.49381	0.01998	0.02234	0.03027	0.17818	0.02909	0.02028	0.02323	0.01628	0.00839	0.00828	0.00256	0.00903	0.00791	0.00522	0.01316
6	0.01720	0.01570	0.02305	0.48357	0.04636	0.01913	0.02005	0.02821	0.20693	0.02535	0.02057	0.02484	0.01543	0.00921	0.00835	0.00278	0.00970	0.00800	0.00514	0.01042
7	0.01568	0.01351	0.01402	0.01301	0.01683	0.01439	0.01001	0.02934	0.35530	0.02910	0.05694	0.05349	0.31367	0.01576	0.00908	0.00281	0.00549	0.01313	0.00811	0.01033
8	0.01100	0.00846	0.01005	0.00966	0.01195	0.00752	0.00724	0.01421	0.02172	0.02906	0.42985	0.06905	0.30303	0.01857	0.00981	0.00269	0.00403	0.01600	0.00859	0.00752
9	0.01818	0.01818	0.02545	0.02181	0.02181	0.02545	0.01818	0.01999	0.01272	0.01999	0.01091	0.01818	0.01091	0.01454	0.02726	0.00364	0.69284	0.00727	0.00364	0.00909
10	0.01075	0.00845	0.00971	0.00940	0.01179	0.00741	0.00705	0.01373	0.02114	0.02767	0.35727	0.07134	0.37648	0.01909	0.00981	0.00271	0.00407	0.01633	0.00840	0.00741
11	0.02056	0.01974	0.03372	0.05099	0.65622	0.01974	0.02550	0.02550	0.01892	0.02714	0.01563	0.02056	0.01316	0.00740	0.00822	0.00247	0.00987	0.00740	0.00411	0.01316
12	0.03103	0.03959	0.02354	0.02140	0.02568	0.67469	0.01605	0.03317	0.02354	0.02033	0.01284	0.01498	0.01070	0.00856	0.00749	0.00214	0.01498	0.00535	0.00428	0.00963
13	0.02066	0.01785	0.01878	0.01691	0.02160	0.02066	0.01315	0.04414	0.64121	0.03475	0.03381	0.03099	0.02536	0.01127	0.00845	0.00282	0.00657	0.00939	0.00845	0.01315
14	0.01187	0.00890	0.01335	0.01335	0.01483	0.01038	0.01038	0.01483	0.01335	0.01928	0.02225	0.03264	0.02077	0.06231	0.67512	0.01335	0.02225	0.00890	0.00445	0.00742
15	0.00982	0.00842	0.00842	0.00842	0.01122	0.00701	0.00631	0.01192	0.01894	0.02244	0.08416	0.07995	0.65285	0.02104	0.00982	0.00281	0.00421	0.01753	0.00771	0.00701
16	0.03158	0.02327	0.02493	0.01911	0.02576	0.02576	0.01579	0.62852	0.03906	0.05236	0.01995	0.01995	0.01413	0.00997	0.00831	0.00249	0.00914	0.00748	0.00831	0.01413
17	0.01723	0.01477	0.01723	0.01230	0.01969	0.01107	0.00984	0.02092	0.01723	0.02707	0.01477	0.01723	0.01230	0.00615	0.00615	0.00123	0.00615	0.00492	0.00492	0.75883
18	0.01187	0.00890	0.01335	0.01335	0.01483	0.01038	0.01038	0.01483	0.01335	0.01928	0.02225	0.03264	0.02077	0.06231	0.67512	0.01335	0.02225	0.00890	0.00445	0.00742
19	0.01126	0.00847	0.01042	0.00993	0.01211	0.00763	0.00745	0.01472	0.02234	0.03053	0.50656	0.06663	0.22540	0.01802	0.00980	0.00266	0.00399	0.01567	0.00878	0.00763
20	0.01012	0.00723	0.00964	0.01157	0.01205	0.00675	0.00771	0.01157	0.01591	0.02121	0.04579	0.70262	0.05495	0.02603	0.01060	0.00337	0.00482	0.02362	0.00771	0.00675
21	0.01348	0.01127	0.01645	0.01552	0.01662	0.01424	0.01238	0.01615	0.01319	0.01947	0.01935	0.02894	0.01824	0.05008	0.50932	0.01086	0.19387	0.00848	0.00424	0.00784
22	0.03103	0.03959	0.02354	0.02140	0.02568	0.67469	0.01605	0.03317	0.02354	0.02033	0.01284	0.01498	0.01070	0.00856	0.00749	0.00214	0.01498	0.00535	0.00428	0.00963
23	0.02100	0.02289	0.02414	0.03108	0.29903	0.21605	0.01771	0.02436	0.02033	0.02386	0.03232	0.03406	0.17612	0.01125	0.00841	0.00245	0.00998	0.00937	0.00509	0.01051
24	0.02234	0.02346	0.02767	0.22114	0.25461	0.18530	0.02145	0.06154	0.02028	0.02484	0.01467	0.01944	0.01188	0.00850	0.00912	0.00254	0.04913	0.00688	0.00426	0.01098
25	0.26871	0.02423	0.02239	0.02656	0.21409	0.22521	0.01632	0.02701	0.01852	0.02792	0.01376	0.01710	0.01141	0.01070	0.04136	0.00296	0.01099	0.00588	0.00452	0.01038
26	0.20634	0.03321	0.06272	0.01891	0.02405	0.43649	0.01530	0.06580	0.02182	0.02667	0.01309	0.01509	0.01048	0.00840	0.00700	0.00230	0.01241	0.00532	0.00467	0.00992
27	0.02656	0.06422	0.18856	0.02101	0.02793	0.32128	0.01952	0.14654	0.05656	0.02875	0.01577	0.01735	0.01207	0.00874	0.00771	0.00235	0.01248	0.00613	0.00505	0.01140

[dist]
# distance from previous block
# <min> <max>
0	4

[block]
# block no. 2 follows, 22 sequences, length 12
# corresponding to MSA columns:
# 50-61
name=unknown_C
#
# <colnr> <probs for GDERKNQSTAVLIFYWHMCP>
#	G	D	E	R	K	N	Q	S	T	A	V	L	I	F	Y	W	H	M	C	P
0	0.01983	0.05527	0.15286	0.07241	0.03358	0.09804	0.20067	0.02684	0.05936	0.02572	0.01628	0.01966	0.01255	0.00756	0.00801	0.00232	0.01125	0.00712	0.00444	0.16623
1	0.01173	0.00926	0.01427	0.01382	0.01515	0.00878	0.08194	0.01351	0.01546	0.02067	0.03771	0.46913	0.04405	0.18275	0.01789	0.00440	0.00669	0.01925	0.00666	0.00689
2	0.02286	0.13918	0.12872	0.02718	0.22371	0.01859	0.01914	0.02733	0.01912	0.17301	0.02246	0.10321	0.01910	0.01036	0.00800	0.00251	0.00882	0.00888	0.00580	0.01204
3	0.02167	0.02280	0.02804	0.03717	0.38315	0.17220	0.02077	0.02550	0.01887	0.02405	0.01562	0.02079	0.01351	0.01569	0.10159	0.00397	0.05202	0.00712	0.00417	0.01130
4	0.01070	0.00772	0.00988	0.01138	0.01220	0.00726	0.00790	0.01231	0.01612	0.02113	0.04704	0.49180	0.11089	0.10773	0.01446	0.00394	0.00548	0.08801	0.00738	0.00667
5	0.02863	0.22314	0.02899	0.01944	0.02449	0.49976	0.01555	0.03091	0.02173	0.02012	0.01249	0.01453	0.01069	0.00816	0.00690	0.00204	0.01332	0.00510	0.00408	0.00991
6	0.02259	0.02395	0.03060	0.09781	0.45869	0.17234	0.02309	0.02693	0.01980	0.02505	0.01490	0.01939	0.01241	0.00775	0.00806	0.00242	0.01116	0.00692	0.00412	0.01200
7	0.00988	0.00817	0.00867	0.00906	0.01139	0.00696	0.00660	0.01185	0.01831	0.02219	0.07629	0.20759	0.53028	0.02206	0.00998	0.00292	0.00433	0.01878	0.00771	0.00696
8	0.01109	0.00764	0.00935	0.01033	0.01057	0.00739	0.00639	0.01182	0.01401	0.01869	0.03609	0.38220	0.04272	0.36314	0.02626	0.00569	0.00642	0.01791	0.00639	0.00590
9	0.02063	0.01818	0.02266	0.02591	0.19429	0.02002	0.01632	0.06356	0.41690	0.03291	0.03050	0.02986	0.04974	0.01060	0.00845	0.00271	0.00748	0.00913	0.00723	0.01292
10	0.02716	0.03929	0.19848	0.02185	0.02849	0.44734	0.02002	0.07601	0.02307	0.02437	0.01394	0.01605	0.01091	0.00848	0.00766	0.00230	0.01381	0.00573	0.00437	0.01069
11	0.01754	0.08938	0.54293	0.02629	0.10996	0.02034	0.02885	0.02611	0.01766	0.02591	0.01475	0.01760	0.01085	0.00778	0.00774	0.00255	0.01174	0.00617	0.00358	0.01227

[dist]
# distance from previous block
# <min> <max>
0	2

[block]
# block no. 3 follows, 22 sequences, length 12
# corresponding to MSA columns:
# 64-75
name=unknown_D
#
# <colnr> <probs for GDERKNQSTAVLIFYWHMCP>
#	G	D	E	R	K	N	Q	S	T	A	V	L	I	F	Y	W	H	M	C	P
0	0.02913	0.09399	0.02532	0.07153	0.02772	0.57111	0.01643	0.03157	0.02246	0.02033	0.01288	0.01539	0.01073	0.00842	0.00737	0.00216	0.01417	0.00543	0.00417	0.00969
1	0.01796	0.01284	0.01564	0.11956	0.05138	0.01369	0.01200	0.14471	0.02221	0.03183	0.03434	0.03896	0.13335	0.01217	0.00785	0.00246	0.00663	0.04048	0.27252	0.00942
2	0.01684	0.01688	0.01617	0.12287	0.02317	0.16517	0.01268	0.02037	0.02132	0.02599	0.25797	0.05057	0.11914	0.01482	0.00922	0.00269	0.00813	0.08086	0.00678	0.00836
3	0.01152	0.00816	0.00939	0.00941	0.01023	0.00786	0.00595	0.01256	0.01491	0.01967	0.11122	0.09436	0.14810	0.44133	0.05570	0.00643	0.00726	0.01391	0.00612	0.00590
4	0.01584	0.01346	0.01699	0.02007	0.16399	0.01301	0.01232	0.11477	0.02218	0.02837	0.05780	0.05640	0.40042	0.01607	0.00920	0.00268	0.00633	0.01355	0.00697	0.00960
5	0.02059	0.02189	0.02536	0.03392	0.35350	0.17498	0.01874	0.02418	0.02004	0.02440	0.03094	0.03306	0.16174	0.01086	0.00842	0.00247	0.00978	0.00927	0.00499	0.01087
6	0.08525	0.03172	0.17669	0.02464	0.10088	0.25442	0.02049	0.02722	0.01858	0.02390	0.01316	0.01677	0.01085	0.00941	0.01151	0.00264	0.15125	0.00610	0.00402	0.01051
7	0.02514	0.02686	0.02476	0.02809	0.20500	0.29866	0.01762	0.10180	0.02266	0.02657	0.01625	0.01998	0.01348	0.01486	0.08740	0.00361	0.01319	0.00673	0.03649	0.01086
8	0.01550	0.01276	0.01426	0.01355	0.01576	0.06645	0.01023	0.08828	0.01995	0.02670	0.17190	0.14284	0.03839	0.06556	0.25152	0.00681	0.01242	0.01233	0.00653	0.00828
9	0.02994	0.12286	0.02601	0.02051	0.02514	0.59534	0.01582	0.03215	0.02272	0.02023	0.01268	0.01478	0.01070	0.00838	0.00722	0.00210	0.01423	0.00524	0.00419	0.00976
10	0.01636	0.01596	0.01522	0.01472	0.01668	0.16503	0.01107	0.01879	0.01558	0.01915	0.02052	0.03108	0.01953	0.12591	0.44481	0.01011	0.01888	0.00845	0.00448	0.00765
11	0.01467	0.01217	0.01648	0.02009	0.16281	0.01211	0.01180	0.02015	0.09575	0.02681	0.20884	0.04983	0.13852	0.15561	0.01589	0.00374	0.00652	0.01235	0.00682	0.00903

[dist]
# distance from previous block
# <min> <max>
0	29

[block]
# block no. 4 follows, 22 sequences, length 12
# corresponding to MSA columns:
# 105-116
name=unknown_E
#
# <colnr> <probs for GDERKNQSTAVLIFYWHMCP>
#	G	D	E	R	K	N	Q	S	T	A	V	L	I	F	Y	W	H	M	C	P
0	0.01975	0.21571	0.35000	0.02284	0.03249	0.07577	0.12178	0.02653	0.01818	0.02410	0.01417	0.01702	0.01091	0.00760	0.00750	0.00239	0.01188	0.00622	0.00369	0.01147
1	0.24247	0.02173	0.01638	0.01491	0.01917	0.19982	0.01154	0.03126	0.18355	0.03087	0.02034	0.02138	0.01580	0.00921	0.00678	0.00241	0.00843	0.00656	0.12731	0.01007
2	0.02312	0.02373	0.01711	0.01536	0.01918	0.29520	0.01173	0.11069	0.02348	0.02751	0.03321	0.03391	0.16212	0.01188	0.00781	0.00230	0.00945	0.00895	0.15395	0.00929
3	0.02288	0.02617	0.02312	0.02058	0.02260	0.30105	0.01630	0.02498	0.01743	0.02005	0.01315	0.01861	0.01205	0.01794	0.09960	0.00421	0.31951	0.00665	0.00401	0.00911
4	0.01813	0.22063	0.50022	0.02117	0.03208	0.02289	0.02632	0.02593	0.01736	0.02452	0.01402	0.01642	0.01056	0.00768	0.00721	0.00240	0.01138	0.00569	0.00352	0.01185
5	0.02010	0.01973	0.03502	0.09309	0.53835	0.01981	0.10022	0.02534	0.01884	0.02667	0.01571	0.02090	0.01295	0.00741	0.00843	0.00253	0.01047	0.00770	0.00409	0.01264
6	0.01954	0.01892	0.03082	0.09441	0.43992	0.02115	0.02336	0.02369	0.01709	0.02477	0.01431	0.02006	0.01239	0.00937	0.01328	0.00280	0.19105	0.00737	0.00395	0.01176
7	0.01381	0.01239	0.01192	0.01132	0.01456	0.04259	0.00853	0.02149	0.18382	0.02531	0.06468	0.06267	0.42661	0.05005	0.01087	0.00302	0.00553	0.01454	0.00762	0.00867
8	0.01012	0.00723	0.00964	0.01157	0.01205	0.00675	0.00771	0.01157	0.01591	0.02121	0.04579	0.70262	0.05495	0.02603	0.01060	0.00337	0.00482	0.02362	0.00771	0.00675
9	0.01848	0.01823	0.02799	0.41379	0.27066	0.06322	0.02347	0.02357	0.01791	0.02329	0.01495	0.02109	0.01180	0.00800	0.00822	0.00262	0.01090	0.00725	0.00388	0.01067
10	0.01566	0.01497	0.01537	0.01494	0.01698	0.14176	0.01150	0.01846	0.01537	0.01949	0.02039	0.02914	0.01878	0.05168	0.54309	0.01113	0.02081	0.00820	0.00442	0.00786
11	0.15026	0.02011	0.06888	0.02068	0.10206	0.01895	0.01582	0.21899	0.02593	0.24424	0.02188	0.02152	0.01502	0.00923	0.00777	0.00254	0.00834	0.00717	0.00757	0.01304

[dist]
# distance from previous block
# <min> <max>
0	1

[block]
# block no. 5 follows, 22 sequences, length 13
# corresponding to MSA columns:
# 118-130
name=unknown_F
#
# <colnr> <probs for GDERKNQSTAVLIFYWHMCP>
#	G	D	E	R	K	N	Q	S	T	A	V	L	I	F	Y	W	H	M	C	P
0	0.01009	0.00736	0.00950	0.01121	0.01196	0.00678	0.00755	0.01161	0.01625	0.02135	0.05011	0.63244	0.12233	0.02546	0.01051	0.00331	0.00475	0.02293	0.00771	0.00678
1	0.01220	0.00792	0.00881	0.00912	0.01031	0.00754	0.00608	0.01404	0.01597	0.02291	0.07279	0.16741	0.14668	0.24672	0.01968	0.00441	0.00549	0.01412	0.20126	0.00654
2	0.03103	0.03959	0.02354	0.02140	0.02568	0.67469	0.01605	0.03317	0.02354	0.02033	0.01284	0.01498	0.01070	0.00856	0.00749	0.00214	0.01498	0.00535	0.00428	0.00963
3	0.01986	0.23476	0.30261	0.02171	0.06138	0.09655	0.04604	0.02575	0.01785	0.02316	0.01437	0.01753	0.01159	0.01187	0.05866	0.00315	0.01230	0.00598	0.00374	0.01113
4	0.01344	0.01121	0.01757	0.01587	0.01835	0.01074	0.11692	0.05940	0.01828	0.02426	0.04067	0.45042	0.08883	0.05789	0.01194	0.00342	0.00688	0.01892	0.00699	0.00800
5	0.02829	0.03435	0.02191	0.01989	0.02358	0.54944	0.01506	0.03060	0.02202	0.02150	0.01430	0.01703	0.01191	0.00915	0.00883	0.00223	0.06602	0.00577	0.08875	0.00938
6	0.01262	0.00996	0.01172	0.01242	0.01456	0.00995	0.00938	0.01884	0.13598	0.02474	0.05319	0.30577	0.20376	0.02138	0.01014	0.00320	0.00549	0.12087	0.00784	0.00819
7	0.01845	0.01692	0.02815	0.04142	0.48946	0.01688	0.02193	0.02293	0.01873	0.02628	0.02314	0.08415	0.02270	0.01168	0.00901	0.00279	0.00908	0.11960	0.00504	0.01166
8	0.01800	0.01350	0.01636	0.01446	0.01630	0.01593	0.01123	0.13300	0.01898	0.02804	0.02247	0.08107	0.02133	0.13866	0.06257	0.00442	0.18628	0.00962	0.17905	0.00873
9	0.01261	0.00955	0.01157	0.01143	0.01345	0.00870	0.00782	0.01538	0.04909	0.02197	0.03419	0.37468	0.03881	0.17917	0.01691	0.00399	0.00594	0.01632	0.00656	0.16187
10	0.01890	0.02864	0.25631	0.03619	0.23574	0.02001	0.22999	0.02615	0.01868	0.02668	0.01578	0.02014	0.01206	0.00744	0.00864	0.00264	0.01209	0.00778	0.00393	0.01220
11	0.02840	0.03444	0.02497	0.02627	0.13638	0.50943	0.01749	0.03266	0.06990	0.02263	0.01493	0.01719	0.01225	0.00856	0.00769	0.00225	0.01344	0.00602	0.00457	0.01052
12	0.01844	0.01757	0.02989	0.32828	0.39551	0.01918	0.02444	0.02364	0.01791	0.02457	0.01525	0.02125	0.01225	0.00780	0.00826	0.00260	0.01039	0.00739	0.00393	0.01145

[dist]
# distance from previous block
# <min> <max>
0	1

[block]
# block no. 6 follows, 22 sequences, length 27
# corresponding to MSA columns:
# 132-158
name=unknown_G
#
# <colnr> <probs for GDERKNQSTAVLIFYWHMCP>
#	G	D	E	R	K	N	Q	S	T	A	V	L	I	F	Y	W	H	M	C	P
0	0.25337	0.28267	0.23065	0.01618	0.02431	0.02412	0.01780	0.02519	0.01623	0.02723	0.01262	0.01471	0.01010	0.00755	0.00608	0.00230	0.00919	0.00500	0.00404	0.01065
1	0.05629	0.07349	0.40354	0.02191	0.03110	0.22497	0.02430	0.02830	0.01923	0.02462	0.01394	0.01634	0.01051	0.00805	0.00751	0.00243	0.01269	0.00573	0.00383	0.01122
2	0.05814	0.17000	0.29844	0.05678	0.02931	0.02012	0.02094	0.02941	0.01885	0.19442	0.01881	0.01961	0.01319	0.00838	0.00739	0.00244	0.00985	0.00638	0.00541	0.01211
3	0.01335	0.00807	0.00886	0.00886	0.01049	0.00803	0.00633	0.01601	0.01605	0.02495	0.03595	0.04430	0.13016	0.16187	0.10149	0.00483	0.00719	0.01045	0.37574	0.00702
4	0.01717	0.03993	0.58246	0.02725	0.11706	0.01935	0.03001	0.02620	0.01772	0.02642	0.01500	0.01793	0.01087	0.00783	0.00794	0.00261	0.01196	0.00630	0.00359	0.01239
5	0.01012	0.00723	0.00964	0.01157	0.01205	0.00675	0.00771	0.01157	0.01591	0.02121	0.04579	0.70262	0.05495	0.02603	0.01060	0.00337	0.00482	0.02362	0.00771	0.00675
6	0.03103	0.03959	0.02354	0.02140	0.02568	0.67469	0.01605	0.03317	0.02354	0.02033	0.01284	0.01498	0.01070	0.00856	0.00749	0.00214	0.01498	0.00535	0.00428	0.00963
7	0.02345	0.01923	0.02035	0.01747	0.02266	0.02196	0.01382	0.19317	0.48765	0.03924	0.03028	0.02818	0.02250	0.01094	0.00842	0.00273	0.00723	0.00890	0.00842	0.01340
8	0.01325	0.01263	0.01119	0.01113	0.01384	0.09473	0.00851	0.01556	0.01945	0.02267	0.09229	0.07125	0.43570	0.05140	0.01124	0.00309	0.00623	0.09125	0.00720	0.00738
9	0.02476	0.01988	0.02109	0.01773	0.02316	0.02257	0.01414	0.26323	0.41547	0.04135	0.02861	0.02685	0.02115	0.01078	0.00840	0.00270	0.00754	0.00868	0.00840	0.01352
10	0.02065	0.01809	0.02074	0.02136	0.10458	0.02054	0.01476	0.04171	0.55984	0.03376	0.03143	0.02963	0.02376	0.01076	0.00842	0.00277	0.00701	0.00913	0.00789	0.01315
11	0.01368	0.01003	0.01342	0.01460	0.01674	0.01013	0.01243	0.01905	0.06827	0.02706	0.14628	0.08346	0.05125	0.02103	0.01096	0.00354	0.00693	0.45507	0.00797	0.00811
12	0.00982	0.00842	0.00842	0.00842	0.01122	0.00701	0.00631	0.01192	0.01894	0.02244	0.08416	0.07995	0.65285	0.02104	0.00982	0.00281	0.00421	0.01753	0.00771	0.00701
13	0.01799	0.01863	0.03269	0.19585	0.03760	0.02227	0.20961	0.02238	0.01587	0.02238	0.01374	0.02051	0.01148	0.01059	0.01697	0.00315	0.30659	0.00809	0.00383	0.00979
14	0.01265	0.00933	0.01237	0.01389	0.01598	0.00904	0.01193	0.01613	0.01909	0.02436	0.05223	0.09088	0.17203	0.02256	0.01113	0.00362	0.00694	0.48066	0.00766	0.00752
15	0.02710	0.03329	0.02145	0.01975	0.02346	0.53830	0.01489	0.02941	0.02145	0.02012	0.01477	0.01861	0.01277	0.01960	0.14456	0.00444	0.01647	0.00608	0.00432	0.00918
16	0.03158	0.02327	0.02493	0.01911	0.02576	0.02576	0.01579	0.62852	0.03906	0.05236	0.01995	0.01995	0.01413	0.00997	0.00831	0.00249	0.00914	0.00748	0.00831	0.01413
17	0.02051	0.50825	0.23347	0.01711	0.02579	0.02872	0.01925	0.02531	0.01708	0.02161	0.01258	0.01461	0.01062	0.00735	0.00611	0.00204	0.00992	0.00496	0.00354	0.01116
18	0.01557	0.01901	0.15552	0.01918	0.10178	0.05049	0.01514	0.01956	0.01594	0.02279	0.02196	0.06530	0.02090	0.17664	0.14295	0.00579	0.01161	0.00921	0.10185	0.00882
19	0.40132	0.18144	0.15401	0.01489	0.02189	0.05954	0.01504	0.02541	0.01600	0.03002	0.01232	0.01437	0.00979	0.00766	0.00588	0.00238	0.00868	0.00487	0.00440	0.01009
20	0.02900	0.02139	0.02342	0.01836	0.02433	0.02375	0.01508	0.54828	0.03570	0.04803	0.02025	0.02160	0.01500	0.01682	0.09550	0.00391	0.01086	0.00767	0.00781	0.01325
21	0.02336	0.62499	0.04092	0.01515	0.02189	0.11679	0.01445	0.02596	0.01775	0.01965	0.01172	0.01354	0.01067	0.00730	0.00561	0.00182	0.00968	0.00456	0.00365	0.01053
22	0.02056	0.01974	0.03372	0.05099	0.65622	0.01974	0.02550	0.02550	0.01892	0.02714	0.01563	0.02056	0.01316	0.00740	0.00822	0.00247	0.00987	0.00740	0.00411	0.01316
23	0.02048	0.50382	0.23757	0.01717	0.02589	0.02863	0.01936	0.02532	0.01709	0.02166	0.01260	0.01464	0.01062	0.00735	0.00613	0.00204	0.00994	0.00497	0.00354	0.01117
24	0.07066	0.03385	0.02938	0.02427	0.02965	0.47005	0.17120	0.03099	0.02199	0.02291	0.01378	0.01679	0.01109	0.00811	0.00794	0.00233	0.01424	0.00644	0.00431	0.01000
25	0.17157	0.14917	0.35599	0.01867	0.02762	0.05878	0.02146	0.02554	0.01738	0.02741	0.04572	0.01810	0.01367	0.00822	0.00697	0.00244	0.01024	0.00592	0.00418	0.01096
26	0.01709	0.01604	0.05469	0.10332	0.02449	0.01639	0.01412	0.03132	0.33036	0.03156	0.18842	0.04057	0.03744	0.01281	0.00892	0.00281	0.00688	0.04419	0.00767	0.01092

[dist]
# distance from previous block
# <min> <max>
0	1

[block]
# block no. 7 follows, 22 sequences, length 9
# corresponding to MSA columns:
# 160-168
name=unknown_H
#
# <colnr> <probs for GDERKNQSTAVLIFYWHMCP>
#	G	D	E	R	K	N	Q	S	T	A	V	L	I	F	Y	W	H	M	C	P
0	0.01780	0.04610	0.01415	0.01091	0.01527	0.01014	0.00870	0.02062	0.02022	0.16592	0.12796	0.05418	0.32113	0.01538	0.00875	0.00246	0.00532	0.01277	0.00785	0.11439
1	0.02106	0.01281	0.01646	0.01687	0.09370	0.01208	0.01151	0.02699	0.10657	0.21772	0.11732	0.04853	0.23501	0.01437	0.00900	0.00267	0.00604	0.01215	0.00831	0.01083
2	0.02370	0.02784	0.02772	0.20463	0.03628	0.32608	0.10383	0.02741	0.01980	0.02142	0.01369	0.01836	0.01109	0.00900	0.01043	0.00258	0.09567	0.00676	0.00403	0.00968
3	0.01729	0.11826	0.59517	0.02261	0.03431	0.02082	0.02884	0.02615	0.01747	0.02555	0.01453	0.01707	0.01054	0.00780	0.00760	0.00253	0.01190	0.00595	0.00351	0.01210
4	0.02052	0.02533	0.12583	0.03454	0.32114	0.13727	0.02208	0.02522	0.01841	0.02428	0.01565	0.02061	0.01322	0.01566	0.10097	0.00400	0.05281	0.00703	0.00407	0.01136
5	0.02872	0.02740	0.11142	0.01860	0.02477	0.22647	0.01629	0.10608	0.08009	0.20156	0.05866	0.02375	0.01905	0.00984	0.00810	0.00246	0.01034	0.00746	0.00695	0.01198
6	0.02407	0.57123	0.03932	0.01573	0.02224	0.16803	0.01460	0.02662	0.01828	0.01971	0.01182	0.01367	0.01067	0.00741	0.00579	0.00185	0.01017	0.00463	0.00371	0.01044
7	0.01073	0.00723	0.00981	0.01146	0.01188	0.00681	0.00764	0.01146	0.01519	0.02026	0.04139	0.60755	0.04926	0.02642	0.01367	0.10933	0.00516	0.02131	0.00714	0.00631
8	0.01236	0.00850	0.01083	0.01059	0.01258	0.00772	0.00781	0.01551	0.02143	0.05856	0.42794	0.18673	0.15027	0.01898	0.00989	0.00278	0.00428	0.01672	0.00872	0.00781

[dist]
# distance from previous block
# <min> <max>
0	1

[block]
# block no. 8 follows, 22 sequences, length 8
# corresponding to MSA columns:
# 170-177
name=unknown_I
#
# <colnr> <probs for GDERKNQSTAVLIFYWHMCP>
#	G	D	E	R	K	N	Q	S	T	A	V	L	I	F	Y	W	H	M	C	P
0	0.21360	0.28087	0.18447	0.01558	0.02276	0.02308	0.01644	0.02389	0.01590	0.02580	0.01368	0.01676	0.01143	0.01419	0.08754	0.00360	0.01071	0.00542	0.00407	0.01023
1	0.02771	0.03279	0.02017	0.01848	0.02226	0.53217	0.01386	0.03022	0.02223	0.02261	0.01589	0.01840	0.01296	0.00880	0.00713	0.00210	0.01261	0.00586	0.16452	0.00923
2	0.01460	0.01149	0.01562	0.01976	0.17065	0.01051	0.01165	0.01741	0.01893	0.07257	0.05869	0.13727	0.37416	0.01747	0.00941	0.00277	0.00589	0.01508	0.00703	0.00904
3	0.02314	0.02462	0.03122	0.04372	0.50121	0.18075	0.02317	0.02738	0.02005	0.02547	0.01494	0.01919	0.01255	0.00769	0.00804	0.00239	0.01113	0.00690	0.00415	0.01229
4	0.01747	0.07351	0.11514	0.03322	0.33525	0.01762	0.04903	0.02227	0.01861	0.02526	0.03212	0.03428	0.16984	0.01078	0.00842	0.00254	0.00893	0.00961	0.00488	0.01124
5	0.01300	0.01097	0.01593	0.02063	0.17066	0.01066	0.01215	0.01590	0.01759	0.02356	0.08830	0.21885	0.19865	0.02522	0.11475	0.00452	0.00859	0.01508	0.00642	0.00858
6	0.02235	0.07215	0.02619	0.02673	0.17841	0.14789	0.01761	0.03226	0.22554	0.02669	0.02010	0.02206	0.01621	0.01002	0.01096	0.00266	0.11760	0.00744	0.00547	0.01166
7	0.01463	0.00934	0.01079	0.00992	0.01309	0.00804	0.00762	0.01736	0.02083	0.12617	0.21559	0.06739	0.41172	0.01834	0.00958	0.00272	0.00459	0.01547	0.00847	0.00834

[dist]
# distance from previous block
# <min> <max>
10	22

[block]
# block no. 9 follows, 22 sequences, length 8
# corresponding to MSA columns:
# 200-207
name=unknown_J
#
# <colnr> <probs for GDERKNQSTAVLIFYWHMCP>
#	G	D	E	R	K	N	Q	S	T	A	V	L	I	F	Y	W	H	M	C	P
0	0.02356	0.02733	0.17423	0.02547	0.13441	0.13323	0.02042	0.03106	0.10733	0.11704	0.01937	0.02115	0.01460	0.00965	0.01066	0.00267	0.10331	0.00715	0.00544	0.01193
1	0.01197	0.00900	0.01017	0.01026	0.01171	0.00877	0.00692	0.01546	0.07711	0.02223	0.11119	0.17526	0.19335	0.27458	0.02183	0.00483	0.00594	0.01554	0.00695	0.00692
2	0.01220	0.01002	0.01269	0.01488	0.08062	0.00951	0.00955	0.01640	0.06983	0.02502	0.13690	0.26368	0.26785	0.01982	0.00978	0.00292	0.00515	0.01737	0.00759	0.00819
3	0.06680	0.02276	0.02313	0.01991	0.05227	0.10630	0.01527	0.35477	0.02883	0.03867	0.01772	0.02182	0.01436	0.07235	0.01363	0.00310	0.10264	0.00743	0.00651	0.01174
4	0.02475	0.02546	0.02376	0.05315	0.13352	0.23709	0.01643	0.11183	0.10741	0.02908	0.01757	0.01951	0.01389	0.00848	0.00765	0.00220	0.01041	0.00655	0.00546	0.14580
5	0.02547	0.07605	0.02517	0.02453	0.15550	0.18735	0.01643	0.13044	0.02291	0.09477	0.01834	0.02145	0.01465	0.01828	0.12756	0.00430	0.01291	0.00703	0.00554	0.01130
6	0.02160	0.21261	0.11648	0.01657	0.02256	0.13344	0.01537	0.12819	0.02214	0.02691	0.02719	0.09722	0.10324	0.01186	0.00775	0.00239	0.00939	0.00917	0.00550	0.01041
7	0.01520	0.01820	0.13097	0.01776	0.02334	0.01329	0.12326	0.02099	0.04711	0.02713	0.17444	0.04220	0.06706	0.08553	0.01247	0.00314	0.00830	0.05234	0.00607	0.11120

[dist]
# distance from previous block
# <min> <max>
4	64

[block]
# block no. 10 follows, 22 sequences, length 10
# corresponding to MSA columns:
# 272-281
name=unknown_K
#
# <colnr> <probs for GDERKNQSTAVLIFYWHMCP>
#	G	D	E	R	K	N	Q	S	T	A	V	L	I	F	Y	W	H	M	C	P
0	0.36280	0.01920	0.06144	0.01615	0.02161	0.05609	0.08830	0.06179	0.05206	0.03362	0.07724	0.02246	0.01852	0.01136	0.03601	0.00304	0.00879	0.00709	0.03260	0.00984
1	0.22695	0.02401	0.02023	0.01684	0.02207	0.18625	0.01346	0.19238	0.02366	0.03454	0.01455	0.01647	0.01140	0.00888	0.00843	0.00235	0.06194	0.00580	0.00565	0.10413
2	0.02410	0.10877	0.02651	0.02445	0.15603	0.11531	0.01653	0.15732	0.19018	0.03234	0.02361	0.02423	0.04506	0.00972	0.00791	0.00245	0.00918	0.00775	0.00627	0.01227
3	0.02033	0.09353	0.15610	0.01692	0.02303	0.16276	0.01595	0.08098	0.05183	0.02747	0.10573	0.03268	0.12008	0.01142	0.00807	0.00239	0.00938	0.00890	0.00580	0.04665
4	0.02321	0.02499	0.02116	0.02024	0.06332	0.28416	0.01481	0.09982	0.02173	0.02487	0.02453	0.02757	0.09857	0.01872	0.10528	0.00408	0.09995	0.00813	0.00517	0.00969
5	0.01643	0.06436	0.14791	0.01439	0.01900	0.01507	0.01333	0.10014	0.05221	0.02538	0.03013	0.04012	0.10700	0.24453	0.07055	0.00520	0.00960	0.01011	0.00557	0.00899
6	0.02501	0.02482	0.02771	0.09462	0.27719	0.18309	0.02022	0.15422	0.05842	0.03060	0.01676	0.01978	0.01323	0.00852	0.00808	0.00244	0.01091	0.00702	0.00523	0.01212
7	0.02657	0.02578	0.02417	0.02644	0.17510	0.25863	0.01705	0.03519	0.18655	0.10849	0.02165	0.02229	0.01646	0.00922	0.00803	0.00245	0.01050	0.00730	0.00612	0.01199
8	0.02390	0.02434	0.02914	0.03118	0.22615	0.18414	0.09981	0.13138	0.02299	0.02878	0.01666	0.02081	0.01359	0.01494	0.09147	0.00379	0.01312	0.00741	0.00494	0.01147
9	0.06054	0.18849	0.02668	0.01690	0.02292	0.15956	0.01406	0.17893	0.10714	0.03168	0.01729	0.01817	0.01362	0.00859	0.00703	0.00214	0.00945	0.00611	0.00579	0.10490

[dist]
# distance from previous block
# <min> <max>
43	98

[block]
# block no. 11 follows, 22 sequences, length 30
# corresponding to MSA columns:
# 406-435
name=unknown_L
#
# <colnr> <probs for GDERKNQSTAVLIFYWHMCP>
#	G	D	E	R	K	N	Q	S	T	A	V	L	I	F	Y	W	H	M	C	P
0	0.02094	0.01926	0.02532	0.15337	0.19427	0.05654	0.01912	0.10475	0.15038	0.02937	0.02029	0.04946	0.01669	0.01036	0.01063	0.00276	0.09098	0.00834	0.00557	0.01160
1	0.02459	0.31980	0.06579	0.02262	0.11647	0.24576	0.01727	0.02869	0.04737	0.02194	0.01375	0.01595	0.01169	0.00787	0.00675	0.00209	0.01115	0.00549	0.00410	0.01087
2	0.03066	0.03393	0.02445	0.02225	0.05769	0.45646	0.01646	0.20252	0.02773	0.02981	0.01501	0.01668	0.01180	0.00890	0.00776	0.00226	0.01306	0.00606	0.00542	0.01109
3	0.02436	0.02125	0.01989	0.01694	0.02132	0.15085	0.01343	0.28498	0.02707	0.03459	0.02298	0.02608	0.05054	0.02393	0.18205	0.00524	0.01321	0.00798	0.04254	0.01077
4	0.01935	0.01481	0.04335	0.01391	0.01873	0.01371	0.01147	0.02977	0.23550	0.13008	0.09939	0.04430	0.16098	0.01349	0.00870	0.00262	0.00615	0.03487	0.00803	0.09078
5	0.02770	0.24680	0.02945	0.01892	0.02410	0.43812	0.01531	0.03124	0.05727	0.02092	0.01366	0.01540	0.01154	0.00827	0.00688	0.00207	0.01261	0.00530	0.00430	0.01015
6	0.02067	0.45972	0.06316	0.01338	0.01923	0.06086	0.01292	0.02396	0.01742	0.02290	0.01584	0.01822	0.01343	0.00790	0.00570	0.00188	0.00808	0.00543	0.19939	0.00992
7	0.01852	0.01423	0.01597	0.01380	0.01762	0.01501	0.01082	0.18089	0.15177	0.03741	0.30171	0.04671	0.11218	0.01443	0.00914	0.00264	0.00585	0.01219	0.00864	0.01046
8	0.01081	0.00845	0.00979	0.00945	0.01183	0.00743	0.00709	0.01383	0.02127	0.02798	0.37332	0.07083	0.36024	0.01897	0.00981	0.00271	0.00406	0.01625	0.00844	0.00743
9	0.01187	0.00890	0.01335	0.01335	0.01483	0.01038	0.01038	0.01483	0.01335	0.01928	0.02225	0.03264	0.02077	0.06231	0.67512	0.01335	0.02225	0.00890	0.00445	0.00742
10	0.02056	0.01974	0.03372	0.05099	0.65622	0.01974	0.02550	0.02550	0.01892	0.02714	0.01563	0.02056	0.01316	0.00740	0.00822	0.00247	0.00987	0.00740	0.00411	0.01316
11	0.01549	0.00774	0.00774	0.00774	0.00968	0.00774	0.00581	0.01936	0.01742	0.03097	0.02710	0.03097	0.02129	0.00968	0.00581	0.00194	0.00387	0.00774	0.75416	0.00774
12	0.01666	0.04297	0.66500	0.02368	0.03596	0.01929	0.03069	0.02631	0.01754	0.02631	0.01491	0.01754	0.01052	0.00789	0.00789	0.00263	0.01228	0.00614	0.00351	0.01228
13	0.02109	0.57778	0.16898	0.01612	0.02428	0.03013	0.01754	0.02516	0.01701	0.02091	0.01223	0.01418	0.01063	0.00727	0.00585	0.00195	0.00957	0.00478	0.00354	0.01099
14	0.02769	0.02841	0.19190	0.02030	0.02842	0.02407	0.01968	0.47143	0.03345	0.04556	0.01863	0.01932	0.01319	0.00943	0.00820	0.00253	0.00996	0.00713	0.00706	0.01365
15	0.00982	0.00842	0.00842	0.00842	0.01122	0.00701	0.00631	0.01192	0.01894	0.02244	0.08416	0.07995	0.65285	0.02104	0.00982	0.00281	0.00421	0.01753	0.00771	0.00701
16	0.01723	0.01477	0.01723	0.01230	0.01969	0.01107	0.00984	0.02092	0.01723	0.02707	0.01477	0.01723	0.01230	0.00615	0.00615	0.00123	0.00615	0.00492	0.00492	0.75883
17	0.01012	0.00723	0.00964	0.01157	0.01205	0.00675	0.00771	0.01157	0.01591	0.02121	0.04579	0.70262	0.05495	0.02603	0.01060	0.00337	0.00482	0.02362	0.00771	0.00675
18	0.76672	0.01607	0.01221	0.01092	0.01607	0.01864	0.00900	0.02442	0.01414	0.03727	0.01157	0.01350	0.00900	0.00771	0.00514	0.00257	0.00643	0.00450	0.00514	0.00900
19	0.02066	0.01785	0.01878	0.01691	0.02160	0.02066	0.01315	0.04414	0.64121	0.03475	0.03381	0.03099	0.02536	0.01127	0.00845	0.00282	0.00657	0.00939	0.00845	0.01315
20	0.00982	0.00842	0.00842	0.00842	0.01122	0.00701	0.00631	0.01192	0.01894	0.02244	0.08416	0.07995	0.65285	0.02104	0.00982	0.00281	0.00421	0.01753	0.00771	0.00701
21	0.01012	0.00723	0.00964	0.01157	0.01205	0.00675	0.00771	0.01157	0.01591	0.02121	0.04579	0.70262	0.05495	0.02603	0.01060	0.00337	0.00482	0.02362	0.00771	0.00675
22	0.03103	0.03959	0.02354	0.02140	0.02568	0.67469	0.01605	0.03317	0.02354	0.02033	0.01284	0.01498	0.01070	0.00856	0.00749	0.00214	0.01498	0.00535	0.00428	0.00963
23	0.01018	0.00836	0.00852	0.00852	0.01088	0.00718	0.00611	0.01195	0.01785	0.02144	0.07499	0.07591	0.55443	0.12963	0.01495	0.00363	0.00482	0.01667	0.00729	0.00670
24	0.01855	0.01928	0.03159	0.02525	0.02745	0.02429	0.17674	0.02172	0.01452	0.02172	0.01244	0.01928	0.01135	0.01257	0.02271	0.00342	0.51576	0.00793	0.00378	0.00964
25	0.02873	0.21526	0.02876	0.01953	0.02454	0.50727	0.01557	0.03101	0.02180	0.02013	0.01250	0.01455	0.01069	0.00818	0.00693	0.00205	0.01339	0.00511	0.00409	0.00990
26	0.01012	0.00723	0.00964	0.01157	0.01205	0.00675	0.00771	0.01157	0.01591	0.02121	0.04579	0.70262	0.05495	0.02603	0.01060	0.00337	0.00482	0.02362	0.00771	0.00675
27	0.02186	0.67058	0.08292	0.01481	0.02225	0.03201	0.01526	0.02497	0.01692	0.01997	0.01176	0.01359	0.01065	0.00716	0.00549	0.00183	0.00910	0.00455	0.00355	0.01076
28	0.02804	0.02939	0.02174	0.01868	0.02354	0.35475	0.01450	0.23164	0.02811	0.03150	0.02594	0.02641	0.10817	0.01091	0.00812	0.00236	0.01139	0.00790	0.00616	0.01076
29	0.02774	0.03227	0.02419	0.02126	0.02468	0.43613	0.01658	0.09323	0.02237	0.02366	0.01309	0.01634	0.01112	0.01027	0.01274	0.00257	0.19118	0.00608	0.00454	0.00997

[dist]
# distance from previous block
# <min> <max>
0	16

[block]
# block no. 12 follows, 22 sequences, length 141
# corresponding to MSA columns:
# 452-592
name=unknown_M
#
# <colnr> <probs for GDERKNQSTAVLIFYWHMCP>
#	G	D	E	R	K	N	Q	S	T	A	V	L	I	F	Y	W	H	M	C	P
0	0.02870	0.03431	0.02591	0.02797	0.16802	0.49492	0.01817	0.06074	0.02326	0.02344	0.01382	0.01649	0.01142	0.00837	0.00770	0.00223	0.01354	0.00592	0.00444	0.01065
1	0.05064	0.01115	0.01275	0.01143	0.01476	0.01088	0.00900	0.02001	0.04729	0.13843	0.09120	0.05869	0.39192	0.01724	0.01094	0.00282	0.07034	0.01383	0.00777	0.00889
2	0.01012	0.00723	0.00964	0.01157	0.01205	0.00675	0.00771	0.01157	0.01591	0.02121	0.04579	0.70262	0.05495	0.02603	0.01060	0.00337	0.00482	0.02362	0.00771	0.00675
3	0.02066	0.01785	0.01878	0.01691	0.02160	0.02066	0.01315	0.04414	0.64121	0.03475	0.03381	0.03099	0.02536	0.01127	0.00845	0.00282	0.00657	0.00939	0.00845	0.01315
4	0.02066	0.01785	0.01878	0.01691	0.02160	0.02066	0.01315	0.04414	0.64121	0.03475	0.03381	0.03099	0.02536	0.01127	0.00845	0.00282	0.00657	0.00939	0.00845	0.01315
5	0.01176	0.00849	0.01110	0.01045	0.01241	0.00784	0.00784	0.01568	0.02352	0.03331	0.65184	0.06206	0.07839	0.01698	0.00980	0.00261	0.00392	0.01502	0.00914	0.00784
6	0.01339	0.00956	0.01339	0.01530	0.01721	0.00956	0.01339	0.01721	0.01912	0.02486	0.04399	0.09371	0.04781	0.02295	0.01147	0.00382	0.00765	0.60031	0.00765	0.00765
7	0.01012	0.00723	0.00964	0.01157	0.01205	0.00675	0.00771	0.01157	0.01591	0.02121	0.04579	0.70262	0.05495	0.02603	0.01060	0.00337	0.00482	0.02362	0.00771	0.00675
8	0.01569	0.01477	0.02492	0.68808	0.05722	0.01846	0.02307	0.02123	0.01661	0.02123	0.01477	0.02215	0.01107	0.00831	0.00831	0.00277	0.01107	0.00738	0.00369	0.00923
9	0.03103	0.03959	0.02354	0.02140	0.02568	0.67469	0.01605	0.03317	0.02354	0.02033	0.01284	0.01498	0.01070	0.00856	0.00749	0.00214	0.01498	0.00535	0.00428	0.00963
10	0.00982	0.00842	0.00842	0.00842	0.01122	0.00701	0.00631	0.01192	0.01894	0.02244	0.08416	0.07995	0.65285	0.02104	0.00982	0.00281	0.00421	0.01753	0.00771	0.00701
11	0.01723	0.01477	0.01723	0.01230	0.01969	0.01107	0.00984	0.02092	0.01723	0.02707	0.01477	0.01723	0.01230	0.00615	0.00615	0.00123	0.00615	0.00492	0.00492	0.75883
12	0.03103	0.03959	0.02354	0.02140	0.02568	0.67469	0.01605	0.03317	0.02354	0.02033	0.01284	0.01498	0.01070	0.00856	0.00749	0.00214	0.01498	0.00535	0.00428	0.00963
13	0.02056	0.01974	0.03372	0.05099	0.65622	0.01974	0.02550	0.02550	0.01892	0.02714	0.01563	0.02056	0.01316	0.00740	0.00822	0.00247	0.00987	0.00740	0.00411	0.01316
14	0.01187	0.00890	0.01335	0.01335	0.01483	0.01038	0.01038	0.01483	0.01335	0.01928	0.02225	0.03264	0.02077	0.06231	0.67512	0.01335	0.02225	0.00890	0.00445	0.00742
15	0.02066	0.01785	0.01878	0.01691	0.02160	0.02066	0.01315	0.04414	0.64121	0.03475	0.03381	0.03099	0.02536	0.01127	0.00845	0.00282	0.00657	0.00939	0.00845	0.01315
16	0.01961	0.02241	0.04902	0.03501	0.04342	0.02101	0.62605	0.02661	0.01961	0.02661	0.01681	0.02241	0.01261	0.00700	0.00980	0.00280	0.01401	0.00980	0.00420	0.01120
17	0.02780	0.03346	0.02668	0.03054	0.22031	0.47253	0.01897	0.03080	0.02211	0.02243	0.01370	0.01670	0.01146	0.00820	0.00772	0.00224	0.01340	0.00598	0.00423	0.01072
18	0.01339	0.00956	0.01339	0.01530	0.01721	0.00956	0.01339	0.01721	0.01912	0.02486	0.04399	0.09371	0.04781	0.02295	0.01147	0.00382	0.00765	0.60031	0.00765	0.00765
19	0.01012	0.00723	0.00964	0.01157	0.01205	0.00675	0.00771	0.01157	0.01591	0.02121	0.04579	0.70262	0.05495	0.02603	0.01060	0.00337	0.00482	0.02362	0.00771	0.00675
20	0.01339	0.00956	0.01339	0.01530	0.01721	0.00956	0.01339	0.01721	0.01912	0.02486	0.04399	0.09371	0.04781	0.02295	0.01147	0.00382	0.00765	0.60031	0.00765	0.00765
21	0.02562	0.47315	0.03625	0.01646	0.02266	0.23004	0.01469	0.02815	0.01925	0.04922	0.01292	0.01452	0.01113	0.00770	0.00614	0.00193	0.01068	0.00490	0.00409	0.01050
22	0.01176	0.00849	0.01110	0.01045	0.01241	0.00784	0.00784	0.01568	0.02352	0.03331	0.65184	0.06206	0.07839	0.01698	0.00980	0.00261	0.00392	0.01502	0.00914	0.00784
23	0.01322	0.00951	0.01315	0.01497	0.01693	0.00944	0.01305	0.01696	0.01912	0.02475	0.04589	0.09306	0.07648	0.02286	0.01140	0.00378	0.00749	0.57269	0.00765	0.00762
24	0.03103	0.03959	0.02354	0.02140	0.02568	0.67469	0.01605	0.03317	0.02354	0.02033	0.01284	0.01498	0.01070	0.00856	0.00749	0.00214	0.01498	0.00535	0.00428	0.00963
25	0.01686	0.04179	0.63300	0.02506	0.06740	0.01932	0.03043	0.02627	0.01761	0.02635	0.01494	0.01769	0.01066	0.00787	0.00791	0.00262	0.01216	0.00620	0.00354	0.01232
26	0.01818	0.01818	0.02545	0.02181	0.02181	0.02545	0.01818	0.01999	0.01272	0.01999	0.01091	0.01818	0.01091	0.01454	0.02726	0.00364	0.69284	0.00727	0.00364	0.00909
27	0.01208	0.00805	0.00906	0.00906	0.00906	0.00805	0.00503	0.01208	0.01208	0.01611	0.02618	0.05436	0.03020	0.70804	0.04228	0.00805	0.00805	0.01208	0.00503	0.00503
28	0.02010	0.01926	0.03288	0.11172	0.59912	0.01962	0.02526	0.02509	0.01870	0.02658	0.01554	0.02071	0.01296	0.00749	0.00823	0.00250	0.00998	0.00740	0.00407	0.01278
29	0.76672	0.01607	0.01221	0.01092	0.01607	0.01864	0.00900	0.02442	0.01414	0.03727	0.01157	0.01350	0.00900	0.00771	0.00514	0.00257	0.00643	0.00450	0.00514	0.00900
30	0.01012	0.00723	0.00964	0.01157	0.01205	0.00675	0.00771	0.01157	0.01591	0.02121	0.04579	0.70262	0.05495	0.02603	0.01060	0.00337	0.00482	0.02362	0.00771	0.00675
31	0.01187	0.00890	0.01335	0.01335	0.01483	0.01038	0.01038	0.01483	0.01335	0.01928	0.02225	0.03264	0.02077	0.06231	0.67512	0.01335	0.02225	0.00890	0.00445	0.00742
32	0.02221	0.71304	0.04353	0.01421	0.02132	0.03287	0.01421	0.02488	0.01688	0.01955	0.01155	0.01333	0.01066	0.00711	0.00533	0.00178	0.00888	0.00444	0.00355	0.01066
33	0.01208	0.00805	0.00906	0.00906	0.00906	0.00805	0.00503	0.01208	0.01208	0.01611	0.02618	0.05436	0.03020	0.70804	0.04228	0.00805	0.00805	0.01208	0.00503	0.00503
34	0.01208	0.00805	0.00906	0.00906	0.00906	0.00805	0.00503	0.01208	0.01208	0.01611	0.02618	0.05436	0.03020	0.70804	0.04228	0.00805	0.00805	0.01208	0.00503	0.00503
35	0.01187	0.00890	0.01335	0.01335	0.01483	0.01038	0.01038	0.01483	0.01335	0.01928	0.02225	0.03264	0.02077	0.06231	0.67512	0.01335	0.02225	0.00890	0.00445	0.00742
36	0.01012	0.00723	0.00964	0.01157	0.01205	0.00675	0.00771	0.01157	0.01591	0.02121	0.04579	0.70262	0.05495	0.02603	0.01060	0.00337	0.00482	0.02362	0.00771	0.00675
37	0.01723	0.01477	0.01723	0.01230	0.01969	0.01107	0.00984	0.02092	0.01723	0.02707	0.01477	0.01723	0.01230	0.00615	0.00615	0.00123	0.00615	0.00492	0.00492	0.75883
38	0.00982	0.00842	0.00842	0.00842	0.01122	0.00701	0.00631	0.01192	0.01894	0.02244	0.08416	0.07995	0.65285	0.02104	0.00982	0.00281	0.00421	0.01753	0.00771	0.00701
39	0.02221	0.71304	0.04353	0.01421	0.02132	0.03287	0.01421	0.02488	0.01688	0.01955	0.01155	0.01333	0.01066	0.00711	0.00533	0.00178	0.00888	0.00444	0.00355	0.01066
40	0.01208	0.00805	0.00906	0.00906	0.00906	0.00805	0.00503	0.01208	0.01208	0.01611	0.02618	0.05436	0.03020	0.70804	0.04228	0.00805	0.00805	0.01208	0.00503	0.00503
41	0.01569	0.01477	0.02492	0.68808	0.05722	0.01846	0.02307	0.02123	0.01661	0.02123	0.01477	0.02215	0.01107	0.00831	0.00831	0.00277	0.01107	0.00738	0.00369	0.00923
42	0.03103	0.03959	0.02354	0.02140	0.02568	0.67469	0.01605	0.03317	0.02354	0.02033	0.01284	0.01498	0.01070	0.00856	0.00749	0.00214	0.01498	0.00535	0.00428	0.00963
43	0.02056	0.01974	0.03372	0.05099	0.65622	0.01974	0.02550	0.02550	0.01892	0.02714	0.01563	0.02056	0.01316	0.00740	0.00822	0.00247	0.00987	0.00740	0.00411	0.01316
44	0.01549	0.00774	0.00774	0.00774	0.00968	0.00774	0.00581	0.01936	0.01742	0.03097	0.02710	0.03097	0.02129	0.00968	0.00581	0.00194	0.00387	0.00774	0.75416	0.00774
45	0.03103	0.03959	0.02354	0.02140	0.02568	0.67469	0.01605	0.03317	0.02354	0.02033	0.01284	0.01498	0.01070	0.00856	0.00749	0.00214	0.01498	0.00535	0.00428	0.00963
46	0.01176	0.00849	0.01110	0.01045	0.01241	0.00784	0.00784	0.01568	0.02352	0.03331	0.65184	0.06206	0.07839	0.01698	0.00980	0.00261	0.00392	0.01502	0.00914	0.00784
47	0.76672	0.01607	0.01221	0.01092	0.01607	0.01864	0.00900	0.02442	0.01414	0.03727	0.01157	0.01350	0.00900	0.00771	0.00514	0.00257	0.00643	0.00450	0.00514	0.00900
48	0.01187	0.00890	0.01335	0.01335	0.01483	0.01038	0.01038	0.01483	0.01335	0.01928	0.02225	0.03264	0.02077	0.06231	0.67512	0.01335	0.02225	0.00890	0.00445	0.00742
