[name]
unknown

[dist]
# distance from previous block
# <min> <max>
15	65

[block]
# block no. 0 follows, 22 sequences, length 176
# corresponding to MSA columns:
# 69-244
name=unknown_A
#
# <colnr> <probs for GDERKNQSTAVLIFYWHMCP>
#	G	D	E	R	K	N	Q	S	T	A	V	L	I	F	Y	W	H	M	C	P
0	0.05117	0.13485	0.13332	0.02273	0.12079	0.07374	0.05155	0.02514	0.01810	0.08669	0.01926	0.07232	0.01670	0.01576	0.08773	0.00371	0.01130	0.00796	0.00494	0.04224
1	0.05644	0.05552	0.07771	0.07635	0.15255	0.20005	0.01869	0.10743	0.05755	0.09329	0.01772	0.01960	0.01340	0.00867	0.00779	0.00242	0.01082	0.00671	0.00551	0.01177
2	0.05912	0.10898	0.08341	0.07450	0.05208	0.19790	0.01731	0.17063	0.07670	0.05680	0.01733	0.01880	0.01317	0.00885	0.00757	0.00238	0.01072	0.00648	0.00565	0.01160
3	0.15879	0.06220	0.29913	0.04957	0.08793	0.02049	0.02175	0.07375	0.09579	0.03093	0.01691	0.01890	0.01263	0.00837	0.00741	0.00258	0.00980	0.00643	0.00486	0.01179
4	0.07958	0.11622	0.28128	0.02497	0.13194	0.09140	0.04814	0.02543	0.01827	0.02554	0.01983	0.02220	0.06323	0.00880	0.00760	0.00246	0.01070	0.00700	0.00420	0.01119
5	0.01932	0.11691	0.04951	0.12824	0.07571	0.01592	0.01471	0.02403	0.04979	0.12348	0.05248	0.16199	0.02712	0.01308	0.00832	0.00266	0.00763	0.03559	0.06339	0.01012
6	0.14082	0.02086	0.05347	0.06238	0.33280	0.02113	0.02037	0.18893	0.02348	0.03530	0.01609	0.01922	0.01257	0.00821	0.00775	0.00251	0.00928	0.00691	0.00537	0.01256
7	0.05451	0.04985	0.05223	0.02546	0.18158	0.14607	0.01689	0.10562	0.06920	0.05729	0.01785	0.02110	0.01443	0.04356	0.00931	0.00254	0.00973	0.00683	0.00544	0.11052
8	0.01701	0.01810	0.12409	0.01781	0.08250	0.01322	0.01451	0.06946	0.01954	0.05967	0.03497	0.08953	0.16119	0.01635	0.05915	0.00321	0.00850	0.01042	0.00598	0.17480
9	0.01940	0.04842	0.02946	0.05036	0.02824	0.01911	0.20339	0.12183	0.02000	0.02759	0.01782	0.02533	0.01538	0.09129	0.09460	0.00450	0.09047	0.00847	0.00495	0.07938
10	0.05236	0.01164	0.04076	0.08935	0.05397	0.01125	0.01248	0.01778	0.01787	0.02622	0.14123	0.10039	0.05902	0.02310	0.11873	0.00457	0.00921	0.10616	0.09562	0.00829
11	0.05237	0.17517	0.22349	0.02272	0.08362	0.22358	0.02069	0.06169	0.02044	0.02504	0.01380	0.01614	0.01098	0.00800	0.00719	0.00228	0.01180	0.00567	0.00414	0.01119
12	0.08453	0.14907	0.07817	0.01960	0.02507	0.46553	0.01640	0.03058	0.02124	0.02198	0.01270	0.01480	0.01055	0.00820	0.00699	0.00215	0.01310	0.00520	0.00416	0.00997
13	0.07603	0.01534	0.01702	0.01462	0.01906	0.01605	0.01131	0.15303	0.16977	0.11272	0.02907	0.15207	0.02593	0.06958	0.01111	0.00309	0.00692	0.01096	0.00768	0.07863
14	0.01207	0.00806	0.00969	0.01018	0.01106	0.00760	0.00658	0.01316	0.01530	0.04545	0.06677	0.29417	0.12023	0.31433	0.02385	0.00523	0.00617	0.01697	0.00674	0.00639
15	0.01061	0.00825	0.00984	0.03705	0.01323	0.00759	0.00747	0.01260	0.01760	0.02247	0.12366	0.27553	0.30293	0.09648	0.01354	0.00354	0.00507	0.01824	0.00741	0.00689
16	0.02029	0.01946	0.03323	0.08666	0.62268	0.01967	0.02536	0.02526	0.01879	0.02681	0.01558	0.02065	0.01304	0.00745	0.00823	0.00248	0.00994	0.00740	0.00409	0.01294
17	0.01832	0.01100	0.01303	0.01154	0.01524	0.01018	0.00898	0.02382	0.09876	0.18176	0.21086	0.05675	0.27432	0.01618	0.00929	0.00270	0.00512	0.01365	0.00880	0.00972
18	0.01836	0.01341	0.01533	0.01436	0.01813	0.01415	0.01147	0.03049	0.29412	0.09667	0.09478	0.05419	0.14304	0.01565	0.00939	0.00297	0.00621	0.12819	0.00841	0.01066
19	0.01012	0.00723	0.00964	0.01157	0.01205	0.00675	0.00771	0.01157	0.01591	0.02121	0.04579	0.70262	0.05495	0.02603	0.01060	0.00337	0.00482	0.02362	0.00771	0.00675
20	0.01208	0.00805	0.00906	0.00906	0.00906	0.00805	0.00503	0.01208	0.01208	0.01611	0.02618	0.05436	0.03020	0.70804	0.04228	0.00805	0.00805	0.01208	0.00503	0.00503
21	0.01256	0.00921	0.01099	0.01048	0.01244	0.00874	0.00767	0.04591	0.02079	0.02809	0.34266	0.06360	0.17711	0.16145	0.01657	0.00384	0.00531	0.04729	0.00788	0.00741
22	0.01105	0.00846	0.01012	0.00971	0.01198	0.00754	0.00728	0.01431	0.02184	0.02934	0.44442	0.06859	0.28828	0.01847	0.00981	0.00268	0.00402	0.01594	0.00862	0.00754
23	0.01025	0.00733	0.00975	0.01148	0.01208	0.00683	0.00772	0.01188	0.01649	0.02213	0.09202	0.65376	0.05673	0.02534	0.01054	0.00332	0.00475	0.02296	0.00782	0.00683
24	0.01416	0.01169	0.01288	0.01269	0.01550	0.01221	0.00942	0.02436	0.25672	0.02736	0.08307	0.24041	0.20980	0.01853	0.00952	0.00296	0.00528	0.01604	0.00807	0.00933
25	0.01739	0.01000	0.01257	0.01143	0.01400	0.00938	0.00840	0.02119	0.05504	0.15917	0.28667	0.10479	0.08090	0.15307	0.01592	0.00376	0.00563	0.01356	0.00834	0.00876
26	0.01833	0.01864	0.02801	0.02325	0.02416	0.02496	0.08433	0.02071	0.01347	0.02071	0.01155	0.01864	0.01109	0.01372	0.02536	0.00354	0.61896	0.00755	0.00370	0.00932
27	0.02485	0.01992	0.02114	0.01775	0.02320	0.02262	0.01416	0.26805	0.41049	0.04150	0.02850	0.02676	0.02106	0.01077	0.00840	0.00269	0.00756	0.00866	0.00840	0.01352
28	0.01018	0.00785	0.00930	0.01017	0.01175	0.00697	0.00716	0.01216	0.01796	0.02303	0.12732	0.38012	0.30023	0.02302	0.01020	0.00306	0.00447	0.02021	0.00787	0.00697
29	0.01006	0.00748	0.00939	0.01091	0.01188	0.00680	0.00742	0.01164	0.01654	0.02146	0.05377	0.57315	0.17927	0.02499	0.01044	0.00326	0.00469	0.02235	0.00771	0.00680
30	0.01144	0.00941	0.00986	0.00966	0.01218	0.00881	0.00704	0.01558	0.08535	0.02267	0.06702	0.06859	0.46083	0.12745	0.04412	0.00408	0.00586	0.01543	0.00724	0.00739
31	0.01215	0.00931	0.01409	0.01352	0.01499	0.01012	0.04351	0.01459	0.01373	0.01928	0.02529	0.10928	0.02590	0.18315	0.44022	0.01063	0.01708	0.01118	0.00491	0.00708
32	0.01300	0.00989	0.01116	0.01112	0.01306	0.00972	0.00784	0.06169	0.06905	0.02464	0.08058	0.25556	0.21822	0.15678	0.01626	0.00399	0.00571	0.01676	0.00736	0.00762
33	0.01436	0.01128	0.01349	0.01388	0.01617	0.01195	0.01056	0.02374	0.22216	0.02766	0.10879	0.29883	0.04653	0.01962	0.00997	0.00319	0.00582	0.12475	0.00810	0.00913
34	0.00990	0.00842	0.00853	0.00850	0.01127	0.00705	0.00638	0.01208	0.01913	0.02291	0.10846	0.07918	0.62826	0.02087	0.00982	0.00280	0.00420	0.01743	0.00778	0.00705
35	0.01701	0.01612	0.02731	0.51507	0.21988	0.01880	0.02373	0.02239	0.01724	0.02283	0.01500	0.02172	0.01164	0.00806	0.00828	0.00269	0.01075	0.00739	0.00381	0.01030
36	0.01250	0.01064	0.01106	0.01074	0.01393	0.01028	0.00826	0.01960	0.16181	0.02540	0.07044	0.06945	0.47621	0.01890	0.00959	0.00286	0.00494	0.04704	0.00788	0.00846
37	0.01861	0.01698	0.02820	0.04130	0.48270	0.01698	0.02221	0.02325	0.01897	0.02652	0.02333	0.04042	0.02257	0.01162	0.00911	0.00284	0.00927	0.16841	0.00507	0.01166
38	0.02056	0.01974	0.03372	0.05099	0.65622	0.01974	0.02550	0.02550	0.01892	0.02714	0.01563	0.02056	0.01316	0.00740	0.00822	0.00247	0.00987	0.00740	0.00411	0.01316
39	0.01426	0.01114	0.01264	0.01226	0.01529	0.01097	0.00981	0.08801	0.07231	0.02847	0.11567	0.09589	0.30868	0.01921	0.00994	0.00301	0.00577	0.15014	0.00796	0.00856
40	0.04793	0.05464	0.19923	0.03692	0.36212	0.01930	0.05543	0.02464	0.01773	0.02604	0.01508	0.01961	0.01226	0.00906	0.00973	0.05718	0.01035	0.00694	0.00394	0.01187
41	0.02739	0.03269	0.02708	0.03169	0.24500	0.44688	0.01934	0.03050	0.02193	0.02270	0.01381	0.01692	0.01156	0.00816	0.00775	0.00225	0.01320	0.00606	0.00422	0.01086
42	0.00983	0.00836	0.00848	0.00857	0.01126	0.00700	0.00638	0.01190	0.01878	0.02238	0.08222	0.11134	0.62271	0.02129	0.00986	0.00283	0.00424	0.01784	0.00771	0.00700
43	0.03010	0.03783	0.02445	0.02404	0.08182	0.61638	0.01689	0.03249	0.02313	0.02094	0.01309	0.01548	0.01092	0.00846	0.00756	0.00217	0.01453	0.00553	0.00427	0.00994
44	0.01437	0.01123	0.01554	0.01453	0.01570	0.01401	0.01159	0.01720	0.01402	0.02191	0.02012	0.02828	0.01814	0.03813	0.35641	0.00828	0.20427	0.00821	0.16011	0.00795
45	0.02136	0.02125	0.03294	0.04873	0.60812	0.06970	0.02478	0.02608	0.01927	0.02662	0.01541	0.02014	0.01297	0.00749	0.00817	0.00244	0.01026	0.00725	0.00413	0.01289
46	0.01066	0.00761	0.00963	0.01103	0.01167	0.00718	0.00738	0.01200	0.01555	0.02049	0.04473	0.49395	0.09527	0.16055	0.01686	0.00428	0.00557	0.05192	0.00718	0.00648
47	0.02019	0.01936	0.03305	0.09959	0.61053	0.01964	0.02531	0.02517	0.01874	0.02669	0.01556	0.02068	0.01300	0.00747	0.00823	0.00249	0.00996	0.00740	0.00408	0.01286
48	0.02310	0.28690	0.24096	0.01952	0.02745	0.22538	0.02018	0.02789	0.01914	0.02200	0.01305	0.01521	0.01063	0.00781	0.00683	0.00217	0.01187	0.00528	0.00376	0.01087
49	0.01747	0.03814	0.53374	0.02936	0.16493	0.01939	0.02961	0.02614	0.01783	0.02648	0.01506	0.01817	0.01107	0.00779	0.00796	0.00260	0.01178	0.00640	0.00363	0.01246
50	0.03047	0.02884	0.02391	0.01977	0.02539	0.26476	0.01567	0.36028	0.08340	0.03908	0.01848	0.01903	0.01380	0.00956	0.00802	0.00239	0.01108	0.00685	0.00684	0.01239
51	0.00982	0.00842	0.00842	0.00842	0.01122	0.00701	0.00631	0.01192	0.01894	0.02244	0.08416	0.07995	0.65285	0.02104	0.00982	0.00281	0.00421	0.01753	0.00771	0.00701
52	0.00982	0.00842	0.00842	0.00842	0.01122	0.00701	0.00631	0.01192	0.01894	0.02244	0.08416	0.07995	0.65285	0.02104	0.00982	0.00281	0.00421	0.01753	0.00771	0.00701
53	0.01197	0.00801	0.00909	0.00920	0.00923	0.00798	0.00518	0.01205	0.01229	0.01639	0.02725	0.09001	0.03156	0.67054	0.04054	0.00780	0.00788	0.01272	0.00518	0.00513
54	0.01139	0.00910	0.01040	0.01090	0.01324	0.00845	0.00838	0.01532	0.06370	0.02411	0.09610	0.18508	0.36768	0.02132	0.01015	0.00307	0.00508	0.12114	0.00783	0.00757
55	0.02562	0.02031	0.02158	0.01791	0.02349	0.02298	0.01435	0.30952	0.36776	0.04275	0.02751	0.02598	0.02026	0.01068	0.00839	0.00267	0.00774	0.00852	0.00839	0.01359
56	0.01666	0.04297	0.66500	0.02368	0.03596	0.01929	0.03069	0.02631	0.01754	0.02631	0.01491	0.01754	0.01052	0.00789	0.00789	0.00263	0.01228	0.00614	0.00351	0.01228
57	0.01001	0.00842	0.00868	0.00862	0.01134	0.00709	0.00646	0.01229	0.01939	0.02351	0.14005	0.07819	0.59629	0.02064	0.00982	0.00279	0.00418	0.01729	0.00786	0.00709
58	0.01186	0.00881	0.01126	0.01153	0.01365	0.00820	0.00924	0.01538	0.02120	0.02844	0.34546	0.07559	0.18797	0.01968	0.01032	0.00303	0.00514	0.19724	0.00838	0.00761
59	0.02056	0.01974	0.03372	0.05099	0.65622	0.01974	0.02550	0.02550	0.01892	0.02714	0.01563	0.02056	0.01316	0.00740	0.00822	0.00247	0.00987	0.00740	0.00411	0.01316
60	0.01139	0.00776	0.00927	0.00995	0.01012	0.00759	0.00598	0.01190	0.01343	0.01791	0.03310	0.28332	0.03894	0.46716	0.03109	0.00640	0.00691	0.01616	0.00598	0.00564
61	0.01218	0.00833	0.00925	0.00944	0.01150	0.00742	0.00672	0.01415	0.01756	0.05538	0.06017	0.20633	0.34808	0.09929	0.01321	0.00343	0.00490	0.01671	0.08877	0.00717
62	0.01131	0.00923	0.01017	0.01027	0.01292	0.00845	0.00793	0.01543	0.06679	0.02481	0.13547	0.10293	0.44180	0.02030	0.00995	0.00294	0.00481	0.08893	0.00792	0.00764
63	0.03158	0.02327	0.02493	0.01911	0.02576	0.02576	0.01579	0.62852	0.03906	0.05236	0.01995	0.01995	0.01413	0.00997	0.00831	0.00249	0.00914	0.00748	0.00831	0.01413
64	0.01737	0.01213	0.01328	0.01205	0.01454	0.01291	0.00876	0.12835	0.11332	0.03023	0.07881	0.08995	0.03057	0.22612	0.01853	0.00421	0.00657	0.01108	0.16243	0.00879
65	0.01177	0.00808	0.00926	0.00930	0.00975	0.00788	0.00558	0.01243	0.01404	0.01872	0.09898	0.09205	0.08422	0.54455	0.03461	0.00682	0.00714	0.01343	0.00582	0.00558
66	0.01198	0.00801	0.00909	0.00919	0.00921	0.00799	0.00517	0.01206	0.01227	0.01636	0.02716	0.08704	0.03145	0.67366	0.04069	0.00782	0.00789	0.01266	0.00517	0.00512
67	0.01190	0.00876	0.01265	0.01265	0.01390	0.01001	0.00951	0.01439	0.01314	0.01877	0.02289	0.03617	0.02230	0.16722	0.57230	0.01249	0.01995	0.00942	0.00455	0.00703
68	0.01540	0.01101	0.01248	0.01182	0.01356	0.01128	0.00814	0.14010	0.01931	0.02559	0.03493	0.23500	0.08145	0.31497	0.02366	0.00516	0.00706	0.01485	0.00669	0.00757
69	0.02210	0.02259	0.02917	0.09017	0.25633	0.12960	0.04991	0.07409	0.01956	0.02569	0.01428	0.01920	0.01205	0.00970	0.01310	0.00276	0.18703	0.00715	0.00433	0.01117
70	0.01666	0.04297	0.66500	0.02368	0.03596	0.01929	0.03069	0.02631	0.01754	0.02631	0.01491	0.01754	0.01052	0.00789	0.00789	0.00263	0.01228	0.00614	0.00351	0.01228
71	0.02849	0.03535	0.02392	0.02148	0.02492	0.54611	0.01647	0.03056	0.02140	0.02026	0.01246	0.01561	0.01074	0.00974	0.01141	0.00244	0.14923	0.00573	0.00415	0.00952
72	0.02126	0.02180	0.03541	0.04595	0.50389	0.07328	0.12369	0.02630	0.01941	0.02650	0.01559	0.02041	0.01287	0.00743	0.00842	0.00250	0.01097	0.00763	0.00414	0.01255
73	0.01208	0.00805	0.00906	0.00906	0.00906	0.00805	0.00503	0.01208	0.01208	0.01611	0.02618	0.05436	0.03020	0.70804	0.04228	0.00805	0.00805	0.01208	0.00503	0.00503
74	0.03075	0.07096	0.02520	0.02011	0.02547	0.38681	0.01585	0.26385	0.02919	0.03272	0.01553	0.01682	0.01203	0.00903	0.00769	0.00226	0.01237	0.00613	0.00580	0.01143
75	0.01169	0.00945	0.01059	0.01108	0.01323	0.00911	0.00799	0.01697	0.11805	0.02392	0.06032	0.32711	0.30674	0.02151	0.00992	0.00304	0.00484	0.01871	0.00783	0.00789
76	0.01846	0.01707	0.02537	0.03494	0.38665	0.01742	0.01894	0.02698	0.15800	0.02791	0.03326	0.03465	0.14257	0.01097	0.00859	0.00261	0.00801	0.00985	0.00580	0.01194
77	0.01399	0.01025	0.01209	0.01218	0.01419	0.01012	0.00879	0.11839	0.02029	0.02651	0.04771	0.42084	0.17016	0.02235	0.01115	0.04116	0.00556	0.01873	0.00761	0.00792
78	0.01136	0.00852	0.01055	0.01016	0.01233	0.00771	0.00770	0.01483	0.02222	0.03033	0.48880	0.06772	0.21618	0.01822	0.00987	0.00271	0.00415	0.04028	0.00874	0.00763
79	0.01761	0.01548	0.02408	0.29550	0.19076	0.01747	0.01964	0.08670	0.01908	0.02574	0.02003	0.02610	0.04163	0.01951	0.14041	0.00476	0.01248	0.00814	0.00462	0.01027
80	0.02105	0.09299	0.25867	0.03305	0.27337	0.12935	0.02479	0.02700	0.01901	0.02504	0.01455	0.01791	0.01159	0.00774	0.00773	0.00241	0.01149	0.00635	0.00387	0.01204
81	0.03007	0.03464	0.02325	0.02050	0.02509	0.50898	0.01568	0.15005	0.02604	0.02662	0.01477	0.01695	0.01194	0.01185	0.04503	0.00284	0.01423	0.00597	0.00509	0.01040
82	0.01068	0.00831	0.00977	0.01024	0.01229	0.00741	0.00769	0.01321	0.01929	0.02474	0.19191	0.20712	0.34193	0.02142	0.01016	0.00299	0.00464	0.08098	0.00801	0.00720
83	0.06080	0.01696	0.02368	0.05993	0.13101	0.01786	0.08258	0.10761	0.15867	0.06517	0.10240	0.03216	0.05227	0.04003	0.01000	0.00288	0.00819	0.00958	0.00679	0.01142
84	0.02218	0.56245	0.12894	0.01615	0.02374	0.08500	0.01668	0.02577	0.01753	0.02056	0.01213	0.01406	0.01065	0.00734	0.00587	0.00193	0.00987	0.00476	0.00361	0.01080
85	0.01233	0.00958	0.01015	0.00970	0.01278	0.00861	0.00737	0.01664	0.07781	0.05530	0.12752	0.07129	0.51259	0.01925	0.00962	0.00278	0.00454	0.01611	0.00803	0.00800
86	0.01054	0.00807	0.00919	0.00953	0.01137	0.00715	0.00676	0.01226	0.01789	0.02262	0.13795	0.20991	0.36981	0.07444	0.01363	0.04230	0.00476	0.01761	0.00747	0.00673
87	0.01946	0.01534	0.01774	0.01699	0.05465	0.01673	0.01240	0.07878	0.34747	0.06190	0.19276	0.06518	0.03861	0.01300	0.00886	0.00273	0.00621	0.01114	0.00843	0.01162
88	0.02186	0.02434	0.06460	0.12851	0.35942	0.15579	0.02255	0.02797	0.06695	0.02544	0.01628	0.02025	0.01314	0.00809	0.00808	0.00248	0.01098	0.00705	0.00439	0.01183
89	0.01946	0.02051	0.06558	0.22298	0.43059	0.04762	0.02471	0.02470	0.01841	0.02518	0.01523	0.02059	0.01234	0.00773	0.00820	0.00254	0.01055	0.00724	0.00397	0.01188
90	0.01783	0.01695	0.02878	0.40840	0.32018	0.01902	0.02414	0.02310	0.01762	0.02382	0.01514	0.02145	0.01199	0.00791	0.00827	0.00264	0.01055	0.00739	0.00388	0.01095
91	0.01626	0.01185	0.01384	0.01313	0.01554	0.01215	0.00964	0.17961	0.02290	0.03067	0.10595	0.36320	0.07743	0.07242	0.01227	0.00338	0.00611	0.01708	0.00783	0.00876
92	0.01207	0.00884	0.01304	0.01304	0.01455	0.01024	0.01013	0.01508	0.01357	0.01993	0.02252	0.03254	0.02080	0.05941	0.63832	0.01272	0.02124	0.00884	0.04568	0.00744
93	0.01099	0.00816	0.01032	0.01096	0.01257	0.00749	0.00810	0.01370	0.01954	0.02611	0.26665	0.28742	0.18084	0.02152	0.01026	0.00304	0.00469	0.08214	0.00821	0.00728
94	0.01069	0.00820	0.00980	0.00992	0.01189	0.00730	0.00724	0.01342	0.02023	0.02675	0.31427	0.20121	0.28832	0.02037	0.00997	0.00284	0.00421	0.01774	0.00831	0.00730
95	0.02442	0.01678	0.01890	0.01551	0.02006	0.01836	0.01248	0.35170	0.02847	0.06990	0.02242	0.02617	0.01762	0.05070	0.14803	0.00491	0.01090	0.00805	0.12325	0.01135
96	0.01012	0.00723	0.00964	0.01157	0.01205	0.00675	0.00771	0.01157	0.01591	0.02121	0.04579	0.70262	0.05495	0.02603	0.01060	0.00337	0.00482	0.02362	0.00771	0.00675
97	0.01402	0.01134	0.01293	0.01298	0.01572	0.01173	0.01001	0.02312	0.21392	0.02730	0.09771	0.18394	0.19816	0.01893	0.00981	0.00307	0.00562	0.11258	0.00804	0.00906
98	0.01075	0.00820	0.00988	0.00999	0.01193	0.00733	0.00729	0.01354	0.02037	0.02708	0.33170	0.20137	0.26996	0.02025	0.00997	0.00284	0.00421	0.01767	0.00836	0.00733
99	0.01723	0.01477	0.01723	0.01230	0.01969	0.01107	0.00984	0.02092	0.01723	0.02707	0.01477	0.01723	0.01230	0.00615	0.00615	0.00123	0.00615	0.00492	0.00492	0.75883
100	0.03057	0.02277	0.02436	0.01891	0.02538	0.02529	0.01555	0.57454	0.09469	0.05073	0.02123	0.02097	0.01517	0.01009	0.00832	0.00252	0.00890	0.00766	0.00832	0.01404
101	0.01085	0.00870	0.00976	0.00991	0.01218	0.00786	0.00726	0.01434	0.05276	0.02504	0.18792	0.19704	0.38522	0.02069	0.00990	0.00288	0.00440	0.01780	0.00804	0.00746
102	0.01084	0.00774	0.01046	0.01239	0.01318	0.00737	0.00896	0.01281	0.01661	0.02201	0.04539	0.56870	0.05338	0.02535	0.01080	0.00347	0.00544	0.15045	0.00770	0.00695
103	0.01187	0.00890	0.01335	0.01335	0.01483	0.01038	0.01038	0.01483	0.01335	0.01928	0.02225	0.03264	0.02077	0.06231	0.67512	0.01335	0.02225	0.00890	0.00445	0.00742
104	0.01187	0.00890	0.01335	0.01335	0.01483	0.01038	0.01038	0.01483	0.01335	0.01928	0.02225	0.03264	0.02077	0.06231	0.67512	0.01335	0.02225	0.00890	0.00445	0.00742
105	0.01121	0.00811	0.00890	0.00905	0.00997	0.00762	0.00564	0.01199	0.01454	0.01850	0.04604	0.11192	0.22932	0.43840	0.02958	0.00603	0.00659	0.01469	0.00609	0.00579
106	0.01961	0.02241	0.04902	0.03501	0.04342	0.02101	0.62605	0.02661	0.01961	0.02661	0.01681	0.02241	0.01261	0.00700	0.00980	0.00280	0.01401	0.00980	0.00420	0.01120
107	0.03103	0.03959	0.02354	0.02140	0.02568	0.67469	0.01605	0.03317	0.02354	0.02033	0.01284	0.01498	0.01070	0.00856	0.00749	0.00214	0.01498	0.00535	0.00428	0.00963
108	0.01009	0.00850	0.00879	0.00894	0.01168	0.00721	0.00685	0.01233	0.01895	0.02263	0.08109	0.08100	0.60670	0.02119	0.00994	0.00288	0.00447	0.06199	0.00771	0.00706
109	0.01152	0.00782	0.00923	0.00977	0.00991	0.00768	0.00579	0.01193	0.01317	0.01756	0.03175	0.23861	0.03723	0.51421	0.03328	0.00672	0.00713	0.01536	0.00579	0.00552
110	0.01208	0.00805	0.00906	0.00906	0.00906	0.00805	0.00503	0.01208	0.01208	0.01611	0.02618	0.05436	0.03020	0.70804	0.04228	0.00805	0.00805	0.01208	0.00503	0.00503
111	0.01189	0.00881	0.01288	0.01288	0.01421	0.01013	0.00980	0.01453	0.01321	0.01894	0.02268	0.03500	0.02180	0.13258	0.60625	0.01277	0.02071	0.00925	0.00451	0.00716
112	0.01015	0.00843	0.00887	0.00876	0.01142	0.00715	0.00657	0.01256	0.01971	0.02428	0.18038	0.07692	0.55548	0.02035	0.00981	0.00277	0.00416	0.01711	0.00796	0.00715
113	0.03201	0.02257	0.02450	0.01878	0.02541	0.02473	0.01552	0.58367	0.03789	0.09886	0.02092	0.02058	0.01462	0.01000	0.00831	0.00250	0.00898	0.00755	0.00846	0.01413
114	0.01186	0.00856	0.01151	0.01279	0.01432	0.00821	0.01013	0.01489	0.01904	0.02537	0.17300	0.27328	0.08759	0.02255	0.01077	0.00338	0.00583	0.27155	0.00798	0.00738
115	0.03120	0.02036	0.02293	0.01782	0.02403	0.02191	0.01467	0.46525	0.03407	0.17057	0.02266	0.02256	0.01591	0.01403	0.05918	0.00334	0.00973	0.00776	0.00841	0.01362
116	0.03118	0.03516	0.02392	0.02078	0.02570	0.49847	0.01598	0.19484	0.02776	0.02903	0.01477	0.01633	0.01163	0.00894	0.00771	0.00224	0.01340	0.00593	0.00537	0.01085
117	0.00984	0.00832	0.00852	0.00868	0.01129	0.00699	0.00643	0.01189	0.01868	0.02234	0.08093	0.13237	0.60252	0.02146	0.00988	0.00285	0.00426	0.01804	0.00771	0.00699
118	0.01783	0.01512	0.01755	0.01259	0.01994	0.01169	0.01009	0.04642	0.01814	0.02813	0.01498	0.01734	0.01238	0.00631	0.00624	0.00128	0.00628	0.00503	0.00506	0.72757
119	0.01563	0.01338	0.01405	0.01317	0.01691	0.01424	0.01021	0.02895	0.34285	0.02897	0.05602	0.05513	0.29716	0.01605	0.00919	0.00286	0.00561	0.04130	0.00810	0.01024
120	0.01723	0.01477	0.01723	0.01230	0.01969	0.01107	0.00984	0.02092	0.01723	0.02707	0.01477	0.01723	0.01230	0.00615	0.00615	0.00123	0.00615	0.00492	0.00492	0.75883
121	0.01019	0.00729	0.00970	0.01152	0.01207	0.00680	0.00772	0.01175	0.01624	0.02174	0.07262	0.67426	0.05598	0.02563	0.01057	0.00334	0.00478	0.02324	0.00778	0.00680
122	0.01208	0.00805	0.00906	0.00906	0.00906	0.00805	0.00503	0.01208	0.01208	0.01611	0.02618	0.05436	0.03020	0.70804	0.04228	0.00805	0.00805	0.01208	0.00503	0.00503
123	0.01961	0.02241	0.04902	0.03501	0.04342	0.02101	0.62605	0.02661	0.01961	0.02661	0.01681	0.02241	0.01261	0.00700	0.00980	0.00280	0.01401	0.00980	0.00420	0.01120
124	0.01029	0.00735	0.00983	0.01176	0.01232	0.00689	0.00800	0.01186	0.01607	0.02140	0.04569	0.67119	0.05458	0.02587	0.01065	0.00340	0.00497	0.05338	0.00771	0.00679
125	0.01012	0.00723	0.00964	0.01157	0.01205	0.00675	0.00771	0.01157	0.01591	0.02121	0.04579	0.70262	0.05495	0.02603	0.01060	0.00337	0.00482	0.02362	0.00771	0.00675
126	0.01318	0.01083	0.01587	0.01511	0.01629	0.01352	0.01200	0.01591	0.01322	0.01943	0.01989	0.02963	0.01872	0.05237	0.54041	0.01133	0.16169	0.00856	0.00428	0.00776
127	0.01961	0.02241	0.04902	0.03501	0.04342	0.02101	0.62605	0.02661	0.01961	0.02661	0.01681	0.02241	0.01261	0.00700	0.00980	0.00280	0.01401	0.00980	0.00420	0.01120
128	0.01208	0.00805	0.00906	0.00906	0.00906	0.00805	0.00503	0.01208	0.01208	0.01611	0.02618	0.05436	0.03020	0.70804	0.04228	0.00805	0.00805	0.01208	0.00503	0.00503
129	0.01569	0.01477	0.02492	0.68808	0.05722	0.01846	0.02307	0.02123	0.01661	0.02123	0.01477	0.02215	0.01107	0.00831	0.00831	0.00277	0.01107	0.00738	0.00369	0.00923
130	0.00982	0.00842	0.00842	0.00842	0.01122	0.00701	0.00631	0.01192	0.01894	0.02244	0.08416	0.07995	0.65285	0.02104	0.00982	0.00281	0.00421	0.01753	0.00771	0.00701
131	0.01052	0.00740	0.00952	0.01106	0.01145	0.00701	0.00717	0.01167	0.01513	0.02018	0.04183	0.57195	0.04996	0.16350	0.01699	0.00432	0.00547	0.02129	0.00717	0.00640
132	0.01423	0.01135	0.01311	0.01216	0.01507	0.01166	0.00927	0.02392	0.21247	0.03232	0.38709	0.05489	0.13810	0.01577	0.00939	0.00270	0.00477	0.01363	0.00874	0.00936
133	0.01176	0.00849	0.01110	0.01045	0.01241	0.00784	0.00784	0.01568	0.02352	0.03331	0.65184	0.06206	0.07839	0.01698	0.00980	0.00261	0.00392	0.01502	0.00914	0.00784
134	0.01335	0.00916	0.01169	0.01111	0.01325	0.00859	0.00828	0.04243	0.02274	0.05857	0.47307	0.16504	0.09470	0.01806	0.00981	0.00274	0.00444	0.01594	0.00886	0.00816
135	0.01028	0.00826	0.00925	0.00991	0.01207	0.00723	0.00741	0.01241	0.01824	0.02241	0.07067	0.22943	0.44491	0.02243	0.01019	0.00305	0.00473	0.08240	0.00771	0.00702
136	0.01208	0.00805	0.00906	0.00906	0.00906	0.00805	0.00503	0.01208	0.01208	0.01611	0.02618	0.05436	0.03020	0.70804	0.04228	0.00805	0.00805	0.01208	0.00503	0.00503
137	0.02401	0.01951	0.02067	0.01758	0.02288	0.02223	0.01396	0.22347	0.45643	0.04015	0.02956	0.02760	0.02191	0.01087	0.00841	0.00272	0.00736	0.00881	0.00841	0.01345
138	0.01182	0.00815	0.01007	0.01028	0.01066	0.00842	0.00650	0.01263	0.01278	0.01736	0.02745	0.12013	0.03082	0.49180	0.17802	0.00871	0.01082	0.01264	0.00520	0.00574
139	0.00994	0.00795	0.00890	0.00965	0.01155	0.00691	0.00686	0.01178	0.01774	0.02196	0.06908	0.32468	0.41785	0.02300	0.01013	0.00303	0.00445	0.01992	0.00771	0.00691
140	0.00991	0.00805	0.00879	0.00938	0.01147	0.00693	0.00674	0.01181	0.01801	0.02207	0.07246	0.26978	0.47057	0.02256	0.01006	0.00298	0.00439	0.01939	0.00771	0.00693
141	0.01012	0.00723	0.00964	0.01157	0.01205	0.00675	0.00771	0.01157	0.01591	0.02121	0.04579	0.70262	0.05495	0.02603	0.01060	0.00337	0.00482	0.02362	0.00771	0.00675
142	0.02136	0.02125	0.03294	0.04873	0.60812	0.06970	0.02478	0.02608	0.01927	0.02662	0.01541	0.02014	0.01297	0.00749	0.00817	0.00244	0.01026	0.00725	0.00413	0.01289
143	0.01857	0.01770	0.03012	0.31150	0.41128	0.01921	0.02450	0.02375	0.01797	0.02472	0.01527	0.02121	0.01231	0.00777	0.00826	0.00259	0.01036	0.00739	0.00394	0.01155
144	0.01924	0.01839	0.03133	0.22399	0.49356	0.01939	0.02484	0.02434	0.01829	0.02553	0.01539	0.02099	0.01259	0.00765	0.00825	0.00255	0.01020	0.00740	0.00400	0.01209
145	0.01026	0.00838	0.00875	0.00869	0.01110	0.00721	0.00632	0.01231	0.01865	0.02284	0.13443	0.07538	0.52783	0.09540	0.01335	0.00336	0.00460	0.01669	0.00757	0.00688
146	0.02242	0.02091	0.03210	0.07839	0.47330	0.04598	0.04874	0.12174	0.02221	0.03056	0.01621	0.02041	0.01308	0.00789	0.00828	0.00249	0.01019	0.00744	0.00477	0.01288
147	0.01663	0.01531	0.01809	0.12855	0.08673	0.08518	0.01427	0.06536	0.01969	0.02480	0.06074	0.04403	0.16142	0.02357	0.14095	0.00484	0.01132	0.06375	0.00577	0.00899
148	0.02496	0.02562	0.15604	0.01935	0.02654	0.02277	0.01804	0.31486	0.22876	0.04126	0.02337	0.02301	0.01700	0.00996	0.00827	0.00263	0.00897	0.00782	0.00736	0.01343
149	0.01981	0.02185	0.04584	0.03834	0.17084	0.02074	0.50118	0.02638	0.01946	0.02672	0.01656	0.02202	0.01272	0.00709	0.00948	0.00273	0.01315	0.00930	0.00418	0.01161
150	0.01268	0.01043	0.01471	0.01897	0.14013	0.00985	0.01164	0.01550	0.01831	0.02412	0.09589	0.27264	0.20469	0.01992	0.00998	0.00305	0.00597	0.09612	0.00710	0.00829
151	0.01014	0.00813	0.00894	0.00934	0.01141	0.00706	0.00670	0.01213	0.01828	0.02271	0.11593	0.22388	0.44149	0.05165	0.01141	0.00315	0.00450	0.01854	0.00771	0.00693
152	0.03158	0.02327	0.02493	0.01911	0.02576	0.02576	0.01579	0.62852	0.03906	0.05236	0.01995	0.01995	0.01413	0.00997	0.00831	0.00249	0.00914	0.00748	0.00831	0.01413
153	0.01019	0.00851	0.00894	0.00907	0.01176	0.00726	0.00696	0.01252	0.01915	0.02312	0.10602	0.08028	0.57819	0.02102	0.00995	0.00288	0.00448	0.06484	0.00777	0.00710
154	0.01356	0.00979	0.01176	0.01176	0.01399	0.00955	0.00860	0.01933	0.11739	0.05980	0.20879	0.29100	0.15321	0.01969	0.00981	0.00295	0.00488	0.01733	0.00834	0.00847
155	0.01199	0.00801	0.00909	0.00918	0.00920	0.00799	0.00516	0.01206	0.01226	0.01635	0.02712	0.08552	0.03139	0.67527	0.04076	0.00783	0.00790	0.01264	0.00516	0.00512
156	0.01012	0.00723	0.00964	0.01157	0.01205	0.00675	0.00771	0.01157	0.01591	0.02121	0.04579	0.70262	0.05495	0.02603	0.01060	0.00337	0.00482	0.02362	0.00771	0.00675
157	0.01197	0.00801	0.00909	0.00920	0.00923	0.00798	0.00518	0.01205	0.01230	0.01639	0.02727	0.09066	0.03159	0.66986	0.04051	0.00779	0.00787	0.01273	0.00518	0.00513
158	0.01023	0.00728	0.00961	0.01143	0.01188	0.00682	0.00756	0.01160	0.01569	0.02092	0.04469	0.66632	0.05356	0.06421	0.01238	0.00364	0.00500	0.02297	0.00756	0.00665
159	0.03158	0.02327	0.02493	0.01911	0.02576	0.02576	0.01579	0.62852	0.03906	0.05236	0.01995	0.01995	0.01413	0.00997	0.00831	0.00249	0.00914	0.00748	0.00831	0.01413
160	0.01012	0.00723	0.00964	0.01157	0.01205	0.00675	0.00771	0.01157	0.01591	0.02121	0.04579	0.70262	0.05495	0.02603	0.01060	0.00337	0.00482	0.02362	0.00771	0.00675
161	0.01615	0.00958	0.01181	0.01062	0.01375	0.00842	0.00818	0.01931	0.02201	0.15412	0.33611	0.06145	0.26237	0.01704	0.00952	0.00267	0.00464	0.01456	0.00888	0.00881
162	0.01883	0.01097	0.01132	0.01011	0.01302	0.01149	0.00788	0.14602	0.02192	0.03542	0.02561	0.02868	0.01980	0.00974	0.00633	0.00205	0.00497	0.00769	0.59908	0.00907
163	0.01012	0.00723	0.00964	0.01157	0.01205	0.00675	0.00771	0.01157	0.01591	0.02121	0.04579	0.70262	0.05495	0.02603	0.01060	0.00337	0.00482	0.02362	0.00771	0.00675
164	0.02056	0.01974	0.03372	0.05099	0.65622	0.01974	0.02550	0.02550	0.01892	0.02714	0.01563	0.02056	0.01316	0.00740	0.00822	0.00247	0.00987	0.00740	0.00411	0.01316
165	0.02221	0.71304	0.04353	0.01421	0.02132	0.03287	0.01421	0.02488	0.01688	0.01955	0.01155	0.01333	0.01066	0.00711	0.00533	0.00178	0.00888	0.00444	0.00355	0.01066
166	0.01187	0.00890	0.01335	0.01335	0.01483	0.01038	0.01038	0.01483	0.01335	0.01928	0.02225	0.03264	0.02077	0.06231	0.67512	0.01335	0.02225	0.00890	0.00445	0.00742
167	0.15152	0.09303	0.02338	0.01906	0.02373	0.51195	0.01473	0.03102	0.02143	0.02306	0.01252	0.01460	0.01042	0.00830	0.00692	0.00218	0.01305	0.00513	0.00436	0.00961
168	0.01076	0.00843	0.00995	0.01069	0.01273	0.00745	0.00794	0.01292	0.01775	0.02252	0.06118	0.31132	0.31872	0.02244	0.01015	0.00308	0.00499	0.09628	0.00757	0.04313
169	0.22233	0.10760	0.02250	0.01733	0.02144	0.31388	0.01381	0.02718	0.01833	0.02440	0.01219	0.01528	0.01045	0.00988	0.01026	0.03873	0.09552	0.00535	0.00431	0.00923
170	0.02115	0.12774	0.02200	0.01739	0.05103	0.22938	0.01273	0.05394	0.01853	0.02111	0.01793	0.02723	0.01720	0.16528	0.15711	0.00574	0.01360	0.00758	0.00456	0.00877
171	0.05691	0.18946	0.02670	0.01838	0.02344	0.36383	0.01474	0.03318	0.15005	0.02384	0.01685	0.01787	0.01367	0.00875	0.00710	0.00221	0.01148	0.00595	0.00502	0.01057
172	0.06035	0.12954	0.02404	0.01703	0.02162	0.20616	0.01377	0.06383	0.04616	0.17098	0.01931	0.02221	0.01529	0.06645	0.01232	0.00289	0.08437	0.00691	0.00598	0.01076
173	0.01693	0.01522	0.02059	0.01768	0.01967	0.01879	0.01445	0.05211	0.01508	0.02271	0.01531	0.02230	0.01416	0.02675	0.21024	0.00599	0.35038	0.00737	0.00434	0.12993
174	0.02118	0.01884	0.01911	0.07025	0.06928	0.11537	0.01343	0.08800	0.20500	0.05335	0.02762	0.03349	0.05536	0.15560	0.01537	0.00373	0.00888	0.00926	0.00644	0.01043
175	0.01414	0.01411	0.09133	0.06872	0.01971	0.01145	0.01227	0.06245	0.01931	0.02598	0.17517	0.04573	0.18059	0.02232	0.08514	0.11725	0.00847	0.01151	0.00627	0.00809

[dist]
# distance from previous block
# <min> <max>
11	66

[block]
# block no. 1 follows, 22 sequences, length 8
# corresponding to MSA columns:
# 313-320
name=unknown_B
#
# <colnr> <probs for GDERKNQSTAVLIFYWHMCP>
#	G	D	E	R	K	N	Q	S	T	A	V	L	I	F	Y	W	H	M	C	P
0	0.01168	0.00892	0.01068	0.01105	0.01296	0.00844	0.00824	0.01550	0.05837	0.02536	0.19709	0.19952	0.22495	0.07512	0.01268	0.00343	0.00518	0.09548	0.00788	0.00747
1	0.07947	0.02055	0.10263	0.13340	0.06136	0.12773	0.01640	0.02202	0.01730	0.02358	0.01919	0.03041	0.01727	0.01370	0.01207	0.12823	0.00973	0.08625	0.07009	0.00862
2	0.02590	0.21036	0.03205	0.02174	0.05623	0.26747	0.09153	0.11327	0.02327	0.02642	0.04597	0.01878	0.01490	0.00855	0.00747	0.00222	0.01163	0.00655	0.00488	0.01082
3	0.01761	0.01733	0.02332	0.02750	0.22105	0.10232	0.08116	0.02061	0.01763	0.02268	0.02527	0.20843	0.02689	0.13323	0.01480	0.00366	0.00934	0.01253	0.00527	0.00936
4	0.06714	0.02755	0.02500	0.22354	0.13981	0.33277	0.01931	0.02784	0.02017	0.02271	0.01380	0.01795	0.01112	0.00824	0.00772	0.00241	0.01248	0.00625	0.00413	0.01006
5	0.12764	0.07007	0.02189	0.04644	0.07246	0.27014	0.01449	0.02687	0.02047	0.06074	0.12396	0.02444	0.02289	0.01017	0.00881	0.00243	0.05350	0.00737	0.00544	0.00978
6	0.01158	0.00940	0.01013	0.01028	0.01255	0.00890	0.00738	0.01619	0.10111	0.02315	0.06313	0.19996	0.37676	0.09537	0.01332	0.00350	0.00507	0.01711	0.00752	0.00757
7	0.01411	0.01106	0.01380	0.01369	0.01518	0.01198	0.01013	0.09563	0.01889	0.02535	0.04154	0.44638	0.10815	0.02170	0.01257	0.00323	0.10280	0.01847	0.00721	0.00810

[dist]
# distance from previous block
# <min> <max>
0	1

[block]
# block no. 2 follows, 22 sequences, length 12
# corresponding to MSA columns:
# 322-333
name=unknown_C
#
# <colnr> <probs for GDERKNQSTAVLIFYWHMCP>
#	G	D	E	R	K	N	Q	S	T	A	V	L	I	F	Y	W	H	M	C	P
0	0.01135	0.00816	0.01056	0.01103	0.01186	0.00841	0.00754	0.01284	0.01398	0.01890	0.03428	0.20933	0.08204	0.27468	0.23880	0.00822	0.01160	0.01432	0.00571	0.00639
1	0.01366	0.04398	0.01684	0.01478	0.01600	0.01434	0.01165	0.01600	0.01343	0.01930	0.02110	0.07394	0.02115	0.10351	0.40106	0.00954	0.16798	0.00956	0.00449	0.00769
2	0.02505	0.02918	0.01999	0.05728	0.02377	0.42408	0.01392	0.06890	0.02255	0.02268	0.02687	0.03003	0.12422	0.06359	0.01063	0.00276	0.01194	0.00825	0.00518	0.00912
3	0.01259	0.00961	0.01278	0.01310	0.01382	0.01059	0.00973	0.01441	0.01525	0.02089	0.06906	0.23368	0.03943	0.20429	0.07971	0.00554	0.10423	0.11815	0.00623	0.00691
4	0.02200	0.02611	0.08855	0.03929	0.33958	0.14481	0.16549	0.02729	0.01984	0.02565	0.01531	0.01968	0.01234	0.00757	0.00843	0.00250	0.01202	0.00747	0.00411	0.01195
5	0.11656	0.02742	0.12150	0.02628	0.17327	0.19008	0.01893	0.03156	0.13377	0.05531	0.01836	0.02001	0.01416	0.00865	0.00765	0.00249	0.01041	0.00672	0.00526	0.01163
6	0.02056	0.01974	0.03372	0.05099	0.65622	0.01974	0.02550	0.02550	0.01892	0.02714	0.01563	0.02056	0.01316	0.00740	0.00822	0.00247	0.00987	0.00740	0.00411	0.01316
7	0.02260	0.01719	0.01843	0.01514	0.02020	0.01836	0.01215	0.29915	0.13597	0.03904	0.03491	0.03447	0.13849	0.01399	0.03320	0.00289	0.00764	0.00964	0.06633	0.06021
8	0.01061	0.00754	0.00987	0.01113	0.01186	0.00707	0.00750	0.01240	0.01702	0.02307	0.15956	0.52357	0.05724	0.08425	0.01323	0.00364	0.00493	0.02097	0.00775	0.00680
9	0.02621	0.02787	0.02330	0.02317	0.10228	0.31499	0.01619	0.11204	0.10854	0.02826	0.01795	0.02000	0.01430	0.00953	0.00923	0.00242	0.06409	0.00678	0.06190	0.01098
10	0.02267	0.01986	0.02415	0.09447	0.20355	0.07062	0.01748	0.23275	0.02605	0.03388	0.02988	0.03139	0.13500	0.01108	0.00851	0.00255	0.00906	0.00920	0.00623	0.01165
11	0.02678	0.03188	0.02368	0.02079	0.02474	0.44873	0.04429	0.05772	0.05284	0.02294	0.01953	0.02166	0.06015	0.01039	0.01037	0.00246	0.09937	0.00702	0.00485	0.00982

[dist]
# distance from previous block
# <min> <max>
4	18

[block]
# block no. 3 follows, 22 sequences, length 10
# corresponding to MSA columns:
# 352-361
name=unknown_D
#
# <colnr> <probs for GDERKNQSTAVLIFYWHMCP>
#	G	D	E	R	K	N	Q	S	T	A	V	L	I	F	Y	W	H	M	C	P
0	0.01407	0.01105	0.01354	0.07473	0.01807	0.01209	0.00998	0.02137	0.17864	0.02319	0.03263	0.23478	0.03381	0.21538	0.06462	0.00518	0.00797	0.01412	0.00656	0.00822
1	0.01375	0.05664	0.01347	0.01210	0.01332	0.03534	0.00850	0.01509	0.01538	0.04639	0.03432	0.38129	0.03935	0.19724	0.04884	0.00483	0.03380	0.01678	0.00643	0.00711
2	0.01660	0.01267	0.01583	0.01462	0.01616	0.01446	0.01095	0.13441	0.01870	0.02564	0.02724	0.24511	0.02960	0.13350	0.05711	0.06236	0.13734	0.01342	0.00613	0.00816
3	0.01700	0.08206	0.07067	0.19685	0.09100	0.01793	0.09839	0.06358	0.01904	0.02493	0.02898	0.03262	0.13375	0.01534	0.06914	0.00359	0.01082	0.00941	0.00493	0.00996
4	0.02314	0.02384	0.20210	0.02559	0.16792	0.01727	0.02030	0.03248	0.13989	0.18584	0.05860	0.02595	0.02024	0.00953	0.00830	0.00261	0.00888	0.00809	0.00659	0.01286
5	0.01743	0.01645	0.01927	0.01986	0.08745	0.09880	0.04094	0.06110	0.01943	0.02495	0.07550	0.17305	0.08871	0.05937	0.01389	0.00329	0.09927	0.06618	0.00615	0.00891
6	0.02101	0.02466	0.11678	0.04463	0.51559	0.08004	0.02532	0.02631	0.01916	0.02640	0.01527	0.01964	0.01258	0.00757	0.00811	0.00246	0.01066	0.00704	0.00405	0.01272
7	0.02034	0.02010	0.02993	0.11656	0.47210	0.07964	0.02324	0.02498	0.01911	0.02563	0.01785	0.02687	0.01585	0.00903	0.00846	0.00259	0.01028	0.06115	0.00440	0.01189
8	0.06649	0.01684	0.02724	0.32012	0.29867	0.01842	0.02218	0.02498	0.01808	0.08432	0.01660	0.02152	0.01269	0.00808	0.00808	0.00261	0.00991	0.00730	0.00457	0.01129
9	0.02489	0.03286	0.11352	0.02716	0.16101	0.38255	0.01935	0.02861	0.02102	0.02270	0.01672	0.07909	0.01523	0.00981	0.00799	0.00239	0.01259	0.00756	0.00445	0.01049

[dist]
# distance from previous block
# <min> <max>
11	111

[block]
# block no. 4 follows, 22 sequences, length 71
# corresponding to MSA columns:
# 484-554
name=unknown_E
#
# <colnr> <probs for GDERKNQSTAVLIFYWHMCP>
#	G	D	E	R	K	N	Q	S	T	A	V	L	I	F	Y	W	H	M	C	P
0	0.06600	0.01684	0.02207	0.10420	0.21074	0.04789	0.01722	0.02734	0.17052	0.02747	0.02671	0.03564	0.05138	0.01236	0.00978	0.04011	0.00852	0.08861	0.00583	0.01075
1	0.01859	0.02003	0.02070	0.12772	0.02665	0.19936	0.06311	0.02167	0.01802	0.02084	0.02732	0.03309	0.11627	0.06432	0.13836	0.00499	0.05646	0.00920	0.00476	0.00853
2	0.08250	0.03214	0.02160	0.01876	0.02384	0.46025	0.01434	0.06711	0.02261	0.02484	0.01355	0.01561	0.01109	0.00813	0.00711	0.00202	0.01231	0.00534	0.00472	0.15212
3	0.03014	0.03791	0.02441	0.02391	0.07920	0.61910	0.01685	0.03252	0.02315	0.02091	0.01308	0.01545	0.01091	0.00846	0.00755	0.00217	0.01455	0.00552	0.00427	0.00993
4	0.01033	0.00835	0.00865	0.00863	0.01086	0.00725	0.00613	0.01211	0.01783	0.02170	0.09743	0.07433	0.51005	0.15132	0.01598	0.00379	0.00493	0.01639	0.00727	0.00667
5	0.01029	0.00818	0.00871	0.00897	0.01092	0.00717	0.00626	0.01190	0.01722	0.02107	0.06790	0.16031	0.45279	0.15217	0.01609	0.00388	0.00502	0.01733	0.00721	0.00660
6	0.01088	0.00883	0.00970	0.00941	0.01203	0.00784	0.00708	0.01446	0.04638	0.02639	0.26155	0.07225	0.44500	0.01935	0.00975	0.00274	0.00422	0.01640	0.00820	0.00753
7	0.76672	0.01607	0.01221	0.01092	0.01607	0.01864	0.00900	0.02442	0.01414	0.03727	0.01157	0.01350	0.00900	0.00771	0.00514	0.00257	0.00643	0.00450	0.00514	0.00900
8	0.01190	0.00967	0.01071	0.01032	0.01303	0.00911	0.00777	0.01744	0.10454	0.02745	0.25257	0.09247	0.36525	0.01865	0.00966	0.00277	0.00446	0.01589	0.00826	0.00809
9	0.01046	0.00782	0.00973	0.01056	0.01195	0.00708	0.00742	0.01268	0.01852	0.02454	0.20731	0.39720	0.19920	0.02259	0.01022	0.00305	0.00445	0.02004	0.00807	0.00708
10	0.02396	0.01893	0.02023	0.01732	0.02255	0.02145	0.01372	0.17919	0.47336	0.06780	0.03056	0.02831	0.02254	0.01092	0.00842	0.00273	0.00719	0.00890	0.00850	0.01342
11	0.02066	0.01785	0.01878	0.01691	0.02160	0.02066	0.01315	0.04414	0.64121	0.03475	0.03381	0.03099	0.02536	0.01127	0.00845	0.00282	0.00657	0.00939	0.00845	0.01315
12	0.01198	0.00801	0.00909	0.00918	0.00921	0.00799	0.00517	0.01206	0.01227	0.01636	0.02714	0.08638	0.03142	0.67436	0.04072	0.00782	0.00789	0.01265	0.00517	0.00512
13	0.01314	0.00948	0.01179	0.01263	0.01398	0.00942	0.00885	0.09825	0.01916	0.02558	0.04216	0.60671	0.04921	0.02377	0.01028	0.00325	0.00543	0.02135	0.00780	0.00778
14	0.02984	0.01455	0.01784	0.01413	0.01976	0.01358	0.01153	0.14554	0.02556	0.39824	0.04223	0.03865	0.16565	0.01271	0.00868	0.00261	0.00680	0.01031	0.00931	0.01249
15	0.02300	0.01732	0.01885	0.01661	0.02155	0.01948	0.01302	0.04363	0.55447	0.12287	0.03367	0.03061	0.02469	0.01113	0.00844	0.00278	0.00664	0.00925	0.00871	0.01329
16	0.01132	0.00779	0.00923	0.00988	0.01016	0.00757	0.00599	0.01190	0.01366	0.01809	0.03518	0.27529	0.06386	0.44883	0.03022	0.00625	0.00680	0.01622	0.00605	0.00570
17	0.01815	0.01566	0.01639	0.01494	0.01920	0.01750	0.01157	0.03669	0.49723	0.03190	0.04546	0.04232	0.17055	0.01353	0.00877	0.00281	0.00603	0.01128	0.00828	0.01173
18	0.03158	0.02327	0.02493	0.01911	0.02576	0.02576	0.01579	0.62852	0.03906	0.05236	0.01995	0.01995	0.01413	0.00997	0.00831	0.00249	0.00914	0.00748	0.00831	0.01413
19	0.76672	0.01607	0.01221	0.01092	0.01607	0.01864	0.00900	0.02442	0.01414	0.03727	0.01157	0.01350	0.00900	0.00771	0.00514	0.00257	0.00643	0.00450	0.00514	0.00900
20	0.01208	0.00805	0.00906	0.00906	0.00906	0.00805	0.00503	0.01208	0.01208	0.01611	0.02618	0.05436	0.03020	0.70804	0.04228	0.00805	0.00805	0.01208	0.00503	0.00503
21	0.03158	0.02327	0.02493	0.01911	0.02576	0.02576	0.01579	0.62852	0.03906	0.05236	0.01995	0.01995	0.01413	0.00997	0.00831	0.00249	0.00914	0.00748	0.00831	0.01413
22	0.03033	0.02458	0.02374	0.01885	0.02489	0.11268	0.01529	0.49543	0.06387	0.04631	0.01992	0.02024	0.01448	0.00983	0.00810	0.00244	0.00959	0.00729	0.03893	0.01321
23	0.01176	0.00849	0.01110	0.01045	0.01241	0.00784	0.00784	0.01568	0.02352	0.03331	0.65184	0.06206	0.07839	0.01698	0.00980	0.00261	0.00392	0.01502	0.00914	0.00784
24	0.01207	0.00812	0.00938	0.00938	0.00948	0.00823	0.00543	0.01228	0.01217	0.01634	0.02589	0.05277	0.02951	0.66060	0.08878	0.00844	0.00910	0.01185	0.00499	0.00521
25	0.01012	0.00723	0.00964	0.01157	0.01205	0.00675	0.00771	0.01157	0.01591	0.02121	0.04579	0.70262	0.05495	0.02603	0.01060	0.00337	0.00482	0.02362	0.00771	0.00675
26	0.01666	0.04297	0.66500	0.02368	0.03596	0.01929	0.03069	0.02631	0.01754	0.02631	0.01491	0.01754	0.01052	0.00789	0.00789	0.00263	0.01228	0.00614	0.00351	0.01228
27	0.01747	0.01258	0.01480	0.01324	0.01557	0.01368	0.00972	0.18808	0.02028	0.02754	0.02421	0.06843	0.02413	0.29677	0.20885	0.00774	0.01220	0.01041	0.00593	0.00837
28	0.01050	0.00752	0.00998	0.01131	0.01213	0.00700	0.00774	0.01252	0.01767	0.02401	0.18602	0.55440	0.06037	0.02393	0.01042	0.00320	0.00461	0.02163	0.00804	0.00700
29	0.01187	0.00890	0.01335	0.01335	0.01483	0.01038	0.01038	0.01483	0.01335	0.01928	0.02225	0.03264	0.02077	0.06231	0.67512	0.01335	0.02225	0.00890	0.00445	0.00742
30	0.01502	0.01223	0.01599	0.01900	0.13599	0.01194	0.01175	0.09816	0.02106	0.02771	0.08717	0.24210	0.23303	0.01816	0.00954	0.00285	0.00611	0.01587	0.00720	0.00912
