[name]
unknown

[dist]
# distance from previous block
# <min> <max>
0	0

[block]
# block no. 0 follows, 20 sequences, length 11
# corresponding to MSA columns:
# 0-10
name=unknown_A
#
# <colnr> <probs for GDERKNQSTAVLIFYWHMCP>
#	G	D	E	R	K	N	Q	S	T	A	V	L	I	F	Y	W	H	M	C	P
0	0.01406	0.01004	0.01406	0.01606	0.01807	0.01004	0.01406	0.01807	0.02008	0.02610	0.04618	0.09839	0.05020	0.02410	0.01205	0.00402	0.00803	0.58032	0.00803	0.00803
1	0.02291	0.01526	0.01725	0.01450	0.01963	0.01504	0.01167	0.15005	0.10732	0.14603	0.04764	0.04870	0.21377	0.01489	0.00926	0.00275	0.00683	0.04945	0.00856	0.07850
2	0.01914	0.16117	0.02901	0.01896	0.02293	0.02296	0.05444	0.02201	0.01612	0.02315	0.01603	0.07469	0.01576	0.01211	0.01602	0.00275	0.28282	0.00808	0.00451	0.17733
3	0.03132	0.02619	0.02552	0.02043	0.02645	0.11950	0.01657	0.44574	0.08005	0.04648	0.02032	0.02092	0.01496	0.01066	0.00989	0.00267	0.05317	0.00766	0.00780	0.01372
4	0.02461	0.46721	0.12366	0.01737	0.02547	0.03100	0.01763	0.14967	0.02274	0.02877	0.01447	0.01606	0.01194	0.00821	0.00662	0.00215	0.00987	0.00558	0.00478	0.01219
5	0.02044	0.29776	0.28505	0.02347	0.03336	0.02625	0.14692	0.02710	0.01860	0.02490	0.01469	0.01776	0.01157	0.00777	0.00765	0.00245	0.01187	0.00656	0.00386	0.01199
6	0.03316	0.02443	0.02618	0.02007	0.02705	0.02705	0.01658	0.60995	0.04101	0.05497	0.02094	0.02094	0.01483	0.01047	0.00873	0.00262	0.00960	0.00785	0.00873	0.01483
7	0.01993	0.08341	0.15156	0.02957	0.03885	0.02138	0.37456	0.02692	0.01962	0.02732	0.01654	0.02108	0.01263	0.00741	0.00902	0.00259	0.01281	0.00844	0.00433	0.11204
8	0.03136	0.03953	0.02490	0.02251	0.02660	0.60096	0.01706	0.03357	0.02369	0.02132	0.01330	0.01604	0.01126	0.00956	0.00975	0.00239	0.07593	0.00580	0.00443	0.01006
9	0.01839	0.14548	0.55573	0.02334	0.03539	0.02245	0.02957	0.02739	0.01831	0.02653	0.01511	0.01774	0.01107	0.00816	0.00787	0.00262	0.01234	0.00617	0.00369	0.01263
10	0.01781	0.03073	0.30928	0.18514	0.03956	0.07241	0.06832	0.02482	0.01863	0.02506	0.02000	0.11095	0.01773	0.01098	0.00890	0.00287	0.01188	0.00949	0.00446	0.01098

[dist]
# distance from previous block
# <min> <max>
0	4

[block]
# block no. 1 follows, 20 sequences, length 49
# corresponding to MSA columns:
# 15-63
name=unknown_B
#
# <colnr> <probs for GDERKNQSTAVLIFYWHMCP>
#	G	D	E	R	K	N	Q	S	T	A	V	L	I	F	Y	W	H	M	C	P
0	0.06334	0.03739	0.45855	0.03112	0.18471	0.02033	0.02950	0.02729	0.01856	0.02854	0.01563	0.01894	0.01163	0.00815	0.00820	0.00272	0.01189	0.00667	0.00394	0.01291
1	0.02280	0.02216	0.19117	0.01899	0.02617	0.01443	0.08296	0.02868	0.02262	0.21756	0.21570	0.03708	0.03685	0.01194	0.00929	0.00276	0.00868	0.01051	0.00778	0.01190
2	0.03267	0.03908	0.02493	0.02212	0.02698	0.56653	0.01681	0.11854	0.02709	0.02624	0.01457	0.01649	0.01176	0.00920	0.00799	0.00230	0.01484	0.00594	0.00511	0.01080
3	0.01246	0.00935	0.01402	0.01402	0.01558	0.01090	0.01090	0.01558	0.01402	0.02025	0.02336	0.03427	0.02181	0.06542	0.65888	0.01402	0.02336	0.00935	0.00467	0.00779
4	0.02662	0.03172	0.02251	0.02222	0.06132	0.44633	0.01604	0.02933	0.02190	0.02182	0.01759	0.02466	0.01582	0.02168	0.14563	0.00485	0.01658	0.03892	0.00472	0.00973
5	0.02813	0.03242	0.02407	0.02146	0.02541	0.39596	0.01658	0.05903	0.14784	0.02584	0.01803	0.01999	0.01462	0.01067	0.01152	0.00267	0.12237	0.00692	0.00547	0.01098
6	0.01031	0.00884	0.00884	0.00884	0.01178	0.00736	0.00663	0.01252	0.01988	0.02356	0.08837	0.08395	0.63549	0.02209	0.01031	0.00295	0.00442	0.01841	0.00810	0.00736
7	0.01106	0.00777	0.00999	0.01159	0.01199	0.00737	0.00750	0.01226	0.01585	0.02114	0.04373	0.55457	0.05221	0.16800	0.01816	0.00458	0.00578	0.02224	0.00750	0.00670
8	0.01250	0.00917	0.01315	0.01315	0.01441	0.01043	0.00982	0.01502	0.01376	0.01961	0.02416	0.03866	0.02371	0.18629	0.54062	0.01295	0.02050	0.00999	0.00479	0.00731
9	0.01816	0.11998	0.57924	0.02372	0.03599	0.02189	0.03025	0.02745	0.01834	0.02681	0.01525	0.01791	0.01107	0.00819	0.00798	0.00266	0.01248	0.00624	0.00369	0.01270
10	0.06624	0.11298	0.03455	0.02817	0.10226	0.31467	0.16474	0.03061	0.02174	0.02469	0.01463	0.01807	0.01194	0.00820	0.00815	0.00244	0.01358	0.00687	0.00441	0.01105
11	0.03199	0.03817	0.02458	0.02190	0.02671	0.54547	0.01664	0.10295	0.06324	0.02622	0.01570	0.01737	0.01260	0.00934	0.00803	0.00233	0.01447	0.00614	0.00526	0.01089
12	0.01258	0.00983	0.01183	0.01216	0.01441	0.00909	0.00866	0.01679	0.07415	0.02529	0.08518	0.41392	0.14358	0.02203	0.01019	0.00308	0.00524	0.01954	0.00792	0.09453
13	0.19728	0.01884	0.02191	0.02477	0.18029	0.04716	0.01562	0.13798	0.05672	0.03762	0.14768	0.02923	0.02801	0.01077	0.00821	0.00266	0.00808	0.00877	0.00679	0.01163
14	0.02467	0.49143	0.10443	0.01756	0.02497	0.16478	0.01715	0.02812	0.01927	0.02144	0.01278	0.01482	0.01119	0.00787	0.00636	0.00204	0.01105	0.00505	0.00389	0.01114
15	0.06429	0.18017	0.44477	0.02166	0.03259	0.02364	0.02625	0.06258	0.01943	0.02848	0.01502	0.01738	0.01121	0.00823	0.00757	0.00256	0.01157	0.00605	0.00410	0.01244
16	0.01031	0.00884	0.00884	0.00884	0.01178	0.00736	0.00663	0.01252	0.01988	0.02356	0.08837	0.08395	0.63549	0.02209	0.01031	0.00295	0.00442	0.01841	0.00810	0.00736
17	0.02492	0.52040	0.07772	0.01712	0.02428	0.16541	0.01638	0.02805	0.01924	0.02113	0.01263	0.01463	0.01119	0.00783	0.00624	0.00200	0.01090	0.00497	0.00389	0.01107
18	0.01246	0.00935	0.01402	0.01402	0.01558	0.01090	0.01090	0.01558	0.01402	0.02025	0.02336	0.03427	0.02181	0.06542	0.65888	0.01402	0.02336	0.00935	0.00467	0.00779
19	0.01259	0.00883	0.01143	0.01143	0.01209	0.00950	0.00767	0.01391	0.01325	0.01833	0.02573	0.04739	0.02750	0.42661	0.30548	0.01082	0.01479	0.01127	0.00503	0.00635
20	0.17278	0.34798	0.09420	0.01657	0.02360	0.13856	0.01578	0.02848	0.01879	0.05496	0.01378	0.01552	0.01133	0.00810	0.00637	0.00223	0.01020	0.00522	0.00453	0.01100
21	0.02124	0.46479	0.26135	0.01848	0.02789	0.02941	0.02112	0.02666	0.01797	0.02306	0.01339	0.01558	0.01114	0.00776	0.00656	0.00219	0.01060	0.00530	0.00371	0.01180
22	0.02573	0.16327	0.06057	0.14929	0.10470	0.17097	0.01972	0.15082	0.02448	0.02960	0.01562	0.01874	0.01236	0.00877	0.00786	0.00244	0.01159	0.00660	0.00506	0.01181
23	0.01063	0.00759	0.01012	0.01215	0.01265	0.00709	0.00810	0.01215	0.01670	0.02227	0.04808	0.68775	0.05769	0.02733	0.01113	0.00354	0.00506	0.02480	0.00810	0.00709
24	0.01809	0.01550	0.01809	0.01292	0.02067	0.01163	0.01034	0.02196	0.01809	0.02842	0.01550	0.01809	0.01292	0.00646	0.00646	0.00129	0.00646	0.00517	0.00517	0.74677
25	0.01908	0.01908	0.02672	0.02290	0.02290	0.02672	0.01908	0.02099	0.01336	0.02099	0.01145	0.01908	0.01145	0.01527	0.02863	0.00382	0.67748	0.00763	0.00382	0.00954
26	0.01031	0.00884	0.00884	0.00884	0.01178	0.00736	0.00663	0.01252	0.01988	0.02356	0.08837	0.08395	0.63549	0.02209	0.01031	0.00295	0.00442	0.01841	0.00810	0.00736
27	0.03258	0.04157	0.02472	0.02247	0.02697	0.65843	0.01685	0.03483	0.02472	0.02135	0.01348	0.01573	0.01124	0.00899	0.00787	0.00225	0.01573	0.00562	0.00449	0.01011
28	0.01268	0.00846	0.00951	0.00951	0.00951	0.00846	0.00529	0.01268	0.01268	0.01691	0.02748	0.05708	0.03171	0.69345	0.04440	0.00846	0.00846	0.01268	0.00529	0.00529
29	0.01246	0.00935	0.01402	0.01402	0.01558	0.01090	0.01090	0.01558	0.01402	0.02025	0.02336	0.03427	0.02181	0.06542	0.65888	0.01402	0.02336	0.00935	0.00467	0.00779
30	0.01063	0.00759	0.01012	0.01215	0.01265	0.00709	0.00810	0.01215	0.01670	0.02227	0.04808	0.68775	0.05769	0.02733	0.01113	0.00354	0.00506	0.02480	0.00810	0.00709
31	0.02159	0.02073	0.03541	0.05354	0.63903	0.02073	0.02677	0.02677	0.01986	0.02850	0.01641	0.02159	0.01382	0.00777	0.00864	0.00259	0.01036	0.00777	0.00432	0.01382
32	0.01268	0.00846	0.00951	0.00951	0.00951	0.00846	0.00529	0.01268	0.01268	0.01691	0.02748	0.05708	0.03171	0.69345	0.04440	0.00846	0.00846	0.01268	0.00529	0.00529
33	0.02059	0.02353	0.05147	0.03676	0.04559	0.02206	0.60735	0.02794	0.02059	0.02794	0.01765	0.02353	0.01324	0.00735	0.01029	0.00294	0.01471	0.01029	0.00441	0.01176
34	0.02238	0.02531	0.06815	0.19969	0.32869	0.15503	0.02437	0.02741	0.02020	0.02538	0.01552	0.02057	0.01256	0.00830	0.00847	0.00261	0.01197	0.00723	0.00421	0.01195
35	0.02099	0.02011	0.03432	0.12609	0.57117	0.02057	0.02647	0.02624	0.01958	0.02777	0.01630	0.02178	0.01356	0.00788	0.00865	0.00263	0.01051	0.00777	0.00427	0.01333
36	0.02503	0.16027	0.06465	0.15931	0.03455	0.29188	0.05490	0.02886	0.02056	0.02211	0.01390	0.01781	0.01144	0.00888	0.00904	0.00248	0.05344	0.00634	0.00413	0.01045
37	0.01268	0.00846	0.00951	0.00951	0.00951	0.00846	0.00529	0.01268	0.01268	0.01691	0.02748	0.05708	0.03171	0.69345	0.04440	0.00846	0.00846	0.01268	0.00529	0.00529
38	0.01104	0.00790	0.01053	0.01217	0.01297	0.00739	0.00840	0.01305	0.01802	0.02429	0.13262	0.56953	0.06088	0.02580	0.01106	0.00345	0.00507	0.05022	0.00831	0.00730
39	0.02018	0.06908	0.17203	0.03391	0.07478	0.02238	0.42224	0.02770	0.01993	0.02745	0.01684	0.02180	0.01270	0.00757	0.00951	0.00282	0.01377	0.00903	0.00422	0.01207
40	0.02707	0.03503	0.18062	0.02369	0.06226	0.25672	0.02081	0.15540	0.09649	0.03218	0.01834	0.01979	0.01389	0.00939	0.00831	0.00256	0.01240	0.00691	0.00569	0.01244
41	0.01258	0.00841	0.00955	0.00965	0.00968	0.00839	0.00543	0.01266	0.01289	0.01719	0.02855	0.08959	0.03305	0.65911	0.04268	0.00820	0.00828	0.01331	0.00543	0.00538
42	0.01182	0.00809	0.00977	0.01062	0.01083	0.00788	0.00647	0.01246	0.01437	0.01917	0.03615	0.32249	0.04265	0.41312	0.03040	0.00639	0.00703	0.01778	0.00647	0.00604
43	0.02388	0.25808	0.04020	0.10042	0.03493	0.17664	0.19634	0.02829	0.02022	0.02318	0.01452	0.01839	0.01187	0.00794	0.00793	0.00240	0.01275	0.00696	0.00414	0.01093
44	0.01999	0.17558	0.33122	0.03164	0.22071	0.02341	0.02688	0.02704	0.01872	0.02639	0.01514	0.01846	0.01194	0.00795	0.00783	0.00252	0.01136	0.00648	0.00389	0.01282
45	0.01190	0.00883	0.01109	0.01067	0.01279	0.00802	0.00794	0.01554	0.02342	0.03230	0.50758	0.10222	0.17723	0.01909	0.01034	0.00282	0.00422	0.01672	0.00926	0.00802
46	0.01857	0.01940	0.09517	0.10426	0.19477	0.01750	0.02036	0.05424	0.10762	0.02954	0.05175	0.07311	0.02782	0.01352	0.00957	0.00306	0.00926	0.13274	0.00626	0.01148
47	0.02046	0.02099	0.02494	0.09194	0.26629	0.15144	0.01919	0.02433	0.02053	0.02551	0.05535	0.11188	0.05818	0.01305	0.00923	0.00281	0.01017	0.05743	0.00553	0.01076
48	0.01985	0.06168	0.22167	0.02865	0.19345	0.05776	0.02234	0.05655	0.02012	0.02800	0.02003	0.10604	0.01831	0.01053	0.00840	0.00256	0.01023	0.00898	0.00493	0.09993

[dist]
# distance from previous block
# <min> <max>
32	95

[block]
# block no. 2 follows, 20 sequences, length 21
# corresponding to MSA columns:
# 163-183
name=unknown_C
#
# <colnr> <probs for GDERKNQSTAVLIFYWHMCP>
#	G	D	E	R	K	N	Q	S	T	A	V	L	I	F	Y	W	H	M	C	P
0	0.04984	0.11639	0.11782	0.07550	0.02577	0.08353	0.01623	0.10979	0.02189	0.02848	0.03043	0.17345	0.08780	0.01428	0.00870	0.00277	0.00920	0.01170	0.00606	0.01037
1	0.01835	0.09533	0.30338	0.01891	0.02692	0.11445	0.02066	0.02438	0.02021	0.02587	0.08962	0.03564	0.14705	0.01209	0.00858	0.00264	0.01039	0.00952	0.00529	0.01072
2	0.01575	0.01545	0.01343	0.01323	0.01574	0.14229	0.00983	0.01848	0.02173	0.02635	0.22479	0.17611	0.20990	0.01918	0.01003	0.00290	0.00695	0.04191	0.00779	0.00817
3	0.01526	0.08496	0.01628	0.01402	0.01609	0.07738	0.01025	0.01921	0.07604	0.02336	0.03957	0.48553	0.04509	0.02188	0.01000	0.00318	0.00677	0.01929	0.00735	0.00847
4	0.02833	0.03802	0.11559	0.02704	0.11590	0.44529	0.02034	0.03319	0.05150	0.02399	0.01526	0.01775	0.01231	0.00885	0.00808	0.00240	0.01414	0.00625	0.00456	0.01122
5	0.01941	0.25978	0.45035	0.02160	0.03271	0.02494	0.02655	0.02713	0.01819	0.02529	0.01450	0.01696	0.01110	0.00802	0.00740	0.00247	0.01172	0.00586	0.00370	0.01233
6	0.75506	0.01687	0.01282	0.01147	0.01687	0.01957	0.00945	0.02564	0.01484	0.03914	0.01215	0.01417	0.00945	0.00810	0.00540	0.00270	0.00675	0.00472	0.00540	0.00945
7	0.75506	0.01687	0.01282	0.01147	0.01687	0.01957	0.00945	0.02564	0.01484	0.03914	0.01215	0.01417	0.00945	0.00810	0.00540	0.00270	0.00675	0.00472	0.00540	0.00945
8	0.01268	0.00846	0.00951	0.00951	0.00951	0.00846	0.00529	0.01268	0.01268	0.01691	0.02748	0.05708	0.03171	0.69345	0.04440	0.00846	0.00846	0.01268	0.00529	0.00529
9	0.01208	0.00898	0.01321	0.01363	0.01497	0.01011	0.01032	0.01487	0.01457	0.02067	0.02847	0.16936	0.02923	0.05755	0.52497	0.01185	0.01958	0.01254	0.00538	0.00764
10	0.01100	0.00834	0.01015	0.01081	0.01249	0.00748	0.00768	0.01344	0.01987	0.02615	0.22102	0.33133	0.24239	0.02312	0.01065	0.00314	0.00460	0.02036	0.00851	0.00748
11	0.02210	0.46611	0.22468	0.01832	0.02724	0.06554	0.02021	0.02706	0.01833	0.02269	0.01326	0.01541	0.01115	0.00780	0.00653	0.00216	0.01076	0.00525	0.00376	0.01164
12	0.05308	0.15336	0.21320	0.02007	0.02775	0.23990	0.01991	0.03026	0.02098	0.07976	0.01982	0.02116	0.04625	0.00936	0.00771	0.00243	0.01205	0.00665	0.00491	0.01138
13	0.05301	0.48160	0.03681	0.01510	0.02154	0.07119	0.01394	0.08131	0.02016	0.02463	0.01864	0.02152	0.05125	0.04717	0.00850	0.00243	0.00932	0.00634	0.00469	0.01084
14	0.02854	0.06460	0.12344	0.02125	0.02908	0.08599	0.05159	0.36514	0.03217	0.04255	0.01842	0.01965	0.01351	0.00941	0.00836	0.00250	0.01077	0.00722	0.00682	0.05900
15	0.16464	0.17036	0.28335	0.01909	0.02812	0.02385	0.02104	0.08469	0.07395	0.03183	0.01653	0.01818	0.01253	0.00861	0.00726	0.00257	0.01010	0.00618	0.00498	0.01214
16	0.19009	0.28593	0.09994	0.01421	0.02061	0.02256	0.01405	0.02306	0.01770	0.02665	0.02932	0.03345	0.13228	0.01159	0.00719	0.00251	0.00813	0.04546	0.00523	0.01005
17	0.01989	0.11288	0.34394	0.02002	0.02865	0.11897	0.02242	0.02664	0.01991	0.02710	0.07601	0.02365	0.01929	0.00944	0.00784	0.00249	0.01103	0.00721	0.09137	0.01125
18	0.05182	0.02717	0.17384	0.01836	0.02456	0.14902	0.04196	0.09483	0.02200	0.03092	0.01986	0.02320	0.01544	0.01293	0.05050	0.00318	0.01114	0.00720	0.21139	0.01069
19	0.05383	0.06418	0.02499	0.02328	0.11683	0.15081	0.03953	0.07908	0.06085	0.02827	0.01826	0.02223	0.01524	0.01930	0.13180	0.00450	0.01303	0.00716	0.00526	0.12158
20	0.01800	0.01759	0.01890	0.01702	0.01997	0.12193	0.05085	0.02255	0.07594	0.02371	0.02787	0.21198	0.02901	0.08641	0.07499	0.00446	0.07011	0.01286	0.00602	0.08984

[dist]
# distance from previous block
# <min> <max>
12	115

[block]
# block no. 3 follows, 20 sequences, length 40
# corresponding to MSA columns:
# 299-338
name=unknown_D
#
# <colnr> <probs for GDERKNQSTAVLIFYWHMCP>
#	G	D	E	R	K	N	Q	S	T	A	V	L	I	F	Y	W	H	M	C	P
0	0.17659	0.12101	0.02260	0.01775	0.05327	0.16847	0.01351	0.02567	0.01912	0.06032	0.02737	0.06421	0.10851	0.01221	0.00963	0.00266	0.07278	0.00877	0.00559	0.00995
1	0.02086	0.05785	0.05348	0.02345	0.14587	0.11890	0.01595	0.08332	0.08835	0.02986	0.09530	0.03991	0.16513	0.01298	0.00892	0.00265	0.00885	0.01068	0.00660	0.01110
2	0.16208	0.12409	0.12127	0.01601	0.02292	0.02045	0.01521	0.06026	0.13889	0.09077	0.02754	0.02733	0.07624	0.01043	0.00761	0.00257	0.00811	0.00792	0.00650	0.05379
3	0.02343	0.44490	0.15063	0.01829	0.02589	0.12551	0.01857	0.02743	0.01867	0.02196	0.01293	0.01533	0.01119	0.00826	0.00766	0.00219	0.04678	0.00529	0.00384	0.01125
4	0.01123	0.00850	0.01084	0.01144	0.01307	0.00811	0.00829	0.01372	0.01850	0.02461	0.16434	0.28877	0.20337	0.03158	0.13640	0.00527	0.00827	0.01846	0.00772	0.00751
5	0.01940	0.01530	0.01662	0.01510	0.01856	0.01686	0.01135	0.11334	0.28409	0.03209	0.03555	0.07692	0.06298	0.18829	0.01833	0.00441	0.00752	0.04475	0.00780	0.01074
6	0.01783	0.01707	0.02361	0.02053	0.02061	0.02330	0.01669	0.01953	0.01329	0.02037	0.01435	0.02531	0.01488	0.11539	0.06243	0.00499	0.54846	0.00845	0.00407	0.00884
7	0.01063	0.00759	0.01012	0.01215	0.01265	0.00709	0.00810	0.01215	0.01670	0.02227	0.04808	0.68775	0.05769	0.02733	0.01113	0.00354	0.00506	0.02480	0.00810	0.00709
8	0.02329	0.20940	0.26818	0.02097	0.02927	0.21737	0.02191	0.02874	0.01990	0.02348	0.01453	0.01737	0.01176	0.01155	0.04460	0.00302	0.01344	0.00590	0.00400	0.01132
9	0.01922	0.22678	0.35553	0.11639	0.06690	0.02424	0.02585	0.02638	0.01815	0.02487	0.01466	0.01800	0.01131	0.00809	0.00760	0.00252	0.01156	0.00619	0.00376	0.01199
10	0.07165	0.06692	0.02942	0.02315	0.02899	0.36928	0.10552	0.14695	0.02641	0.02999	0.01545	0.01777	0.01215	0.00891	0.00815	0.00243	0.01353	0.00667	0.00533	0.01132
11	0.02084	0.24032	0.22742	0.02357	0.03170	0.05650	0.13094	0.02657	0.01815	0.02418	0.01420	0.01796	0.01157	0.00893	0.01084	0.00265	0.11149	0.00674	0.00389	0.01152
12	0.01778	0.04342	0.60545	0.02686	0.07975	0.02029	0.03185	0.02756	0.01852	0.02769	0.01571	0.01864	0.01124	0.00825	0.00831	0.00275	0.01271	0.00654	0.00373	0.01296
13	0.06223	0.01257	0.01721	0.01504	0.01809	0.01332	0.04370	0.02333	0.04790	0.14461	0.02881	0.03771	0.05613	0.16153	0.22762	0.00760	0.05676	0.01008	0.00637	0.00940
14	0.01790	0.01518	0.01623	0.01487	0.01894	0.01666	0.01146	0.03475	0.40616	0.03360	0.13952	0.04818	0.16043	0.01488	0.00939	0.00292	0.00596	0.01254	0.00883	0.01162
15	0.02145	0.02110	0.03758	0.05127	0.55879	0.02091	0.10527	0.02693	0.01996	0.02842	0.01658	0.02185	0.01374	0.00772	0.00886	0.00264	0.01095	0.00811	0.00433	0.01354
16	0.01918	0.01898	0.03434	0.07450	0.30703	0.01914	0.17504	0.02442	0.01933	0.02674	0.02378	0.03210	0.05964	0.01309	0.04374	0.00346	0.04226	0.04667	0.00482	0.01172
17	0.01599	0.00964	0.01142	0.01110	0.01407	0.00834	0.00826	0.01823	0.01994	0.14373	0.06615	0.24959	0.34784	0.02143	0.01025	0.00307	0.00519	0.01840	0.00862	0.00873
18	0.03258	0.04157	0.02472	0.02247	0.02697	0.65843	0.01685	0.03483	0.02472	0.02135	0.01348	0.01573	0.01124	0.00899	0.00787	0.00225	0.01573	0.00562	0.00449	0.01011
19	0.01944	0.06136	0.24461	0.02274	0.09135	0.01870	0.02104	0.13342	0.02292	0.03142	0.02993	0.10341	0.08082	0.01348	0.00913	0.00289	0.00971	0.06598	0.00602	0.01165
20	0.01388	0.01379	0.01152	0.01111	0.01420	0.10584	0.00834	0.01629	0.02110	0.02439	0.13240	0.07173	0.48507	0.01968	0.00994	0.00282	0.00610	0.01621	0.00771	0.00787
21	0.01268	0.00846	0.00951	0.00951	0.00951	0.00846	0.00529	0.01268	0.01268	0.01691	0.02748	0.05708	0.03171	0.69345	0.04440	0.00846	0.00846	0.01268	0.00529	0.00529
22	0.02059	0.02353	0.05147	0.03676	0.04559	0.02206	0.60735	0.02794	0.02059	0.02794	0.01765	0.02353	0.01324	0.00735	0.01029	0.00294	0.01471	0.01029	0.00441	0.01176
23	0.02446	0.02140	0.03456	0.04480	0.45522	0.05525	0.08929	0.02948	0.02090	0.11140	0.01882	0.02258	0.01466	0.00820	0.00880	0.00263	0.01075	0.00807	0.00521	0.01352
24	0.03038	0.03790	0.02505	0.02254	0.02630	0.55530	0.01722	0.03257	0.02286	0.02129	0.01315	0.01628	0.01127	0.01001	0.01125	0.00250	0.12376	0.00595	0.00438	0.01002
25	0.02159	0.02073	0.03541	0.05354	0.63903	0.02073	0.02677	0.02677	0.01986	0.02850	0.01641	0.02159	0.01382	0.00777	0.00864	0.00259	0.01036	0.00777	0.00432	0.01382
26	0.02361	0.33194	0.18906	0.02088	0.05247	0.13306	0.02031	0.05656	0.02007	0.02447	0.01380	0.01629	0.01147	0.00848	0.00810	0.00232	0.04566	0.00570	0.00412	0.01164
27	0.01936	0.02226	0.12378	0.04192	0.43060	0.01848	0.02487	0.02494	0.01950	0.02771	0.02202	0.06723	0.02067	0.01111	0.00918	0.00286	0.01015	0.08590	0.00493	0.01253
28	0.01268	0.00846	0.00951	0.00951	0.00951	0.00846	0.00529	0.01268	0.01268	0.01691	0.02748	0.05708	0.03171	0.69345	0.04440	0.00846	0.00846	0.01268	0.00529	0.00529
29	0.01348	0.01108	0.01224	0.01238	0.01521	0.01102	0.00940	0.02112	0.16419	0.02666	0.06317	0.19715	0.31194	0.02090	0.01031	0.00318	0.00551	0.07387	0.00828	0.00892
30	0.01268	0.00846	0.00951	0.00951	0.00951	0.00846	0.00529	0.01268	0.01268	0.01691	0.02748	0.05708	0.03171	0.69345	0.04440	0.00846	0.00846	0.01268	0.00529	0.00529
31	0.03316	0.02443	0.02618	0.02007	0.02705	0.02705	0.01658	0.60995	0.04101	0.05497	0.02094	0.02094	0.01483	0.01047	0.00873	0.00262	0.00960	0.00785	0.00873	0.01483
32	0.01093	0.00886	0.00970	0.00949	0.01216	0.00763	0.00712	0.01372	0.02135	0.02705	0.25521	0.07821	0.46647	0.02079	0.01030	0.00288	0.00433	0.01760	0.00856	0.00763
33	0.01750	0.04512	0.64825	0.02486	0.03775	0.02026	0.03223	0.02762	0.01842	0.02762	0.01565	0.01842	0.01105	0.00829	0.00829	0.00276	0.01289	0.00645	0.00368	0.01289
34	0.01647	0.01550	0.02616	0.67248	0.06008	0.01938	0.02422	0.02229	0.01744	0.02229	0.01550	0.02326	0.01163	0.00872	0.00872	0.00291	0.01163	0.00775	0.00388	0.00969
35	0.16125	0.01863	0.02464	0.02167	0.06455	0.08867	0.15906	0.02354	0.02063	0.03025	0.15174	0.04080	0.09438	0.01257	0.00908	0.00283	0.00928	0.05030	0.00631	0.00981
36	0.01551	0.01568	0.01351	0.01320	0.01594	0.13484	0.01006	0.01790	0.02047	0.02373	0.09386	0.12702	0.34857	0.01964	0.01097	0.00299	0.04063	0.06014	0.00727	0.00808
37	0.17823	0.02993	0.34383	0.06114	0.02958	0.01755	0.02173	0.02391	0.01785	0.02902	0.02898	0.03051	0.13185	0.01095	0.00807	0.00279	0.00981	0.00847	0.00493	0.01085
38	0.02986	0.03350	0.02303	0.02072	0.02547	0.43918	0.01575	0.03856	0.19548	0.06200	0.02098	0.02134	0.01623	0.00991	0.00821	0.00248	0.01273	0.00701	0.00611	0.01144
39	0.02415	0.09978	0.12001	0.02492	0.13907	0.21630	0.01872	0.06043	0.02178	0.02758	0.01753	0.02059	0.01404	0.00881	0.00754	0.00233	0.01102	0.00666	0.14751	0.01121

[dist]
# distance from previous block
# <min> <max>
0	24

[block]
# block no. 4 follows, 20 sequences, length 14
# corresponding to MSA columns:
# 363-376
name=unknown_E
#
# <colnr> <probs for GDERKNQSTAVLIFYWHMCP>
#	G	D	E	R	K	N	Q	S	T	A	V	L	I	F	Y	W	H	M	C	P
0	0.01687	0.02268	0.12971	0.01589	0.02030	0.16033	0.01410	0.02033	0.01980	0.02341	0.04592	0.23341	0.20732	0.01807	0.00962	0.00293	0.00877	0.01514	0.00646	0.00893
1	0.01214	0.01052	0.01143	0.05898	0.01666	0.00998	0.00879	0.01731	0.09231	0.02502	0.07662	0.07327	0.51610	0.01987	0.01002	0.00294	0.00525	0.01659	0.00788	0.00831
2	0.01728	0.01371	0.01891	0.02317	0.16027	0.01389	0.01397	0.12475	0.02187	0.02968	0.03579	0.41173	0.03971	0.01972	0.01012	0.00315	0.00712	0.01776	0.00734	0.01006
3	0.02266	0.02558	0.11452	0.03401	0.13442	0.02249	0.30899	0.13164	0.05674	0.03324	0.01877	0.02264	0.01408	0.00833	0.00943	0.00281	0.01247	0.00898	0.00532	0.01288
4	0.01909	0.15675	0.43267	0.02528	0.03647	0.02311	0.13425	0.02742	0.01869	0.02643	0.01539	0.01857	0.01147	0.00797	0.00818	0.00264	0.01259	0.00683	0.00382	0.01239
5	0.01590	0.01398	0.02205	0.02956	0.27319	0.01441	0.01680	0.01973	0.01737	0.02419	0.03081	0.03691	0.11602	0.03466	0.28650	0.00753	0.01497	0.01013	0.00507	0.01022
6	0.01626	0.00813	0.00813	0.00813	0.01016	0.00813	0.00610	0.02033	0.01829	0.03252	0.02846	0.03252	0.02236	0.01016	0.00610	0.00203	0.00407	0.00813	0.74187	0.00813
7	0.01267	0.00852	0.00982	0.00982	0.00992	0.00862	0.00567	0.01288	0.01278	0.01714	0.02721	0.05554	0.03104	0.65092	0.08601	0.00883	0.00947	0.01246	0.00524	0.00545
8	0.01063	0.00759	0.01012	0.01215	0.01265	0.00709	0.00810	0.01215	0.01670	0.02227	0.04808	0.68775	0.05769	0.02733	0.01113	0.00354	0.00506	0.02480	0.00810	0.00709
9	0.01626	0.00813	0.00813	0.00813	0.01016	0.00813	0.00610	0.02033	0.01829	0.03252	0.02846	0.03252	0.02236	0.01016	0.00610	0.00203	0.00407	0.00813	0.74187	0.00813
10	0.02964	0.07474	0.02461	0.02103	0.02534	0.54534	0.01603	0.03202	0.02304	0.02117	0.01460	0.01786	0.01251	0.01569	0.08608	0.00364	0.01629	0.00601	0.00447	0.00989
11	0.02159	0.02073	0.03541	0.05354	0.63903	0.02073	0.02677	0.02677	0.01986	0.02850	0.01641	0.02159	0.01382	0.00777	0.00864	0.00259	0.01036	0.00777	0.00432	0.01382
12	0.02108	0.02021	0.03449	0.11514	0.58142	0.02059	0.02652	0.02632	0.01962	0.02788	0.01632	0.02175	0.01360	0.00787	0.00864	0.00262	0.01049	0.00777	0.00427	0.01341
13	0.02159	0.02073	0.03541	0.05354	0.63903	0.02073	0.02677	0.02677	0.01986	0.02850	0.01641	0.02159	0.01382	0.00777	0.00864	0.00259	0.01036	0.00777	0.00432	0.01382

[dist]
# distance from previous block
# <min> <max>
0	1

[block]
# block no. 5 follows, 20 sequences, length 101
# corresponding to MSA columns:
# 378-478
name=unknown_F
#
# <colnr> <probs for GDERKNQSTAVLIFYWHMCP>
#	G	D	E	R	K	N	Q	S	T	A	V	L	I	F	Y	W	H	M	C	P
0	0.02363	0.02459	0.03342	0.04778	0.52551	0.13900	0.02493	0.02827	0.02076	0.02717	0.01587	0.02050	0.01334	0.00800	0.00849	0.00253	0.01136	0.00737	0.00435	0.01313
1	0.01183	0.00870	0.01139	0.01194	0.01333	0.00837	0.00840	0.01402	0.01713	0.02352	0.12388	0.34662	0.07601	0.10200	0.13437	0.00574	0.00873	0.01798	0.00721	0.04883
2	0.03258	0.04157	0.02472	0.02247	0.02697	0.65843	0.01685	0.03483	0.02472	0.02135	0.01348	0.01573	0.01124	0.00899	0.00787	0.00225	0.01573	0.00562	0.00449	0.01011
3	0.02083	0.02525	0.14907	0.04822	0.52751	0.02064	0.02778	0.02693	0.01959	0.02834	0.01627	0.02100	0.01330	0.00787	0.00857	0.00262	0.01083	0.00753	0.00420	0.01365
4	0.01719	0.01449	0.01610	0.01373	0.01867	0.01411	0.01067	0.02858	0.24500	0.03180	0.14256	0.04220	0.12956	0.01294	0.00864	0.00243	0.00589	0.01088	0.00779	0.22677
5	0.01083	0.00774	0.01036	0.01238	0.01297	0.00726	0.00845	0.01250	0.01690	0.02250	0.04796	0.65274	0.05725	0.02714	0.01119	0.00357	0.00524	0.05780	0.00809	0.00714
6	0.01868	0.01256	0.01380	0.01205	0.01545	0.01284	0.00943	0.16707	0.02608	0.03784	0.21004	0.04518	0.11036	0.01388	0.00848	0.00250	0.00552	0.01150	0.25699	0.00976
7	0.03009	0.02304	0.05340	0.01947	0.02485	0.08884	0.01644	0.24075	0.02826	0.18780	0.05463	0.02447	0.01896	0.01158	0.01240	0.00283	0.13344	0.00816	0.00769	0.01291
8	0.01082	0.00886	0.00954	0.00937	0.01209	0.00758	0.00703	0.01350	0.02108	0.02640	0.22402	0.07928	0.49807	0.02103	0.01030	0.00290	0.00434	0.01775	0.00847	0.00758
9	0.02937	0.03547	0.02785	0.03157	0.20613	0.47176	0.01976	0.03247	0.02330	0.02344	0.01434	0.01745	0.01199	0.00863	0.00809	0.00235	0.01416	0.00625	0.00444	0.01120
10	0.01031	0.00884	0.00884	0.00884	0.01178	0.00736	0.00663	0.01252	0.01988	0.02356	0.08837	0.08395	0.63549	0.02209	0.01031	0.00295	0.00442	0.01841	0.00810	0.00736
11	0.01246	0.00935	0.01402	0.01402	0.01558	0.01090	0.01090	0.01558	0.01402	0.02025	0.02336	0.03427	0.02181	0.06542	0.65888	0.01402	0.02336	0.00935	0.00467	0.00779
12	0.01151	0.00865	0.01065	0.01064	0.01264	0.00780	0.00780	0.01465	0.02198	0.02970	0.38584	0.18544	0.21940	0.02068	0.01045	0.00294	0.00437	0.01812	0.00894	0.00780
13	0.01626	0.00813	0.00813	0.00813	0.01016	0.00813	0.00610	0.02033	0.01829	0.03252	0.02846	0.03252	0.02236	0.01016	0.00610	0.00203	0.00407	0.00813	0.74187	0.00813
14	0.01741	0.01667	0.01972	0.02272	0.13305	0.11757	0.01481	0.02077	0.01684	0.02196	0.02047	0.02891	0.01861	0.04559	0.43287	0.00999	0.01972	0.00845	0.00458	0.00928
15	0.02061	0.39442	0.32622	0.01955	0.02954	0.02788	0.02298	0.02682	0.01805	0.02383	0.01377	0.01605	0.01113	0.00785	0.00685	0.00228	0.01099	0.00549	0.00371	0.01198
16	0.01626	0.00813	0.00813	0.00813	0.01016	0.00813	0.00610	0.02033	0.01829	0.03252	0.02846	0.03252	0.02236	0.01016	0.00610	0.00203	0.00407	0.00813	0.74187	0.00813
17	0.02159	0.02073	0.03541	0.05354	0.63903	0.02073	0.02677	0.02677	0.01986	0.02850	0.01641	0.02159	0.01382	0.00777	0.00864	0.00259	0.01036	0.00777	0.00432	0.01382
18	0.06764	0.01689	0.01924	0.01571	0.02089	0.01749	0.01277	0.26553	0.03042	0.15555	0.17860	0.04013	0.06761	0.01348	0.00917	0.00275	0.00733	0.03753	0.00907	0.01218
19	0.01685	0.01418	0.01846	0.01685	0.02025	0.01496	0.06908	0.05969	0.23742	0.02986	0.04110	0.31809	0.06931	0.01857	0.01006	0.00319	0.00689	0.01671	0.00805	0.01042
20	0.02332	0.69869	0.04571	0.01493	0.02239	0.03451	0.01493	0.02612	0.01772	0.02052	0.01213	0.01399	0.01119	0.00746	0.00560	0.00187	0.00933	0.00466	0.00373	0.01119
21	0.03302	0.02858	0.02582	0.02065	0.02703	0.17994	0.01665	0.47068	0.03707	0.04683	0.01914	0.01968	0.01396	0.01011	0.00852	0.00253	0.01108	0.00731	0.00770	0.01369
22	0.03258	0.04157	0.02472	0.02247	0.02697	0.65843	0.01685	0.03483	0.02472	0.02135	0.01348	0.01573	0.01124	0.00899	0.00787	0.00225	0.01573	0.00562	0.00449	0.01011
23	0.01268	0.00846	0.00951	0.00951	0.00951	0.00846	0.00529	0.01268	0.01268	0.01691	0.02748	0.05708	0.03171	0.69345	0.04440	0.00846	0.00846	0.01268	0.00529	0.00529
24	0.01797	0.01704	0.02887	0.49096	0.22987	0.01977	0.02497	0.02360	0.01815	0.02411	0.01577	0.02277	0.01227	0.00844	0.00870	0.00281	0.01126	0.00776	0.00401	0.01090
25	0.01406	0.01004	0.01406	0.01606	0.01807	0.01004	0.01406	0.01807	0.02008	0.02610	0.04618	0.09839	0.05020	0.02410	0.01205	0.00402	0.00803	0.58032	0.00803	0.00803
26	0.01031	0.00884	0.00884	0.00884	0.01178	0.00736	0.00663	0.01252	0.01988	0.02356	0.08837	0.08395	0.63549	0.02209	0.01031	0.00295	0.00442	0.01841	0.00810	0.00736
27	0.03316	0.02443	0.02618	0.02007	0.02705	0.02705	0.01658	0.60995	0.04101	0.05497	0.02094	0.02094	0.01483	0.01047	0.00873	0.00262	0.00960	0.00785	0.00873	0.01483
28	0.01063	0.00759	0.01012	0.01215	0.01265	0.00709	0.00810	0.01215	0.01670	0.02227	0.04808	0.68775	0.05769	0.02733	0.01113	0.00354	0.00506	0.02480	0.00810	0.00709
29	0.02699	0.02137	0.02270	0.01882	0.02470	0.02417	0.01509	0.30650	0.35451	0.04502	0.02878	0.02719	0.02118	0.01121	0.00881	0.00280	0.00815	0.00893	0.00881	0.01428
30	0.02098	0.02011	0.03431	0.12668	0.57062	0.02057	0.02647	0.02624	0.01958	0.02776	0.01630	0.02179	0.01356	0.00788	0.00865	0.00263	0.01051	0.00777	0.00427	0.01333
31	0.01063	0.00759	0.01012	0.01215	0.01265	0.00709	0.00810	0.01215	0.01670	0.02227	0.04808	0.68775	0.05769	0.02733	0.01113	0.00354	0.00506	0.02480	0.00810	0.00709
32	0.01102	0.00886	0.00982	0.00958	0.01222	0.00766	0.00718	0.01389	0.02155	0.02753	0.27804	0.07742	0.44334	0.02061	0.01030	0.00288	0.00431	0.01749	0.00862	0.00766
33	0.02585	0.02913	0.02720	0.21874	0.15020	0.31836	0.02084	0.06097	0.02257	0.02478	0.01502	0.01931	0.01203	0.00877	0.00831	0.00252	0.01320	0.00677	0.00451	0.01093
34	0.02048	0.01939	0.03257	0.04868	0.56529	0.01930	0.02483	0.02541	0.01988	0.02806	0.02243	0.02981	0.05289	0.00958	0.00894	0.00270	0.00987	0.04204	0.00476	0.01309
35	0.01246	0.00935	0.01402	0.01402	0.01558	0.01090	0.01090	0.01558	0.01402	0.02025	0.02336	0.03427	0.02181	0.06542	0.65888	0.01402	0.02336	0.00935	0.00467	0.00779
36	0.02642	0.01793	0.01898	0.01531	0.02031	0.01950	0.01240	0.37474	0.03195	0.04602	0.02394	0.02556	0.01784	0.01035	0.00768	0.00238	0.00739	0.00796	0.30118	0.01216
37	0.01057	0.00782	0.00988	0.01153	0.01249	0.00714	0.00782	0.01222	0.01730	0.02251	0.05561	0.57478	0.16580	0.02635	0.01098	0.00343	0.00494	0.02360	0.00810	0.00714
38	0.03264	0.03993	0.02486	0.02224	0.02697	0.59803	0.01683	0.08984	0.02628	0.02456	0.01420	0.01623	0.01158	0.00913	0.00795	0.00228	0.01514	0.00583	0.00490	0.01056
39	0.02435	0.02616	0.02139	0.01981	0.02357	0.26850	0.01557	0.03438	0.22341	0.02722	0.02637	0.03612	0.02321	0.01321	0.01102	0.00295	0.07782	0.10750	0.00651	0.01093
40	0.01623	0.01538	0.01602	0.01560	0.01771	0.13205	0.01202	0.01918	0.01602	0.02045	0.02152	0.03080	0.01983	0.05486	0.53708	0.01182	0.02194	0.00865	0.00464	0.00822
41	0.02332	0.69869	0.04571	0.01493	0.02239	0.03451	0.01493	0.02612	0.01772	0.02052	0.01213	0.01399	0.01119	0.00746	0.00560	0.00187	0.00933	0.00466	0.00373	0.01119
42	0.01122	0.00801	0.01080	0.01282	0.01359	0.00759	0.00912	0.01317	0.01728	0.02293	0.04775	0.58624	0.05640	0.02677	0.01129	0.00362	0.00557	0.12048	0.00809	0.00725
43	0.02344	0.01840	0.02286	0.01831	0.02368	0.01932	0.08289	0.30182	0.06359	0.04016	0.03727	0.10477	0.13638	0.01412	0.00932	0.00280	0.00829	0.01204	0.04872	0.01183
44	0.02159	0.02073	0.03541	0.05354	0.63903	0.02073	0.02677	0.02677	0.01986	0.02850	0.01641	0.02159	0.01382	0.00777	0.00864	0.00259	0.01036	0.00777	0.00432	0.01382
45	0.01370	0.01117	0.01639	0.01568	0.01695	0.01386	0.01243	0.01659	0.01390	0.02039	0.02114	0.03143	0.01987	0.05604	0.54096	0.01211	0.14575	0.00903	0.00451	0.00812
46	0.01767	0.04392	0.61514	0.02552	0.03819	0.02036	0.06414	0.02764	0.01854	0.02764	0.01576	0.01870	0.01117	0.00824	0.00840	0.00277	0.01299	0.00666	0.00372	0.01283
47	0.02160	0.02061	0.03448	0.05144	0.60282	0.02078	0.02601	0.02792	0.05531	0.02897	0.01753	0.02223	0.01457	0.00801	0.00865	0.00261	0.01016	0.00789	0.00459	0.01382
48	0.02032	0.06311	0.13000	0.03523	0.13852	0.02275	0.33843	0.02690	0.01927	0.02687	0.01623	0.02151	0.01273	0.00836	0.01134	0.00289	0.08058	0.00876	0.00420	0.01200
49	0.01063	0.00759	0.01012	0.01215	0.01265	0.00709	0.00810	0.01215	0.01670	0.02227	0.04808	0.68775	0.05769	0.02733	0.01113	0.00354	0.00506	0.02480	0.00810	0.00709
50	0.03914	0.01484	0.02024	0.01552	0.02227	0.01282	0.01282	0.04251	0.02497	0.64507	0.03441	0.02969	0.02159	0.01080	0.00877	0.00270	0.00742	0.00877	0.01080	0.01484
51	0.01063	0.00759	0.01012	0.01215	0.01265	0.00709	0.00810	0.01215	0.01670	0.02227	0.04808	0.68775	0.05769	0.02733	0.01113	0.00354	0.00506	0.02480	0.00810	0.00709
52	0.01084	0.00768	0.01006	0.01187	0.01232	0.00723	0.00780	0.01220	0.01628	0.02170	0.04590	0.62114	0.05495	0.09769	0.01465	0.00406	0.00542	0.02352	0.00780	0.00689
53	0.02420	0.01667	0.01811	0.01508	0.01958	0.01827	0.01211	0.30319	0.06270	0.04203	0.02466	0.02719	0.01894	0.01693	0.08464	0.00378	0.00915	0.00824	0.26292	0.01162
54	0.02127	0.01826	0.01941	0.01766	0.02243	0.02105	0.01382	0.04478	0.58981	0.03591	0.03610	0.03620	0.02794	0.01251	0.00905	0.00302	0.00697	0.04151	0.00883	0.01349
55	0.02159	0.02073	0.03541	0.05354	0.63903	0.02073	0.02677	0.02677	0.01986	0.02850	0.01641	0.02159	0.01382	0.00777	0.00864	0.00259	0.01036	0.00777	0.00432	0.01382
56	0.03258	0.04157	0.02472	0.02247	0.02697	0.65843	0.01685	0.03483	0.02472	0.02135	0.01348	0.01573	0.01124	0.00899	0.00787	0.00225	0.01573	0.00562	0.00449	0.01011
57	0.01809	0.01550	0.01809	0.01292	0.02067	0.01163	0.01034	0.02196	0.01809	0.02842	0.01550	0.01809	0.01292	0.00646	0.00646	0.00129	0.00646	0.00517	0.00517	0.74677
58	0.01647	0.01550	0.02616	0.67248	0.06008	0.01938	0.02422	0.02229	0.01744	0.02229	0.01550	0.02326	0.01163	0.00872	0.00872	0.00291	0.01163	0.00775	0.00388	0.00969
59	0.75506	0.01687	0.01282	0.01147	0.01687	0.01957	0.00945	0.02564	0.01484	0.03914	0.01215	0.01417	0.00945	0.00810	0.00540	0.00270	0.00675	0.00472	0.00540	0.00945
60	0.01246	0.00935	0.01402	0.01402	0.01558	0.01090	0.01090	0.01558	0.01402	0.02025	0.02336	0.03427	0.02181	0.06542	0.65888	0.01402	0.02336	0.00935	0.00467	0.00779
61	0.02722	0.02005	0.02216	0.01831	0.02382	0.02180	0.01514	0.43705	0.03474	0.04624	0.03068	0.07287	0.05738	0.01449	0.00955	0.00294	0.00879	0.11547	0.00853	0.01277
62	0.02159	0.02073	0.03541	0.05354	0.63903	0.02073	0.02677	0.02677	0.01986	0.02850	0.01641	0.02159	0.01382	0.00777	0.00864	0.00259	0.01036	0.00777	0.00432	0.01382
63	0.02295	0.02657	0.04457	0.03607	0.11223	0.14096	0.42827	0.02909	0.02128	0.02677	0.01672	0.02184	0.01293	0.00771	0.00964	0.00277	0.01438	0.00912	0.00442	0.01170
64	0.01406	0.01004	0.01406	0.01606	0.01807	0.01004	0.01406	0.01807	0.02008	0.02610	0.04618	0.09839	0.05020	0.02410	0.01205	0.00402	0.00803	0.58032	0.00803	0.00803
65	0.02159	0.02073	0.03541	0.05354	0.63903	0.02073	0.02677	0.02677	0.01986	0.02850	0.01641	0.02159	0.01382	0.00777	0.00864	0.00259	0.01036	0.00777	0.00432	0.01382
66	0.01063	0.00759	0.01012	0.01215	0.01265	0.00709	0.00810	0.01215	0.01670	0.02227	0.04808	0.68775	0.05769	0.02733	0.01113	0.00354	0.00506	0.02480	0.00810	0.00709
67	0.01246	0.00935	0.01402	0.01402	0.01558	0.01090	0.01090	0.01558	0.01402	0.02025	0.02336	0.03427	0.02181	0.06542	0.65888	0.01402	0.02336	0.00935	0.00467	0.00779
68	0.01268	0.00846	0.00951	0.00951	0.00951	0.00846	0.00529	0.01268	0.01268	0.01691	0.02748	0.05708	0.03171	0.69345	0.04440	0.00846	0.00846	0.01268	0.00529	0.00529
69	0.01082	0.00801	0.01011	0.01136	0.01255	0.00730	0.00784	0.01284	0.01845	0.02435	0.14063	0.48542	0.16843	0.02498	0.01086	0.00332	0.00480	0.02230	0.00832	0.00730
70	0.01268	0.00846	0.00951	0.00951	0.00951	0.00846	0.00529	0.01268	0.01268	0.01691	0.02748	0.05708	0.03171	0.69345	0.04440	0.00846	0.00846	0.01268	0.00529	0.00529
71	0.02059	0.02353	0.05147	0.03676	0.04559	0.02206	0.60735	0.02794	0.02059	0.02794	0.01765	0.02353	0.01324	0.00735	0.01029	0.00294	0.01471	0.01029	0.00441	0.01176
72	0.01031	0.00884	0.00884	0.00884	0.01178	0.00736	0.00663	0.01252	0.01988	0.02356	0.08837	0.08395	0.63549	0.02209	0.01031	0.00295	0.00442	0.01841	0.00810	0.00736
73	0.02159	0.02073	0.03541	0.05354	0.63903	0.02073	0.02677	0.02677	0.01986	0.02850	0.01641	0.02159	0.01382	0.00777	0.00864	0.00259	0.01036	0.00777	0.00432	0.01382
74	0.01750	0.04512	0.64825	0.02486	0.03775	0.02026	0.03223	0.02762	0.01842	0.02762	0.01565	0.01842	0.01105	0.00829	0.00829	0.00276	0.01289	0.00645	0.00368	0.01289
75	0.01042	0.00884	0.00899	0.00895	0.01185	0.00741	0.00671	0.01273	0.02014	0.02418	0.11789	0.08293	0.60558	0.02186	0.01031	0.00293	0.00440	0.01827	0.00818	0.00741
76	0.03914	0.01484	0.02024	0.01552	0.02227	0.01282	0.01282	0.04251	0.02497	0.64507	0.03441	0.02969	0.02159	0.01080	0.00877	0.00270	0.00742	0.00877	0.01080	0.01484
77	0.01037	0.00861	0.00907	0.00945	0.01194	0.00731	0.00690	0.01245	0.01929	0.02332	0.08089	0.19594	0.52833	0.02306	0.01046	0.00306	0.00454	0.01959	0.00810	0.00731
78	0.01647	0.01550	0.02616	0.67248	0.06008	0.01938	0.02422	0.02229	0.01744	0.02229	0.01550	0.02326	0.01163	0.00872	0.00872	0.00291	0.01163	0.00775	0.00388	0.00969
79	0.02159	0.02073	0.03541	0.05354	0.63903	0.02073	0.02677	0.02677	0.01986	0.02850	0.01641	0.02159	0.01382	0.00777	0.00864	0.00259	0.01036	0.00777	0.00432	0.01382
80	0.01715	0.01623	0.02300	0.02030	0.02076	0.02209	0.01669	0.01941	0.01355	0.02077	0.01494	0.02353	0.01448	0.02995	0.21312	0.00680	0.48600	0.00813	0.00407	0.00903
81	0.75506	0.01687	0.01282	0.01147	0.01687	0.01957	0.00945	0.02564	0.01484	0.03914	0.01215	0.01417	0.00945	0.00810	0.00540	0.00270	0.00675	0.00472	0.00540	0.00945
82	0.03316	0.02443	0.02618	0.02007	0.02705	0.02705	0.01658	0.60995	0.04101	0.05497	0.02094	0.02094	0.01483	0.01047	0.00873	0.00262	0.00960	0.00785	0.00873	0.01483
83	0.01150	0.00821	0.01112	0.01314	0.01403	0.00783	0.00961	0.01365	0.01756	0.02324	0.04760	0.53836	0.05579	0.02651	0.01137	0.00366	0.00581	0.16561	0.00808	0.00733
84	0.01810	0.03066	0.34716	0.02444	0.06425	0.01820	0.07770	0.02494	0.01826	0.06083	0.02254	0.14390	0.02068	0.01251	0.01099	0.00301	0.07473	0.01052	0.00502	0.01155
85	0.05648	0.02196	0.06335	0.10396	0.37522	0.05081	0.02311	0.03033	0.13145	0.02948	0.01948	0.02298	0.01549	0.00872	0.00848	0.00269	0.01007	0.00784	0.00514	0.01297
86	0.01235	0.00892	0.01166	0.01097	0.01303	0.00823	0.00823	0.01646	0.02469	0.03498	0.63443	0.06516	0.08230	0.01783	0.01029	0.00274	0.00412	0.01578	0.00960	0.00823
87	0.02159	0.02073	0.03541	0.05354	0.63903	0.02073	0.02677	0.02677	0.01986	0.02850	0.01641	0.02159	0.01382	0.00777	0.00864	0.00259	0.01036	0.00777	0.00432	0.01382
88	0.02741	0.02837	0.06040	0.05439	0.03122	0.20743	0.13207	0.21764	0.02794	0.03492	0.01829	0.02097	0.01382	0.00921	0.00852	0.00254	0.01214	0.00763	0.07321	0.01190
89	0.01144	0.00817	0.01106	0.01308	0.01394	0.00779	0.00951	0.01356	0.01750	0.02318	0.04763	0.54760	0.05591	0.02656	0.01135	0.00366	0.00577	0.15690	0.00808	0.00731
90	0.01246	0.00935	0.01402	0.01402	0.01558	0.01090	0.01090	0.01558	0.01402	0.02025	0.02336	0.03427	0.02181	0.06542	0.65888	0.01402	0.02336	0.00935	0.00467	0.00779
91	0.02635	0.03021	0.02238	0.02036	0.02426	0.36599	0.01571	0.03415	0.16989	0.02539	0.02401	0.02796	0.04701	0.01183	0.01076	0.00272	0.08588	0.03857	0.00586	0.01071
92	0.03241	0.02729	0.02554	0.02038	0.02679	0.14385	0.01647	0.47156	0.07076	0.04770	0.02038	0.02063	0.01483	0.01027	0.00857	0.00257	0.01058	0.00755	0.00795	0.01390
93	0.02159	0.02073	0.03541	0.05354	0.63903	0.02073	0.02677	0.02677	0.01986	0.02850	0.01641	0.02159	0.01382	0.00777	0.00864	0.00259	0.01036	0.00777	0.00432	0.01382
94	0.01087	0.00855	0.00986	0.01045	0.01252	0.00754	0.00765	0.01324	0.01964	0.02491	0.15080	0.25643	0.36193	0.02311	0.01063	0.00314	0.00474	0.04822	0.00831	0.00744
95	0.01083	0.00775	0.01030	0.01201	0.01270	0.00722	0.00811	0.01266	0.01764	0.02377	0.11736	0.61419	0.06060	0.02621	0.01103	0.00345	0.00495	0.02373	0.00828	0.00722
96	0.03050	0.03761	0.02675	0.02837	0.14323	0.53729	0.01874	0.03330	0.02380	0.02271	0.01404	0.01684	0.01173	0.00876	0.00801	0.00231	0.01471	0.00603	0.00446	0.01082
97	0.01880	0.01372	0.01496	0.01292	0.01703	0.01357	0.01016	0.19187	0.02683	0.06551	0.12819	0.08970	0.32673	0.01782	0.00980	0.00284	0.00610	0.01479	0.00860	0.01005
98	0.02146	0.02248	0.02273	0.06064	0.20505	0.20995	0.01632	0.02407	0.01894	0.02227	0.02043	0.06633	0.02054	0.21034	0.01903	0.00427	0.01121	0.00948	0.00484	0.00961
99	0.02556	0.02527	0.02470	0.15230	0.09394	0.20734	0.01815	0.17073	0.06008	0.03219	0.05577	0.05481	0.01975	0.01073	0.00868	0.00263	0.01118	0.00856	0.00611	0.01151
100	0.02716	0.02708	0.02445	0.02473	0.12500	0.24949	0.01679	0.19627	0.02862	0.03479	0.13230	0.02745	0.02600	0.01087	0.00869	0.00250	0.01090	0.00852	0.00664	0.01173

[dist]
