[name]
unknown

[dist]
# distance from previous block
# <min> <max>
0	7

[block]
# block no. 0 follows, 18 sequences, length 31
# corresponding to MSA columns:
# 7-37
name=unknown_A
#
# <colnr> <probs for GDERKNQSTAVLIFYWHMCP>
#	G	D	E	R	K	N	Q	S	T	A	V	L	I	F	Y	W	H	M	C	P
0	0.01661	0.01377	0.01830	0.02231	0.14075	0.01359	0.01412	0.06541	0.05710	0.02950	0.05382	0.17545	0.22093	0.01985	0.01070	0.00328	0.00724	0.09922	0.00780	0.01024
1	0.01376	0.01014	0.01217	0.01216	0.01344	0.01062	0.00826	0.01746	0.07220	0.02189	0.03748	0.10883	0.09511	0.33974	0.17852	0.00866	0.01173	0.01399	0.00635	0.00747
2	0.01410	0.00876	0.01095	0.01174	0.01290	0.00830	0.00795	0.01615	0.01834	0.05554	0.10099	0.37728	0.05133	0.14325	0.01719	0.00433	0.00586	0.01952	0.10773	0.00780
3	0.01224	0.00919	0.01085	0.01136	0.01300	0.00825	0.00765	0.01384	0.01751	0.02297	0.05299	0.33532	0.18430	0.17780	0.01933	0.00460	0.00612	0.01984	0.00758	0.06526
4	0.16295	0.01080	0.01125	0.01096	0.01293	0.01168	0.00775	0.01862	0.01549	0.02716	0.02509	0.04027	0.02433	0.26960	0.13761	0.00712	0.01030	0.00985	0.17861	0.00766
5	0.01911	0.01544	0.01524	0.06481	0.01954	0.09873	0.01111	0.05664	0.01962	0.02759	0.02488	0.03522	0.02214	0.14077	0.14773	0.00614	0.01207	0.00926	0.24516	0.00881
6	0.01201	0.00909	0.01114	0.01146	0.01319	0.00867	0.00818	0.01435	0.01885	0.02478	0.14378	0.19078	0.23166	0.12241	0.13147	0.00613	0.00898	0.01774	0.00770	0.00761
7	0.01139	0.00852	0.01058	0.01175	0.01316	0.00772	0.00817	0.01358	0.01969	0.02584	0.14823	0.43721	0.19896	0.02589	0.01137	0.00345	0.00501	0.02301	0.00877	0.00772
8	0.01302	0.00839	0.01061	0.01140	0.01160	0.00820	0.00710	0.01289	0.01467	0.01956	0.03460	0.28102	0.04034	0.31833	0.03175	0.13968	0.00741	0.01710	0.00637	0.00598
9	0.01428	0.00873	0.00964	0.00981	0.01048	0.00869	0.00605	0.01566	0.01542	0.02307	0.03097	0.10149	0.03269	0.43008	0.03212	0.00651	0.00726	0.01297	0.21750	0.00659
10	0.24401	0.29722	0.02797	0.01343	0.01965	0.02425	0.01210	0.02601	0.01877	0.07670	0.02985	0.03006	0.12661	0.01126	0.00703	0.00252	0.00784	0.00802	0.00593	0.01076
11	0.01232	0.00847	0.01032	0.01133	0.01159	0.00821	0.00697	0.01308	0.01537	0.02049	0.03925	0.35116	0.04640	0.36847	0.03006	0.00644	0.00720	0.01942	0.00697	0.00647
12	0.01940	0.01508	0.01726	0.01369	0.01876	0.01368	0.01023	0.10866	0.02079	0.02998	0.02170	0.03358	0.02076	0.22618	0.05252	0.00469	0.00891	0.00865	0.00604	0.34944
13	0.01926	0.01289	0.01477	0.01363	0.01582	0.04838	0.00998	0.02180	0.02063	0.11967	0.19527	0.13376	0.04684	0.17053	0.02014	0.00440	0.05845	0.01422	0.05049	0.00908
14	0.01619	0.01240	0.01696	0.11367	0.02294	0.01489	0.01338	0.01952	0.01723	0.02637	0.02827	0.18214	0.02797	0.01951	0.05139	0.00385	0.16090	0.01265	0.23089	0.00888
15	0.01559	0.01001	0.01322	0.01229	0.01489	0.00920	0.00945	0.01985	0.02573	0.08834	0.53104	0.06733	0.07902	0.01850	0.01080	0.00296	0.00488	0.04752	0.01012	0.00927
16	0.02953	0.02208	0.02425	0.01884	0.02546	0.02353	0.01530	0.42460	0.03554	0.04843	0.02174	0.02480	0.01687	0.05201	0.06064	0.00383	0.01067	0.00824	0.00807	0.12556
17	0.23576	0.02818	0.02316	0.01922	0.02540	0.18658	0.01539	0.28473	0.03085	0.04385	0.01736	0.01858	0.01301	0.00990	0.00795	0.00268	0.01094	0.00671	0.00702	0.01270
18	0.01335	0.00890	0.01001	0.01001	0.01001	0.00890	0.00556	0.01335	0.01335	0.01780	0.02893	0.06009	0.03338	0.67731	0.04673	0.00890	0.00890	0.01335	0.00556	0.00556
19	0.01421	0.01110	0.01657	0.15421	0.02584	0.01288	0.01374	0.01813	0.01644	0.02321	0.02874	0.03756	0.06821	0.04699	0.39588	0.01014	0.01849	0.01012	0.06890	0.00863
20	0.01106	0.00900	0.00980	0.01026	0.01270	0.00774	0.00744	0.01334	0.02046	0.02524	0.11570	0.22324	0.45354	0.02426	0.01105	0.00323	0.00479	0.02078	0.00862	0.00774
21	0.08117	0.21277	0.03230	0.02705	0.16793	0.17245	0.01811	0.02810	0.02012	0.02535	0.01603	0.02043	0.01405	0.01781	0.10550	0.00429	0.01377	0.00671	0.00456	0.01148
22	0.02015	0.02120	0.04136	0.18180	0.04683	0.02053	0.34670	0.02683	0.02040	0.02808	0.01762	0.02365	0.01347	0.00791	0.00970	0.00277	0.01311	0.00921	0.00465	0.14403
23	0.01749	0.01539	0.02213	0.02915	0.24098	0.01541	0.01653	0.02481	0.11128	0.03035	0.12412	0.14179	0.14058	0.01617	0.01009	0.00303	0.00745	0.01444	0.00739	0.01142
24	0.11254	0.02433	0.02294	0.19186	0.03470	0.17148	0.01757	0.07703	0.15826	0.03165	0.02466	0.02675	0.04677	0.01080	0.00866	0.00286	0.01094	0.00833	0.00629	0.01159
25	0.02146	0.02220	0.02266	0.02245	0.09202	0.16180	0.01573	0.02470	0.01948	0.02500	0.02283	0.02763	0.06222	0.02169	0.12757	0.00476	0.11381	0.00818	0.00510	0.17871
26	0.01274	0.00871	0.01121	0.01193	0.01241	0.00884	0.00778	0.01364	0.01494	0.02022	0.03460	0.25808	0.03957	0.31024	0.14329	0.05172	0.01053	0.01665	0.00634	0.00659
27	0.11430	0.01609	0.01784	0.01557	0.02071	0.01690	0.01227	0.03838	0.24826	0.20776	0.03794	0.08438	0.06155	0.01348	0.00897	0.00299	0.00692	0.01105	0.05167	0.01298
28	0.11247	0.01713	0.02447	0.12569	0.20113	0.01928	0.01893	0.02283	0.01888	0.02847	0.06445	0.03606	0.12614	0.01317	0.01294	0.00311	0.12817	0.01025	0.00557	0.01088
29	0.01864	0.01735	0.02818	0.13642	0.36576	0.01767	0.02208	0.02325	0.02013	0.02739	0.03313	0.10944	0.11571	0.01315	0.00969	0.00296	0.00946	0.01207	0.00557	0.01196
30	0.13999	0.01610	0.02151	0.09484	0.09895	0.01613	0.01552	0.03385	0.04615	0.28716	0.10798	0.03217	0.02756	0.01135	0.00889	0.00287	0.00810	0.00938	0.00854	0.01297

[dist]
# distance from previous block
# <min> <max>
0	3

[block]
# block no. 1 follows, 18 sequences, length 12
# corresponding to MSA columns:
# 41-52
name=unknown_B
#
# <colnr> <probs for GDERKNQSTAVLIFYWHMCP>
#	G	D	E	R	K	N	Q	S	T	A	V	L	I	F	Y	W	H	M	C	P
0	0.02545	0.02064	0.02344	0.11528	0.09543	0.10737	0.01662	0.03129	0.06941	0.13972	0.02347	0.05977	0.01876	0.01024	0.00856	0.00246	0.00963	0.00848	0.00664	0.20732
1	0.02162	0.02135	0.03097	0.08057	0.22131	0.05745	0.06449	0.02911	0.10474	0.02768	0.01918	0.02451	0.01604	0.01479	0.05430	0.00391	0.18195	0.00864	0.00512	0.01227
2	0.01829	0.01931	0.07605	0.24082	0.19076	0.01845	0.02235	0.02346	0.01881	0.02629	0.02134	0.11745	0.02004	0.01189	0.01048	0.00292	0.04952	0.01035	0.00499	0.09645
3	0.02682	0.02730	0.02822	0.15592	0.16260	0.20045	0.02104	0.11690	0.11054	0.03194	0.01986	0.02289	0.01544	0.00980	0.00893	0.00275	0.01214	0.00786	0.00590	0.01271
4	0.14615	0.02365	0.06115	0.05869	0.02719	0.12363	0.06171	0.07709	0.05242	0.03155	0.02108	0.07912	0.01899	0.06120	0.01126	0.00312	0.01034	0.00903	0.00593	0.11670
5	0.01883	0.01889	0.01570	0.01546	0.01817	0.17994	0.01182	0.02159	0.02199	0.02557	0.12850	0.06556	0.15282	0.11518	0.01585	0.00399	0.00937	0.14495	0.00728	0.00852
6	0.01547	0.01327	0.01580	0.16857	0.02601	0.06542	0.01282	0.01822	0.01801	0.02342	0.03430	0.31642	0.03771	0.11588	0.01550	0.00408	0.00841	0.01671	0.06577	0.00821
7	0.02050	0.02600	0.16221	0.19492	0.36050	0.02137	0.02876	0.02723	0.01996	0.02822	0.01687	0.02243	0.01336	0.00854	0.00903	0.00285	0.01180	0.00788	0.00429	0.01328
8	0.12784	0.01948	0.02786	0.30627	0.18642	0.02216	0.02250	0.12214	0.02283	0.03355	0.01702	0.02223	0.01304	0.00916	0.00865	0.00289	0.01080	0.00772	0.00530	0.01215
9	0.02546	0.02262	0.02427	0.06349	0.09279	0.11116	0.01694	0.20464	0.05875	0.03696	0.06558	0.02745	0.02167	0.01918	0.10207	0.00439	0.01254	0.00864	0.00682	0.07458
10	0.01662	0.01231	0.01466	0.01339	0.01635	0.01178	0.00974	0.10047	0.02292	0.03179	0.17461	0.23520	0.04903	0.12546	0.01608	0.00387	0.00658	0.01608	0.00807	0.11499
11	0.01260	0.00866	0.01058	0.01131	0.01161	0.00860	0.00701	0.01338	0.01490	0.01999	0.03601	0.26698	0.04195	0.41125	0.07840	0.00757	0.00883	0.01745	0.00653	0.00640

[dist]
# distance from previous block
# <min> <max>
1	8

[block]
# block no. 2 follows, 18 sequences, length 46
# corresponding to MSA columns:
# 61-106
name=unknown_C
#
# <colnr> <probs for GDERKNQSTAVLIFYWHMCP>
#	G	D	E	R	K	N	Q	S	T	A	V	L	I	F	Y	W	H	M	C	P
0	0.06788	0.36163	0.03464	0.01674	0.02284	0.09001	0.01488	0.07468	0.06229	0.02906	0.09514	0.02423	0.02304	0.01043	0.00831	0.00241	0.03712	0.00735	0.00574	0.01158
1	0.01732	0.01759	0.06650	0.01520	0.01910	0.05545	0.01237	0.05339	0.01943	0.02609	0.03528	0.16888	0.10255	0.14508	0.01834	0.00402	0.06008	0.01347	0.00642	0.14343
2	0.01860	0.01522	0.01635	0.01552	0.01772	0.06544	0.01136	0.12298	0.02164	0.02831	0.03242	0.25262	0.03505	0.15052	0.11987	0.00619	0.03873	0.01535	0.00701	0.00911
3	0.02618	0.02629	0.02250	0.02295	0.09730	0.26391	0.01552	0.07331	0.02589	0.06624	0.17884	0.03556	0.03466	0.05712	0.01179	0.00305	0.01101	0.00996	0.00696	0.01096
4	0.01982	0.16367	0.23532	0.02902	0.13709	0.02275	0.10288	0.02631	0.01977	0.02703	0.02372	0.07791	0.05406	0.01087	0.00889	0.00279	0.01136	0.00960	0.00479	0.01235
5	0.03307	0.12411	0.02880	0.02266	0.02778	0.56450	0.01749	0.03551	0.02509	0.02236	0.01401	0.01633	0.01182	0.00926	0.00798	0.00231	0.01571	0.00579	0.00463	0.01079
6	0.02193	0.02101	0.03584	0.14444	0.53814	0.02161	0.02779	0.02749	0.02053	0.02904	0.01713	0.02298	0.01421	0.00833	0.00910	0.00278	0.01110	0.00818	0.00448	0.01391
7	0.03430	0.04376	0.02602	0.02365	0.02839	0.64045	0.01774	0.03666	0.02602	0.02247	0.01419	0.01656	0.01183	0.00946	0.00828	0.00237	0.01656	0.00591	0.00473	0.01064
8	0.01594	0.01171	0.01471	0.01404	0.01482	0.01382	0.01047	0.01816	0.01626	0.02528	0.02907	0.16776	0.03008	0.15188	0.02231	0.00437	0.18727	0.01303	0.23089	0.00813
9	0.01114	0.00931	0.00970	0.00961	0.01258	0.00787	0.00720	0.01374	0.02161	0.02643	0.16368	0.08569	0.54463	0.02265	0.01085	0.00307	0.00461	0.01900	0.00874	0.00787
10	0.01734	0.01632	0.02754	0.65524	0.06324	0.02040	0.02550	0.02346	0.01836	0.02346	0.01632	0.02448	0.01224	0.00918	0.00918	0.00306	0.01224	0.00816	0.00408	0.01020
11	0.01085	0.00930	0.00930	0.00930	0.01240	0.00775	0.00698	0.01318	0.02093	0.02480	0.09302	0.08837	0.61631	0.02325	0.01085	0.00310	0.00465	0.01938	0.00853	0.00775
12	0.01842	0.04749	0.62974	0.02617	0.03974	0.02132	0.03392	0.02908	0.01939	0.02908	0.01648	0.01939	0.01163	0.00872	0.00872	0.00291	0.01357	0.00678	0.00388	0.01357
13	0.01507	0.01024	0.01141	0.01090	0.01148	0.01046	0.00651	0.05920	0.01573	0.02099	0.02838	0.05706	0.03197	0.62429	0.04375	0.00841	0.00900	0.01295	0.00585	0.00636
14	0.01734	0.01632	0.02754	0.65524	0.06324	0.02040	0.02550	0.02346	0.01836	0.02346	0.01632	0.02448	0.01224	0.00918	0.00918	0.00306	0.01224	0.00816	0.00408	0.01020
15	0.02035	0.01710	0.01974	0.01422	0.02231	0.01358	0.01142	0.06989	0.02103	0.03223	0.01679	0.01929	0.01377	0.00715	0.00700	0.00148	0.00707	0.00567	0.00575	0.67415
16	0.69486	0.01761	0.01402	0.01236	0.01814	0.02012	0.01018	0.02819	0.01635	0.08070	0.01437	0.01602	0.01081	0.00872	0.00592	0.00284	0.00715	0.00526	0.00607	0.01033
17	0.01223	0.00936	0.01121	0.01075	0.01325	0.00834	0.00806	0.01585	0.02419	0.03253	0.42895	0.07564	0.27555	0.02037	0.01084	0.00296	0.00445	0.01759	0.00954	0.00834
18	0.74217	0.01776	0.01350	0.01207	0.01776	0.02060	0.00994	0.02699	0.01563	0.04120	0.01278	0.01492	0.00994	0.00852	0.00568	0.00284	0.00710	0.00497	0.00568	0.00994
19	0.74217	0.01776	0.01350	0.01207	0.01776	0.02060	0.00994	0.02699	0.01563	0.04120	0.01278	0.01492	0.00994	0.00852	0.00568	0.00284	0.00710	0.00497	0.00568	0.00994
20	0.02250	0.22155	0.37991	0.02270	0.03360	0.06784	0.02647	0.07374	0.02152	0.02885	0.01574	0.01812	0.01200	0.00872	0.00795	0.00260	0.01246	0.00632	0.00437	0.01304
21	0.01842	0.04749	0.62974	0.02617	0.03974	0.02132	0.03392	0.02908	0.01939	0.02908	0.01648	0.01939	0.01163	0.00872	0.00872	0.00291	0.01357	0.00678	0.00388	0.01357
22	0.04120	0.01563	0.02131	0.01634	0.02344	0.01350	0.01350	0.04475	0.02628	0.62639	0.03622	0.03125	0.02273	0.01136	0.00923	0.00284	0.00781	0.00923	0.01136	0.01563
23	0.01395	0.01935	0.18235	0.01599	0.02020	0.01184	0.01521	0.01801	0.01790	0.02488	0.07524	0.29112	0.04262	0.16322	0.01848	0.00459	0.00846	0.04104	0.00670	0.00887
24	0.01815	0.01381	0.01598	0.01560	0.01840	0.01466	0.01147	0.13155	0.14200	0.03314	0.04239	0.41595	0.04534	0.02201	0.01075	0.00342	0.00665	0.01945	0.00882	0.01048
25	0.01595	0.00797	0.01196	0.01196	0.01196	0.00797	0.00797	0.01196	0.01196	0.01595	0.01595	0.02791	0.01595	0.03190	0.03589	0.73285	0.00797	0.00797	0.00399	0.00399
26	0.03490	0.02572	0.02756	0.02113	0.02847	0.02847	0.01745	0.58942	0.04317	0.05787	0.02204	0.02204	0.01561	0.01102	0.00919	0.00276	0.01010	0.00827	0.00919	0.01561
27	0.02352	0.10737	0.03184	0.12816	0.26435	0.14574	0.02172	0.02898	0.05199	0.02650	0.02304	0.02658	0.06191	0.00997	0.00869	0.00266	0.01141	0.00832	0.00501	0.01223
28	0.01879	0.04225	0.50974	0.07121	0.04248	0.02152	0.10876	0.02874	0.01963	0.02874	0.01675	0.02047	0.01199	0.00862	0.00904	0.00294	0.01374	0.00743	0.00400	0.01318
29	0.01119	0.00799	0.01065	0.01278	0.01332	0.00746	0.00852	0.01278	0.01758	0.02344	0.05061	0.67132	0.06073	0.02877	0.01172	0.00373	0.00533	0.02610	0.00852	0.00746
30	0.01438	0.01182	0.01803	0.02486	0.18143	0.01144	0.01397	0.01705	0.01850	0.02526	0.04137	0.49161	0.04793	0.02306	0.01099	0.00345	0.00687	0.02114	0.00742	0.00942
31	0.03109	0.03768	0.02914	0.03272	0.19232	0.46904	0.02063	0.03431	0.02460	0.02456	0.01505	0.01827	0.01258	0.00911	0.00850	0.00247	0.01499	0.00654	0.00468	0.01173
32	0.02092	0.01805	0.01893	0.01718	0.02204	0.02042	0.01332	0.04308	0.51010	0.03623	0.04629	0.04293	0.12230	0.01419	0.00958	0.00311	0.00685	0.01182	0.00921	0.01345
33	0.01312	0.00984	0.01476	0.01476	0.01640	0.01148	0.01148	0.01640	0.01476	0.02131	0.02459	0.03607	0.02295	0.06886	0.64092	0.01476	0.02459	0.00984	0.00492	0.00820
34	0.02200	0.02220	0.04118	0.09912	0.41722	0.02209	0.18272	0.02815	0.02092	0.02931	0.01756	0.02343	0.01419	0.00814	0.00958	0.00286	0.01228	0.00892	0.00454	0.01360
35	0.02395	0.02167	0.01970	0.01818	0.02232	0.14189	0.01376	0.07862	0.25949	0.06379	0.03500	0.19801	0.03220	0.01600	0.00974	0.00309	0.00886	0.01342	0.00830	0.01203
36	0.01329	0.00916	0.01133	0.01133	0.01178	0.00962	0.00720	0.01420	0.01374	0.01878	0.02773	0.05343	0.03049	0.50872	0.21137	0.01052	0.01325	0.01238	0.00538	0.00629
37	0.04120	0.01563	0.02131	0.01634	0.02344	0.01350	0.01350	0.04475	0.02628	0.62639	0.03622	0.03125	0.02273	0.01136	0.00923	0.00284	0.00781	0.00923	0.01136	0.01563
38	0.01985	0.04583	0.54810	0.02673	0.03936	0.06951	0.06605	0.02969	0.02004	0.02859	0.01643	0.01949	0.01179	0.00872	0.00882	0.00288	0.01392	0.00696	0.00399	0.01327
39	0.01987	0.01890	0.03212	0.37359	0.32510	0.02107	0.02676	0.02568	0.01956	0.02653	0.01677	0.02365	0.01332	0.00871	0.00914	0.00290	0.01161	0.00817	0.00430	0.01224
40	0.02470	0.02774	0.02605	0.03178	0.22944	0.27079	0.01906	0.02821	0.02301	0.02577	0.03264	0.03706	0.13585	0.01251	0.00928	0.00272	0.01185	0.03462	0.00560	0.01131
41	0.11603	0.02671	0.03151	0.04274	0.39866	0.17396	0.02332	0.03012	0.02150	0.02955	0.01595	0.02023	0.01330	0.00854	0.00846	0.00265	0.01182	0.00722	0.00473	0.01301
42	0.01666	0.00851	0.00872	0.00889	0.01090	0.00847	0.00658	0.02073	0.01913	0.03339	0.03156	0.08370	0.02642	0.01210	0.00683	0.00226	0.00436	0.00992	0.67240	0.00847
43	0.06558	0.01931	0.02582	0.17227	0.17475	0.02152	0.01984	0.09748	0.18952	0.03449	0.02832	0.03040	0.05918	0.01103	0.00911	0.00295	0.00941	0.00939	0.00670	0.01293
44	0.01300	0.00939	0.01227	0.01155	0.01372	0.00866	0.00866	0.01733	0.02599	0.03682	0.61519	0.06859	0.08664	0.01877	0.01083	0.00289	0.00433	0.01661	0.01011	0.00866
45	0.02044	0.03524	0.34371	0.03970	0.28544	0.02165	0.06578	0.02872	0.02017	0.02949	0.01694	0.02113	0.01300	0.00843	0.00901	0.00284	0.01256	0.00763	0.00421	0.01391

[dist]
# distance from previous block
# <min> <max>
0	2

[block]
# block no. 3 follows, 18 sequences, length 69
# corresponding to MSA columns:
# 109-177
name=unknown_D
#
# <colnr> <probs for GDERKNQSTAVLIFYWHMCP>
#	G	D	E	R	K	N	Q	S	T	A	V	L	I	F	Y	W	H	M	C	P
0	0.02244	0.02288	0.04151	0.03915	0.20386	0.02431	0.25753	0.06298	0.02102	0.02966	0.01688	0.02291	0.01377	0.01004	0.01480	0.00319	0.16639	0.00925	0.00476	0.01265
1	0.02455	0.68284	0.04811	0.01571	0.02357	0.03633	0.01571	0.02749	0.01866	0.02160	0.01277	0.01473	0.01178	0.00786	0.00589	0.00196	0.00982	0.00491	0.00393	0.01178
2	0.02101	0.05771	0.01600	0.01218	0.01662	0.01156	0.00977	0.02408	0.02321	0.20185	0.16185	0.06320	0.30945	0.01795	0.01003	0.00291	0.00587	0.01494	0.00931	0.01048
3	0.06983	0.02196	0.02306	0.01864	0.02481	0.02449	0.01512	0.36907	0.16851	0.04978	0.02596	0.02584	0.01906	0.01118	0.00871	0.00277	0.00863	0.00860	0.08972	0.01425
4	0.02478	0.26716	0.21763	0.02112	0.02946	0.20247	0.02161	0.02994	0.02075	0.02412	0.01500	0.01792	0.01240	0.01215	0.04457	0.00311	0.01375	0.00606	0.00420	0.01180
5	0.03367	0.02453	0.02624	0.02026	0.02725	0.02710	0.01669	0.55015	0.04152	0.05623	0.02259	0.02289	0.01616	0.01100	0.00899	0.00271	0.00970	0.00829	0.05889	0.01513
6	0.01115	0.00814	0.01050	0.01239	0.01321	0.00749	0.00835	0.01283	0.01796	0.02359	0.05540	0.60549	0.12346	0.02814	0.01162	0.00366	0.00525	0.02534	0.00852	0.00749
7	0.01187	0.00924	0.01078	0.01061	0.01308	0.00815	0.00788	0.01507	0.02303	0.03028	0.33230	0.12305	0.32855	0.02159	0.01091	0.00305	0.00455	0.01860	0.00926	0.00815
8	0.01165	0.00917	0.01052	0.01052	0.01298	0.00804	0.00776	0.01460	0.02231	0.02888	0.27236	0.15300	0.36084	0.02235	0.01095	0.00310	0.00462	0.01922	0.00908	0.00804
9	0.02644	0.02152	0.02755	0.10230	0.16749	0.02359	0.01974	0.26322	0.12418	0.04268	0.06738	0.02796	0.02232	0.01096	0.00931	0.00285	0.00965	0.00920	0.00761	0.01404
10	0.03490	0.02572	0.02756	0.02113	0.02847	0.02847	0.01745	0.58942	0.04317	0.05787	0.02204	0.02204	0.01561	0.01102	0.00919	0.00276	0.01010	0.00827	0.00919	0.01561
11	0.02305	0.02306	0.02194	0.02037	0.07998	0.17072	0.01438	0.02672	0.02064	0.02803	0.01718	0.02062	0.01430	0.00869	0.00896	0.00202	0.05452	0.00637	0.08960	0.34884
12	0.02701	0.10753	0.17000	0.09633	0.03435	0.17615	0.02196	0.16372	0.05898	0.03330	0.01796	0.02022	0.01362	0.00961	0.00849	0.00266	0.01255	0.00707	0.00568	0.01280
13	0.02974	0.34270	0.03636	0.01994	0.02613	0.35786	0.01679	0.03237	0.02258	0.02207	0.01352	0.01570	0.01181	0.00871	0.00716	0.00218	0.01341	0.00544	0.00436	0.01118
14	0.01198	0.00896	0.01112	0.01140	0.01330	0.00810	0.00824	0.01505	0.02238	0.03017	0.33116	0.24861	0.20046	0.02271	0.01109	0.00318	0.00469	0.02001	0.00928	0.00810
15	0.02135	0.06556	0.02465	0.05440	0.12797	0.10362	0.04736	0.02797	0.08877	0.02906	0.03016	0.03283	0.08494	0.01153	0.00947	0.00267	0.04056	0.00939	0.17667	0.01109
16	0.01085	0.00930	0.00930	0.00930	0.01240	0.00775	0.00698	0.01318	0.02093	0.02480	0.09302	0.08837	0.61631	0.02325	0.01085	0.00310	0.00465	0.01938	0.00853	0.00775
17	0.02551	0.02740	0.01974	0.01800	0.02245	0.30209	0.01366	0.03219	0.12863	0.05997	0.04350	0.04234	0.19857	0.01429	0.00930	0.00275	0.01078	0.01099	0.00709	0.01075
18	0.02265	0.02204	0.03854	0.05503	0.57699	0.02192	0.07021	0.02827	0.02096	0.02995	0.01737	0.02288	0.01450	0.00815	0.00922	0.00275	0.01125	0.00838	0.00455	0.01438
19	0.02101	0.27533	0.35397	0.02379	0.03480	0.02698	0.08961	0.02854	0.01938	0.02640	0.01537	0.01830	0.01195	0.00830	0.00793	0.00259	0.01243	0.00656	0.00398	0.01279
20	0.57427	0.17336	0.02160	0.01293	0.01912	0.02428	0.01129	0.02711	0.01634	0.03661	0.01278	0.01487	0.01037	0.00837	0.00573	0.00264	0.00774	0.00496	0.00527	0.01037
21	0.02049	0.02682	0.17157	0.08495	0.31269	0.02106	0.11810	0.02737	0.02005	0.02859	0.01779	0.02343	0.01426	0.01287	0.05684	0.00376	0.01337	0.00842	0.00441	0.01320
22	0.01943	0.04068	0.46043	0.03087	0.07560	0.02180	0.16292	0.02910	0.02001	0.02921	0.01701	0.02084	0.01234	0.00846	0.00924	0.00294	0.01386	0.00781	0.00410	0.01335
23	0.01100	0.00931	0.00951	0.00946	0.01249	0.00781	0.00709	0.01346	0.02128	0.02563	0.12911	0.08700	0.57970	0.02294	0.01085	0.00309	0.00463	0.01919	0.00864	0.00781
24	0.02230	0.03300	0.24789	0.03788	0.21774	0.05850	0.15817	0.05944	0.02205	0.03060	0.01737	0.02163	0.01328	0.00850	0.00932	0.00286	0.01319	0.00818	0.00459	0.01353
25	0.01891	0.01290	0.01438	0.01328	0.01728	0.01259	0.01018	0.02753	0.17363	0.12522	0.06456	0.13043	0.30453	0.01913	0.01029	0.00313	0.00592	0.01615	0.00920	0.01076
26	0.03378	0.03161	0.02650	0.02183	0.02810	0.24326	0.01733	0.35436	0.07930	0.04396	0.02044	0.02103	0.01522	0.01058	0.00888	0.00265	0.01216	0.00760	0.00763	0.01379
27	0.01119	0.00799	0.01065	0.01278	0.01332	0.00746	0.00852	0.01278	0.01758	0.02344	0.05061	0.67132	0.06073	0.02877	0.01172	0.00373	0.00533	0.02610	0.00852	0.00746
28	0.01312	0.00984	0.01476	0.01476	0.01640	0.01148	0.01148	0.01640	0.01476	0.02131	0.02459	0.03607	0.02295	0.06886	0.64092	0.01476	0.02459	0.00984	0.00492	0.00820
29	0.02455	0.68284	0.04811	0.01571	0.02357	0.03633	0.01571	0.02749	0.01866	0.02160	0.01277	0.01473	0.01178	0.00786	0.00589	0.00196	0.00982	0.00491	0.00393	0.01178
30	0.01119	0.00799	0.01065	0.01278	0.01332	0.00746	0.00852	0.01278	0.01758	0.02344	0.05061	0.67132	0.06073	0.02877	0.01172	0.00373	0.00533	0.02610	0.00852	0.00746
31	0.01319	0.00883	0.01006	0.01022	0.01026	0.00879	0.00579	0.01331	0.01367	0.01823	0.03056	0.10608	0.03544	0.62851	0.04410	0.00851	0.00863	0.01431	0.00579	0.00571
32	0.02273	0.02182	0.03727	0.05636	0.62003	0.02182	0.02818	0.02818	0.02091	0.03000	0.01727	0.02273	0.01454	0.00818	0.00909	0.00273	0.01091	0.00818	0.00455	0.01454
33	0.03316	0.11849	0.02860	0.02273	0.02782	0.56981	0.01750	0.03559	0.02516	0.02237	0.01403	0.01634	0.01182	0.00927	0.00800	0.00232	0.01577	0.00580	0.00464	0.01078
34	0.01842	0.04749	0.62974	0.02617	0.03974	0.02132	0.03392	0.02908	0.01939	0.02908	0.01648	0.01939	0.01163	0.00872	0.00872	0.00291	0.01357	0.00678	0.00388	0.01357
35	0.03282	0.02371	0.02533	0.01966	0.02640	0.02615	0.01616	0.52300	0.04037	0.05510	0.02297	0.02347	0.01654	0.01098	0.00886	0.00268	0.00942	0.00830	0.09327	0.01479
36	0.74217	0.01776	0.01350	0.01207	0.01776	0.02060	0.00994	0.02699	0.01563	0.04120	0.01278	0.01492	0.00994	0.00852	0.00568	0.00284	0.00710	0.00497	0.00568	0.00994
37	0.01297	0.01114	0.01133	0.01096	0.01443	0.01042	0.00831	0.01947	0.12379	0.02721	0.08319	0.07881	0.51243	0.02135	0.01059	0.00310	0.00511	0.01779	0.00867	0.00895
38	0.02009	0.02009	0.02812	0.02411	0.02411	0.02812	0.02009	0.02210	0.01406	0.02210	0.01205	0.02009	0.01205	0.01607	0.03013	0.00402	0.66051	0.00804	0.00402	0.01004
39	0.02167	0.02477	0.05418	0.03870	0.04799	0.02322	0.58669	0.02941	0.02167	0.02941	0.01858	0.02477	0.01393	0.00774	0.01084	0.00310	0.01548	0.01084	0.00464	0.01238
40	0.01300	0.00939	0.01227	0.01155	0.01372	0.00866	0.00866	0.01733	0.02599	0.03682	0.61519	0.06859	0.08664	0.01877	0.01083	0.00289	0.00433	0.01661	0.01011	0.00866
41	0.02273	0.02182	0.03727	0.05636	0.62003	0.02182	0.02818	0.02818	0.02091	0.03000	0.01727	0.02273	0.01454	0.00818	0.00909	0.00273	0.01091	0.00818	0.00455	0.01454
42	0.01734	0.01632	0.02754	0.65524	0.06324	0.02040	0.02550	0.02346	0.01836	0.02346	0.01632	0.02448	0.01224	0.00918	0.00918	0.00306	0.01224	0.00816	0.00408	0.01020
43	0.01147	0.00933	0.01016	0.00995	0.01278	0.00802	0.00747	0.01438	0.02240	0.02829	0.24458	0.08262	0.46257	0.02195	0.01085	0.00304	0.00456	0.01857	0.00899	0.00802
44	0.01904	0.01632	0.01904	0.01360	0.02176	0.01224	0.01088	0.02312	0.01904	0.02992	0.01632	0.01904	0.01360	0.00680	0.00680	0.00136	0.00680	0.00544	0.00544	0.73344
45	0.02153	0.09479	0.03702	0.19998	0.38206	0.02317	0.05769	0.02700	0.02006	0.02739	0.01660	0.02238	0.01363	0.00837	0.00885	0.00275	0.01138	0.00796	0.00437	0.01303
46	0.03430	0.04376	0.02602	0.02365	0.02839	0.64045	0.01774	0.03666	0.02602	0.02247	0.01419	0.01656	0.01183	0.00946	0.00828	0.00237	0.01656	0.00591	0.00473	0.01064
47	0.01985	0.19614	0.49366	0.02372	0.03596	0.02484	0.02966	0.02871	0.01921	0.02733	0.01561	0.01830	0.01167	0.00852	0.00806	0.00269	0.01269	0.00635	0.00389	0.01315
48	0.03488	0.02633	0.02626	0.02073	0.02761	0.09882	0.01686	0.42940	0.07121	0.11904	0.02365	0.02317	0.01671	0.01096	0.00909	0.00274	0.01044	0.00822	0.00892	0.01497
49	0.02273	0.02182	0.03727	0.05636	0.62003	0.02182	0.02818	0.02818	0.02091	0.03000	0.01727	0.02273	0.01454	0.00818	0.00909	0.00273	0.01091	0.00818	0.00455	0.01454
50	0.27974	0.22306	0.09954	0.01752	0.02455	0.17034	0.01630	0.02965	0.01939	0.02962	0.01355	0.01577	0.01113	0.00857	0.00671	0.00248	0.01088	0.00539	0.00473	0.01108
51	0.02084	0.01989	0.03386	0.26650	0.42466	0.02132	0.02724	0.02652	0.02001	0.02770	0.01694	0.02334	0.01374	0.00853	0.00912	0.00284	0.01138	0.00817	0.00438	0.01302
52	0.01085	0.00930	0.00930	0.00930	0.01240	0.00775	0.00698	0.01318	0.02093	0.02480	0.09302	0.08837	0.61631	0.02325	0.01085	0.00310	0.00465	0.01938	0.00853	0.00775
53	0.02028	0.02064	0.03121	0.02583	0.02693	0.02754	0.08714	0.02296	0.01496	0.02296	0.01282	0.02064	0.01228	0.01508	0.02785	0.00391	0.58417	0.00837	0.00409	0.01032
54	0.03490	0.02572	0.02756	0.02113	0.02847	0.02847	0.01745	0.58942	0.04317	0.05787	0.02204	0.02204	0.01561	0.01102	0.00919	0.00276	0.01010	0.00827	0.00919	0.01561
55	0.03490	0.02572	0.02756	0.02113	0.02847	0.02847	0.01745	0.58942	0.04317	0.05787	0.02204	0.02204	0.01561	0.01102	0.00919	0.00276	0.01010	0.00827	0.00919	0.01561
56	0.02284	0.01972	0.02076	0.01869	0.02388	0.02284	0.01453	0.04879	0.60345	0.03841	0.03737	0.03426	0.02803	0.01246	0.00934	0.00311	0.00727	0.01038	0.00934	0.01453
57	0.04120	0.01563	0.02131	0.01634	0.02344	0.01350	0.01350	0.04475	0.02628	0.62639	0.03622	0.03125	0.02273	0.01136	0.00923	0.00284	0.00781	0.00923	0.01136	0.01563
58	0.02284	0.01972	0.02076	0.01869	0.02388	0.02284	0.01453	0.04879	0.60345	0.03841	0.03737	0.03426	0.02803	0.01246	0.00934	0.00311	0.00727	0.01038	0.00934	0.01453
59	0.01126	0.00932	0.00986	0.00973	0.01265	0.00792	0.00730	0.01396	0.02189	0.02708	0.19170	0.08463	0.51621	0.02241	0.01085	0.00306	0.00459	0.01885	0.00883	0.00792
60	0.04120	0.01563	0.02131	0.01634	0.02344	0.01350	0.01350	0.04475	0.02628	0.62639	0.03622	0.03125	0.02273	0.01136	0.00923	0.00284	0.00781	0.00923	0.01136	0.01563
61	0.01160	0.00933	0.01034	0.01009	0.01286	0.00807	0.00757	0.01463	0.02270	0.02901	0.27560	0.08145	0.43110	0.02169	0.01084	0.00303	0.00454	0.01841	0.00908	0.00807
62	0.01335	0.00890	0.01001	0.01001	0.01001	0.00890	0.00556	0.01335	0.01335	0.01780	0.02893	0.06009	0.03338	0.67731	0.04673	0.00890	0.00890	0.01335	0.00556	0.00556
63	0.01179	0.00881	0.01029	0.01119	0.01257	0.00808	0.00767	0.01342	0.01795	0.02283	0.05998	0.29425	0.24469	0.17841	0.01967	0.00475	0.00612	0.05252	0.00783	0.00717
64	0.02045	0.02117	0.03415	0.02748	0.02963	0.02699	0.15112	0.02379	0.01582	0.02379	0.01356	0.02117	0.01249	0.01414	0.02567	0.00380	0.51134	0.00868	0.00416	0.01059
65	0.02258	0.14074	0.20164	0.02982	0.17418	0.06374	0.02374	0.03385	0.16152	0.02989	0.02096	0.02284	0.01635	0.00940	0.00846	0.00272	0.01095	0.00763	0.00543	0.01356
66	0.02277	0.29137	0.06962	0.02656	0.16325	0.09806	0.01910	0.02674	0.01935	0.02404	0.01641	0.02108	0.01452	0.01961	0.12613	0.00464	0.01384	0.00682	0.00435	0.01172
67	0.02175	0.03972	0.48827	0.02345	0.03527	0.01915	0.02879	0.03069	0.02064	0.12892	0.02466	0.02577	0.05199	0.01009	0.00894	0.00291	0.01204	0.00800	0.00543	0.01354
68	0.02159	0.10923	0.28572	0.02813	0.09869	0.09664	0.06819	0.02827	0.01961	0.02641	0.01603	0.02032	0.01285	0.01275	0.04654	0.00352	0.08172	0.00723	0.00419	0.01237

[dist]
# distance from previous block
# <min> <max>
0	2

[block]
# block no. 4 follows, 18 sequences, length 129
# corresponding to MSA columns:
# 180-308
name=unknown_E
#
# <colnr> <probs for GDERKNQSTAVLIFYWHMCP>
#	G	D	E	R	K	N	Q	S	T	A	V	L	I	F	Y	W	H	M	C	P
0	0.02224	0.02420	0.08472	0.05145	0.49112	0.02199	0.11150	0.02843	0.02091	0.02984	0.01740	0.02278	0.01423	0.00816	0.00932	0.00280	0.01179	0.00847	0.00451	0.01415
1	0.01958	0.17039	0.11465	0.01751	0.02276	0.10408	0.01631	0.02382	0.01812	0.02345	0.01964	0.02606	0.01729	0.03477	0.28148	0.00771	0.01736	0.00767	0.04720	0.01015
2	0.02086	0.04426	0.54037	0.02542	0.03807	0.02239	0.03148	0.11224	0.02292	0.03335	0.01730	0.01978	0.01222	0.00906	0.00879	0.00289	0.01306	0.00700	0.00466	0.01387
3	0.01122	0.00932	0.00981	0.00969	0.01263	0.00791	0.00727	0.01389	0.02180	0.02687	0.18297	0.08496	0.52506	0.02248	0.01085	0.00306	0.00460	0.01890	0.00880	0.00791
4	0.03285	0.13861	0.02930	0.02248	0.02767	0.55079	0.01744	0.03530	0.02493	0.02234	0.01398	0.01629	0.01182	0.00922	0.00792	0.00231	0.01556	0.00576	0.00461	0.01081
5	0.01761	0.01312	0.01555	0.01460	0.01772	0.01280	0.01069	0.13979	0.02318	0.03165	0.03836	0.40671	0.04273	0.04982	0.01196	0.00339	0.00674	0.01860	0.00808	0.11689
6	0.02273	0.02182	0.03727	0.05636	0.62003	0.02182	0.02818	0.02818	0.02091	0.03000	0.01727	0.02273	0.01454	0.00818	0.00909	0.00273	0.01091	0.00818	0.00455	0.01454
7	0.02529	0.63436	0.04644	0.01631	0.02393	0.08216	0.01586	0.02819	0.01922	0.02167	0.01287	0.01487	0.01179	0.00798	0.00607	0.00199	0.01033	0.00499	0.00399	0.01170
8	0.01116	0.00809	0.01055	0.01252	0.01325	0.00748	0.00841	0.01281	0.01783	0.02354	0.05382	0.62710	0.10287	0.02835	0.01165	0.00368	0.00528	0.02559	0.00852	0.00748
9	0.02118	0.02022	0.03413	0.15593	0.49290	0.02083	0.02660	0.02658	0.02047	0.02861	0.02113	0.02651	0.04608	0.00915	0.00920	0.00280	0.01080	0.00877	0.00468	0.01344
10	0.01133	0.00932	0.00997	0.00981	0.01270	0.00796	0.00735	0.01411	0.02206	0.02750	0.21012	0.08393	0.49752	0.02225	0.01085	0.00305	0.00458	0.01876	0.00888	0.00796
11	0.02371	0.01918	0.02201	0.02125	0.06207	0.02134	0.01610	0.15824	0.31886	0.03973	0.03519	0.04584	0.02983	0.01466	0.01001	0.00325	0.00837	0.12810	0.00881	0.01346
12	0.02284	0.01972	0.02076	0.01869	0.02388	0.02284	0.01453	0.04879	0.60345	0.03841	0.03737	0.03426	0.02803	0.01246	0.00934	0.00311	0.00727	0.01038	0.00934	0.01453
13	0.01335	0.00890	0.01001	0.01001	0.01001	0.00890	0.00556	0.01335	0.01335	0.01780	0.02893	0.06009	0.03338	0.67731	0.04673	0.00890	0.00890	0.01335	0.00556	0.00556
14	0.01734	0.01632	0.02754	0.65524	0.06324	0.02040	0.02550	0.02346	0.01836	0.02346	0.01632	0.02448	0.01224	0.00918	0.00918	0.00306	0.01224	0.00816	0.00408	0.01020
15	0.03490	0.02572	0.02756	0.02113	0.02847	0.02847	0.01745	0.58942	0.04317	0.05787	0.02204	0.02204	0.01561	0.01102	0.00919	0.00276	0.01010	0.00827	0.00919	0.01561
16	0.03490	0.02572	0.02756	0.02113	0.02847	0.02847	0.01745	0.58942	0.04317	0.05787	0.02204	0.02204	0.01561	0.01102	0.00919	0.00276	0.01010	0.00827	0.00919	0.01561
17	0.02273	0.02182	0.03727	0.05636	0.62003	0.02182	0.02818	0.02818	0.02091	0.03000	0.01727	0.02273	0.01454	0.00818	0.00909	0.00273	0.01091	0.00818	0.00455	0.01454
18	0.01904	0.01632	0.01904	0.01360	0.02176	0.01224	0.01088	0.02312	0.01904	0.02992	0.01632	0.01904	0.01360	0.00680	0.00680	0.00136	0.00680	0.00544	0.00544	0.73344
19	0.74217	0.01776	0.01350	0.01207	0.01776	0.02060	0.00994	0.02699	0.01563	0.04120	0.01278	0.01492	0.00994	0.00852	0.00568	0.00284	0.00710	0.00497	0.00568	0.00994
20	0.74217	0.01776	0.01350	0.01207	0.01776	0.02060	0.00994	0.02699	0.01563	0.04120	0.01278	0.01492	0.00994	0.00852	0.00568	0.00284	0.00710	0.00497	0.00568	0.00994
21	0.02167	0.02477	0.05418	0.03870	0.04799	0.02322	0.58669	0.02941	0.02167	0.02941	0.01858	0.02477	0.01393	0.00774	0.01084	0.00310	0.01548	0.01084	0.00464	0.01238
22	0.03430	0.04376	0.02602	0.02365	0.02839	0.64045	0.01774	0.03666	0.02602	0.02247	0.01419	0.01656	0.01183	0.00946	0.00828	0.00237	0.01656	0.00591	0.00473	0.01064
23	0.01300	0.00939	0.01227	0.01155	0.01372	0.00866	0.00866	0.01733	0.02599	0.03682	0.61519	0.06859	0.08664	0.01877	0.01083	0.00289	0.00433	0.01661	0.01011	0.00866
24	0.03430	0.04376	0.02602	0.02365	0.02839	0.64045	0.01774	0.03666	0.02602	0.02247	0.01419	0.01656	0.01183	0.00946	0.00828	0.00237	0.01656	0.00591	0.00473	0.01064
25	0.02273	0.02182	0.03727	0.05636	0.62003	0.02182	0.02818	0.02818	0.02091	0.03000	0.01727	0.02273	0.01454	0.00818	0.00909	0.00273	0.01091	0.00818	0.00455	0.01454
26	0.01085	0.00930	0.00930	0.00930	0.01240	0.00775	0.00698	0.01318	0.02093	0.02480	0.09302	0.08837	0.61631	0.02325	0.01085	0.00310	0.00465	0.01938	0.00853	0.00775
27	0.01842	0.04749	0.62974	0.02617	0.03974	0.02132	0.03392	0.02908	0.01939	0.02908	0.01648	0.01939	0.01163	0.00872	0.00872	0.00291	0.01357	0.00678	0.00388	0.01357
28	0.03490	0.02572	0.02756	0.02113	0.02847	0.02847	0.01745	0.58942	0.04317	0.05787	0.02204	0.02204	0.01561	0.01102	0.00919	0.00276	0.01010	0.00827	0.00919	0.01561
29	0.66126	0.01751	0.01440	0.01257	0.01841	0.01978	0.01035	0.02904	0.01686	0.10875	0.01549	0.01680	0.01142	0.00885	0.00609	0.00284	0.00718	0.00546	0.00634	0.01060
30	0.01300	0.00939	0.01227	0.01155	0.01372	0.00866	0.00866	0.01733	0.02599	0.03682	0.61519	0.06859	0.08664	0.01877	0.01083	0.00289	0.00433	0.01661	0.01011	0.00866
31	0.02304	0.01674	0.01984	0.15327	0.02902	0.01886	0.01486	0.18637	0.11252	0.03920	0.02588	0.02869	0.01953	0.01072	0.00823	0.00266	0.00809	0.00866	0.26204	0.01179
32	0.01085	0.00930	0.00930	0.00930	0.01240	0.00775	0.00698	0.01318	0.02093	0.02480	0.09302	0.08837	0.61631	0.02325	0.01085	0.00310	0.00465	0.01938	0.00853	0.00775
33	0.01179	0.00844	0.01125	0.01276	0.01374	0.00790	0.00892	0.01413	0.01961	0.02657	0.17242	0.50766	0.06586	0.02641	0.01158	0.00358	0.00530	0.05545	0.00886	0.00778
34	0.01905	0.01857	0.02614	0.02272	0.02296	0.02565	0.01881	0.02125	0.01416	0.02198	0.01391	0.02246	0.01367	0.02391	0.12078	0.00561	0.56613	0.00830	0.00415	0.00977
35	0.01913	0.01753	0.02695	0.03804	0.36424	0.01756	0.02030	0.02588	0.08766	0.02917	0.03662	0.13079	0.11895	0.01413	0.00979	0.00298	0.00866	0.01288	0.00632	0.01241
36	0.01916	0.01675	0.02009	0.01481	0.02203	0.01407	0.01194	0.02300	0.01847	0.02902	0.01583	0.01916	0.01342	0.00787	0.00949	0.00167	0.08226	0.00574	0.00528	0.64994
37	0.02164	0.01837	0.01988	0.01842	0.02316	0.02102	0.01457	0.04437	0.51703	0.03679	0.03904	0.04454	0.03171	0.01437	0.00984	0.00328	0.00744	0.09169	0.00921	0.01363
38	0.64478	0.01964	0.01606	0.01613	0.06409	0.05818	0.01180	0.02767	0.01666	0.03921	0.01321	0.01561	0.01041	0.00855	0.00610	0.00280	0.00796	0.00527	0.00554	0.01034
39	0.01131	0.00945	0.00995	0.01019	0.01318	0.00808	0.00789	0.01386	0.02095	0.02512	0.08781	0.09015	0.55027	0.02350	0.01107	0.00323	0.00510	0.08253	0.00852	0.00783
40	0.02144	0.02287	0.04623	0.04307	0.23403	0.02189	0.37135	0.02809	0.02120	0.02928	0.01991	0.05970	0.01671	0.00904	0.01031	0.00301	0.01342	0.01080	0.00483	0.01282
41	0.02603	0.01857	0.02062	0.01788	0.02330	0.02045	0.01408	0.07759	0.42505	0.14287	0.08010	0.03561	0.03081	0.01266	0.00943	0.00303	0.00731	0.01053	0.00975	0.01434
42	0.01907	0.04337	0.53936	0.02506	0.03739	0.02155	0.03105	0.03200	0.10607	0.03046	0.01958	0.02159	0.01406	0.00928	0.00882	0.00294	0.01263	0.00732	0.00469	0.01371
43	0.02096	0.01226	0.01266	0.01127	0.01454	0.01286	0.00880	0.14407	0.02442	0.03934	0.02825	0.03160	0.02182	0.01077	0.00702	0.00227	0.00554	0.00850	0.57299	0.01008
44	0.02158	0.02450	0.05268	0.03786	0.04662	0.02350	0.55416	0.02899	0.02123	0.02899	0.01820	0.02450	0.01382	0.00822	0.01194	0.00315	0.05251	0.01068	0.00461	0.01225
45	0.01867	0.04600	0.59536	0.02792	0.07341	0.02135	0.03359	0.02903	0.01947	0.02913	0.01652	0.01958	0.01180	0.00869	0.00874	0.00290	0.01342	0.00687	0.00392	0.01363
46	0.01842	0.04749	0.62974	0.02617	0.03974	0.02132	0.03392	0.02908	0.01939	0.02908	0.01648	0.01939	0.01163	0.00872	0.00872	0.00291	0.01357	0.00678	0.00388	0.01357
47	0.01734	0.01632	0.02754	0.65524	0.06324	0.02040	0.02550	0.02346	0.01836	0.02346	0.01632	0.02448	0.01224	0.00918	0.00918	0.00306	0.01224	0.00816	0.00408	0.01020
48	0.02284	0.01972	0.02076	0.01869	0.02388	0.02284	0.01453	0.04879	0.60345	0.03841	0.03737	0.03426	0.02803	0.01246	0.00934	0.00311	0.00727	0.01038	0.00934	0.01453
49	0.02167	0.02477	0.05418	0.03870	0.04799	0.02322	0.58669	0.02941	0.02167	0.02941	0.01858	0.02477	0.01393	0.00774	0.01084	0.00310	0.01548	0.01084	0.00464	0.01238
50	0.01842	0.04749	0.62974	0.02617	0.03974	0.02132	0.03392	0.02908	0.01939	0.02908	0.01648	0.01939	0.01163	0.00872	0.00872	0.00291	0.01357	0.00678	0.00388	0.01357
51	0.01199	0.00857	0.01158	0.01371	0.01459	0.00815	0.00993	0.01418	0.01837	0.02434	0.05016	0.54443	0.05897	0.02801	0.01193	0.00384	0.00603	0.14503	0.00851	0.00768
52	0.03430	0.04376	0.02602	0.02365	0.02839	0.64045	0.01774	0.03666	0.02602	0.02247	0.01419	0.01656	0.01183	0.00946	0.00828	0.00237	0.01656	0.00591	0.00473	0.01064
53	0.02273	0.02182	0.03727	0.05636	0.62003	0.02182	0.02818	0.02818	0.02091	0.03000	0.01727	0.02273	0.01454	0.00818	0.00909	0.00273	0.01091	0.00818	0.00455	0.01454
54	0.02107	0.02012	0.03427	0.24078	0.44857	0.02138	0.02735	0.02673	0.02012	0.02798	0.01698	0.02327	0.01383	0.00849	0.00912	0.00283	0.01132	0.00817	0.00440	0.01321
55	0.01269	0.01087	0.01375	0.01704	0.10278	0.00978	0.01046	0.01532	0.02020	0.02528	0.07258	0.20500	0.40656	0.02221	0.01078	0.00318	0.00573	0.01917	0.00793	0.00870
56	0.04120	0.01563	0.02131	0.01634	0.02344	0.01350	0.01350	0.04475	0.02628	0.62639	0.03622	0.03125	0.02273	0.01136	0.00923	0.00284	0.00781	0.00923	0.01136	0.01563
57	0.01456	0.01040	0.01453	0.01665	0.01866	0.01037	0.01439	0.01862	0.02091	0.02722	0.04874	0.13999	0.05335	0.02558	0.01262	0.00420	0.00825	0.52410	0.00846	0.00839
58	0.02273	0.02182	0.03727	0.05636	0.62003	0.02182	0.02818	0.02818	0.02091	0.03000	0.01727	0.02273	0.01454	0.00818	0.00909	0.00273	0.01091	0.00818	0.00455	0.01454
59	0.01860	0.01761	0.02982	0.51486	0.19376	0.02073	0.02613	0.02457	0.01896	0.02499	0.01654	0.02407	0.01278	0.00895	0.00916	0.00298	0.01193	0.00816	0.00419	0.01122
60	0.01119	0.00799	0.01065	0.01278	0.01332	0.00746	0.00852	0.01278	0.01758	0.02344	0.05061	0.67132	0.06073	0.02877	0.01172	0.00373	0.00533	0.02610	0.00852	0.00746
61	0.01621	0.01396	0.01443	0.01350	0.01753	0.01450	0.01036	0.02910	0.28145	0.03089	0.06813	0.06417	0.35321	0.01843	0.01018	0.00311	0.00582	0.01535	0.00889	0.01078
62	0.01832	0.02108	0.07739	0.07682	0.03926	0.01864	0.35375	0.02447	0.02018	0.02734	0.02690	0.19852	0.02626	0.01357	0.01082	0.00325	0.01238	0.01449	0.00560	0.01097
63	0.02273	0.02182	0.03727	0.05636	0.62003	0.02182	0.02818	0.02818	0.02091	0.03000	0.01727	0.02273	0.01454	0.00818	0.00909	0.00273	0.01091	0.00818	0.00455	0.01454
64	0.01099	0.00921	0.00956	0.00968	0.01254	0.00778	0.00718	0.01336	0.02093	0.02532	0.11655	0.13157	0.54703	0.02344	0.01092	0.00314	0.00469	0.01975	0.00861	0.00778
65	0.02121	0.01974	0.03061	0.14805	0.03608	0.02269	0.14145	0.09344	0.10757	0.03039	0.02213	0.05986	0.01895	0.04885	0.01629	0.00360	0.15142	0.01026	0.00588	0.01152
66	0.02042	0.17293	0.24281	0.02491	0.03283	0.02604	0.11380	0.02657	0.01813	0.02552	0.01533	0.02015	0.01264	0.01280	0.04168	0.00352	0.16647	0.00746	0.00409	0.01192
67	0.01265	0.00920	0.01185	0.01342	0.01483	0.00876	0.01018	0.01511	0.01887	0.02445	0.05381	0.31694	0.13738	0.09823	0.01579	0.00438	0.00673	0.21161	0.00817	0.00764
68	0.01877	0.02473	0.16227	0.37113	0.13243	0.02110	0.08784	0.02596	0.01928	0.02621	0.01673	0.02317	0.01260	0.00879	0.00925	0.00299	0.01269	0.00815	0.00416	0.01176
69	0.02939	0.02902	0.02577	0.02178	0.02629	0.22446	0.01737	0.22476	0.05524	0.03556	0.02227	0.02440	0.05050	0.01245	0.01368	0.00295	0.15709	0.00822	0.00656	0.01224
70	0.02420	0.02422	0.03276	0.17817	0.36711	0.11499	0.02524	0.06995	0.02277	0.02952	0.01696	0.02213	0.01372	0.00880	0.00899	0.00275	0.01199	0.00784	0.00482	0.01310
71	0.02116	0.03799	0.41077	0.02769	0.03920	0.02128	0.15451	0.03178	0.06389	0.07403	0.01996	0.02257	0.01419	0.00898	0.00928	0.00296	0.01310	0.00814	0.00501	0.01353
72	0.02691	0.02616	0.03146	0.13098	0.28961	0.14394	0.02335	0.15457	0.02650	0.03379	0.01760	0.02163	0.01391	0.00921	0.00897	0.00271	0.01203	0.00775	0.00555	0.01338
73	0.01937	0.08148	0.51464	0.02967	0.11791	0.02228	0.03207	0.02886	0.01955	0.02876	0.01637	0.01957	0.01204	0.00860	0.00861	0.00283	0.01299	0.00686	0.00397	0.01360
74	0.02675	0.04023	0.25826	0.02517	0.03361	0.24891	0.05703	0.10786	0.02487	0.03020	0.01626	0.01907	0.01240	0.00968	0.01001	0.00277	0.05247	0.00698	0.00497	0.01250
75	0.01800	0.02051	0.11778	0.02672	0.11503	0.01630	0.11632	0.05517	0.02129	0.02927	0.05737	0.16731	0.03400	0.05421	0.01271	0.00363	0.01013	0.10687	0.00649	0.01088
76	0.01160	0.00847	0.01091	0.01211	0.01332	0.00779	0.00840	0.01395	0.02002	0.02690	0.19512	0.46055	0.12552	0.02571	0.01141	0.00345	0.00501	0.02304	0.00892	0.00779
77	0.02070	0.02288	0.04823	0.17649	0.05140	0.02259	0.46126	0.02808	0.02093	0.02808	0.01807	0.02470	0.01355	0.00806	0.01047	0.00309	0.01476	0.01024	0.00452	0.01190
78	0.10073	0.05704	0.02656	0.19105	0.03566	0.24138	0.01930	0.06182	0.02151	0.02667	0.01465	0.01936	0.01200	0.01045	0.01196	0.00289	0.12464	0.00688	0.00476	0.01069
