[name]
unknown

[dist]
# distance from previous block
# <min> <max>
3	28

[block]
# block no. 0 follows, 22 sequences, length 8
# corresponding to MSA columns:
# 28-35
name=unknown_A
#
# <colnr> <probs for GDERKNQSTAVLIFYWHMCP>
#	G	D	E	R	K	N	Q	S	T	A	V	L	I	F	Y	W	H	M	C	P
0	0.02507	0.01551	0.02207	0.02204	0.13483	0.01508	0.03956	0.05574	0.09527	0.25015	0.02505	0.02621	0.01840	0.01787	0.11786	0.00422	0.01028	0.00807	0.00711	0.08959
1	0.02516	0.02965	0.02362	0.02666	0.17000	0.41257	0.01687	0.02783	0.02121	0.02206	0.01891	0.12940	0.01855	0.01116	0.00817	0.00242	0.01212	0.00883	0.00481	0.00998
2	0.01595	0.01477	0.01896	0.01826	0.04868	0.05684	0.01361	0.01803	0.01379	0.01949	0.01759	0.02893	0.01750	0.14403	0.24612	0.00749	0.27917	0.00850	0.00420	0.00809
3	0.06732	0.01622	0.12021	0.01393	0.01844	0.01209	0.01288	0.04511	0.01898	0.13252	0.07240	0.04803	0.08649	0.13793	0.01473	0.00375	0.00758	0.10960	0.05246	0.00932
4	0.01834	0.14557	0.28213	0.13592	0.09243	0.02182	0.13987	0.02522	0.01779	0.02446	0.01474	0.01878	0.01126	0.00762	0.00792	0.00253	0.01163	0.00687	0.00373	0.01137
5	0.02691	0.09188	0.02855	0.03026	0.22751	0.40876	0.01892	0.02999	0.02148	0.02245	0.01362	0.01663	0.01149	0.00806	0.00754	0.00221	0.01281	0.00593	0.00416	0.01085
6	0.01187	0.00890	0.01335	0.01335	0.01483	0.01038	0.01038	0.01483	0.01335	0.01928	0.02225	0.03264	0.02077	0.06231	0.67512	0.01335	0.02225	0.00890	0.00445	0.00742
7	0.01251	0.01006	0.01159	0.01092	0.01387	0.00922	0.00816	0.01760	0.08927	0.02720	0.22168	0.16438	0.24735	0.01785	0.00935	0.00266	0.00473	0.01541	0.00786	0.09835

[dist]
# distance from previous block
# <min> <max>
14	24

[block]
# block no. 1 follows, 22 sequences, length 30
# corresponding to MSA columns:
# 60-89
name=unknown_B
#
# <colnr> <probs for GDERKNQSTAVLIFYWHMCP>
#	G	D	E	R	K	N	Q	S	T	A	V	L	I	F	Y	W	H	M	C	P
0	0.02165	0.01237	0.03832	0.01361	0.01752	0.01112	0.01111	0.02640	0.06092	0.25686	0.18518	0.08881	0.03758	0.02414	0.15003	0.00494	0.00948	0.01128	0.00821	0.01045
1	0.07286	0.11621	0.02643	0.16688	0.16195	0.06320	0.01782	0.02231	0.01625	0.02262	0.01499	0.02218	0.01345	0.06875	0.05826	0.00378	0.11111	0.00709	0.00406	0.00979
2	0.20860	0.17031	0.02470	0.06887	0.06487	0.18129	0.01416	0.06924	0.01916	0.02687	0.01417	0.01870	0.01228	0.06428	0.00941	0.00274	0.00994	0.00593	0.00464	0.00985
3	0.07591	0.22075	0.02488	0.01592	0.02029	0.18195	0.01345	0.06263	0.01992	0.02417	0.02164	0.03744	0.02157	0.06798	0.01054	0.00298	0.00985	0.15353	0.00529	0.00931
4	0.02455	0.01616	0.06757	0.02407	0.17823	0.01370	0.01652	0.02852	0.02019	0.27140	0.02906	0.04153	0.02454	0.06817	0.01168	0.00326	0.00834	0.13357	0.00728	0.01165
5	0.01164	0.00858	0.00958	0.00937	0.01179	0.00748	0.00687	0.01395	0.01933	0.05247	0.19053	0.11286	0.41821	0.07529	0.01241	0.00321	0.00463	0.01657	0.00790	0.00732
6	0.02282	0.51370	0.12880	0.01647	0.02407	0.07686	0.01681	0.07421	0.01924	0.02320	0.01279	0.01458	0.01092	0.00755	0.00609	0.00198	0.00983	0.00499	0.00398	0.01109
7	0.01716	0.01294	0.01467	0.01383	0.01658	0.01366	0.01022	0.16976	0.11451	0.03063	0.03853	0.34013	0.07770	0.07435	0.01221	0.00341	0.00637	0.01617	0.00776	0.00941
8	0.01922	0.02064	0.04229	0.03660	0.18165	0.01967	0.43794	0.02519	0.01884	0.02589	0.01729	0.02455	0.01415	0.06345	0.01205	0.00315	0.01258	0.00943	0.00425	0.01116
9	0.01114	0.00802	0.01029	0.01172	0.01272	0.00762	0.00848	0.01299	0.01642	0.02144	0.04665	0.39790	0.11466	0.12538	0.01539	0.00411	0.00589	0.15516	0.00730	0.00673
10	0.02057	0.01957	0.03242	0.04803	0.60104	0.01982	0.02442	0.02712	0.07303	0.02780	0.01721	0.02147	0.01422	0.00774	0.00824	0.00250	0.00958	0.00758	0.00449	0.01316
11	0.02041	0.01934	0.02934	0.03023	0.20292	0.02048	0.14634	0.03524	0.33635	0.03091	0.02515	0.02627	0.01926	0.00929	0.00868	0.00272	0.00907	0.00893	0.00634	0.01274
12	0.01012	0.00723	0.00964	0.01157	0.01205	0.00675	0.00771	0.01157	0.01591	0.02121	0.04579	0.70262	0.05495	0.02603	0.01060	0.00337	0.00482	0.02362	0.00771	0.00675
13	0.01053	0.00904	0.00910	0.00897	0.01190	0.00791	0.00676	0.01404	0.05983	0.02325	0.08085	0.07673	0.61162	0.02040	0.00973	0.00281	0.00436	0.01700	0.00776	0.00742
14	0.01797	0.11163	0.48315	0.02759	0.14664	0.02085	0.02796	0.02601	0.01772	0.02572	0.01467	0.01763	0.01102	0.00772	0.00767	0.00251	0.01147	0.00618	0.00362	0.01226
15	0.01916	0.01981	0.02530	0.02178	0.02211	0.07493	0.01801	0.02100	0.01355	0.02002	0.01105	0.01793	0.01089	0.01408	0.02576	0.00352	0.64117	0.00712	0.00368	0.00913
16	0.01012	0.00723	0.00964	0.01157	0.01205	0.00675	0.00771	0.01157	0.01591	0.02121	0.04579	0.70262	0.05495	0.02603	0.01060	0.00337	0.00482	0.02362	0.00771	0.00675
17	0.01288	0.01040	0.01530	0.01471	0.01596	0.01281	0.01164	0.01567	0.01325	0.01940	0.02042	0.03031	0.01918	0.05461	0.57071	0.01179	0.13032	0.00864	0.00432	0.00769
18	0.12199	0.02377	0.07207	0.01734	0.02283	0.13800	0.01492	0.25947	0.02722	0.03699	0.06802	0.03119	0.04896	0.01157	0.00821	0.00261	0.00935	0.06768	0.00674	0.01107
19	0.01011	0.00729	0.00958	0.01142	0.01201	0.00676	0.00764	0.01158	0.01605	0.02127	0.04764	0.67252	0.08385	0.02579	0.01057	0.00335	0.00479	0.02332	0.00771	0.00676
20	0.02056	0.01974	0.03372	0.05099	0.65622	0.01974	0.02550	0.02550	0.01892	0.02714	0.01563	0.02056	0.01316	0.00740	0.00822	0.00247	0.00987	0.00740	0.00411	0.01316
21	0.01576	0.01107	0.01289	0.01236	0.01400	0.01149	0.00892	0.12472	0.01870	0.02485	0.03010	0.09871	0.03263	0.39220	0.02755	0.00585	0.00795	0.13653	0.00636	0.00735
22	0.02025	0.01928	0.03206	0.09004	0.57121	0.01972	0.02444	0.02657	0.06384	0.02731	0.01689	0.02142	0.01391	0.00774	0.00825	0.00251	0.00971	0.00754	0.00440	0.01290
23	0.01012	0.00723	0.00964	0.01157	0.01205	0.00675	0.00771	0.01157	0.01591	0.02121	0.04579	0.70262	0.05495	0.02603	0.01060	0.00337	0.00482	0.02362	0.00771	0.00675
24	0.01705	0.04029	0.58460	0.02516	0.03693	0.01952	0.10840	0.02635	0.01781	0.02635	0.01516	0.01817	0.01080	0.00778	0.00814	0.00265	0.01250	0.00662	0.00360	0.01214
25	0.02013	0.01946	0.03222	0.04571	0.54139	0.02077	0.02417	0.02450	0.01779	0.02585	0.01477	0.02013	0.01275	0.00869	0.01167	0.00268	0.13349	0.00738	0.00403	0.01242
26	0.01693	0.07586	0.63450	0.02321	0.03524	0.01996	0.02988	0.02624	0.01751	0.02598	0.01474	0.01733	0.01053	0.00785	0.00777	0.00259	0.01211	0.00606	0.00351	0.01220
27	0.02056	0.01974	0.03372	0.05099	0.65622	0.01974	0.02550	0.02550	0.01892	0.02714	0.01563	0.02056	0.01316	0.00740	0.00822	0.00247	0.00987	0.00740	0.00411	0.01316
28	0.02026	0.02151	0.08184	0.04891	0.60894	0.01970	0.02589	0.02556	0.01881	0.02708	0.01557	0.02033	0.01296	0.00744	0.00820	0.00248	0.01005	0.00731	0.00407	0.01309
29	0.01684	0.01380	0.02053	0.07467	0.24475	0.01363	0.01622	0.02135	0.04162	0.06587	0.04248	0.05218	0.20699	0.01460	0.00930	0.00285	0.00760	0.11823	0.00633	0.01014

[dist]
# distance from previous block
# <min> <max>
1	20

[block]
# block no. 2 follows, 22 sequences, length 6
# corresponding to MSA columns:
# 110-115
name=unknown_C
#
# <colnr> <probs for GDERKNQSTAVLIFYWHMCP>
#	G	D	E	R	K	N	Q	S	T	A	V	L	I	F	Y	W	H	M	C	P
0	0.01771	0.01673	0.02700	0.03969	0.48496	0.01636	0.02040	0.02189	0.01892	0.02589	0.03382	0.03633	0.18301	0.01102	0.00865	0.00256	0.00837	0.01009	0.00507	0.01153
1	0.01973	0.02148	0.08119	0.01661	0.02129	0.12846	0.01406	0.07598	0.22608	0.02832	0.03307	0.03387	0.11600	0.02052	0.12136	0.00444	0.01106	0.00940	0.00645	0.01063
2	0.01884	0.02001	0.01925	0.02257	0.16743	0.18341	0.01398	0.02366	0.07938	0.02417	0.04488	0.04459	0.27732	0.01369	0.00871	0.00256	0.00854	0.01124	0.00605	0.00972
3	0.08767	0.02577	0.08634	0.02307	0.12179	0.17760	0.01717	0.13180	0.02366	0.14275	0.01825	0.01934	0.01337	0.00860	0.00764	0.00234	0.01016	0.00653	0.00604	0.07010
4	0.02428	0.02382	0.05688	0.08909	0.22078	0.12175	0.01983	0.19426	0.07530	0.03301	0.01905	0.02372	0.01531	0.00942	0.00829	0.00255	0.01031	0.03435	0.00575	0.01224
5	0.10791	0.23810	0.02936	0.12028	0.02708	0.06971	0.05926	0.02360	0.01653	0.02366	0.01394	0.01804	0.01176	0.00898	0.01002	0.00245	0.12570	0.00616	0.07778	0.00966

[dist]
# distance from previous block
# <min> <max>
2	10

[block]
# block no. 3 follows, 22 sequences, length 13
# corresponding to MSA columns:
# 127-139
name=unknown_D
#
# <colnr> <probs for GDERKNQSTAVLIFYWHMCP>
#	G	D	E	R	K	N	Q	S	T	A	V	L	I	F	Y	W	H	M	C	P
0	0.01994	0.04480	0.02045	0.06964	0.09123	0.16928	0.01500	0.05469	0.08019	0.02468	0.02564	0.11816	0.02514	0.01777	0.05546	0.03391	0.01050	0.10824	0.00578	0.00951
1	0.02027	0.01880	0.02272	0.14844	0.06256	0.08813	0.06136	0.12512	0.07906	0.02921	0.02543	0.09137	0.06416	0.01108	0.00837	0.00249	0.00911	0.00951	0.00588	0.11692
2	0.01244	0.01317	0.08111	0.01139	0.01520	0.00982	0.00996	0.06051	0.02048	0.02612	0.12641	0.12731	0.41787	0.01885	0.00957	0.00280	0.00548	0.01587	0.00745	0.00818
3	0.02150	0.02138	0.03950	0.03985	0.30265	0.02106	0.29395	0.10099	0.02173	0.03004	0.01669	0.02131	0.01303	0.00754	0.00894	0.00262	0.01164	0.00849	0.00467	0.01240
4	0.10199	0.02258	0.02170	0.02527	0.18723	0.21840	0.01581	0.02425	0.01902	0.02424	0.02601	0.03180	0.10955	0.04635	0.01121	0.00286	0.06173	0.03529	0.00498	0.00974
5	0.01916	0.15411	0.25273	0.06782	0.22934	0.02205	0.09007	0.02555	0.01802	0.02509	0.01472	0.01849	0.01163	0.00752	0.00776	0.00245	0.01103	0.00669	0.00379	0.01198
6	0.18168	0.05717	0.02348	0.12974	0.02885	0.13605	0.07379	0.13605	0.02202	0.03082	0.02224	0.02445	0.08070	0.00972	0.00764	0.00252	0.00985	0.00761	0.00544	0.01018
7	0.15652	0.02123	0.13658	0.01936	0.05545	0.01942	0.01684	0.12243	0.01916	0.03032	0.01987	0.14240	0.01917	0.01303	0.01247	0.00296	0.16748	0.00958	0.00544	0.01028
8	0.06272	0.08113	0.20295	0.03144	0.25160	0.18102	0.02288	0.02750	0.01927	0.02524	0.01423	0.01746	0.01143	0.00782	0.00758	0.00239	0.01152	0.00618	0.00400	0.01165
9	0.01491	0.01290	0.01658	0.01659	0.08557	0.01218	0.03849	0.02138	0.12253	0.02652	0.10854	0.04776	0.21983	0.08110	0.01195	0.00299	0.00633	0.01180	0.00671	0.13533
10	0.02321	0.13499	0.03574	0.02605	0.09810	0.02026	0.24245	0.02945	0.06478	0.14196	0.01975	0.02188	0.01469	0.00789	0.00817	0.00240	0.01013	0.00788	0.00557	0.08464
11	0.07383	0.02556	0.21409	0.10675	0.31511	0.01946	0.02460	0.02660	0.06502	0.02758	0.01640	0.02012	0.01278	0.00796	0.00793	0.00258	0.01020	0.00697	0.00429	0.01217
12	0.02001	0.02084	0.02741	0.36785	0.23827	0.13850	0.02255	0.02474	0.01859	0.02291	0.01468	0.02035	0.01166	0.00807	0.00813	0.00256	0.01141	0.00702	0.00393	0.01053

[dist]
# distance from previous block
# <min> <max>
11	33

[block]
# block no. 4 follows, 22 sequences, length 66
# corresponding to MSA columns:
# 173-238
name=unknown_E
#
# <colnr> <probs for GDERKNQSTAVLIFYWHMCP>
#	G	D	E	R	K	N	Q	S	T	A	V	L	I	F	Y	W	H	M	C	P
0	0.24644	0.02637	0.13709	0.01654	0.02276	0.17594	0.01525	0.08051	0.02050	0.07592	0.02298	0.02376	0.08376	0.00984	0.00726	0.00250	0.00961	0.00703	0.00558	0.01036
1	0.02203	0.05958	0.19043	0.02292	0.03091	0.02108	0.16577	0.22477	0.02500	0.03428	0.01963	0.08040	0.01626	0.00988	0.00854	0.00260	0.01059	0.00890	0.00570	0.04074
2	0.02361	0.02027	0.01834	0.01589	0.02001	0.17380	0.01249	0.17552	0.02644	0.08923	0.18752	0.03838	0.07431	0.01533	0.04097	0.00305	0.00926	0.03776	0.00747	0.01033
3	0.04791	0.01868	0.09213	0.01794	0.04486	0.01678	0.01548	0.17716	0.09901	0.09141	0.09960	0.04413	0.03088	0.01368	0.00910	0.00289	0.00798	0.15145	0.00763	0.01130
4	0.02276	0.02040	0.02265	0.02743	0.24435	0.13846	0.01629	0.12240	0.02258	0.03109	0.01924	0.02254	0.01529	0.00871	0.00738	0.00225	0.00891	0.00714	0.22909	0.01104
5	0.01601	0.01289	0.01620	0.01350	0.01762	0.01253	0.01071	0.07232	0.01892	0.02777	0.13515	0.03028	0.02706	0.02526	0.20150	0.00526	0.05579	0.00832	0.00579	0.28712
6	0.01063	0.00845	0.00955	0.00927	0.01172	0.00736	0.00695	0.01350	0.02086	0.02701	0.32273	0.07243	0.41143	0.01933	0.00981	0.00272	0.00409	0.01648	0.00832	0.00736
7	0.01723	0.01477	0.01723	0.01230	0.01969	0.01107	0.00984	0.02092	0.01723	0.02707	0.01477	0.01723	0.01230	0.00615	0.00615	0.00123	0.00615	0.00492	0.00492	0.75883
8	0.01844	0.02932	0.26520	0.02982	0.03885	0.02080	0.36086	0.02591	0.01826	0.02591	0.01561	0.02031	0.01172	0.00799	0.01068	0.00282	0.07394	0.00828	0.00391	0.01140
9	0.01012	0.00723	0.00964	0.01157	0.01205	0.00675	0.00771	0.01157	0.01591	0.02121	0.04579	0.70262	0.05495	0.02603	0.01060	0.00337	0.00482	0.02362	0.00771	0.00675
10	0.01017	0.00840	0.00898	0.00933	0.01184	0.00721	0.00708	0.01236	0.01866	0.02254	0.07686	0.14143	0.54103	0.02169	0.01004	0.00295	0.00457	0.07010	0.00771	0.00704
11	0.01872	0.02551	0.20665	0.13769	0.36702	0.01949	0.05540	0.02514	0.01823	0.02600	0.01536	0.02006	0.01210	0.00765	0.00822	0.00257	0.01091	0.00717	0.00389	0.01224
12	0.02674	0.01604	0.01867	0.01583	0.02109	0.01689	0.01258	0.04161	0.37782	0.27759	0.05772	0.03116	0.02559	0.01111	0.00847	0.00271	0.00666	0.00921	0.00919	0.01332
13	0.00995	0.00842	0.00859	0.00855	0.01130	0.00707	0.00641	0.01217	0.01924	0.02316	0.12147	0.07877	0.61509	0.02077	0.00982	0.00279	0.00419	0.01737	0.00781	0.00707
14	0.01800	0.20468	0.51502	0.02139	0.03242	0.02257	0.02672	0.02596	0.01738	0.02468	0.01410	0.01652	0.01056	0.00770	0.00727	0.00242	0.01146	0.00573	0.00352	0.01189
15	0.00982	0.00842	0.00842	0.00842	0.01122	0.00701	0.00631	0.01192	0.01894	0.02244	0.08416	0.07995	0.65285	0.02104	0.00982	0.00281	0.00421	0.01753	0.00771	0.00701
16	0.01187	0.00890	0.01335	0.01335	0.01483	0.01038	0.01038	0.01483	0.01335	0.01928	0.02225	0.03264	0.02077	0.06231	0.67512	0.01335	0.02225	0.00890	0.00445	0.00742
17	0.02056	0.01974	0.03372	0.05099	0.65622	0.01974	0.02550	0.02550	0.01892	0.02714	0.01563	0.02056	0.01316	0.00740	0.00822	0.00247	0.00987	0.00740	0.00411	0.01316
18	0.02725	0.03336	0.02505	0.02205	0.02539	0.48039	0.04093	0.02950	0.02058	0.02049	0.01250	0.01611	0.01083	0.01005	0.01271	0.00255	0.19059	0.00603	0.00411	0.00955
19	0.01844	0.01757	0.02988	0.32870	0.39511	0.01918	0.02444	0.02363	0.01791	0.02456	0.01525	0.02125	0.01225	0.00780	0.00826	0.00260	0.01039	0.00739	0.00393	0.01145
20	0.02618	0.03138	0.02311	0.02076	0.02384	0.44341	0.01605	0.02931	0.04948	0.02086	0.01398	0.01767	0.01211	0.01366	0.05619	0.00327	0.17865	0.00624	0.00433	0.00952
21	0.02247	0.01443	0.04693	0.01383	0.01857	0.01294	0.01147	0.05834	0.14216	0.23456	0.13753	0.07459	0.14841	0.01412	0.00895	0.00271	0.00620	0.01186	0.00873	0.01121
22	0.01666	0.04297	0.66500	0.02368	0.03596	0.01929	0.03069	0.02631	0.01754	0.02631	0.01491	0.01754	0.01052	0.00789	0.00789	0.00263	0.01228	0.00614	0.00351	0.01228
23	0.01680	0.04198	0.63542	0.02422	0.03631	0.01938	0.05928	0.02632	0.01764	0.02632	0.01500	0.01777	0.01062	0.00785	0.00798	0.00264	0.01236	0.00631	0.00354	0.01223
24	0.01969	0.02217	0.04766	0.03644	0.09807	0.02090	0.57249	0.02651	0.01955	0.02666	0.01670	0.02224	0.01265	0.00704	0.00966	0.00277	0.01364	0.00959	0.00419	0.01138
25	0.01708	0.01619	0.02744	0.50558	0.22880	0.01882	0.02377	0.02245	0.01727	0.02292	0.01501	0.02169	0.01167	0.00805	0.00828	0.00268	0.01073	0.00739	0.00381	0.01035
26	0.02539	0.03653	0.21403	0.02069	0.02733	0.37029	0.01950	0.07480	0.02237	0.02548	0.01527	0.01755	0.01185	0.00857	0.00752	0.00230	0.01274	0.00596	0.07123	0.01059
27	0.01930	0.01878	0.03296	0.20331	0.45701	0.01954	0.07847	0.02456	0.01842	0.02567	0.01552	0.02111	0.01261	0.00758	0.00838	0.00257	0.01053	0.00761	0.00402	0.01204
28	0.01619	0.01452	0.01629	0.01803	0.08903	0.07131	0.01263	0.02336	0.13560	0.02785	0.16620	0.05806	0.14446	0.01621	0.00957	0.00292	0.00702	0.15392	0.00741	0.00940
29	0.01629	0.18059	0.02284	0.01469	0.01761	0.01802	0.03687	0.01926	0.01523	0.02202	0.01964	0.05708	0.01814	0.02750	0.22557	0.00596	0.12281	0.00809	0.14313	0.00865
30	0.01307	0.01051	0.01167	0.01174	0.01423	0.01045	0.00861	0.04772	0.13897	0.02580	0.05710	0.29874	0.27894	0.02047	0.00977	0.00300	0.00513	0.01773	0.00788	0.00844
31	0.01147	0.01675	0.16687	0.01210	0.01719	0.00998	0.01220	0.01539	0.01860	0.02338	0.06745	0.06489	0.49784	0.01787	0.00935	0.00276	0.00616	0.01478	0.00670	0.00828
32	0.01724	0.03920	0.56141	0.02392	0.03523	0.01954	0.07355	0.02792	0.07332	0.02708	0.01674	0.01910	0.01200	0.00813	0.00809	0.00266	0.01190	0.00670	0.00400	0.01228
33	0.02056	0.01974	0.03372	0.05099	0.65622	0.01974	0.02550	0.02550	0.01892	0.02714	0.01563	0.02056	0.01316	0.00740	0.00822	0.00247	0.00987	0.00740	0.00411	0.01316
34	0.01187	0.00890	0.01335	0.01335	0.01483	0.01038	0.01038	0.01483	0.01335	0.01928	0.02225	0.03264	0.02077	0.06231	0.67512	0.01335	0.02225	0.00890	0.00445	0.00742
35	0.01666	0.04297	0.66500	0.02368	0.03596	0.01929	0.03069	0.02631	0.01754	0.02631	0.01491	0.01754	0.01052	0.00789	0.00789	0.00263	0.01228	0.00614	0.00351	0.01228
36	0.02361	0.02882	0.05785	0.19325	0.07898	0.30932	0.13941	0.02808	0.02046	0.02251	0.01438	0.01872	0.01132	0.00808	0.00822	0.00247	0.01335	0.00691	0.00407	0.01019
37	0.01200	0.00874	0.01145	0.01218	0.01398	0.00830	0.00970	0.01526	0.02002	0.02681	0.26075	0.14644	0.12701	0.04720	0.01178	0.00340	0.00566	0.24379	0.00809	0.00744
38	0.01014	0.00752	0.00948	0.01091	0.01191	0.00685	0.00745	0.01184	0.01686	0.02205	0.08333	0.55146	0.17061	0.02462	0.01041	0.00323	0.00466	0.02202	0.00778	0.00685
39	0.01569	0.01477	0.02492	0.68808	0.05722	0.01846	0.02307	0.02123	0.01661	0.02123	0.01477	0.02215	0.01107	0.00831	0.00831	0.00277	0.01107	0.00738	0.00369	0.00923
40	0.02790	0.03366	0.02659	0.03025	0.21421	0.47886	0.01888	0.03088	0.02216	0.02237	0.01367	0.01665	0.01144	0.00821	0.00771	0.00224	0.01345	0.00596	0.00423	0.01069
41	0.01037	0.00834	0.00933	0.00997	0.01220	0.00731	0.00755	0.01258	0.01838	0.02254	0.07123	0.20210	0.45425	0.02226	0.01020	0.00306	0.00480	0.09877	0.00770	0.00705
42	0.01910	0.01825	0.03109	0.24148	0.47712	0.01936	0.02477	0.02422	0.01823	0.02537	0.01537	0.02104	0.01254	0.00767	0.00825	0.00256	0.01023	0.00740	0.00399	0.01198
43	0.02013	0.01929	0.03293	0.10781	0.60280	0.01962	0.02528	0.02511	0.01871	0.02661	0.01555	0.02070	0.01297	0.00748	0.00823	0.00249	0.00998	0.00740	0.00407	0.01281
44	0.01837	0.01829	0.03049	0.37632	0.25234	0.04611	0.09174	0.02374	0.01800	0.02375	0.01520	0.02136	0.01192	0.00787	0.00841	0.00265	0.01117	0.00758	0.00391	0.01077
45	0.01818	0.01818	0.02545	0.02181	0.02181	0.02545	0.01818	0.01999	0.01272	0.01999	0.01091	0.01818	0.01091	0.01454	0.02726	0.00364	0.69284	0.00727	0.00364	0.00909
46	0.01001	0.00838	0.00874	0.00897	0.01157	0.00712	0.00675	0.01215	0.01873	0.02247	0.07947	0.12556	0.58077	0.02149	0.00995	0.00290	0.00442	0.04582	0.00771	0.00702
47	0.02450	0.05922	0.02632	0.02594	0.14066	0.26356	0.01782	0.08610	0.02083	0.02469	0.01511	0.05046	0.01368	0.01076	0.01271	0.00265	0.18260	0.00726	0.00462	0.01050
48	0.01754	0.03682	0.48082	0.02707	0.03819	0.01981	0.20871	0.02640	0.01816	0.02640	0.01548	0.01900	0.01115	0.00763	0.00846	0.00268	0.01279	0.00723	0.00372	0.01196
49	0.00982	0.00842	0.00842	0.00842	0.01122	0.00701	0.00631	0.01192	0.01894	0.02244	0.08416	0.07995	0.65285	0.02104	0.00982	0.00281	0.00421	0.01753	0.00771	0.00701
50	0.25112	0.02926	0.02043	0.01781	0.02282	0.34730	0.01389	0.15095	0.02387	0.03187	0.01390	0.01554	0.01088	0.00859	0.00695	0.00234	0.01124	0.00553	0.00535	0.01035
51	0.01770	0.03575	0.44860	0.02766	0.03858	0.01990	0.23985	0.02641	0.01827	0.02641	0.01558	0.01925	0.01125	0.00758	0.00856	0.00269	0.01288	0.00743	0.00375	0.01190
52	0.00982	0.00842	0.00842	0.00842	0.01122	0.00701	0.00631	0.01192	0.01894	0.02244	0.08416	0.07995	0.65285	0.02104	0.00982	0.00281	0.00421	0.01753	0.00771	0.00701
53	0.02033	0.01950	0.03330	0.08144	0.62759	0.01968	0.02538	0.02529	0.01881	0.02686	0.01559	0.02064	0.01306	0.00745	0.00823	0.00248	0.00993	0.00740	0.00409	0.01297
54	0.03103	0.03959	0.02354	0.02140	0.02568	0.67469	0.01605	0.03317	0.02354	0.02033	0.01284	0.01498	0.01070	0.00856	0.00749	0.00214	0.01498	0.00535	0.00428	0.00963
55	0.02693	0.03308	0.02289	0.02057	0.02453	0.52004	0.04448	0.02946	0.02146	0.02044	0.01478	0.01861	0.01266	0.01844	0.13128	0.00425	0.01628	0.00622	0.00431	0.00930
56	0.01057	0.00845	0.00946	0.00921	0.01168	0.00733	0.00690	0.01338	0.02071	0.02666	0.30453	0.07300	0.42985	0.01946	0.00981	0.00273	0.00410	0.01656	0.00827	0.00733
57	0.01010	0.00731	0.00956	0.01136	0.01199	0.00677	0.00762	0.01159	0.01610	0.02129	0.04831	0.66169	0.09424	0.02570	0.01055	0.00334	0.00478	0.02322	0.00771	0.00677
58	0.01432	0.02050	0.20587	0.01966	0.02514	0.01330	0.11160	0.01961	0.01778	0.02446	0.03192	0.24274	0.03373	0.01705	0.00992	0.00319	0.00912	0.16490	0.00594	0.00927
59	0.02192	0.67799	0.07604	0.01471	0.02209	0.03216	0.01508	0.02495	0.01691	0.01990	0.01173	0.01355	0.01065	0.00715	0.00546	0.00182	0.00906	0.00453	0.00355	0.01075
60	0.01176	0.00849	0.01110	0.01045	0.01241	0.00784	0.00784	0.01568	0.02352	0.03331	0.65184	0.06206	0.07839	0.01698	0.00980	0.00261	0.00392	0.01502	0.00914	0.00784
61	0.02434	0.55052	0.03871	0.01595	0.02237	0.18776	0.01466	0.02688	0.01849	0.01973	0.01186	0.01373	0.01067	0.00746	0.00585	0.00186	0.01036	0.00466	0.00373	0.01041
62	0.01161	0.00786	0.00920	0.00967	0.00978	0.00774	0.00568	0.01196	0.01300	0.01734	0.03091	0.21081	0.03617	0.54345	0.03464	0.00692	0.00727	0.01486	0.00568	0.00545
63	0.01012	0.00723	0.00964	0.01157	0.01205	0.00675	0.00771	0.01157	0.01591	0.02121	0.04579	0.70262	0.05495	0.02603	0.01060	0.00337	0.00482	0.02362	0.00771	0.00675
64	0.00982	0.00842	0.00842	0.00842	0.01122	0.00701	0.00631	0.01192	0.01894	0.02244	0.08416	0.07995	0.65285	0.02104	0.00982	0.00281	0.00421	0.01753	0.00771	0.00701
65	0.01961	0.02241	0.04902	0.03501	0.04342	0.02101	0.62605	0.02661	0.01961	0.02661	0.01681	0.02241	0.01261	0.00700	0.00980	0.00280	0.01401	0.00980	0.00420	0.01120

[dist]
# distance from previous block
# <min> <max>
0	3

[block]
# block no. 5 follows, 22 sequences, length 16
# corresponding to MSA columns:
# 242-257
name=unknown_F
#
# <colnr> <probs for GDERKNQSTAVLIFYWHMCP>
#	G	D	E	R	K	N	Q	S	T	A	V	L	I	F	Y	W	H	M	C	P
0	0.02669	0.03078	0.02358	0.02415	0.10997	0.40176	0.01651	0.03522	0.19686	0.02532	0.01912	0.02025	0.01516	0.00917	0.00786	0.00238	0.01192	0.00677	0.00543	0.01110
1	0.01072	0.00845	0.00967	0.00936	0.01177	0.00740	0.00702	0.01367	0.02106	0.02750	0.34807	0.07163	0.38578	0.01915	0.00981	0.00272	0.00407	0.01637	0.00838	0.00740
2	0.03205	0.02251	0.02446	0.01876	0.02539	0.02464	0.01549	0.57993	0.03780	0.10273	0.02101	0.02063	0.01466	0.01000	0.00831	0.00250	0.00897	0.00755	0.00847	0.01413
3	0.01053	0.00740	0.00952	0.01104	0.01143	0.00702	0.00715	0.01167	0.01511	0.02014	0.04170	0.56745	0.04979	0.16824	0.01721	0.00435	0.00549	0.02121	0.00715	0.00639
4	0.01768	0.03665	0.48847	0.03006	0.16058	0.01952	0.07828	0.02617	0.01798	0.02650	0.01521	0.01854	0.01122	0.00772	0.00812	0.00261	0.01194	0.00669	0.00369	0.01237
5	0.01012	0.00723	0.00964	0.01157	0.01205	0.00675	0.00771	0.01157	0.01591	0.02121	0.04579	0.70262	0.05495	0.02603	0.01060	0.00337	0.00482	0.02362	0.00771	0.00675
6	0.01012	0.00723	0.00964	0.01157	0.01205	0.00675	0.00771	0.01157	0.01591	0.02121	0.04579	0.70262	0.05495	0.02603	0.01060	0.00337	0.00482	0.02362	0.00771	0.00675
7	0.02243	0.03003	0.12531	0.02964	0.03741	0.20487	0.37359	0.02842	0.02044	0.02480	0.01543	0.01966	0.01179	0.00756	0.00889	0.00259	0.01405	0.00805	0.00413	0.01091
8	0.00982	0.00842	0.00842	0.00842	0.01122	0.00701	0.00631	0.01192	0.01894	0.02244	0.08416	0.07995	0.65285	0.02104	0.00982	0.00281	0.00421	0.01753	0.00771	0.00701
9	0.20847	0.01923	0.01923	0.01617	0.02163	0.02188	0.01301	0.23567	0.28408	0.04129	0.02366	0.02296	0.01755	0.00996	0.00759	0.00265	0.00740	0.00754	0.00759	0.01245
10	0.02231	0.02410	0.02868	0.19990	0.33081	0.20387	0.02224	0.02660	0.01965	0.02376	0.01463	0.01938	0.01195	0.00795	0.00804	0.00245	0.01161	0.00682	0.00406	0.01120
11	0.02144	0.16784	0.08687	0.03866	0.42130	0.07594	0.02280	0.02606	0.01876	0.02493	0.01449	0.01835	0.01222	0.00748	0.00753	0.00231	0.01028	0.00651	0.00396	0.01228
12	0.02056	0.01974	0.03372	0.05099	0.65622	0.01974	0.02550	0.02550	0.01892	0.02714	0.01563	0.02056	0.01316	0.00740	0.00822	0.00247	0.00987	0.00740	0.00411	0.01316
13	0.01666	0.04297	0.66500	0.02368	0.03596	0.01929	0.03069	0.02631	0.01754	0.02631	0.01491	0.01754	0.01052	0.00789	0.00789	0.00263	0.01228	0.00614	0.00351	0.01228
14	0.01937	0.02000	0.02363	0.03146	0.31407	0.15215	0.01753	0.02278	0.01964	0.02449	0.05746	0.13040	0.10703	0.01266	0.00871	0.00259	0.00916	0.01108	0.00539	0.01041
15	0.01666	0.04297	0.66500	0.02368	0.03596	0.01929	0.03069	0.02631	0.01754	0.02631	0.01491	0.01754	0.01052	0.00789	0.00789	0.00263	0.01228	0.00614	0.00351	0.01228

[dist]
# distance from previous block
# <min> <max>
0	4

[block]
# block no. 6 follows, 22 sequences, length 63
# corresponding to MSA columns:
# 262-324
name=unknown_G
#
# <colnr> <probs for GDERKNQSTAVLIFYWHMCP>
#	G	D	E	R	K	N	Q	S	T	A	V	L	I	F	Y	W	H	M	C	P
0	0.02329	0.02538	0.03255	0.04134	0.42250	0.19683	0.08504	0.02769	0.02024	0.02525	0.01500	0.01924	0.01244	0.00767	0.00819	0.00241	0.01168	0.00710	0.00417	0.01200
1	0.02072	0.05677	0.10411	0.21112	0.24593	0.13595	0.02261	0.02676	0.05193	0.02429	0.01559	0.01986	0.01238	0.00810	0.00795	0.00250	0.01116	0.00685	0.00416	0.01125
2	0.02023	0.01940	0.03311	0.09483	0.61501	0.01965	0.02533	0.02520	0.01876	0.02673	0.01557	0.02067	0.01302	0.00746	0.00823	0.00249	0.00995	0.00740	0.00408	0.01289
3	0.01078	0.00873	0.00976	0.01028	0.01284	0.00770	0.00822	0.01335	0.01899	0.02310	0.07330	0.08367	0.48938	0.02156	0.01027	0.00308	0.00514	0.17499	0.00770	0.00719
4	0.02067	0.01763	0.01856	0.01657	0.02127	0.02021	0.01293	0.07346	0.57617	0.03503	0.03575	0.03301	0.05811	0.01172	0.00852	0.00280	0.00659	0.00972	0.00841	0.01288
5	0.01694	0.04131	0.61990	0.02563	0.08027	0.01932	0.03032	0.02625	0.01764	0.02637	0.01496	0.01776	0.01071	0.00786	0.00792	0.00262	0.01211	0.00623	0.00355	0.01234
6	0.01113	0.00881	0.01025	0.01087	0.01333	0.00793	0.00881	0.01392	0.01923	0.02381	0.09896	0.08375	0.41728	0.02149	0.01038	0.00314	0.00537	0.21650	0.00776	0.00727
7	0.01549	0.00774	0.00774	0.00774	0.00968	0.00774	0.00581	0.01936	0.01742	0.03097	0.02710	0.03097	0.02129	0.00968	0.00581	0.00194	0.00387	0.00774	0.75416	0.00774
8	0.01065	0.00845	0.00958	0.00929	0.01173	0.00737	0.00697	0.01354	0.02091	0.02713	0.32900	0.07223	0.40508	0.01929	0.00981	0.00272	0.00408	0.01645	0.00833	0.00737
9	0.03198	0.02864	0.02273	0.01913	0.02452	0.32636	0.01499	0.19112	0.06045	0.16877	0.02014	0.02002	0.01452	0.00945	0.00794	0.00236	0.01129	0.00677	0.00686	0.01197
10	0.03727	0.01414	0.01928	0.01478	0.02121	0.01221	0.01221	0.04049	0.02378	0.66198	0.03277	0.02828	0.02056	0.01028	0.00835	0.00257	0.00707	0.00835	0.01028	0.01414
11	0.01549	0.00774	0.00774	0.00774	0.00968	0.00774	0.00581	0.01936	0.01742	0.03097	0.02710	0.03097	0.02129	0.00968	0.00581	0.00194	0.00387	0.00774	0.75416	0.00774
12	0.02044	0.02039	0.03012	0.19136	0.43378	0.08083	0.02353	0.02605	0.04571	0.02549	0.01596	0.02085	0.01298	0.00788	0.00818	0.00252	0.01048	0.00729	0.00422	0.01194
13	0.01866	0.01859	0.03396	0.26867	0.31628	0.01957	0.15406	0.02425	0.01827	0.02497	0.01558	0.02151	0.01232	0.00763	0.00859	0.00264	0.01118	0.00791	0.00399	0.01137
14	0.01208	0.00805	0.00906	0.00906	0.00906	0.00805	0.00503	0.01208	0.01208	0.01611	0.02618	0.05436	0.03020	0.70804	0.04228	0.00805	0.00805	0.01208	0.00503	0.00503
15	0.01666	0.04297	0.66500	0.02368	0.03596	0.01929	0.03069	0.02631	0.01754	0.02631	0.01491	0.01754	0.01052	0.00789	0.00789	0.00263	0.01228	0.00614	0.00351	0.01228
16	0.02161	0.18071	0.37626	0.01966	0.02930	0.02112	0.02278	0.02966	0.06301	0.13242	0.01854	0.01940	0.01330	0.00837	0.00746	0.00245	0.01026	0.00638	0.00501	0.01230
17	0.02349	0.61532	0.04063	0.01526	0.02195	0.12601	0.01448	0.02608	0.01785	0.01966	0.01174	0.01357	0.01067	0.00732	0.00564	0.00183	0.00977	0.00457	0.00366	0.01051
18	0.01175	0.00854	0.01109	0.01061	0.01261	0.00789	0.00806	0.01558	0.02306	0.03233	0.59189	0.06461	0.10477	0.01750	0.00989	0.00269	0.00413	0.04622	0.00900	0.00779
19	0.02241	0.02325	0.03192	0.04575	0.54460	0.13569	0.02382	0.02685	0.01973	0.02594	0.01513	0.01957	0.01272	0.00761	0.00809	0.00241	0.01077	0.00704	0.00414	0.01253
20	0.02117	0.11644	0.24854	0.03104	0.24234	0.08887	0.02395	0.02692	0.01861	0.05365	0.01515	0.01829	0.01193	0.00810	0.00853	0.00246	0.04144	0.00642	0.00411	0.01204
21	0.02201	0.02030	0.02982	0.17696	0.38835	0.05252	0.02280	0.13207	0.02224	0.03005	0.01608	0.02051	0.01278	0.00810	0.00822	0.00252	0.01024	0.00731	0.00478	0.01234
22	0.03652	0.01431	0.01926	0.01488	0.02122	0.01259	0.01225	0.04065	0.05176	0.63355	0.03282	0.02840	0.02078	0.01033	0.00836	0.00258	0.00705	0.00840	0.01020	0.01409
23	0.02056	0.01974	0.03372	0.05099	0.65622	0.01974	0.02550	0.02550	0.01892	0.02714	0.01563	0.02056	0.01316	0.00740	0.00822	0.00247	0.00987	0.00740	0.00411	0.01316
24	0.01835	0.14001	0.08056	0.01432	0.01962	0.01781	0.01282	0.02874	0.23161	0.07108	0.07425	0.04108	0.19059	0.01305	0.00828	0.00258	0.00678	0.01060	0.00709	0.01078
25	0.02967	0.01811	0.02059	0.01616	0.02157	0.01897	0.01292	0.36051	0.03015	0.21065	0.02451	0.02829	0.01871	0.13364	0.01434	0.00350	0.00839	0.00853	0.00826	0.01252
26	0.01227	0.00895	0.01192	0.01314	0.01500	0.00860	0.01085	0.01561	0.01949	0.02562	0.15682	0.15888	0.12946	0.02202	0.01087	0.00343	0.00622	0.35542	0.00793	0.00750
27	0.01844	0.03058	0.29383	0.03051	0.04045	0.02033	0.38943	0.02649	0.01879	0.02649	0.01605	0.02047	0.01178	0.00736	0.00904	0.00273	0.01332	0.00835	0.00393	0.01163
28	0.05407	0.02741	0.31733	0.01823	0.02617	0.01670	0.01997	0.06834	0.09204	0.08244	0.14052	0.03053	0.04917	0.01079	0.00832	0.00264	0.00885	0.00878	0.00624	0.01148
29	0.01624	0.01544	0.02612	0.02145	0.02392	0.01829	0.15879	0.01926	0.01442	0.02094	0.01617	0.02429	0.01470	0.02901	0.23008	0.06046	0.26935	0.00839	0.00403	0.00866
30	0.01917	0.02163	0.09377	0.03423	0.23210	0.01940	0.22774	0.02830	0.12898	0.02782	0.02126	0.06969	0.01776	0.00928	0.00894	0.00272	0.01058	0.00957	0.00510	0.01197
31	0.02986	0.02023	0.02235	0.01777	0.02388	0.02200	0.01447	0.37348	0.18861	0.15904	0.02579	0.02426	0.01814	0.01036	0.00835	0.00259	0.00811	0.00812	0.00871	0.01388
32	0.01715	0.02666	0.26301	0.08863	0.09980	0.01986	0.09174	0.02323	0.01636	0.02387	0.01508	0.02054	0.01223	0.01484	0.08134	0.00397	0.15978	0.00733	0.00379	0.01078
33	0.01253	0.00904	0.01103	0.01131	0.01380	0.00822	0.00913	0.01562	0.02018	0.05271	0.19062	0.07829	0.31114	0.02032	0.01028	0.00308	0.00536	0.20154	0.00811	0.00769
34	0.02275	0.01331	0.01632	0.01461	0.01871	0.01335	0.01173	0.07256	0.15710	0.21986	0.09565	0.11464	0.06341	0.01537	0.00934	0.00293	0.00655	0.11186	0.00881	0.01114
35	0.01869	0.01731	0.02858	0.04117	0.48613	0.01777	0.02162	0.02414	0.04899	0.02583	0.01797	0.02369	0.01541	0.01943	0.15193	0.00483	0.01237	0.00782	0.00440	0.01192
36	0.02424	0.01796	0.01969	0.01637	0.02131	0.01959	0.01304	0.32182	0.17357	0.06561	0.08833	0.09999	0.05519	0.01309	0.00879	0.00269	0.00731	0.01077	0.00841	0.01224
37	0.01035	0.00842	0.00906	0.00891	0.01140	0.00724	0.00661	0.01279	0.01970	0.02466	0.21127	0.07483	0.49662	0.04794	0.01113	0.00297	0.00430	0.01674	0.00793	0.00712
38	0.22949	0.03020	0.02106	0.01937	0.04691	0.38168	0.01447	0.11402	0.02300	0.02966	0.01360	0.01549	0.01081	0.00849	0.00700	0.00232	0.01166	0.00550	0.00507	0.01022
39	0.07555	0.32685	0.03366	0.02393	0.15899	0.20905	0.01680	0.02730	0.01900	0.02262	0.01279	0.01536	0.01110	0.00762	0.00655	0.00208	0.01064	0.00534	0.00399	0.01080
40	0.01842	0.05047	0.06093	0.01237	0.01691	0.01179	0.01065	0.02348	0.07839	0.17024	0.10728	0.08048	0.29411	0.01585	0.00901	0.00269	0.00591	0.01321	0.00797	0.00984
41	0.02207	0.02290	0.03129	0.09127	0.50180	0.13560	0.02365	0.02655	0.01957	0.02551	0.01507	0.01969	0.01257	0.00767	0.00810	0.00243	0.01086	0.00704	0.00411	0.01225
42	0.01842	0.02342	0.16739	0.21522	0.36262	0.01930	0.02597	0.02453	0.01800	0.02538	0.01524	0.02033	0.01203	0.00775	0.00817	0.00258	0.01071	0.00712	0.00387	0.01192
43	0.01666	0.04297	0.66500	0.02368	0.03596	0.01929	0.03069	0.02631	0.01754	0.02631	0.01491	0.01754	0.01052	0.00789	0.00789	0.00263	0.01228	0.00614	0.00351	0.01228
44	0.02560	0.02929	0.02883	0.03676	0.35300	0.33470	0.02095	0.02919	0.02114	0.02387	0.01429	0.01788	0.01198	0.00796	0.00787	0.00231	0.01233	0.00642	0.00419	0.01146
45	0.02221	0.15071	0.30353	0.01975	0.02820	0.02012	0.04817	0.02820	0.01882	0.16570	0.04914	0.02161	0.01621	0.00920	0.00921	0.00255	0.06245	0.00701	0.00533	0.01189
46	0.03095	0.09351	0.02377	0.01846	0.02364	0.36790	0.01453	0.03548	0.08206	0.19998	0.02027	0.02005	0.01484	0.00916	0.00762	0.00229	0.01141	0.00649	0.00628	0.01132
47	0.01011	0.00729	0.00958	0.01141	0.01201	0.00676	0.00764	0.01158	0.01605	0.02127	0.04766	0.67226	0.08410	0.02578	0.01057	0.00335	0.00479	0.02332	0.00771	0.00676
48	0.01840	0.03217	0.36355	0.03459	0.24890	0.01968	0.11183	0.02607	0.01830	0.02663	0.01542	0.01925	0.01171	0.00760	0.00827	0.00260	0.01170	0.00708	0.00381	0.01243
49	0.02056	0.01974	0.03372	0.05099	0.65622	0.01974	0.02550	0.02550	0.01892	0.02714	0.01563	0.02056	0.01316	0.00740	0.00822	0.00247	0.00987	0.00740	0.00411	0.01316
50	0.02028	0.02140	0.07882	0.04904	0.61190	0.01971	0.02587	0.02555	0.01882	0.02708	0.01557	0.02035	0.01297	0.00744	0.00820	0.00248	0.01004	0.00731	0.00407	0.01310
51	0.01078	0.00864	0.00981	0.01045	0.01286	0.00767	0.00828	0.01330	0.01878	0.02300	0.07090	0.12643	0.45180	0.02189	0.01031	0.00311	0.00516	0.17198	0.00770	0.00716
52	0.02286	0.01747	0.02013	0.16036	0.02840	0.05070	0.01467	0.23029	0.05938	0.09360	0.07526	0.03506	0.13199	0.01208	0.00865	0.00262	0.00829	0.00983	0.00726	0.01110
53	0.01724	0.02809	0.34864	0.01853	0.02614	0.01633	0.02057	0.10776	0.01979	0.02874	0.02181	0.11017	0.01946	0.04900	0.06102	0.00373	0.01068	0.00922	0.07238	0.01069
54	0.01123	0.00773	0.01056	0.01230	0.01305	0.00740	0.00889	0.01271	0.01612	0.02136	0.04246	0.50797	0.04961	0.02563	0.01284	0.07418	0.00565	0.14634	0.00731	0.00665
55	0.02108	0.02168	0.03632	0.04551	0.48080	0.06508	0.15425	0.02626	0.01938	0.02656	0.01569	0.02058	0.01287	0.00740	0.00851	0.00252	0.01111	0.00778	0.00414	0.01250
56	0.02327	0.02543	0.03284	0.04105	0.41113	0.19685	0.09618	0.02771	0.02025	0.02524	0.01502	0.01928	0.01243	0.00767	0.00822	0.00242	0.01175	0.00714	0.00417	0.01197
57	0.02026	0.02058	0.03854	0.04596	0.46329	0.02014	0.21457	0.02585	0.01913	0.02697	0.01600	0.02114	0.01298	0.00728	0.00872	0.00257	0.01117	0.00816	0.00414	0.01254
58	0.01917	0.01829	0.01852	0.01736	0.01998	0.13249	0.01422	0.07859	0.05163	0.02578	0.03359	0.05172	0.10439	0.01655	0.01352	0.00318	0.15624	0.20937	0.00630	0.00911
59	0.01867	0.08597	0.48883	0.02388	0.06013	0.08207	0.02707	0.02637	0.01777	0.02487	0.01423	0.01719	0.01069	0.00835	0.00908	0.00259	0.06082	0.00608	0.00362	0.01173
60	0.01735	0.06886	0.54578	0.02580	0.09435	0.02023	0.02886	0.02586	0.01741	0.02578	0.01463	0.01768	0.01080	0.00814	0.00876	0.00263	0.04512	0.00624	0.00357	0.01214
61	0.05499	0.18691	0.40807	0.02369	0.07658	0.02242	0.06658	0.02586	0.01747	0.02543	0.01418	0.01696	0.01081	0.00761	0.00735	0.00244	0.01119	0.00603	0.00369	0.01175
62	0.01862	0.01785	0.02992	0.04274	0.51470	0.01754	0.04889	0.02314	0.01895	0.02628	0.02781	0.03116	0.12638	0.00980	0.00858	0.00254	0.00905	0.00930	0.00475	0.01198

[dist]
# distance from previous block
# <min> <max>
0	1

[block]
# block no. 7 follows, 22 sequences, length 33
# corresponding to MSA columns:
# 326-358
name=unknown_H
#
# <colnr> <probs for GDERKNQSTAVLIFYWHMCP>
#	G	D	E	R	K	N	Q	S	T	A	V	L	I	F	Y	W	H	M	C	P
0	0.01985	0.05063	0.02235	0.17301	0.08866	0.16668	0.01645	0.02533	0.08136	0.02342	0.02399	0.02742	0.07826	0.01313	0.04272	0.00311	0.07279	0.00811	0.05300	0.00973
1	0.01635	0.02156	0.16130	0.01921	0.08078	0.07654	0.01591	0.02219	0.08032	0.02362	0.03360	0.10432	0.13516	0.11203	0.01468	0.00353	0.05266	0.01124	0.00554	0.00947
2	0.02713	0.02739	0.08737	0.01916	0.02510	0.20474	0.01626	0.16948	0.21281	0.09136	0.02280	0.02240	0.01678	0.00978	0.00808	0.00251	0.01014	0.00740	0.00691	0.01238
3	0.14985	0.19581	0.26132	0.02238	0.05656	0.02280	0.13122	0.02565	0.01722	0.02668	0.01389	0.01683	0.01078	0.00749	0.00715	0.00244	0.01065	0.00616	0.00396	0.01115
4	0.06274	0.02115	0.07017	0.12476	0.30410	0.02034	0.16324	0.08134	0.02030	0.02911	0.01592	0.02057	0.01246	0.00771	0.00842	0.00260	0.01087	0.00773	0.00449	0.01199
5	0.01682	0.01568	0.02527	0.17366	0.35534	0.01615	0.02017	0.02121	0.01845	0.02476	0.03180	0.03782	0.15239	0.01141	0.00877	0.00268	0.00878	0.04314	0.00500	0.01070
6	0.01921	0.03139	0.37926	0.01983	0.02855	0.04415	0.02245	0.10868	0.02190	0.05970	0.09383	0.03032	0.05437	0.01078	0.00845	0.00265	0.01011	0.03728	0.00559	0.01151
7	0.01521	0.01129	0.01304	0.01248	0.01471	0.01180	0.00905	0.07866	0.14147	0.02930	0.17514	0.22100	0.04488	0.12790	0.01460	0.00368	0.00584	0.01466	0.04653	0.00873
8	0.01743	0.15767	0.14260	0.02664	0.22254	0.01953	0.01909	0.02188	0.01787	0.02390	0.03099	0.03282	0.16697	0.01119	0.00920	0.00252	0.05263	0.00904	0.00474	0.01076
9	0.01694	0.01257	0.06692	0.01249	0.01618	0.00969	0.01043	0.02073	0.04374	0.16018	0.10884	0.23870	0.21306	0.01830	0.00951	0.00289	0.00574	0.01581	0.00807	0.00922
10	0.01238	0.00831	0.00995	0.01067	0.01144	0.00818	0.00700	0.04153	0.01591	0.02211	0.03603	0.38193	0.04110	0.24677	0.02033	0.00470	0.00597	0.01728	0.09177	0.00665
11	0.01907	0.02713	0.20626	0.03592	0.18988	0.02025	0.32505	0.02626	0.01890	0.02666	0.01602	0.02069	0.01220	0.00733	0.00892	0.00268	0.01255	0.00826	0.00400	0.01196
12	0.02690	0.03132	0.02512	0.02434	0.08853	0.40836	0.01750	0.06852	0.02148	0.02305	0.01312	0.01665	0.01123	0.00998	0.01241	0.00256	0.17824	0.00616	0.00437	0.01015
13	0.01918	0.01929	0.03571	0.19493	0.35515	0.01978	0.18347	0.02480	0.01856	0.02563	0.01574	0.02142	0.01253	0.00751	0.00866	0.00263	0.01124	0.00803	0.00404	0.01173
14	0.01017	0.00847	0.00895	0.00922	0.01183	0.00724	0.00705	0.01241	0.01881	0.02261	0.07849	0.11142	0.56654	0.02146	0.01001	0.00293	0.00456	0.07306	0.00771	0.00706
15	0.02208	0.02261	0.02999	0.15427	0.41184	0.13765	0.02295	0.05243	0.02023	0.02599	0.01516	0.01980	0.01240	0.00788	0.00811	0.00246	0.01097	0.00703	0.00425	0.01189
16	0.01712	0.09866	0.61335	0.02289	0.03474	0.02042	0.02932	0.02619	0.01748	0.02575	0.01463	0.01719	0.01053	0.00783	0.00768	0.00256	0.01200	0.00600	0.00351	0.01214
17	0.01746	0.03738	0.49753	0.02676	0.03798	0.01976	0.19256	0.02639	0.01810	0.02639	0.01542	0.01886	0.01109	0.00765	0.00841	0.00268	0.01275	0.00714	0.00370	0.01199
18	0.01708	0.01469	0.02387	0.20594	0.09458	0.01671	0.10244	0.02162	0.01688	0.02546	0.01841	0.02416	0.01471	0.00950	0.01085	0.00262	0.12186	0.00782	0.24138	0.00941
19	0.09845	0.02228	0.13019	0.05520	0.02588	0.05967	0.01633	0.06338	0.17258	0.23337	0.02500	0.02407	0.01742	0.00963	0.00793	0.00262	0.00861	0.00756	0.00732	0.01251
20	0.01050	0.00784	0.00976	0.01056	0.01196	0.00710	0.00743	0.01276	0.01866	0.02478	0.21918	0.38858	0.19564	0.02245	0.01021	0.00304	0.00444	0.01991	0.00810	0.00710
21	0.03103	0.03959	0.02354	0.02140	0.02568	0.67469	0.01605	0.03317	0.02354	0.02033	0.01284	0.01498	0.01070	0.00856	0.00749	0.00214	0.01498	0.00535	0.00428	0.00963
22	0.01988	0.21764	0.30443	0.05914	0.16011	0.02271	0.02391	0.02616	0.01789	0.05387	0.01496	0.01774	0.01160	0.00771	0.00731	0.00237	0.01056	0.00610	0.00397	0.01196
23	0.01792	0.07528	0.47694	0.02976	0.18534	0.02017	0.02850	0.02603	0.01784	0.02613	0.01489	0.01803	0.01117	0.00773	0.00783	0.00254	0.01150	0.00635	0.00366	0.01240
24	0.01008	0.00741	0.00946	0.01109	0.01193	0.00679	0.00750	0.01162	0.01636	0.02139	0.05154	0.60925	0.14460	0.02528	0.01049	0.00329	0.00473	0.02270	0.00771	0.00679
25	0.01790	0.01791	0.03304	0.36453	0.20937	0.01941	0.16973	0.02364	0.01794	0.02407	0.01548	0.02180	0.01199	0.00776	0.00865	0.00270	0.01147	0.00797	0.00392	0.01073
26	0.02926	0.02713	0.02419	0.05121	0.08091	0.24777	0.01643	0.29060	0.02932	0.06335	0.01777	0.01924	0.01333	0.00919	0.00791	0.00236	0.01098	0.00678	0.04028	0.01199
27	0.02089	0.02264	0.18187	0.19620	0.03754	0.01727	0.12968	0.05093	0.02003	0.14557	0.04971	0.02647	0.04475	0.00936	0.00862	0.00269	0.01044	0.00849	0.00558	0.01128
28	0.01129	0.00976	0.01261	0.17352	0.02249	0.00974	0.01059	0.01412	0.01789	0.02195	0.06121	0.16566	0.40168	0.01875	0.00958	0.00289	0.00597	0.01605	0.00674	0.00751
29	0.01994	0.01449	0.01615	0.01382	0.01715	0.01531	0.01044	0.27376	0.02617	0.03518	0.12963	0.12237	0.06503	0.18269	0.01714	0.00398	0.00726	0.01230	0.00755	0.00965
30	0.01301	0.01243	0.04914	0.13284	0.02428	0.01184	0.07170	0.01609	0.01629	0.02198	0.06367	0.34621	0.03741	0.09691	0.01430	0.00368	0.03825	0.01609	0.00605	0.00785
