[name]
unknown

[dist]
# distance from previous block
# <min> <max>
0	5

[block]
# block no. 0 follows, 16 sequences, length 8
# corresponding to MSA columns:
# 5-12
name=unknown_A
#
# <colnr> <probs for GDERKNQSTAVLIFYWHMCP>
#	G	D	E	R	K	N	Q	S	T	A	V	L	I	F	Y	W	H	M	C	P
0	0.02093	0.01908	0.03161	0.04640	0.42491	0.01900	0.02455	0.02589	0.02159	0.03025	0.02843	0.12878	0.02866	0.01458	0.01058	0.00328	0.01026	0.09190	0.00604	0.01328
1	0.13038	0.02967	0.02978	0.07133	0.24905	0.22312	0.02198	0.03394	0.06567	0.03100	0.01801	0.02164	0.01463	0.00955	0.00881	0.00282	0.01272	0.00752	0.00540	0.01300
2	0.02747	0.03347	0.10871	0.05481	0.03030	0.25923	0.01928	0.03718	0.15147	0.06023	0.03226	0.03255	0.08689	0.01243	0.00949	0.00292	0.01254	0.00947	0.00679	0.01251
3	0.01889	0.01291	0.01431	0.01316	0.01559	0.01320	0.00903	0.05362	0.11357	0.07079	0.04259	0.05885	0.11821	0.36781	0.03165	0.00658	0.00840	0.01391	0.00770	0.00922
4	0.02030	0.01446	0.01632	0.01489	0.01738	0.01518	0.01050	0.17985	0.02477	0.03312	0.03461	0.21253	0.03749	0.29294	0.02733	0.00596	0.00875	0.01616	0.00787	0.00961
5	0.01502	0.01127	0.01407	0.01323	0.01391	0.01228	0.00909	0.01670	0.01821	0.02548	0.19709	0.05996	0.04883	0.37367	0.03539	0.00674	0.10012	0.01431	0.00708	0.00754
6	0.09919	0.01096	0.01280	0.01203	0.01485	0.01056	0.00913	0.01908	0.02559	0.03817	0.47526	0.06766	0.13142	0.01898	0.01078	0.00306	0.00496	0.01634	0.00994	0.00921
7	0.01375	0.00924	0.01045	0.01086	0.01158	0.00894	0.00671	0.01480	0.01648	0.02247	0.04292	0.17158	0.10664	0.40482	0.03386	0.00696	0.00769	0.01681	0.07661	0.00683

[dist]
# distance from previous block
# <min> <max>
2	13

[block]
# block no. 1 follows, 16 sequences, length 12
# corresponding to MSA columns:
# 26-37
name=unknown_B
#
# <colnr> <probs for GDERKNQSTAVLIFYWHMCP>
#	G	D	E	R	K	N	Q	S	T	A	V	L	I	F	Y	W	H	M	C	P
0	0.02646	0.01479	0.01839	0.01574	0.02059	0.01449	0.01239	0.03623	0.16043	0.23448	0.26947	0.05013	0.05337	0.01552	0.01047	0.00309	0.00658	0.01327	0.01093	0.01316
1	0.01603	0.01055	0.01290	0.06157	0.01801	0.01110	0.01004	0.02119	0.06274	0.02975	0.03725	0.22600	0.03702	0.07218	0.05705	0.00446	0.00771	0.01530	0.28012	0.00904
2	0.20281	0.02512	0.02152	0.01866	0.02449	0.12575	0.01474	0.14908	0.18952	0.04159	0.02999	0.02963	0.06335	0.01215	0.00880	0.00300	0.00972	0.00900	0.00796	0.01311
3	0.01719	0.01296	0.01475	0.01416	0.01721	0.01280	0.01052	0.13197	0.02607	0.03401	0.10200	0.30398	0.21751	0.02379	0.01145	0.00345	0.00640	0.02061	0.00928	0.00990
4	0.25547	0.12090	0.02385	0.01640	0.02213	0.02392	0.01353	0.18820	0.02624	0.04155	0.02497	0.15393	0.02405	0.01424	0.00851	0.00303	0.00851	0.01105	0.00746	0.01205
5	0.01658	0.01018	0.01266	0.01284	0.01540	0.00903	0.00931	0.01909	0.02184	0.11253	0.11865	0.33908	0.21627	0.02488	0.01162	0.00351	0.00570	0.02183	0.00961	0.00937
6	0.03310	0.03042	0.03323	0.02921	0.08510	0.24110	0.13462	0.03936	0.06928	0.17198	0.02396	0.02524	0.01742	0.01022	0.00973	0.00288	0.01363	0.00881	0.00708	0.01363
7	0.02399	0.02303	0.03934	0.05949	0.59893	0.02303	0.02974	0.02974	0.02207	0.03166	0.01823	0.02399	0.01535	0.00864	0.00960	0.00288	0.01151	0.00864	0.00480	0.01535
8	0.02476	0.02690	0.02031	0.01867	0.02330	0.24042	0.01418	0.03538	0.20677	0.02996	0.04815	0.04652	0.19433	0.01543	0.00993	0.00299	0.01047	0.01208	0.00780	0.01165
9	0.02062	0.01456	0.01646	0.01515	0.01902	0.01463	0.01151	0.13622	0.07784	0.08034	0.05763	0.25133	0.20246	0.02168	0.01110	0.00339	0.00687	0.01858	0.00946	0.01115
10	0.01401	0.01021	0.01295	0.01387	0.01515	0.01031	0.00981	0.01808	0.06252	0.02634	0.09807	0.31137	0.05351	0.16392	0.07601	0.00607	0.00868	0.07254	0.00821	0.00834
11	0.02177	0.17382	0.37008	0.03210	0.15716	0.02595	0.03047	0.03014	0.02064	0.02924	0.01675	0.02018	0.01297	0.00889	0.00866	0.00282	0.01289	0.00706	0.00425	0.01415

[dist]
# distance from previous block
# <min> <max>
0	1

[block]
# block no. 2 follows, 16 sequences, length 113
# corresponding to MSA columns:
# 39-48,52-154
name=unknown_C
#
# <colnr> <probs for GDERKNQSTAVLIFYWHMCP>
#	G	D	E	R	K	N	Q	S	T	A	V	L	I	F	Y	W	H	M	C	P
0	0.02882	0.04220	0.21113	0.03184	0.13578	0.29381	0.02601	0.06407	0.02532	0.02941	0.01678	0.01990	0.01316	0.00959	0.00909	0.00277	0.01504	0.00710	0.00494	0.01323
1	0.01842	0.07409	0.43618	0.02333	0.03445	0.02018	0.02839	0.02764	0.02209	0.03222	0.15496	0.03261	0.03121	0.01169	0.00958	0.00301	0.01178	0.00953	0.00567	0.01298
2	0.01568	0.16651	0.02068	0.01225	0.01638	0.01572	0.01018	0.01902	0.02334	0.02971	0.24730	0.06756	0.28367	0.01904	0.01020	0.00291	0.00610	0.01580	0.00841	0.00953
3	0.02264	0.02161	0.03617	0.05416	0.53605	0.02143	0.02734	0.02805	0.02207	0.03108	0.02681	0.03142	0.07757	0.01034	0.00979	0.00292	0.01081	0.00990	0.00525	0.01458
4	0.09716	0.04498	0.50785	0.02803	0.07488	0.02246	0.03266	0.03039	0.02013	0.03215	0.01702	0.02017	0.01228	0.00915	0.00888	0.00305	0.01340	0.00705	0.00435	0.01397
5	0.01597	0.01350	0.01964	0.01842	0.01965	0.01718	0.01473	0.01904	0.01536	0.02274	0.02214	0.03321	0.02091	0.05663	0.45115	0.01231	0.20343	0.00984	0.00492	0.00922
6	0.01604	0.01150	0.01471	0.01583	0.01773	0.01155	0.01221	0.07530	0.02252	0.02979	0.04786	0.34733	0.05399	0.06994	0.01497	0.00439	0.00762	0.20885	0.00883	0.00904
7	0.03113	0.03087	0.03706	0.03394	0.13688	0.17308	0.14721	0.21571	0.03162	0.03961	0.01947	0.02264	0.01488	0.00989	0.00985	0.00289	0.01382	0.00873	0.00654	0.01419
8	0.02422	0.24025	0.03318	0.12301	0.03083	0.06430	0.01769	0.06032	0.02299	0.06324	0.12031	0.02983	0.02767	0.01221	0.01151	0.00285	0.08869	0.00895	0.00622	0.01175
9	0.01409	0.00940	0.01057	0.01057	0.01057	0.00940	0.00587	0.01409	0.01409	0.01879	0.03054	0.06342	0.03524	0.65938	0.04933	0.00940	0.00940	0.01409	0.00587	0.00587
10	0.01181	0.00843	0.01125	0.01350	0.01406	0.00787	0.00900	0.01350	0.01856	0.02474	0.05342	0.65306	0.06410	0.03036	0.01237	0.00394	0.00562	0.02755	0.00900	0.00787
11	0.01356	0.00953	0.01069	0.01060	0.01146	0.00914	0.00650	0.01451	0.01702	0.02233	0.10364	0.06997	0.14591	0.47206	0.03818	0.00757	0.00804	0.01565	0.00697	0.00666
12	0.01223	0.00894	0.01150	0.01279	0.01405	0.00821	0.00886	0.01469	0.02106	0.02827	0.18739	0.45418	0.12762	0.02722	0.01205	0.00365	0.00530	0.02439	0.00940	0.00821
13	0.03002	0.03540	0.03052	0.14723	0.16902	0.36972	0.02282	0.03402	0.02470	0.02576	0.01616	0.02055	0.01323	0.00962	0.00912	0.00272	0.01524	0.00724	0.00482	0.01210
14	0.03620	0.04619	0.02747	0.02497	0.02996	0.62047	0.01873	0.03870	0.02747	0.02372	0.01498	0.01748	0.01248	0.00999	0.00874	0.00250	0.01748	0.00624	0.00499	0.01124
15	0.03684	0.02715	0.02909	0.02230	0.03006	0.03006	0.01842	0.56661	0.04557	0.06108	0.02327	0.02327	0.01648	0.01163	0.00970	0.00291	0.01067	0.00873	0.00970	0.01648
16	0.02288	0.02614	0.05719	0.04085	0.05065	0.02451	0.56373	0.03105	0.02288	0.03105	0.01961	0.02614	0.01471	0.00817	0.01144	0.00327	0.01634	0.01144	0.00490	0.01307
17	0.02627	0.02736	0.03712	0.05304	0.49256	0.13471	0.02769	0.03142	0.02308	0.03018	0.01762	0.02277	0.01482	0.00889	0.00944	0.00281	0.01263	0.00819	0.00483	0.01458
18	0.01393	0.01005	0.01387	0.01387	0.01501	0.01119	0.00998	0.01621	0.01507	0.02123	0.02752	0.04674	0.02799	0.27317	0.42563	0.01346	0.02030	0.01165	0.00542	0.00770
19	0.01807	0.00903	0.00903	0.00903	0.01129	0.00903	0.00678	0.02258	0.02033	0.03613	0.03162	0.03613	0.02484	0.01129	0.00678	0.00226	0.00452	0.00903	0.71319	0.00903
20	0.01982	0.08655	0.57611	0.02697	0.04094	0.02345	0.03467	0.03059	0.02042	0.03023	0.01716	0.02017	0.01229	0.00915	0.00903	0.00301	0.01409	0.00704	0.00410	0.01421
21	0.47129	0.01995	0.02275	0.06511	0.19731	0.02212	0.01733	0.02864	0.01836	0.03876	0.01516	0.01886	0.01211	0.00893	0.00731	0.00298	0.00905	0.00648	0.00553	0.01198
22	0.17553	0.21943	0.07495	0.06633	0.19644	0.06389	0.02121	0.02958	0.02022	0.03055	0.01546	0.01914	0.01290	0.00879	0.00773	0.00267	0.01095	0.00662	0.00479	0.01284
23	0.03642	0.03968	0.02802	0.02406	0.02999	0.41872	0.01862	0.21910	0.03365	0.03649	0.01781	0.01946	0.01385	0.01055	0.00907	0.00264	0.01515	0.00709	0.00660	0.01303
24	0.01163	0.00915	0.01051	0.01160	0.01356	0.00803	0.00815	0.01371	0.02038	0.02548	0.07650	0.36447	0.33779	0.02736	0.01190	0.00359	0.00526	0.02389	0.00900	0.00803
25	0.01158	0.00933	0.01032	0.01111	0.01343	0.00807	0.00794	0.01376	0.02085	0.02568	0.08251	0.28926	0.40912	0.02658	0.01178	0.00351	0.00516	0.02294	0.00900	0.00807
26	0.01752	0.01529	0.02573	0.02192	0.02578	0.01480	0.16174	0.07766	0.02264	0.03037	0.04093	0.41398	0.04548	0.02228	0.01183	0.00364	0.00910	0.02112	0.00795	0.01022
27	0.04348	0.01649	0.02249	0.01724	0.02474	0.01425	0.01425	0.04723	0.02774	0.60564	0.03824	0.03299	0.02399	0.01200	0.00975	0.00300	0.00825	0.00975	0.01200	0.01649
28	0.01848	0.01537	0.02220	0.01858	0.02340	0.01463	0.08072	0.07875	0.02168	0.03064	0.03016	0.19863	0.03060	0.02978	0.15612	0.00589	0.01276	0.01385	0.00682	0.19097
29	0.03548	0.04328	0.02722	0.02445	0.02967	0.54224	0.01849	0.07551	0.06397	0.02734	0.01710	0.01906	0.01385	0.01030	0.00888	0.00258	0.01639	0.00671	0.00562	0.01186
30	0.02456	0.01969	0.02140	0.01842	0.02382	0.02139	0.01428	0.16465	0.28758	0.04117	0.03438	0.10985	0.02947	0.05465	0.01231	0.00346	0.00819	0.01213	0.00902	0.08958
31	0.10933	0.23859	0.36076	0.02233	0.03373	0.02737	0.02666	0.02990	0.01973	0.02981	0.01568	0.01834	0.01211	0.00890	0.00788	0.00275	0.01224	0.00631	0.00435	0.01326
32	0.02471	0.02440	0.03864	0.05745	0.56524	0.05840	0.02909	0.03028	0.02239	0.03119	0.01804	0.02360	0.01518	0.00872	0.00954	0.00286	0.01187	0.00849	0.00481	0.01511
33	0.01310	0.01014	0.01381	0.01511	0.01567	0.01084	0.01071	0.01495	0.01791	0.02442	0.04664	0.53600	0.05522	0.03136	0.05306	0.00471	0.08579	0.02411	0.00817	0.00826
34	0.01739	0.01618	0.01516	0.01546	0.01700	0.12376	0.01084	0.01926	0.01847	0.02263	0.03435	0.25027	0.03822	0.18280	0.16575	0.00772	0.01358	0.01634	0.00661	0.00822
35	0.03500	0.04148	0.02706	0.02413	0.02947	0.49448	0.01834	0.09671	0.08758	0.02950	0.01844	0.02006	0.01471	0.01050	0.00896	0.00262	0.01572	0.00700	0.00601	0.01223
36	0.01181	0.00843	0.01125	0.01350	0.01406	0.00787	0.00900	0.01350	0.01856	0.02474	0.05342	0.65306	0.06410	0.03036	0.01237	0.00394	0.00562	0.02755	0.00900	0.00787
37	0.03652	0.03691	0.02826	0.02367	0.03001	0.33268	0.01858	0.29602	0.03629	0.04193	0.01902	0.02030	0.01443	0.01079	0.00921	0.00270	0.01416	0.00745	0.00729	0.01379
38	0.02823	0.02554	0.03583	0.04726	0.40940	0.06057	0.02599	0.17713	0.02882	0.03924	0.01942	0.02340	0.01549	0.00954	0.00957	0.00286	0.01164	0.00852	0.00615	0.01542
39	0.01691	0.01061	0.01398	0.01274	0.01558	0.00969	0.00969	0.02140	0.02747	0.09970	0.53418	0.06817	0.08421	0.01897	0.01125	0.00304	0.00497	0.01669	0.01081	0.00993
40	0.01181	0.00843	0.01125	0.01350	0.01406	0.00787	0.00900	0.01350	0.01856	0.02474	0.05342	0.65306	0.06410	0.03036	0.01237	0.00394	0.00562	0.02755	0.00900	0.00787
41	0.02837	0.51725	0.04521	0.01859	0.02609	0.17750	0.01710	0.03134	0.02155	0.02302	0.01383	0.01601	0.01245	0.00870	0.00682	0.00217	0.01207	0.00544	0.00435	0.01215
42	0.01209	0.00972	0.01000	0.01000	0.01249	0.00847	0.00701	0.01395	0.02018	0.02442	0.08201	0.08614	0.46119	0.17629	0.02051	0.00474	0.00598	0.01893	0.00825	0.00763
43	0.01807	0.00903	0.00903	0.00903	0.01129	0.00903	0.00678	0.02258	0.02033	0.03613	0.03162	0.03613	0.02484	0.01129	0.00678	0.00226	0.00452	0.00903	0.71319	0.00903
44	0.02850	0.15106	0.26634	0.02103	0.03113	0.02180	0.02315	0.03524	0.02325	0.22621	0.06049	0.02713	0.02135	0.01066	0.00897	0.00286	0.01089	0.00834	0.00722	0.01438
45	0.03330	0.02280	0.02581	0.02047	0.02707	0.02490	0.01677	0.40462	0.03793	0.11605	0.02548	0.02715	0.01879	0.02309	0.12397	0.00529	0.01325	0.00915	0.00912	0.01502
46	0.02303	0.02193	0.03779	0.05398	0.50618	0.02184	0.05804	0.02878	0.02214	0.03134	0.02186	0.03327	0.01966	0.01056	0.01010	0.00307	0.01151	0.06515	0.00525	0.01453
47	0.02319	0.02779	0.13936	0.05390	0.50116	0.02294	0.03081	0.02991	0.02179	0.03149	0.01808	0.02337	0.01481	0.00874	0.00953	0.00291	0.01201	0.00838	0.00467	0.01517
48	0.02932	0.03653	0.18591	0.02606	0.07058	0.20201	0.02301	0.07174	0.13104	0.09411	0.02349	0.02429	0.01734	0.01060	0.00931	0.00291	0.01294	0.00808	0.00670	0.01402
49	0.01807	0.00903	0.00903	0.00903	0.01129	0.00903	0.00678	0.02258	0.02033	0.03613	0.03162	0.03613	0.02484	0.01129	0.00678	0.00226	0.00452	0.00903	0.71319	0.00903
50	0.02591	0.66522	0.05079	0.01658	0.02488	0.03835	0.01658	0.02902	0.01969	0.02280	0.01347	0.01555	0.01244	0.00829	0.00622	0.00207	0.01036	0.00518	0.00415	0.01244
51	0.01405	0.00958	0.01151	0.01151	0.01183	0.00990	0.00704	0.01469	0.01437	0.01949	0.02968	0.05869	0.03318	0.54971	0.15619	0.01055	0.01249	0.01340	0.00575	0.00639
52	0.01249	0.00983	0.01109	0.01079	0.01350	0.00863	0.00798	0.01564	0.02375	0.03076	0.28930	0.08340	0.36574	0.05813	0.01356	0.00353	0.00503	0.01895	0.00948	0.00843
53	0.03684	0.02715	0.02909	0.02230	0.03006	0.03006	0.01842	0.56661	0.04557	0.06108	0.02327	0.02327	0.01648	0.01163	0.00970	0.00291	0.01067	0.00873	0.00970	0.01648
54	0.01385	0.01038	0.01558	0.01558	0.01731	0.01211	0.01211	0.01731	0.01558	0.02250	0.02596	0.03808	0.02423	0.07269	0.62098	0.01558	0.02596	0.01038	0.00519	0.00865
55	0.03342	0.02540	0.02784	0.06188	0.03161	0.02847	0.01844	0.44174	0.13700	0.05514	0.02569	0.02568	0.01853	0.01177	0.00972	0.00300	0.01029	0.00911	0.00937	0.01591
56	0.02118	0.13836	0.02583	0.01477	0.02333	0.01767	0.01244	0.02527	0.02002	0.02994	0.01653	0.01925	0.01400	0.00739	0.00700	0.00155	0.00777	0.00564	0.00544	0.58662
57	0.02399	0.02303	0.03934	0.05949	0.59893	0.02303	0.02974	0.02974	0.02207	0.03166	0.01823	0.02399	0.01535	0.00864	0.00960	0.00288	0.01151	0.00864	0.00480	0.01535
58	0.01830	0.01723	0.02907	0.63609	0.06675	0.02153	0.02692	0.02476	0.01938	0.02476	0.01723	0.02584	0.01292	0.00969	0.00969	0.00323	0.01292	0.00861	0.00431	0.01077
59	0.01441	0.01268	0.01483	0.01711	0.08763	0.01178	0.01104	0.02001	0.08341	0.02844	0.08175	0.07835	0.46056	0.02131	0.01105	0.00323	0.00604	0.01794	0.00857	0.00986
60	0.01181	0.00843	0.01125	0.01350	0.01406	0.00787	0.00900	0.01350	0.01856	0.02474	0.05342	0.65306	0.06410	0.03036	0.01237	0.00394	0.00562	0.02755	0.00900	0.00787
61	0.01879	0.01818	0.03209	0.57220	0.06502	0.02185	0.08453	0.02544	0.01976	0.02544	0.01748	0.02587	0.01311	0.00953	0.00988	0.00323	0.01329	0.00892	0.00437	0.01101
62	0.03620	0.04619	0.02747	0.02497	0.02996	0.62047	0.01873	0.03870	0.02747	0.02372	0.01498	0.01748	0.01248	0.00999	0.00874	0.00250	0.01748	0.00624	0.00499	0.01124
63	0.03684	0.02715	0.02909	0.02230	0.03006	0.03006	0.01842	0.56661	0.04557	0.06108	0.02327	0.02327	0.01648	0.01163	0.00970	0.00291	0.01067	0.00873	0.00970	0.01648
64	0.01183	0.00929	0.01071	0.01150	0.01361	0.00817	0.00819	0.01422	0.02129	0.02699	0.13403	0.30807	0.33511	0.02629	0.01181	0.00351	0.00515	0.02289	0.00918	0.00817
65	0.01403	0.00963	0.01177	0.01177	0.01218	0.01005	0.00736	0.01486	0.01445	0.01968	0.02944	0.05737	0.03261	0.51915	0.18597	0.01087	0.01336	0.01321	0.00571	0.00654
66	0.01385	0.01038	0.01558	0.01558	0.01731	0.01211	0.01211	0.01731	0.01558	0.02250	0.02596	0.03808	0.02423	0.07269	0.62098	0.01558	0.02596	0.01038	0.00519	0.00865
67	0.02053	0.04365	0.47296	0.03524	0.17508	0.02263	0.03436	0.03047	0.02085	0.03093	0.01759	0.02131	0.01301	0.00907	0.00930	0.00302	0.01365	0.00751	0.00426	0.01457
68	0.02749	0.51534	0.07689	0.01876	0.02676	0.14685	0.01804	0.03093	0.02120	0.02341	0.01397	0.01618	0.01244	0.00866	0.00686	0.00221	0.01192	0.00549	0.00430	0.01231
69	0.02146	0.24199	0.43500	0.02418	0.03662	0.02745	0.02981	0.03017	0.02022	0.02823	0.01617	0.01893	0.01233	0.00892	0.00828	0.00276	0.01309	0.00654	0.00411	0.01374
70	0.10085	0.03587	0.20652	0.03723	0.24285	0.15421	0.02709	0.03187	0.02217	0.03089	0.01675	0.02060	0.01327	0.00915	0.00890	0.00287	0.01325	0.00730	0.00476	0.01361
71	0.01968	0.03815	0.39474	0.02279	0.03504	0.01902	0.02695	0.02840	0.02033	0.03102	0.01733	0.02033	0.01303	0.00847	0.00847	0.00247	0.01172	0.00665	0.00469	0.27070
72	0.01217	0.00871	0.01157	0.01325	0.01414	0.00811	0.00902	0.01439	0.02022	0.02738	0.15444	0.54451	0.06921	0.02839	0.01220	0.00377	0.00543	0.02568	0.00931	0.00811
73	0.02519	0.03252	0.14218	0.10791	0.31382	0.15283	0.02818	0.03134	0.02265	0.02901	0.01726	0.02211	0.01389	0.00915	0.00935	0.00287	0.01349	0.00784	0.00466	0.01377
74	0.03452	0.04371	0.02626	0.02394	0.02881	0.57872	0.01795	0.03701	0.02710	0.02389	0.02065	0.02265	0.05220	0.01098	0.00892	0.00255	0.01662	0.00721	0.00527	0.01103
75	0.02411	0.02082	0.02192	0.01972	0.02520	0.02411	0.01534	0.05150	0.58142	0.04054	0.03945	0.03616	0.02959	0.01315	0.00986	0.00329	0.00767	0.01096	0.00986	0.01534
76	0.72785	0.01874	0.01425	0.01275	0.01874	0.02174	0.01050	0.02849	0.01649	0.04348	0.01350	0.01574	0.01050	0.00900	0.00600	0.00300	0.00750	0.00525	0.00600	0.01050
77	0.04313	0.01706	0.02284	0.01751	0.02503	0.01509	0.01447	0.07501	0.02869	0.57652	0.03744	0.03247	0.02359	0.01198	0.00974	0.00299	0.00838	0.00969	0.01187	0.01649
78	0.03627	0.04415	0.02764	0.02468	0.02997	0.55710	0.01869	0.09536	0.02941	0.02773	0.01587	0.01810	0.01291	0.01016	0.00884	0.00254	0.01675	0.00651	0.00550	0.01180
79	0.01684	0.00842	0.01263	0.01263	0.01263	0.00842	0.00842	0.01263	0.01263	0.01684	0.01684	0.02946	0.01684	0.03367	0.03788	0.71801	0.00842	0.00842	0.00421	0.00421
80	0.01376	0.01098	0.01213	0.01167	0.01454	0.01031	0.00859	0.01927	0.08288	0.03073	0.23248	0.07779	0.32546	0.08858	0.01525	0.00385	0.00558	0.01790	0.00926	0.00899
81	0.01807	0.00903	0.00903	0.00903	0.01129	0.00903	0.00678	0.02258	0.02033	0.03613	0.03162	0.03613	0.02484	0.01129	0.00678	0.00226	0.00452	0.00903	0.71319	0.00903
82	0.03377	0.02616	0.03154	0.03119	0.16603	0.02838	0.02113	0.43828	0.03995	0.05405	0.02206	0.02344	0.01621	0.01092	0.00967	0.00290	0.01087	0.00870	0.00852	0.01621
83	0.72785	0.01874	0.01425	0.01275	0.01874	0.02174	0.01050	0.02849	0.01649	0.04348	0.01350	0.01574	0.01050	0.00900	0.00600	0.00300	0.00750	0.00525	0.00600	0.01050
84	0.02637	0.30133	0.23180	0.02242	0.03189	0.18156	0.02357	0.03205	0.02193	0.02568	0.01517	0.01769	0.01240	0.00903	0.00786	0.00251	0.01351	0.00612	0.00434	0.01276
85	0.02562	0.02302	0.03389	0.04534	0.39069	0.02416	0.02489	0.10204	0.15871	0.03746	0.02393	0.02681	0.01890	0.01009	0.00967	0.00298	0.01049	0.00920	0.00662	0.01549
86	0.01684	0.00842	0.01263	0.01263	0.01263	0.00842	0.00842	0.01263	0.01263	0.01684	0.01684	0.02946	0.01684	0.03367	0.03788	0.71801	0.00842	0.00842	0.00421	0.00421
87	0.01267	0.00999	0.01151	0.01149	0.01432	0.00883	0.00886	0.01607	0.02394	0.03082	0.26252	0.08786	0.36505	0.02317	0.01165	0.00332	0.00523	0.07454	0.00956	0.00859
88	0.01878	0.01391	0.01605	0.01455	0.01755	0.01463	0.01083	0.14712	0.02396	0.03172	0.04359	0.08923	0.14987	0.19469	0.16225	0.00764	0.01236	0.01411	0.00749	0.00967
89	0.03730	0.02477	0.02741	0.02120	0.02877	0.02674	0.01745	0.43794	0.07509	0.16162	0.02706	0.02588	0.01869	0.01180	0.00972	0.00295	0.01003	0.00905	0.01014	0.01641
90	0.01849	0.01749	0.02911	0.59626	0.06406	0.02206	0.02654	0.02467	0.01908	0.02467	0.01693	0.02554	0.01291	0.01016	0.01113	0.00330	0.05392	0.00860	0.00430	0.01076
91	0.02076	0.01936	0.02896	0.02069	0.02959	0.01569	0.14349	0.02599	0.02076	0.03145	0.01780	0.02154	0.01444	0.00741	0.00820	0.00187	0.00937	0.00710	0.00554	0.54998
92	0.01966	0.01861	0.03152	0.49826	0.19396	0.02189	0.02759	0.02595	0.02002	0.02641	0.01747	0.02540	0.01350	0.00944	0.00967	0.00315	0.01258	0.00862	0.00442	0.01186
93	0.02399	0.02303	0.03934	0.05949	0.59893	0.02303	0.02974	0.02974	0.02207	0.03166	0.01823	0.02399	0.01535	0.00864	0.00960	0.00288	0.01151	0.00864	0.00480	0.01535
94	0.01673	0.16691	0.02399	0.01582	0.01912	0.01839	0.01318	0.02011	0.01656	0.02257	0.02298	0.03269	0.02141	0.05730	0.47403	0.01235	0.02223	0.00914	0.00494	0.00956
95	0.01684	0.00842	0.01263	0.01263	0.01263	0.00842	0.00842	0.01263	0.01263	0.01684	0.01684	0.02946	0.01684	0.03367	0.03788	0.71801	0.00842	0.00842	0.00421	0.00421
96	0.01212	0.00984	0.01074	0.01052	0.01350	0.00847	0.00789	0.01520	0.02366	0.02991	0.24403	0.08713	0.44681	0.02315	0.01145	0.00321	0.00481	0.01959	0.00949	0.00847
97	0.02340	0.02008	0.02130	0.01921	0.02447	0.02309	0.01492	0.04924	0.54364	0.04043	0.07725	0.03863	0.03380	0.01360	0.00997	0.00327	0.00746	0.01141	0.00992	0.01492
98	0.04348	0.01649	0.02249	0.01724	0.02474	0.01425	0.01425	0.04723	0.02774	0.60564	0.03824	0.03299	0.02399	0.01200	0.00975	0.00300	0.00825	0.00975	0.01200	0.01649
99	0.01145	0.00982	0.00982	0.00982	0.01309	0.00818	0.00736	0.01391	0.02209	0.02618	0.09818	0.09327	0.59499	0.02455	0.01145	0.00327	0.00491	0.02045	0.00900	0.00818
100	0.02338	0.02241	0.03824	0.12138	0.54180	0.02287	0.02944	0.02921	0.02178	0.03092	0.01812	0.02419	0.01509	0.00875	0.00961	0.00292	0.01166	0.00863	0.00474	0.01486
101	0.15815	0.15810	0.35516	0.02254	0.03357	0.06196	0.02631	0.03045	0.01998	0.03126	0.01577	0.01846	0.01198	0.00904	0.00801	0.00284	0.01247	0.00637	0.00452	0.01305
102	0.02585	0.25270	0.17475	0.02532	0.09110	0.13910	0.02253	0.06393	0.02335	0.02841	0.02114	0.02336	0.04962	0.01010	0.00831	0.00260	0.01244	0.00741	0.00501	0.01296
103	0.02120	0.02120	0.02969	0.02545	0.02545	0.02969	0.02120	0.02332	0.01484	0.02332	0.01272	0.02120	0.01272	0.01696	0.03181	0.00424	0.64165	0.00848	0.00424	0.01060
104	0.01145	0.00982	0.00982	0.00982	0.01309	0.00818	0.00736	0.01391	0.02209	0.02618	0.09818	0.09327	0.59499	0.02455	0.01145	0.00327	0.00491	0.02045	0.00900	0.00818
105	0.02202	0.02102	0.03578	0.25920	0.41460	0.02251	0.02877	0.02802	0.02114	0.02927	0.01788	0.02463	0.01451	0.00900	0.00963	0.00300	0.01200	0.00863	0.00463	0.01376
106	0.02576	0.26936	0.27025	0.02304	0.03297	0.17111	0.02484	0.03201	0.02186	0.02620	0.01541	0.01799	0.01238	0.00907	0.00803	0.00258	0.01366	0.00623	0.00433	0.01291
107	0.02253	0.02746	0.09303	0.03894	0.04842	0.02471	0.49235	0.03052	0.02219	0.03052	0.01901	0.02543	0.01441	0.00881	0.01261	0.00332	0.05698	0.01095	0.00480	0.01300
108	0.01483	0.01073	0.01452	0.01579	0.01810	0.01042	0.01332	0.01920	0.02370	0.03152	0.20269	0.09820	0.09987	0.02473	0.01273	0.00400	0.00748	0.35982	0.00941	0.00894
109	0.02399	0.02303	0.03934	0.05949	0.59893	0.02303	0.02974	0.02974	0.02207	0.03166	0.01823	0.02399	0.01535	0.00864	0.00960	0.00288	0.01151	0.00864	0.00480	0.01535
110	0.03510	0.11263	0.02997	0.02407	0.02942	0.55799	0.01850	0.03766	0.02663	0.02362	0.01482	0.01727	0.01248	0.00981	0.00847	0.00245	0.01671	0.00613	0.00490	0.01136
111	0.01399	0.00981	0.01267	0.01267	0.01339	0.01054	0.00849	0.01544	0.01472	0.02035	0.02862	0.05280	0.03062	0.41341	0.28899	0.01199	0.01634	0.01254	0.00559	0.00704
112	0.03242	0.18649	0.03396	0.02438	0.06731	0.26213	0.01871	0.16751	0.05936	0.03422	0.01821	0.01990	0.01458	0.01007	0.00849	0.00257	0.01316	0.00702	0.00621	0.01333

[dist]
# distance from previous block
# <min> <max>
0	1

[block]
# block no. 3 follows, 16 sequences, length 92
# corresponding to MSA columns:
# 156-247
name=unknown_D
#
# <colnr> <probs for GDERKNQSTAVLIFYWHMCP>
#	G	D	E	R	K	N	Q	S	T	A	V	L	I	F	Y	W	H	M	C	P
0	0.01172	0.00946	0.01044	0.01098	0.01345	0.00817	0.00793	0.01413	0.02156	0.02677	0.12420	0.24017	0.41568	0.02573	0.01170	0.00343	0.00507	0.02211	0.00913	0.00817
1	0.02534	0.06786	0.02593	0.01924	0.02425	0.02207	0.05430	0.25405	0.02895	0.03884	0.02445	0.03499	0.02185	0.17210	0.13589	0.00680	0.01370	0.01021	0.00718	0.01198
2	0.01254	0.00896	0.01208	0.01433	0.01521	0.00850	0.01027	0.01476	0.01928	0.02556	0.05302	0.54882	0.06251	0.02968	0.01257	0.00404	0.00626	0.12459	0.00898	0.00807
3	0.03620	0.04619	0.02747	0.02497	0.02996	0.62047	0.01873	0.03870	0.02747	0.02372	0.01498	0.01748	0.01248	0.00999	0.00874	0.00250	0.01748	0.00624	0.00499	0.01124
4	0.01684	0.01352	0.01863	0.02273	0.10546	0.01350	0.01617	0.02312	0.07098	0.02989	0.05400	0.08727	0.14698	0.02247	0.01216	0.00390	0.00846	0.31519	0.00841	0.01030
5	0.02590	0.02058	0.02261	0.02005	0.02549	0.02308	0.01626	0.18864	0.31582	0.04388	0.03740	0.04776	0.03137	0.01556	0.01055	0.00343	0.00877	0.11892	0.00962	0.01433
6	0.72785	0.01874	0.01425	0.01275	0.01874	0.02174	0.01050	0.02849	0.01649	0.04348	0.01350	0.01574	0.01050	0.00900	0.00600	0.00300	0.00750	0.00525	0.00600	0.01050
7	0.01989	0.04697	0.53629	0.02937	0.04310	0.02277	0.10551	0.03074	0.02078	0.03074	0.01769	0.02121	0.01260	0.00907	0.00950	0.00310	0.01459	0.00773	0.00420	0.01416
8	0.01807	0.00903	0.00903	0.00903	0.01129	0.00903	0.00678	0.02258	0.02033	0.03613	0.03162	0.03613	0.02484	0.01129	0.00678	0.00226	0.00452	0.00903	0.71319	0.00903
9	0.02510	0.51763	0.05049	0.02118	0.02919	0.03549	0.10777	0.02899	0.01991	0.02421	0.01444	0.01767	0.01283	0.00883	0.00873	0.00241	0.05196	0.00643	0.00428	0.01243
10	0.02571	0.22022	0.17505	0.03318	0.19638	0.13684	0.02533	0.03140	0.02199	0.02740	0.01606	0.01951	0.01325	0.00892	0.00837	0.00262	0.01294	0.00685	0.00448	0.01351
11	0.02325	0.04557	0.41408	0.03049	0.08227	0.13734	0.07092	0.03218	0.02210	0.02946	0.01716	0.02057	0.01273	0.00924	0.00931	0.00296	0.01487	0.00741	0.00438	0.01372
12	0.03042	0.12461	0.03134	0.02395	0.02795	0.36829	0.01915	0.03290	0.02272	0.02348	0.01412	0.01829	0.01255	0.01178	0.01509	0.00294	0.19781	0.00675	0.00466	0.01122
13	0.01316	0.01051	0.01304	0.06559	0.01845	0.00982	0.00994	0.01701	0.02448	0.03228	0.33431	0.07715	0.29717	0.02093	0.01129	0.00316	0.00544	0.01799	0.00941	0.00888
14	0.01173	0.00875	0.01092	0.01265	0.01383	0.00794	0.00862	0.01359	0.01937	0.02507	0.06373	0.52407	0.18644	0.02902	0.01216	0.00378	0.00546	0.02592	0.00900	0.00794
15	0.01441	0.01053	0.01408	0.01598	0.01811	0.01020	0.01336	0.01814	0.02170	0.02792	0.05862	0.19124	0.13739	0.02700	0.01294	0.00420	0.00781	0.37876	0.00895	0.00865
16	0.02234	0.02134	0.03635	0.22711	0.44422	0.02259	0.02892	0.02830	0.02129	0.02966	0.01794	0.02453	0.01465	0.00894	0.00962	0.00298	0.01192	0.00863	0.00465	0.01402
17	0.01170	0.00983	0.01016	0.01008	0.01324	0.00829	0.00756	0.01438	0.02267	0.02755	0.15176	0.09102	0.54056	0.02403	0.01145	0.00325	0.00487	0.02014	0.00918	0.00829
18	0.02745	0.02235	0.02581	0.13976	0.03494	0.02570	0.01866	0.22708	0.28476	0.04470	0.02948	0.02964	0.02177	0.01195	0.00977	0.00314	0.00974	0.00972	0.00873	0.01486
19	0.02462	0.02448	0.03792	0.08629	0.52890	0.06799	0.02877	0.03017	0.02234	0.03071	0.01793	0.02359	0.01501	0.00879	0.00954	0.00287	0.01204	0.00845	0.00479	0.01481
20	0.02085	0.36284	0.08454	0.01559	0.02137	0.02616	0.01460	0.02371	0.01773	0.02221	0.02000	0.03251	0.02037	0.21766	0.05960	0.00534	0.01141	0.00850	0.00475	0.01029
21	0.01291	0.01068	0.01142	0.01108	0.01431	0.00961	0.00836	0.01772	0.06599	0.03000	0.19989	0.08444	0.44388	0.02266	0.01133	0.00323	0.00505	0.01910	0.00942	0.00894
22	0.02655	0.02203	0.02329	0.02022	0.02613	0.02525	0.01593	0.15026	0.47868	0.04448	0.03635	0.03369	0.02707	0.01286	0.00983	0.00321	0.00824	0.01053	0.00983	0.01556
23	0.02010	0.01723	0.02010	0.01436	0.02297	0.01292	0.01148	0.02440	0.02010	0.03158	0.01723	0.02010	0.01436	0.00718	0.00718	0.00144	0.00718	0.00574	0.00574	0.71863
24	0.02349	0.02252	0.03844	0.10976	0.55253	0.02290	0.02950	0.02931	0.02183	0.03106	0.01814	0.02415	0.01514	0.00873	0.00960	0.00291	0.01164	0.00863	0.00475	0.01495
25	0.01944	0.05013	0.60917	0.02762	0.04195	0.02251	0.03581	0.03069	0.02046	0.03069	0.01739	0.02046	0.01228	0.00921	0.00921	0.00307	0.01432	0.00716	0.00409	0.01432
26	0.03905	0.01551	0.02107	0.01649	0.02321	0.01349	0.01349	0.04292	0.02769	0.52121	0.12099	0.03886	0.03404	0.01316	0.01000	0.00301	0.00770	0.01091	0.01180	0.01540
27	0.04348	0.01649	0.02249	0.01724	0.02474	0.01425	0.01425	0.04723	0.02774	0.60564	0.03824	0.03299	0.02399	0.01200	0.00975	0.00300	0.00825	0.00975	0.01200	0.01649
28	0.02476	0.08231	0.27886	0.02468	0.03379	0.02393	0.05685	0.03416	0.08024	0.12140	0.02207	0.02420	0.01621	0.01128	0.01316	0.00322	0.12062	0.00830	0.00604	0.01392
29	0.01944	0.05013	0.60917	0.02762	0.04195	0.02251	0.03581	0.03069	0.02046	0.03069	0.01739	0.02046	0.01228	0.00921	0.00921	0.00307	0.01432	0.00716	0.00409	0.01432
30	0.01807	0.00903	0.00903	0.00903	0.01129	0.00903	0.00678	0.02258	0.02033	0.03613	0.03162	0.03613	0.02484	0.01129	0.00678	0.00226	0.00452	0.00903	0.71319	0.00903
31	0.03219	0.09025	0.07056	0.02822	0.06560	0.43843	0.07921	0.03610	0.02561	0.02535	0.01571	0.01884	0.01287	0.00953	0.00892	0.00261	0.01626	0.00692	0.00485	0.01196
32	0.02109	0.02007	0.03411	0.35318	0.32787	0.02227	0.02830	0.02721	0.02070	0.02815	0.01772	0.02493	0.01411	0.00917	0.00964	0.00306	0.01223	0.00862	0.00455	0.01302
33	0.01213	0.00991	0.01075	0.01074	0.01376	0.00854	0.00818	0.01510	0.02313	0.02878	0.19051	0.09020	0.46743	0.02377	0.01156	0.00330	0.00508	0.04942	0.00932	0.00841
34	0.02652	0.01597	0.01982	0.01646	0.02260	0.01455	0.01348	0.07139	0.05530	0.19738	0.03644	0.04577	0.06307	0.01842	0.05472	0.00376	0.00930	0.09639	0.00876	0.20989
35	0.03283	0.20811	0.07769	0.02227	0.02907	0.36749	0.01907	0.03627	0.02489	0.07475	0.01679	0.01855	0.01346	0.00965	0.00819	0.00247	0.01455	0.00634	0.00531	0.01225
36	0.01807	0.00903	0.00903	0.00903	0.01129	0.00903	0.00678	0.02258	0.02033	0.03613	0.03162	0.03613	0.02484	0.01129	0.00678	0.00226	0.00452	0.00903	0.71319	0.00903
37	0.02312	0.02822	0.14859	0.05338	0.49214	0.02293	0.03091	0.02993	0.02176	0.03148	0.01807	0.02331	0.01476	0.00875	0.00952	0.00292	0.01205	0.00835	0.00466	0.01515
38	0.01406	0.00953	0.01123	0.01123	0.01146	0.00976	0.00670	0.01452	0.01429	0.01928	0.02993	0.06008	0.03378	0.58192	0.12481	0.01021	0.01158	0.01360	0.00578	0.00624
39	0.01145	0.00982	0.00982	0.00982	0.01309	0.00818	0.00736	0.01391	0.02209	0.02618	0.09818	0.09327	0.59499	0.02455	0.01145	0.00327	0.00491	0.02045	0.00900	0.00818
40	0.01231	0.00985	0.01100	0.01072	0.01362	0.00855	0.00804	0.01556	0.02411	0.03098	0.28548	0.08539	0.40470	0.02276	0.01145	0.00319	0.00478	0.01935	0.00963	0.00855
41	0.01296	0.00892	0.01091	0.01202	0.01230	0.00864	0.00742	0.01380	0.01631	0.02174	0.04188	0.35573	0.04955	0.34756	0.03101	0.00669	0.00753	0.02077	0.00742	0.00686
42	0.03423	0.16487	0.03194	0.02336	0.02899	0.50887	0.01832	0.03685	0.02598	0.02354	0.01469	0.01711	0.01248	0.00966	0.00826	0.00242	0.01611	0.00604	0.00483	0.01147
43	0.01385	0.01038	0.01558	0.01558	0.01731	0.01211	0.01211	0.01731	0.01558	0.02250	0.02596	0.03808	0.02423	0.07269	0.62098	0.01558	0.02596	0.01038	0.00519	0.00865
44	0.03620	0.04619	0.02747	0.02497	0.02996	0.62047	0.01873	0.03870	0.02747	0.02372	0.01498	0.01748	0.01248	0.00999	0.00874	0.00250	0.01748	0.00624	0.00499	0.01124
45	0.02163	0.02062	0.03507	0.29894	0.37792	0.02241	0.02857	0.02768	0.02095	0.02880	0.01781	0.02476	0.01434	0.00907	0.00963	0.00302	0.01210	0.00863	0.00459	0.01345
46	0.02340	0.02341	0.04286	0.08837	0.44197	0.02328	0.15263	0.02976	0.02210	0.03112	0.01849	0.02459	0.01506	0.00859	0.01003	0.00299	0.01271	0.00928	0.00479	0.01456
47	0.01181	0.00843	0.01125	0.01350	0.01406	0.00787	0.00900	0.01350	0.01856	0.02474	0.05342	0.65306	0.06410	0.03036	0.01237	0.00394	0.00562	0.02755	0.00900	0.00787
48	0.72785	0.01874	0.01425	0.01275	0.01874	0.02174	0.01050	0.02849	0.01649	0.04348	0.01350	0.01574	0.01050	0.00900	0.00600	0.00300	0.00750	0.00525	0.00600	0.01050
49	0.07335	0.02615	0.02698	0.02160	0.02793	0.07143	0.01765	0.40738	0.03760	0.05107	0.02153	0.02354	0.01623	0.01709	0.06440	0.00409	0.06055	0.00847	0.00833	0.01462
50	0.02249	0.07405	0.36144	0.03630	0.20944	0.02411	0.03160	0.07071	0.02280	0.03284	0.01787	0.02147	0.01354	0.00917	0.00920	0.00294	0.01298	0.00762	0.00473	0.01470
51	0.02701	0.07442	0.27475	0.02828	0.07959	0.02649	0.06343	0.23387	0.03023	0.04185	0.01960	0.02189	0.01428	0.00996	0.00940	0.00295	0.01262	0.00804	0.00633	0.01502
52	0.02506	0.02283	0.02316	0.02503	0.10897	0.13379	0.01659	0.03672	0.21987	0.07555	0.03472	0.17268	0.03171	0.01575	0.01018	0.00320	0.00970	0.01344	0.00814	0.01292
53	0.06959	0.06696	0.07474	0.02712	0.03404	0.15984	0.20371	0.03167	0.07123	0.02953	0.02440	0.11672	0.02228	0.01246	0.01001	0.00309	0.01319	0.01154	0.00594	0.01195
54	0.07644	0.16951	0.02899	0.02422	0.13156	0.11056	0.01634	0.02678	0.02379	0.03188	0.21915	0.03750	0.04070	0.01273	0.00906	0.00271	0.00938	0.01036	0.00684	0.01151
55	0.02405	0.45013	0.12992	0.01993	0.02753	0.03433	0.02033	0.02818	0.01888	0.02408	0.01391	0.01736	0.01247	0.01009	0.01157	0.00264	0.13198	0.00611	0.00416	0.01237
56	0.02023	0.01842	0.02975	0.24517	0.26343	0.02005	0.02454	0.02736	0.05747	0.03007	0.06582	0.03985	0.02619	0.01242	0.01026	0.00324	0.01091	0.07640	0.00591	0.01251
57	0.03999	0.01910	0.02381	0.01838	0.02566	0.01837	0.01513	0.19050	0.03270	0.42253	0.06467	0.03245	0.02561	0.01233	0.00983	0.00298	0.00872	0.00989	0.01128	0.01609
58	0.01308	0.01069	0.01165	0.01126	0.01442	0.00968	0.00849	0.01805	0.06640	0.03095	0.23725	0.08286	0.40592	0.02230	0.01133	0.00321	0.00502	0.01888	0.00955	0.00901
59	0.01234	0.00866	0.01109	0.01282	0.01325	0.00822	0.00828	0.01363	0.01753	0.02337	0.04815	0.51719	0.05745	0.17531	0.02089	0.00519	0.00649	0.02445	0.00828	0.00741
60	0.01807	0.00903	0.00903	0.00903	0.01129	0.00903	0.00678	0.02258	0.02033	0.03613	0.03162	0.03613	0.02484	0.01129	0.00678	0.00226	0.00452	0.00903	0.71319	0.00903
61	0.03684	0.02715	0.02909	0.02230	0.03006	0.03006	0.01842	0.56661	0.04557	0.06108	0.02327	0.02327	0.01648	0.01163	0.00970	0.00291	0.01067	0.00873	0.00970	0.01648
62	0.01858	0.01748	0.02879	0.14325	0.08337	0.01975	0.09973	0.02359	0.02184	0.03079	0.21365	0.04056	0.04019	0.01451	0.01563	0.00338	0.15533	0.01205	0.00660	0.01092
63	0.02102	0.01805	0.02052	0.01559	0.02348	0.01550	0.01237	0.03065	0.14944	0.03365	0.02235	0.02380	0.01787	0.00855	0.00780	0.00186	0.00729	0.00694	0.00669	0.55657
64	0.02010	0.01723	0.02010	0.01436	0.02297	0.01292	0.01148	0.02440	0.02010	0.03158	0.01723	0.02010	0.01436	0.00718	0.00718	0.00144	0.00718	0.00574	0.00574	0.71863
65	0.01701	0.01530	0.02119	0.02783	0.21443	0.01471	0.01584	0.02292	0.07124	0.03024	0.10221	0.06308	0.31058	0.01777	0.01068	0.00312	0.00738	0.01537	0.00776	0.01133
66	0.23774	0.03594	0.02381	0.02109	0.02671	0.37624	0.01629	0.09817	0.02641	0.03390	0.01553	0.01766	0.01238	0.00989	0.00805	0.00269	0.01377	0.00625	0.00584	0.01164
67	0.01830	0.01723	0.02907	0.63609	0.06675	0.02153	0.02692	0.02476	0.01938	0.02476	0.01723	0.02584	0.01292	0.00969	0.00969	0.00323	0.01292	0.00861	0.00431	0.01077
68	0.01539	0.01335	0.01849	0.02363	0.16886	0.01238	0.01378	0.01928	0.02352	0.03104	0.20988	0.06930	0.30621	0.01906	0.01096	0.00311	0.00657	0.01653	0.00833	0.01034
69	0.03428	0.03277	0.02937	0.02632	0.07311	0.22954	0.01963	0.29933	0.03496	0.04288	0.01916	0.02118	0.01471	0.01131	0.01129	0.00288	0.06805	0.00786	0.00725	0.01411
70	0.02399	0.02303	0.03934	0.05949	0.59893	0.02303	0.02974	0.02974	0.02207	0.03166	0.01823	0.02399	0.01535	0.00864	0.00960	0.00288	0.01151	0.00864	0.00480	0.01535
71	0.01311	0.00936	0.01274	0.01498	0.01612	0.00899	0.01126	0.01575	0.01984	0.02620	0.05270	0.46726	0.06126	0.02914	0.01272	0.00412	0.00675	0.20050	0.00897	0.00823
72	0.72785	0.01874	0.01425	0.01275	0.01874	0.02174	0.01050	0.02849	0.01649	0.04348	0.01350	0.01574	0.01050	0.00900	0.00600	0.00300	0.00750	0.00525	0.00600	0.01050
73	0.01556	0.01054	0.01176	0.01133	0.01182	0.01073	0.00668	0.04963	0.01612	0.02151	0.03007	0.06084	0.03403	0.61772	0.04678	0.00898	0.00948	0.01375	0.00612	0.00656
74	0.01306	0.00922	0.01214	0.01402	0.01488	0.00888	0.01001	0.01511	0.01870	0.02476	0.04921	0.43191	0.05749	0.13179	0.01861	0.00495	0.00700	0.14200	0.00847	0.00779
75	0.01149	0.00970	0.00994	0.01014	0.01318	0.00815	0.00751	0.01387	0.02178	0.02606	0.09428	0.14208	0.54870	0.02505	0.01153	0.00333	0.00497	0.02107	0.00900	0.00815
76	0.04348	0.01649	0.02249	0.01724	0.02474	0.01425	0.01425	0.04723	0.02774	0.60564	0.03824	0.03299	0.02399	0.01200	0.00975	0.00300	0.00825	0.00975	0.01200	0.01649
77	0.59203	0.02476	0.12830	0.01560	0.02319	0.02189	0.01535	0.02891	0.01726	0.04103	0.01424	0.01665	0.01084	0.00904	0.00661	0.00301	0.00881	0.00562	0.00563	0.01123
78	0.02349	0.02252	0.03844	0.10976	0.55253	0.02290	0.02950	0.02931	0.02183	0.03106	0.01814	0.02415	0.01514	0.00873	0.00960	0.00291	0.01164	0.00863	0.00475	0.01495
79	0.02992	0.21827	0.03238	0.02117	0.02662	0.36302	0.01713	0.03274	0.02347	0.02328	0.01618	0.01999	0.01422	0.01884	0.09921	0.00432	0.01670	0.00656	0.00478	0.01120
80	0.02715	0.02703	0.02513	0.02168	0.02541	0.19007	0.01725	0.15127	0.02698	0.03345	0.06688	0.03109	0.06318	0.01882	0.06228	0.00415	0.18023	0.00962	0.00662	0.01170
81	0.02921	0.08382	0.30479	0.02329	0.03415	0.02363	0.02563	0.15769	0.02779	0.16314	0.02302	0.02348	0.01583	0.01031	0.00921	0.00294	0.01185	0.00794	0.00712	0.01515
82	0.10478	0.08860	0.21456	0.02368	0.03223	0.27659	0.02314	0.07411	0.02483	0.03084	0.01611	0.01854	0.01250	0.00963	0.00848	0.00273	0.01435	0.00654	0.00510	0.01263
83	0.02061	0.01466	0.01959	0.13482	0.02877	0.01542	0.01566	0.10356	0.02716	0.07986	0.20617	0.06258	0.08134	0.01788	0.01115	0.00339	0.00835	0.12910	0.00892	0.01101
84	0.02481	0.02178	0.02402	0.01954	0.02448	0.06063	0.01587	0.17910	0.02681	0.03644	0.03106	0.03329	0.11086	0.01415	0.01532	0.00298	0.17861	0.00981	0.00697	0.16348
85	0.02423	0.02622	0.02617	0.02337	0.02518	0.18429	0.01856	0.02825	0.06038	0.02488	0.02048	0.10183	0.02045	0.01653	0.02155	0.00367	0.34723	0.01050	0.00546	0.01077
86	0.02177	0.01661	0.02369	0.01957	0.02434	0.01695	0.09450	0.14782	0.02571	0.06692	0.04087	0.09632	0.13352	0.03045	0.15283	0.04267	0.01324	0.01345	0.00760	0.01120
87	0.06071	0.01806	0.02234	0.02364	0.10815	0.01919	0.01605	0.03910	0.25853	0.12908	0.06352	0.04312	0.03147	0.06301	0.01301	0.00372	0.00841	0.05628	0.00892	0.01369
88	0.02680	0.02837	0.03660	0.05153	0.46782	0.16070	0.02721	0.03181	0.02331	0.02983	0.01748	0.02249	0.01469	0.00895	0.00940	0.00279	0.01289	0.00808	0.00484	0.01440
89	0.02685	0.03379	0.12077	0.04473	0.35090	0.19628	0.02745	0.03248	0.02340	0.02921	0.01716	0.02157	0.01406	0.00911	0.00929	0.00280	0.01366	0.00772	0.00475	0.01400
90	0.02652	0.02845	0.03446	0.04739	0.41296	0.18174	0.02550	0.03122	0.02351	0.02922	0.02200	0.02627	0.04822	0.00992	0.00947	0.00280	0.01272	0.00868	0.00509	0.01384
91	0.02243	0.03229	0.23405	0.04860	0.40860	0.02285	0.03182	0.03007	0.02152	0.03133	0.01794	0.02278	0.01430	0.00883	0.00946	0.00294	0.01247	0.00813	0.00456	0.01500

[dist]
# distance from previous block
# <min> <max>
6	9

[block]
# block no. 4 follows, 16 sequences, length 16
# corresponding to MSA columns:
# 257-272
name=unknown_E
#
# <colnr> <probs for GDERKNQSTAVLIFYWHMCP>
#	G	D	E	R	K	N	Q	S	T	A	V	L	I	F	Y	W	H	M	C	P
0	0.02029	0.02350	0.09975	0.03102	0.17729	0.06047	0.07860	0.02788	0.07178	0.03229	0.14648	0.07271	0.08829	0.01402	0.01040	0.00308	0.01014	0.01267	0.00698	0.01237
1	0.02153	0.02310	0.02668	0.02542	0.07428	0.17439	0.11760	0.02524	0.02279	0.02746	0.08082	0.26394	0.03945	0.01806	0.01092	0.00326	0.01118	0.01643	0.00696	0.01048
2	0.02141	0.03105	0.24233	0.02197	0.03061	0.02232	0.02246	0.04087	0.32848	0.03577	0.03550	0.03449	0.06504	0.01251	0.00973	0.00320	0.00997	0.01023	0.00762	0.01443
3	0.25396	0.01895	0.02059	0.01621	0.02344	0.01886	0.01333	0.11852	0.02591	0.26543	0.02525	0.02429	0.01726	0.01033	0.00821	0.00277	0.00824	0.00762	0.00889	0.11196
4	0.01983	0.01551	0.01787	0.01674	0.02063	0.01654	0.01328	0.09594	0.19736	0.03844	0.18056	0.10112	0.09030	0.01910	0.01117	0.00345	0.00719	0.11346	0.00974	0.01176
5	0.59784	0.02390	0.01673	0.01504	0.02085	0.13429	0.01204	0.03041	0.01856	0.03977	0.01377	0.01607	0.01087	0.00918	0.00651	0.00290	0.00937	0.00544	0.00581	0.01064
6	0.72785	0.01874	0.01425	0.01275	0.01874	0.02174	0.01050	0.02849	0.01649	0.04348	0.01350	0.01574	0.01050	0.00900	0.00600	0.00300	0.00750	0.00525	0.00600	0.01050
7	0.03442	0.02594	0.02772	0.02181	0.02913	0.02892	0.01784	0.46863	0.14749	0.05718	0.02635	0.02572	0.01897	0.01192	0.00973	0.00298	0.01010	0.00915	0.00973	0.01627
8	0.01161	0.00982	0.01004	0.00999	0.01319	0.00825	0.00749	0.01422	0.02247	0.02708	0.13311	0.09180	0.55951	0.02421	0.01145	0.00326	0.00489	0.02025	0.00912	0.00825
9	0.02332	0.01851	0.02027	0.01816	0.02316	0.02070	0.01411	0.04500	0.44384	0.07436	0.14358	0.04278	0.04088	0.01433	0.01015	0.00322	0.00712	0.01212	0.01014	0.01425
10	0.02150	0.01806	0.02085	0.01502	0.02356	0.01436	0.01207	0.06993	0.02224	0.03406	0.01773	0.02036	0.01453	0.00755	0.00739	0.00156	0.00747	0.00599	0.00607	0.65968
11	0.02591	0.66522	0.05079	0.01658	0.02488	0.03835	0.01658	0.02902	0.01969	0.02280	0.01347	0.01555	0.01244	0.00829	0.00622	0.00207	0.01036	0.00518	0.00415	0.01244
