[name]
unknown

[dist]
# distance from previous block
# <min> <max>
0	24

[block]
# block no. 0 follows, 21 sequences, length 16
# corresponding to MSA columns:
# 24-39
name=unknown_A
#
# <colnr> <probs for GDERKNQSTAVLIFYWHMCP>
#	G	D	E	R	K	N	Q	S	T	A	V	L	I	F	Y	W	H	M	C	P
0	0.01509	0.00965	0.01128	0.01100	0.01415	0.00842	0.00868	0.01766	0.02000	0.12236	0.06862	0.11780	0.41024	0.02049	0.01015	0.00304	0.00538	0.10927	0.00830	0.00842
1	0.01218	0.00901	0.01312	0.01312	0.01445	0.01034	0.00995	0.01484	0.01351	0.01935	0.02330	0.03624	0.02249	0.14412	0.58857	0.01299	0.02096	0.00953	0.00463	0.00729
2	0.01125	0.00786	0.00953	0.01048	0.01091	0.00753	0.00657	0.01211	0.01473	0.01945	0.04040	0.36769	0.08285	0.32996	0.02542	0.00558	0.00639	0.01847	0.00666	0.00614
3	0.02568	0.02269	0.02251	0.02420	0.14884	0.20328	0.01583	0.05427	0.07364	0.13768	0.07859	0.02914	0.05101	0.01455	0.05719	0.00333	0.01094	0.00860	0.00657	0.01145
4	0.01911	0.02110	0.04506	0.03252	0.04004	0.01985	0.53983	0.02538	0.01911	0.02590	0.01843	0.02708	0.01518	0.09461	0.01424	0.00355	0.01358	0.01034	0.00441	0.01068
5	0.02275	0.70604	0.04459	0.01456	0.02184	0.03367	0.01456	0.02548	0.01729	0.02002	0.01183	0.01365	0.01092	0.00728	0.00546	0.00182	0.00910	0.00455	0.00364	0.01092
6	0.06809	0.08855	0.02608	0.01949	0.02547	0.23716	0.01577	0.34513	0.03151	0.03913	0.01686	0.01783	0.01274	0.00937	0.00781	0.00238	0.01117	0.00652	0.00657	0.01238
7	0.01153	0.00825	0.01046	0.01104	0.01181	0.00834	0.00740	0.01289	0.01445	0.01939	0.03691	0.23991	0.08960	0.28951	0.18231	0.00769	0.01047	0.01553	0.00605	0.00644
8	0.01018	0.00863	0.00879	0.00875	0.01157	0.00724	0.00656	0.01245	0.01969	0.02368	0.12099	0.08076	0.60917	0.02129	0.01006	0.00286	0.00429	0.01780	0.00799	0.00724
9	0.01236	0.00832	0.00965	0.00965	0.00978	0.00845	0.00561	0.01261	0.01248	0.01677	0.02648	0.05383	0.03013	0.64772	0.09541	0.00870	0.00946	0.01210	0.00511	0.00536
10	0.13894	0.01543	0.01944	0.01575	0.02091	0.01550	0.05611	0.12377	0.05043	0.22182	0.15329	0.07510	0.03226	0.01233	0.00861	0.00271	0.00717	0.01038	0.00845	0.01159
11	0.02105	0.02171	0.02750	0.09082	0.34572	0.14967	0.02085	0.02517	0.01900	0.02427	0.01671	0.02251	0.01435	0.01915	0.14002	0.00471	0.01381	0.00746	0.00428	0.01123
12	0.22871	0.08886	0.29481	0.02227	0.08451	0.02036	0.05983	0.02553	0.01725	0.02944	0.01750	0.02000	0.04028	0.00849	0.00731	0.00261	0.01008	0.00656	0.00437	0.01124
13	0.02091	0.12688	0.02965	0.03383	0.34241	0.10136	0.01884	0.02422	0.01823	0.02342	0.01720	0.02623	0.01632	0.14868	0.01496	0.00354	0.01024	0.00782	0.00434	0.01093
14	0.01553	0.01042	0.01268	0.01159	0.01514	0.00895	0.00874	0.01806	0.01835	0.10542	0.04882	0.22234	0.22254	0.02208	0.06671	0.00361	0.00688	0.01501	0.00737	0.15975
15	0.02514	0.28691	0.07763	0.01839	0.02455	0.24920	0.01624	0.03255	0.14480	0.02398	0.01718	0.01824	0.01399	0.00872	0.00707	0.00223	0.01104	0.00603	0.00492	0.01120

[dist]
# distance from previous block
# <min> <max>
0	1

[block]
# block no. 1 follows, 21 sequences, length 25
# corresponding to MSA columns:
# 41-65
name=unknown_B
#
# <colnr> <probs for GDERKNQSTAVLIFYWHMCP>
#	G	D	E	R	K	N	Q	S	T	A	V	L	I	F	Y	W	H	M	C	P
0	0.01771	0.02016	0.12605	0.01479	0.02308	0.01321	0.01386	0.02343	0.04520	0.02795	0.01602	0.01833	0.01289	0.00684	0.00671	0.00158	0.00739	0.00546	0.00496	0.59439
1	0.02305	0.06031	0.13699	0.03026	0.19447	0.15723	0.10214	0.02810	0.02055	0.07549	0.02269	0.02509	0.06719	0.00929	0.00844	0.00254	0.01145	0.00808	0.00495	0.01170
2	0.01863	0.07323	0.08427	0.09242	0.27635	0.01782	0.02017	0.02342	0.01831	0.05532	0.06805	0.02667	0.02015	0.02017	0.14357	0.00482	0.01235	0.00821	0.00486	0.01122
3	0.01996	0.08295	0.05820	0.01459	0.01894	0.17958	0.01220	0.02322	0.02190	0.07579	0.19227	0.04581	0.19314	0.01421	0.00878	0.00252	0.00825	0.01142	0.00692	0.00935
4	0.01796	0.01802	0.03418	0.21696	0.17810	0.01882	0.22580	0.02360	0.01808	0.02468	0.01722	0.02407	0.01389	0.01636	0.11036	0.00445	0.01386	0.00866	0.00418	0.01076
5	0.01964	0.01668	0.01968	0.01717	0.07110	0.01516	0.01244	0.08045	0.13877	0.03143	0.02223	0.02341	0.04008	0.00837	0.00728	0.00186	0.00689	0.00687	0.00610	0.45440
6	0.01239	0.00982	0.01361	0.07502	0.01838	0.01020	0.01057	0.01511	0.01661	0.02289	0.09086	0.29570	0.07750	0.03053	0.16733	0.00556	0.03849	0.01561	0.00645	0.06734
7	0.70327	0.01630	0.01309	0.01151	0.01688	0.01856	0.00948	0.02633	0.01527	0.08737	0.01359	0.01503	0.01016	0.00811	0.00553	0.00263	0.00664	0.00492	0.00569	0.00964
8	0.02436	0.19251	0.13679	0.02136	0.08274	0.07576	0.01847	0.19258	0.02457	0.03245	0.01576	0.01764	0.01236	0.00825	0.00732	0.00219	0.00998	0.00614	0.00530	0.11348
9	0.02865	0.03533	0.02458	0.02202	0.02536	0.51403	0.01696	0.03076	0.02147	0.02074	0.01268	0.01613	0.01101	0.01023	0.01250	0.00256	0.17507	0.00595	0.00423	0.00973
10	0.01222	0.00887	0.01244	0.01244	0.01354	0.00997	0.00910	0.01440	0.01331	0.01884	0.02392	0.03968	0.02399	0.24259	0.49214	0.01215	0.01871	0.01003	0.00473	0.00691
11	0.01707	0.04402	0.65683	0.02426	0.03683	0.01976	0.03144	0.02695	0.01797	0.02695	0.01527	0.01797	0.01078	0.00809	0.00809	0.00270	0.01258	0.00629	0.00359	0.01258
12	0.01988	0.22094	0.21799	0.01779	0.02503	0.14034	0.01840	0.02460	0.01888	0.02275	0.02641	0.02808	0.11890	0.01377	0.04905	0.00308	0.01135	0.00781	0.00454	0.01038
13	0.01169	0.00868	0.01088	0.01033	0.01250	0.00788	0.00775	0.01537	0.02325	0.03213	0.54340	0.06686	0.18149	0.01814	0.01004	0.00271	0.00407	0.01585	0.00911	0.00788
14	0.01580	0.01198	0.01503	0.01474	0.01719	0.01319	0.01160	0.07682	0.12242	0.02674	0.03183	0.10094	0.03128	0.09597	0.23885	0.00732	0.01274	0.13986	0.00667	0.00901
15	0.01100	0.00806	0.01042	0.01180	0.01300	0.00748	0.00852	0.01322	0.01815	0.02399	0.12805	0.45197	0.13599	0.02437	0.01077	0.00334	0.00513	0.09943	0.00808	0.00722
16	0.02102	0.18300	0.03012	0.08630	0.20021	0.04958	0.01785	0.02932	0.14897	0.02675	0.01865	0.02101	0.01511	0.00831	0.00745	0.00228	0.00897	0.00686	0.00510	0.11313
17	0.01908	0.01590	0.01769	0.01686	0.02087	0.01798	0.01354	0.03748	0.46050	0.03276	0.03756	0.04978	0.03243	0.01490	0.00953	0.00318	0.00704	0.17263	0.00843	0.01189
18	0.01983	0.19913	0.29409	0.03139	0.24110	0.02335	0.02547	0.02630	0.01828	0.02553	0.01467	0.01796	0.01173	0.00772	0.00755	0.00242	0.01088	0.00630	0.00382	0.01248
19	0.02188	0.60418	0.13879	0.01605	0.02415	0.03153	0.01716	0.02571	0.01740	0.02109	0.01236	0.01432	0.01090	0.00740	0.00586	0.00195	0.00964	0.00482	0.00363	0.01118
20	0.53805	0.02383	0.01606	0.01447	0.01947	0.21713	0.01143	0.02776	0.01743	0.03288	0.01225	0.01429	0.00975	0.00817	0.00600	0.00250	0.00926	0.00488	0.00500	0.00941
21	0.01980	0.01706	0.02474	0.05177	0.02514	0.01990	0.09671	0.15889	0.02055	0.02864	0.01852	0.02676	0.01640	0.08807	0.17109	0.00605	0.18593	0.00871	0.00525	0.01002
22	0.01827	0.01707	0.02613	0.08392	0.32021	0.04089	0.04520	0.02407	0.06797	0.02627	0.02615	0.16112	0.02591	0.01323	0.00928	0.00289	0.00908	0.06556	0.00561	0.01114
23	0.01523	0.01345	0.01501	0.01421	0.01479	0.06918	0.01019	0.01634	0.01419	0.01882	0.02431	0.12860	0.02712	0.32919	0.08894	0.00650	0.16993	0.01193	0.00507	0.00701
24	0.02068	0.02052	0.03301	0.12783	0.33068	0.04746	0.12586	0.02929	0.12329	0.02791	0.01914	0.02319	0.01510	0.00836	0.00873	0.00268	0.01066	0.00826	0.00493	0.01243

[dist]
# distance from previous block
# <min> <max>
0	1

[block]
# block no. 2 follows, 21 sequences, length 181
# corresponding to MSA columns:
# 67-247
name=unknown_C
#
# <colnr> <probs for GDERKNQSTAVLIFYWHMCP>
#	G	D	E	R	K	N	Q	S	T	A	V	L	I	F	Y	W	H	M	C	P
0	0.01478	0.00739	0.01109	0.01109	0.01109	0.00739	0.00739	0.01109	0.01109	0.01478	0.01478	0.02587	0.01478	0.02956	0.03326	0.75240	0.00739	0.00739	0.00370	0.00370
1	0.01228	0.00862	0.01115	0.01115	0.01180	0.00927	0.00749	0.01358	0.01293	0.01789	0.02510	0.04622	0.02683	0.42990	0.30871	0.01056	0.01444	0.01099	0.00490	0.00620
2	0.01101	0.00866	0.00994	0.00962	0.01208	0.00759	0.00721	0.01405	0.02164	0.02832	0.35293	0.07312	0.37433	0.01956	0.01005	0.00278	0.00417	0.01673	0.00860	0.00759
3	0.02106	0.02022	0.03454	0.05223	0.64784	0.02022	0.02612	0.02612	0.01938	0.02780	0.01601	0.02106	0.01348	0.00758	0.00842	0.00253	0.01011	0.00758	0.00421	0.01348
4	0.02787	0.01679	0.01944	0.01646	0.02197	0.01776	0.01309	0.04374	0.39300	0.27901	0.03422	0.03065	0.02404	0.01115	0.00862	0.00279	0.00693	0.00920	0.00940	0.01387
5	0.01929	0.07484	0.27783	0.03446	0.25891	0.02052	0.09542	0.02624	0.01866	0.02689	0.01553	0.01937	0.01214	0.00763	0.00815	0.00251	0.01126	0.00701	0.00400	0.05934
6	0.15138	0.54243	0.03767	0.01446	0.02120	0.07302	0.01376	0.02596	0.01726	0.02322	0.01192	0.01379	0.01063	0.00749	0.00557	0.00199	0.00908	0.00462	0.00397	0.01056
7	0.01911	0.01717	0.02535	0.02095	0.02361	0.02079	0.09620	0.11695	0.01851	0.02643	0.01713	0.02480	0.01534	0.05222	0.19026	0.00620	0.28585	0.00846	0.00485	0.00983
8	0.01783	0.03925	0.52840	0.02899	0.12403	0.01994	0.06942	0.02685	0.01831	0.02709	0.01550	0.01874	0.01130	0.00795	0.00826	0.00268	0.01234	0.00672	0.00373	0.01263
9	0.02868	0.03416	0.02824	0.02936	0.16275	0.45243	0.05962	0.05883	0.02354	0.02430	0.01439	0.01735	0.01181	0.00847	0.00804	0.00233	0.01386	0.00635	0.00453	0.01097
10	0.02106	0.02022	0.03454	0.05223	0.64784	0.02022	0.02612	0.02612	0.01938	0.02780	0.01601	0.02106	0.01348	0.00758	0.00842	0.00253	0.01011	0.00758	0.00421	0.01348
11	0.01765	0.01513	0.01765	0.01260	0.02017	0.01134	0.01008	0.02143	0.01765	0.02773	0.01513	0.01765	0.01260	0.00630	0.00630	0.00126	0.00630	0.00504	0.00504	0.75295
12	0.01152	0.00868	0.01065	0.01016	0.01239	0.00781	0.00762	0.01504	0.02285	0.03119	0.49639	0.06840	0.22908	0.01849	0.01004	0.00273	0.00409	0.01607	0.00898	0.00781
13	0.01140	0.00863	0.00995	0.01056	0.01228	0.00794	0.00776	0.01330	0.01736	0.02175	0.05891	0.14680	0.30788	0.19007	0.01869	0.00447	0.00606	0.13221	0.00721	0.00678
14	0.01037	0.00741	0.00987	0.01185	0.01234	0.00691	0.00790	0.01185	0.01629	0.02172	0.04690	0.69537	0.05629	0.02666	0.01086	0.00346	0.00494	0.02419	0.00790	0.00691
15	0.01258	0.00975	0.01450	0.01425	0.01567	0.01166	0.01117	0.01555	0.01363	0.01980	0.02203	0.03245	0.02061	0.06059	0.62491	0.01302	0.06662	0.00901	0.00450	0.00771
16	0.01231	0.00851	0.01058	0.01058	0.01103	0.00896	0.00678	0.01321	0.01276	0.01746	0.02563	0.04912	0.02809	0.51279	0.22755	0.00985	0.01255	0.01141	0.00498	0.00588
17	0.01322	0.01198	0.02173	0.01891	0.02179	0.01121	0.18692	0.01638	0.01741	0.02335	0.03818	0.49772	0.04354	0.02093	0.01062	0.00328	0.00770	0.02003	0.00684	0.00825
18	0.76103	0.01646	0.01251	0.01119	0.01646	0.01909	0.00922	0.02502	0.01448	0.03818	0.01185	0.01382	0.00922	0.00790	0.00527	0.00263	0.00658	0.00461	0.00527	0.00922
19	0.02866	0.03344	0.02729	0.03072	0.20985	0.43340	0.01928	0.07046	0.02377	0.02506	0.01448	0.01737	0.01194	0.00851	0.00795	0.00232	0.01340	0.00625	0.00461	0.01124
20	0.76103	0.01646	0.01251	0.01119	0.01646	0.01909	0.00922	0.02502	0.01448	0.03818	0.01185	0.01382	0.00922	0.00790	0.00527	0.00263	0.00658	0.00461	0.00527	0.00922
21	0.65400	0.01754	0.01442	0.01242	0.01792	0.02016	0.01024	0.11233	0.01823	0.04045	0.01311	0.01479	0.00999	0.00824	0.00574	0.00262	0.00699	0.00506	0.00574	0.00999
22	0.01203	0.00903	0.01304	0.01304	0.01455	0.01025	0.00999	0.01481	0.01397	0.01975	0.02727	0.03817	0.06323	0.10461	0.58097	0.01259	0.02057	0.00993	0.00482	0.00740
23	0.01056	0.00806	0.00971	0.01053	0.01212	0.00721	0.00743	0.01274	0.01877	0.02440	0.16818	0.37029	0.26282	0.02323	0.01044	0.00312	0.00456	0.02046	0.00817	0.00721
24	0.01707	0.04402	0.65683	0.02426	0.03683	0.01976	0.03144	0.02695	0.01797	0.02695	0.01527	0.01797	0.01078	0.00809	0.00809	0.00270	0.01258	0.00629	0.00359	0.01258
25	0.07101	0.01915	0.03148	0.04688	0.56458	0.01930	0.02381	0.02514	0.01885	0.02813	0.01767	0.06308	0.01589	0.00881	0.00836	0.00259	0.00954	0.00843	0.00452	0.01277
26	0.01815	0.01749	0.01753	0.01642	0.01880	0.15397	0.01278	0.05956	0.01762	0.02228	0.01979	0.02770	0.01793	0.04518	0.43927	0.00981	0.06421	0.00813	0.00473	0.00865
27	0.01371	0.00920	0.01188	0.01156	0.01392	0.00845	0.00903	0.01731	0.02244	0.07173	0.40796	0.09398	0.14635	0.01885	0.01025	0.00293	0.00492	0.10832	0.00894	0.00827
28	0.02332	0.11601	0.09484	0.06174	0.29671	0.18151	0.02205	0.02881	0.04988	0.02511	0.01556	0.01897	0.01277	0.00812	0.00784	0.00240	0.01141	0.00664	0.00432	0.01200
29	0.01052	0.00784	0.00980	0.01100	0.01221	0.00712	0.00761	0.01249	0.01799	0.02364	0.13435	0.47963	0.18609	0.02433	0.01058	0.00323	0.00468	0.02169	0.00809	0.00712
30	0.01233	0.00841	0.01010	0.01010	0.01039	0.00870	0.00618	0.01290	0.01262	0.01711	0.02606	0.05153	0.02913	0.58183	0.15994	0.00926	0.01097	0.01177	0.00504	0.00561
31	0.02693	0.39822	0.03512	0.01797	0.02391	0.32651	0.01543	0.02941	0.02045	0.02039	0.01244	0.01444	0.01094	0.00797	0.00648	0.00199	0.01199	0.00498	0.00398	0.01043
32	0.01405	0.01112	0.01620	0.06126	0.10347	0.01132	0.01398	0.01837	0.04808	0.02474	0.03939	0.28650	0.04324	0.02093	0.01064	0.00345	0.00730	0.25014	0.00715	0.00865
33	0.01091	0.00880	0.00986	0.01044	0.01295	0.00776	0.00821	0.01342	0.01923	0.02347	0.07418	0.12707	0.46903	0.02235	0.01050	0.00315	0.00515	0.14833	0.00789	0.00731
34	0.01335	0.01165	0.01183	0.01120	0.01366	0.06921	0.00840	0.01670	0.02284	0.02991	0.43585	0.06397	0.22444	0.01770	0.00982	0.00268	0.00515	0.01515	0.00851	0.00798
35	0.12870	0.17682	0.14363	0.02642	0.11776	0.02259	0.16684	0.02566	0.01814	0.02715	0.01662	0.02340	0.01410	0.00864	0.00787	0.00259	0.01068	0.04674	0.00440	0.01125
36	0.01774	0.01936	0.06963	0.52175	0.12080	0.06204	0.02397	0.02340	0.01782	0.02272	0.01510	0.02170	0.01152	0.00839	0.00841	0.00275	0.01156	0.00734	0.00386	0.01014
37	0.01182	0.00852	0.01117	0.01086	0.01266	0.00788	0.00801	0.01549	0.02304	0.03246	0.56302	0.14866	0.07706	0.01865	0.01015	0.00278	0.00414	0.01658	0.00917	0.00788
38	0.09221	0.59656	0.04034	0.01458	0.02164	0.03183	0.01417	0.06480	0.01854	0.02394	0.01240	0.01412	0.01100	0.00753	0.00564	0.00194	0.00888	0.00476	0.00411	0.01100
39	0.01448	0.00924	0.01216	0.01112	0.01355	0.00845	0.00845	0.01843	0.02411	0.09188	0.58651	0.06034	0.07478	0.01676	0.00990	0.00267	0.00432	0.01475	0.00948	0.00863
40	0.03086	0.12169	0.02760	0.01974	0.02575	0.25597	0.01605	0.33046	0.03128	0.03740	0.01668	0.01770	0.01274	0.00930	0.00780	0.00233	0.01146	0.00646	0.00638	0.01235
41	0.01048	0.00864	0.00920	0.00906	0.01175	0.00736	0.00680	0.01303	0.02039	0.02535	0.20418	0.07802	0.52495	0.02067	0.01005	0.00283	0.00425	0.01742	0.00821	0.00736
42	0.01238	0.00825	0.00928	0.00928	0.00928	0.00825	0.00516	0.01238	0.01238	0.01650	0.02681	0.05569	0.03094	0.70092	0.04331	0.00825	0.00825	0.01238	0.00516	0.00516
43	0.03235	0.02384	0.02554	0.01958	0.02639	0.02639	0.01618	0.61946	0.04001	0.05363	0.02043	0.02043	0.01447	0.01022	0.00851	0.00255	0.00936	0.00766	0.00851	0.01447
44	0.01586	0.00793	0.00793	0.00793	0.00991	0.00793	0.00595	0.01983	0.01785	0.03173	0.02776	0.03173	0.02181	0.00991	0.00595	0.00198	0.00397	0.00793	0.74817	0.00793
45	0.03060	0.02297	0.02456	0.01923	0.02572	0.02557	0.01575	0.52973	0.13259	0.05082	0.02265	0.02220	0.01627	0.01042	0.00854	0.00261	0.00895	0.00797	0.00854	0.01432
46	0.03115	0.03950	0.02421	0.02194	0.02612	0.63576	0.01655	0.03333	0.02358	0.02081	0.01306	0.01550	0.01097	0.00907	0.00865	0.00227	0.04776	0.00558	0.00435	0.00984
47	0.01607	0.01513	0.02552	0.68047	0.05861	0.01891	0.02363	0.02174	0.01702	0.02174	0.01513	0.02269	0.01134	0.00851	0.00851	0.00284	0.01134	0.00756	0.00378	0.00945
48	0.76103	0.01646	0.01251	0.01119	0.01646	0.01909	0.00922	0.02502	0.01448	0.03818	0.01185	0.01382	0.00922	0.00790	0.00527	0.00263	0.00658	0.00461	0.00527	0.00922
49	0.01980	0.01257	0.01304	0.01162	0.01496	0.01351	0.00907	0.13607	0.12074	0.03645	0.02749	0.02962	0.02111	0.01023	0.00686	0.00223	0.00542	0.00815	0.49100	0.01005
50	0.76103	0.01646	0.01251	0.01119	0.01646	0.01909	0.00922	0.02502	0.01448	0.03818	0.01185	0.01382	0.00922	0.00790	0.00527	0.00263	0.00658	0.00461	0.00527	0.00922
51	0.02451	0.16630	0.02634	0.01734	0.02321	0.02524	0.01443	0.19557	0.34195	0.03713	0.02596	0.02485	0.01967	0.01028	0.00794	0.00257	0.00795	0.00801	0.00755	0.01320
52	0.03179	0.04056	0.02412	0.02192	0.02631	0.66676	0.01644	0.03398	0.02412	0.02083	0.01315	0.01535	0.01096	0.00877	0.00767	0.00219	0.01535	0.00548	0.00438	0.00987
53	0.01796	0.15021	0.24061	0.02083	0.08096	0.02017	0.01980	0.02730	0.13363	0.02670	0.03096	0.03344	0.11751	0.01132	0.00821	0.00263	0.00911	0.03172	0.00547	0.01147
54	0.33977	0.01844	0.11408	0.01417	0.01982	0.01528	0.01307	0.02582	0.01739	0.15648	0.02421	0.16271	0.02187	0.01245	0.00756	0.00282	0.00730	0.00984	0.00662	0.01031
55	0.02334	0.02695	0.12539	0.03099	0.23517	0.13049	0.02124	0.11641	0.09940	0.03072	0.01884	0.02167	0.01486	0.01247	0.05187	0.00328	0.01169	0.00739	0.00536	0.01248
56	0.02041	0.01504	0.01793	0.01295	0.02038	0.01150	0.01041	0.02413	0.01855	0.11197	0.01761	0.01917	0.01374	0.00687	0.00661	0.00145	0.00643	0.00552	0.00578	0.65357
57	0.03084	0.02309	0.02469	0.01928	0.02582	0.02569	0.01581	0.54212	0.11980	0.05120	0.02234	0.02196	0.01602	0.01039	0.00853	0.00260	0.00901	0.00793	0.00853	0.01434
58	0.01707	0.04402	0.65683	0.02426	0.03683	0.01976	0.03144	0.02695	0.01797	0.02695	0.01527	0.01797	0.01078	0.00809	0.00809	0.00270	0.01258	0.00629	0.00359	0.01258
59	0.02135	0.03373	0.43552	0.02310	0.07237	0.01739	0.02535	0.02898	0.01952	0.16027	0.02407	0.02489	0.05650	0.00949	0.00834	0.00268	0.01071	0.00766	0.00541	0.01267
60	0.01871	0.10903	0.02905	0.02041	0.02514	0.04394	0.18996	0.05070	0.01844	0.05287	0.02289	0.10663	0.02170	0.08716	0.15887	0.00565	0.01331	0.01062	0.00527	0.00963
61	0.01149	0.00794	0.00983	0.01068	0.01100	0.00783	0.00671	0.01233	0.01416	0.01898	0.03524	0.33094	0.04126	0.36710	0.07055	0.00654	0.00778	0.01727	0.00630	0.00608
62	0.01216	0.00912	0.01368	0.01368	0.01520	0.01064	0.01064	0.01520	0.01368	0.01976	0.02279	0.03343	0.02127	0.06382	0.66720	0.01368	0.02279	0.00912	0.00456	0.00760
63	0.02232	0.02082	0.03453	0.04734	0.53534	0.02103	0.06404	0.09549	0.02183	0.03078	0.01660	0.02111	0.01356	0.00786	0.00854	0.00255	0.01030	0.00775	0.00472	0.01346
64	0.02275	0.70604	0.04459	0.01456	0.02184	0.03367	0.01456	0.02548	0.01729	0.02002	0.01183	0.01365	0.01092	0.00728	0.00546	0.00182	0.00910	0.00455	0.00364	0.01092
65	0.07604	0.01459	0.01937	0.01493	0.02145	0.01285	0.01234	0.04061	0.02384	0.62150	0.03244	0.02817	0.02045	0.01039	0.00839	0.00263	0.00721	0.00835	0.01026	0.01421
66	0.01952	0.02436	0.11341	0.02360	0.02921	0.13480	0.20015	0.04833	0.02008	0.02538	0.02480	0.19582	0.02479	0.01366	0.01029	0.00294	0.03864	0.03475	0.00543	0.01006
67	0.01530	0.01081	0.01327	0.01236	0.01513	0.01063	0.00954	0.04822	0.09353	0.06572	0.40681	0.08953	0.10203	0.01717	0.00989	0.00283	0.00507	0.05395	0.00904	0.00917
68	0.01438	0.01125	0.01517	0.01364	0.01692	0.01146	0.01072	0.04142	0.01576	0.02317	0.02075	0.02888	0.01879	0.04700	0.47213	0.01006	0.01805	0.00802	0.00484	0.19759
69	0.01051	0.00790	0.00940	0.01050	0.01170	0.00716	0.00710	0.01203	0.01681	0.02150	0.05710	0.42027	0.24228	0.10709	0.01455	0.00385	0.00514	0.02075	0.00757	0.00679
70	0.02824	0.08528	0.15247	0.02190	0.02813	0.49501	0.01933	0.03201	0.02243	0.02200	0.01349	0.01576	0.01092	0.00853	0.00761	0.00227	0.01438	0.00558	0.00418	0.01048
71	0.01276	0.01000	0.01483	0.01448	0.01586	0.01208	0.01138	0.01569	0.01362	0.01982	0.02171	0.03205	0.02033	0.05926	0.60761	0.01275	0.08456	0.00896	0.00448	0.00776
72	0.01070	0.00767	0.01018	0.01162	0.01242	0.00714	0.00793	0.01269	0.01786	0.02421	0.16662	0.56855	0.06110	0.02480	0.01070	0.00330	0.00475	0.02243	0.00819	0.00714
73	0.02074	0.01978	0.03314	0.09196	0.57609	0.02018	0.02529	0.02683	0.05133	0.02781	0.01692	0.02173	0.01399	0.00785	0.00844	0.00257	0.01001	0.00769	0.00442	0.01321
74	0.05198	0.02180	0.08906	0.02988	0.17165	0.02002	0.15285	0.09961	0.12066	0.05690	0.02301	0.02994	0.01871	0.01012	0.00899	0.00282	0.01018	0.06337	0.00604	0.01240
75	0.01912	0.06317	0.07258	0.12814	0.42430	0.01954	0.02342	0.02414	0.01884	0.02595	0.02267	0.02676	0.07660	0.00913	0.00839	0.00257	0.00979	0.00835	0.00445	0.01208
76	0.02850	0.03487	0.02828	0.02799	0.12499	0.48001	0.07472	0.03160	0.02257	0.02251	0.01391	0.01708	0.01155	0.00867	0.00880	0.00237	0.04039	0.00632	0.00432	0.01056
77	0.01791	0.01454	0.01681	0.01511	0.01979	0.01444	0.01234	0.06438	0.20132	0.03068	0.03510	0.05024	0.06968	0.01438	0.00906	0.00274	0.00696	0.18673	0.00737	0.21041
78	0.02029	0.01921	0.03170	0.08650	0.52616	0.01894	0.02380	0.02521	0.01900	0.02741	0.01583	0.02070	0.01323	0.00747	0.00814	0.00238	0.00967	0.00724	0.00430	0.11282
79	0.02002	0.02145	0.03273	0.02761	0.06821	0.08389	0.19504	0.02376	0.01661	0.02293	0.01422	0.02072	0.01248	0.01481	0.06179	0.00391	0.33748	0.00815	0.00404	0.01015
80	0.01021	0.00802	0.00924	0.01022	0.01192	0.00705	0.00718	0.01203	0.01786	0.02236	0.06671	0.38619	0.35267	0.02409	0.01046	0.00316	0.00462	0.02105	0.00790	0.00705
81	0.01223	0.00827	0.00924	0.00924	0.00942	0.00818	0.00524	0.01237	0.01282	0.01691	0.03056	0.05734	0.06961	0.65809	0.04122	0.00791	0.00800	0.01273	0.00533	0.00528
82	0.01074	0.00842	0.00973	0.00989	0.01204	0.00740	0.00723	0.01336	0.02030	0.02627	0.25502	0.19127	0.35559	0.02120	0.01020	0.00292	0.00433	0.01832	0.00837	0.00740
83	0.01227	0.00821	0.00931	0.00942	0.00944	0.00818	0.00530	0.01235	0.01258	0.01677	0.02787	0.08919	0.03227	0.66561	0.04162	0.00800	0.00808	0.01299	0.00530	0.00525
84	0.76103	0.01646	0.01251	0.01119	0.01646	0.01909	0.00922	0.02502	0.01448	0.03818	0.01185	0.01382	0.00922	0.00790	0.00527	0.00263	0.00658	0.00461	0.00527	0.00922
85	0.02869	0.02700	0.02378	0.06501	0.02766	0.21386	0.01619	0.28334	0.15996	0.03792	0.02095	0.02150	0.01567	0.00996	0.00830	0.00254	0.01071	0.00743	0.00700	0.01256
86	0.03235	0.02384	0.02554	0.01958	0.02639	0.02639	0.01618	0.61946	0.04001	0.05363	0.02043	0.02043	0.01447	0.01022	0.00851	0.00255	0.00936	0.00766	0.00851	0.01447
87	0.01371	0.00980	0.01371	0.01567	0.01763	0.00980	0.01371	0.01763	0.01959	0.02547	0.04506	0.09599	0.04898	0.02351	0.01175	0.00392	0.00784	0.59056	0.00784	0.00784
88	0.76103	0.01646	0.01251	0.01119	0.01646	0.01909	0.00922	0.02502	0.01448	0.03818	0.01185	0.01382	0.00922	0.00790	0.00527	0.00263	0.00658	0.00461	0.00527	0.00922
89	0.36014	0.01353	0.01313	0.01131	0.01600	0.01421	0.00916	0.02789	0.01804	0.19872	0.02207	0.02287	0.01590	0.00916	0.00633	0.00245	0.00602	0.00659	0.21625	0.01024
90	0.03818	0.01448	0.01975	0.01514	0.02172	0.01251	0.01251	0.04147	0.02436	0.65373	0.03357	0.02897	0.02107	0.01053	0.00856	0.00263	0.00724	0.00856	0.01053	0.01448
91	0.01195	0.00870	0.01124	0.01060	0.01265	0.00799	0.00795	0.01587	0.02386	0.03358	0.61623	0.06446	0.10775	0.01760	0.01004	0.00269	0.00403	0.01552	0.00930	0.00799
92	0.03818	0.01448	0.01975	0.01514	0.02172	0.01251	0.01251	0.04147	0.02436	0.65373	0.03357	0.02897	0.02107	0.01053	0.00856	0.00263	0.00724	0.00856	0.01053	0.01448
93	0.01015	0.00826	0.00899	0.00957	0.01175	0.00710	0.00689	0.01211	0.01848	0.02262	0.07460	0.26306	0.47072	0.02306	0.01030	0.00305	0.00450	0.01980	0.00790	0.00710
94	0.01821	0.17690	0.53394	0.02231	0.03382	0.02256	0.02805	0.02666	0.01783	0.02556	0.01458	0.01710	0.01081	0.00792	0.00756	0.00252	0.01188	0.00594	0.00360	0.01224
95	0.02101	0.01673	0.01827	0.01670	0.02114	0.01889	0.01304	0.04087	0.51136	0.07295	0.03610	0.08123	0.02927	0.01331	0.00901	0.00298	0.00672	0.04905	0.00867	0.01271
96	0.03576	0.01426	0.01917	0.01494	0.02114	0.01257	0.01225	0.03995	0.04918	0.58749	0.07395	0.03137	0.02518	0.01103	0.00866	0.00265	0.00701	0.00905	0.01038	0.01401
97	0.01985	0.01567	0.01958	0.02032	0.09365	0.01701	0.01402	0.19693	0.08103	0.03325	0.03175	0.28033	0.03262	0.01718	0.01088	0.00307	0.05371	0.04097	0.00743	0.01074
98	0.02239	0.02358	0.03059	0.16608	0.40259	0.15771	0.02358	0.02696	0.01993	0.02516	0.01523	0.02016	0.01253	0.00801	0.00828	0.00252	0.01146	0.00713	0.00417	0.01194
99	0.02442	0.02866	0.03010	0.02488	0.02844	0.29294	0.13780	0.02748	0.01908	0.02199	0.01321	0.01812	0.01143	0.01078	0.01587	0.00291	0.27062	0.00715	0.00412	0.00998
100	0.01897	0.01956	0.03438	0.02625	0.03161	0.04591	0.31091	0.05202	0.01941	0.02656	0.05207	0.08708	0.02074	0.01468	0.05610	0.00365	0.11985	0.01063	0.00507	0.04456
101	0.02271	0.32094	0.13368	0.02664	0.16893	0.12094	0.04537	0.02718	0.01899	0.02329	0.01374	0.01665	0.01157	0.00769	0.00706	0.00222	0.01100	0.00588	0.00390	0.01163
102	0.02368	0.34621	0.03360	0.01777	0.02269	0.13787	0.01558	0.08140	0.01952	0.02341	0.01347	0.01687	0.01200	0.01306	0.05441	0.00311	0.14463	0.00588	0.00431	0.01054
103	0.01048	0.00859	0.00924	0.00918	0.01178	0.00735	0.00685	0.01300	0.02025	0.02525	0.20036	0.10290	0.50341	0.02090	0.01009	0.00286	0.00427	0.01768	0.00821	0.00735
104	0.02371	0.01811	0.02123	0.01789	0.02214	0.02094	0.01446	0.24480	0.16475	0.06651	0.02360	0.02611	0.01850	0.02322	0.15933	0.00529	0.10183	0.00845	0.00712	0.01201
105	0.76103	0.01646	0.01251	0.01119	0.01646	0.01909	0.00922	0.02502	0.01448	0.03818	0.01185	0.01382	0.00922	0.00790	0.00527	0.00263	0.00658	0.00461	0.00527	0.00922
106	0.01072	0.00775	0.01014	0.01144	0.01238	0.00717	0.00786	0.01279	0.01815	0.02449	0.17911	0.52749	0.09015	0.02439	0.01064	0.00326	0.00471	0.02197	0.00822	0.00717
107	0.01006	0.00862	0.00862	0.00862	0.01149	0.00718	0.00647	0.01221	0.01940	0.02299	0.08621	0.08190	0.64438	0.02155	0.01006	0.00287	0.00431	0.01796	0.00790	0.00718
108	0.01148	0.00836	0.01081	0.01086	0.01254	0.00769	0.00789	0.01472	0.02178	0.03021	0.45341	0.22687	0.11152	0.02005	0.01025	0.00289	0.00427	0.01782	0.00889	0.00769
109	0.01920	0.02918	0.22935	0.03244	0.04222	0.02100	0.44404	0.02717	0.01946	0.02717	0.01664	0.02148	0.01228	0.00744	0.00946	0.00282	0.01382	0.00893	0.00409	0.01180
110	0.03179	0.04056	0.02412	0.02192	0.02631	0.66676	0.01644	0.03398	0.02412	0.02083	0.01315	0.01535	0.01096	0.00877	0.00767	0.00219	0.01535	0.00548	0.00438	0.00987
111	0.02450	0.01691	0.01945	0.01526	0.02177	0.01612	0.01224	0.10300	0.19409	0.15866	0.02493	0.02420	0.01828	0.00909	0.00768	0.00215	0.00698	0.00734	0.00757	0.30979
112	0.01238	0.00825	0.00928	0.00928	0.00928	0.00825	0.00516	0.01238	0.01238	0.01650	0.02681	0.05569	0.03094	0.70092	0.04331	0.00825	0.00825	0.01238	0.00516	0.00516
113	0.01261	0.00964	0.01182	0.01290	0.01432	0.00982	0.00902	0.01872	0.14030	0.02503	0.06948	0.53564	0.05121	0.02324	0.01039	0.00331	0.00526	0.02090	0.00811	0.00828
114	0.03184	0.02358	0.02525	0.01948	0.02620	0.02615	0.01605	0.59321	0.06710	0.05281	0.02108	0.02095	0.01500	0.01028	0.00852	0.00257	0.00924	0.00775	0.00852	0.01443
115	0.01191	0.00870	0.01150	0.01310	0.01464	0.00830	0.01034	0.01468	0.01851	0.02409	0.07542	0.31720	0.13225	0.02418	0.01112	0.00356	0.00613	0.27903	0.00793	0.00741
116	0.02083	0.01999	0.03413	0.08096	0.62090	0.02016	0.02600	0.02592	0.01927	0.02753	0.01597	0.02114	0.01338	0.00762	0.00843	0.00254	0.01017	0.00758	0.00419	0.01330
117	0.02086	0.11536	0.17047	0.04001	0.40817	0.04861	0.02537	0.02654	0.01900	0.02632	0.01519	0.01919	0.01246	0.00770	0.00793	0.00246	0.01073	0.00682	0.00401	0.01280
118	0.01230	0.00890	0.01202	0.01383	0.01537	0.00862	0.01119	0.01526	0.01847	0.02401	0.04896	0.29590	0.09891	0.02441	0.01132	0.00368	0.00658	0.35494	0.00786	0.00747
119	0.03529	0.01912	0.02262	0.01734	0.02404	0.01939	0.01433	0.32817	0.03212	0.35607	0.02705	0.02473	0.01780	0.01038	0.00854	0.00259	0.00829	0.00811	0.00953	0.01448
120	0.01988	0.02634	0.18620	0.13461	0.38178	0.05139	0.02660	0.02607	0.01892	0.02638	0.01556	0.02026	0.01238	0.00790	0.00832	0.00260	0.01115	0.00716	0.00401	0.01250
121	0.01484	0.01747	0.11297	0.02119	0.05402	0.01487	0.11570	0.01920	0.01613	0.02291	0.02451	0.16851	0.02452	0.03120	0.23194	0.00666	0.07727	0.01185	0.00500	0.00926
122	0.03010	0.02337	0.02455	0.02381	0.12187	0.13286	0.01660	0.21814	0.11720	0.16912	0.02335	0.02312	0.01679	0.00982	0.00838	0.00255	0.00968	0.00775	0.00758	0.01337
123	0.01818	0.01793	0.02766	0.05921	0.15236	0.04537	0.08935	0.02178	0.01593	0.02268	0.01585	0.02315	0.01420	0.02336	0.16918	0.00560	0.25596	0.00810	0.00412	0.01004
124	0.01905	0.01508	0.01779	0.01278	0.02027	0.01142	0.01025	0.02280	0.01811	0.07056	0.01639	0.01842	0.01318	0.00659	0.00646	0.00135	0.00637	0.00528	0.00542	0.70242
125	0.01216	0.00828	0.00922	0.00922	0.00949	0.00815	0.00528	0.01236	0.01303	0.01711	0.03235	0.05813	0.08812	0.63759	0.04021	0.00775	0.00788	0.01290	0.00541	0.00535
126	0.01037	0.00741	0.00987	0.01185	0.01234	0.00691	0.00790	0.01185	0.01629	0.02172	0.04690	0.69537	0.05629	0.02666	0.01086	0.00346	0.00494	0.02419	0.00790	0.00691
127	0.02142	0.02354	0.01759	0.01644	0.01873	0.30886	0.01193	0.02309	0.01800	0.01928	0.01916	0.03141	0.01913	0.23189	0.14983	0.00638	0.04236	0.00839	0.00463	0.00795
128	0.01235	0.00834	0.00975	0.00975	0.00991	0.00851	0.00574	0.01268	0.01251	0.01685	0.02638	0.05331	0.02991	0.63286	0.10996	0.00883	0.00980	0.01203	0.00509	0.00542
129	0.01239	0.00826	0.00913	0.00913	0.00953	0.00813	0.00533	0.01285	0.01340	0.01812	0.03249	0.05658	0.08832	0.59092	0.03770	0.00733	0.00759	0.01261	0.05465	0.00553
130	0.01032	0.00758	0.00969	0.01138	0.01222	0.00695	0.00769	0.01190	0.01675	0.02191	0.05268	0.60526	0.14267	0.02591	0.01074	0.00337	0.00485	0.02328	0.00790	0.00695
131	0.01111	0.00813	0.00941	0.00996	0.01103	0.00754	0.00652	0.01240	0.01623	0.02097	0.08814	0.25558	0.21128	0.26746	0.02227	0.00497	0.00590	0.01766	0.00701	0.00643
132	0.02928	0.16279	0.02800	0.01826	0.02442	0.14221	0.01525	0.35682	0.03119	0.03959	0.01785	0.01887	0.01359	0.00935	0.00759	0.00231	0.01005	0.00666	0.05342	0.01252
133	0.01221	0.00890	0.01258	0.01258	0.01372	0.01004	0.00927	0.01449	0.01335	0.01894	0.02380	0.03899	0.02369	0.22283	0.51149	0.01232	0.01916	0.00993	0.00471	0.00699
134	0.02349	0.56050	0.09355	0.01637	0.02371	0.11776	0.01624	0.02675	0.01827	0.02072	0.01230	0.01424	0.01091	0.00755	0.00598	0.00194	0.01024	0.00482	0.00374	0.01092
135	0.01175	0.00874	0.01098	0.01222	0.01368	0.00836	0.00910	0.01486	0.04282	0.02358	0.07570	0.35134	0.15565	0.06653	0.01286	0.00371	0.00577	0.15716	0.00780	0.00738
136	0.01047	0.00803	0.00965	0.01087	0.01237	0.00721	0.00774	0.01237	0.01770	0.02245	0.06178	0.42165	0.28019	0.02450	0.01061	0.00326	0.00489	0.05928	0.00790	0.00708
137	0.01024	0.00863	0.00888	0.00882	0.01161	0.00726	0.00661	0.01257	0.01983	0.02403	0.13814	0.08019	0.59180	0.02117	0.01006	0.00286	0.00428	0.01772	0.00804	0.00726
138	0.01607	0.01513	0.02552	0.68047	0.05861	0.01891	0.02363	0.02174	0.01702	0.02174	0.01513	0.02269	0.01134	0.00851	0.00851	0.00284	0.01134	0.00756	0.00378	0.00945
139	0.02535	0.02036	0.02160	0.01816	0.02372	0.02312	0.01448	0.26007	0.41080	0.04235	0.02932	0.02752	0.02167	0.01105	0.00860	0.00276	0.00772	0.00889	0.00860	0.01385
140	0.02102	0.02033	0.03520	0.05155	0.62251	0.02027	0.05092	0.02617	0.01941	0.02778	0.01606	0.02114	0.01346	0.00757	0.00849	0.00254	0.01029	0.00769	0.00422	0.01340
141	0.01371	0.00980	0.01371	0.01567	0.01763	0.00980	0.01371	0.01763	0.01959	0.02547	0.04506	0.09599	0.04898	0.02351	0.01175	0.00392	0.00784	0.59056	0.00784	0.00784
142	0.02381	0.50031	0.07008	0.01976	0.08166	0.13599	0.01677	0.02701	0.01864	0.02122	0.01261	0.01483	0.01116	0.00759	0.00623	0.00199	0.01039	0.00507	0.00381	0.01107
143	0.03179	0.04056	0.02412	0.02192	0.02631	0.66676	0.01644	0.03398	0.02412	0.02083	0.01315	0.01535	0.01096	0.00877	0.00767	0.00219	0.01535	0.00548	0.00438	0.00987
144	0.01858	0.03788	0.49794	0.02366	0.05806	0.05012	0.02731	0.02762	0.04252	0.05312	0.02070	0.02463	0.03817	0.00949	0.00835	0.00273	0.01165	0.03080	0.00449	0.01219
145	0.02234	0.03326	0.34355	0.02633	0.10181	0.02192	0.05628	0.20231	0.04966	0.03528	0.01776	0.01986	0.01290	0.00875	0.00838	0.00265	0.01121	0.00717	0.00536	0.01322
146	0.02106	0.02022	0.03454	0.05223	0.64784	0.02022	0.02612	0.02612	0.01938	0.02780	0.01601	0.02106	0.01348	0.00758	0.00842	0.00253	0.01011	0.00758	0.00421	0.01348
147	0.01006	0.00862	0.00862	0.00862	0.01149	0.00718	0.00647	0.01221	0.01940	0.02299	0.08621	0.08190	0.64438	0.02155	0.01006	0.00287	0.00431	0.01796	0.00790	0.00718
148	0.02106	0.02022	0.03454	0.05223	0.64784	0.02022	0.02612	0.02612	0.01938	0.02780	0.01601	0.02106	0.01348	0.00758	0.00842	0.00253	0.01011	0.00758	0.00421	0.01348
149	0.02178	0.02990	0.18925	0.09213	0.31861	0.14977	0.02531	0.02754	0.01977	0.02567	0.01517	0.01927	0.01211	0.00803	0.00820	0.00253	0.01189	0.00683	0.00405	0.01219
150	0.01489	0.01538	0.01224	0.01180	0.01480	0.14777	0.00880	0.01719	0.02070	0.02351	0.12078	0.09406	0.42997	0.01868	0.00958	0.00274	0.00666	0.01535	0.00729	0.00782
151	0.02056	0.02113	0.02423	0.20296	0.03295	0.12666	0.01862	0.02798	0.14026	0.02392	0.01729	0.02185	0.01416	0.01147	0.01542	0.00306	0.25476	0.00760	0.00484	0.01027
152	0.01262	0.00963	0.01129	0.01052	0.01314	0.00889	0.00799	0.05273	0.02342	0.03139	0.40556	0.06738	0.27714	0.01843	0.00995	0.00274	0.00446	0.01582	0.00879	0.00813
153	0.01765	0.01513	0.01765	0.01260	0.02017	0.01134	0.01008	0.02143	0.01765	0.02773	0.01513	0.01765	0.01260	0.00630	0.00630	0.00126	0.00630	0.00504	0.00504	0.75295
154	0.01776	0.01237	0.01459	0.01400	0.01719	0.01278	0.01073	0.02760	0.22538	0.10313	0.11122	0.20937	0.09970	0.01787	0.00977	0.00307	0.00592	0.06868	0.00862	0.01025
155	0.01037	0.00741	0.00987	0.01185	0.01234	0.00691	0.00790	0.01185	0.01629	0.02172	0.04690	0.69537	0.05629	0.02666	0.01086	0.00346	0.00494	0.02419	0.00790	0.00691
156	0.01172	0.00837	0.00918	0.00915	0.01003	0.00795	0.00563	0.01247	0.01477	0.01898	0.06724	0.06323	0.20222	0.48673	0.03284	0.00655	0.00700	0.01403	0.00608	0.00583
157	0.02899	0.03468	0.02283	0.02071	0.02521	0.49647	0.01566	0.03695	0.18458	0.02472	0.01882	0.01967	0.01492	0.00950	0.00793	0.00238	0.01308	0.00657	0.00551	0.01082
158	0.01230	0.01000	0.01109	0.01106	0.01364	0.00960	0.00818	0.01827	0.12184	0.02664	0.15976	0.19371	0.33196	0.02024	0.00998	0.00296	0.00479	0.01740	0.00827	0.00832
159	0.03235	0.02384	0.02554	0.01958	0.02639	0.02639	0.01618	0.61946	0.04001	0.05363	0.02043	0.02043	0.01447	0.01022	0.00851	0.00255	0.00936	0.00766	0.00851	0.01447
160	0.08274	0.03481	0.47303	0.02086	0.03079	0.01752	0.02513	0.02566	0.01784	0.06674	0.02039	0.10953	0.01742	0.01073	0.00824	0.00279	0.01069	0.00870	0.00476	0.01164
161	0.01772	0.01581	0.02624	0.08787	0.32720	0.01606	0.04512	0.02247	0.01930	0.02637	0.02744	0.05081	0.02728	0.01392	0.00981	0.00311	0.00949	0.23753	0.00561	0.01085
162	0.02275	0.70604	0.04459	0.01456	0.02184	0.03367	0.01456	0.02548	0.01729	0.02002	0.01183	0.01365	0.01092	0.00728	0.00546	0.00182	0.00910	0.00455	0.00364	0.01092
163	0.01835	0.03641	0.45785	0.03320	0.23220	0.01991	0.02974	0.02668	0.01842	0.02722	0.01551	0.01896	0.01164	0.00792	0.00819	0.00264	0.01179	0.00670	0.00379	0.01287
164	0.01407	0.01168	0.01610	0.01988	0.14130	0.01130	0.01257	0.01885	0.05886	0.02757	0.18331	0.11680	0.19988	0.01796	0.01000	0.00299	0.00622	0.11402	0.00753	0.00912
165	0.01139	0.00867	0.01047	0.01002	0.01231	0.00775	0.00752	0.01480	0.02255	0.03047	0.46049	0.06958	0.26543	0.01876	0.01004	0.00274	0.00411	0.01623	0.00889	0.00775
166	0.01857	0.01567	0.01814	0.01304	0.02056	0.01229	0.01047	0.05913	0.01906	0.02936	0.01546	0.01782	0.01272	0.00655	0.00644	0.00134	0.00650	0.00521	0.00526	0.70639
167	0.01835	0.01576	0.01797	0.01355	0.02056	0.01332	0.01076	0.02620	0.14105	0.02931	0.01904	0.02048	0.01529	0.00735	0.00678	0.00159	0.00639	0.00596	0.00577	0.60452
168	0.02129	0.08951	0.27364	0.06116	0.02965	0.02129	0.02092	0.18994	0.04863	0.03237	0.01875	0.02422	0.01520	0.10209	0.01277	0.00334	0.01047	0.00755	0.00540	0.01180
169	0.01862	0.01862	0.02607	0.02234	0.02234	0.02607	0.01862	0.02048	0.01303	0.02048	0.01117	0.01862	0.01117	0.01489	0.02793	0.00372	0.68535	0.00745	0.00372	0.00931
170	0.25257	0.02011	0.01989	0.01641	0.02222	0.02278	0.01333	0.28594	0.18846	0.04414	0.02155	0.02139	0.01590	0.00986	0.00756	0.00267	0.00782	0.00724	0.00756	0.01260
171	0.01998	0.02137	0.07309	0.22341	0.29129	0.06230	0.06115	0.04895	0.01981	0.02640	0.01769	0.02599	0.01487	0.00909	0.00870	0.00272	0.01107	0.04607	0.00448	0.01157
172	0.01652	0.01451	0.01856	0.06477	0.13773	0.01536	0.01398	0.02718	0.23767	0.02814	0.04465	0.13131	0.18435	0.01519	0.00926	0.00289	0.00681	0.01319	0.00721	0.01072
173	0.01037	0.00741	0.00987	0.01185	0.01234	0.00691	0.00790	0.01185	0.01629	0.02172	0.04690	0.69537	0.05629	0.02666	0.01086	0.00346	0.00494	0.02419	0.00790	0.00691
174	0.01299	0.00976	0.01289	0.01247	0.01307	0.01119	0.00882	0.01439	0.01296	0.01822	0.02348	0.04281	0.02493	0.37434	0.28588	0.00987	0.09005	0.01055	0.00476	0.00658
175	0.01795	0.03816	0.49249	0.02850	0.08017	0.02015	0.14860	0.02696	0.01849	0.02707	0.01571	0.01918	0.01139	0.00787	0.00850	0.00272	0.01276	0.00713	0.00378	0.01242
176	0.01111	0.00824	0.01032	0.01177	0.01274	0.00790	0.00799	0.01401	0.05525	0.02248	0.04893	0.56630	0.10880	0.05605	0.01213	0.00358	0.00514	0.02214	0.00782	0.00727
177	0.02029	0.01220	0.01266	0.01106	0.01434	0.01289	0.00870	0.18086	0.02380	0.03761	0.02579	0.02869	0.01984	0.01000	0.00664	0.00214	0.00542	0.00786	0.54953	0.00969
178	0.02201	0.01521	0.01818	0.01344	0.02061	0.01225	0.01080	0.02708	0.06106	0.15392	0.02016	0.02088	0.01522	0.00751	0.00692	0.00165	0.00652	0.00606	0.00639	0.55413
179	0.03235	0.02384	0.02554	0.01958	0.02639	0.02639	0.01618	0.61946	0.04001	0.05363	0.02043	0.02043	0.01447	0.01022	0.00851	0.00255	0.00936	0.00766	0.00851	0.01447
180	0.02152	0.01922	0.03241	0.03943	0.37934	0.01909	0.12081	0.02893	0.09516	0.07714	0.02452	0.02734	0.05732	0.00916	0.00884	0.00266	0.00979	0.00901	0.00551	0.01281

[dist]
# distance from previous block
# <min> <max>
0	1

[block]
# block no. 3 follows, 21 sequences, length 40
# corresponding to MSA columns:
# 249-288
name=unknown_D
#
# <colnr> <probs for GDERKNQSTAVLIFYWHMCP>
#	G	D	E	R	K	N	Q	S	T	A	V	L	I	F	Y	W	H	M	C	P
0	0.02106	0.02022	0.03454	0.05223	0.64784	0.02022	0.02612	0.02612	0.01938	0.02780	0.01601	0.02106	0.01348	0.00758	0.00842	0.00253	0.01011	0.00758	0.00421	0.01348
1	0.01524	0.01206	0.01786	0.01494	0.01722	0.01207	0.10716	0.06551	0.01714	0.02326	0.08379	0.04660	0.03069	0.41932	0.07570	0.00674	0.00996	0.01166	0.00566	0.00741
2	0.01250	0.01046	0.01509	0.12476	0.09558	0.01051	0.01232	0.01524	0.01747	0.02273	0.04677	0.36909	0.17451	0.02029	0.01001	0.00311	0.00646	0.01812	0.00679	0.00817
3	0.01219	0.00899	0.01300	0.01300	0.01429	0.01027	0.00980	0.01476	0.01348	0.01926	0.02341	0.03684	0.02275	0.16129	0.57175	0.01285	0.02057	0.00962	0.00465	0.00722
4	0.01517	0.01169	0.01331	0.01309	0.01539	0.01220	0.00943	0.07803	0.15555	0.02777	0.06411	0.31260	0.10523	0.10869	0.01426	0.00378	0.00610	0.01686	0.00782	0.00894
5	0.03394	0.02129	0.02396	0.01837	0.02512	0.02261	0.01518	0.46215	0.03575	0.21696	0.02401	0.02275	0.01627	0.01030	0.00853	0.00258	0.00879	0.00791	0.00906	0.01448
6	0.01950	0.01831	0.03033	0.07651	0.50555	0.01814	0.02292	0.02414	0.01882	0.02691	0.01887	0.08579	0.01742	0.00936	0.00849	0.00253	0.00936	0.00897	0.00461	0.07346
7	0.14434	0.27926	0.03234	0.02561	0.20023	0.11399	0.01691	0.02629	0.01819	0.02521	0.01376	0.01756	0.01211	0.03291	0.00796	0.00244	0.00981	0.00584	0.00423	0.01102
8	0.76103	0.01646	0.01251	0.01119	0.01646	0.01909	0.00922	0.02502	0.01448	0.03818	0.01185	0.01382	0.00922	0.00790	0.00527	0.00263	0.00658	0.00461	0.00527	0.00922
9	0.02026	0.02400	0.16088	0.01886	0.02540	0.02086	0.01746	0.04116	0.49595	0.03368	0.03034	0.02869	0.02260	0.01078	0.00853	0.00284	0.00803	0.00888	0.00753	0.01327
10	0.01862	0.01862	0.02607	0.02234	0.02234	0.02607	0.01862	0.02048	0.01303	0.02048	0.01117	0.01862	0.01117	0.01489	0.02793	0.00372	0.68535	0.00745	0.00372	0.00931
11	0.02940	0.03047	0.02166	0.01869	0.02382	0.41845	0.01431	0.03213	0.02309	0.12371	0.05145	0.02055	0.01666	0.00912	0.00772	0.00214	0.01194	0.00645	0.00575	0.13249
12	0.02984	0.18426	0.02854	0.02033	0.02534	0.53006	0.01604	0.03215	0.02264	0.02065	0.01287	0.01498	0.01095	0.00845	0.00720	0.00211	0.01400	0.00528	0.00422	0.01009
13	0.01006	0.00862	0.00862	0.00862	0.01149	0.00718	0.00647	0.01221	0.01940	0.02299	0.08621	0.08190	0.64438	0.02155	0.01006	0.00287	0.00431	0.01796	0.00790	0.00718
14	0.01234	0.00984	0.01106	0.01149	0.01355	0.00966	0.00818	0.01798	0.12709	0.02424	0.05702	0.31111	0.25626	0.07433	0.01270	0.00352	0.00529	0.01848	0.00782	0.00804
15	0.01683	0.01531	0.02413	0.03416	0.37756	0.01487	0.01811	0.02106	0.02043	0.02823	0.16962	0.04286	0.15640	0.01260	0.00911	0.00263	0.00758	0.01142	0.00611	0.01099
