[name]
unknown

[dist]
# distance from previous block
# <min> <max>
0	0

[block]
# block no. 0 follows, 21 sequences, length 14
# corresponding to MSA columns:
# 0-13
name=unknown_A
#
# <colnr> <probs for GDERKNQSTAVLIFYWHMCP>
#	G	D	E	R	K	N	Q	S	T	A	V	L	I	F	Y	W	H	M	C	P
0	0.01371	0.00980	0.01371	0.01567	0.01763	0.00980	0.01371	0.01763	0.01959	0.02547	0.04506	0.09599	0.04898	0.02351	0.01175	0.00392	0.00784	0.59056	0.00784	0.00784
1	0.01478	0.00739	0.01109	0.01109	0.01109	0.00739	0.00739	0.01109	0.01109	0.01478	0.01478	0.02587	0.01478	0.02956	0.03326	0.75240	0.00739	0.00739	0.00370	0.00370
2	0.03011	0.07146	0.02545	0.07425	0.02868	0.51186	0.01689	0.09630	0.02492	0.02443	0.01404	0.01640	0.01137	0.00883	0.00772	0.00226	0.01405	0.00584	0.00475	0.01039
3	0.01974	0.02114	0.04216	0.03344	0.11254	0.01944	0.43089	0.02602	0.01954	0.02741	0.01668	0.02172	0.01292	0.00706	0.00914	0.00252	0.01231	0.00880	0.00443	0.15209
4	0.01037	0.00741	0.00987	0.01185	0.01234	0.00691	0.00790	0.01185	0.01629	0.02172	0.04690	0.69537	0.05629	0.02666	0.01086	0.00346	0.00494	0.02419	0.00790	0.00691
5	0.02366	0.02799	0.03657	0.10944	0.03853	0.25015	0.29748	0.02858	0.02074	0.02392	0.01518	0.01998	0.01193	0.00834	0.01002	0.00267	0.05206	0.00798	0.00424	0.01054
6	0.02208	0.62802	0.11675	0.01570	0.02361	0.03203	0.01655	0.02566	0.01737	0.02084	0.01224	0.01416	0.01090	0.00738	0.00577	0.00192	0.00951	0.00476	0.00363	0.01112
7	0.20965	0.01723	0.05461	0.01633	0.02158	0.01658	0.06086	0.09224	0.09031	0.13878	0.02734	0.16893	0.02437	0.01306	0.00833	0.00286	0.00762	0.01099	0.00730	0.01103
8	0.01884	0.24985	0.46648	0.02124	0.03217	0.02409	0.02619	0.02649	0.01776	0.02480	0.01420	0.01663	0.01082	0.00784	0.00727	0.00242	0.01150	0.00575	0.00361	0.01206
9	0.06874	0.03584	0.02236	0.02045	0.02457	0.56060	0.01542	0.03146	0.02246	0.02164	0.01413	0.01723	0.01199	0.01472	0.07935	0.00347	0.01569	0.00583	0.00445	0.00958
10	0.02502	0.02189	0.10611	0.01756	0.02434	0.01947	0.01574	0.20922	0.19236	0.11885	0.02989	0.02876	0.06610	0.01086	0.00843	0.00258	0.00815	0.00869	0.00780	0.07817
11	0.01971	0.33758	0.15691	0.02161	0.05392	0.02523	0.12408	0.02472	0.01751	0.02290	0.01508	0.01908	0.01275	0.01504	0.09601	0.00380	0.01257	0.00659	0.00390	0.01099
12	0.01653	0.04646	0.06674	0.01499	0.01973	0.01431	0.01322	0.04584	0.08677	0.02890	0.12487	0.04845	0.08288	0.01436	0.01002	0.00269	0.04511	0.13631	0.00682	0.17499
13	0.02775	0.10499	0.16182	0.01742	0.02489	0.01841	0.01707	0.09728	0.06078	0.28237	0.05113	0.02564	0.01972	0.01231	0.03758	0.00305	0.00939	0.00786	0.00754	0.01299

[dist]
# distance from previous block
# <min> <max>
2	7

[block]
# block no. 1 follows, 21 sequences, length 35
# corresponding to MSA columns:
# 21-55
name=unknown_B
#
# <colnr> <probs for GDERKNQSTAVLIFYWHMCP>
#	G	D	E	R	K	N	Q	S	T	A	V	L	I	F	Y	W	H	M	C	P
0	0.05686	0.02906	0.05906	0.08477	0.17100	0.26966	0.06214	0.08343	0.05376	0.02769	0.01605	0.01916	0.01270	0.00857	0.00813	0.00248	0.01227	0.00687	0.00488	0.01147
1	0.48295	0.01423	0.01275	0.01150	0.01614	0.01547	0.00939	0.02441	0.01708	0.10509	0.05726	0.03113	0.08199	0.01117	0.00682	0.00271	0.00626	0.04494	0.03930	0.00940
2	0.01470	0.01102	0.01207	0.01141	0.01325	0.01140	0.00777	0.05715	0.12260	0.02433	0.07015	0.08202	0.12762	0.36740	0.02680	0.00563	0.00708	0.01314	0.00674	0.00773
3	0.02187	0.01386	0.01593	0.01322	0.01693	0.01381	0.00989	0.17696	0.02335	0.12907	0.08468	0.04185	0.06527	0.25945	0.02110	0.00455	0.00762	0.01063	0.00742	0.06254
4	0.02491	0.02309	0.03255	0.04849	0.12071	0.06902	0.16797	0.22403	0.06554	0.03525	0.01822	0.02139	0.01398	0.00952	0.01096	0.00276	0.08505	0.00819	0.00589	0.01247
5	0.26449	0.02056	0.02175	0.21068	0.03303	0.09842	0.03976	0.12593	0.05407	0.03331	0.01584	0.01903	0.01198	0.00874	0.00742	0.00265	0.00981	0.00657	0.00541	0.01056
6	0.01253	0.00983	0.01288	0.01300	0.01352	0.01102	0.00924	0.01389	0.01452	0.01992	0.03446	0.29604	0.06738	0.21260	0.09938	0.00598	0.12484	0.01601	0.00604	0.00694
7	0.14647	0.01775	0.02730	0.20737	0.35853	0.01913	0.02173	0.02420	0.01792	0.02780	0.01804	0.02282	0.03890	0.00847	0.00797	0.00264	0.00958	0.00751	0.00444	0.01143
8	0.02071	0.01986	0.03390	0.09684	0.60600	0.02013	0.02594	0.02581	0.01921	0.02737	0.01594	0.02118	0.01333	0.00765	0.00843	0.00255	0.01020	0.00758	0.00418	0.01319
9	0.01216	0.00912	0.01368	0.01368	0.01520	0.01064	0.01064	0.01520	0.01368	0.01976	0.02279	0.03343	0.02127	0.06382	0.66720	0.01368	0.02279	0.00912	0.00456	0.00760
10	0.01962	0.01875	0.03194	0.23370	0.47764	0.01984	0.02540	0.02485	0.01870	0.02605	0.01575	0.02153	0.01286	0.00785	0.00845	0.00262	0.01047	0.00758	0.00409	0.01232
11	0.02823	0.02249	0.02377	0.02055	0.05807	0.05958	0.01569	0.40939	0.14666	0.04503	0.02412	0.06535	0.01903	0.01129	0.00864	0.00265	0.00897	0.00895	0.00804	0.01349
12	0.01238	0.00825	0.00928	0.00928	0.00928	0.00825	0.00516	0.01238	0.01238	0.01650	0.02681	0.05569	0.03094	0.70092	0.04331	0.00825	0.00825	0.01238	0.00516	0.00516
13	0.01064	0.00853	0.00879	0.00879	0.01094	0.00745	0.00614	0.01225	0.01764	0.02137	0.07138	0.07535	0.49119	0.19121	0.01836	0.00422	0.00529	0.01657	0.00722	0.00668
14	0.01236	0.00900	0.01310	0.01310	0.01455	0.01035	0.01005	0.01525	0.01380	0.02015	0.02331	0.03478	0.02193	0.10221	0.59336	0.01273	0.02090	0.00927	0.04235	0.00746
15	0.01014	0.00832	0.00893	0.00943	0.01171	0.00712	0.00682	0.01212	0.01862	0.02267	0.07639	0.23510	0.49752	0.02283	0.01026	0.00302	0.00447	0.01952	0.00790	0.00712
16	0.01176	0.00799	0.00946	0.01007	0.01022	0.00784	0.00600	0.01221	0.01358	0.01811	0.03300	0.25256	0.03874	0.49341	0.03333	0.00677	0.00723	0.01601	0.00600	0.00570
17	0.01069	0.00778	0.00954	0.01079	0.01162	0.00721	0.00713	0.01201	0.01613	0.02098	0.05027	0.46553	0.15789	0.15111	0.01675	0.00424	0.00544	0.02087	0.00739	0.00663
18	0.28334	0.01284	0.01241	0.01129	0.01531	0.01341	0.00889	0.02296	0.08073	0.07666	0.15849	0.04508	0.20029	0.01405	0.00809	0.00273	0.00552	0.01116	0.00750	0.00923
19	0.01152	0.00869	0.01006	0.01047	0.01225	0.00800	0.00772	0.01361	0.01795	0.02279	0.11270	0.10793	0.29724	0.19146	0.01872	0.00442	0.00596	0.12429	0.00734	0.00686
20	0.01050	0.00785	0.00945	0.01064	0.01176	0.00714	0.00719	0.01201	0.01676	0.02152	0.05606	0.44812	0.22338	0.09902	0.01418	0.00381	0.00512	0.02110	0.00760	0.00680
21	0.01248	0.00962	0.01158	0.01161	0.01382	0.00929	0.00870	0.01793	0.09241	0.02890	0.29552	0.19166	0.18538	0.01985	0.01016	0.00298	0.00484	0.05644	0.00858	0.00825
22	0.01932	0.01128	0.01307	0.01151	0.01508	0.01079	0.00898	0.06545	0.06167	0.14780	0.18824	0.04920	0.17452	0.01454	0.00868	0.00257	0.00522	0.01215	0.17010	0.00982
23	0.01336	0.00926	0.01099	0.01093	0.01166	0.00951	0.00701	0.05421	0.01512	0.02035	0.02958	0.16673	0.03334	0.46164	0.10337	0.00759	0.00932	0.01384	0.00582	0.00638
24	0.45829	0.01300	0.01141	0.01108	0.01474	0.01427	0.00855	0.01998	0.01595	0.03236	0.06312	0.19347	0.08709	0.01445	0.00740	0.00286	0.00581	0.01141	0.00641	0.00838
25	0.01045	0.00807	0.00954	0.01036	0.01204	0.00716	0.00732	0.01253	0.01856	0.02380	0.13764	0.36103	0.30429	0.02338	0.01042	0.00312	0.00456	0.02050	0.00808	0.00716
26	0.01183	0.00910	0.00978	0.00966	0.01139	0.00867	0.00653	0.01452	0.05558	0.02093	0.05533	0.06570	0.32124	0.30915	0.05002	0.00557	0.00686	0.01472	0.00666	0.00675
27	0.01058	0.00875	0.00988	0.00988	0.01242	0.00805	0.00751	0.01296	0.01797	0.02218	0.07037	0.06980	0.48877	0.03211	0.17417	0.00557	0.00893	0.01575	0.00707	0.00729
28	0.03158	0.01984	0.02254	0.01750	0.02373	0.02091	0.01437	0.40904	0.03436	0.20136	0.09193	0.02729	0.02333	0.01108	0.00869	0.00259	0.00825	0.00873	0.00911	0.01377
29	0.01185	0.00875	0.01269	0.01304	0.01427	0.00980	0.00977	0.01440	0.01406	0.01989	0.02744	0.15488	0.02828	0.10077	0.50551	0.01145	0.01856	0.01207	0.00521	0.00731
30	0.01220	0.00893	0.01272	0.01272	0.01391	0.01012	0.00944	0.01458	0.01339	0.01905	0.02367	0.03828	0.02338	0.20261	0.53129	0.01249	0.01963	0.00983	0.00469	0.00707
31	0.02317	0.03549	0.47281	0.02162	0.03247	0.01767	0.02597	0.03115	0.01981	0.20800	0.02056	0.02114	0.01375	0.00879	0.00822	0.00268	0.01104	0.00694	0.00560	0.01313
32	0.01077	0.00802	0.01063	0.01181	0.01293	0.00788	0.00836	0.01274	0.01612	0.02143	0.04692	0.43580	0.13790	0.03516	0.17465	0.00592	0.00930	0.01947	0.00707	0.00713
33	0.02509	0.02606	0.02100	0.01866	0.02248	0.28464	0.01436	0.13037	0.09476	0.02770	0.01948	0.02424	0.01652	0.06405	0.13387	0.00494	0.04826	0.00756	0.00564	0.01033
34	0.01704	0.16784	0.37235	0.01857	0.02695	0.01968	0.02149	0.02302	0.01644	0.02295	0.01746	0.02652	0.01584	0.18095	0.01636	0.00391	0.01080	0.00746	0.00399	0.01039

[dist]
# distance from previous block
# <min> <max>
0	2

[block]
# block no. 2 follows, 21 sequences, length 44
# corresponding to MSA columns:
# 58-101
name=unknown_C
#
# <colnr> <probs for GDERKNQSTAVLIFYWHMCP>
#	G	D	E	R	K	N	Q	S	T	A	V	L	I	F	Y	W	H	M	C	P
0	0.02366	0.02696	0.03078	0.02488	0.05715	0.25166	0.20064	0.02797	0.02081	0.02509	0.01510	0.01860	0.01214	0.00752	0.00805	0.00215	0.01222	0.00686	0.00454	0.22320
1	0.13932	0.01912	0.17180	0.01444	0.01994	0.01303	0.01429	0.02187	0.02044	0.08067	0.28276	0.06962	0.07255	0.01358	0.00868	0.00271	0.00687	0.01132	0.00722	0.00977
2	0.02275	0.70604	0.04459	0.01456	0.02184	0.03367	0.01456	0.02548	0.01729	0.02002	0.01183	0.01365	0.01092	0.00728	0.00546	0.00182	0.00910	0.00455	0.00364	0.01092
3	0.01355	0.00997	0.01305	0.01577	0.10381	0.00995	0.00841	0.01438	0.01363	0.01846	0.02633	0.08594	0.02976	0.56118	0.03636	0.00714	0.00834	0.01232	0.00517	0.00648
4	0.01930	0.19480	0.37423	0.02664	0.14122	0.02319	0.02574	0.02725	0.04471	0.02584	0.01543	0.01810	0.01195	0.00796	0.00755	0.00247	0.01107	0.00625	0.00393	0.01239
5	0.01032	0.00759	0.00969	0.01137	0.01222	0.00695	0.00769	0.01190	0.01675	0.02191	0.05271	0.60472	0.14319	0.02591	0.01074	0.00337	0.00484	0.02327	0.00790	0.00695
6	0.02649	0.43101	0.03613	0.01760	0.02369	0.29532	0.01534	0.02900	0.02011	0.02035	0.01238	0.01435	0.01094	0.00790	0.00638	0.00197	0.01168	0.00493	0.00395	0.01048
7	0.01586	0.00793	0.00793	0.00793	0.00991	0.00793	0.00595	0.01983	0.01785	0.03173	0.02776	0.03173	0.02181	0.00991	0.00595	0.00198	0.00397	0.00793	0.74817	0.00793
8	0.03134	0.07399	0.02514	0.02155	0.02608	0.63496	0.01635	0.03355	0.02377	0.02079	0.01309	0.01526	0.01096	0.00869	0.00756	0.00217	0.01503	0.00543	0.00435	0.00992
9	0.02103	0.60299	0.03949	0.01385	0.02041	0.02983	0.01349	0.02382	0.01797	0.02134	0.06663	0.02230	0.06018	0.00906	0.00614	0.00196	0.00837	0.00633	0.00439	0.01044
10	0.01037	0.00741	0.00987	0.01185	0.01234	0.00691	0.00790	0.01185	0.01629	0.02172	0.04690	0.69537	0.05629	0.02666	0.01086	0.00346	0.00494	0.02419	0.00790	0.00691
11	0.03179	0.04056	0.02412	0.02192	0.02631	0.66676	0.01644	0.03398	0.02412	0.02083	0.01315	0.01535	0.01096	0.00877	0.00767	0.00219	0.01535	0.00548	0.00438	0.00987
12	0.02020	0.14256	0.42432	0.02107	0.03130	0.02156	0.02487	0.03032	0.10029	0.07722	0.01878	0.02001	0.01365	0.00862	0.00779	0.00258	0.01082	0.00664	0.00483	0.01259
13	0.01897	0.02220	0.12378	0.23755	0.37986	0.01976	0.02616	0.02492	0.01846	0.02585	0.01563	0.02110	0.01244	0.00794	0.00840	0.00265	0.01085	0.00739	0.00399	0.01213
14	0.01586	0.00793	0.00793	0.00793	0.00991	0.00793	0.00595	0.01983	0.01785	0.03173	0.02776	0.03173	0.02181	0.00991	0.00595	0.00198	0.00397	0.00793	0.74817	0.00793
15	0.01258	0.00978	0.01413	0.01767	0.10660	0.00933	0.01090	0.01543	0.01913	0.02635	0.21297	0.38692	0.05649	0.02104	0.01031	0.00312	0.00557	0.04565	0.00777	0.00825
16	0.02617	0.11950	0.02653	0.02306	0.10215	0.29830	0.01642	0.08583	0.10843	0.02695	0.02145	0.02457	0.04338	0.01006	0.00795	0.00241	0.01133	0.02880	0.00553	0.01119
17	0.01216	0.00912	0.01368	0.01368	0.01520	0.01064	0.01064	0.01520	0.01368	0.01976	0.02279	0.03343	0.02127	0.06382	0.66720	0.01368	0.02279	0.00912	0.00456	0.00760
18	0.02108	0.01993	0.03228	0.04708	0.55538	0.02036	0.02425	0.02894	0.10997	0.02895	0.01876	0.02264	0.01533	0.00817	0.00846	0.00258	0.00961	0.00788	0.00487	0.01348
19	0.01221	0.00890	0.01257	0.01257	0.01370	0.01003	0.00925	0.01448	0.01335	0.01893	0.02381	0.03906	0.02372	0.22491	0.50946	0.01230	0.01912	0.00994	0.00471	0.00698
20	0.01765	0.01513	0.01765	0.01260	0.02017	0.01134	0.01008	0.02143	0.01765	0.02773	0.01513	0.01765	0.01260	0.00630	0.00630	0.00126	0.00630	0.00504	0.00504	0.75295
21	0.02162	0.03595	0.36876	0.02348	0.03231	0.09569	0.05162	0.12511	0.02176	0.02983	0.01543	0.01839	0.01156	0.00938	0.01084	0.00276	0.10212	0.00675	0.00455	0.01210
22	0.01238	0.00825	0.00928	0.00928	0.00928	0.00825	0.00516	0.01238	0.01238	0.01650	0.02681	0.05569	0.03094	0.70092	0.04331	0.00825	0.00825	0.01238	0.00516	0.00516
23	0.02131	0.12156	0.03603	0.04667	0.55533	0.02221	0.02441	0.02602	0.01907	0.02665	0.01539	0.01997	0.01310	0.00754	0.00799	0.00242	0.00996	0.00713	0.00413	0.01310
24	0.01765	0.01513	0.01765	0.01260	0.02017	0.01134	0.01008	0.02143	0.01765	0.02773	0.01513	0.01765	0.01260	0.00630	0.00630	0.00126	0.00630	0.00504	0.00504	0.75295
25	0.02239	0.02916	0.22528	0.02536	0.08322	0.05208	0.04573	0.17213	0.02258	0.03163	0.01549	0.01910	0.01212	0.01039	0.01361	0.00291	0.19261	0.00716	0.00496	0.01208
26	0.01607	0.01513	0.02552	0.68047	0.05861	0.01891	0.02363	0.02174	0.01702	0.02174	0.01513	0.02269	0.01134	0.00851	0.00851	0.00284	0.01134	0.00756	0.00378	0.00945
27	0.01053	0.00752	0.01006	0.01203	0.01260	0.00705	0.00818	0.01213	0.01645	0.02190	0.04682	0.66654	0.05593	0.02651	0.01090	0.00348	0.00508	0.05143	0.00790	0.00696
28	0.01928	0.01368	0.02027	0.26339	0.03302	0.01572	0.01632	0.02293	0.01827	0.14382	0.06294	0.11605	0.07747	0.01388	0.01225	0.00302	0.12044	0.01118	0.00626	0.00980
29	0.01017	0.00863	0.00878	0.00874	0.01157	0.00723	0.00656	0.01244	0.01967	0.02365	0.11905	0.08082	0.61114	0.02131	0.01006	0.00286	0.00429	0.01781	0.00799	0.00723
30	0.01195	0.00870	0.01124	0.01061	0.01265	0.00799	0.00795	0.01587	0.02386	0.03359	0.61638	0.06446	0.10760	0.01760	0.01004	0.00269	0.00403	0.01551	0.00930	0.00799
31	0.02275	0.70604	0.04459	0.01456	0.02184	0.03367	0.01456	0.02548	0.01729	0.02002	0.01183	0.01365	0.01092	0.00728	0.00546	0.00182	0.00910	0.00455	0.00364	0.01092
32	0.01581	0.00955	0.01248	0.01126	0.01399	0.00865	0.00862	0.01963	0.02390	0.12515	0.52663	0.05933	0.09849	0.01658	0.00982	0.00268	0.00451	0.01450	0.00947	0.00894
33	0.02954	0.03682	0.02445	0.02200	0.02563	0.55743	0.01681	0.03168	0.02223	0.02077	0.01282	0.01590	0.01100	0.00981	0.01113	0.00245	0.12967	0.00582	0.00427	0.00977
34	0.01813	0.01459	0.01663	0.01368	0.01890	0.01375	0.01076	0.04813	0.15146	0.05872	0.03561	0.07354	0.13854	0.01230	0.00903	0.00228	0.03876	0.01000	0.00687	0.30836
35	0.01790	0.06491	0.42545	0.10201	0.06584	0.02060	0.13213	0.02631	0.01826	0.02614	0.01548	0.01932	0.01134	0.00792	0.00838	0.00270	0.01249	0.00707	0.00377	0.01199
36	0.03179	0.04056	0.02412	0.02192	0.02631	0.66676	0.01644	0.03398	0.02412	0.02083	0.01315	0.01535	0.01096	0.00877	0.00767	0.00219	0.01535	0.00548	0.00438	0.00987
37	0.03056	0.03824	0.02531	0.02539	0.09731	0.59290	0.01755	0.03308	0.02357	0.02162	0.01348	0.01600	0.01125	0.00863	0.00776	0.00223	0.01475	0.00572	0.00437	0.01028
38	0.03179	0.04056	0.02412	0.02192	0.02631	0.66676	0.01644	0.03398	0.02412	0.02083	0.01315	0.01535	0.01096	0.00877	0.00767	0.00219	0.01535	0.00548	0.00438	0.00987
39	0.01170	0.00875	0.01120	0.01088	0.01278	0.00849	0.00811	0.01480	0.01979	0.02715	0.33829	0.05952	0.17475	0.08287	0.16702	0.00574	0.00882	0.01419	0.00762	0.00753
40	0.01030	0.00808	0.00919	0.01005	0.01176	0.00712	0.00702	0.01206	0.01773	0.02214	0.06644	0.34599	0.36141	0.05547	0.01196	0.00338	0.00477	0.02040	0.00777	0.00697
41	0.01035	0.00746	0.00982	0.01170	0.01230	0.00692	0.00783	0.01187	0.01643	0.02178	0.04869	0.66744	0.08306	0.02643	0.01083	0.00343	0.00491	0.02391	0.00790	0.00692
42	0.01607	0.01513	0.02552	0.68047	0.05861	0.01891	0.02363	0.02174	0.01702	0.02174	0.01513	0.02269	0.01134	0.00851	0.00851	0.00284	0.01134	0.00756	0.00378	0.00945
43	0.03235	0.02384	0.02554	0.01958	0.02639	0.02639	0.01618	0.61946	0.04001	0.05363	0.02043	0.02043	0.01447	0.01022	0.00851	0.00255	0.00936	0.00766	0.00851	0.01447

[dist]
# distance from previous block
# <min> <max>
0	7

[block]
# block no. 3 follows, 21 sequences, length 65
# corresponding to MSA columns:
# 109-173
name=unknown_D
#
# <colnr> <probs for GDERKNQSTAVLIFYWHMCP>
#	G	D	E	R	K	N	Q	S	T	A	V	L	I	F	Y	W	H	M	C	P
0	0.01445	0.00940	0.01196	0.01138	0.01401	0.00854	0.00891	0.01800	0.02257	0.09199	0.39101	0.06816	0.18428	0.01837	0.01012	0.00288	0.00490	0.09162	0.00898	0.00847
1	0.01234	0.00841	0.01010	0.01010	0.01038	0.00869	0.00617	0.01290	0.01262	0.01710	0.02607	0.05156	0.02915	0.58270	0.15908	0.00926	0.01095	0.01177	0.00505	0.00561
2	0.03235	0.02384	0.02554	0.01958	0.02639	0.02639	0.01618	0.61946	0.04001	0.05363	0.02043	0.02043	0.01447	0.01022	0.00851	0.00255	0.00936	0.00766	0.00851	0.01447
3	0.01707	0.04402	0.65683	0.02426	0.03683	0.01976	0.03144	0.02695	0.01797	0.02695	0.01527	0.01797	0.01078	0.00809	0.00809	0.00270	0.01258	0.00629	0.00359	0.01258
4	0.01840	0.19881	0.51368	0.02199	0.03333	0.02302	0.02750	0.02661	0.01781	0.02533	0.01447	0.01696	0.01081	0.00790	0.00747	0.00249	0.01176	0.00588	0.00360	0.01219
5	0.01338	0.01085	0.01676	0.02102	0.13254	0.01051	0.03593	0.01622	0.01766	0.02380	0.03966	0.42687	0.04524	0.02175	0.01055	0.00335	0.00683	0.13152	0.00706	0.00849
6	0.01050	0.00746	0.00984	0.01168	0.01214	0.00700	0.00772	0.01188	0.01604	0.02138	0.04559	0.65345	0.05462	0.07085	0.01299	0.00377	0.00515	0.02342	0.00772	0.00680
7	0.01414	0.01251	0.02021	0.45355	0.04291	0.01484	0.01829	0.01839	0.01677	0.02174	0.02591	0.25098	0.02660	0.01467	0.00931	0.00305	0.00917	0.01321	0.00518	0.00859
8	0.02303	0.02160	0.03232	0.07306	0.50076	0.05552	0.02408	0.11086	0.02247	0.03085	0.01645	0.02074	0.01339	0.00806	0.00840	0.00253	0.01034	0.00748	0.00482	0.01325
9	0.01691	0.02732	0.27739	0.02252	0.02847	0.02035	0.06727	0.02259	0.01565	0.02344	0.01542	0.02143	0.01302	0.02068	0.13729	0.00510	0.24335	0.00749	0.00387	0.01046
10	0.01021	0.00855	0.00888	0.00897	0.01163	0.00722	0.00666	0.01244	0.01950	0.02364	0.12021	0.12090	0.56881	0.02161	0.01011	0.00290	0.00433	0.01820	0.00800	0.00722
11	0.02041	0.02182	0.08460	0.09113	0.55949	0.02010	0.02639	0.02590	0.01911	0.02734	0.01589	0.02092	0.01312	0.00768	0.00840	0.00256	0.01039	0.00748	0.00413	0.01314
12	0.01838	0.01854	0.04934	0.19466	0.21788	0.04352	0.02004	0.02616	0.11938	0.02605	0.02682	0.05407	0.08162	0.01117	0.00998	0.00281	0.05370	0.00947	0.00531	0.01112
13	0.01123	0.00817	0.01059	0.01103	0.01248	0.00752	0.00787	0.01410	0.02062	0.02837	0.36506	0.32081	0.10760	0.02142	0.01037	0.00301	0.00441	0.01913	0.00868	0.00752
14	0.01321	0.00934	0.01257	0.01398	0.01552	0.00927	0.01148	0.01631	0.01845	0.02428	0.08507	0.10978	0.04819	0.14889	0.01745	0.00461	0.00752	0.41931	0.00745	0.00732
15	0.01739	0.04208	0.60618	0.02653	0.08656	0.01980	0.03101	0.02688	0.01808	0.02702	0.01533	0.01822	0.01100	0.00804	0.00811	0.00268	0.01238	0.00639	0.00364	0.01265
16	0.02294	0.08291	0.35477	0.02421	0.07229	0.13290	0.02469	0.13256	0.02296	0.03020	0.01564	0.01786	0.01165	0.00849	0.00794	0.00251	0.01209	0.00636	0.00464	0.01239
17	0.08904	0.02404	0.02284	0.01827	0.02446	0.14120	0.01478	0.32127	0.03121	0.19631	0.02171	0.02112	0.01507	0.00985	0.00812	0.00251	0.00973	0.00725	0.00801	0.01322
18	0.06476	0.03273	0.02659	0.02993	0.20330	0.41846	0.01884	0.06027	0.02307	0.02530	0.01426	0.01716	0.01177	0.00846	0.00781	0.00233	0.01312	0.00615	0.00458	0.01109
19	0.01034	0.00750	0.00978	0.01160	0.01228	0.00693	0.00779	0.01188	0.01653	0.02182	0.04991	0.64853	0.10118	0.02627	0.01080	0.00341	0.00489	0.02372	0.00790	0.00693
20	0.02211	0.02289	0.09656	0.02742	0.20135	0.10155	0.01856	0.10587	0.05483	0.06205	0.11665	0.08222	0.02772	0.01155	0.00876	0.00263	0.00930	0.00987	0.00637	0.01172
21	0.01216	0.00912	0.01368	0.01368	0.01520	0.01064	0.01064	0.01520	0.01368	0.01976	0.02279	0.03343	0.02127	0.06382	0.66720	0.01368	0.02279	0.00912	0.00456	0.00760
22	0.02839	0.17793	0.03096	0.02384	0.12095	0.12447	0.01739	0.30670	0.02935	0.03718	0.01673	0.01824	0.01299	0.00894	0.00769	0.00233	0.01033	0.00662	0.00614	0.01283
23	0.02414	0.60368	0.04144	0.01569	0.02253	0.13105	0.01485	0.02679	0.01834	0.02015	0.01203	0.01391	0.01093	0.00751	0.00580	0.00188	0.01006	0.00469	0.00375	0.01076
24	0.02614	0.25892	0.03365	0.02676	0.17733	0.26063	0.01817	0.06041	0.02150	0.02402	0.01380	0.01645	0.01175	0.00805	0.00716	0.00217	0.01164	0.00580	0.00431	0.01135
25	0.01267	0.00912	0.01279	0.01445	0.01599	0.00924	0.01185	0.01588	0.01789	0.02369	0.04207	0.22956	0.04646	0.03046	0.11236	0.00531	0.00944	0.36582	0.00735	0.00758
26	0.02522	0.09847	0.02411	0.01627	0.02310	0.02113	0.01352	0.25838	0.10904	0.06226	0.02014	0.02060	0.01526	0.00880	0.00747	0.00210	0.00791	0.00675	0.00693	0.25252
27	0.01035	0.00749	0.00979	0.01164	0.01229	0.00693	0.00781	0.01187	0.01650	0.02181	0.04948	0.65509	0.09490	0.02633	0.01081	0.00342	0.00490	0.02378	0.00790	0.00693
28	0.01934	0.02032	0.02078	0.01888	0.02054	0.17730	0.01499	0.02174	0.01600	0.02028	0.01617	0.02356	0.01504	0.03237	0.27089	0.00721	0.26397	0.00761	0.00421	0.00878
29	0.01030	0.00870	0.00895	0.00908	0.01190	0.00736	0.00694	0.01257	0.01941	0.02315	0.08351	0.08282	0.60537	0.02168	0.01017	0.00294	0.00454	0.05548	0.00790	0.00723
30	0.01022	0.00863	0.00885	0.00879	0.01159	0.00725	0.00659	0.01253	0.01978	0.02390	0.13156	0.08041	0.59847	0.02121	0.01006	0.00286	0.00429	0.01775	0.00802	0.00725
31	0.03235	0.02384	0.02554	0.01958	0.02639	0.02639	0.01618	0.61946	0.04001	0.05363	0.02043	0.02043	0.01447	0.01022	0.00851	0.00255	0.00936	0.00766	0.00851	0.01447
32	0.01207	0.00812	0.00937	0.00968	0.00975	0.00804	0.00558	0.01229	0.01298	0.01730	0.02990	0.15408	0.03484	0.59721	0.03832	0.00751	0.00774	0.01419	0.00558	0.00543
33	0.01037	0.00741	0.00987	0.01185	0.01234	0.00691	0.00790	0.01185	0.01629	0.02172	0.04690	0.69537	0.05629	0.02666	0.01086	0.00346	0.00494	0.02419	0.00790	0.00691
34	0.01684	0.01591	0.02691	0.58384	0.14924	0.01911	0.02402	0.02242	0.01738	0.02268	0.01526	0.02244	0.01167	0.00837	0.00850	0.00279	0.01115	0.00757	0.00385	0.01007
35	0.03179	0.04056	0.02412	0.02192	0.02631	0.66676	0.01644	0.03398	0.02412	0.02083	0.01315	0.01535	0.01096	0.00877	0.00767	0.00219	0.01535	0.00548	0.00438	0.00987
36	0.02541	0.43838	0.03598	0.01709	0.02325	0.22855	0.01505	0.02988	0.07453	0.02167	0.01428	0.01580	0.01228	0.00812	0.00643	0.00203	0.01082	0.00529	0.00432	0.01082
37	0.02354	0.01981	0.07299	0.01808	0.02364	0.04137	0.05791	0.23646	0.02667	0.09917	0.03086	0.17421	0.05855	0.01434	0.00919	0.00280	0.00858	0.03399	0.00753	0.04030
38	0.01888	0.01750	0.02942	0.04277	0.49259	0.01787	0.02232	0.02344	0.01798	0.02583	0.01767	0.02410	0.01539	0.02138	0.17008	0.00526	0.01322	0.00796	0.00430	0.01204
39	0.01737	0.07933	0.62418	0.02374	0.03603	0.02051	0.03054	0.02687	0.01793	0.02658	0.01509	0.01774	0.01079	0.00804	0.00795	0.00265	0.01239	0.00620	0.00360	0.01249
40	0.76103	0.01646	0.01251	0.01119	0.01646	0.01909	0.00922	0.02502	0.01448	0.03818	0.01185	0.01382	0.00922	0.00790	0.00527	0.00263	0.00658	0.00461	0.00527	0.00922
41	0.01586	0.00793	0.00793	0.00793	0.00991	0.00793	0.00595	0.01983	0.01785	0.03173	0.02776	0.03173	0.02181	0.00991	0.00595	0.00198	0.00397	0.00793	0.74817	0.00793
42	0.01956	0.01150	0.01188	0.01054	0.01361	0.01207	0.00824	0.15424	0.02282	0.03664	0.02612	0.02920	0.02017	0.00998	0.00652	0.00211	0.00518	0.00787	0.58236	0.00940
43	0.01216	0.00912	0.01368	0.01368	0.01520	0.01064	0.01064	0.01520	0.01368	0.01976	0.02279	0.03343	0.02127	0.06382	0.66720	0.01368	0.02279	0.00912	0.00456	0.00760
44	0.02166	0.01723	0.01864	0.01662	0.02133	0.01947	0.01296	0.04258	0.53891	0.08024	0.08411	0.03414	0.03004	0.01195	0.00876	0.00285	0.00655	0.01001	0.00885	0.01310
45	0.02776	0.01869	0.02051	0.01622	0.02203	0.01958	0.01324	0.38297	0.03258	0.13693	0.03856	0.03681	0.17005	0.01305	0.00890	0.00264	0.00780	0.01032	0.00867	0.01269
46	0.01798	0.03769	0.47442	0.02775	0.03913	0.02029	0.20749	0.02704	0.01860	0.02704	0.01586	0.01947	0.01142	0.00781	0.00867	0.00275	0.01311	0.00742	0.00381	0.01225
47	0.01691	0.01614	0.02628	0.51285	0.09455	0.02033	0.02288	0.02183	0.01645	0.02195	0.01446	0.02182	0.01147	0.00963	0.01211	0.00298	0.13632	0.00754	0.00380	0.00972
48	0.01586	0.00793	0.00793	0.00793	0.00991	0.00793	0.00595	0.01983	0.01785	0.03173	0.02776	0.03173	0.02181	0.00991	0.00595	0.00198	0.00397	0.00793	0.74817	0.00793
49	0.01940	0.01831	0.01726	0.01598	0.01872	0.16601	0.01222	0.09804	0.01943	0.02412	0.02060	0.02953	0.01886	0.10195	0.37028	0.00905	0.01798	0.00837	0.00509	0.00880
50	0.02029	0.01571	0.01471	0.01316	0.01669	0.13093	0.01009	0.02339	0.02305	0.14873	0.27825	0.05223	0.18800	0.01544	0.00932	0.00262	0.00681	0.01283	0.00833	0.00942
51	0.02193	0.02219	0.03268	0.09470	0.53316	0.09457	0.02482	0.02670	0.01975	0.02656	0.01561	0.02052	0.01303	0.00779	0.00834	0.00251	0.01080	0.00734	0.00420	0.01277
52	0.02413	0.31088	0.08129	0.02701	0.19114	0.15281	0.01932	0.05675	0.02036	0.02442	0.01388	0.01661	0.01178	0.00786	0.00703	0.00218	0.01086	0.00582	0.00418	0.01169
53	0.03127	0.10948	0.02299	0.01593	0.02179	0.13719	0.01311	0.08168	0.02410	0.33228	0.03194	0.02984	0.08911	0.01103	0.00816	0.00247	0.00882	0.00847	0.00803	0.01232
54	0.02860	0.03294	0.02238	0.02022	0.02464	0.45918	0.01555	0.10202	0.06856	0.02628	0.02137	0.02705	0.04159	0.01098	0.00831	0.00247	0.01290	0.05897	0.00563	0.01038
55	0.01033	0.00863	0.00900	0.00891	0.01166	0.00730	0.00668	0.01274	0.02004	0.02453	0.16307	0.07937	0.56657	0.02098	0.01005	0.00285	0.00427	0.01761	0.00810	0.00730
56	0.01567	0.11822	0.01758	0.01232	0.01559	0.01510	0.00958	0.02336	0.16940	0.02725	0.19251	0.04958	0.13818	0.14191	0.01517	0.00366	0.00630	0.01216	0.00730	0.00914
57	0.03111	0.03943	0.02422	0.02195	0.02610	0.63382	0.01655	0.03329	0.02355	0.02081	0.01305	0.01551	0.01097	0.00908	0.00871	0.00227	0.04979	0.00558	0.00435	0.00984
58	0.01664	0.01834	0.07178	0.02427	0.02889	0.01817	0.24013	0.02146	0.01623	0.02317	0.01806	0.02575	0.01559	0.02991	0.25971	0.00707	0.14191	0.00897	0.00425	0.00969
59	0.01415	0.01268	0.01264	0.01203	0.01467	0.08382	0.00889	0.01712	0.02119	0.02769	0.30213	0.17965	0.15913	0.01792	0.00959	0.00268	0.00576	0.01547	0.00787	0.07493
60	0.01012	0.00839	0.00886	0.00923	0.01165	0.00713	0.00674	0.01214	0.01881	0.02275	0.07881	0.19742	0.53364	0.02251	0.01021	0.00298	0.00443	0.01913	0.00790	0.00713
61	0.01095	0.00811	0.01120	0.06252	0.01589	0.00792	0.00911	0.01298	0.01706	0.02285	0.09878	0.58678	0.05506	0.02444	0.01061	0.00334	0.00534	0.02213	0.00772	0.00721
62	0.76103	0.01646	0.01251	0.01119	0.01646	0.01909	0.00922	0.02502	0.01448	0.03818	0.01185	0.01382	0.00922	0.00790	0.00527	0.00263	0.00658	0.00461	0.00527	0.00922
63	0.01825	0.01707	0.02249	0.01978	0.02119	0.02249	0.01613	0.02574	0.16514	0.02408	0.01872	0.02412	0.01636	0.02160	0.12153	0.00505	0.41691	0.00824	0.00506	0.01007
64	0.02301	0.02341	0.08714	0.07846	0.14950	0.02284	0.17591	0.19303	0.02437	0.03360	0.01689	0.02095	0.01296	0.00917	0.01109	0.00280	0.08905	0.00812	0.00531	0.01239

[dist]
# distance from previous block
# <min> <max>
0	1

[block]
# block no. 4 follows, 21 sequences, length 9
# corresponding to MSA columns:
# 175-183
name=unknown_E
#
# <colnr> <probs for GDERKNQSTAVLIFYWHMCP>
#	G	D	E	R	K	N	Q	S	T	A	V	L	I	F	Y	W	H	M	C	P
0	0.01828	0.08701	0.35644	0.02391	0.10830	0.01942	0.02365	0.08015	0.02042	0.02833	0.02776	0.02923	0.12033	0.01047	0.00829	0.00262	0.01025	0.00845	0.00488	0.01181
1	0.02716	0.38148	0.03461	0.01815	0.02402	0.34243	0.01548	0.02963	0.02062	0.02041	0.01248	0.01448	0.01094	0.00801	0.00654	0.00200	0.01215	0.00500	0.00400	0.01041
2	0.01765	0.01513	0.01765	0.01260	0.02017	0.01134	0.01008	0.02143	0.01765	0.02773	0.01513	0.01765	0.01260	0.00630	0.00630	0.00126	0.00630	0.00504	0.00504	0.75295
3	0.01220	0.00897	0.01290	0.01290	0.01416	0.01022	0.00967	0.01470	0.01345	0.01918	0.02350	0.03735	0.02298	0.17597	0.55738	0.01272	0.02023	0.00969	0.00466	0.00717
4	0.02194	0.48202	0.20389	0.01766	0.02612	0.07768	0.01914	0.02651	0.01798	0.02190	0.01283	0.01491	0.01089	0.00760	0.00632	0.00208	0.01048	0.00508	0.00368	0.01128
5	0.01103	0.00839	0.01015	0.01029	0.01224	0.00751	0.00749	0.01388	0.02084	0.02777	0.33061	0.20985	0.25746	0.02080	0.01023	0.00291	0.00432	0.01818	0.00857	0.00751
6	0.02439	0.48177	0.03910	0.02088	0.10270	0.16199	0.01642	0.02731	0.01896	0.02118	0.01264	0.01495	0.01126	0.00763	0.00629	0.00199	0.01051	0.00513	0.00387	0.01103
7	0.02451	0.02707	0.15388	0.02505	0.14378	0.13191	0.01944	0.10524	0.02304	0.10567	0.02327	0.02453	0.06095	0.00952	0.00816	0.00242	0.01027	0.00760	0.00581	0.08790
8	0.02191	0.11901	0.11445	0.04096	0.44122	0.02154	0.02429	0.02714	0.01923	0.06744	0.01647	0.02014	0.01327	0.00780	0.00797	0.00246	0.01010	0.00706	0.00447	0.01307

[dist]
# distance from previous block
# <min> <max>
0	4

[block]
# block no. 5 follows, 21 sequences, length 72
# corresponding to MSA columns:
# 188-259
name=unknown_F
#
# <colnr> <probs for GDERKNQSTAVLIFYWHMCP>
#	G	D	E	R	K	N	Q	S	T	A	V	L	I	F	Y	W	H	M	C	P
0	0.01840	0.03609	0.44942	0.03358	0.24048	0.01992	0.02967	0.02667	0.01844	0.02723	0.01552	0.01900	0.01168	0.00792	0.00820	0.00264	0.01175	0.00672	0.00380	0.01288
1	0.01037	0.00741	0.00987	0.01185	0.01234	0.00691	0.00790	0.01185	0.01629	0.02172	0.04690	0.69537	0.05629	0.02666	0.01086	0.00346	0.00494	0.02419	0.00790	0.00691
2	0.02515	0.01880	0.02840	0.03799	0.40763	0.04828	0.02073	0.02954	0.02125	0.18586	0.07213	0.02629	0.02079	0.00919	0.00856	0.00255	0.00913	0.00837	0.00624	0.01311
3	0.02949	0.02366	0.02385	0.01918	0.02531	0.07201	0.01551	0.43171	0.18827	0.04668	0.02348	0.02291	0.01712	0.01045	0.00849	0.00261	0.00914	0.00800	0.00825	0.01388
4	0.01141	0.00853	0.01235	0.01361	0.01473	0.00809	0.03565	0.01360	0.01707	0.02266	0.04526	0.55490	0.05303	0.02522	0.01099	0.00352	0.00589	0.12848	0.00773	0.00728
5	0.03157	0.03462	0.02363	0.02075	0.02567	0.48028	0.01589	0.11788	0.07097	0.07385	0.01728	0.01828	0.01331	0.00931	0.00793	0.00233	0.01327	0.00632	0.00574	0.01112
6	0.01478	0.00739	0.01109	0.01109	0.01109	0.00739	0.00739	0.01109	0.01109	0.01478	0.01478	0.02587	0.01478	0.02956	0.03326	0.75240	0.00739	0.00739	0.00370	0.00370
7	0.02576	0.48424	0.03777	0.01702	0.02333	0.24468	0.01519	0.02832	0.01957	0.02029	0.01227	0.01422	0.01093	0.00778	0.00620	0.00194	0.01118	0.00486	0.00389	0.01057
8	0.02399	0.01968	0.02083	0.01789	0.02320	0.02248	0.01415	0.19005	0.48304	0.04015	0.03105	0.02890	0.02308	0.01121	0.00862	0.00280	0.00740	0.00913	0.00862	0.01372
9	0.02275	0.70604	0.04459	0.01456	0.02184	0.03367	0.01456	0.02548	0.01729	0.02002	0.01183	0.01365	0.01092	0.00728	0.00546	0.00182	0.00910	0.00455	0.00364	0.01092
10	0.02585	0.13109	0.03393	0.03083	0.18865	0.30525	0.11282	0.02964	0.02125	0.02351	0.01433	0.01776	0.01191	0.00799	0.00791	0.00233	0.01292	0.00660	0.00422	0.01121
11	0.01032	0.00759	0.00969	0.01137	0.01222	0.00695	0.00769	0.01190	0.01675	0.02191	0.05272	0.60454	0.14336	0.02590	0.01074	0.00337	0.00484	0.02327	0.00790	0.00695
12	0.01022	0.00799	0.00927	0.01030	0.01194	0.00704	0.00721	0.01202	0.01778	0.02233	0.06572	0.40174	0.33777	0.02422	0.01048	0.00318	0.00464	0.02121	0.00790	0.00704
13	0.02638	0.03705	0.26408	0.02213	0.03032	0.23731	0.02204	0.19999	0.02637	0.03260	0.01605	0.01780	0.01190	0.00893	0.00807	0.00249	0.01257	0.00641	0.00527	0.01222
14	0.01718	0.01661	0.02915	0.52769	0.14454	0.01934	0.07900	0.02290	0.01765	0.02315	0.01545	0.02247	0.01181	0.00825	0.00864	0.00279	0.01144	0.00780	0.00389	0.01024
15	0.01106	0.00866	0.01001	0.00967	0.01211	0.00761	0.00725	0.01415	0.02176	0.02860	0.36695	0.07266	0.36014	0.01946	0.01005	0.00277	0.00416	0.01667	0.00864	0.00761
16	0.02410	0.13442	0.07646	0.02601	0.14127	0.20884	0.04461	0.03321	0.17497	0.02646	0.01923	0.02081	0.01528	0.00890	0.00785	0.00244	0.01098	0.00703	0.00525	0.01188
17	0.02229	0.31562	0.28214	0.01963	0.02862	0.10319	0.02156	0.07061	0.02004	0.02531	0.01398	0.01605	0.01113	0.00799	0.00698	0.00226	0.01124	0.00557	0.00407	0.01171
18	0.01037	0.00741	0.00987	0.01185	0.01234	0.00691	0.00790	0.01185	0.01629	0.02172	0.04690	0.69537	0.05629	0.02666	0.01086	0.00346	0.00494	0.02419	0.00790	0.00691
19	0.02485	0.02692	0.05176	0.02906	0.19172	0.22279	0.01932	0.10966	0.04928	0.02799	0.01640	0.02014	0.01355	0.01355	0.05893	0.00342	0.09711	0.00707	0.00499	0.01150
20	0.02263	0.03892	0.33924	0.02747	0.10867	0.23654	0.05411	0.02922	0.02030	0.02502	0.01475	0.01771	0.01128	0.00821	0.00808	0.00251	0.01329	0.00636	0.00397	0.01173
21	0.02186	0.02174	0.03376	0.04997	0.60137	0.06856	0.02539	0.02671	0.01973	0.02728	0.01579	0.02064	0.01329	0.00767	0.00837	0.00250	0.01050	0.00743	0.00423	0.01321
22	0.01238	0.00825	0.00928	0.00928	0.00928	0.00825	0.00516	0.01238	0.01238	0.01650	0.02681	0.05569	0.03094	0.70092	0.04331	0.00825	0.00825	0.01238	0.00516	0.00516
23	0.02525	0.03032	0.02767	0.02326	0.02770	0.38363	0.13953	0.02853	0.02181	0.02319	0.06342	0.07064	0.01989	0.01089	0.01022	0.00259	0.06801	0.00870	0.00494	0.00980
24	0.02432	0.02142	0.02071	0.05249	0.02469	0.11616	0.01445	0.11177	0.37400	0.06814	0.05877	0.02887	0.02399	0.01105	0.00855	0.00272	0.00847	0.00889	0.00789	0.01264
25	0.01313	0.00939	0.01298	0.01453	0.01636	0.00924	0.01227	0.01683	0.01997	0.02645	0.13836	0.14883	0.05456	0.02286	0.01140	0.00368	0.00696	0.44634	0.00808	0.00778
26	0.02097	0.02047	0.03597	0.05074	0.59285	0.02034	0.07996	0.02622	0.01944	0.02775	0.01612	0.02123	0.01343	0.00755	0.00857	0.00256	0.01050	0.00781	0.00422	0.01330
27	0.03179	0.04056	0.02412	0.02192	0.02631	0.66676	0.01644	0.03398	0.02412	0.02083	0.01315	0.01535	0.01096	0.00877	0.00767	0.00219	0.01535	0.00548	0.00438	0.00987
28	0.02117	0.01828	0.01924	0.01732	0.02213	0.02117	0.01347	0.04522	0.63246	0.03560	0.03464	0.03175	0.02598	0.01155	0.00866	0.00289	0.00673	0.00962	0.00866	0.01347
29	0.01006	0.00862	0.00862	0.00862	0.01149	0.00718	0.00647	0.01221	0.01940	0.02299	0.08621	0.08190	0.64438	0.02155	0.01006	0.00287	0.00431	0.01796	0.00790	0.00718
30	0.01238	0.00825	0.00928	0.00928	0.00928	0.00825	0.00516	0.01238	0.01238	0.01650	0.02681	0.05569	0.03094	0.70092	0.04331	0.00825	0.00825	0.01238	0.00516	0.00516
31	0.01116	0.00837	0.00968	0.00981	0.01142	0.00761	0.00678	0.01318	0.01848	0.02414	0.20928	0.16655	0.26458	0.18010	0.01795	0.00417	0.00525	0.01696	0.00764	0.00688
32	0.01087	0.00865	0.00974	0.00947	0.01199	0.00753	0.00710	0.01378	0.02131	0.02752	0.31303	0.07444	0.41473	0.01986	0.01005	0.00279	0.00419	0.01691	0.00850	0.00753
33	0.01862	0.01862	0.02607	0.02234	0.02234	0.02607	0.01862	0.02048	0.01303	0.02048	0.01117	0.01862	0.01117	0.01489	0.02793	0.00372	0.68535	0.00745	0.00372	0.00931
34	0.01586	0.00793	0.00793	0.00793	0.00991	0.00793	0.00595	0.01983	0.01785	0.03173	0.02776	0.03173	0.02181	0.00991	0.00595	0.00198	0.00397	0.00793	0.74817	0.00793
35	0.01607	0.01513	0.02552	0.68047	0.05861	0.01891	0.02363	0.02174	0.01702	0.02174	0.01513	0.02269	0.01134	0.00851	0.00851	0.00284	0.01134	0.00756	0.00378	0.00945
36	0.01671	0.01601	0.02566	0.51448	0.04946	0.02071	0.02237	0.02142	0.01601	0.02142	0.01413	0.02166	0.01130	0.01012	0.01341	0.00306	0.18134	0.00753	0.00377	0.00942
37	0.76103	0.01646	0.01251	0.01119	0.01646	0.01909	0.00922	0.02502	0.01448	0.03818	0.01185	0.01382	0.00922	0.00790	0.00527	0.00263	0.00658	0.00461	0.00527	0.00922
38	0.01632	0.01538	0.02598	0.64873	0.08838	0.01897	0.02376	0.02196	0.01714	0.02205	0.01517	0.02261	0.01145	0.00846	0.00850	0.00282	0.01128	0.00756	0.00380	0.00966
39	0.02275	0.70604	0.04459	0.01456	0.02184	0.03367	0.01456	0.02548	0.01729	0.02002	0.01183	0.01365	0.01092	0.00728	0.00546	0.00182	0.00910	0.00455	0.00364	0.01092
40	0.01607	0.01513	0.02552	0.68047	0.05861	0.01891	0.02363	0.02174	0.01702	0.02174	0.01513	0.02269	0.01134	0.00851	0.00851	0.00284	0.01134	0.00756	0.00378	0.00945
41	0.02117	0.01828	0.01924	0.01732	0.02213	0.02117	0.01347	0.04522	0.63246	0.03560	0.03464	0.03175	0.02598	0.01155	0.00866	0.00289	0.00673	0.00962	0.00866	0.01347
42	0.76103	0.01646	0.01251	0.01119	0.01646	0.01909	0.00922	0.02502	0.01448	0.03818	0.01185	0.01382	0.00922	0.00790	0.00527	0.00263	0.00658	0.00461	0.00527	0.00922
43	0.01707	0.04402	0.65683	0.02426	0.03683	0.01976	0.03144	0.02695	0.01797	0.02695	0.01527	0.01797	0.01078	0.00809	0.00809	0.00270	0.01258	0.00629	0.00359	0.01258
44	0.01229	0.00858	0.01098	0.01098	0.01156	0.00917	0.00727	0.01346	0.01288	0.01776	0.02526	0.04711	0.02721	0.45524	0.28390	0.01034	0.01386	0.01112	0.00493	0.00610
45	0.01204	0.00870	0.01138	0.01071	0.01271	0.00803	0.00803	0.01606	0.02409	0.03413	0.64335	0.06357	0.08030	0.01740	0.01004	0.00268	0.00401	0.01539	0.00937	0.00803
46	0.23538	0.01717	0.01909	0.01507	0.02135	0.01750	0.01244	0.16933	0.02523	0.34723	0.02460	0.02285	0.01630	0.00974	0.00764	0.00262	0.00755	0.00727	0.00862	0.01303
47	0.03818	0.01448	0.01975	0.01514	0.02172	0.01251	0.01251	0.04147	0.02436	0.65373	0.03357	0.02897	0.02107	0.01053	0.00856	0.00263	0.00724	0.00856	0.01053	0.01448
48	0.01216	0.00912	0.01368	0.01368	0.01520	0.01064	0.01064	0.01520	0.01368	0.01976	0.02279	0.03343	0.02127	0.06382	0.66720	0.01368	0.02279	0.00912	0.00456	0.00760
49	0.01803	0.01712	0.02906	0.43450	0.28931	0.01942	0.02461	0.02346	0.01794	0.02412	0.01547	0.02205	0.01218	0.00815	0.00848	0.00272	0.01086	0.00757	0.00395	0.01103
50	0.01371	0.00980	0.01371	0.01567	0.01763	0.00980	0.01371	0.01763	0.01959	0.02547	0.04506	0.09599	0.04898	0.02351	0.01175	0.00392	0.00784	0.59056	0.00784	0.00784
51	0.01014	0.00831	0.00894	0.00944	0.01171	0.00712	0.00683	0.01212	0.01861	0.02267	0.07630	0.23663	0.49605	0.02284	0.01026	0.00302	0.00447	0.01953	0.00790	0.00712
52	0.01431	0.01749	0.13383	0.01897	0.11130	0.01240	0.01477	0.04291	0.02078	0.02785	0.16806	0.08015	0.27219	0.01591	0.00942	0.00276	0.00688	0.01359	0.00687	0.00957
53	0.02083	0.02086	0.03824	0.04838	0.50560	0.02053	0.16540	0.02639	0.01954	0.02767	0.01629	0.02151	0.01335	0.00749	0.00881	0.00261	0.01111	0.00816	0.00423	0.01301
54	0.02278	0.02371	0.03213	0.08046	0.50097	0.13991	0.02419	0.02734	0.02013	0.02618	0.01543	0.02009	0.01290	0.00785	0.00829	0.00248	0.01115	0.00719	0.00422	0.01259
55	0.01942	0.19192	0.03580	0.02756	0.14191	0.02348	0.15467	0.02335	0.01735	0.02341	0.01900	0.05622	0.04086	0.01271	0.03892	0.00318	0.14650	0.00869	0.00434	0.01071
56	0.02412	0.40488	0.03840	0.02511	0.18058	0.05505	0.01779	0.11393	0.02146	0.02699	0.01421	0.01659	0.01209	0.00785	0.00675	0.00212	0.00965	0.00581	0.00454	0.01205
57	0.01238	0.00825	0.00928	0.00928	0.00928	0.00825	0.00516	0.01238	0.01238	0.01650	0.02681	0.05569	0.03094	0.70092	0.04331	0.00825	0.00825	0.01238	0.00516	0.00516
58	0.05230	0.32872	0.02888	0.01484	0.02017	0.19099	0.01279	0.02433	0.01948	0.02173	0.03094	0.03131	0.17063	0.01129	0.00719	0.00222	0.00941	0.00818	0.00498	0.00963
59	0.02742	0.19369	0.02822	0.01736	0.02374	0.02575	0.01476	0.27166	0.19035	0.08763	0.02307	0.02240	0.01715	0.00985	0.00779	0.00246	0.00843	0.00747	0.00748	0.01331
60	0.01278	0.00898	0.01094	0.01028	0.01280	0.00800	0.00777	0.01617	0.02262	0.06298	0.43515	0.06756	0.25574	0.01835	0.00997	0.00274	0.00428	0.01585	0.00897	0.00810
61	0.01192	0.00893	0.01121	0.01130	0.01352	0.00822	0.00892	0.01544	0.02189	0.02936	0.36755	0.07552	0.21549	0.01983	0.01043	0.00301	0.00495	0.14609	0.00865	0.00777
62	0.02111	0.02612	0.14905	0.04483	0.48910	0.06753	0.02639	0.02685	0.01946	0.02713	0.01566	0.02007	0.01280	0.00776	0.00831	0.00253	0.01095	0.00719	0.00411	0.01305
63	0.03145	0.02430	0.16572	0.01869	0.02670	0.01880	0.01802	0.23200	0.02816	0.31081	0.02503	0.02362	0.01653	0.00987	0.00844	0.00262	0.00916	0.00774	0.00829	0.01405
64	0.03179	0.04056	0.02412	0.02192	0.02631	0.66676	0.01644	0.03398	0.02412	0.02083	0.01315	0.01535	0.01096	0.00877	0.00767	0.00219	0.01535	0.00548	0.00438	0.00987
65	0.01933	0.04103	0.56336	0.02356	0.03529	0.02074	0.02918	0.11468	0.02123	0.03090	0.01604	0.01833	0.01133	0.00840	0.00815	0.00267	0.01210	0.00649	0.00432	0.01286
66	0.01783	0.03871	0.50383	0.02718	0.03876	0.02021	0.17911	0.02703	0.01850	0.02703	0.01576	0.01923	0.01132	0.00786	0.00858	0.00274	0.01302	0.00724	0.00377	0.01230
67	0.01098	0.00892	0.00991	0.01040	0.01304	0.00784	0.00829	0.01358	0.01945	0.02361	0.07583	0.08545	0.49421	0.02205	0.01049	0.00314	0.00520	0.16238	0.00789	0.00735
68	0.76103	0.01646	0.01251	0.01119	0.01646	0.01909	0.00922	0.02502	0.01448	0.03818	0.01185	0.01382	0.00922	0.00790	0.00527	0.00263	0.00658	0.00461	0.00527	0.00922
