[name]
unknown

[dist]
# distance from previous block
# <min> <max>
0	1

[block]
# block no. 0 follows, 23 sequences, length 101
# corresponding to MSA columns:
# 1-101
name=unknown_A
#
# <colnr> <probs for GDERKNQSTAVLIFYWHMCP>
#	G	D	E	R	K	N	Q	S	T	A	V	L	I	F	Y	W	H	M	C	P
0	0.01686	0.01575	0.02649	0.40276	0.27323	0.01774	0.02258	0.02191	0.01725	0.02313	0.01718	0.02707	0.01463	0.00902	0.00835	0.00269	0.01010	0.05891	0.00409	0.01027
1	0.01962	0.01881	0.03211	0.11192	0.60569	0.01916	0.02467	0.02450	0.01826	0.02595	0.01518	0.02023	0.01266	0.00731	0.00804	0.00244	0.00975	0.00723	0.00398	0.01248
2	0.01779	0.01694	0.02879	0.36105	0.37091	0.01868	0.02376	0.02289	0.01739	0.02372	0.01486	0.02083	0.01187	0.00766	0.00807	0.00255	0.01021	0.00722	0.00382	0.01100
3	0.53925	0.01476	0.01345	0.01147	0.01667	0.01592	0.00942	0.02707	0.01648	0.19578	0.02089	0.02081	0.05163	0.00897	0.00610	0.00252	0.00630	0.00613	0.00645	0.00994
4	0.02626	0.02777	0.02113	0.01856	0.02274	0.35902	0.01437	0.18754	0.02476	0.02786	0.01642	0.01977	0.01353	0.02047	0.15858	0.00463	0.01472	0.00655	0.00525	0.01008
5	0.00960	0.00816	0.00828	0.00837	0.01100	0.00684	0.00623	0.01163	0.01835	0.02186	0.08042	0.10809	0.63208	0.02078	0.00963	0.00277	0.00414	0.01741	0.00753	0.00684
6	0.02011	0.01881	0.02924	0.04138	0.50151	0.01951	0.02185	0.02951	0.17814	0.02839	0.01976	0.02266	0.01587	0.00819	0.00809	0.00250	0.00883	0.00772	0.00509	0.01285
7	0.02556	0.03169	0.01961	0.01800	0.02185	0.52749	0.01350	0.02764	0.02196	0.02033	0.02850	0.02917	0.15951	0.01115	0.00784	0.00224	0.01222	0.00795	0.00495	0.00882
8	0.01157	0.00792	0.00918	0.00916	0.00961	0.00773	0.00554	0.01236	0.01411	0.01901	0.13429	0.08472	0.06496	0.53874	0.03331	0.00656	0.00690	0.01301	0.00581	0.00553
9	0.01651	0.07180	0.64505	0.02272	0.03449	0.01943	0.02927	0.02564	0.01710	0.02541	0.01442	0.01695	0.01028	0.00768	0.00760	0.00253	0.01185	0.00592	0.00343	0.01192
10	0.01074	0.00774	0.01035	0.01214	0.01310	0.00735	0.00897	0.01281	0.01653	0.02174	0.04606	0.51120	0.08121	0.02437	0.01055	0.00339	0.00543	0.18196	0.00752	0.00684
11	0.01627	0.04197	0.67279	0.02313	0.03512	0.01884	0.02998	0.02570	0.01713	0.02570	0.01456	0.01713	0.01028	0.00771	0.00771	0.00257	0.01199	0.00600	0.00343	0.01199
12	0.01627	0.04197	0.67279	0.02313	0.03512	0.01884	0.02998	0.02570	0.01713	0.02570	0.01456	0.01713	0.01028	0.00771	0.00771	0.00257	0.01199	0.00600	0.00343	0.01199
13	0.00976	0.00827	0.00845	0.00854	0.01124	0.00697	0.00649	0.01189	0.01850	0.02203	0.08033	0.07873	0.63160	0.02064	0.00967	0.00279	0.00427	0.04541	0.00753	0.00688
14	0.01023	0.00825	0.00911	0.00889	0.01135	0.00712	0.00667	0.01289	0.02001	0.02552	0.27794	0.07217	0.46294	0.01921	0.00958	0.00268	0.00401	0.01629	0.00801	0.00712
15	0.01180	0.00787	0.00885	0.00885	0.00885	0.00787	0.00492	0.01180	0.01180	0.01573	0.02557	0.05310	0.02950	0.71483	0.04130	0.00787	0.00787	0.01180	0.00492	0.00492
16	0.01247	0.01073	0.01098	0.01048	0.01372	0.01048	0.00798	0.02021	0.19023	0.02519	0.06882	0.06508	0.48781	0.01795	0.00923	0.00274	0.00474	0.01496	0.00773	0.00848
17	0.00989	0.00706	0.00942	0.01130	0.01177	0.00659	0.00753	0.01130	0.01554	0.02071	0.04472	0.70954	0.05367	0.02542	0.01036	0.00330	0.00471	0.02307	0.00753	0.00659
18	0.00989	0.00706	0.00942	0.01130	0.01177	0.00659	0.00753	0.01130	0.01554	0.02071	0.04472	0.70954	0.05367	0.02542	0.01036	0.00330	0.00471	0.02307	0.00753	0.00659
19	0.02874	0.03229	0.02355	0.02046	0.02459	0.44664	0.01590	0.16592	0.02496	0.02681	0.01384	0.01614	0.01123	0.00946	0.01010	0.00236	0.10578	0.00594	0.00498	0.01032
20	0.01513	0.00756	0.00756	0.00756	0.00945	0.00756	0.00567	0.01891	0.01702	0.03025	0.02647	0.03025	0.02080	0.00945	0.00567	0.00189	0.00378	0.00756	0.75988	0.00756
21	0.00989	0.00706	0.00942	0.01130	0.01177	0.00659	0.00753	0.01130	0.01554	0.02071	0.04472	0.70954	0.05367	0.02542	0.01036	0.00330	0.00471	0.02307	0.00753	0.00659
22	0.02169	0.71972	0.04252	0.01388	0.02083	0.03211	0.01388	0.02430	0.01649	0.01909	0.01128	0.01302	0.01041	0.00694	0.00521	0.00174	0.00868	0.00434	0.00347	0.01041
23	0.01800	0.06302	0.46571	0.02518	0.03563	0.06041	0.16707	0.02612	0.01793	0.02515	0.01474	0.01791	0.01076	0.00752	0.00802	0.00255	0.01241	0.00671	0.00363	0.01153
24	0.01925	0.41407	0.32676	0.01805	0.02727	0.02613	0.02114	0.02493	0.01678	0.02207	0.01276	0.01487	0.01035	0.00729	0.00634	0.00211	0.01017	0.00509	0.00345	0.01113
25	0.02146	0.02189	0.03160	0.04591	0.57803	0.10868	0.02366	0.02591	0.01909	0.02561	0.01490	0.01935	0.01253	0.00738	0.00794	0.00237	0.01031	0.00696	0.00404	0.01239
26	0.02003	0.01944	0.03385	0.04885	0.62609	0.01936	0.06229	0.02497	0.01852	0.02648	0.01533	0.02019	0.01282	0.00721	0.00813	0.00243	0.00989	0.00737	0.00402	0.01274
27	0.01220	0.00985	0.01477	0.07504	0.12589	0.00979	0.01174	0.01474	0.01673	0.02271	0.08999	0.47955	0.04514	0.02013	0.00971	0.00303	0.00598	0.01834	0.00673	0.00794
28	0.03031	0.03867	0.02299	0.02090	0.02508	0.68226	0.01568	0.03240	0.02299	0.01986	0.01254	0.01463	0.01045	0.00836	0.00732	0.00209	0.01463	0.00523	0.00418	0.00941
29	0.01475	0.01301	0.02057	0.28205	0.09234	0.01573	0.01705	0.01812	0.01476	0.02027	0.01816	0.08242	0.01698	0.02344	0.16334	0.05183	0.11375	0.00888	0.00413	0.00842
30	0.01627	0.04197	0.67279	0.02313	0.03512	0.01884	0.02998	0.02570	0.01713	0.02570	0.01456	0.01713	0.01028	0.00771	0.00771	0.00257	0.01199	0.00600	0.00343	0.01199
31	0.01002	0.00824	0.00882	0.00868	0.01123	0.00703	0.00651	0.01249	0.01952	0.02435	0.21459	0.07409	0.52702	0.01964	0.00959	0.00270	0.00405	0.01656	0.00786	0.00703
32	0.01102	0.00833	0.01020	0.00987	0.01202	0.00751	0.00750	0.01433	0.02146	0.02905	0.46155	0.06724	0.24397	0.01803	0.00966	0.00267	0.00409	0.04564	0.00845	0.00741
33	0.03031	0.03867	0.02299	0.02090	0.02508	0.68226	0.01568	0.03240	0.02299	0.01986	0.01254	0.01463	0.01045	0.00836	0.00732	0.00209	0.01463	0.00523	0.00418	0.00941
34	0.02018	0.01743	0.01835	0.01651	0.02110	0.02018	0.01284	0.04312	0.64956	0.03394	0.03303	0.03027	0.02477	0.01101	0.00826	0.00275	0.00642	0.00917	0.00826	0.01284
35	0.00989	0.00706	0.00942	0.01130	0.01177	0.00659	0.00753	0.01130	0.01554	0.02071	0.04472	0.70954	0.05367	0.02542	0.01036	0.00330	0.00471	0.02307	0.00753	0.00659
36	0.02008	0.01928	0.03294	0.04981	0.66422	0.01928	0.02490	0.02490	0.01848	0.02651	0.01526	0.02008	0.01285	0.00723	0.00803	0.00241	0.00964	0.00723	0.00402	0.01285
37	0.01297	0.01059	0.01187	0.01181	0.01470	0.01054	0.00938	0.02035	0.16356	0.02619	0.11554	0.06852	0.32377	0.01841	0.00964	0.00295	0.00537	0.14759	0.00782	0.00844
38	0.01160	0.00865	0.01284	0.01284	0.01422	0.01003	0.00989	0.01436	0.01298	0.01869	0.02192	0.03291	0.02073	0.09256	0.65159	0.01279	0.02106	0.00884	0.00437	0.00713
39	0.01109	0.00872	0.00987	0.01020	0.01242	0.00792	0.00764	0.04209	0.01897	0.02386	0.10178	0.23513	0.38786	0.02118	0.00985	0.00294	0.00476	0.06885	0.00764	0.00722
40	0.01254	0.00943	0.01205	0.01322	0.01517	0.00938	0.01072	0.01737	0.07766	0.02447	0.07357	0.21307	0.13019	0.02148	0.01046	0.00337	0.00618	0.32434	0.00763	0.00772
41	0.01190	0.00915	0.01363	0.01345	0.01483	0.01088	0.01052	0.01474	0.01301	0.01887	0.02118	0.03117	0.01980	0.05853	0.64995	0.01257	0.05557	0.00861	0.00431	0.00733
42	0.01775	0.01775	0.02485	0.02130	0.02130	0.02485	0.01775	0.01953	0.01243	0.01953	0.01065	0.01775	0.01065	0.01420	0.02663	0.00355	0.69998	0.00710	0.00355	0.00888
43	0.01921	0.02448	0.17956	0.04369	0.52006	0.01918	0.02607	0.02508	0.01817	0.02632	0.01510	0.01941	0.01226	0.00734	0.00796	0.00245	0.01018	0.00695	0.00388	0.01266
44	0.21017	0.01301	0.01242	0.01083	0.01455	0.01419	0.00864	0.15843	0.02093	0.03648	0.02107	0.02352	0.01619	0.00903	0.00605	0.00217	0.00556	0.00670	0.40076	0.00927
45	0.01700	0.03689	0.51469	0.02593	0.03696	0.01927	0.18299	0.02577	0.01764	0.02577	0.01503	0.01833	0.01079	0.00749	0.00818	0.00261	0.01242	0.00690	0.00360	0.01173
46	0.00959	0.00822	0.00822	0.00822	0.01096	0.00685	0.00617	0.01165	0.01850	0.02192	0.08220	0.07809	0.66092	0.02055	0.00959	0.00274	0.00411	0.01713	0.00754	0.00685
47	0.00989	0.00706	0.00942	0.01130	0.01177	0.00659	0.00753	0.01130	0.01554	0.02071	0.04472	0.70954	0.05367	0.02542	0.01036	0.00330	0.00471	0.02307	0.00753	0.00659
48	0.03031	0.03867	0.02299	0.02090	0.02508	0.68226	0.01568	0.03240	0.02299	0.01986	0.01254	0.01463	0.01045	0.00836	0.00732	0.00209	0.01463	0.00523	0.00418	0.00941
49	0.01159	0.00869	0.01304	0.01304	0.01449	0.01014	0.01014	0.01449	0.01304	0.01884	0.02173	0.03188	0.02029	0.06086	0.68268	0.01304	0.02173	0.00869	0.00435	0.00724
50	0.01148	0.00829	0.01085	0.01021	0.01212	0.00766	0.00766	0.01531	0.02297	0.03254	0.65994	0.06061	0.07656	0.01659	0.00957	0.00255	0.00383	0.01467	0.00893	0.00766
51	0.01180	0.00787	0.00885	0.00885	0.00885	0.00787	0.00492	0.01180	0.01180	0.01573	0.02557	0.05310	0.02950	0.71483	0.04130	0.00787	0.00787	0.01180	0.00492	0.00492
52	0.03085	0.02273	0.02435	0.01867	0.02516	0.02516	0.01542	0.63716	0.03815	0.05114	0.01948	0.01948	0.01380	0.00974	0.00812	0.00244	0.00893	0.00731	0.00812	0.01380
53	0.01180	0.00787	0.00885	0.00885	0.00885	0.00787	0.00492	0.01180	0.01180	0.01573	0.02557	0.05310	0.02950	0.71483	0.04130	0.00787	0.00787	0.01180	0.00492	0.00492
54	0.00989	0.00706	0.00942	0.01130	0.01177	0.00659	0.00753	0.01130	0.01554	0.02071	0.04472	0.70954	0.05367	0.02542	0.01036	0.00330	0.00471	0.02307	0.00753	0.00659
55	0.01915	0.02189	0.04788	0.03420	0.04241	0.02052	0.63475	0.02599	0.01915	0.02599	0.01642	0.02189	0.01231	0.00684	0.00958	0.00274	0.01368	0.00958	0.00410	0.01094
56	0.00959	0.00822	0.00822	0.00822	0.01096	0.00685	0.00617	0.01165	0.01850	0.02192	0.08220	0.07809	0.66092	0.02055	0.00959	0.00274	0.00411	0.01713	0.00754	0.00685
57	0.01915	0.02189	0.04788	0.03420	0.04241	0.02052	0.63475	0.02599	0.01915	0.02599	0.01642	0.02189	0.01231	0.00684	0.00958	0.00274	0.01368	0.00958	0.00410	0.01094
58	0.02008	0.01928	0.03294	0.04981	0.66422	0.01928	0.02490	0.02490	0.01848	0.02651	0.01526	0.02008	0.01285	0.00723	0.00803	0.00241	0.00964	0.00723	0.00402	0.01285
59	0.01148	0.00829	0.01085	0.01021	0.01212	0.00766	0.00766	0.01531	0.02297	0.03254	0.65994	0.06061	0.07656	0.01659	0.00957	0.00255	0.00383	0.01467	0.00893	0.00766
60	0.03085	0.02273	0.02435	0.01867	0.02516	0.02516	0.01542	0.63716	0.03815	0.05114	0.01948	0.01948	0.01380	0.00974	0.00812	0.00244	0.00893	0.00731	0.00812	0.01380
61	0.01775	0.01775	0.02485	0.02130	0.02130	0.02485	0.01775	0.01953	0.01243	0.01953	0.01065	0.01775	0.01065	0.01420	0.02663	0.00355	0.69998	0.00710	0.00355	0.00888
62	0.01702	0.13459	0.58666	0.02186	0.03317	0.02066	0.02778	0.02551	0.01704	0.02479	0.01411	0.01657	0.01030	0.00760	0.00737	0.00246	0.01154	0.00577	0.00343	0.01178
63	0.03031	0.03867	0.02299	0.02090	0.02508	0.68226	0.01568	0.03240	0.02299	0.01986	0.01254	0.01463	0.01045	0.00836	0.00732	0.00209	0.01463	0.00523	0.00418	0.00941
64	0.01915	0.02189	0.04788	0.03420	0.04241	0.02052	0.63475	0.02599	0.01915	0.02599	0.01642	0.02189	0.01231	0.00684	0.00958	0.00274	0.01368	0.00958	0.00410	0.01094
65	0.01956	0.01866	0.03174	0.04785	0.63104	0.01863	0.02402	0.02421	0.01833	0.02621	0.01676	0.05515	0.01493	0.00815	0.00815	0.00245	0.00939	0.00804	0.00420	0.01253
66	0.01028	0.00744	0.01025	0.01170	0.01239	0.00740	0.00813	0.01203	0.01496	0.02028	0.03945	0.55425	0.04602	0.03354	0.16442	0.00553	0.00861	0.01977	0.00680	0.00674
67	0.00989	0.00706	0.00942	0.01130	0.01177	0.00659	0.00753	0.01130	0.01554	0.02071	0.04472	0.70954	0.05367	0.02542	0.01036	0.00330	0.00471	0.02307	0.00753	0.00659
68	0.00989	0.00706	0.00942	0.01130	0.01177	0.00659	0.00753	0.01130	0.01554	0.02071	0.04472	0.70954	0.05367	0.02542	0.01036	0.00330	0.00471	0.02307	0.00753	0.00659
69	0.01277	0.00868	0.01155	0.01173	0.01327	0.00944	0.00884	0.04090	0.01549	0.02302	0.02778	0.18258	0.02759	0.03994	0.36113	0.00806	0.01360	0.01161	0.16459	0.00744
70	0.00989	0.00706	0.00942	0.01130	0.01177	0.00659	0.00753	0.01130	0.01554	0.02071	0.04472	0.70954	0.05367	0.02542	0.01036	0.00330	0.00471	0.02307	0.00753	0.00659
71	0.01491	0.01244	0.01351	0.01251	0.01588	0.01314	0.00959	0.02694	0.30773	0.03010	0.20592	0.05184	0.22265	0.01519	0.00898	0.00270	0.00509	0.01288	0.00822	0.00979
72	0.01315	0.01099	0.01603	0.01513	0.01621	0.01386	0.01207	0.01576	0.01289	0.01901	0.01893	0.02830	0.01785	0.04905	0.51670	0.01064	0.19333	0.00829	0.00415	0.00766
73	0.02169	0.71972	0.04252	0.01388	0.02083	0.03211	0.01388	0.02430	0.01649	0.01909	0.01128	0.01302	0.01041	0.00694	0.00521	0.00174	0.00868	0.00434	0.00347	0.01041
74	0.01106	0.00792	0.00871	0.00882	0.00962	0.00750	0.00543	0.01173	0.01390	0.01777	0.04260	0.10034	0.20779	0.47816	0.03052	0.00615	0.00662	0.01398	0.00581	0.00556
75	0.01079	0.00827	0.00989	0.00948	0.01170	0.00736	0.00711	0.01397	0.02133	0.02865	0.44859	0.06701	0.29033	0.01804	0.00958	0.00262	0.00393	0.01557	0.00842	0.00736
76	0.01603	0.01522	0.02155	0.01899	0.01940	0.02073	0.01562	0.01812	0.01260	0.01933	0.01375	0.02171	0.01335	0.02727	0.21033	0.00621	0.51007	0.00755	0.00377	0.00842
77	0.01159	0.00869	0.01304	0.01304	0.01449	0.01014	0.01014	0.01449	0.01304	0.01884	0.02173	0.03188	0.02029	0.06086	0.68268	0.01304	0.02173	0.00869	0.00435	0.00724
78	0.01873	0.01104	0.01141	0.01011	0.01305	0.01160	0.00791	0.16058	0.02186	0.03504	0.02487	0.02778	0.01919	0.00952	0.00623	0.00202	0.00496	0.00750	0.58761	0.00899
79	0.01019	0.00824	0.00905	0.00885	0.01133	0.00710	0.00663	0.01280	0.01990	0.02526	0.26416	0.07259	0.47687	0.01930	0.00958	0.00268	0.00402	0.01635	0.00798	0.00710
80	0.01240	0.00981	0.01430	0.01385	0.01502	0.01189	0.01080	0.01497	0.01289	0.01874	0.02055	0.03136	0.01961	0.09496	0.55908	0.01150	0.10801	0.00868	0.00428	0.00731
81	0.02797	0.22350	0.02829	0.01900	0.02393	0.50581	0.01519	0.03020	0.02123	0.01965	0.01220	0.01419	0.01044	0.00798	0.00674	0.00199	0.01302	0.00499	0.00399	0.00968
82	0.02430	0.02551	0.02478	0.22586	0.03518	0.26165	0.05543	0.14111	0.07727	0.02749	0.01639	0.01944	0.01252	0.00867	0.00793	0.00244	0.01166	0.00682	0.00508	0.01049
83	0.01180	0.00787	0.00885	0.00885	0.00885	0.00787	0.00492	0.01180	0.01180	0.01573	0.02557	0.05310	0.02950	0.71483	0.04130	0.00787	0.00787	0.01180	0.00492	0.00492
84	0.03085	0.02273	0.02435	0.01867	0.02516	0.02516	0.01542	0.63716	0.03815	0.05114	0.01948	0.01948	0.01380	0.00974	0.00812	0.00244	0.00893	0.00731	0.00812	0.01380
85	0.05903	0.22699	0.02796	0.01852	0.02351	0.47371	0.01489	0.02979	0.02080	0.02034	0.01214	0.01412	0.01037	0.00793	0.00663	0.00201	0.01263	0.00494	0.00402	0.00966
86	0.01562	0.01221	0.01340	0.01230	0.01577	0.01262	0.00946	0.02648	0.27224	0.06206	0.18919	0.05248	0.24310	0.01531	0.00898	0.00269	0.00511	0.01294	0.00826	0.00978
87	0.01137	0.00819	0.01014	0.00971	0.01126	0.00763	0.00688	0.01415	0.01998	0.02767	0.45898	0.06057	0.12200	0.17697	0.01684	0.00379	0.00478	0.01425	0.00788	0.00695
88	0.02290	0.47689	0.12232	0.01669	0.02369	0.17575	0.01643	0.02630	0.01803	0.02014	0.01200	0.01393	0.01040	0.00736	0.00601	0.00193	0.01045	0.00476	0.00362	0.01040
89	0.01918	0.03042	0.33997	0.03258	0.27335	0.01962	0.02592	0.07875	0.05161	0.02861	0.01619	0.01913	0.01230	0.00787	0.00790	0.00251	0.01055	0.00674	0.00430	0.01252
90	0.01159	0.00869	0.01304	0.01304	0.01449	0.01014	0.01014	0.01449	0.01304	0.01884	0.02173	0.03188	0.02029	0.06086	0.68268	0.01304	0.02173	0.00869	0.00435	0.00724
91	0.01103	0.00754	0.00908	0.00983	0.01002	0.00736	0.00596	0.01160	0.01329	0.01773	0.03323	0.31575	0.03917	0.43899	0.02892	0.00604	0.00660	0.01631	0.00596	0.00559
92	0.08814	0.22228	0.44129	0.01947	0.02946	0.02236	0.02367	0.02515	0.01665	0.02491	0.01337	0.01565	0.01018	0.00749	0.00678	0.00234	0.01057	0.00540	0.00359	0.01127
93	0.01920	0.03918	0.48344	0.02200	0.03156	0.17033	0.02549	0.02655	0.01822	0.02394	0.01454	0.01746	0.01093	0.01112	0.04900	0.00310	0.01319	0.00598	0.00366	0.01111
94	0.01851	0.12017	0.22797	0.01652	0.02338	0.11410	0.01698	0.02347	0.01926	0.05311	0.12937	0.03020	0.08916	0.01047	0.00769	0.00228	0.00902	0.00825	0.00530	0.07479
95	0.01840	0.05396	0.20290	0.06606	0.41026	0.01902	0.02475	0.02424	0.01794	0.02551	0.01828	0.02201	0.04493	0.00806	0.00791	0.00245	0.01000	0.00728	0.00400	0.01205
96	0.01894	0.14803	0.09312	0.24240	0.26876	0.04898	0.02226	0.02387	0.01747	0.02299	0.01409	0.01877	0.01142	0.00755	0.00748	0.00238	0.01027	0.00650	0.00374	0.01098
97	0.12951	0.10852	0.05284	0.01833	0.02380	0.34280	0.01512	0.16529	0.02415	0.02927	0.01387	0.01545	0.01096	0.00837	0.00696	0.00221	0.01144	0.00551	0.00506	0.01053
98	0.05227	0.33862	0.29089	0.01901	0.05788	0.02404	0.02026	0.02432	0.01712	0.02370	0.05256	0.01794	0.01446	0.00788	0.00661	0.00219	0.00965	0.00578	0.00388	0.01092
99	0.05329	0.18021	0.02177	0.01449	0.01878	0.16696	0.01170	0.02626	0.15002	0.02385	0.03335	0.09688	0.14629	0.01261	0.00767	0.00241	0.00815	0.00988	0.00589	0.00955
100	0.05387	0.02157	0.18574	0.02685	0.24216	0.01553	0.01916	0.04814	0.01878	0.02647	0.03579	0.03692	0.21259	0.01160	0.00829	0.00256	0.00832	0.00984	0.00519	0.01062

[dist]
# distance from previous block
# <min> <max>
6	33

[block]
# block no. 1 follows, 23 sequences, length 39
# corresponding to MSA columns:
# 135-173
name=unknown_B
#
# <colnr> <probs for GDERKNQSTAVLIFYWHMCP>
#	G	D	E	R	K	N	Q	S	T	A	V	L	I	F	Y	W	H	M	C	P
0	0.17515	0.06660	0.02337	0.02480	0.19564	0.19389	0.01573	0.08760	0.02060	0.02835	0.02047	0.02242	0.07470	0.00913	0.00722	0.00234	0.00960	0.00692	0.00499	0.01048
1	0.18699	0.02242	0.08530	0.16505	0.15550	0.14530	0.01811	0.02416	0.01707	0.02513	0.01352	0.01791	0.01091	0.00944	0.00913	0.06413	0.01012	0.00608	0.00409	0.00964
2	0.07261	0.02442	0.21528	0.10074	0.12508	0.08323	0.01934	0.02219	0.01821	0.02514	0.06745	0.03200	0.13996	0.01076	0.00804	0.00254	0.00932	0.00881	0.00487	0.01002
3	0.02306	0.05402	0.12853	0.01846	0.02419	0.22300	0.01635	0.10261	0.19422	0.02956	0.08506	0.02449	0.02144	0.00992	0.00788	0.00242	0.00997	0.00760	0.00608	0.01114
4	0.14593	0.10070	0.08919	0.01749	0.02203	0.07460	0.01570	0.10659	0.01862	0.06767	0.01469	0.01800	0.01196	0.01361	0.06013	0.00342	0.19825	0.00629	0.00490	0.01025
5	0.01891	0.01931	0.03052	0.08459	0.30580	0.08249	0.14441	0.02354	0.01784	0.02385	0.01641	0.02230	0.01379	0.01764	0.13809	0.00451	0.01336	0.00779	0.00408	0.01077
6	0.01133	0.00810	0.00958	0.00958	0.01040	0.00813	0.00621	0.01231	0.01334	0.01755	0.03569	0.05361	0.14912	0.44890	0.16500	0.00793	0.00995	0.01220	0.00531	0.00576
7	0.01568	0.01382	0.01995	0.02537	0.23796	0.01421	0.01511	0.02163	0.09276	0.02714	0.16194	0.04665	0.14277	0.01385	0.01012	0.00274	0.04994	0.07193	0.00644	0.00996
8	0.02169	0.71972	0.04252	0.01388	0.02083	0.03211	0.01388	0.02430	0.01649	0.01909	0.01128	0.01302	0.01041	0.00694	0.00521	0.00174	0.00868	0.00434	0.00347	0.01041
9	0.00991	0.00805	0.00878	0.00898	0.01125	0.00692	0.00659	0.01211	0.01867	0.02324	0.15860	0.17327	0.48386	0.02074	0.00971	0.00280	0.00416	0.01770	0.00773	0.00692
10	0.02193	0.09505	0.02689	0.02561	0.15201	0.21956	0.01765	0.02458	0.01726	0.02095	0.01300	0.01781	0.01170	0.01362	0.06152	0.00337	0.23731	0.00640	0.00388	0.00988
11	0.00959	0.00822	0.00822	0.00822	0.01096	0.00685	0.00617	0.01165	0.01850	0.02192	0.08220	0.07809	0.66092	0.02055	0.00959	0.00274	0.00411	0.01713	0.00754	0.00685
12	0.01180	0.00787	0.00885	0.00885	0.00885	0.00787	0.00492	0.01180	0.01180	0.01573	0.02557	0.05310	0.02950	0.71483	0.04130	0.00787	0.00787	0.01180	0.00492	0.00492
13	0.02374	0.38662	0.13346	0.01767	0.02446	0.24797	0.01697	0.02723	0.01877	0.02037	0.01221	0.01419	0.01041	0.00754	0.00630	0.00198	0.01119	0.00489	0.00370	0.01032
14	0.03031	0.03867	0.02299	0.02090	0.02508	0.68226	0.01568	0.03240	0.02299	0.01986	0.01254	0.01463	0.01045	0.00836	0.00732	0.00209	0.01463	0.00523	0.00418	0.00941
15	0.00961	0.00816	0.00828	0.00839	0.01100	0.00684	0.00624	0.01163	0.01833	0.02185	0.08017	0.11227	0.62805	0.02081	0.00963	0.00277	0.00414	0.01745	0.00753	0.00684
16	0.00998	0.00733	0.00940	0.01100	0.01187	0.00675	0.00757	0.01159	0.01611	0.02105	0.05022	0.58863	0.14376	0.02457	0.01028	0.00323	0.00474	0.04773	0.00753	0.00667
17	0.01973	0.01892	0.03230	0.09765	0.61913	0.01919	0.02473	0.02459	0.01831	0.02608	0.01520	0.02020	0.01270	0.00730	0.00804	0.00243	0.00973	0.00723	0.00399	0.01257
18	0.01159	0.00869	0.01304	0.01304	0.01449	0.01014	0.01014	0.01449	0.01304	0.01884	0.02173	0.03188	0.02029	0.06086	0.68268	0.01304	0.02173	0.00869	0.00435	0.00724
19	0.02493	0.01979	0.02102	0.01747	0.02291	0.02240	0.01399	0.30754	0.37741	0.04160	0.02700	0.02547	0.01989	0.01044	0.00819	0.00261	0.00754	0.00834	0.00819	0.01327
20	0.01180	0.00787	0.00885	0.00885	0.00885	0.00787	0.00492	0.01180	0.01180	0.01573	0.02557	0.05310	0.02950	0.71483	0.04130	0.00787	0.00787	0.01180	0.00492	0.00492
21	0.01180	0.00787	0.00885	0.00885	0.00885	0.00787	0.00492	0.01180	0.01180	0.01573	0.02557	0.05310	0.02950	0.71483	0.04130	0.00787	0.00787	0.01180	0.00492	0.00492
22	0.02169	0.71972	0.04252	0.01388	0.02083	0.03211	0.01388	0.02430	0.01649	0.01909	0.01128	0.01302	0.01041	0.00694	0.00521	0.00174	0.00868	0.00434	0.00347	0.01041
23	0.77215	0.01569	0.01193	0.01067	0.01569	0.01820	0.00879	0.02385	0.01381	0.03641	0.01130	0.01318	0.00879	0.00753	0.00502	0.00251	0.00628	0.00439	0.00502	0.00879
24	0.02169	0.71972	0.04252	0.01388	0.02083	0.03211	0.01388	0.02430	0.01649	0.01909	0.01128	0.01302	0.01041	0.00694	0.00521	0.00174	0.00868	0.00434	0.00347	0.01041
25	0.01728	0.03596	0.50341	0.03019	0.20166	0.01896	0.02864	0.02549	0.01749	0.02591	0.01475	0.01791	0.01096	0.00758	0.00779	0.00253	0.01137	0.00632	0.00358	0.01222
26	0.01205	0.00937	0.01392	0.01365	0.01499	0.01123	0.01071	0.01486	0.01300	0.01889	0.02091	0.03083	0.01957	0.05740	0.63406	0.01234	0.07200	0.00858	0.00429	0.00737
27	0.01513	0.00756	0.00756	0.00756	0.00945	0.00756	0.00567	0.01891	0.01702	0.03025	0.02647	0.03025	0.02080	0.00945	0.00567	0.00189	0.00378	0.00756	0.75988	0.00756
28	0.01179	0.00793	0.00915	0.00915	0.00925	0.00803	0.00529	0.01199	0.01189	0.01595	0.02529	0.05159	0.02885	0.66839	0.08685	0.00823	0.00885	0.01158	0.00488	0.00508
29	0.01072	0.00801	0.00982	0.00986	0.01159	0.00726	0.00712	0.01344	0.01983	0.02674	0.36463	0.19032	0.21370	0.05628	0.01141	0.00302	0.00428	0.01675	0.00810	0.00711
30	0.01165	0.00847	0.01190	0.01190	0.01295	0.00952	0.00872	0.01376	0.01270	0.01799	0.02278	0.03766	0.02280	0.23899	0.50797	0.01163	0.01796	0.00954	0.00450	0.00661
31	0.02151	0.16902	0.14057	0.02509	0.07559	0.14979	0.18667	0.02843	0.08060	0.02418	0.01587	0.01861	0.01249	0.00773	0.00771	0.00236	0.01158	0.00689	0.00428	0.01103
32	0.02290	0.18841	0.06750	0.01849	0.02283	0.22922	0.01599	0.07433	0.01909	0.02239	0.01350	0.01726	0.01177	0.01481	0.08161	0.00352	0.15640	0.00599	0.00417	0.00982
33	0.01442	0.02764	0.38030	0.01928	0.02690	0.01462	0.06453	0.02088	0.01673	0.02426	0.02529	0.18363	0.04623	0.01519	0.04420	0.00328	0.01022	0.01090	0.04149	0.00999
34	0.01240	0.00933	0.01125	0.01070	0.01285	0.00816	0.00725	0.01395	0.01467	0.02065	0.03023	0.30701	0.03445	0.24472	0.01925	0.00421	0.00609	0.01442	0.00594	0.21248
35	0.07523	0.03053	0.36362	0.09171	0.14126	0.01932	0.02468	0.06945	0.05794	0.02848	0.01592	0.01876	0.01181	0.00800	0.00766	0.00255	0.01048	0.00649	0.00430	0.01179
36	0.22785	0.12303	0.05469	0.02360	0.14352	0.21007	0.05987	0.02678	0.01821	0.02620	0.01290	0.01566	0.01057	0.00759	0.00671	0.00228	0.01040	0.00559	0.00424	0.01025
37	0.16492	0.02003	0.04463	0.04194	0.02110	0.11190	0.01321	0.17811	0.02217	0.03281	0.06353	0.02189	0.01719	0.01105	0.01054	0.04995	0.07597	0.00694	0.08239	0.00976
38	0.07025	0.09292	0.02182	0.01788	0.06548	0.17552	0.01292	0.18039	0.02248	0.02862	0.01740	0.02500	0.01584	0.17176	0.01502	0.00349	0.00977	0.00726	0.00536	0.04082

[dist]
# distance from previous block
# <min> <max>
16	67

[block]
# block no. 2 follows, 23 sequences, length 37
# corresponding to MSA columns:
# 244-280
name=unknown_C
#
# <colnr> <probs for GDERKNQSTAVLIFYWHMCP>
#	G	D	E	R	K	N	Q	S	T	A	V	L	I	F	Y	W	H	M	C	P
0	0.01877	0.01871	0.02524	0.07455	0.37892	0.08907	0.01907	0.02403	0.06309	0.02502	0.02988	0.03219	0.14618	0.01040	0.00829	0.00248	0.00890	0.00918	0.00503	0.01101
1	0.11921	0.02884	0.02477	0.02707	0.18373	0.36210	0.04175	0.02994	0.06352	0.02479	0.01463	0.01717	0.01190	0.00810	0.00736	0.00229	0.01174	0.00607	0.00452	0.01049
2	0.05572	0.15978	0.02518	0.06270	0.17338	0.01952	0.01477	0.12628	0.01980	0.02757	0.01909	0.06855	0.01784	0.11556	0.01234	0.00315	0.00828	0.00825	0.05209	0.01016
3	0.20335	0.01629	0.04745	0.05724	0.02441	0.01621	0.13929	0.06282	0.08404	0.03051	0.09196	0.14243	0.02677	0.01199	0.00819	0.00273	0.00794	0.01070	0.00608	0.00962
4	0.03055	0.03150	0.02360	0.01990	0.02512	0.38682	0.01556	0.30431	0.02981	0.03392	0.01566	0.01681	0.01196	0.00898	0.00768	0.00225	0.01207	0.00616	0.00595	0.01138
5	0.00996	0.00803	0.00887	0.00908	0.01129	0.00694	0.00665	0.01220	0.01874	0.02350	0.17315	0.18346	0.45825	0.02072	0.00972	0.00280	0.00417	0.01773	0.00777	0.00694
6	0.01180	0.00787	0.00885	0.00885	0.00885	0.00787	0.00492	0.01180	0.01180	0.01573	0.02557	0.05310	0.02950	0.71483	0.04130	0.00787	0.00787	0.01180	0.00492	0.00492
7	0.01952	0.08816	0.02155	0.01777	0.06024	0.01945	0.01363	0.06341	0.12562	0.05698	0.02030	0.02352	0.01647	0.01373	0.05212	0.00325	0.20661	0.00743	0.16008	0.01015
8	0.01580	0.05831	0.08189	0.02049	0.02413	0.01831	0.13974	0.01973	0.01465	0.02107	0.01638	0.02361	0.01459	0.02942	0.26890	0.00679	0.20526	0.00795	0.00395	0.00903
9	0.02397	0.48672	0.03558	0.01599	0.02202	0.21034	0.01431	0.02775	0.05928	0.02026	0.01304	0.01458	0.01135	0.00760	0.00598	0.00190	0.01017	0.00490	0.00398	0.01029
10	0.02008	0.01928	0.03294	0.04981	0.66422	0.01928	0.02490	0.02490	0.01848	0.02651	0.01526	0.02008	0.01285	0.00723	0.00803	0.00241	0.00964	0.00723	0.00402	0.01285
11	0.00970	0.00822	0.00837	0.00834	0.01103	0.00690	0.00625	0.01186	0.01876	0.02254	0.11585	0.07707	0.62689	0.02032	0.00959	0.00273	0.00409	0.01698	0.00762	0.00690
12	0.02717	0.09325	0.02156	0.01488	0.02055	0.01840	0.01242	0.27055	0.02768	0.21986	0.06194	0.03232	0.12071	0.01155	0.00811	0.00243	0.00732	0.00913	0.00811	0.01205
13	0.02200	0.02418	0.02401	0.09613	0.17911	0.26852	0.04619	0.02618	0.05577	0.02195	0.01701	0.02453	0.01526	0.12934	0.01356	0.00329	0.01135	0.00748	0.00444	0.00970
14	0.01054	0.00753	0.01017	0.01205	0.01280	0.00715	0.00867	0.01243	0.01618	0.02145	0.04436	0.58283	0.05224	0.02481	0.01053	0.00339	0.00527	0.14332	0.00752	0.00677
15	0.01645	0.01505	0.02362	0.03384	0.39680	0.01490	0.01788	0.02123	0.05481	0.02509	0.03233	0.16805	0.11959	0.01312	0.00875	0.00266	0.00763	0.01202	0.00550	0.01069
16	0.01616	0.00959	0.00977	0.00940	0.01184	0.01015	0.00714	0.02387	0.14670	0.03101	0.02781	0.03026	0.02161	0.00977	0.00620	0.00207	0.00432	0.00789	0.60578	0.00865
17	0.01023	0.00728	0.00958	0.01100	0.01164	0.00682	0.00739	0.01188	0.01633	0.02204	0.12851	0.57900	0.05532	0.06715	0.01218	0.00348	0.00478	0.02121	0.00756	0.00663
18	0.01959	0.01878	0.03204	0.11681	0.60108	0.01915	0.02466	0.02447	0.01824	0.02591	0.01518	0.02024	0.01264	0.00732	0.00804	0.00244	0.00976	0.00723	0.00397	0.01245
19	0.02008	0.01928	0.03294	0.04981	0.66422	0.01928	0.02490	0.02490	0.01848	0.02651	0.01526	0.02008	0.01285	0.00723	0.00803	0.00241	0.00964	0.00723	0.00402	0.01285
20	0.01682	0.11036	0.60920	0.02219	0.03368	0.02018	0.02836	0.02556	0.01707	0.02503	0.01423	0.01672	0.01029	0.00763	0.00746	0.00249	0.01166	0.00583	0.00343	0.01183
21	0.01547	0.07841	0.51952	0.01999	0.03008	0.01761	0.02489	0.02320	0.01733	0.02464	0.02596	0.02733	0.12190	0.00986	0.00788	0.00255	0.01043	0.00780	0.00413	0.01101
22	0.01159	0.00869	0.01304	0.01304	0.01449	0.01014	0.01014	0.01449	0.01304	0.01884	0.02173	0.03188	0.02029	0.06086	0.68268	0.01304	0.02173	0.00869	0.00435	0.00724
23	0.02008	0.01928	0.03294	0.04981	0.66422	0.01928	0.02490	0.02490	0.01848	0.02651	0.01526	0.02008	0.01285	0.00723	0.00803	0.00241	0.00964	0.00723	0.00402	0.01285
24	0.01863	0.01219	0.01448	0.01337	0.01672	0.01250	0.01047	0.02646	0.18633	0.15491	0.04518	0.13225	0.17363	0.03929	0.01105	0.00307	0.03821	0.07341	0.00795	0.00990
25	0.01919	0.01064	0.01392	0.01284	0.01520	0.01075	0.00952	0.02226	0.05360	0.20664	0.03174	0.22058	0.03095	0.16465	0.09037	0.00506	0.05298	0.01306	0.00715	0.00891
26	0.01056	0.00764	0.01008	0.01150	0.01251	0.00716	0.00828	0.01269	0.01722	0.02298	0.13356	0.49071	0.09125	0.02345	0.01033	0.00322	0.00495	0.10731	0.00772	0.00689
27	0.01035	0.00835	0.00928	0.00934	0.01181	0.00728	0.00720	0.01295	0.01945	0.02439	0.19940	0.07582	0.47451	0.01991	0.00975	0.00280	0.00440	0.07811	0.00782	0.00708
28	0.19518	0.03336	0.19181	0.01903	0.02560	0.31710	0.01787	0.06501	0.02027	0.02704	0.01321	0.01525	0.01023	0.00808	0.00695	0.00233	0.01170	0.00536	0.00441	0.01021
29	0.01840	0.02920	0.30987	0.03756	0.36368	0.01915	0.05548	0.02530	0.01793	0.02613	0.01501	0.01889	0.01172	0.00742	0.00797	0.00249	0.01084	0.00681	0.00377	0.01239
30	0.02383	0.01800	0.02579	0.07163	0.30337	0.01877	0.01879	0.09805	0.16123	0.14246	0.02253	0.02368	0.01673	0.00888	0.00812	0.00252	0.00844	0.00783	0.00643	0.01289
31	0.02391	0.06542	0.06657	0.03198	0.28406	0.30501	0.01990	0.02762	0.01996	0.02281	0.01417	0.01779	0.01191	0.01047	0.04198	0.00279	0.01250	0.00621	0.00404	0.01090
32	0.01888	0.01254	0.01355	0.01252	0.01555	0.04990	0.00955	0.07874	0.04396	0.11852	0.03420	0.17546	0.07047	0.08040	0.01151	0.00311	0.00648	0.06723	0.13236	0.04505
33	0.02413	0.01521	0.01685	0.01395	0.01903	0.05594	0.01109	0.05001	0.11697	0.24656	0.03239	0.03529	0.08336	0.05235	0.00998	0.00268	0.00705	0.04603	0.00763	0.15352
34	0.02247	0.02294	0.02647	0.02286	0.06456	0.19022	0.15526	0.14753	0.02353	0.02854	0.02607	0.03264	0.08872	0.01335	0.04027	0.00306	0.01146	0.06414	0.00563	0.01028
35	0.02445	0.14626	0.06114	0.03100	0.28130	0.22926	0.01952	0.02814	0.01980	0.06477	0.01478	0.01751	0.01203	0.00774	0.00732	0.00221	0.01098	0.00611	0.00434	0.01137
36	0.01782	0.01364	0.01777	0.01936	0.12696	0.01452	0.01246	0.16804	0.02046	0.02830	0.02485	0.06174	0.05058	0.15441	0.18702	0.00618	0.01146	0.00963	0.04547	0.00935

[dist]
# distance from previous block
# <min> <max>
6	20

[block]
# block no. 3 follows, 23 sequences, length 73
# corresponding to MSA columns:
# 302-374
name=unknown_D
#
# <colnr> <probs for GDERKNQSTAVLIFYWHMCP>
#	G	D	E	R	K	N	Q	S	T	A	V	L	I	F	Y	W	H	M	C	P
0	0.23146	0.29305	0.16298	0.01552	0.02292	0.02457	0.01601	0.10245	0.01863	0.02938	0.01301	0.01474	0.01036	0.00762	0.00605	0.00222	0.00873	0.00508	0.00449	0.01072
1	0.18930	0.17032	0.02419	0.05703	0.02343	0.24289	0.01400	0.09391	0.02060	0.02714	0.01495	0.02015	0.01293	0.00898	0.00677	0.00230	0.01021	0.04624	0.00484	0.00981
2	0.02123	0.01705	0.02055	0.01668	0.02150	0.04506	0.08038	0.24741	0.05732	0.06209	0.03784	0.07729	0.18334	0.01662	0.05456	0.00332	0.00886	0.01115	0.00716	0.01059
3	0.02352	0.02361	0.02169	0.01868	0.02205	0.22554	0.01485	0.16501	0.02194	0.02709	0.01543	0.01968	0.01311	0.01940	0.13351	0.00445	0.17583	0.00675	0.00500	0.04288
4	0.02258	0.02397	0.01758	0.01585	0.01996	0.30973	0.01206	0.02846	0.13163	0.06221	0.03664	0.03579	0.19331	0.01219	0.00810	0.00237	0.00944	0.00936	0.00620	0.04254
5	0.01952	0.01983	0.03682	0.06802	0.42453	0.01985	0.21040	0.02485	0.01834	0.02584	0.01539	0.02059	0.01252	0.00744	0.00930	0.00257	0.04029	0.00794	0.00401	0.01196
6	0.02267	0.02607	0.03227	0.03058	0.16266	0.24985	0.20785	0.02681	0.01946	0.02304	0.01470	0.01926	0.01212	0.01122	0.04974	0.00312	0.06672	0.00733	0.00408	0.01043
7	0.06107	0.02569	0.02003	0.01725	0.02185	0.31389	0.01326	0.09934	0.06581	0.17848	0.02049	0.02288	0.01580	0.07582	0.01078	0.00284	0.01062	0.00700	0.00639	0.01072
8	0.01818	0.05643	0.06994	0.06661	0.36365	0.01657	0.01941	0.02257	0.01869	0.06074	0.06618	0.03283	0.13322	0.01040	0.00824	0.00247	0.00831	0.00926	0.00518	0.01113
9	0.01819	0.02477	0.21025	0.15538	0.38188	0.01894	0.02591	0.02439	0.01771	0.02527	0.01492	0.01953	0.01178	0.00752	0.00796	0.00251	0.01050	0.00688	0.00378	0.01194
10	0.02064	0.02026	0.02202	0.02517	0.19267	0.13685	0.01580	0.05673	0.19915	0.02737	0.02524	0.02707	0.06064	0.01540	0.08254	0.00359	0.01039	0.00815	0.00575	0.04456
11	0.03085	0.02273	0.02435	0.01867	0.02516	0.02516	0.01542	0.63716	0.03815	0.05114	0.01948	0.01948	0.01380	0.00974	0.00812	0.00244	0.00893	0.00731	0.00812	0.01380
12	0.01627	0.04197	0.67279	0.02313	0.03512	0.01884	0.02998	0.02570	0.01713	0.02570	0.01456	0.01713	0.01028	0.00771	0.00771	0.00257	0.01199	0.00600	0.00343	0.01199
13	0.00959	0.00822	0.00822	0.00822	0.01096	0.00685	0.00617	0.01165	0.01850	0.02192	0.08220	0.07809	0.66092	0.02055	0.00959	0.00274	0.00411	0.01713	0.00754	0.00685
14	0.03037	0.03701	0.02314	0.02067	0.02509	0.61382	0.01565	0.09539	0.02457	0.02312	0.01327	0.01514	0.01080	0.00851	0.00740	0.00213	0.01404	0.00544	0.00459	0.00986
15	0.02988	0.03785	0.02341	0.02212	0.05204	0.65430	0.01607	0.03209	0.02280	0.02014	0.01266	0.01486	0.01055	0.00831	0.00735	0.00210	0.01442	0.00531	0.00417	0.00955
16	0.00959	0.00822	0.00822	0.00822	0.01096	0.00685	0.00617	0.01165	0.01850	0.02192	0.08220	0.07809	0.66092	0.02055	0.00959	0.00274	0.00411	0.01713	0.00754	0.00685
17	0.00980	0.00823	0.00851	0.00844	0.01109	0.00694	0.00633	0.01205	0.01899	0.02309	0.14604	0.07616	0.59635	0.02011	0.00959	0.00272	0.00408	0.01685	0.00769	0.00694
18	0.01825	0.01741	0.02963	0.29823	0.43011	0.01880	0.02399	0.02330	0.01761	0.02429	0.01494	0.02068	0.01207	0.00757	0.00806	0.00252	0.01009	0.00722	0.00386	0.01138
19	0.03031	0.03867	0.02299	0.02090	0.02508	0.68226	0.01568	0.03240	0.02299	0.01986	0.01254	0.01463	0.01045	0.00836	0.00732	0.00209	0.01463	0.00523	0.00418	0.00941
20	0.00980	0.00823	0.00851	0.00844	0.01109	0.00694	0.00633	0.01205	0.01899	0.02309	0.14604	0.07616	0.59635	0.02011	0.00959	0.00272	0.00408	0.01685	0.00769	0.00694
21	0.00959	0.00822	0.00822	0.00822	0.01096	0.00685	0.00617	0.01165	0.01850	0.02192	0.08220	0.07809	0.66092	0.02055	0.00959	0.00274	0.00411	0.01713	0.00754	0.00685
22	0.02790	0.22901	0.02845	0.01894	0.02389	0.50056	0.01518	0.03014	0.02118	0.01964	0.01219	0.01418	0.01044	0.00796	0.00673	0.00199	0.01297	0.00498	0.00398	0.00969
23	0.01180	0.00787	0.00885	0.00885	0.00885	0.00787	0.00492	0.01180	0.01180	0.01573	0.02557	0.05310	0.02950	0.71483	0.04130	0.00787	0.00787	0.01180	0.00492	0.00492
24	0.00969	0.00782	0.00864	0.00929	0.01124	0.00676	0.00664	0.01152	0.01747	0.02150	0.06918	0.29744	0.44998	0.02224	0.00986	0.00293	0.00432	0.01919	0.00753	0.00676
25	0.00989	0.00706	0.00942	0.01130	0.01177	0.00659	0.00753	0.01130	0.01554	0.02071	0.04472	0.70954	0.05367	0.02542	0.01036	0.00330	0.00471	0.02307	0.00753	0.00659
26	0.02818	0.03463	0.02507	0.02693	0.15826	0.54412	0.01760	0.03084	0.02205	0.02124	0.01311	0.01577	0.01095	0.00813	0.00747	0.00216	0.01359	0.00564	0.00415	0.01012
27	0.01627	0.04197	0.67279	0.02313	0.03512	0.01884	0.02998	0.02570	0.01713	0.02570	0.01456	0.01713	0.01028	0.00771	0.00771	0.00257	0.01199	0.00600	0.00343	0.01199
28	0.01155	0.00867	0.01074	0.01176	0.01366	0.00817	0.00951	0.01418	0.01772	0.02236	0.05486	0.11705	0.25864	0.09483	0.01377	0.00380	0.00619	0.30837	0.00723	0.00694
29	0.00983	0.00727	0.00920	0.01074	0.01162	0.00664	0.00729	0.01136	0.01607	0.02093	0.05147	0.59593	0.16292	0.02454	0.01022	0.00320	0.00460	0.02200	0.00753	0.00664
30	0.01171	0.00822	0.01065	0.01065	0.01128	0.00885	0.00716	0.01296	0.01233	0.01707	0.02392	0.04397	0.02554	0.43356	0.31716	0.01009	0.01383	0.01046	0.00467	0.00592
31	0.00959	0.00822	0.00822	0.00822	0.01096	0.00685	0.00617	0.01165	0.01850	0.02192	0.08220	0.07809	0.66092	0.02055	0.00959	0.00274	0.00411	0.01713	0.00754	0.00685
32	0.02008	0.01928	0.03294	0.04981	0.66422	0.01928	0.02490	0.02490	0.01848	0.02651	0.01526	0.02008	0.01285	0.00723	0.00803	0.00241	0.00964	0.00723	0.00402	0.01285
33	0.01798	0.01713	0.02914	0.33504	0.39542	0.01873	0.02386	0.02306	0.01748	0.02396	0.01489	0.02077	0.01195	0.00762	0.00807	0.00254	0.01016	0.00722	0.00383	0.01116
34	0.02733	0.15747	0.09498	0.01992	0.02540	0.49916	0.01688	0.03028	0.02124	0.02034	0.01254	0.01462	0.01043	0.00805	0.00699	0.00208	0.01332	0.00515	0.00398	0.00985
35	0.02169	0.71972	0.04252	0.01388	0.02083	0.03211	0.01388	0.02430	0.01649	0.01909	0.01128	0.01302	0.01041	0.00694	0.00521	0.00174	0.00868	0.00434	0.00347	0.01041
36	0.01660	0.08266	0.63496	0.02257	0.03426	0.01964	0.02901	0.02561	0.01709	0.02530	0.01436	0.01688	0.01029	0.00766	0.00756	0.00252	0.01179	0.00590	0.00343	0.01190
37	0.01532	0.01442	0.02434	0.69533	0.05589	0.01803	0.02253	0.02073	0.01622	0.02073	0.01442	0.02163	0.01082	0.00811	0.00811	0.00270	0.01082	0.00721	0.00361	0.00901
38	0.01775	0.01775	0.02485	0.02130	0.02130	0.02485	0.01775	0.01953	0.01243	0.01953	0.01065	0.01775	0.01065	0.01420	0.02663	0.00355	0.69998	0.00710	0.00355	0.00888
39	0.23484	0.02002	0.02111	0.02372	0.18619	0.12991	0.01507	0.05495	0.01930	0.14446	0.01733	0.01936	0.01316	0.01176	0.05290	0.00312	0.00985	0.00637	0.00561	0.01096
40	0.00959	0.00822	0.00822	0.00822	0.01096	0.00685	0.00617	0.01165	0.01850	0.02192	0.08220	0.07809	0.66092	0.02055	0.00959	0.00274	0.00411	0.01713	0.00754	0.00685
41	0.01290	0.00928	0.01283	0.01461	0.01652	0.00921	0.01273	0.01655	0.01867	0.02416	0.04493	0.09085	0.07751	0.02232	0.01113	0.00369	0.00730	0.57988	0.00747	0.00744
42	0.02018	0.01743	0.01835	0.01651	0.02110	0.02018	0.01284	0.04312	0.64956	0.03394	0.03303	0.03027	0.02477	0.01101	0.00826	0.00275	0.00642	0.00917	0.00826	0.01284
43	0.02228	0.02433	0.03062	0.11423	0.35926	0.20241	0.07971	0.02660	0.01953	0.02396	0.01452	0.01893	0.01191	0.00761	0.00799	0.00239	0.01154	0.00690	0.00402	0.01128
44	0.00989	0.00706	0.00942	0.01130	0.01177	0.00659	0.00753	0.01130	0.01554	0.02071	0.04472	0.70954	0.05367	0.02542	0.01036	0.00330	0.00471	0.02307	0.00753	0.00659
45	0.00989	0.00706	0.00942	0.01130	0.01177	0.00659	0.00753	0.01130	0.01554	0.02071	0.04472	0.70954	0.05367	0.02542	0.01036	0.00330	0.00471	0.02307	0.00753	0.00659
46	0.00980	0.00829	0.00851	0.00862	0.01131	0.00700	0.00658	0.01195	0.01851	0.02206	0.07987	0.07889	0.62447	0.02066	0.00969	0.00280	0.00431	0.05229	0.00753	0.00689
47	0.00989	0.00706	0.00942	0.01130	0.01177	0.00659	0.00753	0.01130	0.01554	0.02071	0.04472	0.70954	0.05367	0.02542	0.01036	0.00330	0.00471	0.02307	0.00753	0.00659
48	0.01513	0.00756	0.00756	0.00756	0.00945	0.00756	0.00567	0.01891	0.01702	0.03025	0.02647	0.03025	0.02080	0.00945	0.00567	0.00189	0.00378	0.00756	0.75988	0.00756
49	0.01025	0.00825	0.00913	0.00891	0.01136	0.00713	0.00668	0.01291	0.02004	0.02560	0.28220	0.07204	0.45863	0.01918	0.00958	0.00267	0.00401	0.01628	0.00802	0.00713
50	0.01067	0.00839	0.00976	0.01003	0.01232	0.00748	0.00782	0.01342	0.01944	0.02478	0.20893	0.10481	0.38607	0.02018	0.00991	0.00290	0.00468	0.12341	0.00785	0.00714
51	0.01798	0.01682	0.02834	0.22636	0.42266	0.01783	0.02293	0.02284	0.01787	0.02465	0.01809	0.02841	0.01602	0.00915	0.00841	0.00264	0.00973	0.07379	0.00428	0.01119
52	0.01627	0.04197	0.67279	0.02313	0.03512	0.01884	0.02998	0.02570	0.01713	0.02570	0.01456	0.01713	0.01028	0.00771	0.00771	0.00257	0.01199	0.00600	0.00343	0.01199
53	0.02169	0.71972	0.04252	0.01388	0.02083	0.03211	0.01388	0.02430	0.01649	0.01909	0.01128	0.01302	0.01041	0.00694	0.00521	0.00174	0.00868	0.00434	0.00347	0.01041
54	0.02628	0.02097	0.01878	0.01634	0.02064	0.21603	0.01276	0.06709	0.09140	0.20560	0.06627	0.02650	0.02118	0.01921	0.12937	0.00430	0.01177	0.00787	0.00686	0.01077
55	0.01159	0.00869	0.01304	0.01304	0.01449	0.01014	0.01014	0.01449	0.01304	0.01884	0.02173	0.03188	0.02029	0.06086	0.68268	0.01304	0.02173	0.00869	0.00435	0.00724
56	0.01007	0.00714	0.00936	0.01107	0.01149	0.00671	0.00729	0.01135	0.01518	0.02024	0.04291	0.64751	0.05138	0.09057	0.01328	0.00373	0.00501	0.02200	0.00729	0.00643
57	0.02008	0.01928	0.03294	0.04981	0.66422	0.01928	0.02490	0.02490	0.01848	0.02651	0.01526	0.02008	0.01285	0.00723	0.00803	0.00241	0.00964	0.00723	0.00402	0.01285
58	0.02008	0.01928	0.03294	0.04981	0.66422	0.01928	0.02490	0.02490	0.01848	0.02651	0.01526	0.02008	0.01285	0.00723	0.00803	0.00241	0.00964	0.00723	0.00402	0.01285
59	0.01962	0.02002	0.06155	0.08734	0.59906	0.01918	0.02499	0.02469	0.01828	0.02613	0.01518	0.02004	0.01261	0.00730	0.00802	0.00243	0.00982	0.00717	0.00397	0.01258
60	0.00980	0.00790	0.00857	0.00906	0.01105	0.00684	0.00645	0.01156	0.01732	0.02123	0.06900	0.24179	0.46415	0.06350	0.01169	0.00319	0.00449	0.01836	0.00738	0.00667
61	0.01063	0.00837	0.00967	0.00965	0.01201	0.00741	0.00745	0.01349	0.02007	0.02587	0.27855	0.07350	0.39006	0.01938	0.00976	0.00278	0.00438	0.08174	0.00801	0.00720
